time,x,y,z
1742097600.024133,64,-11,8
1742097600.059133,44,-73,80
1742097600.095133,48,8,-63
1742097600.1301332,-45,16,-31
1742097600.165133,12,10,-33
1742097600.200133,102,-43,-135
1742097600.236133,38,32,-117
1742097600.272133,30,-11,42
1742097600.3071332,-61,-51,-107
1742097600.343133,50,28,-165
1742097600.378133,94,-33,-15
1742097600.4131331,68,-17,-27
1742097600.448133,36,-19,32
1742097600.484133,22,26,-77
1742097600.520133,-33,-37,-39
1742097600.555133,-45,14,26
1742097600.591133,-61,98,-1
1742097600.626133,18,-11,-49
1742097600.661133,8,8,60
1742097600.6961331,-17,64,-3
1742097600.7321332,10,10,82
1742097600.7681332,88,26,-57
1742097600.803133,-19,-27,-103
1742097600.839133,-27,22,36
1742097600.874133,-19,-1,46
1742097600.9091332,-27,36,36
1742097600.944133,-1,20,-9
1742097600.980133,-85,4,44
1742097601.016133,-3,-59,-49
1742097601.0511332,26,4,-31
1742097601.0871332,26,2,-3
1742097601.122133,-71,-21,60
1742097601.157133,-5,-31,-1
1742097601.1921332,48,4,14
1742097601.2281332,28,32,60
1742097601.264133,20,-97,-21
1742097601.299133,-23,6,0
1742097601.335133,-45,-49,110
1742097601.3701332,-49,54,72
1742097601.405133,26,-7,72
1742097601.440133,78,26,-39
1742097601.476133,120,-53,0
1742097601.5121331,16,-1,-72
1742097601.547133,18,-25,0
1742097601.583133,-41,68,-78
1742097601.618133,14,8,-12
1742097601.6531332,-49,-7,-23
1742097601.688133,-21,78,50
1742097601.724133,-105,-35,-33
1742097601.760133,-5,-19,-67
1742097601.795133,4,-11,-141
1742097601.8311331,10,-25,58
1742097601.866133,38,-49,-125
1742097601.901133,-33,-7,-94
1742097601.937133,-1,-71,-18
1742097601.9721332,-49,-73,1
1742097602.0081332,6,-29,-10
1742097602.043133,18,14,-12
1742097602.079133,68,-69,-42
1742097602.1141331,24,-43,-86
1742097602.149133,-73,0,-8
1742097602.185133,-17,-15,-28
1742097602.220133,-29,8,-16
1742097602.256133,64,-65,9
1742097602.2911332,-61,-43,-34
1742097602.3271332,104,6,-18
1742097602.362133,12,-23,-52
1742097602.397133,20,48,-96
1742097602.4331331,6,4,-72
1742097602.468133,28,8,-104
1742097602.504133,-33,-43,-28
1742097602.539133,136,-17,-44
1742097602.575133,-55,44,-128
1742097602.6101332,-41,-41,-32
1742097602.645133,-29,-41,-94
1742097602.681133,-5,56,-6
1742097602.716133,-67,6,5
1742097602.7521331,46,-25,-114
1742097602.787133,-35,32,-124
1742097602.823133,-13,-47,-74
1742097602.858133,-19,14,-28
1742097602.8931332,6,-29,43
1742097602.9291332,48,-31,27
1742097602.964133,32,-5,-22
1742097603.000133,34,-61,-190
1742097603.0351331,20,24,-70
1742097603.0711331,88,-39,61
1742097603.106133,-65,-65,-22
1742097603.141133,-63,-93,-68
1742097603.177133,-23,2,-12
1742097603.2191331,-9,8,9
1742097603.256133,-41,-63,-118
1742097603.2911332,-21,0,-94
1742097603.3271332,-55,-1,-80
1742097603.362133,-47,-13,-102
1742097603.397133,14,10,55
1742097603.4331331,-29,40,-140
1742097603.468133,-81,56,19
1742097603.504133,-45,-19,55
1742097603.539133,-103,-29,25
1742097603.575133,-7,8,59
1742097603.6101332,42,-17,-32
1742097603.645133,12,-5,0
1742097603.681133,28,54,-88
1742097603.716133,2,-37,107
1742097603.7521331,52,-11,-4
1742097603.787133,86,48,29
1742097603.823133,-37,66,-76
1742097603.858133,68,54,53
1742097603.8931332,-9,-1,-16
1742097603.9291332,50,56,-102
1742097603.964133,-29,30,103
1742097604.000133,-39,18,-134
1742097604.0351331,-39,-59,-90
1742097604.0711331,-25,26,-22
1742097604.106133,-11,66,-2
1742097604.141133,50,-39,-94
1742097604.177133,-23,60,-24
1742097604.2121332,4,-37,19
1742097604.2481332,-53,22,-108
1742097604.283133,-31,-39,-30
1742097604.318133,-59,-13,-92
1742097604.3531332,-37,46,-82
1742097604.389133,-11,-33,-40
1742097604.425133,20,20,13
1742097604.460133,8,28,-62
1742097604.496133,-27,18,27
1742097604.5311332,30,-59,-90
1742097604.566133,-63,44,71
1742097604.601133,30,10,57
1742097604.6371331,60,-73,-38
1742097604.6731331,110,32,-54
1742097604.708133,36,8,-154
1742097604.744133,-29,14,35
1742097604.779133,-41,-41,21
1742097604.8141332,-45,24,-44
1742097604.849133,-19,-29,-20
1742097604.885133,16,26,-92
1742097604.921133,0,0,-92
1742097604.9561331,-45,8,-76
1742097604.9921331,-19,26,15
1742097605.027133,-43,48,-6
1742097605.062133,20,26,57
1742097605.0971332,22,54,-74
1742097605.1331332,-23,-47,-108
1742097605.1691332,-29,26,51
1742097605.204133,-9,-3,-72
1742097605.240133,-97,-63,-110
1742097605.2751331,40,22,-60
1742097605.310133,-9,-29,27
1742097605.345133,-15,-45,-8
1742097605.381133,-19,8,-72
1742097605.417133,8,-13,-20
1742097605.4521332,-83,50,37
1742097605.4881332,-33,74,103
1742097605.523133,-7,-63,-66
1742097605.5581331,-7,-39,-6
1742097605.593133,-29,-11,9
1742097605.629133,28,66,-80
1742097605.665133,64,-11,-42
1742097605.700133,-25,-85,-10
1742097605.736133,-47,4,-20
1742097605.7711332,-73,-57,-104
1742097605.806133,42,-77,-84
1742097605.841133,94,18,0
1742097605.8771331,-47,26,-68
1742097605.9131331,-1,-11,-92
1742097605.948133,-47,2,15
1742097605.984133,2,0,-18
1742097606.019133,-37,2,-2
1742097606.0541332,78,-85,-42
1742097606.089133,54,18,-56
1742097606.125133,40,0,-40
1742097606.161133,16,4,-38
1742097606.1961331,-3,64,3
1742097606.2321332,-113,6,-120
1742097606.267133,24,-23,-108
1742097606.302133,74,36,-52
1742097606.3371332,58,-11,-30
1742097606.3731332,42,-9,89
1742097606.4091332,-47,-35,-28
1742097606.444133,-69,58,25
1742097606.480133,2,26,81
1742097606.5151331,-5,16,-92
1742097606.550133,50,70,-64
1742097606.585133,34,64,-44
1742097606.621133,4,60,-38
1742097606.657133,62,8,-58
1742097606.6921332,18,-3,45
1742097606.7281332,-24,8,-28
1742097606.763133,-27,46,-110
1742097606.7981331,38,4,-72
1742097606.833133,12,-23,-32
1742097606.869133,-7,-13,-22
1742097606.905133,-43,34,-18
1742097606.940133,10,-17,-60
1742097606.976133,0,-119,27
1742097607.0111332,-49,-3,-56
1742097607.046133,-39,20,-22
1742097607.0811331,4,16,-10
1742097607.1171331,38,-23,-136
1742097607.1531332,0,34,-10
1742097607.188133,-65,30,-42
1742097607.224133,-31,68,5
1742097607.259133,-11,10,-8
1742097607.2941332,-75,0,-46
1742097607.329133,16,-1,-126
1742097607.365133,64,-83,-98
1742097607.401133,88,52,89
1742097607.4361331,-21,-35,79
1742097607.4721332,38,22,-100
1742097607.507133,-7,-43,-2
1742097607.542133,18,42,-92
1742097607.5771332,-4,16,0
1742097607.6131332,22,-6,5
1742097607.649133,30,2,-50
1742097607.684133,-17,-31,-124
1742097607.720133,-29,-29,-96
1742097607.7551332,72,16,-60
1742097607.790133,86,-19,-122
1742097607.825133,-87,-43,-78
1742097607.861133,74,0,13
1742097607.897133,26,2,-52
1742097607.9321332,-9,-7,29
1742097607.968133,-41,-13,47
1742097608.003133,76,-5,-30
1742097608.0381331,-49,-13,145
1742097608.073133,-29,-37,67
1742097608.109133,20,-9,-56
1742097608.145133,-1,-21,-44
1742097608.180133,0,-31,-44
1742097608.216133,54,108,-80
1742097608.251133,56,-17,25
1742097608.286133,70,34,-120
1742097608.3211331,26,-17,29
1742097608.3571332,54,10,-38
1742097608.3931332,8,-7,-112
1742097608.428133,-67,11,-158
1742097608.464133,54,2,-40
1742097608.499133,-75,-57,-116
1742097608.5341332,-99,-81,-40
1742097608.569133,-67,87,69
1742097608.605133,22,62,-20
1742097608.641133,-11,-11,35
1742097608.6761332,6,-29,-32
1742097608.7121332,-5,66,-14
1742097608.747133,72,-31,-72
1742097608.782133,18,66,3
1742097608.818133,30,-17,37
1742097608.8531332,-5,6,-120
1742097608.889133,-25,82,-6
1742097608.924133,-7,2,0
1742097608.960133,10,34,-82
1742097608.9951332,36,-69,-176
1742097609.030133,-5,0,-42
1742097609.066133,90,32,-54
1742097609.101133,-3,-45,-86
1742097609.1371331,-9,40,-52
1742097609.172133,20,46,-68
1742097609.208133,96,-25,-22
1742097609.243133,-1,14,-16
1742097609.2781332,56,14,67
1742097609.3141332,20,-9,-2
1742097609.349133,78,-25,19
1742097609.385133,0,-55,-18
1742097609.420133,-23,40,129
1742097609.4561331,20,12,-10
1742097609.491133,26,-13,-14
1742097609.526133,-7,-29,-78
1742097609.562133,34,4,-30
1742097609.5971332,-1,-179,23
1742097609.6331332,-49,-47,91
1742097609.668133,20,34,-82
1742097609.704133,-59,30,-46
1742097609.7391331,66,-17,-12
1742097609.774133,2,-101,49
1742097609.810133,4,-31,-20
1742097609.845133,-119,36,-92
1742097609.881133,22,-33,85
1742097609.9161332,-41,-49,-116
1742097609.9521332,0,-39,-40
1742097609.987133,30,58,-90
1742097610.022133,-7,10,-138
1742097610.0581331,-23,6,-10
1742097610.093133,16,-31,-34
1742097610.129133,-29,-87,137
1742097610.164133,-1,28,-110
1742097610.200133,58,52,-86
1742097610.2351332,-15,-105,-166
1742097610.270133,-55,-35,-74
1742097610.306133,-47,4,67
1742097610.341133,-81,0,-26
1742097610.3771331,-31,-69,-68
1742097610.412133,44,-43,-20
1742097610.448133,-45,50,-44
1742097610.483133,-47,-23,-72
1742097610.5181332,-29,36,-20
1742097610.5541332,-11,-23,-68
1742097610.589133,46,-53,-90
1742097610.625133,62,60,101
1742097610.6601331,16,-13,-80
1742097610.6961331,-7,-13,-124
1742097610.731133,-25,-21,-60
1742097610.766133,28,18,7
1742097610.802133,-57,30,-22
1742097610.8371332,14,52,-108
1742097610.8731332,-63,50,-104
1742097610.908133,20,4,-58
1742097610.944133,-43,6,25
1742097610.9791331,24,-9,-50
1742097611.014133,-7,6,-22
1742097611.050133,50,-31,-30
1742097611.085133,92,-111,61
1742097611.121133,108,-53,-16
1742097611.1561332,12,18,-42
1742097611.1921332,-1,-11,167
1742097611.2281332,34,-13,1
1742097611.263133,12,78,-104
1742097611.2981331,-39,-47,21
1742097611.3341331,6,-11,-116
1742097611.3701332,-53,48,-18
1742097611.405133,-33,-53,-86
1742097611.441133,-51,-11,5
1742097611.476133,18,-7,-30
1742097611.5111332,70,-75,-28
1742097611.546133,-3,-35,23
1742097611.582133,-1,26,-58
1742097611.618133,-25,24,-52
1742097611.6531332,22,52,-90
1742097611.6891332,54,-3,-68
1742097611.724133,4,66,-78
1742097611.759133,-13,-11,57
1742097611.7941332,96,-1,11
1742097611.8301332,-127,-111,-124
1742097611.866133,-15,-5,43
1742097611.901133,24,10,-32
1742097611.937133,12,-45,5
1742097611.9721332,-41,-39,-118
1742097612.007133,-65,34,47
1742097612.042133,30,-23,-16
1742097612.078133,36,62,-30
1742097612.1141331,-3,-13,-20
1742097612.149133,76,-25,-10
1742097612.185133,68,26,109
1742097612.220133,-3,0,-184
1742097612.2551332,42,-27,-150
1742097612.290133,-19,-27,79
1742097612.326133,32,-79,-86
1742097612.362133,-27,-33,37
1742097612.397133,-65,-9,17
1742097612.4331331,-67,32,-82
1742097612.468133,14,-83,45
1742097612.503133,36,-19,-16
1742097612.5381331,8,-51,3
1742097612.5741332,-27,66,-96
1742097612.6101332,-43,-67,-56
1742097612.645133,68,-1,-14
1742097612.681133,-81,-35,-162
1742097612.716133,20,30,-142
1742097612.751133,-11,48,23
1742097612.786133,-11,-65,-56
1742097612.822133,-19,-51,-76
1742097612.858133,38,-37,-30
1742097612.8931332,-13,-5,-66
1742097612.9291332,-19,-15,17
1742097612.964133,12,4,-98
1742097612.999133,-19,-45,-88
1742097613.0341332,-41,-19,37
1742097613.070133,80,-39,-2
1742097613.106133,14,4,-108
1742097613.141133,26,-31,-12
1742097613.177133,44,66,-12
1742097613.2121332,-35,-7,61
1742097613.254133,8,52,-52
1742097613.290133,-37,8,-8
1742097613.326133,-37,-51,-36
1742097613.362133,30,36,-26
1742097613.397133,50,-91,-22
1742097613.4331331,-53,22,39
1742097613.468133,8,-29,-122
1742097613.503133,38,-33,-88
1742097613.5381331,-9,30,-56
1742097613.5741332,34,34,7
1742097613.6101332,-51,-17,125
1742097613.645133,-43,12,-32
1742097613.681133,8,6,-42
1742097613.716133,22,-9,85
1742097613.751133,70,22,-32
1742097613.786133,-1,-35,-6
1742097613.822133,18,-5,-24
1742097613.858133,4,0,15
1742097613.8931332,-1,0,-178
1742097613.9291332,40,4,-104
1742097613.964133,30,-7,-158
1742097613.999133,-19,-51,-112
1742097614.0341332,-17,-65,-78
1742097614.070133,16,-35,0
1742097614.106133,-51,-11,-4
1742097614.141133,-41,20,3
1742097614.177133,-19,-25,-22
1742097614.2121332,-21,-37,-20
1742097614.247133,32,-51,175
1742097614.282133,20,28,-42
1742097614.318133,-41,-61,-12
1742097614.3541331,14,-7,-132
1742097614.389133,-31,-21,149
1742097614.425133,-23,10,11
1742097614.460133,-61,42,-52
1742097614.4951332,-71,16,-38
1742097614.530133,-37,-5,15
1742097614.566133,-53,-19,-36
1742097614.602133,-23,6,-70
1742097614.6371331,-33,0,13
1742097614.6731331,22,-67,-62
1742097614.708133,22,-3,7
1742097614.743133,-43,58,-40
1742097614.7781332,104,-25,7
1742097614.8141332,-23,-67,-6
1742097614.8501332,-21,-5,-16
1742097614.885133,-13,-69,-60
1742097614.921133,24,-21,-94
1742097614.9561331,14,-67,-54
1742097614.991133,2,62,-20
1742097615.026133,-23,28,-12
1742097615.062133,22,8,-2
1742097615.098133,0,10,-74
1742097615.1331332,96,4,47
1742097615.1691332,-7,18,51
1742097615.204133,34,28,-50
1742097615.2391331,-7,62,-78
1742097615.274133,-19,36,11
1742097615.310133,2,26,33
1742097615.346133,-27,74,-90
1742097615.381133,6,-75,-58
1742097615.417133,34,30,-24
1742097615.4521332,0,82,-98
1742097615.487133,32,0,45
1742097615.523133,42,30,-46
1742097615.5581331,-51,2,73
1742097615.5941331,-9,-59,-114
1742097615.629133,18,-1,-82
1742097615.665133,-45,20,-170
1742097615.700133,-25,36,37
1742097615.7351332,12,22,3
1742097615.7711332,58,-29,-64
1742097615.806133,-63,28,-108
1742097615.842133,28,16,-80
1742097615.8771331,36,56,23
1742097615.9131331,-33,2,-18
1742097615.948133,-15,-5,105
1742097615.983133,-69,-41,-64
1742097616.019133,38,66,15
1742097616.0541332,10,-3,-66
1742097616.0901332,70,-23,-50
1742097616.125133,28,46,-4
1742097616.161133,46,-45,-84
1742097616.1961331,96,-69,-64
1742097616.231133,-31,-55,89
1742097616.267133,-35,-43,-114
1742097616.302133,-35,-15,-10
1742097616.338133,-1,48,-80
1742097616.3731332,-11,18,-92
1742097616.4091332,20,-1,57
1742097616.444133,-11,-39,-100
1742097616.4791331,-1,42,-180
1742097616.5151331,-67,-19,-24
1742097616.550133,40,-11,27
1742097616.586133,18,-7,-176
1742097616.621133,106,58,-12
1742097616.657133,-5,14,-84
1742097616.6921332,-1,100,-32
1742097616.727133,-39,-5,-44
1742097616.763133,-35,-29,-152
1742097616.7981331,78,-51,0
1742097616.8341331,6,20,-30
1742097616.869133,62,14,-16
1742097616.905133,-45,-23,5
1742097616.940133,-77,-1,-96
1742097616.9751332,-51,-27,-66
1742097617.0111332,30,-21,-80
1742097617.046133,28,24,31
1742097617.082133,-87,2,-100
1742097617.1171331,52,52,-60
1742097617.1531332,-5,32,-126
1742097617.188133,-7,28,-86
1742097617.223133,-15,-7,-38
1742097617.259133,62,64,-148
1742097617.2941332,-11,-35,0
1742097617.3301332,-5,-85,-20
1742097617.365133,74,-41,15
1742097617.401133,4,44,35
1742097617.4361331,-49,-37,17
1742097617.471133,-3,-21,-52
1742097617.507133,-21,54,-54
1742097617.542133,26,-17,-66
1742097617.578133,14,-57,103
1742097617.6131332,-67,-27,11
1742097617.649133,-75,-49,-48
1742097617.684133,-11,22,-30
1742097617.7191331,86,-23,-66
1742097617.7551332,18,42,33
1742097617.790133,-3,-57,59
1742097617.826133,-61,28,-224
1742097617.861133,-17,-33,-16
1742097617.897133,-19,-19,-20
1742097617.9321332,-9,-39,3
1742097617.967133,12,-27,-95
1742097618.003133,-1,-41,-149
1742097618.0381331,38,68,-19
1742097618.0741332,40,-39,-15
1742097618.109133,48,6,8
1742097618.144133,-27,-3,-23
1742097618.1791332,24,-129,-69
1742097618.2151332,20,-57,12
1742097618.251133,0,42,92
1742097618.286133,-9,94,56
1742097618.322133,20,18,66
1742097618.3571332,6,20,80
1742097618.392133,-9,18,-99
1742097618.427133,52,-29,-51
1742097618.463133,-179,50,-27
1742097618.499133,-35,-5,-25
1742097618.5341332,32,-43,-73
1742097618.570133,34,18,50
1742097618.605133,-49,-37,-63
1742097618.6401331,40,44,100
1742097618.675133,-7,-23,-99
1742097618.711133,-13,10,30
1742097618.747133,-73,92,-75
1742097618.782133,34,36,-87
1742097618.818133,-41,4,-61
1742097618.8531332,76,70,-109
1742097618.888133,-11,2,-15
1742097618.9231331,6,-15,-79
1742097618.9591331,18,0,44
1742097618.9951332,20,30,-63
1742097619.030133,-49,-21,-87
1742097619.066133,14,36,76
1742097619.101133,-57,-21,8
1742097619.1361332,-21,-15,-1
1742097619.171133,60,-33,18
1742097619.207133,-41,-59,-67
1742097619.243133,72,-31,-75
1742097619.2781332,-5,-11,-105
1742097619.3141332,60,-3,10
1742097619.349133,-41,-29,-103
1742097619.384133,-21,0,-59
1742097619.4191332,32,-67,0
1742097619.4551332,44,14,-35
1742097619.491133,98,52,-71
1742097619.526133,-57,-9,-69
1742097619.562133,74,0,-79
1742097619.5971332,20,-45,-53
1742097619.632133,52,-3,96
1742097619.667133,-7,-105,-61
1742097619.703133,-19,-5,-95
1742097619.7391331,40,20,-41
1742097619.774133,-37,-5,-1
1742097619.810133,80,0,-79
1742097619.845133,58,32,-33
1742097619.8801332,-11,-11,-15
1742097619.915133,-63,18,-13
1742097619.951133,-71,-5,18
1742097619.987133,72,36,-37
1742097620.022133,8,18,-27
1742097620.0581331,8,-3,22
1742097620.093133,32,-25,44
1742097620.128133,20,0,30
1742097620.1631331,56,22,-97
1742097620.1991332,84,-7,-61
1742097620.2351332,18,110,-57
1742097620.270133,80,-11,-1
1742097620.306133,6,30,-67
1742097620.341133,108,-53,-31
1742097620.376133,82,60,-7
1742097620.411133,4,-77,-43
1742097620.447133,-23,-27,-17
1742097620.483133,2,-5,-69
1742097620.5181332,-1,8,-37
1742097620.5541332,-25,70,0
1742097620.589133,32,-33,-39
1742097620.624133,80,-19,66
1742097620.6591332,-15,-11,94
1742097620.695133,26,-21,-39
1742097620.731133,-21,20,-3
1742097620.766133,-21,18,-27
1742097620.802133,-11,24,-45
1742097620.8371332,80,-5,-43
1742097620.872133,16,-73,-45
1742097620.907133,50,-29,-7
1742097620.943133,-13,18,-27
1742097620.9791331,4,-29,-49
1742097621.014133,0,28,-1
1742097621.050133,44,82,-105
1742097621.085133,-67,4,44
1742097621.1201332,-37,0,-27
1742097621.155133,28,-55,-51
1742097621.191133,14,12,-119
1742097621.227133,-37,14,-67
1742097621.2621331,-17,-73,-85
1742097621.2981331,2,-19,-9
1742097621.333133,-33,14,-11
1742097621.368133,26,90,-101
1742097621.4031332,92,-55,-39
1742097621.4391332,62,-33,-87
1742097621.4751332,26,46,-7
1742097621.510133,8,2,-147
1742097621.546133,32,20,-5
1742097621.5811331,62,16,-123
1742097621.616133,12,-55,16
1742097621.651133,-73,-41,-61
1742097621.687133,-13,-65,-81
1742097621.723133,44,-15,6
1742097621.7581332,58,-39,-173
1742097621.7941332,30,-9,-199
1742097621.829133,16,58,12
1742097621.8641331,-3,58,-19
1742097621.899133,-29,-59,76
1742097621.935133,38,28,-113
1742097621.971133,60,8,-29
1742097622.006133,-57,22,28
1742097622.042133,30,50,-49
1742097622.0771332,-41,-53,-47
1742097622.112133,40,-35,-97
1742097622.147133,-11,12,8
1742097622.1831331,-13,-29,-117
1742097622.2191331,72,-3,-79
1742097622.254133,-57,56,-145
1742097622.290133,-19,-3,-89
1742097622.325133,12,68,-47
1742097622.3601332,-33,-77,28
1742097622.395133,0,-69,-13
1742097622.431133,34,-19,70
1742097622.467133,48,4,28
1742097622.5021331,-35,4,-117
1742097622.5381331,-31,-27,-99
1742097622.573133,-23,38,36
1742097622.608133,50,14,-67
1742097622.644133,42,-17,52
1742097622.6791332,30,-29,-27
1742097622.7151332,118,16,62
1742097622.750133,22,34,-45
1742097622.786133,4,-29,-101
1742097622.8211331,34,-75,-113
1742097622.856133,-57,-9,-113
1742097622.892133,104,44,32
1742097622.927133,-3,26,-35
1742097622.963133,-15,28,-115
1742097622.9981332,-31,-77,-43
1742097623.0341332,10,-39,-7
1742097623.069133,88,-53,-19
1742097623.1041331,-11,32,26
1742097623.1401331,68,40,-55
1742097623.175133,14,-55,90
1742097623.211133,-45,46,-19
1742097623.246133,-21,14,-79
1742097623.2881331,-21,-63,-55
1742097623.3241332,-23,-31,-159
1742097623.3601332,-1,18,-47
1742097623.3961332,78,-15,-77
1742097623.431133,12,32,94
1742097623.467133,48,-23,-13
1742097623.5021331,36,-33,-53
1742097623.5381331,-15,-33,-57
1742097623.573133,-25,22,-143
1742097623.608133,-35,-7,106
1742097623.644133,-23,-19,-55
1742097623.6791332,6,-37,104
1742097623.7151332,-97,44,-17
1742097623.750133,-69,48,-81
1742097623.786133,-9,40,-39
1742097623.8211331,24,62,-77
1742097623.856133,-41,-55,12
1742097623.892133,-29,-5,-67
1742097623.927133,-1,66,-43
1742097623.963133,-75,28,-29
1742097623.9981332,-21,-85,-145
1742097624.0341332,6,18,-53
1742097624.069133,32,-37,-81
1742097624.1041331,-41,-53,8
1742097624.1401331,-23,36,-101
1742097624.175133,36,10,-71
1742097624.211133,-17,8,2
1742097624.246133,62,6,20
1742097624.282133,-39,-3,62
1742097624.3171332,-7,-1,58
1742097624.352133,76,12,46
1742097624.388133,50,-39,-49
1742097624.4231331,-73,-23,88
1742097624.4591331,-55,-73,-133
1742097624.494133,34,64,-131
1742097624.530133,46,-51,-51
1742097624.565133,-33,12,-7
1742097624.6001332,10,26,-83
1742097624.6361332,58,-37,-49
1742097624.671133,-9,28,46
1742097624.707133,-81,16,-65
1742097624.7421331,78,44,66
1742097624.7781332,8,36,16
1742097624.813133,-17,74,-25
1742097624.848133,-25,-103,-105
1742097624.884133,22,18,50
1742097624.9191332,-19,-47,88
1742097624.9551332,-39,58,14
1742097624.990133,24,20,-35
1742097625.026133,-17,12,14
1742097625.062133,-19,-35,-69
1742097625.0971332,10,6,56
1742097625.132133,-25,-39,-25
1742097625.168133,58,32,-25
1742097625.204133,54,-47,-59
1742097625.2391331,-13,24,-5
1742097625.2751331,50,22,6
1742097625.310133,86,-29,-59
1742097625.345133,-77,-11,-35
1742097625.3801332,-57,4,-211
1742097625.4161332,-41,-45,-103
1742097625.4521332,-11,16,8
1742097625.487133,-81,4,-31
1742097625.523133,-63,52,-71
1742097625.5581331,40,-7,22
1742097625.593133,45,22,-77
1742097625.628133,-61,0,34
1742097625.664133,0,44,42
1742097625.700133,76,-131,-57
1742097625.7351332,-27,-15,72
1742097625.7711332,-27,-41,-41
1742097625.806133,-53,-49,-1
1742097625.841133,98,-3,-101
1742097625.876133,-47,-57,-97
1742097625.912133,-77,4,-199
1742097625.948133,104,58,28
1742097625.983133,28,-53,-109
1742097626.019133,20,20,-69
1742097626.0541332,34,-35,-11
1742097626.089133,-33,0,-79
1742097626.124133,-21,-13,74
1742097626.1601331,2,-39,24
1742097626.1961331,-29,6,-55
1742097626.231133,-71,50,-37
1742097626.267133,24,-19,-75
1742097626.302133,100,12,-139
1742097626.3371332,-25,-33,78
1742097626.372133,-27,-57,-19
1742097626.408133,-49,-13,18
1742097626.444133,74,-81,24
1742097626.4791331,-13,-21,50
1742097626.5151331,-9,20,-63
1742097626.550133,14,-13,-39
1742097626.585133,40,-53,-1
1742097626.6201332,44,-53,2
1742097626.6561332,20,52,-65
1742097626.6921332,-17,-39,-17
1742097626.727133,-37,-51,-35
1742097626.763133,-27,-27,-61
1742097626.7981331,0,-25,-29
1742097626.833133,-27,-57,66
1742097626.868133,64,-39,-55
1742097626.904133,-79,-41,-21
1742097626.940133,40,30,18
1742097626.9751332,-19,104,-113
1742097627.0111332,-5,12,-99
1742097627.046133,12,-31,-111
1742097627.0811331,10,-33,32
1742097627.116133,90,-113,14
1742097627.152133,-41,-19,14
1742097627.188133,6,-49,12
1742097627.223133,-23,10,16
1742097627.259133,-71,-17,-45
1742097627.2941332,-3,40,-61
1742097627.329133,-35,36,-89
1742097627.3641331,-37,38,-17
1742097627.4001331,12,-65,-7
1742097627.4361331,-37,-53,-49
1742097627.471133,-11,34,-3
1742097627.507133,-31,-31,-7
1742097627.542133,-11,-5,-99
1742097627.5771332,42,44,88
1742097627.612133,36,28,62
1742097627.648133,-17,-49,12
1742097627.684133,-65,-3,-155
1742097627.7191331,6,44,-19
1742097627.7551332,-17,28,-51
1742097627.790133,6,-39,64
1742097627.825133,4,-3,-103
1742097627.8601332,48,24,12
1742097627.8961332,-31,28,-1
1742097627.9321332,-21,14,148
1742097627.967133,60,-17,-47
1742097628.003133,-56,-17,-19
1742097628.0381331,114,-17,-83
1742097628.073133,62,-69,-105
1742097628.108133,8,10,-63
1742097628.144133,42,-13,48
1742097628.180133,8,-3,-15
1742097628.2151332,-37,76,-183
1742097628.251133,86,32,-43
1742097628.286133,-41,0,22
1742097628.3211331,-1,-19,-83
1742097628.356133,-9,16,-89
1742097628.392133,-77,4,10
1742097628.428133,26,38,-119
1742097628.463133,40,28,-85
1742097628.499133,22,30,-17
1742097628.5341332,-9,6,-47
1742097628.569133,6,30,28
1742097628.6041331,68,-89,-59
1742097628.6401331,44,44,2
1742097628.6761332,-29,-1,-73
1742097628.711133,88,18,-21
1742097628.747133,4,24,-153
1742097628.782133,-51,30,52
1742097628.8171332,-5,6,-23
1742097628.852133,-25,64,-83
1742097628.888133,12,-7,4
1742097628.924133,-55,-43,60
1742097628.9591331,30,-37,6
1742097628.9951332,-11,2,30
1742097629.030133,56,-23,12
1742097629.065133,18,22,-97
1742097629.1001332,10,24,-27
1742097629.1361332,10,74,-17
1742097629.172133,-31,8,56
1742097629.207133,0,-1,-77
1742097629.243133,-73,-49,-119
1742097629.2781332,-19,0,-11
1742097629.313133,20,42,-87
1742097629.348133,-3,64,-3
1742097629.384133,-5,2,38
1742097629.420133,16,30,-89
1742097629.4551332,-5,-19,-11
1742097629.491133,-61,12,-143
1742097629.526133,22,-13,-73
1742097629.5611331,-83,-19,-61
1742097629.5971332,28,-53,-91
1742097629.632133,-61,12,-71
1742097629.668133,48,86,-79
1742097629.703133,28,-1,-93
1742097629.7391331,36,36,-105
1742097629.774133,-77,52,-89
1742097629.809133,28,34,-43
1742097629.845133,-69,112,-143
1742097629.8801332,16,78,18
1742097629.9161332,58,38,100
1742097629.951133,6,-71,88
1742097629.987133,-93,10,-67
1742097630.022133,26,0,-7
1742097630.0571332,-35,-23,40
1742097630.093133,-5,10,-15
1742097630.128133,16,-49,2
1742097630.164133,-17,16,-59
1742097630.1991332,-13,-13,30
1742097630.2351332,6,-25,52
1742097630.270133,-43,22,142
1742097630.305133,-87,46,-95
1742097630.341133,-45,-79,40
1742097630.376133,78,6,-119
1742097630.412133,12,50,-31
1742097630.447133,8,10,-103
1742097630.483133,16,6,-111
1742097630.5181332,56,-5,-33
1742097630.553133,82,-51,-47
1742097630.589133,-3,-9,-15
1742097630.624133,46,46,-75
1742097630.6601331,34,-3,-75
1742097630.695133,8,38,-63
1742097630.731133,80,-53,-121
1742097630.766133,-45,2,-131
1742097630.8011332,36,74,64
1742097630.8371332,-5,-35,18
1742097630.872133,30,28,-19
1742097630.908133,24,-69,-93
1742097630.943133,86,-93,-107
1742097630.9791331,18,2,-29
1742097631.014133,54,-3,-29
1742097631.049133,-107,-31,-43
1742097631.085133,10,6,-99
1742097631.1201332,14,14,-39
1742097631.1561332,24,-1,-53
1742097631.191133,-63,52,44
1742097631.226133,-47,40,36
1742097631.2611332,-21,64,36
1742097631.297133,-11,28,-79
1742097631.333133,44,-77,-129
1742097631.368133,50,56,28
1742097631.404133,-1,-31,0
1742097631.4391332,24,26,-41
1742097631.4751332,48,0,-97
1742097631.510133,-17,6,-21
1742097631.545133,-21,26,-47
1742097631.5811331,-21,-31,-23
1742097631.616133,4,76,-161
1742097631.652133,-25,-15,-117
1742097631.687133,24,44,-59
1742097631.723133,34,-19,-33
1742097631.7581332,50,84,-25
1742097631.793133,0,-55,-43
1742097631.829133,-49,-25,-17
1742097631.8641331,-1,48,-25
1742097631.9001331,46,14,-31
1742097631.935133,70,-73,-33
1742097631.970133,28,22,-9
1742097632.0051332,-105,84,-17
1742097632.0411332,0,-31,-133
1742097632.0771332,-37,-59,-65
1742097632.112133,8,-21,36
1742097632.148133,-19,44,-67
1742097632.1831331,-43,8,14
1742097632.218133,62,-3,-45
1742097632.253133,2,16,62
1742097632.289133,50,66,-93
1742097632.325133,-15,-21,-13
1742097632.3601332,-79,18,-141
1742097632.3961332,-113,-11,-89
1742097632.431133,-3,50,-51
1742097632.466133,-59,-77,-11
1742097632.501133,44,26,26
1742097632.537133,10,48,22
1742097632.573133,-29,-11,12
1742097632.608133,-19,-27,-121
1742097632.644133,22,28,-51
1742097632.6791332,-19,-3,42
1742097632.714133,-11,0,-41
1742097632.749133,-53,38,14
1742097632.7851331,54,-59,-103
1742097632.8211331,-15,-11,-125
1742097632.856133,-43,-9,-83
1742097632.892133,-37,28,-51
1742097632.927133,-73,16,-115
1742097632.9621332,42,-9,-25
1742097632.997133,-15,8,-31
1742097633.033133,12,26,8
1742097633.069133,-25,58,30
1742097633.1041331,20,12,-41
1742097633.1401331,22,22,-89
1742097633.175133,44,6,-135
1742097633.210133,-61,-21,-67
1742097633.2451332,70,-47,-117
1742097633.2811332,48,18,-73
1742097633.3241332,-9,-15,-73
1742097633.3601332,0,-1,-109
1742097633.3961332,54,-21,60
1742097633.431133,32,14,-85
1742097633.466133,6,14,36
1742097633.501133,-33,-39,12
1742097633.537133,46,92,10
1742097633.573133,26,-1,-45
1742097633.608133,-3,-29,-5
1742097633.644133,-13,-21,-37
1742097633.6791332,-3,32,-63
1742097633.714133,-37,8,-57
1742097633.749133,20,4,-41
1742097633.7851331,106,62,30
1742097633.8211331,40,40,14
1742097633.856133,44,-17,4
1742097633.892133,-47,-21,-63
1742097633.927133,-27,18,36
1742097633.9621332,-35,-7,2
1742097633.997133,-43,-3,-125
1742097634.033133,-15,-93,-143
1742097634.069133,6,42,26
1742097634.1041331,116,-25,-41
1742097634.1401331,-27,-55,110
1742097634.175133,12,-13,-73
1742097634.210133,112,2,-21
1742097634.2451332,62,82,24
1742097634.2811332,-1,-26,-43
1742097634.3171332,12,-16,32
1742097634.352133,70,48,-65
1742097634.388133,50,50,104
1742097634.4231331,42,27,26
1742097634.458133,-115,-22,24
1742097634.493133,10,32,22
1742097634.529133,-59,-63,-141
1742097634.565133,-5,-9,42
1742097634.6001332,14,60,-69
1742097634.6361332,4,-35,40
1742097634.671133,-73,-7,54
1742097634.7061331,64,32,-93
1742097634.741133,-55,-7,-61
1742097634.777133,-41,56,6
1742097634.813133,6,16,46
1742097634.848133,-25,-3,-39
1742097634.884133,-19,14,-223
1742097634.9191332,58,-53,-105
1742097634.954133,46,-23,-71
1742097634.9891331,-19,-75,-35
1742097635.0251331,14,10,-35
1742097635.0611331,-31,-9,8
1742097635.096133,-19,-1,24
1742097635.132133,-17,-69,-81
1742097635.167133,-7,84,36
1742097635.2021332,-41,42,-45
1742097635.237133,70,-17,22
1742097635.273133,-59,-7,20
1742097635.309133,-31,52,90
1742097635.3441331,-53,-5,-151
1742097635.3801332,-31,-13,-167
1742097635.415133,-53,-29,-117
1742097635.450133,-41,58,-29
1742097635.4851332,-53,-5,-49
1742097635.5211332,-1,-41,132
1742097635.5571332,-7,-17,-31
1742097635.592133,0,0,-67
1742097635.628133,-57,-35,84
1742097635.6631331,18,6,10
1742097635.698133,14,60,-11
1742097635.733133,2,2,-33
1742097635.769133,44,-49,-81
1742097635.805133,-5,-45,-168
1742097635.8401332,34,42,17
1742097635.876133,-43,0,-42
1742097635.911133,-37,96,27
1742097635.9461331,22,0,-68
1742097635.981133,104,-23,1
1742097636.017133,-39,26,29
1742097636.053133,28,32,-106
1742097636.088133,68,-45,39
1742097636.124133,-27,20,-12
1742097636.1591332,10,-51,-134
1742097636.194133,38,-23,-10
1742097636.2291331,-13,44,-52
1742097636.2651331,-19,48,-10
1742097636.3011332,152,-25,-146
1742097636.336133,94,-39,37
1742097636.372133,8,-5,-62
1742097636.407133,-43,46,-52
1742097636.4421332,-23,52,0
1742097636.4781332,116,-31,0
1742097636.513133,-7,-29,53
1742097636.549133,18,-11,52
1742097636.5841331,-73,8,-37
1742097636.6201332,84,-3,-69
1742097636.655133,-45,-75,115
1742097636.690133,-53,28,-134
1742097636.726133,-27,-13,-44
1742097636.7611332,64,-37,-112
1742097636.797133,-77,-1,-22
1742097636.832133,28,28,-98
1742097636.868133,-15,58,-52
1742097636.9031332,-5,70,-38
1742097636.938133,88,-23,33
1742097636.974133,-21,34,-94
1742097637.009133,6,-51,25
1742097637.045133,14,-45,-48
1742097637.0801332,-17,-1,-42
1742097637.116133,-35,56,-54
1742097637.151133,38,24,-68
1742097637.1861331,36,6,-92
1742097637.2221332,-33,18,-22
1742097637.257133,4,-1,-96
1742097637.293133,40,-53,-78
1742097637.328133,58,-15,-100
1742097637.3641331,-19,50,-8
1742097637.399133,10,-3,-106
1742097637.434133,-79,-53,-36
1742097637.470133,-35,-17,71
1742097637.5051332,22,28,-24
1742097637.5411332,-47,-19,-52
1742097637.576133,-9,42,-80
1742097637.612133,44,8,-164
1742097637.647133,-41,16,-120
1742097637.6821332,-67,-9,49
1742097637.718133,66,-25,-26
1742097637.753133,-19,-3,89
1742097637.789133,68,-29,-24
1742097637.8241332,2,56,9
1742097637.8601332,-69,-33,-92
1742097637.895133,-9,74,-24
1742097637.930133,-17,78,-30
1742097637.966133,106,-67,57
1742097638.001133,2,20,-92
1742097638.037133,-63,90,-6
1742097638.072133,-9,40,-134
1742097638.108133,-59,24,-94
1742097638.1431332,-13,-61,-90
1742097638.178133,-19,-49,11
1742097638.214133,30,-5,35
1742097638.249133,-23,-9,-6
1742097638.2851331,6,-15,27
1742097638.320133,34,10,-40
1742097638.356133,-115,8,-76
1742097638.391133,108,-41,-18
1742097638.4261332,-71,20,15
1742097638.4621332,28,-27,-40
1742097638.497133,14,-65,69
1742097638.533133,12,-7,-88
1742097638.568133,-59,-23,-74
1742097638.6041331,-7,32,-72
1742097638.639133,86,6,49
1742097638.674133,-67,20,-62
1742097638.710133,-35,-17,-52
1742097638.7451332,10,2,-62
1742097638.7811332,28,-5,-30
1742097638.816133,-13,-57,-140
1742097638.851133,-39,38,5
1742097638.8861332,-57,20,-6
1742097638.922133,-11,-45,-42
1742097638.958133,4,-43,-86
1742097638.993133,-5,-11,7
1742097639.029133,-3,-19,105
1742097639.0641332,2,4,-32
1742097639.099133,40,52,-172
1742097639.134133,-9,-77,113
1742097639.170133,-33,-47,-60
1742097639.2061331,-35,-39,55
1742097639.241133,-39,-35,-2
1742097639.277133,70,22,91
1742097639.312133,-59,36,-26
1742097639.3471332,-37,-11,-42
1742097639.382133,60,56,-54
1742097639.418133,10,-13,-76
1742097639.454133,30,32,71
1742097639.4891331,6,-3,11
1742097639.5251331,42,44,-64
1742097639.560133,28,38,5
1742097639.595133,44,34,29
1742097639.6301332,-31,0,47
1742097639.6661332,-73,18,-28
1742097639.7021332,-57,-53,5
1742097639.737133,-57,-35,-108
1742097639.773133,30,4,-38
1742097639.8081331,-55,8,89
1742097639.843133,-13,62,133
1742097639.878133,2,-33,-58
1742097639.914133,-3,-29,-48
1742097639.950133,26,2,-94
1742097639.9851332,24,20,57
1742097640.0211332,-15,50,-24
1742097640.056133,14,-75,-80
1742097640.091133,-17,-9,-98
1742097640.126133,18,66,-22
1742097640.162133,-29,-23,-36
1742097640.198133,-11,-73,0
1742097640.233133,-9,-107,-12
1742097640.269133,0,-49,-10
1742097640.3041332,50,-53,-28
1742097640.339133,-11,40,97
1742097640.374133,-15,56,-62
1742097640.4101331,14,-53,-96
1742097640.4461331,-7,-43,-82
1742097640.481133,16,32,-32
1742097640.517133,18,-29,-8
1742097640.552133,14,36,-80
1742097640.5871332,-11,14,-188
1742097640.622133,-5,28,-58
1742097640.658133,4,-11,65
1742097640.694133,20,-7,-88
1742097640.7291331,-79,-35,0
1742097640.7651331,-89,-91,-62
1742097640.800133,-19,-3,45
1742097640.835133,-25,-15,-136
1742097640.8701332,-41,42,71
1742097640.9061332,48,24,-108
1742097640.9421332,-39,12,-58
1742097640.977133,-13,10,-4
1742097641.013133,-69,54,0
1742097641.0481331,-23,8,-82
1742097641.083133,-53,16,-164
1742097641.118133,-37,-41,-94
1742097641.154133,-79,8,-8
1742097641.190133,-69,28,-80
1742097641.2251332,16,36,-96
1742097641.2611332,24,48,-60
1742097641.296133,68,74,-42
1742097641.3311331,-9,20,79
1742097641.366133,-6,-36,57
1742097641.402133,40,68,37
1742097641.438133,62,20,-84
1742097641.473133,42,10,-8
1742097641.509133,-43,-33,-50
1742097641.5441332,-51,-81,-6
1742097641.579133,-55,58,15
1742097641.6141331,-31,-27,-84
1742097641.6501331,52,38,55
1742097641.6861331,42,54,45
1742097641.721133,-21,-19,13
1742097641.757133,20,36,-50
1742097641.792133,-67,50,111
1742097641.8271332,-21,-7,-136
1742097641.862133,102,-1,-64
1742097641.898133,-61,-23,-48
1742097641.934133,-31,-9,-64
1742097641.9691331,8,-103,-8
1742097642.0051332,2,0,-66
1742097642.040133,-19,34,-100
1742097642.075133,6,30,-70
1742097642.1101332,-17,-31,-82
1742097642.1461332,-91,2,-82
1742097642.1821332,-13,-25,5
1742097642.217133,26,74,23
1742097642.253133,18,-81,-22
1742097642.2881331,-29,56,-2
1742097642.323133,6,40,89
1742097642.358133,12,-73,-8
1742097642.394133,-41,-43,15
1742097642.430133,-33,-69,23
1742097642.4651332,56,-17,33
1742097642.501133,-43,18,-90
1742097642.536133,-47,14,-114
1742097642.5711331,48,-47,-124
1742097642.606133,-7,12,11
1742097642.642133,-77,-61,13
1742097642.678133,18,-19,-50
1742097642.713133,-15,-49,-10
1742097642.749133,26,24,-44
1742097642.7841332,30,-21,73
1742097642.819133,-35,34,-116
1742097642.8541331,-7,30,-46
1742097642.8901331,-7,-65,-80
1742097642.9261332,20,-57,-40
1742097642.961133,-1,-41,-70
1742097642.997133,-53,-29,103
1742097643.032133,14,-1,-144
1742097643.0671332,10,42,-10
1742097643.102133,-23,-49,63
1742097643.138133,-11,14,-28
1742097643.174133,-1,62,-28
1742097643.2091331,-33,34,-78
1742097643.2451332,32,24,-104
1742097643.280133,14,30,-28
1742097643.315133,-1,-35,-60
1742097643.358133,104,46,-88
1742097643.394133,8,-99,47
1742097643.430133,-81,-41,-132
1742097643.4651332,-15,18,13
1742097643.501133,36,14,-48
1742097643.536133,-59,24,-72
1742097643.5711331,-1,28,-24
1742097643.6071332,10,110,-136
1742097643.642133,-63,-39,91
1742097643.678133,-47,24,-52
1742097643.713133,38,-61,33
1742097643.749133,-91,-51,-14
1742097643.7841332,-99,66,-100
1742097643.819133,62,-21,-136
1742097643.855133,106,-3,-60
1742097643.8901331,20,24,-56
1742097643.9261332,74,-33,25
1742097643.961133,-149,-17,39
1742097643.997133,16,28,-50
1742097644.032133,-3,70,-44
1742097644.0671332,-75,22,-34
1742097644.1031332,-25,2,27
1742097644.138133,-43,50,-18
1742097644.174133,2,-19,-84
1742097644.2091331,-41,-23,17
1742097644.2451332,-69,-9,-8
1742097644.280133,24,18,-62
1742097644.315133,22,64,-64
1742097644.351133,-13,-3,-44
1742097644.3861332,-1,34,95
1742097644.422133,96,18,-34
1742097644.457133,56,-61,-128
1742097644.493133,0,4,-40
1742097644.5281332,-9,-81,119
1742097644.563133,6,-57,61
1742097644.599133,-39,20,-8
1742097644.634133,-25,-97,67
1742097644.670133,-51,94,-54
1742097644.7051332,-53,10,-14
1742097644.741133,12,30,-120
1742097644.776133,2,-27,-62
1742097644.8111331,-5,-1,-34
1742097644.8471332,86,-7,-4
1742097644.882133,54,-49,-118
1742097644.918133,36,40,-2
1742097644.953133,-3,92,-16
1742097644.9891331,20,-59,-38
1742097645.024133,-31,24,15
1742097645.059133,-3,-5,221
1742097645.095133,10,106,55
1742097645.1301332,-115,118,133
1742097645.1661332,-33,22,-104
1742097645.201133,94,22,3
1742097645.237133,-27,-41,73
1742097645.272133,-31,-47,-34
1742097645.3071332,-61,6,143
1742097645.343133,14,-71,-96
1742097645.378133,-27,82,-2
1742097645.414133,-23,44,-30
1742097645.4491332,14,-39,-26
1742097645.4851332,-63,-67,89
1742097645.520133,26,22,-106
1742097645.555133,20,26,53
1742097645.591133,4,18,-176
1742097645.626133,2,32,3
1742097645.662133,2,-25,-68
1742097645.697133,46,-21,-102
1742097645.7321332,26,8,-46
1742097645.767133,24,32,-66
1742097645.803133,-11,26,-118
1742097645.839133,78,-47,15
1742097645.874133,-41,-5,-16
1742097645.9101331,48,10,-98
1742097645.945133,6,26,27
1742097645.980133,48,-43,5
1742097646.0151331,-37,-115,3
1742097646.0511332,-35,-25,-44
1742097646.0871332,-23,18,-4
1742097646.122133,-91,24,-60
1742097646.158133,32,-9,-66
1742097646.193133,-49,-77,-134
1742097646.2281332,-37,62,-16
1742097646.263133,-43,-35,-66
1742097646.299133,94,-19,-18
1742097646.335133,92,32,-90
1742097646.3701332,70,20,65
1742097646.4061332,4,-47,-42
1742097646.441133,-23,-13,33
1742097646.476133,-17,26,-116
1742097646.5111332,-39,-1,-28
1742097646.547133,28,-31,31
1742097646.583133,-43,14,29
1742097646.618133,-9,28,35
1742097646.654133,-25,14,-48
1742097646.6891332,8,-99,-130
1742097646.724133,-31,14,-38
1742097646.759133,-31,48,-56
1742097646.795133,-51,-9,-78
1742097646.8311331,12,-45,27
1742097646.866133,-13,-61,-22
1742097646.902133,24,14,71
1742097646.937133,12,36,-100
1742097646.9721332,90,8,-56
1742097647.007133,40,2,27
1742097647.043133,-89,-77,-10
1742097647.079133,-95,-23,75
1742097647.1141331,26,-21,117
1742097647.1501331,6,16,-32
1742097647.185133,-29,24,-114
1742097647.220133,-7,-39,13
1742097647.2551332,8,44,-16
1742097647.2911332,-5,-13,-70
1742097647.3271332,-7,4,-16
1742097647.362133,4,-39,-144
1742097647.398133,42,36,-54
1742097647.4331331,26,-3,-84
1742097647.468133,-23,46,51
1742097647.503133,-107,18,-2
1742097647.539133,-31,-57,-10
1742097647.575133,-27,-23,65
1742097647.6101332,-51,34,-54
1742097647.6461332,12,18,0
1742097647.681133,6,-11,59
1742097647.716133,16,36,-166
1742097647.751133,60,-47,-128
1742097647.787133,-31,-23,-54
1742097647.823133,-1,-41,-40
1742097647.858133,-63,-13,-40
1742097647.894133,-25,42,-50
1742097647.9291332,-63,-87,-76
1742097647.964133,-23,14,-32
1742097647.999133,-31,46,-132
1742097648.0351331,-59,2,49
1742097648.0711331,114,42,35
1742097648.106133,-5,-85,-166
1742097648.142133,18,-11,-18
1742097648.177133,128,50,53
1742097648.2121332,2,-51,85
1742097648.247133,10,-15,-50
1742097648.283133,70,24,-150
1742097648.319133,-21,60,41
1742097648.3541331,14,48,111
1742097648.3901331,24,-35,-20
1742097648.425133,12,2,-84
1742097648.460133,88,34,-46
1742097648.4951332,36,6,77
1742097648.5311332,-35,30,-74
1742097648.5671332,32,-35,-152
1742097648.602133,68,54,-88
1742097648.638133,8,52,-90
1742097648.6731331,32,-21,51
1742097648.708133,44,6,-42
1742097648.743133,-9,58,-62
1742097648.779133,30,-5,19
1742097648.815133,-3,2,0
1742097648.8501332,48,-39,-64
1742097648.8861332,18,28,-124
1742097648.921133,-59,4,21
1742097648.9561331,-19,-45,-80
1742097648.991133,-37,16,-56
1742097649.027133,36,-41,1
1742097649.063133,26,-17,-142
1742097649.098133,-5,-15,-114
1742097649.134133,16,-3,-62
1742097649.1691332,2,12,-14
1742097649.204133,2,82,-20
1742097649.2391331,8,-77,11
1742097649.2751331,-17,6,-126
1742097649.3111331,42,-15,111
1742097649.346133,34,76,-4
1742097649.382133,38,-15,33
1742097649.417133,-77,-35,-36
1742097649.4521332,38,2,-70
1742097649.487133,-65,60,3
1742097649.523133,10,62,9
1742097649.559133,-31,46,-42
1742097649.5941331,-19,-1,-80
1742097649.6301332,-27,-63,-22
1742097649.665133,18,2,41
1742097649.700133,-59,60,-112
1742097649.7351332,-59,-15,-30
1742097649.7711332,-29,20,-32
1742097649.8071332,34,36,-96
1742097649.842133,-3,14,-68
1742097649.878133,8,112,-94
1742097649.9131331,-47,-41,-154
1742097649.948133,-13,-1,15
1742097649.983133,-9,-3,-12
1742097650.019133,24,6,-14
1742097650.055133,18,-71,-72
1742097650.0901332,-5,2,-36
1742097650.126133,44,-1,-52
1742097650.161133,-5,4,-98
1742097650.1961331,42,-41,-122
1742097650.2321332,-5,32,-20
1742097650.267133,-71,-5,5
1742097650.303133,0,82,3
1742097650.338133,-15,78,-20
1742097650.374133,-19,84,-60
1742097650.4091332,64,14,-40
1742097650.444133,16,22,25
1742097650.480133,-43,106,-12
1742097650.5151331,-13,-135,-82
1742097650.5511332,-49,14,32
1742097650.586133,-31,-35,-161
1742097650.622133,-23,32,16
1742097650.657133,-11,34,-125
1742097650.6921332,-87,16,-135
1742097650.7281332,-19,52,10
1742097650.763133,-29,-29,108
1742097650.799133,-93,10,100
1742097650.8341331,-25,20,42
1742097650.8701332,2,-71,-31
1742097650.905133,-9,24,20
1742097650.940133,4,0,-77
1742097650.976133,18,-21,56
1742097651.0111332,-51,-15,-7
1742097651.047133,2,-47,12
1742097651.082133,74,10,-185
1742097651.118133,40,0,-135
1742097651.1531332,42,28,18
1742097651.188133,-55,44,-113
1742097651.224133,-33,-45,-43
1742097651.259133,30,-31,6
1742097651.295133,14,38,-51
1742097651.3301332,-33,-25,-267
1742097651.366133,18,-59,-1
1742097651.401133,86,26,-141
1742097651.4361331,16,24,-21
1742097651.4721332,-65,-13,-11
1742097651.507133,-39,-67,28
1742097651.543133,-21,-55,-73
1742097651.578133,6,16,52
1742097651.6141331,6,-21,-73
1742097651.649133,40,-1,-3
1742097651.684133,-47,-11,-19
1742097651.720133,-35,-45,-1
1742097651.7551332,26,-33,-75
1742097651.7911332,100,-25,-27
1742097651.826133,-15,18,50
1742097651.862133,10,32,-75
1742097651.897133,42,-33,38
1742097651.9321332,24,8,-71
1742097651.968133,-35,-15,-95
1742097652.003133,2,-73,86
1742097652.039133,-45,-41,-59
1742097652.0741332,12,22,-13
1742097652.1101332,-45,-41,-29
1742097652.145133,30,30,-91
1742097652.180133,24,14,44
1742097652.216133,-13,-29,-45
1742097652.251133,6,-27,-133
1742097652.287133,-103,50,-21
1742097652.322133,-41,34,2
1742097652.358133,-19,6,-83
1742097652.3931332,-25,-91,-17
1742097652.428133,-25,10,-51
1742097652.464133,22,12,4
1742097652.499133,-1,48,-77
1742097652.5351331,-23,-21,-121
1742097652.570133,88,2,86
1742097652.606133,-5,6,-67
1742097652.642133,-49,18,-55
1742097652.677133,78,-41,2
1742097652.7121332,-83,-9,64
1742097652.7481332,34,6,-57
1742097652.7841332,-17,-3,58
1742097652.819133,66,26,-37
1742097652.855133,20,-103,30
1742097652.8901331,-27,28,28
1742097652.925133,-33,-7,-49
1742097652.960133,-15,-1,-163
1742097652.996133,-75,-7,-19
1742097653.032133,38,26,-7
1742097653.0671332,-51,-39,-133
1742097653.1031332,-25,-21,-1
1742097653.138133,-25,-1,-79
1742097653.1731331,-49,14,-25
1742097653.208133,38,-39,-57
1742097653.244133,32,12,64
1742097653.280133,54,-43,-129
1742097653.315133,64,-55,-1
1742097653.351133,-19,-29,-43
1742097653.3931332,8,-75,-79
1742097653.4291332,4,-49,-141
1742097653.464133,-39,44,-99
1742097653.500133,-15,-23,18
1742097653.536133,-51,50,-5
1742097653.5711331,-119,-39,28
1742097653.6071332,54,-19,-129
1742097653.642133,72,24,28
1742097653.677133,-77,-17,82
1742097653.7121332,6,32,-77
1742097653.7481332,-3,24,-117
1742097653.7841332,-59,62,196
1742097653.819133,-77,32,36
1742097653.855133,68,-57,-43
1742097653.8901331,-3,6,-25
1742097653.925133,-11,-11,-7
1742097653.960133,-21,-65,-29
1742097653.996133,78,16,-135
1742097654.032133,36,4,-21
1742097654.0671332,-75,-31,-103
1742097654.1031332,50,-9,-133
1742097654.138133,34,60,-109
1742097654.1731331,-1,32,36
1742097654.208133,58,-33,-51
1742097654.244133,48,2,62
1742097654.280133,-1,36,-113
1742097654.315133,-39,-33,-149
1742097654.351133,-1,-81,-83
1742097654.3861332,0,-17,0
1742097654.421133,-39,-1,-81
1742097654.4561331,-69,-19,-119
1742097654.4921331,20,6,46
1742097654.5281332,22,-57,-55
1742097654.563133,54,50,50
1742097654.599133,-41,44,-107
1742097654.634133,78,14,-141
1742097654.6691332,-79,-5,22
1742097654.704133,-13,-21,-5
1742097654.740133,-45,-37,-63
1742097654.776133,-45,-31,-27
1742097654.8111331,6,-13,-59
1742097654.8471332,-47,-61,6
1742097654.882133,-121,-17,-17
1742097654.917133,-7,-43,0
1742097654.9521332,26,30,-55
1742097654.9881332,68,-15,-15
1742097655.024133,-41,-41,-103
1742097655.059133,18,-43,-131
1742097655.095133,16,-51,-43
1742097655.1301332,-25,-93,-69
1742097655.165133,16,74,-3
1742097655.200133,-43,-39,-65
1742097655.236133,-19,62,-3
1742097655.272133,-9,26,-173
1742097655.3071332,-59,-29,-53
1742097655.343133,6,50,-39
1742097655.378133,18,2,44
1742097655.4131331,90,16,-63
1742097655.448133,26,-49,-119
1742097655.484133,64,20,-65
1742097655.520133,-21,-19,26
1742097655.555133,64,-5,-49
1742097655.591133,-31,-1,-15
1742097655.626133,28,-1,28
1742097655.661133,14,100,-7
1742097655.6961331,6,-45,-157
1742097655.7321332,90,68,-47
1742097655.7681332,-95,10,-77
1742097655.803133,40,-11,20
1742097655.839133,-79,-67,-41
1742097655.874133,70,-35,-55
1742097655.9091332,32,-9,-65
1742097655.944133,-5,-9,-53
1742097655.980133,22,-15,-97
1742097656.016133,-19,-27,74
1742097656.0511332,-27,-69,-79
1742097656.0871332,72,22,60
1742097656.122133,-33,38,-59
1742097656.157133,-31,28,-163
1742097656.1921332,6,-41,-31
1742097656.2281332,-13,50,-37
1742097656.264133,-43,26,42
1742097656.299133,-55,8,-39
1742097656.335133,48,28,-15
1742097656.3701332,-17,-1,-59
1742097656.405133,-83,6,-81
1742097656.440133,2,-11,92
1742097656.476133,-21,-43,-15
1742097656.5121331,-9,36,6
1742097656.547133,18,2,-11
1742097656.583133,18,18,-67
1742097656.618133,8,-55,26
1742097656.6531332,12,66,-55
1742097656.688133,-53,-1,-19
1742097656.724133,-37,22,32
1742097656.760133,14,42,-43
1742097656.795133,-7,-1,42
1742097656.8311331,-25,-3,60
1742097656.866133,-1,-17,-3
1742097656.901133,-13,26,-29
1742097656.937133,2,18,-5
1742097656.9721332,-9,-1,0
1742097657.0081332,20,26,-37
1742097657.043133,12,0,-33
1742097657.079133,32,32,-17
1742097657.1141331,6,-13,68
1742097657.149133,-29,-29,30
1742097657.185133,-23,36,-27
1742097657.220133,4,14,52
1742097657.256133,-11,-5,6
1742097657.2911332,10,0,-31
1742097657.3271332,14,30,66
1742097657.362133,-31,-25,108
1742097657.397133,-41,-53,-201
1742097657.4331331,74,-13,40
1742097657.468133,88,-3,-99
1742097657.504133,50,20,-49
1742097657.539133,122,12,-61
1742097657.575133,-33,4,-21
1742097657.6101332,4,0,10
1742097657.645133,-75,-5,96
1742097657.681133,32,62,-55
1742097657.716133,32,60,-151
1742097657.7521331,-63,-33,-31
1742097657.787133,-57,-27,-39
1742097657.823133,40,-41,-5
1742097657.858133,-57,-23,34
1742097657.8931332,-9,38,-99
1742097657.9291332,62,-27,-7
1742097657.964133,28,80,-97
1742097658.000133,22,10,-11
1742097658.0351331,10,22,-5
1742097658.0711331,38,-43,20
1742097658.106133,44,66,-97
1742097658.141133,24,-37,-31
1742097658.177133,42,-7,-45
1742097658.2121332,-53,16,-3
1742097658.2481332,-57,-9,54
1742097658.283133,-21,66,-79
1742097658.319133,8,-19,-17
1742097658.3541331,14,0,-33
1742097658.389133,26,-23,-37
1742097658.425133,-67,-39,40
1742097658.460133,-61,18,-75
1742097658.496133,-3,-37,-9
1742097658.5311332,-9,34,-81
1742097658.5671332,-47,-39,22
1742097658.602133,128,-35,18
1742097658.6371331,-81,2,-105
1742097658.6731331,56,-21,56
1742097658.708133,-41,26,36
1742097658.744133,-7,-19,-167
1742097658.779133,-29,0,-103
1742097658.815133,52,86,-3
1742097658.8501332,-143,36,50
1742097658.885133,-33,-45,-43
1742097658.921133,18,6,82
1742097658.9561331,92,2,14
1742097658.9921331,44,-25,-115
1742097659.027133,64,18,76
1742097659.063133,-51,-47,-27
1742097659.098133,-13,16,-137
1742097659.1331332,-29,64,-29
1742097659.1691332,90,8,-49
1742097659.204133,28,-71,-31
1742097659.240133,-71,24,82
1742097659.2751331,-19,-43,-5
1742097659.3111331,62,18,-65
1742097659.346133,14,-75,-27
1742097659.381133,-51,-21,-13
1742097659.417133,-77,36,28
1742097659.4521332,36,8,108
1742097659.4881332,-9,-51,-79
1742097659.523133,12,80,-113
1742097659.5581331,-5,56,-19
1742097659.593133,100,-13,16
1742097659.629133,-63,-3,-11
1742097659.665133,34,16,-163
1742097659.700133,24,10,-13
1742097659.736133,-5,18,12
1742097659.7711332,-33,10,82
1742097659.806133,44,36,14
1742097659.841133,82,-53,18
1742097659.8771331,-7,-73,-63
1742097659.9131331,-1,38,-41
1742097659.948133,46,-17,-45
1742097659.984133,-23,78,-33
1742097660.019133,-9,-1,-67
1742097660.0541332,-29,16,-43
1742097660.089133,-13,24,40
1742097660.125133,0,40,-3
1742097660.161133,36,-5,92
1742097660.1961331,-3,38,88
1742097660.2321332,38,102,-27
1742097660.267133,-39,34,-1
1742097660.302133,-5,2,-7
1742097660.3371332,0,-57,68
1742097660.3731332,-23,28,-19
1742097660.4091332,-5,-11,-37
1742097660.444133,60,-45,26
1742097660.480133,-75,-49,-35
1742097660.5151331,-43,-53,2
1742097660.550133,-1,6,-95
1742097660.585133,6,24,-53
1742097660.621133,-61,0,-21
1742097660.657133,14,20,40
1742097660.6921332,-39,-13,-165
1742097660.7281332,52,26,-41
1742097660.763133,8,30,-19
1742097660.7981331,26,26,-105
1742097660.833133,-65,-1,-37
1742097660.869133,66,44,-117
1742097660.905133,28,-9,-149
1742097660.940133,-3,34,-67
1742097660.976133,90,-69,-47
1742097661.0111332,26,-63,34
1742097661.046133,-35,22,12
1742097661.0811331,-31,-37,-17
1742097661.1171331,26,34,0
1742097661.1531332,-39,-23,6
1742097661.188133,-31,64,12
1742097661.224133,14,-1,-63
1742097661.259133,2,44,-12
1742097661.2941332,0,0,-62
1742097661.329133,-99,-51,19
1742097661.365133,-23,48,21
1742097661.401133,22,20,-18
1742097661.4361331,8,-29,25
1742097661.4721332,-55,-45,31
1742097661.507133,32,36,-188
1742097661.542133,50,-69,-90
1742097661.5771332,0,-29,13
1742097661.6131332,-47,-5,-8
1742097661.649133,20,-27,-84
1742097661.684133,-75,-79,9
1742097661.720133,-15,-35,-160
1742097661.7551332,-65,10,-82
1742097661.790133,28,-53,9
1742097661.825133,-85,18,-96
1742097661.861133,16,44,35
1742097661.897133,-27,52,-72
1742097661.9321332,16,-51,-84
1742097661.968133,-11,-27,11
1742097662.003133,8,-11,31
1742097662.0381331,46,-3,-30
1742097662.073133,64,-21,23
1742097662.109133,-33,74,-92
1742097662.145133,-11,-39,-68
1742097662.180133,52,-1,-86
1742097662.216133,30,-13,93
1742097662.251133,18,-67,-118
1742097662.286133,8,18,39
1742097662.3211331,-43,26,45
1742097662.3571332,40,14,-128
1742097662.3931332,-19,-65,-18
1742097662.428133,72,58,65
1742097662.464133,44,-23,147
1742097662.499133,18,18,57
1742097662.5341332,68,2,7
1742097662.569133,54,-11,-98
1742097662.605133,-23,36,25
1742097662.641133,-83,8,15
1742097662.6761332,38,-19,-56
1742097662.7121332,-67,50,125
1742097662.747133,30,22,-38
1742097662.782133,12,10,-22
1742097662.8171332,6,-31,-134
1742097662.8531332,32,48,15
1742097662.889133,-17,-39,-192
1742097662.925133,-21,60,-10
1742097662.961133,-65,-37,-98
1742097662.996133,-131,50,7
1742097663.032133,-57,6,75
1742097663.0671332,0,2,-100
1742097663.102133,-3,-37,-30
1742097663.1371331,-67,-5,47
1742097663.1731331,-9,-71,67
1742097663.2091331,-33,8,-156
1742097663.244133,-93,-57,13
1742097663.280133,10,40,-38
1742097663.315133,60,-21,-122
1742097663.3501332,24,20,-14
1742097663.385133,14,-29,-108
1742097663.428133,-29,28,-36
1742097663.4651332,-65,2,-62
1742097663.500133,-43,-49,-112
1742097663.536133,-31,-41,-112
1742097663.5711331,-15,-17,23
1742097663.606133,80,-63,39
1742097663.641133,60,26,-74
1742097663.677133,50,20,3
1742097663.713133,-43,-19,-8
1742097663.7481332,-13,26,13
1742097663.7841332,-31,-31,-36
1742097663.819133,-7,-123,55
1742097663.8541331,-107,-19,65
1742097663.8901331,4,18,-118
1742097663.925133,80,20,21
1742097663.961133,-1,-65,29
1742097663.996133,-23,12,-28
1742097664.032133,-31,-39,-144
1742097664.0671332,-5,14,107
1742097664.102133,32,-25,-42
1742097664.138133,46,16,-10
1742097664.1731331,86,30,11
1742097664.2091331,4,-13,-40
1742097664.244133,30,8,-48
1742097664.280133,100,38,-82
1742097664.315133,2,46,-34
1742097664.3501332,4,48,-22
1742097664.3861332,-15,24,-94
1742097664.421133,56,34,-6
1742097664.457133,70,140,-76
1742097664.4921331,-7,0,-46
1742097664.5281332,44,28,-22
1742097664.563133,36,-13,19
1742097664.598133,10,-27,103
1742097664.634133,-55,0,41
1742097664.6691332,-9,-25,-6
1742097664.7051332,-23,18,-6
1742097664.740133,-71,50,-26
1742097664.776133,94,62,-36
1742097664.8111331,-43,0,-104
1742097664.846133,-31,2,-14
1742097664.882133,-33,26,7
1742097664.917133,-25,34,11
1742097664.953133,2,22,33
1742097664.9881332,76,-23,-80
1742097665.024133,-19,-35,-74
1742097665.059133,-19,10,-96
1742097665.0941331,-27,-41,9
1742097665.1301332,-55,34,-154
1742097665.165133,22,30,-108
1742097665.201133,24,-41,63
1742097665.236133,-23,-13,97
1742097665.272133,48,-103,67
1742097665.3071332,64,-107,-82
1742097665.342133,-43,-15,-124
1742097665.378133,30,28,-94
1742097665.4131331,36,12,25
1742097665.4491332,-31,24,39
1742097665.484133,-15,62,-120
1742097665.520133,-57,16,-128
1742097665.555133,12,58,-116
1742097665.5901332,-47,22,7
1742097665.626133,38,10,-42
1742097665.661133,38,-43,-22
1742097665.697133,20,-117,31
1742097665.7321332,22,-35,43
1742097665.7681332,40,-57,-84
1742097665.803133,106,60,-70
1742097665.838133,6,-59,7
1742097665.874133,-29,30,39
1742097665.9091332,10,-79,29
1742097665.945133,6,-29,53
1742097665.980133,50,-5,-146
1742097666.016133,38,-3,-108
1742097666.0511332,40,-35,-26
1742097666.086133,70,34,-12
1742097666.122133,68,-21,35
1742097666.157133,34,-19,-16
1742097666.193133,22,6,-64
1742097666.2281332,-27,14,25
1742097666.264133,58,-7,13
1742097666.300133,-57,-3,-24
1742097666.336133,-5,-1,83
1742097666.372133,-61,0,-100
1742097666.408133,8,32,85
1742097666.444133,-67,64,-60
1742097666.4791331,58,100,-264
1742097666.514133,-65,42,-58
1742097666.550133,0,8,-90
1742097666.586133,-29,-69,-22
1742097666.621133,-15,14,-10
1742097666.657133,-39,14,-116
1742097666.6921332,-93,-39,45
1742097666.727133,-15,0,-18
1742097666.7621331,44,-33,31
1742097666.7981331,94,52,-46
1742097666.8341331,-3,-31,15
1742097666.869133,118,-11,-162
1742097666.905133,0,-9,-32
1742097666.940133,20,4,-84
1742097666.9751332,70,-13,47
1742097667.010133,60,50,-6
1742097667.046133,-3,-43,85
1742097667.082133,82,-51,29
1742097667.1171331,22,-65,-130
1742097667.1531332,4,-45,-112
1742097667.188133,112,-33,-142
1742097667.223133,6,-21,-4
1742097667.2581332,-37,46,35
1742097667.2941332,-1,-85,-74
1742097667.3301332,-23,10,-162
1742097667.365133,6,0,-134
1742097667.401133,6,12,9
1742097667.4361331,12,70,-66
1742097667.471133,24,24,-8
1742097667.506133,-25,18,-144
1742097667.542133,-39,-15,-66
1742097667.578133,44,22,-18
1742097667.6131332,-7,-35,-150
1742097667.649133,-13,-21,-32
1742097667.684133,38,-1,49
1742097667.7191331,4,28,-154
1742097667.754133,-3,-19,-30
1742097667.790133,28,92,41
1742097667.826133,-67,-15,-62
1742097667.861133,-63,62,-90
1742097667.897133,14,46,23
1742097667.9321332,-73,28,-22
1742097667.967133,32,-9,-56
1742097668.0021331,100,-17,-106
1742097668.0381331,28,16,55
1742097668.0741332,-17,-31,-88
1742097668.109133,12,66,-6
1742097668.145133,40,32,55
1742097668.180133,16,2,5
1742097668.2151332,50,68,31
1742097668.250133,66,-37,-86
1742097668.286133,50,28,-16
1742097668.322133,72,-15,-108
1742097668.3571332,-31,16,59
1742097668.3931332,-31,34,-76
1742097668.428133,-7,20,49
1742097668.463133,-45,54,-68
1742097668.4981332,-9,-9,63
1742097668.5341332,-7,-17,37
1742097668.570133,-7,-33,-98
1742097668.605133,-39,78,-14
1742097668.641133,-71,36,-10
1742097668.6761332,-21,112,-84
1742097668.711133,36,-47,23
1742097668.746133,4,6,23
1742097668.782133,32,-11,-64
1742097668.818133,-59,64,-186
1742097668.8531332,-17,6,7
1742097668.889133,-47,18,9
1742097668.924133,2,22,0
1742097668.9591331,54,34,129
1742097668.994133,-21,56,35
1742097669.030133,-41,88,31
1742097669.066133,6,-29,3
1742097669.101133,6,-45,37
1742097669.1371331,100,-31,5
1742097669.172133,-49,52,-32
1742097669.207133,2,-51,-122
1742097669.2421331,8,38,-42
1742097669.2781332,6,4,-48
1742097669.3141332,20,16,-166
1742097669.349133,72,-21,-60
1742097669.385133,16,0,-28
1742097669.420133,-31,12,-24
1742097669.4551332,-3,-47,35
1742097669.490133,6,20,-54
1742097669.526133,16,22,-58
1742097669.562133,18,70,-130
1742097669.5971332,-86,82,-44
1742097669.6331332,36,14,49
1742097669.668133,32,-3,-60
1742097669.703133,-35,-17,-42
1742097669.7381332,-15,26,-60
1742097669.774133,-33,-3,-92
1742097669.810133,30,14,33
1742097669.845133,20,-35,-10
1742097669.881133,40,0,67
1742097669.9161332,18,40,-134
1742097669.951133,74,-19,7
1742097669.986133,46,80,-18
1742097670.022133,-21,-1,103
1742097670.0581331,-7,-73,29
1742097670.093133,-61,20,59
1742097670.129133,24,2,-126
1742097670.164133,12,28,25
1742097670.1991332,-31,-89,-32
1742097670.234133,2,86,99
1742097670.270133,-59,-31,-36
1742097670.306133,-59,-7,3
1742097670.341133,-39,14,49
1742097670.3771331,-1,70,-118
1742097670.412133,16,-1,-20
1742097670.447133,10,-23,-40
1742097670.4821332,-79,30,-92
1742097670.5181332,-101,-39,-106
1742097670.5541332,-17,116,41
1742097670.589133,60,6,59
1742097670.625133,10,36,-128
1742097670.6601331,-41,-9,-12
1742097670.695133,-1,-33,-80
1742097670.730133,-13,-11,-106
1742097670.766133,0,-1,11
1742097670.802133,36,42,59
1742097670.8371332,2,16,-2
1742097670.8731332,40,34,-8
1742097670.908133,-7,38,-50
1742097670.943133,18,0,-148
1742097670.9791331,26,28,-108
1742097671.014133,64,-51,-106
1742097671.050133,38,50,-48
1742097671.085133,22,-29,-72
1742097671.121133,-47,-21,-46
1742097671.1561332,-39,-15,-24
1742097671.191133,-5,62,-56
1742097671.227133,-1,40,-68
1742097671.2621331,-23,-31,-4
1742097671.2981331,-11,-23,-62
1742097671.333133,-57,-93,-88
1742097671.369133,-11,-13,-70
1742097671.404133,-33,0,-40
1742097671.4391332,-29,26,35
1742097671.4751332,-39,-7,-74
1742097671.510133,-1,18,115
1742097671.546133,40,52,1
1742097671.5811331,-3,18,-14
1742097671.6171331,76,-31,1
1742097671.652133,-21,-3,-78
1742097671.687133,-33,16,-32
1742097671.723133,-77,26,-28
1742097671.7581332,26,4,-106
1742097671.7941332,-33,0,-34
1742097671.829133,-5,26,-32
1742097671.865133,2,-51,31
1742097671.9001331,-9,-9,37
1742097671.935133,52,6,85
1742097671.971133,6,-17,-234
1742097672.006133,14,-45,-40
1742097672.042133,8,-37,-108
1742097672.0771332,0,16,-52
1742097672.1131332,-51,16,-190
1742097672.148133,-35,32,-86
1742097672.1831331,-9,34,5
1742097672.2191331,64,84,45
1742097672.254133,30,4,61
1742097672.290133,34,-65,-130
1742097672.325133,18,-25,-58
1742097672.361133,-11,-45,-62
1742097672.3961332,18,-7,-100
1742097672.431133,38,-79,-8
1742097672.467133,-1,8,31
1742097672.5021331,36,88,-138
1742097672.5381331,-5,-1,-32
1742097672.573133,2,-61,-58
1742097672.609133,-45,-33,-10
1742097672.644133,-1,16,-60
1742097672.6791332,102,44,-48
1742097672.7151332,16,-15,1
1742097672.750133,72,46,-8
1742097672.786133,-95,-25,45
1742097672.8211331,-17,-35,-104
1742097672.8571332,-55,-53,-108
1742097672.892133,12,10,-4
1742097672.927133,0,26,-72
1742097672.963133,52,46,25
1742097672.9981332,116,-83,57
1742097673.0341332,2,-47,67
1742097673.069133,-35,46,-142
1742097673.1041331,-11,-5,-6
1742097673.139133,20,-9,-64
1742097673.175133,32,-13,31
1742097673.211133,34,44,-94
1742097673.246133,24,94,61
1742097673.282133,-107,-31,-18
1742097673.3171332,-75,-35,-6
1742097673.352133,-7,10,-44
1742097673.3871331,-47,44,71
1742097673.430133,44,24,-2
1742097673.467133,28,-1,35
1742097673.5021331,-81,-31,-148
1742097673.5381331,28,20,73
1742097673.573133,-1,4,-30
1742097673.608133,30,50,-12
1742097673.6431332,-39,-65,-8
1742097673.6791332,-59,-69,-132
1742097673.7151332,-61,12,-30
1742097673.750133,12,26,3
1742097673.786133,-19,30,-94
1742097673.8211331,-55,0,-50
1742097673.856133,42,38,77
1742097673.891133,30,-25,-112
1742097673.927133,30,38,9
1742097673.963133,138,-39,-14
1742097673.9981332,-9,20,-26
1742097674.0341332,-1,74,-90
1742097674.069133,6,12,-104
1742097674.1041331,28,-67,-56
1742097674.139133,4,26,17
1742097674.175133,-87,0,-10
1742097674.211133,6,48,-40
1742097674.246133,-19,32,-2
1742097674.282133,-77,-21,-92
1742097674.3171332,8,-73,-10
1742097674.352133,0,-33,87
1742097674.3871331,-3,24,-51
1742097674.4231331,-77,18,-57
1742097674.4591331,-41,-37,-5
1742097674.494133,-59,16,-81
1742097674.530133,-15,-33,-89
1742097674.565133,-9,14,-17
1742097674.6001332,-21,22,-45
1742097674.635133,26,26,-53
1742097674.671133,-57,-83,-5
1742097674.707133,2,26,-87
1742097674.7421331,-17,76,4
1742097674.7781332,-25,58,-43
1742097674.813133,-57,60,86
1742097674.848133,24,36,-21
1742097674.8831332,32,26,-137
1742097674.9191332,2,8,-51
1742097674.9551332,-86,-4,-65
1742097674.990133,-28,16,-95
1742097675.026133,-44,-4,-5
1742097675.0611331,46,16,-27
1742097675.096133,-44,28,-55
1742097675.131133,-22,24,-37
1742097675.167133,-16,12,-87
1742097675.203133,-44,0,-79
1742097675.2381332,46,-82,-37
1742097675.274133,24,8,-43
1742097675.309133,50,-9,158
1742097675.3441331,62,-25,54
1742097675.379133,-9,-55,-97
1742097675.415133,60,-63,-35
1742097675.451133,-23,-3,-85
1742097675.486133,50,12,-109
1742097675.522133,88,8,-31
1742097675.5571332,28,-63,-7
1742097675.592133,22,2,-61
1742097675.6271331,-59,106,34
1742097675.6631331,-13,28,-57
1742097675.6991332,94,-77,-79
1742097675.734133,-7,16,86
1742097675.770133,48,-11,18
1742097675.805133,6,-15,-49
1742097675.8401332,16,-53,-155
1742097675.875133,-29,-11,-35
1742097675.911133,46,-7,-37
1742097675.947133,42,-25,-53
1742097675.9821332,-63,42,-27
1742097676.0181332,104,30,-143
1742097676.053133,42,18,-15
1742097676.088133,-33,40,-55
1742097676.1231332,30,26,-21
1742097676.1591332,10,-117,-65
1742097676.195133,-77,44,0
1742097676.230133,28,18,-123
1742097676.266133,68,30,-15
1742097676.3011332,-41,-3,78
1742097676.336133,78,-75,2
1742097676.371133,-11,22,44
1742097676.407133,-65,10,-7
1742097676.443133,-1,4,56
1742097676.4781332,22,-17,-101
1742097676.514133,12,-23,-49
1742097676.549133,2,-31,24
1742097676.5841331,-45,34,-61
1742097676.6201332,6,82,26
1742097676.655133,-89,78,24
1742097676.691133,-47,-41,-117
1742097676.726133,48,-14,52
1742097676.7621331,16,77,-43
1742097676.797133,-59,47,-91
1742097676.832133,-35,0,-33
1742097676.8671331,46,11,-9
1742097676.9031332,78,-92,68
1742097676.9391332,30,64,-59
1742097676.974133,60,6,4
1742097677.010133,54,62,-145
1742097677.045133,-109,-5,-159
1742097677.0801332,-13,-1,-103
1742097677.115133,14,36,64
1742097677.151133,16,0,92
1742097677.187133,-11,92,38
1742097677.2221332,12,-13,-105
1742097677.2581332,-61,-73,-27
1742097677.293133,-39,12,-85
1742097677.328133,92,-29,-75
1742097677.3631332,46,24,86
1742097677.399133,80,-87,-79
1742097677.435133,-37,28,-71
1742097677.470133,-41,-23,-43
1742097677.506133,30,-57,-61
1742097677.5411332,-9,-1,10
1742097677.576133,-11,29,-27
1742097677.611133,40,38,-37
1742097677.647133,-65,98,-63
1742097677.6831331,38,24,4
1742097677.718133,4,6,-27
1742097677.754133,-19,8,4
1742097677.789133,6,-1,2
1742097677.8241332,42,-41,-91
1742097677.8601332,24,46,-33
1742097677.895133,46,2,-17
1742097677.931133,-16,52,-9
1742097677.966133,-29,23,-37
1742097678.0021331,80,-35,26
1742097678.037133,-33,50,32
1742097678.072133,16,-9,-73
1742097678.108133,36,-87,14
1742097678.1431332,-43,-25,4
1742097678.1791332,-51,-31,-151
1742097678.214133,46,-47,-29
1742097678.250133,-11,12,-109
1742097678.2851331,-16,2,38
1742097678.320133,37,-53,0
1742097678.356133,53,84,-175
1742097678.391133,57,22,-25
1742097678.427133,45,14,16
1742097678.4621332,43,-13,-29
1742097678.4981332,-6,-5,-123
1742097678.533133,65,-87,-101
1742097678.568133,-4,-37,22
1742097678.6041331,6,26,-3
1742097678.639133,22,22,-67
1742097678.675133,-71,46,-35
1742097678.710133,-67,10,-119
1742097678.746133,0,62,124
1742097678.7811332,-9,24,-23
1742097678.816133,62,22,-111
1742097678.852133,-45,-21,6
1742097678.8871331,86,26,-93
1742097678.9231331,52,-51,-45
1742097678.958133,-43,-27,-27
1742097678.994133,2,-75,-59
1742097679.029133,-43,38,-105
1742097679.0641332,50,12,-155
1742097679.1001332,-9,-9,-133
1742097679.135133,-15,66,-83
1742097679.171133,30,-13,-31
1742097679.2061331,62,18,-73
1742097679.2421331,32,-29,66
1742097679.277133,62,16,8
1742097679.312133,-43,4,-77
1742097679.348133,18,-49,-35
1742097679.3831332,-71,-71,-97
1742097679.4191332,-69,-9,-17
1742097679.454133,12,-7,-95
1742097679.490133,68,2,42
1742097679.5251331,30,-5,-73
1742097679.560133,8,-49,-13
1742097679.596133,-9,-9,10
1742097679.631133,36,2,-111
1742097679.667133,8,-53,-5
1742097679.7021332,24,-23,30
1742097679.7381332,10,-43,12
1742097679.773133,-19,22,-27
1742097679.8081331,0,-7,-133
1742097679.8441331,60,2,66
1742097679.879133,66,-25,-57
1742097679.915133,34,-47,-107
1742097679.950133,28,-23,-51
1742097679.986133,54,-33,-13
1742097680.0211332,18,14,6
1742097680.056133,-65,-23,-133
1742097680.092133,0,56,-15
1742097680.1271331,-76,-10,-69
1742097680.1631331,24,-9,-7
1742097680.198133,8,12,-49
1742097680.234133,-25,4,-119
1742097680.270133,22,-16,-81
1742097680.305133,92,31,-53
1742097680.3401332,-51,-20,8
1742097680.376133,-19,-40,-85
1742097680.412133,56,-17,-113
1742097680.447133,-25,16,-55
1742097680.483133,44,-57,-25
1742097680.5181332,6,-51,-69
1742097680.553133,-45,4,-129
1742097680.588133,-89,64,84
1742097680.624133,-9,-21,-83
1742097680.6601331,-3,-33,-11
1742097680.695133,60,12,-47
1742097680.731133,-5,-7,22
1742097680.766133,28,-21,-119
1742097680.8011332,-9,4,-43
1742097680.836133,-19,-17,-119
1742097680.872133,-41,42,-67
1742097680.908133,-43,-1,-69
1742097680.943133,42,24,-111
1742097680.9791331,-59,-19,-19
1742097681.014133,-49,-25,-35
1742097681.049133,-51,4,-19
1742097681.0841331,-11,16,116
1742097681.1201332,-21,-17,-47
1742097681.1561332,-83,-117,-39
1742097681.191133,16,24,110
1742097681.227133,-19,-17,90
1742097681.2621331,-17,-9,26
1742097681.297133,-43,-45,-47
1742097681.332133,-61,-23,-3
1742097681.368133,40,-11,-65
1742097681.404133,64,-11,12
1742097681.4391332,-1,-11,54
1742097681.4751332,-29,24,-59
1742097681.510133,100,-13,-131
1742097681.545133,100,2,-85
1742097681.5801332,74,68,-1
1742097681.616133,20,32,-17
1742097681.652133,-7,-87,-1
1742097681.687133,28,8,-75
1742097681.723133,36,-23,-41
1742097681.7581332,54,70,-129
1742097681.793133,78,28,-131
1742097681.828133,58,14,-59
1742097681.8641331,-17,4,28
1742097681.9001331,-25,-7,-47
1742097681.935133,66,-11,-141
1742097681.971133,22,-33,-33
1742097682.006133,58,36,4
1742097682.0411332,-47,38,-9
1742097682.076133,28,-37,-23
1742097682.112133,94,-17,-21
1742097682.148133,-55,-1,-7
1742097682.1831331,-1,36,-71
1742097682.2191331,-51,-9,-53
1742097682.254133,2,20,-7
1742097682.289133,12,40,-43
1742097682.3241332,-127,-59,10
1742097682.3601332,-99,14,-29
1742097682.3961332,40,8,-45
1742097682.431133,78,30,-139
1742097682.467133,20,68,-15
1742097682.5021331,-19,10,-63
1742097682.537133,44,32,-85
1742097682.572133,18,-13,-119
1742097682.608133,-11,22,20
1742097682.644133,-13,-23,-35
1742097682.6791332,38,36,-41
1742097682.7151332,-31,12,52
1742097682.750133,32,4,22
1742097682.7851331,-23,68,-67
1742097682.820133,6,-61,-55
1742097682.856133,6,-13,-165
1742097682.892133,-1,-17,-19
1742097682.927133,-23,-17,10
1742097682.963133,60,14,-59
1742097682.9981332,-83,-3,70
1742097683.033133,40,24,78
1742097683.068133,-97,20,8
1742097683.1041331,8,34,-11
1742097683.1401331,4,-19,-39
1742097683.175133,-67,-33,-15
1742097683.211133,46,0,54
1742097683.246133,28,42,-61
1742097683.2811332,-11,4,-11
1742097683.316133,-49,-11,0
1742097683.352133,64,-55,12
1742097683.388133,2,-35,54
1742097683.430133,14,-33,46
1742097683.467133,12,-39,-31
1742097683.5021331,24,24,-5
1742097683.537133,-35,-19,-71
1742097683.572133,-31,-1,-125
1742097683.608133,-23,-57,-57
1742097683.644133,24,-11,2
1742097683.6791332,62,-1,-117
1742097683.7151332,0,-77,-49
1742097683.750133,2,-65,-51
1742097683.7851331,-131,-51,12
1742097683.820133,2,62,-39
1742097683.856133,66,-27,-53
1742097683.892133,38,-25,-45
1742097683.927133,58,-21,38
1742097683.963133,88,0,-33
1742097683.9981332,36,-5,-115
1742097684.033133,-41,-49,-67
1742097684.068133,30,4,-36
1742097684.1041331,-13,44,0
1742097684.1401331,4,-5,57
1742097684.175133,10,42,-56
1742097684.211133,-13,-25,-32
1742097684.246133,-17,-27,98
1742097684.2811332,8,-59,-36
1742097684.316133,34,-117,-92
1742097684.352133,34,-51,-170
1742097684.388133,-17,10,-78
1742097684.4231331,46,-45,11
1742097684.4591331,18,40,-92
1742097684.494133,-7,24,-38
1742097684.529133,0,4,-86
1742097684.565133,-17,50,47
1742097684.6001332,50,6,-111
1742097684.6361332,-1,18,-26
1742097684.671133,78,-17,-44
1742097684.707133,-29,50,37
1742097684.7421331,-67,80,-120
1742097684.777133,-67,22,85
1742097684.813133,30,-59,-54
1742097684.848133,20,44,47
1742097684.884133,-39,40,19
1742097684.9191332,-53,-21,-82
1742097684.9551332,90,20,-94
1742097684.990133,26,-13,-98
1742097685.0251331,-59,-17,-24
1742097685.0611331,-91,-21,-10
1742097685.096133,8,-37,61
1742097685.132133,8,-49,13
1742097685.167133,-73,-69,5
1742097685.203133,-9,-33,33
1742097685.2381332,50,20,-146
1742097685.273133,28,76,-16
1742097685.309133,-77,38,41
1742097685.3441331,-21,-39,-8
1742097685.3801332,-87,-27,3
1742097685.415133,-19,-9,17
1742097685.451133,-87,36,-68
1742097685.486133,44,-25,-6
1742097685.5211332,32,-61,13
1742097685.5571332,20,-5,95
1742097685.592133,-79,-9,-152
1742097685.628133,-7,-13,-134
1742097685.6631331,-69,-49,-18
1742097685.6991332,-65,-1,-120
1742097685.734133,-59,6,-42
1742097685.769133,-31,-1,-64
1742097685.805133,26,32,87
1742097685.8401332,44,-19,-40
1742097685.876133,-41,-3,-30
1742097685.911133,-17,-45,0
1742097685.947133,-23,23,-84
1742097685.9821332,-45,-75,45
1742097686.017133,10,-25,-58
1742097686.053133,-35,54,-156
1742097686.088133,52,34,-52
1742097686.124133,-59,88,-38
1742097686.1591332,12,-13,-42
1742097686.195133,66,-21,39
1742097686.230133,28,20,-60
1742097686.2651331,-9,12,61
1742097686.3011332,66,-41,-170
1742097686.336133,42,8,65
1742097686.372133,38,34,-56
1742097686.407133,28,-3,77
1742097686.443133,-15,24,45
1742097686.4781332,68,-3,9
1742097686.513133,-5,-9,-58
1742097686.549133,34,50,-146
1742097686.5841331,-45,22,-112
1742097686.6201332,-59,-9,-6
1742097686.655133,-29,-83,-2
1742097686.691133,-25,20,0
1742097686.726133,78,2,3
1742097686.7611332,-87,-59,-66
1742097686.797133,-13,34,39
1742097686.832133,38,-21,-54
1742097686.868133,60,18,25
1742097686.9031332,-45,-7,-54
1742097686.9391332,58,-13,5
1742097686.974133,64,-9,-18
1742097687.009133,-53,-35,55
1742097687.045133,2,2,21
1742097687.0801332,-103,6,-144
1742097687.116133,-31,50,-52
1742097687.151133,-19,82,-86
1742097687.187133,66,8,-114
1742097687.223133,14,-11,-32
1742097687.2581332,36,24,-92
1742097687.293133,2,-29,-54
1742097687.329133,-29,32,-140
1742097687.365133,-1,68,-82
1742097687.4001331,4,-23,-70
1742097687.4361331,-49,-45,43
1742097687.471133,-13,-3,-30
1742097687.506133,2,28,53
1742097687.5411332,120,-77,-116
1742097687.5771332,-19,-7,-28
1742097687.6131332,64,28,-32
1742097687.648133,2,8,-10
1742097687.684133,6,-21,33
1742097687.7191331,48,44,-14
1742097687.754133,54,-5,-66
1742097687.789133,-81,64,-16
1742097687.825133,-5,-31,59
1742097687.861133,-79,-23,-16
1742097687.8961332,-23,0,-60
1742097687.9321332,-9,-55,-80
1742097687.967133,-43,-37,15
1742097688.0021331,106,-5,-98
1742097688.037133,-25,26,-90
1742097688.073133,66,26,-42
1742097688.109133,14,41,-82
1742097688.144133,-65,23,33
1742097688.180133,78,-14,-46
1742097688.2151332,60,34,-26
1742097688.250133,-1,-75,23
1742097688.2851331,-11,-19,-62
1742097688.3211331,12,-58,-124
1742097688.3571332,-65,-10,-22
1742097688.392133,-107,13,-86
1742097688.428133,90,6,-88
1742097688.463133,-13,13,11
1742097688.4981332,46,51,97
1742097688.533133,36,-20,-86
1742097688.569133,96,64,37
1742097688.605133,-59,-21,-42
1742097688.6401331,66,-25,29
1742097688.6761332,-35,12,-62
1742097688.711133,-71,-15,-178
1742097688.746133,-75,12,29
1742097688.7811332,-33,34,-16
1742097688.8171332,28,-45,-10
1742097688.8531332,-75,-13,19
1742097688.888133,36,4,-30
1742097688.924133,78,8,53
1742097688.9591331,-61,-15,27
1742097688.994133,20,14,-42
1742097689.029133,-32,30,-110
1742097689.065133,-3,33,-54
1742097689.101133,26,28,43
1742097689.1361332,112,44,65
1742097689.172133,-7,-53,5
1742097689.207133,34,2,35
1742097689.2421331,-20,-19,-28
1742097689.277133,-35,-59,-58
1742097689.313133,1,2,-70
1742097689.349133,69,68,1
1742097689.384133,-6,-25,-64
1742097689.420133,-10,10,-16
1742097689.4551332,23,14,1
1742097689.490133,67,-7,-20
1742097689.5251331,17,10,-24
1742097689.5611331,-2,10,-36
1742097689.5971332,-22,-79,-156
1742097689.632133,-1,-63,-2
1742097689.668133,28,-95,-12
1742097689.703133,-59,-29,-80
1742097689.7381332,34,-59,149
1742097689.773133,38,-55,-62
1742097689.809133,20,48,21
1742097689.845133,24,-147,1
1742097689.8801332,32,72,-54
1742097689.9161332,34,-23,15
1742097689.951133,26,102,-22
1742097689.986133,57,-67,-12
1742097690.0211332,-24,-79,-22
1742097690.0571332,31,-27,-16
1742097690.093133,67,-27,-6
1742097690.128133,-10,38,29
1742097690.164133,-71,26,11
1742097690.1991332,-79,-5,-70
1742097690.234133,50,-41,-70
1742097690.269133,28,14,31
1742097690.305133,38,-15,-70
1742097690.341133,58,52,-54
1742097690.376133,-37,2,-16
1742097690.412133,-9,48,-26
1742097690.447133,8,-5,-6
1742097690.4821332,-53,6,-20
1742097690.517133,-37,-7,1
1742097690.553133,10,46,7
1742097690.589133,12,-9,13
1742097690.624133,-15,50,-14
1742097690.6601331,48,26,-54
1742097690.695133,-61,-63,-4
1742097690.730133,20,-11,11
1742097690.7651331,-41,-19,37
1742097690.8011332,-1,4,-68
1742097690.8371332,-31,-9,123
1742097690.872133,-21,66,-98
1742097690.908133,-49,108,-18
1742097690.943133,86,-9,-128
1742097690.9781332,-21,-25,-96
1742097691.013133,-15,-43,-74
1742097691.049133,-77,14,-34
1742097691.085133,-43,-95,-110
1742097691.1201332,17,20,-52
1742097691.1561332,-27,0,19
1742097691.191133,-39,32,-16
1742097691.226133,44,-31,-48
1742097691.2621331,44,-13,23
1742097691.297133,-11,-13,-72
1742097691.333133,0,52,21
1742097691.368133,-31,-67,-30
1742097691.404133,88,8,27
1742097691.4391332,98,-27,-106
1742097691.474133,-55,0,-152
1742097691.510133,-53,24,-116
1742097691.545133,50,-25,-132
1742097691.5811331,-27,4,89
1742097691.616133,-71,8,13
1742097691.652133,-47,-29,47
1742097691.687133,-17,6,-30
1742097691.7221332,-5,96,-72
1742097691.7581332,-59,-17,9
1742097691.793133,-49,-23,-20
1742097691.829133,78,-65,1
1742097691.8641331,-149,8,9
1742097691.9001331,-21,-51,-46
1742097691.935133,-45,16,-58
1742097691.970133,-51,0,0
1742097692.006133,18,10,67
1742097692.0411332,-41,-51,-94
1742097692.0771332,-41,-23,71
1742097692.112133,22,-1,117
1742097692.148133,-97,-29,77
1742097692.1831331,-71,14,-8
1742097692.218133,26,-37,-66
1742097692.254133,4,60,-94
1742097692.289133,-25,46,31
1742097692.325133,128,32,-28
1742097692.3601332,16,-57,-154
1742097692.3961332,-35,40,-68
1742097692.431133,-45,-25,-12
1742097692.466133,-53,130,-76
1742097692.5021331,24,-33,-156
1742097692.537133,-59,6,-20
1742097692.573133,-26,44,-32
1742097692.608133,6,-29,-136
1742097692.644133,-75,42,-100
1742097692.6791332,46,50,-12
1742097692.714133,-57,16,-32
1742097692.750133,-4,-3,-42
1742097692.7851331,-80,-47,-18
1742097692.8211331,13,-29,-12
1742097692.856133,21,0,-36
1742097692.892133,-32,34,-22
1742097692.927133,63,-33,-62
1742097692.9621332,-50,66,-54
1742097692.9981332,-22,-7,-46
1742097693.033133,53,30,-30
1742097693.069133,53,52,21
1742097693.1041331,81,38,5
1742097693.1401331,2,26,-48
1742097693.175133,71,32,-54
1742097693.210133,-94,20,-54
1742097693.246133,-42,38,-26
1742097693.2811332,29,70,21
1742097693.3171332,57,-31,5
1742097693.352133,29,50,19
1742097693.388133,0,6,-94
1742097693.4231331,11,14,-14
1742097693.4651332,55,-27,-80
1742097693.5021331,27,12,3
1742097693.537133,35,-5,33
1742097693.573133,-14,0,47
1742097693.608133,-64,-113,-100
1742097693.644133,-2,28,13
1742097693.6791332,7,60,45
1742097693.714133,-98,-13,51
1742097693.750133,27,-27,-24
1742097693.7851331,17,14,-14
1742097693.8211331,27,-1,-88
1742097693.856133,50,48,-96
1742097693.892133,33,-23,-8
1742097693.927133,25,-103,-106
1742097693.9621332,18,-5,-34
1742097693.9981332,65,36,75
1742097694.033133,53,-67,-18
1742097694.069133,64,-15,87
1742097694.1041331,-3,-65,-62
1742097694.139133,2,32,-2
1742097694.174133,-21,26,0
1742097694.210133,6,4,-62
1742097694.246133,-71,-3,-56
1742097694.2811332,82,-77,-76
1742097694.3171332,16,50,-76
1742097694.352133,36,4,29
1742097694.3871331,26,72,-144
1742097694.422133,32,-75,9
1742097694.458133,-57,-31,-26
1742097694.494133,6,-17,-80
1742097694.529133,14,-11,-4
1742097694.565133,-1,14,103
1742097694.6001332,-43,-15,-122
1742097694.635133,8,-57,49
1742097694.670133,-13,-1,-84
1742097694.7061331,20,-51,33
1742097694.7421331,-19,-55,29
1742097694.777133,36,10,49
1742097694.813133,6,36,41
1742097694.848133,42,36,-112
1742097694.8831332,-39,22,-86
1742097694.918133,-21,-45,-94
1742097694.954133,-59,46,-34
1742097694.990133,-41,-41,-118
1742097695.0251331,32,-91,17
1742097695.0611331,76,42,-152
1742097695.096133,-19,-17,-14
1742097695.131133,12,34,-24
1742097695.1661332,-3,20,-24
1742097695.2021332,66,0,19
1742097695.2381332,50,-31,-94
1742097695.273133,-15,4,41
1742097695.309133,20,14,-56
1742097695.3441331,-31,-35,-68
1742097695.379133,54,100,-8
1742097695.414133,104,-1,-102
1742097695.450133,-25,-43,-110
1742097695.486133,4,-79,27
1742097695.5211332,-33,10,-78
1742097695.5571332,-55,4,17
1742097695.592133,52,-17,-78
1742097695.6271331,16,-74,-72
1742097695.662133,6,28,11
1742097695.698133,-101,-31,-62
1742097695.734133,-37,4,-14
1742097695.769133,2,0,47
1742097695.805133,24,34,65
1742097695.8401332,14,28,-26
1742097695.875133,68,-39,81
1742097695.9101331,-43,-43,-42
1742097695.9461331,18,46,-32
1742097695.9821332,-19,-77,-56
1742097696.017133,22,-13,61
1742097696.053133,-1,-53,-68
1742097696.088133,-67,-47,185
1742097696.1231332,-37,8,-100
1742097696.158133,30,-25,-8
1742097696.194133,-63,-67,-66
1742097696.230133,82,8,-82
1742097696.2651331,-57,-11,13
1742097696.3011332,4,-5,1
1742097696.336133,-19,52,-10
1742097696.371133,-31,-7,-48
1742097696.4061332,24,-47,-78
1742097696.4421332,44,-15,-54
1742097696.4781332,30,-57,5
1742097696.513133,30,-63,-64
1742097696.549133,-41,40,-34
1742097696.5841331,-9,0,55
1742097696.619133,-65,12,-58
1742097696.654133,-21,24,-22
1742097696.690133,-19,82,-16
1742097696.726133,-48,2,5
1742097696.7611332,35,-25,-52
1742097696.797133,-25,32,29
1742097696.832133,19,-37,-96
1742097696.8671331,-26,-59,-82
1742097696.902133,51,-67,3
1742097696.938133,51,122,-44
1742097696.974133,-26,14,37
1742097697.009133,5,-29,-110
1742097697.045133,24,-17,-8
1742097697.0801332,2,-21,95
1742097697.115133,37,-59,-118
1742097697.1501331,-2,32,41
1742097697.1861331,-80,38,81
1742097697.2221332,45,46,71
1742097697.257133,17,-7,65
1742097697.293133,-30,8,-88
1742097697.328133,-20,-23,-54
1742097697.3631332,-70,70,-118
1742097697.398133,73,30,-40
1742097697.434133,-72,0,-74
1742097697.470133,-50,-23,37
1742097697.5051332,61,20,53
1742097697.5411332,-18,38,75
1742097697.576133,5,0,-48
1742097697.611133,77,0,-12
1742097697.6461332,-52,-79,3
1742097697.6821332,-2,-21,-124
1742097697.718133,0,38,-24
1742097697.753133,-54,44,23
1742097697.789133,-18,8,-30
1742097697.8241332,89,-29,-72
1742097697.859133,-54,52,-34
1742097697.894133,-45,34,5
1742097697.930133,-20,30,-80
1742097697.966133,-24,-61,25
1742097698.001133,-30,-9,-42
1742097698.037133,5,-17,-146
1742097698.072133,-27,18,-138
1742097698.1071332,8,-9,1
1742097698.142133,14,-1,-152
1742097698.178133,34,2,5
1742097698.214133,-21,-35,-38
1742097698.249133,-55,38,3
1742097698.2851331,-73,-17,-84
1742097698.320133,3,20,31
1742097698.355133,-56,6,-60
1742097698.391133,-24,38,-14
1742097698.4261332,101,0,-66
1742097698.4621332,51,8,-168
1742097698.497133,61,86,-62
1742097698.533133,-34,0,-82
1742097698.568133,1,-137,-128
1742097698.6031332,13,44,-14
1742097698.639133,-24,20,-56
1742097698.674133,15,-9,-32
1742097698.710133,29,-29,19
1742097698.7451332,-8,62,-82
1742097698.7811332,-13,-53,-22
1742097698.816133,68,-39,-16
1742097698.851133,44,32,91
1742097698.8871331,30,-73,7
1742097698.922133,22,-17,-48
1742097698.958133,18,82,43
1742097698.993133,-39,12,-86
1742097699.029133,26,-21,113
1742097699.0641332,-13,-71,11
1742097699.099133,24,18,-124
1742097699.135133,40,38,-82
1742097699.170133,4,14,-48
1742097699.2061331,38,10,-28
1742097699.241133,-5,-27,-34
1742097699.277133,66,-41,-4
1742097699.312133,-35,-33,127
1742097699.3471332,-45,-39,-16
1742097699.3831332,38,-53,-70
1742097699.418133,0,24,-132
1742097699.454133,8,72,-36
1742097699.4891331,-5,-23,-4
1742097699.5251331,-43,-43,-42
1742097699.560133,40,-53,-82
1742097699.595133,-45,102,-76
1742097699.631133,-41,-57,57
1742097699.6661332,24,-31,-58
1742097699.7021332,-49,-63,-120
1742097699.737133,12,-17,21
1742097699.773133,-21,-17,-126
1742097699.8081331,8,-19,-90
1742097699.843133,10,64,-4
1742097699.879133,-17,-17,-8
1742097699.914133,-75,14,15
1742097699.950133,16,17,7
1742097699.9851332,-13,20,-32
1742097700.0211332,30,5,-14
1742097700.056133,30,-10,17
1742097700.091133,-23,-12,31
1742097700.1271331,28,15,10
1742097700.162133,20,11,-47
1742097700.198133,-17,19,-211
1742097700.233133,4,-77,2
1742097700.269133,64,-5,38
1742097700.3041332,-65,-67,20
1742097700.339133,-5,-35,-75
1742097700.375133,46,54,-97
1742097700.4101331,-27,48,-51
1742097700.4461331,-73,66,62
1742097700.481133,-39,-17,-81
1742097700.517133,28,36,18
1742097700.552133,-117,10,76
1742097700.5871332,0,-53,-75
1742097700.6231332,2,12,-31
1742097700.658133,4,58,-75
1742097700.694133,-33,-67,-105
1742097700.7291331,18,-57,6
1742097700.764133,44,16,-97
1742097700.799133,52,-57,184
1742097700.835133,-19,-5,-83
1742097700.871133,80,30,-19
1742097700.9061332,20,-17,-47
1742097700.9421332,36,-51,-61
1742097700.977133,92,4,36
1742097701.0121331,4,6,52
1742097701.047133,-9,-41,16
1742097701.083133,-65,0,-39
1742097701.119133,-103,-49,-91
1742097701.154133,-9,2,-83
1742097701.190133,34,-11,-143
1742097701.2251332,2,48,-67
1742097701.260133,-51,10,-57
1742097701.295133,18,-21,20
1742097701.3311331,28,-31,-59
1742097701.3671331,-31,-11,-87
1742097701.402133,88,54,-139
1742097701.438133,60,2,18
1742097701.473133,-29,18,16
1742097701.5081332,20,-57,-113
1742097701.543133,12,-19,86
1742097701.579133,-49,-7,40
1742097701.615133,8,-17,80
1742097701.6501331,-91,-55,-45
1742097701.6861331,12,50,-93
1742097701.721133,28,-79,-145
1742097701.756133,46,-21,-35
1742097701.7911332,-5,58,-3
1742097701.8271332,-11,36,-113
1742097701.8631332,-13,-35,-39
1742097701.898133,22,-13,34
1742097701.934133,-79,-41,44
1742097701.9691331,-3,-25,-103
1742097702.004133,16,16,-11
1742097702.039133,0,34,-31
1742097702.075133,-45,0,22
1742097702.111133,-61,-29,38
1742097702.1461332,-11,30,36
1742097702.1821332,6,54,-37
1742097702.217133,-31,10,-67
1742097702.2521331,-27,52,-125
1742097702.287133,-5,48,-117
1742097702.323133,20,80,0
1742097702.359133,16,8,10
1742097702.394133,78,-7,-133
1742097702.430133,16,8,-55
1742097702.4651332,4,0,20
1742097702.500133,-11,20,-51
1742097702.5351331,42,-49,-61
1742097702.5711331,32,62,-79
1742097702.6071332,-43,-21,24
1742097702.642133,28,36,20
1742097702.678133,44,28,-59
1742097702.713133,82,-51,82
1742097702.7481332,8,-91,-97
1742097702.783133,22,-13,-33
1742097702.819133,-17,36,-65
1742097702.855133,-11,-105,-41
1742097702.8901331,36,10,72
1742097702.9261332,-27,-37,-85
1742097702.961133,-49,-19,-19
1742097702.996133,42,-3,-97
1742097703.0311332,-37,54,124
1742097703.0671332,-27,-33,72
1742097703.1031332,40,8,-69
1742097703.138133,42,10,12
1742097703.174133,16,26,-21
1742097703.2091331,68,56,-61
1742097703.244133,-1,-45,-159
1742097703.279133,-87,30,-11
1742097703.315133,-67,-5,-85
1742097703.351133,46,26,22
1742097703.3861332,-23,-13,68
1742097703.422133,32,34,22
1742097703.457133,88,22,-77
1742097703.499133,-11,-47,-89
1742097703.5351331,-9,58,-43
1742097703.5711331,-77,30,-29
1742097703.6071332,70,16,12
1742097703.642133,-21,54,-43
1742097703.678133,72,-55,-135
1742097703.713133,-3,90,-5
1742097703.7481332,6,14,-87
1742097703.783133,-17,-31,-75
1742097703.819133,-47,-41,66
1742097703.855133,-93,76,-95
1742097703.8901331,-69,86,-25
1742097703.9261332,44,-33,-9
1742097703.961133,-5,60,-61
1742097703.996133,-53,39,-29
1742097704.0311332,38,29,-49
1742097704.0671332,8,-1,-39
1742097704.1031332,-7,29,4
1742097704.138133,68,35,-137
1742097704.174133,-7,-64,-3
1742097704.2091331,64,-42,42
1742097704.244133,42,-4,-135
1742097704.279133,76,6,-87
1742097704.315133,-6,-48,-157
1742097704.351133,30,-20,78
1742097704.3861332,12,-4,22
1742097704.422133,34,-4,6
1742097704.457133,-17,-98,8
1742097704.4921331,38,-24,-33
1742097704.527133,40,-58,14
1742097704.563133,24,-14,0
1742097704.599133,0,0,-125
1742097704.634133,10,-32,-77
1742097704.670133,88,73,-75
1742097704.7051332,40,50,26
1742097704.740133,28,43,-19
1742097704.7751331,-77,-13,-141
1742097704.8111331,48,-56,-25
1742097704.8471332,72,11,48
1742097704.882133,-23,24,48
1742097704.918133,-63,2,-21
1742097704.953133,-39,-49,0
1742097704.9881332,80,-21,-5
1742097705.023133,24,84,2
1742097705.059133,6,-17,-93
1742097705.095133,36,70,26
1742097705.1301332,38,10,26
1742097705.1661332,12,-29,-7
1742097705.201133,-11,-15,-117
1742097705.236133,42,-73,-41
1742097705.272133,60,-5,-7
1742097705.3071332,48,26,-93
1742097705.343133,26,34,-53
1742097705.378133,-53,40,-49
1742097705.414133,66,-19,6
1742097705.4491332,44,32,-47
1742097705.484133,40,22,-37
1742097705.520133,44,4,-87
1742097705.555133,62,30,-93
1742097705.591133,64,-1,-85
1742097705.626133,30,0,-35
1742097705.662133,74,42,10
1742097705.697133,-37,-89,-41
1742097705.7321332,-79,-15,-69
1742097705.7681332,58,12,48
1742097705.803133,-95,-5,36
1742097705.839133,-39,-41,-15
1742097705.874133,-49,-15,-73
1742097705.9101331,-53,-7,-91
1742097705.945133,40,-59,-75
1742097705.980133,-53,0,60
1742097706.016133,48,2,42
1742097706.0511332,-63,36,-47
1742097706.0871332,-83,48,-111
1742097706.122133,58,22,46
1742097706.158133,-75,40,-137
1742097706.193133,-7,-73,-55
1742097706.2281332,66,-1,-77
1742097706.264133,-75,-23,-97
1742097706.299133,48,-77,50
1742097706.335133,-71,6,-93
1742097706.3701332,-5,10,-143
1742097706.4061332,-37,26,-11
1742097706.441133,16,-19,-119
1742097706.476133,-5,16,66
1742097706.5121331,22,-13,74
1742097706.547133,80,-29,-25
1742097706.583133,48,2,66
1742097706.618133,12,-15,68
1742097706.654133,58,10,-179
1742097706.6891332,18,84,-93
1742097706.724133,-45,8,-19
1742097706.760133,-9,54,4
1742097706.795133,-21,30,-33
1742097706.8311331,32,-3,-5
1742097706.866133,-7,-47,-161
1742097706.902133,34,72,-29
1742097706.937133,-25,58,-13
1742097706.9721332,-13,-13,-29
1742097707.0081332,-21,-15,-11
1742097707.043133,40,24,-23
1742097707.079133,-69,-29,8
1742097707.1141331,-3,-25,-105
1742097707.1501331,-39,14,-71
1742097707.185133,90,30,26
1742097707.220133,-23,-59,24
1742097707.256133,38,-53,-29
1742097707.2911332,-19,44,-3
1742097707.3271332,-1,-51,-3
1742097707.362133,30,68,-25
1742097707.398133,-33,-43,24
1742097707.4331331,6,-41,-81
1742097707.468133,22,-17,-31
1742097707.504133,-19,-53,8
1742097707.539133,-37,-3,-81
1742097707.575133,20,2,-5
1742097707.6101332,-31,48,18
1742097707.6461332,26,-37,20
1742097707.681133,-71,-25,74
1742097707.716133,-37,12,12
1742097707.7521331,56,-21,-11
1742097707.787133,22,-47,-3
1742097707.823133,-57,30,-47
1742097707.858133,36,46,-37
1742097707.8931332,10,-29,-53
1742097707.928133,-9,80,-15
1742097707.964133,40,-15,-33
1742097708.000133,52,-31,82
1742097708.0351331,50,38,38
1742097708.0711331,-25,-19,-81
1742097708.106133,36,34,10
1742097708.141133,-25,2,68
1742097708.1761332,-45,38,42
1742097708.2121332,8,60,-45
1742097708.2481332,26,48,40
1742097708.283133,-75,-71,-27
1742097708.319133,-43,-3,100
1742097708.3541331,-35,18,-49
1742097708.389133,6,-57,-169
1742097708.424133,-67,106,-21
1742097708.460133,10,-9,-71
1742097708.496133,-9,-3,-111
1742097708.5311332,-3,18,52
1742097708.5671332,-41,4,-85
1742097708.602133,18,36,102
1742097708.6371331,-109,-33,10
1742097708.672133,-27,-79,0
1742097708.708133,-29,4,-13
1742097708.744133,-35,42,-75
1742097708.779133,10,-15,-87
1742097708.815133,62,6,-27
1742097708.8501332,32,-27,20
1742097708.885133,-63,26,24
1742097708.920133,44,30,-149
1742097708.9561331,-1,6,2
1742097708.9921331,40,-15,-71
1742097709.027133,26,42,-33
1742097709.063133,-45,-3,-13
1742097709.098133,-41,-33,-57
1742097709.1331332,60,34,-83
1742097709.168133,-15,-1,56
1742097709.204133,-15,20,-111
1742097709.240133,-47,2,48
1742097709.2751331,6,-1,14
1742097709.3111331,-27,18,-5
1742097709.346133,4,40,-27
1742097709.381133,-29,-45,-81
1742097709.4161332,-29,-53,-71
1742097709.4521332,-1,20,-49
1742097709.4881332,-7,-3,50
1742097709.523133,4,-45,26
1742097709.559133,-57,-55,-177
1742097709.5941331,-5,78,-101
1742097709.629133,62,-33,30
1742097709.664133,34,104,46
1742097709.700133,-65,-51,-131
1742097709.736133,34,-49,-47
1742097709.7711332,38,72,168
1742097709.8071332,-15,-13,-23
1742097709.842133,-15,62,-33
1742097709.8771331,28,36,-1
1742097709.912133,-9,46,76
1742097709.948133,-9,12,12
1742097709.984133,100,-55,-123
1742097710.019133,-51,14,-17
1742097710.055133,6,14,-117
1742097710.0901332,2,1,120
1742097710.125133,-31,63,-17
1742097710.1601331,52,17,-113
1742097710.1961331,-27,-30,-95
1742097710.2321332,-65,-72,-29
1742097710.267133,58,-8,-3
1742097710.303133,58,-26,-73
1742097710.338133,-53,-98,10
1742097710.3731332,30,55,50
1742097710.408133,-53,-28,8
1742097710.444133,-79,21,-41
1742097710.480133,-51,35,-45
1742097710.5151331,18,7,-107
1742097710.5511332,24,-6,-97
1742097710.586133,-23,49,14
1742097710.621133,28,37,-79
1742097710.6561332,-53,77,-43
1742097710.6921332,64,21,-51
1742097710.7281332,-47,-58,-143
1742097710.763133,64,49,-6
1742097710.799133,22,9,53
1742097710.8341331,15,19,-70
1742097710.869133,1,61,-26
1742097710.904133,-16,-78,-12
1742097710.940133,34,94,-70
1742097710.976133,6,40,-36
1742097711.0111332,-72,-14,-36
1742097711.047133,102,21,-48
1742097711.082133,-17,23,-54
1742097711.1171331,-57,63,-10
1742097711.152133,30,-1,15
1742097711.188133,-57,-53,-98
1742097711.224133,-57,-37,-22
1742097711.259133,6,12,-18
1742097711.295133,-59,58,-68
1742097711.3301332,18,0,23
1742097711.365133,6,-43,103
1742097711.4001331,-73,37,-30
1742097711.4361331,-31,19,-82
1742097711.4721332,10,-12,-90
1742097711.507133,6,37,39
1742097711.543133,0,2,-54
1742097711.578133,-13,49,59
1742097711.6131332,8,-3,27
1742097711.648133,78,-35,57
1742097711.684133,58,-133,15
1742097711.720133,-19,-61,-108
1742097711.7551332,62,78,-94
1742097711.7911332,68,54,-48
1742097711.826133,6,32,-32
1742097711.861133,-11,18,-104
1742097711.8961332,-47,-17,-110
1742097711.9321332,24,-13,23
1742097711.968133,-41,56,-20
1742097712.003133,20,-7,73
1742097712.039133,-5,2,73
1742097712.0741332,88,10,-86
1742097712.109133,-37,-17,-118
1742097712.144133,-27,-59,-92
1742097712.180133,38,64,-94
1742097712.216133,6,-55,33
1742097712.251133,-7,-5,27
1742097712.287133,-7,82,-38
1742097712.322133,30,96,23
1742097712.3571332,44,-5,-112
1742097712.3931332,42,-55,-74
1742097712.428133,24,8,-12
1742097712.464133,-23,46,-110
1742097712.499133,-65,-7,0
1742097712.5351331,10,28,1
1742097712.570133,50,-27,-2
1742097712.605133,96,14,-82
1742097712.641133,2,60,-8
1742097712.6761332,20,40,-14
1742097712.7121332,18,16,21
1742097712.747133,-93,-23,-112
1742097712.783133,-17,44,67
1742097712.818133,50,-25,-82
1742097712.8531332,-27,18,-114
1742097712.889133,-7,-29,-42
1742097712.924133,-101,4,-80
1742097712.960133,4,-3,9
1742097712.9951332,-39,10,-6
1742097713.0311332,-71,-3,-14
1742097713.066133,26,62,-20
1742097713.101133,82,14,-94
1742097713.1371331,84,26,95
1742097713.172133,-63,26,-76
1742097713.208133,-73,30,-140
1742097713.243133,-81,52,9
1742097713.279133,30,104,-180
1742097713.3141332,-111,-11,-6
1742097713.349133,78,52,-84
1742097713.385133,24,-13,-42
1742097713.420133,-39,18,-90
1742097713.4561331,34,8,11
1742097713.491133,56,6,-90
1742097713.533133,-7,28,-14
1742097713.569133,-77,26,-100
1742097713.605133,-17,54,-100
1742097713.641133,-95,30,-98
1742097713.6761332,-51,-19,-30
1742097713.7121332,-11,-27,109
1742097713.747133,-49,82,-62
1742097713.783133,-9,-39,-134
1742097713.818133,78,22,-84
1742097713.8531332,-19,-3,-94
1742097713.889133,-55,38,-114
1742097713.924133,-13,-5,17
1742097713.960133,28,12,-78
1742097713.9951332,-55,38,-4
1742097714.0311332,60,12,-52
1742097714.066133,6,10,-2
1742097714.101133,-71,10,-12
1742097714.1371331,-55,24,-94
1742097714.172133,50,36,-16
1742097714.208133,48,37,-86
1742097714.243133,-3,62,-12
1742097714.279133,-1,5,-6
1742097714.3141332,26,-38,-48
1742097714.349133,-15,57,13
1742097714.385133,-23,-22,33
1742097714.420133,74,96,29
1742097714.4561331,10,-25,-16
1742097714.491133,-1,45,-90
1742097714.527133,-97,-29,53
1742097714.562133,24,-13,-120
1742097714.5971332,-19,-1,-82
1742097714.6331332,-35,16,-82
1742097714.668133,24,-27,-78
1742097714.704133,-27,12,-108
1742097714.7391331,48,-43,-50
1742097714.7751331,8,48,-76
1742097714.8111331,50,-27,31
1742097714.846133,2,8,-48
1742097714.881133,28,8,-26
1742097714.917133,-21,26,-150
1742097714.953133,10,-51,19
1742097714.9881332,-63,-83,-70
1742097715.024133,90,-31,-48
1742097715.059133,20,24,-26
1742097715.0941331,-9,-11,-90
1742097715.129133,34,-1,-82
1742097715.165133,26,-17,-52
1742097715.201133,-25,-15,5
1742097715.236133,-25,-25,-36
1742097715.272133,-15,-25,15
1742097715.3071332,22,12,-116
1742097715.342133,-45,-47,-22
1742097715.3771331,34,-13,-128
1742097715.4131331,-41,-47,-180
1742097715.4491332,14,24,39
1742097715.484133,-53,28,-12
1742097715.520133,-21,38,-60
1742097715.555133,28,52,7
1742097715.5901332,-7,12,-18
1742097715.625133,-11,-15,-90
1742097715.661133,-35,-41,35
1742097715.697133,-11,32,-14
1742097715.7321332,-57,104,69
1742097715.7681332,52,14,89
1742097715.803133,36,-35,47
1742097715.838133,-13,24,59
1742097715.8731332,0,80,-48
1742097715.9091332,2,-41,-186
1742097715.945133,-15,-5,-116
1742097715.980133,-13,-1,-26
1742097716.016133,22,38,-92
1742097716.0511332,86,-23,99
1742097716.086133,-53,-81,-18
1742097716.121133,52,66,-32
1742097716.157133,-7,0,-16
1742097716.193133,56,0,-118
1742097716.2281332,6,-15,-40
1742097716.264133,-11,-15,49
1742097716.299133,-1,20,-38
1742097716.3341331,-23,-19,-116
1742097716.369133,-33,-37,-54
1742097716.405133,-5,-45,-22
1742097716.441133,-45,22,3
1742097716.476133,48,-31,159
1742097716.5121331,-27,-51,-100
1742097716.547133,50,-17,-2
1742097716.582133,-85,30,-38
1742097716.6171331,70,8,-112
1742097716.6531332,18,24,25
1742097716.6891332,-27,-61,-78
1742097716.724133,110,0,39
1742097716.760133,-53,94,-98
1742097716.795133,-19,22,17
1742097716.8301332,-11,18,-60
1742097716.865133,16,-31,-42
1742097716.901133,-33,12,3
1742097716.937133,-17,-45,93
1742097716.9721332,-69,-47,73
1742097717.0081332,32,-35,-86
1742097717.043133,-109,-45,71
1742097717.078133,38,-49,15
1742097717.1131332,52,-37,9
1742097717.149133,-31,74,17
1742097717.185133,-19,-19,-8
1742097717.220133,-41,2,69
1742097717.256133,4,62,23
1742097717.2911332,-43,-11,-24
1742097717.326133,-31,-31,-98
1742097717.361133,-1,72,-96
1742097717.397133,48,-61,13
1742097717.4331331,46,-45,-106
1742097717.468133,24,16,-86
1742097717.504133,8,-31,17
1742097717.539133,-29,-59,-54
1742097717.5741332,-73,-119,-56
1742097717.609133,-21,-45,-38
1742097717.645133,-47,-23,21
1742097717.681133,14,20,-38
1742097717.716133,36,12,57
1742097717.7521331,-43,104,-108
1742097717.787133,84,44,-24
1742097717.822133,-25,-111,11
1742097717.8571332,-19,2,-56
1742097717.8931332,-51,-33,15
1742097717.9291332,28,-33,-56
1742097717.964133,-9,84,-74
1742097718.000133,-35,60,17
1742097718.0351331,-47,-39,-98
1742097718.070133,22,42,-54
1742097718.106133,-13,-15,-34
1742097718.141133,-1,-29,117
1742097718.177133,-17,22,117
1742097718.2121332,6,38,89
1742097718.2481332,74,62,-72
1742097718.283133,-39,16,-10
1742097718.318133,0,20,13
1742097718.3531332,18,40,45
1742097718.389133,-9,6,73
1742097718.425133,50,22,-84
1742097718.460133,-95,-7,-62
1742097718.496133,8,-27,49
1742097718.5311332,74,-55,-30
1742097718.566133,30,-39,-144
1742097718.601133,-17,46,-36
1742097718.6371331,-1,-19,0
1742097718.6731331,-65,-33,-88
1742097718.708133,-7,2,19
1742097718.744133,18,-13,95
1742097718.779133,60,14,-74
1742097718.8141332,32,-25,-48
1742097718.849133,22,-5,29
1742097718.885133,86,-25,11
1742097718.921133,36,-61,27
1742097718.9561331,-41,-71,-160
1742097718.9921331,-13,20,-58
1742097719.027133,98,-13,11
1742097719.062133,-19,22,-68
1742097719.098133,-9,-35,-42
1742097719.1331332,24,-23,-42
1742097719.1691332,80,14,-48
1742097719.204133,78,-23,27
1742097719.240133,44,-95,-78
1742097719.2751331,-19,-93,11
1742097719.310133,-35,6,-16
1742097719.346133,38,16,-104
1742097719.381133,-99,-23,45
1742097719.417133,38,14,19
1742097719.4521332,16,0,-12
1742097719.4881332,40,-57,-20
1742097719.523133,24,16,97
1742097719.5581331,44,-49,17
1742097719.5941331,12,34,99
1742097719.629133,30,-23,27
1742097719.665133,-29,32,-8
1742097719.700133,44,-33,-96
1742097719.736133,-43,56,-54
1742097719.7711332,20,34,-10
1742097719.806133,78,-11,-62
1742097719.842133,-75,8,-106
1742097719.8771331,-9,18,-110
1742097719.9131331,20,32,-88
1742097719.948133,-41,-29,-78
1742097719.984133,-23,-25,25
1742097720.019133,12,-69,33
1742097720.0541332,54,-21,-100
1742097720.0901332,90,-33,-68
1742097720.125133,28,20,-72
1742097720.161133,-45,38,7
1742097720.1961331,-23,-7,-120
1742097720.2321332,-33,38,15
1742097720.267133,-79,26,-2
1742097720.302133,16,-41,-68
1742097720.338133,40,28,-186
1742097720.3731332,-31,0,-28
1742097720.4091332,-83,-67,13
1742097720.444133,-5,-29,-82
1742097720.480133,-35,62,-118
1742097720.5151331,-85,-3,67
1742097720.550133,22,-9,-100
1742097720.586133,12,56,35
1742097720.621133,-45,-33,-72
1742097720.657133,-15,84,27
1742097720.6921332,-17,32,-84
1742097720.7281332,86,60,9
1742097720.763133,20,24,-142
1742097720.7981331,-5,-13,43
1742097720.8341331,-7,36,-8
1742097720.869133,78,22,45
1742097720.905133,28,40,47
1742097720.940133,26,-45,-44
1742097720.976133,72,20,29
1742097721.0111332,-25,-73,-64
1742097721.046133,28,4,-10
1742097721.082133,40,-5,-170
1742097721.1171331,-7,44,1
1742097721.1531332,90,2,83
1742097721.188133,46,30,-82
1742097721.224133,38,0,-20
1742097721.259133,-7,-17,-34
1742097721.2941332,-79,-1,-12
1742097721.3301332,-65,62,-106
1742097721.365133,2,-9,-2
1742097721.401133,-45,14,-36
1742097721.4361331,86,28,93
1742097721.4721332,-29,38,33
1742097721.507133,-53,22,-72
1742097721.542133,-5,-71,79
1742097721.578133,8,44,-54
1742097721.6131332,40,-111,-72
1742097721.649133,10,90,-2
1742097721.684133,2,-51,-112
1742097721.7191331,2,32,-14
1742097721.754133,70,8,35
1742097721.790133,-29,6,9
1742097721.826133,84,-19,-48
1742097721.861133,-13,22,-6
1742097721.897133,-33,2,1
1742097721.9321332,-39,48,87
1742097721.967133,-9,30,-60
1742097722.0021331,-25,56,-52
1742097722.0381331,-31,2,-92
1742097722.0741332,-95,0,-120
1742097722.109133,28,48,-68
1742097722.145133,44,-3,-30
1742097722.180133,86,8,-52
1742097722.2151332,-1,22,63
1742097722.250133,26,-55,11
1742097722.286133,-73,-29,71
1742097722.322133,-1,-33,3
1742097722.3571332,32,-9,-34
1742097722.3931332,42,8,-18
1742097722.428133,-43,-25,-102
1742097722.463133,6,-87,-116
1742097722.4981332,4,24,-162
1742097722.5341332,-5,-47,-130
1742097722.570133,48,36,-122
1742097722.605133,16,-71,3
1742097722.641133,56,-37,-62
1742097722.6761332,-9,46,-130
1742097722.711133,-37,-53,-30
1742097722.746133,58,-65,-78
1742097722.782133,10,52,-46
1742097722.818133,-103,-3,1
1742097722.8531332,-9,-27,87
1742097722.889133,10,24,-94
1742097722.924133,8,-77,-52
1742097722.9591331,16,-7,-92
1742097722.994133,10,0,-2
1742097723.030133,-63,-1,-32
1742097723.066133,-11,76,-24
1742097723.101133,38,0,-32
1742097723.1371331,4,-29,49
1742097723.172133,98,32,-18
1742097723.207133,28,-89,-56
1742097723.2421331,-11,46,-18
1742097723.2781332,-15,2,-98
1742097723.3141332,-83,-43,-180
1742097723.349133,54,-23,-76
1742097723.385133,76,-27,-166
1742097723.420133,-15,-33,-162
1742097723.4551332,-49,-41,1
1742097723.490133,-21,84,-26
1742097723.526133,46,84,-74
1742097723.569133,58,-49,39
1742097723.605133,18,26,-136
1742097723.641133,-3,-37,-24
1742097723.6761332,-13,78,-138
1742097723.711133,12,0,0
1742097723.746133,52,-19,-46
1742097723.782133,-1,10,-66
1742097723.818133,22,-31,-66
1742097723.8531332,40,-5,-28
1742097723.889133,-7,12,59
1742097723.924133,-25,-55,-52
1742097723.9591331,-37,-45,-30
1742097723.994133,-37,74,39
1742097724.030133,-54,-20,-124
1742097724.066133,-20,-20,-32
1742097724.101133,50,8,69
1742097724.1371331,-89,-23,0
1742097724.172133,-3,-11,-134
1742097724.207133,50,-2,1
1742097724.2421331,6,-21,47
1742097724.2781332,-14,42,81
1742097724.3141332,-8,4,-78
1742097724.349133,88,50,47
1742097724.385133,46,56,-6
1742097724.420133,22,8,-116
1742097724.4551332,48,6,69
1742097724.490133,-35,-26,-134
1742097724.526133,44,-42,51
1742097724.562133,106,-49,5
1742097724.5971332,-25,-5,-40
1742097724.6331332,72,90,-92
1742097724.668133,50,4,-88
1742097724.703133,-3,28,79
1742097724.7381332,40,10,-10
1742097724.774133,-21,-41,-46
1742097724.810133,-13,-45,15
1742097724.845133,82,4,-14
1742097724.881133,30,-23,-144
1742097724.9161332,56,-3,17
1742097724.951133,8,-91,3
1742097724.986133,-55,100,0
1742097725.022133,-33,-9,73
1742097725.0581331,-1,60,-78
1742097725.093133,36,8,-16
1742097725.129133,48,18,-24
1742097725.164133,34,16,81
1742097725.1991332,-7,-57,-16
1742097725.234133,72,-13,65
1742097725.270133,-17,-33,35
1742097725.306133,20,4,-28
1742097725.341133,16,30,-104
1742097725.3771331,18,-23,11
1742097725.412133,-107,-15,-4
1742097725.447133,24,8,-30
1742097725.4821332,80,-13,17
1742097725.5181332,-41,82,-70
1742097725.5541332,116,-15,-44
1742097725.589133,26,-3,-134
1742097725.625133,84,6,-56
1742097725.6601331,14,-5,-22
1742097725.695133,-99,-21,0
1742097725.730133,-23,-19,-80
1742097725.766133,-17,32,-52
1742097725.802133,-23,24,-12
1742097725.8371332,64,-27,-120
1742097725.8731332,-35,0,-28
1742097725.908133,-15,7,111
1742097725.943133,-7,-4,-52
1742097725.9791331,-45,-118,-8
1742097726.014133,56,1,-60
1742097726.050133,26,-108,-131
1742097726.085133,46,-18,-11
1742097726.121133,-33,-22,-80
1742097726.1561332,-3,19,14
1742097726.191133,66,-77,-2
1742097726.227133,20,-35,-2
1742097726.2621331,-33,-41,-54
1742097726.2981331,46,-57,46
1742097726.333133,40,96,26
1742097726.369133,-51,-13,6
1742097726.404133,-17,104,-17
1742097726.4391332,0,24,88
1742097726.4751332,6,-27,-81
1742097726.510133,-3,-13,2
1742097726.546133,-25,0,50
1742097726.5811331,-39,2,-105
1742097726.6171331,20,56,-57
1742097726.652133,-47,-17,-129
1742097726.687133,-13,40,-1
1742097726.723133,54,-45,-85
1742097726.7581332,14,92,84
1742097726.7941332,86,-1,22
1742097726.829133,36,2,-45
1742097726.865133,24,-5,-153
1742097726.9001331,-33,36,68
1742097726.935133,6,-31,-29
1742097726.971133,50,-25,14
1742097727.006133,-39,112,14
1742097727.042133,-63,22,-19
1742097727.0771332,-27,76,-37
1742097727.1131332,-3,84,4
1742097727.148133,-49,72,-33
1742097727.1831331,-5,-33,-91
1742097727.2191331,-43,10,-41
1742097727.254133,24,-1,-83
1742097727.290133,-85,16,-7
1742097727.325133,-5,44,50
1742097727.361133,90,-17,-187
1742097727.3961332,6,-5,-35
1742097727.431133,80,38,-93
1742097727.467133,80,30,-75
1742097727.5021331,-33,72,-17
1742097727.5381331,10,44,66
1742097727.573133,-7,-73,54
1742097727.609133,40,-49,-19
1742097727.644133,-35,-21,68
1742097727.6791332,72,14,-13
1742097727.7151332,32,-55,28
1742097727.750133,40,-37,2
1742097727.786133,28,80,-67
1742097727.8211331,-13,34,-31
1742097727.8571332,26,-41,-97
1742097727.892133,16,-11,-181
1742097727.927133,8,-7,76
1742097727.963133,-3,-15,36
1742097727.9981332,2,-23,-87
1742097728.0341332,28,-3,-81
1742097728.069133,-43,44,-99
1742097728.105133,-71,48,-37
1742097728.1401331,-53,-1,2
1742097728.175133,-7,24,-37
1742097728.211133,26,-3,-151
1742097728.246133,94,20,-41
1742097728.282133,24,34,-117
1742097728.3171332,56,-67,-3
1742097728.352133,-15,30,30
1742097728.3871331,2,-5,-93
1742097728.4231331,76,-25,-85
1742097728.4591331,26,28,-61
1742097728.494133,6,12,34
1742097728.530133,10,2,-49
1742097728.565133,4,-17,92
1742097728.6001332,-23,16,16
1742097728.635133,-15,-25,-75
1742097728.671133,64,-1,-187
1742097728.707133,12,-5,-49
1742097728.7421331,24,-9,-89
1742097728.7781332,-29,4,-97
1742097728.813133,2,-53,-153
1742097728.848133,-25,18,62
1742097728.8831332,56,-43,-87
1742097728.9191332,-81,-18,-121
1742097728.9551332,28,-23,-39
1742097728.990133,6,19,-17
1742097729.026133,38,-20,-27
1742097729.0611331,6,-4,-59
1742097729.096133,0,14,-5
1742097729.131133,-60,-44,-37
1742097729.167133,47,-4,-9
1742097729.203133,-22,-8,-191
1742097729.2381332,44,84,88
1742097729.274133,-22,36,-59
1742097729.309133,34,41,-165
1742097729.3441331,56,-16,-57
1742097729.379133,-87,-66,-13
1742097729.415133,-26,16,-47
1742097729.451133,-14,21,-143
1742097729.486133,-5,53,-57
1742097729.522133,-11,-8,-83
1742097729.5571332,4,55,-43
1742097729.592133,44,-20,84
1742097729.6271331,12,44,90
1742097729.6631331,39,40,-19
1742097729.6991332,-78,2,102
1742097729.734133,61,-9,-101
1742097729.770133,27,-5,32
1742097729.805133,9,-103,2
1742097729.8401332,33,-61,-73
1742097729.875133,3,8,120
1742097729.911133,43,-19,-71
1742097729.947133,-60,24,-41
1742097729.9821332,-36,36,88
1742097730.0181332,-2,-19,-77
1742097730.053133,-10,4,-81
1742097730.088133,19,6,-105
1742097730.1231332,-30,-25,74
1742097730.1591332,37,-47,64
1742097730.195133,-2,38,-81
1742097730.230133,-38,10,-113
1742097730.266133,75,18,-185
1742097730.3011332,9,-23,-37
1742097730.336133,51,-11,-109
1742097730.371133,-14,48,-53
1742097730.407133,-24,-23,58
1742097730.443133,-64,38,-5
1742097730.4781332,33,-5,-123
1742097730.514133,29,-9,-123
1742097730.549133,11,-35,128
1742097730.5841331,-12,30,-195
1742097730.619133,-24,-21,-79
1742097730.655133,-82,-3,-203
1742097730.691133,-36,18,40
1742097730.726133,-36,-29,-53
1742097730.7621331,-70,64,-121
1742097730.797133,1,4,-23
1742097730.832133,3,14,-17
1742097730.8671331,-24,-25,84
1742097730.9031332,-100,34,-19
1742097730.9391332,-30,-17,-59
1742097730.974133,-64,-59,-27
1742097731.010133,-22,56,32
1742097731.045133,-44,14,-73
1742097731.0801332,-44,-41,20
1742097731.115133,5,-13,-19
1742097731.151133,37,-3,-9
1742097731.187133,-30,-19,-81
1742097731.2221332,37,0,-91
1742097731.2581332,45,-47,-11
1742097731.293133,57,16,-47
1742097731.328133,37,44,-83
1742097731.3631332,3,4,14
1742097731.399133,-4,-49,108
1742097731.435133,23,16,14
1742097731.470133,-40,44,-9
1742097731.506133,-44,12,-13
1742097731.5411332,-27,6,114
1742097731.576133,-6,-35,-77
1742097731.611133,15,-13,26
1742097731.647133,111,6,42
1742097731.6831331,-14,-27,-19
1742097731.718133,9,14,-13
1742097731.754133,-34,32,-105
1742097731.789133,-61,32,-13
1742097731.8241332,-64,-25,-33
1742097731.859133,-63,72,-83
1742097731.895133,-33,48,-91
1742097731.931133,10,-55,78
1742097731.966133,-53,-39,-3
1742097732.0021331,6,24,-83
1742097732.037133,-57,-31,-17
1742097732.072133,-57,-41,-63
1742097732.1071332,22,-3,-85
1742097732.1431332,-15,-49,-33
1742097732.1791332,30,-71,2
1742097732.214133,104,-43,38
1742097732.250133,-3,-51,-27
1742097732.2851331,-23,-9,-67
1742097732.320133,-13,28,50
1742097732.355133,22,4,32
1742097732.391133,-1,-13,-71
1742097732.427133,22,-41,-105
1742097732.4621332,-15,-45,4
1742097732.4981332,-17,10,0
1742097732.533133,-15,-45,-165
1742097732.568133,66,26,-37
1742097732.6031332,24,-45,-5
1742097732.639133,26,-33,40
1742097732.675133,4,8,36
1742097732.710133,6,94,-89
1742097732.746133,38,54,42
1742097732.7811332,-25,56,-31
1742097732.816133,74,48,-213
1742097732.852133,-41,20,-109
1742097732.8871331,4,-33,-17
1742097732.9231331,-25,-7,-57
1742097732.958133,-79,22,20
1742097732.994133,-25,20,-75
1742097733.029133,32,86,154
1742097733.0641332,1,4,-21
1742097733.1001332,-2,-47,-105
1742097733.135133,-14,-37,-15
1742097733.171133,-2,10,74
1742097733.2061331,14,-68,-59
1742097733.2421331,-67,-5,-93
1742097733.277133,-28,2,-29
1742097733.312133,22,-113,-227
1742097733.348133,30,-11,56
1742097733.3831332,54,-19,-7
1742097733.4191332,116,-33,70
1742097733.454133,-67,-67,48
1742097733.490133,16,94,0
1742097733.5251331,14,54,110
1742097733.560133,-25,-13,-163
1742097733.6031332,6,8,-161
1742097733.639133,64,-15,52
1742097733.675133,50,12,-11
1742097733.710133,6,42,-107
1742097733.746133,30,26,-87
1742097733.7811332,-61,-27,-49
1742097733.816133,6,10,-41
1742097733.852133,32,-45,-75
1742097733.8871331,-49,2,22
1742097733.9231331,-16,-39,-143
1742097733.958133,45,10,-85
1742097733.994133,-21,-53,-147
1742097734.029133,123,-9,-29
1742097734.0641332,63,8,8
1742097734.1001332,-11,22,6
1742097734.135133,-31,56,-27
1742097734.171133,-93,10,-175
1742097734.2061331,18,6,-49
1742097734.2421331,54,14,-25
1742097734.277133,-13,-27,26
1742097734.312133,12,-7,-39
1742097734.348133,-1,-49,-127
1742097734.3831332,50,90,6
1742097734.4191332,16,-7,-35
1742097734.454133,42,-83,-99
1742097734.490133,-1,52,-45
1742097734.5251331,24,98,-61
1742097734.560133,22,14,-29
1742097734.596133,12,10,-47
1742097734.631133,6,-61,-65
1742097734.667133,0,34,-37
1742097734.7021332,-17,10,-11
1742097734.7381332,34,-65,-89
1742097734.773133,40,10,-85
1742097734.8081331,-39,-33,-59
1742097734.8441331,58,-3,-29
1742097734.879133,68,90,-137
1742097734.9161332,78,42,-21
1742097734.951133,-23,4,10
1742097734.987133,-21,30,-55
1742097735.022133,-29,92,-19
1742097735.0581331,-39,4,-191
1742097735.093133,-11,-83,-33
1742097735.128133,-31,-15,12
1742097735.164133,22,-51,-137
1742097735.1991332,102,-43,-99
1742097735.2351332,66,24,-73
1742097735.270133,-27,-17,38
1742097735.306133,-17,68,-127
1742097735.342133,-27,16,-1
1742097735.378133,-47,26,98
1742097735.414133,30,-9,-99
1742097735.450133,-5,0,70
1742097735.486133,64,-15,-127
1742097735.5211332,22,-21,-49
1742097735.556133,6,60,-43
1742097735.592133,-9,8,-35
1742097735.628133,-9,-41,-11
1742097735.6631331,-7,-1,14
1742097735.6991332,-89,28,-91
1742097735.734133,-9,50,24
1742097735.769133,28,16,-59
1742097735.8041332,0,14,-41
1742097735.8401332,46,-5,-145
1742097735.876133,-1,0,2
1742097735.911133,-39,48,-5
1742097735.947133,38,0,-87
1742097735.9821332,18,-27,6
1742097736.017133,-11,-31,-107
1742097736.052133,-11,-39,46
1742097736.088133,22,48,38
1742097736.124133,8,10,-73
1742097736.1591332,6,-13,-97
1742097736.195133,-15,-9,-89
1742097736.230133,-5,8,-99
1742097736.2651331,-1,26,-39
1742097736.300133,12,-3,-65
1742097736.336133,38,76,-1
1742097736.372133,-39,-7,-55
1742097736.407133,90,-63,-51
1742097736.443133,-9,26,-113
1742097736.4781332,-7,-29,62
1742097736.513133,-19,60,-113
1742097736.5481331,-51,16,-79
1742097736.5841331,50,-3,26
1742097736.6201332,2,-109,48
1742097736.655133,-31,36,-33
1742097736.691133,-61,-29,8
1742097736.726133,24,18,-121
1742097736.7611332,-29,-17,-59
1742097736.796133,28,4,28
1742097736.832133,6,-53,-87
1742097736.868133,-55,-55,32
1742097736.9031332,14,34,-61
1742097736.9391332,-5,-83,0
1742097736.974133,8,-31,6
1742097737.009133,-87,-41,18
1742097737.0441332,54,-11,34
1742097737.0801332,18,60,-57
1742097737.116133,-27,-21,-81
1742097737.151133,-1,20,-35
1742097737.187133,-21,12,-119
1742097737.2221332,-23,-11,2
1742097737.257133,30,38,28
1742097737.292133,50,28,-7
1742097737.328133,-77,2,22
1742097737.3641331,52,-27,30
1742097737.399133,-37,-11,-23
1742097737.435133,-75,24,14
1742097737.470133,28,4,-89
1742097737.5051332,0,-33,-61
1742097737.540133,70,-75,-109
1742097737.576133,14,32,-57
1742097737.612133,74,-53,-119
1742097737.647133,-59,-29,-67
1742097737.6831331,16,66,10
1742097737.718133,-23,-33,90
1742097737.753133,-11,-23,-51
1742097737.7881331,-15,34,0
1742097737.8241332,-19,0,-35
1742097737.8601332,6,-69,-155
1742097737.895133,-69,-27,-15
1742097737.931133,-49,46,8
1742097737.966133,-5,4,38
1742097738.001133,-21,62,8
1742097738.036133,-37,-65,-87
1742097738.072133,-29,-1,34
1742097738.108133,-1,24,-13
1742097738.1431332,66,-33,30
1742097738.1791332,-43,72,-23
1742097738.214133,-5,78,-85
1742097738.249133,-121,4,-57
1742097738.2841332,14,-39,-89
1742097738.320133,10,42,-71
1742097738.356133,-79,2,42
1742097738.391133,46,42,32
1742097738.427133,66,18,-153
1742097738.4621332,-45,-5,-3
1742097738.497133,44,-37,-165
1742097738.532133,4,-23,8
1742097738.568133,-13,-37,-147
1742097738.6041331,60,-45,-121
1742097738.639133,-25,-59,62
1742097738.675133,-43,64,-71
1742097738.710133,116,4,-11
1742097738.7451332,-27,32,30
1742097738.780133,54,-57,-29
1742097738.816133,-63,-67,-29
1742097738.852133,80,-15,-97
1742097738.8871331,-7,-33,-5
1742097738.9231331,57,-25,-75
1742097738.958133,37,-19,-131
1742097738.993133,1,16,-43
1742097739.0281332,-4,-69,-119
1742097739.0641332,-24,-31,-31
1742097739.1001332,89,-41,-37
1742097739.135133,-10,10,-67
1742097739.171133,69,-39,-25
1742097739.2061331,1,36,-9
1742097739.241133,-56,-41,-49
1742097739.276133,-80,-13,80
1742097739.312133,21,42,-5
1742097739.348133,-56,28,-125
1742097739.3831332,-24,-41,14
1742097739.4191332,-34,22,-87
1742097739.454133,-26,-23,-83
1742097739.4891331,75,-55,52
1742097739.524133,23,8,-47
1742097739.560133,-8,-67,78
1742097739.596133,-40,-17,34
1742097739.631133,-2,8,-79
1742097739.667133,-24,-31,-9
1742097739.7021332,7,18,124
1742097739.737133,0,-33,-97
1742097739.772133,-14,32,-99
1742097739.8081331,1,14,-121
1742097739.8441331,-38,4,-153
1742097739.879133,11,26,-183
1742097739.915133,-8,-3,-113
1742097739.950133,-26,22,-27
1742097739.9851332,71,0,58
1742097740.0211332,-27,-11,-107
1742097740.056133,54,-93,-101
1742097740.092133,-53,-17,14
1742097740.1271331,6,-21,-55
1742097740.1631331,36,0,-65
1742097740.198133,0,-19,4
1742097740.233133,46,0,-57
1742097740.269133,-88,-7,44
1742097740.3041332,41,18,72
1742097740.3401332,-4,-1,-33
1742097740.375133,-22,16,-15
1742097740.411133,17,76,-125
1742097740.4461331,1,-3,100
1742097740.481133,-72,-77,-97
1742097740.517133,1,58,-13
1742097740.552133,79,16,110
1742097740.588133,-18,-19,-25
1742097740.6231332,53,-11,-153
1742097740.6591332,-78,18,-93
1742097740.694133,5,60,-3
1742097740.7291331,-16,-23,-3
1742097740.7651331,5,-13,-59
1742097740.800133,41,-13,-19
1742097740.836133,47,-43,-5
1742097740.871133,43,-15,-55
1742097740.907133,-52,52,-183
1742097740.9421332,25,-1,76
1742097740.977133,33,-11,-21
1742097741.013133,-88,-43,-29
1742097741.0481331,19,42,-35
1742097741.0841331,14,-15,46
1742097741.119133,8,-33,-113
1742097741.155133,42,88,-85
1742097741.190133,52,-7,-43
1742097741.2251332,4,-19,28
1742097741.2611332,68,-13,-137
1742097741.296133,6,60,-81
1742097741.332133,114,4,-117
1742097741.3671331,-47,-75,-151
1742097741.4031332,54,-37,36
1742097741.438133,66,80,-97
1742097741.473133,52,-13,-13
1742097741.509133,40,64,56
1742097741.5441332,52,2,-9
1742097741.5801332,-27,34,-41
1742097741.615133,78,58,52
1742097741.651133,-37,8,182
1742097741.6861331,54,30,-29
1742097741.721133,4,-5,46
1742097741.757133,22,-89,-13
1742097741.792133,40,16,-65
1742097741.828133,86,-27,38
1742097741.8631332,26,14,-37
1742097741.899133,28,-23,-37
1742097741.934133,-27,10,56
1742097741.9691331,-25,-95,-69
1742097742.0051332,-13,-17,-49
1742097742.040133,-29,-67,-131
1742097742.076133,48,48,-9
1742097742.111133,20,-49,-23
1742097742.147133,10,-33,-13
1742097742.1821332,58,18,-51
1742097742.217133,-5,-40,-5
1742097742.253133,-21,-29,-19
1742097742.2881331,-79,-1,-67
1742097742.3241332,6,-5,36
1742097742.359133,-75,-19,-43
1742097742.395133,50,48,28
1742097742.431133,44,-11,-79
1742097742.466133,-39,-59,-161
1742097742.501133,-21,-25,-55
1742097742.537133,8,-27,32
1742097742.573133,24,60,90
1742097742.608133,-59,-1,-33
1742097742.644133,-31,44,-23
1742097742.6791332,96,-85,2
1742097742.714133,66,94,-73
1742097742.749133,-3,-77,-53
1742097742.7851331,40,-15,-99
1742097742.8211331,-21,-19,82
1742097742.856133,-51,-15,32
1742097742.892133,40,-31,8
1742097742.927133,-65,0,-27
1742097742.9621332,2,-1,-9
1742097742.997133,0,-7,-105
1742097743.033133,4,-23,78
1742097743.069133,-73,-19,-47
1742097743.1041331,-47,30,-83
1742097743.1401331,-15,30,-11
1742097743.175133,22,-19,100
1742097743.210133,-7,34,-25
1742097743.2451332,58,16,76
1742097743.2811332,-61,70,4
1742097743.3171332,-57,-75,-9
1742097743.352133,-1,8,-163
1742097743.388133,72,-43,-13
1742097743.4231331,-13,-3,32
1742097743.458133,0,22,-29
1742097743.493133,0,23,48
1742097743.529133,36,29,-95
1742097743.565133,16,86,-121
1742097743.6071332,-15,2,-7
1742097743.644133,96,30,-27
1742097743.6791332,-21,12,-31
1742097743.714133,-37,0,-1
1742097743.749133,44,-17,-23
1742097743.7851331,0,14,78
1742097743.8211331,26,-1,-31
1742097743.856133,104,58,2
1742097743.892133,-11,-56,-37
1742097743.927133,4,-93,102
1742097743.9621332,-3,-63,-100
1742097743.997133,-27,-37,-102
1742097744.033133,24,8,-72
1742097744.069133,18,-47,-50
1742097744.1041331,22,-37,41
1742097744.1401331,44,28,-14
1742097744.175133,88,-11,-28
1742097744.210133,24,-25,-100
1742097744.2451332,-19,-27,-22
1742097744.2811332,-43,104,-112
1742097744.3171332,-9,0,-16
1742097744.352133,-11,-23,-16
1742097744.388133,-49,80,10
1742097744.4231331,40,-5,-62
1742097744.458133,72,0,-192
1742097744.493133,14,-15,-114
1742097744.529133,36,18,-80
1742097744.565133,-61,-89,-86
1742097744.6001332,-57,18,19
1742097744.6361332,10,-33,-76
1742097744.671133,60,-53,-64
1742097744.7061331,68,24,63
1742097744.741133,-35,-19,-40
1742097744.777133,-25,16,-12
1742097744.813133,-49,28,-84
1742097744.848133,-43,2,15
1742097744.884133,0,44,-122
1742097744.9191332,110,-91,139
1742097744.954133,42,20,39
1742097744.9891331,16,-23,81
1742097745.0251331,54,-55,63
1742097745.0611331,22,14,27
1742097745.096133,18,-15,-80
1742097745.132133,2,-81,-52
1742097745.167133,-35,10,-80
1742097745.2021332,14,-5,31
1742097745.237133,-7,30,27
1742097745.273133,16,20,33
1742097745.309133,-47,-29,-26
1742097745.3441331,18,-29,-88
1742097745.3801332,6,66,-6
1742097745.415133,-21,22,11
1742097745.450133,90,-47,-136
1742097745.4851332,-31,-13,15
1742097745.5211332,84,-5,-50
1742097745.5571332,-31,25,-92
1742097745.592133,36,19,-18
1742097745.628133,-27,81,-22
1742097745.6631331,78,-94,-46
1742097745.698133,18,-34,21
1742097745.733133,40,13,-4
1742097745.769133,-1,19,43
1742097745.805133,20,10,57
1742097745.8401332,8,35,21
1742097745.876133,42,11,-12
1742097745.911133,66,12,31
1742097745.9461331,-1,-19,-2
1742097745.981133,-91,18,0
1742097746.017133,24,50,-88
1742097746.053133,-17,46,-66
1742097746.088133,42,-43,-218
1742097746.124133,34,8,-22
1742097746.1591332,-71,30,43
1742097746.194133,70,-15,15
1742097746.2291331,34,4,57
1742097746.2651331,4,2,15
1742097746.3011332,-61,-25,-52
1742097746.336133,-31,30,-114
1742097746.372133,-81,78,123
1742097746.407133,-37,-13,-76
1742097746.4421332,98,6,-26
1742097746.477133,-63,-47,-132
1742097746.513133,50,-27,-88
1742097746.549133,64,-5,31
1742097746.5841331,18,-65,-36
1742097746.6201332,12,-37,81
1742097746.655133,0,-39,-40
1742097746.690133,-15,-1,-36
1742097746.726133,-5,8,-8
1742097746.7611332,48,-117,-78
1742097746.797133,48,-33,-70
1742097746.832133,-3,-5,71
1742097746.868133,28,-9,-32
1742097746.9031332,-67,13,-28
1742097746.938133,18,55,-12
1742097746.974133,8,61,-8
1742097747.009133,-35,-24,37
1742097747.045133,-103,-2,-132
1742097747.0801332,36,17,-56
1742097747.116133,-81,-6,-86
1742097747.151133,50,14,-42
1742097747.1861331,20,-83,-124
1742097747.2221332,0,-15,-164
1742097747.257133,-57,-9,-110
1742097747.293133,54,26,55
1742097747.328133,-95,28,-2
1742097747.3641331,20,28,-58
1742097747.399133,-15,28,-102
1742097747.434133,38,19,-72
1742097747.470133,-9,-44,-118
1742097747.5051332,54,1,-82
1742097747.5411332,40,55,45
1742097747.576133,-31,-19,-112
1742097747.612133,44,2,-46
1742097747.647133,52,-59,-192
1742097747.6821332,18,64,-56
1742097747.718133,4,42,25
1742097747.753133,-15,94,35
1742097747.789133,76,38,-58
1742097747.8241332,-37,62,-28
1742097747.8601332,-15,16,7
1742097747.895133,16,40,1
1742097747.930133,24,0,-40
1742097747.966133,80,42,-44
1742097748.001133,-3,34,-40
1742097748.037133,58,80,3
1742097748.072133,98,40,-8
1742097748.108133,-29,-29,97
1742097748.1431332,26,2,55
1742097748.178133,-9,-55,5
1742097748.214133,24,-51,-112
1742097748.249133,28,2,-98
1742097748.2851331,16,-25,-52
1742097748.320133,-15,-115,61
1742097748.356133,-17,28,-58
1742097748.391133,-83,-57,-96
1742097748.4261332,54,-9,49
1742097748.4621332,122,-7,-144
1742097748.497133,-15,104,11
1742097748.533133,0,-49,91
1742097748.568133,12,-23,-52
1742097748.6041331,-77,-37,-38
1742097748.639133,-113,60,-70
1742097748.674133,-13,6,-38
1742097748.710133,-23,-11,41
1742097748.7451332,52,-15,-106
1742097748.7811332,-55,24,45
1742097748.816133,-29,-19,-78
1742097748.851133,-19,-17,47
1742097748.8861332,-45,0,-52
1742097748.922133,-129,8,29
1742097748.958133,-41,-7,-74
1742097748.993133,-9,24,-92
1742097749.029133,-11,48,-40
1742097749.0641332,8,-67,-34
1742097749.1001332,-75,-39,-10
1742097749.135133,56,20,-42
1742097749.170133,-49,-35,-60
1742097749.2061331,-3,2,-4
1742097749.241133,4,-63,-142
1742097749.277133,6,-49,17
1742097749.312133,-31,-29,15
1742097749.3471332,-31,22,-114
1742097749.382133,-79,6,11
1742097749.418133,46,0,-38
1742097749.454133,-19,24,11
1742097749.4891331,-23,58,-70
1742097749.5251331,-13,-1,39
1742097749.560133,-17,54,27
1742097749.595133,-55,50,-54
1742097749.6301332,10,78,-22
1742097749.6661332,-1,24,-74
1742097749.7021332,20,-43,-4
1742097749.737133,-11,-39,115
1742097749.773133,6,12,-36
1742097749.8081331,-37,-35,53
1742097749.843133,-79,10,27
1742097749.878133,18,16,-90
1742097749.914133,-3,-37,11
1742097749.950133,10,-43,13
1742097749.9851332,38,-3,15
1742097750.0211332,84,-59,7
1742097750.056133,44,70,-38
1742097750.091133,-61,12,-98
1742097750.126133,34,-51,113
1742097750.162133,64,-49,81
1742097750.198133,28,-27,7
1742097750.233133,4,22,5
1742097750.269133,-39,26,-4
1742097750.3041332,42,2,-88
1742097750.339133,6,6,-88
1742097750.374133,88,16,-122
1742097750.4101331,-13,-3,-26
1742097750.4461331,-9,-13,19
1742097750.481133,-25,-49,29
1742097750.517133,-47,-17,-164
1742097750.552133,16,22,-60
1742097750.5871332,-1,6,-124
1742097750.622133,56,-55,-100
1742097750.658133,26,48,-68
1742097750.694133,-3,40,-44
1742097750.7291331,-33,42,-162
1742097750.7651331,54,8,9
1742097750.800133,60,12,-46
1742097750.835133,-109,0,-58
1742097750.8701332,-37,62,37
1742097750.9061332,-13,22,-66
1742097750.9421332,-65,-27,-52
1742097750.977133,26,-59,7
1742097751.013133,4,-81,-22
1742097751.0481331,-83,36,-78
1742097751.083133,-71,-3,47
1742097751.118133,38,48,-50
1742097751.154133,-139,-55,77
1742097751.190133,66,-2,-94
1742097751.2251332,-7,0,-70
1742097751.2611332,-35,-43,-122
1742097751.296133,60,-19,-78
1742097751.3311331,-47,-1,-68
1742097751.366133,-17,-81,-32
1742097751.402133,58,-21,31
1742097751.438133,48,-23,-34
1742097751.473133,-67,28,-8
1742097751.509133,-5,0,-74
1742097751.5441332,26,36,-70
1742097751.579133,4,4,-70
1742097751.6141331,-1,-37,-44
1742097751.6501331,0,-25,-104
1742097751.6861331,6,56,-88
1742097751.721133,0,-53,-26
1742097751.757133,-53,-5,-38
1742097751.792133,6,-103,-60
1742097751.8271332,-37,-29,-38
1742097751.862133,38,-37,-8
1742097751.898133,42,46,-62
1742097751.934133,8,12,95
1742097751.9691331,8,-51,-66
1742097752.0051332,6,-33,-48
1742097752.040133,66,-37,-22
1742097752.075133,2,8,-106
1742097752.1101332,28,-25,-76
1742097752.1461332,-33,9,13
1742097752.1821332,-1,-23,-58
1742097752.217133,-61,-33,17
1742097752.253133,26,-17,0
1742097752.2881331,-79,52,-168
1742097752.323133,66,-15,-122
1742097752.358133,2,74,-10
1742097752.394133,-15,-55,73
1742097752.430133,-3,-111,55
1742097752.4651332,-29,80,-50
1742097752.501133,-65,-31,-16
1742097752.536133,62,36,11
1742097752.5711331,36,40,29
1742097752.606133,24,-45,-4
1742097752.642133,8,30,41
1742097752.678133,-43,78,43
1742097752.713133,-45,34,-20
1742097752.749133,8,-11,137
1742097752.7841332,0,-11,-32
1742097752.819133,46,34,-74
1742097752.8541331,32,-1,-42
1742097752.8901331,-5,-41,-14
1742097752.9261332,-27,14,59
1742097752.961133,90,26,-14
1742097752.997133,2,-73,-20
1742097753.032133,-125,54,-72
1742097753.0671332,-55,-5,23
1742097753.102133,-51,-39,-170
1742097753.138133,-23,16,-136
1742097753.174133,72,-13,33
1742097753.2091331,34,36,-42
1742097753.2451332,4,18,0
1742097753.280133,4,-99,-148
1742097753.315133,-37,70,-22
1742097753.3501332,-69,30,9
1742097753.3861332,-47,44,55
1742097753.422133,96,4,-104
1742097753.457133,4,-19,-164
1742097753.493133,6,22,29
1742097753.5281332,18,-29,45
1742097753.563133,32,20,-32
1742097753.599133,-41,22,-76
1742097753.641133,64,52,73
1742097753.678133,-1,40,-64
1742097753.713133,-11,22,105
1742097753.749133,-41,20,87
1742097753.7841332,-51,-17,-14
1742097753.819133,16,4,-90
1742097753.855133,36,2,-88
1742097753.8901331,60,72,19
1742097753.9261332,8,21,-68
1742097753.961133,-5,-26,-84
1742097753.997133,-42,-46,-78
1742097754.032133,-17,63,-84
1742097754.0671332,-1,-34,7
1742097754.1031332,-18,80,-98
1742097754.138133,38,-26,-60
1742097754.174133,98,-26,5
1742097754.2091331,92,-10,29
1742097754.2451332,-83,-67,-112
1742097754.280133,-5,7,35
1742097754.315133,-65,33,-106
1742097754.351133,18,51,-100
1742097754.3861332,2,-40,-88
1742097754.422133,-39,15,-32
1742097754.457133,-73,13,77
1742097754.493133,10,-52,-42
1742097754.5281332,32,-52,-136
1742097754.563133,8,17,-194
1742097754.599133,50,12,15
1742097754.634133,-15,-9,-42
1742097754.670133,48,-35,-28
1742097754.7051332,12,-11,63
1742097754.741133,30,-51,-60
1742097754.776133,-31,-27,-116
1742097754.8111331,0,-85,-38
1742097754.8471332,26,-35,-80
1742097754.882133,54,32,-120
1742097754.918133,48,30,-20
1742097754.953133,2,62,-50
1742097754.9891331,-11,42,-30
1742097755.024133,14,-95,-14
1742097755.059133,-49,32,-72
1742097755.095133,-37,4,-34
1742097755.1301332,40,24,-16
1742097755.1661332,-29,-37,-48
1742097755.201133,-76,16,-98
1742097755.237133,-23,48,-76
1742097755.272133,16,-13,-46
1742097755.3071332,70,0,15
1742097755.343133,-77,-35,-46
1742097755.378133,100,-45,-46
1742097755.414133,24,24,11
1742097755.4491332,32,12,49
1742097755.4851332,40,18,41
1742097755.520133,18,16,-14
1742097755.555133,32,44,91
1742097755.591133,-19,12,-8
1742097755.626133,32,-95,-120
1742097755.662133,-33,40,79
1742097755.697133,-41,-9,33
1742097755.733133,12,54,-46
1742097755.7681332,-59,30,41
1742097755.803133,-63,66,-90
1742097755.839133,10,20,-86
1742097755.874133,-23,20,47
1742097755.9101331,38,-1,-60
1742097755.945133,-21,-11,-32
1742097755.981133,-77,6,-50
1742097756.017133,14,14,25
1742097756.053133,4,-5,11
1742097756.089133,-37,44,55
1742097756.125133,-43,-33,-102
1742097756.161133,-9,32,-74
1742097756.1961331,0,-23,-10
1742097756.231133,-63,-7,-26
1742097756.267133,-39,-55,-32
1742097756.303133,28,50,-36
1742097756.338133,6,-3,-68
1742097756.374133,20,10,97
1742097756.4091332,20,18,-120
1742097756.444133,86,-39,49
1742097756.4791331,-3,68,-48
1742097756.5151331,-101,64,-60
1742097756.5511332,-77,46,-116
1742097756.586133,-49,-15,-56
1742097756.622133,6,18,-44
1742097756.657133,78,0,-2
1742097756.6921332,-33,-13,5
1742097756.727133,-17,38,5
1742097756.763133,18,-51,73
1742097756.799133,-51,12,1
1742097756.8341331,-7,-61,-170
1742097756.8701332,34,10,-8
1742097756.905133,-37,62,-46
1742097756.940133,-55,-39,39
1742097756.9751332,8,32,-88
1742097757.0111332,-13,-5,-40
1742097757.047133,90,58,13
1742097757.082133,10,-1,-54
1742097757.118133,38,96,-82
1742097757.1531332,-81,-13,-90
1742097757.188133,12,-77,-62
1742097757.223133,60,-25,-38
1742097757.259133,28,38,-36
1742097757.295133,-27,70,-132
1742097757.3301332,-25,-9,-40
1742097757.366133,60,10,-94
1742097757.401133,2,-59,-38
1742097757.4361331,30,-7,21
1742097757.471133,60,-33,-138
1742097757.507133,76,16,-26
1742097757.543133,-65,38,-32
1742097757.578133,26,-11,45
1742097757.6141331,-23,42,3
1742097757.649133,-9,2,-38
1742097757.684133,4,46,-102
1742097757.7191331,-13,4,47
1742097757.7551332,-93,54,-8
1742097757.7911332,4,0,15
1742097757.826133,44,58,3
1742097757.862133,-39,62,-102
1742097757.897133,60,10,-106
1742097757.9321332,-15,-5,37
1742097757.967133,64,-31,-14
1742097758.003133,-33,34,21
1742097758.039133,-103,54,-39
1742097758.0741332,66,42,-81
1742097758.1101332,32,64,-157
1742097758.145133,-71,-69,-93
1742097758.180133,4,50,-147
1742097758.2151332,-13,-13,-105
1742097758.251133,-63,14,-65
1742097758.287133,-33,-47,66
1742097758.322133,-3,-3,-119
1742097758.358133,12,-13,-13
1742097758.3931332,6,6,-5
1742097758.428133,10,-15,-161
1742097758.463133,22,-5,-97
1742097758.499133,8,-53,50
1742097758.5351331,-55,-9,-129
1742097758.570133,92,18,-127
1742097758.606133,40,22,84
1742097758.641133,0,20,8
1742097758.6761332,-34,74,-91
1742097758.711133,35,-19,-1
1742097758.747133,29,26,32
1742097758.783133,-26,-53,-43
1742097758.818133,-86,-15,58
1742097758.8541331,-46,10,-99
1742097758.889133,-24,-31,-51
1742097758.924133,7,58,-45
1742097758.9591331,27,-51,-57
1742097758.9951332,-4,-15,-69
1742097759.0311332,-2,58,-89
1742097759.066133,69,-69,-63
1742097759.102133,16,-33,-125
1742097759.1371331,-14,-51,-117
1742097759.172133,11,2,-71
1742097759.207133,-20,-1,-93
1742097759.243133,75,88,-35
1742097759.279133,-46,-67,114
1742097759.3141332,51,-31,-95
1742097759.3501332,15,-5,2
1742097759.385133,-18,44,38
1742097759.420133,17,-45,32
1742097759.4551332,-24,92,72
1742097759.491133,-30,-45,-29
1742097759.527133,-32,-29,16
1742097759.562133,55,-25,-7
1742097759.598133,-68,-37,-19
1742097759.6331332,-30,56,-39
1742097759.668133,-88,-37,-203
1742097759.703133,61,-19,46
1742097759.7391331,-38,-7,-7
1742097759.7751331,-64,-1,56
1742097759.810133,-14,-15,4
1742097759.846133,-60,44,-51
1742097759.881133,15,-51,-11
1742097759.9161332,-24,-27,56
1742097759.951133,48,-1,-19
1742097759.987133,58,-37,-133
1742097760.023133,-1,-75,12
1742097760.0581331,42,-23,-33
1742097760.0941331,57,-61,4
1742097760.129133,-33,16,-217
1742097760.164133,-9,48,18
1742097760.1991332,25,64,-63
1742097760.2351332,-45,14,60
1742097760.2711332,-2,60,132
1742097760.306133,74,-7,-53
1742097760.342133,22,10,-77
1742097760.3771331,28,-39,-5
1742097760.412133,4,0,80
1742097760.447133,-29,28,6
1742097760.483133,20,20,-159
1742097760.519133,-23,-41,-109
1742097760.5541332,70,-75,-155
1742097760.5901332,-5,-15,-53
1742097760.625133,68,-85,56
1742097760.6601331,0,-31,-65
1742097760.6961331,16,74,-15
1742097760.731133,-29,-23,60
1742097760.767133,-61,28,26
1742097760.802133,-3,-7,-103
1742097760.838133,12,100,-67
1742097760.8731332,28,4,-31
1742097760.908133,54,30,8
1742097760.944133,34,20,52
1742097760.9791331,70,10,-85
1742097761.0151331,-11,-35,-233
1742097761.050133,2,18,-69
1742097761.086133,-55,56,-27
1742097761.121133,-1,-7,48
1742097761.1561332,-11,34,26
1742097761.1921332,-23,-37,24
1742097761.227133,40,-29,-65
1742097761.263133,0,20,34
1742097761.2981331,44,-3,10
1742097761.3341331,38,48,18
1742097761.369133,56,-51,32
1742097761.404133,-71,-79,-139
1742097761.440133,-53,62,-73
1742097761.4751332,-45,-39,-97
1742097761.5111332,22,0,-89
1742097761.546133,-25,-31,-7
1742097761.582133,-11,-47,24
1742097761.6171331,-19,-31,-71
1742097761.652133,2,8,-37
1742097761.688133,-21,4,122
1742097761.723133,-77,28,-17
1742097761.759133,-65,-61,4
1742097761.7941332,-33,30,-3
1742097761.8301332,126,-9,-33
1742097761.865133,-46,-19,-109
1742097761.9001331,-43,-23,24
1742097761.9361331,14,48,34
1742097761.971133,72,48,-23
1742097762.007133,28,-15,-31
1742097762.042133,62,-57,-31
1742097762.078133,-33,76,-43
1742097762.1131332,-43,74,-29
1742097762.148133,34,-11,-63
1742097762.184133,-33,-25,-111
1742097762.2191331,38,-19,-101
1742097762.2551332,54,64,58
1742097762.290133,42,-7,-9
1742097762.326133,18,-57,-41
1742097762.361133,14,-39,-67
1742097762.3961332,28,0,-105
1742097762.4321332,-59,12,-11
1742097762.467133,-69,14,-35
1742097762.503133,34,10,-73
1742097762.5381331,-33,12,28
1742097762.5741332,26,-35,-25
1742097762.609133,54,-39,14
1742097762.644133,-21,-23,26
1742097762.680133,-37,22,-61
1742097762.7151332,16,48,-63
1742097762.751133,-3,-33,-31
1742097762.786133,-11,60,-91
1742097762.822133,-25,-55,-63
1742097762.8571332,-55,72,-61
1742097762.892133,56,22,-69
1742097762.928133,16,-65,48
1742097762.963133,4,16,88
1742097762.999133,-51,-17,-67
1742097763.0341332,-1,60,-213
1742097763.070133,30,50,-23
1742097763.106133,-15,-49,-79
1742097763.141133,68,-33,-57
1742097763.1761332,-25,40,-41
1742097763.2121332,-67,-31,58
1742097763.2481332,36,-21,-31
1742097763.283133,36,76,-81
1742097763.319133,-25,0,2
1742097763.3541331,-29,-11,28
1742097763.389133,30,58,-131
1742097763.424133,38,0,-21
1742097763.460133,76,70,-17
1742097763.496133,-33,10,-9
1742097763.5311332,-57,88,-97
1742097763.5671332,22,-9,-77
1742097763.602133,-113,4,-85
1742097763.644133,-27,14,-13
1742097763.680133,46,20,32
1742097763.716133,-81,-23,-25
1742097763.7521331,-15,-25,8
1742097763.787133,2,44,84
1742097763.823133,22,12,-47
1742097763.858133,-7,-43,-1
1742097763.8931332,-51,-5,-31
1742097763.928133,4,-63,-7
1742097763.964133,-37,-71,48
1742097764.000133,-37,28,-27
1742097764.0351331,14,64,24
1742097764.0711331,8,12,-45
1742097764.106133,12,48,8
1742097764.141133,-77,-3,-1
1742097764.1761332,-3,-49,2
1742097764.2121332,50,20,-121
1742097764.2481332,20,10,-53
1742097764.283133,-91,38,-113
1742097764.319133,-27,8,-111
1742097764.3541331,-69,6,-121
1742097764.389133,18,-21,44
1742097764.424133,32,-21,64
1742097764.460133,6,14,-15
1742097764.496133,-115,50,-47
1742097764.5311332,4,76,-21
1742097764.5671332,42,-89,12
1742097764.602133,92,-43,-83
1742097764.6371331,-11,-31,66
1742097764.672133,-13,64,62
1742097764.708133,-23,-21,-35
1742097764.744133,48,-37,-19
1742097764.779133,-41,-45,-121
1742097764.815133,56,76,40
1742097764.8501332,122,8,-31
1742097764.885133,44,-13,-39
1742097764.920133,2,-19,-75
1742097764.9561331,-29,40,-15
1742097764.9921331,66,24,-67
1742097765.027133,48,22,-17
1742097765.063133,18,-21,34
1742097765.098133,-9,-1,-25
1742097765.1331332,-23,40,6
1742097765.168133,6,-85,-75
1742097765.204133,-55,-45,10
1742097765.240133,86,16,0
1742097765.2751331,-5,34,-63
1742097765.3111331,16,36,-107
1742097765.346133,-51,-29,124
1742097765.381133,20,0,-23
1742097765.4161332,-51,52,-67
1742097765.4521332,-55,-67,24
1742097765.4881332,-55,-31,-93
1742097765.523133,18,16,-59
1742097765.559133,-3,32,-105
1742097765.5941331,-57,52,72
1742097765.629133,48,-29,-9
1742097765.664133,-3,30,-135
1742097765.700133,14,-45,-25
1742097765.736133,-29,0,24
1742097765.7711332,-57,-19,-37
1742097765.8071332,28,-37,66
1742097765.842133,-21,40,28
1742097765.8771331,-37,10,-25
1742097765.912133,32,-7,24
1742097765.948133,16,-9,18
1742097765.984133,-29,4,-49
1742097766.019133,-31,-107,-45
1742097766.055133,28,-7,-63
1742097766.0901332,-23,-19,-23
1742097766.125133,8,-11,98
1742097766.1601331,-19,-39,-53
1742097766.1961331,42,40,60
1742097766.2321332,-3,18,18
1742097766.267133,-9,116,-65
1742097766.303133,-31,-5,98
1742097766.338133,16,-57,-111
1742097766.3731332,4,4,-17
1742097766.408133,-19,-27,-29
1742097766.444133,4,-27,-9
1742097766.480133,-19,-13,-77
1742097766.5151331,40,-17,-119
1742097766.5511332,-15,-39,-89
1742097766.586133,-85,-67,-9
1742097766.621133,2,10,22
1742097766.6561332,40,22,26
1742097766.6921332,-47,42,8
1742097766.7281332,22,28,-13
1742097766.763133,-21,12,-5
1742097766.799133,22,-29,30
1742097766.8341331,12,-67,32
1742097766.869133,-51,66,60
1742097766.904133,-85,6,-109
1742097766.940133,56,72,10
1742097766.976133,52,-99,-1
1742097767.0111332,-43,-15,8
1742097767.047133,-83,-51,32
1742097767.082133,-93,-49,-165
1742097767.1171331,-69,36,-169
1742097767.152133,-65,72,-87
1742097767.188133,44,-23,66
1742097767.224133,-47,38,-39
1742097767.259133,68,-21,30
1742097767.295133,-21,20,34
1742097767.3301332,-27,2,10
1742097767.365133,76,48,-45
1742097767.401133,16,32,-135
1742097767.4361331,-7,57,-141
1742097767.4721332,32,71,100
1742097767.507133,-25,-54,-19
1742097767.543133,0,-35,-33
1742097767.578133,-25,-35,-63
1742097767.6131332,96,28,-97
1742097767.649133,22,-1,66
1742097767.684133,10,16,-19
1742097767.720133,-47,6,-13
1742097767.7551332,50,-51,-45
1742097767.7911332,68,-7,-57
1742097767.826133,14,-9,64
1742097767.861133,28,16,-53
1742097767.897133,22,138,-9
1742097767.9321332,38,24,-87
1742097767.968133,98,-51,-51
1742097768.003133,-29,-35,-51
1742097768.039133,18,28,-65
1742097768.0741332,-17,-39,-121
1742097768.109133,14,-9,-15
1742097768.145133,-17,-33,-79
1742097768.180133,58,46,-45
1742097768.216133,-11,-17,-65
1742097768.251133,68,-19,-27
1742097768.287133,-51,62,-81
1742097768.322133,38,-25,-77
1742097768.3571332,-29,-119,-71
1742097768.3931332,-49,22,-55
1742097768.428133,-25,-51,2
1742097768.464133,96,72,-151
1742097768.499133,56,-57,80
1742097768.5351331,-59,28,-59
1742097768.570133,6,22,-27
1742097768.605133,64,-25,-77
1742097768.641133,-19,32,-27
1742097768.6761332,-17,-39,-29
1742097768.7121332,-25,20,-39
1742097768.747133,-3,44,-17
1742097768.783133,-25,18,-77
1742097768.818133,0,-15,-53
1742097768.8531332,-65,30,-113
1742097768.889133,44,4,-69
1742097768.924133,-7,22,86
1742097768.960133,-43,-23,66
1742097768.9951332,88,36,-19
1742097769.0311332,14,6,-99
1742097769.066133,16,42,72
1742097769.101133,-53,32,-61
1742097769.1371331,-25,40,-97
1742097769.172133,34,42,36
1742097769.208133,62,-13,-69
1742097769.243133,22,0,48
1742097769.279133,20,10,-55
1742097769.3141332,-77,-23,-53
1742097769.349133,-17,2,-28
1742097769.385133,40,6,15
1742097769.420133,66,-69,-2
1742097769.4561331,110,-45,-22
1742097769.491133,-1,56,-88
1742097769.527133,38,10,-72
1742097769.562133,-3,-15,-106
1742097769.5971332,-39,42,-40
1742097769.6331332,-7,-13,-20
1742097769.668133,50,8,-26
1742097769.704133,-25,66,106
1742097769.7391331,72,4,-80
1742097769.7751331,-13,-9,5
1742097769.810133,-1,-33,-174
1742097769.845133,16,10,-84
1742097769.881133,8,13,-60
1742097769.9161332,-14,-46,-8
1742097769.9521332,-36,-22,-14
1742097769.987133,54,6,-2
1742097770.022133,84,-9,-104
1742097770.0571332,-43,2,-74
1742097770.093133,59,-17,-52
1742097770.129133,40,-11,3
1742097770.164133,74,108,1
1742097770.200133,-54,12,87
1742097770.2351332,11,16,7
1742097770.270133,19,34,0
1742097770.305133,-82,28,23
1742097770.341133,-2,-75,-52
1742097770.3771331,57,38,-144
1742097770.412133,39,16,-56
1742097770.448133,-58,-55,-112
1742097770.483133,8,-50,69
1742097770.5181332,31,-33,19
1742097770.553133,-40,22,-40
1742097770.589133,13,-4,-30
1742097770.625133,31,7,37
1742097770.6601331,3,-96,15
1742097770.6961331,35,63,53
1742097770.731133,0,-94,-16
1742097770.766133,-14,5,-176
1742097770.8011332,-100,-36,-14
1742097770.8371332,27,41,-34
1742097770.8731332,47,-6,-110
1742097770.908133,-14,-2,-42
1742097770.944133,-32,5,-22
1742097770.9791331,79,75,-18
1742097771.014133,-18,13,11
1742097771.049133,53,9,-64
1742097771.085133,50,-8,-148
1742097771.121133,-16,-20,69
1742097771.1561332,6,-32,3
1742097771.1921332,-48,-80,105
1742097771.227133,-4,-58,-86
1742097771.2621331,-60,-20,-12
1742097771.297133,12,34,-62
1742097771.333133,29,8,-62
1742097771.369133,-74,4,85
1742097771.404133,-22,-52,-32
1742097771.440133,15,59,-4
1742097771.4751332,19,22,0
1742097771.510133,25,-12,-132
1742097771.545133,43,18,-24
1742097771.5811331,-10,28,57
1742097771.6171331,-22,24,-110
1742097771.652133,1,60,-136
1742097771.688133,-42,12,105
1742097771.723133,-32,32,-80
1742097771.7581332,-8,-35,-6
1742097771.793133,33,70,-58
1742097771.829133,107,10,35
1742097771.865133,43,8,41
1742097771.9001331,65,14,0
1742097771.9361331,-30,-23,-82
1742097771.971133,3,14,31
1742097772.006133,0,-49,-60
1742097772.0411332,-16,18,-66
1742097772.0771332,-34,52,-44
1742097772.1131332,-34,40,-4
1742097772.148133,-27,-57,-44
1742097772.184133,4,-11,-52
1742097772.2191331,3,6,-134
1742097772.254133,46,12,29
1742097772.289133,90,32,47
1742097772.325133,-53,-3,-200
1742097772.361133,80,-45,-46
1742097772.3961332,-61,14,-8
1742097772.4321332,-3,-45,-180
1742097772.467133,-85,4,-40
1742097772.5021331,-53,36,-48
1742097772.537133,-41,-1,-148
1742097772.573133,-41,18,75
1742097772.609133,58,-13,-34
1742097772.644133,40,26,19
1742097772.680133,-79,20,-132
1742097772.7151332,-29,16,-110
1742097772.750133,28,44,-8
1742097772.7851331,-7,-33,-86
1742097772.8211331,-18,20,-44
1742097772.8571332,-32,-3,-134
1742097772.892133,118,-47,-14
1742097772.928133,35,-61,17
1742097772.963133,5,-5,-52
1742097772.9981332,13,14,-20
1742097773.033133,15,-33,21
1742097773.069133,-10,-45,-54
1742097773.105133,0,-1,23
1742097773.1401331,-18,4,-4
1742097773.1761332,15,32,-36
1742097773.211133,-40,-7,-18
1742097773.246133,45,18,-150
1742097773.2811332,35,60,57
1742097773.3171332,22,-9,49
1742097773.3531332,-9,-35,-134
1742097773.388133,18,4,-52
1742097773.424133,38,-74,-10
1742097773.4591331,-43,34,-44
1742097773.494133,6,4,-10
1742097773.529133,-57,-9,-34
1742097773.565133,62,42,-132
1742097773.601133,-5,-25,-28
1742097773.6361332,0,26,-106
1742097773.6791332,57,-57,11
1742097773.7151332,-34,2,-8
1742097773.750133,-19,-21,-82
1742097773.7851331,26,2,-92
1742097773.8211331,32,0,-14
1742097773.8571332,-1,14,-152
1742097773.892133,-31,48,-110
1742097773.928133,-9,52,-54
1742097773.963133,54,26,31
1742097773.9981332,-31,28,-92
1742097774.033133,22,-59,9
1742097774.069133,26,-83,9
1742097774.105133,14,32,-12
1742097774.1401331,-29,-79,-110
1742097774.1761332,-9,-97,9
1742097774.211133,16,-7,-12
1742097774.246133,34,-29,3
1742097774.282133,-5,-57,-192
1742097774.3171332,-53,26,41
1742097774.3531332,-25,-25,5
1742097774.388133,6,56,-70
1742097774.424133,0,0,-18
1742097774.4591331,100,-51,-88
1742097774.494133,24,20,-82
1742097774.530133,6,-11,-34
1742097774.565133,54,30,37
1742097774.601133,8,28,-108
1742097774.6361332,-61,12,9
1742097774.672133,40,-17,-10
1742097774.707133,22,-35,-96
1742097774.7421331,20,0,-118
1742097774.7781332,24,8,-14
1742097774.813133,-15,42,3
1742097774.849133,-46,40,-48
1742097774.884133,44,16,-24
1742097774.920133,52,-37,-24
1742097774.9551332,50,8,-94
1742097774.990133,-29,18,-94
1742097775.026133,-32,-45,-70
1742097775.0611331,-90,12,-46
1742097775.0971332,34,-55,-30
1742097775.132133,-61,0,-38
1742097775.168133,-17,-65,-78
1742097775.203133,-5,-53,-98
1742097775.2381332,-19,22,-166
1742097775.274133,-29,88,-10
1742097775.309133,-49,-19,53
1742097775.345133,-73,42,-30
1742097775.3801332,10,-53,-32
1742097775.4161332,-35,10,-62
1742097775.451133,10,38,17
1742097775.486133,30,-17,21
1742097775.522133,60,28,-58
1742097775.5571332,26,32,-50
1742097775.593133,84,10,-86
1742097775.628133,28,56,-90
1742097775.664133,-57,-5,-108
1742097775.6991332,74,64,-92
1742097775.734133,-21,12,15
1742097775.770133,-21,-15,-94
1742097775.805133,2,-39,-34
1742097775.841133,20,-31,-132
1742097775.876133,158,-61,-104
1742097775.912133,-23,-111,119
1742097775.947133,22,-23,-14
1742097775.9821332,20,14,19
1742097776.0181332,18,44,-64
1742097776.053133,48,-41,-48
1742097776.089133,-43,22,-58
1742097776.124133,-39,-25,23
1742097776.1601331,18,-61,-26
1742097776.195133,-15,34,-32
1742097776.230133,28,-9,-156
1742097776.266133,-5,54,-70
1742097776.3011332,-13,-11,-104
1742097776.3371332,-13,-9,-2
1742097776.372133,112,-41,-76
1742097776.408133,12,-51,83
1742097776.443133,90,26,-50
1742097776.4781332,-13,-15,-110
1742097776.514133,-55,-57,-2
1742097776.549133,-51,-35,-24
1742097776.585133,-67,-73,-26
1742097776.6201332,110,40,-22
1742097776.6561332,8,-29,11
1742097776.691133,22,14,-12
1742097776.726133,78,76,-46
1742097776.7621331,66,54,23
1742097776.797133,6,66,-16
1742097776.833133,42,-17,9
1742097776.868133,8,-13,-2
1742097776.9031332,8,84,-22
1742097776.938133,0,-45,-74
1742097776.974133,-15,60,67
1742097777.010133,0,60,-40
1742097777.045133,-43,50,81
1742097777.0811331,-53,-49,13
1742097777.116133,40,-17,-96
1742097777.151133,44,-11,3
1742097777.1861331,-1,16,1
1742097777.2221332,70,40,-50
1742097777.2581332,50,-29,-144
1742097777.293133,22,-37,-74
1742097777.329133,-1,30,71
1742097777.3641331,-27,-43,-114
1742097777.399133,-33,-87,47
1742097777.434133,-29,32,-106
1742097777.470133,-71,48,73
1742097777.506133,6,-65,47
1742097777.5411332,-15,66,-78
1742097777.5771332,6,-29,-76
1742097777.612133,-47,12,-26
1742097777.647133,26,62,15
1742097777.6821332,28,14,-74
1742097777.718133,-21,-19,-34
1742097777.754133,4,-43,77
1742097777.789133,-101,-31,117
1742097777.825133,-49,-75,-58
1742097777.8601332,30,-39,-52
1742097777.895133,40,-29,-78
1742097777.930133,-137,-1,-22
1742097777.966133,22,24,-88
1742097778.0021331,44,50,-166
1742097778.037133,96,-5,5
1742097778.073133,-5,-21,-2
1742097778.108133,-17,36,31
1742097778.1431332,-61,-11,-32
1742097778.178133,-25,8,-82
1742097778.214133,74,-7,117
1742097778.250133,-5,-97,-38
1742097778.2851331,-11,-11,-96
1742097778.3211331,66,60,-88
1742097778.356133,-33,-19,-30
1742097778.391133,-49,-7,-38
1742097778.4261332,-33,48,-112
1742097778.4621332,24,-25,11
1742097778.4981332,-7,-55,-2
1742097778.533133,-15,-73,-128
1742097778.569133,54,-25,-102
1742097778.6041331,64,114,-10
1742097778.639133,-1,18,-12
1742097778.674133,16,-95,43
1742097778.710133,-27,12,-74
1742097778.746133,-83,14,-8
1742097778.7811332,-1,-47,-8
1742097778.8171332,6,4,-8
1742097778.852133,42,62,-50
1742097778.8871331,52,-55,-40
1742097778.922133,20,46,13
1742097778.958133,0,-15,-84
1742097778.994133,12,-53,-62
1742097779.029133,-13,4,3
1742097779.065133,-9,-39,-56
1742097779.1001332,-9,56,0
1742097779.135133,76,10,-34
1742097779.170133,20,-17,0
1742097779.2061331,40,12,-28
1742097779.2421331,6,-55,-52
1742097779.277133,-3,-93,-14
1742097779.313133,-57,-41,59
1742097779.348133,-27,-1,-68
1742097779.3831332,-61,20,-44
1742097779.418133,16,26,-42
1742097779.454133,80,-9,-10
1742097779.490133,4,-25,-122
1742097779.5251331,70,60,-30
1742097779.5611331,-89,-23,-50
1742097779.596133,10,-65,-72
1742097779.631133,-25,-17,3
1742097779.6661332,42,60,9
1742097779.7021332,-7,90,-142
1742097779.7381332,26,-35,-44
1742097779.773133,42,-7,-26
1742097779.809133,66,34,-32
1742097779.8441331,-59,-33,-48
1742097779.879133,-81,-7,-52
1742097779.914133,-31,18,-152
1742097779.950133,-53,8,-2
1742097779.986133,-17,-15,-56
1742097780.0211332,14,-43,-72
1742097780.0571332,14,-55,-24
1742097780.092133,12,-27,-36
1742097780.1271331,-11,18,-16
1742097780.162133,36,-7,-64
1742097780.198133,-51,-15,-92
1742097780.234133,-19,-37,1
1742097780.269133,-135,-17,-14
1742097780.305133,8,-39,-18
1742097780.3401332,16,-29,77
1742097780.375133,-63,20,-86
1742097780.4101331,32,-73,-2
1742097780.4461331,-23,0,65
1742097780.4821332,26,12,-124
1742097780.517133,-5,22,95
1742097780.553133,18,-75,-6
1742097780.588133,-13,48,7
1742097780.6231332,-31,-29,-74
1742097780.658133,34,80,89
1742097780.694133,-31,36,-8
1742097780.730133,86,22,-98
1742097780.7651331,16,-69,-10
1742097780.8011332,-61,-67,89
1742097780.836133,26,-13,-88
1742097780.871133,-51,-3,-54
1742097780.9061332,6,-23,45
1742097780.9421332,-23,74,-42
1742097780.9781332,-49,-109,0
1742097781.013133,32,28,13
1742097781.049133,-1,-1,-4
1742097781.0841331,36,10,77
1742097781.119133,2,86,-34
1742097781.155133,-15,16,97
1742097781.190133,-13,-37,-10
1742097781.226133,-9,102,-68
1742097781.2611332,-97,4,-66
1742097781.297133,34,14,-148
1742097781.332133,-61,2,-4
1742097781.3671331,-1,26,-86
1742097781.4031332,52,-11,-30
1742097781.438133,36,18,-28
1742097781.474133,-3,-13,-20
1742097781.509133,-3,-63,-56
1742097781.545133,20,66,31
1742097781.5801332,-85,36,-60
1742097781.615133,34,44,-86
1742097781.651133,-1,-13,-52
1742097781.6861331,4,14,-30
1742097781.7221332,-25,6,19
1742097781.757133,44,28,-94
1742097781.793133,-1,40,-2
1742097781.828133,14,-17,-88
1742097781.8631332,-67,36,101
1742097781.899133,34,-65,-12
1742097781.934133,-69,28,9
1742097781.970133,42,-7,23
1742097782.0051332,14,28,5
1742097782.0411332,-11,24,-40
1742097782.076133,6,94,77
1742097782.111133,54,-49,-46
1742097782.147133,34,0,-28
1742097782.1821332,62,42,-114
1742097782.218133,-39,-5,-30
1742097782.253133,-3,4,115
1742097782.289133,-1,0,-132
1742097782.3241332,28,126,31
1742097782.359133,18,-27,97
1742097782.395133,26,-12,13
1742097782.430133,-3,49,-34
1742097782.466133,-9,71,9
1742097782.501133,2,11,-26
1742097782.537133,20,0,-46
1742097782.572133,-13,47,73
1742097782.6071332,-23,-40,-98
1742097782.6431332,68,21,-46
1742097782.678133,-33,1,-120
1742097782.714133,42,-4,1
1742097782.749133,-45,-90,-48
1742097782.7851331,-41,0,-64
1742097782.820133,6,-26,-74
1742097782.855133,10,-64,-82
1742097782.891133,8,1,93
1742097782.9261332,28,11,25
1742097782.9621332,-41,-48,-122
1742097782.997133,14,-54,-94
1742097783.033133,48,-6,-30
1742097783.068133,-55,13,-28
1742097783.1031332,-45,25,-66
1742097783.139133,46,27,-2
1742097783.174133,84,45,31
1742097783.210133,14,-6,-118
1742097783.2451332,-35,-54,-48
1742097783.2811332,-27,1,-124
1742097783.316133,44,-34,29
1742097783.3531332,-47,-18,-72
1742097783.388133,26,25,-194
1742097783.4231331,36,-97,95
1742097783.4591331,-61,-91,43
1742097783.494133,-25,-35,79
1742097783.530133,-33,-19,-62
1742097783.565133,20,-59,-10
1742097783.601133,18,-62,25
1742097783.6371331,-31,-47,-158
1742097783.6791332,56,-3,-74
1742097783.7151332,24,20,3
1742097783.751133,30,14,-42
1742097783.787133,-11,-9,-42
1742097783.822133,6,-31,-30
1742097783.858133,-57,0,-158
1742097783.8931332,-23,60,15
1742097783.928133,-1,-19,3
1742097783.963133,-39,28,-72
1742097783.999133,-21,-7,-56
1742097784.0351331,-81,-9,-122
1742097784.070133,42,46,-4
1742097784.106133,-59,-15,0
1742097784.141133,70,42,-4
1742097784.1761332,-17,22,-24
1742097784.211133,38,30,-2
1742097784.247133,-55,-41,15
1742097784.283133,22,58,-58
1742097784.318133,-41,32,0
1742097784.3541331,-57,-9,-46
1742097784.389133,-27,14,-92
1742097784.424133,10,28,81
1742097784.4591331,118,-131,-38
1742097784.4951332,-43,-37,-4
1742097784.5311332,-7,-101,-10
1742097784.566133,-43,-7,7
1742097784.602133,0,44,-80
1742097784.6371331,48,-71,-18
1742097784.672133,16,-5,35
1742097784.707133,50,0,0
1742097784.743133,-13,26,-56
1742097784.779133,28,4,-8
1742097784.8141332,82,-1,39
1742097784.8501332,-55,-25,17
1742097784.885133,12,-5,47
1742097784.920133,44,64,193
1742097784.9551332,62,26,-100
1742097784.991133,30,-31,133
1742097785.027133,-17,8,-28
1742097785.062133,-45,4,-16
1742097785.098133,-5,-17,77
1742097785.1331332,-45,6,-126
1742097785.168133,-37,60,-44
1742097785.203133,42,2,133
1742097785.2391331,-13,-3,-10
1742097785.2751331,-79,-13,47
1742097785.310133,0,44,-124
1742097785.346133,-41,22,-22
1742097785.381133,-23,24,33
1742097785.4161332,-19,42,-8
1742097785.451133,62,-35,-10
1742097785.487133,8,-57,-142
1742097785.523133,110,2,55
1742097785.5581331,-3,50,-49
1742097785.5941331,64,-23,-106
1742097785.629133,-23,0,-112
1742097785.664133,52,30,-34
1742097785.6991332,-53,42,5
1742097785.7351332,134,62,-56
1742097785.7711332,-47,-49,-79
1742097785.806133,0,30,0
1742097785.842133,26,40,-37
1742097785.8771331,-5,30,-29
1742097785.912133,-13,-3,-17
1742097785.947133,-15,28,-71
1742097785.983133,-3,-57,-111
1742097786.019133,8,58,-39
1742097786.0541332,-43,-1,-119
1742097786.0901332,22,36,76
1742097786.125133,-63,14,-59
1742097786.1601331,52,34,40
1742097786.195133,4,-13,70
1742097786.231133,-33,102,6
1742097786.267133,4,98,26
1742097786.302133,-5,-7,14
1742097786.338133,-53,-25,-123
1742097786.3731332,-39,-41,-1
1742097786.408133,42,2,10
1742097786.443133,-91,-31,-7
1742097786.4791331,66,6,-65
1742097786.5151331,-75,42,-121
1742097786.550133,-57,-69,-39
1742097786.586133,-57,4,-87
1742097786.621133,0,-1,-129
1742097786.6561332,30,42,-43
1742097786.691133,-25,-21,44
1742097786.727133,12,30,-47
1742097786.763133,-39,-55,-93
1742097786.7981331,78,-17,16
1742097786.8341331,16,30,-41
1742097786.869133,24,-3,-5
1742097786.904133,-147,18,-83
1742097786.9391332,-23,-17,6
1742097786.9751332,24,-7,-51
1742097787.0111332,-5,-33,-21
1742097787.046133,-35,-31,52
1742097787.082133,-11,28,-15
1742097787.1171331,56,50,-45
1742097787.152133,44,-47,8
1742097787.187133,-39,-53,-57
1742097787.223133,-3,0,-115
1742097787.259133,-67,34,2
1742097787.2941332,26,-27,-29
1742097787.3301332,-41,-29,44
1742097787.365133,2,30,-103
1742097787.4001331,-21,24,8
1742097787.435133,-39,-9,58
1742097787.471133,42,28,-3
1742097787.507133,-103,86,6
1742097787.542133,0,-47,164
1742097787.578133,8,-5,38
1742097787.6131332,14,-25,-23
1742097787.648133,68,12,-117
1742097787.6831331,64,56,54
1742097787.7191331,6,-1,-15
1742097787.7551332,18,42,-33
1742097787.790133,-67,-77,-53
1742097787.826133,86,16,-51
1742097787.861133,46,48,-41
1742097787.8961332,-15,-19,-61
1742097787.931133,-9,-37,4
1742097787.967133,-13,-33,-49
1742097788.003133,66,-91,-113
1742097788.0381331,-41,24,4
1742097788.0741332,22,6,44
1742097788.109133,-23,-41,-79
1742097788.144133,-65,6,54
1742097788.180133,76,-11,-35
1742097788.2151332,62,64,-39
1742097788.251133,-21,-43,-43
1742097788.286133,8,24,-93
1742097788.322133,-5,-6,-45
1742097788.3571332,78,50,18
1742097788.392133,-11,-33,26
1742097788.428133,14,60,-3
1742097788.463133,-65,14,-51
1742097788.499133,10,30,-87
1742097788.5341332,-37,2,-19
1742097788.570133,18,-7,-121
1742097788.605133,16,-15,-89
1742097788.6401331,16,16,-63
1742097788.6761332,60,48,-73
1742097788.711133,-17,-5,-59
1742097788.747133,-1,-23,-1
1742097788.782133,-1,-23,34
1742097788.818133,74,-1,-15
1742097788.8531332,-5,84,-9
1742097788.888133,28,36,-59
1742097788.924133,6,-55,-111
1742097788.9591331,8,-9,30
1742097788.9951332,16,-15,-125
1742097789.030133,-35,16,-29
1742097789.066133,-73,-23,-49
1742097789.101133,14,-17,-23
1742097789.1361332,-67,-49,150
1742097789.172133,-35,68,-35
1742097789.207133,-17,30,-33
1742097789.243133,-15,76,-81
1742097789.2781332,4,-23,-95
1742097789.3141332,-105,-5,-67
1742097789.349133,-17,-21,-73
1742097789.384133,42,-21,-99
1742097789.420133,30,-13,-17
1742097789.4551332,90,18,14
1742097789.491133,36,44,-183
1742097789.526133,-21,4,-71
1742097789.562133,-1,-89,4
1742097789.5971332,24,-31,44
1742097789.632133,20,70,-17
1742097789.668133,-43,-81,-111
1742097789.703133,-51,-55,-61
1742097789.7391331,-15,-63,-95
1742097789.774133,10,26,-5
1742097789.810133,26,20,20
1742097789.845133,-19,32,-133
1742097789.8801332,-45,32,18
1742097789.9161332,-15,-63,-75
1742097789.951133,48,24,12
1742097789.987133,4,88,-59
1742097790.022133,-35,62,-77
1742097790.0581331,3,-35,-31
1742097790.093133,-90,-109,26
1742097790.128133,21,32,25
1742097790.164133,53,-77,-28
1742097790.1991332,-43,-45,-12
1742097790.2351332,68,-41,15
1742097790.270133,-15,-43,75
1742097790.306133,1,12,73
1742097790.341133,117,-1,-14
1742097790.376133,11,20,81
1742097790.412133,84,48,-132
1742097790.447133,54,-59,91
1742097790.483133,-73,-29,57
1742097790.5181332,42,42,-68
1742097790.553133,-25,-29,39
1742097790.588133,6,44,-2
1742097790.624133,-73,14,-28
1742097790.6601331,-91,6,-188
1742097790.695133,-9,34,-28
1742097790.731133,-5,-23,17
1742097790.766133,-65,-27,11
1742097790.8011332,6,-1,-122
1742097790.836133,-48,-27,25
1742097790.872133,-19,-31,-66
1742097790.908133,-29,28,37
1742097790.943133,8,-85,15
1742097790.9791331,-71,6,-118
1742097791.014133,-19,-13,-18
1742097791.049133,42,-55,31
1742097791.0841331,2,16,33
1742097791.1201332,60,14,-88
1742097791.1561332,-19,-13,-144
1742097791.191133,70,60,-24
1742097791.227133,32,-5,-108
1742097791.2621331,-59,12,29
1742097791.297133,80,-17,-28
1742097791.332133,0,-13,15
1742097791.368133,58,-39,-92
1742097791.404133,-31,-61,9
1742097791.4391332,60,-43,-82
1742097791.4751332,-89,28,21
1742097791.510133,10,74,-26
1742097791.545133,28,-11,-146
1742097791.5801332,2,44,-138
1742097791.616133,44,-45,-78
1742097791.652133,-9,-25,-56
1742097791.687133,46,12,-100
1742097791.723133,26,-21,-2
1742097791.7581332,-37,32,-110
1742097791.793133,30,2,7
1742097791.828133,22,-45,-72
1742097791.8641331,-47,2,17
1742097791.9001331,52,-19,105
1742097791.935133,-35,78,17
1742097791.971133,-129,-43,-38
1742097792.006133,-25,-31,55
1742097792.0411332,30,34,-110
1742097792.076133,-43,56,-68
1742097792.112133,-37,-45,-22
1742097792.148133,-25,92,-102
1742097792.1831331,20,-53,-98
1742097792.2191331,-11,26,-24
1742097792.254133,58,10,73
1742097792.289133,-11,-35,19
1742097792.3241332,-17,40,75
1742097792.3601332,-21,-7,-80
1742097792.3961332,-15,-73,5
1742097792.431133,54,32,-2
1742097792.467133,-11,56,41
1742097792.5021331,28,12,-120
1742097792.537133,-81,24,43
1742097792.572133,20,-49,-40
1742097792.608133,44,18,19
1742097792.644133,-33,14,-68
1742097792.6791332,-89,2,25
1742097792.7151332,82,30,-50
1742097792.750133,22,30,-68
1742097792.7851331,31,-9,-66
1742097792.820133,-13,14,-172
1742097792.856133,11,-39,-18
1742097792.892133,21,4,-58
1742097792.927133,-53,-31,-36
1742097792.963133,23,40,-86
1742097792.9981332,26,10,-38
1742097793.033133,-59,20,-30
1742097793.068133,14,50,-66
1742097793.1041331,-17,94,23
1742097793.1401331,-11,24,-68
1742097793.175133,-111,58,79
1742097793.211133,18,18,-18
1742097793.246133,26,-43,-120
1742097793.2811332,-4,-71,55
1742097793.316133,-11,-29,-48
1742097793.352133,4,14,-88
1742097793.388133,-6,130,-130
1742097793.4231331,-37,-7,45
1742097793.4591331,55,-19,-90
1742097793.494133,86,10,-66
1742097793.529133,-31,72,-68
1742097793.5641332,32,-3,-56
1742097793.6001332,58,14,-2
1742097793.6361332,-41,24,-16
1742097793.671133,68,-17,3
1742097793.714133,42,44,-4
1742097793.750133,-11,-39,-38
1742097793.7851331,-55,-15,53
1742097793.820133,12,-3,-78
1742097793.856133,-33,-37,83
1742097793.892133,-21,-23,-24
1742097793.927133,-57,-89,-70
1742097793.963133,12,28,-70
1742097793.9981332,-61,40,-110
1742097794.033133,4,14,39
1742097794.068133,-15,-19,53
1742097794.1041331,-109,-33,23
1742097794.1401331,4,52,9
1742097794.175133,-99,50,59
1742097794.211133,-83,10,11
1742097794.246133,74,-27,19
1742097794.2811332,50,-27,27
1742097794.316133,-75,32,-40
1742097794.352133,14,-3,-80
1742097794.388133,-15,48,3
1742097794.4231331,50,-13,-14
1742097794.4591331,16,22,-90
1742097794.494133,16,-17,15
1742097794.529133,10,-37,61
1742097794.565133,32,-25,-72
1742097794.6001332,-35,24,-52
1742097794.6361332,86,4,-70
1742097794.671133,-23,-53,-6
1742097794.707133,26,68,-6
1742097794.7421331,-21,18,-12
1742097794.777133,40,-7,-42
1742097794.812133,-15,-3,-122
1742097794.848133,-21,66,-46
1742097794.884133,20,-69,11
1742097794.9191332,18,16,-46
1742097794.9551332,6,88,-96
1742097794.990133,6,-41,-156
1742097795.0251331,-57,2,-50
1742097795.0611331,22,48,-34
1742097795.096133,-81,14,57
1742097795.132133,8,16,3
1742097795.167133,12,70,9
1742097795.203133,6,2,29
1742097795.2381332,10,-71,-42
1742097795.273133,50,-31,13
1742097795.309133,-37,6,59
1742097795.3441331,106,-59,-94
1742097795.3801332,56,-7,-20
1742097795.415133,-73,50,-74
1742097795.451133,4,20,-94
1742097795.486133,26,-13,-53
1742097795.5211332,-11,-13,27
1742097795.5571332,-29,50,10
1742097795.592133,-23,-71,31
1742097795.628133,-39,2,-68
1742097795.6631331,-23,-39,1
1742097795.6991332,30,-7,-108
1742097795.734133,50,-1,-12
1742097795.769133,60,132,-96
1742097795.805133,38,-27,-28
1742097795.8401332,-23,38,19
1742097795.876133,-41,82,-56
1742097795.911133,-3,18,-74
1742097795.947133,-35,26,21
1742097795.9821332,72,-5,44
1742097796.017133,22,-47,-173
1742097796.053133,-39,64,-15
1742097796.088133,-7,-29,28
1742097796.124133,-19,-69,-18
1742097796.1591332,-13,8,-107
1742097796.195133,24,36,-58
1742097796.230133,-57,-15,-60
1742097796.2651331,-21,-15,-76
1742097796.3011332,-21,14,-50
1742097796.336133,-63,-13,-128
1742097796.372133,16,44,-70
1742097796.407133,-13,-9,-74
1742097796.443133,-47,30,-16
1742097796.4781332,36,48,39
1742097796.513133,24,84,-73
1742097796.549133,42,-11,-42
1742097796.5841331,84,16,26
1742097796.6201332,-27,52,8
1742097796.655133,54,38,10
1742097796.691133,-13,-75,52
1742097796.726133,30,2,32
1742097796.7611332,-21,6,-177
1742097796.797133,-95,2,-51
1742097796.832133,8,38,-25
1742097796.868133,-43,28,-119
1742097796.9031332,-37,-71,22
1742097796.9391332,-9,22,-63
1742097796.974133,-13,16,-23
1742097797.009133,-71,-3,-49
1742097797.045133,-73,62,76
1742097797.0801332,46,6,46
1742097797.116133,42,-9,-15
1742097797.151133,-25,-53,122
1742097797.187133,-27,-15,-107
1742097797.2221332,24,-45,54
1742097797.257133,-43,32,-93
1742097797.293133,26,-21,-93
1742097797.328133,72,-49,-61
1742097797.3641331,56,-33,-149
1742097797.399133,-75,-41,-25
1742097797.435133,-47,-1,-43
1742097797.471133,0,-63,-53
1742097797.507133,62,22,-3
1742097797.543133,-15,-7,-53
1742097797.578133,24,12,-51
1742097797.6131332,20,64,-80
1742097797.649133,-9,6,-5
1742097797.685133,-27,-7,9
1742097797.720133,-61,-31,101
1742097797.756133,-5,20,-132
1742097797.7911332,56,-63,-24
1742097797.826133,-43,-23,29
1742097797.861133,-1,28,-66
1742097797.897133,30,-11,-98
1742097797.9331331,44,-45,-12
1742097797.968133,32,-53,-34
1742097798.004133,40,-9,3
1742097798.039133,60,-75,-10
1742097798.0741332,80,-7,-92
1742097798.109133,-15,24,-72
1742097798.145133,-47,-39,27
1742097798.181133,-21,22,-158
1742097798.216133,-49,20,-48
1742097798.2521331,110,40,-60
1742097798.287133,-63,-35,23
1742097798.322133,116,-59,-64
1742097798.3571332,0,-37,-102
1742097798.3931332,-117,-19,-2
1742097798.4291332,-45,78,-68
1742097798.464133,-7,82,-98
1742097798.500133,14,-31,33
1742097798.5351331,-15,-37,59
1742097798.570133,70,44,-10
1742097798.605133,2,68,15
1742097798.641133,64,-27,-66
1742097798.677133,-5,-19,-14
1742097798.7121332,-17,10,-86
1742097798.7481332,80,6,115
1742097798.783133,-39,18,-130
1742097798.818133,4,16,69
1742097798.8531332,12,34,-8
1742097798.889133,8,-27,13
1742097798.925133,-41,62,95
1742097798.960133,-7,78,25
1742097798.996133,54,46,-50
1742097799.0311332,52,44,-96
1742097799.066133,26,-19,-132
1742097799.101133,16,24,-96
1742097799.1371331,-29,-31,-46
1742097799.1731331,44,18,-58
1742097799.208133,24,-17,-22
1742097799.244133,-29,-43,-48
1742097799.279133,28,24,-118
1742097799.3141332,-27,10,-6
1742097799.349133,24,12,43
1742097799.385133,28,-87,-2
1742097799.421133,-103,28,-16
1742097799.4561331,-39,40,-104
1742097799.4921331,-45,68,-14
1742097799.527133,-7,-33,-48
1742097799.562133,-39,18,-110
1742097799.5971332,18,16,-98
1742097799.6331332,-3,-23,-12
1742097799.6691332,28,-9,-148
1742097799.704133,54,-7,-60
1742097799.740133,0,-29,-62
1742097799.7751331,0,12,47
1742097799.810133,50,84,-8
1742097799.845133,-39,4,-8
1742097799.881133,26,4,99
1742097799.917133,-91,-21,21
1742097799.9521332,12,-45,-32
1742097799.9881332,-27,50,-12
1742097800.023133,-47,10,-24
1742097800.0581331,-1,-73,-14
1742097800.093133,48,22,-56
1742097800.129133,-29,-73,35
1742097800.165133,-27,-25,-34
1742097800.200133,-9,-1,-60
1742097800.236133,-29,26,61
1742097800.2711332,-55,-65,9
1742097800.306133,38,64,-6
1742097800.341133,-51,-1,-92
1742097800.3771331,-29,-47,-34
1742097800.4131331,-1,54,-8
1742097800.448133,32,30,-166
1742097800.484133,-41,-5,61
1742097800.519133,72,-45,-100
1742097800.5541332,-61,4,-114
1742097800.589133,-45,-21,-70
1742097800.625133,-27,-7,-12
1742097800.661133,-33,16,-188
1742097800.6961331,0,18,-74
1742097800.7321332,60,-31,117
1742097800.767133,-29,70,-18
1742097800.802133,38,78,-20
1742097800.8371332,4,48,-24
1742097800.8731332,-7,2,59
1742097800.9091332,-41,8,27
1742097800.944133,18,42,61
1742097800.980133,-21,-75,-16
1742097801.0151331,20,-5,23
1742097801.050133,26,-53,-60
1742097801.085133,0,-57,35
1742097801.121133,12,-53,-22
1742097801.157133,-59,12,-44
1742097801.1921332,-107,6,-8
1742097801.2281332,-21,86,1
1742097801.263133,52,-25,-178
1742097801.2981331,90,42,-68
1742097801.333133,-49,-43,7
1742097801.369133,16,-65,-102
1742097801.405133,-61,26,49
1742097801.440133,-5,-27,-32
1742097801.476133,4,30,-130
1742097801.5111332,54,-45,-132
1742097801.546133,-55,-71,-128
1742097801.5811331,-7,96,-6
1742097801.6171331,-49,-75,-122
1742097801.6531332,68,6,29
1742097801.688133,38,2,21
1742097801.724133,-11,-31,-92
1742097801.759133,-71,-57,-60
1742097801.7941332,12,-41,-18
1742097801.8301332,14,-43,95
1742097801.865133,-7,34,-126
1742097801.901133,-1,66,-72
1742097801.9361331,2,6,-18
1742097801.9721332,48,28,-90
1742097802.007133,8,8,-60
1742097802.042133,22,-25,-4
1742097802.078133,40,-77,-34
1742097802.1131332,40,16,-80
1742097802.149133,28,32,-34
1742097802.184133,42,14,-62
1742097802.220133,10,-57,-74
1742097802.2551332,-17,-15,-130
1742097802.290133,86,-17,-6
1742097802.326133,2,-21,15
1742097802.361133,24,44,-96
1742097802.397133,-15,34,65
1742097802.4321332,96,8,61
1742097802.468133,-47,30,-62
1742097802.503133,30,34,-104
1742097802.5381331,-7,12,-64
1742097802.5741332,28,-27,-142
1742097802.609133,56,72,-44
1742097802.645133,-19,4,9
1742097802.680133,-69,60,-16
1742097802.716133,-43,-5,61
1742097802.751133,60,76,-34
1742097802.786133,50,56,-6
1742097802.822133,50,-7,81
1742097802.8571332,-71,126,33
1742097802.8931332,-25,58,29
1742097802.928133,-17,2,-78
1742097802.964133,-41,64,-66
1742097802.999133,60,0,-170
1742097803.0341332,40,-25,-136
1742097803.070133,6,48,-10
1742097803.105133,-53,28,-58
1742097803.141133,8,18,3
1742097803.1761332,42,14,47
1742097803.2121332,32,2,-122
1742097803.247133,14,8,3
1742097803.282133,-7,42,27
1742097803.318133,-25,-57,-118
1742097803.3531332,92,-9,97
1742097803.389133,-49,-15,-44
1742097803.424133,14,52,77
1742097803.460133,-11,-31,-138
1742097803.4951332,-19,20,-42
1742097803.530133,24,-21,-34
1742097803.566133,72,52,31
1742097803.601133,14,6,-8
1742097803.6371331,32,34,53
1742097803.672133,64,18,65
1742097803.714133,64,-15,-54
1742097803.750133,-17,18,33
1742097803.786133,38,32,-64
1742097803.822133,72,14,0
1742097803.8571332,18,14,-94
1742097803.8931332,-45,4,-34
1742097803.928133,106,20,-56
1742097803.964133,-87,-57,19
1742097803.999133,-17,-21,-36
1742097804.0341332,18,-59,-34
1742097804.070133,116,-41,-44
1742097804.105133,-53,-35,-50
1742097804.141133,54,4,-30
1742097804.1761332,64,60,33
1742097804.2121332,-17,-37,35
1742097804.247133,30,30,-124
1742097804.282133,-91,-49,-24
1742097804.318133,-3,2,-84
1742097804.3531332,54,-39,-34
1742097804.389133,-23,-19,-24
1742097804.424133,58,40,-108
1742097804.4591331,22,-69,-76
1742097804.494133,38,-103,-98
1742097804.530133,-41,82,-100
1742097804.566133,52,-79,-58
1742097804.601133,6,6,-34
1742097804.6371331,12,-41,-70
1742097804.672133,-47,0,-30
1742097804.707133,48,46,47
1742097804.7421331,-9,18,-14
1742097804.7781332,-17,0,-56
1742097804.8141332,-3,-5,15
1742097804.849133,72,60,-158
1742097804.885133,-107,78,-44
1742097804.920133,16,-29,-52
1742097804.9551332,-19,-45,91
1742097804.990133,28,-21,-114
1742097805.026133,-11,28,-74
1742097805.062133,39,4,13
1742097805.0971332,23,46,-44
1742097805.1331332,27,-35,-162
1742097805.168133,31,-5,-22
1742097805.203133,-36,-17,-38
1742097805.2381332,53,-49,37
1742097805.274133,-19,-87,0
1742097805.310133,-55,40,11
1742097805.345133,10,-13,17
1742097805.381133,-27,-7,7
1742097805.4161332,-63,36,-10
1742097805.451133,-19,8,-122
1742097805.486133,-3,6,-94
1742097805.522133,116,-61,-70
1742097805.5581331,8,4,-62
1742097805.593133,10,-9,-14
1742097805.629133,18,-35,-88
1742097805.664133,26,-3,105
1742097805.6991332,34,-61,-84
1742097805.734133,0,-11,-40
1742097805.770133,88,30,23
1742097805.806133,-27,-9,65
1742097805.841133,-7,-71,95
1742097805.8771331,66,-17,47
1742097805.912133,-29,-49,-68
1742097805.947133,136,4,-144
1742097805.9821332,-7,20,-86
1742097806.0181332,28,-29,-60
1742097806.0541332,-115,0,-112
1742097806.089133,-3,-57,135
1742097806.125133,2,-49,5
1742097806.1601331,88,-27,17
1742097806.195133,24,40,-20
1742097806.230133,2,-21,-46
1742097806.266133,-7,-1,-46
1742097806.302133,-21,-113,-62
1742097806.3371332,11,92,1
1742097806.3731332,-44,-49,55
1742097806.408133,-38,20,-40
1742097806.443133,7,8,-36
1742097806.4781332,53,12,-38
1742097806.514133,69,44,11
1742097806.550133,-50,10,-78
1742097806.585133,-32,-15,-36
1742097806.621133,27,-37,-74
1742097806.6561332,13,-11,37
1742097806.691133,19,-19,-4
1742097806.726133,-35,-29,-60
1742097806.7621331,36,42,-56
1742097806.7981331,-2,-19,-108
1742097806.833133,46,12,-40
1742097806.869133,3,-9,-38
1742097806.905133,27,-21,-84
1742097806.941133,21,-101,-50
1742097806.976133,-43,-19,43
1742097807.0111332,-81,2,19
1742097807.046133,13,-31,-34
1742097807.082133,60,90,-78
1742097807.118133,54,4,-80
1742097807.1531332,68,-17,-190
1742097807.1891332,-49,72,-130
1742097807.224133,-9,-85,-22
1742097807.259133,43,-7,-56
1742097807.2941332,13,-17,-8
1742097807.3301332,-48,-67,71
1742097807.366133,77,-25,-8
1742097807.401133,-28,32,-10
1742097807.437133,-2,68,39
1742097807.4721332,-82,56,-32
1742097807.507133,-6,-1,-8
1742097807.542133,-64,-43,43
1742097807.578133,31,-51,-70
1742097807.6141331,73,-1,-148
1742097807.649133,-20,-71,-38
1742097807.685133,11,12,59
1742097807.720133,29,-1,-34
1742097807.7551332,29,98,51
1742097807.790133,-8,16,-48
1742097807.826133,-48,-27,-42
1742097807.862133,-46,30,-38
1742097807.897133,63,40,-98
1742097807.9331331,-86,-3,0
1742097807.968133,27,-79,-34
1742097808.003133,-54,-65,-38
1742097808.0381331,-26,-13,-78
1742097808.0741332,23,48,-48
1742097808.1101332,61,-41,-72
1742097808.145133,3,-39,-40
1742097808.181133,19,-101,-22
1742097808.216133,-6,-15,-98
1742097808.251133,23,-9,-96
1742097808.286133,17,8,9
1742097808.322133,-86,-13,-44
1742097808.358133,-14,-1,-52
1742097808.3931332,5,48,-26
1742097808.4291332,57,-45,5
1742097808.464133,71,-77,3
1742097808.499133,35,2,-150
1742097808.5341332,15,-1,39
1742097808.570133,3,36,-22
1742097808.606133,-30,10,-72
1742097808.641133,55,-65,-80
1742097808.677133,-44,-7,-94
1742097808.7121332,-22,44,109
1742097808.747133,-44,42,-54
1742097808.783133,-24,36,-94
1742097808.818133,-16,60,-168
1742097808.8541331,-16,-9,-64
1742097808.889133,15,20,59
1742097808.925133,-42,2,-4
1742097808.960133,-50,4,93
1742097808.9951332,-52,68,-12
1742097809.0311332,0,4,7
1742097809.066133,59,-53,-14
1742097809.102133,-30,38,-62
1742097809.1371331,115,8,-124
1742097809.1731331,-4,16,-128
1742097809.208133,17,-7,-228
1742097809.243133,19,-37,-88
1742097809.279133,-26,24,15
1742097809.3141332,-42,46,79
1742097809.3501332,0,80,-176
1742097809.385133,41,-25,3
1742097809.421133,13,-55,-68
1742097809.4561331,-10,-1,-32
1742097809.491133,-40,26,-62
1742097809.527133,-6,2,-104
1742097809.562133,13,-3,13
1742097809.598133,35,-11,39
1742097809.6331332,23,30,-56
1742097809.6691332,-54,2,-52
1742097809.704133,73,-21,55
1742097809.7391331,-14,-25,-46
1742097809.7751331,0,-47,17
1742097809.810133,107,8,-108
1742097809.846133,13,-45,-20
1742097809.881133,23,-75,-6
1742097809.917133,7,-77,-22
1742097809.9521332,-14,14,-80
1742097809.987133,-24,-37,-96
1742097810.023133,51,-47,17
1742097810.0581331,9,-9,-128
1742097810.0941331,15,40,37
1742097810.129133,-12,12,-44
1742097810.165133,21,-3,-44
1742097810.200133,3,16,15
1742097810.2351332,-10,-39,-94
1742097810.2711332,-18,2,59
1742097810.306133,97,24,-36
1742097810.342133,-26,-73,-44
1742097810.3771331,71,18,-14
1742097810.4131331,-6,20,140
1742097810.448133,-122,56,67
1742097810.483133,29,0,131
1742097810.519133,-24,-35,-6
1742097810.5541332,-4,12,36
1742097810.5901332,35,42,32
1742097810.625133,-88,-9,-143
1742097810.661133,-20,20,-56
1742097810.6961331,27,-55,-27
1742097810.731133,61,-49,26
1742097810.767133,-4,50,46
1742097810.802133,53,-57,-187
1742097810.838133,-38,-13,116
1742097810.8731332,29,10,-77
1742097810.9091332,15,-9,-81
1742097810.944133,81,-15,-81
1742097810.9791331,-62,76,-107
1742097811.0151331,87,-5,-55
1742097811.050133,-18,-3,8
1742097811.086133,-12,24,-41
1742097811.121133,17,-97,-13
1742097811.157133,59,-11,-47
1742097811.193133,5,42,36
1742097811.2291331,25,-37,-35
1742097811.2651331,55,-101,100
1742097811.300133,-2,26,70
1742097811.335133,47,-5,-5
1742097811.371133,-76,28,-29
1742097811.407133,11,-23,-161
1742097811.4421332,-26,-15,-15
1742097811.4781332,85,-55,-77
1742097811.513133,-16,84,-11
1742097811.5481331,-28,-5,-105
1742097811.583133,-68,18,50
1742097811.619133,25,-99,-95
1742097811.655133,53,-23,-59
1742097811.690133,21,-25,-29
1742097811.726133,-34,-1,-33
1742097811.7611332,-62,12,-137
1742097811.796133,11,-53,138
1742097811.8311331,57,28,-35
1742097811.8671331,43,20,-89
1742097811.9031332,9,-17,-119
1742097811.938133,53,18,48
1742097811.974133,-88,-29,-207
1742097812.009133,-40,-19,-53
1742097812.0441332,-34,0,20
1742097812.079133,41,-1,-15
1742097812.115133,-6,12,-123
1742097812.151133,63,-17,-19
1742097812.1861331,-22,-63,-117
1742097812.2221332,0,-99,-9
1742097812.257133,-48,0,36
1742097812.292133,101,4,14
1742097812.3271332,105,-67,12
1742097812.3631332,35,-23,-155
1742097812.399133,-66,-3,-53
1742097812.434133,-52,-1,42
1742097812.470133,-78,56,-69
1742097812.5051332,-12,64,-145
1742097812.540133,-20,-15,-83
1742097812.575133,7,-9,-87
1742097812.611133,51,82,96
1742097812.647133,19,4,-51
1742097812.6821332,59,14,-53
1742097812.718133,47,4,12
1742097812.753133,49,-11,-51
1742097812.7881331,5,6,-83
1742097812.823133,4,16,-63
1742097812.859133,38,70,-21
1742097812.895133,0,-25,-23
1742097812.930133,-23,22,-75
1742097812.966133,110,54,18
1742097813.001133,68,-35,-15
1742097813.036133,-1,78,-75
1742097813.0711331,86,58,32
1742097813.1071332,40,24,-17
1742097813.1431332,-53,26,58
1742097813.178133,32,38,-19
1742097813.214133,-69,16,2
1742097813.249133,30,64,-27
1742097813.2841332,-15,-21,22
1742097813.319133,16,36,-67
1742097813.355133,16,20,-35
1742097813.391133,-9,-35,74
1742097813.4261332,120,-17,-1
1742097813.4621332,62,6,34
1742097813.497133,31,14,-43
1742097813.532133,-27,-71,-65
1742097813.5671332,-6,-17,-19
1742097813.6031332,37,-17,-11
1742097813.639133,-52,-19,40
1742097813.674133,67,-13,60
1742097813.717133,-38,14,-9
1742097813.753133,47,14,-31
1742097813.7881331,-4,92,-37
1742097813.823133,37,66,34
1742097813.859133,114,-11,16
1742097813.895133,-34,20,-149
1742097813.930133,-10,-53,-23
1742097813.966133,19,-41,-105
1742097814.001133,7,-77,-71
1742097814.036133,17,22,2
1742097814.0711331,7,46,58
1742097814.1071332,0,70,56
1742097814.1431332,-44,-7,86
1742097814.178133,-60,8,-61
1742097814.214133,1,-61,-103
1742097814.249133,25,-3,-53
1742097814.2841332,30,-3,-135
1742097814.319133,33,4,-53
1742097814.355133,94,-47,-19
1742097814.391133,-39,22,-7
1742097814.4261332,2,-3,-23
1742097814.4621332,114,-1,-63
1742097814.497133,34,12,-85
1742097814.532133,-33,26,-149
1742097814.5671332,67,26,86
1742097814.6031332,9,-109,-67
1742097814.639133,41,-39,-23
1742097814.674133,19,52,-7
1742097814.710133,9,-33,108
1742097814.7451332,43,-41,-3
1742097814.780133,27,-65,72
1742097814.815133,13,-17,20
1742097814.851133,-22,-5,-5
1742097814.8871331,-12,-63,-103
1742097814.922133,17,12,28
1742097814.958133,17,26,20
1742097814.993133,59,-17,-165
1742097815.0281332,45,-27,68
1742097815.063133,85,0,86
1742097815.099133,123,22,12
1742097815.135133,-32,68,32
1742097815.170133,-46,88,-45
1742097815.2061331,-44,44,76
1742097815.241133,81,18,-101
1742097815.276133,-3,32,42
1742097815.3111331,-16,-67,-105
1742097815.3471332,4,14,-63
1742097815.3831332,-99,32,-103
1742097815.418133,-33,46,-23
1742097815.454133,-28,24,28
1742097815.4891331,17,64,2
1742097815.524133,-47,-19,-97
1742097815.559133,-33,54,-29
1742097815.595133,70,4,-49
1742097815.631133,48,34,-41
1742097815.6661332,-22,-13,46
1742097815.7021332,-16,-15,12
1742097815.737133,19,-51,-71
1742097815.772133,-30,40,42
1742097815.8081331,5,-29,-27
1742097815.843133,48,16,-101
1742097815.879133,48,-41,-29
1742097815.914133,46,-21,-15
1742097815.950133,-1,42,-87
1742097815.9851332,-58,2,-37
1742097816.020133,15,12,84
1742097816.056133,-32,22,46
1742097816.091133,-76,-51,-3
1742097816.1271331,108,-23,-19
1742097816.162133,-13,-111,14
1742097816.198133,54,-9,-137
1742097816.233133,86,10,50
1742097816.2681332,14,-29,18
1742097816.3041332,92,-29,-37
1742097816.339133,50,24,-185
1742097816.375133,-23,-73,-53
1742097816.4101331,-3,20,14
1742097816.4461331,64,6,78
1742097816.481133,-13,-57,60
1742097816.516133,0,38,-45
1742097816.552133,68,-11,-13
1742097816.5871332,46,-7,-69
1742097816.6231332,4,-61,-95
1742097816.658133,0,-1,-57
1742097816.694133,22,-45,36
1742097816.7291331,-23,-5,-131
1742097816.764133,-1,36,98
1742097816.800133,38,18,-121
1742097816.835133,44,-15,16
1742097816.871133,14,-49,32
1742097816.9061332,-43,0,124
1742097816.9421332,-23,-72,-29
1742097816.977133,-5,-10,-65
1742097817.0121331,-13,53,92
1742097817.0481331,12,9,-145
1742097817.083133,6,-86,42
1742097817.119133,44,39,-5
1742097817.154133,20,-33,-41
1742097817.190133,-13,-35,-99
1742097817.2251332,-43,24,-75
1742097817.260133,30,44,-67
1742097817.296133,20,12,-57
1742097817.3311331,20,-31,-39
1742097817.3671331,16,-15,-91
1742097817.402133,4,8,28
1742097817.438133,20,-11,-107
1742097817.473133,-17,-121,6
1742097817.5081332,66,43,-5
1742097817.5441332,14,25,46
1742097817.579133,46,77,102
1742097817.615133,40,18,-19
1742097817.6501331,-17,0,-3
1742097817.6861331,110,-3,-119
1742097817.721133,-1,-37,-59
1742097817.756133,-3,-79,-21
1742097817.792133,-61,22,-31
1742097817.8271332,16,-29,60
1742097817.8631332,46,-11,-11
1742097817.898133,-25,0,-9
1742097817.934133,-11,8,-25
1742097817.9691331,-61,-3,60
1742097818.004133,20,-41,58
1742097818.040133,-65,18,-1
1742097818.075133,-29,-61,30
1742097818.111133,22,36,68
1742097818.1461332,-11,12,18
1742097818.1821332,-7,32,-5
1742097818.218133,-37,-19,28
1742097818.253133,0,24,-129
1742097818.2881331,26,37,0
1742097818.3241332,-17,-39,48
1742097818.3601332,46,8,-121
1742097818.395133,-5,14,-45
1742097818.431133,42,18,-43
1742097818.466133,6,12,-55
1742097818.501133,96,22,-15
1742097818.536133,36,36,-89
1742097818.572133,-81,48,-83
1742097818.608133,-29,-47,-53
1742097818.6431332,24,-3,8
1742097818.6791332,42,4,-45
1742097818.714133,76,-51,-19
1742097818.749133,-77,12,-21
1742097818.7841332,34,-9,-25
1742097818.820133,4,74,-43
1742097818.856133,48,54,-45
1742097818.891133,58,62,-51
1742097818.927133,-45,-71,-101
1742097818.9621332,-21,38,-87
1742097818.997133,12,20,-143
1742097819.032133,-39,-21,28
1742097819.068133,-81,-51,38
1742097819.1041331,58,-1,-21
1742097819.139133,8,56,32
1742097819.175133,22,-11,-85
1742097819.210133,-103,54,-41
1742097819.2451332,-55,-27,-85
1742097819.280133,-1,-35,-23
1742097819.316133,-45,-7,-29
1742097819.352133,46,-31,-37
1742097819.3871331,8,-13,-17
1742097819.4231331,34,-25,-61
1742097819.458133,-41,12,28
1742097819.493133,14,12,10
1742097819.5281332,4,88,-97
1742097819.5641332,20,-51,-41
1742097819.6001332,4,-13,-55
1742097819.635133,-7,20,-47
1742097819.671133,-63,52,-41
1742097819.7061331,76,14,-1
1742097819.741133,-23,30,-99
1742097819.776133,34,56,30
1742097819.812133,64,30,-29
1742097819.848133,38,64,-1
1742097819.8831332,90,10,54
1742097819.9191332,24,-27,-37
1742097819.954133,-53,-9,18
1742097819.9891331,-11,-29,-37
1742097820.024133,-15,-35,36
1742097820.060133,-39,26,4
1742097820.096133,28,60,-99
1742097820.131133,-5,18,-9
1742097820.167133,-35,18,-73
1742097820.2021332,26,50,-15
1742097820.237133,0,-19,-35
1742097820.272133,24,-45,62
1742097820.3081331,0,-27,8
1742097820.3441331,-27,56,-37
1742097820.379133,-63,38,26
1742097820.415133,-37,108,54
1742097820.450133,48,24,-95
1742097820.4851332,32,-37,-151
1742097820.520133,-35,16,-19
1742097820.556133,-15,-55,-109
1742097820.592133,-83,-25,102
1742097820.6271331,-11,50,28
1742097820.6631331,-77,-75,-73
1742097820.698133,-51,-19,98
1742097820.733133,-45,-21,10
1742097820.7681332,56,18,-21
1742097820.8041332,-35,-75,-57
1742097820.8401332,48,-31,-25
1742097820.875133,6,-17,-27
1742097820.911133,8,-15,-39
1742097820.9461331,-45,44,-69
1742097820.981133,-39,52,-65
1742097821.016133,4,-7,-177
1742097821.052133,2,-29,-31
1742097821.088133,52,-19,-33
1742097821.1231332,42,14,-11
1742097821.1591332,14,20,-153
1742097821.194133,-69,-11,-57
1742097821.2291331,-59,-53,120
1742097821.264133,-21,10,36
1742097821.300133,34,-31,-77
1742097821.336133,-7,50,20
1742097821.371133,36,6,100
1742097821.407133,24,42,-59
1742097821.4421332,26,-39,16
1742097821.477133,-11,18,12
1742097821.5121331,28,44,-8
1742097821.5481331,-1,8,-14
1742097821.5841331,12,-109,29
1742097821.619133,-55,46,-22
1742097821.655133,-27,-41,-4
1742097821.690133,90,4,-50
1742097821.7251332,32,6,-52
1742097821.760133,-53,40,-22
1742097821.796133,2,58,-74
1742097821.832133,24,-19,-40
1742097821.8671331,16,-123,-14
1742097821.9031332,34,8,-60
1742097821.938133,-9,4,-132
1742097821.973133,-121,-13,-17
1742097822.0081332,-61,50,16
1742097822.0441332,46,0,64
1742097822.0801332,-49,-3,-111
1742097822.115133,-57,54,56
1742097822.151133,-83,-17,-99
1742097822.1861331,2,-73,-56
1742097822.221133,-27,48,-86
1742097822.256133,28,36,-44
1742097822.292133,56,-29,-30
1742097822.328133,-45,-11,50
1742097822.3631332,-5,14,71
1742097822.399133,-1,0,25
1742097822.434133,-43,-15,-78
1742097822.4691331,-9,-45,25
1742097822.5051332,-99,44,-24
1742097822.540133,-57,-37,-80
1742097822.576133,-5,38,-34
1742097822.611133,30,16,7
1742097822.647133,-77,-5,-80
1742097822.6821332,30,56,-20
1742097822.717133,-97,-47,103
1742097822.753133,20,-5,-2
1742097822.7881331,-47,70,0
1742097822.8241332,32,32,77
1742097822.859133,74,-1,-12
1742097822.895133,-5,76,-54
1742097822.930133,-69,74,0
1742097822.9651332,-101,-27,-68
1742097823.001133,44,2,-12
1742097823.036133,22,-11,-46
1742097823.072133,-31,24,105
1742097823.1071332,18,10,-16
1742097823.1431332,-111,6,-30
1742097823.178133,-79,40,5
1742097823.213133,36,-41,-42
1742097823.249133,28,-135,83
1742097823.2841332,-1,-63,-12
1742097823.320133,-7,-41,9
1742097823.355133,30,26,89
1742097823.391133,-33,-33,-32
1742097823.4261332,76,-39,21
1742097823.461133,44,-29,-54
1742097823.497133,22,-29,-24
1742097823.532133,8,-43,81
1742097823.568133,-15,-7,119
1742097823.6031332,-45,18,-34
1742097823.639133,6,-57,-44
1742097823.674133,24,22,-36
1742097823.7091331,-3,14,-146
1742097823.7521331,-45,-21,-58
1742097823.7881331,28,-81,-136
1742097823.8241332,28,12,-26
1742097823.859133,52,8,-58
1742097823.895133,-19,74,-56
1742097823.930133,-55,-5,37
1742097823.9651332,-77,20,69
1742097824.001133,-22,12,-102
1742097824.036133,27,-15,57
1742097824.072133,61,-23,11
1742097824.1071332,59,-17,-86
1742097824.1431332,-24,-75,-96
1742097824.178133,-26,-15,75
1742097824.213133,9,14,15
1742097824.249133,-46,-45,-80
1742097824.2841332,-10,-81,-18
1742097824.320133,-30,-61,-20
1742097824.355133,19,58,-56
1742097824.391133,-20,46,19
1742097824.4261332,-30,-61,31
1742097824.461133,-48,20,-114
1742097824.497133,31,10,55
1742097824.532133,-2,-59,-58
1742097824.568133,-16,-23,-36
1742097824.6031332,-77,44,61
1742097824.639133,-16,64,-122
1742097824.674133,71,-39,-42
1742097824.7091331,-20,34,-76
1742097824.7451332,-16,-33,-22
1742097824.780133,23,58,-66
1742097824.816133,-12,4,-84
1742097824.851133,55,20,83
1742097824.8871331,-36,-65,59
1742097824.922133,40,10,-36
1742097824.957133,-67,46,-12
1742097824.993133,10,-33,-60
1742097825.0281332,-87,4,-110
1742097825.0641332,-3,0,-12
1742097825.099133,58,8,97
1742097825.134133,-5,76,-48
1742097825.1691332,40,-13,-110
1742097825.2051332,48,54,-36
1742097825.241133,124,-61,-14
1742097825.276133,-21,-61,-42
1742097825.312133,4,38,-12
1742097825.3471332,62,4,-38
1742097825.382133,-19,8,-48
1742097825.417133,60,-35,-60
1742097825.453133,30,-15,-28
1742097825.4891331,18,-57,-60
1742097825.524133,20,-33,41
1742097825.560133,38,-41,-118
1742097825.595133,-15,40,129
1742097825.6301332,-27,14,-82
1742097825.665133,-9,-63,-46
1742097825.701133,-9,12,1
1742097825.737133,-65,8,-46
1742097825.772133,-3,74,1
1742097825.8081331,-29,16,5
1742097825.843133,4,-23,-86
1742097825.878133,-105,-43,-132
1742097825.9131331,22,-15,83
1742097825.9491332,-15,-35,-30
1742097825.9851332,34,-57,-38
1742097826.020133,-95,20,29
1742097826.056133,-61,38,-112
1742097826.091133,-41,-75,-146
1742097826.126133,4,88,3
1742097826.161133,-7,34,-74
1742097826.197133,2,78,71
1742097826.233133,78,-35,51
1742097826.2681332,-15,108,-112
1742097826.3041332,34,8,85
1742097826.339133,8,-11,-30
1742097826.374133,-19,10,-64
1742097826.4091332,-15,-35,53
1742097826.445133,-43,58,-100
1742097826.481133,-33,-23,-116
1742097826.516133,-73,104,-60
1742097826.552133,-37,-5,23
1742097826.5871332,50,2,-12
1742097826.622133,11,0,-14
1742097826.657133,6,-15,-118
1742097826.693133,-105,128,-78
1742097826.7291331,-31,-25,-56
1742097826.764133,-53,70,-130
1742097826.800133,90,-15,-110
1742097826.835133,-27,54,-36
1742097826.8701332,-21,-55,-52
1742097826.905133,20,-33,-16
1742097826.941133,-95,30,-34
1742097826.977133,-4,-41,-164
1742097827.0121331,-44,-13,-76
1742097827.0481331,3,-27,-2
1742097827.083133,-94,30,-36
1742097827.118133,42,-9,-72
1742097827.1531332,45,8,-10
1742097827.1891332,27,12,-54
1742097827.2251332,-22,20,-70
1742097827.260133,-123,-17,-38
1742097827.296133,18,-3,-2
1742097827.3311331,6,42,15
1742097827.366133,33,-39,-78
1742097827.401133,-100,2,0
1742097827.437133,33,60,-110
1742097827.473133,18,-13,-62
1742097827.5081332,-33,-43,-20
1742097827.5441332,4,-21,-4
1742097827.579133,111,-67,-36
1742097827.6141331,-59,-7,-116
1742097827.649133,100,-17,-94
1742097827.685133,4,24,-20
1742097827.721133,-76,-1,19
1742097827.756133,-13,-11,-28
1742097827.792133,44,14,79
1742097827.8271332,10,6,-82
1742097827.862133,-45,70,-58
1742097827.897133,-19,-31,-22
1742097827.9331331,-31,-29,-112
1742097827.9691331,-55,6,17
1742097828.004133,-29,-83,-98
1742097828.040133,44,-21,-108
1742097828.075133,42,-13,-160
1742097828.1101332,6,-27,-164
1742097828.145133,-39,-31,53
1742097828.181133,56,22,-156
1742097828.217133,4,-29,45
1742097828.2521331,-15,-23,-72
1742097828.2881331,-9,-23,-118
1742097828.323133,24,-41,75
1742097828.358133,-3,2,-92
1742097828.3931332,32,4,-54
1742097828.4291332,-69,6,-52
1742097828.4651332,6,52,53
1742097828.500133,2,-19,51
1742097828.536133,10,-91,-48
1742097828.5711331,-37,86,-4
1742097828.606133,64,-65,79
1742097828.641133,10,18,49
1742097828.677133,2,-3,-30
1742097828.713133,-19,18,3
1742097828.7481332,18,-35,49
1742097828.7841332,26,-17,-90
1742097828.819133,-23,32,-10
1742097828.8541331,40,28,-56
1742097828.889133,42,4,-8
1742097828.925133,30,66,-124
1742097828.961133,100,70,115
1742097828.996133,22,-3,-42
1742097829.032133,-83,64,-52
1742097829.0671332,-77,22,-94
1742097829.102133,70,-35,-110
1742097829.1371331,68,-99,-56
1742097829.1731331,50,-29,-124
1742097829.2091331,28,-21,11
1742097829.244133,-29,-37,-132
1742097829.280133,-45,-31,-58
1742097829.315133,-53,48,1
1742097829.3501332,-87,-65,-130
1742097829.3861332,8,-5,-100
1742097829.421133,38,-5,-94
1742097829.457133,44,68,43
1742097829.4921331,-29,46,61
1742097829.5281332,50,-23,27
1742097829.563133,18,-63,-36
1742097829.598133,-41,42,-36
1742097829.634133,0,8,35
1742097829.6691332,32,-41,-60
1742097829.7051332,-9,100,105
1742097829.741133,-53,-47,-114
1742097829.777133,62,10,17
1742097829.812133,-65,38,-24
1742097829.848133,30,-47,-12
1742097829.8831332,-55,30,-80
1742097829.918133,56,-33,17
1742097829.954133,52,-47,-96
1742097829.9891331,108,-5,-52
1742097830.0251331,-39,10,-48
1742097830.060133,0,-77,13
1742097830.096133,-49,-1,-68
1742097830.131133,-9,12,-54
1742097830.1661332,80,2,69
1742097830.2021332,-103,18,-26
1742097830.237133,44,-49,-92
1742097830.273133,-57,-15,-32
1742097830.3081331,-63,6,-98
1742097830.3441331,-68,-61,-132
1742097830.379133,-16,-13,-74
1742097830.414133,-20,32,7
1742097830.450133,-112,-11,-64
1742097830.4851332,152,20,3
1742097830.5211332,-29,18,-8
1742097830.556133,40,0,-44
1742097830.592133,-21,-29,-26
1742097830.6271331,32,-45,19
1742097830.662133,30,54,83
1742097830.698133,26,-23,19
1742097830.733133,2,32,-54
1742097830.769133,44,60,-76
1742097830.8041332,-7,-41,39
1742097830.8401332,-7,22,113
1742097830.875133,26,30,-32
1742097830.9101331,34,-33,-58
1742097830.9461331,-27,6,23
1742097830.981133,22,6,-84
1742097831.017133,-83,14,57
1742097831.052133,2,14,15
1742097831.088133,44,4,-74
1742097831.1231332,-35,6,-54
1742097831.158133,70,-39,-5
1742097831.194133,-37,-15,-86
1742097831.2291331,-73,-1,41
1742097831.2651331,-35,28,-80
1742097831.300133,-7,-39,75
1742097831.335133,-15,-91,-23
1742097831.3701332,50,-77,-85
1742097831.4061332,-57,-11,-67
1742097831.4421332,-31,-29,-109
1742097831.477133,6,32,18
1742097831.513133,38,50,28
1742097831.5481331,-71,16,-133
1742097831.5841331,-25,10,-53
1742097831.619133,18,2,-43
1742097831.654133,-107,-29,-91
1742097831.690133,-13,28,-53
1742097831.7251332,-7,-43,-89
1742097831.7611332,-13,36,-117
1742097831.796133,-41,82,64
1742097831.832133,88,22,-13
1742097831.868133,-19,-21,6
1742097831.904133,-43,4,-105
1742097831.940133,-27,8,-101
1742097831.976133,18,-3,26
1742097832.0121331,-47,-33,-103
1742097832.047133,-55,38,30
1742097832.082133,16,-23,-37
1742097832.118133,6,-5,-155
1742097832.154133,32,-29,-29
1742097832.1891332,-1,38,-129
1742097832.2251332,-75,26,-51
1742097832.260133,54,34,-21
1742097832.295133,184,-29,-55
1742097832.3301332,-49,16,-9
1742097832.366133,-21,56,2
1742097832.402133,44,-23,-29
1742097832.437133,-5,26,-3
1742097832.473133,2,44,76
1742097832.5081332,-27,50,-9
1742097832.543133,-29,-21,-95
1742097832.578133,-43,-3,-121
1742097832.6141331,0,-1,40
1742097832.6501331,58,-25,-55
1742097832.685133,-15,16,-87
1742097832.721133,18,46,-23
1742097832.756133,50,-9,16
1742097832.7911332,-23,18,-171
1742097832.826133,36,-23,-37
1742097832.862133,-3,-61,-69
1742097832.898133,-41,-37,18
1742097832.9331331,-17,22,-79
1742097832.9691331,-27,6,-107
1742097833.004133,-37,-125,-107
1742097833.039133,14,12,74
1742097833.0741332,-79,42,-1
1742097833.1101332,64,58,42
1742097833.1461332,10,-25,72
1742097833.181133,8,-79,-59
1742097833.217133,-45,48,-51
1742097833.2521331,-33,-15,-3
1742097833.287133,-83,68,-3
1742097833.322133,-15,70,-51
1742097833.358133,20,80,28
1742097833.394133,-27,22,-71
1742097833.4291332,-1,22,-63
1742097833.4651332,-35,34,-47
1742097833.500133,16,-13,-95
1742097833.5351331,18,-35,-163
1742097833.570133,76,-55,74
1742097833.606133,24,-7,-57
1742097833.642133,-33,22,-41
1742097833.677133,42,28,-53
1742097833.713133,76,16,-93
1742097833.7551332,-9,-71,-131
1742097833.7911332,86,-49,-49
1742097833.826133,-33,28,-37
1742097833.862133,-75,14,-77
1742097833.898133,52,24,-29
1742097833.9331331,-27,-49,-43
1742097833.9691331,-21,-35,-127
1742097834.004133,70,42,96
1742097834.039133,32,-17,-81
1742097834.0741332,4,76,2
1742097834.1101332,-91,22,-17
1742097834.1461332,2,-23,-99
1742097834.181133,-15,-17,-3
1742097834.217133,-31,76,-19
1742097834.2521331,26,-39,-27
1742097834.287133,-9,-69,-9
1742097834.322133,92,64,-31
1742097834.358133,24,-1,-9
1742097834.394133,18,-1,8
1742097834.4291332,-37,42,-35
1742097834.4651332,4,8,-21
1742097834.500133,-25,-35,-25
1742097834.5351331,70,-27,-99
1742097834.570133,-91,76,70
1742097834.606133,-13,-35,-47
1742097834.642133,50,-41,-11
1742097834.677133,-49,0,-77
1742097834.713133,-53,22,100
1742097834.7481332,-3,104,-3
1742097834.783133,-23,52,-41
1742097834.818133,82,4,-129
1742097834.8541331,28,-13,-11
1742097834.8901331,56,58,-77
1742097834.925133,2,10,-119
1742097834.961133,-9,-79,-117
1742097834.996133,24,54,-15
1742097835.0311332,-43,-79,-129
1742097835.066133,-11,-1,-69
1742097835.102133,63,-15,-129
1742097835.138133,73,10,-147
1742097835.1731331,-7,10,-143
1742097835.2091331,-23,28,-155
1742097835.244133,27,6,14
1742097835.279133,55,70,-49
1742097835.3141332,-121,36,-79
1742097835.3501332,56,-13,-51
1742097835.3861332,-21,32,-13
1742097835.421133,-2,-41,26
1742097835.457133,-71,14,-13
1742097835.4921331,-27,-17,68
1742097835.527133,17,-37,-69
1742097835.562133,18,-43,-21
1742097835.598133,-62,-101,38
1742097835.634133,-19,-31,-39
1742097835.6691332,0,-37,-33
1742097835.7051332,-65,-33,8
1742097835.740133,-21,-13,-51
1742097835.7751331,16,-13,-161
1742097835.810133,-41,-55,-15
1742097835.846133,-21,2,30
1742097835.882133,-12,24,22
1742097835.917133,-60,48,2
1742097835.953133,47,8,-69
1742097835.9881332,11,-41,-11
1742097836.023133,-56,-47,-27
1742097836.0581331,-38,0,-69
1742097836.0941331,73,24,22
1742097836.1301332,23,-19,-229
1742097836.165133,-104,-37,-93
1742097836.201133,-54,2,-131
1742097836.236133,-42,-25,-27
1742097836.2711332,65,-71,-93
1742097836.3071332,-50,-15,-75
1742097836.342133,7,6,134
1742097836.378133,31,-23,-1
1742097836.4131331,-50,-15,-31
1742097836.4491332,-36,62,54
1742097836.484133,-58,-33,-69
1742097836.519133,-8,48,-123
1742097836.555133,-50,-51,-93
1742097836.5901332,-54,-53,-67
1742097836.626133,-86,-57,10
1742097836.661133,10,14,20
1742097836.697133,66,24,-129
1742097836.7321332,-23,-37,-117
1742097836.767133,72,22,-79
1742097836.803133,82,6,-7
1742097836.838133,22,-39,-89
1742097836.874133,6,-37,-1
1742097836.9091332,-31,0,-135
1742097836.945133,46,20,-111
1742097836.980133,64,54,0
1742097837.0151331,-59,-15,-37
1742097837.0511332,144,-15,134
1742097837.086133,110,6,-145
1742097837.122133,-5,4,-133
1742097837.157133,58,22,-145
1742097837.193133,36,-67,36
1742097837.2281332,-29,0,82
1742097837.263133,74,-33,26
1742097837.299133,28,-53,-47
1742097837.3341331,90,-43,-71
1742097837.3701332,52,60,-13
1742097837.405133,34,-1,-133
1742097837.441133,8,0,-27
1742097837.476133,-57,-15,-97
1742097837.5111332,-19,-107,12
1742097837.547133,90,-27,-123
1742097837.582133,10,-15,-197
1742097837.618133,24,4,-97
1742097837.6531332,-25,42,2
1742097837.6891332,12,32,22
1742097837.724133,-11,-31,60
1742097837.759133,-43,-59,-103
1742097837.795133,18,-11,-13
1742097837.8301332,12,30,-5
1742097837.866133,60,20,-71
1742097837.901133,-7,-21,-15
1742097837.937133,64,-7,-59
1742097837.9721332,4,62,-111
1742097838.007133,-29,-19,24
1742097838.043133,10,66,10
1742097838.078133,-55,6,-3
1742097838.1141331,-3,-91,2
1742097838.149133,-57,56,-25
1742097838.185133,10,-45,-5
1742097838.220133,-35,90,-23
1742097838.2551332,62,-59,-69
1742097838.2911332,-61,20,-39
1742097838.326133,-1,12,-39
1742097838.362133,18,-45,-159
1742097838.397133,36,-35,-13
1742097838.4331331,36,20,62
1742097838.468133,-79,14,-109
1742097838.503133,44,-15,16
1742097838.539133,-29,18,-23
1742097838.5741332,-39,8,14
1742097838.6101332,12,-27,28
1742097838.645133,-25,-49,-3
1742097838.681133,-71,-21,-19
1742097838.717133,-11,8,16
1742097838.753133,20,-23,-11
1742097838.789133,-55,-21,24
1742097838.8241332,-53,22,-7
1742097838.859133,2,-69,0
1742097838.895133,38,38,-63
1742097838.931133,34,14,8
1742097838.966133,92,6,-15
1742097839.0021331,4,58,2
1742097839.037133,30,30,-17
1742097839.072133,38,34,0
1742097839.1071332,-61,-93,16
1742097839.1431332,-13,14,98
1742097839.1791332,46,-83,62
1742097839.214133,-49,-7,-31
1742097839.250133,-5,16,-59
1742097839.2851331,24,-19,-55
1742097839.320133,16,-11,74
1742097839.355133,-25,-5,44
1742097839.391133,48,-9,-37
1742097839.427133,12,-51,-83
1742097839.4621332,-27,12,134
1742097839.4981332,-19,46,-149
1742097839.533133,-149,56,-15
1742097839.568133,56,8,-101
1742097839.6031332,-15,-13,18
1742097839.639133,42,-25,10
1742097839.675133,-21,42,2
1742097839.710133,2,64,14
1742097839.746133,-79,76,-25
1742097839.7811332,16,24,10
1742097839.816133,26,-13,-59
1742097839.851133,4,22,-51
1742097839.8871331,-47,16,-51
1742097839.9231331,-53,-47,-63
1742097839.958133,-1,-7,96
1742097839.994133,22,84,16
1742097840.029133,20,82,-47
1742097840.0641332,-7,14,16
1742097840.099133,-41,6,-17
1742097840.135133,12,44,-81
1742097840.171133,46,-57,-43
1742097840.2061331,-103,10,-51
1742097840.2421331,6,24,-29
1742097840.277133,-53,-75,66
1742097840.312133,-13,74,-111
1742097840.3471332,14,28,50
1742097840.3831332,-1,-25,44
1742097840.4191332,-35,-3,-49
1742097840.454133,-3,-3,-29
1742097840.490133,-9,-31,-1
1742097840.5251331,-33,64,-113
1742097840.560133,20,34,-27
1742097840.595133,-29,-25,-51
1742097840.631133,0,-7,-177
1742097840.667133,28,54,-67
1742097840.7021332,-61,26,-35
1742097840.7381332,-37,64,-27
1742097840.773133,48,38,-65
1742097840.8081331,-27,30,-15
1742097840.843133,-47,-37,10
1742097840.879133,84,46,108
1742097840.915133,-85,30,98
1742097840.950133,-5,62,-11
1742097840.986133,-81,66,54
1742097841.0211332,0,20,22
1742097841.056133,-35,-53,-151
1742097841.091133,34,-29,-173
1742097841.1271331,38,44,-91
1742097841.1631331,16,68,-59
1742097841.198133,-33,18,-105
1742097841.234133,106,16,-41
1742097841.269133,8,36,-105
1742097841.3041332,16,-51,-55
1742097841.339133,-31,-39,-163
1742097841.375133,4,-1,-61
1742097841.411133,46,-51,-25
1742097841.4461331,4,116,-65
1742097841.4821332,46,26,8
1742097841.517133,-45,82,-7
1742097841.552133,-33,26,-25
1742097841.5871332,-43,32,-69
1742097841.6231332,-17,2,-91
1742097841.6591332,-33,-15,-29
1742097841.694133,70,24,98
1742097841.730133,18,38,44
1742097841.7651331,6,-17,-165
1742097841.800133,8,-27,-105
1742097841.835133,-17,-15,36
1742097841.871133,40,-91,-125
1742097841.907133,30,46,-67
1742097841.9421332,-19,26,62
1742097841.9781332,46,102,-69
1742097842.013133,-55,0,-95
1742097842.0481331,60,4,-53
1742097842.083133,-21,-17,50
1742097842.119133,40,-20,-69
1742097842.155133,84,-81,-35
1742097842.190133,92,-41,-61
1742097842.226133,64,7,36
1742097842.2611332,-17,-3,-57
1742097842.296133,-17,22,-51
1742097842.3311331,64,38,2
1742097842.3671331,-73,-13,-123
1742097842.4031332,-19,44,-153
1742097842.438133,30,22,64
1742097842.474133,22,48,-3
1742097842.509133,78,-53,32
1742097842.5441332,-33,-17,-57
1742097842.579133,20,-51,-77
1742097842.615133,16,12,-21
1742097842.651133,-15,2,0
1742097842.6861331,40,70,-111
1742097842.7221332,-13,22,-147
1742097842.757133,32,12,22
1742097842.792133,60,-45,28
1742097842.8271332,-45,34,36
1742097842.8631332,-3,-15,-29
1742097842.899133,-63,-57,-77
1742097842.934133,46,32,-29
1742097842.970133,1,14,-115
1742097843.0051332,63,-37,-69
1742097843.040133,49,62,-63
1742097843.075133,-10,-41,-51
1742097843.111133,27,-37,-95
1742097843.147133,11,42,-119
1742097843.1821332,-52,6,-105
1742097843.218133,9,-37,-121
1742097843.253133,-4,16,4
1742097843.2881331,-18,-7,-179
1742097843.3241332,39,50,-87
1742097843.359133,-4,26,-85
1742097843.395133,-32,-15,4
1742097843.430133,-24,-43,-45
1742097843.466133,-50,-17,-63
1742097843.501133,-64,-1,-51
1742097843.536133,-32,-31,-29
1742097843.572133,-60,-37,70
1742097843.6071332,71,-29,-1
1742097843.6431332,9,10,-45
1742097843.678133,-58,10,-172
1742097843.714133,81,-39,42
1742097843.756133,-48,-31,17
1742097843.792133,47,-25,-162
1742097843.828133,45,44,-112
1742097843.8631332,-18,-43,0
1742097843.899133,-76,10,56
1742097843.934133,55,-23,-53
1742097843.970133,-42,-39,-24
1742097844.0051332,-38,30,-74
1742097844.040133,33,4,-44
1742097844.076133,105,36,1
1742097844.111133,5,-27,-80
1742097844.147133,-14,2,-90
1742097844.1821332,-2,-31,55
1742097844.218133,47,-17,-24
1742097844.253133,-8,4,-28
1742097844.2881331,-40,-65,-22
1742097844.3241332,-16,114,-80
1742097844.359133,1,-29,1
1742097844.395133,9,-7,-74
1742097844.430133,45,-1,-138
1742097844.466133,22,-39,-28
1742097844.501133,-51,84,5
1742097844.536133,18,42,-8
1742097844.572133,-19,26,-26
1742097844.6071332,56,26,-30
1742097844.6431332,-64,0,3
1742097844.678133,17,-65,-48
1742097844.714133,37,-47,69
1742097844.749133,16,-43,-100
1742097844.7841332,-89,2,-46
1742097844.820133,-1,-17,-2
1742097844.855133,20,98,-116
1742097844.891133,-3,60,-50
1742097844.9261332,-75,-89,3
1742097844.9621332,-57,-61,-32
1742097844.997133,-47,-3,123
1742097845.032133,-74,2,5
1742097845.068133,55,-31,7
1742097845.1031332,-66,18,-82
1742097845.139133,79,16,51
1742097845.174133,5,40,-64
1742097845.210133,3,-27,-98
1742097845.2451332,13,28,29
1742097845.280133,35,106,-104
1742097845.316133,80,18,-12
1742097845.351133,59,-65,-96
1742097845.3871331,-14,-17,5
1742097845.422133,-6,-105,-24
1742097845.458133,13,-25,-106
1742097845.493133,11,4,-112
1742097845.5281332,29,-125,-34
1742097845.5641332,-56,-17,-178
1742097845.599133,-48,-59,1
1742097845.635133,53,18,21
1742097845.670133,23,10,83
1742097845.7051332,33,-23,-6
1742097845.740133,-63,-9,-44
1742097845.776133,-3,56,27
1742097845.812133,48,-23,81
1742097845.8471332,-35,-55,-214
1742097845.8831332,-9,8,65
1742097845.918133,60,-45,-56
1742097845.953133,38,-57,-80
1742097845.9881332,78,-27,-78
1742097846.024133,36,-81,15
1742097846.060133,4,4,-58
1742097846.095133,18,28,-112
1742097846.131133,9,8,-34
1742097846.1661332,3,54,-48
1742097846.201133,49,64,39
1742097846.236133,-2,-67,-70
1742097846.272133,111,16,9
1742097846.3081331,-26,-93,63
1742097846.343133,-22,-5,-124
1742097846.379133,37,-7,-46
1742097846.414133,97,-53,-90
1742097846.4491332,-38,52,-20
1742097846.484133,-64,-25,29
1742097846.520133,35,4,-102
1742097846.556133,-122,58,-42
1742097846.591133,25,-21,25
1742097846.6271331,-92,-9,-78
1742097846.662133,-76,0,-64
1742097846.697133,3,-1,-58
1742097846.7321332,43,44,15
1742097846.7681332,-20,72,65
1742097846.8041332,-50,24,-34
1742097846.839133,57,76,23
1742097846.875133,-54,-33,-26
1742097846.9101331,-8,2,-32
1742097846.945133,10,-47,-72
1742097846.980133,-55,-9,-196
1742097847.016133,51,-45,-52
1742097847.052133,33,-41,-110
1742097847.0871332,-6,-29,-38
1742097847.1231332,33,0,-38
1742097847.158133,8,-67,-108
1742097847.193133,11,-17,-144
1742097847.2281332,25,-7,35
1742097847.264133,20,32,-72
1742097847.300133,-13,72,29
1742097847.335133,20,40,-24
1742097847.371133,-17,0,-92
1742097847.4061332,41,10,-72
1742097847.441133,26,38,-16
1742097847.476133,-24,28,-42
1742097847.5121331,-39,6,-46
1742097847.5481331,-4,-1,-82
1742097847.583133,8,14,-88
1742097847.619133,-23,-43,-4
1742097847.654133,28,76,53
1742097847.6891332,-50,58,-50
1742097847.724133,25,38,-82
1742097847.760133,47,26,73
1742097847.796133,67,10,-28
1742097847.8311331,-2,-29,-4
1742097847.8671331,-38,-21,13
1742097847.902133,9,32,-78
1742097847.937133,-60,16,-84
1742097847.9721332,41,68,-86
1742097848.0081332,31,-47,-36
1742097848.0441332,-80,0,-120
1742097848.079133,13,-31,-50
1742097848.115133,-14,2,1
1742097848.1501331,5,6,-96
1742097848.185133,-28,20,-102
1742097848.220133,47,-9,-16
1742097848.256133,-4,78,-24
1742097848.292133,-32,38,-82
1742097848.3271332,33,90,5
1742097848.3631332,85,4,-28
1742097848.398133,-12,110,53
1742097848.4331331,-68,34,-160
1742097848.468133,-49,30,-106
1742097848.504133,64,122,-48
1742097848.540133,-3,36,-64
1742097848.575133,8,-3,-96
1742097848.611133,8,-25,-86
1742097848.6461332,-37,-19,-60
1742097848.681133,16,-107,-106
1742097848.716133,-1,-103,77
1742097848.7521331,8,46,3
1742097848.7881331,-45,40,-20
1742097848.823133,42,58,-98
1742097848.859133,-1,-47,-52
1742097848.894133,18,4,-10
1742097848.9291332,-9,64,31
1742097848.964133,30,88,27
1742097849.000133,-19,26,93
1742097849.036133,22,-47,-16
1742097849.0711331,-39,-63,-14
1742097849.1071332,6,74,85
1742097849.142133,12,2,17
1742097849.177133,-11,-37,-70
1742097849.2121332,24,32,47
1742097849.2481332,0,-45,49
1742097849.2841332,8,-27,-16
1742097849.319133,68,40,-24
1742097849.355133,-33,26,129
1742097849.3901331,-77,22,-54
1742097849.425133,-21,66,-126
1742097849.460133,74,-23,33
1742097849.496133,0,12,-50
1742097849.532133,-29,8,-76
1742097849.5671332,20,26,97
1742097849.6031332,-5,16,-112
1742097849.638133,2,38,-14
1742097849.6731331,38,-17,-140
1742097849.708133,-55,8,89
1742097849.744133,82,24,99
1742097849.780133,8,-59,-12
1742097849.815133,64,-17,-26
1742097849.851133,56,14,23
1742097849.8861332,58,30,51
1742097849.921133,22,14,-62
1742097849.9561331,26,22,23
1742097849.9921331,22,-103,-68
1742097850.0281332,-85,18,43
1742097850.063133,68,-43,7
1742097850.099133,18,-17,-50
1742097850.134133,-3,-5,-40
1742097850.1691332,-11,-29,-42
1742097850.2051332,-13,46,-76
1742097850.240133,-49,-25,41
1742097850.276133,-71,28,-64
1742097850.3111331,8,-77,61
1742097850.3471332,68,74,-108
1742097850.382133,58,8,-40
1742097850.417133,-25,52,-148
1742097850.453133,2,34,-126
1742097850.4881332,0,-33,53
1742097850.524133,78,2,-40
1742097850.559133,48,-5,-58
1742097850.595133,88,26,35
1742097850.6301332,32,-63,-44
1742097850.665133,112,-49,-6
1742097850.701133,-15,2,-100
1742097850.736133,-9,24,-2
1742097850.772133,-47,32,-46
1742097850.8071332,-27,-25,-26
1742097850.843133,-37,-77,-172
1742097850.878133,-21,-47,-104
1742097850.9131331,24,-27,-88
1742097850.9491332,-23,40,-120
1742097850.984133,-9,74,-46
1742097851.020133,-63,22,79
1742097851.055133,-19,36,-58
1742097851.091133,12,34,-102
1742097851.126133,76,50,27
1742097851.161133,-7,-13,3
1742097851.197133,90,2,1
1742097851.2321332,66,0,-82
1742097851.2681332,12,16,19
1742097851.303133,-33,-11,29
1742097851.339133,-7,-27,-4
1742097851.374133,-9,-37,-90
1742097851.4091332,-41,-5,-56
1742097851.445133,-7,-57,-46
1742097851.480133,20,6,7
1742097851.516133,76,58,-46
1742097851.5511332,30,8,-54
1742097851.5871332,80,-21,-108
1742097851.622133,-3,4,9
1742097851.657133,-31,-95,-44
1742097851.693133,0,28,43
1742097851.7281332,-107,-65,-44
1742097851.764133,-11,-11,-102
1742097851.799133,-41,46,-6
1742097851.8341331,50,-25,39
1742097851.869133,-61,8,-20
1742097851.905133,-55,2,-124
1742097851.941133,-41,-43,-2
1742097851.976133,16,42,-4
1742097852.0121331,10,-29,121
1742097852.047133,64,-45,-200
1742097852.083133,-33,-9,19
1742097852.118133,36,20,-98
1742097852.1531332,60,28,-26
1742097852.1891332,14,54,77
1742097852.224133,8,30,63
1742097852.260133,72,-63,-96
1742097852.295133,88,34,47
1742097852.3311331,-67,34,-54
1742097852.366133,34,-47,-24
1742097852.401133,40,-91,-24
1742097852.437133,62,-47,-86
1742097852.4721332,94,-25,29
1742097852.5081332,-39,0,21
1742097852.543133,52,-19,67
1742097852.579133,34,0,49
1742097852.615133,60,-29,13
1742097852.6501331,-45,56,-12
1742097852.685133,-9,38,41
1742097852.721133,-1,-1,-68
1742097852.757133,34,-3,-80
1742097852.792133,40,62,-64
1742097852.828133,38,-15,29
1742097852.8631332,48,-49,-8
1742097852.898133,20,16,-164
1742097852.9331331,10,0,-118
1742097852.9691331,42,14,19
1742097853.0051332,-57,12,-30
1742097853.040133,-97,4,-80
1742097853.076133,-27,-75,-74
1742097853.111133,8,-13,-14
1742097853.1461332,-47,18,45
1742097853.181133,62,-13,-138
1742097853.217133,-13,-21,-50
1742097853.253133,54,-15,0
1742097853.2881331,72,-1,51
1742097853.3241332,-13,36,-40
1742097853.359133,2,-39,1
1742097853.394133,-31,8,-8
1742097853.4291332,20,18,21
1742097853.4651332,-49,-1,-68
1742097853.501133,72,80,-24
1742097853.536133,32,-7,-42
1742097853.572133,-19,32,-64
1742097853.6071332,-41,-7,-12
1742097853.642133,14,64,-90
1742097853.677133,-15,-21,5
1742097853.713133,-27,42,-16
1742097853.749133,-41,36,-148
1742097853.7911332,-1,-27,1
1742097853.828133,66,-9,0
1742097853.8631332,-31,54,17
1742097853.898133,-11,80,-18
1742097853.9331331,18,24,-96
1742097853.9691331,-1,-47,-14
1742097854.0051332,15,-31,1
1742097854.040133,31,58,-154
1742097854.076133,-32,-1,105
1742097854.111133,-112,-5,-106
1742097854.1461332,-66,4,-40
1742097854.181133,61,18,5
1742097854.217133,15,-53,17
1742097854.253133,27,14,85
1742097854.2881331,-26,76,-138
1742097854.3241332,-84,48,-38
1742097854.359133,11,10,-88
1742097854.394133,85,20,-14
1742097854.4291332,17,-13,-150
1742097854.4651332,-76,-25,-20
1742097854.501133,29,-43,-34
1742097854.536133,-24,2,-14
1742097854.572133,-65,6,-70
1742097854.6071332,30,28,47
1742097854.642133,92,-45,13
1742097854.677133,46,12,-26
1742097854.713133,22,-19,-108
1742097854.749133,23,90,15
1742097854.7841332,-34,-117,-40
1742097854.820133,81,-3,-10
1742097854.855133,-24,-35,73
1742097854.8901331,-5,22,43
1742097854.925133,56,-23,-50
1742097854.961133,14,2,-62
1742097854.997133,16,-17,9
1742097855.032133,52,-79,15
1742097855.068133,16,-51,15
1742097855.1031332,-3,-45,-62
1742097855.138133,-15,-37,-124
1742097855.1731331,14,-29,-26
1742097855.2091331,-19,-15,69
1742097855.2451332,20,38,-26
1742097855.280133,50,-9,-72
1742097855.316133,-51,-7,-46
1742097855.351133,42,24,-46
1742097855.3861332,46,12,-24
1742097855.421133,28,-31,-182
1742097855.457133,30,-49,11
1742097855.493133,26,54,-16
1742097855.5281332,-9,54,-2
1742097855.5641332,-35,-63,-30
1742097855.599133,-5,38,-124
1742097855.634133,4,-41,-24
1742097855.6691332,2,-29,-90
1742097855.7051332,84,16,-42
1742097855.741133,42,-35,33
1742097855.776133,-49,-81,-18
1742097855.812133,-43,-67,-54
1742097855.8471332,-29,-49,-36
1742097855.882133,30,-35,25
1742097855.917133,0,-41,39
1742097855.953133,-21,-57,-2
1742097855.9891331,-65,6,-12
1742097856.024133,6,-17,-44
1742097856.060133,-119,92,23
1742097856.095133,22,-5,-40
1742097856.1301332,66,10,-26
1742097856.165133,-43,-37,-134
1742097856.201133,58,-7,-108
1742097856.237133,6,-15,-72
1742097856.272133,-35,2,-34
1742097856.3081331,-45,2,3
1742097856.343133,22,-13,-40
1742097856.378133,108,32,-60
1742097856.4131331,-27,-53,65
1742097856.4491332,-55,32,11
1742097856.4851332,-51,-27,-56
1742097856.520133,-41,28,23
1742097856.556133,52,56,17
1742097856.591133,88,-41,-126
1742097856.626133,-93,44,-74
1742097856.661133,48,8,101
1742097856.697133,-81,34,11
1742097856.733133,30,8,-80
1742097856.7681332,12,4,-38
1742097856.8041332,22,-9,-150
1742097856.839133,14,12,113
1742097856.874133,-33,66,-40
1742097856.9101331,-29,-57,-90
1742097856.945133,-21,-21,-18
1742097856.981133,-1,50,-6
1742097857.016133,14,-45,39
1742097857.052133,53,44,-84
1742097857.0871332,31,-1,-184
1742097857.122133,-15,-17,0
1742097857.158133,24,-3,-174
1742097857.193133,-51,6,-68
1742097857.2291331,58,-37,-154
1742097857.264133,16,-33,-112
1742097857.300133,58,16,-66
1742097857.335133,45,24,-4
1742097857.3701332,57,12,55
1742097857.4061332,-64,-21,41
1742097857.441133,36,-141,17
1742097857.477133,-10,46,-136
1742097857.5121331,65,20,-102
1742097857.5481331,41,-15,9
1742097857.583133,0,-85,-24
1742097857.618133,85,-25,-30
1742097857.654133,-74,4,-2
1742097857.6891332,0,64,-144
1742097857.7251332,39,-9,-30
1742097857.760133,-4,4,19
1742097857.796133,-100,-29,25
1742097857.8311331,-14,60,-72
1742097857.866133,-37,16,43
1742097857.902133,19,-43,-4
1742097857.937133,28,-35,17
1742097857.973133,36,18,-88
1742097858.0081332,38,50,-140
1742097858.0441332,34,-17,-68
1742097858.079133,16,20,-88
1742097858.1141331,-43,76,-172
1742097858.1501331,-29,-31,63
1742097858.185133,96,102,-42
1742097858.221133,-3,16,-58
1742097858.256133,18,62,-28
1742097858.292133,-33,2,45
1742097858.3271332,62,52,-42
1742097858.362133,2,-79,-178
1742097858.398133,-5,8,29
1742097858.4331331,30,38,-62
1742097858.4691331,74,-23,-146
1742097858.504133,106,62,-122
1742097858.540133,4,-11,-160
1742097858.575133,16,76,-34
1742097858.6101332,-29,16,-40
1742097858.6461332,0,-9,-4
1742097858.681133,48,-59,-68
1742097858.717133,4,-1,11
1742097858.7521331,46,-13,-74
1742097858.7881331,-3,26,-18
1742097858.823133,0,64,-14
1742097858.858133,-65,6,-48
1742097858.894133,44,0,-68
1742097858.9291332,48,-17,51
1742097858.9651332,-1,-29,-40
1742097859.000133,20,6,3
1742097859.036133,-19,-19,93
1742097859.0711331,-75,-5,-66
1742097859.106133,4,-9,35
1742097859.142133,30,-59,-24
1742097859.177133,-21,-3,-40
1742097859.213133,-1,30,-126
1742097859.2481332,4,-25,-158
1742097859.2841332,24,-1,51
1742097859.319133,20,-33,-50
1742097859.3541331,-41,22,29
1742097859.3901331,50,-29,63
1742097859.425133,40,-15,-142
1742097859.461133,-47,36,43
1742097859.496133,66,72,-68
1742097859.5311332,64,34,-38
1742097859.566133,16,-15,-108
1742097859.602133,20,-1,81
1742097859.638133,-43,48,55
1742097859.6731331,30,14,-28
1742097859.7091331,48,-39,41
1742097859.744133,8,-21,35
1742097859.779133,-15,-93,-54
1742097859.8141332,14,-41,-84
1742097859.8501332,16,-13,15
1742097859.8861332,48,-21,-18
1742097859.921133,-17,28,45
1742097859.957133,-27,58,-108
1742097859.9921331,24,-67,-90
1742097860.027133,-11,-23,-38
1742097860.062133,-19,-3,99
1742097860.098133,-31,-33,-36
1742097860.134133,50,-25,-14
1742097860.1691332,20,8,-136
1742097860.2051332,-27,-17,-74
1742097860.240133,36,4,-42
1742097860.2751331,10,-27,21
1742097860.310133,10,-39,-134
1742097860.346133,46,-9,39
1742097860.382133,12,2,27
1742097860.417133,74,-11,51
1742097860.453133,26,-73,25
1742097860.4881332,-37,36,-164
1742097860.523133,-25,56,-94
1742097860.5581331,56,-83,45
1742097860.5941331,-71,8,9
1742097860.6301332,-49,74,-84
1742097860.665133,36,-13,-8
1742097860.701133,-11,-3,71
1742097860.736133,26,48,-10
1742097860.7711332,-43,-41,-78
1742097860.806133,12,38,9
1742097860.842133,-7,-21,-56
1742097860.878133,-41,30,-28
1742097860.9131331,26,-91,-6
1742097860.9491332,20,-19,-178
1742097860.984133,30,28,-42
1742097861.019133,60,-49,-122
1742097861.0541332,88,94,-42
1742097861.0901332,6,-19,23
1742097861.126133,-73,2,-50
1742097861.161133,-65,0,-200
1742097861.197133,62,16,25
1742097861.2321332,-63,-5,-12
1742097861.267133,-7,2,1
1742097861.302133,-17,-29,-2
1742097861.338133,-27,26,85
1742097861.374133,-39,20,23
1742097861.4091332,-69,-25,-62
1742097861.445133,-3,98,-18
1742097861.480133,6,-25,-128
1742097861.5151331,-27,-86,-8
1742097861.550133,-9,-44,17
1742097861.586133,-31,69,-72
1742097861.622133,44,7,49
1742097861.657133,46,41,3
1742097861.693133,-61,-28,-100
1742097861.7281332,26,-8,-32
1742097861.763133,98,-40,-80
1742097861.7981331,8,19,67
1742097861.8341331,16,5,35
1742097861.8701332,-1,-36,-18
1742097861.905133,72,53,123
1742097861.941133,-23,15,31
1742097861.976133,-35,0,-114
1742097862.0111332,124,-22,-4
1742097862.046133,22,-7,47
1742097862.082133,-77,44,-38
1742097862.118133,-31,-31,17
1742097862.1531332,12,-1,-52
1742097862.1891332,4,48,-84
1742097862.224133,42,6,51
1742097862.259133,54,14,-32
1742097862.2941332,-55,16,-228
1742097862.3301332,4,38,71
1742097862.366133,28,34,-8
1742097862.401133,22,44,63
1742097862.437133,6,-53,55
1742097862.4721332,-49,8,-190
1742097862.507133,46,-25,71
1742097862.542133,10,26,-90
1742097862.578133,30,-11,-174
1742097862.6141331,56,24,-12
1742097862.649133,68,-39,-54
1742097862.685133,26,6,-92
1742097862.720133,-47,-25,-118
1742097862.7551332,28,-9,-34
1742097862.790133,56,42,-92
1742097862.826133,18,22,-34
1742097862.862133,30,0,-57
1742097862.897133,-1,-31,-42
1742097862.9331331,14,62,-78
1742097862.968133,74,8,-82
1742097863.003133,-27,-47,-34
1742097863.0381331,-77,-49,-70
1742097863.0741332,8,-11,-54
1742097863.1101332,24,-84,-64
1742097863.145133,-37,-12,-54
1742097863.181133,10,21,-100
1742097863.216133,66,87,-8
1742097863.251133,-45,4,-34
1742097863.286133,-13,-22,47
1742097863.322133,26,37,5
1742097863.358133,28,-76,47
1742097863.3931332,6,-4,-53
1742097863.4291332,-41,27,-65
1742097863.464133,-67,-16,32
1742097863.499133,-139,17,-5
1742097863.5341332,24,-14,62
1742097863.570133,-67,-52,-59
1742097863.606133,44,13,-13
1742097863.641133,26,-15,86
1742097863.677133,-11,-25,-71
1742097863.7121332,-25,37,-113
1742097863.747133,6,-22,-43
1742097863.783133,-15,7,-58
1742097863.825133,22,-10,4
1742097863.862133,-89,-1,-63
1742097863.897133,-51,66,-85
1742097863.9331331,-35,5,-95
1742097863.968133,50,6,-23
1742097864.003133,38,-45,60
1742097864.039133,8,36,10
1742097864.0741332,8,86,-45
1742097864.1101332,-57,-29,118
1742097864.145133,54,-1,132
1742097864.181133,-49,-57,-93
1742097864.216133,48,36,38
1742097864.251133,22,22,16
1742097864.287133,-23,54,-49
1742097864.322133,12,-27,35
1742097864.358133,18,22,-132
1742097864.3931332,0,-25,-76
1742097864.4291332,-61,56,1
1742097864.464133,-5,-35,-31
1742097864.499133,-43,-53,30
1742097864.5351331,-39,42,-45
1742097864.570133,-39,-99,-47
1742097864.606133,-31,30,-85
1742097864.641133,22,-5,18
1742097864.677133,50,40,-121
1742097864.7121332,84,26,40
1742097864.747133,26,-31,8
1742097864.783133,6,-35,-121
1742097864.818133,12,46,10
1742097864.8541331,8,26,-49
1742097864.889133,32,-29,-123
1742097864.925133,-9,24,64
1742097864.960133,114,42,-55
1742097864.9951332,40,12,28
1742097865.0311332,14,28,-101
1742097865.066133,12,8,-65
1742097865.102133,-43,72,-55
1742097865.1371331,76,16,-29
1742097865.1731331,-11,4,-1
1742097865.208133,4,18,-29
1742097865.243133,86,-23,-9
1742097865.279133,38,42,-21
1742097865.3141332,16,76,-93
1742097865.3501332,-51,-27,-21
1742097865.385133,-53,4,-113
1742097865.421133,-9,-21,-29
1742097865.4561331,84,-31,26
1742097865.491133,28,60,-73
1742097865.527133,-35,-49,-11
1742097865.562133,70,-59,28
1742097865.598133,-29,-9,-121
1742097865.6331332,92,-11,-15
1742097865.6691332,28,-3,-57
1742097865.704133,6,-35,-3
1742097865.7391331,40,14,-113
1742097865.7751331,12,44,-15
1742097865.810133,6,-7,-40
1742097865.846133,-15,38,-113
1742097865.881133,40,-17,-1
1742097865.917133,-27,-81,-39
1742097865.9521332,62,36,4
1742097865.987133,-51,-43,-59
1742097866.023133,6,-11,60
1742097866.0581331,50,-29,-107
1742097866.0941331,40,-21,-31
1742097866.129133,-5,-47,-53
1742097866.165133,28,20,-47
1742097866.200133,20,-65,-79
1742097866.2351332,-7,28,-83
1742097866.2711332,30,24,-169
1742097866.306133,26,40,-17
1742097866.342133,22,26,82
1742097866.3771331,-11,-17,-77
1742097866.412133,54,-1,24
1742097866.447133,26,32,-89
1742097866.483133,-103,-29,-43
1742097866.519133,-73,-37,-27
1742097866.5541332,-23,-1,-33
1742097866.5901332,76,-65,16
1742097866.625133,-59,30,52
1742097866.6601331,32,16,-65
1742097866.695133,16,116,-85
1742097866.731133,68,-13,-1
1742097866.767133,-59,-61,-119
1742097866.802133,4,-13,-65
1742097866.838133,-69,-19,-19
1742097866.8731332,38,10,8
1742097866.908133,44,22,50
1742097866.943133,-5,-23,-35
1742097866.9791331,22,-93,-19
1742097867.0151331,38,2,10
1742097867.050133,34,4,24
1742097867.086133,16,102,-83
1742097867.121133,28,-43,4
1742097867.1561332,24,-17,46
1742097867.191133,-1,18,-93
1742097867.227133,12,12,-57
1742097867.263133,42,-21,-43
1742097867.2981331,10,-109,-83
1742097867.3341331,12,8,92
1742097867.369133,40,-35,-79
1742097867.404133,-13,50,-33
1742097867.4391332,-20,-1,-67
1742097867.4751332,59,2,84
1742097867.5111332,69,20,50
1742097867.546133,47,-47,56
1742097867.582133,9,-1,-123
1742097867.6171331,-52,-3,-87
1742097867.652133,-48,36,-55
1742097867.687133,3,-23,-39
1742097867.723133,35,10,44
1742097867.759133,11,-65,-129
1742097867.7941332,55,-23,-51
1742097867.8301332,-6,26,-9
1742097867.865133,-48,4,-39
1742097867.9001331,-12,-71,-35
1742097867.935133,-13,-27,-29
1742097867.971133,-38,46,-89
1742097868.007133,68,-31,-5
1742097868.042133,-100,-61,-29
1742097868.078133,30,-15,58
1742097868.1131332,-51,-17,18
1742097868.148133,-11,-15,-47
1742097868.1831331,-51,-65,-139
1742097868.2191331,-7,6,-83
1742097868.2551332,-21,18,-71
1742097868.290133,-1,4,-45
1742097868.326133,0,-21,-67
1742097868.361133,24,-1,-61
1742097868.3961332,-39,6,-47
1742097868.431133,72,28,-73
1742097868.467133,102,-69,-57
1742097868.503133,-111,18,40
1742097868.5381331,-25,-5,-73
1742097868.5741332,28,-13,-65
1742097868.609133,22,4,-51
1742097868.644133,-41,76,56
1742097868.6791332,-7,18,-65
1742097868.7151332,8,12,-21
1742097868.751133,86,-11,-117
1742097868.786133,18,54,-121
1742097868.822133,-57,-5,-5
1742097868.8571332,-7,16,-105
1742097868.892133,-31,0,-31
1742097868.927133,-33,-13,130
1742097868.963133,-43,-39,132
1742097868.999133,46,22,18
1742097869.0341332,20,20,62
1742097869.070133,-81,44,-41
1742097869.105133,-19,-1,-31
1742097869.1401331,0,-23,66
1742097869.175133,-29,20,-109
1742097869.211133,-13,-31,-193
1742097869.247133,58,-47,-73
1742097869.282133,-45,-1,-33
1742097869.318133,18,24,-55
1742097869.3531332,-21,14,-113
1742097869.388133,40,-43,-87
1742097869.4231331,-3,-15,90
1742097869.4591331,20,38,-127
1742097869.4951332,-15,-21,-37
1742097869.530133,-9,-25,-67
1742097869.566133,-39,0,-107
1742097869.601133,14,22,-73
1742097869.6361332,-75,24,-81
1742097869.671133,98,-9,-37
1742097869.707133,-5,42,-25
1742097869.743133,-21,20,-17
1742097869.7781332,-97,-39,-105
1742097869.8141332,54,60,-87
1742097869.849133,-11,-19,-33
1742097869.884133,-75,-13,-21
1742097869.9191332,-55,26,-37
1742097869.9551332,94,-17,-27
1742097869.991133,64,-57,-59
1742097870.026133,44,0,32
1742097870.062133,36,30,6
1742097870.0971332,-35,20,-93
1742097870.132133,-49,16,-139
1742097870.167133,48,38,-59
1742097870.203133,10,32,-91
1742097870.2391331,28,8,-83
1742097870.274133,110,80,-45
1742097870.310133,-5,62,4
1742097870.345133,-11,74,96
1742097870.3801332,-53,-33,-39
1742097870.415133,-49,-59,-63
1742097870.451133,56,-23,-9
1742097870.487133,-11,-1,-53
1742097870.522133,-29,54,16
1742097870.5581331,42,34,2
1742097870.593133,58,62,-37
1742097870.628133,-45,-23,142
1742097870.664133,0,50,52
1742097870.6991332,56,-57,58
1742097870.7351332,48,-5,88
1742097870.770133,48,-19,-33
1742097870.806133,56,14,-71
1742097870.841133,-33,30,62
1742097870.876133,64,-5,-105
1742097870.912133,36,-61,-13
1742097870.947133,-23,-5,4
1742097870.983133,-23,36,-3
1742097871.0181332,72,24,-107
1742097871.0541332,24,0,-81
1742097871.089133,-69,-11,-133
1742097871.124133,-71,8,-57
1742097871.1601331,44,6,-143
1742097871.195133,20,-47,-99
1742097871.231133,44,-51,-95
1742097871.266133,-27,46,-41
1742097871.302133,30,-49,-5
1742097871.3371332,-3,12,-193
1742097871.372133,30,-103,-5
1742097871.408133,0,-17,-183
1742097871.443133,86,-61,-55
1742097871.4791331,54,-17,6
1742097871.514133,36,42,-51
1742097871.550133,-3,-33,52
1742097871.585133,10,10,-7
1742097871.6201332,78,-1,-25
1742097871.6561332,90,18,-37
1742097871.691133,0,0,-27
1742097871.727133,60,-1,44
1742097871.7621331,-55,-87,8
1742097871.7981331,2,-57,-177
1742097871.833133,-29,28,-15
1742097871.868133,-19,26,30
1742097871.904133,14,72,-109
1742097871.9391332,44,30,-175
1742097871.9751332,78,0,-119
1742097872.010133,0,-45,-123
1742097872.046133,-17,68,18
1742097872.0811331,50,12,136
1742097872.116133,20,-3,-129
1742097872.152133,34,12,16
1742097872.187133,-85,-13,-77
1742097872.223133,-9,12,-37
1742097872.2581332,40,66,-19
1742097872.2941332,-81,-67,-59
1742097872.329133,-45,42,18
1742097872.3641331,94,54,-9
1742097872.4001331,0,-37,-59
1742097872.435133,-49,-13,-187
1742097872.471133,-23,-33,56
1742097872.506133,58,24,-49
1742097872.542133,-13,-1,-89
1742097872.5771332,98,-15,22
1742097872.612133,-37,46,-55
1742097872.648133,2,20,-87
1742097872.6831331,-95,48,10
1742097872.7191331,-15,18,-57
1742097872.754133,36,-11,-71
1742097872.790133,-3,38,-33
1742097872.825133,30,-31,-27
1742097872.8601332,-81,-31,96
1742097872.8961332,-1,-15,94
1742097872.931133,-19,46,-33
1742097872.967133,-101,14,-139
1742097873.0021331,16,-1,-117
1742097873.0381331,-13,6,34
1742097873.073133,12,-33,46
1742097873.108133,-49,-37,-61
1742097873.144133,0,-23,-43
1742097873.1791332,0,-51,60
1742097873.2151332,-15,40,-7
1742097873.250133,30,-15,-15
1742097873.2851331,40,34,-71
1742097873.320133,-87,-73,32
1742097873.356133,-37,64,-105
1742097873.392133,4,0,84
1742097873.427133,26,-31,28
1742097873.463133,-3,-37,-71
1742097873.4981332,-1,8,-37
1742097873.533133,40,-43,-33
1742097873.568133,4,8,-81
1742097873.6041331,44,-9,-113
1742097873.6401331,-31,-57,-127
1742097873.675133,-29,52,-91
1742097873.711133,18,46,-75
1742097873.746133,44,40,62
1742097873.7811332,-53,38,-7
1742097873.816133,-15,14,-77
1742097873.859133,88,2,-77
1742097873.8961332,-33,48,-69
1742097873.931133,-19,52,-47
1742097873.967133,14,24,-33
1742097874.0021331,18,-85,-11
1742097874.037133,52,74,8
1742097874.072133,-5,-37,-39
1742097874.108133,10,-39,-47
1742097874.144133,6,-7,-109
1742097874.1791332,-3,-5,26
1742097874.2151332,78,-3,20
1742097874.250133,-23,8,62
1742097874.2851331,-11,-29,22
1742097874.320133,-1,12,10
1742097874.356133,58,16,24
1742097874.392133,-3,-67,4
1742097874.427133,-29,50,-69
1742097874.463133,-11,-19,20
1742097874.4981332,-1,80,-71
1742097874.533133,-95,-1,-61
1742097874.568133,4,-35,14
1742097874.6041331,28,20,-65
1742097874.6401331,12,18,-37
1742097874.675133,4,-1,-23
1742097874.711133,-61,-45,58
1742097874.746133,-41,2,100
1742097874.7811332,-13,54,-25
1742097874.816133,14,52,0
1742097874.852133,-17,14,-13
1742097874.888133,30,-29,32
1742097874.9231331,-87,-59,150
1742097874.9591331,80,-77,-103
1742097874.994133,6,24,10
1742097875.029133,4,46,52
1742097875.0641332,6,-77,-113
1742097875.1001332,24,-59,60
1742097875.1361332,-55,-47,-79
1742097875.171133,14,-25,-135
1742097875.207133,10,2,-145
1742097875.2421331,144,58,-19
1742097875.277133,64,-21,-17
1742097875.312133,-21,-17,-63
1742097875.348133,44,44,-43
1742097875.384133,-31,-9,-47
1742097875.4191332,12,-9,50
1742097875.4551332,-23,-1,-131
1742097875.490133,-29,-1,-113
1742097875.5251331,-45,40,-127
1742097875.560133,-13,32,-23
1742097875.596133,34,22,-37
1742097875.632133,6,6,42
1742097875.667133,-21,12,-67
1742097875.703133,40,28,14
1742097875.7381332,80,-33,-83
1742097875.773133,4,-41,-117
1742097875.8081331,8,-5,-117
1742097875.8441331,24,-23,-57
1742097875.8801332,-10,-19,-125
1742097875.915133,42,-31,46
1742097875.951133,3,18,120
1742097875.986133,-9,40,26
1742097876.0211332,-10,50,-77
1742097876.056133,16,-63,-53
1742097876.092133,-99,-7,-19
1742097876.128133,30,-9,-23
1742097876.1631331,62,-33,-89
1742097876.1991332,4,18,-69
1742097876.234133,-3,0,-29
1742097876.269133,36,-9,-161
1742097876.3041332,-61,32,-41
1742097876.3401332,-32,24,32
1742097876.376133,17,8,-5
1742097876.411133,-32,18,44
1742097876.447133,-26,94,-69
1742097876.4821332,-8,-53,-109
1742097876.517133,-70,-39,-53
1742097876.552133,64,24,8
1742097876.588133,14,44,-89
1742097876.624133,76,-45,-83
1742097876.6591332,29,-31,-25
1742097876.695133,31,66,30
1742097876.730133,51,8,16
1742097876.7651331,47,88,-81
1742097876.800133,-4,42,-5
1742097876.836133,5,54,-43
1742097876.872133,33,24,22
1742097876.907133,17,28,-5
1742097876.943133,-20,-43,-17
1742097876.9781332,73,14,-9
1742097877.013133,51,46,-149
1742097877.0481331,-10,104,74
1742097877.0841331,69,-77,-133
1742097877.1201332,-50,-21,-57
1742097877.155133,23,8,-91
1742097877.191133,21,-17,-43
1742097877.226133,-52,-11,8
1742097877.2611332,-66,-71,-23
1742097877.296133,-20,46,-35
1742097877.332133,-10,4,-101
1742097877.368133,19,-93,-145
1742097877.4031332,-18,82,-37
1742097877.4391332,37,-47,30
1742097877.474133,1,112,54
1742097877.509133,-23,48,76
1742097877.545133,51,-99,-7
1742097877.5801332,-66,24,-49
1742097877.616133,48,22,-20
1742097877.651133,2,24,-42
1742097877.687133,-21,74,-16
1742097877.7221332,-74,-13,-8
1742097877.757133,5,-5,29
1742097877.793133,25,-15,-41
1742097877.828133,-82,26,63
1742097877.8641331,-26,10,-9
1742097877.899133,39,10,91
1742097877.935133,73,-19,52
1742097877.970133,-50,2,-89
1742097878.0051332,41,-9,-103
1742097878.0411332,91,-11,-115
1742097878.076133,0,138,4
1742097878.112133,-14,-31,-165
1742097878.147133,147,42,-57
1742097878.1831331,-18,20,-125
1742097878.218133,-38,-33,-5
1742097878.253133,5,20,-163
1742097878.289133,5,86,62
1742097878.3241332,39,42,-58
1742097878.3601332,-86,4,-69
1742097878.395133,-26,-59,20
1742097878.431133,-32,72,50
1742097878.466133,3,-29,-25
1742097878.501133,33,42,-30
1742097878.537133,1,12,-42
1742097878.572133,-30,8,-89
1742097878.608133,-54,50,-28
1742097878.6431332,-20,14,-29
1742097878.6791332,-16,-45,-56
1742097878.714133,-54,-31,5
1742097878.749133,45,-31,-76
1742097878.7851331,103,-23,-42
1742097878.820133,-38,24,-18
1742097878.856133,41,50,-86
1742097878.891133,-38,-49,-20
1742097878.927133,49,38,-72
1742097878.9621332,-12,-17,0
1742097878.997133,11,-59,-20
1742097879.033133,59,10,-146
1742097879.068133,19,10,-76
1742097879.1041331,67,-35,-120
1742097879.139133,-22,10,33
1742097879.175133,53,20,17
1742097879.210133,-62,14,-94
1742097879.2451332,5,40,-56
1742097879.2811332,-34,-11,1
1742097879.316133,33,16,-16
1742097879.352133,-28,70,-90
1742097879.3871331,47,14,-60
1742097879.4231331,129,2,-68
1742097879.458133,-26,38,21
1742097879.493133,-144,56,-136
1742097879.529133,3,-9,-56
1742097879.5641332,9,-5,-148
1742097879.6001332,61,92,-98
1742097879.635133,-62,4,-40
1742097879.671133,55,16,5
1742097879.7061331,1,10,-90
1742097879.741133,-26,26,89
1742097879.777133,-46,32,-94
1742097879.812133,1,24,67
1742097879.848133,5,26,-58
1742097879.8831332,53,-47,-106
1742097879.920133,-18,82,-60
1742097879.9551332,23,-27,29
1742097879.991133,-54,26,-86
1742097880.027133,-36,-21,21
1742097880.063133,19,6,-126
1742097880.099133,-3,-23,23
1742097880.134133,4,32,85
1742097880.1691332,101,-11,-36
1742097880.2051332,58,-17,-38
1742097880.241133,-35,50,7
1742097880.276133,-29,-27,-6
1742097880.312133,26,8,1
1742097880.3471332,-34,-1,-84
1742097880.382133,1,24,-50
1742097880.417133,-32,28,-52
1742097880.453133,111,-15,69
1742097880.4891331,51,-117,-44
1742097880.524133,-4,-27,-38
1742097880.560133,-61,-11,-40
1742097880.595133,63,4,-46
1742097880.6301332,-118,0,61
1742097880.665133,5,-1,-128
1742097880.701133,-42,-17,3
1742097880.737133,37,-9,-102
1742097880.772133,-54,-35,-108
1742097880.8081331,-38,-63,-22
1742097880.843133,-42,-17,-72
1742097880.878133,31,-55,-118
1742097880.9131331,-39,66,-138
1742097880.9491332,-82,58,13
1742097880.9851332,11,-39,-2
1742097881.020133,19,8,-50
1742097881.056133,-30,-53,-86
1742097881.091133,25,-61,111
1742097881.126133,59,48,-66
1742097881.161133,95,20,17
1742097881.197133,1,44,-26
1742097881.233133,93,-17,5
1742097881.2681332,-64,-19,-60
1742097881.3041332,0,-11,1
1742097881.339133,37,8,-4
1742097881.374133,-114,-13,-146
1742097881.4091332,-22,-65,-6
1742097881.445133,47,46,1
1742097881.481133,-60,-21,43
1742097881.516133,-50,24,55
1742097881.552133,-116,-15,-88
1742097881.5871332,0,-45,-28
1742097881.622133,-22,26,17
1742097881.657133,-30,-49,-68
1742097881.693133,73,-89,137
1742097881.7291331,71,10,-64
1742097881.764133,17,-33,-114
1742097881.800133,59,10,-52
1742097881.835133,-28,-51,-58
1742097881.8701332,-12,0,-26
1742097881.905133,13,-3,65
1742097881.941133,0,6,-94
1742097881.977133,57,-23,-6
1742097882.0121331,25,-9,63
1742097882.0481331,0,-9,-136
1742097882.083133,-40,-73,-22
1742097882.118133,-8,-13,-90
1742097882.1531332,63,24,39
1742097882.1891332,-112,14,-18
1742097882.2251332,-48,52,-56
1742097882.260133,37,26,3
1742097882.296133,39,4,-90
1742097882.3311331,27,-61,111
1742097882.366133,-54,86,-38
1742097882.401133,79,16,-140
1742097882.437133,65,-31,-6
1742097882.473133,-10,38,-44
1742097882.5081332,75,66,-80
1742097882.5441332,5,-9,-30
1742097882.579133,35,52,-4
1742097882.6141331,127,14,43
1742097882.649133,1,62,9
1742097882.685133,-44,44,-158
1742097882.721133,27,-49,21
1742097882.756133,95,-31,-20
1742097882.792133,-54,-25,-30
1742097882.8271332,11,-123,0
1742097882.862133,57,-15,67
1742097882.897133,49,-29,29
1742097882.9331331,37,-67,-102
1742097882.9691331,57,-15,23
1742097883.004133,-26,-83,75
1742097883.040133,11,-27,-36
1742097883.075133,21,6,99
1742097883.1101332,-12,48,-66
1742097883.145133,15,-67,-76
1742097883.181133,-30,22,-100
1742097883.217133,0,2,-48
1742097883.2521331,-78,38,55
1742097883.2881331,87,24,51
1742097883.323133,17,-61,19
1742097883.358133,65,10,-132
1742097883.3931332,-6,-21,-78
1742097883.4291332,37,-23,-42
1742097883.4651332,-48,34,69
1742097883.500133,-25,-19,-16
1742097883.536133,-19,104,19
1742097883.5711331,43,-5,107
1742097883.606133,-24,-59,23
1742097883.641133,45,16,7
1742097883.677133,27,30,0
1742097883.713133,-76,-1,-126
1742097883.7481332,15,-7,-36
1742097883.7841332,-48,-25,-80
1742097883.819133,17,-39,-146
1742097883.861133,35,20,-80
1742097883.897133,16,34,3
1742097883.9331331,16,-9,-48
1742097883.9691331,12,14,-18
1742097884.004133,24,-19,-68
1742097884.040133,10,10,-114
1742097884.075133,20,64,-78
1742097884.1101332,82,-27,-68
1742097884.145133,-61,-67,-98
1742097884.181133,54,-37,39
1742097884.217133,-23,-81,85
1742097884.2521331,-5,62,57
1742097884.2881331,14,-31,-58
1742097884.323133,85,-11,61
1742097884.358133,15,-69,63
1742097884.3931332,71,-35,61
1742097884.4291332,-2,18,-2
1742097884.4651332,20,-74,-22
1742097884.500133,26,16,-98
1742097884.536133,-65,28,-72
1742097884.5711331,52,28,-2
1742097884.606133,74,-23,-34
1742097884.642133,22,30,-66
1742097884.677133,24,-35,-72
1742097884.713133,-19,-59,-42
1742097884.7481332,-44,32,-26
1742097884.7841332,-4,26,-54
1742097884.819133,-36,-89,41
1742097884.8541331,-34,54,-14
1742097884.8901331,59,2,-40
1742097884.925133,-24,-5,51
1742097884.961133,45,6,27
1742097884.996133,-24,-23,-56
1742097885.032133,33,-19,-12
1742097885.0671332,25,-45,-94
1742097885.102133,5,60,-20
1742097885.138133,7,16,-114
1742097885.1731331,0,-3,61
1742097885.2091331,39,-15,11
1742097885.244133,11,38,-60
1742097885.280133,79,-15,-16
1742097885.315133,56,-11,-142
1742097885.3501332,9,-43,-78
1742097885.3861332,72,22,23
1742097885.421133,-21,4,45
1742097885.457133,-9,28,-16
1742097885.4921331,-67,-91,-80
1742097885.5281332,-31,30,-84
1742097885.563133,4,-87,-70
1742097885.598133,-17,30,-90
1742097885.634133,-83,32,21
1742097885.6691332,-59,12,-36
1742097885.7051332,26,-85,-4
1742097885.740133,-21,14,61
1742097885.776133,-25,-45,-8
1742097885.8111331,-39,-15,21
1742097885.846133,36,-43,39
1742097885.882133,-25,10,-48
1742097885.917133,-7,-11,27
1742097885.953133,-13,12,35
1742097885.9881332,16,32,-28
1742097886.024133,6,40,83
1742097886.059133,24,-87,57
1742097886.0941331,-25,14,-40
1742097886.1301332,80,-11,-28
1742097886.165133,-23,-19,95
1742097886.201133,-101,-5,-94
1742097886.236133,10,30,103
1742097886.272133,18,60,59
1742097886.3071332,-19,24,-132
1742097886.342133,8,-1,113
1742097886.378133,-37,28,-26
1742097886.4131331,-29,58,75
1742097886.4491332,-71,-15,-18
1742097886.484133,78,-77,55
1742097886.520133,28,0,-26
1742097886.555133,-5,0,-180
1742097886.5901332,-34,10,23
1742097886.626133,-22,12,9
1742097886.661133,-41,-27,-146
1742097886.697133,49,-17,-40
1742097886.7321332,48,-1,-124
1742097886.7681332,6,24,-82
1742097886.8041332,42,14,-62
1742097886.8401332,-69,-39,-54
1742097886.876133,0,-29,37
1742097886.912133,-13,6,-8
1742097886.948133,-39,-39,-4
1742097886.983133,20,18,-64
1742097887.0181332,2,48,-20
1742097887.0541332,60,56,73
1742097887.0901332,24,-75,-96
1742097887.125133,28,-29,0
1742097887.161133,70,-57,-18
1742097887.1961331,44,-17,-28
1742097887.231133,-43,-31,-8
1742097887.266133,22,-7,-78
1742097887.302133,58,32,13
1742097887.338133,-19,4,-22
1742097887.3731332,8,-67,-12
1742097887.4091332,-35,12,-84
1742097887.444133,2,16,-76
1742097887.4791331,28,44,51
1742097887.514133,-53,22,27
1742097887.550133,42,78,27
1742097887.586133,-19,14,1
1742097887.621133,-57,30,59
1742097887.657133,-13,-79,-98
1742097887.6921332,28,-79,-76
1742097887.727133,0,-5,-8
1742097887.7621331,8,-11,-14
1742097887.7981331,-27,16,-72
1742097887.8341331,-35,14,-136
1742097887.869133,20,12,-44
1742097887.905133,28,-41,5
1742097887.940133,92,-49,-66
1742097887.9751332,-21,-93,-20
1742097888.010133,24,10,-60
1742097888.046133,20,-23,17
1742097888.082133,36,-31,-190
1742097888.1171331,-13,-47,55
1742097888.1531332,44,-5,19
1742097888.188133,-59,-61,3
1742097888.223133,-39,10,-98
1742097888.2581332,-31,-11,9
1742097888.2941332,58,56,9
1742097888.3301332,-5,-65,-84
1742097888.365133,-91,44,13
1742097888.401133,-87,94,-46
1742097888.4361331,-31,18,7
1742097888.471133,6,-35,21
1742097888.506133,-13,6,-20
1742097888.542133,14,-5,-104
1742097888.578133,82,-65,-128
1742097888.6131332,-79,-3,13
1742097888.649133,28,-13,-54
1742097888.684133,-77,11,67
1742097888.7191331,20,-94,-48
1742097888.754133,38,-40,69
1742097888.790133,-1,-10,-130
1742097888.826133,20,-5,-42
1742097888.861133,42,22,-142
1742097888.897133,-81,-67,-58
1742097888.9321332,10,-27,57
1742097888.967133,-55,-65,85
1742097889.0021331,40,80,-62
1742097889.0381331,20,12,-24
1742097889.0741332,-115,76,-50
1742097889.109133,-15,-18,-26
1742097889.145133,62,75,-28
1742097889.180133,50,-29,-34
1742097889.2151332,-45,28,-30
1742097889.250133,-3,44,33
1742097889.286133,-19,16,-128
1742097889.322133,-9,-13,-56
1742097889.3571332,-69,50,-10
1742097889.3931332,-11,-53,29
1742097889.428133,-51,30,79
1742097889.463133,-19,10,-162
1742097889.4981332,-5,-37,-20
1742097889.5341332,56,-41,37
1742097889.570133,-11,-13,-18
1742097889.605133,-93,14,1
1742097889.641133,26,-149,19
1742097889.6761332,-9,18,-62
1742097889.711133,72,30,15
1742097889.746133,32,24,29
1742097889.782133,-31,-23,-116
1742097889.818133,-87,-1,-64
1742097889.8531332,-1,76,-26
1742097889.889133,-27,-33,69
1742097889.924133,-23,-11,-94
1742097889.9591331,20,98,91
1742097889.994133,-25,-23,-10
1742097890.030133,2,-49,-22
1742097890.066133,28,-29,-140
1742097890.101133,14,58,-94
1742097890.1371331,-77,-9,-12
1742097890.172133,72,16,-10
1742097890.207133,-23,72,-112
1742097890.2421331,6,-13,-60
1742097890.2781332,-115,70,-82
1742097890.3141332,-7,68,-28
1742097890.349133,26,-13,-36
1742097890.385133,8,18,-36
1742097890.420133,66,-17,45
1742097890.4551332,88,14,-26
1742097890.490133,-72,-76,45
1742097890.526133,-30,10,9
1742097890.562133,-28,8,109
1742097890.5971332,16,6,11
1742097890.6331332,50,-84,-8
1742097890.668133,-63,-56,-122
1742097890.703133,-5,-60,69
1742097890.7381332,72,-38,-78
1742097890.774133,32,-21,-52
1742097890.810133,-47,32,-70
1742097890.845133,20,-23,39
1742097890.881133,10,-41,-34
1742097890.9161332,2,3,0
1742097890.951133,10,-5,-30
1742097890.986133,2,32,0
1742097891.022133,6,-9,23
1742097891.0581331,-84,28,65
1742097891.093133,85,0,-40
1742097891.129133,-117,-37,1
1742097891.164133,13,-25,-50
1742097891.1991332,14,8,25
1742097891.234133,43,58,79
1742097891.270133,-4,-9,-34
1742097891.306133,-7,36,-106
1742097891.341133,54,2,23
1742097891.3771331,8,-15,-56
1742097891.412133,72,-57,-142
1742097891.447133,-11,-1,47
1742097891.483133,28,0,-38
1742097891.5181332,-77,18,13
1742097891.5541332,107,-41,-114
1742097891.589133,-90,28,31
1742097891.625133,-22,94,-80
1742097891.6601331,19,32,-26
1742097891.695133,35,-29,15
1742097891.731133,-32,-21,41
1742097891.766133,-112,-25,11
1742097891.802133,-12,42,-96
1742097891.8371332,14,60,-90
1742097891.8731332,22,-3,21
1742097891.908133,-33,-29,-36
1742097891.943133,22,-13,33
1742097891.9791331,34,-29,-18
1742097892.014133,50,52,-44
1742097892.050133,-19,26,25
1742097892.085133,110,42,113
1742097892.121133,24,-41,-10
1742097892.1561332,-7,-57,-40
1742097892.191133,18,40,-86
1742097892.227133,80,-13,-76
1742097892.2621331,-39,10,-28
1742097892.2981331,-37,68,-34
1742097892.333133,28,-17,57
1742097892.369133,108,-15,-44
1742097892.404133,2,10,-68
1742097892.4391332,-21,-27,-42
1742097892.4751332,36,-3,3
1742097892.510133,-25,30,-68
1742097892.546133,-23,-65,17
1742097892.5811331,-33,-17,-28
1742097892.6171331,38,-3,63
1742097892.652133,-51,2,25
1742097892.687133,-35,120,-72
1742097892.723133,78,-11,5
1742097892.7581332,14,8,-96
1742097892.7941332,-45,-65,-70
1742097892.829133,-41,64,-20
1742097892.865133,-15,10,-22
1742097892.9001331,24,-15,-12
1742097892.935133,36,62,-28
1742097892.971133,46,-21,57
1742097893.006133,60,-25,-216
1742097893.042133,100,-13,39
1742097893.0771332,42,98,-82
1742097893.1131332,-41,-5,-56
1742097893.148133,-7,-45,97
1742097893.1831331,10,-135,29
1742097893.2191331,-13,-57,-90
1742097893.254133,-49,0,-114
1742097893.290133,58,-45,-122
1742097893.325133,-11,-59,47
1742097893.361133,28,-47,23
1742097893.3961332,-93,-63,-38
1742097893.431133,-63,14,3
1742097893.467133,42,-7,-96
1742097893.5021331,-29,22,107
1742097893.5381331,14,12,-36
1742097893.573133,4,-55,-10
1742097893.609133,6,-37,-148
1742097893.644133,32,-31,3
1742097893.6791332,84,44,-122
1742097893.7151332,-15,-21,-36
1742097893.750133,16,-9,97
1742097893.786133,-35,-47,-16
1742097893.8211331,28,-71,-78
1742097893.8631332,74,-15,-2
1742097893.899133,66,6,-30
1742097893.935133,-1,-19,59
1742097893.971133,-3,38,81
1742097894.006133,-17,42,-92
1742097894.042133,-1,-29,57
1742097894.0771332,-53,-15,59
1742097894.112133,30,0,-42
1742097894.147133,-51,66,-10
1742097894.1831331,78,-7,-44
1742097894.2191331,-17,-11,53
1742097894.254133,40,-53,-148
1742097894.290133,-23,72,-104
1742097894.325133,18,0,15
1742097894.3601332,-7,8,-42
1742097894.395133,-59,-27,-50
1742097894.431133,48,24,-38
1742097894.467133,-23,6,-56
1742097894.5021331,-23,-61,-56
1742097894.5381331,6,-71,19
1742097894.573133,-59,-3,-36
1742097894.608133,26,10,-72
1742097894.6431332,24,-77,49
1742097894.6791332,18,34,-28
1742097894.7151332,-23,34,-58
1742097894.750133,54,-77,-98
1742097894.786133,16,-7,-106
1742097894.8211331,-35,36,-136
1742097894.856133,32,66,-116
1742097894.891133,-57,-1,-222
1742097894.927133,-47,24,47
1742097894.963133,-25,-7,-36
1742097894.9981332,-85,48,-186
1742097895.0341332,-7,-27,-80
1742097895.069133,-43,-85,-112
1742097895.1041331,-69,10,-54
1742097895.139133,-55,-129,1
1742097895.175133,-73,68,-100
1742097895.211133,76,-27,-126
1742097895.246133,16,48,-12
1742097895.282133,72,76,-116
1742097895.3171332,50,56,-36
1742097895.352133,20,32,9
1742097895.3871331,18,-13,-122
1742097895.4231331,28,-83,-20
1742097895.4591331,-17,38,-24
1742097895.494133,-13,-41,-118
1742097895.530133,-59,-25,89
1742097895.565133,-45,-19,47
1742097895.6001332,-77,-23,5
1742097895.635133,-21,-119,23
1742097895.671133,-19,-5,-32
1742097895.707133,-67,-15,69
1742097895.7421331,46,38,-38
1742097895.7781332,-23,18,-70
1742097895.813133,58,52,69
1742097895.848133,-7,30,33
1742097895.8831332,12,-27,-50
1742097895.9191332,64,8,-60
1742097895.9551332,80,-21,-6
1742097895.990133,-57,-67,-172
1742097896.026133,76,46,-12
1742097896.0611331,-67,-25,-192
1742097896.096133,-47,32,-8
1742097896.131133,58,-13,-70
1742097896.167133,-43,-45,33
1742097896.203133,16,-21,1
1742097896.2381332,-105,-25,13
1742097896.274133,108,18,91
1742097896.309133,76,26,-12
1742097896.3441331,-4,-81,-30
1742097896.379133,37,-45,-18
1742097896.415133,27,-29,-100
1742097896.451133,-17,44,-22
1742097896.486133,-4,-55,-32
1742097896.522133,-34,46,-44
1742097896.5571332,-50,-13,23
1742097896.592133,23,52,-134
1742097896.6271331,3,6,27
1742097896.6631331,-36,80,-30
1742097896.6991332,73,78,65
1742097896.734133,-18,40,-116
1742097896.770133,105,-9,43
1742097896.805133,-2,48,21
1742097896.8401332,-30,-71,-36
1742097896.875133,85,-9,25
1742097896.911133,-62,-51,-16
1742097896.947133,43,-9,-128
1742097896.9821332,27,-41,-6
1742097897.0181332,15,-99,-68
1742097897.053133,41,6,-56
1742097897.088133,27,-31,-18
1742097897.1231332,45,2,-40
1742097897.1591332,-18,38,-196
1742097897.195133,25,58,-118
1742097897.230133,49,-15,-128
1742097897.266133,-46,-107,-62
1742097897.3011332,29,48,-126
1742097897.336133,-91,0,-152
1742097897.371133,-13,48,-44
1742097897.407133,76,-5,0
1742097897.443133,-39,22,-140
1742097897.4781332,-51,60,-52
1742097897.514133,10,24,-44
1742097897.549133,-17,18,-90
1742097897.5841331,26,-3,67
1742097897.619133,-7,-43,27
1742097897.655133,-25,52,-50
1742097897.691133,4,28,-68
1742097897.726133,12,44,-82
1742097897.7621331,12,14,-82
1742097897.797133,-51,4,-94
1742097897.832133,-33,8,-64
1742097897.8671331,56,-95,-68
1742097897.9031332,42,42,-74
1742097897.9391332,-13,64,-68
1742097897.974133,-59,-17,-16
1742097898.010133,20,20,-14
1742097898.045133,-9,-11,31
1742097898.0801332,-29,-1,97
1742097898.115133,10,38,61
1742097898.151133,58,-67,-114
1742097898.187133,34,-3,27
1742097898.2221332,4,-21,-14
1742097898.2581332,-21,20,39
1742097898.293133,34,48,-96
1742097898.328133,-23,-87,51
1742097898.3641331,112,34,-28
1742097898.399133,-5,-73,-66
1742097898.435133,24,-1,-12
1742097898.470133,-9,32,69
1742097898.506133,-19,28,47
1742097898.5411332,-1,-17,-120
1742097898.576133,-11,36,19
1742097898.612133,6,60,-26
1742097898.647133,102,-47,-22
1742097898.6831331,18,18,13
1742097898.718133,16,52,-78
1742097898.754133,-35,22,-46
1742097898.789133,-39,32,-44
1742097898.8241332,40,2,-38
1742097898.8601332,4,44,-104
1742097898.895133,6,40,-54
1742097898.931133,-67,-5,-156
1742097898.966133,48,-37,-18
1742097899.0021331,-49,48,1
1742097899.037133,-31,60,-4
1742097899.072133,-57,64,-88
1742097899.108133,-45,-39,85
1742097899.1431332,-39,-47,-106
1742097899.1791332,-63,34,-16
1742097899.214133,-41,-41,-50
1742097899.250133,-99,-57,-116
1742097899.2851331,54,-27,-86
1742097899.320133,32,-15,41
1742097899.356133,-3,-65,-96
1742097899.391133,50,82,12
1742097899.427133,-125,20,-7
1742097899.4621332,-37,-29,40
1742097899.4981332,40,38,-55
1742097899.533133,84,-63,-119
1742097899.568133,-5,-65,-115
1742097899.6041331,68,-7,76
1742097899.639133,6,-51,-29
1742097899.675133,32,76,-13
1742097899.710133,46,118,18
1742097899.746133,26,-7,-83
1742097899.7811332,32,8,18
1742097899.816133,-11,12,48
1742097899.852133,-33,-39,-31
1742097899.8871331,24,22,-35
1742097899.9231331,48,-75,44
1742097899.958133,-29,-65,104
1742097899.994133,28,12,60
1742097900.029133,-39,-67,36
1742097900.0641332,16,10,24
1742097900.1001332,-35,54,-47
1742097900.135133,8,-13,-35
1742097900.171133,6,46,-93
1742097900.2061331,-1,-41,40
1742097900.2421331,-75,6,-133
1742097900.277133,-9,-45,-31
1742097900.312133,-7,20,-23
1742097900.348133,22,8,80
1742097900.3831332,-27,-49,-31
1742097900.4191332,2,-29,-75
1742097900.454133,10,-33,-47
1742097900.490133,-23,14,60
1742097900.5251331,62,-5,-31
1742097900.560133,28,10,-93
1742097900.596133,-21,0,-25
1742097900.631133,36,24,-51
1742097900.667133,-33,42,-93
1742097900.7021332,-11,10,-67
1742097900.7381332,12,56,-7
1742097900.774133,-15,12,-77
1742097900.809133,8,40,-77
1742097900.8441331,-13,-13,-47
1742097900.8801332,22,-71,66
1742097900.9161332,-101,16,-77
1742097900.951133,84,-49,-29
1742097900.987133,-47,8,-93
1742097901.022133,-23,70,-1
1742097901.0571332,12,-1,-127
1742097901.092133,8,102,6
1742097901.128133,20,10,-37
1742097901.164133,-21,36,-125
1742097901.1991332,52,66,-39
1742097901.2351332,-7,30,-105
1742097901.270133,-41,-15,10
1742097901.305133,20,-31,20
1742097901.3401332,-1,8,64
1742097901.376133,18,-59,20
1742097901.412133,48,24,-71
1742097901.447133,-43,-25,-123
1742097901.483133,-3,2,-39
1742097901.5181332,-67,-55,-101
1742097901.553133,66,-21,-107
1742097901.588133,52,-5,44
1742097901.624133,-81,14,148
1742097901.6601331,-19,32,-97
1742097901.695133,-13,26,46
1742097901.7321332,-31,-7,-69
1742097901.767133,-79,24,-49
1742097901.803133,-35,-11,52
1742097901.838133,26,70,46
1742097901.8731332,12,18,-187
1742097901.908133,0,12,-55
1742097901.944133,-23,-73,-141
1742097901.980133,-53,28,10
1742097902.0151331,-9,28,-49
1742097902.0511332,-91,-29,-37
1742097902.086133,-9,20,20
1742097902.121133,34,42,-119
1742097902.1561332,2,-53,-113
1742097902.1921332,12,-29,66
1742097902.2281332,0,-31,64
1742097902.263133,-21,-71,100
1742097902.299133,-85,-61,-69
1742097902.3341331,-25,-77,-105
1742097902.369133,42,78,-101
1742097902.404133,-37,-101,-65
1742097902.440133,18,86,62
1742097902.476133,-11,-17,68
1742097902.5111332,62,44,-129
1742097902.547133,20,-85,0
1742097902.582133,-43,70,2
1742097902.6171331,-7,-3,-63
1742097902.652133,66,-35,24
1742097902.688133,10,50,44
1742097902.724133,-7,116,-51
1742097902.759133,-15,54,-27
1742097902.795133,-49,-17,-139
1742097902.8301332,22,-39,16
1742097902.865133,-49,-41,22
1742097902.9001331,-23,-39,18
1742097902.9361331,-17,8,-25
1742097902.9721332,50,10,44
1742097903.007133,-11,-35,-123
1742097903.043133,-67,56,-79
1742097903.078133,26,20,26
1742097903.1131332,-41,-25,-41
1742097903.148133,-21,-9,12
1742097903.184133,-35,-109,-123
1742097903.220133,46,0,70
1742097903.2551332,48,0,-99
1742097903.2911332,-97,6,-29
1742097903.326133,-59,74,-147
1742097903.361133,-77,28,-79
1742097903.3961332,-7,-1,-47
1742097903.4321332,-35,10,-25
1742097903.468133,6,30,-105
1742097903.503133,-53,24,36
1742097903.539133,-43,26,-175
1742097903.5741332,-33,-1,-67
1742097903.609133,0,40,-93
1742097903.644133,58,22,20
1742097903.680133,54,4,-25
1742097903.716133,48,14,-121
1742097903.751133,-25,26,56
1742097903.787133,26,26,-1
1742097903.822133,40,-31,-101
1742097903.8641331,-5,-75,20
1742097903.9001331,56,-39,-99
1742097903.9361331,-19,-5,-45
1742097903.9721332,10,6,-79
1742097904.007133,4,-21,-37
1742097904.043133,52,14,-3
1742097904.078133,-45,-3,-5
1742097904.1131332,22,-25,-63
1742097904.148133,4,24,6
1742097904.184133,28,36,36
1742097904.220133,42,-33,-19
1742097904.2551332,2,34,18
1742097904.2911332,-43,2,-25
1742097904.326133,70,48,64
1742097904.361133,-65,-7,-69
1742097904.3961332,-35,28,-97
1742097904.4321332,34,-11,-59
1742097904.468133,24,0,-81
1742097904.503133,36,-21,-55
1742097904.539133,32,-51,-21
1742097904.5741332,48,-3,-101
1742097904.609133,18,52,-51
1742097904.644133,-17,16,-153
1742097904.680133,-81,-23,-105
1742097904.716133,31,-43,0
1742097904.751133,28,6,-125
1742097904.787133,-49,48,-97
1742097904.822133,36,-51,-125
1742097904.8571332,-117,-17,-157
1742097904.8931332,12,-29,-17
1742097904.928133,-51,28,-1
1742097904.964133,-29,-69,-47
1742097904.999133,-25,-39,-3
1742097905.0351331,-15,2,20
1742097905.070133,60,56,114
1742097905.105133,-29,-1,6
1742097905.141133,104,50,-43
1742097905.1761332,54,-6,58
1742097905.2121332,-22,-10,-117
1742097905.247133,23,-14,74
1742097905.283133,26,38,58
1742097905.318133,-100,-76,-1
1742097905.3531332,-55,-70,-51
1742097905.389133,-19,-64,50
1742097905.424133,63,17,-49
1742097905.460133,-25,25,-61
1742097905.4951332,16,31,-93
1742097905.5311332,-15,-117,-55
1742097905.566133,-25,-3,44
1742097905.601133,48,12,56
1742097905.6371331,-69,14,-37
1742097905.672133,38,-27,-145
1742097905.708133,4,22,-33
1742097905.743133,-53,-25,-159
1742097905.779133,-39,28,-71
1742097905.8141332,78,52,-187
1742097905.849133,-65,-21,-43
1742097905.885133,12,-21,-27
1742097905.920133,-31,-7,-3
1742097905.9561331,100,4,-73
1742097905.991133,40,-37,22
1742097906.027133,-37,4,-5
1742097906.062133,25,-23,40
1742097906.0971332,37,-11,-121
1742097906.1331332,-18,-23,-53
1742097906.168133,33,-23,46
1742097906.204133,-44,-43,16
1742097906.2391331,-106,22,0
1742097906.2751331,-4,-27,-83
1742097906.310133,39,-25,66
1742097906.345133,0,-19,-87
1742097906.381133,79,-25,-65
1742097906.4161332,-34,40,28
1742097906.4521332,49,48,-37
1742097906.487133,0,-59,18
1742097906.523133,40,-1,10
1742097906.5581331,8,-9,16
1742097906.593133,-41,2,-145
1742097906.629133,-4,-41,66
1742097906.664133,-31,0,12
1742097906.700133,24,40,-163
1742097906.7351332,24,24,-39
1742097906.7711332,44,26,58
1742097906.806133,-9,54,54
1742097906.841133,20,-7,-187
1742097906.8771331,18,30,-17
1742097906.912133,-56,-7,-47
1742097906.948133,27,16,-43
1742097906.983133,39,16,6
1742097907.019133,43,2,36
1742097907.0541332,17,-19,52
1742097907.089133,-90,58,2
1742097907.125133,-85,-17,-1
1742097907.1601331,-2,38,62
1742097907.1961331,70,-101,-83
1742097907.231133,0,78,-41
1742097907.267133,2,62,-55
1742097907.302133,-1,-15,-11
1742097907.3371332,18,2,30
1742097907.3731332,4,-67,-31
1742097907.408133,-39,-5,-105
1742097907.444133,56,42,42
1742097907.4791331,8,12,-39
1742097907.5151331,8,-14,-59
1742097907.5511332,-5,21,-27
1742097907.5871332,40,9,34
1742097907.6231332,-17,-52,-109
1742097907.658133,50,115,-211
1742097907.693133,-29,25,12
1742097907.7291331,44,-38,-51
1742097907.7651331,0,37,-71
1742097907.800133,-16,-6,2
1742097907.836133,-100,14,-103
1742097907.871133,14,10,58
1742097907.9061332,-47,6,-55
1742097907.941133,-25,0,-87
1742097907.977133,0,48,-63
1742097908.013133,-23,-77,-5
1742097908.0481331,16,30,8
1742097908.0841331,-3,-5,60
1742097908.119133,-10,14,-105
1742097908.154133,63,14,60
1742097908.1891332,-32,-53,50
1742097908.2251332,-40,14,-19
1742097908.2611332,-48,0,-117
1742097908.296133,89,8,-57
1742097908.332133,-44,94,-75
1742097908.3671331,-18,-19,-33
1742097908.402133,-28,-61,-11
1742097908.437133,-80,84,-75
1742097908.473133,15,-13,-83
1742097908.509133,13,-21,-61
1742097908.5441332,71,62,-59
1742097908.5801332,-8,-49,-49
1742097908.615133,-28,-111,-27
1742097908.6501331,-52,38,114
1742097908.685133,-50,-11,-67
1742097908.721133,-16,-3,-45
1742097908.757133,13,74,136
1742097908.792133,-58,46,-7
1742097908.828133,-20,-1,42
1742097908.8631332,-18,58,38
1742097908.898133,0,-45,36
1742097908.9331331,-28,-103,0
1742097908.9691331,-40,-51,-53
1742097909.0051332,-20,8,-91
1742097909.040133,-6,34,-17
1742097909.076133,5,-67,-93
1742097909.111133,-50,12,-43
1742097909.1461332,-58,-21,-99
1742097909.181133,45,6,-53
1742097909.217133,86,-69,-81
1742097909.253133,-35,0,-101
1742097909.2881331,6,16,26
1742097909.3241332,86,58,-7
1742097909.359133,38,-59,-13
1742097909.394133,-9,26,-5
1742097909.4291332,36,-3,-35
1742097909.4651332,18,4,-105
1742097909.501133,56,-23,-127
1742097909.536133,26,28,-109
1742097909.572133,74,36,10
1742097909.6071332,18,-5,54
1742097909.642133,-11,52,-97
1742097909.677133,8,20,-87
1742097909.713133,52,12,-43
1742097909.749133,-41,86,-105
1742097909.7841332,-9,-15,-29
1742097909.820133,-5,2,10
1742097909.855133,-51,-1,-63
1742097909.8901331,54,-3,-25
1742097909.925133,24,-103,-79
1742097909.961133,-47,24,-91
1742097909.997133,-3,-67,-153
1742097910.032133,-45,-45,-5
1742097910.068133,-23,52,-129
1742097910.1031332,-37,-7,40
1742097910.138133,-53,38,-69
1742097910.1731331,11,-119,-43
1742097910.2091331,-7,26,-81
1742097910.2451332,-26,0,44
1742097910.280133,64,-9,-99
1742097910.316133,-73,-21,4
1742097910.351133,26,-125,-33
1742097910.3861332,32,12,-57
1742097910.421133,2,74,20
1742097910.457133,-5,10,54
1742097910.493133,46,-33,104
1742097910.5281332,100,-23,-17
1742097910.5641332,10,32,28
1742097910.599133,32,-37,46
1742097910.634133,70,-69,10
1742097910.6691332,-3,16,14
1742097910.7051332,-23,-35,-7
1742097910.741133,48,18,16
1742097910.776133,60,-13,-33
1742097910.812133,42,8,-13
1742097910.8471332,14,32,-31
1742097910.882133,80,16,-203
1742097910.917133,18,-83,-97
1742097910.953133,4,-25,-25
1742097910.9891331,10,22,6
1742097911.024133,-19,82,-35
1742097911.060133,-49,-17,84
1742097911.095133,8,20,132
1742097911.1301332,-5,-23,-75
1742097911.165133,-55,14,-23
1742097911.201133,14,10,-39
1742097911.237133,12,6,-57
1742097911.272133,20,2,-69
1742097911.3081331,-21,22,-25
1742097911.343133,-43,-43,-47
1742097911.378133,38,-27,-31
1742097911.4131331,-31,-27,-27
1742097911.4491332,18,22,-83
1742097911.4851332,42,-15,-28
1742097911.520133,-13,82,-82
1742097911.556133,-113,-13,-90
1742097911.591133,-17,-35,-94
1742097911.626133,-21,-73,-116
1742097911.662133,68,12,51
1742097911.697133,10,-7,-50
1742097911.733133,50,-7,-12
1742097911.7681332,14,-45,79
1742097911.8041332,23,-27,-34
1742097911.839133,-35,-55,-52
1742097911.874133,43,-49,-44
1742097911.9101331,27,-61,-74
1742097911.945133,15,-41,-52
1742097911.981133,-138,26,-94
1742097912.016133,-8,32,0
1742097912.052133,13,-59,65
1742097912.0871332,51,-93,-68
1742097912.122133,11,40,3
1742097912.158133,23,-71,-24
1742097912.193133,21,-47,-70
1742097912.2291331,-11,26,-38
1742097912.264133,26,-59,-24
1742097912.300133,-22,-71,-50
1742097912.335133,-39,-29,15
1742097912.3701332,-3,-9,33
1742097912.4061332,54,-9,79
1742097912.441133,69,34,47
1742097912.477133,-50,30,-92
1742097912.5121331,64,-27,-56
1742097912.5481331,46,-1,23
1742097912.583133,-15,-31,0
1742097912.618133,-2,0,-30
1742097912.654133,67,-11,-144
1742097912.6891332,-22,88,-52
1742097912.7251332,-40,4,-120
1742097912.760133,-26,32,19
1742097912.796133,-37,-35,21
1742097912.8311331,1,20,9
1742097912.866133,-23,68,-146
1742097912.902133,-11,48,-68
1742097912.937133,-1,-51,-86
1742097912.973133,-49,68,13
1742097913.0081332,28,-23,37
1742097913.0441332,-13,20,37
1742097913.079133,4,14,-116
1742097913.1141331,-11,-9,-64
1742097913.1501331,55,-65,-18
1742097913.185133,-1,40,19
1742097913.221133,-3,-21,49
1742097913.256133,-21,0,41
1742097913.292133,-36,14,-68
1742097913.3271332,-56,-49,-92
1742097913.362133,-22,12,-96
1742097913.398133,-52,22,65
1742097913.4331331,15,-31,-58
1742097913.4691331,-26,56,0
1742097913.504133,-34,-15,-30
1742097913.540133,21,-53,-104
1742097913.575133,0,4,31
1742097913.6101332,55,2,-34
1742097913.6461332,-6,36,-22
1742097913.681133,-82,46,33
1742097913.717133,67,12,-80
1742097913.7521331,-24,-31,93
1742097913.7881331,-42,-29,-82
1742097913.823133,0,-19,-28
1742097913.865133,21,42,-58
1742097913.902133,-10,-27,31
1742097913.937133,37,-7,-172
1742097913.973133,5,-37,-52
1742097914.0081332,-60,-31,121
1742097914.0441332,-108,-37,-28
1742097914.079133,-30,16,37
1742097914.1141331,-102,-27,-16
1742097914.1501331,-5,-7,67
1742097914.185133,1,-39,-58
1742097914.221133,-11,-19,-8
1742097914.256133,-62,-43,-22
1742097914.292133,-29,44,-66
1742097914.328133,-43,12,-68
1742097914.3641331,28,-45,-38
1742097914.399133,38,64,-72
1742097914.434133,-33,-85,71
1742097914.470133,76,62,7
1742097914.5051332,12,34,-48
1742097914.5411332,16,46,19
1742097914.576133,-113,26,-12
1742097914.611133,-23,-61,-24
1742097914.6461332,20,70,-44
1742097914.6821332,-3,8,-44
1742097914.718133,32,-1,-18
1742097914.753133,88,14,53
1742097914.789133,106,-17,21
1742097914.8241332,-61,-9,-86
1742097914.859133,-33,-33,-186
1742097914.894133,-57,-1,-76
1742097914.930133,62,-27,-32
1742097914.966133,-97,46,-20
1742097915.001133,28,18,11
1742097915.037133,-3,22,65
1742097915.072133,36,22,-74
1742097915.1071332,-71,-13,-132
1742097915.142133,52,8,-218
1742097915.178133,47,16,1
1742097915.214133,-14,-35,-84
1742097915.249133,24,-99,41
1742097915.2851331,-91,16,-60
1742097915.320133,26,-71,19
1742097915.355133,0,34,-98
1742097915.3901331,76,14,-46
1742097915.4261332,10,-31,15
1742097915.4621332,-59,-7,7
1742097915.497133,38,-11,15
1742097915.533133,106,6,-54
1742097915.568133,32,-11,-44
1742097915.6031332,-35,34,25
1742097915.638133,-83,-29,81
1742097915.674133,-55,-55,-50
1742097915.710133,4,-25,-96
1742097915.7451332,20,0,-22
1742097915.7811332,14,-21,-174
1742097915.816133,46,74,187
1742097915.851133,46,56,-86
1742097915.8861332,28,48,-32
1742097915.922133,22,16,77
1742097915.958133,70,-13,23
1742097915.993133,-41,-7,45
1742097916.029133,4,-69,-130
1742097916.0641332,-57,-91,69
1742097916.099133,12,6,-32
1742097916.134133,-81,-21,-76
1742097916.170133,16,58,-80
1742097916.2061331,8,-37,-132
1742097916.241133,4,20,-42
1742097916.277133,26,16,-80
1742097916.312133,-35,-55,-26
1742097916.3471332,-27,16,-14
1742097916.382133,-39,-41,-92
1742097916.418133,-75,4,-24
1742097916.454133,22,74,-60
1742097916.4891331,18,-35,-64
1742097916.5251331,52,-31,7
1742097916.560133,52,58,75
1742097916.595133,2,-13,-96
1742097916.6301332,50,34,-52
1742097916.6661332,64,14,-32
1742097916.7021332,70,-35,87
1742097916.737133,38,-71,-80
1742097916.773133,92,16,-28
1742097916.8081331,-13,30,107
1742097916.843133,2,-31,9
1742097916.878133,2,10,85
1742097916.914133,24,-73,-112
1742097916.950133,-57,20,11
1742097916.9851332,-39,-11,-92
1742097917.0211332,-41,-1,15
1742097917.056133,68,-31,31
1742097917.091133,-37,24,143
1742097917.126133,22,48,33
1742097917.162133,12,-7,45
1742097917.198133,-25,-65,13
1742097917.233133,-15,20,-76
1742097917.269133,48,-11,27
1742097917.3041332,40,-23,-10
1742097917.339133,14,2,-86
1742097917.374133,-47,26,-150
1742097917.4101331,30,-7,57
1742097917.4461331,54,-69,-8
1742097917.481133,50,80,7
1742097917.517133,94,60,97
1742097917.552133,-23,30,-22
1742097917.5871332,-5,-43,-142
1742097917.622133,78,-21,-52
1742097917.658133,-11,-17,-26
1742097917.694133,116,-39,-82
1742097917.7291331,12,34,-26
1742097917.7651331,62,-1,-126
1742097917.800133,-49,-27,-64
1742097917.835133,-37,-9,-72
1742097917.8701332,-33,-63,-26
1742097917.9061332,20,-45,-30
1742097917.9421332,36,-9,-118
1742097917.977133,42,98,-74
1742097918.013133,20,-15,-22
1742097918.0481331,30,-43,-10
1742097918.083133,26,12,-54
1742097918.118133,-15,0,-8
1742097918.154133,24,58,59
1742097918.190133,0,-63,-4
1742097918.2251332,16,-83,-118
1742097918.2611332,-45,-17,-88
1742097918.296133,50,34,-16
1742097918.3311331,40,-59,-44
1742097918.366133,0,60,-46
1742097918.402133,6,10,-28
1742097918.438133,54,26,17
1742097918.473133,20,26,-6
1742097918.509133,-63,78,-106
1742097918.5441332,-33,-31,39
1742097918.579133,-23,-49,63
1742097918.6141331,6,-53,-14
1742097918.6501331,-5,-53,-88
1742097918.6861331,70,-67,95
1742097918.721133,26,20,-70
1742097918.757133,2,14,-54
1742097918.792133,46,-37,-170
1742097918.8271332,-49,-13,17
1742097918.8631332,0,-25,35
1742097918.898133,8,-29,-12
1742097918.934133,78,26,-96
1742097918.9691331,-35,38,-22
1742097919.0051332,18,-77,9
1742097919.040133,2,-9,-66
1742097919.075133,-65,-25,57
1742097919.111133,70,82,-92
1742097919.1461332,0,-25,-72
1742097919.1821332,-21,-5,19
1742097919.217133,84,32,-102
1742097919.253133,54,64,-66
1742097919.2881331,38,54,143
1742097919.323133,-11,42,-132
1742097919.359133,4,83,-2
1742097919.394133,30,53,-96
1742097919.430133,-33,-78,-50
1742097919.4651332,-43,-30,-44
1742097919.501133,72,29,-16
1742097919.536133,20,-25,63
1742097919.5711331,-29,3,37
1742097919.6071332,-23,56,-62
1742097919.642133,-37,-37,-92
1742097919.678133,4,-17,-8
1742097919.713133,8,-19,-22
1742097919.749133,-23,-14,-42
1742097919.7841332,-3,-30,0
1742097919.819133,88,15,-26
1742097919.855133,-9,63,43
1742097919.8901331,-19,-24,63
1742097919.9261332,54,0,-112
1742097919.961133,30,-6,-62
1742097919.997133,6,-36,-110
1742097920.032133,-1,-6,-66
1742097920.0671332,-101,63,-66
1742097920.1031332,12,-11,-8
1742097920.138133,-7,-41,-6
1742097920.174133,68,6,-52
1742097920.2091331,2,-13,35
1742097920.2451332,76,64,-30
1742097920.280133,-31,-93,29
1742097920.315133,60,94,9
1742097920.351133,-97,-31,-182
1742097920.3861332,-11,-33,-6
1742097920.422133,-43,114,-12
1742097920.457133,58,30,3
1742097920.493133,-73,-67,-50
1742097920.5281332,-19,38,53
1742097920.563133,2,10,47
1742097920.599133,4,-55,113
1742097920.634133,60,-43,-128
1742097920.670133,-85,-23,-40
1742097920.7051332,-17,-21,21
1742097920.741133,-19,8,-124
1742097920.776133,6,-29,-62
1742097920.8111331,-99,52,-28
1742097920.8471332,28,40,-38
1742097920.882133,-13,28,-20
1742097920.918133,52,-127,-58
1742097920.953133,-49,-15,33
1742097920.9891331,10,86,-4
1742097921.024133,12,30,-30
1742097921.059133,-39,62,-46
1742097921.095133,38,-5,13
1742097921.1301332,-51,-15,31
1742097921.1661332,58,30,-24
1742097921.201133,4,-29,0
1742097921.237133,-57,-5,-134
1742097921.273133,-31,36,-84
1742097921.309133,-115,-7,-46
1742097921.345133,95,-39,9
1742097921.381133,-26,-39,-74
1742097921.417133,-20,-5,-66
1742097921.4521332,-24,-15,-32
1742097921.487133,31,30,-34
1742097921.523133,7,22,111
1742097921.559133,36,10,0
1742097921.5941331,-51,-7,-72
1742097921.6301332,14,-29,-18
1742097921.665133,24,36,-26
1742097921.700133,-51,-43,-26
1742097921.7351332,8,10,-122
1742097921.7711332,26,-25,-44
1742097921.8071332,-69,-59,-22
1742097921.842133,-5,18,-30
1742097921.878133,-57,0,71
1742097921.9131331,6,-75,-124
1742097921.948133,2,-59,17
1742097921.983133,10,-43,-28
1742097922.019133,14,16,41
1742097922.055133,-71,32,29
1742097922.0901332,-63,4,1
1742097922.126133,-21,-55,39
1742097922.161133,-5,28,-78
1742097922.1961331,-9,22,-36
1742097922.231133,-37,26,89
1742097922.267133,-27,22,-58
1742097922.303133,-51,-15,-68
1742097922.338133,4,20,-36
1742097922.374133,-47,-17,65
1742097922.4091332,1,-39,-20
1742097922.444133,-28,10,-24
1742097922.4791331,93,-53,3
1742097922.5151331,-56,-41,-26
1742097922.5511332,-54,34,-50
1742097922.586133,65,-59,71
1742097922.622133,-34,-35,-140
1742097922.657133,-6,82,51
1742097922.6921332,-36,-3,-2
1742097922.727133,17,-75,-50
1742097922.763133,-30,42,0
1742097922.799133,-96,74,-164
1742097922.8341331,21,16,-106
1742097922.8701332,-26,16,-80
1742097922.905133,21,-45,-108
1742097922.940133,11,-121,-108
1742097922.9751332,-26,-59,-16
1742097923.0111332,35,30,-46
1742097923.047133,-8,2,-12
1742097923.082133,-2,-3,161
1742097923.118133,57,-29,-94
1742097923.1531332,93,4,-52
1742097923.188133,3,-83,61
1742097923.223133,11,34,-88
1742097923.259133,15,2,-40
1742097923.295133,69,-21,-134
1742097923.3301332,33,-39,-78
1742097923.366133,19,6,-134
1742097923.401133,-90,-61,-8
1742097923.4361331,13,-21,-70
1742097923.471133,21,24,71
1742097923.507133,-60,4,-74
1742097923.543133,-10,56,-90
1742097923.578133,3,-19,-102
1742097923.6141331,-60,-5,-178
1742097923.649133,69,40,-64
1742097923.684133,71,-19,153
1742097923.7191331,-38,48,15
1742097923.7551332,-36,22,9
1742097923.7911332,19,-37,117
1742097923.826133,-38,0,-8
1742097923.869133,3,72,-70
1742097923.905133,49,-31,-94
1742097923.940133,81,0,11
1742097923.9751332,69,-9,-50
1742097924.0111332,45,-31,19
1742097924.047133,-48,46,-72
1742097924.082133,11,18,53
1742097924.118133,-2,-21,21
1742097924.1531332,69,-29,-6
1742097924.188133,81,-25,15
1742097924.223133,-36,-61,43
1742097924.259133,-46,32,-80
1742097924.295133,-42,34,41
1742097924.3301332,-2,-95,-20
1742097924.366133,41,38,23
1742097924.401133,-36,-5,-50
1742097924.4361331,-30,-19,-166
1742097924.471133,57,-13,-14
1742097924.507133,61,-3,-102
1742097924.543133,-54,-31,29
1742097924.578133,-26,-9,33
1742097924.6141331,-52,24,33
1742097924.649133,-84,16,-34
1742097924.684133,67,88,35
1742097924.7191331,57,32,117
1742097924.7551332,55,-79,-52
1742097924.7911332,0,22,3
1742097924.826133,-72,12,-178
1742097924.862133,31,4,-100
1742097924.897133,45,-35,1
1742097924.9321332,91,78,-94
1742097924.967133,-34,-41,-100
1742097925.003133,0,24,-40
1742097925.039133,-4,42,27
1742097925.0741332,-76,-103,-94
1742097925.1101332,5,44,-98
1742097925.145133,37,2,-58
1742097925.180133,-26,-15,11
1742097925.2151332,33,14,-82
1742097925.251133,71,-3,-78
1742097925.287133,-36,10,-42
1742097925.322133,-24,-63,1
1742097925.358133,101,60,-112
1742097925.3931332,9,14,41
1742097925.428133,-37,-31,-48
1742097925.463133,11,-17,-46
1742097925.499133,5,-17,-28
1742097925.5351331,-30,6,-2
1742097925.570133,12,-11,39
1742097925.606133,1,14,-64
1742097925.641133,-22,38,-14
1742097925.6761332,-17,86,37
1742097925.7121332,78,16,-22
1742097925.747133,-17,-13,-78
1742097925.783133,26,28,17
1742097925.818133,-23,-27,-68
1742097925.8541331,-57,16,-82
1742097925.889133,-31,-43,-86
1742097925.924133,68,62,-10
1742097925.960133,-19,8,29
1742097925.9951332,-77,36,-62
1742097926.0311332,86,-57,-66
1742097926.066133,-29,-3,-94
1742097926.102133,44,14,-122
1742097926.1371331,6,6,43
1742097926.172133,38,22,-90
1742097926.208133,12,-17,71
1742097926.243133,36,12,-64
1742097926.279133,22,68,5
1742097926.3141332,-81,36,-22
1742097926.3501332,-33,18,-38
1742097926.385133,92,-33,-78
1742097926.420133,-17,-17,-140
1742097926.4561331,-83,-79,17
1742097926.491133,-45,12,-38
1742097926.527133,26,22,-142
1742097926.562133,8,74,-68
1742097926.598133,-99,52,33
1742097926.6331332,-35,8,-16
1742097926.668133,4,-61,-64
1742097926.704133,-103,10,69
1742097926.7391331,16,-11,-8
1742097926.7751331,0,-25,-84
1742097926.810133,34,-9,29
1742097926.846133,-54,-99,-12
1742097926.881133,-26,0,-142
1742097926.9161332,51,-19,-120
1742097926.9521332,-8,-45,-48
1742097926.987133,-18,-17,0
1742097927.023133,1,-37,5
1742097927.0581331,-2,-11,-44
1742097927.0941331,-41,-43,0
1742097927.129133,-37,4,121
1742097927.164133,-61,-45,-70
1742097927.200133,-12,-1,-10
1742097927.2351332,41,-17,-74
1742097927.2711332,-4,12,47
1742097927.306133,3,18,-124
1742097927.342133,-16,-11,-50
1742097927.3771331,-18,-61,-40
1742097927.412133,45,-15,-82
1742097927.448133,19,34,-78
1742097927.483133,-14,48,-72
1742097927.519133,1,-31,-20
1742097927.5541332,57,-11,63
1742097927.5901332,11,34,95
1742097927.625133,-40,-45,5
1742097927.6601331,9,16,57
1742097927.6961331,25,-9,-20
1742097927.731133,-38,-9,-92
1742097927.767133,9,4,-104
1742097927.802133,25,-5,-130
1742097927.838133,21,-11,5
1742097927.8731332,-78,-1,-36
1742097927.908133,-42,46,-96
1742097927.944133,27,-45,-94
1742097927.9791331,17,-83,-38
1742097928.0151331,-22,-63,27
1742097928.050133,13,36,-104
1742097928.086133,49,-1,-58
1742097928.122133,-28,24,-86
1742097928.158133,-12,2,-32
1742097928.193133,-30,-23,-34
1742097928.2281332,53,-51,-110
1742097928.264133,9,24,-16
1742097928.299133,-20,4,-8
1742097928.335133,23,-11,-74
1742097928.3701332,-4,40,-2
1742097928.405133,-70,-33,131
1742097928.440133,13,-45,3
1742097928.476133,17,-13,-24
1742097928.5121331,-30,14,17
1742097928.547133,-20,-67,-128
1742097928.583133,-32,-15,-30
1742097928.618133,1,-3,-50
1742097928.6531332,35,30,1
1742097928.688133,13,-23,-30
1742097928.724133,39,16,-46
1742097928.760133,-40,-19,-64
1742097928.795133,5,-17,-104
1742097928.8311331,-90,-23,-92
1742097928.866133,-2,24,-56
1742097928.901133,1,-1,-60
1742097928.9361331,17,-9,-36
1742097928.9721332,11,18,27
1742097929.0081332,-14,-21,47
1742097929.043133,15,-21,-68
1742097929.079133,-52,4,-18
1742097929.1141331,24,-35,-70
1742097929.149133,-1,16,61
1742097929.184133,-5,-107,-86
1742097929.220133,76,6,-86
1742097929.256133,8,14,-72
1742097929.2911332,22,60,-72
1742097929.3271332,-29,-29,-86
1742097929.362133,-93,-11,-84
1742097929.397133,0,-8,-14
1742097929.4321332,54,-38,-112
1742097929.468133,26,2,-12
1742097929.504133,10,11,-78
1742097929.539133,4,-63,17
1742097929.575133,72,-41,-2
1742097929.6101332,-39,20,27
1742097929.645133,-31,-47,87
1742097929.680133,6,10,-168
1742097929.716133,-23,26,-80
1742097929.7521331,82,-39,-8
1742097929.787133,18,16,-68
1742097929.823133,-41,-15,21
1742097929.858133,50,29,-64
1742097929.8931332,-63,-7,-2
1742097929.928133,16,-59,-76
1742097929.964133,-3,-73,-24
1742097930.000133,-95,-43,37
1742097930.0351331,10,10,-36
1742097930.0711331,-1,-45,3
1742097930.106133,38,72,25
1742097930.141133,-29,32,-104
1742097930.1761332,10,-1,-102
1742097930.2121332,-39,20,-130
1742097930.2481332,28,-35,39
1742097930.283133,-37,-57,-41
1742097930.319133,-51,-31,-139
1742097930.3541331,-21,12,14
1742097930.389133,-3,20,-1
1742097930.424133,-31,-35,-23
1742097930.460133,-55,56,-75
1742097930.496133,46,-47,-23
1742097930.5311332,36,58,-51
1742097930.5671332,100,-35,-145
1742097930.602133,22,-21,-17
1742097930.6371331,6,-9,-99
1742097930.672133,56,-17,20
1742097930.708133,20,-31,18
1742097930.744133,30,-1,-147
1742097930.779133,32,-59,16
1742097930.815133,48,34,-65
1742097930.8501332,52,28,-37
1742097930.885133,-9,16,-107
1742097930.920133,61,28,22
1742097930.9561331,-10,6,-3
1742097930.9921331,7,-39,-31
1742097931.027133,17,-7,-43
1742097931.063133,-30,2,-31
1742097931.098133,-34,42,-57
1742097931.1331332,93,-1,92
1742097931.168133,-14,-35,-87
1742097931.204133,-22,34,-11
1742097931.240133,63,-35,-45
1742097931.2751331,63,-19,-107
1742097931.3111331,39,28,-105
1742097931.346133,33,66,-63
1742097931.381133,-20,-15,-93
1742097931.4161332,17,20,-103
1742097931.4521332,27,44,-67
1742097931.4881332,-2,-39,0
1742097931.523133,5,-27,20
1742097931.559133,-76,0,-77
1742097931.5941331,-37,-61,-99
1742097931.629133,-23,-15,-19
1742097931.664133,-7,-95,-49
1742097931.700133,10,12,4
1742097931.736133,68,34,-71
1742097931.7711332,-1,2,-33
1742097931.8071332,60,14,-13
1742097931.842133,87,56,-95
1742097931.8771331,0,10,-79
1742097931.912133,-23,78,-93
1742097931.948133,67,-7,-77
1742097931.984133,82,24,-7
1742097932.019133,-13,-21,-1
1742097932.055133,-27,-13,-37
1742097932.0901332,-17,-13,-91
1742097932.125133,76,50,-31
1742097932.1601331,-73,70,34
1742097932.1961331,40,10,-23
1742097932.2321332,0,6,90
1742097932.267133,54,-79,-31
1742097932.303133,24,-57,-27
1742097932.338133,-63,-27,-7
1742097932.3731332,-5,-3,-35
1742097932.408133,28,68,-17
1742097932.444133,-21,-19,48
1742097932.480133,28,14,-97
1742097932.5151331,50,-41,-9
1742097932.5511332,46,-11,12
1742097932.586133,-19,-31,-27
1742097932.621133,-37,-43,10
1742097932.657133,-14,22,-33
1742097932.693133,8,-3,-109
1742097932.7291331,24,36,-9
1742097932.764133,96,18,-63
1742097932.800133,-61,-51,-7
1742097932.835133,26,52,-73
1742097932.871133,-46,-22,-27
1742097932.9061332,-96,-38,142
1742097932.941133,-6,-12,-9
1742097932.977133,-12,32,22
1742097933.0121331,-8,26,-1
1742097933.0481331,11,35,12
1742097933.083133,13,-19,-41
1742097933.119133,5,-18,-145
1742097933.154133,27,-6,-97
1742097933.1891332,-16,-48,8
1742097933.2251332,-42,41,-41
1742097933.260133,-44,33,-35
1742097933.296133,45,-76,-7
1742097933.3311331,69,69,32
1742097933.3671331,-62,14,-129
1742097933.402133,70,-12,88
1742097933.437133,-32,-2,38
1742097933.473133,-8,-6,-55
1742097933.5081332,48,-44,-49
1742097933.5441332,17,-3,20
1742097933.579133,-70,-30,-139
1742097933.615133,20,-3,-5
1742097933.6501331,64,14,-143
1742097933.685133,-14,30,-7
1742097933.721133,-38,20,-57
1742097933.756133,4,10,-97
1742097933.792133,-27,4,-57
1742097933.8271332,-19,-3,-27
1742097933.869133,22,-99,-67
1742097933.905133,64,-57,66
1742097933.941133,62,54,30
1742097933.977133,-57,12,-13
1742097934.0121331,28,-37,74
1742097934.0481331,74,-23,-49
1742097934.083133,20,10,-21
1742097934.119133,66,-69,-61
1742097934.154133,8,4,-19
1742097934.1891332,-27,-57,34
1742097934.2251332,30,-1,-81
1742097934.260133,4,-47,-123
1742097934.296133,72,-41,6
1742097934.3311331,-39,32,-15
1742097934.3671331,-23,0,-45
1742097934.402133,62,-29,-1
1742097934.437133,60,-15,-85
1742097934.473133,-9,32,-101
1742097934.5081332,2,-67,66
1742097934.5441332,-21,-17,-7
1742097934.579133,14,32,-21
1742097934.615133,-45,-25,-7
1742097934.6501331,-45,46,-57
1742097934.685133,4,60,-163
1742097934.721133,2,2,-35
1742097934.756133,86,84,-17
1742097934.792133,-61,-31,-17
1742097934.8271332,18,36,-9
1742097934.8631332,8,40,-91
1742097934.898133,86,36,-39
1742097934.9331331,20,-77,-13
1742097934.9691331,-9,-67,-21
1742097935.004133,68,38,6
1742097935.040133,-23,-1,38
1742097935.075133,10,2,-21
1742097935.1101332,64,-17,4
1742097935.145133,2,-57,-33
1742097935.181133,38,4,4
1742097935.217133,-23,38,-13
1742097935.2521331,92,42,-55
1742097935.2881331,-23,-57,-89
1742097935.323133,-127,56,-39
1742097935.358133,4,-25,84
1742097935.3931332,-19,8,-33
1742097935.4291332,-5,-17,0
1742097935.4651332,70,-21,-15
1742097935.500133,-29,-39,-13
1742097935.536133,40,-5,-115
1742097935.5711331,50,-25,68
1742097935.606133,24,36,-21
1742097935.641133,-39,-3,-137
1742097935.677133,36,-75,42
1742097935.713133,-31,80,-13
1742097935.7481332,46,30,-39
1742097935.7841332,36,4,42
1742097935.819133,20,-21,-67
1742097935.8541331,-69,88,0
1742097935.889133,6,48,26
1742097935.925133,44,-23,-37
1742097935.961133,40,14,-191
1742097935.996133,74,14,34
1742097936.032133,-99,-45,-11
1742097936.0671332,36,-59,-51
1742097936.102133,-47,-1,14
1742097936.1371331,-49,-3,-29
1742097936.1731331,30,62,-45
1742097936.2091331,-43,-67,-97
1742097936.244133,32,46,-31
1742097936.280133,30,-23,30
1742097936.315133,-22,34,-45
1742097936.3501332,55,-1,-81
1742097936.385133,-8,-23,-37
1742097936.421133,-60,-25,-1
1742097936.457133,-64,-13,22
1742097936.4921331,-35,22,-95
1742097936.5281332,40,44,-101
1742097936.563133,-7,-13,-113
1742097936.598133,-43,38,-115
1742097936.6331332,24,18,-99
1742097936.6691332,30,-3,-17
1742097936.7051332,20,4,36
1742097936.740133,6,-73,-123
1742097936.776133,-99,-71,-155
1742097936.8111331,-49,4,-115
1742097936.846133,-5,-41,34
1742097936.881133,22,-21,-45
1742097936.917133,64,-5,-67
1742097936.953133,32,60,-111
1742097936.9881332,78,28,-11
1742097937.024133,8,-39,-51
1742097937.059133,66,58,-13
1742097937.0941331,-79,8,124
1742097937.129133,-31,-11,64
1742097937.165133,-53,-3,-83
1742097937.201133,2,46,-1
1742097937.236133,-9,-21,-27
1742097937.272133,44,-69,-87
1742097937.3071332,46,92,-19
1742097937.342133,-75,38,-133
1742097937.3771331,14,2,-105
1742097937.4131331,18,-15,-1
1742097937.4491332,-37,-33,-139
1742097937.484133,20,18,-127
1742097937.520133,-45,0,2
1742097937.555133,-9,-5,-11
1742097937.5901332,-21,78,-65
1742097937.625133,-41,-59,0
1742097937.661133,32,8,34
1742097937.697133,22,-83,-63
1742097937.7321332,8,-11,-185
1742097937.7681332,6,-41,-119
1742097937.803133,6,30,-25
1742097937.838133,48,-49,-91
1742097937.8731332,48,-9,-89
1742097937.9091332,26,-25,-137
1742097937.945133,-32,-7,-75
1742097937.980133,31,116,-119
1742097938.016133,-16,-19,-15
1742097938.0511332,1,-27,4
1742097938.086133,-62,52,118
1742097938.121133,-4,-5,-89
1742097938.157133,61,-87,-31
1742097938.193133,-44,0,4
1742097938.2281332,-59,-63,60
1742097938.264133,-7,74,30
1742097938.299133,85,-59,46
1742097938.3341331,-65,12,-75
1742097938.369133,46,10,-59
1742097938.405133,24,0,2
1742097938.441133,-21,90,-27
1742097938.476133,-3,-39,-123
1742097938.5121331,-33,8,-47
1742097938.547133,88,-15,-55
1742097938.582133,-33,-1,-121
1742097938.6171331,-41,-47,-29
1742097938.6531332,0,-3,-47
1742097938.6891332,48,72,18
1742097938.724133,-9,-33,-17
1742097938.760133,44,-51,-43
1742097938.795133,-5,92,-45
1742097938.8301332,-88,64,-17
1742097938.865133,10,-5,24
1742097938.901133,-25,22,-59
1742097938.937133,78,40,-1
1742097938.9721332,36,70,-29
1742097939.0081332,-1,-55,44
1742097939.043133,0,-13,32
1742097939.078133,34,2,-25
1742097939.1131332,68,34,24
1742097939.149133,24,34,-45
1742097939.185133,-3,-21,-5
1742097939.220133,56,-63,-35
1742097939.256133,0,-5,-15
1742097939.2911332,56,30,-49
1742097939.326133,-19,-35,-115
1742097939.361133,-25,-61,-51
1742097939.397133,-7,-33,-35
1742097939.4331331,44,26,-153
1742097939.468133,62,20,-127
1742097939.504133,-3,-51,16
1742097939.539133,-57,8,-33
1742097939.5741332,-49,28,-97
1742097939.6101332,-19,64,-53
1742097939.645133,42,20,-163
1742097939.681133,22,30,20
1742097939.716133,64,68,-25
1742097939.7521331,68,12,72
1742097939.787133,-8,2,20
1742097939.822133,1,-21,-105
1742097939.858133,7,-5,-5
1742097939.8931332,79,2,-9
1742097939.9291332,17,-23,2
1742097939.964133,-20,42,-163
1742097940.000133,-24,2,48
1742097940.0351331,-26,50,32
1742097940.070133,6,0,-107
1742097940.106133,40,-12,60
1742097940.141133,56,36,-21
1742097940.177133,-20,26,-21
1742097940.2121332,34,-40,24
1742097940.2481332,-100,-64,-23
1742097940.283133,19,53,-5
1742097940.318133,31,-30,-103
1742097940.3541331,-10,-64,-77
1742097940.389133,-36,22,84
1742097940.425133,9,-17,-40
1742097940.460133,33,75,-143
1742097940.496133,-2,19,52
1742097940.5311332,5,-22,-58
1742097940.566133,-54,-50,13
1742097940.602133,31,35,-114
1742097940.6371331,-18,-24,3
1742097940.6731331,-24,81,7
1742097940.708133,49,-48,79
1742097940.744133,49,-16,-30
1742097940.779133,85,1,-128
1742097940.8141332,53,17,9
1742097940.8501332,19,-42,-18
1742097940.885133,-74,-6,-12
1742097940.921133,-76,35,-54
1742097940.9561331,47,-2,-42
1742097940.9921331,53,-34,-18
1742097941.027133,83,29,-46
1742097941.062133,29,-38,-6
1742097941.098133,-4,-8,-198
1742097941.1331332,25,61,-224
1742097941.1691332,7,23,35
1742097941.204133,3,49,-70
1742097941.240133,43,0,-50
1742097941.2751331,81,-26,-40
1742097941.310133,-4,57,-96
1742097941.346133,25,-62,-4
1742097941.381133,-14,15,5
1742097941.417133,-44,29,43
1742097941.4521332,23,-36,-56
1742097941.4881332,-50,-26,-22
1742097941.523133,33,-20,-68
1742097941.5581331,105,25,-38
1742097941.5941331,-4,51,89
1742097941.629133,21,-2,-54
1742097941.665133,-52,35,-174
1742097941.700133,69,-56,-84
1742097941.736133,11,-58,-24
1742097941.7711332,69,25,-124
1742097941.806133,-8,-60,23
1742097941.842133,-44,5,-80
1742097941.8771331,63,43,13
1742097941.9131331,-18,35,-38
1742097941.948133,-48,15,10
1742097941.984133,39,11,27
1742097942.020133,11,7,75
1742097942.055133,-64,63,-30
1742097942.0901332,29,-44,5
1742097942.126133,7,23,5
1742097942.162133,27,-12,-100
1742097942.197133,61,-76,-128
1742097942.233133,-46,-8,3
1742097942.2681332,-21,37,-50
1742097942.303133,-13,27,-68
1742097942.338133,34,-10,-108
1742097942.374133,52,25,-60
1742097942.4101331,104,59,-70
1742097942.445133,10,15,-184
1742097942.481133,16,-62,-210
1742097942.516133,-3,15,73
1742097942.5511332,8,67,-130
1742097942.586133,-5,-6,-108
1742097942.622133,52,-22,-60
1742097942.658133,36,37,15
1742097942.693133,-23,-11,9
1742097942.7291331,-17,24,-64
1742097942.764133,66,0,-36
1742097942.799133,74,46,-100
1742097942.8341331,-17,-17,-34
1742097942.8701332,-49,0,-24
1742097942.9061332,40,6,-36
1742097942.941133,-39,-60,-40
1742097942.977133,38,51,-18
1742097943.0121331,-3,10,-48
1742097943.047133,-13,62,-62
1742097943.082133,32,-11,0
1742097943.118133,-35,82,27
1742097943.154133,-27,24,-10
1742097943.1891332,-49,10,-142
1742097943.2251332,34,-21,23
1742097943.260133,50,-57,15
1742097943.295133,16,42,85
1742097943.3301332,-3,-33,-64
1742097943.366133,94,42,27
1742097943.402133,-17,-9,-50
1742097943.437133,4,48,85
1742097943.473133,92,18,-70
1742097943.5081332,-11,-33,-140
1742097943.543133,-31,106,-24
1742097943.578133,72,-29,-22
1742097943.6141331,-13,-57,-50
1742097943.6501331,-13,20,41
1742097943.685133,54,24,-54
1742097943.721133,2,74,-66
1742097943.756133,-3,-57,-26
1742097943.7911332,-67,94,5
1742097943.826133,-11,-23,-38
1742097943.862133,-9,-29,-80
1742097943.905133,-11,46,-2
1742097943.941133,56,2,-24
1742097943.977133,-63,4,19
1742097944.0121331,-11,42,-52
1742097944.047133,14,32,69
1742097944.082133,-21,42,39
1742097944.118133,-23,44,-30
1742097944.154133,10,32,-50
1742097944.1891332,-1,-13,-152
1742097944.2251332,14,30,-118
1742097944.260133,26,14,-46
1742097944.295133,4,50,-2
1742097944.3301332,-35,12,-56
1742097944.366133,-45,-71,13
1742097944.402133,-17,-25,-94
1742097944.437133,-53,8,-96
1742097944.473133,28,-67,-42
1742097944.5081332,-13,-27,-68
1742097944.543133,40,-21,-82
1742097944.578133,-7,72,89
1742097944.6141331,56,30,-8
1742097944.6501331,-7,-63,-16
1742097944.685133,64,34,-42
1742097944.721133,-35,-17,151
1742097944.756133,74,-5,-2
1742097944.7911332,-3,-5,33
1742097944.826133,-77,90,55
1742097944.862133,20,-27,49
1742097944.898133,-31,46,-64
1742097944.9331331,24,58,-74
1742097944.9691331,-27,-107,-72
1742097945.004133,-35,58,-130
1742097945.039133,68,-15,-16
1742097945.0741332,40,46,-94
1742097945.1101332,-23,-1,13
1742097945.1461332,26,68,-152
1742097945.181133,42,-67,-46
1742097945.217133,48,20,91
1742097945.2521331,14,40,37
1742097945.287133,-11,-47,33
1742097945.322133,42,-1,-46
1742097945.358133,-13,4,-136
1742097945.394133,-17,46,-24
1742097945.4291332,-25,4,59
1742097945.4651332,-63,22,85
1742097945.500133,8,36,-4
1742097945.5351331,-3,26,27
1742097945.570133,-7,48,-60
1742097945.606133,-19,78,-124
1742097945.642133,-1,-1,-160
1742097945.677133,-47,0,79
1742097945.713133,34,62,-32
1742097945.7481332,-41,48,-30
1742097945.783133,42,28,-122
1742097945.818133,-5,8,55
1742097945.8541331,0,-39,-68
1742097945.8901331,18,-53,-10
1742097945.925133,-43,68,-128
1742097945.961133,-65,-7,-36
1742097945.996133,-81,-37,-92
1742097946.0311332,12,8,-22
1742097946.066133,6,-57,-112
1742097946.102133,-15,26,-78
1742097946.138133,-41,28,-40
1742097946.1731331,24,-27,-142
1742097946.2091331,-47,26,-16
1742097946.244133,40,132,0
1742097946.279133,-63,56,31
1742097946.315133,-25,20,-96
1742097946.3501332,48,-41,-18
1742097946.3861332,-11,22,-12
1742097946.421133,38,16,-130
1742097946.457133,50,34,-56
1742097946.4921331,6,4,-54
1742097946.527133,-139,40,117
1742097946.563133,20,-35,-40
1742097946.598133,-23,-85,53
1742097946.634133,28,16,27
1742097946.6691332,-119,32,7
1742097946.7051332,-49,18,-94
1742097946.740133,92,-1,-102
1742097946.7751331,100,56,-56
1742097946.8111331,30,26,-62
1742097946.846133,-19,2,1
1742097946.882133,-13,58,-58
1742097946.917133,-73,-87,-20
1742097946.953133,-29,0,-106
1742097946.9881332,48,72,-14
1742097947.023133,-39,-3,-98
1742097947.059133,18,16,-106
1742097947.0941331,50,36,-20
1742097947.1301332,20,34,83
1742097947.165133,-85,44,-76
1742097947.201133,-3,12,7
1742097947.236133,64,-71,11
1742097947.2711332,-51,12,-54
1742097947.3071332,-31,12,-38
1742097947.342133,34,68,-18
1742097947.378133,70,16,-8
1742097947.4131331,88,-15,-60
1742097947.4491332,116,-29,-84
1742097947.484133,-23,-19,79
1742097947.519133,40,-9,-40
1742097947.555133,42,16,-102
1742097947.5901332,-63,-1,19
1742097947.626133,84,-51,85
1742097947.661133,-61,36,73
1742097947.697133,-1,-33,113
1742097947.7321332,12,0,-88
1742097947.767133,-59,56,-70
1742097947.803133,42,-31,-36
1742097947.838133,0,-27,33
1742097947.874133,-11,-25,23
1742097947.9091332,26,36,-98
1742097947.945133,46,2,59
1742097947.980133,66,98,-38
1742097948.0151331,-33,18,-76
1742097948.0511332,28,-55,13
1742097948.086133,0,-45,-34
1742097948.122133,-33,30,-72
1742097948.157133,-21,14,7
1742097948.193133,-7,-73,-34
1742097948.2281332,-15,-13,-8
1742097948.263133,-45,4,-118
1742097948.299133,40,28,13
1742097948.3341331,6,-1,-128
1742097948.3701332,2,-25,43
1742097948.405133,-13,38,-72
1742097948.441133,-11,-3,-48
1742097948.476133,24,60,5
1742097948.5111332,-31,-31,-38
1742097948.547133,14,-3,-8
1742097948.582133,-21,-23,15
1742097948.618133,-5,14,-92
1742097948.6531332,-15,-43,-62
1742097948.6891332,26,-25,-16
1742097948.724133,22,-1,83
1742097948.759133,-33,-37,-98
1742097948.795133,54,38,9
1742097948.8301332,-43,-47,-6
1742097948.866133,40,10,-104
1742097948.901133,-19,58,45
1742097948.9361331,-15,-7,-8
1742097948.971133,34,-53,-54
1742097949.007133,-25,20,27
1742097949.043133,28,-69,17
1742097949.078133,-3,16,-94
1742097949.1141331,-15,2,-2
1742097949.149133,-17,4,-84
1742097949.184133,64,-33,-86
1742097949.2191331,12,-13,-44
1742097949.2551332,-37,-9,13
1742097949.2911332,-55,-15,49
1742097949.326133,20,70,31
1742097949.362133,-3,-25,-60
1742097949.397133,6,10,9
1742097949.4321332,26,44,-48
1742097949.467133,-23,-79,-90
1742097949.503133,-19,6,-10
1742097949.539133,-9,-27,23
1742097949.5741332,102,14,-72
1742097949.6101332,-19,34,-26
1742097949.645133,70,58,15
1742097949.680133,-27,26,37
1742097949.7151332,-7,-5,91
1742097949.751133,-5,-27,35
1742097949.787133,56,-21,-24
1742097949.822133,30,38,-64
1742097949.858133,50,30,-90
1742097949.8931332,-19,-25,-32
1742097949.928133,-73,-61,-66
1742097949.963133,20,34,-10
1742097949.999133,28,4,3
1742097950.0351331,46,14,13
1742097950.070133,16,80,-18
1742097950.106133,-17,-37,-72
1742097950.141133,50,-9,-54
1742097950.1761332,20,-59,83
1742097950.211133,-9,-23,-50
1742097950.247133,-1,-57,-8
1742097950.283133,-23,-43,-68
1742097950.318133,-41,18,-102
1742097950.3541331,6,62,89
1742097950.389133,12,-37,-64
1742097950.424133,-57,0,-52
1742097950.4591331,-81,68,35
1742097950.4951332,-35,62,-48
1742097950.5311332,-23,-43,-88
1742097950.566133,10,2,67
1742097950.602133,32,-17,21
1742097950.6371331,78,-9,-154
1742097950.672133,-15,52,53
1742097950.707133,-45,-15,-6
1742097950.743133,-59,-57,25
1742097950.779133,34,64,-8
1742097950.8141332,14,-59,5
1742097950.8501332,-25,-17,-66
1742097950.885133,-3,0,0
1742097950.920133,-57,-9,85
1742097950.9551332,62,-65,-20
1742097950.991133,-9,-19,-30
1742097951.027133,-15,-19,-46
1742097951.062133,30,8,-22
1742097951.098133,-51,66,155
1742097951.1331332,18,10,-144
1742097951.168133,-33,48,55
1742097951.203133,-13,20,0
1742097951.2391331,12,-35,-158
1742097951.2751331,4,-1,-30
1742097951.310133,20,-29,-80
1742097951.346133,12,38,39
1742097951.381133,-11,32,-8
1742097951.4161332,-57,-11,-82
1742097951.451133,-1,12,47
1742097951.487133,-59,-79,-132
1742097951.523133,22,-9,69
1742097951.5581331,-101,64,17
1742097951.5941331,-73,-1,-106
1742097951.629133,76,14,-8
1742097951.664133,46,-39,-142
1742097951.6991332,-15,66,-72
1742097951.7351332,24,66,-94
1742097951.7711332,48,-37,-8
1742097951.806133,8,34,15
1742097951.842133,18,48,-100
1742097951.8771331,-59,38,25
1742097951.912133,114,12,-42
1742097951.947133,-35,-7,49
1742097951.983133,66,64,107
1742097952.019133,10,-47,-42
1742097952.0541332,6,-7,67
1742097952.0901332,-25,8,75
1742097952.125133,-17,-82,-14
1742097952.1601331,4,-36,-16
1742097952.195133,30,14,0
1742097952.231133,46,59,-18
1742097952.267133,-41,86,-74
1742097952.302133,-15,-13,-48
1742097952.338133,22,-73,43
1742097952.3731332,80,-45,-76
1742097952.408133,-45,46,11
1742097952.443133,66,44,-152
1742097952.4791331,-43,-25,-72
1742097952.5151331,40,-6,-6
1742097952.550133,72,-3,51
1742097952.586133,62,5,-26
1742097952.621133,48,-7,-40
1742097952.6561332,90,28,13
1742097952.691133,-101,-67,-80
1742097952.727133,-27,46,-98
1742097952.763133,20,50,-4
1742097952.7981331,-57,-37,1
1742097952.8341331,12,-39,87
1742097952.869133,-3,-45,-76
1742097952.904133,-29,-27,-78
1742097952.9391332,-5,-27,-108
1742097952.9751332,-7,20,-80
1742097953.0111332,0,-1,-26
1742097953.046133,4,54,9
1742097953.082133,-27,10,-16
1742097953.1171331,36,-29,-90
1742097953.152133,-19,28,47
1742097953.188133,14,-9,-44
1742097953.223133,-37,-39,51
1742097953.259133,10,78,-104
1742097953.2941332,-27,48,7
1742097953.3301332,4,86,-38
1742097953.365133,-7,-49,-70
1742097953.4001331,-5,-5,63
1742097953.4361331,-31,0,-40
1742097953.471133,24,-3,133
1742097953.507133,94,10,21
1742097953.542133,152,26,-16
1742097953.578133,42,64,-118
1742097953.6131332,26,8,-116
1742097953.648133,-11,-7,23
1742097953.684133,-53,-13,-72
1742097953.7191331,16,-27,-56
1742097953.7551332,92,-35,-70
1742097953.790133,-31,88,-136
1742097953.826133,56,34,-26
1742097953.861133,88,-53,-62
1742097953.8961332,28,-33,-18
1742097953.9391332,-25,-23,-60
1742097953.9751332,-29,54,-42
1742097954.0111332,24,18,-20
1742097954.046133,-13,-33,47
1742097954.082133,-21,-15,-88
1742097954.1171331,-3,56,-160
1742097954.152133,4,-27,-16
1742097954.188133,54,30,-72
1742097954.223133,4,40,-84
1742097954.259133,36,2,35
1742097954.2941332,-19,42,-94
1742097954.3301332,-31,48,7
1742097954.365133,-21,-39,25
1742097954.4001331,-69,16,-24
1742097954.4361331,-83,-47,-124
1742097954.471133,-17,20,-62
1742097954.507133,-21,-15,-94
1742097954.542133,-19,48,-48
1742097954.578133,8,-75,25
1742097954.6131332,66,-81,29
1742097954.648133,-7,10,-16
1742097954.684133,40,10,-24
1742097954.7191331,-21,22,-56
1742097954.7551332,42,8,-72
1742097954.790133,50,34,-100
1742097954.826133,80,14,-2
1742097954.861133,30,-5,-50
1742097954.8961332,22,48,9
1742097954.9321332,-3,16,-84
1742097954.967133,32,-23,-82
1742097955.003133,-99,-59,-88
1742097955.0381331,4,-9,23
1742097955.0741332,-23,-11,7
1742097955.109133,-25,56,-62
1742097955.144133,-29,-13,-58
1742097955.180133,-37,138,57
1742097955.2151332,-37,-37,-54
1742097955.251133,-23,28,3
1742097955.286133,22,-91,-70
1742097955.322133,18,68,-68
1742097955.3571332,6,46,-38
1742097955.392133,-33,64,9
1742097955.428133,-25,8,-80
1742097955.463133,-47,34,-84
1742097955.499133,26,22,-114
1742097955.5341332,-33,-33,-26
1742097955.570133,46,-47,5
1742097955.605133,-35,-59,47
1742097955.6401331,-73,8,11
1742097955.6761332,8,-49,-44
1742097955.711133,-23,18,0
1742097955.747133,-1,26,-132
1742097955.782133,38,8,-182
1742097955.8171332,-71,74,41
1742097955.852133,-21,70,-10
1742097955.888133,-37,-53,-102
1742097955.924133,10,16,35
1742097955.9591331,30,-87,-94
1742097955.9951332,100,24,-102
1742097956.030133,10,-59,-88
1742097956.065133,38,80,31
1742097956.1001332,42,56,-28
1742097956.1361332,-11,40,-76
1742097956.172133,24,48,-98
1742097956.207133,26,-3,25
1742097956.243133,-33,54,-128
1742097956.2781332,16,0,29
1742097956.313133,2,38,123
1742097956.348133,-29,-39,63
1742097956.384133,8,34,-12
1742097956.420133,-69,10,11
1742097956.4551332,18,30,-68
1742097956.491133,-73,-39,-88
1742097956.526133,-19,102,-84
1742097956.5611331,-23,-19,-50
1742097956.596133,12,86,75
1742097956.632133,64,8,3
1742097956.668133,-11,-55,-30
1742097956.703133,18,-55,-16
1742097956.7391331,12,-43,11
1742097956.774133,-11,24,27
1742097956.809133,-85,-17,-106
1742097956.8441331,-19,50,-10
1742097956.8801332,22,-15,-34
1742097956.9161332,24,42,-168
1742097956.951133,50,-25,-110
1742097956.987133,10,-7,-20
1742097957.022133,46,44,-12
1742097957.0571332,0,-9,15
1742097957.092133,20,-15,-52
1742097957.128133,-5,104,-30
1742097957.164133,-97,64,-66
1742097957.1991332,-55,-57,-20
1742097957.2351332,-37,34,5
1742097957.270133,26,42,-84
1742097957.305133,14,24,-14
1742097957.3401332,-33,16,5
1742097957.376133,10,-57,-32
1742097957.412133,-69,-3,99
1742097957.447133,38,-107,-96
1742097957.483133,58,8,-112
1742097957.5181332,-17,36,41
1742097957.553133,0,-59,-86
1742097957.588133,26,36,-162
1742097957.624133,18,-39,-4
1742097957.6601331,-135,-1,-106
1742097957.695133,64,-23,-4
1742097957.731133,-117,-21,-4
1742097957.766133,-65,-25,-14
1742097957.8011332,-1,-61,21
1742097957.836133,32,-27,-182
1742097957.872133,108,-13,-69
1742097957.908133,18,40,8
1742097957.943133,-3,-15,106
1742097957.9791331,84,36,-19
1742097958.014133,-11,56,28
1742097958.049133,42,32,-29
1742097958.0841331,54,-45,-45
1742097958.1201332,40,-1,-109
1742097958.1561332,-71,20,-47
1742097958.191133,16,8,-39
1742097958.227133,-25,32,-61
1742097958.2621331,6,14,-71
1742097958.297133,38,40,-45
1742097958.332133,-59,56,-71
1742097958.368133,48,-55,32
1742097958.404133,-52,12,-47
1742097958.4391332,25,-29,-95
1742097958.4751332,0,-7,-165
1742097958.510133,1,-23,64
1742097958.545133,-84,10,-95
1742097958.5801332,-54,-21,-73
1742097958.616133,23,54,-93
1742097958.652133,-26,-5,-33
1742097958.687133,-28,-31,-49
1742097958.723133,-20,-33,-107
1742097958.7581332,-70,66,52
1742097958.793133,21,40,-87
1742097958.828133,39,-51,-97
1742097958.8641331,61,-5,38
1742097958.9001331,53,14,-83
1742097958.935133,33,-17,-145
1742097958.971133,77,-9,-23
1742097959.006133,-8,-1,-59
1742097959.0411332,-78,-29,-3
1742097959.076133,-6,12,-11
1742097959.112133,-40,2,34
1742097959.148133,19,20,22
1742097959.1831331,-126,-3,4
1742097959.2191331,3,28,-25
1742097959.254133,25,24,26
1742097959.289133,19,-31,-9
1742097959.3241332,7,8,-27
1742097959.3601332,-2,-47,-47
1742097959.3961332,-18,-59,4
1742097959.431133,21,16,-83
1742097959.467133,-26,-37,12
1742097959.5021331,-59,-65,-151
1742097959.537133,24,-41,36
1742097959.572133,-17,44,14
1742097959.608133,62,0,-157
1742097959.644133,-11,-45,-123
1742097959.6791332,48,24,80
1742097959.7151332,62,100,-91
1742097959.750133,4,10,18
1742097959.7851331,42,-71,72
1742097959.820133,34,0,-67
1742097959.856133,16,-73,-59
1742097959.892133,48,-15,0
1742097959.927133,58,-37,-115
1742097959.963133,-21,-27,-15
1742097959.9981332,-15,46,-85
1742097960.033133,6,-69,-141
1742097960.069133,-38,-7,-29
1742097960.1041331,-94,20,-141
1742097960.1401331,-31,70,-83
1742097960.175133,-11,-7,44
1742097960.211133,-39,8,-97
1742097960.246133,24,-53,-23
1742097960.2811332,-73,-45,-9
1742097960.3171332,-4,-53,12
1742097960.352133,-102,-5,54
1742097960.388133,-53,0,-173
1742097960.4231331,-9,-71,98
1742097960.4591331,2,8,-105
1742097960.494133,-57,8,-91
1742097960.529133,-91,24,0
1742097960.565133,-33,-63,-57
1742097960.6001332,-17,-9,-7
1742097960.6361332,-33,2,144
1742097960.671133,78,0,-71
1742097960.707133,-51,-47,24
1742097960.7421331,86,22,-31
1742097960.777133,-2,28,-131
1742097960.813133,-73,14,74
1742097960.848133,-43,-35,-153
1742097960.884133,-54,-3,-67
1742097960.9191332,48,76,32
1742097960.9551332,37,-11,-17
1742097960.990133,35,-5,56
1742097961.0251331,25,-23,54
1742097961.0611331,-26,-5,-47
1742097961.096133,41,20,-93
1742097961.132133,-12,-29,-45
1742097961.167133,1,80,-91
1742097961.203133,37,-39,6
1742097961.2381332,-40,28,-95
1742097961.273133,-28,-49,-49
1742097961.309133,-22,-17,32
1742097961.3441331,89,20,30
1742097961.3801332,119,-7,20
1742097961.415133,-66,26,-15
1742097961.451133,71,42,-73
1742097961.486133,1,-23,28
1742097961.5211332,27,-1,52
1742097961.5571332,13,-37,-89
1742097961.592133,-62,-9,-55
1742097961.628133,27,-9,-203
1742097961.6631331,-16,-47,-11
1742097961.6991332,-58,-31,-39
1742097961.734133,11,-33,30
1742097961.769133,-66,-65,-67
1742097961.805133,-52,-7,24
1742097961.8401332,13,-25,-31
1742097961.876133,103,-15,64
1742097961.911133,93,-43,-77
1742097961.947133,-10,-47,10
1742097961.9821332,15,26,26
1742097962.017133,39,-9,-43
1742097962.053133,-58,-91,-17
1742097962.088133,-34,-15,-5
1742097962.124133,67,-21,14
1742097962.1591332,-28,-23,-11
1742097962.195133,69,-5,36
1742097962.230133,53,-37,24
1742097962.2651331,-8,-65,-97
1742097962.3011332,53,32,-57
1742097962.336133,-38,52,18
1742097962.372133,5,6,-89
1742097962.407133,-46,-15,-137
1742097962.4421332,139,8,-11
1742097962.477133,-36,-21,-129
1742097962.513133,-28,34,-107
1742097962.549133,-28,48,50
1742097962.5841331,-26,52,52
1742097962.6201332,-56,-29,-77
1742097962.655133,-8,6,34
1742097962.690133,-48,-31,-175
1742097962.7251332,-32,42,16
1742097962.7611332,5,-55,2
1742097962.797133,57,18,0
1742097962.832133,73,46,-35
1742097962.868133,-118,-23,-93
1742097962.9031332,-56,20,52
1742097962.938133,-2,4,-69
1742097962.973133,-44,-53,16
1742097963.009133,51,-53,-23
1742097963.045133,35,36,-43
1742097963.0801332,-28,-51,-143
1742097963.116133,43,-1,44
1742097963.151133,-38,12,-73
1742097963.1861331,103,-21,4
1742097963.221133,-58,26,56
1742097963.257133,33,-21,28
1742097963.293133,55,44,-113
1742097963.328133,21,-27,-23
1742097963.3641331,-96,-55,-77
1742097963.399133,-44,-35,14
1742097963.434133,-14,64,-5
1742097963.4691331,-18,10,-109
1742097963.5051332,23,-23,-49
1742097963.5411332,-2,64,-19
1742097963.576133,-20,28,46
1742097963.612133,-48,38,-13
1742097963.647133,-32,14,30
1742097963.6821332,-50,-33,-59
1742097963.717133,119,22,92
1742097963.753133,-12,52,-207
1742097963.789133,3,-33,-49
1742097963.8241332,67,20,-35
1742097963.8601332,53,-31,46
1742097963.895133,-62,-69,12
1742097963.930133,21,-25,8
1742097963.973133,69,38,54
1742097964.009133,-10,12,-63
1742097964.045133,33,4,-23
1742097964.0801332,27,-97,-55
1742097964.116133,0,-15,-35
1742097964.151133,7,16,12
1742097964.1861331,57,-67,-61
1742097964.221133,23,-27,18
1742097964.257133,-16,18,98
1742097964.293133,16,-57,-51
1742097964.328133,12,-1,40
1742097964.3641331,-3,10,-113
1742097964.399133,74,-33,-2
1742097964.434133,-33,20,21
1742097964.4691331,-49,-39,-22
1742097964.5051332,-59,32,-24
1742097964.5411332,46,34,-6
1742097964.576133,48,-13,-40
1742097964.612133,18,48,-44
1742097964.647133,0,-67,-60
1742097964.6821332,12,2,-16
1742097964.717133,-11,-29,-16
1742097964.753133,-61,-31,-60
1742097964.789133,32,0,-16
1742097964.8241332,8,-3,-12
1742097964.8601332,4,48,39
1742097964.895133,14,16,-64
1742097964.930133,-81,42,-18
1742097964.9651332,-49,30,-60
1742097965.001133,-29,-23,-24
1742097965.037133,89,-27,-144
1742097965.072133,-28,-17,-58
1742097965.108133,43,-23,-44
1742097965.1431332,-28,16,73
1742097965.178133,38,-3,-60
1742097965.213133,-6,-31,-58
1742097965.249133,33,-79,-68
1742097965.2851331,-9,-37,-22
1742097965.320133,18,-43,-132
1742097965.356133,24,-25,-30
1742097965.391133,-59,48,25
1742097965.4261332,-15,18,-102
1742097965.461133,-21,-57,-64
1742097965.497133,74,8,21
1742097965.533133,-29,14,9
1742097965.568133,-1,-39,-40
1742097965.6041331,-63,62,-34
1742097965.639133,40,4,-44
1742097965.674133,-3,24,65
1742097965.7091331,-63,22,-16
1742097965.7451332,-21,-31,33
1742097965.7811332,10,-11,-26
1742097965.816133,44,44,-110
1742097965.852133,-35,-65,-64
1742097965.8871331,4,-65,-40
1742097965.922133,-23,-89,-44
1742097965.957133,-57,22,-48
1742097965.993133,54,-7,-30
1742097966.029133,-75,-25,-82
1742097966.0641332,42,-7,-188
1742097966.1001332,94,-49,-56
1742097966.135133,-11,-13,11
1742097966.170133,22,38,19
1742097966.2051332,24,62,-46
1742097966.241133,22,-7,-70
1742097966.277133,52,-24,75
1742097966.312133,-13,85,11
1742097966.348133,72,0,-94
1742097966.3831332,-21,-12,-60
1742097966.418133,-61,39,-82
1742097966.453133,-19,61,-38
1742097966.4891331,34,14,-88
1742097966.5251331,-3,-7,-162
1742097966.560133,-117,8,163
1742097966.596133,-21,-13,-56
1742097966.631133,106,74,-58
1742097966.6661332,28,-55,33
1742097966.701133,-17,8,0
1742097966.737133,56,8,-42
1742097966.773133,-55,28,0
1742097966.8081331,-55,32,-60
1742097966.8441331,42,24,-100
1742097966.879133,-21,130,-122
1742097966.914133,-71,26,-82
1742097966.950133,-13,24,43
1742097966.9851332,75,88,-138
1742097967.0211332,8,58,-54
1742097967.056133,80,48,-34
1742097967.092133,-45,-23,-74
1742097967.1271331,-63,38,-8
1742097967.162133,-11,-117,-34
1742097967.198133,0,-15,49
1742097967.233133,-19,50,-80
1742097967.269133,6,24,-80
1742097967.3041332,-35,-9,23
1742097967.3401332,-35,-1,-44
1742097967.375133,18,52,9
1742097967.4101331,-15,28,-50
1742097967.4461331,16,-25,-116
1742097967.481133,-67,4,-44
1742097967.517133,-25,60,-70
1742097967.552133,-57,-33,-48
1742097967.588133,-107,120,-10
1742097967.6231332,-35,-31,73
1742097967.658133,86,-7,-54
1742097967.694133,-51,-13,-88
1742097967.7291331,-9,-21,65
1742097967.7651331,-7,-9,15
1742097967.800133,38,-105,33
1742097967.836133,94,-51,11
1742097967.871133,-15,66,-86
1742097967.9061332,48,22,-74
1742097967.9421332,14,24,-98
1742097967.977133,60,30,-14
1742097968.013133,52,12,-32
1742097968.0481331,12,-21,-160
1742097968.0841331,32,-5,7
1742097968.119133,-27,10,-24
1742097968.154133,16,-9,-62
1742097968.190133,-55,36,39
1742097968.2251332,-17,4,-48
1742097968.2611332,-22,-19,35
1742097968.296133,48,-55,21
1742097968.332133,96,-15,-14
1742097968.3671331,4,86,85
1742097968.402133,42,8,-8
1742097968.438133,75,-75,-32
1742097968.473133,-42,-59,-2
1742097968.509133,33,34,117
1742097968.5441332,-10,90,-44
1742097968.5801332,-34,-1,-20
1742097968.615133,17,-11,115
1742097968.6501331,-50,-27,5
1742097968.6861331,35,40,-20
1742097968.721133,-4,-55,27
1742097968.757133,-66,-15,-6
1742097968.792133,77,16,9
1742097968.828133,-10,28,-20
1742097968.8631332,-26,20,-54
1742097968.898133,7,-3,-104
1742097968.934133,0,10,-8
1742097968.9691331,58,36,-28
1742097969.0051332,35,-7,-64
1742097969.040133,45,-31,59
1742097969.076133,11,-3,-68
1742097969.111133,9,-5,71
1742097969.1461332,-28,-71,41
1742097969.1821332,-46,-129,-108
1742097969.217133,65,94,63
1742097969.253133,21,4,-64
1742097969.2881331,23,-25,-114
1742097969.3241332,39,-27,-98
1742097969.359133,3,48,-46
1742097969.394133,-16,30,21
1742097969.430133,31,-13,3
1742097969.4651332,-6,-11,79
1742097969.501133,-52,-7,-44
1742097969.536133,-24,38,95
1742097969.5711331,-54,-5,-94
1742097969.606133,17,2,-76
1742097969.642133,-22,-49,33
1742097969.678133,35,14,0
1742097969.713133,-26,-67,-98
1742097969.749133,95,84,57
1742097969.7841332,-32,62,43
1742097969.819133,47,-47,-48
1742097969.8541331,-12,-15,-38
1742097969.8901331,43,28,97
1742097969.9261332,35,-81,-64
1742097969.961133,19,-35,-62
1742097969.997133,-92,4,-6
1742097970.032133,5,38,-106
1742097970.0671332,23,-17,-48
1742097970.102133,-68,-57,47
1742097970.138133,-20,-41,77
1742097970.174133,123,-27,45
1742097970.2091331,-44,20,-20
1742097970.2451332,-10,-73,-130
1742097970.280133,-108,-13,61
1742097970.315133,-12,-45,17
1742097970.3501332,35,34,-154
1742097970.3861332,39,-19,-38
1742097970.422133,-11,-11,25
1742097970.457133,-35,4,-88
1742097970.493133,-25,-9,-4
1742097970.5281332,-75,-63,-8
1742097970.563133,-31,60,-16
1742097970.598133,0,-37,19
1742097970.634133,-19,22,21
1742097970.670133,38,10,-56
1742097970.7051332,22,-9,-154
1742097970.741133,8,6,-26
1742097970.776133,40,-5,-126
1742097970.8111331,4,-1,-50
1742097970.846133,-39,-97,67
1742097970.882133,49,12,-86
1742097970.918133,-7,-23,-198
1742097970.953133,-117,-29,7
1742097970.9891331,122,4,21
1742097971.024133,6,-55,-36
1742097971.059133,-9,-23,31
1742097971.0941331,24,56,-46
1742097971.1301332,-13,-35,-48
1742097971.1661332,-101,36,-68
1742097971.201133,-51,30,-14
1742097971.237133,20,16,-76
1742097971.272133,-95,44,-8
1742097971.3071332,-3,14,-116
1742097971.342133,-15,-13,47
1742097971.378133,-11,38,-64
1742097971.414133,-7,40,31
1742097971.4491332,-29,-1,-82
1742097971.4851332,-23,-37,-52
1742097971.520133,14,-27,13
1742097971.555133,-57,-47,-58
1742097971.5901332,40,-27,-34
1742097971.626133,-45,-45,-132
1742097971.662133,-17,56,-99
1742097971.697133,-59,28,-91
1742097971.733133,-19,-23,56
1742097971.7681332,-25,-13,30
1742097971.803133,0,-19,-59
1742097971.838133,40,-15,34
1742097971.874133,-87,-43,-95
1742097971.9101331,-3,-37,26
1742097971.945133,52,-33,-99
1742097971.981133,72,-23,-101
1742097972.016133,0,4,-51
1742097972.0511332,26,56,-55
1742097972.086133,-47,-29,-53
1742097972.122133,-49,14,-31
1742097972.158133,-23,46,58
1742097972.193133,80,-73,-145
1742097972.2291331,-19,-51,-125
1742097972.264133,40,52,-9
1742097972.299133,30,-83,-9
1742097972.3341331,32,-9,-113
1742097972.3701332,-39,78,-113
1742097972.4061332,-7,-25,-33
1742097972.441133,34,48,-33
1742097972.477133,-9,0,-21
1742097972.5121331,-75,-65,36
1742097972.547133,80,36,-3
1742097972.582133,-9,-29,-101
1742097972.618133,14,-17,-1
1742097972.654133,-67,-37,-109
1742097972.6891332,46,-17,38
1742097972.7251332,32,-17,48
1742097972.760133,30,-57,30
1742097972.795133,-31,52,56
1742097972.8301332,12,-13,20
1742097972.866133,-33,10,-45
1742097972.902133,104,-27,2
1742097972.937133,32,-59,-11
1742097972.973133,-27,36,70
1742097973.0081332,-25,70,-89
1742097973.043133,8,0,-21
1742097973.078133,74,20,0
1742097973.1141331,6,24,-47
1742097973.1501331,-9,-55,-51
1742097973.185133,10,2,-103
1742097973.221133,-37,-23,6
1742097973.256133,30,64,82
1742097973.2911332,-85,68,-19
1742097973.326133,56,48,-27
1742097973.362133,20,-19,-129
1742097973.398133,-27,14,-117
1742097973.4331331,-15,-51,82
1742097973.4691331,-33,-29,-113
1742097973.504133,-35,-47,-85
1742097973.539133,-15,54,-31
1742097973.575133,-19,64,-133
1742097973.6101332,46,-63,-97
1742097973.6461332,-75,10,-127
1742097973.681133,42,-43,-39
1742097973.717133,4,-19,-1
1742097973.7521331,18,-5,-151
1742097973.787133,4,62,-37
1742097973.823133,-21,-71,-107
1742097973.858133,-19,36,-83
1742097973.894133,-63,-65,56
1742097973.9291332,-77,-45,-3
1742097973.9651332,108,36,-93
1742097974.007133,-19,40,78
1742097974.043133,40,46,14
1742097974.079133,30,-11,-75
1742097974.1141331,-25,-15,-15
1742097974.1501331,-1,-1,-25
1742097974.185133,-11,-9,42
1742097974.221133,24,22,-35
1742097974.256133,0,-29,-133
1742097974.2911332,38,16,-51
1742097974.3271332,18,12,-23
1742097974.362133,6,0,-3
1742097974.398133,80,16,-99
1742097974.4331331,28,-35,-33
1742097974.4691331,116,-1,70
1742097974.504133,30,2,-119
1742097974.539133,4,-9,-19
1742097974.575133,4,0,-27
1742097974.6101332,24,30,-85
1742097974.6461332,10,-1,-45
1742097974.681133,4,-61,-25
1742097974.717133,38,-45,-169
1742097974.7521331,16,32,-17
1742097974.787133,-9,76,-67
1742097974.823133,-17,-75,-47
1742097974.858133,-11,-9,-71
1742097974.894133,26,4,-35
1742097974.9291332,40,84,-37
1742097974.9651332,24,-1,46
1742097975.000133,-79,-13,-71
1742097975.0351331,50,44,-37
1742097975.0711331,80,-69,16
1742097975.106133,-45,-13,-81
1742097975.142133,-9,8,-77
1742097975.177133,-13,-29,98
1742097975.213133,18,2,-93
1742097975.2481332,22,-5,40
1742097975.283133,-71,12,-37
1742097975.319133,-69,34,-63
1742097975.3541331,20,-31,-43
1742097975.3901331,-9,40,12
1742097975.425133,-29,46,-29
1742097975.461133,14,20,-97
1742097975.496133,-61,18,90
1742097975.5311332,-39,26,-157
1742097975.5671332,-57,78,-131
1742097975.602133,10,4,-53
1742097975.638133,36,-5,80
1742097975.6731331,60,-5,-55
1742097975.7091331,14,54,-159
1742097975.744133,50,14,-69
1742097975.779133,-33,42,-103
1742097975.815133,-33,-45,32
1742097975.8501332,-65,-29,-147
1742097975.8861332,-7,-19,-31
1742097975.921133,72,-7,-5
1742097975.957133,-3,-19,-83
1742097975.9921331,-59,-49,2
1742097976.027133,-57,10,-73
1742097976.063133,48,94,4
1742097976.098133,-19,-63,-29
1742097976.134133,2,-1,32
1742097976.1691332,-11,24,-117
1742097976.2051332,16,14,-5
1742097976.241133,12,-41,28
1742097976.277133,108,-9,-27
1742097976.313133,-115,-43,-23
1742097976.348133,32,36,-75
1742097976.3831332,20,24,-103
1742097976.4191332,-11,12,-71
1742097976.4551332,58,-21,-5
1742097976.490133,-35,-43,-59
1742097976.526133,42,-61,-33
1742097976.5611331,-57,-11,-25
1742097976.596133,40,36,-67
1742097976.631133,-33,42,8
1742097976.667133,-29,-11,64
1742097976.703133,-29,-1,66
1742097976.7381332,20,-75,-13
1742097976.774133,58,36,80
1742097976.809133,56,-21,-53
1742097976.8441331,14,20,-61
1742097976.879133,44,8,-201
1742097976.915133,6,10,-77
1742097976.951133,-59,4,-87
1742097976.986133,32,-25,-147
1742097977.022133,-69,26,6
1742097977.0571332,-25,12,-9
1742097977.092133,-1,-47,-39
1742097977.1271331,66,40,-143
1742097977.1631331,-11,36,-83
1742097977.1991332,94,48,-79
1742097977.234133,98,2,-81
1742097977.270133,2,8,-81
1742097977.305133,-1,-39,-165
1742097977.3401332,10,12,38
1742097977.375133,18,4,-83
1742097977.411133,-31,-17,-89
1742097977.447133,10,26,-25
1742097977.4821332,-29,-45,-39
1742097977.5181332,-1,-15,-109
1742097977.553133,-7,-13,-83
1742097977.588133,44,-23,-69
1742097977.6231332,-15,-33,-17
1742097977.6591332,-29,30,-51
1742097977.695133,-73,6,32
1742097977.730133,22,-43,-9
1742097977.766133,58,78,-23
1742097977.8011332,72,22,-35
1742097977.836133,-31,-9,-21
1742097977.871133,-95,-13,10
1742097977.907133,20,6,-39
1742097977.943133,-1,0,-11
1742097977.9781332,-15,-7,-67
1742097978.014133,42,32,-35
1742097978.049133,-51,-51,-25
1742097978.0841331,20,4,-7
1742097978.119133,8,-13,2
1742097978.155133,108,4,-43
1742097978.191133,-49,-57,38
1742097978.226133,68,68,-53
1742097978.2621331,-15,4,16
1742097978.297133,48,-45,-11
1742097978.332133,40,-21,-67
1742097978.3671331,52,72,-91
1742097978.4031332,-59,-81,44
1742097978.4391332,20,46,-117
1742097978.474133,-49,-13,-79
1742097978.510133,2,-37,-3
1742097978.545133,-5,26,92
1742097978.5801332,42,62,-143
1742097978.615133,-81,-9,-13
1742097978.651133,2,-23,-41
1742097978.687133,-5,2,64
1742097978.7221332,90,38,8
1742097978.7581332,16,-11,26
1742097978.793133,-41,-13,68
1742097978.828133,-39,6,-21
1742097978.8631332,-27,2,-49
1742097978.899133,-53,4,-41
1742097978.935133,-33,-69,-197
1742097978.970133,-77,12,-87
1742097979.006133,-67,-47,-49
1742097979.0411332,-1,-25,-41
1742097979.076133,14,-7,8
1742097979.111133,8,-5,66
1742097979.147133,38,26,-9
1742097979.1831331,-33,-37,60
1742097979.218133,32,50,-105
1742097979.254133,18,40,-85
1742097979.289133,-127,16,-49
1742097979.3241332,50,98,-33
1742097979.359133,20,66,22
1742097979.395133,-7,26,-105
1742097979.431133,41,-35,-103
1742097979.466133,15,10,-51
1742097979.5021331,-3,44,-33
1742097979.537133,-30,-31,-113
1742097979.572133,-22,58,54
1742097979.6071332,59,-11,-45
1742097979.6431332,-16,-25,-29
1742097979.6791332,-42,-53,-129
1742097979.714133,9,-11,-133
1742097979.750133,41,12,-41
1742097979.7851331,-6,60,-155
1742097979.820133,31,-11,-65
1742097979.855133,32,-27,-1
1742097979.891133,28,6,-15
1742097979.927133,-44,14,-41
1742097979.9621332,-64,40,-31
1742097979.9981332,55,-77,-211
1742097980.033133,-30,-33,-151
1742097980.068133,41,-25,-11
1742097980.1031332,0,6,106
1742097980.139133,49,2,-39
1742097980.175133,-42,-75,0
1742097980.210133,40,-9,42
1742097980.246133,-101,-9,-43
1742097980.2811332,-53,12,-61
1742097980.316133,-5,-85,-29
1742097980.351133,2,-27,90
1742097980.3871331,-13,-73,46
1742097980.4231331,30,40,-53
1742097980.458133,-27,-19,-159
1742097980.494133,14,-37,-199
1742097980.529133,-45,8,-37
1742097980.5641332,11,-19,-221
1742097980.6001332,39,-3,-65
1742097980.635133,-45,-11,-39
1742097980.671133,-43,8,-37
1742097980.7061331,48,-21,-9
1742097980.7421331,-1,-45,-31
1742097980.777133,-103,-9,56
1742097980.812133,-39,0,-75
1742097980.848133,-31,26,-26
1742097980.8831332,72,-65,-78
1742097980.9191332,-13,0,-37
1742097980.954133,-1,12,48
1742097980.990133,12,-33,-6
1742097981.0251331,76,-39,-142
1742097981.060133,76,50,-102
1742097981.096133,92,42,-184
1742097981.131133,50,16,-148
1742097981.167133,-59,24,-66
1742097981.2021332,-30,0,-80
1742097981.2381332,17,34,0
1742097981.273133,79,28,55
1742097981.3081331,28,-5,61
1742097981.3441331,-63,28,-110
1742097981.379133,81,0,3
1742097981.415133,12,12,39
1742097981.450133,10,30,17
1742097981.486133,-9,-3,-20
1742097981.5211332,-33,-29,-22
1742097981.556133,93,72,-120
1742097981.592133,31,-45,55
1742097981.6271331,13,38,61
1742097981.6631331,47,42,5
1742097981.698133,-36,20,131
1742097981.734133,49,-59,-52
1742097981.769133,57,-43,-16
1742097981.8041332,47,14,-8
1742097981.8401332,50,-103,-62
1742097981.875133,94,42,-144
1742097981.911133,12,-75,-74
1742097981.9461331,76,22,9
1742097981.9821332,24,0,-48
1742097982.017133,-27,20,29
1742097982.052133,-5,-19,-64
1742097982.088133,-25,-89,-66
1742097982.1231332,76,-27,-64
1742097982.1591332,-59,-35,-18
1742097982.194133,-29,-11,43
1742097982.230133,-3,40,-14
1742097982.2651331,-37,-17,9
1742097982.300133,60,18,0
1742097982.336133,36,-21,-88
1742097982.371133,-21,12,-50
1742097982.407133,88,-15,-108
1742097982.4421332,-27,-67,-18
1742097982.4781332,-85,-83,-14
1742097982.513133,-55,4,-52
1742097982.5481331,54,-1,-116
1742097982.5841331,-39,-39,47
1742097982.619133,-65,34,-12
1742097982.655133,54,-19,-6
1742097982.690133,68,42,-20
1742097982.726133,26,46,-12
1742097982.7611332,-63,0,-42
1742097982.796133,36,32,-198
1742097982.832133,-33,-39,5
1742097982.8671331,12,-73,-16
1742097982.9031332,-35,-27,-90
1742097982.938133,20,4,-38
1742097982.974133,-29,8,-88
1742097983.009133,32,56,-92
1742097983.0441332,-27,78,43
1742097983.0801332,50,56,-22
1742097983.115133,18,30,-8
1742097983.151133,-35,2,-18
1742097983.1861331,-15,-27,-28
1742097983.221133,6,18,49
1742097983.256133,-61,2,23
1742097983.292133,-1,6,39
1742097983.328133,-53,32,-20
1742097983.3631332,42,14,-114
1742097983.399133,46,72,-118
1742097983.434133,-27,-7,-30
1742097983.4691331,12,-97,41
1742097983.504133,48,-61,-38
1742097983.540133,-67,88,-98
1742097983.576133,140,36,-106
1742097983.611133,20,46,-110
1742097983.647133,-27,-9,-128
1742097983.6821332,62,-47,-104
1742097983.717133,-19,24,-120
1742097983.7521331,28,8,-88
1742097983.7881331,22,-5,-88
1742097983.8241332,6,2,55
1742097983.859133,-71,64,-30
1742097983.895133,110,26,23
1742097983.930133,62,-71,-108
1742097983.9651332,-3,14,-48
1742097984.000133,4,20,41
1742097984.043133,-89,-1,-4
1742097984.0801332,-3,44,-154
1742097984.115133,-33,-75,-22
1742097984.151133,24,22,13
1742097984.1861331,-27,-51,57
1742097984.221133,38,-11,-10
1742097984.256133,-19,-29,-100
1742097984.292133,-51,90,-36
1742097984.328133,32,-57,-26
1742097984.3631332,48,-101,-78
1742097984.399133,-15,-29,-14
1742097984.434133,60,0,-144
1742097984.4691331,-21,24,-4
1742097984.504133,90,4,-36
1742097984.540133,-67,-59,-96
1742097984.576133,2,-3,-24
1742097984.611133,-29,58,-66
1742097984.647133,-7,62,-154
1742097984.6821332,58,70,-10
1742097984.717133,-103,-35,-72
1742097984.7521331,72,-11,-160
1742097984.7881331,26,32,23
1742097984.8241332,106,12,-66
1742097984.859133,-27,6,-80
1742097984.895133,-35,-9,-44
1742097984.930133,-41,-83,-26
1742097984.9651332,-11,-43,93
1742097985.000133,32,-17,-120
1742097985.036133,-53,-19,29
1742097985.072133,-11,10,39
1742097985.1071332,56,10,-44
1742097985.1431332,-61,-23,0
1742097985.178133,72,-35,-12
1742097985.213133,14,8,-32
1742097985.2481332,32,-41,-8
1742097985.2841332,22,-23,-68
1742097985.320133,30,-37,21
1742097985.355133,-31,20,51
1742097985.391133,-31,-15,-128
1742097985.4261332,70,-29,-62
1742097985.461133,8,4,-124
1742097985.496133,56,-1,-20
1742097985.532133,-45,0,-20
1742097985.568133,46,-45,-84
1742097985.6031332,-7,-37,-24
1742097985.639133,40,-15,45
1742097985.674133,10,50,-32
1742097985.7091331,-61,-67,-92
1742097985.744133,22,4,63
1742097985.780133,32,-37,-76
1742097985.816133,10,60,-70
1742097985.851133,10,-41,-40
1742097985.8871331,-25,-65,-82
1742097985.922133,48,-31,-114
1742097985.957133,-57,34,-10
1742097985.9921331,-55,-21,-162
1742097986.0281332,12,10,-54
1742097986.0641332,2,46,0
1742097986.099133,26,-39,-24
1742097986.135133,-25,-45,-72
1742097986.170133,-119,16,11
1742097986.2051332,-57,-25,-142
1742097986.240133,42,-79,0
1742097986.276133,5,16,77
1742097986.312133,-15,44,-70
1742097986.3471332,70,-3,-48
1742097986.3831332,42,-95,-106
1742097986.418133,-7,-35,31
1742097986.453133,-25,-35,39
1742097986.4881332,1,-15,-98
1742097986.524133,-6,18,39
1742097986.560133,103,28,-112
1742097986.595133,27,20,-106
1742097986.631133,-46,-7,5
1742097986.6661332,73,0,-130
1742097986.701133,-42,-91,-6
1742097986.736133,-42,26,-14
1742097986.772133,-14,60,-58
1742097986.8081331,-4,16,-50
1742097986.843133,57,-85,-146
1742097986.879133,-6,-43,-120
1742097986.914133,-36,10,69
1742097986.9491332,-40,-39,-20
1742097986.984133,15,-67,-56
1742097987.020133,-50,12,-64
1742097987.056133,-12,-15,-58
1742097987.091133,35,36,-132
1742097987.1271331,3,34,13
1742097987.162133,69,20,57
1742097987.197133,43,-15,-132
1742097987.2321332,41,54,-38
1742097987.2681332,17,40,9
1742097987.3041332,-14,40,-30
1742097987.339133,9,-35,1
1742097987.375133,-50,-35,3
1742097987.4101331,-2,28,-64
1742097987.445133,-20,16,-218
1742097987.480133,-32,2,-4
1742097987.516133,-28,-29,-18
1742097987.552133,-36,-23,73
1742097987.5871332,-36,-1,71
1742097987.6231332,59,-47,25
1742097987.658133,-24,20,19
1742097987.693133,31,44,3
1742097987.7291331,15,4,11
1742097987.764133,-22,60,139
1742097987.800133,-42,6,-92
1742097987.835133,-86,8,15
1742097987.871133,-42,88,-66
1742097987.9061332,-6,-79,15
1742097987.941133,3,32,-50
1742097987.977133,-2,-61,-26
1742097988.0121331,55,2,-16
1742097988.0481331,95,22,-178
1742097988.083133,7,72,21
1742097988.119133,-2,20,-124
1742097988.154133,-14,-17,-82
1742097988.1891332,35,34,-20
1742097988.2251332,-76,-55,-40
1742097988.260133,-1,-7,-58
1742097988.296133,13,-43,-66
1742097988.3311331,34,-19,-166
1742097988.3671331,7,-23,63
1742097988.402133,-44,-23,-10
1742097988.437133,-12,44,31
1742097988.473133,60,-23,45
1742097988.5081332,-31,-87,-22
1742097988.5441332,32,8,-50
1742097988.579133,-23,-9,-136
1742097988.615133,46,-15,7
1742097988.6501331,38,-9,-28
1742097988.685133,46,-31,-44
1742097988.721133,-11,26,-54
1742097988.756133,-19,-31,-12
1742097988.792133,-17,-5,-122
1742097988.8271332,12,32,-42
1742097988.8631332,24,-103,-16
1742097988.898133,12,2,31
1742097988.9331331,-99,-17,-30
1742097988.9691331,-5,-19,-110
1742097989.004133,-1,10,-54
1742097989.040133,26,78,-108
1742097989.075133,20,-3,-98
1742097989.111133,-11,16,-24
1742097989.1461332,44,42,-12
1742097989.181133,10,26,-16
1742097989.217133,-69,12,-106
1742097989.2521331,-91,90,-116
1742097989.2881331,-67,0,11
1742097989.323133,-11,8,-38
1742097989.359133,4,30,-54
1742097989.394133,-1,24,-8
1742097989.4291332,-21,-45,-118
1742097989.4651332,-23,-11,15
1742097989.500133,-53,-17,-6
1742097989.536133,4,-3,-22
1742097989.5711331,2,-9,-20
1742097989.6071332,-53,-133,-30
1742097989.642133,72,-1,-20
1742097989.677133,0,-19,-46
1742097989.713133,2,-47,25
1742097989.7481332,72,-7,-94
1742097989.7841332,-7,4,-26
1742097989.819133,-3,-27,-30
1742097989.855133,-113,0,-62
1742097989.8901331,20,-35,-8
1742097989.925133,16,-59,-26
1742097989.961133,8,-39,-48
1742097989.996133,68,2,-40
1742097990.032133,-11,-19,183
1742097990.0671332,-19,26,-18
1742097990.1031332,-51,2,-52
1742097990.139133,14,-47,29
1742097990.174133,22,36,-76
1742097990.2091331,2,-15,-58
1742097990.2451332,-45,-37,-62
1742097990.2811332,18,-29,-8
1742097990.316133,-51,48,5
1742097990.352133,-49,-45,-76
1742097990.3871331,12,-19,-48
1742097990.422133,16,-51,-72
1742097990.457133,-45,34,-18
1742097990.493133,0,32,-34
1742097990.529133,10,12,-76
1742097990.5641332,20,-3,5
1742097990.6001332,18,-13,-86
1742097990.635133,-25,-3,9
1742097990.670133,-21,18,-14
1742097990.7051332,30,2,-14
1742097990.741133,66,2,-166
1742097990.777133,-45,46,-98
1742097990.812133,-15,12,-24
1742097990.848133,-29,30,77
1742097990.8831332,2,28,-12
1742097990.918133,98,-19,119
1742097990.953133,18,30,-56
1742097990.9891331,18,10,-24
1742097991.0251331,-25,26,-14
1742097991.060133,32,-15,93
1742097991.096133,-11,32,41
1742097991.131133,16,8,-32
1742097991.1661332,28,-3,9
1742097991.201133,-17,44,-64
1742097991.237133,40,28,-64
1742097991.273133,38,-23,-40
1742097991.3081331,-23,24,5
1742097991.3441331,0,-15,21
1742097991.379133,26,26,-28
1742097991.414133,-13,-35,-110
1742097991.4491332,-31,-23,57
1742097991.4851332,-25,8,-44
1742097991.5211332,8,-133,27
1742097991.556133,36,24,111
1742097991.592133,120,40,21
1742097991.6271331,-39,26,-148
1742097991.662133,22,6,-20
1742097991.697133,-41,22,-50
1742097991.733133,10,-51,-26
1742097991.769133,-11,-79,-116
1742097991.8041332,36,-27,-52
1742097991.8401332,-27,-15,-52
1742097991.875133,-51,20,-22
1742097991.9101331,-39,52,-8
1742097991.945133,-5,18,-86
1742097991.981133,32,-17,-8
1742097992.017133,62,-7,-60
1742097992.052133,6,0,-106
1742097992.088133,-53,-69,-54
1742097992.1231332,-69,6,-18
1742097992.158133,0,42,85
1742097992.193133,26,42,0
1742097992.2291331,4,-25,-86
1742097992.2651331,-79,70,-48
1742097992.300133,28,-49,-72
1742097992.336133,-31,-25,-60
1742097992.371133,-39,26,37
1742097992.4061332,-85,-29,-58
1742097992.441133,-59,8,-50
1742097992.477133,76,-21,-10
1742097992.513133,68,14,-126
1742097992.5481331,-59,-103,29
1742097992.5841331,14,38,-82
1742097992.619133,-1,36,19
1742097992.654133,-59,64,-56
1742097992.6891332,-11,80,-72
1742097992.7251332,18,14,-6
1742097992.7611332,22,-73,-46
1742097992.796133,-9,-9,-172
1742097992.832133,28,-1,-138
1742097992.8671331,104,20,-52
1742097992.902133,26,-1,-10
1742097992.937133,12,-7,-36
1742097992.973133,-55,-47,-38
1742097993.009133,-47,26,39
1742097993.0441332,-15,-39,33
1742097993.0801332,60,-15,13
1742097993.115133,60,20,-66
1742097993.1501331,22,62,-24
1742097993.185133,-51,-17,-92
1742097993.221133,22,20,-2
1742097993.257133,68,-3,-126
1742097993.292133,-36,44,49
1742097993.328133,-81,-79,-162
1742097993.3631332,-27,10,-48
1742097993.398133,26,6,111
1742097993.4331331,-17,-15,-32
1742097993.4691331,12,-19,-78
1742097993.5051332,-7,-17,5
1742097993.540133,44,14,-46
1742097993.576133,-73,-27,-66
1742097993.611133,-65,-37,-52
1742097993.6461332,-29,20,-16
1742097993.681133,34,34,63
1742097993.717133,-34,0,-14
1742097993.753133,0,42,-78
1742097993.7881331,0,-27,15
1742097993.8241332,-14,16,-4
1742097993.859133,31,-35,-70
1742097993.894133,-9,38,-8
1742097993.9291332,26,48,-86
1742097993.9651332,66,2,123
1742097994.001133,55,-33,69
1742097994.043133,-11,102,-40
1742097994.0801332,22,4,-46
1742097994.115133,52,28,-160
1742097994.1501331,-9,-5,-8
1742097994.185133,24,8,-156
1742097994.221133,102,8,-42
1742097994.257133,-47,54,-54
1742097994.292133,-1,-35,-48
1742097994.328133,-43,22,-56
1742097994.3631332,-17,2,-18
1742097994.398133,-13,-21,-160
1742097994.434133,38,-11,67
1742097994.4691331,42,-13,-68
1742097994.5051332,6,-31,-8
1742097994.540133,-53,40,5
1742097994.576133,48,-33,-30
1742097994.611133,76,6,65
1742097994.6461332,-65,-47,-16
1742097994.6821332,22,-27,-6
1742097994.717133,-47,-75,-20
1742097994.753133,80,-65,-82
1742097994.7881331,-65,-11,15
1742097994.8241332,-41,-5,75
1742097994.859133,66,44,-74
1742097994.894133,22,24,-118
1742097994.930133,-15,-25,-50
1742097994.9651332,-15,-35,-40
1742097995.001133,-15,20,-15
1742097995.036133,138,-11,-130
1742097995.072133,36,-7,-122
1742097995.1071332,10,42,-81
1742097995.142133,34,88,-141
1742097995.178133,36,-29,-39
1742097995.213133,-53,36,-91
1742097995.249133,-97,16,-15
1742097995.2841332,-86,-39,-109
1742097995.320133,-52,-11,36
1742097995.355133,-25,44,62
1742097995.3901331,-63,46,-57
1742097995.4261332,-23,-21,-103
1742097995.461133,-51,58,74
1742097995.497133,16,44,30
1742097995.533133,-9,-19,-95
1742097995.569133,50,-5,-169
1742097995.6041331,-3,-41,-107
1742097995.6401331,-27,-21,-85
1742097995.675133,-13,-71,-141
1742097995.710133,20,-33,-35
1742097995.746133,-25,-37,-93
1742097995.7811332,-41,-1,-97
1742097995.8171332,-31,22,-61
1742097995.852133,-15,-35,-1
1742097995.888133,6,-17,14
1742097995.9231331,8,-27,-67
1742097995.958133,-55,-75,-173
1742097995.994133,-3,-75,40
1742097996.029133,74,20,-53
1742097996.065133,48,-93,-33
1742097996.1001332,-1,-1,-57
1742097996.1361332,-5,32,-127
1742097996.171133,-3,-77,-43
1742097996.2061331,-59,86,-53
1742097996.2421331,10,26,-59
1742097996.277133,-11,-37,-9
1742097996.313133,-37,-9,-83
1742097996.348133,-17,-5,34
1742097996.384133,4,56,-5
1742097996.4191332,16,44,32
1742097996.454133,-3,62,-33
1742097996.490133,50,-39,-129
1742097996.5251331,-29,20,58
1742097996.5611331,-13,-19,22
1742097996.596133,-53,-53,-5
1742097996.631133,34,6,-5
1742097996.6661332,-27,-7,-53
1742097996.7021332,4,-69,8
1742097996.7381332,2,36,-75
1742097996.773133,56,14,-107
1742097996.809133,18,8,0
1742097996.8441331,60,10,-3
1742097996.8801332,-65,8,-115
1742097996.9161332,-53,-1,-7
1742097996.9521332,24,58,8
1742097996.9881332,10,72,78
1742097997.023133,-13,-9,-23
1742097997.0581331,30,14,-59
1742097997.0941331,-45,72,-97
1742097997.1301332,2,54,-157
1742097997.165133,2,46,18
1742097997.201133,14,-49,-123
1742097997.236133,8,44,-87
1742097997.2711332,-117,14,80
1742097997.306133,2,32,-13
1742097997.342133,4,-37,-33
1742097997.378133,-39,8,-63
1742097997.4131331,138,-37,-5
1742097997.4491332,6,32,38
1742097997.484133,60,20,-165
1742097997.519133,110,8,-89
1742097997.5541332,-61,14,58
1742097997.5901332,-51,58,-85
1742097997.626133,-43,16,-197
1742097997.661133,46,22,-111
1742097997.697133,12,6,108
1742097997.7321332,-53,16,-49
1742097997.767133,62,54,-141
1742097997.802133,-19,-27,6
1742097997.838133,48,-17,-25
1742097997.874133,-55,58,-55
1742097997.9091332,-101,20,40
1742097997.945133,74,-25,-59
1742097997.980133,76,-13,-113
1742097998.0151331,-39,-11,44
1742097998.050133,-11,-9,-51
1742097998.086133,4,4,-109
1742097998.122133,-41,42,82
1742097998.157133,8,12,-61
1742097998.193133,6,-69,-113
1742097998.2281332,-27,-63,-13
1742097998.263133,-1,80,4
1742097998.2981331,-79,24,-39
1742097998.3341331,26,-11,66
1742097998.3701332,-13,-19,-77
1742097998.405133,-5,-19,12
1742097998.441133,30,-37,62
1742097998.476133,22,-15,-45
1742097998.5111332,-7,8,-59
1742097998.546133,-85,-29,82
1742097998.582133,0,-35,-17
1742097998.618133,34,30,-23
1742097998.6531332,-129,28,20
1742097998.6891332,-27,72,-61
1742097998.724133,8,-27,-45
1742097998.759133,-33,66,-27
1742097998.7941332,0,16,-145
1742097998.8301332,10,48,2
1742097998.866133,-47,-13,70
1742097998.901133,84,-73,-127
1742097998.937133,-9,-39,-5
1742097998.9721332,40,-41,-169
1742097999.007133,-7,-19,-73
1742097999.042133,-5,-21,-135
1742097999.078133,0,18,-47
1742097999.1141331,88,56,-3
1742097999.149133,-49,4,-37
1742097999.185133,-43,2,-23
1742097999.220133,14,32,-167
1742097999.2551332,-17,52,-57
1742097999.290133,56,6,6
1742097999.326133,-1,-17,18
1742097999.362133,24,34,-93
1742097999.397133,62,-37,6
1742097999.4331331,22,-21,-89
1742097999.468133,24,28,-1
1742097999.503133,-5,-21,16
1742097999.5381331,46,-9,14
1742097999.5741332,110,58,26
1742097999.6101332,22,10,-87
1742097999.645133,-11,22,-23
1742097999.681133,-85,20,-25
1742097999.716133,16,-67,8
1742097999.751133,40,42,-27
1742097999.786133,0,-11,-127
1742097999.822133,-17,-89,-131
1742097999.858133,46,66,-135
1742097999.8931332,-3,-1,-63
1742097999.9291332,18,-43,-79
1742097999.964133,33,-23,-119
1742097999.999133,-31,28,28
1742098000.0341332,14,4,68
1742098000.070133,34,-29,-9
1742098000.106133,-1,-15,2
1742098000.141133,114,-87,4
1742098000.177133,78,-43,-61
1742098000.2121332,-79,-23,-55
1742098000.247133,16,52,32
1742098000.282133,32,12,-25
1742098000.318133,44,18,64
1742098000.3541331,16,40,56
1742098000.389133,-49,-3,-137
1742098000.425133,-85,-105,32
1742098000.460133,-9,-29,-25
1742098000.4951332,-3,52,-77
1742098000.530133,-57,-5,-63
1742098000.566133,16,46,40
1742098000.602133,-15,8,-25
1742098000.6371331,-99,46,-59
1742098000.6731331,6,76,-87
1742098000.708133,-42,46,-97
1742098000.743133,-58,-3,-57
1742098000.7781332,75,60,-53
1742098000.8141332,39,-53,8
1742098000.8501332,3,-17,-31
1742098000.885133,-14,6,-1
1742098000.921133,27,-17,146
1742098000.9561331,5,-61,48
1742098000.991133,-58,40,-45
1742098001.026133,63,-59,30
1742098001.062133,-10,-57,30
1742098001.098133,-26,-69,32
1742098001.1331332,39,10,-23
1742098001.1691332,-14,0,-51
1742098001.204133,129,60,-41
1742098001.2391331,-48,44,76
1742098001.2751331,3,36,22
1742098001.310133,19,4,-141
1742098001.346133,53,-39,-39
1742098001.381133,-52,-47,-51
1742098001.417133,11,-19,-67
1742098001.4521332,-74,20,4
1742098001.487133,-68,32,-35
1742098001.523133,2,-45,-187
1742098001.5581331,6,34,-41
1742098001.5941331,-25,18,-69
1742098001.629133,-9,-43,-125
1742098001.665133,-5,-31,-109
1742098001.700133,-1,-11,-45
1742098001.7351332,42,58,-57
1742098001.7711332,14,-69,-31
1742098001.806133,48,8,-51
1742098001.842133,-13,68,-21
1742098001.8771331,84,-9,-35
1742098001.9131331,-15,-19,-17
1742098001.948133,-17,52,-49
1742098001.983133,-23,-1,24
1742098002.019133,-87,-47,-5
1742098002.0541332,24,-19,-127
1742098002.0901332,-5,44,52
1742098002.125133,16,42,-17
1742098002.161133,24,-7,-7
1742098002.1961331,-1,-15,-7
1742098002.231133,-49,24,-167
1742098002.267133,-65,26,-113
1742098002.302133,-44,8,0
1742098002.338133,-28,-25,-79
1742098002.3731332,-11,-29,-77
1742098002.4091332,24,-5,-15
1742098002.444133,70,-15,-7
1742098002.4791331,6,6,-109
1742098002.5151331,-9,-49,-89
1742098002.550133,66,58,-55
1742098002.586133,84,-25,12
1742098002.621133,41,-49,-23
1742098002.657133,11,56,18
1742098002.6921332,9,54,-37
1742098002.727133,15,-31,32
1742098002.763133,23,-53,-47
1742098002.7981331,74,-29,-185
1742098002.8341331,40,26,-115
1742098002.869133,21,-49,-35
1742098002.905133,-14,-17,28
1742098002.940133,-66,-73,-55
1742098002.9751332,107,10,-25
1742098003.0111332,17,26,-15
1742098003.046133,-46,-21,-3
1742098003.082133,8,-27,-67
1742098003.1171331,-17,-29,-5
1742098003.1531332,-54,64,18
1742098003.188133,121,52,-71
1742098003.223133,-17,-23,-55
1742098003.259133,60,48,66
1742098003.2941332,16,24,-67
1742098003.3301332,34,-15,90
1742098003.365133,56,12,-41
1742098003.401133,20,-57,-21
1742098003.4361331,76,-45,-73
1742098003.471133,23,24,-175
1742098003.507133,-75,-37,26
1742098003.542133,-58,32,-111
1742098003.578133,19,44,-9
1742098003.6131332,-11,-29,-149
1742098003.649133,-21,20,-15
1742098003.685133,-55,96,-93
1742098003.721133,-33,-67,-7
1742098003.757133,34,14,52
1742098003.793133,8,6,-71
1742098003.829133,50,0,-75
1742098003.8641331,-81,32,-119
1742098003.899133,8,-45,-37
1742098003.935133,30,-9,-101
1742098003.971133,14,-23,-55
1742098004.006133,10,66,-83
1742098004.049133,-100,-25,20
1742098004.085133,-16,-123,24
1742098004.1201332,45,-19,-71
1742098004.155133,4,-19,-39
1742098004.191133,-63,18,-29
1742098004.227133,-51,-37,-5
1742098004.2621331,-55,-17,-73
1742098004.2981331,96,6,-151
1742098004.333133,26,0,-53
1742098004.368133,38,-1,-31
1742098004.4031332,18,100,-189
1742098004.4391332,-89,24,-105
1742098004.4751332,-15,-51,-43
1742098004.510133,34,-23,-67
1742098004.546133,-83,-17,-35
1742098004.5811331,62,-7,-119
1742098004.616133,62,44,-89
1742098004.651133,-1,44,-109
1742098004.687133,4,-5,-59
1742098004.723133,-69,-21,-57
1742098004.7581332,14,0,-31
1742098004.7941332,66,-13,-53
1742098004.829133,-15,-3,-43
1742098004.8641331,-69,24,26
1742098004.899133,12,-5,42
1742098004.935133,52,-9,-191
1742098004.971133,-63,-1,-107
1742098005.006133,18,-7,-65
1742098005.042133,-33,-65,-49
1742098005.0771332,-85,-15,-25
1742098005.112133,-101,52,10
1742098005.147133,-5,0,-127
1742098005.1831331,-9,50,44
1742098005.2191331,54,8,-125
1742098005.254133,-37,22,80
1742098005.290133,-3,-17,88
1742098005.325133,6,66,-11
1742098005.3601332,-15,-53,130
1742098005.395133,46,-43,94
1742098005.431133,6,-3,84
1742098005.467133,4,-13,10
1742098005.5021331,-41,24,34
1742098005.5381331,18,-67,-17
1742098005.573133,60,34,-119
1742098005.608133,22,-9,34
1742098005.6431332,36,-23,-43
1742098005.6791332,-7,-9,4
1742098005.7151332,-57,14,-143
1742098005.750133,50,24,-25
1742098005.786133,26,22,-1
1742098005.8211331,44,42,-33
1742098005.856133,70,34,-9
1742098005.891133,-13,12,-107
1742098005.927133,16,-27,-85
1742098005.963133,-19,-7,-1
1742098005.9981332,30,18,-159
1742098006.0341332,-21,-105,-185
1742098006.069133,-75,-9,24
1742098006.1041331,-13,-57,-13
1742098006.139133,118,4,24
1742098006.175133,46,4,-9
1742098006.211133,-33,4,-47
1742098006.246133,-3,-39,-67
1742098006.282133,62,-49,-39
1742098006.3171332,-69,52,-33
1742098006.352133,-27,-5,-41
1742098006.3871331,-53,26,-29
1742098006.4231331,-35,0,-23
1742098006.4591331,12,96,-63
1742098006.494133,-61,10,72
1742098006.530133,72,50,-17
1742098006.565133,-1,-13,-155
1742098006.6001332,-109,-27,-53
1742098006.635133,82,2,-89
1742098006.671133,8,28,-29
1742098006.707133,40,-65,-139
1742098006.7421331,12,24,-125
1742098006.7781332,2,4,-5
1742098006.813133,36,28,24
1742098006.848133,4,-33,-27
1742098006.8831332,-65,42,36
1742098006.9191332,-37,-1,-41
1742098006.9551332,-3,18,-1
1742098006.990133,94,6,14
1742098007.026133,0,10,30
1742098007.0611331,-1,44,-61
1742098007.096133,70,-39,-109
1742098007.131133,-91,-45,34
1742098007.167133,-93,-53,-55
1742098007.203133,24,22,-3
1742098007.2381332,-25,34,-131
1742098007.274133,-67,10,-31
1742098007.309133,-51,22,-85
1742098007.3441331,-11,24,18
1742098007.379133,-25,-43,8
1742098007.415133,18,50,-19
1742098007.451133,-71,46,-57
1742098007.486133,-17,-7,16
1742098007.522133,-17,-59,6
1742098007.5571332,54,-63,74
1742098007.592133,28,-9,-11
1742098007.6271331,-39,-1,-49
1742098007.6631331,-61,-51,-33
1742098007.6991332,-29,14,-87
1742098007.734133,-13,32,-49
1742098007.770133,-11,2,-93
1742098007.805133,-1,16,134
1742098007.8401332,-32,28,-9
1742098007.875133,-34,-65,106
1742098007.911133,-15,-15,68
1742098007.947133,25,36,-31
1742098007.9821332,-17,-93,-35
1742098008.0181332,88,-69,-13
1742098008.053133,-53,16,-19
1742098008.088133,21,50,-123
1742098008.124133,43,-67,-51
1742098008.1591332,-86,-63,-87
1742098008.195133,-6,-135,-5
1742098008.230133,-18,76,-51
1742098008.266133,-65,10,-67
1742098008.3011332,31,-27,-135
1742098008.336133,20,0,-51
1742098008.372133,82,2,-9
1742098008.407133,36,-13,20
1742098008.443133,-1,6,-67
1742098008.4781332,-7,-13,-43
1742098008.514133,-9,58,-47
1742098008.549133,4,2,10
1742098008.5841331,78,-11,-123
1742098008.6201332,-25,-67,20
1742098008.655133,14,10,-11
1742098008.691133,16,36,-55
1742098008.726133,-43,-61,-123
1742098008.7621331,-51,-9,0
1742098008.797133,-13,-5,-21
1742098008.832133,92,-19,-88
1742098008.868133,-13,-7,-20
1742098008.9031332,-49,32,61
1742098008.9391332,-25,-63,-10
1742098008.974133,22,-19,41
1742098009.010133,43,12,-78
1742098009.045133,59,32,-178
1742098009.0801332,7,-77,83
1742098009.116133,-41,-21,21
1742098009.151133,-3,-25,-44
1742098009.187133,36,28,-2
1742098009.2221332,-19,-37,-46
1742098009.2581332,-43,28,35
1742098009.293133,-43,-25,7
1742098009.328133,6,-11,-108
1742098009.3641331,-19,28,-80
1742098009.399133,54,-41,-10
1742098009.435133,-35,-37,35
1742098009.470133,26,-13,-52
1742098009.506133,-133,50,-76
1742098009.5411332,-51,38,-88
1742098009.576133,54,26,-48
1742098009.612133,34,-43,-6
1742098009.647133,68,38,-90
1742098009.6831331,56,-25,77
1742098009.718133,0,2,-116
1742098009.754133,22,-11,-28
1742098009.789133,-3,32,-60
1742098009.8241332,4,12,11
1742098009.8601332,-5,62,-68
1742098009.895133,14,4,-76
1742098009.931133,-7,-105,67
1742098009.966133,112,6,9
1742098010.0021331,44,-9,-56
1742098010.037133,16,14,1
1742098010.072133,38,-17,-118
1742098010.108133,46,16,-88
1742098010.1431332,-23,10,-28
1742098010.1791332,8,30,9
1742098010.214133,-11,8,-42
1742098010.250133,-59,52,0
1742098010.2851331,-7,-13,-18
1742098010.320133,16,6,-8
1742098010.356133,20,20,5
1742098010.391133,40,-7,-94
1742098010.427133,16,56,15
1742098010.4621332,-71,4,-108
1742098010.4981332,-29,-109,33
1742098010.5341332,54,-13,-80
1742098010.570133,44,-27,-76
1742098010.606133,8,-27,19
1742098010.642133,-41,-19,-104
1742098010.678133,-23,-17,-40
1742098010.713133,-1,32,-112
1742098010.7481332,60,42,-52
1742098010.7841332,42,8,9
1742098010.820133,46,-7,-56
1742098010.855133,-15,-19,-40
1742098010.891133,42,56,17
1742098010.9261332,84,-33,-110
1742098010.961133,-25,48,-60
1742098010.996133,14,-51,-96
1742098011.032133,-3,-7,-38
1742098011.068133,-29,-67,-128
1742098011.1031332,32,4,3
1742098011.139133,120,-61,-2
1742098011.174133,-41,62,29
1742098011.2091331,-21,22,-58
1742098011.244133,-15,8,-52
1742098011.280133,54,-51,-38
1742098011.316133,42,16,89
1742098011.351133,44,50,27
1742098011.3871331,34,30,-24
1742098011.422133,50,54,69
1742098011.457133,-43,-47,-84
1742098011.4921331,44,-9,-54
1742098011.5281332,96,58,-90
1742098011.5641332,-7,70,-118
1742098011.599133,-41,24,69
1742098011.635133,-33,6,-30
1742098011.670133,-47,-45,-126
1742098011.7051332,-31,24,-6
1742098011.740133,-123,-47,13
1742098011.776133,16,-57,-16
1742098011.812133,-71,-33,-120
1742098011.8471332,-29,-19,-80
1742098011.8831332,62,-25,21
1742098011.918133,0,-13,41
1742098011.953133,20,46,-24
1742098011.9881332,40,-21,-24
1742098012.024133,-75,-13,-46
1742098012.060133,-77,-17,-136
1742098012.095133,-27,-31,7
1742098012.131133,-53,44,-92
1742098012.1661332,4,-1,51
1742098012.201133,26,22,33
1742098012.236133,108,66,-38
1742098012.272133,22,52,-30
1742098012.3081331,-8,22,-36
1742098012.343133,17,8,-86
1742098012.379133,-30,-15,47
1742098012.414133,111,-35,-52
1742098012.4491332,16,10,-108
1742098012.484133,-77,2,-2
1742098012.520133,-62,-19,3
1742098012.556133,47,-31,-78
1742098012.591133,19,36,25
1742098012.6271331,40,-57,125
1742098012.662133,2,18,-6
1742098012.697133,10,-1,31
1742098012.7321332,-27,-23,-138
1742098012.7681332,-47,-49,-12
1742098012.8041332,26,22,7
1742098012.839133,14,0,-32
1742098012.875133,2,6,-74
1742098012.9101331,-25,44,13
1742098012.945133,-37,12,41
1742098012.980133,40,48,-14
1742098013.016133,-45,-55,-44
1742098013.052133,48,-3,-94
1742098013.0871332,-13,22,39
1742098013.1231332,-9,54,-60
1742098013.158133,-47,16,-48
1742098013.193133,40,30,-8
1742098013.2281332,-63,84,109
1742098013.264133,46,-29,-86
1742098013.300133,74,-7,-4
1742098013.335133,28,-51,115
1742098013.371133,-17,-45,41
1742098013.4061332,34,-55,-150
1742098013.441133,-15,60,-130
1742098013.476133,54,-5,35
1742098013.5121331,-7,-39,-10
1742098013.5481331,-59,60,-40
1742098013.583133,-91,16,-46
1742098013.619133,-51,42,-110
1742098013.654133,64,2,-60
1742098013.6891332,-35,0,27
1742098013.724133,-3,22,-86
1742098013.7611332,-69,10,-38
1742098013.796133,-61,-19,-106
1742098013.832133,-31,-37,-74
1742098013.868133,-65,30,-116
1742098013.9031332,42,-5,-64
1742098013.9391332,48,6,-38
1742098013.974133,38,-9,129
1742098014.009133,8,-47,-28
1742098014.052133,38,76,29
1742098014.088133,-29,14,-100
1742098014.124133,-9,-47,29
1742098014.1591332,22,20,-72
1742098014.195133,18,44,-96
1742098014.230133,52,-27,-22
1742098014.2651331,0,10,-76
1742098014.300133,12,18,-62
1742098014.336133,36,44,-20
1742098014.372133,56,2,-86
1742098014.407133,92,-35,-18
1742098014.443133,46,16,-142
1742098014.4781332,100,-39,13
1742098014.513133,-33,-21,-94
1742098014.5481331,-49,12,41
1742098014.5841331,-1,54,53
1742098014.6201332,-39,-43,-48
1742098014.655133,76,68,0
1742098014.691133,-47,-17,-92
1742098014.726133,-11,-19,-60
1742098014.7611332,-17,-17,-10
1742098014.796133,-39,92,-54
1742098014.832133,-15,-33,-80
1742098014.868133,-25,34,-18
1742098014.9031332,-9,28,79
1742098014.9391332,36,32,45
1742098014.974133,-55,-55,11
1742098015.009133,84,8,-88
1742098015.045133,-41,20,75
1742098015.0801332,54,-35,-28
1742098015.116133,18,12,23
1742098015.151133,-53,38,-54
1742098015.187133,-59,14,-72
1742098015.2221332,-7,-23,-54
1742098015.257133,16,-55,33
1742098015.293133,4,-63,-192
1742098015.328133,56,-33,71
1742098015.3641331,110,-101,91
1742098015.399133,-35,-37,35
1742098015.435133,-31,16,43
1742098015.470133,-27,-17,45
1742098015.5051332,6,-7,-56
1742098015.5411332,-17,74,-136
1742098015.576133,32,6,-92
1742098015.612133,10,2,-52
1742098015.647133,6,-23,-64
1742098015.6831331,28,-27,-172
1742098015.718133,-15,-45,-72
1742098015.753133,0,6,-38
1742098015.789133,-3,-39,-66
1742098015.8241332,-13,-23,-52
1742098015.8601332,78,14,-80
1742098015.895133,24,-31,19
1742098015.931133,110,14,9
1742098015.966133,-71,-11,-156
1742098016.001133,-17,-29,-27
1742098016.037133,-41,-15,-13
1742098016.072133,-3,-17,-63
1742098016.108133,-19,-29,-15
1742098016.1431332,22,-47,-127
1742098016.1791332,-11,0,-151
1742098016.214133,54,-37,36
1742098016.249133,-11,14,-57
1742098016.2851331,58,0,10
1742098016.3211331,-17,32,42
1742098016.3571332,56,-29,-53
1742098016.392133,-13,86,-69
1742098016.428133,-95,-19,-59
1742098016.463133,98,30,-85
1742098016.499133,-1,-9,-33
1742098016.5341332,26,36,-61
1742098016.569133,-27,-9,16
1742098016.605133,-7,-11,-29
1742098016.6401331,32,44,-1
1742098016.6761332,-13,-67,28
1742098016.711133,-37,8,-101
1742098016.747133,-27,0,202
1742098016.782133,-73,-29,-69
1742098016.8171332,-11,-11,38
1742098016.8531332,14,-19,-73
1742098016.888133,38,8,-61
1742098016.924133,-61,-41,-17
1742098016.9591331,72,-3,-21
1742098016.9951332,-23,-95,-29
1742098017.030133,-31,10,-93
1742098017.065133,-7,38,-17
1742098017.101133,82,-29,-139
1742098017.1361332,-67,-37,-143
1742098017.172133,-7,10,0
1742098017.207133,-61,48,34
1742098017.243133,-25,42,-31
1742098017.2781332,22,-5,-65
1742098017.313133,-5,-33,-85
1742098017.349133,38,-41,100
1742098017.384133,-47,34,56
1742098017.420133,-81,-11,-131
1742098017.4551332,-43,-1,-49
1742098017.491133,-19,-11,-201
1742098017.527133,96,4,-1
1742098017.562133,-51,42,30
1742098017.5971332,-11,44,122
1742098017.6331332,40,38,12
1742098017.6691332,-75,-29,-121
1742098017.704133,70,-25,-85
1742098017.740133,-3,66,-75
1742098017.7751331,32,22,162
1742098017.810133,-25,26,-41
1742098017.845133,74,14,-153
1742098017.881133,-43,16,-71
1742098017.917133,92,-9,40
1742098017.9521332,14,-29,-101
1742098017.9881332,26,12,-55
1742098018.023133,48,-17,-143
1742098018.0581331,-21,24,-47
1742098018.093133,-35,-41,48
1742098018.129133,-31,66,-71
1742098018.165133,74,18,-1
1742098018.200133,52,24,-87
1742098018.236133,42,-21,-19
1742098018.2711332,78,-11,-31
1742098018.306133,-25,2,-39
1742098018.341133,4,2,-55
1742098018.3771331,-31,10,-37
1742098018.4131331,-57,16,-73
1742098018.448133,56,-61,-37
1742098018.484133,88,16,-13
1742098018.519133,8,6,-25
1742098018.5541332,-27,-45,124
1742098018.589133,-49,40,24
1742098018.625133,-63,54,-49
1742098018.661133,6,-19,-55
1742098018.6961331,-15,34,-79
1742098018.7321332,14,88,-161
1742098018.767133,-7,10,76
1742098018.802133,18,12,-127
1742098018.8371332,28,12,-63
1742098018.8731332,30,-17,-71
1742098018.9091332,54,34,80
1742098018.944133,80,-33,24
1742098018.980133,18,-15,-91
1742098019.0151331,24,8,46
1742098019.050133,-47,-21,-35
1742098019.086133,-31,-39,-87
1742098019.122133,-33,-41,-77
1742098019.157133,-7,86,6
1742098019.193133,12,0,0
1742098019.2291331,-19,12,36
1742098019.264133,8,2,-105
1742098019.300133,30,-23,90
1742098019.335133,-33,-3,0
1742098019.3701332,56,6,-223
1742098019.405133,46,-11,170
1742098019.441133,18,-41,-117
1742098019.477133,-49,-87,-77
1742098019.5121331,84,-17,-107
1742098019.5481331,16,14,-7
1742098019.583133,64,-27,2
1742098019.618133,-29,-49,-125
1742098019.6531332,14,40,-139
1742098019.6891332,-53,37,-111
1742098019.7251332,46,-45,-133
1742098019.760133,-13,-1,46
1742098019.796133,-5,-1,40
1742098019.8311331,-27,31,-93
1742098019.866133,10,-28,-17
1742098019.901133,56,5,42
1742098019.937133,58,-20,30
1742098019.973133,-5,0,-65
1742098020.0081332,50,-6,16
1742098020.0441332,-35,-6,-171
1742098020.079133,24,112,18
1742098020.1141331,100,26,14
1742098020.149133,6,22,-115
1742098020.185133,-49,-13,12
1742098020.221133,-9,-63,12
1742098020.256133,16,64,80
1742098020.292133,-22,-5,-153
1742098020.3271332,-8,-21,40
1742098020.362133,-2,18,-117
1742098020.397133,3,82,80
1742098020.4331331,68,36,-73
1742098020.4691331,-4,-25,-23
1742098020.504133,-18,36,38
1742098020.540133,63,24,-209
1742098020.575133,33,-21,8
1742098020.6101332,-26,12,118
1742098020.645133,-64,34,-93
1742098020.681133,-38,-57,-15
1742098020.717133,-6,14,-69
1742098020.7521331,-30,-41,-57
1742098020.7881331,-18,0,-55
1742098020.823133,73,52,-119
1742098020.858133,-10,28,14
1742098020.8931332,-74,-17,-5
1742098020.9291332,19,50,-9
1742098020.9651332,-42,-37,-101
1742098021.000133,17,-25,-29
1742098021.036133,-78,26,66
1742098021.0711331,-90,-9,-113
1742098021.106133,-64,-59,-39
1742098021.141133,29,6,-23
1742098021.177133,-44,-85,-27
1742098021.213133,-12,40,-35
1742098021.2481332,7,28,-35
1742098021.2841332,47,-11,30
1742098021.319133,-64,12,-17
1742098021.3541331,2,-67,-129
1742098021.389133,10,-27,-93
1742098021.425133,-1,36,24
1742098021.461133,-25,42,-133
1742098021.496133,-5,-43,-135
1742098021.532133,-9,-5,68
1742098021.5671332,-71,6,-155
1742098021.602133,8,-31,-23
1742098021.6371331,64,26,0
1742098021.6731331,-15,90,52
1742098021.7091331,48,32,-109
1742098021.744133,-31,40,-9
1742098021.780133,-15,-13,100
1742098021.815133,32,-29,20
1742098021.8501332,-29,-1,-85
1742098021.8861332,16,22,-101
1742098021.921133,-65,-13,-67
1742098021.957133,-11,68,-31
1742098021.9921331,-65,6,-41
1742098022.0281332,-1,-11,102
1742098022.063133,42,-11,-11
1742098022.098133,14,-61,78
1742098022.134133,18,-7,0
1742098022.1691332,26,26,-105
1742098022.2051332,-5,0,2
1742098022.240133,8,22,-3
1742098022.276133,8,-49,-65
1742098022.3111331,50,-37,-19
1742098022.346133,12,-5,-69
1742098022.382133,-22,8,-37
1742098022.417133,0,-3,74
1742098022.453133,5,-75,-81
1742098022.4881332,30,-44,110
1742098022.524133,1,8,-37
1742098022.559133,-4,14,44
1742098022.5941331,7,-21,-75
1742098022.6301332,-46,-25,-39
1742098022.665133,19,82,12
1742098022.701133,20,46,4
1742098022.736133,2,-27,138
1742098022.772133,9,6,-73
1742098022.8071332,27,-31,-13
1742098022.842133,-112,28,-67
1742098022.878133,-44,-15,88
1742098022.9131331,-22,78,30
1742098022.9491332,47,-45,8
1742098022.984133,43,24,-13
1742098023.020133,21,-79,-117
1742098023.055133,-66,30,-89
1742098023.0901332,97,36,-25
1742098023.126133,31,-25,-95
1742098023.161133,21,42,58
1742098023.197133,-36,-75,-147
1742098023.2321332,73,6,-99
1742098023.2681332,-16,-1,52
1742098023.303133,35,30,34
1742098023.338133,25,-11,-129
1742098023.374133,-62,-29,-17
1742098023.4091332,41,32,-9
1742098023.445133,-68,-71,-47
1742098023.480133,-30,-17,-43
1742098023.516133,25,18,-45
1742098023.5511332,-50,14,12
1742098023.586133,37,-49,-21
1742098023.622133,11,42,-109
1742098023.657133,-38,-37,25
1742098023.693133,1,-33,-10
1742098023.7281332,-18,-31,-85
1742098023.764133,57,-23,-14
1742098023.799133,-6,-29,67
1742098023.8341331,-38,40,-96
1742098023.8701332,-22,-31,-112
1742098023.905133,-72,-31,-131
1742098023.941133,-22,12,-68
1742098023.976133,-62,-19,-38
1742098024.0121331,-60,18,-82
1742098024.0541332,29,18,-2
1742098024.0901332,-10,-75,-14
1742098024.126133,85,-21,0
1742098024.161133,-74,8,-92
1742098024.197133,1,-9,0
1742098024.2321332,-30,-13,-10
1742098024.267133,1,-49,-82
1742098024.302133,-38,44,-92
1742098024.338133,-88,10,101
1742098024.374133,23,-33,-30
1742098024.4091332,19,14,-70
1742098024.445133,31,-1,-118
1742098024.480133,61,30,83
1742098024.5151331,55,30,27
1742098024.550133,11,98,7
1742098024.586133,-24,-19,29
1742098024.622133,-72,-29,-46
1742098024.657133,35,-51,-96
1742098024.693133,-34,-23,-30
1742098024.7281332,51,-23,-118
1742098024.763133,9,-23,-64
1742098024.7981331,53,56,-64
1742098024.8341331,15,0,33
1742098024.8701332,-22,-27,-40
1742098024.905133,55,18,1
1742098024.941133,-24,42,123
1742098024.976133,-18,4,-160
1742098025.0111332,-6,16,79
1742098025.046133,27,-11,-64
1742098025.082133,103,8,-64
1742098025.118133,-104,-1,-102
1742098025.1531332,73,26,-52
1742098025.1891332,13,-5,-10
1742098025.224133,-6,-83,11
1742098025.259133,-22,-35,63
1742098025.2941332,-38,-11,-54
1742098025.3301332,-90,40,29
1742098025.366133,89,4,7
1742098025.401133,9,-61,57
1742098025.437133,-50,-5,31
1742098025.4721332,45,-17,101
1742098025.507133,35,-13,-48
1742098025.542133,2,6,59
1742098025.578133,-52,26,-60
1742098025.6141331,43,-41,-100
1742098025.649133,27,-45,-18
1742098025.685133,43,36,-24
1742098025.720133,7,-15,-28
1742098025.7551332,-94,-41,-114
1742098025.790133,-13,48,-56
1742098025.826133,-4,24,-100
1742098025.862133,22,-1,-6
1742098025.897133,-55,-57,-86
1742098025.9331331,-11,-13,-2
1742098025.968133,40,36,61
1742098026.003133,-15,2,-62
1742098026.0381331,-7,-1,47
1742098026.0741332,-11,56,15
1742098026.1101332,-1,-17,-22
1742098026.145133,20,36,11
1742098026.181133,-9,-73,-38
1742098026.216133,2,-33,117
1742098026.251133,8,12,-28
1742098026.286133,-3,-11,-52
1742098026.322133,100,0,-28
1742098026.358133,-111,44,47
1742098026.3931332,-45,-1,-52
1742098026.4291332,50,54,-22
1742098026.464133,-33,-21,-128
1742098026.499133,26,-3,-16
1742098026.5341332,28,-17,-34
1742098026.570133,2,-25,-190
1742098026.606133,-31,-37,-128
1742098026.641133,16,-53,3
1742098026.677133,-43,34,-20
1742098026.7121332,10,-57,45
1742098026.747133,-31,24,-34
1742098026.782133,24,-17,19
1742098026.818133,-87,44,-80
1742098026.8541331,50,-13,55
1742098026.889133,86,-7,31
1742098026.925133,-59,-3,125
1742098026.960133,-31,-7,-52
1742098026.9951332,16,8,123
1742098027.030133,44,-93,1
1742098027.066133,-7,38,-70
1742098027.102133,8,-15,1
1742098027.1371331,-9,24,-46
1742098027.1731331,-5,-55,-40
1742098027.208133,-45,50,51
1742098027.243133,20,70,37
1742098027.2781332,12,38,-4
1742098027.3141332,74,-3,39
1742098027.3501332,58,24,-60
1742098027.385133,-67,16,-80
1742098027.421133,-5,52,-44
1742098027.4561331,-25,24,129
1742098027.491133,32,-41,-76
1742098027.526133,12,44,69
1742098027.562133,38,-47,25
1742098027.598133,-33,28,-102
1742098027.6331332,-77,-57,-42
1742098027.6691332,87,-65,-22
1742098027.704133,21,48,-98
1742098027.7391331,-8,22,-70
1742098027.774133,-62,-21,13
1742098027.810133,-60,-41,3
1742098027.846133,-79,16,-20
1742098027.881133,-5,32,-56
1742098027.917133,54,56,-28
1742098027.9521332,21,40,-52
1742098027.987133,-41,-49,-68
1742098028.022133,-33,-41,-32
1742098028.0581331,-51,74,-98
1742098028.0941331,-14,-3,13
1742098028.129133,-4,40,-104
1742098028.165133,21,-59,-46
1742098028.200133,-30,-17,47
1742098028.2351332,44,-5,-84
1742098028.270133,-30,46,-8
1742098028.306133,128,10,-66
1742098028.342133,-51,-51,21
1742098028.3771331,62,-73,121
1742098028.4131331,4,0,-42
1742098028.448133,16,-3,-78
1742098028.483133,22,34,-2
1742098028.519133,-27,44,-80
1742098028.5541332,-15,54,-48
1742098028.5901332,-89,32,75
1742098028.625133,-3,-45,-98
1742098028.661133,24,-1,7
1742098028.6961331,46,24,27
1742098028.731133,58,-35,-14
1742098028.767133,4,10,-96
1742098028.802133,-37,38,-14
1742098028.838133,-29,-55,-78
1742098028.8731332,-13,-21,-2
1742098028.9091332,-89,26,77
1742098028.944133,28,-47,71
1742098028.9791331,44,-3,-98
1742098029.0151331,-55,-19,-10
1742098029.050133,6,-75,-88
1742098029.086133,30,0,-100
1742098029.121133,30,18,-80
1742098029.157133,-13,48,79
1742098029.1921332,-45,12,-106
1742098029.227133,44,-53,93
1742098029.263133,-99,-75,-68
1742098029.2981331,8,12,-4
1742098029.3341331,-11,-17,-32
1742098029.369133,12,4,-6
1742098029.405133,-63,2,-54
1742098029.440133,-53,48,-4
1742098029.4751332,20,-9,1
1742098029.5111332,48,-17,-108
1742098029.546133,-35,60,-120
1742098029.582133,-29,32,-14
1742098029.6171331,-21,34,31
1742098029.6531332,-1,4,-142
1742098029.688133,30,4,-54
1742098029.723133,40,-5,-46
1742098029.759133,6,-131,-22
1742098029.7941332,-17,-17,65
1742098029.8301332,-35,44,-44
1742098029.865133,-25,-19,-48
1742098029.901133,-13,88,-84
1742098029.9361331,84,-59,63
1742098029.971133,-3,-13,-82
1742098030.007133,-19,-49,19
1742098030.042133,-5,30,1
1742098030.078133,-23,-15,-44
1742098030.1131332,58,10,-18
1742098030.149133,54,-21,-44
1742098030.184133,-33,-67,33
1742098030.2191331,-71,-1,-72
1742098030.2551332,16,58,-10
1742098030.290133,-13,64,-36
1742098030.326133,-65,76,0
1742098030.361133,-41,34,-48
1742098030.397133,-15,8,-150
1742098030.4321332,16,-13,-102
1742098030.467133,-5,24,-80
1742098030.503133,12,-51,47
1742098030.5381331,-11,10,-42
1742098030.5741332,-77,-51,-38
1742098030.609133,42,52,15
1742098030.645133,-91,-97,-88
1742098030.680133,-79,4,-10
1742098030.7151332,-25,36,-16
1742098030.751133,-127,-35,-88
1742098030.786133,104,-25,-116
1742098030.822133,-7,60,55
1742098030.8571332,-29,46,-50
1742098030.8931332,6,-11,-106
1742098030.928133,28,10,-130
1742098030.963133,-35,34,-60
1742098030.999133,-61,-1,-98
1742098031.0341332,30,140,-44
1742098031.070133,-17,-43,35
1742098031.105133,-29,-63,-20
1742098031.141133,8,82,-114
1742098031.177133,10,28,91
1742098031.213133,2,4,-92
1742098031.249133,6,96,71
1742098031.2841332,14,18,71
1742098031.319133,-25,-23,67
1742098031.355133,-11,24,-32
1742098031.391133,20,-5,85
1742098031.4261332,-35,-19,-44
1742098031.4621332,8,28,-124
1742098031.497133,0,26,-136
1742098031.532133,-7,-61,-96
1742098031.5671332,14,-29,-94
1742098031.6031332,12,-1,67
1742098031.639133,106,6,33
1742098031.674133,22,-17,-60
1742098031.710133,-50,-25,-50
1742098031.7451332,11,94,87
1742098031.780133,51,-55,-196
1742098031.815133,59,-1,67
1742098031.851133,95,12,11
1742098031.8871331,19,-75,-90
1742098031.922133,-4,-23,35
1742098031.958133,3,4,-44
1742098031.993133,87,40,-50
1742098032.0281332,-20,-25,-148
1742098032.063133,13,-73,-30
1742098032.099133,-102,4,-34
1742098032.135133,-12,-15,13
1742098032.170133,-22,-23,-50
1742098032.2061331,25,-31,-122
1742098032.241133,40,-23,-10
1742098032.276133,-35,-1,21
1742098032.3111331,66,-23,7
1742098032.3471332,50,40,1
1742098032.3831332,-80,4,-72
1742098032.418133,-32,-55,-58
1742098032.454133,-4,8,-26
1742098032.4891331,45,-5,-58
1742098032.524133,-8,48,-12
1742098032.559133,-44,-25,-54
1742098032.595133,-42,30,-102
1742098032.631133,9,-31,-118
1742098032.6661332,-18,2,5
1742098032.7021332,3,4,-54
1742098032.737133,83,-41,3
1742098032.772133,-48,-21,-50
1742098032.8071332,11,-5,-106
1742098032.843133,6,-9,-24
1742098032.879133,-14,82,-12
1742098032.914133,-28,-53,37
1742098032.950133,101,-29,13
1742098032.9851332,27,-9,-48
1742098033.020133,58,-23,0
1742098033.055133,30,-57,-42
1742098033.091133,33,-19,-4
1742098033.1271331,0,-59,45
1742098033.162133,63,-29,-36
1742098033.198133,15,-21,-10
1742098033.233133,30,32,17
1742098033.2681332,67,-17,-110
1742098033.303133,103,-11,113
1742098033.339133,9,-39,53
1742098033.375133,53,-33,-62
1742098033.4101331,15,14,-48
1742098033.4461331,83,2,5
1742098033.481133,-35,-9,-60
1742098033.516133,-17,20,1
1742098033.5511332,30,-9,-134
1742098033.5871332,-21,22,-66
1742098033.6231332,50,34,-10
1742098033.658133,48,-73,73
1742098033.694133,16,52,-72
1742098033.7291331,-61,-67,-66
1742098033.764133,8,-53,-76
1742098033.799133,-67,-129,-10
1742098033.835133,-107,-79,-2
1742098033.871133,34,6,-86
1742098033.9061332,-9,52,-62
1742098033.9421332,-23,-25,-50
1742098033.977133,30,-43,-46
1742098034.0121331,0,-9,-128
1742098034.047133,46,-23,-108
1742098034.0901332,34,-3,37
1742098034.1271331,4,-67,-26
1742098034.162133,-51,-1,-32
1742098034.198133,40,-21,57
1742098034.233133,-19,4,-78
1742098034.2681332,-7,40,61
1742098034.303133,-35,48,-24
1742098034.339133,122,-19,-124
1742098034.375133,6,-13,-20
1742098034.4101331,-15,-73,57
1742098034.4461331,22,6,-30
1742098034.481133,12,4,-144
1742098034.516133,-29,66,-58
1742098034.5511332,-57,16,-118
1742098034.5871332,2,24,25
1742098034.6231332,36,4,-80
1742098034.658133,-13,-41,11
1742098034.694133,96,-75,-18
1742098034.7291331,54,-11,-90
1742098034.764133,44,66,-44
1742098034.799133,22,-27,17
1742098034.835133,-39,-61,-40
1742098034.871133,-97,40,-120
1742098034.9061332,-3,38,-26
1742098034.9421332,12,48,-50
1742098034.977133,-1,10,-88
1742098035.0121331,-31,44,-54
1742098035.047133,140,-33,-78
1742098035.083133,0,-3,65
1742098035.119133,-17,-79,-2
1742098035.154133,-25,6,-110
1742098035.190133,-11,122,-48
1742098035.2251332,-57,-11,-112
1742098035.260133,10,24,-18
1742098035.295133,8,-33,-28
1742098035.3311331,-53,20,-64
1742098035.3671331,78,-27,-150
1742098035.402133,-107,-23,-6
1742098035.438133,2,38,-16
1742098035.473133,56,0,-140
1742098035.5081332,-23,-37,-48
1742098035.5441332,-9,-95,61
1742098035.579133,38,-37,5
1742098035.615133,-47,-47,-58
1742098035.6501331,-1,-33,-112
1742098035.6861331,-33,52,39
1742098035.721133,4,24,29
1742098035.756133,54,-17,-50
1742098035.792133,10,-47,-76
1742098035.8271332,32,-9,-82
1742098035.8631332,10,16,-98
1742098035.898133,36,16,7
1742098035.934133,-43,14,-40
1742098035.9691331,50,-79,-76
1742098036.004133,-89,-49,5
1742098036.040133,32,110,-68
1742098036.075133,30,42,27
1742098036.111133,-25,18,97
1742098036.1461332,-77,-9,-8
1742098036.1821332,66,52,-118
1742098036.217133,-59,10,-162
1742098036.2521331,-11,-29,9
1742098036.2881331,-11,-37,57
1742098036.323133,-25,-33,-88
1742098036.359133,18,-17,-36
1742098036.394133,36,-11,-116
1742098036.430133,0,12,-98
1742098036.4651332,-53,44,-14
1742098036.500133,-5,-7,99
1742098036.536133,14,4,-92
1742098036.5711331,-18,20,25
1742098036.6071332,-20,-41,-110
1742098036.642133,-24,-13,-184
1742098036.678133,41,-75,33
1742098036.713133,49,30,-44
1742098036.7481332,15,24,-52
1742098036.7841332,15,-9,23
1742098036.819133,-28,0,29
1742098036.855133,71,-69,37
1742098036.8901331,-22,2,-38
1742098036.9261332,-16,-61,-12
1742098036.961133,-98,-43,3
1742098036.996133,91,20,-46
1742098037.032133,15,24,-78
1742098037.0671332,-3,6,-38
1742098037.1031332,-2,44,-66
1742098037.138133,-20,-51,53
1742098037.174133,-42,8,13
1742098037.2091331,-30,24,-58
1742098037.244133,-26,66,-164
1742098037.280133,-34,28,-14
1742098037.315133,99,34,25
1742098037.351133,-22,24,-70
1742098037.3861332,47,8,19
1742098037.422133,-32,-55,-64
1742098037.457133,39,-25,-98
1742098037.4921331,-16,-43,-4
1742098037.5281332,-54,40,-50
1742098037.563133,-62,-59,-26
1742098037.599133,91,-63,-8
1742098037.634133,21,-3,41
1742098037.670133,27,-29,-120
1742098037.7051332,39,-33,67
1742098037.740133,-22,76,-104
1742098037.776133,59,-43,13
1742098037.8111331,3,-113,-198
1742098037.8471332,-12,-57,-54
1742098037.882133,-108,-41,-14
1742098037.918133,31,-5,-20
1742098037.953133,31,-25,-44
1742098037.9881332,-6,-23,-120
1742098038.024133,-24,92,-152
1742098038.059133,-20,8,103
1742098038.095133,-10,-23,45
1742098038.1301332,31,-31,-30
1742098038.165133,75,-75,-18
1742098038.200133,11,30,-10
1742098038.236133,-102,-67,-142
1742098038.272133,63,-53,-114
1742098038.3071332,-18,36,33
1742098038.343133,-24,80,-42
1742098038.378133,-48,-7,75
1742098038.4131331,-46,60,1
1742098038.448133,-4,4,-88
1742098038.484133,23,-55,0
1742098038.520133,-30,0,29
1742098038.555133,-56,20,-74
1742098038.591133,44,-15,-62
1742098038.626133,-2,-1,-190
1742098038.661133,-32,-73,-52
1742098038.6961331,-79,60,-34
1742098038.7321332,32,62,29
1742098038.7681332,18,8,-62
1742098038.803133,18,-25,35
1742098038.839133,-11,-55,-142
1742098038.874133,42,42,95
1742098038.9091332,6,60,-4
1742098038.944133,60,-17,5
1742098038.980133,62,86,-70
1742098039.016133,-64,-49,-100
1742098039.0511332,7,32,-180
1742098039.0871332,15,66,-6
1742098039.122133,-10,-51,45
1742098039.157133,29,110,-164
1742098039.1921332,-66,-35,-26
1742098039.2281332,25,-49,59
1742098039.264133,89,18,49
1742098039.299133,17,-45,-122
1742098039.335133,-2,-29,-10
1742098039.3701332,57,-13,-122
1742098039.405133,91,24,-48
1742098039.440133,-21,-35,-64
1742098039.476133,2,-37,35
1742098039.5121331,14,16,47
1742098039.547133,-27,42,41
1742098039.583133,-7,-77,-26
1742098039.618133,-47,-11,-20
1742098039.6531332,-51,88,-6
1742098039.688133,46,-5,-68
1742098039.724133,-3,-15,-12
1742098039.760133,-15,14,47
1742098039.795133,16,-57,-46
1742098039.8311331,-33,-11,-86
1742098039.866133,-17,16,-4
1742098039.901133,8,-3,21
1742098039.9361331,56,-17,-64
1742098039.9721332,-19,-13,-82
1742098040.0081332,-67,59,-92
1742098040.043133,-15,-20,-2
1742098040.079133,44,-10,-2
1742098040.1141331,12,-4,-142
1742098040.149133,-35,20,9
1742098040.184133,-63,-57,37
1742098040.220133,-35,62,-92
1742098040.256133,-83,6,0
1742098040.2911332,-73,38,-80
1742098040.3271332,-17,18,-90
1742098040.362133,-33,-13,-16
1742098040.397133,-9,54,-26
1742098040.4321332,74,-31,-46
1742098040.468133,26,-17,-14
1742098040.504133,82,42,0
1742098040.539133,-25,85,-46
1742098040.575133,-13,35,-60
1742098040.6101332,-33,81,-4
1742098040.645133,22,68,-8
1742098040.680133,2,-52,-2
1742098040.716133,126,-35,-96
1742098040.7521331,4,-93,-157
1742098040.787133,-28,48,24
1742098040.823133,76,-10,-163
1742098040.858133,2,2,44
1742098040.8931332,-30,-40,6
1742098040.928133,-41,-43,-47
1742098040.964133,-35,87,62
1742098041.000133,6,-45,34
1742098041.0351331,16,-58,8
1742098041.0711331,78,0,44
1742098041.106133,36,12,18
1742098041.141133,4,-76,-83
1742098041.1761332,-16,38,24
1742098041.2121332,38,-8,-25
1742098041.2481332,66,-28,-155
1742098041.283133,-32,-14,-69
1742098041.319133,-89,52,-17
1742098041.3541331,-6,-8,-85
1742098041.389133,-26,36,-23
1742098041.424133,88,-16,-83
1742098041.460133,-33,-1,-129
1742098041.496133,54,30,-95
1742098041.5311332,36,56,-35
1742098041.5671332,72,-55,-27
1742098041.602133,20,6,38
1742098041.6371331,8,-3,-31
1742098041.672133,28,20,-57
1742098041.708133,-9,-7,-111
1742098041.744133,-15,-81,64
1742098041.779133,64,-65,106
1742098041.815133,16,-65,-129
1742098041.8501332,-19,84,28
1742098041.885133,110,12,-61
1742098041.920133,-45,74,-31
1742098041.9561331,-17,-23,14
1742098041.9921331,-53,-51,-81
1742098042.027133,34,-9,-87
1742098042.063133,29,-51,-107
1742098042.098133,-8,-21,-47
1742098042.1331332,11,14,-141
1742098042.168133,-49,4,-11
1742098042.204133,54,-35,-59
1742098042.240133,56,-25,-131
1742098042.2751331,-35,-121,18
1742098042.3111331,-29,18,-147
1742098042.346133,16,-43,-93
1742098042.381133,-27,28,-37
1742098042.417133,-13,38,-95
1742098042.4521332,-65,-25,38
1742098042.4881332,-13,-25,-39
1742098042.523133,34,28,-73
1742098042.559133,94,22,-89
1742098042.5941331,-27,10,-53
1742098042.629133,22,-35,-93
1742098042.665133,106,-13,-21
1742098042.700133,6,-97,-33
1742098042.736133,-95,28,14
1742098042.7711332,30,20,-11
1742098042.8071332,-37,20,-69
1742098042.842133,26,-79,70
1742098042.8771331,14,38,-31
1742098042.9131331,14,-3,28
1742098042.948133,-31,-1,-29
1742098042.984133,148,22,2
1742098043.019133,48,46,44
1742098043.055133,128,30,-103
1742098043.0901332,16,-101,-55
1742098043.125133,22,-23,-87
1742098043.161133,-13,6,-31
1742098043.1961331,-1,-43,32
1742098043.2321332,8,-21,-105
1742098043.267133,-1,22,-107
1742098043.303133,66,-25,-39
1742098043.338133,38,-3,-147
1742098043.3731332,22,-87,-49
1742098043.4091332,8,48,-23
1742098043.444133,34,-39,-119
1742098043.480133,-19,-13,-47
1742098043.5151331,-53,16,-65
1742098043.5511332,-9,-1,-49
1742098043.586133,-75,-9,112
1742098043.621133,4,-37,16
1742098043.657133,-17,34,82
1742098043.6921332,6,0,-75
1742098043.7281332,20,-5,-81
1742098043.763133,58,-53,-41
1742098043.799133,-11,32,-153
1742098043.8341331,6,-9,-33
1742098043.869133,-23,-31,-17
1742098043.905133,26,26,-3
1742098043.940133,-1,28,4
1742098043.976133,-29,66,-77
1742098044.0111332,-89,-43,-47
1742098044.047133,-1,-25,20
1742098044.082133,24,-29,-33
1742098044.124133,18,68,48
1742098044.161133,-55,4,-73
1742098044.1961331,32,16,-151
1742098044.2321332,-13,-3,-71
1742098044.267133,40,10,-7
1742098044.303133,-23,-19,38
1742098044.338133,6,-31,-161
1742098044.3731332,-1,-41,56
1742098044.4091332,-29,-19,-137
1742098044.444133,30,-67,-89
1742098044.480133,-5,24,-67
1742098044.5151331,4,4,-75
1742098044.5511332,-53,-65,-15
1742098044.586133,-29,-17,-59
1742098044.621133,-27,24,-35
1742098044.657133,4,-1,-83
1742098044.6921332,-25,-33,-105
1742098044.7281332,20,-101,-49
1742098044.763133,-43,-127,-113
1742098044.799133,-63,-11,-103
1742098044.835133,-3,34,-39
1742098044.871133,-13,-29,72
1742098044.907133,-69,78,-33
1742098044.9421332,60,-19,-97
1742098044.977133,-3,28,-95
1742098045.013133,-35,26,70
1742098045.049133,66,6,38
1742098045.0841331,10,2,42
1742098045.1201332,-71,-31,-111
1742098045.155133,10,-29,-45
1742098045.190133,-3,-77,64
1742098045.2251332,30,-103,-161
1742098045.2611332,22,12,0
1742098045.297133,-47,72,-79
1742098045.332133,-23,-49,-95
1742098045.368133,-7,-3,-51
1742098045.4031332,0,-51,-135
1742098045.438133,-11,52,-27
1742098045.473133,16,-47,-27
1742098045.509133,30,0,-29
1742098045.545133,26,34,-35
1742098045.5801332,-15,-27,20
1742098045.616133,46,-33,-49
1742098045.651133,-71,-31,-15
1742098045.6861331,-73,82,-123
1742098045.721133,10,-47,-11
1742098045.757133,-19,-63,-49
1742098045.793133,8,14,34
1742098045.828133,-49,4,-133
1742098045.8641331,-89,-11,-45
1742098045.899133,-51,82,90
1742098045.934133,-97,-33,98
1742098045.9691331,-53,34,-83
1742098046.0051332,-37,4,2
1742098046.0411332,36,56,-5
1742098046.076133,-59,28,-63
1742098046.112133,60,-3,-23
1742098046.147133,34,38,-123
1742098046.1821332,52,-19,20
1742098046.217133,-15,6,6
1742098046.253133,24,2,-37
1742098046.289133,-27,-63,-15
1742098046.3241332,106,-45,-79
1742098046.3601332,-83,-39,-61
1742098046.395133,-7,4,-21
1742098046.430133,26,22,-29
1742098046.4651332,44,36,-59
1742098046.501133,12,24,-125
1742098046.537133,18,24,76
1742098046.572133,-81,-25,-137
1742098046.608133,4,36,10
1742098046.6431332,20,-47,0
1742098046.678133,0,-27,-31
1742098046.713133,-45,-7,-7
1742098046.749133,32,-23,-68
1742098046.7851331,-41,0,-20
1742098046.820133,-7,12,-112
1742098046.856133,26,-37,-66
1742098046.891133,86,-33,5
1742098046.9261332,-77,8,-34
1742098046.961133,-1,14,69
1742098046.997133,8,42,65
1742098047.033133,-13,-27,-4
1742098047.068133,4,-11,-84
1742098047.1041331,-65,-23,-120
1742098047.139133,62,-95,31
1742098047.174133,12,8,16
1742098047.2091331,-29,-63,-29
1742098047.2451332,-11,-3,-149
1742098047.2811332,112,72,42
1742098047.316133,54,-27,-67
1742098047.352133,-73,-49,-95
1742098047.3871331,54,-43,-55
1742098047.422133,-31,-43,-43
1742098047.457133,56,-11,-122
1742098047.493133,50,24,-70
1742098047.529133,-7,28,41
1742098047.5641332,4,-49,-62
1742098047.6001332,-7,2,-108
1742098047.635133,-23,4,31
1742098047.670133,54,62,-102
1742098047.7051332,-71,44,-188
1742098047.741133,-9,-33,17
1742098047.777133,8,-29,-12
1742098047.812133,-23,50,-132
1742098047.848133,-47,-53,53
1742098047.8831332,104,18,-80
1742098047.918133,22,86,-10
1742098047.953133,-51,-7,0
1742098047.9891331,-9,8,-54
1742098048.0251331,36,58,-8
1742098048.060133,4,12,7
1742098048.096133,24,-27,-56
1742098048.131133,94,-91,-36
1742098048.1661332,-57,-37,-134
1742098048.201133,-7,-11,43
1742098048.237133,-37,34,-36
1742098048.273133,8,38,-32
1742098048.3081331,-3,20,-38
1742098048.3441331,10,34,17
1742098048.379133,6,-49,-24
1742098048.414133,-65,-39,77
1742098048.4491332,-33,-41,-34
1742098048.4851332,-29,38,-48
1742098048.5211332,-27,-65,-98
1742098048.556133,-63,-25,-60
1742098048.592133,10,60,-52
1742098048.6271331,26,48,57
1742098048.662133,58,-23,-46
1742098048.697133,94,-37,5
1742098048.733133,-23,-25,-34
1742098048.769133,52,12,-36
1742098048.8041332,74,32,39
1742098048.8401332,46,8,-84
1742098048.875133,42,-3,-64
1742098048.9101331,26,-29,51
1742098048.945133,60,24,-36
1742098048.981133,-35,-71,-216
1742098049.017133,-3,-11,-2
1742098049.052133,-3,-45,-78
1742098049.088133,-19,-7,-46
1742098049.1231332,-25,30,-80
1742098049.158133,2,-1,-42
1742098049.193133,12,-43,-78
1742098049.2291331,44,86,-102
1742098049.2651331,-39,30,-54
1742098049.300133,52,-63,-26
1742098049.336133,56,54,31
1742098049.371133,-17,-51,-38
1742098049.4061332,-49,4,-8
1742098049.4421332,20,-15,-62
1742098049.477133,44,-17,83
1742098049.513133,56,-11,-84
1742098049.5481331,-5,-7,-48
1742098049.5841331,8,52,99
1742098049.619133,-7,-33,1
1742098049.654133,4,-9,-82
1742098049.690133,6,-39,-134
1742098049.7251332,-45,-53,35
1742098049.7611332,-27,22,-36
1742098049.796133,-17,-9,37
1742098049.832133,-35,4,-160
1742098049.8671331,-3,-15,-10
1742098049.902133,0,16,-50
1742098049.938133,-73,70,45
1742098049.973133,-35,-5,81
1742098050.009133,-11,-27,39
1742098050.0441332,-7,-47,99
1742098050.0801332,-13,32,-150
1742098050.115133,-13,6,-56
1742098050.1501331,-59,-7,-50
1742098050.1861331,24,-35,0
1742098050.221133,66,-79,-28
1742098050.257133,-3,-25,-106
1742098050.292133,58,62,-96
1742098050.328133,-101,10,-86
1742098050.3631332,6,38,-70
1742098050.398133,-63,-7,-4
1742098050.434133,-55,-39,-68
1742098050.4691331,6,20,-92
1742098050.5051332,28,-29,9
1742098050.540133,24,-3,21
1742098050.576133,-19,-13,59
1742098050.611133,50,-33,-112
1742098050.6461332,6,10,31
1742098050.6821332,-13,12,1
1742098050.717133,-3,-41,-126
1742098050.753133,2,6,1
1742098050.7881331,34,-19,43
1742098050.8241332,-25,10,-46
1742098050.859133,0,-23,59
1742098050.894133,30,-83,19
1742098050.930133,-17,-69,-22
1742098050.9651332,-35,22,-36
1742098051.001133,28,20,-36
1742098051.036133,26,44,-166
1742098051.072133,-103,-31,9
1742098051.1071332,100,-35,-116
1742098051.142133,-47,18,-144
1742098051.178133,-61,-7,-92
1742098051.213133,68,26,-138
1742098051.249133,52,22,103
1742098051.2841332,-41,10,-64
1742098051.320133,26,-85,-40
1742098051.355133,22,44,-6
1742098051.3901331,-71,-61,39
1742098051.4261332,36,-3,-138
1742098051.461133,-45,-97,-86
1742098051.497133,16,90,-28
1742098051.532133,142,32,-74
1742098051.568133,10,36,57
1742098051.6031332,-57,-25,-60
1742098051.638133,-33,-11,-86
1742098051.674133,-23,20,-24
1742098051.7091331,-17,-67,31
1742098051.7451332,22,30,-180
1742098051.780133,4,64,-62
1742098051.815133,-67,24,-146
1742098051.8501332,76,-15,3
1742098051.8861332,-3,16,-42
1742098051.922133,96,-11,-58
1742098051.957133,12,4,-126
1742098051.993133,-67,-31,-8
1742098052.0281332,36,-15,71
1742098052.063133,74,0,-60
1742098052.098133,0,-47,-26
1742098052.134133,-19,-29,-122
1742098052.170133,6,62,47
1742098052.2051332,-31,-23,-2
1742098052.241133,-13,-13,-96
1742098052.276133,24,24,-82
1742098052.3111331,4,40,-142
1742098052.346133,-35,48,13
1742098052.382133,-63,26,3
1742098052.418133,-13,14,-6
1742098052.453133,100,56,161
1742098052.4891331,-25,48,-42
1742098052.524133,-5,54,21
1742098052.559133,-29,70,3
1742098052.5941331,-41,50,-70
1742098052.6301332,118,34,-98
1742098052.6661332,-15,-9,33
1742098052.701133,-77,-57,-18
1742098052.737133,-41,-37,-16
1742098052.772133,0,-9,57
1742098052.8071332,50,-33,103
1742098052.842133,22,20,-66
1742098052.878133,-29,-21,31
1742098052.914133,54,42,-110
1742098052.9491332,118,20,-186
1742098052.9851332,-77,0,-184
1742098053.020133,35,44,-18
1742098053.055133,1,-35,-42
1742098053.0901332,-50,-23,-80
1742098053.126133,-14,-43,45
1742098053.162133,9,34,69
1742098053.197133,9,60,-24
1742098053.233133,7,10,-18
1742098053.2681332,31,38,-12
1742098053.303133,17,-25,-24
1742098053.338133,5,58,19
1742098053.374133,17,-7,73
1742098053.4101331,-68,-29,-110
1742098053.445133,-24,28,-2
1742098053.481133,25,2,-6
1742098053.516133,13,12,-48
1742098053.5511332,-12,-47,-132
1742098053.586133,-14,84,-90
1742098053.622133,35,30,27
1742098053.658133,15,-39,7
1742098053.693133,29,-67,-112
1742098053.7291331,67,34,81
1742098053.764133,-26,66,-24
1742098053.799133,25,4,59
1742098053.8341331,113,-19,-126
1742098053.8701332,75,2,23
1742098053.9061332,-62,-75,143
1742098053.941133,-8,-103,-136
1742098053.977133,57,-63,47
1742098054.0121331,23,-67,75
1742098054.047133,56,-51,-76
1742098054.082133,8,88,0
1742098054.118133,-61,84,-92
1742098054.161133,-7,-13,-112
1742098054.197133,15,60,-12
1742098054.233133,-12,-9,-8
1742098054.2681332,57,-7,-38
1742098054.303133,77,32,7
1742098054.338133,-74,-9,-8
1742098054.374133,47,46,-186
1742098054.4101331,1,14,53
1742098054.445133,6,-49,-162
1742098054.481133,43,0,-82
1742098054.516133,38,4,-26
1742098054.5511332,-6,-47,-104
1742098054.586133,31,30,75
1742098054.622133,53,40,-68
1742098054.658133,17,40,-38
1742098054.693133,9,-39,-94
1742098054.7291331,-30,-77,-76
1742098054.764133,31,-7,-116
1742098054.799133,-3,-47,-50
1742098054.8341331,-12,-13,7
1742098054.8701332,-17,-53,0
1742098054.9061332,4,-53,27
1742098054.941133,-11,50,115
1742098054.977133,-5,80,-32
1742098055.0121331,-15,58,-114
1742098055.047133,10,0,-32
1742098055.082133,-31,-63,-8
1742098055.118133,-74,-31,-138
1742098055.154133,-21,-47,-26
1742098055.1891332,-15,38,-68
1742098055.2251332,-19,16,-136
1742098055.260133,54,-57,25
1742098055.295133,-25,8,-78
1742098055.3301332,10,6,-24
1742098055.366133,-13,48,-84
1742098055.402133,-19,31,5
1742098055.437133,-53,-68,-98
1742098055.473133,46,-14,-52
1742098055.5081332,116,-90,-6
1742098055.543133,-15,-41,-40
1742098055.578133,22,-44,53
1742098055.6141331,-51,-4,-58
1742098055.6501331,-3,8,-84
1742098055.685133,4,-81,9
1742098055.721133,8,76,-36
1742098055.756133,-23,-27,73
1742098055.7911332,36,4,-18
1742098055.826133,36,-6,-138
1742098055.862133,-125,-35,-44
1742098055.898133,6,48,-64
1742098055.9331331,84,53,63
1742098055.9691331,-81,43,67
1742098056.004133,106,7,-36
1742098056.039133,-47,0,73
1742098056.075133,-3,32,-91
1742098056.1101332,-45,44,-103
1742098056.1461332,28,42,30
1742098056.181133,22,4,-7
1742098056.217133,-25,43,8
1742098056.2521331,24,-13,-159
1742098056.287133,-5,-29,56
1742098056.323133,-45,94,-93
1742098056.358133,8,25,70
1742098056.394133,58,-50,-159
1742098056.4291332,56,-9,118
1742098056.4651332,-25,-61,-37
1742098056.500133,-63,-21,-65
1742098056.5351331,-31,50,-171
1742098056.5711331,-93,22,168
1742098056.606133,-5,64,-47
1742098056.642133,-17,-25,-25
1742098056.677133,62,-45,-37
1742098056.713133,110,-117,-43
1742098056.7481332,-33,10,46
1742098056.783133,48,30,0
1742098056.819133,34,90,-19
1742098056.8541331,-1,48,-63
1742098056.8901331,-35,2,-149
1742098056.925133,2,-57,16
1742098056.961133,36,52,-13
1742098056.996133,104,22,-5
1742098057.0311332,-13,10,-67
1742098057.0671332,6,8,18
1742098057.102133,12,22,-11
1742098057.138133,-5,-61,22
1742098057.1731331,30,84,-143
1742098057.2091331,-15,-85,34
1742098057.244133,-55,-17,-25
1742098057.279133,10,-61,-125
1742098057.315133,50,-51,18
1742098057.3501332,-17,-13,-89
1742098057.3861332,-73,24,-35
1742098057.421133,-51,82,20
1742098057.457133,-13,-35,8
1742098057.4921331,-11,28,36
1742098057.527133,-51,-21,-85
1742098057.563133,-41,38,-71
1742098057.598133,-21,-5,4
1742098057.634133,-51,12,18
1742098057.6691332,16,-27,-79
1742098057.7051332,6,-9,16
1742098057.740133,62,-21,-153
1742098057.7751331,4,70,-27
1742098057.8111331,-1,12,-7
1742098057.846133,10,52,-57
1742098057.882133,48,6,196
1742098057.917133,6,20,52
1742098057.953133,-11,-31,14
1742098057.9881332,62,-7,42
1742098058.023133,-35,10,-27
1742098058.059133,-45,-25,-57
1742098058.0941331,34,56,-65
1742098058.1301332,30,28,-43
1742098058.165133,62,50,-87
1742098058.201133,-45,-59,-29
1742098058.236133,-15,-3,-5
1742098058.2711332,-49,42,-75
1742098058.3071332,-97,-83,-81
1742098058.342133,-45,-11,44
1742098058.378133,-31,-33,-53
1742098058.4131331,12,-63,-83
1742098058.4491332,70,-39,0
1742098058.484133,-11,28,-127
1742098058.519133,24,18,-55
1742098058.555133,-25,-19,-103
1742098058.5901332,-1,-9,-79
1742098058.626133,2,0,-63
1742098058.661133,-29,66,-99
1742098058.6961331,-9,24,-81
1742098058.731133,88,88,80
1742098058.767133,-55,22,-41
1742098058.803133,6,46,0
1742098058.838133,108,28,-5
1742098058.874133,-27,26,-5
1742098058.9091332,-1,92,-47
1742098058.944133,-13,4,80
1742098058.9791331,40,-111,-7
1742098059.0151331,20,66,-19
1742098059.0511332,106,-27,-63
1742098059.086133,-155,-99,-1
1742098059.122133,12,-17,36
1742098059.157133,-19,40,-37
1742098059.1921332,-81,73,-61
1742098059.227133,12,-50,-47
1742098059.263133,-19,46,-89
1742098059.299133,-61,22,-117
1742098059.3341331,12,32,-25
1742098059.3701332,-79,-15,-13
1742098059.405133,-75,-39,128
1742098059.440133,40,68,102
1742098059.4751332,42,28,-131
1742098059.5111332,-67,-31,-7
1742098059.547133,6,18,-35
1742098059.582133,38,-7,-35
1742098059.618133,26,-7,-65
1742098059.6531332,-33,54,-97
1742098059.688133,-81,-11,-55
1742098059.723133,24,14,12
1742098059.759133,-47,64,-37
1742098059.795133,-41,25,-83
1742098059.8301332,74,-114,20
1742098059.866133,-59,-40,74
1742098059.901133,16,51,6
1742098059.9361331,10,-24,44
1742098059.971133,-5,-63,-149
1742098060.007133,-25,46,-81
1742098060.043133,-43,-17,76
1742098060.078133,-11,-31,-65
1742098060.1141331,-24,-60,-63
1742098060.1501331,26,-25,-55
1742098060.1861331,-9,-55,-51
1742098060.221133,-35,-49,-63
1742098060.256133,68,0,24
1742098060.2911332,-45,-79,-123
1742098060.3271332,36,20,-21
1742098060.3631332,54,-39,-115
1742098060.398133,-35,16,-43
1742098060.434133,94,46,32
1742098060.4691331,98,10,36
1742098060.504133,-53,-57,-105
1742098060.539133,110,-35,-105
1742098060.575133,32,-39,-65
1742098060.611133,4,-69,-7
1742098060.6461332,24,32,-63
1742098060.6821332,-61,-1,36
1742098060.717133,-101,38,-101
1742098060.7521331,-5,56,100
1742098060.787133,-55,-65,52
1742098060.823133,-15,-23,-83
1742098060.859133,-19,88,-111
1742098060.894133,50,-51,-19
1742098060.930133,14,-7,-61
1742098060.9651332,26,44,116
1742098061.000133,-27,34,-121
1742098061.0351331,60,20,-65
1742098061.0711331,-9,-11,64
1742098061.1071332,-71,54,44
1742098061.142133,-19,-5,94
1742098061.178133,12,10,-85
1742098061.213133,34,88,50
1742098061.2481332,56,-89,-13
1742098061.283133,-9,-19,128
1742098061.319133,28,-31,6
1742098061.355133,60,-19,2
1742098061.3901331,42,6,-81
1742098061.4261332,-15,-7,-91
1742098061.461133,-53,68,52
1742098061.496133,10,50,-75
1742098061.5311332,16,-31,4
1742098061.5671332,-11,28,-29
1742098061.6031332,16,72,-17
1742098061.638133,34,-15,100
1742098061.674133,-91,-1,-105
1742098061.7091331,8,-23,-49
1742098061.744133,-31,-51,-1
1742098061.779133,-29,-45,-69
1742098061.815133,2,-55,-91
1742098061.851133,12,-19,18
1742098061.8861332,22,-79,36
1742098061.922133,20,90,-27
1742098061.957133,38,-41,-15
1742098061.9921331,40,-9,18
1742098062.027133,-71,-47,-49
1742098062.063133,-7,-51,-49
1742098062.099133,12,-51,-47
1742098062.134133,22,82,32
1742098062.170133,-89,-15,-61
1742098062.2051332,-65,70,-25
1742098062.240133,22,-77,46
1742098062.2751331,-3,60,-41
1742098062.3111331,46,4,-89
1742098062.3471332,-27,16,-101
1742098062.382133,-5,8,94
1742098062.418133,42,26,-23
1742098062.453133,-39,16,-9
1742098062.4881332,-19,16,104
1742098062.523133,-85,-35,84
1742098062.559133,-143,-13,-65
1742098062.595133,18,-53,-131
1742098062.6301332,8,22,36
1742098062.6661332,-39,22,-111
1742098062.701133,40,6,-21
1742098062.736133,-19,20,72
1742098062.7711332,30,6,-115
1742098062.8071332,46,8,-33
1742098062.843133,4,60,40
1742098062.878133,48,-13,6
1742098062.914133,-117,-65,-167
1742098062.9491332,20,30,-119
1742098062.984133,-29,-87,56
1742098063.020133,-11,-7,-75
1742098063.055133,62,68,-127
1742098063.091133,40,-69,32
1742098063.126133,-85,-3,46
1742098063.162133,26,-21,-35
1742098063.197133,-51,-9,16
1742098063.2321332,62,16,2
1742098063.2681332,-13,-19,-59
1742098063.303133,86,-5,58
1742098063.339133,-3,-9,-181
1742098063.374133,-31,-9,-113
1742098063.4101331,-23,-109,-173
1742098063.445133,18,18,-35
1742098063.480133,4,-39,56
1742098063.516133,-17,-7,-81
1742098063.5511332,78,28,-29
1742098063.5871332,-17,-13,-37
1742098063.622133,-1,44,-127
1742098063.658133,68,64,-167
1742098063.693133,-19,72,-1
1742098063.7281332,26,-11,44
1742098063.764133,-101,-37,-71
1742098063.799133,50,-33,-117
1742098063.835133,12,-35,-75
1742098063.8701332,8,44,-37
1742098063.9061332,-55,56,-157
1742098063.941133,-37,12,28
1742098063.976133,-79,20,-63
1742098064.0121331,-47,30,124
1742098064.047133,-63,6,-63
1742098064.083133,-6,-81,50
1742098064.118133,70,34,-13
1742098064.154133,0,-11,-47
1742098064.1961331,-13,-31,-25
1742098064.2321332,10,-13,-91
1742098064.2681332,28,-27,-167
1742098064.303133,-27,10,2
1742098064.339133,58,66,16
1742098064.374133,48,-9,-49
1742098064.4101331,-1,-5,-23
1742098064.445133,-37,-133,-113
1742098064.480133,20,18,-21
1742098064.516133,0,-69,8
1742098064.5511332,-39,8,-127
1742098064.5871332,-17,-71,-9
1742098064.622133,8,-55,52
1742098064.658133,22,-31,-173
1742098064.693133,32,28,-147
1742098064.7281332,14,36,-87
1742098064.764133,16,56,78
1742098064.799133,0,44,-35
1742098064.835133,52,-25,-1
1742098064.8701332,12,-43,40
1742098064.9061332,32,-17,9
1742098064.941133,-51,26,-10
1742098064.976133,-127,-19,-116
1742098065.0121331,22,-3,-80
1742098065.047133,26,-3,-54
1742098065.083133,-23,18,33
1742098065.118133,40,70,57
1742098065.154133,-15,36,55
1742098065.1891332,-65,-39,-102
1742098065.224133,52,14,-42
1742098065.260133,-1,-7,-8
1742098065.295133,-23,54,-32
1742098065.3311331,24,-29,-4
1742098065.366133,-33,-49,5
1742098065.402133,-97,-55,-116
1742098065.438133,-89,20,-72
1742098065.474133,-119,-49,79
1742098065.510133,52,-9,-12
1742098065.545133,0,38,29
1742098065.5801332,-9,-1,-80
1742098065.616133,28,-85,-28
1742098065.652133,-21,-9,1
1742098065.687133,22,68,45
1742098065.723133,-45,8,-14
1742098065.7581332,-25,8,-126
1742098065.793133,32,-57,59
1742098065.828133,106,-17,-50
1742098065.8641331,-19,48,-20
1742098065.9001331,-69,-31,109
1742098065.935133,138,22,47
1742098065.971133,48,44,11
1742098066.006133,94,70,-118
1742098066.0411332,-31,24,-22
1742098066.076133,100,-7,-18
1742098066.112133,-29,-55,-12
1742098066.148133,24,4,37
1742098066.1831331,-67,10,-80
1742098066.2191331,-15,6,21
1742098066.254133,42,-61,-104
1742098066.289133,14,32,43
1742098066.3241332,-5,-13,-104
1742098066.3601332,-21,-65,-78
1742098066.3961332,26,8,-42
1742098066.431133,-77,-15,-98
1742098066.467133,-45,-39,-28
1742098066.5021331,-21,48,69
1742098066.537133,80,80,45
1742098066.572133,-25,18,43
1742098066.608133,94,54,-84
1742098066.644133,-7,-73,-70
1742098066.6791332,18,78,-48
1742098066.7151332,86,0,-130
1742098066.750133,38,4,-16
1742098066.7851331,22,28,-130
1742098066.820133,-11,26,-8
1742098066.856133,-81,-5,-52
1742098066.892133,-33,54,-24
1742098066.927133,4,4,27
1742098066.963133,-15,-29,-72
1742098066.9981332,76,-63,-68
1742098067.033133,-27,48,-130
1742098067.068133,-7,2,21
1742098067.1041331,8,18,71
1742098067.1401331,-71,-51,-18
1742098067.175133,28,18,-40
1742098067.211133,30,-63,-36
1742098067.246133,66,92,3
1742098067.2811332,40,-55,-72
1742098067.316133,-75,18,-52
1742098067.352133,-3,-49,-70
1742098067.388133,74,42,-50
1742098067.4231331,36,8,-60
1742098067.4591331,18,-53,-64
1742098067.494133,30,52,45
1742098067.529133,44,18,47
1742098067.5641332,6,16,19
1742098067.6001332,20,-53,17
1742098067.6361332,38,-17,-60
1742098067.671133,-49,34,1
1742098067.707133,-67,20,-62
1742098067.7421331,-5,24,93
1742098067.777133,14,8,9
1742098067.812133,-81,-39,-138
1742098067.848133,12,-67,-36
1742098067.884133,78,-59,-126
1742098067.9191332,30,22,-14
1742098067.9551332,-53,-33,-132
1742098067.990133,6,-15,-18
1742098068.0251331,16,-35,-14
1742098068.060133,40,48,-106
1742098068.096133,-39,-75,67
1742098068.132133,-1,18,113
1742098068.167133,38,-115,29
1742098068.203133,-51,-19,23
1742098068.2381332,72,8,15
1742098068.273133,-51,-7,87
1742098068.3081331,-55,-7,-230
1742098068.3441331,-45,-17,3
1742098068.3801332,74,22,-86
1742098068.415133,74,-33,-102
1742098068.451133,16,24,-2
1742098068.486133,6,44,-64
1742098068.5211332,32,66,-30
1742098068.556133,26,10,-24
1742098068.592133,20,-5,-12
1742098068.628133,-55,30,71
1742098068.6631331,-47,50,39
1742098068.6991332,-51,-55,5
1742098068.734133,8,-5,79
1742098068.769133,-3,8,61
1742098068.8041332,-21,-107,-20
1742098068.8401332,-23,18,-8
1742098068.876133,-119,12,-62
1742098068.911133,-39,-43,-68
1742098068.947133,-21,-65,-18
1742098068.9821332,-33,4,119
1742098069.017133,14,-9,15
1742098069.052133,-41,16,-88
1742098069.088133,24,62,17
1742098069.124133,-5,82,-8
1742098069.1591332,-27,10,25
1742098069.195133,24,0,-42
1742098069.230133,22,-11,-34
1742098069.2651331,-57,-19,47
1742098069.300133,0,20,11
1742098069.336133,-1,-33,13
1742098069.372133,-47,50,-86
1742098069.407133,-21,-21,-86
1742098069.443133,-49,6,-28
1742098069.4781332,134,64,45
1742098069.513133,70,-3,-26
1742098069.5481331,8,6,33
1742098069.5841331,22,-95,-76
1742098069.6201332,-51,2,-60
1742098069.655133,50,-99,-118
1742098069.691133,60,-5,7
1742098069.726133,-9,28,31
1742098069.7611332,24,52,-32
1742098069.797133,-33,4,-36
1742098069.832133,-121,22,-68
1742098069.868133,38,-43,-70
1742098069.9031332,26,38,169
1742098069.9391332,56,18,-116
1742098069.974133,-59,46,-38
1742098070.009133,14,32,89
1742098070.045133,6,-33,-28
1742098070.0801332,-29,34,1
1742098070.116133,-27,8,-58
1742098070.151133,42,32,-70
1742098070.187133,-67,12,-76
1742098070.2221332,50,-3,-55
1742098070.257133,-73,36,-49
1742098070.293133,68,16,-17
1742098070.328133,40,-11,-25
1742098070.3641331,-49,18,-31
1742098070.399133,-13,26,-39
1742098070.435133,-47,22,-15
1742098070.470133,4,-61,-39
1742098070.5051332,-33,20,92
1742098070.5411332,-57,18,42
1742098070.576133,40,22,4
1742098070.612133,54,6,4
1742098070.647133,-21,22,-111
1742098070.6831331,46,-1,-85
1742098070.718133,8,-69,28
1742098070.753133,0,68,-81
1742098070.789133,8,16,-39
1742098070.8241332,-7,-19,-47
1742098070.8601332,40,32,78
1742098070.895133,-15,4,-129
1742098070.931133,50,-55,-53
1742098070.966133,4,-29,16
1742098071.001133,70,-29,-5
1742098071.037133,-41,-7,-43
1742098071.072133,16,-63,20
1742098071.108133,0,-43,-133
1742098071.1431332,36,-23,12
1742098071.1791332,18,-97,8
1742098071.214133,14,16,-85
1742098071.249133,-73,-11,-69
1742098071.2851331,-43,-17,-173
1742098071.320133,-3,-3,-67
1742098071.356133,60,-31,-21
1742098071.391133,-29,22,-41
1742098071.427133,46,70,-39
1742098071.4621332,44,36,16
1742098071.497133,-3,22,-19
1742098071.533133,-13,26,-63
1742098071.568133,90,18,28
1742098071.6041331,6,42,-159
1742098071.639133,-41,32,-89
1742098071.675133,-1,-23,-89
1742098071.710133,4,54,-53
1742098071.7451332,98,36,-129
1742098071.7811332,10,28,-67
1742098071.816133,-17,22,-83
1742098071.852133,-11,42,12
1742098071.8871331,4,-73,-59
1742098071.9231331,-41,-63,-13
1742098071.958133,-69,-67,-127
1742098071.993133,62,84,-97
1742098072.029133,36,-5,-67
1742098072.0641332,-11,-23,-107
1742098072.1001332,58,-59,-11
1742098072.135133,36,-53,-71
1742098072.171133,64,42,-69
1742098072.2061331,-37,10,-39
1742098072.241133,-5,20,-51
1742098072.277133,44,-3,-71
1742098072.312133,52,-3,-67
1742098072.348133,26,-49,-137
1742098072.3831332,-15,-33,-13
1742098072.418133,16,-9,26
1742098072.453133,10,14,-87
1742098072.4891331,40,-39,-43
1742098072.5251331,-57,-33,-119
1742098072.560133,8,20,16
1742098072.596133,18,-51,-9
1742098072.631133,-15,6,-27
1742098072.6661332,12,-37,-39
1742098072.701133,-77,50,-63
1742098072.737133,-79,-33,-19
1742098072.773133,-19,22,40
1742098072.8081331,-25,-25,-21
1742098072.8441331,-41,12,12
1742098072.879133,-61,36,-145
1742098072.914133,-1,-7,-87
1742098072.9491332,22,14,-31
1742098072.9851332,0,-73,-13
1742098073.0211332,14,-15,-93
1742098073.056133,-19,-41,-55
1742098073.092133,24,66,36
1742098073.1271331,16,-55,124
1742098073.162133,-13,-41,42
1742098073.197133,-19,-43,-21
1742098073.233133,12,-31,56
1742098073.269133,6,38,-29
1742098073.3041332,0,-39,-53
1742098073.3401332,-7,44,-43
1742098073.375133,12,-27,34
1742098073.4101331,98,62,60
1742098073.445133,-49,62,-47
1742098073.481133,12,-13,-7
1742098073.517133,-13,-9,140
1742098073.552133,-23,52,66
1742098073.588133,-1,28,-189
1742098073.6231332,64,-29,-21
1742098073.658133,-117,16,4
1742098073.693133,-25,32,-11
1742098073.7291331,-25,-55,-61
1742098073.7651331,78,32,-39
1742098073.800133,-83,-17,32
1742098073.836133,-55,-33,-149
1742098073.871133,22,30,-179
1742098073.9061332,-29,12,44
1742098073.941133,58,18,22
1742098073.977133,36,-7,-21
1742098074.013133,76,36,-65
1742098074.0481331,-25,-19,-37
1742098074.0841331,-39,40,-57
1742098074.119133,-7,-39,10
1742098074.154133,0,24,-113
1742098074.1891332,-73,-63,0
1742098074.2321332,18,52,-47
1742098074.269133,60,12,-103
1742098074.3041332,-13,4,-57
1742098074.3401332,40,74,-81
1742098074.375133,-71,-73,72
1742098074.4101331,2,-35,-63
1742098074.445133,58,-7,-69
1742098074.481133,-35,-13,6
1742098074.517133,-31,-3,-145
1742098074.552133,-85,10,-111
1742098074.588133,-23,0,-51
1742098074.6231332,-17,-83,-61
1742098074.658133,66,30,-121
1742098074.693133,6,-7,42
1742098074.7291331,-55,0,-199
1742098074.7651331,32,-55,-27
1742098074.800133,22,38,-91
1742098074.836133,-17,18,-149
1742098074.871133,2,36,64
1742098074.9061332,10,14,-3
1742098074.941133,-35,-27,-5
1742098074.977133,4,-67,-47
1742098075.013133,-31,44,-101
1742098075.0481331,12,16,-89
1742098075.0841331,46,-17,-1
1742098075.119133,76,4,-115
1742098075.154133,40,20,-31
1742098075.1891332,-23,32,44
1742098075.2251332,36,20,-3
1742098075.2611332,55,-27,2
1742098075.296133,15,-29,-11
1742098075.332133,-34,-17,-91
1742098075.3671331,61,-37,-19
1742098075.402133,39,-15,104
1742098075.437133,-28,28,78
1742098075.473133,23,-43,-193
1742098075.509133,-12,-59,-161
1742098075.5441332,-64,60,30
1742098075.5801332,-12,16,-19
1742098075.615133,53,-87,34
1742098075.6501331,-40,-3,50
1742098075.685133,0,52,-3
1742098075.721133,-108,76,-75
1742098075.757133,9,-19,-99
1742098075.792133,-80,8,-135
1742098075.828133,-72,-55,-85
1742098075.8631332,139,-35,78
1742098075.898133,1,62,-103
1742098075.9331331,0,56,28
1742098075.9691331,-32,78,140
1742098076.0051332,21,6,30
1742098076.040133,29,-9,-195
1742098076.076133,-10,8,-119
1742098076.111133,-2,-23,12
1742098076.1461332,-32,-29,-81
1742098076.181133,17,-1,84
1742098076.217133,-90,34,-85
1742098076.253133,-82,88,-107
1742098076.2881331,-40,28,14
1742098076.3241332,7,12,-5
1742098076.359133,-44,4,164
1742098076.394133,5,22,26
1742098076.4291332,45,12,14
1742098076.4651332,-44,-45,-148
1742098076.501133,45,32,-14
1742098076.536133,0,-61,-66
1742098076.572133,71,2,-50
1742098076.6071332,-38,72,34
1742098076.642133,83,-39,10
1742098076.678133,-26,-5,-56
1742098076.713133,49,14,-50
1742098076.749133,7,36,-112
1742098076.7841332,-58,-49,-103
1742098076.820133,57,-33,-22
1742098076.855133,17,42,-70
1742098076.8901331,-12,-49,26
1742098076.9261332,-6,30,-68
1742098076.961133,-32,-23,65
1742098076.997133,3,-39,-10
1742098077.032133,21,-11,-94
1742098077.068133,65,-53,-10
1742098077.1031332,-16,-7,-114
1742098077.138133,-68,-27,-12
1742098077.174133,-32,-7,-24
1742098077.2091331,5,4,-50
1742098077.2451332,0,2,167
1742098077.280133,-46,-71,-140
1742098077.316133,-32,-5,-76
1742098077.351133,83,58,57
1742098077.3861332,-88,-29,17
1742098077.422133,-52,-63,-66
1742098077.457133,51,62,-92
1742098077.493133,97,-41,-66
1742098077.5281332,53,-13,13
1742098077.5641332,7,-13,-94
1742098077.599133,41,24,-24
1742098077.634133,1,-7,81
1742098077.670133,-84,-7,-62
1742098077.7051332,-80,42,-4
1742098077.741133,7,14,-192
1742098077.776133,21,-75,-12
1742098077.812133,27,-27,-58
1742098077.8471332,28,-5,-54
1742098077.882133,-9,-25,-22
1742098077.918133,20,28,-54
1742098077.953133,-23,76,31
1742098077.9891331,14,4,-92
1742098078.024133,-43,18,35
1742098078.060133,20,22,13
1742098078.095133,34,22,-2
1742098078.1301332,38,-25,-48
1742098078.1661332,-23,24,-110
1742098078.201133,-17,-55,-150
1742098078.237133,56,32,-34
1742098078.272133,30,-33,-120
1742098078.3081331,-25,-35,25
1742098078.343133,24,56,-112
1742098078.378133,-39,18,-140
1742098078.414133,-27,-19,-82
1742098078.4491332,-11,-45,75
1742098078.4851332,-21,6,-24
1742098078.520133,8,-29,-10
1742098078.556133,-31,26,75
1742098078.591133,26,-111,-64
1742098078.626133,-55,-5,-80
1742098078.662133,58,-1,-92
1742098078.697133,-69,18,-68
1742098078.733133,-25,-15,-30
1742098078.7681332,-17,-61,27
1742098078.8041332,-103,80,-88
1742098078.839133,-11,-7,-28
1742098078.874133,-95,28,35
1742098078.9101331,74,-79,-104
1742098078.945133,74,6,-82
1742098078.981133,-15,36,25
1742098079.016133,-25,70,-20
1742098079.0511332,-21,-33,-38
1742098079.086133,22,60,-114
1742098079.122133,4,-55,-98
1742098079.158133,-117,14,-66
1742098079.193133,39,26,-40
1742098079.2291331,41,-33,5
1742098079.264133,60,14,0
1742098079.299133,-2,-13,-100
1742098079.3341331,-30,-89,-2
1742098079.3701332,-28,-23,29
1742098079.4061332,-8,-53,101
1742098079.441133,65,-27,-62
1742098079.477133,-10,-5,-2
1742098079.5121331,-48,-51,-24
1742098079.547133,15,-59,23
1742098079.582133,-18,-33,-40
1742098079.618133,-20,26,123
1742098079.654133,3,46,-36
1742098079.6891332,21,-1,0
1742098079.7251332,-34,28,11
1742098079.760133,1,42,27
1742098079.795133,-13,14,-96
1742098079.8301332,-50,-27,-126
1742098079.866133,-78,64,-76
1742098079.902133,-72,-31,-36
1742098079.937133,50,128,-16
1742098079.973133,-32,-35,-160
1742098080.0081332,14,-9,23
1742098080.043133,-13,-1,-176
1742098080.078133,23,-3,43
1742098080.1141331,79,26,-54
1742098080.1501331,-38,8,-34
1742098080.185133,-20,4,57
1742098080.221133,-78,36,-112
1742098080.256133,2,-32,-44
1742098080.2911332,48,-76,-60
1742098080.326133,14,-14,-168
1742098080.362133,-22,36,-150
1742098080.398133,-37,34,-94
1742098080.4331331,22,-71,-46
1742098080.4691331,-15,70,-30
1742098080.504133,20,42,-64
1742098080.539133,-29,-57,-156
1742098080.5741332,36,-27,67
1742098080.6101332,56,58,71
1742098080.6461332,-1,24,71
1742098080.681133,-75,16,-72
1742098080.717133,-93,-43,9
1742098080.7521331,22,2,-50
1742098080.787133,26,70,15
1742098080.822133,70,2,49
1742098080.858133,-45,46,21
1742098080.894133,92,-21,-60
1742098080.9291332,-11,20,-114
1742098080.9651332,-5,-15,91
1742098081.000133,-11,-25,121
1742098081.0351331,20,-15,43
1742098081.070133,6,-41,-30
1742098081.106133,-45,-67,-120
1742098081.142133,84,-1,-16
1742098081.177133,22,20,-12
1742098081.213133,42,24,29
1742098081.2481332,20,74,-14
1742098081.283133,6,22,-28
1742098081.318133,28,44,-66
1742098081.3541331,-45,96,57
1742098081.3901331,24,-15,85
1742098081.425133,36,84,-106
1742098081.461133,-29,-39,9
1742098081.496133,-53,24,25
1742098081.5311332,-55,-83,-88
1742098081.566133,12,-67,-80
1742098081.602133,-23,10,81
1742098081.638133,74,20,-58
1742098081.6731331,-25,-55,-16
1742098081.7091331,-27,34,-80
1742098081.744133,-51,-23,-46
1742098081.779133,-89,-57,33
1742098081.8141332,6,46,-22
1742098081.8501332,-29,22,-32
1742098081.8861332,63,-65,-78
1742098081.921133,-23,18,33
1742098081.957133,-33,36,-30
1742098081.9921331,20,66,-134
1742098082.027133,-1,-13,-66
1742098082.062133,114,-89,-14
1742098082.098133,-83,48,-54
1742098082.134133,-9,10,-74
1742098082.1691332,23,40,-82
1742098082.2051332,-68,-119,-18
1742098082.240133,0,-31,-58
1742098082.2751331,-22,34,-156
1742098082.310133,12,10,-68
1742098082.346133,-24,-7,-64
1742098082.382133,-18,38,-46
1742098082.417133,-64,-11,-44
1742098082.453133,21,-1,-28
1742098082.4881332,10,-61,-100
1742098082.523133,-1,-29,-60
1742098082.5581331,-37,-27,-134
1742098082.5941331,-41,38,-18
1742098082.6301332,54,24,29
1742098082.665133,-1,74,-78
1742098082.701133,-57,-39,37
1742098082.736133,-19,42,-42
1742098082.7711332,12,68,-99
1742098082.806133,0,62,-51
1742098082.842133,-35,82,-82
1742098082.878133,40,-3,-21
1742098082.9131331,28,-9,-161
1742098082.9491332,-41,-1,-81
1742098082.984133,-31,24,-31
1742098083.019133,-45,-21,-79
1742098083.0541332,-1,-7,68
1742098083.0901332,-53,-11,40
1742098083.126133,14,-15,-21
1742098083.161133,-47,-13,-72
1742098083.197133,-35,-81,-58
1742098083.2321332,0,-67,-12
1742098083.267133,90,2,-60
1742098083.302133,104,-31,-74
1742098083.338133,18,-53,-10
1742098083.374133,-15,42,-80
1742098083.4091332,-63,32,11
1742098083.445133,32,8,13
1742098083.480133,-95,64,-79
1742098083.5151331,38,28,-65
1742098083.5511332,30,6,-55
1742098083.586133,-11,36,-65
1742098083.622133,-29,-5,-59
1742098083.657133,-87,28,-17
1742098083.693133,-25,18,-87
1742098083.7281332,-91,46,-37
1742098083.763133,18,-41,-109
1742098083.799133,-17,40,-81
1742098083.8341331,28,-7,8
1742098083.8701332,14,-9,-3
1742098083.905133,-3,-19,-127
1742098083.941133,22,6,-97
1742098083.976133,-37,-53,-117
1742098084.0111332,-33,-41,-31
1742098084.047133,-117,36,-135
1742098084.082133,-7,18,18
1742098084.118133,38,62,-33
1742098084.1531332,46,4,-65
1742098084.1891332,48,-17,102
1742098084.224133,18,-31,16
1742098084.266133,-59,42,50
1742098084.303133,-25,44,-75
1742098084.338133,-95,-87,-39
1742098084.374133,70,-21,-43
1742098084.4091332,14,16,-95
1742098084.445133,48,-27,-3
1742098084.480133,-7,2,12
1742098084.5151331,56,-11,-75
1742098084.5511332,-37,-41,-95
1742098084.586133,52,46,-33
1742098084.622133,-23,-31,-9
1742098084.657133,0,6,98
1742098084.693133,42,2,-61
1742098084.7281332,-45,66,-31
1742098084.763133,-19,10,45
1742098084.799133,-43,18,-124
1742098084.8341331,-39,38,-24
1742098084.8701332,14,48,-116
1742098084.905133,-5,44,-6
1742098084.941133,-25,-15,-60
1742098084.976133,6,38,0
1742098085.0111332,-35,-49,12
1742098085.047133,-23,46,-110
1742098085.082133,-79,42,-7
1742098085.118133,-9,10,-99
1742098085.1531332,72,-79,-43
1742098085.1891332,-27,72,102
1742098085.224133,116,28,-101
1742098085.259133,-27,-9,-59
1742098085.295133,-99,-11,20
1742098085.3301332,-93,-3,-111
1742098085.366133,-63,4,10
1742098085.401133,-55,-19,-27
1742098085.437133,96,-21,30
1742098085.4721332,40,14,-59
1742098085.507133,36,-37,-99
1742098085.543133,2,-11,-177
1742098085.578133,-7,98,-131
1742098085.6141331,16,-93,-15
1742098085.649133,28,76,-11
1742098085.685133,56,8,-75
1742098085.720133,4,-29,34
1742098085.7551332,-25,-33,-87
1742098085.7911332,-27,-3,-71
1742098085.826133,28,68,-91
1742098085.862133,-35,-35,-13
1742098085.897133,-53,-47,-47
1742098085.9331331,-11,48,-85
1742098085.9691331,-3,-59,60
1742098086.0051332,-117,-47,-59
1742098086.0411332,12,-11,-17
1742098086.0771332,-13,50,-35
1742098086.1131332,22,-19,-119
1742098086.148133,14,-29,-59
1742098086.1831331,-45,30,-115
1742098086.2191331,32,-115,-151
1742098086.2551332,66,-19,-41
1742098086.290133,-3,22,-55
1742098086.326133,66,-13,16
1742098086.361133,20,-13,68
1742098086.3961332,-27,0,-5
1742098086.431133,-39,74,-5
1742098086.467133,24,-7,-39
1742098086.503133,-17,-7,-23
1742098086.5381331,-43,-17,44
1742098086.5741332,38,32,-131
1742098086.609133,12,4,-209
1742098086.644133,-41,-9,-23
1742098086.6791332,36,-35,-35
1742098086.7151332,-47,-1,-23
1742098086.751133,2,20,-37
1742098086.786133,30,20,64
1742098086.822133,14,12,28
1742098086.8571332,-21,-49,-67
1742098086.892133,-47,46,-63
1742098086.927133,40,-7,-57
1742098086.963133,20,-3,-47
1742098086.999133,-13,16,46
1742098087.0341332,10,-3,-109
1742098087.070133,-47,-31,-21
1742098087.105133,30,-3,8
1742098087.1401331,72,-5,-111
1742098087.175133,48,-47,-71
1742098087.211133,-33,56,-37
1742098087.247133,-19,-31,-163
1742098087.282133,66,-11,-87
1742098087.318133,-35,6,-93
1742098087.3531332,62,22,-55
1742098087.388133,-23,12,58
1742098087.4231331,16,36,-113
1742098087.4591331,42,-17,-131
1742098087.4951332,122,-47,-53
1742098087.530133,52,-1,-5
1742098087.566133,112,4,-5
1742098087.601133,-61,22,56
1742098087.6361332,18,8,-111
1742098087.671133,-37,36,110
1742098087.707133,-15,-35,16
1742098087.743133,-13,-67,28
1742098087.7781332,56,7,-13
1742098087.8141332,38,32,-171
1742098087.849133,36,12,-99
1742098087.884133,10,12,14
1742098087.9191332,-63,-18,-119
1742098087.9551332,-17,-17,-29
1742098087.991133,-63,-1,-87
1742098088.026133,18,-13,-41
1742098088.062133,2,-15,-41
1742098088.0971332,-17,-79,-1
1742098088.132133,14,-29,-35
1742098088.167133,-27,-35,-85
1742098088.203133,6,-57,-11
1742098088.2391331,6,10,-9
1742098088.274133,32,-25,-105
1742098088.310133,-55,69,38
1742098088.345133,2,-12,-31
1742098088.3801332,48,-58,54
1742098088.415133,52,-7,4
1742098088.451133,45,6,-31
1742098088.487133,-48,-101,-53
1742098088.522133,7,-13,150
1742098088.5581331,26,-33,58
1742098088.593133,-45,38,-7
1742098088.628133,36,-27,-31
1742098088.6631331,-17,50,-43
1742098088.6991332,28,104,-53
1742098088.7351332,12,6,-15
1742098088.770133,-41,18,-137
1742098088.806133,54,10,-33
1742098088.841133,16,36,-69
1742098088.876133,20,8,-53
1742098088.911133,-1,-7,20
1742098088.947133,52,-31,88
1742098088.983133,36,-31,-105
1742098089.0181332,38,46,-63
1742098089.0541332,8,0,-33
1742098089.089133,-13,86,-99
1742098089.124133,88,46,-139
1742098089.1591332,-39,44,-115
1742098089.195133,50,-23,-77
1742098089.231133,6,28,44
1742098089.266133,-29,20,-15
1742098089.302133,6,44,-19
1742098089.3371332,-13,14,62
1742098089.372133,-55,-27,-47
1742098089.407133,28,-47,-63
1742098089.443133,-19,50,-77
1742098089.4791331,-37,34,36
1742098089.514133,-15,-21,-49
1742098089.550133,2,20,-83
1742098089.585133,-1,-21,64
1742098089.6201332,22,70,-39
1742098089.655133,-35,34,-37
1742098089.691133,-131,4,80
1742098089.727133,12,20,42
1742098089.7621331,38,-5,-41
1742098089.7981331,-1,-7,20
1742098089.833133,-17,-89,-121
1742098089.868133,-25,26,42
1742098089.9031332,-29,-59,94
1742098089.9391332,-47,36,-53
1742098089.9751332,-3,6,-143
1742098090.010133,8,-23,-57
1742098090.046133,34,-85,-49
1742098090.0811331,4,-13,48
1742098090.116133,118,-29,28
1742098090.151133,-1,-57,-87
1742098090.187133,4,4,2
1742098090.223133,-27,-39,-63
1742098090.2581332,16,32,-115
1742098090.2941332,0,98,-29
1742098090.329133,-7,-3,26
1742098090.3641331,-13,-17,-47
1742098090.4001331,-59,20,58
1742098090.435133,4,14,-161
1742098090.471133,-37,-27,-95
1742098090.506133,18,-97,22
1742098090.542133,36,24,-27
1742098090.5771332,-29,4,88
1742098090.612133,16,-53,-39
1742098090.648133,-31,-23,-31
1742098090.6831331,-53,76,-91
1742098090.7191331,-53,10,-19
1742098090.754133,-45,32,48
1742098090.790133,6,44,-141
1742098090.825133,8,-25,14
1742098090.8601332,14,38,-99
1742098090.8961332,-59,50,-73
1742098090.931133,61,16,-115
1742098090.967133,27,12,-117
1742098091.0021331,27,16,62
1742098091.0381331,-10,68,-35
1742098091.073133,-18,-25,-31
1742098091.108133,59,68,-125
1742098091.144133,-68,44,-49
1742098091.1791332,-5,6,-31
1742098091.2151332,-51,-5,-39
1742098091.250133,12,54,-23
1742098091.286133,-11,-17,-41
1742098091.3211331,-11,-1,-11
1742098091.356133,-5,-11,-55
1742098091.392133,-81,144,-137
1742098091.427133,-51,30,-3
1742098091.463133,28,30,82
1742098091.4981332,-55,-33,-129
1742098091.5341332,-57,30,-69
1742098091.569133,30,34,-93
1742098091.6041331,-3,12,-69
1742098091.6401331,-5,22,58
1742098091.675133,-25,-1,14
1742098091.711133,4,54,14
1742098091.746133,5,8,-95
1742098091.782133,-46,50,-73
1742098091.8171332,11,-45,-19
1742098091.852133,17,18,-33
1742098091.888133,-12,64,-121
1742098091.9231331,-32,-17,-1
1742098091.9591331,-2,-23,-77
1742098091.994133,-45,-53,-59
1742098092.030133,-28,-47,-25
1742098092.065133,57,38,30
1742098092.1001332,25,10,-65
1742098092.1361332,-55,-31,-7
1742098092.171133,-25,12,-45
1742098092.207133,12,-13,-81
1742098092.2421331,-11,-29,-35
1742098092.2781332,-17,30,-9
1742098092.313133,-20,-3,-89
1742098092.348133,15,28,8
1742098092.384133,-170,-79,-31
1742098092.4191332,-80,16,-63
1742098092.4551332,-34,-3,74
1742098092.490133,4,-27,-45
1742098092.526133,27,62,-49
1742098092.5611331,3,76,114
1742098092.596133,-20,-11,-31
1742098092.632133,13,10,-61
1742098092.667133,-56,24,36
1742098092.703133,-27,-19,-51
1742098092.7381332,-85,-43,-69
1742098092.774133,89,-49,76
1742098092.810133,-62,-53,-1
1742098092.846133,-1,40,-53
1742098092.882133,-25,78,-69
1742098092.917133,-29,10,-21
1742098092.9521332,-81,58,-92
1742098092.9881332,0,-23,-8
1742098093.024133,-51,64,-70
1742098093.059133,28,-21,-46
1742098093.095133,44,-1,31
1742098093.1301332,-51,-29,-40
1742098093.165133,-27,38,-112
1742098093.200133,10,-19,37
1742098093.236133,-85,-15,-84
1742098093.272133,78,-11,-36
1742098093.3071332,46,-59,27
1742098093.343133,-9,-3,-40
1742098093.378133,2,-3,43
1742098093.4131331,2,-23,-10
1742098093.448133,22,16,39
1742098093.484133,-53,52,95
1742098093.520133,2,-23,62
1742098093.555133,-87,-17,48
1742098093.591133,18,64,-81
1742098093.626133,12,-49,-74
1742098093.661133,-3,-7,-4
1742098093.6961331,-99,-47,-41
1742098093.7321332,-31,-31,24
1742098093.7681332,-7,-29,-64
1742098093.803133,-9,-13,-98
1742098093.839133,16,-45,-4
1742098093.874133,32,-3,61
1742098093.9091332,28,86,-114
1742098093.944133,30,-24,-38
1742098093.980133,66,21,-2
1742098094.016133,30,-33,-88
1742098094.0511332,66,14,-74
1742098094.0871332,-23,12,41
1742098094.122133,-17,18,-28
1742098094.157133,-7,10,27
1742098094.1921332,12,-57,-128
1742098094.2281332,60,16,-76
1742098094.2711332,-61,44,-100
1742098094.3071332,52,24,-96
1742098094.343133,-95,-35,-44
1742098094.378133,-5,-67,-20
1742098094.4131331,-87,-37,-108
1742098094.448133,14,-1,-76
1742098094.484133,-41,-33,-124
1742098094.520133,-25,-59,-10
1742098094.555133,48,24,-10
1742098094.591133,-5,-87,-194
1742098094.626133,-3,38,-108
1742098094.661133,-51,-25,-68
1742098094.6961331,-65,10,59
1742098094.7321332,-19,-21,-12
1742098094.7681332,20,-45,-54
1742098094.803133,-39,2,-176
1742098094.839133,14,112,-8
1742098094.874133,88,2,5
1742098094.9091332,-83,-57,-94
1742098094.944133,-45,-59,-60
1742098094.980133,6,-31,-34
1742098095.016133,32,10,-80
1742098095.0511332,4,-15,-46
1742098095.0871332,-63,-45,-92
1742098095.122133,56,44,-70
1742098095.157133,-55,4,-20
1742098095.1921332,48,52,-82
1742098095.2281332,0,-75,-166
1742098095.264133,86,-79,-128
1742098095.299133,-9,-39,-64
1742098095.335133,46,10,-24
1742098095.3701332,14,-71,88
1742098095.405133,42,2,22
1742098095.440133,-47,0,-201
1742098095.476133,26,14,-37
1742098095.5121331,50,8,-96
1742098095.547133,64,-13,-90
1742098095.583133,-3,130,63
1742098095.618133,48,54,-62
1742098095.6531332,-57,62,-16
1742098095.688133,-17,-5,45
1742098095.724133,4,74,-34
1742098095.760133,-37,-21,-14
1742098095.795133,10,-111,43
1742098095.8311331,-17,34,-32
1742098095.866133,-47,-1,87
1742098095.901133,26,50,-10
1742098095.9361331,14,28,-34
1742098095.9721332,48,-11,69
1742098096.0081332,-27,-25,-4
1742098096.043133,-79,84,-104
1742098096.079133,94,-57,-30
1742098096.1141331,-21,22,-152
1742098096.149133,16,34,111
1742098096.184133,-73,-55,19
1742098096.220133,-13,-13,3
1742098096.256133,28,0,-88
1742098096.2911332,-7,42,67
1742098096.3271332,10,38,-66
1742098096.362133,12,-37,-56
1742098096.397133,36,-15,9
1742098096.4321332,-3,20,-24
1742098096.468133,-21,-37,-26
1742098096.504133,22,-43,-120
1742098096.539133,82,-53,-70
1742098096.575133,-79,-24,-88
1742098096.6101332,-41,-3,-88
1742098096.645133,-85,-25,-10
1742098096.680133,-23,12,-84
1742098096.716133,-19,72,29
1742098096.7521331,28,62,-98
1742098096.787133,96,2,-148
1742098096.823133,22,-22,-44
1742098096.858133,-9,-13,111
1742098096.8931332,8,10,3
1742098096.928133,-35,74,-78
1742098096.964133,48,30,-34
1742098097.000133,28,-25,-40
1742098097.0351331,8,-7,-94
1742098097.0711331,18,-11,-166
1742098097.106133,-17,20,-72
1742098097.141133,-9,28,-40
1742098097.1761332,4,48,-118
1742098097.2121332,-15,86,39
1742098097.2481332,32,-23,-100
1742098097.283133,-69,-21,27
1742098097.319133,30,82,-54
1742098097.3541331,-41,52,-24
1742098097.389133,10,-7,13
1742098097.425133,-25,-37,-28
1742098097.461133,-27,-13,-48
1742098097.497133,60,8,11
1742098097.532133,-41,14,-54
1742098097.568133,-23,6,-2
1742098097.6031332,-63,-27,-120
1742098097.639133,22,16,67
1742098097.674133,36,-55,-26
1742098097.7091331,4,-69,-142
1742098097.7451332,8,12,-80
1742098097.780133,-27,12,49
1742098097.816133,26,-19,-24
1742098097.851133,-21,32,-82
1742098097.8871331,14,-19,-46
1742098097.922133,-59,-17,25
1742098097.957133,-29,-1,-8
1742098097.993133,-15,-17,-48
1742098098.0281332,20,-15,31
1742098098.0641332,-11,6,-142
1742098098.099133,-37,6,-40
1742098098.135133,-51,8,-54
1742098098.170133,-75,44,-78
1742098098.2051332,-67,-51,-100
1742098098.241133,0,-59,5
1742098098.276133,-13,82,81
1742098098.312133,-77,24,-102
1742098098.3471332,-11,-65,-32
1742098098.3831332,-93,-23,77
1742098098.418133,-37,62,-56
1742098098.453133,-49,-27,-38
1742098098.4891331,-33,-5,27
1742098098.524133,-35,88,-58
1742098098.560133,6,-13,-16
1742098098.595133,-17,20,-34
1742098098.631133,-105,-69,7
1742098098.6661332,106,-35,115
1742098098.701133,-1,-7,-124
1742098098.737133,62,94,-42
1742098098.772133,22,-17,-14
1742098098.8081331,36,82,-48
1742098098.843133,38,-45,-164
1742098098.879133,-1,16,-70
1742098098.914133,-33,4,-76
1742098098.9491332,-23,54,31
1742098098.9851332,-73,6,-60
1742098099.020133,42,-5,-72
1742098099.056133,-33,-91,-22
1742098099.091133,36,22,-168
1742098099.1271331,24,-13,-64
1742098099.162133,-17,48,-38
1742098099.197133,54,12,-102
1742098099.233133,-23,-69,47
1742098099.2681332,-19,48,-36
1742098099.3041332,-73,8,91
1742098099.339133,40,41,-24
1742098099.375133,-39,-34,-52
1742098099.4101331,52,-2,87
1742098099.445133,-1,-70,-40
1742098099.481133,60,-26,1
1742098099.516133,-25,-22,31
1742098099.552133,72,8,-86
1742098099.5871332,0,10,39
1742098099.6231332,8,44,-68
1742098099.6591332,36,-13,25
1742098099.695133,22,38,-64
1742098099.731133,2,2,-94
1742098099.766133,12,-25,-48
1742098099.8011332,-9,-79,149
1742098099.8371332,-55,4,-68
1742098099.8731332,-49,-35,-138
1742098099.908133,60,18,37
1742098099.944133,10,-17,-2
1742098099.9791331,-29,-39,-16
1742098100.014133,102,-7,-84
1742098100.049133,-57,-69,-16
1742098100.085133,44,-41,-102
1742098100.121133,-29,-7,135
1742098100.1561332,-47,42,-106
1742098100.1921332,-67,4,91
1742098100.227133,4,12,-46
1742098100.2621331,-105,-71,-130
1742098100.297133,4,64,-60
1742098100.333133,70,6,-88
1742098100.369133,-75,-97,-34
1742098100.404133,-67,-29,-144
1742098100.440133,44,-43,-12
1742098100.4751332,-7,26,105
1742098100.510133,36,-63,-156
1742098100.545133,-57,-67,-122
1742098100.5811331,14,-71,-68
1742098100.6171331,46,-89,3
1742098100.652133,-39,36,13
1742098100.688133,-31,-63,-76
1742098100.723133,18,34,-110
1742098100.7581332,-1,-9,-16
1742098100.793133,-1,16,-114
1742098100.829133,-55,50,15
1742098100.865133,-61,-17,-118
1742098100.9001331,-11,66,-134
1742098100.9361331,-19,-7,5
1742098100.971133,-19,56,3
1742098101.006133,0,-27,-148
1742098101.0411332,-13,2,-98
1742098101.0771332,36,-61,31
1742098101.1131332,-1,-27,-26
1742098101.148133,58,18,-106
1742098101.184133,-23,-45,19
1742098101.2191331,54,18,-106
1742098101.254133,60,22,-48
1742098101.289133,-41,-65,-72
1742098101.325133,0,60,61
1742098101.361133,-3,-77,31
1742098101.3961332,12,16,-162
1742098101.4321332,-91,8,-44
1742098101.467133,-63,-27,-172
1742098101.5021331,-57,34,113
1742098101.537133,12,70,17
1742098101.573133,-9,-47,1
1742098101.609133,-49,58,-94
1742098101.644133,54,44,73
1742098101.680133,-27,40,-108
1742098101.7151332,56,4,-32
1742098101.750133,4,18,-50
1742098101.7851331,58,-3,79
1742098101.8211331,16,-11,-120
1742098101.8571332,30,-41,41
1742098101.892133,4,12,-50
1742098101.928133,22,44,25
1742098101.963133,64,66,-104
1742098101.9981332,27,-91,-142
1742098102.033133,35,24,-26
1742098102.069133,-58,-41,-42
1742098102.105133,20,22,63
1742098102.1401331,68,-9,75
1742098102.1761332,118,46,-132
1742098102.211133,-83,2,5
1742098102.246133,18,20,7
1742098102.2811332,-67,42,-52
1742098102.3171332,-5,-25,-172
1742098102.3531332,-41,-1,59
1742098102.388133,28,-13,-50
1742098102.424133,-21,-9,-92
1742098102.4591331,-67,-3,-160
1742098102.494133,-53,112,-2
1742098102.529133,50,30,-134
1742098102.565133,-38,26,51
1742098102.601133,48,46,51
1742098102.6361332,-35,20,-54
1742098102.672133,52,-27,13
1742098102.707133,-57,46,15
1742098102.7421331,26,46,-108
1742098102.777133,-55,36,-56
1742098102.813133,-117,-31,-196
1742098102.849133,-29,-55,45
1742098102.884133,-49,14,-14
1742098102.920133,22,-21,-82
1742098102.9551332,56,-3,-50
1742098102.990133,38,-59,-110
1742098103.0251331,10,-45,5
1742098103.0611331,-51,18,-16
1742098103.0971332,28,-17,-14
1742098103.132133,18,46,-2
1742098103.168133,12,-5,-34
1742098103.203133,54,32,-26
1742098103.2381332,0,-27,173
1742098103.273133,-25,-41,-32
1742098103.309133,-7,-25,-76
1742098103.345133,-7,8,-62
1742098103.3801332,-57,40,-64
1742098103.4161332,46,26,27
1742098103.451133,64,-25,-62
1742098103.486133,-5,-29,-20
1742098103.5211332,-25,-35,131
1742098103.5571332,-53,52,-74
1742098103.593133,-55,10,-42
1742098103.628133,-37,-31,-84
1742098103.664133,-23,24,-178
1742098103.6991332,39,18,81
1742098103.734133,-8,10,-12
1742098103.769133,-44,24,31
1742098103.805133,99,4,69
1742098103.841133,-46,-75,21
1742098103.876133,61,18,-82
1742098103.912133,-50,6,31
1742098103.947133,-58,0,39
1742098103.9821332,-42,-33,19
1742098104.0181332,37,58,-74
1742098104.053133,-82,-71,-78
1742098104.089133,55,26,9
1742098104.124133,87,96,-52
1742098104.1601331,-30,-9,39
1742098104.195133,15,28,-46
1742098104.230133,-16,20,-82
1742098104.273133,89,42,29
1742098104.309133,-24,108,21
1742098104.345133,-14,-43,-92
1742098104.3801332,-92,-37,-48
1742098104.4161332,29,-9,57
1742098104.451133,-22,48,-42
1742098104.486133,-8,18,23
1742098104.522133,-12,-63,-92
1742098104.5571332,-26,-31,-86
1742098104.593133,13,64,-92
1742098104.628133,-22,2,-60
1742098104.664133,43,-49,59
1742098104.6991332,-36,-17,-14
1742098104.734133,-6,-23,-102
1742098104.770133,-48,-35,17
1742098104.805133,3,-25,-18
1742098104.841133,-70,-53,-68
1742098104.876133,45,-33,-66
1742098104.912133,-80,-17,5
1742098104.947133,-8,-75,9
1742098104.9821332,-52,-79,-22
1742098105.0181332,52,-67,-72
1742098105.053133,-49,26,71
1742098105.089133,-13,4,5
1742098105.124133,28,48,-100
1742098105.1601331,-26,26,-190
1742098105.195133,-6,12,-52
1742098105.230133,15,-29,5
1742098105.266133,3,34,-126
1742098105.3011332,11,-5,-118
1742098105.3371332,10,-29,-2
1742098105.372133,-3,40,-64
1742098105.408133,-3,-15,-42
1742098105.443133,74,20,-60
1742098105.4781332,84,10,-60
1742098105.514133,24,8,-60
1742098105.549133,24,18,-14
1742098105.585133,-9,84,-90
1742098105.6201332,18,4,3
1742098105.6561332,-27,-31,-162
1742098105.691133,-21,-11,153
1742098105.726133,-69,-27,-28
1742098105.7621331,-79,52,-126
1742098105.797133,-51,-33,-40
1742098105.833133,68,10,-114
1742098105.868133,0,-77,-70
1742098105.904133,-17,-33,-50
1742098105.9391332,-19,-11,-2
1742098105.974133,0,-113,61
1742098106.010133,-37,106,-64
1742098106.045133,-17,-41,111
1742098106.0811331,-1,-63,-68
1742098106.116133,-51,10,9
1742098106.152133,-47,-25,-52
1742098106.187133,32,50,-83
1742098106.2221332,-109,-75,13
1742098106.2581332,-43,74,-134
1742098106.293133,-5,58,25
1742098106.329133,14,18,-26
1742098106.3641331,34,2,-60
1742098106.4001331,26,-15,-57
1742098106.435133,-95,-129,-49
1742098106.470133,34,36,-3
1742098106.506133,-59,36,54
1742098106.5411332,-7,20,-55
1742098106.5771332,16,-3,16
1742098106.612133,-9,30,-97
1742098106.648133,-55,18,-155
1742098106.684133,42,8,-121
1742098106.7191331,42,-7,-87
1742098106.754133,10,68,-147
1742098106.790133,14,-57,-107
1742098106.826133,-15,-9,-73
1742098106.861133,10,-35,-85
1742098106.897133,8,-5,-51
1742098106.9321332,-31,-55,-47
1742098106.967133,34,-9,-115
1742098107.0021331,-9,-9,-153
1742098107.0381331,-3,-15,16
1742098107.0741332,124,72,-27
1742098107.109133,-39,0,-13
1742098107.145133,12,2,30
1742098107.180133,-1,-13,-27
1742098107.2151332,54,-35,-49
1742098107.250133,-29,18,84
1742098107.286133,64,-29,-89
1742098107.322133,-27,38,-199
1742098107.3571332,82,-23,-35
1742098107.3931332,14,14,-119
1742098107.428133,44,-7,-131
1742098107.463133,4,12,-59
1742098107.4981332,50,-5,24
1742098107.5341332,32,56,-43
1742098107.570133,48,-7,-57
1742098107.605133,72,18,-3
1742098107.641133,16,-33,-53
1742098107.6761332,-23,-71,-147
1742098107.711133,6,2,36
1742098107.746133,-91,-19,-73
1742098107.782133,-35,-51,24
1742098107.818133,22,-43,40
1742098107.8531332,56,8,-129
1742098107.889133,32,-55,-115
1742098107.924133,8,22,-25
1742098107.9591331,-1,-33,-17
1742098107.994133,26,84,-77
1742098108.030133,-7,14,92
1742098108.066133,-23,-11,-91
1742098108.101133,6,38,82
1742098108.1371331,-49,-17,-125
1742098108.172133,-37,-33,-33
1742098108.207133,-15,-29,-29
1742098108.2421331,16,106,-135
1742098108.2781332,-11,-11,-69
1742098108.3141332,-101,52,6
1742098108.349133,44,4,-177
1742098108.385133,-11,16,-143
1742098108.420133,-23,88,-79
1742098108.4551332,4,60,-49
1742098108.490133,-11,16,-39
1742098108.526133,100,6,-85
1742098108.562133,-39,-73,76
1742098108.5971332,48,26,18
1742098108.6331332,-9,32,-59
1742098108.668133,4,14,-41
1742098108.703133,-61,10,-57
1742098108.7381332,-113,-17,-59
1742098108.774133,2,-79,46
1742098108.810133,-35,58,-37
1742098108.845133,-61,2,-95
1742098108.881133,-1,-45,-113
1742098108.9161332,-71,-3,12
1742098108.951133,12,-31,-31
1742098108.986133,-47,-21,-167
1742098109.022133,0,-11,-103
1742098109.0581331,30,-33,6
1742098109.093133,-63,-37,6
1742098109.129133,28,30,62
1742098109.164133,-29,12,-49
1742098109.1991332,-17,26,-147
1742098109.234133,-11,-17,58
1742098109.270133,-15,-61,6
1742098109.306133,-81,36,-151
1742098109.341133,48,-21,-13
1742098109.3771331,-1,-49,-13
1742098109.412133,-9,-11,-91
1742098109.447133,-15,-7,42
1742098109.4821332,-71,-31,-49
1742098109.5181332,-33,24,2
1742098109.5541332,0,34,0
1742098109.589133,-47,-95,-67
1742098109.625133,30,-47,-55
1742098109.6601331,-7,-5,-113
1742098109.695133,-103,48,-115
1742098109.730133,24,28,-97
1742098109.766133,-17,62,-3
1742098109.802133,-81,66,2
1742098109.8371332,22,-47,12
1742098109.8731332,-7,-29,-47
1742098109.908133,-27,-69,-93
1742098109.943133,-63,-23,-39
1742098109.9781332,14,16,42
1742098110.014133,10,20,-77
1742098110.050133,8,18,-167
1742098110.085133,4,-5,-67
1742098110.121133,12,46,-67
1742098110.1561332,-19,16,-49
1742098110.191133,24,-93,-45
1742098110.226133,-47,4,36
1742098110.2621331,6,46,56
1742098110.2981331,0,54,20
1742098110.333133,-1,34,16
1742098110.369133,-51,12,-55
1742098110.404133,-85,14,-133
1742098110.4391332,4,-37,-119
1742098110.474133,-37,84,4
1742098110.510133,28,16,-35
1742098110.546133,-15,0,-63
1742098110.5811331,-1,-93,-65
1742098110.6171331,2,-11,-11
1742098110.652133,-49,84,-39
1742098110.687133,-21,-49,72
1742098110.7221332,18,-5,68
1742098110.7581332,-45,-13,114
1742098110.7941332,-43,72,14
1742098110.829133,-3,38,102
1742098110.865133,30,46,26
1742098110.9001331,138,-21,-31
1742098110.935133,24,40,54
1742098110.971133,-27,20,-9
1742098111.006133,-13,-35,-7
1742098111.042133,-137,58,-79
1742098111.0771332,12,-7,-139
1742098111.1131332,-25,-13,-43
1742098111.148133,-3,22,24
1742098111.1831331,-61,-37,-51
1742098111.2191331,-7,42,-75
1742098111.254133,-31,86,-181
1742098111.290133,-63,82,98
1742098111.325133,64,-41,-55
1742098111.361133,-23,-21,-77
1742098111.3961332,-5,-53,92
1742098111.431133,-30,24,-21
1742098111.467133,-18,44,-145
1742098111.5021331,-4,20,-45
1742098111.5381331,-46,62,-131
1742098111.573133,22,-9,-3
1742098111.609133,-64,34,-11
1742098111.644133,17,-23,-47
1742098111.6791332,-43,-31,20
1742098111.7151332,-33,-21,-85
1742098111.750133,-61,-33,62
1742098111.786133,26,-25,-19
1742098111.8211331,106,22,-71
1742098111.8571332,-5,-29,-45
1742098111.892133,-5,36,66
1742098111.927133,32,-33,18
1742098111.963133,-41,-47,-139
1742098111.9981332,-21,6,-129
1742098112.0341332,-27,-17,-81
1742098112.069133,18,4,26
1742098112.105133,-39,-15,-1
1742098112.1401331,60,4,-57
1742098112.175133,92,32,-149
1742098112.211133,16,-49,80
1742098112.246133,16,26,22
1742098112.282133,-19,-53,-107
1742098112.3171332,26,-15,-124
1742098112.3531332,18,-13,-194
1742098112.388133,12,-67,-74
1742098112.4231331,-9,-7,7
1742098112.4591331,30,-67,-180
1742098112.494133,-35,44,15
1742098112.530133,56,-11,-62
1742098112.565133,40,-5,-98
1742098112.601133,-19,64,45
1742098112.6361332,24,8,11
1742098112.671133,-31,24,-52
1742098112.707133,42,-79,89
1742098112.7421331,24,6,11
1742098112.7781332,-37,76,-94
1742098112.813133,36,38,-58
1742098112.849133,52,12,-144
1742098112.884133,-57,-35,-60
1742098112.9191332,-39,-17,-68
1742098112.9551332,20,-47,-106
1742098112.990133,10,58,21
1742098113.026133,54,-51,-64
1742098113.0611331,-5,10,-2
1742098113.0971332,-25,-11,-44
1742098113.132133,-3,-19,-92
1742098113.167133,90,22,-194
1742098113.203133,-9,26,-54
1742098113.2381332,-17,2,49
1742098113.274133,-9,-61,75
1742098113.309133,0,-3,-24
1742098113.345133,64,104,53
1742098113.381133,26,-51,7
1742098113.4161332,-23,-35,7
1742098113.451133,42,-13,-20
1742098113.487133,36,-57,-48
1742098113.523133,-39,-21,-100
1742098113.5581331,-15,-55,-8
1742098113.5941331,-37,14,-80
1742098113.629133,-59,72,-80
1742098113.664133,28,44,-110
1742098113.6991332,42,-1,-54
1742098113.7351332,-13,-53,-68
1742098113.7711332,-55,-3,-60
1742098113.806133,-13,-29,3
1742098113.842133,-9,-23,21
1742098113.8771331,-73,-9,15
1742098113.912133,-51,66,3
1742098113.947133,-17,12,-116
1742098113.983133,-101,8,59
1742098114.019133,14,4,17
1742098114.0541332,-79,-15,-34
1742098114.0901332,6,-49,-14
1742098114.125133,-5,28,65
1742098114.1601331,-9,-43,-126
1742098114.195133,-17,28,-260
1742098114.231133,-99,-3,13
1742098114.274133,-83,-11,-106
1742098114.310133,6,-9,-48
1742098114.346133,78,-19,-82
1742098114.381133,-53,6,19
1742098114.4161332,16,-5,-56
1742098114.451133,96,24,-94
1742098114.487133,-37,64,-16
1742098114.523133,32,-31,0
1742098114.5581331,36,-39,-26
1742098114.5941331,-11,38,-100
1742098114.629133,-3,-35,17
1742098114.664133,40,-21,-78
1742098114.6991332,16,48,-14
1742098114.7351332,-37,-59,-18
1742098114.7711332,-1,-21,91
1742098114.806133,-11,6,-24
1742098114.842133,-5,-57,67
1742098114.8771331,-15,-41,41
1742098114.912133,76,-33,-58
1742098114.947133,-55,48,9
1742098114.983133,10,-47,-44
1742098115.019133,-25,-9,-124
1742098115.0541332,-17,-71,3
1742098115.0901332,2,12,31
1742098115.125133,-7,-57,-86
1742098115.1601331,14,14,-82
1742098115.195133,-41,0,-28
1742098115.231133,-7,-25,-74
1742098115.267133,34,36,-10
1742098115.302133,-27,16,0
1742098115.338133,18,-63,-68
1742098115.3731332,-105,100,45
1742098115.408133,14,78,-18
1742098115.443133,68,30,-68
1742098115.4791331,24,-35,-132
1742098115.5151331,-49,-63,3
1742098115.550133,28,-29,-108
1742098115.586133,-77,-39,-88
1742098115.621133,-7,-65,-12
1742098115.6561332,58,-55,101
1742098115.691133,-47,16,13
1742098115.727133,-3,2,-72
1742098115.763133,40,42,-42
1742098115.7981331,-107,2,37
1742098115.8341331,-47,-15,-86
1742098115.869133,-11,-13,-70
1742098115.904133,24,-5,-98
1742098115.9391332,38,-15,-82
1742098115.9751332,50,56,-54
1742098116.0111332,-117,96,89
1742098116.046133,-5,-1,-62
1742098116.082133,-19,-19,181
1742098116.1171331,94,-33,-16
1742098116.152133,-1,42,69
1742098116.187133,10,34,-82
1742098116.223133,-69,-25,11
1742098116.259133,14,90,-4
1742098116.2941332,30,10,-6
1742098116.3301332,48,-13,27
1742098116.365133,26,40,-48
1742098116.4001331,-21,50,-68
1742098116.435133,-103,-25,-32
1742098116.471133,-61,-7,-18
1742098116.507133,110,4,-78
1742098116.542133,30,46,-160
1742098116.578133,-5,-59,-32
1742098116.6131332,54,40,19
1742098116.648133,72,44,33
1742098116.6831331,-45,-19,-42
1742098116.7191331,-77,6,-28
1742098116.7551332,6,6,-148
1742098116.790133,22,22,-68
1742098116.826133,52,12,-48
1742098116.861133,-23,12,-54
1742098116.8961332,8,-13,81
1742098116.931133,-69,16,-80
1742098116.967133,8,-17,-76
1742098117.003133,-37,-49,-62
1742098117.0381331,56,0,93
1742098117.0741332,-11,-9,-12
1742098117.109133,86,54,-76
1742098117.144133,78,12,29
1742098117.1791332,-79,-1,-36
1742098117.2151332,36,-29,3
1742098117.251133,-55,-61,0
1742098117.286133,42,-67,31
1742098117.322133,94,2,21
1742098117.3571332,-73,-65,-14
1742098117.392133,-21,-13,47
1742098117.428133,58,-27,-20
1742098117.463133,34,-13,-18
1742098117.499133,28,6,-56
1742098117.5341332,4,26,31
1742098117.570133,40,-67,-98
1742098117.605133,26,36,-18
1742098117.6401331,-75,-5,-126
1742098117.675133,14,0,-4
1742098117.711133,64,-3,61
1742098117.747133,40,-3,-78
1742098117.782133,-89,-19,-123
1742098117.818133,-15,84,-65
1742098117.8531332,34,12,-44
1742098117.888133,-58,0,-95
1742098117.924133,-32,-9,46
1742098117.9591331,-28,20,-93
1742098117.9951332,-18,-49,-51
1742098118.030133,-70,-35,-13
1742098118.066133,35,-13,-133
1742098118.101133,-38,-43,-57
1742098118.1361332,0,2,-17
1742098118.172133,-39,4,-33
1742098118.207133,-35,-57,28
1742098118.243133,-33,6,-3
1742098118.2781332,0,10,-51
1742098118.3141332,-41,22,80
1742098118.349133,46,34,-33
1742098118.384133,4,-5,-67
1742098118.420133,-31,-65,42
1742098118.4551332,60,-41,18
1742098118.491133,-3,28,-65
1742098118.526133,-69,-87,82
1742098118.562133,0,-19,-55
1742098118.5971332,-65,-69,-95
1742098118.632133,48,-7,-133
1742098118.668133,17,-37,-27
1742098118.703133,39,-23,-57
1742098118.7391331,19,-19,-81
1742098118.774133,-103,-29,-115
1742098118.810133,-4,-23,88
1742098118.845133,-6,-75,-69
1742098118.8801332,-88,-11,-57
1742098118.9161332,48,-17,16
1742098118.951133,20,-27,-103
1742098118.987133,42,-73,-153
1742098119.022133,4,4,-95
1742098119.0581331,30,28,-61
1742098119.093133,-71,-31,-17
1742098119.128133,52,60,-37
1742098119.164133,-5,-19,-61
1742098119.1991332,-15,-25,-119
1742098119.2351332,-129,56,-15
1742098119.270133,18,0,22
1742098119.306133,-35,14,-55
1742098119.341133,-39,-9,-31
1742098119.376133,-35,-9,-129
1742098119.412133,36,50,-149
1742098119.447133,20,-7,-121
1742098119.483133,30,18,2
1742098119.5181332,50,14,-7
1742098119.5541332,26,-71,-45
1742098119.589133,-25,-39,-111
1742098119.624133,-73,-17,-33
1742098119.6601331,16,6,20
1742098119.695133,-63,6,56
1742098119.731133,28,60,48
1742098119.766133,36,-121,-27
1742098119.802133,-29,-21,-113
1742098119.8371332,46,24,-73
1742098119.872133,24,-57,-15
1742098119.908133,-95,-13,-65
1742098119.943133,-13,-51,-53
1742098119.9791331,72,38,-137
1742098120.014133,24,-45,-37
1742098120.050133,-27,-9,-13
1742098120.085133,-51,-45,-9
1742098120.1201332,-49,48,-53
1742098120.1561332,30,-45,-51
1742098120.191133,-69,42,-143
1742098120.227133,4,-51,40
1742098120.2621331,80,-99,-63
1742098120.297133,-5,30,-101
1742098120.332133,-35,72,-7
1742098120.368133,-55,-9,10
1742098120.404133,50,-31,-19
1742098120.4391332,-17,-7,-39
1742098120.4751332,-77,-3,28
1742098120.510133,34,24,-121
1742098120.545133,-9,38,-81
1742098120.5801332,-1,34,-41
1742098120.616133,44,6,-93
1742098120.652133,10,-17,-91
1742098120.687133,-41,-35,-113
1742098120.723133,-81,-73,-45
1742098120.7581332,12,38,-103
1742098120.793133,8,-43,-91
1742098120.828133,-63,12,-49
1742098120.8641331,30,-63,-31
1742098120.9001331,36,8,-19
1742098120.935133,60,72,-123
1742098120.971133,-27,46,56
1742098121.006133,24,14,-37
1742098121.0411332,32,78,-107
1742098121.076133,28,48,4
1742098121.112133,34,-5,-165
1742098121.148133,50,-7,-3
1742098121.1831331,-9,80,-53
1742098121.2191331,82,14,20
1742098121.254133,32,-29,-51
1742098121.289133,-29,-11,-101
1742098121.3241332,-59,8,32
1742098121.3601332,-51,-13,-11
1742098121.3961332,86,58,-129
1742098121.431133,6,24,-171
1742098121.467133,26,54,2
1742098121.5021331,-17,-45,76
1742098121.537133,56,-47,-43
1742098121.572133,-29,74,-57
1742098121.608133,92,-27,18
1742098121.644133,-3,-21,-101
1742098121.6791332,-11,-51,-47
1742098121.7151332,-13,18,52
1742098121.750133,58,-5,128
1742098121.7851331,16,62,-45
1742098121.820133,22,-45,-155
1742098121.856133,-29,70,0
1742098121.892133,24,38,56
1742098121.927133,0,14,-27
1742098121.963133,14,-75,-73
1742098121.9981332,-29,-35,-73
1742098122.033133,26,80,20
1742098122.068133,48,-73,-107
1742098122.1041331,-7,-41,-47
1742098122.1401331,4,36,-31
1742098122.175133,20,72,-77
1742098122.211133,52,22,0
1742098122.246133,36,-21,-3
1742098122.2811332,-55,12,-83
1742098122.316133,-137,-19,-87
1742098122.352133,2,-5,54
1742098122.388133,0,-67,-9
1742098122.4231331,-21,34,-65
1742098122.4591331,2,36,-15
1742098122.494133,-73,-35,22
1742098122.529133,12,6,-151
1742098122.5641332,-49,38,36
1742098122.6001332,2,8,-15
1742098122.6361332,12,38,-67
1742098122.671133,22,-39,-15
1742098122.707133,-27,0,130
1742098122.7421331,44,24,-129
1742098122.777133,-19,-33,-99
1742098122.812133,-7,-15,-37
1742098122.848133,0,-51,-107
1742098122.884133,26,90,-177
1742098122.9191332,24,28,-119
1742098122.9551332,14,30,-91
1742098122.990133,-13,-55,-1
1742098123.027133,28,-37,-39
1742098123.062133,108,-71,80
1742098123.0971332,20,-19,90
1742098123.132133,-99,-59,-15
1742098123.168133,-19,54,-61
1742098123.204133,-13,-69,-25
1742098123.2391331,92,48,-15
1742098123.2751331,-3,-29,100
1742098123.310133,-19,-43,-163
1742098123.345133,24,58,56
1742098123.3801332,-39,8,-57
1742098123.4161332,-123,-5,-7
1742098123.4521332,-51,-5,68
1742098123.487133,-23,-59,-87
1742098123.523133,10,-13,-107
1742098123.5581331,24,50,-61
1742098123.593133,4,16,70
1742098123.628133,2,10,-91
1742098123.664133,-43,18,-77
1742098123.700133,-87,8,-93
1742098123.7351332,-33,44,120
1742098123.7711332,46,18,-123
1742098123.806133,-9,60,-77
1742098123.841133,30,74,-63
1742098123.876133,48,-125,-23
1742098123.912133,6,-19,-83
1742098123.948133,-53,40,2
1742098123.983133,70,-57,-93
1742098124.019133,-13,-35,-73
1742098124.0541332,-43,16,-13
1742098124.089133,80,-17,-109
1742098124.124133,10,12,-91
1742098124.1601331,98,20,-49
1742098124.1961331,16,-13,-53
1742098124.231133,24,78,46
1742098124.267133,-9,18,48
1742098124.309133,-9,-3,64
1742098124.345133,44,-51,-83
1742098124.3801332,54,14,-21
1742098124.4161332,40,-49,2
1742098124.4521332,-9,-83,14
1742098124.487133,-1,-23,68
1742098124.523133,-1,-45,6
1742098124.5581331,16,-39,-77
1742098124.593133,-11,2,-121
1742098124.629133,36,-51,46
1742098124.664133,-35,40,-173
1742098124.700133,-51,-75,-71
1742098124.7351332,34,2,-13
1742098124.7711332,38,36,-17
1742098124.806133,28,84,60
1742098124.841133,10,44,-31
1742098124.8771331,58,26,110
1742098124.912133,62,-17,-41
1742098124.948133,-1,16,-57
1742098124.983133,74,-3,86
1742098125.019133,6,90,-153
1742098125.0541332,-21,30,-119
1742098125.089133,-13,46,-111
1742098125.125133,28,26,74
1742098125.1601331,6,-53,-129
1742098125.1961331,92,34,-29
1742098125.231133,-13,32,-107
1742098125.267133,48,-23,-43
1742098125.302133,34,8,-89
1742098125.3371332,10,60,38
1742098125.3731332,26,-31,-125
1742098125.408133,55,4,-31
1742098125.444133,-9,-23,-83
1742098125.4791331,-9,16,-65
1742098125.5151331,6,-1,-11
1742098125.550133,2,-71,-11
1742098125.585133,10,64,72
1742098125.621133,42,-31,-97
1742098125.6561332,55,-89,-13
1742098125.6921332,-25,4,-111
1742098125.727133,0,-19,-15
1742098125.763133,2,-43,-33
1742098125.7981331,-9,70,-39
1742098125.833133,11,10,-25
1742098125.869133,-23,-57,28
1742098125.904133,4,-47,64
1742098125.940133,0,-115,-47
1742098125.9751332,14,-55,-111
1742098126.0111332,10,-13,-35
1742098126.046133,16,2,-49
1742098126.0811331,28,34,1
1742098126.1171331,-1,50,-4
1742098126.152133,108,24,-88
1742098126.188133,-25,28,-26
1742098126.223133,-49,-7,-8
1742098126.259133,-25,76,-26
1742098126.2941332,-24,-89,-22
1742098126.329133,-54,34,101
1742098126.365133,27,10,-64
1742098126.4001331,41,2,-44
1742098126.4361331,41,64,-16
1742098126.471133,17,-7,-142
1742098126.507133,-30,40,-82
1742098126.542133,0,-33,45
1742098126.5771332,-3,-35,-30
1742098126.6131332,78,-19,53
1742098126.648133,-27,-5,-44
1742098126.684133,56,8,3
1742098126.7191331,2,-74,85
1742098126.7551332,-46,40,0
1742098126.790133,6,32,-24
1742098126.825133,-49,-39,-62
1742098126.861133,-14,-43,-18
1742098126.8961332,31,-21,17
1742098126.9321332,-50,-9,-58
1742098126.967133,40,4,51
1742098127.003133,118,0,-196
1742098127.039133,-2,34,-36
1742098127.0741332,92,32,-76
1742098127.109133,52,-95,1
1742098127.145133,-33,-55,-64
1742098127.181133,-5,26,-46
1742098127.216133,62,-1,-124
1742098127.2521331,4,56,91
1742098127.287133,-21,-25,-30
1742098127.322133,-27,-17,-136
1742098127.3571332,-31,-37,59
1742098127.3931332,36,32,-124
1742098127.4291332,-9,-11,-86
1742098127.464133,-15,2,-14
1742098127.500133,16,-29,69
1742098127.5351331,50,10,-66
1742098127.570133,-31,-45,81
1742098127.605133,-103,-51,29
1742098127.641133,20,-17,-94
1742098127.677133,-3,-15,27
1742098127.7121332,-43,-9,-40
1742098127.7481332,0,-33,5
1742098127.783133,56,40,-44
1742098127.818133,8,42,-32
1742098127.8531332,-95,34,-58
1742098127.889133,-35,62,-92
1742098127.925133,-25,-25,-60
1742098127.960133,-47,-61,85
1742098127.996133,18,4,-88
1742098128.0311332,36,-1,59
1742098128.066133,-1,26,-94
1742098128.101133,-11,-11,-110
1742098128.1371331,0,16,7
1742098128.1731331,24,-5,-6
1742098128.208133,-49,28,-116
1742098128.244133,24,52,-142
1742098128.279133,-31,-29,7
1742098128.3141332,-71,78,3
1742098128.349133,-7,-25,-4
1742098128.385133,-43,-25,-106
1742098128.421133,24,4,-40
1742098128.4561331,-75,24,-28
1742098128.4921331,-35,54,-82
1742098128.527133,4,32,-46
1742098128.562133,-143,30,-142
1742098128.5971332,-85,-45,-120
1742098128.6331332,38,52,-32
1742098128.6691332,-45,-51,-62
1742098128.704133,6,6,0
1742098128.740133,6,72,-92
1742098128.7751331,-5,12,11
1742098128.810133,-9,-19,-28
1742098128.845133,-53,70,-130
1742098128.881133,-45,62,0
1742098128.917133,52,24,-88
1742098128.9521332,-53,-19,-42
1742098128.9881332,22,-35,39
1742098129.023133,40,22,-60
1742098129.0581331,-31,-57,-70
1742098129.093133,-1,18,-34
1742098129.129133,-5,24,-30
1742098129.165133,-47,-87,-76
1742098129.200133,-25,20,-72
1742098129.236133,82,-39,-92
1742098129.2711332,44,30,-174
1742098129.306133,-5,-43,-14
1742098129.341133,72,44,45
1742098129.3771331,-13,-17,117
1742098129.4131331,46,40,-78
1742098129.448133,-1,18,-132
1742098129.484133,0,-52,131
1742098129.519133,52,41,-42
1742098129.5541332,-21,73,85
1742098129.589133,-27,9,49
1742098129.625133,12,9,133
1742098129.661133,18,-2,-60
1742098129.6961331,14,-67,-12
1742098129.7321332,-37,-39,-36
1742098129.767133,22,31,-68
1742098129.802133,24,44,-54
1742098129.8371332,-51,26,-114
1742098129.8731332,60,22,-4
1742098129.9091332,66,12,-50
1742098129.944133,-37,56,27
1742098129.980133,32,-9,-154
1742098130.0151331,16,-38,-84
1742098130.050133,36,-1,-44
1742098130.085133,-53,-24,-44
1742098130.121133,50,99,-24
1742098130.157133,-53,12,13
1742098130.1921332,14,34,69
1742098130.2281332,40,-13,53
1742098130.263133,18,-31,-6
1742098130.2981331,-55,14,17
1742098130.333133,-3,12,-20
1742098130.369133,2,28,-46
1742098130.405133,-71,48,-136
1742098130.440133,28,8,27
1742098130.476133,16,112,25
1742098130.5111332,32,10,-6
1742098130.546133,78,46,-86
1742098130.5811331,50,12,105
1742098130.6171331,-3,30,-62
1742098130.6531332,30,22,3
1742098130.688133,-23,80,85
1742098130.724133,-5,54,-74
1742098130.759133,-23,8,-124
1742098130.7941332,42,102,-28
1742098130.829133,-95,-35,29
1742098130.865133,34,-14,11
1742098130.901133,-55,35,-30
1742098130.9361331,-23,95,-28
1742098130.9721332,-7,0,33
1742098131.007133,52,11,-74
1742098131.042133,-15,5,-66
1742098131.0771332,2,-110,-142
1742098131.1131332,4,39,-106
1742098131.149133,-95,7,-32
1742098131.184133,36,-98,-68
1742098131.220133,-59,-10,35
1742098131.2551332,-17,25,-104
1742098131.290133,80,-12,-96
1742098131.325133,-147,0,-22
1742098131.361133,-63,41,-58
1742098131.397133,34,61,-106
1742098131.4321332,110,-71,89
1742098131.468133,-37,-9,-42
1742098131.503133,-23,58,-54
1742098131.5381331,-75,-7,3
1742098131.5741332,20,-17,-70
1742098131.609133,106,-19,-130
1742098131.645133,-11,-65,-56
1742098131.680133,40,-3,-30
1742098131.716133,-61,90,-68
1742098131.751133,-1,-9,-16
1742098131.786133,12,8,-124
1742098131.822133,-51,-87,-8
1742098131.8571332,-7,-41,37
1742098131.8931332,-35,24,-72
1742098131.928133,-3,-19,9
1742098131.964133,-99,-43,-26
1742098131.999133,42,48,-18
1742098132.0341332,18,44,-208
1742098132.070133,44,0,-74
1742098132.105133,-101,26,-9
1742098132.141133,0,52,-71
1742098132.1761332,-39,-1,-81
1742098132.2121332,-63,38,38
1742098132.247133,-35,2,14
1742098132.282133,26,16,-63
1742098132.318133,-1,26,-28
1742098132.3531332,-45,18,-64
1742098132.389133,-87,30,-41
1742098132.424133,-99,-7,-37
1742098132.460133,-1,-65,-107
1742098132.4951332,-41,-57,-85
1742098132.530133,38,-17,18
1742098132.566133,2,-83,-55
1742098132.601133,48,42,14
1742098132.6371331,-3,4,-59
1742098132.672133,86,-53,-9
1742098132.708133,-51,-67,100
1742098132.743133,4,6,14
1742098132.7781332,18,60,-131
1742098132.8141332,46,16,-15
1742098132.849133,48,10,-61
1742098132.885133,2,-9,-15
1742098132.920133,20,-5,-17
1742098132.9561331,0,4,-31
1742098132.991133,-79,10,40
1742098133.026133,-7,30,-17
1742098133.062133,-19,-65,10
1742098133.0971332,-29,14,-45
1742098133.1331332,-9,-29,-39
1742098133.168133,-23,-9,18
1742098133.204133,6,40,-41
1742098133.2391331,-13,-1,-53
1742098133.274133,66,26,-135
1742098133.310133,28,-3,-51
1742098133.345133,30,-27,62
1742098133.381133,28,-13,14
1742098133.4161332,-13,42,-87
1742098133.451133,-33,54,30
1742098133.486133,-33,-103,-127
1742098133.522133,-23,-29,-49
1742098133.5581331,66,18,-113
1742098133.593133,-25,9,122
1742098133.629133,14,-72,18
1742098133.664133,22,19,-73
1742098133.700133,-4,-76,-125
1742098133.7351332,88,50,46
1742098133.770133,-18,78,-23
1742098133.806133,94,-40,-41
1742098133.841133,9,38,-47
1742098133.8771331,-50,64,-19
1742098133.912133,17,-20,-41
1742098133.948133,-54,57,-75
1742098133.984133,13,-68,-87
1742098134.019133,-22,-8,26
1742098134.0541332,46,-10,-15
1742098134.0901332,-19,11,24
1742098134.126133,90,-4,30
1742098134.161133,-41,-54,-63
1742098134.197133,42,57,70
1742098134.2321332,50,47,-149
1742098134.267133,10,11,-23
1742098134.302133,56,-54,-21
1742098134.345133,78,-12,-53
1742098134.382133,-67,0,-77
1742098134.417133,-19,31,-71
1742098134.453133,58,13,116
1742098134.4881332,32,5,112
1742098134.523133,54,9,18
1742098134.5581331,-33,27,46
1742098134.5941331,62,-8,22
1742098134.6301332,-26,-20,-35
1742098134.665133,22,0,26
1742098134.701133,0,-8,-47
1742098134.736133,-29,-52,74
1742098134.7711332,48,31,34
1742098134.806133,78,-20,-25
1742098134.842133,78,17,-49
1742098134.878133,64,15,-5
1742098134.9131331,74,-32,-177
1742098134.9491332,-17,-48,-31
1742098134.984133,8,19,-71
1742098135.019133,48,-4,-11
1742098135.0541332,50,9,-105
1742098135.0901332,16,-88,14
1742098135.126133,74,13,-23
1742098135.161133,-35,7,4
1742098135.197133,34,-14,-87
1742098135.2321332,76,21,-67
1742098135.267133,36,13,-41
1742098135.302133,6,-43,56
1742098135.338133,16,54,-15
1742098135.374133,28,-1,-37
1742098135.4091332,-103,50,40
1742098135.445133,-31,-45,4
1742098135.480133,6,-1,14
1742098135.5151331,-1,50,-105
1742098135.550133,-47,74,22
1742098135.586133,24,0,-105
1742098135.622133,14,-75,-53
1742098135.657133,-61,26,-29
1742098135.693133,44,-9,-53
1742098135.7281332,102,78,-25
1742098135.763133,-113,-1,-127
1742098135.7981331,18,14,-47
1742098135.8341331,-50,38,28
1742098135.8701332,4,12,156
1742098135.905133,26,1,20
1742098135.941133,-51,32,-137
1742098135.976133,-58,-50,16
1742098136.0111332,-27,7,-165
1742098136.046133,0,-16,-55
1742098136.082133,34,-16,-91
1742098136.118133,32,-1,50
1742098136.1531332,-41,0,8
1742098136.1891332,-103,-11,-79
1742098136.224133,-47,16,-43
1742098136.259133,32,-3,34
1742098136.2941332,-21,16,-29
1742098136.3301332,88,-29,46
1742098136.366133,4,68,-65
1742098136.401133,42,-1,32
1742098136.437133,-49,-21,0
1742098136.4721332,-69,26,-125
1742098136.507133,-33,-27,-9
1742098136.542133,-87,-33,34
1742098136.578133,28,-17,18
1742098136.6141331,-63,-3,-63
1742098136.649133,16,62,-55
1742098136.685133,24,-95,-55
1742098136.720133,26,-35,26
1742098136.7551332,0,-49,66
1742098136.790133,56,-69,34
1742098136.826133,-15,-39,-109
1742098136.862133,-53,16,-3
1742098136.897133,98,-7,4
1742098136.9331331,-1,-31,-17
1742098136.968133,40,16,-29
1742098137.003133,-43,38,-15
1742098137.0381331,-25,56,-117
1742098137.0741332,16,52,-155
1742098137.1101332,4,-79,-47
1742098137.145133,42,12,-19
1742098137.181133,4,20,68
1742098137.216133,-79,32,-85
1742098137.251133,18,20,-9
1742098137.286133,18,-11,46
1742098137.322133,40,44,-37
1742098137.358133,-35,14,-25
1742098137.3931332,100,26,78
1742098137.4291332,-13,24,2
1742098137.4651332,6,32,-63
1742098137.501133,-45,8,-189
1742098137.536133,50,-59,44
1742098137.5711331,20,-31,0
1742098137.606133,24,-17,-23
1742098137.642133,66,-39,132
1742098137.678133,118,-3,-57
1742098137.713133,-53,60,-9
1742098137.749133,38,6,-119
1742098137.7841332,18,0,32
1742098137.819133,-13,-95,4
1742098137.8541331,-9,8,-113
1742098137.8901331,-9,-67,58
1742098137.9261332,6,-5,-39
1742098137.961133,-33,-65,-51
1742098137.997133,-69,30,-79
1742098138.032133,68,-27,74
1742098138.0671332,-41,4,18
1742098138.102133,-115,-71,-35
1742098138.138133,-47,2,26
1742098138.174133,20,-7,124
1742098138.2091331,-101,-43,-61
1742098138.2451332,-69,-3,-53
1742098138.280133,8,38,-11
1742098138.315133,-9,0,-153
1742098138.351133,8,28,-145
1742098138.3861332,40,66,-5
1742098138.422133,18,8,-51
1742098138.457133,-23,2,74
1742098138.493133,-53,30,16
1742098138.5281332,30,-35,-25
1742098138.563133,-3,-51,-67
1742098138.599133,-41,-17,-73
1742098138.634133,8,-47,-41
1742098138.670133,18,18,52
1742098138.7051332,26,-57,-143
1742098138.741133,-47,62,124
1742098138.776133,18,-5,-109
1742098138.8111331,12,-9,-49
1742098138.8471332,62,72,-187
1742098138.882133,34,98,18
1742098138.918133,0,-59,-95
1742098138.953133,22,-35,-53
1742098138.9891331,20,6,-95
1742098139.024133,-7,42,-81
1742098139.059133,16,22,-47
1742098139.095133,-37,-37,-25
1742098139.1301332,-31,92,-111
1742098139.1661332,4,-51,-59
1742098139.201133,-3,-27,-103
1742098139.237133,20,10,-119
1742098139.272133,8,-83,-79
1742098139.3071332,8,-15,-43
1742098139.343133,-29,72,-77
1742098139.378133,-33,58,80
1742098139.414133,-17,-43,-99
1742098139.4491332,38,-41,-41
1742098139.4851332,32,38,-13
1742098139.520133,-5,-29,-95
1742098139.555133,-21,-23,2
1742098139.591133,-57,16,-55
1742098139.626133,38,-21,-91
1742098139.662133,28,12,-7
1742098139.697133,-63,-57,-115
1742098139.733133,-79,-23,-81
1742098139.7681332,-9,-55,-15
1742098139.803133,26,-43,-173
1742098139.839133,22,-87,-29
1742098139.874133,-9,82,-75
1742098139.9101331,-35,32,-101
1742098139.945133,-71,-49,-55
1742098139.981133,42,-37,-19
1742098140.016133,18,-53,-19
1742098140.0511332,-67,-9,-59
1742098140.0871332,90,-9,-155
1742098140.122133,72,-9,-63
1742098140.158133,142,2,72
1742098140.193133,-61,-65,-11
1742098140.2291331,-11,-63,14
1742098140.264133,-75,24,-127
1742098140.299133,20,30,-41
1742098140.335133,-9,36,-97
1742098140.3701332,-109,-5,-191
1742098140.4061332,52,16,-7
1742098140.441133,24,6,30
1742098140.477133,0,-7,-117
1742098140.5121331,-43,-1,-49
1742098140.547133,66,-19,90
1742098140.583133,18,32,30
1742098140.618133,20,-21,40
1742098140.654133,-19,-21,20
1742098140.6891332,-75,-37,28
1742098140.7251332,-73,-51,-21
1742098140.7611332,-41,14,-77
1742098140.796133,-17,-13,-83
1742098140.8311331,60,-49,22
1742098140.8671331,62,-9,4
1742098140.9031332,-51,54,12
1742098140.938133,-11,-9,-197
1742098140.974133,-13,44,-113
1742098141.009133,38,-73,14
1742098141.0441332,18,-11,94
1742098141.079133,-21,-1,-30
1742098141.115133,-61,-27,-43
1742098141.151133,-13,14,-45
1742098141.1861331,-3,2,-53
1742098141.2221332,-13,2,-129
1742098141.257133,8,10,14
1742098141.292133,-13,-7,6
1742098141.3271332,28,-21,36
1742098141.3631332,42,8,52
1742098141.399133,24,46,-177
1742098141.434133,-55,22,-66
1742098141.470133,26,-53,20
1742098141.5051332,-33,34,-19
1742098141.540133,6,-43,-153
1742098141.575133,-43,-13,0
1742098141.611133,50,-19,39
1742098141.647133,34,-43,-20
1742098141.6821332,-25,30,-55
1742098141.718133,40,50,-7
1742098141.753133,-21,-55,-161
1742098141.7881331,-91,22,39
1742098141.823133,-7,16,-82
1742098141.859133,48,16,-106
1742098141.895133,-3,-25,-74
1742098141.930133,12,26,-42
1742098141.966133,42,14,-94
1742098142.001133,-17,14,-44
1742098142.036133,20,-31,19
1742098142.0711331,34,-9,-154
1742098142.1071332,-61,-7,25
1742098142.1431332,70,114,-10
1742098142.178133,-25,8,-126
1742098142.214133,82,8,-42
1742098142.249133,-17,2,17
1742098142.2841332,74,54,-162
1742098142.319133,24,8,67
1742098142.355133,2,-95,-66
1742098142.391133,-31,0,-6
1742098142.4261332,-93,24,-68
1742098142.4621332,-65,34,-48
1742098142.497133,-5,20,-116
1742098142.532133,0,-41,-112
1742098142.5671332,12,8,-10
1742098142.6031332,-31,46,-36
1742098142.639133,-13,-21,-116
1742098142.674133,-47,26,-76
1742098142.710133,-49,-41,25
1742098142.7451332,64,6,-88
1742098142.780133,-47,38,111
1742098142.815133,-5,0,-100
1742098142.851133,14,-5,39
1742098142.8871331,22,-21,61
1742098142.922133,-13,2,-36
1742098142.958133,-21,0,-112
1742098142.993133,38,34,133
1742098143.0281332,0,-37,35
1742098143.063133,-5,56,65
1742098143.099133,34,12,-16
1742098143.135133,-91,-23,-26
1742098143.170133,-89,22,-32
1742098143.2061331,-57,-59,-6
1742098143.241133,-23,-5,1
1742098143.276133,-77,38,-156
1742098143.3111331,38,-61,23
1742098143.3471332,26,14,-20
1742098143.3831332,-34,-69,-14
1742098143.418133,-44,12,-6
1742098143.454133,34,14,41
1742098143.4891331,-51,-81,31
1742098143.524133,42,10,85
1742098143.559133,-5,78,-102
1742098143.595133,4,50,57
1742098143.631133,-29,4,-150
1742098143.6661332,-33,-11,15
1742098143.7021332,56,8,0
1742098143.737133,-11,-29,-2
1742098143.772133,64,24,-60
1742098143.8071332,-35,32,-100
1742098143.843133,-51,-37,-60
1742098143.879133,-27,-35,103
1742098143.914133,112,-11,-12
1742098143.950133,110,-75,-70
1742098143.9851332,-25,82,-112
1742098144.020133,-101,-61,-86
1742098144.055133,2,8,-44
1742098144.091133,-45,10,-244
1742098144.1271331,46,-21,-98
1742098144.162133,40,-89,-26
1742098144.198133,-17,42,-22
1742098144.233133,-9,10,3
1742098144.2681332,32,-3,-10
1742098144.303133,-19,-14,47
1742098144.346133,10,51,-34
1742098144.3831332,-35,-56,0
1742098144.418133,2,67,-92
1742098144.454133,-1,63,-98
1742098144.4891331,-13,-2,31
1742098144.524133,56,21,-72
1742098144.559133,26,-6,-68
1742098144.595133,40,59,33
1742098144.631133,98,-46,-86
1742098144.6661332,46,57,-20
1742098144.7021332,18,-12,-18
1742098144.737133,-5,45,-74
1742098144.772133,-15,31,-46
1742098144.8071332,0,-18,-104
1742098144.843133,0,-40,43
1742098144.879133,-41,0,-146
1742098144.914133,18,29,71
1742098144.950133,-21,45,-122
1742098144.9851332,20,-32,3
1742098145.020133,42,71,-120
1742098145.056133,56,-40,17
1742098145.091133,46,31,-36
1742098145.1271331,64,-10,-92
1742098145.162133,124,55,-190
1742098145.198133,30,-10,-96
1742098145.233133,14,-80,5
1742098145.2681332,14,-22,-26
1742098145.3041332,72,15,5
1742098145.339133,-45,-54,-22
1742098145.375133,-51,17,7
1742098145.4101331,84,-6,-28
1742098145.4461331,20,-34,-54
1742098145.481133,12,-16,-126
1742098145.516133,-15,35,-32
1742098145.552133,8,9,-44
1742098145.5871332,-39,29,-52
1742098145.6231332,22,27,-22
1742098145.658133,40,-66,-100
1742098145.694133,24,33,71
1742098145.7291331,16,-45,35
1742098145.764133,40,16,-66
1742098145.800133,14,24,11
1742098145.835133,34,38,105
1742098145.871133,58,0,-58
1742098145.9061332,-3,-23,27
1742098145.9421332,-27,82,-124
1742098145.977133,26,-21,-84
1742098146.0121331,50,-31,-106
1742098146.0481331,-71,12,51
1742098146.083133,-17,16,-138
1742098146.119133,46,-15,-140
1742098146.154133,-17,-11,-164
1742098146.190133,84,-21,-90
1742098146.2251332,-59,2,63
1742098146.260133,-47,-59,-8
1742098146.296133,-13,-5,15
1742098146.3311331,-69,20,-82
1742098146.3671331,-11,8,43
1742098146.402133,42,22,51
1742098146.438133,12,-9,-100
1742098146.473133,-23,62,9
1742098146.5081332,-45,-51,-48
1742098146.5441332,28,18,-44
1742098146.579133,-31,-21,51
1742098146.615133,-27,24,-58
1742098146.6501331,-53,-3,-48
1742098146.6861331,-17,-39,-96
1742098146.721133,56,-51,-80
1742098146.756133,-23,-33,-48
1742098146.792133,-65,16,-30
1742098146.8271332,-37,60,-48
1742098146.8631332,10,10,71
1742098146.898133,-67,2,-84
1742098146.934133,-23,-29,19
1742098146.9691331,44,-35,-16
1742098147.004133,-47,80,3
1742098147.040133,0,-69,7
1742098147.075133,8,-41,-34
1742098147.111133,-19,6,-18
1742098147.1461332,-93,14,-50
1742098147.1821332,26,34,-58
1742098147.217133,10,-19,-70
1742098147.2521331,-9,-23,11
1742098147.2881331,-61,-47,-102
1742098147.323133,-65,14,-22
1742098147.359133,-45,42,-90
1742098147.394133,58,88,-14
1742098147.430133,24,32,-32
1742098147.466133,-1,56,67
1742098147.5021331,88,36,-10
1742098147.5381331,34,30,7
1742098147.5741332,2,-31,-10
1742098147.6101332,-7,-35,-16
1742098147.6461332,-25,-31,-50
1742098147.6821332,-37,-35,-12
1742098147.717133,60,-13,-8
1742098147.7521331,34,-145,-116
1742098147.7881331,-7,-17,-2
1742098147.8241332,-7,36,19
1742098147.859133,-17,8,-154
1742098147.895133,0,54,-82
1742098147.930133,-5,68,5
1742098147.9651332,-141,28,-52
1742098148.000133,-67,-51,-34
1742098148.036133,-37,40,-8
1742098148.072133,52,28,-88
1742098148.1071332,30,-21,49
1742098148.1431332,-117,-43,-80
1742098148.178133,-29,30,-16
1742098148.213133,-5,26,-14
1742098148.2481332,-19,58,-232
1742098148.2841332,-21,0,-96
1742098148.320133,-63,-39,-56
1742098148.355133,-21,-95,19
1742098148.391133,32,80,49
1742098148.4261332,-35,30,-12
1742098148.461133,-11,0,-102
1742098148.496133,6,64,-104
1742098148.532133,4,40,31
1742098148.568133,22,-9,-32
1742098148.6031332,24,8,-40
1742098148.639133,-3,-57,-38
1742098148.674133,-21,-13,-62
1742098148.7091331,80,14,-68
1742098148.744133,-1,-23,77
1742098148.780133,-19,-33,-152
1742098148.816133,4,2,41
1742098148.851133,20,8,-30
1742098148.8871331,-25,40,-24
1742098148.922133,0,48,-8
1742098148.957133,-1,0,-114
1742098148.9921331,44,82,-30
1742098149.0281332,-53,8,-112
1742098149.0641332,14,-19,-60
1742098149.099133,26,-35,-134
1742098149.135133,-65,-9,-86
1742098149.170133,6,-79,-100
1742098149.2051332,6,28,-62
1742098149.240133,-37,12,-72
1742098149.276133,22,-21,0
1742098149.312133,42,22,-2
1742098149.3471332,50,-53,-172
1742098149.3831332,16,48,-78
1742098149.418133,-41,-33,-6
1742098149.453133,-87,50,-104
1742098149.4881332,26,-37,29
1742098149.524133,-15,8,-96
1742098149.560133,-31,10,51
1742098149.595133,18,-15,-14
1742098149.631133,112,-39,-88
1742098149.6661332,-19,8,-10
1742098149.701133,-54,12,-144
1742098149.736133,24,-74,105
1742098149.772133,17,28,-136
1742098149.8081331,-27,62,-82
1742098149.843133,-19,8,-128
1742098149.879133,-13,-47,-96
1742098149.914133,6,-23,-64
1742098149.9491332,-79,8,23
1742098149.984133,4,-23,-75
1742098150.020133,0,-63,56
1742098150.056133,-5,-19,-43
1742098150.091133,10,20,76
1742098150.1271331,-27,16,-5
1742098150.1631331,-27,30,-29
1742098150.1991332,12,58,-69
1742098150.234133,36,2,-61
1742098150.269133,-1,-41,-69
1742098150.3041332,-29,54,17
1742098150.3401332,-25,-21,6
1742098150.376133,-49,-7,-69
1742098150.411133,74,80,14
1742098150.447133,-97,-33,32
1742098150.4821332,-13,-7,-51
1742098150.517133,16,62,-19
1742098150.552133,-71,24,18
1742098150.588133,-37,22,-151
1742098150.624133,-27,28,-65
1742098150.6591332,60,-91,-59
1742098150.695133,-23,40,-19
1742098150.730133,2,-57,-133
1742098150.7651331,56,68,-67
1742098150.800133,82,36,2
1742098150.836133,-31,2,-21
1742098150.872133,88,-3,4
1742098150.907133,-9,-11,-45
1742098150.943133,-51,-31,-185
1742098150.9781332,20,-3,-171
1742098151.013133,48,12,-119
1742098151.0481331,10,-27,96
1742098151.0841331,-73,6,-13
1742098151.1201332,-67,66,-63
1742098151.155133,-57,-21,-99
1742098151.191133,-55,2,70
1742098151.226133,-35,2,-75
1742098151.2611332,-97,26,-29
1742098151.296133,-47,-11,-13
1742098151.332133,-5,42,-35
1742098151.368133,78,16,-65
1742098151.4031332,12,4,-87
1742098151.4391332,12,46,34
1742098151.474133,-65,22,-55
1742098151.509133,8,-31,40
1742098151.5441332,14,-27,68
1742098151.5801332,-21,-49,-5
1742098151.616133,56,-39,90
1742098151.651133,-3,32,50
1742098151.687133,-91,76,-125
1742098151.7221332,10,30,-87
1742098151.757133,74,62,-39
1742098151.792133,42,20,104
1742098151.828133,-9,24,6
1742098151.8641331,-13,0,18
1742098151.899133,-1,26,-133
1742098151.935133,26,-57,-3
1742098151.970133,-37,90,-23
1742098152.0051332,-61,-61,-43
1742098152.0411332,-7,-23,-19
1742098152.076133,102,-9,-51
1742098152.112133,104,14,-93
1742098152.147133,-33,74,74
1742098152.1831331,26,-85,28
1742098152.218133,76,28,8
1742098152.253133,-69,-51,86
1742098152.289133,44,-31,26
1742098152.3241332,48,-61,-65
1742098152.3601332,2,-27,-19
1742098152.395133,40,70,-157
1742098152.431133,56,-97,-9
1742098152.466133,-15,-35,-51
1742098152.501133,40,-91,-39
1742098152.537133,106,32,20
1742098152.572133,12,30,-77
1742098152.608133,54,58,-43
1742098152.6431332,40,18,-17
1742098152.6791332,32,-57,22
1742098152.714133,-59,-85,48
1742098152.749133,-103,-29,10
1742098152.7851331,-17,0,-19
1742098152.820133,136,2,-21
1742098152.856133,2,32,100
1742098152.891133,-11,38,-83
1742098152.927133,12,32,-83
1742098152.9621332,-7,-39,-27
1742098152.997133,30,0,-17
1742098153.033133,2,10,36
1742098153.068133,40,44,-51
1742098153.1041331,72,-3,-55
1742098153.139133,-17,-5,-143
1742098153.175133,-33,-95,-105
1742098153.210133,-47,12,-77
1742098153.2451332,54,-25,-19
1742098153.2811332,-67,14,-119
1742098153.316133,-5,28,-7
1742098153.352133,-75,-39,-123
1742098153.3871331,46,-7,-27
1742098153.4231331,36,-43,-29
1742098153.458133,-1,-13,-103
1742098153.493133,-13,62,-45
1742098153.529133,0,-31,0
1742098153.5641332,-93,30,-65
1742098153.6001332,-99,18,-85
1742098153.635133,82,-45,-47
1742098153.671133,98,28,-13
1742098153.7061331,16,2,-101
1742098153.741133,-59,-9,-99
1742098153.777133,44,64,-183
1742098153.812133,38,40,0
1742098153.848133,-69,-13,14
1742098153.8831332,62,24,38
1742098153.9191332,10,-17,-37
1742098153.954133,-63,-29,-129
1742098153.9891331,-7,52,64
1742098154.0251331,-95,24,-9
1742098154.060133,-9,22,-63
1742098154.096133,-21,22,80
1742098154.131133,-1,-35,-57
1742098154.167133,-87,26,64
1742098154.2021332,10,-15,-113
1742098154.237133,36,-1,-25
1742098154.273133,32,-45,-55
1742098154.3081331,50,-31,108
1742098154.351133,12,-19,-89
1742098154.3871331,-43,-19,-15
1742098154.422133,-27,72,56
1742098154.457133,26,-9,-27
1742098154.493133,18,54,-75
1742098154.529133,-11,-7,-1
1742098154.5641332,20,34,-41
1742098154.6001332,26,-33,-91
1742098154.635133,152,-27,-11
1742098154.670133,-73,40,40
1742098154.7051332,-23,-23,-93
1742098154.741133,-43,38,-93
1742098154.777133,-33,-19,-123
1742098154.812133,-45,56,-65
1742098154.848133,-85,-35,-33
1742098154.8831332,20,10,-9
1742098154.918133,12,-7,-13
1742098154.953133,-15,58,12
1742098154.9891331,44,-83,102
1742098155.0251331,-47,-11,-83
1742098155.060133,0,50,68
1742098155.096133,-1,-39,-43
1742098155.131133,-95,2,-205
1742098155.1661332,66,-3,-63
1742098155.201133,0,36,-59
1742098155.237133,28,20,-13
1742098155.273133,-49,52,-145
1742098155.3081331,60,-11,52
1742098155.3441331,18,10,54
1742098155.379133,-46,30,4
1742098155.414133,-70,8,-119
1742098155.4491332,26,6,20
1742098155.4851332,-30,26,48
1742098155.5211332,-46,12,-39
1742098155.556133,48,-50,-55
1742098155.592133,30,-34,-51
1742098155.6271331,-14,-34,-37
1742098155.662133,70,72,-111
1742098155.697133,58,-35,-7
1742098155.733133,27,-9,-49
1742098155.769133,-22,-93,36
1742098155.8041332,-4,38,0
1742098155.8401332,33,26,-13
1742098155.875133,31,-107,-19
1742098155.9101331,69,-65,-113
1742098155.945133,1,-19,-119
1742098155.981133,59,-17,-55
1742098156.017133,5,18,-15
1742098156.052133,43,20,30
1742098156.088133,23,18,-37
1742098156.1231332,49,2,-23
1742098156.158133,61,0,-17
1742098156.193133,-160,-33,58
1742098156.2291331,-10,-29,-3
1742098156.2651331,49,-93,48
1742098156.300133,-34,-13,-11
1742098156.336133,23,-11,112
1742098156.371133,-56,28,48
1742098156.4061332,-24,-17,-5
1742098156.441133,37,-47,66
1742098156.477133,17,14,-107
1742098156.513133,59,-21,-63
1742098156.5481331,-42,48,68
1742098156.5841331,-72,36,-1
1742098156.619133,31,26,-51
1742098156.654133,3,-15,-47
1742098156.6891332,42,-19,-67
1742098156.7251332,29,6,10
1742098156.7611332,-12,-19,-17
1742098156.796133,23,70,-27
1742098156.832133,28,-57,-133
1742098156.8671331,0,-101,24
1742098156.902133,-17,-3,8
1742098156.937133,-53,102,10
1742098156.973133,6,4,-113
1742098157.009133,32,56,20
1742098157.0441332,-25,-33,-133
1742098157.0801332,8,-5,-90
1742098157.115133,-105,-21,13
1742098157.1501331,82,-23,7
1742098157.185133,-35,-13,-84
1742098157.221133,22,-19,9
1742098157.257133,68,-33,-27
1742098157.292133,-31,44,9
1742098157.328133,50,26,-90
1742098157.3631332,-57,10,-80
1742098157.398133,0,-19,43
1742098157.4331331,34,-9,-18
1742098157.4691331,4,-22,-34
1742098157.5051332,-1,3,1
1742098157.540133,56,36,29
1742098157.576133,8,4,0
1742098157.611133,-17,-24,19
1742098157.6461332,60,39,0
1742098157.681133,28,71,-108
1742098157.717133,-35,-40,-60
1742098157.753133,16,-20,-4
1742098157.7881331,20,15,-38
1742098157.8241332,48,9,-14
1742098157.859133,50,15,35
1742098157.894133,16,11,-52
1742098157.9291332,-37,7,-58
1742098157.9651332,2,-10,-62
1742098158.001133,-31,-51,-16
1742098158.036133,-3,60,7
1742098158.072133,18,34,-12
1742098158.1071332,48,-45,-70
1742098158.142133,92,12,-8
1742098158.177133,20,80,-126
1742098158.213133,10,-6,-106
1742098158.249133,24,30,-112
1742098158.2841332,48,48,-54
1742098158.320133,30,-34,35
1742098158.355133,36,-62,-56
1742098158.3901331,26,-10,-114
1742098158.425133,-29,45,-12
1742098158.461133,-15,31,-50
1742098158.497133,-43,-10,31
1742098158.532133,-49,11,-22
1742098158.568133,46,7,-172
1742098158.6031332,28,-60,-110
1742098158.638133,-63,-14,73
1742098158.674133,-37,-50,-98
1742098158.7091331,-111,13,-54
1742098158.7451332,40,17,-34
1742098158.780133,34,11,-26
1742098158.816133,44,59,-216
1742098158.851133,22,-8,-64
1742098158.8861332,10,-29,15
1742098158.922133,-7,44,-56
1742098158.957133,30,4,21
1742098158.993133,-15,-3,-66
1742098159.0281332,-49,-33,-124
1742098159.0641332,-25,64,-16
1742098159.099133,2,-31,-164
1742098159.134133,-77,30,-58
1742098159.170133,-103,20,1
1742098159.2051332,-43,-3,-32
1742098159.241133,26,66,-80
1742098159.277133,-37,-51,-76
1742098159.313133,-13,28,-66
1742098159.348133,52,-1,-32
1742098159.384133,82,-97,-122
1742098159.4191332,54,-107,-50
1742098159.454133,-43,-47,-32
1742098159.490133,14,60,-86
1742098159.5251331,42,2,31
1742098159.5611331,8,32,-12
1742098159.596133,2,-28,-4
1742098159.632133,-54,2,0
1742098159.667133,-56,-110,53
1742098159.7021332,10,18,-28
1742098159.7381332,4,34,-56
1742098159.773133,0,-30,-38
1742098159.809133,6,28,-10
1742098159.8441331,-64,56,-62
1742098159.8801332,50,-56,-40
1742098159.915133,78,-38,-116
1742098159.950133,-23,-15,-6
1742098159.986133,-67,10,15
1742098160.0211332,94,56,0
1742098160.0571332,-39,14,-140
1742098160.092133,-1,-49,-28
1742098160.128133,24,22,-50
1742098160.1631331,22,10,69
1742098160.198133,55,-59,5
1742098160.234133,41,36,-144
1742098160.269133,37,-35,-110
1742098160.305133,8,10,-4
1742098160.3401332,10,70,-76
1742098160.376133,108,76,37
1742098160.411133,-10,2,-32
1742098160.4461331,69,-91,-52
1742098160.4821332,-22,-73,-228
1742098160.517133,-54,-53,-62
1742098160.553133,0,78,-40
1742098160.588133,93,-9,-28
1742098160.624133,-36,22,-68
1742098160.6591332,3,-27,-30
1742098160.694133,21,-47,19
1742098160.730133,7,-67,-26
1742098160.7651331,5,16,-84
1742098160.8011332,24,-27,-4
1742098160.836133,-17,26,9
1742098160.872133,-49,-65,-60
1742098160.907133,-75,20,-144
1742098160.9421332,-38,-69,-102
1742098160.9781332,-97,-39,-8
1742098161.013133,0,32,27
1742098161.049133,54,-15,11
1742098161.0841331,42,-21,-32
1742098161.1201332,28,-51,-36
1742098161.155133,22,28,-72
1742098161.190133,14,10,27
1742098161.226133,-65,42,3
1742098161.2611332,-15,4,-42
1742098161.297133,-11,14,-112
1742098161.332133,-43,-5,-12
1742098161.3671331,-33,62,97
1742098161.402133,-46,-35,-168
1742098161.438133,-50,-37,5
1742098161.474133,7,8,-44
1742098161.509133,-51,-33,-82
1742098161.545133,-13,72,-42
1742098161.5801332,-53,4,33
1742098161.615133,2,-5,5
1742098161.6501331,44,22,-108
1742098161.6861331,-13,48,-24
1742098161.7221332,10,-53,-146
1742098161.757133,-47,24,-14
1742098161.793133,90,26,-120
1742098161.828133,112,6,-30
1742098161.8631332,18,-1,1
1742098161.898133,-65,32,-90
1742098161.934133,32,38,11
1742098161.970133,6,-91,-16
1742098162.0051332,-19,-21,35
1742098162.0411332,21,50,-146
1742098162.076133,-20,-9,5
1742098162.111133,-55,-19,15
1742098162.1461332,-33,-41,-40
1742098162.1821332,3,-7,5
1742098162.218133,93,12,-12
1742098162.253133,-24,4,-18
1742098162.289133,0,-17,-98
1742098162.3241332,-6,-43,-10
1742098162.359133,15,4,-62
1742098162.394133,-66,22,-60
1742098162.430133,-100,60,-16
1742098162.466133,-4,24,85
1742098162.501133,17,-45,8
1742098162.537133,73,56,88
1742098162.572133,-6,-27,-39
1742098162.6071332,-2,-65,-83
1742098162.642133,-8,52,-97
1742098162.678133,-7,12,36
1742098162.714133,30,-25,-107
1742098162.749133,24,-7,-103
1742098162.7851331,-33,-11,-25
1742098162.820133,14,54,26
1742098162.855133,14,36,-25
1742098162.8901331,32,-71,18
1742098162.9261332,-23,-51,-83
1742098162.9621332,-55,48,-119
1742098162.997133,-93,-25,-57
1742098163.033133,-43,40,-21
1742098163.068133,28,10,-31
1742098163.1031332,-21,34,20
1742098163.138133,22,108,-71
1742098163.174133,18,4,-45
1742098163.210133,76,-9,-49
1742098163.2451332,0,-7,32
1742098163.2811332,2,-3,-103
1742098163.316133,-25,-37,88
1742098163.351133,-11,-51,-95
1742098163.3861332,-39,-61,-7
1742098163.422133,-33,30,60
1742098163.458133,54,16,-17
1742098163.493133,-51,8,-63
1742098163.529133,-21,-55,10
1742098163.5641332,-15,-35,-29
1742098163.599133,76,0,100
1742098163.634133,28,-35,22
1742098163.670133,28,-9,-151
1742098163.7061331,66,-35,-101
1742098163.741133,-9,10,-139
1742098163.777133,-17,6,20
1742098163.812133,2,-19,18
1742098163.8471332,-41,-27,36
1742098163.882133,48,20,-63
1742098163.918133,12,-15,12
1742098163.954133,24,-25,-19
1742098163.9891331,-75,-99,-47
1742098164.0251331,-35,30,-115
1742098164.060133,2,-95,-81
1742098164.095133,10,48,82
1742098164.1301332,2,72,-17
1742098164.1661332,30,0,-91
1742098164.2021332,24,8,-85
1742098164.237133,-15,32,-61
1742098164.273133,0,-47,-27
1742098164.3081331,-33,-45,-157
1742098164.343133,66,-17,-57
1742098164.3861332,-55,-37,-111
1742098164.422133,42,64,-101
1742098164.458133,20,26,-29
1742098164.493133,44,-19,-73
1742098164.529133,18,-5,-57
1742098164.5641332,-27,-33,-105
1742098164.599133,-17,58,-91
1742098164.634133,34,14,24
1742098164.670133,-3,-33,46
1742098164.7061331,-1,-47,-117
1742098164.741133,70,30,-13
1742098164.777133,-43,-97,-33
1742098164.812133,70,-41,24
1742098164.8471332,-49,70,-85
1742098164.882133,16,12,-149
1742098164.918133,50,-43,-51
1742098164.954133,-35,18,64
1742098164.9891331,18,-29,-47
1742098165.0251331,-33,0,30
1742098165.060133,6,-5,-139
1742098165.095133,52,-49,-63
1742098165.1301332,-111,-23,34
1742098165.1661332,38,8,14
1742098165.2021332,-15,34,44
1742098165.237133,0,32,-13
1742098165.273133,-95,-21,-49
1742098165.3081331,10,8,-133
1742098165.343133,108,-51,32
1742098165.378133,-35,-9,-129
1742098165.414133,-25,-3,-75
1742098165.450133,-57,18,-155
1742098165.4851332,-117,78,8
1742098165.5211332,-63,22,16
1742098165.556133,-49,-1,-119
1742098165.591133,-7,22,18
1742098165.6271331,28,4,-5
1742098165.662133,-7,-15,100
1742098165.698133,34,-29,-59
1742098165.733133,42,-37,-83
1742098165.769133,12,26,-81
1742098165.8041332,-1,-9,-115
1742098165.839133,22,-7,-149
1742098165.875133,30,50,-121
1742098165.9101331,30,0,-31
1742098165.9461331,4,56,-59
1742098165.981133,42,46,-119
1742098166.017133,-71,98,-29
1742098166.052133,-1,4,18
1742098166.0871332,20,48,84
1742098166.1231332,-19,4,-95
1742098166.158133,58,18,-113
1742098166.194133,-39,-21,-27
1742098166.2291331,30,38,-51
1742098166.2651331,-43,-13,28
1742098166.300133,-45,24,-179
1742098166.335133,28,10,2
1742098166.371133,4,38,-3
1742098166.4061332,-15,14,30
1742098166.4421332,-47,36,-49
1742098166.477133,2,36,24
1742098166.513133,52,-63,8
1742098166.5481331,14,-15,56
1742098166.583133,16,-11,-5
1742098166.619133,12,30,-1
1742098166.654133,-37,2,-39
1742098166.690133,-37,18,14
1742098166.7251332,-11,38,74
1742098166.7611332,48,-67,-55
1742098166.796133,40,6,38
1742098166.8311331,80,-19,68
1742098166.8671331,30,-37,104
1742098166.902133,-7,68,-37
1742098166.938133,-93,-9,-19
1742098166.973133,-31,46,26
1742098167.009133,8,-35,26
1742098167.0441332,-59,-11,32
1742098167.079133,22,40,-79
1742098167.115133,-21,-33,-59
1742098167.1501331,18,-27,-97
1742098167.1861331,12,20,-145
1742098167.221133,-1,48,40
1742098167.257133,52,10,-49
1742098167.292133,-55,8,-37
1742098167.3271332,40,40,-161
1742098167.3631332,46,40,-23
1742098167.398133,32,-17,100
1742098167.434133,-61,-37,82
1742098167.4691331,34,24,-105
1742098167.5051332,30,30,46
1742098167.540133,18,-69,-67
1742098167.575133,-77,-9,54
1742098167.611133,0,-15,-49
1742098167.6461332,40,-113,22
1742098167.6821332,52,16,-43
1742098167.717133,-69,-37,-111
1742098167.753133,-9,8,16
1742098167.7881331,-17,4,-73
1742098167.823133,-41,-15,-9
1742098167.859133,-57,-15,-135
1742098167.894133,-93,38,116
1742098167.930133,-51,58,-161
1742098167.9651332,-37,-23,-51
1742098168.001133,52,18,-103
1742098168.037133,64,8,-51
1742098168.072133,-61,-35,-57
1742098168.1071332,30,-35,-33
1742098168.1431332,32,-37,-7
1742098168.1791332,-37,82,-103
1742098168.214133,-15,20,2
1742098168.250133,16,-5,54
1742098168.2851331,54,-61,-23
1742098168.320133,64,-7,20
1742098168.355133,-71,32,-27
1742098168.391133,-15,44,26
1742098168.427133,-59,4,-141
1742098168.4621332,-31,48,-35
1742098168.4981332,44,20,36
1742098168.533133,-29,-29,-73
1742098168.568133,-59,-23,-23
1742098168.6031332,-43,66,28
1742098168.639133,-3,-53,54
1742098168.675133,20,36,102
1742098168.710133,-43,-11,-145
1742098168.746133,-37,40,62
1742098168.7811332,-19,110,-189
1742098168.816133,-69,113,-91
1742098168.851133,90,45,-123
1742098168.8871331,14,27,-105
1742098168.9231331,4,-104,-75
1742098168.958133,-49,22,-203
1742098168.994133,10,19,-17
1742098169.029133,44,-42,0
1742098169.0641332,-31,14,-79
1742098169.099133,-37,-37,-75
1742098169.135133,64,-25,-55
1742098169.171133,-47,6,-31
1742098169.2061331,-7,26,-1
1742098169.2421331,-59,32,16
1742098169.277133,32,12,-33
1742098169.312133,-11,23,-33
1742098169.3471332,32,28,-59
1742098169.3831332,112,-23,138
1742098169.4191332,-15,24,56
1742098169.454133,48,106,-115
1742098169.490133,64,-9,-61
1742098169.5251331,28,2,-7
1742098169.560133,112,-49,6
1742098169.595133,-17,-33,-11
1742098169.631133,-29,-65,78
1742098169.667133,-47,-101,-3
1742098169.7021332,48,26,-101
1742098169.7381332,16,0,-59
1742098169.773133,-45,10,48
1742098169.8081331,60,28,-185
1742098169.843133,-1,10,-41
1742098169.879133,-21,-47,-231
1742098169.915133,26,40,30
1742098169.950133,-23,-37,-5
1742098169.986133,104,0,-9
1742098170.0211332,-23,16,-89
1742098170.056133,82,-2,-111
1742098170.091133,-50,6,-55
1742098170.1271331,-6,-2,-25
1742098170.1631331,-27,-19,-75
1742098170.198133,18,-42,-13
1742098170.234133,8,16,36
1742098170.269133,46,-32,-53
1742098170.3041332,-60,-52,-57
1742098170.339133,-106,-42,68
1742098170.375133,-106,-44,-1
1742098170.411133,-56,-16,-13
1742098170.4461331,-38,6,-9
1742098170.4821332,-12,1,50
1742098170.517133,-38,11,-3
1742098170.552133,29,13,2
1742098170.5871332,9,-40,20
1742098170.6231332,-36,4,-55
1742098170.6591332,105,-8,-11
1742098170.694133,44,-46,-69
1742098170.730133,27,22,2
1742098170.7651331,47,-21,-49
1742098170.800133,39,20,46
1742098170.835133,37,34,-57
1742098170.871133,7,-21,-105
1742098170.907133,41,20,42
1742098170.9421332,-10,-7,-141
1742098170.9781332,-22,2,-47
1742098171.013133,11,46,30
1742098171.0481331,15,-39,-121
1742098171.083133,-26,10,66
1742098171.119133,-16,-9,-55
1742098171.155133,-16,-41,-37
1742098171.190133,9,-1,-39
1742098171.226133,-2,72,-95
1742098171.2611332,77,-51,-137
1742098171.296133,0,-43,-75
1742098171.3311331,-70,-13,-85
1742098171.3671331,-62,-9,56
1742098171.4031332,-12,-67,-193
1742098171.438133,27,-45,-103
1742098171.474133,-18,-73,-149
1742098171.509133,13,-9,-83
1742098171.5441332,-51,60,6
1742098171.579133,72,-77,-155
1742098171.615133,114,4,-21
1742098171.651133,30,30,12
1742098171.6861331,60,-31,92
1742098171.7221332,131,-17,-81
1742098171.757133,67,-9,-5
1742098171.792133,25,-51,-45
1742098171.8271332,29,6,-3
1742098171.8631332,-5,34,-5
1742098171.899133,-7,-81,42
1742098171.934133,-33,14,92
1742098171.970133,122,28,-91
1742098172.0051332,-15,-3,6
1742098172.040133,74,54,-27
1742098172.075133,-73,-79,-87
1742098172.111133,-59,38,-125
1742098172.147133,-15,-47,-41
1742098172.1821332,-87,-85,130
1742098172.218133,-59,62,-27
1742098172.253133,8,50,-7
1742098172.2881331,8,-25,14
1742098172.323133,-15,-17,-93
1742098172.359133,36,22,4
1742098172.395133,-15,70,-31
1742098172.430133,-17,-5,-135
1742098172.466133,22,18,80
1742098172.501133,-57,32,-141
1742098172.536133,-1,-17,-7
1742098172.572133,50,-73,-95
1742098172.6071332,-21,16,40
1742098172.6431332,-47,24,74
1742098172.678133,20,36,-23
1742098172.714133,-33,-47,-92
1742098172.749133,-43,48,38
1742098172.7841332,-63,-31,-109
1742098172.820133,48,-29,-89
1742098172.855133,78,8,116
1742098172.891133,8,104,-8
1742098172.9261332,-7,16,-60
1742098172.9621332,-3,-3,-8
1742098172.997133,90,26,57
1742098173.032133,26,46,-46
1742098173.068133,80,42,-98
1742098173.1031332,18,-39,37
1742098173.139133,84,78,29
1742098173.174133,12,88,101
1742098173.210133,46,26,79
1742098173.2451332,34,16,-72
1742098173.280133,-23,0,-126
1742098173.316133,76,-13,-54
1742098173.351133,-39,40,-66
1742098173.3871331,-17,-15,-20
1742098173.422133,24,-13,-66
1742098173.458133,72,-17,35
1742098173.493133,34,-5,3
1742098173.5281332,-17,-73,-82
1742098173.5641332,-27,28,39
1742098173.599133,-79,-57,-24
1742098173.635133,-159,-33,-90
1742098173.670133,4,66,-176
1742098173.7061331,4,26,-34
1742098173.741133,-7,-35,-46
1742098173.776133,-7,-19,-14
1742098173.812133,-69,-1,33
1742098173.8471332,-49,50,-20
1742098173.8831332,14,-5,9
1742098173.918133,10,40,-20
1742098173.954133,6,82,-12
1742098173.9891331,-33,-1,-120
1742098174.024133,-7,-3,-34
1742098174.060133,-15,-5,19
1742098174.095133,-3,8,25
1742098174.131133,-99,-35,51
1742098174.1661332,24,38,-40
1742098174.2021332,68,36,-74
1742098174.237133,-57,-35,-126
1742098174.272133,36,2,-156
1742098174.3081331,-39,106,-70
1742098174.343133,-45,2,-82
1742098174.379133,36,0,0
1742098174.421133,-47,-95,-6
1742098174.458133,6,-49,-10
1742098174.493133,-39,-57,-76
1742098174.5281332,-3,16,-8
1742098174.5641332,-19,-5,-154
1742098174.599133,-27,12,-112
1742098174.635133,54,-85,-60
1742098174.670133,100,74,-18
1742098174.7061331,80,-19,-28
1742098174.741133,-3,18,-62
1742098174.776133,24,-25,-92
1742098174.812133,86,-15,103
1742098174.8471332,104,0,-110
1742098174.8831332,38,34,-138
1742098174.918133,-31,-33,-32
1742098174.953133,-1,-3,-198
1742098174.9881332,-39,20,-156
1742098175.024133,-11,-44,-6
1742098175.060133,38,3,1
1742098175.095133,24,29,-62
1742098175.131133,-45,-116,-210
1742098175.1661332,18,59,-146
1742098175.201133,-55,-18,-16
1742098175.236133,-71,-25,33
1742098175.272133,46,-1,13
1742098175.3081331,0,-12,-80
1742098175.343133,32,-47,15
1742098175.379133,-11,-115,-44
1742098175.414133,-33,-11,33
1742098175.4491332,66,20,-146
1742098175.484133,20,4,79
1742098175.520133,26,-55,-84
1742098175.556133,32,-57,-108
1742098175.591133,46,-41,-34
1742098175.6271331,42,44,-50
1742098175.662133,-85,-25,57
1742098175.697133,22,94,-50
1742098175.7321332,-7,46,11
1742098175.7681332,-45,-7,-80
1742098175.8041332,-15,4,-90
1742098175.839133,8,-19,21
1742098175.875133,-19,-51,43
1742098175.9101331,-63,32,-52
1742098175.945133,-17,44,103
1742098175.980133,40,-55,-86
1742098176.016133,12,4,17
1742098176.052133,-15,16,-80
1742098176.0871332,-73,-33,-24
1742098176.1231332,-17,-75,63
1742098176.158133,-15,10,-18
1742098176.193133,-3,-11,-138
1742098176.2281332,42,2,0
1742098176.264133,52,-83,-102
1742098176.300133,-35,16,-78
1742098176.335133,-23,26,79
1742098176.371133,44,8,-68
1742098176.4061332,-9,0,-236
1742098176.441133,-21,-9,5
1742098176.476133,56,-49,-2
1742098176.5121331,54,52,-62
1742098176.5481331,34,26,-8
1742098176.583133,48,34,-66
1742098176.619133,32,-45,-60
1742098176.654133,-3,26,43
1742098176.6891332,8,-29,-96
1742098176.724133,-103,-27,-22
1742098176.760133,-51,42,3
1742098176.796133,-53,76,15
1742098176.8311331,-11,-7,-186
1742098176.8671331,38,6,-58
1742098176.902133,14,-43,-10
1742098176.937133,22,-57,31
1742098176.9721332,94,6,-86
1742098177.0081332,62,36,-14
1742098177.0441332,22,40,9
1742098177.079133,-73,50,-64
1742098177.115133,-69,36,0
1742098177.1501331,32,18,-40
1742098177.185133,12,-67,-88
1742098177.220133,56,64,73
1742098177.256133,-17,-43,-118
1742098177.292133,42,-35,-12
1742098177.3271332,24,18,17
1742098177.3631332,2,90,9
1742098177.398133,-81,20,-46
1742098177.4331331,-63,86,-144
1742098177.468133,14,-53,-64
1742098177.504133,-31,-21,13
1742098177.540133,-107,-25,59
1742098177.575133,-65,-119,1
1742098177.611133,-17,36,-88
1742098177.6461332,30,14,-112
1742098177.681133,-37,-9,-116
1742098177.716133,-3,-1,-6
1742098177.7521331,38,14,-28
1742098177.7881331,0,72,-58
1742098177.823133,2,80,-42
1742098177.859133,-25,16,17
1742098177.894133,62,12,21
1742098177.9291332,42,-25,-52
1742098177.964133,102,40,-16
1742098178.000133,-15,-29,-44
1742098178.036133,24,-17,49
1742098178.0711331,16,-73,-14
1742098178.1071332,22,2,43
1742098178.142133,50,46,-104
1742098178.177133,68,-1,27
1742098178.2121332,-9,-11,-114
1742098178.2481332,-85,18,-66
1742098178.2841332,16,54,-134
1742098178.319133,-47,14,47
1742098178.355133,0,40,-84
1742098178.3901331,40,28,55
1742098178.425133,6,-27,13
1742098178.460133,-39,18,53
1742098178.496133,4,-1,-54
1742098178.532133,-85,-45,-44
1742098178.5671332,-19,38,-10
1742098178.6031332,22,-47,7
1742098178.638133,36,-21,-64
1742098178.6731331,-79,-15,-78
1742098178.708133,26,-9,-70
1742098178.744133,84,38,-6
1742098178.780133,16,34,-28
1742098178.815133,60,-79,-60
1742098178.851133,8,0,-92
1742098178.8861332,86,-23,-72
1742098178.921133,18,10,-40
1742098178.9561331,-23,-23,-2
1742098178.9921331,-17,2,83
1742098179.0281332,72,12,-114
1742098179.063133,54,34,-74
1742098179.099133,18,22,-26
1742098179.134133,5,-19,-92
1742098179.1691332,-57,-11,-2
1742098179.2051332,56,-9,27
1742098179.240133,-33,20,-34
1742098179.276133,8,40,-26
1742098179.3111331,2,-43,21
1742098179.3471332,-55,-21,-18
1742098179.382133,20,4,-84
1742098179.417133,-19,26,29
1742098179.453133,-19,-15,115
1742098179.4881332,26,-27,65
1742098179.524133,-26,-25,-14
1742098179.559133,-14,-17,-74
1742098179.595133,-30,32,39
1742098179.6301332,9,42,59
1742098179.665133,7,-19,-80
1742098179.701133,-24,-17,-86
1742098179.736133,-2,-13,-10
1742098179.772133,83,20,19
1742098179.8071332,3,12,-86
1742098179.843133,42,12,-56
1742098179.878133,19,-13,19
1742098179.9131331,15,-27,-26
1742098179.9491332,-44,10,47
1742098179.984133,53,18,-20
1742098180.020133,5,14,43
1742098180.055133,-40,18,-22
1742098180.091133,46,-27,23
1742098180.126133,-9,30,0
1742098180.161133,13,-31,59
1742098180.197133,-26,-11,-42
1742098180.2321332,5,-1,-88
1742098180.2681332,2,50,-76
1742098180.303133,144,22,-12
1742098180.339133,24,0,-24
1742098180.374133,88,6,59
1742098180.4091332,44,-51,-80
1742098180.445133,16,-47,-18
1742098180.480133,-59,4,-96
1742098180.516133,-1,-19,-38
1742098180.5511332,-28,78,33
1742098180.5871332,-7,26,65
1742098180.622133,-47,48,-34
1742098180.657133,-1,62,9
1742098180.693133,5,4,67
1742098180.7281332,-56,28,21
1742098180.764133,-52,54,75
1742098180.799133,-64,-69,-68
1742098180.835133,0,12,-88
1742098180.8701332,3,54,25
1742098180.905133,45,-19,-90
1742098180.941133,11,16,9
1742098180.976133,19,-33,21
1742098181.0121331,7,20,-110
1742098181.047133,102,28,-80
1742098181.083133,58,-51,-40
1742098181.118133,-51,34,41
1742098181.1531332,7,-17,-38
1742098181.1891332,-94,38,-78
1742098181.224133,30,14,-16
1742098181.260133,44,6,-98
1742098181.295133,4,14,-14
1742098181.3311331,-25,-35,41
1742098181.366133,40,40,-90
1742098181.401133,58,22,49
1742098181.437133,26,-5,-82
1742098181.4721332,54,-3,-42
1742098181.5081332,-5,54,-44
1742098181.543133,64,70,-190
1742098181.579133,58,-11,31
1742098181.615133,-7,18,55
1742098181.651133,22,22,-112
1742098181.687133,-41,0,-74
1742098181.7221332,-25,40,13
1742098181.757133,-53,16,-128
1742098181.793133,20,48,-56
1742098181.829133,6,8,-158
1742098181.8641331,64,-71,-122
1742098181.9001331,-57,30,-114
1742098181.935133,-1,-17,15
1742098181.970133,68,-9,-6
1742098182.0051332,6,30,0
1742098182.0411332,65,42,-102
1742098182.0771332,61,-49,-126
1742098182.112133,-60,24,-148
1742098182.148133,-18,118,-84
1742098182.1831331,-82,-39,-58
1742098182.218133,47,-5,-20
1742098182.253133,5,-37,-116
1742098182.289133,0,30,-48
1742098182.325133,-42,-29,121
1742098182.3601332,-76,-53,77
1742098182.3961332,-66,-51,-18
1742098182.431133,-34,4,61
1742098182.466133,-24,-73,109
1742098182.501133,-6,4,23
1742098182.537133,-32,58,-36
1742098182.573133,-34,20,51
1742098182.608133,-34,42,-10
1742098182.644133,3,-19,-68
1742098182.6791332,-54,-21,-68
1742098182.714133,25,4,69
1742098182.749133,-64,78,-34
1742098182.7851331,-49,-5,-54
1742098182.8211331,12,10,-80
1742098182.856133,-47,14,-26
1742098182.892133,-103,-39,27
1742098182.927133,-7,0,-90
1742098182.9621332,-41,-5,-72
1742098182.997133,-15,30,-118
1742098183.033133,-23,130,-74
1742098183.069133,-81,2,11
1742098183.1041331,36,72,-76
1742098183.1401331,2,62,-50
1742098183.175133,14,-79,61
1742098183.210133,-29,2,-122
1742098183.2451332,-45,-19,-116
1742098183.2811332,6,22,15
1742098183.3171332,0,-11,-66
1742098183.352133,2,-9,-64
1742098183.388133,36,-45,0
1742098183.4231331,30,-31,-54
1742098183.458133,62,8,-56
1742098183.493133,46,-77,-86
1742098183.529133,-19,58,-72
1742098183.565133,18,-5,-30
1742098183.6001332,-51,-21,-50
1742098183.6361332,50,58,-38
1742098183.671133,36,-39,-58
1742098183.7061331,0,-89,-54
1742098183.741133,-13,-1,45
1742098183.777133,-15,4,53
1742098183.813133,44,12,-36
1742098183.848133,-49,-63,-14
1742098183.884133,38,40,31
1742098183.9191332,22,26,-50
1742098183.954133,20,24,29
1742098183.9891331,-39,-37,-66
1742098184.0251331,10,30,-70
1742098184.0611331,-5,-7,-99
1742098184.096133,62,-15,25
1742098184.132133,-13,-37,45
1742098184.167133,20,10,-93
1742098184.2021332,-21,40,-183
1742098184.237133,10,-31,-33
1742098184.273133,0,62,-101
1742098184.309133,18,46,-25
1742098184.3441331,-81,-27,-139
1742098184.3801332,36,-77,-11
1742098184.422133,26,-79,-143
1742098184.458133,-23,2,-41
1742098184.493133,-37,80,84
1742098184.529133,112,-7,16
1742098184.565133,36,-33,-99
1742098184.6001332,14,-35,-53
1742098184.6361332,28,0,22
1742098184.671133,-3,18,-7
1742098184.7061331,70,54,-113
1742098184.741133,-123,2,18
1742098184.777133,38,40,10
1742098184.813133,-19,-23,48
1742098184.848133,-3,-19,6
1742098184.884133,30,-71,-73
1742098184.9191332,-19,42,6
1742098184.954133,8,-33,0
1742098184.9891331,8,-29,-85
1742098185.0251331,70,-23,-43
1742098185.0611331,-23,-11,-59
1742098185.096133,-25,-29,110
1742098185.132133,-37,-7,-27
1742098185.167133,52,14,-47
1742098185.2021332,-53,-59,-71
1742098185.237133,-41,-21,42
1742098185.273133,28,-47,-43
1742098185.309133,-53,0,-17
1742098185.3441331,52,-7,-107
1742098185.3801332,-7,14,-57
1742098185.415133,28,0,64
1742098185.450133,-31,-7,-65
1742098185.4851332,58,-39,-63
1742098185.5211332,10,6,68
1742098185.5571332,26,-21,-3
1742098185.592133,-39,16,28
1742098185.628133,0,-21,74
1742098185.6631331,-69,-51,-127
1742098185.698133,-37,98,48
1742098185.733133,30,18,-117
1742098185.769133,76,8,48
1742098185.805133,-21,16,-47
1742098185.8401332,102,-29,-1
1742098185.876133,-39,-49,4
1742098185.911133,-57,-13,-39
1742098185.9461331,2,4,52
1742098185.981133,-47,-23,4
1742098186.017133,54,22,96
1742098186.053133,82,2,-121
1742098186.088133,-5,-33,6
1742098186.124133,-39,-53,-67
1742098186.1591332,-83,10,8
1742098186.194133,-47,-21,-5
1742098186.230133,68,38,-57
1742098186.2651331,22,0,-73
1742098186.3011332,-11,-69,38
1742098186.336133,-61,-25,-41
1742098186.372133,0,-59,-97
1742098186.407133,-25,26,-41
1742098186.4421332,-65,-5,-185
1742098186.4781332,-11,-21,102
1742098186.513133,-17,-13,68
1742098186.549133,58,26,-83
1742098186.5841331,28,14,-41
1742098186.6201332,-23,-27,-73
1742098186.655133,-3,-51,-53
1742098186.690133,-5,-59,70
1742098186.726133,-51,-11,-151
1742098186.7611332,24,-25,-91
1742098186.797133,86,-21,6
1742098186.832133,24,-9,-77
1742098186.868133,-13,34,-111
1742098186.9031332,48,-43,104
1742098186.938133,17,-9,-83
1742098186.974133,-49,-77,-91
1742098187.009133,-21,-39,2
1742098187.045133,60,-15,-43
1742098187.0801332,-61,26,-95
1742098187.116133,2,26,-49
1742098187.151133,-35,-49,-75
1742098187.1861331,-1,-47,44
1742098187.2221332,-1,38,12
1742098187.257133,18,42,62
1742098187.293133,22,-56,64
1742098187.328133,-31,26,-51
1742098187.3641331,10,-85,-55
1742098187.399133,-73,6,4
1742098187.434133,42,2,-97
1742098187.470133,-23,32,-73
1742098187.5051332,-51,36,-23
1742098187.5411332,46,42,-47
1742098187.576133,30,12,-93
1742098187.612133,38,-13,12
1742098187.647133,-83,-31,-35
1742098187.6821332,38,52,-53
1742098187.718133,-1,24,52
1742098187.753133,32,68,86
1742098187.789133,4,-73,-39
1742098187.8241332,-19,2,-71
1742098187.8601332,8,-7,-63
1742098187.895133,48,-67,40
1742098187.930133,-37,-23,24
1742098187.966133,-21,-17,-113
1742098188.001133,2,0,-51
1742098188.037133,-7,-24,-115
1742098188.072133,100,-32,-59
1742098188.108133,-43,58,-45
1742098188.1431332,-35,-22,-15
1742098188.178133,-33,-42,-31
1742098188.214133,108,45,12
1742098188.249133,30,0,-9
1742098188.2851331,-61,14,-105
1742098188.320133,74,2,20
1742098188.356133,116,-19,34
1742098188.391133,-69,134,-159
1742098188.4261332,78,12,92
1742098188.4621332,50,-9,-97
1742098188.497133,18,-9,-57
1742098188.533133,8,-3,0
1742098188.568133,18,-35,-73
1742098188.6031332,32,-25,-75
1742098188.638133,16,38,-69
1742098188.674133,-65,46,-73
1742098188.710133,-27,-51,24
1742098188.7451332,-63,-33,-109
1742098188.7811332,-29,46,-65
1742098188.816133,22,-21,-17
1742098188.851133,32,2,-73
1742098188.8861332,-17,70,-75
1742098188.922133,18,72,12
1742098188.958133,-1,-27,34
1742098188.993133,34,52,-91
1742098189.029133,-17,32,88
1742098189.0641332,-23,16,-69
1742098189.099133,40,2,-79
1742098189.134133,-31,14,2
1742098189.170133,8,-17,-169
1742098189.2061331,4,-27,20
1742098189.241133,-1,-5,92
1742098189.277133,18,20,104
1742098189.312133,62,23,-149
1742098189.3471332,-3,-40,-37
1742098189.382133,-57,6,118
1742098189.418133,-29,2,-48
1742098189.454133,-3,-13,-17
1742098189.4891331,30,52,-43
1742098189.5251331,-1,-7,70
1742098189.560133,58,-17,-20
1742098189.595133,52,12,-40
1742098189.6301332,-41,16,-86
1742098189.6661332,12,-15,103
1742098189.7021332,48,16,-26
1742098189.737133,-27,-91,3
1742098189.773133,82,-27,-58
1742098189.8081331,50,-19,7
1742098189.843133,54,-27,-36
1742098189.878133,34,-23,-80
1742098189.914133,30,-5,25
1742098189.950133,-55,6,-58
1742098189.9851332,8,12,5
1742098190.0211332,-25,42,-88
1742098190.056133,18,-29,45
1742098190.091133,52,48,49
1742098190.126133,-19,-69,-130
1742098190.162133,24,28,-92
1742098190.198133,90,46,5
1742098190.233133,54,66,-54
1742098190.269133,10,64,-10
1742098190.3041332,64,2,-234
1742098190.339133,50,-23,3
1742098190.374133,-1,-29,25
1742098190.4101331,-27,-41,-22
1742098190.4461331,-27,6,-20
1742098190.481133,16,-73,105
1742098190.517133,18,-59,-24
1742098190.552133,-33,-9,-8
1742098190.5871332,30,18,-46
1742098190.622133,22,-63,-36
1742098190.658133,-31,48,41
1742098190.694133,24,-7,-44
1742098190.7291331,6,32,-104
1742098190.7651331,-25,-13,-10
1742098190.800133,66,-37,-46
1742098190.835133,40,-27,-126
1742098190.8701332,14,22,69
1742098190.9061332,26,-33,-40
1742098190.9421332,-103,52,-22
1742098190.977133,78,74,-38
1742098191.013133,0,-23,-90
1742098191.0481331,18,-13,3
1742098191.083133,74,-27,-110
1742098191.118133,8,24,-86
1742098191.154133,-19,-33,17
1742098191.190133,44,34,39
1742098191.2251332,-9,54,69
1742098191.2611332,2,40,-122
1742098191.296133,58,12,-10
1742098191.3311331,-71,-45,-42
1742098191.366133,-31,32,-72
1742098191.402133,36,-9,-62
1742098191.438133,56,-37,27
1742098191.473133,-29,-43,-112
1742098191.509133,18,-1,-62
1742098191.5441332,6,70,-98
1742098191.579133,48,22,-52
1742098191.6141331,28,12,-54
1742098191.6501331,-7,44,23
1742098191.6861331,12,2,-20
1742098191.721133,-41,2,-58
1742098191.757133,38,6,-64
1742098191.792133,-19,34,31
1742098191.8271332,-115,10,-6
1742098191.862133,-37,74,43
1742098191.898133,16,26,-90
1742098191.934133,-9,-13,45
1742098191.9691331,44,-73,-138
1742098192.0051332,18,64,-106
1742098192.040133,36,-31,-86
1742098192.075133,-1,-29,79
1742098192.1101332,-9,60,-32
1742098192.1461332,54,-27,-148
1742098192.1821332,-21,30,-184
1742098192.217133,102,10,-44
1742098192.253133,-15,-47,-62
1742098192.2881331,20,12,-46
1742098192.323133,28,2,-34
1742098192.358133,-45,-49,-24
1742098192.394133,-47,-69,-2
1742098192.430133,-43,-23,105
1742098192.4651332,-69,78,-100
1742098192.501133,78,-13,43
1742098192.536133,44,-21,19
1742098192.5711331,-83,14,-120
1742098192.606133,18,-5,-78
1742098192.642133,16,-7,-10
1742098192.678133,38,80,-36
1742098192.713133,8,40,-90
1742098192.749133,-19,46,61
1742098192.7841332,14,-57,-98
1742098192.819133,-23,32,-38
1742098192.855133,20,86,-58
1742098192.8901331,12,56,-92
1742098192.9261332,-19,38,-128
1742098192.961133,22,-55,29
1742098192.997133,38,-3,25
1742098193.032133,6,-41,-44
1742098193.0671332,-27,50,-68
1742098193.1031332,44,-5,-10
1742098193.138133,-1,10,-68
1742098193.174133,-23,-27,5
1742098193.2091331,-61,-25,121
1742098193.2451332,80,-11,-82
1742098193.280133,2,-39,-84
1742098193.315133,2,20,-48
1742098193.351133,-11,-41,-148
1742098193.3861332,-77,2,7
1742098193.422133,10,-11,-38
1742098193.457133,-17,16,39
1742098193.493133,54,-53,-4
1742098193.5281332,-17,-15,-22
1742098193.563133,-19,-63,-22
1742098193.599133,0,-27,23
1742098193.634133,2,10,7
1742098193.670133,64,-21,-34
1742098193.7051332,10,-17,63
1742098193.741133,22,-47,109
1742098193.776133,32,0,-6
1742098193.8111331,-87,-5,-112
1742098193.8471332,8,-85,-62
1742098193.882133,26,22,-94
1742098193.918133,2,-19,-76
1742098193.953133,46,22,15
1742098193.9891331,-5,48,33
1742098194.024133,-19,-91,31
1742098194.059133,50,-19,9
1742098194.095133,-93,36,-58
1742098194.1301332,38,38,-110
1742098194.1661332,-37,22,-34
1742098194.201133,2,16,29
1742098194.237133,-3,14,5
1742098194.272133,10,26,-6
1742098194.3071332,28,-11,99
1742098194.343133,-13,-13,23
1742098194.378133,22,-19,-44
1742098194.414133,40,-1,-16
1742098194.4561331,-11,-29,-64
1742098194.493133,-87,-7,-4
1742098194.5281332,-35,20,-42
1742098194.563133,22,10,-50
1742098194.599133,46,54,-82
1742098194.634133,52,-25,-66
1742098194.670133,-9,-23,-46
1742098194.7051332,-65,26,7
1742098194.741133,66,36,-60
1742098194.776133,-27,6,-74
1742098194.8111331,56,-81,69
1742098194.8471332,16,24,-16
1742098194.882133,36,22,-38
1742098194.918133,-25,20,-180
1742098194.953133,34,38,-24
1742098194.9891331,-21,26,21
1742098195.024133,-51,15,27
1742098195.059133,50,-16,-108
1742098195.095133,34,31,-72
1742098195.1301332,38,-20,-60
1742098195.1661332,-7,-8,77
1742098195.201133,-11,-4,-64
1742098195.237133,8,17,-76
1742098195.273133,-15,-8,71
1742098195.309133,58,67,-106
1742098195.345133,-99,-23,-166
1742098195.381133,-47,17,33
1742098195.417133,-7,-34,3
1742098195.4521332,-1,-46,-76
1742098195.487133,4,-24,-32
1742098195.523133,18,12,-12
1742098195.559133,-1,18,-14
1742098195.5941331,-5,80,-56
1742098195.6301332,62,30,-28
1742098195.665133,82,47,-92
1742098195.700133,-25,13,-76
1742098195.7351332,-91,37,-80
1742098195.7711332,-31,-18,-96
1742098195.8071332,56,67,0
1742098195.842133,-21,-108,47
1742098195.878133,18,37,-138
1742098195.9131331,-75,-26,-46
1742098195.948133,2,-34,-44
1742098195.983133,58,-20,-44
1742098196.019133,26,-18,-86
1742098196.055133,-35,-57,-51
1742098196.0901332,-17,-59,-54
1742098196.126133,-9,-21,-70
1742098196.161133,42,30,57
1742098196.1961331,52,76,-76
1742098196.231133,0,42,-96
1742098196.267133,-19,-11,-90
1742098196.303133,6,-33,167
1742098196.338133,78,12,-10
1742098196.374133,16,-93,-32
1742098196.4091332,-81,72,-108
1742098196.444133,58,-17,-88
1742098196.4791331,-7,-19,-106
1742098196.5151331,10,56,-88
1742098196.5511332,38,-9,92
1742098196.586133,90,-13,-28
1742098196.622133,-51,-23,-168
1742098196.657133,70,4,7
1742098196.6921332,18,-67,-68
1742098196.727133,-91,36,-50
1742098196.763133,12,-47,17
1742098196.799133,62,44,-18
1742098196.8341331,-31,-13,-90
1742098196.8701332,62,10,-144
1742098196.905133,-17,0,-114
1742098196.940133,-29,12,145
1742098196.9751332,-13,24,-74
1742098197.0111332,-67,18,-152
1742098197.047133,118,-3,-2
1742098197.082133,30,16,-114
1742098197.118133,-29,52,-76
1742098197.1531332,32,-3,31
1742098197.188133,-53,18,105
1742098197.223133,-3,-19,-12
1742098197.259133,22,-25,-4
1742098197.295133,-79,102,97
1742098197.3301332,-25,18,-56
1742098197.366133,8,-3,-44
1742098197.401133,-49,-51,-64
1742098197.4361331,12,-7,-154
1742098197.471133,-33,-1,-142
1742098197.507133,0,16,-44
1742098197.543133,32,20,15
1742098197.578133,-3,62,3
1742098197.6141331,-7,44,25
1742098197.649133,-53,-9,-22
1742098197.684133,-1,-5,-64
1742098197.7191331,-29,8,-48
1742098197.7551332,10,10,-28
1742098197.7911332,6,-21,-86
1742098197.826133,44,-77,0
1742098197.862133,16,-81,1
1742098197.897133,26,-31,37
1742098197.9321332,60,16,-50
1742098197.967133,24,56,-30
1742098198.003133,20,14,-38
1742098198.039133,-41,28,-110
1742098198.0741332,-51,68,-60
1742098198.1101332,8,44,-16
1742098198.145133,28,48,29
1742098198.180133,2,56,71
1742098198.2151332,26,-13,-74
1742098198.251133,-21,-15,-76
1742098198.287133,28,-45,-50
1742098198.322133,18,-7,-98
1742098198.358133,46,24,-66
1742098198.3931332,64,-5,-86
1742098198.428133,-13,-3,-106
1742098198.463133,-27,38,11
1742098198.499133,44,-11,-96
1742098198.5351331,26,-69,-8
1742098198.570133,10,-27,-146
1742098198.606133,26,28,73
1742098198.641133,-69,-27,-78
1742098198.6761332,22,-47,-54
1742098198.711133,-51,48,-96
1742098198.747133,-23,54,-68
1742098198.783133,-9,-63,-36
1742098198.818133,40,-13,-88
1742098198.8541331,70,-17,-84
1742098198.889133,32,-43,-2
1742098198.924133,22,-41,-82
1742098198.9591331,78,14,-30
1742098198.9951332,-69,-3,-84
1742098199.0311332,-29,-19,-10
1742098199.066133,22,8,-182
1742098199.102133,76,-45,31
1742098199.1371331,-1,-31,105
1742098199.172133,-35,-79,-78
1742098199.207133,-5,-35,-82
1742098199.243133,-17,-59,-24
1742098199.279133,26,-63,-206
1742098199.3141332,-57,28,-42
1742098199.3501332,20,-85,51
1742098199.385133,-139,-3,17
1742098199.420133,38,52,-76
1742098199.4561331,48,56,-86
1742098199.491133,-67,74,-66
1742098199.527133,-53,-13,-34
1742098199.562133,86,12,47
1742098199.598133,-45,38,-14
1742098199.6331332,-55,29,-168
1742098199.668133,118,-30,-10
1742098199.704133,-73,61,17
1742098199.7391331,-35,35,-28
1742098199.7751331,12,33,-66
1742098199.810133,-11,77,31
1742098199.846133,4,-11,-58
1742098199.881133,38,-68,-20
1742098199.9161332,30,-2,-74
1742098199.9521332,-45,-4,-130
1742098199.987133,78,-28,-42
1742098200.023133,-9,17,23
1742098200.0581331,18,-44,-18
1742098200.0941331,-13,35,-218
1742098200.129133,-7,93,39
1742098200.164133,-91,31,-102
1742098200.200133,-33,25,-80
1742098200.2351332,70,-2,-2
1742098200.2711332,48,-94,-122
1742098200.306133,34,-56,-82
1742098200.342133,-17,-92,-110
1742098200.3771331,-9,11,-6
1742098200.412133,-9,-58,-100
1742098200.448133,-7,93,-66
1742098200.483133,80,-2,-180
1742098200.519133,58,33,-52
1742098200.5541332,-53,18,-94
1742098200.5901332,74,-108,-50
1742098200.625133,-55,15,11
1742098200.6601331,-9,-46,-138
1742098200.6961331,-27,3,-26
1742098200.731133,-53,-26,47
1742098200.767133,-43,29,65
1742098200.802133,54,29,37
1742098200.838133,12,25,-132
1742098200.8731332,2,-10,-64
1742098200.908133,12,-20,-84
1742098200.944133,70,1,-24
1742098200.9791331,90,-36,57
1742098201.0151331,-29,-52,-28
1742098201.050133,-75,-32,51
1742098201.086133,-7,5,-132
1742098201.121133,4,-8,-98
1742098201.1561332,-53,-2,-58
1742098201.1921332,-9,51,-186
1742098201.227133,44,11,-120
1742098201.263133,-17,11,-32
1742098201.2981331,-91,15,-72
1742098201.3341331,20,-22,-101
1742098201.369133,96,47,-61
1742098201.404133,-5,37,12
1742098201.440133,-65,37,-121
1742098201.4751332,-23,77,-59
1742098201.5111332,8,15,-23
1742098201.546133,-23,43,-61
1742098201.582133,-83,29,-23
1742098201.6171331,28,41,-73
1742098201.652133,66,5,-121
1742098201.688133,-27,10,-39
1742098201.723133,10,58,18
1742098201.759133,0,19,-191
1742098201.7941332,-59,-13,-167
1742098201.8301332,54,-25,-53
1742098201.865133,-1,24,-67
1742098201.9001331,14,-29,72
1742098201.9361331,30,-3,-21
1742098201.971133,-17,-37,-157
1742098202.007133,30,7,28
1742098202.042133,52,-11,36
1742098202.078133,74,-69,-25
1742098202.1141331,40,44,-87
1742098202.149133,20,52,-23
1742098202.184133,-39,38,-105
1742098202.220133,-3,-15,-53
1742098202.256133,24,26,-37
1742098202.2911332,-5,52,6
1742098202.3271332,40,32,82
1742098202.362133,-81,-17,22
1742098202.397133,-41,7,-19
1742098202.4321332,-45,-22,110
1742098202.468133,-21,-4,-7
1742098202.504133,-75,-26,-149
1742098202.539133,-39,43,-53
1742098202.575133,4,123,-91
1742098202.6101332,-11,-16,62
1742098202.645133,54,16,-51
1742098202.680133,-3,6,-25
1742098202.716133,10,-9,-13
1742098202.7521331,80,82,-41
1742098202.787133,8,-7,60
1742098202.823133,26,91,-5
1742098202.858133,34,-12,-51
1742098202.8931332,64,42,-27
1742098202.928133,86,-7,-97
1742098202.964133,-5,10,8
1742098203.000133,40,-17,-41
1742098203.0351331,-55,16,-23
1742098203.0711331,0,-19,4
1742098203.106133,30,-95,-51
1742098203.141133,46,0,6
1742098203.1761332,-25,4,-47
1742098203.2121332,46,-13,24
1742098203.2481332,-35,-13,-119
1742098203.283133,-113,-29,22
1742098203.319133,-23,84,-53
1742098203.3541331,6,-25,114
1742098203.389133,20,16,-39
1742098203.424133,42,-39,-79
1742098203.460133,60,-51,-29
1742098203.496133,-61,4,-83
1742098203.5311332,-15,-55,-27
1742098203.5671332,-49,10,46
1742098203.602133,42,-3,-95
1742098203.6371331,52,-19,-7
1742098203.672133,-115,40,0
1742098203.708133,-31,32,-25
1742098203.744133,18,32,-123
1742098203.779133,32,-45,-75
1742098203.815133,-59,4,-9
1742098203.8501332,22,-35,36
1742098203.885133,-3,8,-91
1742098203.920133,-39,36,90
1742098203.9561331,112,86,-131
1742098203.9921331,-27,-55,-3
1742098204.027133,-11,-57,-117
1742098204.063133,62,-11,34
1742098204.098133,-109,-29,0
1742098204.1331332,-33,-33,-45
1742098204.168133,30,-41,36
1742098204.204133,84,32,-117
1742098204.240133,20,18,-141
1742098204.2751331,46,-61,-11
1742098204.3111331,32,-43,8
1742098204.346133,-69,-65,6
1742098204.381133,-19,26,-81
1742098204.4161332,34,62,-101
1742098204.4591331,-13,-25,-69
1742098204.496133,-11,-29,-57
1742098204.5311332,-11,32,-49
1742098204.5671332,48,-23,22
1742098204.602133,-91,-3,42
1742098204.6371331,24,-11,-115
1742098204.672133,56,-37,-141
1742098204.708133,-23,-23,-39
1742098204.744133,-25,34,-89
1742098204.779133,-27,6,-51
1742098204.815133,-41,10,16
1742098204.8501332,32,-35,-33
1742098204.885133,10,-23,-63
1742098204.920133,32,-47,-3
1742098204.9561331,4,6,-71
1742098204.9921331,-3,42,-1
1742098205.027133,32,-35,-27
1742098205.063133,-49,-23,-111
1742098205.098133,76,30,-115
1742098205.1331332,-25,38,-61
1742098205.168133,28,-1,-69
1742098205.204133,-81,-11,-73
1742098205.240133,38,-79,-59
1742098205.2751331,-41,58,-57
1742098205.3111331,-1,16,-95
1742098205.346133,-97,-5,0
1742098205.381133,60,10,-85
1742098205.4161332,10,34,-121
1742098205.4521332,54,6,-97
1742098205.4881332,36,46,-43
1742098205.523133,82,-35,-53
1742098205.559133,84,-9,4
1742098205.5941331,52,34,-131
1742098205.629133,-15,-21,28
1742098205.664133,24,-31,64
1742098205.700133,-77,0,-81
1742098205.736133,32,52,-107
1742098205.7711332,56,52,-179
1742098205.8071332,44,-7,18
1742098205.842133,46,22,46
1742098205.8771331,52,-7,74
1742098205.912133,-3,80,18
1742098205.948133,0,18,-9
1742098205.984133,42,-41,28
1742098206.019133,-19,20,-51
1742098206.055133,-33,16,-39
1742098206.0901332,-19,40,0
1742098206.125133,-53,-61,-5
1742098206.1601331,6,24,-113
1742098206.1961331,18,-9,-71
1742098206.2321332,22,-21,-43
1742098206.267133,76,-57,42
1742098206.303133,58,-7,-37
1742098206.338133,-23,48,-35
1742098206.3731332,-1,14,-37
1742098206.4091332,32,-19,22
1742098206.444133,-61,-35,-75
1742098206.480133,44,-51,-113
1742098206.5151331,-81,8,-29
1742098206.5511332,-77,-87,-103
1742098206.586133,6,-9,-97
1742098206.621133,22,134,-27
1742098206.657133,-29,52,-29
1742098206.6921332,68,-63,34
1742098206.7281332,28,-43,-31
1742098206.763133,-49,50,-83
1742098206.799133,-5,18,18
1742098206.8341331,-159,12,-75
1742098206.869133,-3,-15,-67
1742098206.905133,-17,18,2
1742098206.940133,18,50,-47
1742098206.976133,80,-3,22
1742098207.0111332,28,40,-1
1742098207.047133,58,48,-41
1742098207.082133,-21,-17,-67
1742098207.1171331,32,22,-11
1742098207.1531332,44,-51,100
1742098207.188133,0,-15,-71
1742098207.224133,-37,22,-103
1742098207.259133,-13,32,50
1742098207.295133,18,-21,26
1742098207.3301332,26,-15,-33
1742098207.365133,-9,-3,44
1742098207.401133,34,-19,-97
1742098207.4361331,50,-33,-145
1742098207.4721332,-25,20,18
1742098207.507133,-33,-99,-65
1742098207.543133,98,20,-125
1742098207.578133,-29,-19,-67
1742098207.6131332,16,-31,-93
1742098207.649133,-7,-111,24
1742098207.684133,76,2,-74
1742098207.720133,42,-79,32
1742098207.7551332,56,40,-113
1742098207.7911332,-9,-85,-111
1742098207.826133,16,-27,-17
1742098207.861133,64,-43,-77
1742098207.897133,10,-11,-95
1742098207.9321332,-5,44,-87
1742098207.968133,74,-45,17
1742098208.003133,80,84,-68
1742098208.039133,-99,-73,-14
1742098208.0741332,64,-83,33
1742098208.109133,-11,-11,-14
1742098208.145133,-33,-103,73
1742098208.180133,38,28,-89
1742098208.216133,-37,-5,31
1742098208.251133,-25,-9,7
1742098208.287133,-71,26,-34
1742098208.322133,-1,-47,-10
1742098208.3571332,22,22,-32
1742098208.3931332,-9,-55,-10
1742098208.428133,20,52,-116
1742098208.464133,36,-17,11
1742098208.499133,-47,22,-126
1742098208.5351331,4,-31,-138
1742098208.570133,-105,24,-120
1742098208.605133,-29,-33,29
1742098208.641133,6,-21,15
1742098208.6761332,-1,94,41
1742098208.7121332,-45,22,59
1742098208.747133,-49,54,-104
1742098208.783133,-33,16,-80
1742098208.818133,84,18,-96
1742098208.8531332,-77,8,47
1742098208.889133,0,16,-4
1742098208.924133,32,20,27
1742098208.960133,-83,-63,41
1742098208.9951332,86,4,-92
1742098209.030133,-89,-21,-112
1742098209.065133,-71,-29,5
1742098209.101133,40,36,-42
1742098209.1371331,78,40,103
1742098209.172133,8,-3,-42
1742098209.208133,4,-3,-62
1742098209.243133,28,62,-20
1742098209.2781332,-93,16,31
1742098209.313133,-27,40,-52
1742098209.349133,8,62,69
1742098209.385133,52,14,-128
1742098209.420133,-9,132,-54
1742098209.4561331,18,50,-68
1742098209.491133,-73,-1,57
1742098209.526133,-99,42,-2
1742098209.5611331,-15,10,-48
1742098209.5971332,-41,34,13
1742098209.6331332,-1,-27,-92
1742098209.668133,-11,86,11
1742098209.704133,8,-57,-60
1742098209.7391331,64,40,-118
1742098209.774133,-9,16,89
1742098209.809133,-43,42,53
1742098209.845133,-1,20,-84
1742098209.881133,24,4,-18
1742098209.9161332,-25,-57,-94
1742098209.9521332,-13,12,-150
1742098209.987133,-35,-51,13
1742098210.022133,-1,-19,-50
1742098210.0571332,-21,6,-32
1742098210.093133,-1,22,-122
1742098210.129133,1,22,-174
1742098210.164133,124,20,-22
1742098210.200133,-2,38,-62
1742098210.2351332,60,2,-168
1742098210.270133,-61,-29,15
1742098210.305133,-13,-67,21
1742098210.341133,0,18,-34
1742098210.3771331,0,62,5
1742098210.412133,-61,-3,-44
1742098210.448133,-31,4,9
1742098210.483133,-51,14,-92
1742098210.5181332,-31,62,49
1742098210.553133,56,18,-18
1742098210.589133,20,-125,-52
1742098210.625133,-7,-51,-58
1742098210.6601331,44,20,-4
1742098210.6961331,34,-85,-200
1742098210.731133,36,52,-88
1742098210.766133,50,-11,-90
1742098210.8011332,-5,-7,-58
1742098210.8371332,-51,-35,-68
1742098210.8731332,10,54,31
1742098210.908133,16,-13,-48
1742098210.944133,-9,-47,-60
1742098210.9791331,-19,-41,87
1742098211.014133,4,-93,-62
1742098211.049133,56,0,49
1742098211.085133,-19,18,-12
1742098211.121133,12,58,-30
1742098211.1561332,-13,30,35
1742098211.1921332,-13,-31,97
1742098211.227133,-33,4,-20
1742098211.2621331,-47,-11,-98
1742098211.297133,-23,-21,101
1742098211.333133,32,38,39
1742098211.369133,-13,0,-66
1742098211.404133,-3,2,-12
1742098211.440133,0,-1,-52
1742098211.4751332,96,-71,77
1742098211.510133,-21,46,-22
1742098211.545133,-3,2,-8
1742098211.5811331,34,34,17
1742098211.6171331,14,-5,77
1742098211.652133,34,-7,-32
1742098211.688133,-23,12,95
1742098211.723133,20,-15,71
1742098211.7581332,-23,-5,-32
1742098211.793133,-83,-7,9
1742098211.829133,22,-41,-40
1742098211.865133,-125,8,-52
1742098211.9001331,8,-55,-62
1742098211.9361331,-23,-37,-188
1742098211.971133,0,-119,-62
1742098212.006133,2,-29,-150
1742098212.0411332,-15,-31,-86
1742098212.0771332,2,-3,53
1742098212.1131332,4,46,45
1742098212.148133,-45,-59,-80
1742098212.184133,-33,20,75
1742098212.2191331,2,20,3
1742098212.254133,20,66,-126
1742098212.289133,6,-83,-40
1742098212.325133,18,58,-70
1742098212.361133,92,-17,-54
1742098212.3961332,18,8,-42
1742098212.4321332,24,-87,81
1742098212.467133,-27,14,-64
1742098212.5021331,0,-21,27
1742098212.537133,-11,-19,23
1742098212.573133,38,10,-178
1742098212.609133,48,-23,-126
1742098212.644133,70,0,31
1742098212.680133,40,16,-24
1742098212.7151332,4,-36,-114
1742098212.750133,-15,-46,-136
1742098212.7851331,126,-14,-78
1742098212.8211331,-47,-8,-50
1742098212.8571332,54,-32,-98
1742098212.892133,-87,-8,-120
1742098212.928133,-11,-92,-124
1742098212.963133,-11,44,-10
1742098212.9981332,-45,38,77
1742098213.033133,-5,36,0
1742098213.069133,92,26,-28
1742098213.105133,-39,-45,61
1742098213.1401331,-93,20,5
1742098213.1761332,54,38,-24
1742098213.211133,-17,-19,5
1742098213.246133,-3,-5,-104
1742098213.282133,-15,24,35
1742098213.3171332,-33,-69,-152
1742098213.3531332,-63,-21,-104
1742098213.388133,22,-27,-40
1742098213.424133,-37,0,23
1742098213.4591331,54,12,11
1742098213.494133,30,42,35
1742098213.530133,-85,26,-40
1742098213.565133,-13,76,-38
1742098213.601133,106,-19,-54
1742098213.6361332,104,40,23
1742098213.672133,20,110,-102
1742098213.707133,-9,-61,-108
1742098213.7421331,80,-5,43
1742098213.7781332,-33,34,-60
1742098213.813133,-75,30,77
1742098213.849133,112,8,11
1742098213.884133,4,6,-62
1742098213.920133,-21,0,-110
1742098213.9551332,18,130,-28
1742098213.990133,40,10,-78
1742098214.026133,78,22,57
1742098214.0611331,104,-15,-136
1742098214.0971332,-103,10,-130
1742098214.132133,-61,34,-52
1742098214.168133,20,64,87
1742098214.203133,38,14,-18
1742098214.2381332,48,-67,1
1742098214.274133,18,-109,117
1742098214.309133,-7,-27,-6
1742098214.345133,6,-33,71
1742098214.3801332,-67,34,-44
1742098214.4161332,-1,-21,-4
1742098214.451133,2,4,-8
1742098214.493133,-5,-43,-26
1742098214.530133,-11,-19,-150
1742098214.565133,-37,38,-80
1742098214.601133,-47,56,-24
1742098214.6361332,58,2,19
1742098214.672133,-89,-39,-24
1742098214.707133,4,16,-54
1742098214.7421331,-5,-17,-76
1742098214.7781332,-89,-45,-168
1742098214.813133,10,-47,-134
1742098214.849133,-35,-35,-130
1742098214.884133,-3,-85,-90
1742098214.920133,18,12,-10
1742098214.9551332,46,90,9
1742098214.990133,-91,-33,141
1742098215.026133,28,-41,-22
1742098215.0611331,-77,24,-36
1742098215.0971332,92,-49,61
1742098215.132133,-43,8,-80
1742098215.168133,-51,10,-34
1742098215.203133,74,-3,-10
1742098215.2381332,-21,12,17
1742098215.274133,-3,-5,57
1742098215.309133,-55,20,-64
1742098215.345133,8,-15,-32
1742098215.3801332,10,-77,-148
1742098215.4161332,44,-55,57
1742098215.451133,-41,-127,-74
1742098215.486133,-17,64,-70
1742098215.522133,-33,86,-38
1742098215.5571332,22,-33,-42
1742098215.593133,-51,76,-32
1742098215.628133,2,32,-98
1742098215.664133,-21,-5,-80
1742098215.700133,-1,-17,-62
1742098215.736133,46,86,-50
1742098215.772133,70,-25,-58
1742098215.8081331,16,-57,-100
1742098215.8441331,-25,16,-4
1742098215.879133,60,-7,21
1742098215.914133,24,8,129
1742098215.950133,4,-41,-64
1742098215.986133,46,-37,-16
1742098216.0211332,-13,-19,29
1742098216.0571332,-35,38,-6
1742098216.092133,86,19,17
1742098216.1271331,68,-14,-100
1742098216.162133,22,59,53
1742098216.198133,-5,85,-28
1742098216.234133,-3,-74,-108
1742098216.269133,34,-36,-118
1742098216.305133,-53,-60,19
1742098216.3401332,42,89,-68
1742098216.375133,-125,-34,65
1742098216.4101331,10,-34,-160
1742098216.4461331,-7,-56,-42
1742098216.4821332,-53,-64,-92
1742098216.517133,-49,91,55
1742098216.553133,36,-28,-108
1742098216.588133,-35,-42,43
1742098216.6231332,24,15,133
1742098216.658133,8,31,29
1742098216.694133,-1,19,-100
1742098216.730133,52,0,59
1742098216.7651331,-51,7,39
1742098216.8011332,26,21,-64
1742098216.836133,42,-58,-24
1742098216.871133,28,59,35
1742098216.9061332,-13,1,-92
1742098216.9421332,-15,11,-66
1742098216.9781332,56,-13,-18
1742098217.013133,14,-57,9
1742098217.049133,80,-42,-112
1742098217.0841331,2,9,-10
1742098217.119133,44,79,9
1742098217.154133,-61,-41,-78
1742098217.190133,74,37,-84
1742098217.226133,28,-36,-36
1742098217.2611332,18,-15,-64
1742098217.297133,-31,56,-118
1742098217.332133,0,21,-158
1742098217.3671331,6,-34,31
1742098217.402133,6,-56,21
1742098217.438133,-41,3,-102
1742098217.474133,84,-15,-42
1742098217.509133,40,34,-128
1742098217.545133,-13,2,-48
1742098217.5801332,-43,-33,85
1742098217.615133,-45,44,29
1742098217.6501331,42,-47,-116
1742098217.6861331,-15,-5,-50
1742098217.7221332,-11,58,75
1742098217.757133,20,34,47
1742098217.793133,48,-15,-80
1742098217.828133,26,42,-62
1742098217.8631332,-23,-21,91
1742098217.898133,10,0,57
1742098217.934133,-31,12,-80
1742098217.970133,4,28,19
1742098218.0051332,-21,14,-44
1742098218.0411332,-27,56,21
1742098218.076133,-5,28,-126
1742098218.111133,-35,-47,-76
1742098218.1461332,-51,34,-40
1742098218.1821332,-31,-49,-46
1742098218.218133,2,12,13
1742098218.253133,-21,-37,-38
1742098218.289133,22,22,-40
1742098218.3241332,2,12,-20
1742098218.359133,32,-59,-2
1742098218.394133,-1,10,-42
1742098218.430133,26,-28,-82
1742098218.466133,-11,-2,91
1742098218.501133,68,34,-70
1742098218.537133,34,39,67
1742098218.572133,-35,-26,-30
1742098218.6071332,48,-70,67
1742098218.642133,32,-72,5
1742098218.678133,8,107,-80
1742098218.714133,56,33,-48
1742098218.749133,8,33,-78
1742098218.7851331,-49,-12,1
1742098218.820133,44,-42,13
1742098218.855133,56,1,-158
1742098218.8901331,-47,-4,61
1742098218.9261332,-33,-34,13
1742098218.9621332,-45,37,-74
1742098218.997133,8,131,65
1742098219.033133,-23,11,-32
1742098219.068133,84,-36,-68
1742098219.1031332,-33,13,-52
1742098219.138133,52,-42,53
1742098219.174133,54,-10,-102
1742098219.210133,20,57,35
1742098219.2451332,32,-22,7
1742098219.2811332,24,51,-4
1742098219.316133,-47,49,41
1742098219.351133,110,-16,-20
1742098219.3861332,-25,7,-132
1742098219.422133,10,-32,29
1742098219.458133,-95,29,11
1742098219.493133,50,43,95
1742098219.529133,36,-8,-64
1742098219.5641332,-19,33,25
1742098219.599133,2,-26,-66
1742098219.634133,72,-42,-144
1742098219.670133,4,17,-44
1742098219.7061331,-57,17,-160
1742098219.741133,-11,-84,-164
1742098219.777133,46,-48,71
1742098219.812133,4,-56,-72
1742098219.8471332,-35,-20,-32
1742098219.882133,64,-52,-96
1742098219.918133,6,-15,-94
1742098219.954133,38,-23,-18
1742098219.9891331,18,4,-26
1742098220.0251331,-15,4,-138
1742098220.060133,0,19,-126
1742098220.095133,10,-5,-90
1742098220.131133,-19,65,31
1742098220.1661332,-35,48,19
1742098220.2021332,16,26,-12
1742098220.237133,36,10,-56
1742098220.273133,-37,-29,23
1742098220.3081331,-67,-17,-62
1742098220.343133,-5,8,1
1742098220.379133,-17,-27,-68
1742098220.414133,6,-19,-54
1742098220.450133,42,-23,61
1742098220.4851332,-23,4,-54
1742098220.5211332,20,40,-64
1742098220.556133,-9,-13,-16
1742098220.591133,78,40,25
1742098220.6271331,-61,-41,7
1742098220.662133,28,28,21
1742098220.698133,-61,-29,-96
1742098220.733133,-7,-19,5
1742098220.769133,-27,-17,-94
1742098220.8041332,-5,42,-134
1742098220.839133,8,-59,25
1742098220.875133,-9,-85,-18
1742098220.9101331,82,-27,-20
1742098220.9461331,8,-35,-78
1742098220.981133,26,44,-128
1742098221.017133,18,0,81
1742098221.052133,36,2,-144
1742098221.0871332,-31,62,-54
1742098221.1231332,-43,26,-26
1742098221.158133,106,-17,-18
1742098221.194133,-11,33,-14
1742098221.2291331,18,25,-24
1742098221.2651331,12,80,-66
1742098221.300133,-39,14,-68
1742098221.335133,8,54,65
1742098221.371133,62,-79,-56
1742098221.4061332,32,22,9
1742098221.4421332,32,46,-14
1742098221.477133,50,-25,65
1742098221.513133,-43,-61,-16
1742098221.5481331,42,38,43
1742098221.583133,-47,-19,-30
1742098221.619133,-1,-21,-92
1742098221.654133,36,10,99
1742098221.690133,33,-53,-112
1742098221.7251332,48,-17,-88
1742098221.7611332,-9,-49,5
1742098221.796133,-33,30,-16
1742098221.8311331,100,8,-60
1742098221.8671331,-45,28,-16
1742098221.902133,-17,32,-61
1742098221.938133,10,10,-55
1742098221.973133,8,32,48
1742098222.009133,-57,-5,-106
1742098222.0441332,-25,30,-42
1742098222.079133,10,84,-94
1742098222.115133,26,40,-39
1742098222.1501331,10,62,-57
1742098222.1861331,-107,-67,-25
1742098222.221133,-3,12,58
1742098222.257133,14,8,-97
1742098222.292133,2,-7,-25
1742098222.3271332,20,40,-86
1742098222.3631332,-47,-1,-24
1742098222.398133,16,-47,-30
1742098222.434133,18,-31,-19
1742098222.4691331,20,54,-89
1742098222.5051332,26,38,-73
1742098222.5411332,18,-37,-29
1742098222.5771332,-31,54,-127
1742098222.6131332,-53,-21,-25
1742098222.648133,-23,-49,-61
1742098222.6831331,24,-3,18
1742098222.7191331,10,-49,-61
1742098222.7551332,72,-59,-37
1742098222.790133,44,8,-25
1742098222.826133,-9,-19,-107
1742098222.861133,0,-77,-33
1742098222.8961332,-3,32,-119
1742098222.931133,-21,-31,48
1742098222.967133,22,-69,-9
1742098223.003133,-27,14,-45
1742098223.0381331,-11,10,-15
1742098223.0741332,120,-51,0
1742098223.109133,-13,-9,-187
1742098223.144133,-7,-9,-15
1742098223.1791332,22,-31,-35
1742098223.2151332,-33,32,10
1742098223.251133,-15,40,-17
1742098223.286133,8,26,-229
1742098223.322133,-25,-39,4
1742098223.3571332,68,-15,146
1742098223.392133,-39,26,48
1742098223.427133,-19,20,-63
1742098223.463133,-31,2,-77
1742098223.499133,24,36,-97
1742098223.5341332,-21,-51,-143
1742098223.570133,-45,-25,14
1742098223.605133,-41,-7,-41
1742098223.6401331,2,-47,-207
1742098223.675133,68,38,80
1742098223.711133,-23,20,-87
1742098223.747133,36,18,-213
1742098223.782133,100,44,20
1742098223.818133,-99,18,-125
1742098223.8531332,-73,14,-43
1742098223.888133,36,-43,-151
1742098223.9231331,-17,24,-33
1742098223.9591331,-31,-3,-103
1742098223.9951332,38,20,-117
1742098224.030133,-93,-25,38
1742098224.066133,76,40,-49
1742098224.101133,-85,20,-107
1742098224.1361332,-39,-33,-43
1742098224.171133,-13,-15,-35
1742098224.207133,-33,32,10
1742098224.243133,-29,14,-83
1742098224.2781332,6,-61,0
1742098224.3141332,-21,-21,-39
1742098224.349133,36,-43,-69
1742098224.384133,-45,82,12
1742098224.4191332,80,-33,-133
1742098224.4551332,-19,-33,-131
1742098224.4981332,-47,16,-107
1742098224.5341332,80,-7,10
1742098224.570133,48,32,132
1742098224.605133,2,40,-91
1742098224.6401331,14,6,-23
1742098224.675133,-47,20,-147
1742098224.711133,-21,-15,4
1742098224.747133,34,-21,-43
1742098224.782133,-9,124,-123
1742098224.818133,-35,18,36
1742098224.8531332,28,-5,-75
1742098224.888133,-7,8,-87
1742098224.9231331,42,30,32
1742098224.9591331,-3,32,-23
1742098224.9951332,-13,-19,42
1742098225.030133,34,-43,42
1742098225.066133,-19,-1,30
1742098225.101133,-9,14,82
1742098225.1361332,24,2,58
1742098225.171133,24,-7,0
1742098225.207133,42,60,-21
1742098225.243133,76,-3,-85
1742098225.2781332,-37,40,-113
1742098225.3141332,-45,-41,36
1742098225.349133,-11,68,70
1742098225.384133,30,8,28
1742098225.4191332,-29,12,-21
1742098225.4551332,-95,2,32
1742098225.491133,-27,-7,-65
1742098225.526133,22,-1,-17
1742098225.562133,-25,10,8
1742098225.5971332,-9,-39,110
1742098225.632133,-15,46,98
1742098225.667133,48,-31,-181
1742098225.703133,28,28,-53
1742098225.7391331,-45,-9,8
1742098225.774133,-39,66,20
1742098225.810133,-19,6,-73
1742098225.845133,-49,-61,-101
1742098225.8801332,-21,32,-75
1742098225.915133,-9,-7,82
1742098225.951133,-35,-55,-35
1742098225.987133,-9,-29,102
1742098226.022133,-49,-11,-101
1742098226.0581331,14,66,32
1742098226.093133,4,-55,-127
1742098226.128133,52,-41,80
1742098226.1631331,170,-63,10
1742098226.1991332,82,10,4
1742098226.2351332,-79,12,40
1742098226.270133,38,24,-139
1742098226.306133,52,34,-133
1742098226.341133,38,6,-73
1742098226.376133,102,-61,-25
1742098226.411133,54,-97,-39
1742098226.447133,-55,28,-95
1742098226.483133,-35,54,-175
1742098226.5181332,-93,-15,-27
1742098226.5541332,-9,-7,58
1742098226.589133,-55,12,-87
1742098226.624133,-11,0,18
1742098226.6591332,40,8,-189
1742098226.695133,2,-21,72
1742098226.731133,-49,-3,-39
1742098226.766133,12,38,66
1742098226.802133,-43,-1,20
1742098226.8371332,-5,36,-39
1742098226.872133,-11,-97,-169
1742098226.908133,-19,28,30
1742098226.943133,-45,-53,30
1742098226.9791331,-85,-17,-127
1742098227.014133,26,-19,12
1742098227.050133,-39,-1,-79
1742098227.085133,-3,6,-17
1742098227.1201332,34,54,-5
1742098227.1561332,-63,8,-167
1742098227.191133,0,-13,-9
1742098227.227133,12,32,-13
1742098227.2621331,-21,-3,-137
1742098227.2981331,-3,-53,-169
1742098227.333133,70,-41,-85
1742098227.368133,52,-23,-11
1742098227.404133,-21,-3,-41
1742098227.4391332,-95,28,-57
1742098227.4751332,38,54,-77
1742098227.510133,-3,-7,-53
1742098227.546133,-63,34,46
1742098227.5811331,82,-13,-51
1742098227.616133,-15,-87,-23
1742098227.652133,-87,34,-29
1742098227.687133,30,-5,-103
1742098227.723133,26,-45,-41
1742098227.7581332,2,-9,60
1742098227.7941332,52,-9,-53
1742098227.829133,22,12,0
1742098227.8641331,22,48,-93
1742098227.9001331,30,-13,16
1742098227.935133,-51,-23,46
1742098227.971133,48,-35,24
1742098228.006133,46,-7,74
1742098228.042133,20,64,-105
1742098228.0771332,-15,18,8
1742098228.112133,26,38,-197
1742098228.148133,14,48,-111
1742098228.1831331,-5,-37,-103
1742098228.2191331,-17,-7,-155
1742098228.254133,18,16,18
1742098228.290133,36,-1,-71
1742098228.325133,34,48,6
1742098228.3601332,-49,-7,32
1742098228.3961332,8,16,-161
1742098228.431133,24,-23,74
1742098228.467133,84,2,4
1742098228.5021331,-27,-63,24
1742098228.5381331,-29,-7,-77
1742098228.573133,24,10,102
1742098228.608133,-29,-59,88
1742098228.644133,-27,-17,-77
1742098228.6791332,-5,20,48
1742098228.7151332,-21,-7,-215
1742098228.750133,22,38,26
1742098228.786133,-19,-11,-39
1742098228.8211331,-81,32,-95
1742098228.856133,12,14,-35
1742098228.892133,22,-7,6
1742098228.927133,30,-11,-113
1742098228.963133,-39,-9,-45
1742098228.9981332,-5,18,-109
1742098229.0341332,-7,-25,-35
1742098229.069133,18,66,-123
1742098229.1041331,-15,66,82
1742098229.1401331,-55,6,-183
1742098229.175133,-15,-33,18
1742098229.211133,-7,-5,-91
1742098229.246133,-23,-37,-55
1742098229.282133,-25,4,-27
1742098229.318133,14,22,-59
1742098229.3541331,-11,44,-51
1742098229.3901331,-17,-21,-21
1742098229.4261332,-15,-15,24
1742098229.4621332,-17,-25,-3
1742098229.497133,22,-59,-109
1742098229.532133,-3,10,-33
1742098229.568133,14,26,-45
1742098229.6041331,-85,-17,132
1742098229.639133,70,-35,-127
1742098229.675133,-23,72,-79
1742098229.710133,-39,36,-25
1742098229.7451332,-45,-7,-155
1742098229.780133,14,28,54
1742098229.816133,-35,-7,-7
1742098229.852133,-39,-3,-9
1742098229.8871331,8,18,-63
1742098229.9231331,6,20,36
1742098229.958133,50,28,-3
1742098229.993133,-5,76,34
1742098230.0281332,72,40,8
1742098230.0641332,-61,-27,16
1742098230.1001332,28,2,-39
1742098230.135133,-23,-29,-103
1742098230.171133,-7,-19,-131
1742098230.2061331,-67,6,22
1742098230.241133,30,-81,18
1742098230.276133,0,-21,-53
1742098230.312133,-5,66,-53
1742098230.348133,-61,-37,-69
1742098230.3831332,40,-15,-129
1742098230.4191332,-39,-29,50
1742098230.454133,14,-21,-91
1742098230.4891331,120,62,-91
1742098230.524133,12,-3,-71
1742098230.560133,44,-25,-69
1742098230.596133,20,70,-37
1742098230.631133,-49,-29,-5
1742098230.667133,-93,24,-29
1742098230.7021332,36,42,-3
1742098230.737133,-49,-37,-79
1742098230.772133,-37,-67,-65
1742098230.8081331,46,-31,34
1742098230.8441331,26,-63,56
1742098230.879133,56,40,-141
1742098230.915133,-21,-1,-101
1742098230.950133,40,0,-105
1742098230.9851332,-49,2,-29
1742098231.020133,40,36,126
1742098231.056133,-11,0,20
1742098231.092133,50,-47,-47
1742098231.1271331,24,-15,14
1742098231.1631331,-23,-35,-31
1742098231.198133,18,-13,-23
1742098231.233133,-13,28,-89
1742098231.2681332,-35,18,-13
1742098231.3041332,32,-1,126
1742098231.3401332,40,2,-15
1742098231.375133,-61,-1,-141
1742098231.411133,-26,-19,60
1742098231.4461331,-69,90,2
1742098231.481133,-94,-31,-61
1742098231.516133,58,12,70
1742098231.552133,82,-33,-39
1742098231.588133,-83,-97,-61
1742098231.6231332,42,38,8
1742098231.6591332,20,28,-39
1742098231.694133,20,-99,-81
1742098231.7291331,56,-11,-37
1742098231.764133,-51,-53,-155
1742098231.800133,-43,-61,6
1742098231.836133,28,6,-27
1742098231.871133,-25,-93,-77
1742098231.907133,-125,4,-21
1742098231.9421332,-25,-15,58
1742098231.977133,-5,-79,-61
1742098232.0121331,76,-29,-23
1742098232.0481331,52,8,18
1742098232.0841331,26,34,-59
1742098232.119133,116,-33,-103
1742098232.155133,40,8,-23
1742098232.190133,60,22,-97
1742098232.2251332,-41,-51,70
1742098232.260133,-49,40,-101
1742098232.296133,18,84,-227
1742098232.332133,-33,4,-113
1742098232.3671331,6,6,122
1742098232.4031332,-51,4,-129
1742098232.438133,-47,-17,92
1742098232.473133,6,78,-5
1742098232.5081332,66,-65,82
1742098232.5441332,-63,26,-57
1742098232.5801332,-59,86,6
1742098232.615133,-17,66,-71
1742098232.651133,-5,-17,-135
1742098232.6861331,1,0,-51
1742098232.721133,-1,58,-87
1742098232.756133,-66,38,-103
1742098232.792133,21,-63,-79
1742098232.828133,-28,18,-93
1742098232.8631332,27,-3,68
1742098232.899133,5,28,-27
1742098232.934133,73,-65,-51
1742098232.9691331,-38,44,-71
1742098233.004133,69,-53,-27
1742098233.040133,-1,-45,-13
1742098233.076133,-17,34,68
1742098233.111133,-11,14,-1
1742098233.147133,-107,-37,22
1742098233.1821332,26,-17,22
1742098233.217133,-55,-13,-55
1742098233.2521331,58,-25,-37
1742098233.2881331,98,-23,28
1742098233.3241332,44,-53,2
1742098233.359133,4,14,-21
1742098233.395133,-71,42,-9
1742098233.430133,-29,4,-57
1742098233.4651332,0,30,12
1742098233.500133,-43,22,28
1742098233.536133,14,38,-1
1742098233.572133,-63,-11,-11
1742098233.6071332,18,-31,-65
1742098233.6431332,16,-69,-21
1742098233.678133,-55,0,10
1742098233.713133,-19,42,-49
1742098233.749133,18,-61,22
1742098233.7841332,-79,6,-21
1742098233.820133,-29,98,-59
1742098233.855133,24,62,-155
1742098233.891133,22,-45,-87
1742098233.9261332,-15,-11,-57
1742098233.961133,-41,48,-37
1742098233.997133,32,70,-61
1742098234.032133,68,66,-7
1742098234.068133,44,20,-83
1742098234.1031332,62,-37,54
1742098234.139133,-31,-49,-159
1742098234.174133,-69,-43,-61
1742098234.2091331,6,-39,-33
1742098234.2451332,-75,-11,-63
1742098234.280133,48,50,4
1742098234.316133,28,46,14
1742098234.351133,-15,10,-67
1742098234.3871331,0,82,-75
1742098234.422133,-87,-1,-17
1742098234.457133,48,-7,-51
1742098234.500133,-29,-31,52
1742098234.536133,-71,30,-49
1742098234.572133,-19,30,-101
1742098234.6071332,-97,14,-17
1742098234.6431332,24,-37,-67
1742098234.678133,60,-33,172
1742098234.713133,82,-65,-33
1742098234.749133,44,8,60
1742098234.7841332,42,-49,8
1742098234.820133,22,30,112
1742098234.855133,48,-49,28
1742098234.891133,38,-49,-111
1742098234.9261332,18,-41,-115
1742098234.961133,-59,34,-53
1742098234.997133,20,6,-7
1742098235.032133,-43,6,-153
1742098235.068133,14,44,48
1742098235.1031332,-33,-15,20
1742098235.139133,6,-9,-23
1742098235.174133,22,44,-109
1742098235.2091331,20,-61,30
1742098235.2451332,-15,-5,78
1742098235.280133,-29,-71,-65
1742098235.316133,20,-27,-1
1742098235.351133,-61,-65,-35
1742098235.3871331,4,36,-5
1742098235.422133,-25,-41,-34
1742098235.457133,-49,-25,118
1742098235.493133,-25,2,-53
1742098235.5281332,-11,-17,-37
1742098235.5641332,-33,42,-17
1742098235.599133,4,6,-40
1742098235.635133,-59,0,29
1742098235.670133,2,-37,-42
1742098235.7051332,-25,0,-42
1742098235.741133,-13,50,23
1742098235.776133,8,16,15
1742098235.812133,-31,-23,-22
1742098235.8471332,-23,22,-20
1742098235.8831332,-97,14,27
1742098235.918133,-53,-41,9
1742098235.953133,-9,48,31
1742098235.9891331,-17,-25,2
1742098236.024133,-19,20,-54
1742098236.060133,-3,12,23
1742098236.095133,12,-48,-80
1742098236.131133,44,-78,-132
1742098236.167133,-8,2,9
1742098236.203133,-34,8,24
1742098236.2391331,-18,28,-85
1742098236.274133,-40,34,-40
1742098236.309133,-26,-12,-82
1742098236.345133,32,52,-34
1742098236.381133,-4,6,-138
1742098236.4161332,-49,-68,-20
1742098236.4521332,-17,23,-8
1742098236.487133,-37,-17,-82
1742098236.522133,-63,-21,-150
1742098236.5571332,-23,20,-36
1742098236.593133,38,86,51
1742098236.629133,56,4,-34
1742098236.664133,-3,-15,-50
1742098236.700133,128,-16,3
1742098236.7351332,-6,8,43
1742098236.770133,42,-4,-52
1742098236.805133,18,6,49
1742098236.841133,12,-14,-22
1742098236.8771331,40,43,21
1742098236.912133,-27,32,-60
1742098236.948133,-35,-15,-32
1742098236.983133,98,92,-36
1742098237.0181332,-60,12,25
1742098237.053133,-15,20,-74
1742098237.089133,-2,-84,-88
1742098237.125133,58,-19,-90
1742098237.1601331,-57,8,-42
1742098237.1961331,-70,12,-20
1742098237.231133,-20,-53,11
1742098237.266133,23,10,0
1742098237.3011332,22,-9,-44
1742098237.3371332,7,-47,5
1742098237.3731332,71,-97,-72
1742098237.408133,-10,2,-24
1742098237.444133,69,-3,49
1742098237.4791331,31,-31,-60
1742098237.514133,40,-49,-76
1742098237.549133,-44,60,-106
1742098237.585133,33,-15,7
1742098237.621133,44,44,27
1742098237.6561332,-9,-25,-68
1742098237.6921332,-27,-23,-12
1742098237.727133,18,-87,-100
1742098237.7621331,32,-61,-42
1742098237.797133,38,-9,49
1742098237.833133,-33,28,11
1742098237.869133,-35,-51,-46
1742098237.904133,-21,0,9
1742098237.940133,-49,-53,-54
1742098237.9751332,-1,50,-66
1742098238.010133,-5,-25,-62
1742098238.045133,-19,14,-94
1742098238.0811331,14,8,-10
1742098238.1171331,14,16,3
1742098238.152133,-19,-75,-60
1742098238.188133,-31,-35,19
1742098238.223133,32,84,-30
1742098238.2581332,-39,-29,-58
1742098238.293133,18,-1,-30
1742098238.329133,-29,-61,-130
1742098238.365133,-3,-55,-90
1742098238.4001331,6,-25,5
1742098238.4361331,28,26,-20
1742098238.471133,8,-7,1
1742098238.506133,-81,34,-8
1742098238.5411332,10,18,35
1742098238.5771332,-31,-3,73
1742098238.6131332,-19,-65,-130
1742098238.648133,-1,-31,-6
1742098238.684133,48,-11,-70
1742098238.7191331,58,20,-164
1742098238.754133,32,-11,-122
1742098238.789133,-85,-19,15
1742098238.825133,117,-71,-80
1742098238.861133,-121,-79,-48
1742098238.8961332,-11,-51,-68
1742098238.9321332,16,-45,37
1742098238.967133,-51,-87,103
1742098239.0021331,-9,-29,-46
1742098239.037133,-11,-99,47
1742098239.073133,10,-13,-30
1742098239.109133,-25,-13,-52
1742098239.144133,62,24,-78
1742098239.180133,-63,56,-78
1742098239.2151332,0,-37,-30
1742098239.250133,-37,20,-62
1742098239.2851331,-61,-5,-64
1742098239.3211331,-25,2,-150
1742098239.3571332,58,-15,-108
1742098239.392133,-23,42,7
1742098239.428133,-3,48,41
1742098239.463133,4,-1,15
1742098239.4981332,62,-63,-84
1742098239.533133,-39,20,-10
1742098239.569133,-65,-5,-120
1742098239.605133,-9,-15,-28
1742098239.6401331,-23,-39,-32
1742098239.6761332,22,48,71
1742098239.711133,92,-93,-80
1742098239.746133,-23,30,-66
1742098239.7811332,-37,12,1
1742098239.8171332,10,-11,-176
1742098239.8531332,38,62,-26
1742098239.888133,-25,-9,-16
1742098239.924133,-47,34,-68
1742098239.9591331,-15,-85,-126
1742098239.994133,-21,-10,69
1742098240.029133,22,-13,19
1742098240.065133,80,46,61
1742098240.101133,8,-33,69
1742098240.1361332,-27,-65,-14
1742098240.172133,6,18,-122
1742098240.207133,-9,-25,-14
1742098240.2421331,-57,-51,-52
1742098240.277133,38,-26,-28
1742098240.313133,-27,59,-98
1742098240.349133,40,-50,-80
1742098240.384133,-61,0,-96
1742098240.420133,70,87,-72
1742098240.4551332,26,40,53
1742098240.490133,54,-1,-108
1742098240.526133,74,-25,-120
1742098240.5611331,16,-20,-70
1742098240.5971332,26,-75,-68
1742098240.632133,-7,-5,41
1742098240.668133,38,-23,-92
1742098240.703133,-1,-23,45
1742098240.7381332,22,0,-20
1742098240.774133,22,-13,-192
1742098240.809133,16,34,-48
1742098240.845133,84,32,-78
1742098240.8801332,-15,-17,-36
1742098240.9161332,56,-9,-6
1742098240.951133,-53,-3,-98
1742098240.986133,102,32,43
1742098241.022133,-93,-67,45
1742098241.0571332,12,-35,-32
1742098241.093133,-5,-7,41
1742098241.128133,-29,-31,37
1742098241.164133,-49,8,-120
1742098241.1991332,-81,18,63
1742098241.234133,-39,36,-122
1742098241.270133,-49,12,-84
1742098241.305133,26,-21,-38
1742098241.341133,-17,16,40
1742098241.376133,38,-5,2
1742098241.412133,16,-85,57
1742098241.447133,-5,18,-140
1742098241.4821332,-5,-83,-92
1742098241.5181332,-33,-57,-35
1742098241.553133,8,-27,48
1742098241.589133,-63,84,-43
1742098241.624133,84,0,38
1742098241.6601331,42,102,-71
1742098241.695133,-69,10,56
1742098241.730133,-53,14,-69
1742098241.766133,-9,-17,16
1742098241.8011332,-1,46,-117
1742098241.8371332,102,2,20
1742098241.872133,50,-63,43
1742098241.908133,-29,14,-17
1742098241.943133,68,6,-51
1742098241.9781332,56,-79,64
1742098242.014133,-7,46,32
1742098242.049133,26,-29,-3
1742098242.085133,-15,-15,66
1742098242.1201332,-25,62,-87
1742098242.1561332,-33,-35,-23
1742098242.191133,-15,-31,88
1742098242.226133,40,18,-193
1742098242.2621331,-1,-49,22
1742098242.297133,58,54,-5
1742098242.333133,-59,12,-79
1742098242.368133,-7,46,-101
1742098242.404133,112,6,-69
1742098242.4391332,42,-17,-193
1742098242.474133,58,-77,-73
1742098242.510133,-27,-23,-45
1742098242.545133,-93,26,-73
1742098242.5811331,8,8,26
1742098242.616133,22,12,-149
1742098242.652133,-59,64,-117
1742098242.687133,24,-37,-73
1742098242.7221332,48,44,18
1742098242.7581332,44,12,-53
1742098242.793133,72,-103,-21
1742098242.829133,-45,20,28
1742098242.8641331,86,112,4
1742098242.9001331,10,100,-33
1742098242.9361331,-19,-37,-15
1742098242.9721332,20,32,70
1742098243.0081332,32,-7,-1
1742098243.0441332,12,-9,-19
1742098243.0801332,-75,-29,-105
1742098243.115133,32,46,-19
1742098243.1501331,-55,-43,-157
1742098243.1861331,-13,-7,-81
1742098243.2221332,-15,12,30
1742098243.257133,32,40,-127
1742098243.293133,-45,26,-103
1742098243.328133,-5,-19,-41
1742098243.3631332,20,-41,34
1742098243.398133,-33,-39,4
1742098243.434133,-3,16,-51
1742098243.470133,46,8,-119
1742098243.5051332,20,-11,-139
1742098243.5411332,-45,16,-23
1742098243.576133,100,-15,-73
1742098243.611133,36,-9,-87
1742098243.6461332,54,-27,-51
1742098243.6821332,-1,-105,-11
1742098243.718133,-39,-37,14
1742098243.753133,42,40,-61
1742098243.789133,6,24,36
1742098243.8241332,18,-23,-53
1742098243.859133,10,-13,-49
1742098243.894133,20,44,-67
1742098243.930133,-9,-47,-83
1742098243.966133,26,-33,-65
1742098244.001133,2,-37,4
1742098244.037133,30,18,-93
1742098244.072133,-3,-37,-107
1742098244.1071332,16,16,-111
1742098244.142133,-29,-11,64
1742098244.178133,-15,-15,-55
1742098244.214133,-7,36,-83
1742098244.249133,89,-35,10
1742098244.2851331,41,-25,-231
1742098244.320133,15,8,-117
1742098244.355133,-16,12,-53
1742098244.3901331,-2,-17,-57
1742098244.4261332,-48,-39,-39
1742098244.4621332,1,20,-11
1742098244.504133,-66,92,-23
1742098244.5411332,-42,34,68
1742098244.576133,9,28,-93
1742098244.611133,27,-15,-59
1742098244.6461332,-40,66,12
1742098244.6821332,51,32,-17
1742098244.718133,-62,64,-39
1742098244.753133,-90,64,-29
1742098244.789133,3,-37,-129
1742098244.8241332,73,-45,-139
1742098244.859133,65,26,-15
1742098244.894133,69,-15,-71
1742098244.930133,-100,-9,-89
1742098244.966133,-32,16,-121
1742098245.001133,-6,48,-5
1742098245.037133,-2,-31,24
1742098245.072133,7,-29,10
1742098245.1071332,-22,-7,-113
1742098245.142133,-76,18,22
1742098245.178133,35,8,30
1742098245.214133,-46,30,-41
1742098245.249133,1,-85,-167
1742098245.2851331,77,-73,-81
1742098245.320133,5,46,30
1742098245.355133,3,-51,-111
1742098245.3901331,-20,-5,-5
1742098245.4261332,-38,-29,-93
1742098245.4621332,5,-59,0
1742098245.497133,-74,-25,20
1742098245.533133,1,-13,-59
1742098245.568133,-22,-17,56
1742098245.6031332,83,26,-3
1742098245.638133,79,-55,-35
1742098245.674133,3,-27,-19
1742098245.710133,27,-15,28
1742098245.7451332,-46,24,92
1742098245.7811332,3,-1,-63
1742098245.816133,45,-51,-13
1742098245.851133,0,-55,-227
1742098245.8861332,-40,22,6
1742098245.922133,9,-57,78
1742098245.958133,-22,-45,-135
1742098245.993133,21,40,-21
1742098246.029133,33,50,32
1742098246.0641332,-26,-19,76
1742098246.099133,11,-61,-37
1742098246.134133,-44,-51,0
1742098246.170133,-22,62,18
1742098246.2061331,52,40,22
1742098246.241133,62,16,-117
1742098246.277133,-33,2,-49
1742098246.312133,30,-65,64
1742098246.3471332,6,22,68
1742098246.382133,64,-27,-27
1742098246.418133,56,16,40
1742098246.454133,-17,42,-33
1742098246.4891331,-101,6,-1
1742098246.5251331,-73,-13,-29
1742098246.560133,-41,26,-41
1742098246.595133,-67,-33,22
1742098246.6301332,10,22,-13
1742098246.6661332,16,28,-25
1742098246.7021332,-77,-3,10
1742098246.737133,14,-21,-113
1742098246.773133,24,-25,-43
1742098246.8081331,80,-65,-189
1742098246.843133,26,46,-33
1742098246.878133,-29,2,-81
1742098246.914133,-49,-49,-11
1742098246.950133,-55,38,-55
1742098246.9851332,64,90,-139
1742098247.0211332,-1,24,-27
1742098247.056133,2,-55,-91
1742098247.091133,22,8,68
1742098247.126133,-17,-23,22
1742098247.162133,-5,-27,-47
1742098247.198133,44,16,-71
1742098247.233133,-37,-41,-7
1742098247.269133,32,-15,-61
1742098247.3041332,-13,-87,14
1742098247.339133,36,-27,-33
1742098247.375133,-45,-15,-75
1742098247.4101331,-47,44,-19
1742098247.4461331,62,68,-137
1742098247.481133,66,6,-19
1742098247.517133,-21,6,20
1742098247.552133,-3,18,14
1742098247.5871332,-47,-29,-93
1742098247.6231332,42,-49,-13
1742098247.658133,-97,12,-43
1742098247.694133,36,-13,-1
1742098247.7291331,4,-7,92
1742098247.7651331,-25,-15,-21
1742098247.800133,6,-15,-73
1742098247.835133,22,14,-25
1742098247.871133,-67,28,-65
1742098247.9061332,54,22,0
1742098247.9421332,-23,18,-19
1742098247.977133,-11,-67,-117
1742098248.013133,12,2,-35
1742098248.0481331,54,34,-59
1742098248.083133,-11,-35,-27
1742098248.119133,24,26,-91
1742098248.154133,-25,42,-89
1742098248.190133,-13,48,-67
1742098248.2251332,-7,-75,22
1742098248.2611332,28,-27,-49
1742098248.296133,20,22,20
1742098248.3311331,-15,0,-65
1742098248.3671331,2,14,62
1742098248.402133,-39,2,-131
1742098248.438133,56,-41,-59
1742098248.473133,-29,-21,-33
1742098248.509133,16,38,-19
1742098248.5441332,2,-5,-27
1742098248.579133,24,32,34
1742098248.615133,74,2,-25
1742098248.6501331,50,-81,-67
1742098248.6861331,46,64,-59
1742098248.721133,68,-15,2
1742098248.757133,54,-9,-13
1742098248.792133,16,98,-79
1742098248.8271332,42,34,84
1742098248.8631332,-13,66,-39
1742098248.898133,86,-25,-77
1742098248.934133,18,12,-145
1742098248.9691331,-19,22,-109
1742098249.0051332,26,-95,118
1742098249.040133,24,-17,-25
1742098249.075133,36,-13,-37
1742098249.111133,36,-35,-67
1742098249.1461332,-25,-45,-9
1742098249.1821332,-37,22,4
1742098249.217133,50,14,16
1742098249.253133,-39,-9,56
1742098249.2881331,-67,-65,-59
1742098249.323133,54,8,-7
1742098249.359133,-65,18,58
1742098249.394133,-119,10,-3
1742098249.430133,34,-1,2
1742098249.4651332,26,-77,-5
1742098249.501133,34,-23,-41
1742098249.536133,0,-57,-109
1742098249.5711331,-15,14,-119
1742098249.6071332,68,-5,-43
1742098249.642133,34,46,38
1742098249.678133,2,36,48
1742098249.713133,-3,-47,-15
1742098249.749133,-13,-91,-97
1742098249.7851331,-13,10,-117
1742098249.8211331,-17,40,-95
1742098249.8571332,8,38,-17
1742098249.892133,56,32,-17
1742098249.927133,-17,38,-43
1742098249.963133,-47,22,10
1742098249.999133,4,-21,-23
1742098250.0341332,48,46,-11
1742098250.070133,-119,-21,-63
1742098250.105133,-41,62,4
1742098250.1401331,-11,42,-103
1742098250.175133,-55,-19,-13
1742098250.211133,28,10,-71
1742098250.247133,-23,-1,-51
1742098250.282133,2,-57,-31
1742098250.318133,24,30,-11
1742098250.3531332,-1,-33,8
1742098250.388133,-11,-11,74
1742098250.4231331,-29,40,-129
1742098250.4591331,6,-3,-113
1742098250.4951332,-41,-29,-69
1742098250.530133,-53,46,-85
1742098250.566133,16,14,-5
1742098250.601133,30,18,108
1742098250.6361332,-5,-35,-83
1742098250.671133,88,-43,36
1742098250.707133,98,34,46
1742098250.743133,14,-31,4
1742098250.7781332,6,-19,-51
1742098250.8141332,16,30,-1
1742098250.849133,38,70,98
1742098250.884133,-21,-17,28
1742098250.9191332,-7,12,46
1742098250.9551332,-31,-65,50
1742098250.991133,0,16,-59
1742098251.026133,-19,-35,-37
1742098251.062133,6,-1,-53
1742098251.0971332,-37,70,-39
1742098251.132133,-1,-9,-35
1742098251.167133,-7,38,-19
1742098251.203133,-21,34,26
1742098251.2391331,-79,-31,-171
1742098251.274133,-31,-19,102
1742098251.310133,-55,-33,-27
1742098251.345133,-45,24,-7
1742098251.3801332,36,46,-63
1742098251.415133,48,-69,-1
1742098251.451133,-3,-81,-153
1742098251.487133,0,2,54
1742098251.522133,-55,-33,-123
1742098251.5581331,-23,-55,-101
1742098251.593133,-23,10,-11
1742098251.628133,28,-3,-83
1742098251.6631331,36,-47,-11
1742098251.6991332,-41,-7,24
1742098251.7351332,-15,-7,-43
1742098251.770133,14,-43,-121
1742098251.806133,-3,-5,-51
1742098251.841133,-43,16,-23
1742098251.876133,-15,-15,-7
1742098251.911133,8,-1,38
1742098251.947133,28,64,82
1742098251.983133,20,-43,28
1742098252.0181332,-9,-35,-73
1742098252.0541332,84,-77,-83
1742098252.089133,-17,-19,-171
1742098252.124133,-15,16,28
1742098252.1591332,70,-35,-89
1742098252.195133,-49,50,-7
1742098252.231133,28,-61,-11
1742098252.266133,16,-69,34
1742098252.302133,24,54,16
1742098252.3371332,76,56,-51
1742098252.372133,14,24,-47
1742098252.407133,-41,18,-111
1742098252.443133,50,-31,64
1742098252.4791331,-9,36,-25
1742098252.514133,62,32,-75
1742098252.550133,-95,-67,54
1742098252.585133,-77,60,-165
1742098252.6201332,-51,-93,-67
1742098252.655133,-9,52,-23
1742098252.691133,16,-23,40
1742098252.727133,-53,0,-53
1742098252.7621331,-9,-15,48
1742098252.7981331,-3,-53,55
1742098252.833133,28,-19,63
1742098252.868133,-3,8,-14
1742098252.9031332,4,-19,91
1742098252.9391332,4,44,-26
1742098252.9751332,-9,-7,75
1742098253.010133,-51,-11,145
1742098253.046133,28,-37,-71
1742098253.0811331,-27,-39,-128
1742098253.116133,-43,72,-46
1742098253.151133,-93,-21,63
1742098253.187133,-35,-37,-108
1742098253.223133,60,-21,-162
1742098253.2581332,-21,30,-40
1742098253.2941332,64,52,-56
1742098253.329133,20,24,-10
1742098253.3641331,60,26,-12
1742098253.399133,26,42,-64
1742098253.435133,-5,-3,-70
1742098253.471133,104,-13,-168
1742098253.506133,-35,-53,-92
1742098253.542133,50,-13,-76
1742098253.5771332,72,12,43
1742098253.612133,-21,-35,-42
1742098253.647133,0,-1,-6
1742098253.6831331,-87,10,-76
1742098253.7191331,-13,0,-86
1742098253.754133,-79,-7,-26
1742098253.790133,38,16,11
1742098253.825133,-45,-31,27
1742098253.8601332,-31,64,-4
1742098253.895133,4,86,-76
1742098253.931133,28,82,-18
1742098253.967133,32,-17,-60
1742098254.0021331,-67,20,-90
1742098254.0381331,28,18,61
1742098254.073133,-1,66,-10
1742098254.108133,6,24,-98
1742098254.144133,-5,2,-22
1742098254.1791332,-5,58,-84
1742098254.2151332,-3,2,-30
1742098254.250133,42,-13,-36
1742098254.286133,-25,-9,-48
1742098254.3211331,30,34,63
1742098254.356133,-1,-17,-112
1742098254.392133,-27,18,-134
1742098254.427133,8,-29,-148
1742098254.463133,16,-39,-64
1742098254.5051332,-27,20,-10
1742098254.542133,-61,12,-64
1742098254.5771332,-5,13,-158
1742098254.612133,84,-11,67
1742098254.648133,4,-21,29
1742098254.6831331,6,92,55
1742098254.7191331,52,48,-84
1742098254.754133,6,22,-32
1742098254.790133,-57,-25,-52
1742098254.825133,72,40,13
1742098254.8601332,-85,34,53
1742098254.8961332,14,40,27
1742098254.931133,-31,24,-12
1742098254.967133,100,28,-42
1742098255.0021331,32,-19,-72
1742098255.0381331,-9,-35,-104
1742098255.073133,68,-65,-72
1742098255.108133,-19,102,-142
1742098255.144133,-67,-23,-26
1742098255.1791332,-1,2,-100
1742098255.2151332,60,-35,-54
1742098255.250133,10,18,-26
1742098255.286133,34,-9,-82
1742098255.3211331,-33,60,5
1742098255.356133,-95,-47,-12
1742098255.392133,-21,44,-36
1742098255.427133,-77,8,-12
1742098255.463133,80,21,-34
1742098255.4981332,82,38,-34
1742098255.5341332,30,11,-84
1742098255.569133,-89,13,-68
1742098255.6041331,46,5,1
1742098255.6401331,-87,-64,-88
1742098255.675133,24,1,-56
1742098255.711133,32,22,7
1742098255.746133,-9,-43,-80
1742098255.782133,66,-47,-88
1742098255.8171332,-53,-13,15
1742098255.852133,-7,-15,71
1742098255.888133,-55,-27,-44
1742098255.9231331,62,42,-2
1742098255.9591331,-21,36,61
1742098255.994133,-71,24,45
1742098256.030133,-13,28,-54
1742098256.065133,-49,-13,9
1742098256.1001332,38,68,-184
1742098256.1361332,62,40,51
1742098256.171133,42,-35,119
1742098256.207133,-25,-13,-36
1742098256.2421331,88,48,27
1742098256.2781332,138,45,-26
1742098256.313133,4,-22,-130
1742098256.348133,-1,35,5
1742098256.384133,38,-17,19
1742098256.4191332,40,8,-40
1742098256.4551332,-67,70,15
1742098256.490133,34,16,-78
1742098256.526133,-51,16,95
1742098256.562133,-93,-11,-56
1742098256.598133,-9,-37,-34
1742098256.634133,-17,-61,-86
1742098256.670133,56,-1,39
1742098256.7061331,-107,90,-36
1742098256.741133,-31,-31,-58
1742098256.776133,16,74,-130
1742098256.812133,0,-1,107
1742098256.848133,-75,-21,-78
1742098256.8831332,-27,-3,-18
1742098256.9191332,10,20,-20
1742098256.954133,-9,-67,67
1742098256.9891331,76,48,23
1742098257.024133,12,-29,-76
1742098257.060133,-9,18,-64
1742098257.096133,-9,-9,-124
1742098257.131133,-5,36,-46
1742098257.167133,-5,60,-82
1742098257.2021332,30,34,103
1742098257.237133,24,-61,47
1742098257.272133,8,26,-40
1742098257.3081331,66,-25,-142
1742098257.3441331,-67,2,71
1742098257.3801332,82,-33,-84
1742098257.4161332,32,-57,-84
1742098257.451133,-31,-25,-48
1742098257.487133,-7,62,15
1742098257.522133,10,68,-60
1742098257.5571332,-57,32,-50
1742098257.592133,36,4,-98
1742098257.628133,-5,-9,-90
1742098257.664133,-49,-33,-120
1742098257.6991332,-7,10,-118
1742098257.7351332,4,-27,-72
1742098257.770133,4,-59,-16
1742098257.805133,68,-15,-12
1742098257.8401332,-41,6,-28
1742098257.876133,44,-33,-46
1742098257.912133,-5,-33,-124
1742098257.947133,-7,-29,-42
1742098257.983133,68,-3,25
1742098258.0181332,-83,-9,-142
1742098258.053133,20,-91,-62
1742098258.088133,6,2,41
1742098258.124133,-125,-3,5
1742098258.1601331,-23,38,-90
1742098258.195133,-3,16,-34
1742098258.231133,-37,-49,-138
1742098258.266133,44,16,-118
1742098258.3011332,-55,62,101
1742098258.336133,-55,52,21
1742098258.372133,-43,-41,13
1742098258.408133,-83,-31,0
1742098258.443133,-31,30,3
1742098258.4791331,58,38,-14
1742098258.514133,38,-27,111
1742098258.549133,-29,52,23
1742098258.5841331,-17,6,7
1742098258.6201332,-25,12,-6
1742098258.6561332,-63,26,-92
1742098258.691133,-15,-1,1
1742098258.727133,34,108,63
1742098258.7621331,6,-35,-52
1742098258.797133,-23,-25,3
1742098258.832133,-23,-3,-56
1742098258.868133,2,0,-46
1742098258.904133,-19,-33,0
1742098258.9391332,-23,48,47
1742098258.9751332,-11,-25,-22
1742098259.010133,-23,-31,-124
1742098259.045133,32,-17,-82
1742098259.0801332,12,2,-26
1742098259.116133,-1,-87,-96
1742098259.152133,4,40,33
1742098259.187133,-15,-1,-82
1742098259.223133,38,14,-134
1742098259.2581332,34,10,-38
1742098259.293133,-79,-21,13
1742098259.328133,-32,16,-104
1742098259.3641331,69,58,-116
1742098259.4001331,31,46,-54
1742098259.435133,5,36,19
1742098259.471133,-12,30,-82
1742098259.506133,-48,30,97
1742098259.5411332,-8,-11,-16
1742098259.576133,-6,30,23
1742098259.612133,-98,10,-164
1742098259.648133,-50,14,-114
1742098259.6831331,35,-75,-38
1742098259.7191331,49,-19,-52
1742098259.754133,73,10,-32
1742098259.789133,-32,-15,-68
1742098259.8241332,89,6,-98
1742098259.8601332,-16,28,-108
1742098259.8961332,-8,-9,-116
1742098259.931133,-48,-29,-40
1742098259.967133,-46,-57,-96
1742098260.0021331,-64,-57,-74
1742098260.037133,21,4,41
1742098260.072133,-76,-9,57
1742098260.108133,3,14,-80
1742098260.144133,9,50,7
1742098260.1791332,13,58,-44
1742098260.2151332,-70,-3,-92
1742098260.250133,-40,-109,-58
1742098260.2851331,-85,44,-8
1742098260.320133,73,12,-52
1742098260.356133,71,-65,87
1742098260.392133,-94,-89,-20
1742098260.427133,-14,-37,-104
1742098260.463133,47,-43,7
1742098260.4981332,7,-9,-24
1742098260.533133,27,-41,-54
1742098260.568133,8,-7,-40
1742098260.6041331,-31,-5,73
1742098260.6401331,-33,24,-40
1742098260.675133,-49,0,-46
1742098260.711133,40,50,-24
1742098260.746133,-25,54,-34
1742098260.7811332,-17,-85,33
1742098260.816133,-61,38,-48
1742098260.852133,-13,-3,-44
1742098260.888133,-11,-45,7
1742098260.9231331,-27,16,-24
1742098260.9591331,-73,-69,-102
1742098260.994133,-71,-13,-36
1742098261.029133,8,60,-24
1742098261.065133,50,-5,59
1742098261.1001332,-1,-1,-82
1742098261.1361332,70,0,-54
1742098261.171133,24,-17,-42
1742098261.207133,-23,24,13
1742098261.2421331,34,-7,-36
1742098261.277133,14,4,75
1742098261.313133,-19,54,-44
1742098261.348133,34,24,-64
1742098261.384133,-51,50,-72
1742098261.4191332,-21,-31,-24
1742098261.4551332,32,-29,33
1742098261.490133,54,-51,-52
1742098261.5251331,4,4,75
1742098261.5611331,4,-1,-60
1742098261.596133,42,-7,-112
1742098261.632133,2,16,-196
1742098261.667133,-21,-41,-98
1742098261.703133,8,-17,-18
1742098261.7381332,-21,12,-46
1742098261.773133,46,52,-32
1742098261.809133,-13,-3,1
1742098261.8441331,8,-3,-6
1742098261.8801332,48,30,-24
1742098261.915133,10,-17,11
1742098261.951133,44,-95,-86
1742098261.986133,-3,-37,-64
1742098262.0211332,-17,62,31
1742098262.0571332,72,6,-22
1742098262.092133,-53,54,47
1742098262.128133,12,-27,23
1742098262.1631331,-5,14,15
1742098262.1991332,-15,4,37
1742098262.234133,30,-9,-72
1742098262.269133,-59,-39,51
1742098262.305133,70,-73,-4
1742098262.3401332,124,56,-96
1742098262.376133,-3,-17,63
1742098262.411133,-61,62,9
1742098262.447133,-24,58,-56
1742098262.4821332,11,-9,-54
1742098262.517133,35,-85,-102
1742098262.553133,34,58,-68
1742098262.588133,30,-67,-38
1742098262.624133,51,-33,-70
1742098262.6591332,58,-27,-18
1742098262.695133,6,-61,-52
1742098262.730133,-25,14,-166
1742098262.7651331,36,26,67
1742098262.8011332,34,-35,141
1742098262.836133,28,2,-72
1742098262.872133,16,18,-42
1742098262.907133,-99,-19,-124
1742098262.943133,12,12,155
1742098262.9781332,-39,-1,-24
1742098263.013133,30,22,3
1742098263.049133,34,-7,51
1742098263.0841331,56,16,65
1742098263.1201332,22,-1,-26
1742098263.155133,20,-39,-148
1742098263.191133,44,2,-78
1742098263.226133,22,-3,45
1742098263.2611332,26,-5,-76
1742098263.297133,32,-51,-88
1742098263.332133,12,-9,-76
1742098263.368133,-37,0,-28
1742098263.4031332,-47,66,17
1742098263.4391332,14,18,-156
1742098263.4751332,-18,-21,-138
1742098263.510133,-33,-27,-10
1742098263.545133,-9,-9,-114
1742098263.5811331,34,32,-80
1742098263.6171331,18,60,-94
1742098263.652133,50,28,-84
1742098263.688133,28,-29,-56
1742098263.723133,-3,44,-164
1742098263.7581332,42,-1,-178
1742098263.793133,-51,-85,-80
1742098263.829133,-33,-23,-36
1742098263.865133,-25,10,45
1742098263.9001331,16,30,-128
1742098263.9361331,-1,-51,-58
1742098263.971133,108,24,67
1742098264.006133,50,-19,-48
1742098264.0411332,-29,-51,0
1742098264.0771332,24,10,59
1742098264.1131332,56,42,-10
1742098264.148133,50,28,29
1742098264.184133,-32,-25,-86
1742098264.2191331,-25,34,-44
1742098264.254133,32,-5,-4
1742098264.289133,-35,58,25
1742098264.325133,-39,8,-128
1742098264.361133,36,-83,135
1742098264.3961332,4,-1,-68
1742098264.4321332,12,34,-12
1742098264.467133,62,-39,-50
1742098264.509133,-117,-37,-84
1742098264.545133,-19,32,17
1742098264.5811331,-7,-19,-74
1742098264.6171331,-33,104,-90
1742098264.652133,45,2,27
1742098264.688133,-20,26,-170
1742098264.723133,158,-5,-44
1742098264.7581332,12,-31,-88
1742098264.793133,-45,36,-86
1742098264.829133,-19,-33,27
1742098264.865133,-25,48,-72
1742098264.9001331,88,-17,31
1742098264.9361331,-57,50,23
1742098264.971133,26,-65,-72
1742098265.006133,-11,-27,-98
1742098265.0411332,-21,-23,-30
1742098265.0771332,-55,36,-24
1742098265.1131332,-99,-11,103
1742098265.148133,76,-71,-30
1742098265.184133,-1,-19,-44
1742098265.2191331,-55,-97,-50
1742098265.254133,-41,-33,51
1742098265.289133,-63,-45,-72
1742098265.325133,-29,-8,-72
1742098265.361133,36,-59,43
1742098265.3961332,-9,-6,-86
1742098265.4321332,24,62,13
1742098265.467133,78,21,-34
1742098265.5021331,-25,26,31
1742098265.537133,-9,8,-14
1742098265.573133,38,47,29
1742098265.609133,18,57,13
1742098265.644133,-19,-26,15
1742098265.680133,-3,9,25
1742098265.7151332,-19,3,-30
1742098265.750133,12,-32,-100
1742098265.7851331,-17,-10,5
1742098265.8211331,4,19,-28
1742098265.8571332,8,75,-34
1742098265.892133,-39,-10,-34
1742098265.928133,4,-6,-46
1742098265.963133,26,-19,-106
1742098265.9981332,14,2,91
1742098266.033133,22,22,-20
1742098266.069133,76,-55,-96
1742098266.105133,20,82,-44
1742098266.1401331,20,6,21
1742098266.1761332,-17,64,-66
1742098266.211133,-7,-9,-14
1742098266.246133,24,-23,63
1742098266.2811332,-49,-19,-70
1742098266.3171332,-23,-3,-22
1742098266.3531332,-71,-59,-50
1742098266.388133,54,-3,-140
1742098266.424133,40,-105,0
1742098266.4591331,-7,14,-48
1742098266.494133,26,-29,-48
1742098266.529133,-61,54,-244
1742098266.565133,6,-71,-4
1742098266.601133,-3,-15,-32
1742098266.6361332,78,-91,35
1742098266.672133,52,32,-62
1742098266.707133,-1,-3,-20
1742098266.7421331,48,-25,-54
1742098266.777133,52,42,-20
1742098266.813133,-43,-49,-86
1742098266.849133,2,-39,-22
1742098266.884133,38,-29,-118
1742098266.920133,16,-101,-64
1742098266.9551332,8,24,47
1742098266.990133,26,10,-58
1742098267.0251331,26,-7,-58
1742098267.0611331,-21,-7,-76
1742098267.0971332,-77,22,-30
1742098267.132133,10,0,-64
1742098267.168133,-67,-23,82
1742098267.203133,0,40,-87
1742098267.2381332,10,18,-44
1742098267.273133,-35,58,-75
1742098267.309133,-7,12,-65
1742098267.345133,-5,-21,28
1742098267.3801332,88,14,40
1742098267.4161332,-43,-79,-119
1742098267.451133,-13,18,-57
1742098267.486133,46,44,-93
1742098267.5211332,10,-27,-23
1742098267.5571332,-33,-7,-31
1742098267.593133,32,6,-7
1742098267.628133,70,-43,-83
1742098267.664133,-11,28,-103
1742098267.6991332,8,32,-157
1742098267.734133,14,38,-67
1742098267.770133,60,80,-83
1742098267.805133,-1,66,-65
1742098267.841133,-11,-17,-169
1742098267.876133,-37,-45,-15
1742098267.912133,-5,44,-83
1742098267.947133,6,-47,-91
1742098267.9821332,-61,2,-137
1742098268.0181332,6,-11,-73
1742098268.053133,6,6,-97
1742098268.089133,34,-61,-29
1742098268.124133,22,-7,-15
1742098268.1601331,-71,-35,-81
1742098268.195133,10,18,-17
1742098268.230133,-19,-29,-41
1742098268.266133,58,58,-41
1742098268.3011332,-21,12,-87
1742098268.3371332,48,10,-1
1742098268.372133,-27,12,16
1742098268.408133,12,-29,-71
1742098268.443133,42,48,16
1742098268.4781332,-7,-3,56
1742098268.514133,-49,-57,-71
1742098268.549133,34,-69,-127
1742098268.585133,20,0,-85
1742098268.6201332,-5,60,70
1742098268.6561332,-75,32,32
1742098268.691133,48,24,16
1742098268.726133,-37,-93,-159
1742098268.7621331,-21,-25,8
1742098268.797133,50,10,88
1742098268.833133,22,50,-39
1742098268.868133,-23,28,-81
1742098268.904133,0,-43,76
1742098268.9391332,18,22,4
1742098268.974133,-23,18,-59
1742098269.010133,92,-11,-53
1742098269.045133,32,6,-23
1742098269.0811331,56,-17,56
1742098269.116133,46,-25,-175
1742098269.152133,90,-13,-5
1742098269.187133,44,100,-91
1742098269.2221332,-15,-1,-21
1742098269.2581332,40,-23,-109
1742098269.293133,-41,32,-49
1742098269.329133,24,-13,-171
1742098269.3641331,-43,96,70
1742098269.4001331,2,20,-69
1742098269.435133,-107,-1,44
1742098269.470133,-59,-43,14
1742098269.506133,12,-19,-1
1742098269.5411332,2,-29,-33
1742098269.5771332,-3,-5,-7
1742098269.612133,24,34,0
1742098269.648133,-13,64,-15
1742098269.6831331,-41,-25,-193
1742098269.718133,2,20,-45
1742098269.754133,2,-1,220
1742098269.789133,-5,-7,12
1742098269.825133,24,-43,-65
1742098269.8601332,-7,66,40
1742098269.895133,30,-17,-7
1742098269.930133,-19,24,-107
1742098269.966133,14,-13,-39
1742098270.0021331,32,52,10
1742098270.037133,-53,-13,-11
1742098270.073133,-71,-3,-25
1742098270.108133,-9,-57,48
1742098270.1431332,-31,-11,46
1742098270.178133,16,24,56
1742098270.214133,8,42,-121
1742098270.250133,-5,-13,26
1742098270.2851331,0,-69,-41
1742098270.3211331,22,-27,-35
1742098270.356133,-71,-11,10
1742098270.391133,-31,54,20
1742098270.4261332,-33,-15,0
1742098270.4621332,88,30,6
1742098270.4981332,-19,10,-23
1742098270.533133,-23,-17,-71
1742098270.569133,66,-33,-135
1742098270.6041331,-19,84,-143
1742098270.639133,28,32,-35
1742098270.674133,-19,10,58
1742098270.710133,8,54,-65
1742098270.746133,42,-13,-53
1742098270.7811332,62,18,-17
1742098270.8171332,8,-19,32
1742098270.852133,-57,106,62
1742098270.8871331,-31,86,16
1742098270.922133,4,8,-51
1742098270.958133,-35,18,88
1742098270.994133,-19,-63,12
1742098271.029133,-5,6,-97
1742098271.065133,-35,12,-5
1742098271.1001332,-1,-11,-99
1742098271.135133,22,-3,-75
1742098271.170133,12,-29,-71
1742098271.2061331,34,-27,-33
1742098271.2421331,-93,20,-189
1742098271.277133,6,24,-31
1742098271.313133,2,-23,-127
1742098271.348133,56,-11,-23
1742098271.3831332,2,-33,116
1742098271.418133,28,-29,-37
1742098271.454133,32,-5,-235
1742098271.490133,38,36,-47
1742098271.5251331,18,-129,-127
1742098271.5611331,2,-17,-171
1742098271.596133,18,-25,-103
1742098271.631133,-57,-63,-87
1742098271.6661332,20,40,8
1742098271.7021332,52,32,-27
1742098271.7381332,-43,20,-39
1742098271.773133,40,-7,58
1742098271.809133,-57,50,10
1742098271.8441331,-133,44,6
1742098271.879133,-45,-27,-23
1742098271.914133,34,-9,-37
1742098271.950133,106,16,-5
1742098271.986133,-19,-11,-97
1742098272.0211332,-65,2,-123
1742098272.0571332,-43,-7,-83
1742098272.092133,66,-101,-49
1742098272.1271331,-41,-5,64
1742098272.162133,16,-35,26
1742098272.198133,48,44,-79
1742098272.234133,34,-83,-9
1742098272.269133,-35,44,-1
1742098272.305133,-19,2,-43
1742098272.3401332,-37,-5,-113
1742098272.375133,-99,40,-25
1742098272.4101331,-15,-33,-109
1742098272.4461331,-57,-35,-17
1742098272.4821332,-25,2,-135
1742098272.517133,108,70,-101
1742098272.553133,-35,22,-77
1742098272.588133,-3,-1,-117
1742098272.6231332,-95,-45,40
1742098272.658133,32,-21,-3
1742098272.694133,32,8,-11
1742098272.730133,46,-31,-17
1742098272.7651331,66,2,-27
1742098272.8011332,-93,-1,-61
1742098272.836133,-3,68,-105
1742098272.871133,20,-9,-65
1742098272.9061332,-13,-9,-49
1742098272.9421332,-15,42,-45
1742098272.9781332,-113,-15,-133
1742098273.013133,-61,-17,-113
1742098273.049133,-25,22,-141
1742098273.0841331,12,74,-93
1742098273.119133,4,-3,-151
1742098273.154133,-15,-85,14
1742098273.190133,-25,60,-97
1742098273.226133,-15,-1,68
1742098273.2611332,0,-19,120
1742098273.297133,40,40,65
1742098273.332133,22,90,-40
1742098273.3671331,-49,-51,19
1742098273.402133,6,-15,37
1742098273.438133,44,-11,-98
1742098273.474133,18,-57,-130
1742098273.509133,40,10,-104
1742098273.545133,-7,-37,-70
1742098273.5801332,88,-19,-4
1742098273.615133,-9,-13,-212
1742098273.6501331,22,90,1
1742098273.6861331,22,-73,7
1742098273.7221332,-1,64,-128
1742098273.757133,52,104,29
1742098273.793133,-15,-29,-126
1742098273.828133,-19,26,103
1742098273.8631332,-19,0,-144
1742098273.898133,30,58,-12
1742098273.934133,-39,70,89
1742098273.970133,16,68,3
1742098274.0051332,64,-13,-28
1742098274.0411332,4,28,-80
1742098274.076133,-21,82,-24
1742098274.111133,84,-61,7
1742098274.1461332,4,102,-38
1742098274.1821332,30,28,13
1742098274.218133,4,4,-16
1742098274.253133,-20,56,-26
1742098274.289133,-18,22,-214
1742098274.3241332,0,22,-46
1742098274.359133,22,-22,3
1742098274.394133,-10,26,11
1742098274.430133,65,-36,11
1742098274.466133,10,-26,67
1742098274.501133,-32,-30,-46
1742098274.5441332,-64,84,-54
1742098274.5801332,14,54,-36
1742098274.615133,25,-12,-110
1742098274.651133,65,73,57
1742098274.6861331,9,-76,-66
1742098274.7221332,19,-42,-6
1742098274.757133,-38,-12,-42
1742098274.793133,65,-49,-110
1742098274.828133,24,-82,13
1742098274.8631332,-4,48,-50
1742098274.899133,-4,-22,-192
1742098274.934133,41,63,31
1742098274.970133,50,-70,-20
1742098275.0051332,-4,53,-74
1742098275.0411332,-24,-8,-92
1742098275.076133,-8,-34,-150
1742098275.111133,-32,-72,-56
1742098275.147133,98,-14,-96
1742098275.1821332,-7,-68,-80
1742098275.218133,-47,-62,-134
1742098275.253133,56,45,-88
1742098275.289133,-65,-46,25
1742098275.3241332,4,43,-84
1742098275.359133,36,9,-76
1742098275.395133,-35,15,31
1742098275.430133,-13,-46,73
1742098275.466133,-45,41,143
1742098275.501133,-41,43,19
1742098275.537133,-9,-78,5
1742098275.572133,10,11,3
1742098275.6071332,-49,-60,-18
1742098275.6431332,-1,87,-134
1742098275.678133,36,-9,39
1742098275.714133,0,14,-84
1742098275.749133,-23,-31,-70
1742098275.7851331,0,-77,-178
1742098275.820133,-53,-35,-114
1742098275.855133,-17,75,-28
1742098275.891133,-43,-20,-68
1742098275.9261332,48,55,-38
1742098275.9621332,-9,-34,-58
1742098275.997133,-27,-69,67
1742098276.033133,6,-83,7
1742098276.068133,-19,36,-30
1742098276.1031332,-14,20,-208
1742098276.139133,24,-54,-6
1742098276.174133,4,-26,-46
1742098276.210133,32,-50,7
1742098276.2451332,40,15,-46
1742098276.2811332,-10,-50,51
1742098276.316133,68,-52,-20
1742098276.351133,40,-26,35
1742098276.3871331,30,18,-28
1742098276.422133,14,-56,-72
1742098276.458133,54,20,9
1742098276.493133,30,72,-40
1742098276.529133,-7,-46,-38
1742098276.5641332,28,80,-104
1742098276.599133,-26,-32,-114
1742098276.635133,60,-69,-192
1742098276.670133,-46,8,51
1742098276.7061331,-66,-14,-38
1742098276.741133,-5,-6,-58
1742098276.777133,12,-60,-92
1742098276.812133,126,21,-50
1742098276.8471332,-47,-36,-58
1742098276.8831332,42,67,-52
1742098276.918133,-53,-38,-98
1742098276.954133,-63,60,-14
1742098276.9891331,-1,32,-98
1742098277.0251331,-86,-2,13
1742098277.0611331,42,-23,-30
1742098277.096133,114,-8,-30
1742098277.131133,28,-1,121
1742098277.167133,-9,40,-66
1742098277.203133,-45,-29,39
1742098277.2381332,-3,9,-90
1742098277.274133,-7,13,37
1742098277.309133,-49,11,-198
1742098277.3441331,-65,-36,-126
1742098277.379133,-1,39,57
1742098277.415133,-1,21,133
1742098277.451133,-57,9,-12
1742098277.486133,52,-7,-106
1742098277.522133,0,4,45
1742098277.5571332,64,66,-148
1742098277.592133,-9,-17,-20
1742098277.6271331,-19,-11,59
1742098277.6631331,6,-3,-46
1742098277.6991332,-47,-7,-102
1742098277.734133,36,26,-178
1742098277.770133,-49,-29,-66
1742098277.805133,-19,-29,-30
1742098277.8401332,-33,-17,-98
1742098277.875133,-71,12,77
1742098277.911133,40,-49,-52
1742098277.947133,52,-9,-68
1742098277.9821332,-17,20,73
1742098278.0181332,-3,32,-20
1742098278.053133,-75,-9,-14
1742098278.088133,62,-79,-84
1742098278.1231332,-15,-86,-32
1742098278.1591332,-47,-19,-28
1742098278.195133,-63,-45,-42
1742098278.230133,-77,-3,-146
1742098278.266133,-55,52,-156
1742098278.3011332,-13,-68,-66
1742098278.336133,-69,14,-66
1742098278.371133,68,-35,-50
1742098278.407133,60,-3,0
1742098278.443133,-1,0,-16
1742098278.4781332,32,-97,-106
1742098278.514133,6,-23,-74
1742098278.549133,18,-9,25
1742098278.5841331,12,-59,43
1742098278.619133,-37,-43,9
1742098278.655133,22,-9,23
1742098278.691133,72,31,25
1742098278.726133,-17,0,67
1742098278.7621331,-55,52,-4
1742098278.797133,8,50,-40
1742098278.832133,18,16,-18
1742098278.8671331,28,-31,29
1742098278.9031332,-95,14,35
1742098278.9391332,80,-13,63
1742098278.974133,-65,-23,-50
1742098279.010133,8,8,33
1742098279.045133,-43,48,-118
1742098279.0801332,-15,-5,-120
1742098279.115133,58,22,-26
1742098279.151133,-1,-31,3
1742098279.187133,-45,-1,95
1742098279.2221332,0,0,-112
1742098279.2581332,86,24,-150
1742098279.293133,-35,-11,-46
1742098279.328133,-81,-73,49
1742098279.3631332,-23,8,1
1742098279.399133,0,-5,125
1742098279.435133,14,-71,-54
1742098279.470133,98,-3,-60
1742098279.506133,60,52,-38
1742098279.5411332,-37,64,-104
1742098279.576133,50,4,-34
1742098279.611133,-33,-31,-72
1742098279.647133,58,-45,17
1742098279.6831331,-47,-37,-34
1742098279.718133,-3,46,11
1742098279.754133,32,-31,13
1742098279.789133,40,-7,-8
1742098279.8241332,-37,-17,-56
1742098279.859133,-19,20,5
1742098279.895133,44,32,-94
1742098279.931133,48,-11,-26
1742098279.966133,-39,-19,-58
1742098280.0021331,-73,-111,-22
1742098280.037133,-57,-17,-92
1742098280.072133,8,-43,-8
1742098280.1071332,62,-51,-150
1742098280.1431332,-29,-35,-42
1742098280.1791332,4,-15,-22
1742098280.214133,13,28,-32
1742098280.250133,-36,-53,-64
1742098280.2851331,-65,-79,-110
1742098280.320133,-73,-53,3
1742098280.355133,36,12,-72
1742098280.391133,89,-31,-28
1742098280.427133,11,-1,71
1742098280.4621332,37,28,-26
1742098280.4981332,11,20,-126
1742098280.533133,29,40,-26
1742098280.568133,-16,-77,-18
1742098280.6031332,-22,-17,-72
1742098280.639133,-24,32,-50
1742098280.675133,-34,-23,-38
1742098280.710133,61,44,-102
1742098280.746133,-22,-3,109
1742098280.7811332,-62,34,-40
1742098280.816133,-24,18,-89
1742098280.852133,75,66,84
1742098280.8871331,47,38,-127
1742098280.9231331,-12,-13,-31
1742098280.958133,-4,12,-51
1742098280.994133,-40,-5,-21
1742098281.029133,55,-11,4
1742098281.0641332,-42,-7,6
1742098281.099133,-28,26,-15
1742098281.135133,-16,-9,40
1742098281.171133,35,-5,-65
1742098281.2061331,-48,38,-99
1742098281.2421331,29,-37,-121
1742098281.277133,79,38,80
1742098281.312133,17,42,26
1742098281.348133,-36,22,-3
1742098281.3831332,-16,-67,-67
1742098281.4191332,81,-43,92
1742098281.454133,-67,-69,-55
1742098281.490133,36,-5,-73
1742098281.5251331,42,-13,-69
1742098281.560133,88,-27,8
1742098281.596133,-13,-1,-167
1742098281.631133,40,6,-25
1742098281.667133,-15,72,-61
1742098281.7021332,-33,-7,-121
1742098281.7381332,-125,22,4
1742098281.773133,120,-5,-67
1742098281.8081331,-7,30,-59
1742098281.8441331,56,6,-13
1742098281.879133,46,38,10
1742098281.915133,60,6,-53
1742098281.950133,46,-41,-199
1742098281.986133,22,72,-37
1742098282.0211332,-81,50,-55
1742098282.056133,-33,-79,-7
1742098282.092133,-21,46,-41
1742098282.1271331,44,-17,28
1742098282.1631331,-41,-37,-7
1742098282.198133,74,-35,-81
1742098282.234133,-49,-17,-79
1742098282.269133,-38,50,-29
1742098282.3041332,23,40,62
1742098282.3401332,-8,-3,-39
1742098282.375133,3,10,-45
1742098282.411133,-82,18,-117
1742098282.4461331,-78,-17,14
1742098282.4821332,47,-53,58
1742098282.517133,-56,12,-163
1742098282.552133,-10,8,-85
1742098282.588133,81,-41,-19
1742098282.6231332,-12,-25,-65
1742098282.6591332,69,24,-3
1742098282.694133,79,-25,-87
1742098282.730133,35,-49,84
1742098282.7651331,0,8,-43
1742098282.800133,-14,-39,34
1742098282.836133,-99,-3,-71
1742098282.871133,74,-13,-23
1742098282.907133,60,-37,-109
1742098282.9421332,52,28,14
1742098282.9781332,-65,-11,-9
1742098283.013133,30,-31,-45
1742098283.0481331,24,30,-43
1742098283.0841331,14,-17,-143
1742098283.119133,-35,66,-23
1742098283.155133,46,18,-99
1742098283.190133,-53,18,-9
1742098283.226133,72,-29,-79
1742098283.2611332,28,-31,18
1742098283.296133,-11,-31,-51
1742098283.332133,100,58,-113
1742098283.3671331,12,-45,-85
1742098283.4031332,-35,6,-25
1742098283.438133,16,4,-25
1742098283.474133,4,10,-45
1742098283.510133,40,-3,-19
1742098283.546133,-13,-33,-33
1742098283.5811331,-33,14,-109
1742098283.616133,-37,12,4
1742098283.652133,-5,-11,-105
1742098283.687133,-69,2,10
1742098283.723133,100,70,54
1742098283.7581332,-11,2,-71
1742098283.793133,-35,-27,-73
1742098283.828133,-41,4,-67
1742098283.8641331,30,-55,-45
1742098283.9001331,-15,12,8
1742098283.935133,-21,-9,-33
1742098283.971133,50,14,-55
1742098284.006133,-21,22,-121
1742098284.0411332,42,-43,-101
1742098284.076133,-71,2,-93
1742098284.112133,2,22,16
1742098284.148133,22,-37,-29
1742098284.1831331,8,-65,-9
1742098284.2191331,-37,44,-33
1742098284.254133,-25,6,44
1742098284.289133,16,78,-103
1742098284.3241332,-27,-3,54
1742098284.3601332,-19,22,-189
1742098284.3961332,70,-49,-91
1742098284.431133,28,-67,-79
1742098284.467133,46,-7,-11
1742098284.5021331,-21,-23,-27
1742098284.5441332,-63,40,-159
1742098284.5801332,-145,62,-63
1742098284.616133,154,48,84
1742098284.652133,28,54,-107
1742098284.687133,18,54,-45
1742098284.723133,54,-3,-91
1742098284.7581332,-41,-81,-93
1742098284.793133,-13,36,-105
1742098284.828133,-81,48,20
1742098284.8641331,80,-37,-7
1742098284.9001331,22,-45,-49
1742098284.935133,-65,86,4
1742098284.971133,-43,-27,-29
1742098285.006133,-67,-43,-173
1742098285.0411332,-23,22,46
1742098285.076133,22,-25,-79
1742098285.112133,-101,80,-21
1742098285.148133,-11,24,58
1742098285.1831331,44,-63,-105
1742098285.2191331,-13,12,-57
1742098285.254133,32,24,-3
1742098285.289133,114,-3,12
1742098285.3241332,-31,14,-131
1742098285.3601332,18,-13,-29
1742098285.3961332,32,74,-39
1742098285.431133,30,-65,30
1742098285.467133,-17,30,14
1742098285.5021331,40,44,-31
1742098285.537133,-41,-39,-53
1742098285.572133,42,36,-29
1742098285.608133,-3,-15,-83
1742098285.644133,0,8,-27
1742098285.6791332,12,66,-55
1742098285.7151332,14,-3,-51
1742098285.750133,38,-67,76
1742098285.7851331,22,-15,90
1742098285.820133,40,-75,14
1742098285.856133,-51,58,-33
1742098285.892133,-13,28,2
1742098285.927133,36,12,-43
1742098285.963133,24,-47,-29
1742098285.9981332,76,-57,16
1742098286.033133,-55,24,-13
1742098286.068133,-1,122,-57
1742098286.1041331,-9,14,-7
1742098286.1401331,-1,-19,-31
1742098286.175133,-15,-1,22
1742098286.211133,-57,-27,-117
1742098286.246133,56,0,6
1742098286.2811332,34,42,-45
1742098286.316133,-51,2,-29
1742098286.352133,-75,-15,8
1742098286.388133,4,12,38
1742098286.4231331,30,62,-119
1742098286.4591331,-45,108,-91
1742098286.494133,66,-5,-111
1742098286.529133,-55,16,-65
1742098286.5641332,-95,-7,-95
1742098286.6001332,114,-39,-5
1742098286.6361332,28,-23,-27
1742098286.671133,4,0,-23
1742098286.707133,40,-45,36
1742098286.7421331,16,-71,-203
1742098286.777133,36,-83,-47
1742098286.812133,56,-49,-71
1742098286.848133,22,-15,-35
1742098286.884133,20,-13,102
1742098286.9191332,34,70,-61
1742098286.9551332,28,-71,-81
1742098286.990133,-43,-9,-85
1742098287.0251331,40,-5,-119
1742098287.060133,44,0,-33
1742098287.096133,-31,36,-9
1742098287.132133,-9,-5,-17
1742098287.167133,16,-59,-13
1742098287.203133,-59,0,70
1742098287.2381332,72,-15,-67
1742098287.273133,-73,52,-31
1742098287.3081331,-65,4,-19
1742098287.3441331,30,24,-19
1742098287.3801332,24,96,42
1742098287.415133,36,48,-103
1742098287.451133,22,22,-29
1742098287.486133,54,-9,-93
1742098287.5211332,-43,-99,-29
1742098287.556133,-23,52,-13
1742098287.592133,-47,-17,-15
1742098287.628133,-133,-13,-95
1742098287.6631331,8,36,50
1742098287.6991332,58,-41,-137
1742098287.734133,-7,44,-25
1742098287.769133,-11,48,-55
1742098287.8041332,-57,-57,-89
1742098287.8401332,30,-29,30
1742098287.876133,20,68,-77
1742098287.911133,-17,-3,-3
1742098287.947133,-41,-47,-39
1742098287.9821332,16,28,-117
1742098288.017133,68,2,-129
1742098288.052133,42,-21,-61
1742098288.088133,-43,10,-9
1742098288.124133,-17,-25,-31
1742098288.1591332,-7,-45,-39
1742098288.195133,-49,-37,-7
1742098288.230133,2,18,-49
1742098288.2651331,36,24,-67
1742098288.3011332,-3,24,-21
1742098288.336133,-95,0,-63
1742098288.372133,6,-3,26
1742098288.407133,6,4,-79
1742098288.443133,102,-23,36
1742098288.4781332,-27,24,-127
1742098288.513133,16,80,-57
1742098288.549133,38,-21,42
1742098288.5841331,-19,-29,-13
1742098288.6201332,-43,16,16
1742098288.655133,-37,56,24
1742098288.691133,-29,32,-71
1742098288.726133,20,70,-149
1742098288.7611332,42,62,50
1742098288.797133,0,10,26
1742098288.832133,-13,-45,-45
1742098288.868133,-15,-25,-101
1742098288.9031332,-13,18,-15
1742098288.9391332,8,6,-87
1742098288.974133,82,12,23
1742098289.009133,2,-31,142
1742098289.045133,0,-47,-108
1742098289.0801332,-5,102,-80
1742098289.116133,-21,50,-74
1742098289.151133,76,-51,-27
1742098289.187133,4,2,35
1742098289.2221332,-25,-51,-14
1742098289.257133,-5,-11,-238
1742098289.293133,6,34,51
1742098289.328133,92,16,-122
1742098289.3641331,-29,-25,7
1742098289.399133,-19,-1,-120
1742098289.435133,16,-47,-56
1742098289.470133,24,54,-28
1742098289.5051332,-97,-37,-162
1742098289.5411332,48,2,-42
1742098289.576133,92,-15,-36
1742098289.612133,20,18,11
1742098289.647133,-9,-21,-32
1742098289.6831331,-15,66,-94
1742098289.718133,24,78,-224
1742098289.753133,48,4,3
1742098289.789133,62,-51,-32
1742098289.8241332,28,24,-108
1742098289.8601332,-41,-27,-46
1742098289.895133,72,-36,-42
1742098289.931133,-41,21,-96
1742098289.966133,6,-5,-112
1742098290.001133,-13,-15,-14
1742098290.037133,-33,8,-54
1742098290.072133,-27,-7,-50
1742098290.108133,6,-51,-12
1742098290.1431332,48,50,-98
1742098290.1791332,-37,-5,-16
1742098290.214133,-31,27,-58
1742098290.249133,22,-32,-82
1742098290.2851331,120,6,-154
1742098290.320133,-9,-77,61
1742098290.356133,56,19,63
1742098290.391133,-23,31,-66
1742098290.427133,-57,-52,-48
1742098290.463133,-75,73,-14
1742098290.499133,108,43,19
1742098290.5351331,-51,-36,-2
1742098290.5711331,58,-2,-42
1742098290.6071332,-39,47,79
1742098290.642133,-29,25,-96
1742098290.677133,64,45,-148
1742098290.713133,-63,-6,-176
1742098290.749133,-5,-6,-44
1742098290.7841332,18,-24,33
1742098290.820133,-19,47,35
1742098290.855133,108,18,25
1742098290.8901331,4,-19,-18
1742098290.925133,-17,54,23
1742098290.961133,102,-21,-46
1742098290.997133,-39,-37,-4
1742098291.032133,-53,-13,-4
1742098291.068133,82,32,-142
1742098291.1031332,64,24,55
1742098291.138133,-55,-9,3
1742098291.1731331,16,-1,61
1742098291.2091331,2,26,-172
1742098291.2451332,4,50,-46
1742098291.280133,48,-27,29
1742098291.316133,72,-17,-96
1742098291.351133,50,74,-66
1742098291.3861332,0,30,-80
1742098291.421133,22,2,-8
1742098291.457133,138,-41,-106
1742098291.493133,60,-25,15
1742098291.5281332,-35,-83,13
1742098291.5641332,72,-15,-54
1742098291.599133,40,-57,55
1742098291.634133,114,34,45
1742098291.6691332,24,70,-24
1742098291.7051332,38,26,-34
1742098291.741133,-35,2,-42
1742098291.776133,-47,-41,-52
1742098291.812133,-1,-59,39
1742098291.8471332,-31,32,0
1742098291.882133,18,-15,13
1742098291.917133,-21,-23,-58
1742098291.953133,-47,36,-76
1742098291.9891331,4,10,57
1742098292.024133,34,-51,-14
1742098292.060133,-23,-27,-14
1742098292.095133,52,18,41
1742098292.1301332,-51,40,-46
1742098292.165133,20,-45,-60
1742098292.201133,50,-7,-22
1742098292.237133,-59,6,-92
1742098292.272133,-5,58,-98
1742098292.3081331,-53,28,-96
1742098292.343133,28,6,25
1742098292.378133,-27,-23,-32
1742098292.4131331,36,44,91
1742098292.4491332,68,34,-98
1742098292.4851332,-3,38,-40
1742098292.520133,-15,-33,23
1742098292.556133,-51,-39,-140
1742098292.591133,-35,94,-102
1742098292.626133,42,30,23
1742098292.661133,82,40,-110
1742098292.697133,-7,0,-26
1742098292.733133,-23,-23,-16
1742098292.7681332,66,38,-96
1742098292.8041332,0,-51,25
1742098292.839133,8,-45,-84
1742098292.874133,44,20,43
1742098292.9091332,-7,-81,101
1742098292.945133,8,-35,1
1742098292.981133,34,12,-122
1742098293.016133,-1,-9,1
1742098293.052133,52,-11,-52
1742098293.0871332,6,12,-6
1742098293.122133,10,46,-76
1742098293.157133,32,34,-48
1742098293.193133,-21,50,-32
1742098293.2291331,-7,-33,87
1742098293.264133,8,38,-50
1742098293.300133,72,-25,-48
1742098293.335133,-49,-77,-94
1742098293.3701332,-107,56,75
1742098293.405133,-83,-91,-58
1742098293.441133,-49,-7,-94
1742098293.477133,-55,-9,-20
1742098293.5121331,44,-29,-66
1742098293.5481331,-65,44,-10
1742098293.583133,-35,4,-48
1742098293.618133,20,2,9
1742098293.6531332,34,-73,-86
1742098293.6891332,-29,28,-140
1742098293.7251332,22,-13,175
1742098293.760133,-7,-27,-76
1742098293.796133,-7,-11,-42
1742098293.8311331,-3,-53,31
1742098293.866133,32,30,-38
1742098293.901133,4,-7,-82
1742098293.937133,-63,-29,65
1742098293.973133,-89,-17,-90
1742098294.0081332,36,28,-162
1742098294.0441332,-5,44,-26
1742098294.079133,-35,-27,-16
1742098294.1141331,-53,32,83
1742098294.149133,44,22,37
1742098294.185133,-23,-55,59
1742098294.221133,-35,-27,-38
1742098294.256133,36,-81,-88
1742098294.292133,34,-93,53
1742098294.3271332,22,2,-2
1742098294.362133,54,-1,31
1742098294.397133,18,56,-48
1742098294.4331331,-1,-65,-80
1742098294.4691331,36,-45,75
1742098294.504133,-33,-11,23
1742098294.547133,38,96,-18
1742098294.583133,80,-1,-4
1742098294.618133,30,50,-54
1742098294.6531332,-49,62,53
1742098294.6891332,28,-61,11
1742098294.7251332,52,-89,-88
1742098294.760133,12,-95,-4
1742098294.796133,-3,16,-56
1742098294.8311331,-27,2,-108
1742098294.866133,-1,18,-2
1742098294.902133,54,-35,-36
1742098294.937133,4,-29,-110
1742098294.973133,0,-1,-112
1742098295.0081332,-59,-9,-68
1742098295.0441332,-41,-43,7
1742098295.079133,-17,-5,13
1742098295.1141331,44,-17,-52
1742098295.1501331,-7,-53,-50
1742098295.185133,-99,-1,-28
1742098295.221133,34,108,-4
1742098295.256133,82,-33,-76
1742098295.292133,-133,-19,7
1742098295.3271332,50,-31,-56
1742098295.362133,90,-45,9
1742098295.398133,30,6,-88
1742098295.4331331,90,32,-18
1742098295.4691331,34,-17,-18
1742098295.504133,18,-39,-12
1742098295.540133,38,68,-96
1742098295.575133,46,48,-104
1742098295.6101332,48,-71,-50
1742098295.6461332,16,40,-72
1742098295.681133,40,38,-104
1742098295.717133,-11,-3,29
1742098295.7521331,-13,-21,-60
1742098295.7881331,6,46,59
1742098295.823133,-33,-45,-72
1742098295.858133,32,56,-26
1742098295.894133,0,64,-166
1742098295.9291332,-15,-7,9
1742098295.9651332,-61,-3,-24
1742098296.000133,-7,-13,-148
1742098296.036133,6,-25,-80
1742098296.0711331,14,0,109
1742098296.106133,-29,-1,-56
1742098296.142133,-25,-47,-8
1742098296.177133,24,34,41
1742098296.213133,40,-11,-18
1742098296.2481332,-51,44,-76
1742098296.2841332,-7,-47,25
1742098296.319133,62,28,-26
1742098296.3541331,82,-3,-144
1742098296.3901331,32,-33,-22
1742098296.425133,-57,14,-144
1742098296.461133,-53,2,-140
1742098296.496133,38,-29,-10
1742098296.532133,20,-81,-14
1742098296.5671332,-23,18,7
1742098296.602133,-15,-59,11
1742098296.638133,16,64,33
1742098296.6731331,-33,-9,69
1742098296.7091331,-1,64,-18
1742098296.744133,-25,-11,-124
1742098296.780133,26,2,-2
1742098296.815133,30,10,-30
1742098296.8501332,-15,-11,-48
1742098296.8861332,26,-31,-18
1742098296.921133,-19,-41,-160
1742098296.957133,56,-63,-46
1742098296.9921331,38,-49,27
1742098297.0281332,-23,-43,29
1742098297.063133,24,24,-8
1742098297.098133,20,48,79
1742098297.134133,2,42,-86
1742098297.1691332,-51,10,-34
1742098297.2051332,26,86,-18
1742098297.240133,54,32,-36
1742098297.276133,22,102,-50
1742098297.312133,-13,28,5
1742098297.348133,-33,66,-128
1742098297.384133,2,128,-86
1742098297.420133,-9,54,-32
1742098297.4561331,0,-21,-84
1742098297.491133,70,-49,137
1742098297.526133,22,-19,-90
1742098297.562133,-53,6,-170
1742098297.598133,-37,14,-136
1742098297.6331332,-31,-37,75
1742098297.6691332,64,-61,1
1742098297.704133,-33,114,-90
1742098297.7391331,-117,4,-40
1742098297.774133,-23,38,-98
1742098297.810133,10,12,-48
1742098297.846133,-37,40,-24
1742098297.881133,80,2,-106
1742098297.917133,-39,-41,-18
1742098297.9521332,44,-19,-64
1742098297.987133,20,84,-194
1742098298.022133,-57,10,-132
1742098298.0581331,0,-9,-10
1742098298.0941331,18,0,-30
1742098298.129133,4,26,23
1742098298.165133,-49,-73,7
1742098298.200133,60,-37,-122
1742098298.2351332,-11,20,-90
1742098298.270133,-35,34,-60
1742098298.306133,0,58,27
1742098298.342133,26,40,-86
1742098298.3771331,34,-1,-110
1742098298.4131331,-57,44,-14
1742098298.448133,-1,-43,97
1742098298.483133,-37,-87,-120
1742098298.5181332,28,-3,-64
1742098298.5541332,-25,56,1
1742098298.5901332,-55,4,27
1742098298.625133,-49,106,-96
1742098298.661133,78,14,-44
1742098298.6961331,38,30,-28
1742098298.731133,10,-39,-108
1742098298.766133,-33,6,-2
1742098298.802133,-25,8,-200
1742098298.838133,-5,-21,-20
1742098298.8731332,-31,-59,27
1742098298.9091332,-57,-95,55
1742098298.944133,38,-73,1
1742098298.9791331,18,-33,-66
1742098299.014133,98,-55,-94
1742098299.050133,24,12,-30
1742098299.086133,-15,24,-28
1742098299.121133,-15,82,19
1742098299.157133,-15,-17,-110
1742098299.1921332,26,-41,-116
1742098299.227133,22,-43,-42
1742098299.2621331,-23,-49,-46
1742098299.2981331,-23,-7,-60
1742098299.3341331,32,10,81
1742098299.369133,-89,-5,-6
1742098299.405133,0,-5,23
1742098299.440133,8,-1,29
1742098299.4751332,14,26,1
1742098299.510133,66,-73,13
1742098299.546133,62,0,-84
1742098299.582133,2,-35,-36
1742098299.6171331,70,-15,-98
1742098299.6531332,-31,8,-26
1742098299.688133,-69,-11,-70
1742098299.723133,34,-15,25
1742098299.7581332,32,-47,-134
1742098299.7941332,-85,-53,-26
1742098299.8301332,10,-5,3
1742098299.865133,-27,16,-66
1742098299.901133,28,-21,-106
1742098299.9361331,-5,-19,31
1742098299.971133,26,2,-88
1742098300.006133,2,-67,9
1742098300.042133,-31,8,-164
1742098300.078133,28,0,47
1742098300.1131332,2,106,-12
1742098300.149133,-53,16,13
1742098300.184133,12,34,45
1742098300.2191331,30,66,-8
1742098300.254133,-51,-49,53
1742098300.290133,34,-75,-8
1742098300.326133,0,54,9
1742098300.361133,32,-59,-102
1742098300.397133,70,114,-90
1742098300.4321332,36,-1,-120
1742098300.467133,-69,28,-28
1742098300.5021331,-13,14,25
1742098300.5381331,0,24,-8
1742098300.5741332,-5,-65,-2
1742098300.609133,-79,26,-82
1742098300.645133,32,-51,-2
1742098300.680133,-13,-21,0
1742098300.7151332,4,-63,77
1742098300.750133,-59,-31,-12
1742098300.786133,16,-29,59
1742098300.822133,34,4,-32
1742098300.8571332,-45,-21,-2
1742098300.8931332,18,74,79
1742098300.928133,-49,22,-4
1742098300.963133,22,32,-80
1742098300.9981332,16,-25,-64
1742098301.0341332,-17,2,-18
1742098301.070133,-19,30,39
1742098301.105133,94,14,-20
1742098301.141133,-11,-27,-98
1742098301.1761332,34,-9,-34
1742098301.211133,54,38,-86
1742098301.246133,62,22,-84
1742098301.282133,-11,26,17
1742098301.318133,-49,4,11
1742098301.3531332,-1,-29,-76
1742098301.389133,-53,-23,-14
1742098301.424133,0,46,45
1742098301.4591331,14,-9,-10
1742098301.494133,-31,10,-98
1742098301.530133,34,42,-106
1742098301.566133,22,16,-72
1742098301.601133,-45,-15,-92
1742098301.6371331,34,16,-80
1742098301.672133,-29,-39,-36
1742098301.707133,46,116,-58
1742098301.743133,40,22,-32
1742098301.7781332,-49,0,-46
1742098301.8141332,-41,-23,-64
1742098301.849133,54,50,-38
1742098301.885133,8,56,21
1742098301.920133,26,-13,-28
1742098301.9551332,20,-39,5
1742098301.991133,16,22,-146
1742098302.026133,-5,30,-80
1742098302.062133,2,24,-178
1742098302.0971332,-23,-37,-62
1742098302.1331332,12,12,-106
1742098302.168133,76,90,-36
1742098302.203133,-29,12,19
1742098302.2391331,-33,-57,-2
1742098302.274133,-45,-7,-154
1742098302.310133,-37,-5,-46
1742098302.345133,-1,-55,-6
1742098302.381133,-31,8,-18
1742098302.4161332,-53,64,-90
1742098302.451133,-13,-41,-72
1742098302.487133,-7,48,-64
1742098302.522133,14,-43,-64
1742098302.5581331,-15,-19,-76
1742098302.593133,-37,-1,29
1742098302.629133,6,20,-78
1742098302.664133,-25,4,-110
1742098302.6991332,12,-27,-48
1742098302.7351332,138,60,-17
1742098302.770133,18,-31,-25
1742098302.806133,40,52,-103
1742098302.841133,-77,-55,-10
1742098302.8771331,104,-49,-1
1742098302.912133,-11,-55,104
1742098302.947133,-9,-31,-13
1742098302.983133,-21,-23,-23
1742098303.0181332,38,66,4
1742098303.0541332,-15,-87,-1
1742098303.089133,-25,-11,-21
1742098303.125133,38,-41,-59
1742098303.1601331,-21,-19,-31
1742098303.195133,-31,-69,16
1742098303.231133,-83,10,-163
1742098303.266133,-51,-73,58
1742098303.302133,10,-25,-1
1742098303.3371332,-39,14,-57
1742098303.3731332,-9,20,-35
1742098303.408133,8,20,-137
1742098303.443133,-87,18,-51
1742098303.4791331,-7,-29,-31
1742098303.514133,-82,-53,6
1742098303.550133,33,-51,-5
1742098303.585133,25,30,0
1742098303.621133,-20,-45,-43
1742098303.6561332,-67,-51,-47
1742098303.691133,-15,-39,32
1742098303.727133,-15,-1,114
1742098303.7621331,54,-11,-33
1742098303.7981331,-67,0,-129
1742098303.833133,-41,-7,-55
1742098303.869133,4,-77,-43
1742098303.904133,110,-27,-141
1742098303.9391332,8,20,-53
1742098303.9751332,16,-21,-53
1742098304.010133,0,-29,6
1742098304.046133,-57,-25,-5
1742098304.0811331,66,2,24
1742098304.1171331,48,-1,-11
1742098304.1531332,6,-39,-37
1742098304.188133,-23,62,-39
1742098304.223133,-55,38,12
1742098304.259133,-3,-5,-79
1742098304.295133,-77,86,-53
1742098304.3301332,10,10,94
1742098304.366133,4,-39,-33
1742098304.401133,60,-7,-23
1742098304.4361331,100,52,14
1742098304.471133,42,8,18
1742098304.507133,-65,-45,-61
1742098304.550133,-45,40,-123
1742098304.586133,52,-5,-113
1742098304.622133,-67,-15,-15
1742098304.657133,18,14,-49
1742098304.6921332,-7,22,-143
1742098304.727133,4,0,-7
1742098304.763133,-11,-55,-15
1742098304.799133,2,12,-11
1742098304.8341331,-45,-37,0
1742098304.8701332,-29,18,-115
1742098304.905133,6,-35,-13
1742098304.940133,18,-5,-93
1742098304.9751332,-21,8,-137
1742098305.0111332,-49,-67,-51
1742098305.047133,-13,2,-15
1742098305.082133,14,-65,-161
1742098305.118133,-29,-9,-49
1742098305.1531332,34,36,-25
1742098305.188133,80,6,-11
1742098305.223133,20,-21,-35
1742098305.259133,-1,-17,-91
1742098305.295133,4,42,-69
1742098305.3301332,-21,-19,-51
1742098305.366133,36,0,52
1742098305.401133,46,-21,120
1742098305.4361331,38,6,-113
1742098305.471133,8,-61,-109
1742098305.507133,18,-31,-143
1742098305.543133,-25,-75,-81
1742098305.578133,-107,6,-81
1742098305.6141331,-123,14,8
1742098305.649133,22,-57,-19
1742098305.684133,36,-43,-135
1742098305.7191331,-63,24,138
1742098305.7551332,-9,-19,-19
1742098305.7911332,38,62,30
1742098305.826133,-21,0,80
1742098305.862133,40,-31,-7
1742098305.897133,-13,64,-19
1742098305.9321332,76,58,8
1742098305.967133,18,-25,-9
1742098306.003133,-25,8,52
1742098306.039133,20,52,-79
1742098306.0741332,-19,18,-5
1742098306.1101332,20,-51,-15
1742098306.145133,28,-65,-89
1742098306.180133,-19,88,-87
1742098306.2151332,14,-99,20
1742098306.251133,-67,-27,54
1742098306.287133,-31,-3,20
1742098306.322133,32,-9,70
1742098306.358133,-9,52,-17
1742098306.3931332,14,-9,-23
1742098306.428133,28,24,-65
1742098306.463133,-29,10,-31
1742098306.499133,34,-131,4
1742098306.5351331,2,-25,-115
1742098306.570133,6,28,-19
1742098306.606133,-41,8,10
1742098306.641133,-13,6,28
1742098306.6761332,66,-1,-89
1742098306.711133,-57,-47,-59
1742098306.747133,38,22,-85
1742098306.783133,-39,-27,34
1742098306.818133,54,58,-33
1742098306.8541331,-17,-5,-81
1742098306.889133,-55,-75,-177
1742098306.924133,-35,-11,-177
1742098306.9591331,-61,10,-47
1742098306.9951332,-37,-23,-155
1742098307.0311332,-15,14,14
1742098307.066133,-45,-29,-37
1742098307.102133,-91,-5,2
1742098307.1371331,24,-15,-171
1742098307.172133,108,36,62
1742098307.207133,0,18,-51
1742098307.243133,-53,-9,-105
1742098307.279133,-13,16,-113
1742098307.3141332,-45,32,82
1742098307.3501332,18,-47,-95
1742098307.385133,30,52,-9
1742098307.420133,-103,52,26
1742098307.4551332,-21,-21,62
1742098307.491133,-29,-23,-51
1742098307.527133,-61,-27,-113
1742098307.562133,38,-9,-45
1742098307.598133,20,32,-17
1742098307.6331332,-3,112,20
1742098307.668133,-79,14,134
1742098307.703133,112,84,-7
1742098307.7391331,22,20,-115
1742098307.7751331,-63,-37,20
1742098307.810133,-7,-29,-7
1742098307.846133,2,2,-77
1742098307.881133,-53,-11,-55
1742098307.9161332,54,26,2
1742098307.951133,14,4,-203
1742098307.987133,-23,-17,20
1742098308.023133,26,-53,4
1742098308.0581331,52,30,-93
1742098308.0941331,70,68,-161
1742098308.129133,60,32,-79
1742098308.164133,56,20,-125
1742098308.1991332,-25,16,-3
1742098308.2351332,50,14,18
1742098308.2711332,12,-43,16
1742098308.306133,0,2,-149
1742098308.342133,0,34,22
1742098308.3771331,-39,-3,-87
1742098308.412133,28,-27,-39
1742098308.448133,40,2,16
1742098308.483133,58,56,-121
1742098308.519133,22,22,-111
1742098308.5541332,16,2,-9
1742098308.5901332,8,-13,-7
1742098308.625133,-43,-31,-101
1742098308.6601331,132,4,-63
1742098308.6961331,70,-78,-117
1742098308.731133,72,12,-113
1742098308.767133,-15,26,-31
1742098308.802133,16,-55,-49
1742098308.838133,-27,-3,-9
1742098308.8731332,-33,-7,-69
1742098308.908133,-51,-3,12
1742098308.944133,-23,2,20
1742098308.9791331,4,-95,0
1742098309.0151331,-39,16,-43
1742098309.050133,-97,2,-111
1742098309.086133,-23,-19,4
1742098309.121133,54,-61,-121
1742098309.1561332,-7,-27,54
1742098309.1921332,-17,-89,-181
1742098309.227133,-65,-63,-31
1742098309.263133,28,36,-3
1742098309.2981331,14,34,-63
1742098309.3341331,4,0,-90
1742098309.369133,-83,-13,8
1742098309.404133,-25,-13,-61
1742098309.440133,26,60,18
1742098309.4751332,-23,4,-21
1742098309.5111332,4,-5,-7
1742098309.546133,102,18,-65
1742098309.582133,-119,-19,-113
1742098309.6171331,10,-5,-45
1742098309.652133,-7,-5,-27
1742098309.688133,-19,-43,-15
1742098309.723133,-51,-27,-61
1742098309.759133,72,-31,-19
1742098309.7941332,-69,22,-31
1742098309.8301332,20,-27,-61
1742098309.865133,76,-17,-45
1742098309.9001331,28,4,-75
1742098309.9361331,2,-25,-167
1742098309.971133,-31,6,-67
1742098310.007133,-33,-105,-137
1742098310.042133,-45,10,-87
1742098310.078133,-39,-17,-99
1742098310.1131332,-9,-31,0
1742098310.148133,18,46,-5
1742098310.184133,-13,42,-95
1742098310.2191331,84,-49,-135
1742098310.2551332,-19,28,-1
1742098310.290133,-41,-47,-75
1742098310.326133,-23,-55,-19
1742098310.361133,26,22,-23
1742098310.3961332,46,-13,20
1742098310.4321332,-41,0,34
1742098310.467133,-33,28,64
1742098310.503133,-21,32,-91
1742098310.5381331,18,-41,44
1742098310.5741332,44,-23,34
1742098310.609133,-29,-23,-103
1742098310.644133,-3,-1,-151
1742098310.680133,6,-7,26
1742098310.7151332,26,134,-13
1742098310.751133,2,-9,-19
1742098310.786133,-29,-21,-80
1742098310.822133,14,22,91
1742098310.858133,-101,10,-6
1742098310.894133,66,-75,-72
1742098310.930133,17,-29,-30
1742098310.9651332,-49,8,-68
1742098311.000133,51,-25,-78
1742098311.036133,-13,54,53
1742098311.072133,-4,-57,77
1742098311.1071332,67,-45,63
1742098311.1431332,57,54,1
1742098311.178133,61,-49,-60
1742098311.213133,-40,28,-134
1742098311.2481332,-10,48,-82
1742098311.2841332,-34,-53,-124
1742098311.320133,-44,-3,121
1742098311.355133,39,20,13
1742098311.391133,13,4,-40
1742098311.4261332,-86,-75,-54
1742098311.461133,89,10,-96
1742098311.496133,-7,-65,-92
1742098311.532133,-59,50,43
1742098311.568133,82,14,23
1742098311.6031332,66,-29,-16
1742098311.639133,-9,12,-66
1742098311.674133,10,30,-50
1742098311.7091331,32,-7,-34
1742098311.744133,-7,26,25
1742098311.780133,10,-19,111
1742098311.816133,16,24,-48
1742098311.851133,-25,8,61
1742098311.8871331,8,30,101
1742098311.922133,0,-21,47
1742098311.957133,-9,-1,-32
1742098311.9921331,40,-45,-48
1742098312.0281332,-73,-3,55
1742098312.0641332,0,-17,3
1742098312.099133,-25,-9,-22
1742098312.135133,-15,30,-62
1742098312.170133,54,114,-104
1742098312.2051332,28,-15,-8
1742098312.240133,24,20,3
1742098312.276133,86,100,39
1742098312.312133,42,-19,-2
1742098312.3471332,-31,-9,-14
1742098312.3831332,20,-77,-100
1742098312.418133,-7,22,15
1742098312.453133,-31,12,-12
1742098312.4881332,62,-51,-86
1742098312.524133,30,0,-36
1742098312.560133,-39,-1,109
1742098312.595133,72,-55,-134
1742098312.631133,8,36,-84
1742098312.6661332,-139,4,-4
1742098312.701133,30,16,25
1742098312.736133,16,-65,-136
1742098312.772133,-9,-77,-212
1742098312.8081331,-35,42,-50
1742098312.843133,106,-5,25
1742098312.879133,92,40,-130
1742098312.914133,-3,18,-112
1742098312.9491332,-29,-61,15
1742098312.984133,64,6,-50
1742098313.020133,-39,6,-6
1742098313.056133,-105,68,105
1742098313.091133,46,14,17
1742098313.1271331,46,10,-102
1742098313.162133,18,14,-64
1742098313.197133,12,18,-58
1742098313.2321332,-25,54,-120
1742098313.2681332,44,-83,63
1742098313.3041332,66,26,-108
1742098313.339133,14,-39,-94
1742098313.375133,-81,-15,-8
1742098313.4101331,16,-35,83
1742098313.445133,0,-11,13
1742098313.480133,20,-45,-72
1742098313.516133,-37,14,-38
1742098313.552133,-1,28,-114
1742098313.5871332,-21,-11,-108
1742098313.6231332,-69,-9,-64
1742098313.658133,26,32,-86
1742098313.693133,10,-33,-24
1742098313.7281332,10,-33,85
1742098313.764133,-37,10,95
1742098313.800133,66,20,-42
1742098313.835133,-21,-85,-24
1742098313.871133,28,-23,-30
1742098313.907133,24,-51,-108
1742098313.943133,-51,-29,85
1742098313.9781332,-39,34,-58
1742098314.013133,94,36,-44
1742098314.0481331,34,20,-142
1742098314.0841331,26,-95,-8
1742098314.1201332,62,4,-84
1742098314.155133,-11,2,-164
1742098314.191133,22,32,-116
1742098314.226133,-49,22,0
1742098314.2611332,36,38,-44
1742098314.296133,64,-23,-64
1742098314.332133,-37,42,-104
1742098314.368133,-61,56,-26
1742098314.4031332,-27,-15,81
1742098314.4391332,-13,-15,-94
1742098314.474133,16,-23,-30
1742098314.509133,26,-11,75
1742098314.552133,-15,-29,-102
1742098314.588133,-27,38,-20
1742098314.624133,-61,2,-62
1742098314.6591332,-43,-67,45
1742098314.695133,82,-41,17
1742098314.730133,22,-71,-82
1742098314.7651331,2,8,-60
1742098314.800133,-15,-75,145
1742098314.836133,0,-49,-64
1742098314.872133,-53,-27,-42
1742098314.907133,-73,48,-22
1742098314.943133,58,-25,-10
1742098314.9781332,4,-113,-82
1742098315.013133,-21,-21,-68
1742098315.0481331,24,28,83
1742098315.0841331,36,-13,-18
1742098315.1201332,-35,-49,-46
1742098315.155133,36,16,17
1742098315.191133,56,34,-48
1742098315.226133,-57,-9,15
1742098315.2611332,-15,-41,21
1742098315.297133,6,0,-74
1742098315.332133,-1,94,55
1742098315.368133,64,-35,-42
1742098315.4031332,-71,-49,-18
1742098315.4391332,2,10,-42
1742098315.474133,60,-13,-16
1742098315.509133,-23,52,-110
1742098315.545133,56,-27,21
1742098315.5801332,-11,38,-114
1742098315.616133,-17,-7,59
1742098315.651133,64,72,97
1742098315.687133,56,8,19
1742098315.7221332,38,80,-86
1742098315.757133,-21,16,-98
1742098315.793133,-17,46,5
1742098315.828133,54,12,-100
1742098315.8641331,-29,14,-70
1742098315.899133,-75,-5,-120
1742098315.935133,12,22,-56
1742098315.970133,0,44,-52
1742098316.0051332,62,-3,15
1742098316.0411332,-51,-17,-22
1742098316.076133,-31,-61,9
1742098316.112133,-43,40,-98
1742098316.147133,-57,98,27
1742098316.1831331,-101,72,3
1742098316.218133,12,16,-56
1742098316.253133,0,44,-64
1742098316.289133,16,-11,-64
1742098316.3241332,90,-21,-68
1742098316.3601332,0,38,13
1742098316.395133,-7,-31,13
1742098316.431133,-35,78,-68
1742098316.466133,-7,50,-44
1742098316.501133,-71,-33,-90
1742098316.537133,12,4,71
1742098316.572133,-15,68,-40
1742098316.608133,14,4,43
1742098316.6431332,-87,26,-40
1742098316.6791332,12,8,-152
1742098316.714133,32,-41,-38
1742098316.749133,-13,22,73
1742098316.7851331,38,-17,-50
1742098316.820133,-5,12,-146
1742098316.856133,-41,0,-54
1742098316.891133,58,8,-32
1742098316.927133,-15,12,-12
1742098316.9621332,12,-43,25
1742098316.997133,-75,2,-66
1742098317.033133,-57,16,125
1742098317.068133,20,10,11
1742098317.1041331,-67,-49,0
1742098317.139133,28,56,-22
1742098317.175133,-31,-47,25
1742098317.210133,-33,-89,1
1742098317.2451332,-13,-37,19
1742098317.2811332,-47,-13,113
1742098317.316133,-93,50,-62
1742098317.352133,8,-83,-2
1742098317.3871331,-41,-75,-62
1742098317.4231331,-111,32,-100
1742098317.458133,-55,16,-64
1742098317.493133,10,-15,43
1742098317.529133,28,-25,-86
1742098317.5641332,-67,10,39
1742098317.6001332,74,-63,-90
1742098317.635133,-5,2,-46
1742098317.671133,4,-37,-6
1742098317.707133,24,8,41
1742098317.743133,38,-33,-52
1742098317.779133,-49,-57,-14
1742098317.8141332,-1,14,-40
1742098317.849133,-1,-75,-2
1742098317.885133,4,22,-20
1742098317.921133,34,6,-100
1742098317.9561331,-61,-11,-26
1742098317.9921331,10,16,-84
1742098318.027133,-19,-35,-26
1742098318.062133,0,18,-38
1742098318.0971332,22,-27,25
1742098318.1331332,56,-25,-22
1742098318.1691332,-33,-21,49
1742098318.204133,106,-45,-58
1742098318.240133,38,-17,-138
1742098318.2751331,-31,22,-38
1742098318.310133,-59,-9,-188
1742098318.345133,-37,-13,-86
1742098318.381133,-37,-45,19
1742098318.417133,-43,38,-50
1742098318.4521332,-13,78,-90
1742098318.4881332,8,62,-70
1742098318.523133,12,-37,-26
1742098318.5581331,64,12,-188
1742098318.593133,20,-19,73
1742098318.629133,-29,54,-110
1742098318.665133,-57,-51,-142
1742098318.700133,4,30,-6
1742098318.736133,22,-5,-68
1742098318.7711332,8,-71,-114
1742098318.806133,122,52,-38
1742098318.841133,18,0,-16
1742098318.8771331,110,-15,-16
1742098318.9131331,-21,-57,21
1742098318.948133,-3,48,-38
1742098318.984133,10,-37,-128
1742098319.019133,-87,-1,-120
1742098319.0541332,20,-19,-38
1742098319.089133,-11,-33,11
1742098319.125133,0,36,-32
1742098319.161133,-33,0,35
1742098319.1961331,-11,-25,-38
1742098319.233133,40,16,95
1742098319.2681332,74,50,-22
1742098319.3041332,50,12,-20
1742098319.339133,-53,26,-34
1742098319.374133,4,14,55
1742098319.4091332,-59,-67,-36
1742098319.445133,-39,12,89
1742098319.481133,-77,-1,1
1742098319.516133,-81,24,-134
1742098319.552133,-91,40,37
1742098319.5871332,-77,4,-48
1742098319.622133,76,8,11
1742098319.657133,-85,40,15
1742098319.693133,-1,-47,-130
1742098319.7291331,-7,14,23
1742098319.764133,-19,-95,-18
1742098319.800133,20,-3,49
1742098319.835133,-37,20,-64
1742098319.8701332,108,46,-44
1742098319.905133,-63,68,-84
1742098319.941133,90,18,-4
1742098319.977133,4,12,77
1742098320.0121331,-73,118,-74
1742098320.0481331,46,22,47
1742098320.083133,-21,-51,-104
1742098320.118133,36,44,-128
1742098320.1531332,44,40,-28
1742098320.1891332,-11,24,-10
1742098320.2251332,16,-21,-88
1742098320.260133,42,-57,-88
1742098320.296133,-53,-41,-56
1742098320.3311331,-81,-17,21
1742098320.366133,-19,-43,23
1742098320.401133,26,20,-90
1742098320.437133,-23,-17,-40
1742098320.473133,-27,4,-88
1742098320.5081332,-29,86,-66
1742098320.5441332,-41,-19,-20
1742098320.579133,18,-27,-120
1742098320.6141331,142,-27,-12
1742098320.649133,26,-19,-30
1742098320.685133,24,-21,-98
1742098320.721133,-13,26,-2
1742098320.756133,14,12,5
1742098320.792133,-129,20,-70
1742098320.8271332,30,12,-60
1742098320.862133,16,48,-90
1742098320.897133,-5,4,-14
1742098320.9331331,-45,-39,47
1742098320.9691331,-7,100,61
1742098321.004133,-35,8,-8
1742098321.040133,54,0,33
1742098321.075133,-53,34,-2
1742098321.1101332,68,24,-116
1742098321.145133,-69,14,-8
1742098321.181133,-79,28,-116
1742098321.217133,-19,-59,25
1742098321.2521331,-17,54,91
1742098321.2881331,32,14,-24
1742098321.323133,2,-109,-34
1742098321.358133,46,22,17
1742098321.3931332,-11,36,113
1742098321.4291332,-5,6,-4
1742098321.4651332,-13,66,-88
1742098321.500133,-37,-57,63
1742098321.536133,48,12,-38
1742098321.5711331,-11,20,135
1742098321.606133,28,-11,-38
1742098321.641133,-9,10,-168
1742098321.677133,28,-31,-26
1742098321.713133,-9,26,-44
1742098321.7481332,-65,14,-10
1742098321.7841332,-1,-25,-86
1742098321.819133,-5,-97,-144
1742098321.8541331,-55,22,-50
1742098321.889133,-79,-93,27
1742098321.925133,20,-37,-86
1742098321.961133,-31,32,45
1742098321.996133,4,-7,75
1742098322.032133,84,-17,-4
1742098322.0671332,-23,20,11
1742098322.102133,22,44,-126
1742098322.138133,30,-49,5
1742098322.1731331,14,28,115
1742098322.2091331,10,-5,31
1742098322.244133,-35,-43,-74
1742098322.280133,-23,-45,-106
1742098322.315133,64,54,-14
1742098322.3501332,40,46,-2
1742098322.3861332,30,36,-114
1742098322.421133,-41,30,13
1742098322.457133,-49,-117,-80
1742098322.4921331,34,-15,-32
1742098322.5281332,-13,-9,-72
1742098322.563133,4,30,-100
1742098322.598133,128,-15,-20
1742098322.634133,-19,-43,-10
1742098322.6691332,-39,-15,59
1742098322.7051332,100,-30,-82
1742098322.740133,60,12,51
1742098322.776133,-25,-95,-72
1742098322.8111331,4,19,-94
1742098322.846133,16,-52,-66
1742098322.882133,20,1,-64
1742098322.917133,-39,-58,-98
1742098322.953133,38,30,-18
1742098322.9881332,-1,10,-102
1742098323.024133,-73,6,-22
1742098323.059133,-125,28,7
1742098323.0941331,6,-3,-30
1742098323.1301332,11,4,-56
1742098323.165133,21,26,-48
1742098323.201133,11,54,-44
1742098323.236133,-47,-21,-68
1742098323.272133,-47,14,-48
1742098323.3071332,86,-79,-96
1742098323.342133,12,-39,-16
1742098323.378133,54,-39,-18
1742098323.4131331,-61,0,5
1742098323.4491332,2,-29,-94
1742098323.484133,-1,-35,-52
1742098323.520133,44,38,-46
1742098323.555133,44,88,0
1742098323.5901332,-27,56,-32
1742098323.626133,16,-37,-46
1742098323.661133,-17,-63,23
1742098323.697133,56,18,5
1742098323.7321332,52,-15,-82
1742098323.7681332,-17,-3,61
1742098323.803133,-23,12,-28
1742098323.838133,14,52,-88
1742098323.874133,-35,-51,-8
1742098323.9091332,-35,-85,-56
1742098323.945133,-38,36,-46
1742098323.980133,-84,-11,-106
1742098324.016133,52,-17,31
1742098324.0511332,7,-31,39
1742098324.086133,10,-81,-82
1742098324.122133,-2,110,-162
1742098324.157133,71,46,-40
1742098324.193133,111,66,8
1742098324.2281332,12,2,-76
1742098324.264133,50,-15,-103
1742098324.299133,66,-31,-3
1742098324.3341331,-47,-27,-117
1742098324.3701332,54,-7,-85
1742098324.405133,-61,34,-105
1742098324.441133,-31,72,-61
1742098324.476133,-5,-101,-29
1742098324.5121331,38,-49,-127
1742098324.5541332,60,-1,58
1742098324.5901332,-13,-63,54
1742098324.626133,6,-63,-131
1742098324.661133,42,52,-73
1742098324.697133,-7,-45,-99
1742098324.7321332,-57,-13,12
1742098324.7681332,38,0,-105
1742098324.8041332,44,-39,-101
1742098324.839133,62,-11,-57
1742098324.874133,-19,-43,106
1742098324.9101331,-59,40,-103
1742098324.9461331,96,-107,-25
1742098324.981133,-17,20,-29
1742098325.017133,-1,-41,32
1742098325.052133,14,48,-235
1742098325.0871332,36,-83,-95
1742098325.122133,-31,-15,-31
1742098325.158133,-33,-31,-77
1742098325.194133,18,24,-57
1742098325.2291331,6,34,-7
1742098325.2651331,22,-13,-63
1742098325.300133,34,-21,-29
1742098325.335133,-7,-61,-63
1742098325.3701332,68,-17,-71
1742098325.4061332,-43,-5,-69
1742098325.4421332,26,40,0
1742098325.477133,-49,-13,14
1742098325.513133,-13,24,-63
1742098325.5481331,22,2,-189
1742098325.583133,-55,-7,-125
1742098325.618133,70,88,64
1742098325.654133,24,-29,0
1742098325.690133,42,-31,-25
1742098325.7251332,22,-13,84
1742098325.7611332,42,14,4
1742098325.796133,-61,28,-35
1742098325.8311331,16,-97,-53
1742098325.866133,14,-63,-59
1742098325.902133,92,-15,-65
1742098325.938133,-39,-73,-101
1742098325.973133,10,4,-65
1742098326.009133,86,62,0
1742098326.0441332,100,-63,-9
1742098326.079133,42,22,-49
1742098326.1141331,-31,-15,-109
1742098326.1501331,36,10,-73
1742098326.1861331,94,26,54
1742098326.221133,-63,-21,-81
1742098326.257133,72,12,-41
1742098326.292133,50,62,60
1742098326.3271332,-75,10,48
1742098326.362133,22,56,-25
1742098326.398133,22,46,-13
1742098326.434133,56,-7,-149
1742098326.4691331,-35,32,-87
1742098326.5051332,76,40,-75
1742098326.540133,-25,-17,-43
1742098326.575133,-19,48,-119
1742098326.6101332,22,24,-43
1742098326.6461332,0,10,-15
1742098326.6821332,-1,0,22
1742098326.717133,68,12,-149
1742098326.753133,28,-77,-113
1742098326.7881331,44,-21,122
1742098326.823133,26,22,-15
1742098326.858133,-17,-59,-47
1742098326.894133,-35,30,-7
1742098326.930133,50,38,-59
1742098326.9651332,56,-23,-129
1742098327.001133,-27,-35,46
1742098327.036133,8,-27,16
1742098327.0711331,26,-5,-69
1742098327.106133,6,-43,32
1742098327.142133,94,-45,-25
1742098327.178133,-59,-23,-173
1742098327.213133,34,10,-45
1742098327.249133,-67,6,-1
1742098327.2841332,-27,-11,-51
1742098327.319133,-17,24,-103
1742098327.3541331,-9,-1,-53
1742098327.3901331,-43,-53,-39
1742098327.4261332,-31,68,50
1742098327.461133,-23,54,-111
1742098327.497133,-49,12,34
1742098327.532133,66,12,-145
1742098327.5671332,-25,-19,36
1742098327.602133,-19,-27,-171
1742098327.638133,86,24,-89
1742098327.674133,52,-31,2
1742098327.7091331,-29,-17,60
1742098327.7451332,10,-23,-59
1742098327.780133,88,-9,-49
1742098327.815133,82,-23,-1
1742098327.8501332,-83,12,132
1742098327.8861332,30,14,-47
1742098327.922133,-11,12,6
1742098327.957133,-69,-49,34
1742098327.993133,-3,22,-11
1742098328.0281332,2,4,-87
1742098328.063133,82,-31,-19
1742098328.098133,6,40,-27
1742098328.134133,-31,22,66
1742098328.170133,-23,54,34
1742098328.2051332,28,92,-141
1742098328.241133,50,-39,-93
1742098328.276133,0,-39,6
1742098328.3111331,-73,-47,24
1742098328.346133,70,46,182
1742098328.382133,-57,14,16
1742098328.418133,-3,-11,-1
1742098328.453133,14,-47,-145
1742098328.4891331,-5,36,-9
1742098328.524133,48,18,2
1742098328.559133,-1,-55,-27
1742098328.5941331,-23,72,-199
1742098328.6301332,104,50,-71
1742098328.6661332,8,-57,-51
1742098328.701133,-17,-3,-93
1742098328.737133,20,-51,-77
1742098328.772133,-9,-27,-13
1742098328.8071332,54,-15,-33
1742098328.843133,-61,46,-5
1742098328.878133,-19,-51,18
1742098328.914133,108,38,2
1742098328.9491332,-59,-3,4
1742098328.9851332,20,2,-107
1742098329.020133,-73,-47,-191
1742098329.055133,60,34,-45
1742098329.091133,12,-15,-29
1742098329.126133,56,-13,-107
1742098329.162133,-5,-43,-19
1742098329.197133,36,-5,-59
1742098329.233133,-63,-5,-29
1742098329.2681332,6,54,-73
1742098329.303133,80,34,46
1742098329.339133,-29,24,-95
1742098329.374133,14,-47,-27
1742098329.4101331,-17,2,-127
1742098329.445133,2,-29,-39
1742098329.481133,-1,-7,-215
1742098329.516133,-5,-7,30
1742098329.5511332,-75,18,-79
1742098329.5871332,-15,62,-3
1742098329.622133,-11,26,28
1742098329.658133,32,24,26
1742098329.693133,24,-45,-75
1742098329.7291331,34,78,-73
1742098329.764133,-45,0,32
1742098329.799133,56,112,-137
1742098329.835133,38,22,-73
1742098329.8701332,-3,28,80
1742098329.9061332,-7,4,20
1742098329.941133,12,2,-21
1742098329.977133,-21,10,-5
1742098330.0121331,-1,14,-29
1742098330.047133,-9,-5,32
1742098330.083133,-1,24,40
1742098330.118133,40,-13,18
1742098330.154133,54,60,-43
1742098330.1891332,98,24,-9
1742098330.2251332,116,40,-111
1742098330.260133,-25,-3,-223
1742098330.295133,-7,18,6
1742098330.3311331,-133,32,10
1742098330.366133,80,-15,-17
1742098330.402133,32,-47,-45
1742098330.437133,-21,-59,-23
1742098330.473133,-11,-45,-13
1742098330.5081332,10,68,-87
1742098330.543133,72,-5,-17
1742098330.579133,32,18,20
1742098330.6141331,18,4,80
1742098330.6501331,-19,-31,-121
1742098330.685133,-59,44,-33
1742098330.721133,10,-11,-121
1742098330.756133,36,22,132
1742098330.7911332,8,-1,-115
1742098330.8271332,-115,-1,-49
1742098330.862133,-11,82,0
1742098330.898133,-43,-21,-63
1742098330.9331331,10,2,-11
1742098330.9691331,96,-1,-113
1742098331.004133,60,-31,-25
1742098331.039133,86,-9,-77
1742098331.075133,-125,-35,-17
1742098331.1101332,98,-53,176
1742098331.1461332,-31,38,-99
1742098331.181133,46,-95,46
1742098331.217133,-21,-23,-91
1742098331.253133,44,-41,20
1742098331.2881331,-39,34,-151
1742098331.323133,58,-83,-39
1742098331.359133,46,28,50
1742098331.395133,-23,14,-39
1742098331.430133,-31,-59,24
1742098331.466133,26,0,34
1742098331.501133,-29,-51,-89
1742098331.536133,-35,56,-83
1742098331.5711331,-27,102,14
1742098331.6071332,42,0,-43
1742098331.6431332,-26,-30,16
1742098331.678133,-82,0,-49
1742098331.714133,10,0,-109
1742098331.749133,52,-22,-119
1742098331.7841332,-72,-58,-37
1742098331.819133,44,-92,-5
1742098331.855133,20,-46,-47
1742098331.891133,32,25,6
1742098331.9261332,-5,71,-65
1742098331.9621332,-53,56,-3
1742098331.997133,24,-9,52
1742098332.032133,-15,-15,36
1742098332.0671332,12,-27,8
1742098332.1031332,-81,-21,-51
1742098332.139133,24,-19,-57
1742098332.174133,-31,32,32
1742098332.210133,-35,-19,-99
1742098332.2451332,26,48,-131
1742098332.280133,10,68,-107
1742098332.315133,-17,6,-69
1742098332.351133,32,-3,-155
1742098332.3871331,-103,-33,10
1742098332.422133,6,-1,58
1742098332.458133,-27,16,36
1742098332.493133,-43,-61,-35
1742098332.5281332,-11,6,-157
1742098332.563133,-21,-7,-89
1742098332.599133,-67,-29,82
1742098332.635133,-23,-37,0
1742098332.670133,-3,-15,-7
1742098332.7061331,40,-85,-71
1742098332.741133,-33,-39,-153
1742098332.776133,18,-27,-1
1742098332.8111331,-83,26,-23
1742098332.8471332,-2,22,-45
1742098332.8831332,19,62,-37
1742098332.918133,-16,-13,-27
1742098332.954133,39,-49,-79
1742098332.9891331,87,-35,-57
1742098333.024133,21,8,-51
1742098333.059133,-12,-19,-77
1742098333.095133,23,34,102
1742098333.131133,-50,-63,-55
1742098333.1661332,-68,0,76
1742098333.2021332,-20,30,-19
1742098333.237133,63,-17,60
1742098333.272133,-52,-11,-15
1742098333.3071332,-40,-15,-131
1742098333.343133,45,24,-51
1742098333.379133,-32,42,-37
1742098333.414133,1,-3,0
1742098333.450133,5,16,-51
1742098333.4851332,17,2,-217
1742098333.520133,-12,-13,-109
1742098333.555133,53,-41,-27
1742098333.591133,-4,64,-121
1742098333.6271331,-44,8,-31
1742098333.662133,-32,-11,82
1742098333.698133,17,8,-33
1742098333.733133,-18,40,-27
1742098333.7681332,-58,0,-49
1742098333.803133,5,28,-48
1742098333.839133,33,66,-143
1742098333.875133,-2,-13,8
1742098333.9101331,-36,0,-97
1742098333.9461331,-24,38,-76
1742098333.981133,-28,-13,41
1742098334.016133,-8,-35,-131
1742098334.0511332,-22,-29,0
1742098334.0871332,-20,-3,0
1742098334.1231332,-48,16,25
1742098334.158133,9,38,-108
1742098334.194133,-24,20,-34
1742098334.2291331,-34,-45,-112
1742098334.264133,35,-7,-62
1742098334.299133,-50,4,-28
1742098334.335133,13,12,-56
1742098334.371133,55,74,23
1742098334.4061332,22,16,43
1742098334.4421332,66,-5,-16
1742098334.477133,-7,16,8
1742098334.5121331,-19,-19,-96
1742098334.547133,32,-75,-86
1742098334.5901332,110,-7,-21
1742098334.6271331,-1,-77,-55
1742098334.662133,36,48,46
1742098334.698133,-85,10,-117
1742098334.733133,34,-3,-35
1742098334.7681332,-3,12,46
1742098334.803133,14,14,-53
1742098334.839133,128,-45,58
1742098334.875133,-49,46,-63
1742098334.9101331,30,-95,-141
1742098334.9461331,-13,-59,-195
1742098334.981133,-33,-69,-13
1742098335.016133,-19,18,-181
1742098335.0511332,-17,-11,16
1742098335.0871332,12,36,48
1742098335.1231332,-33,-35,-67
1742098335.158133,22,-9,-169
1742098335.194133,-31,-9,-91
1742098335.2291331,-31,6,-1
1742098335.264133,48,14,102
1742098335.299133,-33,34,-19
1742098335.335133,32,-21,-23
1742098335.371133,10,4,66
1742098335.4061332,72,10,-3
1742098335.4421332,-59,0,12
1742098335.477133,-43,-27,-35
1742098335.5121331,-9,-45,-17
1742098335.5481331,30,26,-16
1742098335.583133,-49,68,-36
1742098335.619133,30,-15,-32
1742098335.654133,0,18,-74
1742098335.690133,36,38,119
1742098335.7251332,-49,34,93
1742098335.760133,6,-43,3
1742098335.796133,22,-139,-40
1742098335.8311331,98,-17,77
1742098335.8671331,22,-25,-20
1742098335.902133,-35,4,63
1742098335.938133,42,32,-30
1742098335.973133,14,-55,-40
1742098336.0081332,-71,-33,1
1742098336.0441332,66,48,-40
1742098336.079133,74,-19,-96
1742098336.115133,64,0,-42
1742098336.1501331,20,16,67
1742098336.1861331,10,44,-88
1742098336.221133,-17,28,-36
1742098336.256133,12,-29,-24
1742098336.292133,-113,-49,-6
1742098336.3271332,4,38,53
1742098336.3631332,14,6,-160
1742098336.398133,38,-13,-108
1742098336.434133,-69,-49,-106
1742098336.4691331,14,-27,-46
1742098336.504133,48,-23,-76
1742098336.540133,68,40,-30
1742098336.575133,-69,-29,33
1742098336.611133,-103,-45,-162
1742098336.6461332,-81,36,-28
1742098336.6821332,-37,-15,-98
1742098336.717133,42,44,51
1742098336.7521331,16,30,0
1742098336.7881331,-53,-7,35
1742098336.823133,-35,4,-18
1742098336.859133,-31,-51,-32
1742098336.894133,-31,54,-46
1742098336.930133,64,-67,-86
1742098336.9651332,4,8,-90
1742098337.000133,54,-41,-86
1742098337.036133,82,-11,-46
1742098337.0711331,32,28,-162
1742098337.1071332,-11,-7,-140
1742098337.142133,-75,-41,0
1742098337.178133,20,-55,-26
1742098337.213133,16,-65,-196
1742098337.2481332,-26,6,141
1742098337.2841332,8,28,-60
1742098337.319133,52,4,-66
1742098337.355133,10,18,-32
1742098337.3901331,48,30,-42
1742098337.4261332,64,-5,-64
1742098337.461133,44,-9,-122
1742098337.496133,-49,122,-24
1742098337.532133,26,-47,5
1742098337.5671332,-45,6,-66
1742098337.6031332,44,28,-2
1742098337.638133,-16,-35,-54
1742098337.674133,-24,-21,25
1742098337.7091331,27,-51,-176
1742098337.744133,-32,-13,-132
1742098337.780133,27,-47,-108
1742098337.815133,-52,-31,-58
1742098337.851133,9,28,-16
1742098337.8861332,53,20,-36
1742098337.922133,0,-55,61
1742098337.958133,-44,-37,-112
1742098337.994133,21,-61,-52
1742098338.030133,61,32,-84
1742098338.066133,-34,0,-164
1742098338.102133,-82,-23,-64
1742098338.138133,-46,-5,-160
1742098338.174133,9,-93,-42
1742098338.2091331,129,-27,-22
1742098338.244133,-72,-35,-26
1742098338.280133,37,18,-48
1742098338.316133,-15,-55,-60
1742098338.351133,-53,22,79
1742098338.3871331,-26,12,25
1742098338.422133,23,8,-58
1742098338.457133,98,-5,-44
1742098338.4921331,-11,4,-116
1742098338.5281332,12,44,47
1742098338.5641332,-34,18,-126
1742098338.599133,74,4,-98
1742098338.635133,-7,-9,9
1742098338.670133,-15,40,5
1742098338.7051332,35,-33,-70
1742098338.740133,-62,-5,-68
1742098338.776133,35,30,0
1742098338.812133,20,-43,43
1742098338.8471332,-23,26,-100
1742098338.8831332,26,8,-118
1742098338.918133,62,-5,23
1742098338.953133,-9,-13,-56
1742098338.9881332,-9,-85,-156
1742098339.024133,-15,26,-16
1742098339.060133,86,-63,-78
1742098339.095133,62,-51,-78
1742098339.131133,6,48,-26
1742098339.1661332,78,-41,7
1742098339.201133,-5,22,-120
1742098339.236133,-17,46,31
1742098339.272133,62,-39,-104
1742098339.3081331,24,-11,41
1742098339.343133,-5,-11,77
1742098339.379133,72,-19,-24
1742098339.414133,-75,24,-70
1742098339.4491332,60,-11,39
1742098339.484133,-31,2,-110
1742098339.520133,52,10,-46
1742098339.556133,-67,18,31
1742098339.591133,6,-1,-16
1742098339.6271331,6,-5,-70
1742098339.662133,28,-11,-88
1742098339.697133,-49,-69,-14
1742098339.7321332,86,52,-52
1742098339.7681332,-13,-15,-26
1742098339.8041332,54,86,-88
1742098339.839133,-5,-49,-72
1742098339.875133,8,-9,-28
1742098339.9101331,-43,12,1
1742098339.945133,56,34,-16
1742098339.980133,-15,96,-6
1742098340.016133,-67,36,27
1742098340.052133,50,60,-12
1742098340.0871332,24,-69,73
1742098340.1231332,-21,-23,95
1742098340.158133,20,0,-112
1742098340.193133,46,-9,-60
1742098340.2281332,82,84,-128
1742098340.264133,56,10,-46
1742098340.300133,-97,6,-16
1742098340.335133,-29,-55,-4
1742098340.371133,140,10,-74
1742098340.4061332,98,-41,-56
1742098340.441133,0,-15,-160
1742098340.476133,26,-21,71
1742098340.5121331,92,10,-80
1742098340.5481331,12,18,5
1742098340.583133,16,6,-72
1742098340.619133,-35,10,-26
1742098340.654133,-11,-3,-24
1742098340.6891332,-45,70,-88
1742098340.724133,-35,16,23
1742098340.760133,-17,-23,-36
1742098340.796133,-27,40,-26
1742098340.8311331,-33,26,-34
1742098340.8671331,-39,-5,27
1742098340.902133,-99,-39,-66
1742098340.937133,-27,-65,119
1742098340.9721332,20,-51,-84
1742098341.0081332,6,-25,-98
1742098341.0441332,-21,54,59
1742098341.0801332,-21,36,23
1742098341.116133,112,-39,71
1742098341.151133,-87,-15,-116
1742098341.187133,-23,10,-54
1742098341.2221332,18,-7,-36
1742098341.257133,44,-7,-80
1742098341.292133,34,10,55
1742098341.328133,-55,-19,-62
1742098341.3641331,46,-9,11
1742098341.399133,-23,-11,-64
1742098341.435133,16,52,-16
1742098341.470133,-13,-17,-118
1742098341.5051332,44,58,-94
1742098341.540133,32,-3,-118
1742098341.576133,24,-45,19
1742098341.612133,-17,26,-58
1742098341.647133,-11,-19,-30
1742098341.6831331,78,-33,-2
1742098341.718133,8,10,-28
1742098341.753133,24,-5,-64
1742098341.7881331,16,16,-60
1742098341.8241332,10,-3,-16
1742098341.8601332,28,30,-40
1742098341.895133,48,42,-32
1742098341.931133,32,-59,7
1742098341.966133,-17,-5,-98
1742098342.001133,-51,-11,-22
1742098342.036133,-9,-47,-62
1742098342.072133,-3,22,11
1742098342.108133,22,16,-42
1742098342.1431332,78,-15,-50
1742098342.1791332,2,-1,45
1742098342.214133,14,70,-72
1742098342.249133,-59,-31,-120
1742098342.2841332,-23,18,-56
1742098342.320133,0,66,-36
1742098342.356133,-45,16,-78
1742098342.391133,-1,-23,-2
1742098342.427133,-83,30,-58
1742098342.4621332,-61,44,45
1742098342.497133,-11,-27,-84
1742098342.533133,-29,-3,39
1742098342.568133,-5,38,-102
1742098342.6041331,52,-51,25
1742098342.639133,30,-37,67
1742098342.675133,40,24,-92
1742098342.710133,-1,42,17
1742098342.7451332,-81,6,-74
1742098342.7811332,132,-49,33
1742098342.816133,-9,20,-70
1742098342.852133,16,-39,-132
1742098342.8871331,56,52,-146
1742098342.9231331,32,-73,-76
1742098342.958133,-1,-43,-116
1742098342.993133,-23,16,11
1742098343.029133,-43,-5,111
1742098343.0641332,44,20,-126
1742098343.1001332,-13,0,41
1742098343.135133,-47,-35,-104
1742098343.171133,16,12,-48
1742098343.2061331,28,-41,-90
1742098343.241133,22,76,11
1742098343.277133,-19,32,25
1742098343.312133,52,20,-122
1742098343.348133,-47,-33,-8
1742098343.3831332,0,-35,-16
1742098343.4191332,-11,-49,-102
1742098343.454133,-67,-31,-4
1742098343.4891331,-33,82,-58
1742098343.5251331,38,0,-88
1742098343.560133,-35,-13,45
1742098343.596133,38,74,-60
1742098343.631133,-37,16,135
1742098343.667133,76,12,-26
1742098343.7021332,-7,10,-82
1742098343.737133,-7,34,73
1742098343.773133,-69,-53,-16
1742098343.8081331,16,-31,23
1742098343.8441331,24,34,-28
1742098343.879133,-5,42,-14
1742098343.915133,78,106,-148
1742098343.950133,8,-27,-74
1742098343.9851332,66,60,13
1742098344.0211332,-85,30,0
1742098344.056133,14,-21,-38
1742098344.092133,-5,-3,-84
1742098344.1271331,-9,110,19
1742098344.1631331,74,-69,-22
1742098344.198133,-5,34,-116
1742098344.233133,10,40,-4
1742098344.269133,-27,60,-10
1742098344.3041332,-11,-91,0
1742098344.3401332,-31,-43,-12
1742098344.375133,90,36,-88
1742098344.411133,38,4,-142
1742098344.4461331,18,48,-44
1742098344.481133,76,-21,-44
1742098344.517133,24,72,7
1742098344.552133,78,-25,-24
1742098344.595133,-17,58,7
1742098344.631133,-31,-57,17
1742098344.667133,56,12,9
1742098344.703133,72,-39,-2
1742098344.7391331,4,-5,-166
1742098344.7751331,-29,-5,-42
1742098344.8111331,0,12,-40
1742098344.8471332,14,20,87
1742098344.882133,20,0,-28
1742098344.917133,86,20,27
1742098344.953133,48,20,-100
1742098344.9891331,-29,-73,101
1742098345.024133,24,-29,69
1742098345.060133,-31,78,-54
1742098345.095133,-3,-45,-86
1742098345.1301332,-17,-61,-18
1742098345.165133,36,102,-80
1742098345.201133,54,-13,-76
1742098345.237133,0,-17,-30
1742098345.272133,-35,16,35
1742098345.3081331,42,2,-32
1742098345.343133,-25,106,-80
1742098345.378133,4,-81,-14
1742098345.4131331,12,-19,-22
1742098345.4491332,2,-5,9
1742098345.4851332,58,10,-102
1742098345.520133,14,-21,29
1742098345.556133,-13,10,-72
1742098345.591133,32,88,5
1742098345.626133,34,58,7
1742098345.661133,38,-3,57
1742098345.697133,-63,-1,-64
1742098345.733133,80,-45,-58
1742098345.7681332,50,62,-12
1742098345.8041332,46,36,-28
1742098345.839133,8,-13,-106
1742098345.874133,-25,6,59
1742098345.9091332,2,-15,-54
1742098345.945133,64,-55,-10
1742098345.981133,-49,32,-14
1742098346.016133,-32,-11,-72
1742098346.052133,-23,14,69
1742098346.0871332,32,-1,0
1742098346.122133,-41,58,-60
1742098346.157133,-16,12,13
1742098346.193133,5,4,-70
1742098346.2291331,-49,20,-56
1742098346.264133,-45,50,-96
1742098346.300133,11,-71,-20
1742098346.335133,-42,22,35
1742098346.3701332,-57,10,-52
1742098346.405133,34,50,-42
1742098346.441133,-5,12,-56
1742098346.477133,42,60,13
1742098346.5121331,-5,-3,53
1742098346.5481331,-65,4,-96
1742098346.583133,0,-55,-146
1742098346.618133,78,-7,-32
1742098346.6531332,38,64,-64
1742098346.6891332,112,8,-128
1742098346.7251332,18,-1,-56
1742098346.760133,30,62,-92
1742098346.796133,0,-5,-78
1742098346.8311331,-37,-49,41
1742098346.866133,48,18,-6
1742098346.901133,-21,58,-56
1742098346.937133,30,20,-32
1742098346.973133,8,14,-120
1742098347.0081332,-47,-79,-108
1742098347.0441332,-89,-31,13
1742098347.079133,-21,50,-50
1742098347.1141331,4,-31,-32
1742098347.149133,60,62,-124
1742098347.185133,0,0,-30
1742098347.221133,-19,-25,-34
1742098347.256133,0,70,55
1742098347.292133,-117,16,-12
1742098347.3271332,36,16,-14
1742098347.362133,-79,36,-30
1742098347.397133,68,-21,-144
1742098347.4331331,-13,-103,-34
1742098347.4691331,-29,6,21
1742098347.504133,-1,-61,-62
1742098347.540133,-73,0,-24
1742098347.575133,2,78,-12
1742098347.6101332,-49,12,57
1742098347.645133,-37,-25,-18
1742098347.681133,36,0,-34
1742098347.717133,-31,12,-8
1742098347.7521331,-13,-13,-22
1742098347.7881331,0,60,-90
1742098347.823133,-17,-9,-22
1742098347.858133,-9,-51,-88
1742098347.8931332,-19,-21,-16
1742098347.9291332,-9,-11,-114
1742098347.9651332,46,10,-36
1742098348.000133,38,-49,-164
1742098348.036133,-75,-37,31
1742098348.0711331,-7,52,-34
1742098348.106133,28,-5,-92
1742098348.141133,16,-35,47
1742098348.177133,-15,-81,-16
1742098348.213133,-37,20,-20
1742098348.2481332,-41,26,-64
1742098348.2841332,-83,-1,-170
1742098348.319133,-33,26,15
1742098348.3541331,-63,-69,0
1742098348.389133,-7,-31,13
1742098348.425133,-29,-7,-42
1742098348.461133,8,22,-20
1742098348.496133,32,-29,89
1742098348.532133,26,-1,-24
1742098348.5671332,106,10,71
1742098348.602133,42,22,0
1742098348.6371331,-47,36,45
1742098348.6731331,166,20,5
1742098348.7091331,42,-89,-18
1742098348.744133,22,-9,-84
1742098348.780133,-15,68,-26
1742098348.815133,-29,0,53
1742098348.8501332,2,0,-120
1742098348.885133,-23,22,71
1742098348.921133,10,-35,-128
1742098348.957133,60,-23,17
1742098348.9921331,42,-27,-82
1742098349.0281332,58,-23,-28
1742098349.063133,22,-25,-30
1742098349.098133,14,22,-46
1742098349.134133,-27,-23,-80
1742098349.1691332,-101,50,33
1742098349.2051332,6,28,5
1742098349.240133,-55,28,-26
1742098349.276133,90,86,-16
1742098349.3111331,-43,-35,-26
1742098349.346133,-87,-49,-38
1742098349.382133,-33,-31,-80
1742098349.417133,26,-41,-70
1742098349.453133,-1,-3,31
1742098349.4881332,36,-21,19
1742098349.524133,10,-17,-46
1742098349.559133,-27,12,-80
1742098349.5941331,-37,-117,65
1742098349.6301332,24,4,-32
1742098349.665133,10,74,-182
1742098349.701133,34,74,39
1742098349.736133,40,-21,-10
1742098349.772133,114,-45,79
1742098349.8071332,50,-33,-64
1742098349.842133,2,-11,-154
1742098349.878133,-37,38,-48
1742098349.9131331,-25,-7,-110
1742098349.9491332,-41,-35,-86
1742098349.984133,74,-31,-8
1742098350.020133,4,34,-10
1742098350.055133,2,-57,25
1742098350.0901332,-121,-39,111
1742098350.126133,-13,0,-120
1742098350.161133,14,-95,-158
1742098350.197133,-57,-37,-114
1742098350.2321332,-47,16,-64
1742098350.2681332,-31,12,-62
1742098350.303133,-15,-61,-56
1742098350.338133,-19,-7,-44
1742098350.374133,16,50,-124
1742098350.4091332,2,-45,-48
1742098350.445133,-1,102,-126
1742098350.480133,-59,14,-78
1742098350.516133,-91,64,-116
1742098350.5511332,68,0,-104
1742098350.586133,68,-39,15
1742098350.622133,-39,-43,-76
1742098350.657133,64,-7,73
1742098350.693133,58,-43,-154
1742098350.7281332,-37,8,-84
1742098350.764133,-33,10,-132
1742098350.799133,18,64,-162
1742098350.8341331,20,-15,-24
1742098350.8701332,-47,-5,-106
1742098350.905133,20,16,7
1742098350.941133,-33,18,-22
1742098350.976133,-65,34,-26
1742098351.0121331,-131,48,29
1742098351.047133,14,54,-2
1742098351.082133,14,-23,1
1742098351.118133,-99,-57,-56
1742098351.1531332,-29,68,-2
1742098351.1891332,-67,-21,0
1742098351.224133,28,30,-76
1742098351.260133,32,24,-44
1742098351.295133,80,16,-134
1742098351.3301332,-11,24,-106
1742098351.366133,90,34,25
1742098351.401133,-7,26,-84
1742098351.437133,-21,-99,43
1742098351.4721332,44,-51,-118
1742098351.507133,-11,-1,83
1742098351.542133,38,44,-44
1742098351.578133,6,6,-88
1742098351.6141331,-21,-3,-28
1742098351.649133,14,16,-72
1742098351.685133,40,46,63
1742098351.720133,-21,-91,83
1742098351.7551332,72,-37,-84
1742098351.790133,-1,-3,-96
1742098351.826133,60,72,-86
1742098351.862133,18,56,-76
1742098351.897133,-11,-19,-10
1742098351.9331331,42,-1,-16
1742098351.968133,20,-41,71
1742098352.003133,26,4,39
1742098352.0381331,-95,44,-40
1742098352.0741332,54,10,-184
1742098352.1101332,-29,-63,-128
1742098352.145133,-31,-13,-66
1742098352.181133,10,-57,-14
1742098352.216133,64,-21,-172
1742098352.251133,-51,-17,-48
1742098352.286133,16,-15,-111
1742098352.322133,-21,-29,-54
1742098352.358133,-81,92,-137
1742098352.3931332,28,-35,-43
1742098352.4291332,-67,20,-35
1742098352.464133,-61,10,116
1742098352.499133,48,40,-11
1742098352.5341332,-11,2,-23
1742098352.570133,0,6,-63
1742098352.606133,10,-19,-21
1742098352.641133,52,-93,6
1742098352.677133,-5,6,-27
1742098352.7121332,4,-15,-191
1742098352.747133,24,-119,46
1742098352.782133,-17,-55,56
1742098352.818133,-43,54,-21
1742098352.8541331,-29,40,-59
1742098352.889133,-33,6,-73
1742098352.925133,4,34,-49
1742098352.960133,-49,88,38
1742098352.9951332,-33,30,-31
1742098353.030133,-9,-81,-185
1742098353.066133,-55,4,-147
1742098353.102133,-13,-43,26
1742098353.1371331,66,-7,-65
1742098353.1731331,26,-31,-25
1742098353.208133,-111,-13,-131
1742098353.243133,-42,42,22
1742098353.2781332,-43,-31,-19
1742098353.3141332,25,38,-51
1742098353.3501332,61,4,18
1742098353.385133,91,28,-73
1742098353.421133,37,-95,2
1742098353.4561331,-6,-59,-117
1742098353.491133,75,26,-1
1742098353.526133,23,-23,-29
1742098353.562133,7,0,-69
1742098353.598133,27,-11,16
1742098353.6331332,31,-21,-9
1742098353.6691332,-32,24,76
1742098353.704133,0,8,-9
1742098353.7391331,31,-49,-37
1742098353.774133,-40,30,-91
1742098353.810133,56,-19,-11
1742098353.846133,-73,36,-65
1742098353.881133,-1,-29,-87
1742098353.917133,-26,-75,42
1742098353.9521332,-80,-13,6
1742098353.987133,-106,-5,-25
1742098354.022133,-52,30,4
1742098354.0581331,29,44,-53
1742098354.0941331,-46,4,-33
1742098354.129133,-3,66,-139
1742098354.165133,-5,32,-37
1742098354.200133,-21,-33,-101
1742098354.2351332,4,-99,-79
1742098354.270133,88,-33,-139
1742098354.306133,-13,30,12
1742098354.342133,26,-39,-27
1742098354.3771331,-7,32,30
1742098354.4131331,2,64,62
1742098354.448133,-71,8,-1
1742098354.483133,168,-43,-15
1742098354.5181332,52,-47,-121
1742098354.5541332,62,-59,-91
1742098354.5971332,-15,-43,88
1742098354.6331332,74,-59,-61
1742098354.6691332,50,14,-59
1742098354.704133,22,20,-1
1742098354.7391331,42,0,2
1742098354.774133,-27,16,-115
1742098354.810133,24,-33,36
1742098354.846133,-39,-21,-87
1742098354.881133,58,-7,-139
1742098354.917133,22,-33,46
1742098354.9521332,0,2,-59
1742098354.987133,10,-5,76
1742098355.022133,-1,34,-33
1742098355.0581331,6,54,96
1742098355.0941331,22,58,40
1742098355.129133,-15,-69,-65
1742098355.165133,14,-3,10
1742098355.200133,-9,-53,-71
1742098355.2351332,-49,-31,8
1742098355.270133,16,-9,4
1742098355.306133,-17,32,-39
1742098355.342133,-33,-5,-13
1742098355.3771331,30,64,-79
1742098355.4131331,16,6,42
1742098355.448133,22,100,68
1742098355.483133,26,-37,-73
1742098355.5181332,-73,4,-31
1742098355.5541332,-19,10,-25
1742098355.5901332,-71,-3,-35
1742098355.625133,-25,4,10
1742098355.661133,18,14,-29
1742098355.6961331,-19,32,-55
1742098355.731133,26,8,-47
1742098355.766133,-21,-21,154
1742098355.802133,78,44,-55
1742098355.838133,-29,10,-155
1742098355.8731332,-51,26,-87
1742098355.9091332,106,-39,-7
1742098355.944133,110,38,-43
1742098355.9791331,34,-5,-129
1742098356.0151331,56,-39,-83
1742098356.050133,76,-79,-67
1742098356.086133,-11,20,-45
1742098356.121133,-79,-27,-3
1742098356.157133,-27,-41,-115
1742098356.1921332,-7,36,-93
1742098356.227133,62,-61,-67
1742098356.263133,-71,18,4
1742098356.2981331,38,-49,72
1742098356.3341331,-3,8,-35
1742098356.369133,-17,28,-157
1742098356.405133,12,-1,-91
1742098356.440133,5,4,-93
1742098356.4751332,-16,96,-23
1742098356.5111332,-5,-15,-59
1742098356.546133,12,50,-81
1742098356.582133,-29,14,-103
1742098356.6171331,-35,-67,56
1742098356.6531332,-55,-29,-21
1742098356.688133,8,-3,-117
1742098356.723133,26,-13,-115
1742098356.759133,-21,-19,-145
1742098356.7941332,-31,-37,-15
1742098356.8301332,-21,-55,-133
1742098356.865133,24,28,6
1742098356.901133,14,-5,-95
1742098356.9361331,-31,-21,28
1742098356.971133,-33,-39,-21
1742098357.007133,-11,42,122
1742098357.042133,42,52,-47
1742098357.078133,52,2,-9
1742098357.1131332,-7,0,54
1742098357.149133,-51,66,16
1742098357.184133,-29,22,-31
1742098357.2191331,12,32,54
1742098357.2551332,-71,-31,-171
1742098357.290133,48,24,72
1742098357.326133,90,-19,-57
1742098357.361133,20,52,-65
1742098357.397133,-125,36,54
1742098357.4321332,-47,-41,-135
1742098357.467133,26,44,38
1742098357.503133,44,20,-93
1742098357.5381331,102,-29,-59
1742098357.5741332,-25,48,-47
1742098357.609133,4,-27,-31
1742098357.645133,22,12,-29
1742098357.680133,-11,-7,68
1742098357.7151332,70,52,-129
1742098357.751133,54,-67,54
1742098357.786133,40,44,16
1742098357.822133,16,48,-81
1742098357.8571332,114,-51,0
1742098357.8931332,38,2,-9
1742098357.928133,-5,-21,-35
1742098357.963133,-91,-21,-15
1742098357.999133,16,-51,-3
1742098358.0341332,-13,-63,-29
1742098358.070133,40,-63,-107
1742098358.105133,68,-29,34
1742098358.141133,-27,12,-41
1742098358.177133,4,52,60
1742098358.213133,-21,-43,6
1742098358.249133,-129,-17,-7
1742098358.2841332,22,18,-37
1742098358.319133,-57,12,-83
1742098358.355133,-25,-33,-107
1742098358.391133,-57,22,-119
1742098358.4261332,-85,18,-29
1742098358.4621332,-39,-103,40
1742098358.497133,38,18,26
1742098358.532133,24,-51,-53
1742098358.5671332,56,6,-147
1742098358.6031332,-5,-19,-85
1742098358.639133,-5,-9,-11
1742098358.674133,14,-19,-39
1742098358.710133,22,6,-93
1742098358.7451332,0,48,-207
1742098358.780133,20,20,34
1742098358.815133,2,-25,-87
1742098358.851133,46,74,-59
1742098358.8871331,22,-99,-51
1742098358.922133,-73,0,4
1742098358.958133,-59,-11,-61
1742098358.993133,6,68,2
1742098359.0281332,76,-11,-5
1742098359.063133,26,-45,-77
1742098359.099133,24,-61,-105
1742098359.135133,10,-17,-53
1742098359.170133,-77,-7,-55
1742098359.2061331,-51,-33,-47
1742098359.241133,50,-99,-55
1742098359.276133,-13,-115,-159
1742098359.3111331,54,46,-27
1742098359.3471332,74,-51,-39
1742098359.3831332,30,-35,-17
1742098359.418133,68,22,-63
1742098359.454133,12,2,-5
1742098359.4891331,32,56,-33
1742098359.524133,10,-11,-13
1742098359.559133,-5,38,-57
1742098359.595133,22,-27,-99
1742098359.631133,-15,6,-103
1742098359.6661332,-41,-27,88
1742098359.7021332,58,28,22
1742098359.737133,-45,18,-103
1742098359.772133,12,46,-67
1742098359.8071332,4,22,16
1742098359.843133,22,22,24
1742098359.879133,-21,8,-3
1742098359.914133,44,-11,-157
1742098359.950133,-31,-43,-71
1742098359.9851332,76,-17,-199
1742098360.020133,20,16,0
1742098360.055133,-55,34,2
1742098360.091133,88,16,-81
1742098360.1271331,-39,58,-27
1742098360.162133,12,0,30
1742098360.198133,-97,12,-103
1742098360.233133,52,28,-43
1742098360.2681332,24,4,-145
1742098360.303133,-27,92,-111
1742098360.339133,110,4,8
1742098360.375133,-21,-39,44
1742098360.4101331,66,4,-13
1742098360.4461331,-9,4,18
1742098360.481133,68,-5,26
1742098360.516133,38,-35,-89
1742098360.5511332,4,66,10
1742098360.5871332,60,44,-83
1742098360.6231332,-67,16,-67
1742098360.658133,-27,-27,-109
1742098360.694133,-25,20,10
1742098360.7291331,-39,64,-115
1742098360.764133,-5,-33,-19
1742098360.799133,124,-11,92
1742098360.835133,58,-47,-119
1742098360.871133,-105,-29,-29
1742098360.9061332,-21,18,68
1742098360.9421332,-21,18,-69
1742098360.977133,24,70,-97
1742098361.0121331,56,28,40
1742098361.047133,74,-7,-149
1742098361.083133,14,12,-27
1742098361.119133,14,84,36
1742098361.154133,38,42,-111
1742098361.190133,0,18,6
1742098361.2251332,-37,46,-31
1742098361.260133,12,-29,76
1742098361.295133,-7,-39,-101
1742098361.3311331,76,24,-4
1742098361.3671331,-29,44,-106
1742098361.402133,-17,-9,1
1742098361.438133,14,-97,-44
1742098361.473133,-17,0,5
1742098361.5081332,8,-45,-122
1742098361.543133,70,-95,-42
1742098361.579133,-71,-61,45
1742098361.615133,66,30,-24
1742098361.6501331,-33,24,-24
1742098361.6861331,-27,-13,-68
1742098361.721133,0,-5,-40
1742098361.756133,-3,70,-100
1742098361.7911332,-13,40,15
1742098361.8271332,-27,72,-120
1742098361.8631332,-13,-43,-66
1742098361.898133,-11,44,37
1742098361.934133,10,-73,39
1742098361.9691331,-39,54,-16
1742098362.004133,4,28,-112
1742098362.039133,-93,-13,-28
1742098362.075133,-11,6,-46
1742098362.111133,-23,-39,77
1742098362.1461332,-45,-109,59
1742098362.1821332,76,24,-80
1742098362.217133,-35,24,-42
1742098362.2521331,-41,22,39
1742098362.287133,64,-37,-76
1742098362.323133,-73,22,-56
1742098362.359133,-13,10,71
1742098362.394133,10,-39,41
1742098362.430133,-31,-5,-96
1742098362.4651332,-17,-47,43
1742098362.500133,-27,52,-84
1742098362.5351331,-103,38,25
1742098362.5711331,-23,44,77
1742098362.6071332,-35,-33,-146
1742098362.642133,40,32,33
1742098362.678133,-19,-11,-76
1742098362.713133,44,-11,65
1742098362.7481332,14,-51,-56
1742098362.7841332,-5,6,-2
1742098362.819133,-79,12,-30
1742098362.855133,-17,-1,25
1742098362.8901331,-93,-79,-58
1742098362.9261332,-65,-3,-10
1742098362.961133,16,20,-56
1742098362.996133,-33,-69,9
1742098363.032133,12,-3,33
1742098363.0671332,-39,62,85
1742098363.1031332,6,54,-4
1742098363.138133,-13,12,-14
1742098363.174133,-3,28,-70
1742098363.2091331,-5,4,27
1742098363.244133,12,76,131
1742098363.280133,42,14,51
1742098363.315133,30,10,-112
1742098363.351133,66,50,45
1742098363.3861332,-49,16,-4
1742098363.422133,-61,36,-68
1742098363.457133,34,-25,39
1742098363.4921331,-65,-43,-36
1742098363.5281332,0,22,9
1742098363.563133,-3,-111,45
1742098363.599133,-11,-19,49
1742098363.634133,8,-23,-4
1742098363.670133,64,-57,7
1742098363.7051332,6,-55,13
1742098363.740133,38,-33,-18
1742098363.776133,24,-55,-34
1742098363.8111331,-57,-23,35
1742098363.8471332,96,-35,-164
1742098363.882133,-55,18,17
1742098363.918133,-37,14,-68
1742098363.953133,-11,4,-12
1742098363.9881332,-5,4,51
1742098364.024133,40,2,-42
1742098364.059133,-13,-21,11
1742098364.095133,44,72,61
1742098364.1301332,58,-91,-52
1742098364.1661332,-21,-29,-124
1742098364.201133,86,20,-26
1742098364.236133,-13,4,-126
1742098364.272133,16,-19,3
1742098364.3071332,16,0,-84
1742098364.343133,-17,-17,-14
1742098364.378133,-61,-21,93
1742098364.414133,6,2,-10
1742098364.4491332,18,40,-88
1742098364.484133,-23,30,-94
1742098364.520133,-21,28,-32
1742098364.555133,92,-63,-54
1742098364.598133,-17,26,49
1742098364.634133,-45,-23,-26
1742098364.670133,6,-9,-26
1742098364.7051332,-19,-19,-180
1742098364.740133,0,-27,-132
1742098364.776133,-81,12,9
1742098364.8111331,18,50,-24
1742098364.8471332,24,62,-64
1742098364.882133,24,2,37
1742098364.918133,-67,62,-238
1742098364.953133,-27,-57,-64
1742098364.9881332,-17,-33,-8
1742098365.024133,-19,-19,-44
1742098365.059133,40,-5,-8
1742098365.095133,-61,8,-66
1742098365.1301332,34,2,-12
1742098365.1661332,24,-85,-32
1742098365.2021332,96,18,-58
1742098365.237133,-13,-47,39
1742098365.272133,-25,6,-20
1742098365.3081331,-67,-59,-114
1742098365.3441331,4,-25,5
1742098365.379133,-79,14,17
1742098365.415133,28,-43,13
1742098365.450133,-49,0,-28
1742098365.4851332,-19,48,-26
1742098365.520133,-7,-13,-130
1742098365.556133,60,-59,-88
1742098365.592133,28,48,-88
1742098365.6271331,-39,-39,-22
1742098365.6631331,60,16,63
1742098365.698133,18,-37,39
1742098365.733133,4,-7,-24
1742098365.7681332,-31,8,-88
1742098365.8041332,-53,30,-56
1742098365.8401332,28,-41,-44
1742098365.875133,-29,-29,5
1742098365.911133,-111,-25,19
1742098365.9461331,8,24,-30
1742098365.981133,8,70,-68
1742098366.016133,24,10,-52
1742098366.052133,-25,78,-76
1742098366.088133,20,-9,-70
1742098366.1231332,8,110,-168
1742098366.1591332,-5,8,27
1742098366.194133,0,32,-70
1742098366.2291331,14,24,-44
1742098366.264133,-5,-5,-60
1742098366.300133,-3,104,-178
1742098366.336133,22,26,23
1742098366.371133,-175,32,1
1742098366.407133,62,-17,-28
1742098366.4421332,36,-19,-62
1742098366.477133,-35,-53,-6
1742098366.5121331,0,0,-64
1742098366.5481331,50,-41,-28
1742098366.5841331,90,12,-104
1742098366.619133,-53,-41,-58
1742098366.655133,10,-25,17
1742098366.690133,52,38,-86
1742098366.7251332,42,42,-32
1742098366.760133,8,-15,-58
1742098366.796133,6,-29,-70
1742098366.832133,-9,-41,-76
1742098366.8671331,-25,-5,-12
1742098366.9031332,-51,18,-58
1742098366.938133,32,-23,-14
1742098366.973133,-15,12,-152
1742098367.0081332,-11,-7,-50
1742098367.0441332,-49,-63,-66
1742098367.0801332,48,-9,-126
1742098367.115133,-35,-19,-88
1742098367.151133,-57,-27,-122
1742098367.1861331,-7,6,33
1742098367.221133,-27,-27,9
1742098367.256133,82,12,-212
1742098367.292133,16,-19,-40
1742098367.328133,24,18,-18
1742098367.3631332,18,-35,-46
1742098367.399133,-113,22,69
1742098367.434133,60,24,109
1742098367.4691331,20,26,-46
1742098367.504133,-1,-27,3
1742098367.540133,10,0,13
1742098367.576133,62,-19,43
1742098367.611133,28,-35,-68
1742098367.647133,-43,-29,-74
1742098367.6821332,-43,0,-164
1742098367.717133,-29,8,-2
1742098367.7521331,-9,60,-32
1742098367.7881331,54,82,-122
1742098367.8241332,-51,-15,-60
1742098367.859133,14,118,-46
1742098367.895133,26,-25,-58
1742098367.930133,38,-31,-56
1742098367.9651332,12,-17,85
1742098368.000133,20,6,29
1742098368.036133,20,40,-68
1742098368.072133,-41,84,-110
1742098368.1071332,20,36,-38
1742098368.1431332,54,-49,-52
1742098368.178133,-9,-13,-60
1742098368.213133,18,4,-124
1742098368.2481332,-19,12,-74
1742098368.2841332,-49,-53,-82
1742098368.320133,-39,-13,7
1742098368.355133,-21,10,93
1742098368.391133,-31,54,43
1742098368.4261332,32,-1,31
1742098368.461133,-27,-5,-98
1742098368.496133,-31,34,-88
1742098368.532133,-3,58,-242
1742098368.568133,50,-29,-106
1742098368.6031332,18,-23,-118
1742098368.639133,90,44,-98
1742098368.674133,2,2,1
1742098368.7091331,40,-53,-98
1742098368.744133,60,88,-74
1742098368.780133,-73,40,-136
1742098368.816133,-27,74,-50
1742098368.851133,70,-21,27
1742098368.8871331,12,-39,9
1742098368.922133,22,20,-2
1742098368.957133,90,-51,-76
1742098368.9921331,-45,22,-124
1742098369.0281332,-39,-49,-72
1742098369.0641332,84,38,-28
1742098369.099133,18,76,25
1742098369.135133,22,-35,-96
1742098369.170133,-59,-15,-104
1742098369.2051332,-41,28,75
1742098369.240133,-5,30,-36
1742098369.276133,-15,-1,-22
1742098369.312133,32,0,5
1742098369.3471332,-75,-19,-66
1742098369.3831332,4,-1,-48
1742098369.418133,58,-21,-70
1742098369.453133,-47,-57,31
1742098369.4891331,-83,4,55
1742098369.524133,-19,-23,-22
1742098369.560133,-11,-31,-32
1742098369.595133,36,2,-10
1742098369.631133,-1,-31,-2
1742098369.6661332,6,-23,-80
1742098369.701133,-7,-21,9
1742098369.737133,30,22,-76
1742098369.772133,28,-33,-12
1742098369.8081331,36,-11,29
1742098369.843133,-9,16,-20
1742098369.879133,-27,6,-84
1742098369.914133,-25,6,101
1742098369.9491332,-59,16,-54
1742098369.9851332,-29,70,-42
1742098370.020133,-81,-21,133
1742098370.056133,30,10,-84
1742098370.091133,-43,-13,55
1742098370.1271331,-53,-27,-2
1742098370.162133,12,24,3
1742098370.197133,-59,-59,-58
1742098370.233133,74,-41,37
1742098370.2681332,-47,-79,-46
1742098370.3041332,122,-35,-84
1742098370.339133,-49,-53,-54
1742098370.375133,-23,18,-126
1742098370.4101331,-13,22,-6
1742098370.445133,-27,6,15
1742098370.481133,64,68,9
1742098370.516133,-19,22,-26
1742098370.552133,10,0,-4
1742098370.5871332,30,-15,-26
1742098370.6231332,-35,48,11
1742098370.658133,4,34,17
1742098370.693133,-41,6,-22
1742098370.7291331,24,-19,-50
1742098370.764133,40,6,-14
1742098370.800133,16,-51,-110
1742098370.835133,-11,10,-40
1742098370.871133,102,8,-8
1742098370.9061332,-31,24,47
1742098370.941133,4,-5,23
1742098370.977133,20,-13,-156
1742098371.0121331,14,4,-8
1742098371.0481331,2,36,121
1742098371.083133,54,32,-80
1742098371.119133,-47,18,-4
1742098371.154133,22,-3,-74
1742098371.1891332,32,16,23
1742098371.2251332,-13,-17,-44
1742098371.260133,-35,-1,-18
1742098371.296133,-3,-67,123
1742098371.3311331,-9,-25,-12
1742098371.3671331,-7,4,-84
1742098371.402133,-45,-5,-58
1742098371.437133,40,-15,-70
1742098371.473133,62,36,-52
1742098371.5081332,0,-17,-78
1742098371.5441332,4,12,-90
1742098371.579133,4,42,-138
1742098371.615133,24,-1,95
1742098371.6501331,-1,10,-20
1742098371.685133,4,42,-86
1742098371.721133,16,52,-30
1742098371.756133,-7,22,-10
1742098371.792133,20,-17,-120
1742098371.8271332,-7,4,-80
1742098371.8631332,52,-11,41
1742098371.899133,-91,-11,11
1742098371.935133,20,0,25
1742098371.971133,-9,-11,-84
1742098372.006133,-27,-7,-132
1742098372.0411332,-39,-45,-104
1742098372.0771332,8,48,-66
1742098372.1131332,-55,26,-82
1742098372.148133,14,-29,-120
1742098372.184133,8,-49,-44
1742098372.2191331,0,40,-28
1742098372.254133,-17,34,3
1742098372.289133,50,2,13
1742098372.325133,-119,-7,-20
1742098372.361133,-33,60,-24
1742098372.3961332,8,-85,-50
1742098372.4321332,10,-93,-84
1742098372.467133,40,102,-142
1742098372.5021331,26,-69,37
1742098372.537133,10,-67,-30
1742098372.573133,0,2,83
1742098372.609133,-57,-19,-28
1742098372.644133,-43,-5,-122
1742098372.680133,-75,26,39
1742098372.7151332,10,-25,-84
1742098372.750133,10,10,85
1742098372.7851331,24,-37,11
1742098372.8211331,58,80,9
1742098372.8571332,-53,10,-100
1742098372.892133,6,0,79
1742098372.928133,10,-7,-98
1742098372.963133,-13,14,-34
1742098372.9981332,24,8,-34
1742098373.033133,20,-23,27
1742098373.069133,20,-5,-60
1742098373.105133,32,-63,-68
1742098373.1401331,-23,-5,-50
1742098373.1761332,6,-81,-94
1742098373.211133,-31,-61,-100
1742098373.246133,48,10,27
1742098373.2811332,26,22,73
1742098373.3171332,-43,128,3
1742098373.3531332,38,44,57
1742098373.388133,50,6,-72
1742098373.424133,26,-11,7
1742098373.4591331,56,22,-22
1742098373.494133,-11,-31,-58
1742098373.529133,-21,10,83
1742098373.565133,56,-17,-34
1742098373.601133,18,80,-90
1742098373.6361332,6,38,-92
1742098373.672133,48,2,-76
1742098373.707133,-41,-17,101
1742098373.7421331,102,-51,-34
1742098373.777133,0,66,-88
1742098373.813133,40,10,-178
1742098373.849133,40,-9,-46
1742098373.884133,28,-3,-2
1742098373.920133,16,-1,-88
1742098373.9551332,-35,90,-96
1742098373.990133,60,14,-22
1742098374.0251331,44,-25,-80
1742098374.0611331,32,-1,-24
1742098374.0971332,42,-81,-18
1742098374.132133,58,8,1
1742098374.168133,-49,-65,5
1742098374.203133,14,32,-110
1742098374.2381332,40,20,9
1742098374.273133,-37,-27,-36
1742098374.309133,-49,44,-76
1742098374.345133,12,100,-144
1742098374.3801332,40,-77,-60
1742098374.4161332,0,42,47
1742098374.451133,-73,2,17
1742098374.486133,60,-35,-12
1742098374.5211332,-36,42,-140
1742098374.5571332,15,2,43
1742098374.6001332,-34,-9,-54
1742098374.6361332,-6,32,-156
1742098374.672133,33,-49,-30
1742098374.707133,-12,76,-120
1742098374.7421331,1,-81,-28
1742098374.777133,-12,-133,-44
1742098374.813133,-8,90,23
1742098374.849133,11,-23,43
1742098374.884133,-65,58,-58
1742098374.920133,-3,22,-102
1742098374.9551332,-41,-37,-52
1742098374.990133,0,-3,-14
1742098375.0251331,12,6,39
1742098375.0611331,19,-5,-72
1742098375.0971332,-23,28,-36
1742098375.132133,12,10,23
1742098375.168133,-69,50,-10
1742098375.203133,-25,16,-93
1742098375.2381332,-13,48,-71
1742098375.273133,40,-65,-20
1742098375.309133,30,46,-64
1742098375.345133,-55,-23,-122
1742098375.3801332,4,-29,-28
1742098375.4161332,0,-33,-54
1742098375.451133,8,-41,-104
1742098375.486133,-61,40,-81
1742098375.5211332,-9,-63,-39
1742098375.5571332,-81,6,-124
1742098375.593133,-51,20,-76
1742098375.628133,0,-79,9
1742098375.664133,-25,-65,33
1742098375.6991332,12,32,-26
1742098375.734133,44,-1,-56
1742098375.769133,-21,-15,-20
1742098375.805133,24,-13,31
1742098375.841133,-51,-5,-104
1742098375.876133,-11,30,-108
1742098375.912133,70,-1,17
1742098375.947133,-57,28,-36
1742098375.9821332,-9,-15,-34
1742098376.0181332,6,2,-110
1742098376.053133,54,26,26
1742098376.089133,80,-3,8
1742098376.124133,-23,70,-47
1742098376.1601331,-5,-51,46
1742098376.195133,46,46,-1
1742098376.230133,-25,-51,-103
1742098376.266133,66,-1,-73
1742098376.3011332,-21,86,-103
1742098376.3371332,8,12,-71
1742098376.372133,-63,48,-48
1742098376.408133,-30,68,-114
1742098376.443133,12,-101,-85
1742098376.4781332,-51,20,-1
1742098376.514133,110,-25,80
1742098376.549133,-25,-65,-23
1742098376.585133,-27,-21,16
1742098376.6201332,-77,20,-69
1742098376.6561332,-29,6,-67
1742098376.691133,-13,-107,2
1742098376.726133,-3,-73,-45
1742098376.7621331,68,58,-103
1742098376.797133,-13,46,-103
1742098376.833133,74,-37,-139
1742098376.868133,120,-11,106
1742098376.904133,-47,46,-41
1742098376.9391332,6,-13,-63
1742098376.974133,38,-25,-23
1742098377.010133,0,-53,-5
1742098377.045133,46,42,-67
1742098377.0811331,66,54,-21
1742098377.116133,7,-41,72
1742098377.152133,32,-43,-141
1742098377.187133,-41,10,-21
1742098377.2221332,4,-9,-129
1742098377.2581332,-69,40,14
1742098377.293133,-7,-9,8
1742098377.329133,-83,30,60
1742098377.3641331,-3,-3,-41
1742098377.4001331,-17,42,-9
1742098377.435133,-1,0,24
1742098377.470133,-49,36,-5
1742098377.506133,64,-35,32
1742098377.5411332,28,48,-67
1742098377.5771332,-9,-69,34
1742098377.612133,46,36,4
1742098377.648133,2,-59,-131
1742098377.6831331,34,36,-39
1742098377.718133,-89,-27,-159
1742098377.754133,-49,62,-49
1742098377.789133,-19,-13,-47
1742098377.825133,20,-23,-113
1742098377.8601332,12,-51,-153
1742098377.8961332,-21,10,-215
1742098377.931133,-7,12,-105
1742098377.966133,52,98,110
1742098378.0021331,-73,-9,-15
1742098378.037133,32,16,-103
1742098378.073133,-23,46,-19
1742098378.108133,70,36,-111
1742098378.144133,108,-17,-33
1742098378.1791332,48,20,-89
1742098378.214133,-67,-7,-101
1742098378.250133,-27,30,-91
1742098378.2851331,-45,-43,-31
1742098378.3211331,-35,24,-51
1742098378.356133,8,26,38
1742098378.392133,-29,-57,66
1742098378.427133,30,8,34
1742098378.4621332,-91,12,-113
1742098378.4981332,-67,20,-69
1742098378.533133,-65,78,102
1742098378.569133,94,36,-45
1742098378.6041331,-37,-49,-23
1742098378.6401331,-27,-55,38
1742098378.6761332,0,22,-39
1742098378.7121332,-27,-49,32
1742098378.7481332,-73,-77,12
1742098378.783133,-63,76,-95
1742098378.818133,-5,6,-79
1742098378.8541331,14,-37,-33
1742098378.8901331,-89,82,-169
1742098378.925133,54,26,10
1742098378.961133,-65,-59,-7
1742098378.996133,-21,-31,-11
1742098379.0311332,-53,54,-111
1742098379.066133,32,98,-13
1742098379.102133,-95,36,16
1742098379.138133,-9,-5,88
1742098379.1731331,24,-103,-23
1742098379.2091331,-51,12,-9
1742098379.244133,-13,-63,-27
1742098379.279133,68,-19,70
1742098379.3141332,18,24,22
1742098379.3501332,-37,38,-89
1742098379.3861332,-13,-21,46
1742098379.421133,-67,10,-11
1742098379.457133,24,24,-27
1742098379.4921331,-27,-15,-91
1742098379.527133,34,-19,-71
1742098379.562133,36,18,32
1742098379.598133,24,-21,44
1742098379.634133,-61,-49,-53
1742098379.6691332,-53,40,-7
1742098379.7051332,0,48,-93
1742098379.740133,38,2,52
1742098379.7751331,10,42,-25
1742098379.810133,-11,12,-105
1742098379.846133,4,-11,-7
1742098379.882133,-13,4,74
1742098379.917133,-81,-53,-69
1742098379.953133,-3,-83,-165
1742098379.9881332,38,66,-37
1742098380.023133,98,4,-147
1742098380.0581331,38,-81,-105
1742098380.0941331,-17,-7,-51
1742098380.1301332,-29,-15,-211
1742098380.165133,28,60,30
1742098380.201133,-47,52,-81
1742098380.236133,110,-1,18
1742098380.2711332,2,48,-75
1742098380.306133,-89,32,-41
1742098380.342133,-23,24,-69
1742098380.378133,-25,-33,-9
1742098380.4131331,62,0,-35
1742098380.4491332,-23,-33,-73
1742098380.484133,32,12,-51
1742098380.519133,22,78,32
1742098380.5541332,-55,38,-39
1742098380.5901332,80,72,48
1742098380.626133,-37,-47,-143
1742098380.661133,-53,66,-145
1742098380.697133,-29,-49,-91
1742098380.7321332,-49,20,-65
1742098380.767133,-83,14,-55
1742098380.802133,-19,-9,-17
1742098380.838133,-3,-121,-29
1742098380.874133,12,6,6
1742098380.9091332,-11,-9,-33
1742098380.945133,-11,-3,-13
1742098380.980133,-3,12,-27
1742098381.0151331,-29,2,-85
1742098381.050133,-109,-25,-65
1742098381.086133,-45,40,-29
1742098381.122133,24,48,-107
1742098381.157133,-19,-23,-55
1742098381.193133,-27,-13,6
1742098381.2281332,38,0,-83
1742098381.263133,8,-9,-93
1742098381.2981331,-5,34,64
1742098381.3341331,22,-19,38
1742098381.3701332,-37,-13,-7
1742098381.405133,-79,8,-155
1742098381.441133,50,38,-21
1742098381.476133,-57,18,-35
1742098381.5111332,-17,-85,-175
1742098381.546133,68,-49,72
1742098381.582133,0,-85,130
1742098381.618133,0,38,-31
1742098381.6531332,16,-49,-13
1742098381.6891332,38,50,28
1742098381.724133,-3,-57,-109
1742098381.759133,-17,-5,-11
1742098381.7941332,-5,56,-119
1742098381.8301332,40,70,-17
1742098381.866133,2,-21,-93
1742098381.901133,-25,22,48
1742098381.937133,14,-29,-60
1742098381.9721332,38,8,1
1742098382.007133,14,-37,-70
1742098382.042133,20,24,-108
1742098382.078133,-13,-5,-142
1742098382.1141331,-3,-15,-32
1742098382.149133,-95,-17,-88
1742098382.185133,54,-3,-68
1742098382.220133,28,12,5
1742098382.2551332,-65,6,-68
1742098382.290133,6,-35,-80
1742098382.326133,42,16,13
1742098382.362133,40,-63,-16
1742098382.397133,-55,22,53
1742098382.4331331,-21,58,-54
1742098382.468133,-21,-43,7
1742098382.503133,-3,-3,-100
1742098382.5381331,90,-57,3
1742098382.5741332,68,-71,-104
1742098382.6101332,-23,-69,49
1742098382.645133,8,4,-16
1742098382.681133,72,12,-58
1742098382.716133,-75,50,47
1742098382.751133,-81,-15,-34
1742098382.786133,54,56,-40
1742098382.822133,12,-29,-88
1742098382.858133,48,-43,-54
1742098382.8931332,0,-29,-50
1742098382.9291332,68,58,-20
1742098382.964133,-43,-31,-66
1742098382.999133,12,2,-32
1742098383.0351331,8,-11,-34
1742098383.070133,22,48,-22
1742098383.106133,-11,74,37
1742098383.141133,-15,-91,-38
1742098383.177133,-9,-17,-30
1742098383.2121332,10,18,7
1742098383.247133,-47,-29,-48
1742098383.283133,50,48,-104
1742098383.318133,4,-39,-18
1742098383.3541331,-15,20,-20
1742098383.389133,20,-49,-54
1742098383.425133,34,58,-100
1742098383.460133,10,16,-6
1742098383.4951332,-17,-1,41
1742098383.5311332,4,-53,21
1742098383.566133,60,18,-64
1742098383.602133,42,-37,55
1742098383.6371331,46,8,-94
1742098383.6731331,-27,-29,-24
1742098383.708133,16,6,57
1742098383.743133,-11,24,37
1742098383.779133,36,20,29
1742098383.8141332,34,2,53
1742098383.8501332,-21,-1,-48
1742098383.885133,-3,-63,-10
1742098383.921133,-31,30,-134
1742098383.9561331,-109,24,-108
1742098383.991133,-5,-59,-80
1742098384.027133,-89,96,25
1742098384.062133,-7,76,85
1742098384.098133,-37,-61,-144
1742098384.1331332,28,44,-150
1742098384.1691332,-19,40,-32
1742098384.204133,4,48,-14
1742098384.2391331,38,-9,-72
1742098384.2751331,50,-13,-88
1742098384.310133,28,-1,-24
1742098384.346133,16,8,73
1742098384.381133,-49,16,-102
1742098384.417133,-21,-11,-4
1742098384.4521332,48,-41,-74
1742098384.487133,66,30,-4
1742098384.523133,-41,-13,-138
1742098384.5581331,48,-63,-170
1742098384.601133,22,-43,-16
1742098384.6371331,-31,4,49
1742098384.6731331,-23,-31,-42
1742098384.708133,68,86,-144
1742098384.743133,126,26,-122
1742098384.779133,64,-29,-70
1742098384.8141332,42,28,-106
1742098384.8501332,26,-9,-20
1742098384.885133,-47,26,-8
1742098384.921133,86,18,-40
1742098384.9561331,-68,-61,37
1742098384.991133,-56,-31,-48
1742098385.027133,0,76,-32
1742098385.062133,25,-53,-84
1742098385.098133,0,12,15
1742098385.1331332,79,10,-90
1742098385.1691332,21,-27,-96
1742098385.204133,53,0,-16
1742098385.2391331,-7,8,17
1742098385.2751331,4,-35,-118
1742098385.310133,8,-29,31
1742098385.346133,126,48,-36
1742098385.381133,48,10,-10
1742098385.417133,38,34,31
1742098385.453133,2,32,3
1742098385.4881332,-19,40,5
1742098385.523133,-79,62,-84
1742098385.559133,22,30,-92
1742098385.595133,36,32,-142
1742098385.6301332,86,32,-94
1742098385.6661332,-5,-27,-118
1742098385.701133,-23,16,-40
1742098385.736133,44,-17,-22
1742098385.7711332,-71,-39,-216
1742098385.8071332,-95,-7,-84
1742098385.843133,-51,-31,-122
1742098385.878133,20,-3,-158
1742098385.914133,-41,-35,-86
1742098385.9491332,50,-17,-122
1742098385.984133,38,56,-68
1742098386.019133,-91,64,-146
1742098386.055133,-9,6,-4
1742098386.091133,74,-23,65
1742098386.126133,-17,-33,11
1742098386.162133,-93,-83,-152
1742098386.197133,2,-61,-26
1742098386.2321332,0,-1,-35
1742098386.267133,18,-21,-49
1742098386.303133,-31,64,56
1742098386.339133,-27,-5,38
1742098386.374133,70,-11,16
1742098386.4101331,-9,-45,38
1742098386.445133,12,-39,74
1742098386.480133,-81,-17,14
1742098386.5151331,-59,0,-89
1742098386.5511332,-41,76,-77
1742098386.5871332,-83,-91,-27
1742098386.622133,68,18,-177
1742098386.658133,58,20,32
1742098386.693133,4,-45,44
1742098386.7281332,-161,-53,-59
1742098386.763133,-101,-19,70
1742098386.799133,20,-39,-103
1742098386.835133,-59,2,-23
1742098386.8701332,22,-67,-37
1742098386.9061332,60,-5,78
1742098386.941133,-87,-63,-31
1742098386.976133,-53,66,-127
1742098387.0111332,-37,14,12
1742098387.047133,-59,22,4
1742098387.083133,-29,-9,-95
1742098387.118133,48,26,-133
1742098387.154133,26,-67,-39
1742098387.1891332,-109,-43,-51
1742098387.224133,-9,-31,-41
1742098387.259133,50,-45,-45
1742098387.295133,-5,-7,-73
1742098387.3311331,-49,64,-51
1742098387.366133,38,10,-23
1742098387.402133,-41,-57,-175
1742098387.437133,72,34,-49
1742098387.4721332,-7,-61,-69
1742098387.507133,-51,28,-89
1742098387.543133,-113,-31,-35
1742098387.579133,-1,-5,-79
1742098387.6141331,2,-5,10
1742098387.6501331,12,-15,-55
1742098387.685133,42,4,-101
1742098387.720133,12,-37,-113
1742098387.7551332,-3,14,8
1742098387.7911332,76,-1,54
1742098387.8271332,38,82,0
1742098387.862133,46,-3,44
1742098387.898133,-19,40,-67
1742098387.9331331,-23,-75,6
1742098387.968133,56,32,12
1742098388.003133,34,-19,-53
1742098388.039133,-47,-3,-33
1742098388.075133,4,8,-147
1742098388.1101332,-3,6,-59
1742098388.1461332,-11,14,-35
1742098388.181133,-9,-35,62
1742098388.216133,46,-33,-33
1742098388.251133,-41,-51,-51
1742098388.287133,64,42,-21
1742098388.323133,-37,-49,-139
1742098388.358133,-49,16,-45
1742098388.394133,16,62,114
1742098388.4291332,-63,26,64
1742098388.464133,-33,-83,106
1742098388.499133,-13,0,-105
1742098388.5351331,42,-17,-167
1742098388.5711331,2,22,88
1742098388.606133,2,-11,-39
1742098388.642133,18,-23,28
1742098388.677133,26,26,124
1742098388.7121332,12,-9,-11
1742098388.747133,94,122,-41
1742098388.783133,76,62,-95
1742098388.819133,-21,-21,-53
1742098388.8541331,-47,-19,-11
1742098388.8901331,32,14,-127
1742098388.925133,-45,40,-67
1742098388.960133,22,-77,-11
1742098388.9951332,40,58,-65
1742098389.0311332,-5,-37,-95
1742098389.0671332,-21,-1,-45
1742098389.102133,46,28,-49
1742098389.138133,-99,2,-65
1742098389.1731331,-47,-33,-61
1742098389.208133,-33,-49,-127
1742098389.243133,-31,-3,-27
1742098389.279133,-119,-59,-165
1742098389.315133,-23,-73,60
1742098389.3501332,-57,-49,-45
1742098389.3861332,-45,-7,46
1742098389.421133,-65,12,-103
1742098389.4561331,4,18,-179
1742098389.491133,-45,62,-127
1742098389.527133,-31,16,-99
1742098389.563133,64,-25,74
1742098389.598133,8,-3,-191
1742098389.634133,-39,-37,130
1742098389.6691332,-75,22,-35
1742098389.704133,2,-27,22
1742098389.740133,-71,-23,48
1742098389.7751331,-35,-5,-39
1742098389.8111331,14,36,52
1742098389.846133,22,-9,-97
1742098389.882133,4,-41,-15
1742098389.917133,-19,2,24
1742098389.9521332,16,-27,-69
1742098389.9881332,14,-5,-95
1742098390.023133,-95,72,-69
1742098390.059133,62,18,10
1742098390.0941331,34,-23,-81
1742098390.1301332,-40,24,-69
1742098390.165133,-22,-9,-89
1742098390.200133,27,84,-37
1742098390.236133,-49,38,-69
1742098390.2711332,58,-45,-21
1742098390.3071332,-31,-21,56
1742098390.342133,-63,44,-23
1742098390.378133,56,-27,58
1742098390.4131331,-5,0,-39
1742098390.448133,-13,-71,-125
1742098390.484133,90,-1,-91
1742098390.519133,36,-13,-85
1742098390.555133,-61,76,-85
1742098390.5901332,40,-11,-63
1742098390.626133,5,-49,-33
1742098390.661133,-30,42,-105
1742098390.6961331,-34,8,-3
1742098390.7321332,3,38,-41
1742098390.767133,1,-1,62
1742098390.803133,25,-15,-3
1742098390.838133,53,-23,-55
1742098390.874133,-24,16,-85
1742098390.9091332,33,62,-13
1742098390.944133,11,-11,-57
1742098390.980133,-6,30,-105
1742098391.0151331,-34,18,40
1742098391.0511332,-53,-17,-121
1742098391.086133,-32,-3,-11
1742098391.122133,14,30,-63
1742098391.157133,8,16,16
1742098391.1921332,16,46,8
1742098391.2281332,-95,12,-127
1742098391.263133,53,-21,-47
1742098391.299133,-24,-31,-33
1742098391.3341331,-35,38,-97
1742098391.3701332,26,-47,-45
1742098391.405133,54,2,40
1742098391.440133,14,-23,-47
1742098391.476133,-9,-19,8
1742098391.5111332,4,28,6
1742098391.547133,10,28,-63
1742098391.582133,-87,52,-131
1742098391.618133,-29,36,-115
1742098391.6531332,72,-49,-125
1742098391.688133,24,24,-79
1742098391.724133,18,34,-55
1742098391.759133,-25,70,-59
1742098391.795133,-57,-39,-109
1742098391.8301332,-57,10,-107
1742098391.866133,38,4,100
1742098391.901133,96,-31,-73
1742098391.9361331,14,-1,-43
1742098391.9721332,14,-25,-121
1742098392.007133,46,-57,-25
1742098392.043133,-52,20,-1
1742098392.078133,-60,46,-13
1742098392.1141331,-14,-79,60
1742098392.1501331,-98,0,-57
1742098392.1861331,-112,-65,-105
1742098392.2221332,-26,-25,-13
1742098392.257133,19,12,-99
1742098392.292133,-42,-37,-105
1742098392.328133,-58,42,58
1742098392.3641331,-70,-1,44
1742098392.399133,35,14,-13
1742098392.435133,-44,-33,-127
1742098392.470133,19,-74,-133
1742098392.5051332,-42,17,-85
1742098392.540133,7,-10,10
1742098392.576133,31,1,-57
1742098392.612133,-26,-42,-171
1742098392.647133,33,-6,64
1742098392.6831331,1,89,-41
1742098392.718133,95,15,-67
1742098392.753133,51,5,-109
1742098392.7881331,1,7,28
1742098392.8241332,13,-46,-59
1742098392.8601332,-12,17,-67
1742098392.895133,15,99,-113
1742098392.931133,-20,-13,22
1742098392.966133,27,0,-37
1742098393.001133,19,28,-73
1742098393.036133,-16,-7,8
1742098393.072133,2,40,-10
1742098393.108133,0,30,-153
1742098393.1431332,9,-45,-46
1742098393.1791332,-44,-43,-41
1742098393.214133,-6,-1,-45
1742098393.249133,23,20,20
1742098393.2841332,55,43,94
1742098393.320133,-16,9,-27
1742098393.356133,13,41,-119
1742098393.391133,7,19,114
1742098393.427133,9,9,-135
1742098393.4621332,-14,-16,114
1742098393.497133,-8,-51,-127
1742098393.532133,-50,62,-23
1742098393.568133,73,-1,22
1742098393.6041331,-54,30,-77
1742098393.639133,45,56,-55
1742098393.675133,53,-25,-73
1742098393.710133,41,-17,-19
1742098393.7451332,39,-1,-123
1742098393.780133,-78,-97,42
1742098393.816133,18,-7,-155
1742098393.852133,-4,-49,-26
1742098393.8871331,-30,-43,-82
1742098393.9231331,-14,46,-24
1742098393.958133,-55,14,-64
1742098393.993133,4,36,15
1742098394.0281332,-31,64,-84
1742098394.0641332,14,-15,-36
1742098394.1001332,62,14,-62
1742098394.135133,-15,2,-104
1742098394.171133,-11,-23,15
1742098394.2061331,2,-19,25
1742098394.241133,6,-51,-8
1742098394.276133,-53,-1,-18
1742098394.312133,100,-5,-12
1742098394.348133,25,72,-64
1742098394.3831332,0,34,-24
1742098394.4191332,17,-9,-24
1742098394.454133,-48,44,-12
1742098394.4891331,0,-61,113
1742098394.524133,40,4,-70
1742098394.560133,24,-67,-90
1742098394.6031332,-55,28,-108
1742098394.639133,-13,-9,-2
1742098394.675133,46,34,-110
1742098394.710133,-7,-73,-26
1742098394.7451332,-95,30,11
1742098394.780133,-41,-51,-30
1742098394.816133,55,-15,-42
1742098394.852133,-39,4,73
1742098394.8871331,-41,44,3
1742098394.9231331,38,6,-118
1742098394.958133,-40,-55,-18
1742098394.993133,5,-7,43
1742098395.0281332,-10,32,-52
1742098395.0641332,-2,44,-20
1742098395.1001332,-28,-63,-8
1742098395.135133,3,54,31
1742098395.171133,-8,-27,-4
1742098395.2061331,-2,42,-52
1742098395.241133,-48,48,-12
1742098395.276133,-12,-67,-48
1742098395.312133,-8,-3,-90
1742098395.348133,-16,-13,-198
1742098395.3831332,-66,-55,33
1742098395.4191332,35,-31,63
1742098395.454133,-71,-9,57
1742098395.4891331,28,10,65
1742098395.524133,20,44,-60
1742098395.560133,-35,-25,-44
1742098395.596133,-45,-29,77
1742098395.631133,28,8,-90
1742098395.667133,-69,-17,-42
1742098395.7021332,-43,-7,-56
1742098395.737133,-19,-101,7
1742098395.772133,76,20,-70
1742098395.8081331,50,-59,-26
1742098395.8441331,-7,20,-86
1742098395.879133,36,-9,-40
1742098395.915133,-41,-15,-92
1742098395.950133,-3,-25,-42
1742098395.9851332,-23,100,-72
1742098396.020133,32,16,-116
1742098396.056133,36,-37,-172
1742098396.092133,58,-37,19
1742098396.1271331,-7,-7,-78
1742098396.1631331,16,-79,-68
1742098396.198133,-3,-7,-136
1742098396.233133,64,8,-136
1742098396.2681332,44,-11,-110
1742098396.3041332,-63,-19,-140
1742098396.3401332,-17,-17,-8
1742098396.375133,-37,-41,-6
1742098396.411133,-19,-25,53
1742098396.4461331,12,6,95
1742098396.481133,-1,14,-30
1742098396.517133,-53,-19,29
1742098396.552133,-91,72,3
1742098396.588133,32,-63,-152
1742098396.6231332,-17,-39,-8
1742098396.6591332,-49,-59,-88
1742098396.694133,32,-25,-120
1742098396.7291331,28,0,-14
1742098396.7651331,2,34,-34
1742098396.800133,40,-69,-16
1742098396.836133,-1,-47,-34
1742098396.871133,-77,4,-56
1742098396.907133,-73,-47,-56
1742098396.9421332,-59,-27,-32
1742098396.977133,32,38,-50
1742098397.013133,12,-13,-48
1742098397.0481331,20,48,-114
1742098397.0841331,-33,-55,35
1742098397.119133,-71,2,-18
1742098397.155133,-49,-43,-92
1742098397.190133,-15,-31,-88
1742098397.2251332,-19,12,-80
1742098397.2611332,-73,66,17
1742098397.296133,0,-37,-20
1742098397.332133,-23,-35,-144
1742098397.3671331,-9,-13,3
1742098397.4031332,-51,42,43
1742098397.438133,14,-51,15
1742098397.473133,82,-19,-100
1742098397.509133,82,-1,-62
1742098397.5441332,30,-11,27
1742098397.5801332,18,-43,-162
1742098397.615133,-31,-95,-92
1742098397.651133,58,66,-36
1742098397.6861331,4,-29,-66
1742098397.721133,-5,-41,-30
1742098397.757133,-7,22,-112
1742098397.792133,2,-39,-116
1742098397.828133,42,-95,-132
1742098397.8631332,-3,66,23
1742098397.899133,-50,8,147
1742098397.934133,-14,24,-84
1742098397.9691331,-104,-9,13
1742098398.0051332,34,-57,-80
1742098398.040133,-2,-11,-124
1742098398.076133,8,-1,-54
1742098398.111133,-52,-7,-54
1742098398.147133,35,-25,-50
1742098398.1821332,121,-41,-4
1742098398.217133,-56,58,-100
1742098398.253133,63,-21,3
1742098398.2881331,-91,-31,49
1742098398.3241332,30,-29,-106
1742098398.359133,44,6,-126
1742098398.395133,-13,2,67
1742098398.430133,-27,-7,-66
1742098398.4651332,-15,62,-18
1742098398.501133,50,18,-38
1742098398.536133,70,2,19
1742098398.572133,-45,12,-48
1742098398.6071332,-67,2,-20
1742098398.6431332,2,-17,-18
1742098398.678133,-19,18,51
1742098398.713133,-47,48,-32
1742098398.749133,-39,66,-114
1742098398.7841332,76,30,19
1742098398.820133,22,58,13
1742098398.855133,76,-11,29
1742098398.891133,18,10,-84
1742098398.927133,48,28,-28
1742098398.9621332,52,36,29
1742098398.997133,4,-15,-42
1742098399.033133,-83,-5,1
1742098399.069133,4,24,47
1742098399.1041331,66,14,-60
1742098399.1401331,-11,44,-114
1742098399.175133,36,-71,-50
1742098399.210133,-17,32,-116
1742098399.2451332,-55,22,-6
1742098399.2811332,-27,20,21
1742098399.3171332,-86,14,-28
1742098399.352133,57,-3,-84
1742098399.388133,-8,34,89
1742098399.4231331,29,-1,-102
1742098399.458133,-14,22,-88
1742098399.493133,-28,-43,-66
1742098399.529133,-20,48,133
1742098399.565133,-20,28,-4
1742098399.6001332,-4,-25,-8
1742098399.6361332,57,-3,-6
1742098399.671133,-56,60,-10
1742098399.7061331,-26,2,59
1742098399.741133,-26,-71,-98
1742098399.777133,59,56,3
1742098399.813133,-34,-41,-16
1742098399.848133,-11,-61,-56
1742098399.884133,-28,2,-130
1742098399.9191332,-14,-17,-228
1742098399.954133,44,-15,-44
1742098399.9891331,-45,-5,47
1742098400.0251331,-85,48,-84
1742098400.0611331,-115,-57,77
1742098400.096133,-11,-37,-70
1742098400.132133,88,26,105
1742098400.167133,-33,-43,-72
1742098400.2021332,0,-23,-54
1742098400.237133,-39,-53,-44
1742098400.273133,-21,-17,1
1742098400.309133,22,26,-62
1742098400.3441331,64,-57,-24
1742098400.3801332,-37,12,-44
1742098400.415133,76,-23,-42
1742098400.450133,84,10,73
1742098400.4851332,22,20,-42
1742098400.5211332,2,-81,-46
1742098400.5571332,8,20,-92
1742098400.592133,38,-69,45
1742098400.628133,-13,4,-46
1742098400.6631331,110,26,1
1742098400.698133,8,52,13
1742098400.733133,-41,-1,67
1742098400.769133,2,-11,-60
1742098400.805133,-11,56,-22
1742098400.8401332,4,10,-80
1742098400.876133,-25,-19,5
1742098400.911133,6,4,-148
1742098400.9461331,-47,0,-106
1742098400.981133,16,32,-178
1742098401.017133,-11,-3,-24
1742098401.053133,-7,-15,-4
1742098401.088133,42,-13,-84
1742098401.124133,-53,-3,-22
1742098401.1591332,44,18,-36
1742098401.194133,24,-81,-80
1742098401.2291331,10,-27,-6
1742098401.2651331,-65,-7,33
1742098401.3011332,-9,-19,-52
1742098401.336133,-23,-39,-108
1742098401.372133,-35,-7,39
1742098401.407133,-51,42,9
1742098401.4421332,-1,-33,-160
1742098401.477133,-27,-61,43
1742098401.513133,-35,-41,-176
1742098401.549133,20,-9,-122
1742098401.5841331,34,-75,53
1742098401.6201332,-63,22,21
1742098401.655133,24,42,-58
1742098401.690133,-13,-21,-98
1742098401.7251332,-37,26,-172
1742098401.7611332,20,-109,-8
1742098401.797133,-29,-25,-20
1742098401.832133,-49,56,83
1742098401.868133,-53,-3,-44
1742098401.9031332,0,12,-10
1742098401.938133,-17,26,27
1742098401.973133,44,-19,101
1742098402.009133,-43,0,-54
1742098402.045133,10,2,-138
1742098402.0801332,10,-51,41
1742098402.116133,-33,36,-96
1742098402.151133,-61,36,-24
1742098402.1861331,104,-39,-80
1742098402.221133,-1,0,25
1742098402.257133,36,-61,-82
1742098402.293133,26,-53,-38
1742098402.328133,-53,64,-50
1742098402.3641331,-41,-5,-126
1742098402.399133,68,-71,-44
1742098402.434133,28,26,-230
1742098402.4691331,52,-53,-82
1742098402.5051332,148,80,-152
1742098402.5411332,-7,-51,-102
1742098402.576133,4,-7,-6
1742098402.612133,68,48,-18
1742098402.647133,-23,18,17
1742098402.6821332,80,-59,-94
1742098402.717133,-13,72,15
1742098402.753133,20,4,-50
1742098402.789133,22,-25,-110
1742098402.8241332,-75,-33,27
1742098402.8601332,-41,-4,0
1742098402.8961332,30,52,17
1742098402.9321332,16,4,-40
1742098402.967133,-13,-3,17
1742098403.0021331,6,18,65
1742098403.037133,24,-81,-12
1742098403.073133,32,8,33
1742098403.109133,22,40,53
1742098403.144133,2,76,-60
1742098403.180133,-31,54,-113
1742098403.2151332,-21,26,-85
1742098403.250133,36,-1,-95
1742098403.286133,20,8,-53
1742098403.3211331,-3,20,-127
1742098403.3571332,30,80,10
1742098403.392133,-73,-49,-97
1742098403.428133,-53,114,-3
1742098403.463133,-75,-19,-83
1742098403.4981332,66,-61,44
1742098403.5341332,-17,8,-41
1742098403.569133,18,2,-113
1742098403.605133,-1,-23,86
1742098403.6401331,32,2,-63
1742098403.6761332,44,14,-9
1742098403.711133,-31,24,26
1742098403.746133,34,-25,-67
1742098403.782133,40,32,-103
1742098403.8171332,-1,-19,-153
1742098403.8531332,-31,-29,-3
1742098403.888133,-31,46,-51
1742098403.924133,58,42,-73
1742098403.9591331,-83,-71,-53
1742098403.994133,12,12,-107
1742098404.030133,-53,-75,64
1742098404.065133,-19,70,-177
1742098404.101133,-15,2,-87
1742098404.1361332,-61,90,50
1742098404.172133,10,54,-57
1742098404.207133,50,-65,6
1742098404.2421331,-45,-69,20
1742098404.2781332,10,-41,-55
1742098404.313133,-13,14,-7
1742098404.349133,-57,38,-83
1742098404.384133,66,-27,-71
1742098404.420133,-23,-37,28
1742098404.4551332,-73,-33,66
1742098404.490133,-5,22,-21
1742098404.526133,-35,-27,54
1742098404.5611331,-13,-31,-95
1742098404.6041331,-17,46,12
1742098404.6401331,-27,32,90
1742098404.6761332,-7,-27,-15
1742098404.711133,-29,-5,26
1742098404.746133,30,0,64
1742098404.782133,10,2,-81
1742098404.8171332,-61,12,-155
1742098404.8531332,42,68,-75
1742098404.888133,-31,36,-41
1742098404.924133,32,24,-59
1742098404.9591331,74,36,-49
1742098404.994133,6,-49,-69
1742098405.030133,68,40,6
1742098405.065133,32,-45,-111
1742098405.101133,-85,-27,-27
1742098405.1361332,-3,-5,-17
1742098405.172133,-1,-53,-51
1742098405.207133,32,14,-115
1742098405.2421331,-17,-75,-95
1742098405.2781332,36,52,124
1742098405.313133,54,18,-23
1742098405.349133,46,-79,54
1742098405.384133,24,76,-143
1742098405.420133,-49,8,-77
1742098405.4551332,48,-33,-135
1742098405.490133,72,-31,-53
1742098405.526133,4,-113,-5
1742098405.5611331,36,-7,-37
1742098405.5971332,54,4,66
1742098405.632133,6,-73,36
1742098405.668133,8,-11,-137
1742098405.704133,-27,50,-51
1742098405.740133,56,52,22
1742098405.776133,-61,60,-69
1742098405.812133,4,-21,36
1742098405.848133,0,-21,-71
1742098405.8831332,26,-105,8
1742098405.918133,42,22,14
1742098405.954133,30,-13,32
1742098405.990133,18,42,30
1742098406.0251331,-29,-43,-1
1742098406.0611331,38,-15,-1
1742098406.096133,-13,14,64
1742098406.131133,12,-3,80
1742098406.1661332,60,-55,28
1742098406.2021332,-13,12,88
1742098406.2381332,34,-33,-103
1742098406.273133,70,-3,74
1742098406.309133,-63,-43,82
1742098406.3441331,-67,-1,-93
1742098406.379133,-21,-15,62
1742098406.414133,-15,-59,-71
1742098406.450133,58,36,-45
1742098406.486133,-7,-45,-3
1742098406.5211332,22,-35,68
1742098406.5571332,48,-5,-73
1742098406.592133,-91,12,-97
1742098406.6271331,16,48,-165
1742098406.662133,-1,-59,-65
1742098406.698133,30,-25,-5
1742098406.734133,-15,-27,64
1742098406.769133,-45,24,-105
1742098406.805133,42,36,-35
1742098406.8401332,62,-19,-65
1742098406.875133,-17,20,-37
1742098406.9101331,-27,68,-37
1742098406.9461331,-15,42,-155
1742098406.9821332,-27,-71,-67
1742098407.017133,-45,62,-165
1742098407.053133,52,44,-173
1742098407.088133,40,-127,-47
1742098407.1231332,10,-5,38
1742098407.158133,-5,-27,-103
1742098407.194133,24,4,-53
1742098407.230133,-19,24,-87
1742098407.2651331,-7,-57,-53
1742098407.3011332,2,-21,40
1742098407.336133,-35,36,-81
1742098407.371133,-57,-61,-13
1742098407.4061332,-15,-19,-59
1742098407.4421332,8,14,2
1742098407.4781332,-13,18,74
1742098407.513133,-15,-3,16
1742098407.549133,18,-39,-55
1742098407.5841331,20,60,-43
1742098407.619133,6,82,-13
1742098407.654133,-29,-71,-147
1742098407.690133,-13,10,-69
1742098407.726133,68,2,-93
1742098407.7611332,-35,8,-107
1742098407.797133,28,32,54
1742098407.832133,-23,-19,-163
1742098407.8671331,-31,18,-19
1742098407.902133,46,-27,74
1742098407.938133,-15,28,-95
1742098407.974133,-53,-17,-23
1742098408.009133,-93,22,-143
1742098408.045133,70,-43,-25
1742098408.0801332,28,-11,-65
1742098408.115133,-35,34,-51
1742098408.1501331,-77,-25,-77
1742098408.1861331,-17,-45,90
1742098408.2221332,-55,34,-3
1742098408.257133,50,-13,6
1742098408.293133,-21,-53,-13
1742098408.328133,22,-1,66
1742098408.3631332,-51,22,-101
1742098408.398133,-31,66,-109
1742098408.434133,34,-43,-67
1742098408.470133,66,-17,-23
1742098408.5051332,-11,-35,6
1742098408.5411332,-73,34,-21
1742098408.576133,28,-11,0
1742098408.611133,74,16,18
1742098408.6461332,56,-35,-35
1742098408.6821332,-33,-49,-3
1742098408.718133,-33,14,-51
1742098408.753133,4,34,50
1742098408.789133,4,-79,-139
1742098408.8241332,-15,-21,-133
1742098408.859133,10,-25,-85
1742098408.894133,22,-35,22
1742098408.930133,24,-3,110
1742098408.966133,22,4,22
1742098409.001133,74,72,-9
1742098409.037133,-7,32,-169
1742098409.072133,10,12,22
1742098409.1071332,-33,22,30
1742098409.142133,-59,-42,24
1742098409.178133,-61,-48,-69
1742098409.214133,22,-18,74
1742098409.249133,-25,13,-73
1742098409.2851331,-9,91,0
1742098409.320133,-23,-48,-53
1742098409.355133,-35,-2,-107
1742098409.3901331,14,1,78
1742098409.4261332,118,21,-111
1742098409.4621332,104,24,130
1742098409.497133,4,-32,98
1742098409.533133,-33,43,16
1742098409.568133,8,0,40
1742098409.6031332,-11,52,52
1742098409.638133,46,34,82
1742098409.674133,-65,80,74
1742098409.710133,28,-5,70
1742098409.7451332,-77,68,110
1742098409.7811332,-63,-45,-137
1742098409.816133,-15,-85,-17
1742098409.851133,-27,48,-37
1742098409.8861332,-33,-73,0
1742098409.922133,-13,34,10
1742098409.958133,-11,-15,128
1742098409.993133,88,16,-5
1742098410.029133,-35,12,28
1742098410.0641332,-23,-11,6
1742098410.099133,-31,50,-97
1742098410.135133,-39,26,-63
1742098410.170133,-17,8,-61
1742098410.2061331,20,-55,4
1742098410.241133,22,40,22
1742098410.277133,-11,50,-165
1742098410.312133,-17,-15,-69
1742098410.3471332,44,-61,68
1742098410.3831332,-3,66,-7
1742098410.418133,-11,72,-47
1742098410.454133,34,-3,-97
1742098410.4891331,-3,32,90
1742098410.5251331,48,-3,60
1742098410.560133,-23,-9,34
1742098410.595133,-51,84,-47
1742098410.631133,-75,-3,-35
1742098410.6661332,16,2,-29
1742098410.7021332,-27,6,22
1742098410.737133,54,-49,-55
1742098410.773133,6,44,38
1742098410.8081331,30,-55,4
1742098410.843133,6,0,-71
1742098410.879133,10,4,-99
1742098410.914133,-81,-27,-57
1742098410.950133,-27,-37,-55
1742098410.9851332,-11,-73,-95
1742098411.0211332,8,24,-15
1742098411.056133,86,8,-67
1742098411.091133,-25,18,-113
1742098411.1271331,-17,-21,4
1742098411.162133,-29,-95,98
1742098411.198133,-49,32,110
1742098411.233133,-57,90,94
1742098411.269133,-47,36,-29
1742098411.3041332,30,38,-95
1742098411.339133,-31,-5,-77
1742098411.375133,-37,-35,14
1742098411.4101331,76,-25,-29
1742098411.4461331,-1,-101,-107
1742098411.481133,16,-37,-61
1742098411.517133,-51,34,-85
1742098411.552133,4,-43,-77
1742098411.5871332,-45,-37,-9
1742098411.6231332,-57,64,66
1742098411.658133,46,10,-121
1742098411.694133,10,-33,42
1742098411.7291331,-53,-53,50
1742098411.7651331,76,-27,134
1742098411.800133,-19,32,-3
1742098411.835133,-21,20,-117
1742098411.871133,12,-15,-19
1742098411.9061332,-27,20,-97
1742098411.9421332,44,-33,-49
1742098411.977133,-29,-41,-29
1742098412.013133,8,-15,-131
1742098412.0481331,-21,-71,-33
1742098412.083133,-87,26,-113
1742098412.119133,40,42,16
1742098412.154133,-93,-41,-69
1742098412.190133,0,-43,-5
1742098412.2251332,-61,6,-53
1742098412.2611332,-1,-43,8
1742098412.296133,-23,-43,-89
1742098412.3311331,-31,18,-155
1742098412.3671331,-23,24,104
1742098412.402133,-55,30,40
1742098412.438133,-13,-51,24
1742098412.473133,-25,-21,24
1742098412.509133,-17,-45,-61
1742098412.545133,-129,28,30
1742098412.5801332,16,-39,-7
1742098412.615133,54,44,28
1742098412.651133,-43,10,66
1742098412.687133,-15,-9,32
1742098412.7221332,-91,14,-83
1742098412.7581332,90,-13,-98
1742098412.793133,82,-27,-70
1742098412.828133,66,-23,-90
1742098412.8631332,2,58,-18
1742098412.899133,-53,34,17
1742098412.935133,-53,-49,0
1742098412.970133,-9,-19,25
1742098413.006133,-53,86,-8
1742098413.0411332,-35,-49,5
1742098413.076133,-59,-23,-112
1742098413.111133,58,-27,-106
1742098413.147133,-11,-17,-28
1742098413.1831331,-41,16,-40
1742098413.218133,36,38,-196
1742098413.254133,-33,4,-94
1742098413.289133,20,-57,-24
1742098413.3241332,54,20,55
1742098413.359133,108,42,-42
1742098413.395133,-33,44,-78
1742098413.431133,-129,-19,-8
1742098413.466133,84,36,93
1742098413.5021331,-3,-57,-94
1742098413.537133,64,20,-36
1742098413.572133,44,74,-92
1742098413.6071332,0,-31,33
1742098413.6431332,30,-13,-92
1742098413.6791332,36,-7,-36
1742098413.714133,-13,-31,-72
1742098413.750133,6,40,109
1742098413.7851331,42,-93,29
1742098413.820133,-11,-5,19
1742098413.855133,26,-25,-50
1742098413.891133,30,34,-8
1742098413.927133,92,48,-50
1742098413.9621332,22,-41,-52
1742098413.9981332,-67,50,-114
1742098414.033133,-107,-63,-102
1742098414.068133,8,-9,-2
1742098414.1031332,90,-5,23
1742098414.139133,-53,20,-46
1742098414.175133,-83,-41,31
1742098414.210133,32,-89,-42
1742098414.246133,-57,24,-28
1742098414.2811332,14,-45,83
1742098414.316133,-39,16,-58
1742098414.351133,-3,-15,-20
1742098414.3871331,40,26,-154
1742098414.4231331,-17,-31,-74
1742098414.458133,26,28,-46
1742098414.494133,-63,-31,-90
1742098414.529133,-1,-17,-76
1742098414.5641332,22,28,-28
1742098414.6071332,34,12,-36
1742098414.6431332,52,32,61
1742098414.6791332,38,34,-16
1742098414.714133,-1,-7,-42
1742098414.750133,-33,6,1
1742098414.7851331,-5,20,-104
1742098414.820133,-1,-37,-110
1742098414.855133,62,-47,45
1742098414.891133,-21,18,-60
1742098414.927133,-55,32,-110
1742098414.9621332,-87,-7,-40
1742098414.9981332,-37,40,-18
1742098415.033133,16,-23,-86
1742098415.068133,-23,-25,-108
1742098415.1031332,-7,-27,-14
1742098415.139133,-23,72,-14
1742098415.175133,-15,-61,-110
1742098415.210133,-47,4,-20
1742098415.246133,78,0,-22
1742098415.2811332,-55,-27,-42
1742098415.316133,-11,-16,-134
1742098415.351133,-17,-8,-54
1742098415.3871331,78,-66,3
1742098415.4231331,32,-25,95
1742098415.458133,-3,-13,-42
1742098415.494133,-25,64,-170
1742098415.529133,18,20,-62
1742098415.5641332,-25,62,-70
1742098415.599133,46,52,-64
1742098415.635133,62,-9,25
1742098415.671133,88,44,-26
1742098415.7061331,32,-33,-52
1742098415.7421331,4,-31,-88
1742098415.777133,32,-11,31
1742098415.812133,24,-39,-80
1742098415.8471332,-13,-67,-68
1742098415.8831332,-25,-81,-94
1742098415.9191332,58,-67,-50
1742098415.954133,-15,48,-18
1742098415.990133,20,24,49
1742098416.0251331,-39,-39,41
1742098416.060133,-23,-3,-142
1742098416.095133,18,40,-14
1742098416.131133,16,-35,-114
1742098416.167133,-29,-31,49
1742098416.2021332,30,-21,-124
1742098416.2381332,-43,44,-32
1742098416.273133,50,46,113
1742098416.3081331,-49,-59,-110
1742098416.343133,62,-47,-18
1742098416.379133,-59,42,-2
1742098416.415133,90,98,27
1742098416.450133,82,-37,-10
1742098416.486133,18,4,89
1742098416.5211332,4,-43,13
1742098416.556133,-19,50,-30
1742098416.591133,-3,-15,-108
1742098416.6271331,126,78,-80
1742098416.6631331,6,-17,113
1742098416.698133,-13,36,17
1742098416.734133,92,-29,-74
1742098416.769133,48,-33,-140
1742098416.8041332,-29,58,-140
1742098416.8401332,54,12,-60
1742098416.875133,-47,-15,-36
1742098416.911133,-27,68,39
1742098416.9461331,6,68,-92
1742098416.9821332,8,-47,-70
1742098417.017133,58,16,-28
1742098417.052133,-51,-11,91
1742098417.088133,-15,84,31
1742098417.1231332,8,6,-70
1742098417.1591332,12,8,1
1742098417.194133,22,18,31
1742098417.230133,-15,-25,-12
1742098417.2651331,34,20,-54
1742098417.300133,40,10,-46
1742098417.336133,22,20,-80
1742098417.371133,-17,-91,-2
1742098417.407133,46,2,1
1742098417.4421332,-21,10,-12
1742098417.4781332,4,-27,3
1742098417.513133,40,-3,-76
1742098417.5481331,4,2,95
1742098417.5841331,-9,74,-4
1742098417.619133,8,54,13
1742098417.655133,-11,44,-100
1742098417.690133,-1,50,5
1742098417.726133,20,-65,-46
1742098417.7611332,-15,-11,-160
1742098417.796133,-45,52,-44
1742098417.832133,4,22,79
1742098417.8671331,0,48,15
1742098417.9031332,72,14,-38
1742098417.938133,-21,18,-36
1742098417.974133,46,-33,-78
1742098418.009133,-41,6,-12
1742098418.0441332,10,66,-56
1742098418.0801332,-13,14,-54
1742098418.115133,68,51,-32
1742098418.151133,30,0,57
1742098418.1861331,-91,10,-30
1742098418.2221332,62,14,-28
1742098418.257133,-99,8,9
1742098418.292133,38,-59,-26
1742098418.328133,10,62,33
1742098418.3631332,4,31,-50
1742098418.399133,-99,3,-44
1742098418.434133,42,-78,-64
1742098418.470133,-55,1,-12
1742098418.5051332,2,3,-188
1742098418.540133,-73,-21,-32
1742098418.576133,18,-72,-32
1742098418.611133,22,0,-28
1742098418.647133,72,-56,-32
1742098418.6821332,18,-8,-4
1742098418.718133,54,13,23
1742098418.753133,0,29,-12
1742098418.7881331,-47,21,-124
1742098418.8241332,12,23,45
1742098418.859133,22,-9,-156
1742098418.895133,-103,6,-10
1742098418.930133,32,7,7
1742098418.966133,12,44,-62
1742098419.001133,16,-1,47
1742098419.036133,-2,28,-28
1742098419.072133,-60,36,11
1742098419.1071332,-37,100,-6
1742098419.1431332,-87,-49,55
1742098419.178133,30,22,-42
1742098419.214133,20,-52,-50
1742098419.250133,-34,40,35
1742098419.286133,4,32,43
1742098419.322133,88,-8,-24
1742098419.3571332,-10,16,-6
1742098419.392133,42,-6,29
1742098419.428133,-24,22,-40
1742098419.464133,7,-44,82
1742098419.499133,-2,-37,-135
1742098419.5351331,39,-23,18
1742098419.570133,55,-21,-149
1742098419.605133,5,-7,-107
1742098419.6401331,2,-54,-23
1742098419.6761332,-54,8,-19
1742098419.7121332,23,73,-95
1742098419.747133,15,13,28
1742098419.783133,149,-20,6
1742098419.818133,-38,-50,-75
1742098419.8531332,-8,12,-65
1742098419.888133,0,-45,30
1742098419.924133,22,-25,-83
1742098419.960133,-14,-37,-9
1742098419.9951332,11,6,-145
1742098420.0311332,31,-3,100
1742098420.066133,-124,8,-99
1742098420.101133,-44,-17,-37
1742098420.1361332,-16,-147,6
1742098420.172133,-47,6,-87
1742098420.208133,-51,42,12
1742098420.243133,58,68,-5
1742098420.279133,18,18,-35
1742098420.3141332,-12,-3,32
1742098420.349133,-84,-17,-7
1742098420.384133,-6,52,24
1742098420.420133,53,-7,10
1742098420.4561331,-82,24,-53
1742098420.491133,83,4,-65
1742098420.527133,-12,34,-37
1742098420.562133,15,-25,-31
1742098420.5971332,-4,-27,-41
1742098420.632133,-38,32,-41
1742098420.668133,35,-1,62
1742098420.704133,7,-69,-117
1742098420.7391331,111,-37,-5
1742098420.7751331,-3,-81,-19
1742098420.810133,-125,66,48
1742098420.845133,-62,54,-139
1742098420.8801332,0,32,-7
1742098420.9161332,47,-3,-55
1742098420.9521332,125,-77,-31
1742098420.987133,39,-23,-63
1742098421.023133,13,-69,66
1742098421.0581331,3,-31,-55
1742098421.093133,-2,54,-23
1742098421.128133,1,-37,8
1742098421.164133,-32,-25,46
1742098421.200133,17,-3,-125
1742098421.2351332,-101,52,-15
1742098421.2711332,26,28,-41
1742098421.306133,-33,-23,86
1742098421.341133,10,40,-115
1742098421.376133,28,20,46
1742098421.412133,58,24,-47
1742098421.448133,-17,-3,-37
1742098421.483133,36,-35,92
1742098421.519133,44,106,-79
1742098421.5541332,-49,-51,-127
1742098421.589133,-63,26,-29
1742098421.624133,100,-27,-95
1742098421.6601331,-11,30,-27
1742098421.6961331,38,2,4
1742098421.731133,-23,2,-69
1742098421.767133,34,-7,-19
1742098421.802133,-49,68,-135
1742098421.8371332,44,-49,-79
1742098421.872133,-72,-49,8
1742098421.908133,15,-87,-23
1742098421.944133,-5,-41,-29
1742098421.9791331,8,2,-1
1742098422.0151331,-31,-3,-11
1742098422.050133,-41,-13,-27
1742098422.085133,17,-45,-71
1742098422.1201332,36,40,-53
1742098422.1561332,0,-37,-53
1742098422.1921332,-3,-1,-55
1742098422.227133,36,-33,-51
1742098422.263133,-18,38,8
1742098422.2981331,41,30,10
1742098422.333133,-50,-27,-149
1742098422.368133,-9,-29,38
1742098422.404133,62,-7,-133
1742098422.440133,8,-23,-71
1742098422.4751332,-91,42,-7
1742098422.5111332,-61,-5,16
1742098422.546133,-15,26,-17
1742098422.5811331,16,-71,-49
1742098422.616133,28,-65,-29
1742098422.652133,-59,50,12
1742098422.688133,-23,-1,-87
1742098422.723133,10,-23,24
1742098422.759133,-45,-27,-31
1742098422.7941332,-47,2,18
1742098422.829133,-145,-19,12
1742098422.8641331,-17,18,-49
1742098422.9001331,74,-15,-109
1742098422.9361331,-9,-49,-95
1742098422.971133,26,10,-111
1742098423.007133,2,26,88
1742098423.042133,18,2,58
1742098423.0771332,-29,4,-173
1742098423.112133,-23,-59,-45
1742098423.148133,39,32,-47
1742098423.184133,-68,-67,-27
1742098423.2191331,29,-25,22
1742098423.2551332,75,-1,6
1742098423.290133,-81,-41,16
1742098423.325133,-20,36,-107
1742098423.3601332,-30,60,4
1742098423.3961332,-30,-27,-239
1742098423.4321332,9,-53,48
1742098423.467133,1,50,-3
1742098423.503133,49,-77,-39
1742098423.5381331,-15,-3,-65
1742098423.573133,56,24,-31
1742098423.609133,50,-5,-27
1742098423.644133,68,44,-121
1742098423.680133,6,24,-55
1742098423.7151332,17,14,36
1742098423.751133,60,-43,-45
1742098423.786133,-84,30,-143
1742098423.8211331,28,38,-35
1742098423.8571332,13,-19,-35
1742098423.892133,-63,34,88
1742098423.928133,68,-37,-61
1742098423.963133,4,46,-25
1742098423.999133,-43,-49,-97
1742098424.0341332,12,-7,-69
1742098424.069133,-57,-37,-51
1742098424.105133,10,22,-133
1742098424.1401331,14,-67,-35
1742098424.1761332,-99,-29,-21
1742098424.211133,-25,-69,32
1742098424.247133,-65,-63,-43
1742098424.282133,2,0,132
1742098424.3171332,16,-21,-53
1742098424.3531332,30,-21,30
1742098424.388133,-41,2,-107
1742098424.424133,-45,-7,-89
1742098424.4591331,-9,18,-41
1742098424.4951332,-7,-25,-35
1742098424.530133,-13,-59,82
1742098424.565133,-37,-25,38
1742098424.608133,-25,14,54
1742098424.644133,-41,-31,-27
1742098424.680133,-79,34,-117
1742098424.7151332,-43,-21,-161
1742098424.751133,-37,80,24
1742098424.786133,-31,66,22
1742098424.8211331,28,-21,-91
1742098424.8571332,44,10,28
1742098424.892133,64,10,42
1742098424.928133,2,44,-5
1742098424.963133,-25,20,-3
1742098424.999133,-39,-15,28
1742098425.0341332,-33,52,-25
1742098425.069133,72,66,-11
1742098425.105133,-17,8,4
1742098425.1401331,-75,18,24
1742098425.1761332,80,-35,-49
1742098425.211133,10,10,-31
1742098425.247133,36,-55,-85
1742098425.282133,-75,12,-19
1742098425.3171332,36,2,-103
1742098425.3531332,74,2,-5
1742098425.388133,14,-5,-13
1742098425.424133,-19,12,-131
1742098425.4591331,-1,8,-109
1742098425.4951332,84,-60,-13
1742098425.530133,34,-36,-25
1742098425.565133,88,-30,2
1742098425.601133,48,59,-17
1742098425.6361332,10,-63,112
1742098425.672133,-19,-48,18
1742098425.707133,22,-51,-65
1742098425.743133,-41,-75,-51
1742098425.7781332,62,6,48
1742098425.813133,70,-39,-57
1742098425.849133,72,2,-99
1742098425.884133,38,-47,-103
1742098425.920133,20,44,-35
1742098425.9551332,-31,2,-47
1742098425.991133,-71,-31,6
1742098426.027133,-21,-3,-35
1742098426.063133,50,-1,-55
1742098426.099133,6,7,134
1742098426.134133,20,-1,5
1742098426.1691332,56,-39,-80
1742098426.2051332,-13,17,-48
1742098426.241133,48,-4,-38
1742098426.276133,-35,-7,-48
1742098426.312133,32,28,-48
1742098426.3471332,24,-21,-4
1742098426.382133,16,70,41
1742098426.417133,14,-29,57
1742098426.453133,10,-3,7
1742098426.4891331,-19,-43,-90
1742098426.524133,52,-9,-56
1742098426.560133,-5,-11,-34
1742098426.595133,58,-23,-66
1742098426.6301332,-71,-49,109
1742098426.665133,-27,-27,7
1742098426.701133,64,-26,-28
1742098426.737133,-9,16,-50
1742098426.772133,40,-31,-62
1742098426.8081331,82,30,-94
1742098426.843133,46,-13,-148
1742098426.878133,8,-67,-102
1742098426.9131331,-55,-15,-114
1742098426.9491332,-7,-15,43
1742098426.9851332,-97,34,-80
1742098427.020133,-1,-45,49
1742098427.056133,-11,46,5
1742098427.091133,28,-61,-66
1742098427.126133,-39,-39,0
1742098427.161133,14,30,61
1742098427.197133,42,-37,25
1742098427.233133,46,32,63
1742098427.2681332,-75,68,-200
1742098427.3041332,6,-59,-56
1742098427.339133,-55,52,-92
1742098427.374133,128,14,-54
1742098427.4091332,-37,-47,-124
1742098427.445133,-9,18,45
1742098427.481133,-71,84,-30
1742098427.516133,-17,36,-82
1742098427.552133,-65,-49,19
1742098427.5871332,-35,48,-2
1742098427.622133,-17,-3,-104
1742098427.657133,0,14,-112
1742098427.693133,-79,44,-10
1742098427.7291331,42,24,-124
1742098427.764133,58,48,-118
1742098427.800133,4,50,89
1742098427.835133,-71,12,27
1742098427.8701332,-23,26,-64
1742098427.905133,26,-1,-2
1742098427.941133,60,-7,-104
1742098427.977133,-47,-11,-44
1742098428.0121331,0,16,9
1742098428.0481331,12,-59,29
1742098428.083133,-33,-37,-80
1742098428.118133,8,4,-14
1742098428.1531332,2,-81,-12
1742098428.1891332,46,-53,27
1742098428.2251332,-23,72,-48
1742098428.260133,12,22,-112
1742098428.296133,0,52,-78
1742098428.3311331,54,-33,-22
1742098428.366133,-13,12,-198
1742098428.401133,48,-15,-78
1742098428.437133,-27,74,-56
1742098428.473133,20,-45,-68
1742098428.5081332,54,-15,41
1742098428.5441332,-9,-59,-42
1742098428.579133,98,-37,-66
1742098428.6141331,40,-35,5
1742098428.649133,-29,2,-38
1742098428.685133,114,70,-6
1742098428.721133,36,22,37
1742098428.756133,42,-79,-66
1742098428.792133,-28,-43,15
1742098428.8271332,1,28,-66
1742098428.862133,-22,-33,7
1742098428.897133,6,-9,-86
1742098428.9331331,42,54,-82
1742098428.9691331,52,-3,-222
1742098429.004133,2,6,23
1742098429.040133,-17,-5,-88
1742098429.075133,-49,32,-42
1742098429.1101332,-5,-63,-102
1742098429.145133,-21,-19,-30
1742098429.181133,-21,78,-46
1742098429.217133,26,12,41
1742098429.2521331,14,-9,21
1742098429.2881331,92,8,57
1742098429.323133,-25,-83,29
1742098429.358133,10,10,9
1742098429.3931332,-15,-25,25
1742098429.4291332,118,10,-24
1742098429.4651332,18,-29,-10
1742098429.500133,-95,42,-70
1742098429.536133,8,-49,-8
1742098429.5711331,58,38,-90
1742098429.606133,44,28,-30
1742098429.641133,-13,84,-56
1742098429.677133,58,4,-78
1742098429.713133,20,36,-22
1742098429.7481332,58,2,-76
1742098429.7841332,-29,18,-58
1742098429.819133,-13,-3,-126
1742098429.8541331,-23,36,39
1742098429.889133,-53,40,-36
1742098429.925133,30,32,-52
1742098429.961133,20,30,-56
1742098429.996133,108,-17,-102
1742098430.032133,2,18,-154
1742098430.0671332,24,-43,-74
1742098430.102133,-53,60,3
1742098430.1371331,28,-57,-88
1742098430.1731331,-9,-5,-22
1742098430.2091331,10,0,21
1742098430.244133,60,22,63
1742098430.280133,32,24,-124
1742098430.315133,-65,-9,-122
1742098430.3501332,-3,6,-14
1742098430.3861332,86,-7,17
1742098430.421133,-37,82,55
1742098430.457133,74,4,-178
1742098430.4921331,22,-1,-38
1742098430.5281332,42,-23,-56
1742098430.563133,12,-65,-152
1742098430.598133,-5,8,-62
1742098430.634133,-55,-47,-62
1742098430.6691332,-149,8,-80
1742098430.7051332,18,0,-66
1742098430.740133,22,-43,-14
1742098430.776133,-17,-65,-46
1742098430.8111331,-49,-75,-24
1742098430.846133,-57,-39,25
1742098430.882133,-61,-17,-98
1742098430.917133,-21,72,79
1742098430.953133,-1,14,33
1742098430.9881332,-57,24,-18
1742098431.024133,-5,-23,-142
1742098431.059133,-57,-103,13
1742098431.0941331,-75,48,-8
1742098431.1301332,22,-19,-52
1742098431.165133,-33,10,-126
1742098431.201133,-27,-49,-78
1742098431.236133,-31,2,-58
1742098431.272133,144,-49,-110
1742098431.3071332,-9,-3,-204
1742098431.342133,-49,-29,55
1742098431.378133,-53,40,-22
1742098431.4131331,-71,62,-96
1742098431.4491332,-11,-47,9
1742098431.484133,-31,-3,-14
1742098431.520133,80,36,-178
1742098431.555133,-5,96,-110
1742098431.5901332,74,-17,-58
1742098431.626133,50,4,-40
1742098431.661133,30,-21,-130
1742098431.697133,-29,-49,-104
1742098431.7321332,-13,26,27
1742098431.7681332,16,2,-78
1742098431.803133,54,-11,-22
1742098431.838133,52,54,93
1742098431.874133,0,66,1
1742098431.9091332,4,-3,7
1742098431.945133,0,20,-96
1742098431.980133,-49,-43,-28
1742098432.016133,-25,20,-134
1742098432.0511332,-5,-19,47
1742098432.086133,-51,-37,-52
1742098432.122133,72,-61,-58
1742098432.157133,-1,-3,-60
1742098432.193133,-75,-23,65
1742098432.2281332,-27,-37,-12
1742098432.264133,-77,12,23
1742098432.299133,10,48,11
1742098432.3341331,28,58,37
1742098432.3701332,0,26,-8
1742098432.405133,-67,30,67
1742098432.441133,-33,14,-14
1742098432.476133,-39,24,-66
1742098432.5121331,32,20,41
1742098432.547133,-41,58,37
1742098432.582133,64,12,55
1742098432.618133,-65,22,-2
1742098432.6531332,48,-27,-36
1742098432.6891332,76,-37,53
1742098432.724133,-9,-17,-142
1742098432.760133,30,98,-82
1742098432.796133,38,-41,-38
1742098432.8311331,-73,-17,-84
1742098432.866133,10,6,15
1742098432.902133,22,8,-64
1742098432.938133,0,-67,13
1742098432.973133,74,-29,-30
1742098433.009133,-27,-3,-68
1742098433.0441332,32,-39,-20
1742098433.079133,20,24,-88
1742098433.1141331,-49,-41,-4
1742098433.1501331,-5,24,-45
1742098433.1861331,-19,-9,-105
1742098433.221133,68,10,-81
1742098433.257133,28,-69,-103
1742098433.292133,-41,-39,-155
1742098433.3271332,10,-11,-3
1742098433.362133,0,44,10
1742098433.398133,-27,-9,74
1742098433.434133,-19,40,-85
1742098433.4691331,-57,-9,-59
1742098433.5051332,-7,6,-49
1742098433.540133,28,86,-23
1742098433.575133,-25,14,-11
1742098433.6101332,12,54,62
1742098433.6461332,26,-51,-43
1742098433.6821332,2,54,-59
1742098433.717133,54,-33,-27
1742098433.753133,-35,-73,-181
1742098433.7881331,68,20,-63
1742098433.823133,-5,-41,-11
1742098433.858133,40,4,-55
1742098433.894133,-39,-15,54
1742098433.930133,22,4,-93
1742098433.9651332,52,-19,-47
1742098434.001133,84,-85,-19
1742098434.036133,28,42,-71
1742098434.0711331,-43,-3,-39
1742098434.106133,-35,-53,24
1742098434.142133,22,30,24
1742098434.178133,48,-71,-51
1742098434.213133,0,54,18
1742098434.249133,-35,-29,-79
1742098434.2841332,-19,-15,68
1742098434.319133,10,-7,142
1742098434.3541331,18,-29,-79
1742098434.3901331,-3,-15,-53
1742098434.4261332,-33,38,-67
1742098434.461133,-31,34,-81
1742098434.497133,48,0,-19
1742098434.532133,-41,10,42
1742098434.5671332,4,36,-155
1742098434.6101332,-21,66,-47
1742098434.6461332,-21,-19,14
1742098434.6821332,74,-29,68
1742098434.717133,22,70,-23
1742098434.753133,-39,-31,20
1742098434.7881331,-19,-17,-69
1742098434.823133,0,4,-79
1742098434.858133,-11,-29,-57
1742098434.894133,120,-13,-55
1742098434.930133,-41,-5,-125
1742098434.9651332,-19,0,-35
1742098435.001133,-49,30,-135
1742098435.036133,-13,18,-65
1742098435.0711331,70,14,-157
1742098435.106133,86,62,-19
1742098435.142133,4,4,-33
1742098435.178133,-15,-45,72
1742098435.213133,20,50,-41
1742098435.249133,-87,-17,-17
1742098435.2841332,34,4,6
1742098435.319133,-7,-17,-105
1742098435.3541331,48,-73,92
1742098435.3901331,-81,4,-91
1742098435.4261332,30,22,50
1742098435.461133,-29,-21,-25
1742098435.497133,50,54,-45
1742098435.532133,-41,26,-53
1742098435.5671332,6,70,-77
1742098435.602133,-47,20,-29
1742098435.638133,8,-31,40
1742098435.674133,28,10,-75
1742098435.7091331,30,6,-105
1742098435.7451332,2,64,8
1742098435.780133,-31,-37,74
1742098435.815133,32,-7,-57
1742098435.8501332,0,-37,48
1742098435.8861332,30,58,-97
1742098435.922133,0,18,-71
1742098435.957133,38,-35,-37
1742098435.993133,-3,8,10
1742098436.0281332,-41,-1,-109
1742098436.063133,-1,36,4
1742098436.098133,46,-3,94
1742098436.134133,-75,-23,-15
1742098436.170133,-61,47,-63
1742098436.2051332,68,13,-43
1742098436.241133,-25,-24,-25
1742098436.276133,30,84,-73
1742098436.3111331,-65,72,-23
1742098436.346133,16,-13,-17
1742098436.382133,-45,-35,-71
1742098436.418133,-53,34,-3
1742098436.453133,-5,-15,-89
1742098436.4891331,-139,-29,-53
1742098436.524133,-17,22,6
1742098436.559133,24,-43,-9
1742098436.5941331,-53,30,-85
1742098436.6301332,18,56,-21
1742098436.6661332,-5,-61,-53
1742098436.701133,-141,-23,-41
1742098436.737133,-133,-3,-75
1742098436.772133,16,-45,26
1742098436.8071332,22,76,-125
1742098436.843133,4,-27,16
1742098436.878133,26,36,-219
1742098436.914133,56,10,-55
1742098436.9491332,72,40,-21
1742098436.9851332,-23,18,32
1742098437.020133,-75,-69,40
1742098437.055133,14,26,4
1742098437.091133,-85,-1,26
1742098437.126133,14,-31,20
1742098437.162133,32,32,-19
1742098437.197133,-79,12,-29
1742098437.233133,14,30,-39
1742098437.2681332,22,56,54
1742098437.303133,46,30,-27
1742098437.339133,-43,-19,-11
1742098437.374133,82,6,84
1742098437.4101331,28,-45,-73
1742098437.445133,-57,34,-37
1742098437.481133,56,2,-65
1742098437.516133,-91,-17,-37
1742098437.5511332,-79,-39,18
1742098437.5871332,-11,22,2
1742098437.622133,16,-89,-65
1742098437.658133,-11,40,-39
1742098437.693133,-17,-29,-121
1742098437.7291331,38,-49,58
1742098437.764133,40,-57,-143
1742098437.799133,-5,22,-15
1742098437.835133,-75,-31,14
1742098437.8701332,90,14,-47
1742098437.9061332,8,-27,-137
1742098437.941133,0,-35,-35
1742098437.977133,-27,68,-135
1742098438.0121331,-115,-21,-17
1742098438.047133,-45,-3,-133
1742098438.083133,14,50,8
1742098438.118133,0,30,46
1742098438.154133,-69,-31,-81
1742098438.1891332,-49,-67,-33
1742098438.2251332,12,-15,-75
1742098438.260133,24,-91,0
1742098438.295133,22,54,-73
1742098438.3311331,82,-27,-39
1742098438.366133,-41,-61,-185
1742098438.402133,86,6,10
1742098438.437133,34,-49,-91
1742098438.473133,0,-41,-85
1742098438.5081332,20,-105,58
1742098438.543133,-33,48,-19
1742098438.579133,-1,0,2
1742098438.6141331,-59,-67,-25
1742098438.6501331,28,-63,-81
1742098438.685133,40,-79,-45
1742098438.721133,-117,-17,-113
1742098438.756133,-7,-53,92
1742098438.7911332,24,-39,-49
1742098438.8271332,-41,-31,-65
1742098438.862133,14,16,104
1742098438.898133,-69,-71,-189
1742098438.9331331,-17,-43,-49
1742098438.9691331,-41,60,-149
1742098439.004133,80,6,-107
1742098439.039133,110,16,-69
1742098439.075133,6,-17,8
1742098439.1101332,40,46,-47
1742098439.1461332,12,8,-33
1742098439.181133,-41,28,-55
1742098439.217133,-33,12,38
1742098439.2521331,16,-75,10
1742098439.287133,104,90,62
1742098439.323133,-31,28,-25
1742098439.358133,16,-17,-99
1742098439.394133,30,-15,138
1742098439.4291332,52,10,66
1742098439.4651332,-11,58,-47
1742098439.501133,-15,74,-3
1742098439.536133,-95,-71,-93
1742098439.5711331,-39,36,-23
1742098439.6071332,-19,-17,48
1742098439.6431332,-36,-30,-91
1742098439.678133,8,15,14
1742098439.714133,36,9,-131
1742098439.749133,48,79,62
1742098439.7841332,-75,33,-45
1742098439.819133,92,-8,-45
1742098439.855133,36,-64,-43
1742098439.891133,0,45,6
1742098439.9261332,28,19,-33
1742098439.9621332,12,-18,-59
1742098439.997133,-65,-26,-57
1742098440.032133,0,-112,-143
1742098440.0671332,6,17,-35
1742098440.1031332,46,-54,90
1742098440.139133,26,-50,-175
1742098440.174133,88,0,-30
1742098440.210133,-43,-108,19
1742098440.2451332,-17,-11,-12
1742098440.280133,60,-71,-24
1742098440.315133,-131,-71,71
1742098440.351133,-43,-53,75
1742098440.3871331,-69,-23,-94
1742098440.422133,8,24,-14
1742098440.458133,-9,-83,127
1742098440.493133,-51,-73,-12
1742098440.5281332,-5,-87,-58
1742098440.563133,-39,-5,9
1742098440.599133,-81,8,-38
1742098440.635133,48,12,-34
1742098440.670133,24,-21,15
1742098440.7061331,16,6,-42
1742098440.741133,38,-3,5
1742098440.776133,-15,24,9
1742098440.8111331,0,44,-170
1742098440.8471332,-19,-47,-86
1742098440.8831332,68,12,-16
1742098440.918133,-17,-27,27
1742098440.954133,68,-1,-60
1742098440.9891331,-103,-93,13
1742098441.024133,10,-7,-94
1742098441.059133,0,-39,-40
1742098441.095133,-41,-7,35
1742098441.131133,8,-67,-126
1742098441.1661332,52,53,-40
1742098441.2021332,56,0,-108
1742098441.237133,80,-52,-2
1742098441.272133,-15,0,-136
1742098441.3071332,-33,-34,-18
1742098441.343133,68,105,-8
1742098441.379133,48,7,-120
1742098441.414133,-19,29,-28
1742098441.450133,16,-5,-78
1742098441.4851332,26,-7,-10
1742098441.520133,-21,-27,-88
1742098441.555133,106,30,-46
1742098441.591133,-101,-45,-108
1742098441.6271331,20,68,1
1742098441.662133,36,54,-36
1742098441.698133,-11,38,-4
1742098441.733133,-69,24,-68
1742098441.7681332,98,10,-56
1742098441.803133,-37,-11,-56
1742098441.839133,8,4,-22
1742098441.875133,74,22,-112
1742098441.9101331,-7,44,-44
1742098441.9461331,-25,-17,-138
1742098441.981133,-15,-4,3
1742098442.016133,38,1,15
1742098442.0511332,76,11,43
1742098442.0871332,66,41,-88
1742098442.1231332,-63,7,35
1742098442.158133,-29,45,-130
1742098442.194133,-5,0,-82
1742098442.2291331,18,-17,-48
1742098442.264133,28,36,25
1742098442.299133,-67,-45,53
1742098442.335133,30,37,-76
1742098442.371133,40,-29,-86
1742098442.4061332,-43,16,-72
1742098442.4421332,38,43,9
1742098442.477133,-69,32,35
1742098442.5121331,-107,3,-40
1742098442.547133,60,14,31
1742098442.583133,74,49,-188
1742098442.619133,60,-111,-90
1742098442.654133,-109,42,-20
1742098442.690133,26,-11,-106
1742098442.7251332,-19,56,-68
1742098442.760133,-7,-11,-78
1742098442.795133,-5,-7,-102
1742098442.8311331,78,18,-44
1742098442.8671331,-7,-5,-14
1742098442.902133,-35,40,3
1742098442.938133,-3,4,1
1742098442.973133,-33,-45,-48
1742098443.0081332,38,-37,-56
1742098443.043133,24,-39,-74
1742098443.079133,-47,-35,3
1742098443.115133,-33,26,-144
1742098443.1501331,-21,100,-34
1742098443.1861331,-37,4,-182
1742098443.221133,-9,-7,65
1742098443.256133,0,8,13
1742098443.2911332,-65,-107,-54
1742098443.3271332,-29,24,15
1742098443.3631332,36,-27,-80
1742098443.398133,0,-31,-6
1742098443.434133,-17,26,37
1742098443.4691331,34,14,-36
1742098443.504133,-1,62,19
1742098443.539133,-77,-57,-62
1742098443.575133,-53,28,-4
1742098443.611133,8,-31,-150
1742098443.6461332,-3,-35,-76
1742098443.6821332,-19,18,39
1742098443.717133,-27,15,-180
1742098443.7521331,-21,33,7
1742098443.7881331,78,-10,77
1742098443.823133,-29,-12,-52
1742098443.859133,-99,87,-34
1742098443.894133,22,-10,-28
1742098443.930133,10,-108,-44
1742098443.9651332,-7,67,-198
1742098444.000133,14,55,-98
1742098444.036133,22,-12,-40
1742098444.0711331,20,21,-58
1742098444.1071332,-17,11,-68
1742098444.142133,70,-36,17
1742098444.178133,76,23,11
1742098444.213133,64,-44,-16
1742098444.2481332,82,-22,141
1742098444.2841332,-5,5,-32
1742098444.319133,14,-28,-26
1742098444.355133,-1,-44,-136
1742098444.3901331,-13,23,-114
1742098444.4261332,-39,11,-120
1742098444.461133,16,9,0
1742098444.496133,28,41,-130
1742098444.532133,80,-80,61
1742098444.5671332,-47,-68,-114
1742098444.6031332,-25,-36,-108
1742098444.645133,46,23,-108
1742098444.6821332,20,-24,3
1742098444.717133,14,-14,-122
1742098444.7521331,38,-34,-30
1742098444.7881331,-29,61,-74
1742098444.823133,22,35,27
1742098444.859133,6,5,7
1742098444.894133,-37,71,-96
1742098444.930133,112,9,-28
1742098444.9651332,54,-4,-86
1742098445.000133,0,-66,-58
1742098445.036133,-29,69,-14
1742098445.0711331,22,37,-128
1742098445.1071332,-11,-40,-110
1742098445.142133,-19,0,-64
1742098445.178133,22,10,-120
1742098445.213133,82,30,-98
1742098445.2481332,2,14,-86
1742098445.2841332,42,28,3
1742098445.319133,-29,48,-106
1742098445.355133,-75,24,-2
1742098445.3901331,16,4,-86
1742098445.4261332,-43,-17,-20
1742098445.461133,-37,24,-6
1742098445.496133,-37,-5,-58
1742098445.532133,78,-19,-94
1742098445.5671332,4,-29,-28
1742098445.6031332,-11,-13,-70
1742098445.638133,-55,28,-24
1742098445.674133,8,52,47
1742098445.7091331,48,4,19
1742098445.744133,-37,14,43
1742098445.780133,4,-81,-80
1742098445.815133,18,-1,23
1742098445.851133,-47,-49,13
1742098445.8861332,8,58,-10
1742098445.922133,-7,-11,-94
1742098445.957133,-37,-9,31
1742098445.9921331,6,32,-12
1742098446.0281332,56,12,13
1742098446.063133,-15,-65,-54
1742098446.099133,16,-7,-74
1742098446.134133,28,-19,-116
1742098446.170133,-9,36,-16
1742098446.2061331,-37,6,53
1742098446.2421331,62,20,-60
1742098446.2781332,-3,80,-102
1742098446.313133,-75,-69,-104
1742098446.348133,-45,76,-70
1742098446.384133,-11,22,-88
1742098446.420133,-15,4,-170
1742098446.4551332,24,-29,25
1742098446.491133,40,42,33
1742098446.526133,70,-1,-102
1742098446.5611331,-3,-1,37
1742098446.596133,44,-31,-54
1742098446.632133,-13,38,-18
1742098446.668133,-9,24,-104
1742098446.703133,24,-35,7
1742098446.7391331,54,-33,-24
1742098446.774133,16,32,-22
1742098446.809133,-23,-17,111
1742098446.8441331,-35,14,-18
1742098446.8801332,16,-9,-50
1742098446.9161332,-27,22,-46
1742098446.951133,-3,6,-28
1742098446.987133,-25,-31,-10
1742098447.022133,-15,-33,-158
1742098447.0571332,34,12,5
1742098447.092133,22,8,-138
1742098447.128133,0,86,17
1742098447.164133,18,22,-114
1742098447.1991332,52,10,-54
1742098447.2351332,-41,6,43
1742098447.270133,-7,12,89
1742098447.305133,40,-1,13
1742098447.3401332,48,-5,-76
1742098447.376133,36,6,49
1742098447.412133,-67,10,-94
1742098447.447133,28,-47,41
1742098447.483133,-37,54,-42
1742098447.5181332,-9,-73,-36
1742098447.553133,-13,-21,-88
1742098447.588133,-33,-63,-8
1742098447.624133,-19,48,3
1742098447.6601331,-29,-39,11
1742098447.695133,54,24,-82
1742098447.731133,-33,4,-122
1742098447.766133,38,48,-16
1742098447.8011332,0,-61,-40
1742098447.836133,72,56,-28
1742098447.872133,32,-19,21
1742098447.908133,-21,-15,-124
1742098447.943133,-59,8,-42
1742098447.9791331,42,18,57
1742098448.014133,-7,-11,17
1742098448.049133,86,-15,-28
1742098448.0841331,28,-75,5
1742098448.1201332,-11,54,-132
1742098448.1561332,-23,36,-126
1742098448.191133,-9,-53,15
1742098448.227133,-15,-33,-62
1742098448.2621331,2,-11,-74
1742098448.297133,8,16,3
1742098448.332133,-25,-19,-10
1742098448.368133,-19,-45,-14
1742098448.404133,-31,-5,-60
1742098448.4391332,18,2,-82
1742098448.4751332,38,20,-4
1742098448.510133,-43,6,33
1742098448.545133,-5,30,-106
1742098448.5801332,82,-5,-40
1742098448.616133,-29,-6,11
1742098448.652133,2,35,-122
1742098448.687133,40,-86,27
1742098448.723133,6,1,-34
1742098448.7581332,14,-2,25
1742098448.793133,74,-100,33
1742098448.828133,14,53,37
1742098448.8641331,38,-26,47
1742098448.9001331,-11,41,-10
1742098448.935133,-13,51,-28
1742098448.971133,-95,21,-98
1742098449.006133,-47,19,-54
1742098449.0411332,28,13,-34
1742098449.076133,-43,-20,-36
1742098449.112133,-17,27,-24
1742098449.148133,40,33,-76
1742098449.1831331,-45,33,-14
1742098449.2191331,-21,-22,9
1742098449.254133,-63,45,-14
1742098449.289133,-37,41,-16
1742098449.3241332,-37,-32,-46
1742098449.3601332,-23,25,23
1742098449.3961332,-25,7,11
1742098449.431133,32,-28,-58
1742098449.467133,20,37,35
1742098449.5021331,-51,-46,-104
1742098449.537133,-35,-26,-78
1742098449.572133,-29,75,-12
1742098449.608133,-1,3,33
1742098449.644133,94,51,55
1742098449.6791332,32,45,91
1742098449.7151332,-13,1,-118
1742098449.750133,-111,-8,-92
1742098449.7851331,-75,61,37
1742098449.820133,68,7,-134
1742098449.856133,34,21,-4
1742098449.892133,-69,-68,-8
1742098449.927133,6,-92,-122
1742098449.963133,68,7,31
1742098449.9981332,-43,-4,57
1742098450.033133,-13,-14,-8
1742098450.068133,-109,87,-58
1742098450.1041331,44,-70,-156
1742098450.1401331,58,-60,-46
1742098450.175133,-45,37,-20
1742098450.211133,14,31,5
1742098450.246133,-25,-20,-122
1742098450.2811332,62,-14,-44
1742098450.316133,-3,-32,-46
1742098450.352133,36,29,-126
1742098450.388133,16,-2,45
1742098450.4231331,-21,-66,89
1742098450.4591331,-49,17,-24
1742098450.494133,-61,-30,5
1742098450.529133,8,-22,29
1742098450.565133,44,-22,-98
1742098450.6001332,78,-54,-54
1742098450.6361332,-7,59,-90
1742098450.671133,42,55,-90
1742098450.707133,-63,-22,-34
1742098450.7421331,40,69,-64
1742098450.777133,16,-96,-46
1742098450.813133,12,-4,-2
1742098450.848133,26,-8,-68
1742098450.884133,-5,83,-52
1742098450.9191332,14,-34,-94
1742098450.9551332,-7,-96,19
1742098450.990133,20,-14,47
1742098451.0251331,-45,-18,-64
1742098451.0611331,54,45,-108
1742098451.096133,2,-32,-82
1742098451.132133,-29,-24,-164
1742098451.167133,52,0,-4
1742098451.203133,-61,0,1
1742098451.2381332,16,17,-58
1742098451.273133,-1,-91,-68
1742098451.309133,18,10,-42
1742098451.3441331,26,60,-30
1742098451.3801332,-21,-7,-208
1742098451.415133,-37,22,21
1742098451.451133,16,10,-176
1742098451.486133,24,-85,-84
1742098451.5211332,-25,4,-176
1742098451.5571332,42,-15,-44
1742098451.592133,54,10,27
1742098451.628133,-33,-41,-16
1742098451.6631331,44,72,9
1742098451.6991332,32,-15,27
1742098451.734133,62,18,-22
1742098451.769133,-85,30,-44
1742098451.805133,66,-27,-116
1742098451.8401332,46,-45,33
1742098451.876133,-43,-29,-14
1742098451.911133,0,12,-12
1742098451.947133,-63,36,-64
1742098451.9821332,-45,26,-164
1742098452.017133,26,52,-30
1742098452.053133,8,2,34
1742098452.088133,24,-33,60
1742098452.124133,-49,-27,46
1742098452.1591332,-1,34,-51
1742098452.195133,-13,20,-111
1742098452.230133,-39,-1,-79
1742098452.2651331,44,30,24
1742098452.3011332,-19,-1,-91
1742098452.336133,46,20,-123
1742098452.372133,-3,-77,2
1742098452.407133,-3,-3,-61
1742098452.443133,42,22,-53
1742098452.4781332,-15,-9,-17
1742098452.513133,12,10,-61
1742098452.549133,-125,6,18
1742098452.5841331,42,68,-59
1742098452.6201332,12,-11,-31
1742098452.655133,20,34,-59
1742098452.691133,18,84,4
1742098452.726133,-65,-73,10
1742098452.7611332,112,-49,-123
1742098452.797133,8,-13,-51
1742098452.832133,-3,32,-91
1742098452.868133,-51,-39,38
1742098452.9031332,-13,36,-5
1742098452.9391332,-45,-57,84
1742098452.9751332,-1,-7,-113
1742098453.010133,-19,-11,-13
1742098453.045133,-7,-47,78
1742098453.0811331,34,-71,-57
1742098453.1171331,52,20,-95
1742098453.152133,96,-83,-159
1742098453.188133,36,-19,24
1742098453.223133,-67,4,-63
1742098453.2581332,-29,-33,34
1742098453.293133,-37,-69,-29
1742098453.329133,-1,36,30
1742098453.365133,-31,14,-15
1742098453.4001331,-1,48,-9
1742098453.4361331,-55,16,6
1742098453.471133,4,0,-13
1742098453.506133,106,-19,2
1742098453.5411332,14,-57,-43
1742098453.5771332,-37,-17,-9
1742098453.6131332,18,36,-137
1742098453.648133,-31,-25,-45
1742098453.684133,-45,2,-97
1742098453.7191331,82,16,-51
1742098453.754133,-13,32,-185
1742098453.789133,-21,-21,-105
1742098453.825133,22,-55,-25
1742098453.861133,12,6,-87
1742098453.8961332,6,46,-187
1742098453.9321332,26,-15,-113
1742098453.967133,60,-3,-101
1742098454.0021331,28,12,-71
1742098454.037133,40,10,-57
1742098454.073133,36,0,-97
1742098454.109133,-35,4,6
1742098454.144133,-25,-3,-97
1742098454.180133,-37,-53,-59
1742098454.2151332,-33,-19,-15
1742098454.250133,14,-121,-5
1742098454.2851331,84,-19,32
1742098454.3211331,44,-41,-137
1742098454.3571332,-11,-23,-15
1742098454.392133,-107,10,-79
1742098454.428133,2,-15,-71
1742098454.463133,20,-11,-35
1742098454.4981332,-11,36,120
1742098454.533133,-7,-9,36
1742098454.569133,-25,-5,-43
1742098454.605133,50,-5,-35
1742098454.647133,50,30,-91
1742098454.684133,42,-9,26
1742098454.7191331,-67,2,-37
1742098454.754133,34,-35,-81
1742098454.789133,-19,8,66
1742098454.825133,-3,-41,-115
1742098454.861133,10,-1,-13
1742098454.8961332,60,36,80
1742098454.9321332,-3,58,-69
1742098454.967133,20,-15,-79
1742098455.0021331,-23,-13,-75
1742098455.037133,44,36,-29
1742098455.073133,-17,-11,-95
1742098455.109133,40,70,16
1742098455.144133,52,44,108
1742098455.180133,-39,-67,-15
1742098455.2151332,64,-45,-123
1742098455.250133,-37,28,-185
1742098455.2851331,10,-5,-5
1742098455.3211331,-27,-23,-87
1742098455.3571332,-7,-27,-15
1742098455.392133,-25,-15,-29
1742098455.428133,-79,26,-59
1742098455.463133,80,58,-1
1742098455.4981332,-5,-71,-99
1742098455.533133,38,-11,-57
1742098455.569133,-27,-19,20
1742098455.605133,-11,-17,-65
1742098455.6401331,-27,-73,62
1742098455.6761332,8,-25,-9
1742098455.711133,-3,-11,-125
1742098455.746133,-11,92,-13
1742098455.7811332,28,52,-145
1742098455.8171332,36,8,34
1742098455.8531332,56,56,46
1742098455.888133,24,84,-95
1742098455.924133,8,56,30
1742098455.9591331,8,22,-93
1742098455.994133,-13,-93,-147
1742098456.029133,-11,-7,-63
1742098456.065133,4,-63,0
1742098456.101133,56,-27,-45
1742098456.1361332,94,72,-69
1742098456.172133,-43,-87,-47
1742098456.207133,16,-7,-131
1742098456.2421331,-47,54,-55
1742098456.277133,40,-34,-121
1742098456.313133,-57,-27,-151
1742098456.349133,0,-7,-49
1742098456.384133,-17,0,14
1742098456.420133,14,-33,-51
1742098456.4551332,14,-33,-83
1742098456.490133,58,-2,-57
1742098456.5251331,-49,37,-79
1742098456.5611331,-7,-10,26
1742098456.5971332,0,0,-27
1742098456.632133,14,51,22
1742098456.668133,26,-48,-17
1742098456.703133,-63,-16,58
1742098456.7381332,6,-9,-59
1742098456.773133,-83,35,-77
1742098456.809133,0,-38,-57
1742098456.845133,-51,25,-51
1742098456.8801332,-33,21,10
1742098456.9161332,-41,3,-47
1742098456.951133,-5,12,36
1742098456.986133,-27,-49,-137
1742098457.0211332,-77,-1,-69
1742098457.0571332,4,38,74
1742098457.093133,-47,62,-139
1742098457.128133,6,33,-101
1742098457.164133,16,-43,58
1742098457.1991332,4,-17,-23
1742098457.234133,-97,32,26
1742098457.269133,-9,-18,-71
1742098457.305133,26,-53,-41
1742098457.341133,0,-57,-96
1742098457.376133,10,-35,-64
1742098457.412133,84,16,13
1742098457.447133,48,46,-94
1742098457.4821332,14,-31,-146
1742098457.5181332,24,92,-32
1742098457.553133,16,32,-142
1742098457.589133,-53,-47,-36
1742098457.624133,120,-9,27
1742098457.6601331,-25,-11,-106
1742098457.695133,6,56,-54
1742098457.730133,-13,-27,-172
1742098457.766133,22,26,0
1742098457.8011332,20,-29,-58
1742098457.8371332,-47,-15,-42
1742098457.872133,64,-15,-34
1742098457.908133,2,4,-24
1742098457.943133,-69,20,-48
1742098457.9781332,-7,4,-94
1742098458.014133,-7,-13,-28
1742098458.049133,36,-53,-18
1742098458.085133,16,-13,71
1742098458.1201332,-31,-49,-26
1742098458.1561332,-77,-47,-102
1742098458.191133,28,-13,-58
1742098458.226133,-119,-7,-30
1742098458.2621331,52,24,-54
1742098458.297133,-49,-1,-68
1742098458.333133,56,6,-110
1742098458.368133,-39,-6,23
1742098458.404133,-11,59,-112
1742098458.4391332,34,-79,-56
1742098458.474133,12,38,-116
1742098458.510133,28,14,-94
1742098458.545133,4,8,0
1742098458.5811331,-25,-29,-40
1742098458.616133,-35,43,-12
1742098458.652133,-15,42,-28
1742098458.687133,88,-5,39
1742098458.7221332,26,-63,-142
1742098458.7581332,78,28,-44
1742098458.793133,-7,8,-86
1742098458.829133,-31,34,-50
1742098458.8641331,-37,34,49
1742098458.9001331,-123,32,-16
1742098458.935133,30,12,-132
1742098458.970133,-13,-1,-12
1742098459.006133,-83,24,-38
1742098459.0411332,10,-9,21
1742098459.0771332,36,36,-212
1742098459.112133,44,-67,-22
1742098459.148133,-67,64,-138
1742098459.1831331,124,44,-100
1742098459.218133,46,62,-120
1742098459.254133,-95,-39,-24
1742098459.289133,26,98,-24
1742098459.325133,-59,-81,-66
1742098459.3601332,18,-9,1
1742098459.3961332,60,-17,-4
1742098459.431133,-11,28,23
1742098459.466133,-105,36,7
1742098459.5021331,-103,50,15
1742098459.537133,-29,-31,-56
1742098459.573133,78,-41,17
1742098459.608133,-7,-9,-42
1742098459.644133,54,-15,-32
1742098459.680133,48,-51,-170
1742098459.716133,-97,-5,-84
1742098459.7521331,24,44,19
1742098459.7881331,42,22,15
1742098459.8241332,-13,-23,-40
1742098459.8601332,-67,72,-32
1742098459.8961332,-41,16,1
1742098459.931133,-37,-1,-18
1742098459.966133,-47,-1,-64
1742098460.0021331,-19,36,137
1742098460.0381331,80,12,53
1742098460.073133,56,-23,-68
1742098460.109133,26,-5,-140
1742098460.144133,4,24,-110
1742098460.1791332,100,8,-36
1742098460.214133,108,92,-60
1742098460.250133,0,-5,-94
1742098460.286133,-5,-29,-26
1742098460.3211331,10,-69,-136
1742098460.3571332,-63,-61,-76
1742098460.392133,14,14,-32
1742098460.427133,16,0,-22
1742098460.4621332,-27,-3,11
1742098460.4981332,-55,20,-58
1742098460.5341332,-9,26,21
1742098460.569133,74,-53,-126
1742098460.605133,-39,38,-60
1742098460.6401331,44,40,-134
1742098460.675133,-7,30,17
1742098460.710133,-7,30,-2
1742098460.746133,-103,42,-42
1742098460.782133,-9,-33,-24
1742098460.8171332,-63,-17,-70
1742098460.8531332,68,46,-40
1742098460.888133,-101,-21,27
1742098460.9231331,34,122,75
1742098460.958133,20,-3,-60
1742098460.994133,18,10,17
1742098461.030133,16,42,-14
1742098461.065133,-119,-35,-32
1742098461.101133,-91,68,-40
1742098461.1361332,72,-1,-22
1742098461.171133,12,-75,-76
1742098461.2061331,-21,-40,-4
1742098461.2421331,-13,-12,-164
1742098461.2781332,-43,3,-46
1742098461.313133,48,-6,5
1742098461.349133,-27,-57,21
1742098461.384133,-5,18,89
1742098461.4191332,8,-56,81
1742098461.454133,-11,16,19
1742098461.490133,-61,-33,-14
1742098461.526133,48,11,-2
1742098461.5611331,-35,71,-10
1742098461.5971332,-41,30,-44
1742098461.632133,-57,19,71
1742098461.667133,-135,25,-34
1742098461.7021332,-55,41,33
1742098461.7381332,-139,11,29
1742098461.774133,44,9,29
1742098461.809133,-33,-58,37
1742098461.845133,34,31,-106
1742098461.8801332,-7,23,-88
1742098461.915133,-29,38,-16
1742098461.950133,56,2,-10
1742098461.986133,54,-63,-62
1742098462.022133,20,72,-158
1742098462.0571332,-47,-55,-44
1742098462.093133,-93,-21,-13
1742098462.128133,-41,28,-105
1742098462.1631331,-9,-13,-119
1742098462.198133,-73,96,-1
1742098462.234133,30,4,92
1742098462.270133,-25,48,10
1742098462.305133,46,12,28
1742098462.341133,-31,44,-129
1742098462.376133,-81,20,-111
1742098462.411133,8,4,-163
1742098462.4461331,32,-83,84
1742098462.4821332,-11,-30,-71
1742098462.5181332,96,61,-73
1742098462.553133,48,-20,-113
1742098462.589133,30,45,-79
1742098462.624133,-19,1,28
1742098462.6591332,-5,-15,4
1742098462.694133,32,21,-117
1742098462.730133,-25,5,48
1742098462.766133,-59,26,-37
1742098462.8011332,14,-49,32
1742098462.8371332,12,-35,-79
1742098462.872133,44,-9,-55
1742098462.907133,-59,-17,-81
1742098462.9421332,64,26,-75
1742098462.9781332,2,82,-37
1742098463.014133,24,30,-62
1742098463.049133,20,72,8
1742098463.085133,4,-17,-50
1742098463.1201332,-21,68,-176
1742098463.155133,22,-17,-102
1742098463.190133,24,66,23
1742098463.226133,-1,-57,-75
1742098463.2621331,-11,20,16
1742098463.297133,-23,20,-87
1742098463.333133,-5,56,-15
1742098463.368133,-27,20,-119
1742098463.4031332,28,-1,-27
1742098463.438133,-31,2,-9
1742098463.474133,24,-37,-99
1742098463.510133,-35,24,-55
1742098463.545133,-3,2,-87
1742098463.5811331,-43,50,-61
1742098463.616133,8,-35,-29
1742098463.651133,-35,-15,-95
1742098463.6861331,-23,-15,-71
1742098463.7221332,4,-35,102
1742098463.7581332,26,10,36
1742098463.793133,16,34,-39
1742098463.829133,16,38,-63
1742098463.8641331,-23,58,-47
1742098463.899133,24,3,60
1742098463.934133,38,-42,-135
1742098463.970133,-63,12,56
1742098464.006133,-1,46,10
1742098464.0411332,-19,-27,-75
1742098464.0771332,34,80,-91
1742098464.112133,12,18,52
1742098464.147133,10,14,-127
1742098464.1831331,-21,10,-171
1742098464.218133,-31,18,-59
1742098464.254133,56,-33,-175
1742098464.289133,20,38,24
1742098464.325133,6,-57,-47
1742098464.3601332,-21,-17,-45
1742098464.395133,8,-15,8
1742098464.431133,-5,62,-5
1742098464.466133,-27,79,-133
1742098464.5021331,30,17,-11
1742098464.537133,-85,-96,-137
1742098464.573133,30,21,-13
1742098464.608133,22,13,-19
1742098464.6501331,42,29,-113
1742098464.687133,24,-36,50
1742098464.7221332,46,-18,-33
1742098464.7581332,32,-16,-73
1742098464.793133,-17,91,-41
1742098464.829133,-7,-46,-91
1742098464.8641331,-33,65,70
1742098464.899133,58,7,54
1742098464.935133,48,-56,-45
1742098464.970133,20,0,-55
1742098465.006133,4,19,86
1742098465.0411332,8,-26,-11
1742098465.0771332,92,3,-127
1742098465.112133,36,18,-55
1742098465.147133,28,-75,-129
1742098465.1831331,54,17,-39
1742098465.218133,70,37,-83
1742098465.254133,54,-24,-119
1742098465.289133,-7,73,-23
1742098465.325133,44,13,42
1742098465.3601332,38,-76,54
1742098465.395133,86,-82,-31
1742098465.431133,0,-36,-14
1742098465.466133,-19,3,-75
1742098465.5021331,-25,61,-33
1742098465.537133,-77,-65,-27
1742098465.573133,-45,15,-56
1742098465.608133,-83,21,-98
1742098465.6431332,-57,27,-79
1742098465.6791332,-41,0,3
1742098465.714133,-51,29,-131
1742098465.750133,-13,39,62
1742098465.7851331,-13,-4,80
1742098465.8211331,-3,-98,-85
1742098465.856133,114,41,-39
1742098465.891133,6,13,22
1742098465.927133,-23,-6,-153
1742098465.9621332,-51,-30,-7
1742098465.9981332,56,45,-23
1742098466.033133,-19,-41,-11
1742098466.069133,34,-5,-101
1742098466.1041331,-1,17,20
1742098466.139133,-65,23,-113
1742098466.175133,-65,-38,-71
1742098466.210133,20,-16,-67
1742098466.246133,2,-128,-29
1742098466.2811332,28,-39,32
1742098466.316133,-87,-24,-65
1742098466.351133,28,43,-53
1742098466.3871331,-45,19,50
1742098466.4231331,-49,95,-85
1742098466.458133,-21,-8,-18
1742098466.494133,24,-20,-57
1742098466.529133,50,20,-66
1742098466.565133,50,-7,-154
1742098466.601133,-47,-11,73
1742098466.6361332,20,42,-98
1742098466.671133,20,-1,45
1742098466.707133,50,34,47
1742098466.743133,-35,-23,-26
1742098466.7781332,76,-3,67
1742098466.8141332,8,54,-44
1742098466.849133,-13,-55,-98
1742098466.884133,-49,40,7
1742098466.9191332,2,38,-32
1742098466.9551332,82,-1,-46
1742098466.991133,-27,16,37
1742098467.026133,52,-43,-48
1742098467.062133,70,50,-132
1742098467.0971332,8,52,13
1742098467.132133,-3,-5,57
1742098467.167133,-9,4,-98
1742098467.203133,-3,0,-100
1742098467.2391331,2,10,-120
1742098467.274133,60,-3,-28
1742098467.310133,-61,-23,-121
1742098467.345133,20,-63,-91
1742098467.3801332,44,-61,-39
1742098467.415133,-89,2,-49
1742098467.451133,-25,30,-103
1742098467.487133,-15,34,-79
1742098467.522133,-37,-7,-59
1742098467.5581331,-31,-35,96
1742098467.593133,-27,-27,48
1742098467.628133,64,4,-77
1742098467.6631331,-7,-69,-173
1742098467.6991332,-45,2,-21
1742098467.7351332,14,20,-37
1742098467.770133,-19,122,-141
1742098467.806133,56,-27,-137
1742098467.841133,42,-71,-29
1742098467.876133,-9,-55,-29
1742098467.911133,58,36,56
1742098467.947133,-43,38,-105
1742098467.983133,-15,-5,-85
1742098468.0181332,8,-17,-31
1742098468.0541332,10,-7,20
1742098468.089133,-17,-31,-97
1742098468.124133,-17,24,-129
1742098468.1591332,32,-1,-13
1742098468.195133,-11,-15,-17
1742098468.231133,14,-87,-33
1742098468.266133,74,32,-39
1742098468.302133,-15,-9,-93
1742098468.3371332,56,-21,-123
1742098468.372133,0,36,40
1742098468.407133,-15,52,42
1742098468.443133,18,-69,-63
1742098468.4791331,32,-9,-63
1742098468.514133,-25,24,20
1742098468.550133,-77,22,4
1742098468.585133,32,20,-1
1742098468.6201332,-45,-35,22
1742098468.655133,-31,-21,-29
1742098468.691133,-27,2,-197
1742098468.727133,14,-23,-21
1742098468.7621331,0,44,-9
1742098468.7981331,-3,6,-33
1742098468.833133,-51,24,6
1742098468.868133,-47,-55,-41
1742098468.9031332,-7,-11,-23
1742098468.9391332,-51,-33,-27
1742098468.9751332,-13,-19,18
1742098469.010133,52,74,-63
1742098469.046133,2,40,28
1742098469.0811331,12,68,24
1742098469.116133,0,-13,38
1742098469.151133,-11,-11,76
1742098469.187133,16,-57,-109
1742098469.223133,-3,-21,-103
1742098469.2581332,-41,62,-21
1742098469.2941332,32,26,-7
1742098469.329133,46,-9,-93
1742098469.3641331,60,48,-91
1742098469.399133,62,-35,-123
1742098469.435133,58,-41,-29
1742098469.471133,-5,66,-109
1742098469.506133,28,-13,-41
1742098469.542133,6,44,-57
1742098469.5771332,54,40,2
1742098469.612133,-11,-13,-67
1742098469.647133,56,-11,-83
1742098469.6831331,48,-7,-95
1742098469.7191331,-39,56,-79
1742098469.754133,-17,-31,-49
1742098469.790133,64,52,-113
1742098469.825133,4,54,-109
1742098469.8601332,52,-3,-59
1742098469.895133,-13,-59,68
1742098469.931133,-49,-13,-109
1742098469.967133,180,-7,-51
1742098470.0021331,-31,60,26
1742098470.0381331,-47,14,-63
1742098470.073133,54,22,56
1742098470.108133,82,22,-81
1742098470.1431332,-59,28,34
1742098470.1791332,8,22,-19
1742098470.2151332,-17,-21,-15
1742098470.250133,46,-7,-127
1742098470.286133,8,-9,66
1742098470.3211331,12,8,-3
1742098470.356133,46,40,-7
1742098470.391133,-9,20,-129
1742098470.427133,16,36,-53
1742098470.463133,-7,-53,46
1742098470.4981332,12,20,-27
1742098470.5341332,-73,-5,-107
1742098470.569133,54,24,20
1742098470.6041331,-3,-37,-97
1742098470.639133,-63,4,-63
1742098470.675133,34,-41,-115
1742098470.711133,-83,30,42
1742098470.746133,-71,-47,-69
1742098470.782133,-27,-1,-125
1742098470.8171332,-23,-23,-91
1742098470.852133,0,36,-119
1742098470.888133,-37,32,14
1742098470.9231331,-15,-11,-29
1742098470.9591331,68,18,-35
1742098470.994133,-11,-5,-37
1742098471.030133,-17,-11,12
1742098471.065133,-29,-3,-15
1742098471.1001332,-55,50,-123
1742098471.1361332,-39,-41,122
1742098471.171133,-23,-19,-37
1742098471.207133,28,-13,-45
1742098471.2421331,-25,-21,-39
1742098471.2781332,-65,-11,0
1742098471.313133,-19,-9,-75
1742098471.348133,-27,-7,-71
1742098471.384133,-13,54,14
1742098471.4191332,16,-57,0
1742098471.4551332,-53,52,-113
1742098471.490133,-19,62,42
1742098471.526133,42,-65,-107
1742098471.5611331,-15,48,-55
1742098471.596133,68,24,38
1742098471.632133,6,-39,-163
1742098471.667133,4,-43,60
1742098471.703133,48,50,-109
1742098471.7381332,-25,-45,-121
1742098471.774133,6,-61,-43
1742098471.809133,-37,14,-111
1742098471.8441331,-1,70,-41
1742098471.8801332,14,-35,4
1742098471.915133,22,52,10
1742098471.951133,4,2,-47
1742098471.986133,62,-15,-139
1742098472.022133,0,26,-5
1742098472.0571332,-39,-15,50
1742098472.092133,-21,-53,-61
1742098472.128133,40,72,4
1742098472.1631331,-141,86,-39
1742098472.1991332,-63,56,-83
1742098472.234133,50,22,20
1742098472.270133,24,30,-117
1742098472.305133,-39,60,6
1742098472.3401332,64,-45,30
1742098472.376133,72,38,20
1742098472.411133,-49,64,-59
1742098472.447133,34,-29,-73
1742098472.4821332,-27,8,-53
1742098472.5181332,40,-43,-25
1742098472.553133,10,-105,174
1742098472.588133,8,-3,-53
1742098472.624133,-31,-91,-17
1742098472.6591332,2,38,-25
1742098472.695133,2,-53,-9
1742098472.730133,36,6,74
1742098472.766133,-17,16,-5
1742098472.8011332,-7,32,70
1742098472.836133,-91,6,-69
1742098472.872133,-67,58,2
1742098472.907133,58,28,-27
1742098472.943133,-23,14,40
1742098472.9781332,-55,-27,30
1742098473.014133,84,-45,50
1742098473.049133,26,32,-71
1742098473.0841331,2,70,24
1742098473.1201332,12,-9,96
1742098473.155133,86,6,-9
1742098473.191133,74,-93,16
1742098473.226133,-23,-13,-65
1742098473.2621331,-79,-41,112
1742098473.2981331,22,18,-135
1742098473.333133,12,-7,46
1742098473.368133,-65,-57,28
1742098473.404133,44,-27,50
1742098473.440133,-37,34,-31
1742098473.4751332,26,24,46
1742098473.5111332,18,-9,16
1742098473.546133,-27,22,-67
1742098473.5811331,-73,-17,8
1742098473.616133,-75,12,-1
1742098473.652133,-3,-31,14
1742098473.688133,-5,-7,-91
1742098473.723133,-43,44,2
1742098473.759133,16,20,-95
1742098473.7941332,88,-3,-49
1742098473.829133,-51,2,-3
1742098473.8641331,16,-11,40
1742098473.9001331,-11,44,-39
1742098473.9361331,12,22,-53
1742098473.971133,-71,-17,12
1742098474.007133,52,18,50
1742098474.042133,26,-47,-9
1742098474.0771332,-11,-37,-157
1742098474.112133,28,-39,-125
1742098474.148133,-33,-9,-51
1742098474.184133,16,50,-67
1742098474.2191331,-31,-67,106
1742098474.2551332,-5,56,-1
1742098474.290133,14,26,-93
1742098474.325133,-45,32,18
1742098474.3601332,14,46,56
1742098474.3961332,-29,2,4
1742098474.4321332,-31,6,-85
1742098474.467133,-51,62,-63
1742098474.503133,-31,-53,-151
1742098474.5381331,6,0,-25
1742098474.573133,66,-89,-147
1742098474.608133,2,8,76
1742098474.644133,22,14,-27
1742098474.687133,14,-17,46
1742098474.723133,14,-9,-29
1742098474.759133,-83,-9,-81
1742098474.7941332,-23,52,-61
1742098474.829133,-39,-9,40
1742098474.8641331,6,60,-1
1742098474.9001331,-1,16,88
1742098474.9361331,-65,18,-5
1742098474.971133,12,44,8
1742098475.007133,8,-35,-3
1742098475.042133,-25,-21,42
1742098475.0771332,40,48,-13
1742098475.112133,-1,-69,-51
1742098475.148133,-19,40,-69
1742098475.184133,14,54,-137
1742098475.2191331,14,-3,-145
1742098475.2551332,-11,-25,-31
1742098475.290133,-1,28,-103
1742098475.325133,-1,64,-27
1742098475.3601332,36,-37,2
1742098475.3961332,52,-35,-91
1742098475.4321332,28,-7,52
1742098475.467133,-159,32,-53
1742098475.503133,-21,-15,106
1742098475.5381331,84,-5,-65
1742098475.573133,10,8,38
1742098475.608133,60,-33,22
1742098475.644133,22,6,-25
1742098475.680133,32,14,-83
1742098475.7151332,14,20,-69
1742098475.751133,6,-27,-96
1742098475.786133,60,22,19
1742098475.8211331,-25,-23,-20
1742098475.856133,-61,-81,-20
1742098475.892133,-83,12,-36
1742098475.928133,-35,-21,-82
1742098475.963133,-49,-15,-54
1742098475.999133,10,66,69
1742098476.0341332,80,42,-40
1742098476.069133,22,-47,-56
1742098476.1041331,56,-15,-52
1742098476.1401331,-59,26,-104
1742098476.1761332,32,62,-108
1742098476.211133,-107,-41,-124
1742098476.247133,-31,36,-74
1742098476.282133,-11,46,-124
1742098476.3171332,42,-7,1
1742098476.352133,64,-93,-58
1742098476.388133,18,42,-92
1742098476.424133,-61,-31,-72
1742098476.4591331,-15,-9,87
1742098476.4951332,-45,-19,-116
1742098476.530133,24,22,25
1742098476.565133,-59,12,-30
1742098476.6001332,32,72,-52
1742098476.6361332,18,-11,-120
1742098476.672133,16,-13,-64
1742098476.707133,-3,-97,-76
1742098476.743133,-21,-9,67
1742098476.7781332,92,-17,17
1742098476.813133,-63,88,-80
1742098476.848133,-101,34,35
1742098476.884133,-79,-13,-158
1742098476.920133,20,-25,-66
1742098476.9551332,-63,52,-10
1742098476.991133,66,26,23
1742098477.026133,56,36,-144
1742098477.0611331,70,-35,-44
1742098477.096133,66,30,-2
1742098477.132133,12,16,-90
1742098477.168133,-15,-5,-14
1742098477.203133,0,-65,55
1742098477.2391331,-51,-59,27
1742098477.274133,-3,-71,11
1742098477.309133,-63,6,-84
1742098477.3441331,36,0,-24
1742098477.3801332,50,-43,37
1742098477.4161332,8,-7,-112
1742098477.451133,-55,46,-52
1742098477.487133,76,-61,-52
1742098477.522133,44,22,-66
1742098477.5571332,-1,-23,13
1742098477.593133,0,8,-36
1742098477.628133,-27,-29,-50
1742098477.664133,-29,24,11
1742098477.6991332,-27,36,-8
1742098477.7351332,-15,-69,-88
1742098477.770133,-25,-67,17
1742098477.805133,-23,2,79
1742098477.841133,10,0,-144
1742098477.876133,20,-49,21
1742098477.912133,32,30,-56
1742098477.947133,76,12,-72
1742098477.983133,-31,8,-158
1742098478.0181332,64,26,-10
1742098478.053133,2,64,-66
1742098478.089133,56,34,23
1742098478.124133,72,12,-80
1742098478.1601331,20,-11,39
1742098478.195133,-9,-17,101
1742098478.231133,26,-53,-96
1742098478.266133,32,-65,-92
1742098478.3011332,-3,6,-68
1742098478.3371332,6,-13,-98
1742098478.372133,-91,-1,63
1742098478.408133,-1,-55,-38
1742098478.443133,-35,-45,77
1742098478.4791331,32,-11,-44
1742098478.514133,-57,-7,-44
1742098478.549133,128,0,-34
1742098478.585133,12,6,-12
1742098478.6201332,38,-27,-58
1742098478.6561332,-73,14,-74
1742098478.691133,30,-57,-22
1742098478.727133,34,-17,-10
1742098478.7621331,-31,-13,-8
1742098478.797133,70,-11,0
1742098478.833133,-9,-9,-18
1742098478.868133,-33,-23,-88
1742098478.904133,-25,4,-122
1742098478.9391332,22,-43,-22
1742098478.9751332,-17,24,-28
1742098479.010133,54,-31,117
1742098479.045133,-53,-13,-92
1742098479.0811331,31,18,-14
1742098479.116133,-23,-27,-174
1742098479.152133,-11,-21,-40
1742098479.187133,-27,-19,11
1742098479.223133,24,-45,-160
1742098479.2581332,36,-61,-72
1742098479.293133,8,-15,-14
1742098479.329133,-43,56,65
1742098479.3641331,-37,-17,56
1742098479.4001331,-37,-65,0
1742098479.435133,2,-1,-91
1742098479.471133,-7,50,-65
1742098479.506133,28,34,-37
1742098479.5411332,8,62,-135
1742098479.5771332,26,58,110
1742098479.612133,12,-19,-19
1742098479.648133,-1,-45,30
1742098479.6831331,-7,-53,-133
1742098479.7191331,26,-35,-3
1742098479.754133,-51,40,-33
1742098479.789133,-17,38,92
1742098479.825133,12,-17,-61
1742098479.8601332,58,-7,-29
1742098479.8961332,70,-39,-39
1742098479.931133,-61,-25,-116
1742098479.967133,14,60,-102
1742098480.003133,20,42,5
1742098480.0381331,-19,12,-10
1742098480.073133,34,-7,-42
1742098480.109133,-63,2,-10
1742098480.145133,-23,-49,58
1742098480.180133,-13,-37,-38
1742098480.216133,0,-63,-114
1742098480.251133,18,-27,117
1742098480.286133,34,54,67
1742098480.3211331,-11,-3,61
1742098480.3571332,34,-23,31
1742098480.3931332,104,2,61
1742098480.428133,0,72,-32
1742098480.464133,-5,-21,-16
1742098480.499133,2,52,-168
1742098480.5341332,-1,-11,-50
1742098480.569133,-5,-63,-78
1742098480.605133,-15,-39,-90
1742098480.641133,-5,-15,11
1742098480.6761332,-15,-9,-60
1742098480.7121332,8,-5,-54
1742098480.747133,14,8,-58
1742098480.782133,16,-13,-22
1742098480.8171332,-55,-13,0
1742098480.8531332,-5,22,-2
1742098480.889133,72,64,0
1742098480.924133,-11,-37,-10
1742098480.960133,20,-21,-12
1742098480.9951332,-33,-17,-102
1742098481.030133,-53,-11,-116
1742098481.065133,-33,50,63
1742098481.101133,-11,26,-50
1742098481.1371331,6,76,-114
1742098481.172133,-57,-49,-108
1742098481.208133,14,60,-82
1742098481.243133,10,10,-124
1742098481.2781332,4,82,-57
1742098481.313133,38,18,-39
1742098481.349133,26,-69,-70
1742098481.385133,12,76,-26
1742098481.420133,12,-3,-70
1742098481.4561331,62,-1,23
1742098481.491133,-5,-1,-118
1742098481.526133,-15,2,-41
1742098481.5611331,82,-1,18
1742098481.5971332,38,94,-63
1742098481.6331332,36,-7,-66
1742098481.668133,-29,-5,-89
1742098481.704133,-31,-53,13
1742098481.7391331,-51,-23,-74
1742098481.774133,-25,-57,53
1742098481.809133,-89,-33,-146
1742098481.845133,36,-19,-33
1742098481.881133,70,36,-25
1742098481.9161332,-43,-55,-33
1742098481.9521332,-15,-3,38
1742098481.987133,-33,-31,60
1742098482.022133,-15,24,-11
1742098482.0571332,-25,78,-121
1742098482.093133,94,34,22
1742098482.129133,-7,-13,-89
1742098482.164133,8,12,24
1742098482.200133,4,-23,-23
1742098482.2351332,18,40,-9
1742098482.270133,10,-19,-151
1742098482.305133,28,-5,70
1742098482.341133,34,2,-143
1742098482.3771331,-17,48,-81
1742098482.412133,4,72,-77
1742098482.448133,-11,32,-41
1742098482.483133,76,4,-71
1742098482.5181332,58,-57,4
1742098482.553133,26,-103,28
1742098482.589133,28,-3,-105
1742098482.625133,-7,-47,-1
1742098482.6601331,10,-17,-133
1742098482.6961331,24,-17,-167
1742098482.731133,4,-63,-47
1742098482.766133,-23,14,-91
1742098482.8011332,-9,50,-89
1742098482.8371332,-69,76,-41
1742098482.8731332,-35,-77,-3
1742098482.908133,32,14,-107
1742098482.944133,20,16,-171
1742098482.9791331,-75,52,-85
1742098483.014133,46,-21,-73
1742098483.049133,-19,-55,-45
1742098483.085133,-5,-3,-57
1742098483.121133,44,18,8
1742098483.1561332,-17,-23,-235
1742098483.1921332,92,-33,-63
1742098483.227133,58,14,8
1742098483.2621331,14,40,-35
1742098483.297133,-19,50,-139
1742098483.333133,-57,106,-3
1742098483.369133,-29,28,-25
1742098483.404133,8,-41,-195
1742098483.440133,46,42,-3
1742098483.4751332,2,28,10
1742098483.510133,2,-9,28
1742098483.545133,-33,-19,-77
1742098483.5811331,40,6,-65
1742098483.6171331,18,16,-21
1742098483.652133,-3,26,28
1742098483.688133,56,34,20
1742098483.723133,20,68,-87
1742098483.7581332,-45,-55,-107
1742098483.793133,76,46,20
1742098483.829133,74,0,-45
1742098483.865133,-60,-85,34
1742098483.9001331,55,-43,-147
1742098483.9361331,13,-43,38
1742098483.971133,-7,0,102
1742098484.006133,30,24,-93
1742098484.0411332,62,18,-71
1742098484.0771332,44,-35,10
1742098484.1131332,42,4,40
1742098484.148133,-27,12,122
1742098484.184133,36,-19,-53
1742098484.2191331,-21,-7,-153
1742098484.254133,92,2,-67
1742098484.290133,40,-39,-49
1742098484.325133,86,34,-115
1742098484.361133,1,6,-71
1742098484.3961332,-61,-31,22
1742098484.4321332,-58,-21,34
1742098484.467133,-53,-61,-33
1742098484.5021331,-15,-53,-35
1742098484.5381331,-7,-71,-43
1742098484.573133,80,-33,-35
1742098484.609133,54,72,-77
1742098484.644133,28,-15,-95
1742098484.680133,-49,46,-11
1742098484.7221332,-25,32,8
1742098484.7581332,25,-63,30
1742098484.7941332,54,-56,-87
1742098484.829133,42,36,-195
1742098484.865133,38,2,-11
1742098484.9001331,-63,-27,24
1742098484.9361331,26,50,34
1742098484.971133,46,30,-109
1742098485.006133,10,14,-99
1742098485.042133,-7,28,-27
1742098485.0771332,90,-19,-125
1742098485.1131332,-3,14,20
1742098485.148133,6,42,-189
1742098485.184133,42,-83,-63
1742098485.2191331,-5,8,-35
1742098485.254133,-57,-31,-43
1742098485.290133,-105,66,-81
1742098485.325133,-47,40,-61
1742098485.361133,10,22,94
1742098485.3961332,-43,-17,102
1742098485.4321332,40,26,-59
1742098485.467133,-137,-41,44
1742098485.5021331,-33,48,-41
1742098485.5381331,46,54,14
1742098485.573133,64,24,-25
1742098485.609133,64,-53,-133
1742098485.644133,36,-9,-27
1742098485.680133,-17,6,-45
1742098485.7151332,-1,70,24
1742098485.750133,52,8,-71
1742098485.786133,20,50,-1
1742098485.8211331,32,-15,-119
1742098485.8571332,-13,40,-53
1742098485.892133,-33,16,20
1742098485.928133,-39,1,-93
1742098485.963133,6,-8,-113
1742098485.9981332,-23,-6,-3
1742098486.0341332,72,-20,-41
1742098486.069133,44,-26,0
1742098486.105133,32,22,-67
1742098486.1401331,-53,27,-85
1742098486.1761332,22,-27,22
1742098486.211133,-35,10,-133
1742098486.246133,-51,22,-91
1742098486.282133,68,39,-7
1742098486.3171332,58,-12,-37
1742098486.3531332,-9,-42,-47
1742098486.388133,-13,22,-81
1742098486.424133,34,22,66
1742098486.4591331,24,9,10
1742098486.494133,26,16,-141
1742098486.530133,20,-7,-109
1742098486.565133,-77,48,-75
1742098486.601133,-41,-80,-59
1742098486.6361332,-31,-19,-171
1742098486.672133,88,-43,-51
1742098486.707133,-71,-46,82
1742098486.7421331,24,61,-147
1742098486.7781332,56,85,90
1742098486.813133,-33,1,-57
1742098486.849133,56,67,-51
1742098486.884133,76,20,-29
1742098486.9191332,-68,-28,-101
1742098486.954133,36,-44,26
1742098486.990133,-28,-88,12
1742098487.026133,-98,-33,-81
1742098487.0611331,29,8,-73
1742098487.0971332,-40,6,-13
1742098487.132133,-12,-57,22
1742098487.167133,10,36,-49
1742098487.2021332,32,4,-67
1742098487.2381332,-52,62,40
1742098487.274133,-20,24,-53
1742098487.309133,33,-15,-11
1742098487.345133,5,64,-81
1742098487.3801332,67,-3,-31
1742098487.415133,-14,2,-23
1742098487.450133,31,-19,-15
1742098487.486133,-14,12,-43
1742098487.522133,125,4,30
1742098487.5571332,-24,138,-37
1742098487.593133,41,9,-21
1742098487.628133,71,1,4
1742098487.6631331,-56,-57,-23
1742098487.698133,-98,10,42
1742098487.734133,-28,23,-81
1742098487.770133,11,-38,-9
1742098487.805133,97,45,-151
1742098487.841133,33,66,-161
1742098487.876133,-6,-5,-45
1742098487.911133,15,0,-69
1742098487.9461331,-6,-13,-201
1742098487.9821332,1,38,-5
1742098488.0181332,63,-79,-69
1742098488.053133,23,44,28
1742098488.089133,-30,-37,28
1742098488.124133,23,64,144
1742098488.1591332,-68,-59,22
1742098488.194133,-14,-11,-91
1742098488.230133,75,-9,-45
1742098488.266133,25,0,-49
1742098488.3011332,37,-61,-79
1742098488.3371332,-18,-69,-119
1742098488.372133,-50,-33,38
1742098488.407133,-38,-35,-75
1742098488.4421332,-41,-41,-57
1742098488.4781332,25,-31,0
1742098488.514133,19,-9,-83
1742098488.549133,-104,-71,-19
1742098488.585133,-34,-59,-83
1742098488.6201332,45,-9,-19
1742098488.655133,31,-37,14
1742098488.690133,-16,44,42
1742098488.726133,57,28,-107
1742098488.7621331,-38,-29,-123
1742098488.797133,-18,-111,28
1742098488.833133,17,58,-115
1742098488.868133,-14,-3,-151
1742098488.9031332,49,-49,60
1742098488.938133,39,-61,-1
1742098488.974133,35,-3,-11
1742098489.010133,79,-17,14
1742098489.045133,-64,36,-59
1742098489.0811331,-24,60,-135
1742098489.116133,1,22,14
1742098489.151133,3,-13,-39
1742098489.1861331,-20,-7,72
1742098489.2221332,-4,74,2
1742098489.2581332,-4,10,-87
1742098489.293133,-92,-55,-29
1742098489.329133,-2,-42,34
1742098489.3641331,-27,64,-3
1742098489.399133,-10,-35,-25
1742098489.434133,-47,-57,-197
1742098489.470133,64,-71,-65
1742098489.506133,-16,-33,-67
1742098489.5411332,-36,-17,94
1742098489.5771332,-62,26,-167
1742098489.612133,15,-45,-119
1742098489.647133,11,-75,-9
1742098489.6821332,21,-61,24
1742098489.718133,0,-47,-95
1742098489.754133,-20,18,66
1742098489.789133,-24,24,-73
1742098489.825133,-40,-5,-9
1742098489.8601332,31,0,18
1742098489.895133,85,8,-17
1742098489.930133,-15,40,-81
1742098489.966133,-15,0,66
1742098490.0021331,-45,-25,-9
1742098490.037133,6,12,-159
1742098490.073133,8,-69,6
1742098490.108133,10,-3,-61
1742098490.1431332,-111,12,18
1742098490.178133,16,42,46
1742098490.214133,76,-43,-195
1742098490.250133,-57,-23,80
1742098490.2851331,-25,-49,-73
1742098490.3211331,20,-51,-35
1742098490.356133,-95,4,-15
1742098490.391133,-61,32,-41
1742098490.4261332,120,-51,-81
1742098490.4621332,28,-67,-33
1742098490.4981332,-9,34,-57
1742098490.533133,-19,-35,80
1742098490.569133,-77,-9,-63
1742098490.6041331,34,-17,-127
1742098490.639133,10,-7,0
1742098490.674133,-89,-9,78
1742098490.710133,6,-13,98
1742098490.746133,38,-19,-71
1742098490.7811332,14,-31,-155
1742098490.8171332,20,-27,-11
1742098490.852133,-39,56,-51
1742098490.8871331,-29,8,-51
1742098490.922133,0,6,4
1742098490.958133,-77,-27,-77
1742098490.994133,-21,-7,-15
1742098491.029133,-53,10,-87
1742098491.065133,-27,14,44
1742098491.1001332,48,36,-113
1742098491.135133,0,92,-39
1742098491.171133,32,66,-51
1742098491.2061331,14,34,-85
1742098491.2421331,-17,-33,58
1742098491.277133,84,-11,-3
1742098491.313133,14,4,-23
1742098491.348133,108,28,-77
1742098491.3831332,-15,-55,24
1742098491.4191332,120,30,52
1742098491.454133,-21,-27,-127
1742098491.490133,-23,54,-101
1742098491.5251331,44,-11,-33
1742098491.5611331,32,-23,8
1742098491.596133,4,20,-75
1742098491.631133,64,86,4
1742098491.667133,46,42,-115
1742098491.7021332,24,-1,32
1742098491.7381332,-45,9,18
1742098491.773133,-73,-2,4
1742098491.809133,6,18,-117
1742098491.8441331,28,24,-11
1742098491.879133,48,-12,-85
1742098491.915133,18,-28,-129
1742098491.950133,-53,-6,-99
1742098491.986133,-31,-57,-45
1742098492.0211332,0,-31,-77
1742098492.0571332,-41,-49,56
1742098492.092133,72,30,-49
1742098492.1271331,-19,28,-151
1742098492.1631331,-95,58,40
1742098492.198133,62,-15,6
1742098492.234133,-89,18,24
1742098492.269133,52,-45,-75
1742098492.305133,26,0,-65
1742098492.3401332,54,14,-199
1742098492.375133,34,32,4
1742098492.411133,-3,50,-53
1742098492.4461331,16,-7,-95
1742098492.4821332,34,6,18
1742098492.517133,-19,36,-49
1742098492.553133,14,-51,-39
1742098492.588133,46,22,-89
1742098492.6231332,10,0,26
1742098492.6591332,-3,40,-33
1742098492.694133,20,-45,18
1742098492.730133,-19,-37,70
1742098492.7651331,36,-107,-21
1742098492.8011332,32,-31,32
1742098492.836133,-67,30,-1
1742098492.871133,-31,-19,6
1742098492.907133,-33,-11,-87
1742098492.9421332,18,24,-181
1742098492.9781332,-57,-5,-63
1742098493.013133,44,-5,-39
1742098493.049133,42,-53,-43
1742098493.0841331,-9,50,-19
1742098493.119133,-23,20,-37
1742098493.155133,48,104,-93
1742098493.190133,62,-15,-141
1742098493.226133,-63,54,-101
1742098493.2611332,-15,-35,-73
1742098493.297133,-43,-35,-149
1742098493.332133,54,-81,-21
1742098493.3671331,16,-65,12
1742098493.4031332,-25,-43,-73
1742098493.438133,-9,-31,-11
1742098493.474133,62,58,48
1742098493.509133,-33,-83,-107
1742098493.5441332,-83,-15,-75
1742098493.579133,50,-7,-53
1742098493.615133,-11,28,-35
1742098493.651133,-31,6,28
1742098493.6861331,-27,20,-143
1742098493.7221332,34,-37,72
1742098493.757133,64,34,-85
1742098493.792133,-61,-27,-95
1742098493.8271332,-7,16,16
1742098493.8631332,-35,106,-59
1742098493.899133,-17,-23,-99
1742098493.934133,14,-61,-109
1742098493.970133,-49,2,-29
1742098494.0051332,-1,-31,2
1742098494.040133,10,-3,-71
1742098494.075133,-21,42,40
1742098494.111133,14,-31,-33
1742098494.147133,36,90,6
1742098494.1821332,-62,-15,64
1742098494.218133,23,-33,-65
1742098494.253133,19,66,124
1742098494.2881331,-16,-21,22
1742098494.323133,-2,-65,-53
1742098494.359133,80,50,-17
1742098494.395133,18,48,-47
1742098494.430133,-17,-23,-47
1742098494.466133,72,-103,-63
1742098494.501133,-15,-45,-53
1742098494.536133,48,-13,-37
1742098494.5711331,8,6,26
1742098494.6071332,-23,22,-129
1742098494.6431332,-71,-17,-101
1742098494.678133,-81,18,-105
1742098494.714133,14,-85,-97
1742098494.756133,6,20,-55
1742098494.792133,52,32,-149
1742098494.8271332,80,-25,0
1742098494.8631332,32,-43,-139
1742098494.899133,4,4,-105
1742098494.934133,42,-11,-45
1742098494.970133,-59,62,82
1742098495.0051332,8,-1,4
1742098495.040133,16,-49,-153
1742098495.075133,-13,-21,-23
1742098495.111133,4,-53,-45
1742098495.147133,48,4,84
1742098495.1821332,18,24,4
1742098495.218133,54,-5,126
1742098495.253133,50,10,-77
1742098495.2881331,-23,32,-47
1742098495.323133,-11,-1,-51
1742098495.359133,-1,18,-5
1742098495.395133,74,0,-73
1742098495.430133,-35,24,-37
1742098495.466133,96,-115,-73
1742098495.501133,-83,22,44
1742098495.536133,42,36,-21
1742098495.5711331,-49,54,-79
1742098495.6071332,-19,40,-107
1742098495.6431332,46,-39,-29
1742098495.678133,-15,-27,-23
1742098495.714133,-99,-43,-173
1742098495.749133,-17,-51,-41
1742098495.7841332,-61,12,58
1742098495.819133,40,14,-89
1742098495.855133,-5,16,-175
1742098495.891133,16,0,-53
1742098495.9261332,18,-31,-127
1742098495.9621332,-3,-15,-21
1742098495.997133,0,-23,-39
1742098496.032133,-37,-43,8
1742098496.0671332,8,98,26
1742098496.1031332,12,-47,-67
1742098496.139133,-3,44,-43
1742098496.174133,-47,30,-51
1742098496.210133,-55,-91,-65
1742098496.2451332,-13,-39,-123
1742098496.280133,26,-5,-27
1742098496.315133,-59,18,-117
1742098496.351133,-3,0,-37
1742098496.3871331,26,12,102
1742098496.422133,10,-1,36
1742098496.458133,0,-25,66
1742098496.493133,-29,2,88
1742098496.5281332,-101,84,70
1742098496.563133,16,48,-23
1742098496.599133,-21,8,-1
1742098496.635133,-51,-9,66
1742098496.670133,-7,-15,-59
1742098496.7061331,28,-31,-103
1742098496.741133,-35,30,-37
1742098496.776133,-13,-11,-81
1742098496.8111331,8,22,-83
1742098496.8471332,-41,44,70
1742098496.8831332,82,20,-93
1742098496.918133,-43,16,-59
1742098496.954133,38,30,-39
1742098496.9891331,130,8,34
1742098497.024133,-3,26,36
1742098497.059133,16,62,-65
1742098497.095133,14,-19,-125
1742098497.131133,-9,14,-121
1742098497.1661332,-5,-55,30
1742098497.2021332,18,32,22
1742098497.237133,-17,-25,6
1742098497.272133,-35,-3,-17
1742098497.3071332,30,6,-19
1742098497.343133,12,-41,-115
1742098497.379133,-125,-15,-3
1742098497.414133,-63,68,34
1742098497.450133,-63,58,26
1742098497.4851332,-3,26,-171
1742098497.520133,62,22,63
1742098497.556133,-87,-39,-28
1742098497.591133,-25,50,-81
1742098497.6271331,-35,24,4
1742098497.662133,-67,-25,-42
1742098497.698133,28,78,-122
1742098497.733133,-41,16,7
1742098497.7681332,-23,52,177
1742098497.8041332,28,84,-54
1742098497.839133,4,4,-112
1742098497.875133,-9,14,11
1742098497.9101331,32,8,-97
1742098497.9461331,-31,-43,-137
1742098497.981133,40,-19,-175
1742098498.016133,-49,-33,-52
1742098498.052133,16,26,8
1742098498.0871332,-51,-3,-117
1742098498.1231332,-7,86,66
1742098498.158133,-53,72,-14
1742098498.194133,10,-19,-36
1742098498.2291331,-5,-31,2
1742098498.264133,-11,-27,-87
1742098498.300133,-89,6,-45
1742098498.335133,54,-45,-136
1742098498.371133,62,-45,-52
1742098498.4061332,-37,-3,-68
1742098498.4421332,42,-65,89
1742098498.477133,34,24,-32
1742098498.5121331,2,6,-72
1742098498.5481331,-19,-9,25
1742098498.583133,68,24,-84
1742098498.619133,-85,-19,47
1742098498.654133,-27,22,-42
1742098498.690133,0,-57,-28
1742098498.7251332,20,20,-176
1742098498.760133,20,-111,11
1742098498.796133,-29,30,79
1742098498.8311331,10,-11,23
1742098498.8671331,-61,10,-64
1742098498.902133,58,42,-34
1742098498.938133,8,-33,15
1742098498.973133,6,12,-4
1742098499.0081332,80,16,-134
1742098499.0441332,38,66,-30
1742098499.079133,8,-33,-132
1742098499.115133,8,-35,9
1742098499.1501331,80,-29,-42
1742098499.1861331,-11,16,-80
1742098499.221133,-73,-9,73
1742098499.256133,-9,34,-102
1742098499.292133,30,-17,-50
1742098499.3271332,26,-45,-68
1742098499.3631332,-63,30,-110
1742098499.398133,6,14,-50
1742098499.434133,-67,28,71
1742098499.4691331,-5,-27,-124
1742098499.504133,-25,28,-54
1742098499.540133,4,44,35
1742098499.575133,-95,18,-44
1742098499.611133,52,112,-104
1742098499.6461332,0,46,1
1742098499.6821332,-21,76,-100
1742098499.717133,-1,18,-12
1742098499.7521331,-51,0,-118
1742098499.7881331,6,-11,-64
1742098499.823133,4,14,9
1742098499.859133,-45,-21,-86
1742098499.894133,88,62,-52
1742098499.930133,34,62,-50
1742098499.9651332,60,-55,71
1742098500.000133,18,-55,85
1742098500.036133,-21,12,-14
1742098500.0711331,-31,28,-2
1742098500.1071332,32,16,-20
1742098500.142133,24,58,-128
1742098500.178133,14,28,57
1742098500.214133,34,56,-76
1742098500.250133,92,-66,-36
1742098500.286133,-31,-1,17
1742098500.3211331,28,46,-70
1742098500.356133,70,-1,21
1742098500.392133,32,22,-118
1742098500.428133,54,44,-52
1742098500.463133,-93,-21,-58
1742098500.499133,14,38,13
1742098500.5341332,68,0,-68
1742098500.569133,-39,26,-82
1742098500.6041331,-33,-35,27
1742098500.6401331,-17,26,-40
1742098500.6761332,-59,-33,-154
1742098500.711133,-63,14,71
1742098500.747133,16,70,99
1742098500.782133,-7,58,-80
1742098500.8171332,-11,16,-8
1742098500.852133,-39,-3,43
1742098500.888133,-53,32,5
1742098500.924133,14,-39,-40
1742098500.9591331,-53,70,-64
1742098500.9951332,-77,14,-96
1742098501.030133,-83,2,-76
1742098501.065133,-3,22,-54
1742098501.1001332,92,-15,-58
1742098501.1361332,30,-29,-68
1742098501.172133,-7,24,15
1742098501.207133,-47,-19,5
1742098501.243133,-13,94,-112
1742098501.2781332,-147,60,-104
1742098501.313133,6,-17,31
1742098501.348133,-21,-3,-14
1742098501.384133,-1,-67,61
1742098501.420133,-59,-83,141
1742098501.4551332,34,78,77
1742098501.491133,2,42,-130
1742098501.526133,6,-39,1
1742098501.5611331,18,-29,-30
1742098501.596133,2,-91,-36
1742098501.632133,28,-55,-38
1742098501.668133,-67,58,47
1742098501.703133,44,38,25
1742098501.7391331,-5,-59,-136
1742098501.774133,-45,14,119
1742098501.809133,8,-7,47
1742098501.8441331,66,14,3
1742098501.8801332,43,-45,-84
1742098501.9161332,28,18,47
1742098501.951133,18,44,-84
1742098501.987133,-84,14,-50
1742098502.023133,19,-41,-58
1742098502.059133,-12,-44,-26
1742098502.0941331,2,2,-6
1742098502.129133,20,44,-116
1742098502.164133,34,85,-140
1742098502.200133,-101,-5,-2
1742098502.236133,6,-49,-184
1742098502.2711332,28,-35,-4
1742098502.3071332,-45,24,115
1742098502.342133,4,-37,-50
1742098502.3771331,2,50,57
1742098502.412133,-77,90,-60
1742098502.448133,44,-31,17
1742098502.484133,-49,-23,-26
1742098502.519133,38,-21,33
1742098502.555133,26,24,7
1742098502.5901332,12,20,-114
1742098502.625133,-29,70,-56
1742098502.6601331,40,-38,-56
1742098502.6961331,36,18,-6
1742098502.7321332,14,-28,-96
1742098502.767133,114,6,-30
1742098502.803133,56,26,-78
1742098502.838133,31,70,73
1742098502.8731332,65,-39,-8
1742098502.908133,-59,4,-134
1742098502.944133,-95,50,-166
1742098502.980133,-29,-31,-80
1742098503.0151331,-45,10,31
1742098503.0511332,-1,-29,-4
1742098503.086133,14,6,0
1742098503.121133,-83,22,-66
1742098503.1561332,38,-11,101
1742098503.1921332,-33,0,-80
1742098503.2281332,-11,-55,-84
1742098503.263133,48,24,-54
1742098503.299133,-37,-25,-100
1742098503.3341331,-39,-7,41
1742098503.369133,-7,40,-18
1742098503.404133,-51,-79,-130
1742098503.440133,-87,16,-46
1742098503.476133,-19,12,-10
1742098503.5111332,22,34,-2
1742098503.547133,6,-51,-42
1742098503.582133,-63,-61,-76
1742098503.6171331,-65,6,39
1742098503.652133,96,-35,-162
1742098503.688133,52,-3,-50
1742098503.724133,18,-3,-18
1742098503.759133,6,0,33
1742098503.795133,-9,-29,-82
1742098503.8301332,22,-9,-54
1742098503.865133,-35,-5,-42
1742098503.901133,24,22,-26
1742098503.9361331,-17,10,-26
1742098503.9721332,32,-21,-140
1742098504.007133,22,4,-52
1742098504.043133,-71,-11,-48
1742098504.078133,90,-35,-194
1742098504.1131332,-25,10,39
1742098504.148133,10,-23,-56
1742098504.184133,72,18,-110
1742098504.220133,36,34,-16
1742098504.2551332,-57,-37,-62
1742098504.2911332,24,60,-60
1742098504.326133,2,-69,-50
1742098504.361133,22,-57,-110
1742098504.3961332,-7,4,-64
1742098504.4321332,-23,-43,-136
1742098504.468133,54,50,-18
1742098504.503133,-31,-9,-80
1742098504.539133,56,18,-108
1742098504.5741332,72,-5,-174
1742098504.609133,50,18,-26
1742098504.645133,40,-11,-84
1742098504.680133,-101,-87,-94
1742098504.716133,-41,38,-118
1742098504.7581332,-27,-23,7
1742098504.795133,-71,80,-84
1742098504.8301332,-29,0,-78
1742098504.865133,-67,48,-96
1742098504.901133,0,-15,-54
1742098504.9361331,-35,-5,11
1742098504.9721332,52,6,-22
1742098505.007133,-11,-17,49
1742098505.043133,24,4,15
1742098505.078133,-27,96,-76
1742098505.1131332,-15,2,-104
1742098505.149133,-57,22,-150
1742098505.184133,-9,20,-64
1742098505.220133,-5,26,15
1742098505.2551332,-7,-11,-54
1742098505.2911332,74,40,-88
1742098505.326133,70,-29,-52
1742098505.361133,56,-21,-126
1742098505.397133,-59,2,37
1742098505.4321332,-5,-45,25
1742098505.468133,54,-55,-40
1742098505.503133,-29,-3,-100
1742098505.539133,-11,32,89
1742098505.5741332,38,-13,-40
1742098505.609133,-3,28,-56
1742098505.645133,44,-11,-108
1742098505.680133,-11,-3,49
1742098505.716133,4,0,-7
1742098505.751133,-27,-33,-63
1742098505.787133,32,70,-74
1742098505.822133,98,-19,21
1742098505.8571332,16,-31,-87
1742098505.8931332,10,-33,-8
1742098505.928133,44,-19,20
1742098505.964133,-25,48,-113
1742098505.999133,2,-33,-57
1742098506.0351331,-39,-23,-57
1742098506.070133,30,-37,-30
1742098506.105133,4,-91,-46
1742098506.141133,0,-11,4
1742098506.1761332,-53,66,-77
1742098506.2121332,-29,16,44
1742098506.247133,58,22,4
1742098506.283133,-37,30,-17
1742098506.318133,-137,26,16
1742098506.3531332,-15,36,4
1742098506.389133,-73,-79,-57
1742098506.424133,-15,8,-71
1742098506.460133,38,-41,-25
1742098506.4951332,-15,4,-113
1742098506.5311332,0,24,-99
1742098506.566133,48,-37,-115
1742098506.601133,-47,-33,-33
1742098506.6371331,-73,-41,-51
1742098506.672133,70,18,-181
1742098506.708133,-59,-5,-1
1742098506.743133,-17,52,4
1742098506.779133,-5,-33,-117
1742098506.8141332,0,-25,-25
1742098506.849133,6,-23,16
1742098506.885133,22,40,-175
1742098506.920133,50,36,-59
1742098506.9561331,2,22,-23
1742098506.991133,56,-37,96
1742098507.026133,8,-9,-21
1742098507.0611331,66,-21,-39
1742098507.0971332,-3,-21,-57
1742098507.1331332,16,-13,-61
1742098507.168133,-13,-47,40
1742098507.204133,18,40,-7
1742098507.2391331,-19,82,-59
1742098507.274133,-49,-29,-63
1742098507.309133,-7,-33,42
1742098507.345133,76,50,8
1742098507.381133,0,-5,26
1742098507.4161332,-21,-37,-11
1742098507.4521332,-19,-19,50
1742098507.487133,30,50,26
1742098507.522133,4,20,-139
1742098507.5571332,70,-47,-161
1742098507.593133,58,14,18
1742098507.629133,-1,-7,-25
1742098507.664133,2,-1,30
1742098507.700133,22,-33,-65
1742098507.7351332,42,-35,-3
1742098507.770133,64,36,-21
1742098507.805133,24,34,-45
1742098507.841133,26,36,-5
1742098507.8771331,-29,28,-29
1742098507.912133,-65,22,-115
1742098507.948133,-45,16,-13
1742098507.983133,-69,-1,-117
1742098508.0181332,20,-65,-19
1742098508.053133,44,-57,-85
1742098508.089133,62,8,-103
1742098508.125133,-31,20,-81
1742098508.1601331,-17,8,-17
1742098508.1961331,-37,-45,10
1742098508.231133,18,-21,26
1742098508.266133,84,-7,-21
1742098508.3011332,-49,12,-11
1742098508.3371332,60,-5,24
1742098508.3731332,-79,16,-55
1742098508.408133,-93,-3,-99
1742098508.444133,-25,20,48
1742098508.4791331,52,-59,-49
1742098508.514133,38,0,20
1742098508.549133,-15,-37,0
1742098508.585133,50,-57,-65
1742098508.621133,18,16,-125
1742098508.6561332,48,90,-97
1742098508.6921332,-43,-49,-5
1742098508.727133,8,-13,-189
1742098508.7621331,56,20,-13
1742098508.797133,-19,-25,-129
1742098508.833133,54,-9,-37
1742098508.869133,20,-17,-131
1742098508.904133,0,20,-101
1742098508.940133,-17,12,-67
1742098508.9751332,4,100,60
1742098509.010133,38,6,60
1742098509.045133,-21,-39,8
1742098509.0811331,42,-13,20
1742098509.1171331,42,-63,-59
1742098509.152133,48,22,-91
1742098509.188133,24,28,-23
1742098509.223133,-3,-37,-35
1742098509.2581332,32,2,-81
1742098509.293133,-85,68,-111
1742098509.329133,6,10,-39
1742098509.365133,26,40,-73
1742098509.4001331,-7,4,32
1742098509.4361331,10,-37,-69
1742098509.471133,-97,28,22
1742098509.506133,42,38,-131
1742098509.5411332,-31,4,-95
1742098509.5771332,-27,48,2
1742098509.6131332,54,28,-59
1742098509.648133,-45,4,-93
1742098509.684133,78,-13,-49
1742098509.7191331,62,-57,-41
1742098509.754133,-47,-49,-7
1742098509.789133,64,-33,-45
1742098509.825133,32,48,88
1742098509.861133,-23,20,-57
1742098509.8961332,98,-3,-63
1742098509.9321332,-109,40,-161
1742098509.967133,-41,46,-77
1742098510.0021331,-25,28,-81
1742098510.037133,54,-3,-43
1742098510.073133,16,-23,-41
1742098510.109133,-39,-23,-19
1742098510.144133,4,62,-25
1742098510.180133,-1,12,-43
1742098510.2151332,-41,-15,80
1742098510.250133,-15,-17,-5
1742098510.2851331,18,88,-61
1742098510.3211331,-23,-35,-37
1742098510.3571332,36,6,-15
1742098510.392133,-1,-11,-109
1742098510.428133,-53,22,22
1742098510.463133,-23,4,-139
1742098510.4981332,-15,-11,-99
1742098510.533133,-11,-57,-53
1742098510.569133,88,-39,-53
1742098510.605133,-69,-15,-57
1742098510.6401331,-69,-13,76
1742098510.6761332,-55,18,-127
1742098510.711133,46,4,106
1742098510.746133,10,26,26
1742098510.7811332,64,40,-19
1742098510.8171332,-123,56,-97
1742098510.8531332,80,72,28
1742098510.888133,0,-33,-107
1742098510.924133,8,-25,-11
1742098510.9591331,-31,44,-71
1742098510.994133,-55,-37,-49
1742098511.029133,-25,-17,-111
1742098511.065133,-71,24,-63
1742098511.101133,-35,-31,-99
1742098511.1371331,20,-7,-51
1742098511.1731331,0,-11,-31
1742098511.208133,-17,12,-51
1742098511.244133,78,-27,152
1742098511.279133,-47,36,12
1742098511.3141332,32,8,-99
1742098511.3501332,-47,-3,-79
1742098511.385133,-5,8,-17
1742098511.421133,68,-36,-51
1742098511.4561331,6,16,12
1742098511.4921331,-19,-41,-59
1742098511.527133,2,-5,-151
1742098511.562133,-27,-21,-1
1742098511.598133,-1,44,28
1742098511.6331332,90,18,144
1742098511.6691332,82,20,-45
1742098511.704133,32,8,-71
1742098511.740133,-13,4,-75
1742098511.7751331,28,10,-59
1742098511.810133,-59,-27,-15
1742098511.846133,-37,28,0
1742098511.881133,42,60,-45
1742098511.917133,-47,-17,-41
1742098511.9521332,98,-37,66
1742098511.9881332,-41,-9,42
1742098512.023133,-15,-45,-47
1742098512.0581331,84,52,-43
1742098512.0941331,20,64,-9
1742098512.129133,10,-37,-49
1742098512.165133,-13,64,-5
1742098512.200133,-119,14,-41
1742098512.236133,90,-7,84
1742098512.2711332,30,-29,28
1742098512.306133,2,-11,32
1742098512.342133,12,4,-89
1742098512.3771331,58,2,38
1742098512.4131331,76,44,28
1742098512.448133,-5,40,-83
1742098512.484133,-55,-13,54
1742098512.519133,50,-5,-37
1742098512.5541332,-9,34,34
1742098512.5901332,20,-11,-55
1742098512.625133,8,-21,-67
1742098512.661133,-1,-41,-33
1742098512.6961331,-7,32,-117
1742098512.7321332,24,-35,-47
1742098512.767133,-7,62,-11
1742098512.802133,32,10,6
1742098512.838133,24,-3,-7
1742098512.8731332,-73,60,-81
1742098512.9091332,-83,-47,-81
1742098512.944133,40,-11,-89
1742098512.980133,0,42,-71
1742098513.0151331,-9,52,-147
1742098513.050133,10,22,-15
1742098513.086133,4,-45,-69
1742098513.121133,90,38,-65
1742098513.157133,-1,36,56
1742098513.1921332,68,-61,34
1742098513.2281332,-63,88,-43
1742098513.263133,20,160,-145
1742098513.2981331,42,8,10
1742098513.3341331,48,74,-145
1742098513.369133,-49,-1,-33
1742098513.405133,-57,-59,-21
1742098513.440133,-3,8,-35
1742098513.476133,-71,14,18
1742098513.5111332,32,-13,10
1742098513.546133,-15,118,-31
1742098513.582133,50,-21,-27
1742098513.6171331,20,10,10
1742098513.6531332,2,88,-155
1742098513.688133,-41,-15,94
1742098513.724133,34,-39,-111
1742098513.760133,50,-19,-5
1742098513.795133,-11,48,-63
1742098513.8301332,122,-1,-53
1742098513.866133,80,-55,-97
1742098513.902133,8,-19,32
1742098513.937133,22,-41,-53
1742098513.973133,-3,-61,30
1742098514.0081332,-45,42,24
1742098514.043133,14,28,108
1742098514.078133,50,-17,-37
1742098514.1141331,76,76,14
1742098514.1501331,-31,8,0
1742098514.185133,-53,70,-27
1742098514.221133,52,-21,26
1742098514.256133,6,32,14
1742098514.2911332,4,-43,22
1742098514.326133,-5,34,6
1742098514.362133,-27,36,-145
1742098514.398133,46,20,-133
1742098514.4331331,10,2,14
1742098514.4691331,76,12,-51
1742098514.504133,-13,44,66
1742098514.539133,22,62,-43
1742098514.5741332,2,-53,-41
1742098514.6101332,42,74,88
1742098514.6461332,4,84,-15
1742098514.681133,36,36,-79
1742098514.717133,54,-69,-85
1742098514.759133,-21,-7,-51
1742098514.795133,94,-11,-103
1742098514.8301332,-35,52,-61
1742098514.866133,46,-15,-121
1742098514.902133,-7,78,-103
1742098514.937133,12,-31,-1
1742098514.973133,-55,90,84
1742098515.0081332,24,2,-97
1742098515.043133,-24,-7,58
1742098515.078133,20,-21,-31
1742098515.1141331,-24,-9,-31
1742098515.1501331,-124,18,-67
1742098515.185133,-15,-15,-43
1742098515.221133,-1,4,-39
1742098515.256133,78,38,-77
1742098515.2911332,-37,16,184
1742098515.326133,30,-13,-47
1742098515.362133,-61,-25,-81
1742098515.398133,6,-57,116
1742098515.4331331,-111,-41,-47
1742098515.4691331,-47,42,-63
1742098515.504133,22,-29,-21
1742098515.539133,-5,32,-175
1742098515.5741332,26,14,-69
1742098515.6101332,-33,34,-135
1742098515.6461332,48,26,70
1742098515.681133,8,-25,32
1742098515.717133,2,-5,-11
1742098515.7521331,28,-47,76
1742098515.787133,-37,-51,-167
1742098515.822133,2,34,-35
1742098515.858133,-53,64,38
1742098515.894133,-43,2,-95
1742098515.9291332,20,-15,-7
1742098515.9651332,74,44,-49
1742098516.000133,58,-35,-111
1742098516.0351331,-39,-61,-13
1742098516.070133,4,44,24
1742098516.106133,18,-107,-105
1742098516.142133,-1,34,-101
1742098516.177133,-45,24,42
1742098516.213133,-77,-9,88
1742098516.2481332,62,-45,6
1742098516.283133,0,0,-17
1742098516.318133,60,-19,-99
1742098516.3541331,26,-23,-45
1742098516.3901331,34,-17,-41
1742098516.425133,-19,-15,18
1742098516.461133,10,1,38
1742098516.496133,100,-24,-51
1742098516.5311332,-11,-45,82
1742098516.566133,34,4,-33
1742098516.602133,-75,27,-33
1742098516.638133,-89,50,-79
1742098516.6731331,62,23,-73
1742098516.7091331,44,-44,-65
1742098516.744133,-43,-1,-91
1742098516.779133,60,-47,-63
1742098516.8141332,-7,16,-137
1742098516.8501332,-19,-23,-21
1742098516.8861332,-19,50,46
1742098516.921133,32,-75,56
1742098516.957133,88,16,54
1742098516.9921331,-47,28,-71
1742098517.027133,40,-13,54
1742098517.062133,-29,34,4
1742098517.098133,30,-1,-93
1742098517.134133,42,4,-5
1742098517.1691332,-9,-17,-61
1742098517.2051332,-11,-33,2
1742098517.240133,18,6,-17
1742098517.2751331,26,-25,-11
1742098517.310133,4,34,78
1742098517.346133,-61,-1,-11
1742098517.382133,42,100,-15
1742098517.417133,-1,-23,-73
1742098517.453133,-67,18,0
1742098517.4881332,-31,20,-3
1742098517.523133,64,48,-39
1742098517.5581331,-3,48,-229
1742098517.5941331,38,-15,-139
1742098517.6301332,-45,-9,-65
1742098517.665133,6,70,-87
1742098517.701133,20,-29,-115
1742098517.736133,52,20,-25
1742098517.7711332,78,20,-5
1742098517.806133,36,60,-81
1742098517.842133,-43,86,-59
1742098517.878133,-9,-55,2
1742098517.9131331,34,-69,-29
1742098517.9491332,76,54,-37
1742098517.984133,28,40,54
1742098518.019133,42,-59,-55
1742098518.055133,102,-17,-123
1742098518.0901332,-15,-11,-107
1742098518.126133,-55,-3,-43
1742098518.161133,0,0,36
1742098518.197133,-19,-61,-63
1742098518.2321332,20,2,-93
1742098518.267133,56,22,0
1742098518.303133,-75,-29,-13
1742098518.338133,-35,-7,-125
1742098518.374133,6,6,-57
1742098518.4091332,-67,-43,-45
1742098518.445133,34,-3,-65
1742098518.480133,-17,-33,10
1742098518.5151331,-43,22,-24
1742098518.5511332,40,60,-32
1742098518.586133,-33,42,-121
1742098518.622133,2,44,6
1742098518.657133,58,50,-143
1742098518.693133,-9,-37,14
1742098518.7281332,-17,8,-65
1742098518.763133,8,-17,-45
1742098518.799133,-43,30,148
1742098518.8341331,-5,-65,-73
1742098518.8701332,-57,-11,-21
1742098518.905133,18,-59,18
1742098518.941133,48,-89,-63
1742098518.976133,2,-19,86
1742098519.0111332,26,-3,-45
1742098519.047133,34,-39,-53
1742098519.082133,154,20,58
1742098519.118133,38,30,-87
1742098519.1531332,32,-47,-81
1742098519.1891332,-3,-9,-45
1742098519.224133,-31,-3,-115
1742098519.259133,-71,36,-55
1742098519.295133,-69,24,14
1742098519.3301332,34,-19,2
1742098519.366133,-39,-75,-183
1742098519.401133,20,-19,20
1742098519.437133,-5,14,18
1742098519.4721332,26,-51,-63
1742098519.507133,52,24,-91
1742098519.543133,14,-1,-57
1742098519.578133,-27,-33,-57
1742098519.6141331,36,42,-11
1742098519.649133,34,-59,-135
1742098519.685133,-7,-43,2
1742098519.720133,-25,-7,-83
1742098519.7551332,-23,-33,-89
1742098519.7911332,-39,-81,-17
1742098519.826133,-37,-25,-32
1742098519.862133,78,36,101
1742098519.897133,10,-27,-50
1742098519.9331331,4,46,1
1742098519.968133,62,-19,1
1742098520.003133,84,-81,-96
1742098520.039133,-17,-1,135
1742098520.0741332,90,18,-32
1742098520.1101332,32,-9,-86
1742098520.145133,-17,62,-84
1742098520.181133,4,-9,-64
1742098520.216133,-23,-29,85
1742098520.251133,42,28,51
1742098520.287133,-35,28,-48
1742098520.322133,16,20,-104
1742098520.358133,4,-59,-134
1742098520.3931332,-53,64,-66
1742098520.4291332,8,50,-58
1742098520.4651332,18,28,-152
1742098520.500133,-33,-37,-16
1742098520.5351331,-29,-9,-100
1742098520.5711331,-1,-9,-46
1742098520.6071332,-29,32,-2
1742098520.642133,16,32,35
1742098520.678133,56,28,35
1742098520.713133,-1,28,-54
1742098520.7481332,10,48,-118
1742098520.783133,-13,-65,75
1742098520.819133,18,-37,-60
1742098520.855133,26,20,91
1742098520.8901331,-23,-21,1
1742098520.9261332,50,-35,75
1742098520.961133,-43,-65,-74
1742098520.996133,-35,-91,31
1742098521.0311332,114,64,-114
1742098521.0671332,16,-25,91
1742098521.1031332,-77,-105,43
1742098521.138133,-27,-9,-72
1742098521.174133,4,6,7
1742098521.2091331,58,26,57
1742098521.244133,48,-23,27
1742098521.279133,2,-45,-14
1742098521.315133,-25,-27,-24
1742098521.351133,20,-71,-32
1742098521.3861332,20,4,-34
1742098521.422133,-27,30,-24
1742098521.457133,-1,-13,-66
1742098521.4921331,2,-89,-50
1742098521.527133,-5,10,-46
1742098521.563133,62,36,-122
1742098521.599133,38,-21,-92
1742098521.634133,-57,-21,83
1742098521.670133,-47,84,-4
1742098521.7051332,-61,28,-66
1742098521.740133,78,4,53
1742098521.7751331,18,44,47
1742098521.8111331,-13,78,-56
1742098521.8471332,70,-23,-64
1742098521.882133,8,-25,-78
1742098521.918133,-21,9,-100
1742098521.953133,30,16,-20
1742098521.9881332,74,14,-98
1742098522.023133,56,-35,115
1742098522.059133,86,32,-106
1742098522.095133,56,-41,21
1742098522.1301332,-13,46,-52
1742098522.1661332,8,48,-96
1742098522.201133,-9,-13,-92
1742098522.236133,-1,14,-80
1742098522.2711332,-7,42,-20
1742098522.3071332,-13,-47,-108
1742098522.343133,-57,18,-48
1742098522.378133,-85,74,-74
1742098522.414133,-13,36,0
1742098522.4491332,36,90,-122
1742098522.484133,22,18,-150
1742098522.519133,-51,56,15
1742098522.555133,68,48,13
1742098522.591133,24,-103,157
1742098522.626133,32,-47,-76
1742098522.662133,4,60,91
1742098522.697133,42,-11,0
1742098522.7321332,24,10,-64
1742098522.767133,32,8,-10
1742098522.803133,42,28,-124
1742098522.839133,0,40,-10
1742098522.874133,-57,24,-8
1742098522.9101331,-83,22,-86
1742098522.945133,-3,-17,-118
1742098522.980133,76,16,-40
1742098523.0151331,4,-21,-62
1742098523.0511332,10,-49,-24
1742098523.0871332,68,42,-54
1742098523.122133,8,16,-12
1742098523.158133,-21,-31,-36
1742098523.193133,64,-93,103
1742098523.2281332,-21,-13,-44
1742098523.263133,6,40,-58
1742098523.299133,-31,-1,-34
1742098523.335133,70,84,-8
1742098523.3701332,-45,-23,-42
1742098523.4061332,-11,20,-108
1742098523.441133,92,8,29
1742098523.476133,-3,-9,23
1742098523.5111332,-31,0,-52
1742098523.547133,2,92,21
1742098523.583133,42,2,27
1742098523.618133,0,-31,-52
1742098523.654133,-67,48,-4
1742098523.6891332,-29,18,-8
1742098523.724133,-5,44,79
1742098523.759133,40,12,3
1742098523.795133,-51,-7,-24
1742098523.8311331,-21,-3,-68
1742098523.866133,-71,66,-20
1742098523.902133,70,-9,-196
1742098523.937133,20,8,-64
1742098523.9721332,50,20,-24
1742098524.007133,-41,-27,-22
1742098524.043133,-49,58,-32
1742098524.079133,22,-25,-54
1742098524.1141331,-5,-15,-28
1742098524.1501331,2,24,7
1742098524.185133,8,-19,17
1742098524.220133,-3,-15,-30
1742098524.2551332,2,-33,0
1742098524.2911332,-43,28,33
1742098524.3271332,-7,-25,-44
1742098524.362133,-25,-19,-184
1742098524.398133,-15,-49,-74
1742098524.4331331,70,-19,-82
1742098524.468133,-53,-37,-98
1742098524.503133,22,136,-68
1742098524.539133,-9,-41,-2
1742098524.575133,52,-105,39
1742098524.6101332,66,-41,-10
1742098524.6461332,-7,38,49
1742098524.681133,-17,-37,-38
1742098524.716133,32,-43,5
1742098524.7521331,114,22,-36
1742098524.7941332,78,30,-126
1742098524.8311331,46,-25,-2
1742098524.866133,14,40,49
1742098524.902133,-9,84,-62
1742098524.937133,-23,0,-38
1742098524.9721332,-29,-23,-132
1742098525.0081332,-15,-47,-92
1742098525.043133,-25,-33,-108
1742098525.079133,-75,-43,39
1742098525.1141331,-89,-19,-58
1742098525.1501331,-7,-117,-88
1742098525.185133,50,22,-142
1742098525.220133,4,-15,-24
1742098525.256133,92,14,-16
1742098525.2911332,56,48,-40
1742098525.3271332,-37,-45,-84
1742098525.362133,70,-107,3
1742098525.398133,-45,-87,-68
1742098525.4331331,0,-19,-40
1742098525.468133,-25,-41,-30
1742098525.504133,-1,-27,91
1742098525.539133,-23,-51,-28
1742098525.575133,-19,-7,-162
1742098525.6101332,46,-1,-80
1742098525.6461332,26,-5,25
1742098525.681133,38,34,-4
1742098525.716133,-59,-33,-102
1742098525.7521331,-63,20,-168
1742098525.787133,-51,-71,-128
1742098525.823133,100,64,-58
1742098525.858133,22,12,-46
1742098525.894133,-3,12,69
1742098525.9291332,-27,50,-16
1742098525.964133,-13,48,-66
1742098526.000133,30,28,-80
1742098526.0351331,16,44,-2
1742098526.0711331,-9,34,-78
1742098526.106133,-27,10,11
1742098526.142133,20,68,-126
1742098526.177133,30,-17,-22
1742098526.2121332,44,26,-92
1742098526.2481332,110,0,-6
1742098526.283133,12,-45,-98
1742098526.319133,-93,-19,-66
1742098526.3541331,54,42,-92
1742098526.3901331,50,28,-26
1742098526.425133,0,-25,-102
1742098526.460133,-41,90,-12
1742098526.496133,-31,-11,-28
1742098526.5311332,44,-5,-146
1742098526.5671332,-131,78,55
1742098526.602133,2,14,-18
1742098526.638133,-55,56,-34
1742098526.6731331,-33,-31,69
1742098526.708133,36,42,-76
1742098526.744133,44,2,-14
1742098526.779133,-19,-61,-170
1742098526.815133,-7,-43,63
1742098526.8501332,-27,8,-16
1742098526.8861332,-53,38,-64
1742098526.921133,-7,-3,-62
1742098526.9561331,-73,26,43
1742098526.9921331,10,2,-180
1742098527.027133,-51,74,43
1742098527.063133,58,-21,1
1742098527.098133,20,8,-136
1742098527.134133,38,0,19
1742098527.170133,28,-47,-78
1742098527.2061331,8,0,-52
1742098527.2421331,-15,2,-96
1742098527.277133,32,36,-44
1742098527.312133,-29,-39,-56
1742098527.348133,-23,68,71
1742098527.384133,2,-25,-66
1742098527.4191332,58,-41,-20
1742098527.4551332,-39,-35,-98
1742098527.490133,22,-63,-18
1742098527.5251331,-19,-5,-52
1742098527.560133,-19,28,51
1742098527.596133,22,-49,17
1742098527.632133,18,-37,65
1742098527.667133,-1,48,-24
1742098527.703133,-27,-17,-36
1742098527.7381332,76,22,-40
1742098527.773133,-87,-29,-20
1742098527.8081331,10,-33,-4
1742098527.8441331,-47,12,-20
1742098527.8801332,36,-89,27
1742098527.915133,-51,-23,-106
1742098527.951133,-15,-17,-178
1742098527.986133,-73,80,-8
1742098528.0211332,-109,28,-120
1742098528.056133,4,6,-44
1742098528.092133,46,0,-120
1742098528.128133,2,-29,-22
1742098528.1631331,-15,-13,-42
1742098528.1991332,10,-5,-22
1742098528.234133,54,26,47
1742098528.269133,34,30,1
1742098528.3041332,-47,0,-22
1742098528.3401332,-25,18,-36
1742098528.376133,30,-33,-40
1742098528.411133,-27,-15,-72
1742098528.447133,-95,72,-154
1742098528.4821332,30,-85,-134
1742098528.517133,-61,38,-72
1742098528.552133,48,-7,-32
1742098528.588133,-113,18,5
1742098528.624133,16,38,-130
1742098528.6591332,-5,40,-82
1742098528.695133,-31,-77,-66
1742098528.730133,20,6,-40
1742098528.7651331,-43,-37,107
1742098528.800133,62,-35,-18
1742098528.836133,40,56,-36
1742098528.872133,4,78,133
1742098528.907133,-47,42,27
1742098528.943133,36,6,7
1742098528.9781332,18,-47,19
1742098529.013133,-13,-51,-160
1742098529.0481331,-93,-67,-104
1742098529.0841331,-47,30,-28
1742098529.1201332,-77,16,67
1742098529.155133,-59,-57,-66
1742098529.191133,14,-1,-26
1742098529.226133,-61,36,21
1742098529.2611332,-1,-61,-80
1742098529.296133,-3,-21,-16
1742098529.332133,-49,-41,-16
1742098529.368133,76,24,-110
1742098529.4031332,56,-71,-6
1742098529.4391332,18,94,-24
1742098529.474133,-17,-21,-98
1742098529.509133,70,10,-54
1742098529.5441332,-55,-53,-168
1742098529.5801332,-87,-49,-36
1742098529.616133,-89,70,-138
1742098529.651133,-59,-131,73
1742098529.687133,-21,-9,7
1742098529.7221332,6,-1,95
1742098529.757133,36,-53,-80
1742098529.792133,32,-21,-94
1742098529.828133,-69,2,81
1742098529.8641331,72,-39,31
1742098529.899133,46,-45,91
1742098529.935133,78,16,-54
1742098529.970133,42,0,-8
1742098530.0051332,-31,-9,-140
1742098530.040133,-35,26,73
1742098530.076133,-37,24,49
1742098530.112133,10,-27,91
1742098530.147133,62,16,-86
1742098530.1831331,0,-39,-120
1742098530.218133,12,-73,-12
1742098530.253133,-9,62,-126
1742098530.2881331,18,44,53
1742098530.3241332,-57,44,-44
1742098530.3601332,-1,16,-10
1742098530.395133,-77,-5,12
1742098530.431133,-35,-59,34
1742098530.466133,12,56,-51
1742098530.501133,28,60,10
1742098530.536133,8,36,-17
1742098530.572133,-51,-21,-39
1742098530.608133,4,-29,-51
1742098530.6431332,-27,-87,-27
1742098530.6791332,22,18,86
1742098530.714133,52,-23,-7
1742098530.749133,-9,16,-105
1742098530.7841332,28,-1,-55
1742098530.820133,-1,22,0
1742098530.856133,22,-3,22
1742098530.891133,6,-27,60
1742098530.927133,22,-47,-121
1742098530.9621332,-19,28,-101
1742098530.997133,34,44,-57
1742098531.032133,-33,4,124
1742098531.068133,-57,-15,-63
1742098531.1041331,32,10,24
1742098531.139133,12,68,-95
1742098531.175133,18,-37,-11
1742098531.210133,4,90,32
1742098531.2451332,-71,12,-47
1742098531.280133,-23,42,-71
1742098531.316133,38,46,-127
1742098531.352133,16,60,-33
1742098531.3871331,-51,8,-127
1742098531.4231331,-51,22,-63
1742098531.458133,44,-15,-133
1742098531.493133,18,-45,-35
1742098531.529133,20,24,-43
1742098531.5641332,-1,-27,-111
1742098531.6001332,-1,-43,-9
1742098531.635133,-7,40,18
1742098531.671133,32,12,-7
1742098531.7061331,30,-9,-17
1742098531.741133,-1,-19,4
1742098531.777133,30,-31,-5
1742098531.812133,6,-59,-171
1742098531.848133,-1,-23,-137
1742098531.8831332,26,40,-33
1742098531.9191332,36,33,82
1742098531.954133,-1,3,-41
1742098531.9891331,26,7,-57
1742098532.0251331,-39,18,40
1742098532.060133,-25,27,0
1742098532.096133,-7,-41,-75
1742098532.131133,-23,0,104
1742098532.167133,-23,-26,-41
1742098532.2021332,46,-26,4
1742098532.237133,-65,11,78
1742098532.273133,-1,-5,-51
1742098532.3081331,20,9,-55
1742098532.3441331,0,-44,22
1742098532.379133,-1,-50,48
1742098532.415133,18,42,-83
1742098532.450133,-50,-60,-71
1742098532.4851332,30,42,-19
1742098532.5211332,66,-39,-15
1742098532.556133,-99,54,-23
1742098532.592133,70,-14,-99
1742098532.6271331,2,64,-87
1742098532.6631331,28,-28,-117
1742098532.698133,22,-12,12
1742098532.733133,-10,-12,-89
1742098532.769133,60,56,-49
1742098532.8041332,-29,-9,-29
1742098532.8401332,-23,28,46
1742098532.875133,-15,28,-43
1742098532.911133,28,-19,-169
1742098532.9461331,0,-1,-45
1742098532.981133,-5,12,-1
1742098533.017133,64,-37,-69
1742098533.052133,4,-5,4
1742098533.088133,-63,-1,-5
1742098533.1231332,-19,-27,-55
1742098533.1591332,104,-12,-39
1742098533.194133,-30,36,-4
1742098533.2291331,-23,-47,-190
1742098533.2651331,48,-33,23
1742098533.300133,98,26,-62
1742098533.336133,-21,12,-78
1742098533.371133,-55,-65,55
1742098533.407133,30,46,-80
1742098533.4421332,-7,26,67
1742098533.477133,22,-9,-32
1742098533.513133,14,-35,-30
1742098533.5481331,-5,-77,3
1742098533.5841331,30,8,117
1742098533.619133,18,80,33
1742098533.655133,6,-41,29
1742098533.690133,-21,0,-112
1742098533.7251332,116,-67,-6
1742098533.7611332,50,30,-94
1742098533.796133,28,38,25
1742098533.832133,-7,-11,-98
1742098533.8671331,52,16,7
1742098533.9031332,34,-51,-88
1742098533.9391332,-33,20,-14
1742098533.9751332,-69,-101,1
1742098534.0111332,-31,20,-18
1742098534.046133,60,-73,53
1742098534.0811331,58,4,-4
1742098534.1171331,-29,-51,-34
1742098534.1531332,20,-13,13
1742098534.188133,-67,-13,-176
1742098534.224133,94,-17,49
1742098534.259133,30,14,-4
1742098534.2941332,0,-29,-30
1742098534.329133,-111,-9,31
1742098534.365133,58,12,-36
1742098534.401133,62,-7,-60
1742098534.4361331,2,-17,-186
1742098534.4721332,22,68,29
1742098534.507133,44,8,-146
1742098534.542133,-53,12,41
1742098534.5771332,-55,-17,-58
1742098534.6131332,48,36,-66
1742098534.649133,-59,36,-14
1742098534.684133,0,24,-150
1742098534.720133,-59,-11,-56
1742098534.7551332,94,20,-4
1742098534.797133,-29,-23,15
1742098534.833133,28,0,-76
1742098534.869133,44,2,-40
1742098534.905133,18,-71,-86
1742098534.940133,-65,-23,81
1742098534.976133,-43,-29,-130
1742098535.0111332,-65,-29,-132
1742098535.046133,-81,6,-106
1742098535.0811331,-53,-3,-124
1742098535.1171331,92,-35,-156
1742098535.1531332,26,-61,9
1742098535.188133,74,-51,-88
1742098535.224133,6,18,-40
1742098535.259133,-23,74,-206
1742098535.2941332,38,-25,57
1742098535.329133,-61,-25,-90
1742098535.365133,-29,46,-72
1742098535.401133,-33,20,-88
1742098535.4361331,-11,0,-82
1742098535.4721332,-7,-33,-42
1742098535.507133,-5,-37,-88
1742098535.542133,0,36,-54
1742098535.5771332,40,-7,29
1742098535.6131332,2,2,35
1742098535.649133,-1,-37,-2
1742098535.684133,-67,-7,-78
1742098535.720133,3,-15,-104
1742098535.7551332,-4,-53,31
1742098535.790133,-38,-45,49
1742098535.825133,27,-61,57
1742098535.861133,-12,36,-48
1742098535.897133,33,-113,-6
1742098535.9321332,41,8,-4
1742098535.968133,-32,-29,63
1742098536.003133,-50,-15,-128
1742098536.0381331,7,36,-60
1742098536.073133,-33,36,-106
1742098536.109133,-97,60,41
1742098536.145133,-70,42,-46
1742098536.180133,-16,8,-62
1742098536.216133,27,-13,-42
1742098536.251133,-38,-5,19
1742098536.286133,5,-73,15
1742098536.3211331,-18,44,-32
1742098536.3571332,-22,-21,-20
1742098536.3931332,-6,-65,115
1742098536.428133,17,-9,-46
1742098536.464133,11,-7,-78
1742098536.499133,-60,50,5
1742098536.5341332,-39,30,-32
1742098536.569133,-10,-59,-38
1742098536.605133,21,-9,-88
1742098536.641133,30,34,-26
1742098536.6761332,-21,-25,41
1742098536.7121332,0,14,-128
1742098536.747133,18,-33,-158
1742098536.782133,-5,12,-46
1742098536.8171332,-5,-43,-60
1742098536.8531332,-29,-57,-44
1742098536.889133,14,102,23
1742098536.924133,-39,84,0
1742098536.960133,40,28,-18
1742098536.9951332,64,24,45
1742098537.030133,6,-65,-42
1742098537.065133,60,60,-50
1742098537.101133,-7,-9,-38
1742098537.1371331,50,-47,7
1742098537.172133,6,54,-74
1742098537.208133,48,-35,-14
1742098537.243133,-41,4,5
1742098537.2781332,40,44,-64
1742098537.313133,-45,2,3
1742098537.349133,-19,-27,-88
1742098537.385133,48,60,-32
1742098537.420133,66,-13,37
1742098537.4561331,34,-11,1
1742098537.491133,30,-63,-26
1742098537.526133,-57,-3,61
1742098537.5611331,-81,0,21
1742098537.5971332,24,96,-2
1742098537.6331332,-63,28,-110
1742098537.668133,22,26,39
1742098537.704133,46,52,9
1742098537.7391331,-57,-71,-92
1742098537.774133,86,-15,35
1742098537.809133,84,44,-78
1742098537.845133,10,-9,17
1742098537.881133,54,56,-104
1742098537.9161332,104,78,79
1742098537.9521332,-27,40,-178
1742098537.987133,14,0,-60
1742098538.022133,-27,-31,-14
1742098538.0571332,4,-33,-102
1742098538.093133,18,-61,-84
1742098538.129133,-55,8,35
1742098538.164133,-7,12,-56
1742098538.200133,76,-39,-44
1742098538.2351332,24,16,-146
1742098538.270133,-83,-53,-34
1742098538.306133,80,24,-92
1742098538.341133,-23,20,-2
1742098538.3771331,-13,-17,-28
1742098538.412133,-17,8,-120
1742098538.448133,14,70,-138
1742098538.483133,-31,-13,-96
1742098538.5181332,20,26,7
1742098538.5541332,8,-79,-2
1742098538.589133,32,46,-126
1742098538.625133,94,-69,-98
1742098538.6601331,62,-61,17
1742098538.6961331,8,32,-120
1742098538.731133,58,-43,-52
1742098538.766133,12,86,-8
1742098538.802133,-13,-17,17
1742098538.8371332,12,-5,-106
1742098538.8731332,72,66,-80
1742098538.908133,20,6,-140
1742098538.944133,-59,88,-52
1742098538.9791331,4,-29,45
1742098539.014133,-21,-31,145
1742098539.050133,78,42,-12
1742098539.085133,72,-23,-64
1742098539.121133,-45,-29,-92
1742098539.1561332,-37,4,-42
1742098539.1921332,102,46,-62
1742098539.227133,36,-63,-46
1742098539.2621331,24,-13,-60
1742098539.2981331,22,52,-126
1742098539.333133,-61,22,-92
1742098539.369133,-4,-9,-50
1742098539.404133,29,22,-92
1742098539.440133,-30,48,27
1742098539.4751332,-20,-33,-8
1742098539.510133,-1,-25,55
1742098539.546133,-11,8,-4
1742098539.5811331,-33,12,0
1742098539.6171331,34,-57,-48
1742098539.652133,30,80,-150
1742098539.688133,-67,68,-96
1742098539.723133,36,-45,-112
1742098539.7581332,0,-23,-136
1742098539.7941332,66,24,-88
1742098539.829133,-5,12,7
1742098539.865133,-85,30,43
1742098539.9001331,-39,36,-98
1742098539.9361331,50,-39,-22
1742098539.971133,-9,-15,51
1742098540.006133,24,2,81
1742098540.042133,8,-61,75
1742098540.0771332,-51,-27,-22
1742098540.1131332,14,-35,-72
1742098540.148133,-43,-7,93
1742098540.184133,-17,-31,-160
1742098540.2191331,-15,0,-50
1742098540.254133,-45,2,-12
1742098540.290133,0,40,-36
1742098540.325133,26,-35,-4
1742098540.361133,6,32,-80
1742098540.3961332,14,-5,-30
1742098540.4321332,60,-9,-100
1742098540.467133,18,-23,-116
1742098540.5021331,-41,10,-58
1742098540.5381331,-111,-51,-20
1742098540.573133,26,54,-60
1742098540.609133,44,-43,-108
1742098540.644133,-11,-33,-12
1742098540.680133,16,-27,-78
1742098540.716133,-3,32,-60
1742098540.751133,13,-79,-82
1742098540.786133,16,-33,-54
1742098540.822133,18,-5,-80
1742098540.858133,98,-47,-10
1742098540.8931332,156,-35,-68
1742098540.9291332,48,48,-20
1742098540.964133,44,-7,-104
1742098540.999133,68,8,5
1742098541.0341332,-63,54,-118
1742098541.070133,-21,-25,-20
1742098541.106133,42,-23,-94
1742098541.141133,-29,32,13
1742098541.177133,0,-47,-34
1742098541.2121332,28,60,75
1742098541.247133,-13,-65,27
1742098541.282133,-43,-1,23
1742098541.318133,2,-67,-146
1742098541.3541331,8,-19,-22
1742098541.389133,44,46,-6
1742098541.425133,14,10,-114
1742098541.460133,-31,52,63
1742098541.4951332,-35,46,-70
1742098541.530133,-15,32,-6
1742098541.566133,-17,-39,-166
1742098541.602133,-91,-25,-70
1742098541.6371331,8,14,-72
1742098541.6731331,42,-7,-58
1742098541.708133,-5,-47,-54
1742098541.743133,58,6,37
1742098541.7781332,-13,-15,-48
1742098541.8141332,8,18,-118
1742098541.8501332,-37,-49,-8
1742098541.885133,-15,56,5
1742098541.921133,58,12,-26
1742098541.9561331,30,-27,-58
1742098541.991133,-47,-11,7
1742098542.026133,64,-15,35
1742098542.063133,-31,2,-120
1742098542.098133,20,34,-158
1742098542.134133,-3,18,-80
1742098542.170133,-7,-35,-24
1742098542.2051332,24,-27,27
1742098542.241133,76,-3,-36
1742098542.276133,-7,-17,-118
1742098542.3111331,92,-5,-14
1742098542.346133,-1,4,-28
1742098542.382133,-51,-47,-76
1742098542.418133,6,-15,45
1742098542.453133,0,32,19
1742098542.4891331,-25,28,-82
1742098542.524133,-19,-1,-20
1742098542.559133,40,4,-124
1742098542.5941331,20,24,-10
1742098542.6301332,8,4,-78
1742098542.6661332,28,32,15
1742098542.701133,36,0,-114
1742098542.737133,-43,-11,-12
1742098542.772133,86,-17,-20
1742098542.8071332,4,0,-190
1742098542.842133,28,12,0
1742098542.878133,-59,-39,-102
1742098542.914133,14,22,-10
1742098542.9491332,-29,36,-66
1742098542.9851332,-57,22,-68
1742098543.020133,-47,134,-40
1742098543.055133,-5,20,-46
1742098543.0901332,66,-25,-32
1742098543.126133,16,-45,-80
1742098543.162133,6,24,35
1742098543.197133,-23,-9,-92
1742098543.233133,8,-21,17
1742098543.2681332,28,20,-84
1742098543.303133,38,12,-250
1742098543.338133,-33,54,69
1742098543.374133,-65,-13,-68
1742098543.4101331,-39,-73,1
1742098543.445133,76,34,-28
1742098543.481133,16,-65,-20
1742098543.516133,26,-19,29
1742098543.5511332,4,-49,-196
1742098543.586133,-89,42,-2
1742098543.622133,32,-23,-136
1742098543.658133,-43,-13,-64
1742098543.693133,94,-21,-40
1742098543.7291331,56,-35,-66
1742098543.764133,12,26,-22
1742098543.799133,-27,40,-116
1742098543.8341331,52,58,59
1742098543.8701332,58,20,-50
1742098543.9061332,-7,-39,-34
1742098543.941133,-15,28,29
1742098543.977133,-43,-25,15
1742098544.0121331,6,20,111
1742098544.047133,-9,48,-96
1742098544.082133,16,-75,-52
1742098544.118133,92,26,75
1742098544.154133,-59,2,-24
1742098544.1891332,-45,-19,-50
1742098544.2251332,-39,12,-16
1742098544.260133,54,-7,-42
1742098544.295133,74,-49,9
1742098544.3301332,-49,-35,-52
1742098544.366133,30,16,-206
1742098544.402133,-51,10,-8
1742098544.437133,-23,-47,-82
1742098544.473133,6,-65,-156
1742098544.5081332,14,-43,-114
1742098544.543133,18,-11,11
1742098544.578133,8,24,13
1742098544.6141331,-125,66,3
1742098544.6501331,-37,2,139
1742098544.685133,-13,22,5
1742098544.721133,-87,42,-84
1742098544.756133,36,-25,-72
1742098544.7981331,-11,-21,-86
1742098544.8341331,64,-37,-188
1742098544.8701332,64,22,-62
1742098544.9061332,-85,-21,-92
1742098544.941133,-3,-1,-118
1742098544.977133,42,-31,-36
1742098545.0121331,14,-11,0
1742098545.047133,50,88,3
1742098545.083133,14,12,25
1742098545.118133,-13,16,99
1742098545.154133,18,-25,3
1742098545.1891332,12,-41,-158
1742098545.2251332,-17,8,-102
1742098545.260133,54,-15,-118
1742098545.295133,-13,12,-10
1742098545.3311331,-33,-53,11
1742098545.366133,-51,-5,57
1742098545.402133,46,-33,-40
1742098545.437133,-11,14,29
1742098545.473133,12,12,35
1742098545.5081332,24,-63,23
1742098545.543133,4,36,-86
1742098545.579133,-53,-15,-68
1742098545.6141331,-55,28,-42
1742098545.6501331,-26,-52,0
1742098545.685133,38,30,21
1742098545.721133,0,-60,-188
1742098545.756133,-4,-28,-46
1742098545.7911332,-30,-32,-72
1742098545.8271332,-43,-64,19
1742098545.862133,-25,-70,23
1742098545.898133,-9,21,-98
1742098545.9331331,-7,45,-66
1742098545.9691331,24,-56,-56
1742098546.004133,-25,7,71
1742098546.039133,0,1,25
1742098546.075133,23,67,67
1742098546.1101332,-24,-42,-92
1742098546.1461332,-18,-42,-78
1742098546.181133,38,-22,-36
1742098546.217133,28,14,17
1742098546.2521331,62,4,7
1742098546.287133,78,-80,25
1742098546.323133,-36,16,41
1742098546.358133,-32,6,-34
1742098546.394133,50,-30,-154
1742098546.4291332,-81,13,11
1742098546.4651332,-39,-23,51
1742098546.500133,12,64,-4
1742098546.5351331,-49,16,-34
1742098546.5711331,78,24,-38
1742098546.606133,-65,-33,-132
1742098546.642133,34,10,-44
1742098546.677133,20,40,9
1742098546.713133,12,2,-68
1742098546.7481332,18,54,-20
1742098546.783133,-40,-49,-24
1742098546.819133,-88,10,-24
1742098546.8541331,-56,-13,-96
1742098546.8901331,-22,-31,-50
1742098546.925133,-2,64,-118
1742098546.961133,95,-7,-56
1742098546.996133,-34,-15,-30
1742098547.0311332,-41,-23,-52
1742098547.0671332,10,-41,-60
1742098547.102133,-15,0,-88
1742098547.138133,-37,92,38
1742098547.1731331,-20,44,-10
1742098547.2091331,-22,16,-57
1742098547.244133,-28,-5,-13
1742098547.279133,-27,24,110
1742098547.315133,-31,-35,-151
1742098547.3501332,-35,12,22
1742098547.3861332,80,42,-25
1742098547.421133,-9,-79,-141
1742098547.457133,20,48,-115
1742098547.493133,50,-9,-19
1742098547.5281332,-35,36,-79
1742098547.563133,-11,-85,36
1742098547.599133,-1,30,-93
1742098547.635133,-23,40,-71
1742098547.670133,72,2,14
1742098547.7061331,38,6,12
1742098547.741133,48,-3,-9
1742098547.776133,-21,-59,-17
1742098547.8111331,2,4,-79
1742098547.8471332,28,12,-15
1742098547.8831332,-1,-13,-99
1742098547.918133,-79,10,-11
1742098547.954133,-1,26,18
1742098547.9891331,-27,-3,38
1742098548.024133,-59,-11,-29
1742098548.059133,6,60,-15
1742098548.095133,26,28,28
1742098548.131133,-7,64,-63
1742098548.1661332,-9,-5,-149
1742098548.2021332,-23,-75,-39
1742098548.237133,-81,12,10
1742098548.272133,60,-15,-55
1742098548.3071332,44,-43,22
1742098548.343133,8,24,14
1742098548.379133,-11,56,-15
1742098548.414133,-17,-21,60
1742098548.450133,12,-33,-87
1742098548.4851332,-71,20,-79
1742098548.520133,36,-17,-45
1742098548.555133,36,40,-119
1742098548.591133,-75,-3,-47
1742098548.6271331,28,-33,-125
1742098548.662133,-27,-63,-111
1742098548.698133,0,72,-171
1742098548.733133,2,96,-109
1742098548.7681332,-177,-49,84
1742098548.803133,-73,-23,-45
1742098548.839133,56,62,-71
1742098548.875133,6,-29,-15
1742098548.9101331,-33,36,-127
1742098548.9461331,60,48,-101
1742098548.981133,-85,44,-113
1742098549.016133,68,28,32
1742098549.0511332,74,-27,-73
1742098549.0871332,-65,-29,-43
1742098549.1231332,12,-3,26
1742098549.158133,-13,30,-27
1742098549.194133,42,-15,20
1742098549.2291331,-19,82,-19
1742098549.264133,10,-13,-93
1742098549.299133,-61,-1,-95
1742098549.335133,44,78,-75
1742098549.371133,58,36,-87
1742098549.4061332,44,-9,-49
1742098549.4421332,-27,-21,-11
1742098549.477133,-19,16,-21
1742098549.5121331,-19,-15,-13
1742098549.547133,-101,62,-1
1742098549.583133,-11,-83,-53
1742098549.619133,-39,-31,70
1742098549.654133,-29,8,-121
1742098549.690133,48,48,10
1742098549.7251332,-89,-77,-161
1742098549.760133,46,44,-27
1742098549.795133,2,50,6
1742098549.8311331,4,-49,-95
1742098549.8671331,20,-41,2
1742098549.902133,-9,-83,12
1742098549.938133,-67,-25,52
1742098549.973133,-25,60,44
1742098550.0081332,-15,-19,-159
1742098550.043133,-1,-47,-39
1742098550.079133,12,60,-13
1742098550.115133,4,-17,-91
1742098550.1501331,18,-19,-135
1742098550.1861331,40,-41,-123
1742098550.221133,-17,-27,-63
1742098550.256133,50,-31,-81
1742098550.2911332,52,-5,-55
1742098550.3271332,18,-9,-143
1742098550.3631332,-19,-51,-29
1742098550.398133,6,-17,-35
1742098550.434133,56,12,50
1742098550.4691331,-111,42,-161
1742098550.504133,60,76,-133
1742098550.539133,-93,-21,48
1742098550.575133,-3,-9,-1
1742098550.611133,-37,38,-51
1742098550.6461332,54,4,-35
1742098550.6821332,-43,-33,-219
1742098550.717133,-9,34,140
1742098550.7521331,28,-9,-47
1742098550.787133,76,52,-85
1742098550.823133,-29,14,-43
1742098550.859133,92,-29,26
1742098550.894133,-11,-45,-73
1742098550.930133,-15,62,-67
1742098550.9651332,4,24,10
1742098551.000133,-25,94,-1
1742098551.0351331,-5,-35,-51
1742098551.0711331,46,18,-79
1742098551.1071332,38,20,14
1742098551.142133,-23,-9,44
1742098551.178133,-99,-49,-139
1742098551.213133,-79,-55,82
1742098551.2481332,-33,62,-105
1742098551.283133,-93,-5,-87
1742098551.319133,-47,-41,-31
1742098551.355133,-13,6,-75
1742098551.3901331,-53,58,-25
1742098551.4261332,106,50,-83
1742098551.461133,-67,46,-47
1742098551.496133,-13,-35,0
1742098551.5311332,-89,-27,32
1742098551.5671332,-19,24,-161
1742098551.6031332,68,-17,-37
1742098551.638133,-131,-27,-87
1742098551.674133,-7,4,-91
1742098551.7091331,-17,-109,-87
1742098551.744133,20,-19,-7
1742098551.780133,-53,-87,-19
1742098551.815133,-9,32,-133
1742098551.851133,14,-11,32
1742098551.8861332,-75,-67,-71
1742098551.922133,-13,18,-65
1742098551.957133,-11,40,-137
1742098551.9921331,-49,20,20
1742098552.0281332,0,46,1
1742098552.063133,-33,24,-16
1742098552.099133,-51,-25,-120
1742098552.134133,32,-13,-20
1742098552.170133,-9,-39,-14
1742098552.2051332,6,-37,-32
1742098552.240133,62,38,-64
1742098552.276133,-77,10,-88
1742098552.3111331,8,-3,33
1742098552.3471332,40,-39,-52
1742098552.382133,-95,-31,-92
1742098552.418133,-15,42,-132
1742098552.453133,28,72,-110
1742098552.4881332,-75,22,-98
1742098552.524133,22,-27,75
1742098552.559133,-87,-49,-12
1742098552.595133,22,-19,5
1742098552.6301332,-79,-65,-16
1742098552.6661332,84,12,43
1742098552.701133,18,24,-2
1742098552.736133,30,-1,-18
1742098552.772133,14,10,-86
1742098552.8071332,32,-57,-52
1742098552.843133,8,30,67
1742098552.878133,28,-19,-36
1742098552.914133,64,-1,-64
1742098552.9491332,44,12,-106
1742098552.984133,14,-79,83
1742098553.020133,30,-79,31
1742098553.055133,-45,60,-85
1742098553.091133,-21,104,-72
1742098553.126133,16,6,64
1742098553.162133,118,22,102
1742098553.197133,-45,-33,14
1742098553.2321332,-19,-3,-33
1742098553.2681332,-23,-7,17
1742098553.303133,-39,-71,4
1742098553.339133,-53,0,56
1742098553.374133,2,60,-7
1742098553.4101331,0,-21,30
1742098553.445133,-7,4,13
1742098553.480133,58,34,-86
1742098553.516133,10,38,-176
1742098553.5511332,-49,66,-200
1742098553.5871332,12,-9,21
1742098553.622133,-27,-51,-61
1742098553.658133,22,-49,-10
1742098553.693133,-17,26,-55
1742098553.7281332,-31,-19,-97
1742098553.764133,8,-23,4
1742098553.799133,0,54,80
1742098553.835133,40,-15,-121
1742098553.8701332,38,14,-31
1742098553.9061332,-29,-1,-85
1742098553.941133,-53,58,-75
1742098553.976133,-9,22,36
1742098554.0121331,52,22,-133
1742098554.047133,16,-23,10
1742098554.083133,-17,-55,-11
1742098554.118133,30,20,-41
1742098554.154133,-23,14,-97
1742098554.190133,28,60,-47
1742098554.2251332,22,-83,58
1742098554.260133,-17,-1,14
1742098554.296133,88,-11,-87
1742098554.332133,-33,36,18
1742098554.3671331,84,-59,-33
1742098554.4031332,6,-45,-165
1742098554.438133,12,-33,-111
1742098554.473133,-25,-23,-47
1742098554.5081332,72,-61,-113
1742098554.5441332,-51,14,-37
1742098554.5801332,136,-45,-33
1742098554.615133,-41,-13,-187
1742098554.651133,26,-49,36
1742098554.6861331,4,28,-37
1742098554.721133,112,-79,-3
1742098554.756133,2,80,54
1742098554.792133,10,-61,-9
1742098554.835133,-17,-5,-53
1742098554.871133,-7,-53,56
1742098554.907133,-9,16,-231
1742098554.9421332,0,30,-125
1742098554.977133,76,50,-3
1742098555.0121331,-19,36,-59
1742098555.0481331,-1,18,-19
1742098555.0841331,6,6,-101
1742098555.119133,-13,-9,10
1742098555.155133,24,82,74
1742098555.190133,10,-11,96
1742098555.2251332,-15,14,-47
1742098555.260133,16,18,-63
1742098555.296133,84,62,-61
1742098555.332133,-21,-49,-23
1742098555.3671331,-35,-103,-75
1742098555.4031332,26,18,-73
1742098555.438133,-73,20,-97
1742098555.473133,-49,16,-105
1742098555.5081332,-3,-15,-87
1742098555.5441332,12,-47,-17
1742098555.5801332,100,54,-165
1742098555.615133,4,-5,-27
1742098555.651133,-15,-95,-99
1742098555.6861331,-75,80,-89
1742098555.721133,86,44,-49
1742098555.756133,8,14,-67
1742098555.792133,-47,-25,14
1742098555.828133,6,32,-33
1742098555.8631332,-35,-49,-39
1742098555.899133,-15,-21,-75
1742098555.934133,-5,-29,16
1742098555.9691331,52,-49,-119
1742098556.004133,-25,-39,-125
1742098556.040133,68,-29,-15
1742098556.076133,34,68,-55
1742098556.111133,-27,26,-107
1742098556.147133,-37,10,-73
1742098556.1821332,12,14,-93
1742098556.217133,64,-5,-17
1742098556.2521331,6,2,-63
1742098556.2881331,14,44,-133
1742098556.3241332,-83,4,-33
1742098556.359133,2,-51,26
1742098556.395133,16,-5,-93
1742098556.430133,12,4,8
1742098556.4651332,16,18,-13
1742098556.500133,50,14,-33
1742098556.536133,70,-17,-79
1742098556.572133,-73,-89,-43
1742098556.6071332,-59,-41,-71
1742098556.6431332,72,24,-55
1742098556.678133,-33,26,48
1742098556.713133,10,-17,-49
1742098556.7481332,22,-69,-67
1742098556.7841332,-55,10,42
1742098556.820133,-77,-11,-87
1742098556.855133,10,-29,-99
1742098556.891133,-9,-21,26
1742098556.9261332,-15,-61,-65
1742098556.961133,10,-21,-149
1742098556.996133,26,-25,-7
1742098557.032133,40,-75,-5
1742098557.068133,-1,-11,6
1742098557.1031332,-41,-13,54
1742098557.139133,44,-35,-57
1742098557.174133,-5,132,14
1742098557.2091331,-9,36,-103
1742098557.244133,16,24,-139
1742098557.280133,34,-41,-67
1742098557.316133,-15,8,0
1742098557.351133,26,34,-53
1742098557.3871331,-13,48,-69
1742098557.422133,30,-9,-83
1742098557.457133,-9,40,-31
1742098557.4921331,28,12,-55
1742098557.5281332,-19,44,4
1742098557.5641332,-39,-5,-179
1742098557.599133,-19,-33,8
1742098557.635133,-93,-61,-125
1742098557.670133,34,-5,-91
1742098557.7051332,36,-91,-85
1742098557.740133,-21,-9,-71
1742098557.776133,-13,24,4
1742098557.812133,-31,2,-79
1742098557.8471332,-5,-93,-43
1742098557.8831332,2,-13,58
1742098557.918133,-23,34,-33
1742098557.953133,-21,-35,14
1742098557.9881332,-29,-29,-25
1742098558.024133,20,8,40
1742098558.060133,-29,-47,36
1742098558.095133,-43,12,-101
1742098558.131133,-27,30,-43
1742098558.1661332,-21,-53,-51
1742098558.201133,50,34,-47
1742098558.236133,-43,-3,12
1742098558.272133,-1,-1,-19
1742098558.3081331,-11,-3,-189
1742098558.343133,-45,32,48
1742098558.379133,66,8,28
1742098558.414133,-1,-3,-107
1742098558.4491332,-3,-11,150
1742098558.4851332,42,-13,-153
1742098558.520133,-11,24,-75
1742098558.556133,-33,-25,-187
1742098558.591133,16,-57,-67
1742098558.6271331,2,-23,34
1742098558.662133,-73,0,-83
1742098558.697133,30,-27,-27
1742098558.733133,20,8,76
1742098558.7681332,28,-41,10
1742098558.8041332,-33,-11,-157
1742098558.839133,98,44,12
1742098558.875133,-93,-1,-53
1742098558.9101331,1,-39,-17
1742098558.945133,14,8,-117
1742098558.981133,-35,-57,156
1742098559.016133,70,-11,-111
1742098559.052133,10,-71,142
1742098559.0871332,42,-21,-49
1742098559.1231332,34,-9,-27
1742098559.158133,48,-27,-85
1742098559.193133,-41,2,-17
1742098559.2291331,104,-13,-137
1742098559.264133,-3,-51,-1
1742098559.300133,-9,-27,-85
1742098559.335133,-51,-45,-3
1742098559.371133,-37,2,-7
1742098559.4061332,-57,-79,-49
1742098559.441133,-22,-7,-99
1742098559.477133,37,-61,-85
1742098559.5121331,-44,-55,-87
1742098559.5481331,1,26,8
1742098559.583133,58,-27,-80
1742098559.619133,52,-17,-109
1742098559.654133,0,16,-53
1742098559.6891332,-79,-43,48
1742098559.7251332,-33,26,-97
1742098559.760133,-73,14,-126
1742098559.796133,20,1,-24
1742098559.8311331,-1,52,-76
1742098559.8671331,-90,-78,-54
1742098559.902133,-56,-10,-30
1742098559.937133,-41,74,-64
1742098559.973133,2,-47,-98
1742098560.0081332,-43,-15,-44
1742098560.0441332,64,-12,-74
1742098560.079133,-10,-24,-76
1742098560.115133,-49,-5,-94
1742098560.1501331,42,28,37
1742098560.185133,-44,-30,-66
1742098560.221133,34,14,-8
1742098560.256133,-14,-73,-96
1742098560.292133,17,4,-22
1742098560.3271332,49,34,-6
1742098560.3631332,28,-47,-20
1742098560.398133,-71,-17,47
1742098560.4331331,32,46,43
1742098560.4691331,2,44,-176
1742098560.504133,-3,-21,-72
1742098560.540133,-63,32,39
1742098560.575133,-13,20,-24
1742098560.611133,90,-19,-60
1742098560.6461332,-17,90,-44
1742098560.681133,10,-49,-56
1742098560.717133,2,-1,-94
1742098560.7521331,26,-33,-36
1742098560.7881331,-3,-101,-108
1742098560.823133,-31,50,-94
1742098560.859133,26,-91,69
1742098560.895133,32,-25,-58
1742098560.930133,-43,6,-94
1742098560.9651332,-55,-73,31
1742098561.001133,34,54,-44
1742098561.037133,6,-51,-28
1742098561.072133,8,-93,51
1742098561.108133,-27,46,-18
1742098561.1431332,-29,-87,-108
1742098561.178133,-65,68,-2
1742098561.213133,-81,-41,-54
1742098561.249133,14,-11,-88
1742098561.2851331,-35,62,-18
1742098561.320133,-7,152,45
1742098561.356133,26,10,-10
1742098561.391133,14,-27,-50
1742098561.4261332,-35,-35,5
1742098561.461133,12,-57,-70
1742098561.497133,32,2,-44
1742098561.533133,12,-43,-54
1742098561.568133,18,68,-18
1742098561.6041331,76,2,7
1742098561.639133,-73,6,-70
1742098561.674133,26,14,-152
1742098561.7091331,8,-9,-52
1742098561.7451332,-21,-67,-50
1742098561.7811332,48,0,-2
1742098561.816133,-51,-93,-40
1742098561.852133,46,86,-108
1742098561.8871331,2,-31,-86
1742098561.922133,-47,-11,-94
1742098561.957133,16,76,-128
1742098561.993133,-81,54,-104
1742098562.029133,-109,12,-24
1742098562.0641332,-5,-19,-180
1742098562.1001332,-1,-95,-26
1742098562.135133,84,-3,-18
1742098562.170133,-71,-53,-188
1742098562.2051332,70,-103,43
1742098562.241133,-37,-95,-70
1742098562.277133,12,36,-118
1742098562.312133,42,-43,-98
1742098562.348133,12,24,-42
1742098562.3831332,20,-9,43
1742098562.418133,4,28,-116
1742098562.453133,4,-57,-42
1742098562.4891331,46,46,-10
1742098562.5251331,24,12,-34
1742098562.560133,32,-7,-24
1742098562.596133,50,44,-76
1742098562.631133,-13,0,-30
1742098562.6661332,60,58,85
1742098562.701133,58,20,-10
1742098562.737133,-45,-53,-32
1742098562.773133,-61,-29,85
1742098562.8081331,8,-41,21
1742098562.8441331,34,-27,-40
1742098562.879133,-39,-65,-48
1742098562.914133,30,-17,33
1742098562.9491332,4,30,-28
1742098562.9851332,-45,-25,51
1742098563.0211332,50,-7,-70
1742098563.056133,-69,16,-76
1742098563.092133,-21,-59,7
1742098563.1271331,-13,34,79
1742098563.162133,36,0,-122
1742098563.197133,78,-95,59
1742098563.233133,-5,4,35
1742098563.269133,16,-19,-10
1742098563.3041332,8,-33,-46
1742098563.3401332,-11,-73,69
1742098563.375133,-13,22,-64
1742098563.4101331,10,30,-24
1742098563.445133,4,-25,-106
1742098563.481133,-15,-101,-6
1742098563.517133,6,14,-72
1742098563.552133,48,-39,-116
1742098563.588133,-93,52,43
1742098563.6231332,74,-59,49
1742098563.658133,-17,-45,-16
1742098563.693133,56,-15,-100
1742098563.7291331,-69,56,-122
1742098563.7651331,-71,42,0
1742098563.800133,-41,32,-84
1742098563.836133,-15,-41,87
1742098563.871133,-1,68,-66
1742098563.9061332,18,12,-58
1742098563.941133,40,-21,67
1742098563.977133,-15,-7,-10
1742098564.013133,-91,16,-4
1742098564.0481331,6,-35,-196
1742098564.0841331,-41,48,21
1742098564.119133,10,-7,15
1742098564.154133,8,-17,-50
1742098564.1891332,-61,56,-98
1742098564.2251332,50,12,-102
1742098564.2611332,-79,-41,-2
1742098564.296133,24,-25,-62
1742098564.332133,-17,-19,-2
1742098564.3671331,-31,-35,75
1742098564.402133,-45,38,-8
1742098564.437133,8,44,97
1742098564.473133,-39,38,-190
1742098564.509133,-7,-5,85
1742098564.5441332,110,18,-41
1742098564.5801332,-51,38,115
1742098564.615133,-11,68,53
1742098564.6501331,24,60,-121
1742098564.685133,26,-1,8
1742098564.721133,-31,-17,-89
1742098564.757133,32,-71,-89
1742098564.792133,-9,96,36
1742098564.828133,18,-45,18
1742098564.8701332,-53,-25,-51
1742098564.9061332,-19,60,26
1742098564.941133,16,-11,-51
1742098564.977133,-41,-9,-73
1742098565.013133,-13,-63,12
1742098565.0481331,10,-67,-99
1742098565.0841331,100,24,12
1742098565.119133,28,22,-197
1742098565.154133,30,38,-85
1742098565.190133,22,34,24
1742098565.2251332,46,56,-75
1742098565.2611332,56,-39,-39
1742098565.296133,20,30,-151
1742098565.332133,-31,0,-97
1742098565.3671331,-37,-25,-49
1742098565.402133,-73,-31,-63
1742098565.438133,-73,50,-53
1742098565.473133,-49,104,-103
1742098565.509133,-41,-23,-17
1742098565.5441332,-7,-57,-45
1742098565.5801332,-15,0,-107
1742098565.615133,76,-9,32
1742098565.6501331,-37,2,-73
1742098565.6861331,68,18,-49
1742098565.721133,-47,2,-113
1742098565.757133,54,54,-19
1742098565.792133,10,38,128
1742098565.828133,-29,-31,90
1742098565.8631332,22,34,-137
1742098565.898133,-19,-7,-95
1742098565.934133,10,-31,-45
1742098565.9691331,-5,-53,42
1742098566.0051332,60,-19,-33
1742098566.040133,22,0,-1
1742098566.076133,-1,6,-13
1742098566.111133,26,-57,16
1742098566.1461332,-71,-89,-33
1742098566.1821332,16,-3,-43
1742098566.217133,-41,56,-53
1742098566.253133,-65,-9,-95
1742098566.2881331,-49,0,-13
1742098566.3241332,-87,28,-7
1742098566.359133,28,-29,-149
1742098566.394133,20,24,-127
1742098566.430133,42,-63,-99
1742098566.4651332,-41,-15,-63
1742098566.501133,36,10,80
1742098566.536133,-27,-23,-19
1742098566.572133,16,24,-131
1742098566.6071332,24,-101,-73
1742098566.642133,44,-35,-89
1742098566.678133,36,-3,-231
1742098566.713133,-7,-15,-75
1742098566.749133,70,-5,50
1742098566.7841332,-53,-51,-73
1742098566.820133,-33,20,-9
1742098566.855133,30,-7,-99
1742098566.8901331,32,-27,-41
1742098566.9261332,22,-1,-43
1742098566.961133,-65,36,-29
1742098566.997133,32,24,-3
1742098567.032133,-35,-33,-11
1742098567.068133,34,22,-37
1742098567.1031332,44,38,44
1742098567.138133,-21,-53,-57
1742098567.174133,2,-21,-47
1742098567.2091331,-1,102,-3
1742098567.2451332,-15,-45,-25
1742098567.280133,38,70,-43
1742098567.316133,-37,-15,28
1742098567.351133,28,36,-101
1742098567.3861332,90,12,30
1742098567.422133,56,4,-49
1742098567.457133,56,-5,-9
1742098567.493133,46,22,-87
1742098567.5281332,-67,-51,72
1742098567.5641332,102,40,-171
1742098567.6001332,60,18,-155
1742098567.6361332,-49,-7,-121
1742098567.672133,14,4,-113
1742098567.707133,-57,-19,-59
1742098567.7421331,6,8,-29
1742098567.7781332,62,-13,-31
1742098567.8141332,66,8,-27
1742098567.849133,-17,-49,-109
1742098567.885133,28,36,-17
1742098567.920133,22,46,-145
1742098567.9551332,62,-37,-39
1742098567.990133,-65,-13,40
1742098568.026133,4,36,-147
1742098568.062133,36,38,0
1742098568.0971332,68,-79,84
1742098568.1331332,-17,2,-5
1742098568.168133,-107,-45,6
1742098568.203133,-45,-91,-25
1742098568.2381332,56,-21,-17
1742098568.274133,10,30,-73
1742098568.310133,32,2,-61
1742098568.345133,-23,34,4
1742098568.381133,4,-21,-45
1742098568.4161332,38,-23,-69
1742098568.451133,62,38,-41
1742098568.486133,-137,54,-43
1742098568.522133,0,-15,32
1742098568.5581331,-33,-23,-69
1742098568.593133,-43,-35,-107
1742098568.629133,58,-31,-35
1742098568.664133,88,-17,-139
1742098568.6991332,-9,-37,26
1742098568.734133,66,22,20
1742098568.770133,70,48,36
1742098568.806133,-9,24,-125
1742098568.841133,-9,20,-57
1742098568.8771331,-51,-43,-33
1742098568.912133,20,34,112
1742098568.947133,-81,46,-62
1742098568.9821332,-7,-13,-70
1742098569.0181332,-43,50,41
1742098569.0541332,-67,-9,45
1742098569.089133,-1,-41,-56
1742098569.125133,-31,-51,-18
1742098569.1601331,-131,32,-68
1742098569.195133,-65,-61,-174
1742098569.230133,-31,40,-18
1742098569.266133,-65,20,-94
1742098569.302133,-1,16,115
1742098569.3371332,-63,18,37
1742098569.3731332,-35,-85,-52
1742098569.408133,78,-29,-24
1742098569.443133,4,48,-24
1742098569.4781332,32,28,97
1742098569.514133,32,42,87
1742098569.550133,30,96,11
1742098569.585133,92,-69,21
1742098569.621133,12,-23,19
1742098569.6561332,-9,52,-18
1742098569.691133,84,43,-68
1742098569.726133,-5,-2,45
1742098569.7621331,-61,25,-20
1742098569.7981331,32,69,-78
1742098569.833133,-9,-8,-104
1742098569.869133,-3,-112,-160
1742098569.904133,10,-6,3
1742098569.9391332,-53,5,117
1742098569.974133,-1,23,-10
1742098570.010133,8,-108,-78
1742098570.046133,-91,-48,93
1742098570.0811331,44,3,-62
1742098570.1171331,-1,-60,-60
1742098570.152133,-7,13,-94
1742098570.187133,-35,-4,-36
1742098570.2221332,-7,59,-8
1742098570.2581332,-13,-52,-48
1742098570.2941332,16,-32,-236
1742098570.329133,28,13,-2
1742098570.365133,4,3,-60
1742098570.4001331,56,73,-66
1742098570.435133,36,-20,-76
1742098570.470133,-11,-27,-6
1742098570.506133,60,-17,-40
1742098570.542133,98,-13,-68
1742098570.5771332,-85,-43,69
1742098570.6131332,48,-15,-160
1742098570.648133,40,37,-84
1742098570.6831331,66,-73,-8
1742098570.718133,52,-7,27
1742098570.754133,22,-2,-112
1742098570.790133,-41,35,37
1742098570.825133,20,33,37
1742098570.861133,40,-20,25
1742098570.8961332,-11,10,-50
1742098570.931133,48,10,-48
1742098570.966133,68,30,-18
1742098571.0021331,6,4,-4
1742098571.0381331,2,12,1
1742098571.073133,4,10,97
1742098571.109133,102,-50,-128
1742098571.144133,2,28,109
1742098571.1791332,-1,26,-38
1742098571.214133,-57,16,-42
1742098571.250133,-31,38,3
1742098571.286133,8,12,-42
1742098571.3211331,-45,66,-22
1742098571.3571332,-39,-29,49
1742098571.392133,-23,56,-94
1742098571.427133,-15,-93,-16
1742098571.4621332,120,-1,-72
1742098571.4981332,-31,-111,-14
1742098571.5341332,-53,-35,101
1742098571.569133,76,-9,0
1742098571.605133,18,-56,-104
1742098571.6401331,6,85,-88
1742098571.675133,-7,-91,-66
1742098571.710133,42,77,-10
1742098571.746133,24,-22,-6
1742098571.782133,34,-10,17
1742098571.8171332,-55,2,153
1742098571.8531332,16,38,-116
1742098571.888133,-29,-51,-42
1742098571.9231331,40,-9,-32
1742098571.9591331,26,-39,51
1742098571.994133,-59,2,-56
1742098572.030133,-25,-7,-146
1742098572.065133,-47,-1,1
1742098572.101133,-97,-21,-8
1742098572.1361332,46,-7,97
1742098572.171133,-29,-71,-88
1742098572.207133,14,-57,-102
1742098572.2421331,72,18,-6
1742098572.2781332,66,-41,-138
1742098572.313133,14,36,-218
1742098572.349133,6,0,21
1742098572.384133,-33,10,39
1742098572.4191332,8,-119,-58
1742098572.4551332,42,48,-180
1742098572.490133,10,38,-30
1742098572.526133,-41,84,-66
1742098572.5611331,-13,-5,-36
1742098572.5971332,-55,-53,37
1742098572.632133,-21,34,25
1742098572.667133,-19,106,59
1742098572.703133,-19,-13,-42
1742098572.7381332,76,-41,-128
1742098572.774133,22,28,-28
1742098572.809133,34,-73,-116
1742098572.845133,-27,24,7
1742098572.8801332,48,22,-142
1742098572.915133,-13,-19,-22
1742098572.951133,40,4,-6
1742098572.986133,26,-95,-54
1742098573.022133,18,-27,-124
1742098573.0571332,-63,-33,-88
1742098573.093133,90,4,-96
1742098573.128133,-3,48,-32
1742098573.1631331,8,-9,-162
1742098573.1991332,60,-21,-52
1742098573.234133,-29,-75,-50
1742098573.270133,14,-5,-90
1742098573.305133,-9,-17,-36
1742098573.341133,-21,-51,-38
1742098573.376133,-41,6,-58
1742098573.411133,-65,6,-6
1742098573.447133,-89,18,99
1742098573.4821332,12,-11,-74
1742098573.5181332,22,-29,-38
1742098573.553133,42,16,-48
1742098573.589133,70,-27,53
1742098573.624133,-33,52,7
1742098573.6591332,-33,-11,-170
1742098573.695133,36,86,-56
1742098573.730133,46,54,-124
1742098573.766133,-5,-13,-32
1742098573.8011332,16,38,81
1742098573.8371332,10,14,29
1742098573.872133,14,2,-46
1742098573.907133,8,38,-20
1742098573.943133,24,12,21
1742098573.9781332,-3,-53,-72
1742098574.014133,0,-35,81
1742098574.049133,-39,48,-98
1742098574.085133,10,-5,-104
1742098574.1201332,6,-37,7
1742098574.155133,82,20,103
1742098574.191133,90,-55,-106
1742098574.226133,32,-9,-70
1742098574.2621331,24,-5,-174
1742098574.297133,-47,14,-30
1742098574.333133,-75,-7,-80
1742098574.369133,6,-35,-36
1742098574.404133,-7,58,-122
1742098574.4391332,-63,-45,75
1742098574.4751332,30,34,-116
1742098574.5111332,38,-27,-92
1742098574.546133,-123,8,-62
1742098574.582133,4,-99,141
1742098574.6171331,-1,-19,-88
1742098574.652133,-51,34,-72
1742098574.687133,58,-17,-60
1742098574.723133,-13,2,-74
1742098574.759133,24,-17,-40
1742098574.7941332,-49,78,-78
1742098574.8301332,2,-37,-102
1742098574.872133,54,-53,-118
1742098574.908133,12,-27,-88
1742098574.943133,14,-7,-80
1742098574.9791331,-75,-35,-44
1742098575.0151331,-75,4,-8
1742098575.050133,-85,-5,47
1742098575.086133,60,14,-70
1742098575.121133,-39,8,-6
1742098575.1561332,74,-35,-16
1742098575.191133,2,-15,27
1742098575.227133,94,34,-70
1742098575.263133,120,28,-20
1742098575.2981331,10,-9,111
1742098575.3341331,72,34,-92
1742098575.369133,24,-5,31
1742098575.404133,-11,-43,-10
1742098575.4391332,-31,-33,-60
1742098575.4751332,-13,-13,-44
1742098575.5111332,-83,12,-14
1742098575.546133,32,-45,27
1742098575.582133,24,0,-90
1742098575.6171331,0,12,-32
1742098575.652133,-1,-31,1
1742098575.687133,-29,-13,-38
1742098575.723133,76,-15,-92
1742098575.759133,48,-3,-52
1742098575.7941332,54,-9,-42
1742098575.8301332,74,-39,-96
1742098575.865133,-23,72,-64
1742098575.9001331,-49,36,-104
1742098575.935133,48,76,47
1742098575.971133,-59,36,-44
1742098576.007133,18,-81,-54
1742098576.042133,10,66,-60
1742098576.078133,-29,34,-116
1742098576.1131332,24,-105,-54
1742098576.148133,64,-101,47
1742098576.1831331,66,-11,-12
1742098576.2191331,74,-3,59
1742098576.2551332,-37,-41,-154
1742098576.290133,98,34,-118
1742098576.326133,-27,50,-44
1742098576.361133,-13,30,111
1742098576.3961332,-25,12,73
1742098576.431133,24,-19,-100
1742098576.467133,2,106,-52
1742098576.503133,-53,18,-90
1742098576.5381331,90,-83,-110
1742098576.5741332,-71,-71,-78
1742098576.609133,48,-49,-98
1742098576.644133,-17,-9,-16
1742098576.6791332,-61,28,63
1742098576.7151332,-135,-49,-114
1742098576.751133,34,-43,-30
1742098576.786133,-41,-5,21
1742098576.822133,-23,38,-90
1742098576.8571332,-69,20,-30
1742098576.892133,-23,6,-142
1742098576.927133,-21,-5,35
1742098576.963133,-31,104,21
1742098576.999133,-45,4,-118
1742098577.0341332,-73,76,-60
1742098577.070133,18,-81,45
1742098577.105133,0,-9,73
1742098577.1401331,-35,20,1
1742098577.175133,-17,-19,-42
1742098577.211133,38,-15,-104
1742098577.247133,-13,-9,-94
1742098577.282133,-45,6,-78
1742098577.318133,46,14,-26
1742098577.3531332,-17,4,-82
1742098577.388133,10,-11,-54
1742098577.4231331,-9,56,-106
1742098577.4591331,48,-21,-58
1742098577.4951332,32,56,11
1742098577.530133,88,8,-146
1742098577.566133,18,-125,-14
1742098577.601133,-53,-7,-50
1742098577.6361332,-29,48,-76
1742098577.671133,-15,-19,-140
1742098577.707133,32,8,-4
1742098577.743133,-43,8,-54
1742098577.7781332,-23,10,-104
1742098577.8141332,-53,-58,-44
1742098577.849133,-17,9,69
1742098577.884133,-31,-45,-12
1742098577.9191332,70,56,-82
1742098577.9551332,-29,-35,43
1742098577.991133,52,75,0
1742098578.026133,40,31,7
1742098578.062133,-29,37,-56
1742098578.0971332,-75,-12,-38
1742098578.132133,-21,33,-74
1742098578.167133,-41,-8,-10
1742098578.203133,-49,15,-34
1742098578.2391331,-21,5,-74
1742098578.274133,-45,19,67
1742098578.310133,6,2,-2
1742098578.345133,-19,83,-16
1742098578.3801332,38,-26,-4
1742098578.415133,-11,-36,-46
1742098578.451133,-5,-12,45
1742098578.487133,-133,-60,-38
1742098578.522133,-59,-2,-6
1742098578.5581331,10,25,-48
1742098578.593133,-25,-8,59
1742098578.628133,132,-52,-176
1742098578.664133,-3,-18,-54
1742098578.6991332,38,65,-86
1742098578.7351332,10,46,-96
1742098578.770133,14,-81,-38
1742098578.806133,-43,32,-128
1742098578.841133,76,15,-86
1742098578.876133,-67,-64,-40
1742098578.912133,-49,3,-120
1742098578.947133,-9,-3,17
1742098578.983133,8,-39,-134
1742098579.0181332,-39,20,-224
1742098579.0541332,-31,-41,-36
1742098579.089133,-1,34,-50
1742098579.124133,-7,-15,-80
1742098579.1601331,-7,-37,-82
1742098579.195133,-19,6,-68
1742098579.231133,-3,8,15
1742098579.266133,-31,-1,91
1742098579.302133,52,40,29
1742098579.338133,82,0,-32
1742098579.374133,-3,18,39
1742098579.4091332,0,-75,-52
1742098579.444133,32,60,29
1742098579.480133,46,8,-12
1742098579.5151331,-39,46,-38
1742098579.5511332,-73,-5,-60
1742098579.586133,50,22,-4
1742098579.622133,-49,-13,-106
1742098579.657133,46,32,51
1742098579.6921332,-37,12,-132
1742098579.7281332,8,118,-32
1742098579.763133,56,48,-100
1742098579.799133,6,-51,65
1742098579.8341331,20,26,-60
1742098579.8701332,-25,10,27
1742098579.905133,8,-17,-56
1742098579.940133,-7,-11,-4
1742098579.976133,-31,78,-54
1742098580.0111332,46,-1,-58
1742098580.047133,68,16,-34
1742098580.082133,4,54,-30
1742098580.118133,-51,-23,-100
1742098580.1531332,-29,2,-64
1742098580.188133,-35,32,-6
1742098580.224133,-121,-53,17
1742098580.259133,0,-45,-118
1742098580.295133,24,-13,7
1742098580.3301332,-63,-15,-22
1742098580.366133,50,-9,-72
1742098580.401133,-5,6,-176
1742098580.4361331,58,-11,41
1742098580.4721332,56,-37,-216
1742098580.507133,-97,62,-104
1742098580.543133,-49,6,-34
1742098580.578133,84,-3,79
1742098580.6141331,-65,40,-96
1742098580.649133,52,-87,19
1742098580.684133,10,38,-28
1742098580.720133,-83,0,-16
1742098580.7551332,-17,48,65
1742098580.7911332,28,32,1
1742098580.826133,30,-31,17
1742098580.862133,-97,-21,57
1742098580.898133,18,-25,-42
1742098580.934133,6,-5,-63
1742098580.970133,-45,-33,-97
1742098581.006133,-37,-43,-34
1742098581.042133,-45,-33,-41
1742098581.078133,-1,54,-111
1742098581.1141331,-19,-9,21
1742098581.149133,40,28,-82
1742098581.184133,78,-13,-144
1742098581.220133,-33,54,-60
1742098581.256133,38,-7,-121
1742098581.2911332,40,-49,-39
1742098581.3271332,68,28,-29
1742098581.362133,12,-21,-57
1742098581.397133,-3,26,18
1742098581.4321332,-17,54,28
1742098581.468133,10,30,-99
1742098581.504133,96,-41,-65
1742098581.539133,34,22,-59
1742098581.575133,52,58,-72
1742098581.6101332,-105,-33,-35
1742098581.645133,28,4,-59
1742098581.680133,-27,-45,-175
1742098581.716133,6,16,-179
1742098581.7521331,28,72,-19
1742098581.787133,2,-43,20
1742098581.823133,4,-33,-25
1742098581.858133,58,60,-15
1742098581.8931332,-19,-63,-65
1742098581.928133,-13,28,-57
1742098581.964133,8,-45,-113
1742098582.000133,-5,42,-59
1742098582.0351331,-7,36,-43
1742098582.0711331,64,16,-51
1742098582.106133,16,-13,-49
1742098582.141133,-85,-55,-91
1742098582.1761332,-19,-11,48
1742098582.2121332,50,24,32
1742098582.2481332,-3,-21,-83
1742098582.283133,-51,54,-39
1742098582.319133,8,-15,92
1742098582.3541331,22,-31,-13
1742098582.389133,50,44,-57
1742098582.424133,14,14,-97
1742098582.460133,36,-17,24
1742098582.496133,-105,-21,124
1742098582.5311332,72,2,-87
1742098582.5671332,-29,-51,-33
1742098582.602133,-23,-55,-35
1742098582.6371331,-7,-21,-75
1742098582.672133,-35,42,-37
1742098582.708133,28,-7,-129
1742098582.744133,34,8,0
1742098582.779133,-71,-25,-95
1742098582.815133,12,-27,-67
1742098582.8501332,62,-17,-47
1742098582.885133,-51,-25,16
1742098582.920133,-29,-35,-9
1742098582.9561331,2,-27,-3
1742098582.9921331,-47,24,-149
1742098583.027133,50,56,-7
1742098583.063133,-45,70,-45
1742098583.098133,-13,44,-63
1742098583.1331332,-49,-35,-117
1742098583.168133,10,-27,-39
1742098583.204133,48,-123,-107
1742098583.240133,-97,0,-63
1742098583.2751331,-13,80,-29
1742098583.3111331,-17,60,-99
1742098583.346133,-149,58,-129
1742098583.381133,-91,-71,-63
1742098583.4161332,16,-29,42
1742098583.4521332,-9,20,-83
1742098583.4881332,-25,-7,-137
1742098583.523133,16,-37,-35
1742098583.559133,26,8,-7
1742098583.5941331,46,32,48
1742098583.629133,-57,10,-51
1742098583.664133,-7,-5,14
1742098583.700133,-71,64,-179
1742098583.736133,-103,-45,12
1742098583.7711332,-25,-7,80
1742098583.8071332,-13,-11,-153
1742098583.842133,32,18,-49
1742098583.8771331,58,-9,-111
1742098583.912133,-5,28,-3
1742098583.948133,-37,-17,-135
1742098583.984133,10,28,-9
1742098584.019133,60,-39,-19
1742098584.055133,-93,60,-93
1742098584.0901332,-51,6,52
1742098584.125133,-55,-1,-1
1742098584.1601331,2,-71,38
1742098584.1961331,-17,-23,-55
1742098584.2321332,74,-5,-65
1742098584.267133,72,-19,-31
1742098584.303133,-9,40,-65
1742098584.338133,26,-31,-117
1742098584.3731332,32,72,-35
1742098584.408133,-47,38,-147
1742098584.444133,2,-43,-25
1742098584.480133,-23,14,62
1742098584.5151331,0,-31,-113
1742098584.5511332,46,-39,-53
1742098584.586133,66,-55,-31
1742098584.621133,52,40,-13
1742098584.6561332,16,42,-75
1742098584.6921332,80,18,-21
1742098584.7281332,-3,34,-81
1742098584.763133,-13,-23,44
1742098584.799133,54,30,-69
1742098584.8341331,-21,-17,2
1742098584.876133,-3,-39,-87
1742098584.912133,84,-71,-29
1742098584.948133,6,-35,-65
1742098584.984133,34,-19,-105
1742098585.019133,8,112,-37
1742098585.055133,-7,8,-81
1742098585.0901332,56,-5,-77
1742098585.125133,2,-9,-169
1742098585.1601331,34,-7,-75
1742098585.1961331,-29,16,-125
1742098585.2321332,-9,-29,-33
1742098585.267133,-33,4,-13
1742098585.303133,-9,20,-3
1742098585.338133,16,-3,34
1742098585.3731332,-23,-5,20
1742098585.4091332,52,-45,-39
1742098585.444133,-67,-5,64
1742098585.480133,34,38,-115
1742098585.5151331,-47,42,-87
1742098585.5511332,-49,0,-11
1742098585.586133,42,-3,36
1742098585.621133,-45,-1,0
1742098585.657133,24,-39,-101
1742098585.6921332,36,-3,-41
1742098585.7281332,4,36,-95
1742098585.763133,0,70,-9
1742098585.799133,84,-91,84
1742098585.8341331,28,-19,-5
1742098585.869133,-39,-41,68
1742098585.905133,-31,42,-105
1742098585.940133,26,-21,-113
1742098585.976133,-17,-59,38
1742098586.0111332,-131,-17,-181
1742098586.047133,0,4,-29
1742098586.082133,38,34,-67
1742098586.1171331,-27,10,10
1742098586.1531332,56,-45,-115
1742098586.188133,-33,40,-71
1742098586.224133,-79,54,10
1742098586.259133,12,44,34
1742098586.295133,54,44,-67
1742098586.3301332,-1,10,-7
1742098586.365133,24,20,-125
1742098586.401133,-19,-27,69
1742098586.4361331,-77,-11,41
1742098586.4721332,8,110,0
1742098586.507133,-23,4,-76
1742098586.543133,96,88,-84
1742098586.578133,46,-7,1
1742098586.6131332,46,-33,-52
1742098586.649133,6,-11,-58
1742098586.684133,-55,-29,-66
1742098586.720133,94,-31,-158
1742098586.7551332,-47,-17,37
1742098586.7911332,72,-61,-64
1742098586.826133,-1,-17,-36
1742098586.861133,-97,-17,49
1742098586.897133,-5,52,-70
1742098586.9321332,-19,38,9
1742098586.968133,-87,-55,-86
1742098587.003133,36,32,43
1742098587.039133,-66,-23,43
1742098587.0741332,107,-9,-108
1742098587.109133,-60,-53,29
1742098587.145133,-63,22,1
1742098587.180133,-18,-13,-2
1742098587.216133,50,38,53
1742098587.251133,32,46,23
1742098587.287133,-73,-9,-38
1742098587.322133,29,18,29
1742098587.3571332,-54,-65,-192
1742098587.3931332,-23,14,-38
1742098587.428133,88,-75,77
1742098587.464133,-49,14,-74
1742098587.499133,0,-31,81
1742098587.5351331,38,32,-88
1742098587.570133,92,26,-94
1742098587.605133,-19,86,-144
1742098587.641133,89,22,97
1742098587.6761332,3,-77,-8
1742098587.7121332,76,-25,-126
1742098587.747133,-49,-57,29
1742098587.783133,-5,-45,-70
1742098587.819133,82,-31,-14
1742098587.8541331,22,20,-176
1742098587.889133,-39,-33,53
1742098587.925133,78,-19,-64
1742098587.961133,28,-9,-80
1742098587.996133,4,-29,-88
1742098588.032133,-83,-13,87
1742098588.0671332,22,-45,-146
1742098588.102133,-1,0,-78
1742098588.1371331,-51,-13,-94
1742098588.1731331,34,20,-14
1742098588.2091331,-43,-39,-82
1742098588.244133,0,-9,-48
1742098588.280133,64,84,23
1742098588.315133,0,-25,3
1742098588.3501332,-63,-9,-22
1742098588.385133,70,46,-12
1742098588.421133,-15,34,-42
1742098588.457133,46,2,-54
1742098588.4921331,-93,70,-128
1742098588.5281332,-3,26,-54
1742098588.563133,-23,66,-52
1742098588.598133,-29,-39,-22
1742098588.6331332,-23,-5,-102
1742098588.6691332,-73,58,-66
1742098588.7051332,46,-43,-96
1742098588.740133,-19,40,-28
1742098588.776133,40,42,-54
1742098588.8111331,-63,24,21
1742098588.846133,40,12,-62
1742098588.881133,-13,-5,41
1742098588.917133,-33,2,-90
1742098588.953133,-55,-71,-72
1742098588.9881332,32,5,37
1742098589.024133,22,-26,-12
1742098589.059133,34,3,-78
1742098589.0941331,12,3,-124
1742098589.129133,0,35,-132
1742098589.165133,24,-38,31
1742098589.201133,-21,3,-36
1742098589.236133,42,55,-48
1742098589.272133,-27,28,-46
1742098589.3071332,40,-25,-140
1742098589.342133,72,41,-26
1742098589.3771331,10,0,15
1742098589.4131331,-37,41,-174
1742098589.4491332,62,9,-22
1742098589.484133,-6,-68,-106
1742098589.520133,63,29,-100
1742098589.555133,-66,22,-58
1742098589.5901332,42,89,-8
1742098589.625133,-25,-10,-30
1742098589.661133,42,-8,-32
1742098589.697133,32,-20,-108
1742098589.7321332,14,-13,-90
1742098589.7681332,56,6,75
1742098589.803133,40,-66,11
1742098589.838133,-17,4,47
1742098589.8731332,-13,34,-62
1742098589.9091332,-61,-25,35
1742098589.945133,-37,18,-200
1742098589.980133,28,-11,-48
1742098590.016133,28,-19,-18
1742098590.0511332,-35,-5,-76
1742098590.086133,-13,18,63
1742098590.121133,-33,24,35
1742098590.157133,20,-27,43
1742098590.193133,-41,12,-122
1742098590.2281332,16,-11,-132
1742098590.264133,-17,-21,-20
1742098590.299133,-23,32,-96
1742098590.3341331,0,96,75
1742098590.369133,14,18,-166
1742098590.405133,58,-37,61
1742098590.441133,-45,82,59
1742098590.476133,-23,100,29
1742098590.5121331,6,24,37
1742098590.547133,-1,30,-32
1742098590.582133,-71,-7,-120
1742098590.6171331,24,-13,-2
1742098590.6531332,-11,20,-16
1742098590.6891332,78,12,-24
1742098590.724133,-49,-43,19
1742098590.760133,-27,74,-102
1742098590.795133,-51,-35,-126
1742098590.8301332,-45,-49,-194
1742098590.865133,64,-23,-4
1742098590.901133,-1,12,-124
1742098590.937133,-65,50,-84
1742098590.9721332,2,-9,-56
1742098591.0081332,48,48,63
1742098591.043133,22,-45,63
1742098591.078133,24,-45,-92
1742098591.1131332,-23,-35,-124
1742098591.149133,6,-17,-138
1742098591.185133,18,12,1
1742098591.220133,-41,30,-58
1742098591.256133,-29,-75,129
1742098591.2911332,-19,42,1
1742098591.326133,-23,44,-58
1742098591.361133,74,4,51
1742098591.397133,-105,40,-42
1742098591.4331331,-91,-3,-20
1742098591.468133,-13,-11,-48
1742098591.504133,-65,-39,-78
1742098591.539133,-21,-25,1
1742098591.5741332,-85,16,5
1742098591.609133,14,-41,-114
1742098591.645133,14,24,-12
1742098591.681133,-61,36,-44
1742098591.716133,8,10,-114
1742098591.7521331,18,-37,-134
1742098591.787133,-25,-7,-84
1742098591.822133,-19,30,-4
1742098591.8571332,-93,14,80
1742098591.8931332,-47,-7,26
1742098591.9291332,56,22,-30
1742098591.964133,0,-55,17
1742098592.000133,12,-51,-80
1742098592.0351331,46,4,-24
1742098592.070133,0,74,-154
1742098592.106133,-49,-1,-52
1742098592.141133,42,74,-22
1742098592.177133,18,-1,8
1742098592.2121332,-17,36,-11
1742098592.2481332,-25,-11,-33
1742098592.283133,-13,46,48
1742098592.318133,18,26,68
1742098592.3541331,30,-37,10
1742098592.389133,18,-41,60
1742098592.425133,-7,-37,-29
1742098592.460133,8,64,34
1742098592.496133,46,-31,-65
1742098592.5311332,-83,80,52
1742098592.566133,0,42,-23
1742098592.602133,72,26,-77
1742098592.6371331,-53,36,-113
1742098592.6731331,44,28,-45
1742098592.708133,-83,12,-95
1742098592.744133,-41,24,104
1742098592.779133,30,8,-29
1742098592.8141332,0,-3,-25
1742098592.8501332,60,72,-103
1742098592.885133,66,28,-125
1742098592.921133,0,-119,32
1742098592.9561331,-29,-39,-105
1742098592.9921331,-13,22,30
1742098593.027133,-11,-75,-1
1742098593.062133,18,-9,50
1742098593.098133,38,2,-39
1742098593.1331332,46,-23,-83
1742098593.1691332,98,-127,-143
1742098593.204133,18,-43,-35
1742098593.240133,20,-27,-55
1742098593.2751331,-55,24,-55
1742098593.310133,-23,62,28
1742098593.346133,-27,-3,-137
1742098593.381133,20,40,-131
1742098593.417133,6,-11,84
1742098593.4521332,-31,34,-41
1742098593.4881332,18,-39,44
1742098593.523133,32,36,-77
1742098593.5581331,-71,10,-85
1742098593.5941331,26,66,-105
1742098593.629133,-73,-1,-85
1742098593.665133,-5,20,-105
1742098593.700133,-1,-71,-149
1742098593.736133,102,46,-27
1742098593.7711332,92,-19,10
1742098593.806133,-21,48,-145
1742098593.842133,-11,2,22
1742098593.8771331,24,-17,16
1742098593.9131331,-83,8,-51
1742098593.948133,6,-49,-23
1742098593.984133,-13,12,-5
1742098594.019133,-51,-11,-37
1742098594.0541332,50,-39,-107
1742098594.0901332,-171,-9,-135
1742098594.125133,-55,-63,-105
1742098594.161133,-55,-13,-19
1742098594.1961331,-9,34,-201
1742098594.2321332,-3,-15,-63
1742098594.267133,42,6,-69
1742098594.302133,36,110,-53
1742098594.338133,-17,120,64
1742098594.3731332,-1,14,92
1742098594.4091332,-9,4,-39
1742098594.444133,4,-3,-7
1742098594.480133,98,-43,4
1742098594.516133,-7,36,-15
1742098594.5511332,26,-45,54
1742098594.586133,16,-2,-29
1742098594.622133,-43,34,-15
1742098594.658133,6,-13,-87
1742098594.693133,12,-3,-89
1742098594.7291331,20,42,10
1742098594.764133,4,10,-47
1742098594.799133,52,-1,-7
1742098594.8341331,-31,-55,-111
1742098594.8701332,-11,42,-147
1742098594.9131331,-75,34,44
1742098594.9491332,-27,10,92
1742098594.9851332,-19,30,24
1742098595.020133,8,-33,44
1742098595.055133,30,18,-63
1742098595.0901332,-37,-13,-13
1742098595.126133,-63,-3,-49
1742098595.162133,16,-51,-63
1742098595.197133,2,-41,-49
1742098595.233133,-9,48,42
1742098595.2681332,10,32,18
1742098595.303133,-13,-21,18
1742098595.338133,-53,-17,-127
1742098595.374133,4,-117,-27
1742098595.4101331,76,4,62
1742098595.445133,-35,-37,-53
1742098595.481133,-13,-19,-17
1742098595.516133,102,-53,54
1742098595.5511332,-15,-1,10
1742098595.586133,74,34,-89
1742098595.622133,68,32,-29
1742098595.658133,-15,-45,6
1742098595.693133,-53,8,-79
1742098595.7291331,56,-39,-131
1742098595.764133,-39,-47,50
1742098595.799133,-79,6,-165
1742098595.8341331,16,20,-41
1742098595.8701332,0,-11,-35
1742098595.9061332,-13,-17,-77
1742098595.941133,58,30,-37
1742098595.977133,46,-25,-65
1742098596.0121331,72,-39,50
1742098596.047133,-15,-23,-77
1742098596.082133,2,36,-47
1742098596.118133,26,58,32
1742098596.154133,10,32,-83
1742098596.1891332,30,-3,82
1742098596.2251332,-77,26,130
1742098596.260133,26,-63,-39
1742098596.295133,10,44,-13
1742098596.3301332,-29,-5,-31
1742098596.366133,6,-19,-277
1742098596.402133,72,-3,-63
1742098596.437133,50,68,-121
1742098596.473133,-3,-21,-47
1742098596.5081332,18,62,4
1742098596.543133,-1,-81,-80
1742098596.578133,2,-25,-50
1742098596.6141331,-87,-25,45
1742098596.6501331,-23,-23,-60
1742098596.685133,36,98,7
1742098596.721133,-29,-3,-42
1742098596.756133,20,-77,-44
1742098596.7911332,-49,52,3
1742098596.826133,14,-29,-134
1742098596.862133,-21,-21,-30
1742098596.898133,-41,-15,-26
1742098596.9331331,52,34,11
1742098596.9691331,100,-37,-74
1742098597.004133,76,-9,17
1742098597.039133,-5,10,-140
1742098597.0741332,-39,40,-30
1742098597.1101332,0,14,-80
1742098597.1461332,20,-13,-88
1742098597.181133,26,30,-124
1742098597.217133,4,40,-62
1742098597.2521331,-3,-19,-14
1742098597.287133,-13,44,-20
1742098597.322133,50,-1,-76
1742098597.358133,34,-35,-10
1742098597.394133,-67,20,-80
1742098597.4291332,-1,-25,-16
1742098597.4651332,-85,-17,-58
1742098597.500133,78,34,-4
1742098597.5351331,62,-23,-104
1742098597.570133,-33,-55,-52
1742098597.606133,40,22,-112
1742098597.642133,14,18,81
1742098597.677133,-5,10,-52
1742098597.713133,30,50,-76
1742098597.7481332,52,-9,-44
1742098597.783133,106,38,75
1742098597.818133,24,10,21
1742098597.8541331,-23,-31,-196
1742098597.8901331,-31,6,-2
1742098597.925133,-11,-11,43
1742098597.961133,48,-43,-110
1742098597.996133,8,-73,45
1742098598.0311332,0,32,45
1742098598.066133,-43,42,-76
1742098598.102133,-51,-53,-46
1742098598.138133,8,10,-100
1742098598.1731331,4,32,-162
1742098598.2091331,18,62,95
1742098598.244133,-57,30,-82
1742098598.279133,-41,-29,99
1742098598.3141332,20,-61,-36
1742098598.3501332,0,-19,-18
1742098598.3861332,-15,-55,-114
1742098598.421133,-17,-15,23
1742098598.457133,20,0,-22
1742098598.4921331,50,12,41
1742098598.527133,-55,74,-2
1742098598.562133,-27,10,-86
1742098598.598133,62,28,-26
1742098598.634133,-71,28,97
1742098598.6691332,12,58,-68
1742098598.7051332,42,52,-100
1742098598.740133,-29,6,9
1742098598.7751331,-39,-53,-94
1742098598.8111331,6,-13,-64
1742098598.846133,-93,52,-48
1742098598.882133,22,-31,-10
1742098598.917133,-87,2,-66
1742098598.953133,100,12,-90
1742098598.9881332,56,-37,-46
1742098599.023133,-47,-35,-92
1742098599.059133,-37,-33,-162
1742098599.0941331,8,-19,-112
1742098599.1301332,-9,76,-24
1742098599.165133,-13,-31,-62
1742098599.201133,52,16,3
1742098599.236133,48,4,41
1742098599.2711332,50,24,-54
1742098599.3071332,70,50,-98
1742098599.342133,-25,-41,0
1742098599.378133,22,34,-140
1742098599.4131331,60,-3,41
1742098599.4491332,-25,-23,-48
1742098599.484133,-31,2,49
1742098599.519133,6,62,13
1742098599.555133,-69,90,-38
1742098599.5901332,102,28,-90
1742098599.626133,-47,0,-50
1742098599.661133,-15,-27,-108
1742098599.697133,12,12,33
1742098599.7321332,-13,6,1
1742098599.767133,34,-7,-122
1742098599.803133,-31,38,-88
1742098599.838133,12,-43,-44
1742098599.874133,-79,22,-6
1742098599.9091332,-7,10,3
1742098599.945133,-11,26,23
1742098599.980133,0,34,29
1742098600.0151331,4,20,-82
1742098600.0511332,48,-29,-132
1742098600.086133,-39,40,-148
1742098600.122133,29,-21,-40
1742098600.157133,-18,-7,-52
1742098600.193133,58,-17,3
1742098600.2281332,-18,12,-118
1742098600.263133,-56,-3,-28
1742098600.299133,29,72,-49
1742098600.3341331,63,28,-73
1742098600.3701332,11,-7,-15
1742098600.405133,-46,-13,-17
1742098600.441133,-1,-7,-89
1742098600.476133,26,20,-177
1742098600.5111332,-21,46,12
1742098600.547133,24,46,-19
1742098600.582133,-13,-11,82
1742098600.618133,24,14,-33
1742098600.6531332,-88,-35,-67
1742098600.6891332,21,18,-107
1742098600.724133,47,-41,-11
1742098600.759133,-26,-9,-47
1742098600.795133,-17,6,-21
1742098600.8301332,0,16,-29
1742098600.866133,-2,48,-43
1742098600.901133,-108,-5,-179
1742098600.937133,-19,-17,6
1742098600.9721332,30,-29,30
1742098601.007133,-7,16,-93
1742098601.043133,-110,-1,0
1742098601.078133,-14,10,-11
1742098601.1141331,-20,70,-167
1742098601.149133,-9,-73,-69
1742098601.185133,-9,24,-183
1742098601.221133,6,-49,-5
1742098601.257133,0,-39,44
1742098601.293133,-25,0,-25
1742098601.328133,-27,-5,-15
1742098601.3631332,18,2,-53
1742098601.399133,30,-55,12
1742098601.435133,27,-31,-35
1742098601.470133,83,14,-71
1742098601.506133,26,-19,-117
1742098601.5411332,-43,26,-63
1742098601.576133,-71,90,62
1742098601.611133,8,24,36
1742098601.647133,84,48,-161
1742098601.6831331,56,-9,-55
1742098601.718133,14,-37,-101
1742098601.754133,-27,-23,-51
1742098601.789133,10,90,-37
1742098601.8241332,-29,12,-233
1742098601.859133,-17,12,-15
1742098601.895133,-11,-27,-151
1742098601.931133,-41,40,-61
1742098601.966133,30,28,76
1742098602.0021331,64,48,36
1742098602.037133,66,14,-57
1742098602.072133,-49,-95,-107
1742098602.1071332,28,-5,-153
1742098602.1431332,44,10,6
1742098602.1791332,2,8,32
1742098602.214133,-7,-13,-89
1742098602.250133,56,128,-51
1742098602.2851331,-141,30,2
1742098602.320133,-21,26,-30
1742098602.355133,62,30,-50
1742098602.391133,8,-29,-96
1742098602.427133,36,4,109
1742098602.4621332,-9,-75,-110
1742098602.4981332,-7,-27,-74
1742098602.533133,90,-25,-106
1742098602.568133,44,16,-30
1742098602.6031332,-39,80,-68
1742098602.639133,56,50,-61
1742098602.675133,-41,76,-101
1742098602.710133,-33,4,-93
1742098602.746133,38,50,-91
1742098602.7811332,-91,46,-21
1742098602.816133,-67,-17,-115
1742098602.851133,-37,32,-92
1742098602.8871331,16,-15,-60
1742098602.9231331,42,8,-82
1742098602.958133,56,-55,-144
1742098602.994133,46,2,-100
1742098603.029133,14,22,-78
1742098603.0641332,-9,70,-55
1742098603.099133,-63,-35,-38
1742098603.135133,10,28,-113
1742098603.171133,36,-19,-102
1742098603.2061331,-11,-23,-113
1742098603.2421331,16,42,-73
1742098603.277133,-99,6,-43
1742098603.312133,40,6,-62
1742098603.3471332,24,-53,-116
1742098603.3831332,20,6,-46
1742098603.4191332,36,-71,-54
1742098603.454133,8,54,-98
1742098603.490133,-31,-19,-188
1742098603.5251331,20,34,-36
1742098603.560133,44,-35,23
1742098603.595133,50,-31,-65
1742098603.631133,-15,-7,-16
1742098603.667133,74,0,43
1742098603.7021332,-19,-23,-66
1742098603.7381332,52,-29,-12
1742098603.773133,108,56,8
1742098603.8081331,80,54,12
1742098603.843133,2,-73,-92
1742098603.879133,58,-19,-86
1742098603.915133,-25,18,-98
1742098603.951133,28,-11,-68
1742098603.987133,-7,-15,-38
1742098604.022133,40,-33,11
1742098604.0581331,42,-29,-100
1742098604.093133,-31,-31,-48
1742098604.128133,-13,56,-72
1742098604.1631331,-25,58,-98
1742098604.1991332,6,34,8
1742098604.2351332,-11,-9,23
1742098604.270133,-9,12,-72
1742098604.306133,24,-83,-102
1742098604.341133,-19,24,49
1742098604.376133,-11,2,-78
1742098604.411133,-35,-11,-24
1742098604.447133,60,80,-16
1742098604.483133,36,-55,19
1742098604.5181332,-23,-81,-6
1742098604.5541332,6,-35,-42
1742098604.589133,-51,-49,-14
1742098604.624133,10,-13,19
1742098604.6591332,-39,-87,-126
1742098604.695133,102,70,-108
1742098604.731133,-5,56,-42
1742098604.766133,52,10,-124
1742098604.802133,2,-5,-86
1742098604.8371332,46,52,-26
1742098604.872133,10,18,-84
1742098604.915133,-21,12,-40
1742098604.951133,40,-17,-14
1742098604.987133,-41,-41,-94
1742098605.022133,54,-9,-102
1742098605.0581331,-43,20,71
1742098605.093133,20,26,-29
1742098605.128133,-3,24,-23
1742098605.1631331,10,38,-4
1742098605.1991332,22,12,-61
1742098605.2351332,50,4,35
1742098605.270133,22,-27,83
1742098605.306133,2,68,-18
1742098605.341133,26,4,-62
1742098605.376133,-59,-9,47
1742098605.411133,28,-65,-52
1742098605.447133,68,28,-50
1742098605.483133,20,-37,-18
1742098605.5181332,-9,82,-62
1742098605.5541332,-93,34,59
1742098605.589133,26,26,-66
1742098605.624133,-43,46,-104
1742098605.6601331,-29,-33,-18
1742098605.695133,4,40,-82
1742098605.731133,-7,40,11
1742098605.766133,-69,-9,-18
1742098605.802133,16,116,11
1742098605.8371332,84,-25,-2
1742098605.872133,-15,22,-44
1742098605.908133,14,-13,-152
1742098605.943133,72,-33,-70
1742098605.9791331,16,-9,-54
1742098606.014133,18,-37,-130
1742098606.050133,0,28,-54
1742098606.085133,-1,-27,39
1742098606.1201332,72,-17,-190
1742098606.1561332,6,0,51
1742098606.191133,62,-33,7
1742098606.227133,66,64,-4
1742098606.2621331,-51,4,-40
1742098606.2981331,-21,-9,19
1742098606.333133,10,116,63
1742098606.368133,-13,-29,-28
1742098606.404133,-49,52,-80
1742098606.4391332,-3,-3,0
1742098606.4751332,-41,32,-60
1742098606.510133,18,-113,-94
1742098606.546133,12,24,-86
1742098606.5811331,2,-75,-140
1742098606.616133,10,12,3
1742098606.652133,38,50,-4
1742098606.687133,-51,-25,-70
1742098606.723133,18,62,-26
1742098606.7581332,42,-25,-84
1742098606.7941332,54,24,125
1742098606.829133,70,8,-106
1742098606.8641331,30,-39,-44
1742098606.9001331,-97,82,-12
1742098606.935133,-81,-9,-86
1742098606.971133,-51,34,-44
1742098607.006133,18,-15,25
1742098607.042133,18,30,-44
1742098607.0771332,-59,28,-10
1742098607.112133,20,110,13
1742098607.148133,-27,52,-62
1742098607.1831331,-85,-25,-22
1742098607.2191331,-49,-1,-206
1742098607.254133,-29,-5,-118
1742098607.290133,-67,-11,9
1742098607.325133,-49,40,-74
1742098607.3601332,4,10,-114
1742098607.3961332,48,18,-26
1742098607.431133,60,-7,-86
1742098607.467133,4,6,-4
1742098607.5021331,-23,-15,-48
1742098607.5381331,28,-83,-34
1742098607.573133,24,12,-138
1742098607.608133,70,62,0
1742098607.644133,14,-13,41
1742098607.6791332,94,-5,15
1742098607.7151332,-31,-37,45
1742098607.750133,14,-31,-202
1742098607.786133,-11,-71,-60
1742098607.8211331,46,-1,-106
1742098607.856133,-17,-47,-44
1742098607.892133,50,-67,-76
1742098607.927133,-45,-7,71
1742098607.963133,-49,48,11
1742098607.9981332,26,-85,-66
1742098608.033133,-49,144,-58
1742098608.068133,-15,62,-26
1742098608.1041331,-67,-45,-74
1742098608.1401331,22,46,-12
1742098608.175133,-57,-7,-18
1742098608.211133,92,-59,-100
1742098608.246133,-131,-37,107
1742098608.2811332,12,-51,-88
1742098608.316133,116,20,-40
1742098608.352133,16,-1,-108
1742098608.388133,-55,-15,37
1742098608.4231331,52,18,-84
1742098608.4591331,-43,-31,-78
1742098608.494133,38,-59,41
1742098608.529133,52,44,51
1742098608.5641332,48,-13,-82
1742098608.6001332,-18,82,-54
1742098608.6361332,-44,30,37
1742098608.671133,-24,-35,45
1742098608.707133,-2,-3,3
1742098608.7421331,1,-3,-130
1742098608.777133,-24,-1,41
1742098608.812133,-2,32,43
1742098608.848133,-34,-25,-22
1742098608.884133,-104,-27,-128
1742098608.9191332,-42,-81,-44
1742098608.9551332,-44,-67,-6
1742098608.990133,-64,-31,-74
1742098609.0251331,67,0,41
1742098609.060133,85,6,-116
1742098609.096133,-12,8,23
1742098609.132133,-44,-1,-90
1742098609.167133,-38,-25,1
1742098609.203133,-27,-27,-40
1742098609.2381332,80,-7,-18
1742098609.273133,-51,28,-68
1742098609.3081331,56,-11,15
1742098609.3441331,56,14,79
1742098609.3801332,54,-37,3
1742098609.415133,-19,70,-46
1742098609.451133,-37,26,-20
1742098609.486133,32,42,-44
1742098609.5211332,12,-51,-148
1742098609.556133,12,6,-30
1742098609.592133,-57,-91,-10
1742098609.628133,-43,10,-34
1742098609.6631331,-25,10,-92
1742098609.6991332,88,26,17
1742098609.734133,16,-37,61
1742098609.769133,38,-39,25
1742098609.8041332,-23,-1,0
1742098609.8401332,-13,-25,31
1742098609.876133,60,18,11
1742098609.911133,82,18,-110
1742098609.947133,-13,44,-28
1742098609.9821332,68,46,-26
1742098610.017133,-11,16,-94
1742098610.052133,-47,-29,-16
1742098610.088133,38,-67,-140
1742098610.124133,74,92,97
1742098610.1591332,14,80,-26
1742098610.195133,42,52,-72
1742098610.230133,-33,-13,-56
1742098610.2651331,-49,0,-96
1742098610.300133,2,-15,-144
1742098610.336133,-51,14,41
1742098610.372133,-21,-21,-46
1742098610.407133,-39,-61,63
1742098610.443133,-13,-11,3
1742098610.4781332,-55,2,23
1742098610.513133,-7,-43,37
1742098610.5481331,-9,20,-20
1742098610.5841331,20,-25,135
1742098610.6201332,-107,-53,-54
1742098610.655133,96,14,-110
1742098610.691133,-33,-77,-60
1742098610.726133,-35,24,-4
1742098610.7611332,32,-33,13
1742098610.796133,6,40,-104
1742098610.832133,-99,84,81
1742098610.868133,-113,16,-68
1742098610.9031332,-19,46,97
1742098610.9391332,-49,78,-64
1742098610.974133,-1,52,-116
1742098611.009133,6,20,-118
1742098611.0441332,72,-7,-48
1742098611.0801332,-35,-27,5
1742098611.116133,38,90,-70
1742098611.151133,-7,-3,35
1742098611.187133,-27,-51,33
1742098611.2221332,-3,-13,-52
1742098611.257133,26,50,23
1742098611.292133,-15,-53,-202
1742098611.328133,0,16,-126
1742098611.3641331,-69,68,-116
1742098611.399133,40,-65,69
1742098611.435133,26,32,-14
1742098611.470133,-57,-45,-102
1742098611.5051332,48,50,49
1742098611.540133,68,-3,-36
1742098611.576133,56,36,-82
1742098611.612133,-39,20,-98
1742098611.647133,-13,-13,-84
1742098611.6831331,-13,-69,-60
1742098611.718133,36,-3,-114
1742098611.753133,-7,36,-38
1742098611.7881331,-51,34,-24
1742098611.8241332,26,60,35
1742098611.8601332,10,-37,-46
1742098611.895133,-35,10,-16
1742098611.931133,-3,42,-42
1742098611.966133,-7,-57,-124
1742098612.001133,86,-81,-158
1742098612.036133,-65,60,-46
1742098612.072133,-5,-23,-96
1742098612.108133,88,22,-40
1742098612.1431332,-51,-1,-34
1742098612.1791332,48,2,-22
1742098612.214133,10,-43,-12
1742098612.249133,10,-37,-20
1742098612.2851331,-67,58,-144
1742098612.320133,-23,-7,11
1742098612.356133,-13,-33,-122
1742098612.391133,-33,54,-48
1742098612.427133,28,38,-54
1742098612.4621332,-3,-61,-104
1742098612.497133,32,36,-50
1742098612.533133,62,-5,13
1742098612.568133,34,-9,-120
1742098612.6041331,34,-55,-12
1742098612.639133,-5,2,59
1742098612.675133,74,-77,-58
1742098612.710133,-11,0,-50
1742098612.7451332,-47,-81,-138
1742098612.7811332,76,22,37
1742098612.816133,-45,-45,49
1742098612.852133,-7,-29,-44
1742098612.8871331,36,-13,-38
1742098612.9231331,-25,-3,-64
1742098612.958133,-37,-13,-48
1742098612.993133,24,-3,-28
1742098613.029133,-25,-19,-10
1742098613.065133,64,88,-18
1742098613.101133,-29,14,-86
1742098613.1361332,38,-17,-36
1742098613.172133,-53,30,-90
1742098613.207133,-47,-11,25
1742098613.243133,16,-15,-16
1742098613.2781332,4,20,-158
1742098613.313133,-41,10,29
1742098613.349133,-51,48,-56
1742098613.384133,-51,-1,85
1742098613.420133,24,-49,7
1742098613.4551332,20,0,35
1742098613.491133,-45,-75,-98
1742098613.526133,72,-71,-32
1742098613.5611331,36,44,-96
1742098613.5971332,22,12,-44
1742098613.632133,52,10,-92
1742098613.668133,68,-33,-168
1742098613.703133,-13,-43,-80
1742098613.7391331,22,20,-40
1742098613.774133,-15,6,-18
1742098613.809133,-33,16,159
1742098613.845133,-39,-13,-48
1742098613.8801332,8,2,-190
1742098613.9161332,58,-25,-62
1742098613.951133,34,-39,-50
1742098613.987133,-45,-1,-130
1742098614.022133,6,54,-60
1742098614.0571332,28,64,-76
1742098614.093133,6,-35,17
1742098614.128133,-59,-5,73
1742098614.164133,68,4,-86
1742098614.1991332,16,40,-46
1742098614.2351332,-75,8,11
1742098614.270133,10,-53,-70
1742098614.305133,64,0,-112
1742098614.341133,-55,-71,55
1742098614.376133,46,48,-92
1742098614.412133,-48,-18,-122
1742098614.447133,-28,-44,-66
1742098614.483133,-8,-12,-48
1742098614.519133,12,28,-134
1742098614.5541332,14,44,37
1742098614.589133,-6,-76,79
1742098614.625133,-4,-16,-92
1742098614.661133,-28,-96,-122
1742098614.6961331,-41,42,-78
1742098614.7321332,-7,-78,-18
1742098614.767133,-35,27,53
1742098614.802133,-40,-36,-50
1742098614.8371332,-35,-12,47
1742098614.8731332,40,-22,-30
1742098614.9161332,-1,1,-32
1742098614.9521332,-7,-6,-34
1742098614.9881332,-33,-14,-10
1742098615.023133,-31,-6,-28
1742098615.0581331,56,17,-142
1742098615.093133,-11,41,17
1742098615.129133,8,1,15
1742098615.165133,38,-54,-8
1742098615.200133,-37,-50,19
1742098615.236133,30,5,-138
1742098615.2711332,10,27,-96
1742098615.306133,52,39,13
1742098615.341133,2,-14,-88
1742098615.3771331,92,-72,-132
1742098615.4131331,12,-35,-2
1742098615.448133,8,10,-130
1742098615.484133,22,20,-124
1742098615.519133,70,42,-72
1742098615.5541332,-21,-53,-32
1742098615.589133,0,-17,-64
1742098615.625133,46,2,-40
1742098615.661133,-17,-11,-38
1742098615.6961331,14,-9,115
1742098615.7321332,12,-35,-42
1742098615.767133,-27,32,-96
1742098615.802133,-7,-61,-62
1742098615.8371332,42,54,-10
1742098615.8731332,-23,-113,11
1742098615.9091332,-39,46,21
1742098615.944133,-77,10,49
1742098615.980133,-5,90,-124
1742098616.0151331,-3,26,-112
1742098616.050133,-5,-75,-48
1742098616.085133,58,16,-86
1742098616.121133,58,-17,-152
1742098616.157133,38,-17,-12
1742098616.1921332,16,22,-2
1742098616.2281332,88,-1,-20
1742098616.263133,-31,16,-88
1742098616.2981331,40,-11,23
1742098616.333133,32,62,5
1742098616.369133,-21,-11,27
1742098616.405133,88,-17,-46
1742098616.440133,-45,-1,-36
1742098616.476133,28,90,77
1742098616.5111332,66,4,-54
1742098616.546133,-33,-15,-84
1742098616.5811331,-21,34,-76
1742098616.6171331,-7,18,-134
1742098616.6531332,42,-21,103
1742098616.688133,-43,22,-34
1742098616.724133,-47,-9,29
1742098616.759133,-23,46,-8
1742098616.7941332,-49,-43,39
1742098616.829133,-13,22,-120
1742098616.865133,26,50,-42
1742098616.901133,-11,26,-42
1742098616.9361331,28,-109,-100
1742098616.9721332,110,0,-132
1742098617.007133,-15,-23,-84
1742098617.042133,-25,96,-150
1742098617.0771332,-77,0,-60
1742098617.1131332,74,-51,-50
1742098617.149133,-35,38,-92
1742098617.184133,72,28,17
1742098617.220133,-19,18,-52
1742098617.2551332,10,-5,29
1742098617.290133,8,-53,-112
1742098617.325133,32,-3,-28
1742098617.361133,-21,-1,17
1742098617.397133,50,-61,-110
1742098617.4321332,16,-9,-128
1742098617.468133,14,48,-72
1742098617.503133,44,-65,53
1742098617.5381331,-9,-45,-52
1742098617.573133,10,-17,-14
1742098617.609133,44,42,-122
1742098617.645133,-5,32,-52
1742098617.680133,-25,-53,-6
1742098617.716133,-13,22,-58
1742098617.751133,24,26,-96
1742098617.786133,-7,-1,-140
1742098617.8211331,-15,-45,67
1742098617.8571332,86,-93,-90
1742098617.8931332,-5,-31,23
1742098617.928133,12,64,-8
1742098617.964133,-15,42,-52
1742098617.999133,-77,70,25
1742098618.0341332,-55,48,-10
1742098618.069133,-51,-53,-174
1742098618.105133,-17,-5,9
1742098618.141133,-9,42,-28
1742098618.1761332,30,-31,27
1742098618.2121332,-37,110,-22
1742098618.247133,26,-11,25
1742098618.282133,18,96,-34
1742098618.3171332,-65,12,41
1742098618.3541331,-1,-55,-88
1742098618.389133,10,46,-60
1742098618.425133,74,38,69
1742098618.461133,-47,-17,-42
1742098618.496133,24,-19,-110
1742098618.532133,-93,-5,35
1742098618.5671332,66,28,71
1742098618.602133,24,12,9
1742098618.6371331,-55,18,-36
1742098618.6731331,-41,10,-62
1742098618.7091331,-53,0,-76
1742098618.744133,-13,-15,-40
1742098618.780133,0,14,-62
1742098618.815133,48,-41,-68
1742098618.8501332,18,-53,-68
1742098618.8861332,18,-1,-22
1742098618.921133,-7,20,-22
1742098618.957133,-47,-11,-66
1742098618.9921331,42,-21,-26
1742098619.0281332,-49,-61,29
1742098619.063133,52,28,-192
1742098619.098133,-29,-5,-24
1742098619.134133,2,-43,-72
1742098619.1691332,-33,-5,-100
1742098619.2051332,36,10,17
1742098619.240133,-51,86,-164
1742098619.276133,-11,-5,-12
1742098619.3111331,-29,-1,-44
1742098619.346133,26,22,-120
1742098619.382133,-31,6,-46
1742098619.417133,-23,-53,-192
1742098619.453133,26,-21,-78
1742098619.4881332,52,-1,-124
1742098619.524133,-23,58,-36
1742098619.559133,-17,30,37
1742098619.5941331,24,-3,49
1742098619.6301332,40,-29,29
1742098619.665133,26,22,-152
1742098619.701133,-23,-11,-40
1742098619.736133,78,-39,-42
1742098619.772133,-137,44,15
1742098619.8071332,-63,4,3
1742098619.842133,-9,20,-42
1742098619.878133,-1,-31,12
1742098619.9131331,-11,-15,-127
1742098619.9491332,-11,28,36
1742098619.984133,-45,-35,-11
1742098620.020133,-25,32,4
1742098620.055133,-41,-63,-176
1742098620.0901332,-21,-61,-57
1742098620.126133,70,48,42
1742098620.161133,-3,-33,-35
1742098620.197133,12,-5,-33
1742098620.2321332,48,-17,-81
1742098620.2681332,34,-53,-75
1742098620.303133,-57,-5,-25
1742098620.338133,-11,74,-47
1742098620.374133,-43,-3,-59
1742098620.4091332,24,34,-69
1742098620.445133,-11,-21,-53
1742098620.480133,1,-15,-15
1742098620.516133,-65,12,-25
1742098620.5511332,36,-37,16
1742098620.586133,40,-3,-65
1742098620.622133,-45,60,24
1742098620.657133,32,40,14
1742098620.693133,39,14,-201
1742098620.7281332,12,-25,-95
1742098620.764133,33,30,-65
1742098620.799133,19,74,-155
1742098620.8341331,-20,54,-45
1742098620.8701332,-37,-21,-1
1742098620.905133,1,-11,14
1742098620.941133,16,30,-115
1742098620.976133,-49,-55,-3
1742098621.0121331,-9,-1,-41
1742098621.047133,52,4,-21
1742098621.082133,18,114,-73
1742098621.118133,30,-5,-57
1742098621.1531332,-11,-25,-97
1742098621.1891332,76,2,-101
1742098621.224133,34,44,-11
1742098621.260133,28,38,-41
1742098621.295133,-23,-23,2
1742098621.3301332,-39,18,-113
1742098621.366133,-9,30,-51
1742098621.401133,16,-31,-105
1742098621.437133,-63,-59,-99
1742098621.4721332,-49,50,150
1742098621.507133,-47,32,-109
1742098621.542133,44,-3,-67
1742098621.578133,28,-41,-61
1742098621.6141331,22,76,24
1742098621.649133,70,50,-129
1742098621.685133,-13,-87,64
1742098621.720133,-49,30,-77
1742098621.7551332,4,-27,-17
1742098621.790133,54,-1,-65
1742098621.826133,40,8,0
1742098621.862133,10,-17,-43
1742098621.897133,-85,-25,8
1742098621.9331331,-19,-15,-137
1742098621.968133,40,0,-69
1742098622.003133,-21,-43,-73
1742098622.0381331,4,-33,-59
1742098622.0741332,-35,-3,-103
1742098622.1101332,50,-3,-3
1742098622.145133,-1,8,-133
1742098622.181133,-115,8,-213
1742098622.216133,48,16,76
1742098622.251133,-1,-43,-75
1742098622.286133,-33,12,-47
1742098622.322133,42,-31,-37
1742098622.358133,-47,18,6
1742098622.3931332,20,74,-101
1742098622.4291332,46,40,-41
1742098622.464133,38,-31,-65
1742098622.499133,-119,28,-31
1742098622.5341332,-19,-53,-33
1742098622.570133,110,-35,-15
1742098622.606133,-13,12,-17
1742098622.641133,-37,66,-77
1742098622.677133,2,22,-59
1742098622.7121332,-17,-57,64
1742098622.747133,66,12,-11
1742098622.782133,76,34,20
1742098622.818133,26,4,74
1742098622.8541331,-1,-43,30
1742098622.889133,44,76,-57
1742098622.925133,-9,-27,-1
1742098622.960133,-5,84,-101
1742098622.9951332,-49,66,-49
1742098623.030133,-83,12,-85
1742098623.066133,-5,-7,-9
1742098623.102133,44,-17,-113
1742098623.1371331,142,42,34
1742098623.1731331,72,-35,-95
1742098623.208133,16,-75,30
1742098623.243133,-61,-49,-13
1742098623.2781332,-45,2,-19
1742098623.3141332,-29,-47,12
1742098623.3501332,-43,-71,-55
1742098623.385133,-23,24,70
1742098623.421133,-121,-27,-83
1742098623.4561331,110,-17,-99
1742098623.491133,8,-41,-23
1742098623.526133,-41,-13,-103
1742098623.562133,-43,-43,-83
1742098623.598133,16,4,-121
1742098623.6331332,62,44,-63
1742098623.6691332,-11,12,-155
1742098623.704133,-53,-35,18
1742098623.7391331,-21,10,-61
1742098623.774133,58,-19,-27
1742098623.810133,36,-13,-57
1742098623.846133,-101,-5,-113
1742098623.881133,-15,-17,-37
1742098623.917133,20,10,-153
1742098623.9521332,58,-3,-129
1742098623.987133,-85,-33,-9
1742098624.022133,22,-1,-107
1742098624.0581331,-27,-9,34
1742098624.0941331,10,-9,-133
1742098624.129133,16,-35,-23
1742098624.165133,8,40,-73
1742098624.200133,-47,20,-85
1742098624.2351332,-23,32,42
1742098624.270133,-5,62,26
1742098624.306133,88,10,-87
1742098624.342133,-29,-63,-81
1742098624.3771331,-5,2,-91
1742098624.4131331,-33,-33,-67
1742098624.448133,-61,-15,-45
1742098624.483133,-41,-81,12
1742098624.5181332,-55,-17,62
1742098624.5541332,-39,34,16
1742098624.5901332,-11,64,-129
1742098624.625133,4,-23,-91
1742098624.661133,-23,28,16
1742098624.6961331,-23,30,-147
1742098624.731133,-13,12,-165
1742098624.766133,18,-63,-145
1742098624.802133,52,8,-59
1742098624.838133,0,30,-1
1742098624.8731332,-11,-17,-69
1742098624.9091332,6,56,-97
1742098624.951133,14,-115,16
1742098624.987133,18,-3,-55
1742098625.022133,14,16,152
1742098625.0581331,2,66,-161
1742098625.0941331,28,10,-81
1742098625.129133,4,-19,-111
1742098625.165133,-7,-29,-19
1742098625.200133,16,16,-47
1742098625.2351332,18,-69,-81
1742098625.270133,30,66,12
1742098625.306133,16,-5,-31
1742098625.342133,-7,10,42
1742098625.3771331,-33,-11,-57
1742098625.4131331,6,-21,-53
1742098625.448133,22,-69,4
1742098625.483133,60,-57,-79
1742098625.5181332,-25,-9,-73
1742098625.5541332,14,8,-51
1742098625.5901332,-103,8,-133
1742098625.625133,-37,-39,-15
1742098625.661133,-35,18,66
1742098625.6961331,30,-37,-101
1742098625.731133,74,10,66
1742098625.767133,-11,42,-39
1742098625.802133,14,-113,-67
1742098625.838133,-51,22,24
1742098625.8731332,-3,-9,-61
1742098625.9091332,-1,-81,-85
1742098625.944133,100,50,-21
1742098625.9791331,56,32,-1
1742098626.0151331,6,28,-131
1742098626.050133,34,6,58
1742098626.086133,-31,46,36
1742098626.121133,60,-1,-61
1742098626.157133,-23,-31,-71
1742098626.1921332,-25,-55,22
1742098626.227133,-49,30,-145
1742098626.263133,24,-51,-73
1742098626.2981331,-43,18,112
1742098626.3341331,-33,-37,-95
1742098626.369133,68,-19,-17
1742098626.405133,-25,10,-177
1742098626.440133,-79,-53,-65
1742098626.4751332,-37,-3,-75
1742098626.5111332,52,34,-95
1742098626.546133,-35,-53,-87
1742098626.582133,20,44,-37
1742098626.6171331,6,42,48
1742098626.6531332,-53,36,22
1742098626.688133,-1,16,-27
1742098626.723133,-47,2,-89
1742098626.759133,68,2,-119
1742098626.7941332,-29,-57,-87
1742098626.8301332,6,54,-43
1742098626.865133,6,0,-31
1742098626.901133,-13,-7,-59
1742098626.9361331,-7,20,-43
1742098626.971133,14,4,86
1742098627.007133,30,-41,44
1742098627.042133,-27,-9,34
1742098627.078133,20,60,-31
1742098627.1131332,-31,18,-81
1742098627.149133,12,18,-45
1742098627.184133,-29,8,-143
1742098627.2191331,34,-3,-53
1742098627.2551332,34,-21,-59
1742098627.290133,-39,44,-35
1742098627.326133,72,-5,0
1742098627.361133,0,60,-145
1742098627.397133,-21,-37,-187
1742098627.4321332,-45,28,10
1742098627.467133,48,2,-45
1742098627.503133,-21,84,-13
1742098627.5381331,48,-27,106
1742098627.5741332,0,24,-51
1742098627.609133,-15,6,-23
1742098627.645133,-9,52,-33
1742098627.680133,28,42,-89
1742098627.7151332,-19,42,-123
1742098627.751133,-3,62,-63
1742098627.786133,70,32,-31
1742098627.822133,-9,54,-193
1742098627.8571332,-23,4,-111
1742098627.8931332,-79,-25,-11
1742098627.9291332,-47,-5,-141
1742098627.9651332,44,-35,-31
1742098628.001133,60,-19,-125
1742098628.037133,-15,-9,92
1742098628.073133,2,16,70
1742098628.109133,-45,12,-73
1742098628.145133,-49,-25,18
1742098628.180133,24,52,-69
1742098628.2151332,-47,-21,6
1742098628.251133,-27,12,-41
1742098628.287133,88,-1,-51
1742098628.322133,36,2,44
1742098628.358133,76,38,-83
1742098628.3931332,-93,12,-63
1742098628.428133,-39,40,-91
1742098628.463133,-37,-3,-29
1742098628.499133,-13,54,-97
1742098628.5351331,-51,76,-75
1742098628.570133,24,-1,110
1742098628.606133,38,70,-9
1742098628.641133,-15,50,36
1742098628.6761332,44,-15,-29
1742098628.711133,-33,18,-51
1742098628.747133,-41,30,-27
1742098628.783133,-23,-31,-7
1742098628.818133,6,72,-69
1742098628.8541331,-1,-71,-135
1742098628.889133,60,48,-103
1742098628.924133,0,16,-75
1742098628.9591331,6,-35,-59
1742098628.9951332,52,-65,68
1742098629.0311332,-29,-25,-133
1742098629.066133,68,-33,-55
1742098629.102133,-123,22,-71
1742098629.1371331,-63,-33,-59
1742098629.172133,12,-25,82
1742098629.207133,46,12,46
1742098629.243133,26,-11,-87
1742098629.279133,6,16,-109
1742098629.3141332,-27,-3,-105
1742098629.3501332,-15,-1,58
1742098629.385133,-37,-19,-119
1742098629.420133,-27,56,-47
1742098629.4551332,32,-31,-3
1742098629.491133,78,-39,34
1742098629.527133,30,-109,48
1742098629.562133,32,-19,40
1742098629.598133,8,30,-157
1742098629.6331332,40,34,-61
1742098629.668133,80,0,46
1742098629.703133,-15,2,-109
1742098629.7391331,22,18,-135
1742098629.7751331,-65,-15,66
1742098629.810133,26,-7,-25
1742098629.846133,-37,42,-33
1742098629.881133,62,2,-21
1742098629.9161332,84,-41,8
1742098629.951133,12,38,28
1742098629.987133,4,52,-151
1742098630.023133,14,-25,2
1742098630.0581331,8,-3,-157
1742098630.0941331,60,6,-49
1742098630.129133,-19,36,-101
1742098630.164133,-7,36,-21
1742098630.1991332,-47,-21,-105
1742098630.2351332,2,-13,-125
1742098630.2711332,4,14,26
1742098630.306133,12,-27,-49
1742098630.342133,-29,68,-43
1742098630.3771331,26,-29,20
1742098630.412133,60,-29,-85
1742098630.447133,44,44,62
1742098630.483133,-85,44,0
1742098630.519133,24,-11,10
1742098630.5541332,-31,0,16
1742098630.5901332,36,2,-21
1742098630.625133,40,18,54
1742098630.6601331,72,80,-105
1742098630.695133,-19,-17,-95
1742098630.731133,8,42,-25
1742098630.767133,-39,-9,66
1742098630.802133,-63,-75,6
1742098630.838133,14,-15,-65
1742098630.8731332,6,86,-2
1742098630.908133,-25,28,-8
1742098630.943133,96,18,18
1742098630.9791331,-47,-45,-121
1742098631.0151331,-35,36,-63
1742098631.050133,12,-31,-73
1742098631.086133,-25,10,-47
1742098631.121133,-15,72,29
1742098631.1561332,-31,12,-88
1742098631.191133,38,-61,9
1742098631.227133,-41,-67,-52
1742098631.263133,-3,-21,-96
1742098631.2981331,12,0,-50
1742098631.3341331,10,-45,-12
1742098631.369133,-35,116,-102
1742098631.404133,32,10,-63
1742098631.4391332,4,-1,10
1742098631.4751332,-59,-53,-41
1742098631.5111332,-59,-35,-140
1742098631.546133,-39,6,-67
1742098631.582133,-3,42,-1
1742098631.6171331,14,6,-69
1742098631.652133,40,50,-51
1742098631.687133,62,-29,0
1742098631.723133,24,36,-121
1742098631.759133,-25,30,-105
1742098631.7941332,-5,-11,2
1742098631.8301332,-69,2,-11
1742098631.865133,6,-33,-11
1742098631.9001331,-27,2,-73
1742098631.935133,-25,-17,50
1742098631.971133,-77,-29,-100
1742098632.007133,-1,-3,-99
1742098632.042133,-9,-13,-52
1742098632.078133,-5,-9,18
1742098632.1131332,32,-25,-48
1742098632.148133,-7,0,33
1742098632.1831331,8,6,-7
1742098632.2191331,-73,14,46
1742098632.2551332,46,-31,-45
1742098632.290133,-9,14,111
1742098632.326133,82,12,-80
1742098632.361133,6,-49,0
1742098632.3961332,-79,-25,-104
1742098632.4321332,-59,34,-74
1742098632.467133,-11,-85,-48
1742098632.503133,-23,42,-53
1742098632.5381331,0,-35,-1
1742098632.5741332,-3,18,-97
1742098632.609133,-81,20,-37
1742098632.644133,-3,38,14
1742098632.680133,6,-1,-31
1742098632.7151332,-59,48,78
1742098632.751133,-19,-35,-29
1742098632.786133,16,-99,-117
1742098632.822133,16,2,-1
1742098632.8571332,-39,-17,20
1742098632.892133,38,2,-125
1742098632.928133,-77,-29,2
1742098632.963133,48,2,-33
1742098632.999133,22,-33,154
1742098633.0341332,22,0,2
1742098633.070133,-13,26,70
1742098633.105133,-41,24,-93
1742098633.1401331,34,8,-113
1742098633.1761332,-23,76,2
1742098633.211133,22,6,-67
1742098633.247133,2,-35,-75
1742098633.282133,50,-51,-104
1742098633.318133,-35,14,-75
1742098633.3531332,-5,-13,-97
1742098633.388133,2,-7,-75
1742098633.424133,40,2,-21
1742098633.4591331,26,-1,56
1742098633.4951332,-37,54,60
1742098633.530133,32,24,57
1742098633.566133,-45,12,30
1742098633.601133,92,-9,-37
1742098633.6361332,-27,16,-35
1742098633.672133,-35,8,-89
1742098633.707133,88,6,-133
1742098633.743133,48,10,-173
1742098633.7781332,-53,52,50
1742098633.8141332,0,50,-53
1742098633.849133,-11,2,-167
1742098633.884133,-23,-53,26
1742098633.920133,-15,36,-51
1742098633.9551332,50,-73,-35
1742098633.991133,-15,-1,-69
1742098634.026133,-47,-101,-25
1742098634.062133,18,76,-65
1742098634.0971332,74,-45,2
1742098634.132133,-55,-43,-41
1742098634.168133,40,-53,106
1742098634.203133,54,-11,24
1742098634.2391331,-29,68,86
1742098634.274133,0,-21,-71
1742098634.310133,58,2,90
1742098634.345133,16,-39,-73
1742098634.3801332,-41,46,-51
1742098634.4161332,-45,-28,-50
1742098634.451133,-3,69,-104
1742098634.487133,-27,22,71
1742098634.522133,10,-42,-80
1742098634.5581331,-5,-18,-14
1742098634.593133,-9,-21,-148
1742098634.628133,44,30,51
1742098634.664133,16,44,-30
1742098634.6991332,-23,62,-68
1742098634.7351332,68,18,-80
1742098634.770133,-27,34,-100
1742098634.805133,-31,14,-30
1742098634.841133,18,-83,-171
1742098634.8771331,64,24,-53
1742098634.912133,14,4,-15
1742098634.9551332,4,-51,-35
1742098634.9921331,70,22,-79
1742098635.027133,16,48,-35
1742098635.063133,30,-41,-41
1742098635.098133,-69,-5,-9
1742098635.1331332,88,36,-113
1742098635.168133,16,-59,-139
1742098635.204133,-7,28,92
1742098635.240133,-11,92,32
1742098635.2751331,-35,74,-87
1742098635.3111331,30,44,-19
1742098635.346133,-89,-75,12
1742098635.381133,-5,-73,-95
1742098635.4161332,-17,-17,-49
1742098635.4521332,18,58,-107
1742098635.4881332,-21,24,-83
1742098635.523133,-83,-25,-57
1742098635.559133,-115,-13,-53
1742098635.5941331,32,-5,-31
1742098635.629133,30,-25,-107
1742098635.664133,106,90,-35
1742098635.700133,-17,-59,-23
1742098635.736133,-41,-23,-31
1742098635.7711332,-19,-77,-51
1742098635.8071332,86,-57,-25
1742098635.842133,52,-21,18
1742098635.8771331,26,-55,32
1742098635.912133,-33,84,-9
1742098635.948133,104,-83,58
1742098635.984133,58,12,-107
1742098636.019133,-5,-51,28
1742098636.055133,10,-3,-25
1742098636.0901332,-79,-91,-141
1742098636.125133,-55,24,-101
1742098636.1601331,30,-9,-117
1742098636.1961331,-13,-21,-3
1742098636.2321332,78,32,-95
1742098636.267133,-21,6,-33
1742098636.303133,-11,-19,-13
1742098636.338133,4,28,-7
1742098636.3731332,26,12,-45
1742098636.408133,10,-5,-91
1742098636.444133,-43,-33,44
1742098636.480133,-15,68,86
1742098636.5151331,-1,-51,28
1742098636.5511332,64,-11,-39
1742098636.586133,0,-49,-49
1742098636.621133,48,-43,-3
1742098636.6561332,-91,38,-149
1742098636.6921332,36,46,-99
1742098636.7281332,14,-39,0
1742098636.763133,14,-9,36
1742098636.799133,-83,22,-37
1742098636.8341331,-37,64,42
1742098636.869133,-89,-11,12
1742098636.904133,-39,-21,-11
1742098636.940133,-51,40,-17
1742098636.976133,-77,-27,-37
1742098637.0111332,-11,-7,46
1742098637.047133,-31,22,-141
1742098637.082133,76,94,-3
1742098637.1171331,-9,42,-43
1742098637.152133,-17,-35,40
1742098637.188133,-3,-13,-85
1742098637.224133,-9,2,-49
1742098637.259133,-35,-7,-41
1742098637.295133,-21,56,-153
1742098637.3301332,-3,42,8
1742098637.365133,44,-39,-33
1742098637.4001331,-67,8,136
1742098637.4361331,20,110,-83
1742098637.4721332,-17,-11,-75
1742098637.507133,38,30,-5
1742098637.543133,42,28,-99
1742098637.578133,-143,-27,-109
1742098637.6131332,30,-31,-55
1742098637.648133,60,-75,-103
1742098637.684133,-21,-41,-61
1742098637.720133,12,92,-33
1742098637.7551332,16,8,-61
1742098637.7911332,-47,4,-51
1742098637.826133,66,62,-177
1742098637.861133,28,64,-201
1742098637.8961332,-41,-15,-47
1742098637.9321332,-57,-75,8
1742098637.968133,68,36,26
1742098638.003133,-15,48,-21
1742098638.039133,32,8,-93
1742098638.0741332,-25,-93,-89
1742098638.109133,26,-43,-25
1742098638.144133,8,26,-45
1742098638.180133,12,-27,-5
1742098638.216133,-19,48,-173
1742098638.251133,-53,-41,-93
1742098638.287133,10,70,68
1742098638.322133,46,26,-73
1742098638.3571332,18,-33,38
1742098638.392133,-57,-7,-67
1742098638.428133,78,-49,-127
1742098638.464133,72,-33,66
1742098638.499133,-21,-31,-103
1742098638.5351331,-21,-9,-9
1742098638.570133,-57,6,-43
1742098638.605133,16,-15,-41
1742098638.6401331,-71,-35,-95
1742098638.6761332,-35,-135,-71
1742098638.7121332,6,-47,-85
1742098638.747133,-53,-11,-11
1742098638.783133,-4,-19,-33
1742098638.818133,-22,36,-61
1742098638.8531332,1,-19,-11
1742098638.888133,66,18,-41
1742098638.924133,26,6,-135
1742098638.960133,58,-1,-175
1742098638.9951332,34,-75,-133
1742098639.0311332,-95,-49,-85
1742098639.066133,14,-35,28
1742098639.101133,-23,86,58
1742098639.1371331,8,4,-31
1742098639.172133,4,-41,42
1742098639.208133,22,-27,-7
1742098639.243133,-83,-45,68
1742098639.279133,12,-45,-97
1742098639.3141332,-103,-41,-35
1742098639.349133,18,-25,-39
1742098639.385133,52,52,34
1742098639.420133,8,-51,-101
1742098639.4561331,-5,-43,-57
1742098639.491133,-9,20,-113
1742098639.527133,48,-21,-91
1742098639.562133,-47,-23,-133
1742098639.5971332,-1,22,8
1742098639.6331332,-37,82,-119
1742098639.668133,-83,42,-153
1742098639.704133,-25,-9,-139
1742098639.7391331,-75,6,-3
1742098639.7751331,62,-27,-123
1742098639.810133,16,20,-101
1742098639.845133,-7,-1,66
1742098639.881133,-37,-3,-107
1742098639.9161332,-57,-65,-21
1742098639.9521332,23,32,-103
1742098639.987133,56,-41,-77
1742098640.023133,54,32,-47
1742098640.0581331,-43,-15,50
1742098640.093133,62,-21,14
1742098640.129133,2,10,-21
1742098640.164133,-29,-55,-113
1742098640.200133,44,-23,-13
1742098640.2351332,38,-11,-143
1742098640.2711332,66,26,-221
1742098640.306133,-1,-31,-89
1742098640.341133,-19,-15,-49
1742098640.3771331,32,18,-85
1742098640.412133,-53,42,-153
1742098640.448133,70,-17,46
1742098640.483133,30,-23,-3
1742098640.519133,-17,-35,-63
1742098640.5541332,20,46,-151
1742098640.589133,46,-41,-95
1742098640.625133,2,18,60
1742098640.6601331,-31,-1,-123
1742098640.6961331,-43,18,-101
1742098640.731133,-1,-11,-107
1742098640.767133,-63,42,-95
1742098640.802133,104,-51,-119
1742098640.8371332,6,148,-35
1742098640.8731332,24,104,-97
1742098640.908133,-3,-11,-165
1742098640.944133,-33,-47,56
1742098640.9791331,-5,28,30
1742098641.0151331,-11,46,-2
1742098641.050133,18,-47,-86
1742098641.085133,32,36,-54
1742098641.121133,2,-31,-76
1742098641.1561332,-77,-37,-110
1742098641.1921332,-33,-7,-70
1742098641.227133,20,17,-122
1742098641.263133,4,-8,83
1742098641.2981331,7,-42,-62
1742098641.333133,59,9,-50
1742098641.369133,-6,-8,-124
1742098641.404133,11,-32,-38
1742098641.440133,35,-18,21
1742098641.4751332,-48,-62,-42
1742098641.510133,39,-38,-66
1742098641.545133,63,-2,-42
1742098641.5811331,37,55,-182
1742098641.6171331,-8,87,-4
1742098641.652133,54,38,71
1742098641.688133,-16,54,-50
1742098641.723133,-31,2,75
1742098641.7581332,0,0,-32
1742098641.793133,-49,-23,-80
1742098641.829133,-7,-9,-76
1742098641.865133,112,26,55
1742098641.9001331,22,-43,-76
1742098641.9361331,-15,-65,-40
1742098641.971133,56,-25,-126
1742098642.006133,24,68,-118
1742098642.0411332,10,14,-52
1742098642.0771332,36,26,-48
1742098642.1131332,36,-55,61
1742098642.148133,-57,26,-58
1742098642.184133,44,-163,-38
1742098642.2191331,-63,36,7
1742098642.254133,14,-38,-4
1742098642.289133,12,-34,-18
1742098642.325133,40,16,-58
1742098642.361133,22,-14,-52
1742098642.3961332,34,-35,-84
1742098642.4321332,94,26,-112
1742098642.467133,-5,22,-66
1742098642.5021331,16,-47,-32
1742098642.537133,-5,-1,-82
1742098642.573133,60,-15,-96
1742098642.609133,64,-49,19
1742098642.644133,-43,-3,-32
1742098642.680133,14,74,-24
1742098642.7151332,36,6,-44
1742098642.750133,52,-35,-118
1742098642.7851331,16,16,-14
1742098642.8211331,56,-23,9
1742098642.8571332,-27,-53,43
1742098642.892133,0,-1,-62
1742098642.928133,-21,0,-38
1742098642.963133,66,-11,51
1742098642.9981332,-27,70,27
1742098643.033133,66,24,-66
1742098643.069133,6,136,-46
1742098643.105133,36,10,59
1742098643.1401331,18,-31,33
1742098643.1761332,130,54,-68
1742098643.211133,-9,4,-12
1742098643.246133,-7,-41,-136
1742098643.2811332,-43,46,-96
1742098643.3171332,-15,-71,-66
1742098643.3531332,38,0,101
1742098643.388133,-41,2,69
1742098643.424133,60,22,-24
1742098643.4591331,26,-55,17
1742098643.494133,24,0,39
1742098643.529133,-85,-69,-50
1742098643.565133,-97,40,19
1742098643.601133,-7,8,-102
1742098643.6361332,-33,60,1
1742098643.672133,4,52,-28
1742098643.707133,-27,28,-136
1742098643.7421331,-39,10,9
1742098643.777133,-5,-9,-62
1742098643.813133,52,82,-46
1742098643.849133,-13,32,15
1742098643.884133,-25,-3,61
1742098643.920133,22,-21,-8
1742098643.9551332,-63,-49,-96
1742098643.990133,-51,118,-74
1742098644.0251331,42,-17,-28
1742098644.0611331,-27,46,-96
1742098644.0971332,38,22,-96
1742098644.132133,-15,0,-12
1742098644.168133,-17,8,-44
1742098644.203133,40,24,-68
1742098644.2381332,16,84,-118
1742098644.273133,-27,28,-166
1742098644.309133,18,8,1
1742098644.345133,-29,-57,-14
1742098644.3801332,12,10,5
1742098644.4161332,14,-15,-40
1742098644.451133,-57,-25,-60
1742098644.486133,20,-1,-82
1742098644.5211332,8,0,47
1742098644.5571332,18,42,-98
1742098644.593133,40,12,-78
1742098644.628133,38,8,-16
1742098644.664133,40,20,-58
1742098644.6991332,82,38,-10
1742098644.734133,0,8,-100
1742098644.769133,-31,-91,-19
1742098644.805133,-21,-37,-71
1742098644.841133,2,-31,101
1742098644.876133,-55,18,-2
1742098644.912133,56,80,22
1742098644.947133,-21,-61,-73
1742098644.9891331,-1,-3,-95
1742098645.0251331,-35,66,-75
1742098645.0611331,16,-15,-53
1742098645.0971332,68,140,-1
1742098645.132133,54,-7,76
1742098645.168133,8,-29,14
1742098645.203133,-17,-51,-43
1742098645.2381332,-35,10,6
1742098645.273133,-83,42,-123
1742098645.309133,30,-89,-33
1742098645.345133,18,-23,-103
1742098645.3801332,26,8,-127
1742098645.4161332,-39,-5,-89
1742098645.451133,-43,-33,-43
1742098645.486133,72,-47,-45
1742098645.5211332,-35,62,26
1742098645.5571332,-25,2,-133
1742098645.593133,28,46,-51
1742098645.628133,102,-41,-17
1742098645.664133,-73,36,168
1742098645.6991332,-1,-45,-95
1742098645.734133,4,104,32
1742098645.770133,-87,-79,-133
1742098645.805133,46,44,-47
1742098645.841133,-51,-55,-35
1742098645.876133,-17,6,-125
1742098645.912133,10,-41,-101
1742098645.947133,26,22,-113
1742098645.9821332,-21,-17,24
1742098646.0181332,36,20,-51
1742098646.053133,46,-67,112
1742098646.089133,62,20,-3
1742098646.124133,-93,-25,42
1742098646.1601331,12,16,60
1742098646.195133,-3,34,-79
1742098646.230133,22,74,102
1742098646.266133,40,20,64
1742098646.3011332,82,40,-103
1742098646.3371332,2,32,-11
1742098646.372133,-15,48,36
1742098646.408133,-75,22,-45
1742098646.443133,24,-13,-129
1742098646.4781332,-1,-11,-75
1742098646.514133,-21,42,-17
1742098646.549133,82,30,-171
1742098646.585133,-15,-15,-87
1742098646.6201332,20,-5,-61
1742098646.6561332,60,60,-103
1742098646.691133,-49,32,-47
1742098646.726133,4,20,-83
1742098646.7621331,44,-27,-99
1742098646.797133,-15,34,50
1742098646.833133,-19,4,-61
1742098646.868133,82,-29,-13
1742098646.904133,52,-33,-33
1742098646.9391332,0,8,4
1742098646.974133,-19,34,-153
1742098647.010133,78,90,128
1742098647.045133,28,-25,74
1742098647.0811331,-97,40,-15
1742098647.116133,-39,-59,-91
1742098647.152133,-3,46,40
1742098647.187133,-31,-13,-127
1742098647.2221332,10,-61,-111
1742098647.2581332,60,14,-45
1742098647.293133,-25,30,-69
1742098647.329133,84,-25,28
1742098647.3641331,20,12,-149
1742098647.4001331,-65,-11,-1
1742098647.435133,-11,38,36
1742098647.470133,-59,30,-87
1742098647.506133,-11,-33,20
1742098647.5411332,22,46,20
1742098647.5771332,-23,16,-209
1742098647.612133,-21,12,-5
1742098647.648133,-87,-13,-15
1742098647.6831331,-83,-25,-73
1742098647.718133,-5,34,-99
1742098647.754133,-35,20,12
1742098647.789133,-11,-31,22
1742098647.825133,12,-31,-153
1742098647.8601332,26,44,42
1742098647.8961332,22,-71,-123
1742098647.931133,-49,-41,-91
1742098647.966133,62,-17,34
1742098648.0021331,62,54,-83
1742098648.037133,38,8,-135
1742098648.073133,66,18,-135
1742098648.108133,-7,-11,-81
1742098648.144133,-9,-1,-51
1742098648.180133,-25,30,-9
1742098648.2151332,-67,10,-61
1742098648.250133,6,-27,96
1742098648.286133,0,-23,-65
1742098648.322133,2,-11,102
1742098648.3571332,-53,-5,-41
1742098648.3931332,-11,-63,-45
1742098648.428133,-21,92,-73
1742098648.463133,-65,44,-55
1742098648.4981332,-105,54,-1
1742098648.5341332,-13,2,-81
1742098648.570133,52,36,-67
1742098648.605133,98,54,-133
1742098648.641133,76,14,-5
1742098648.6761332,56,4,8
1742098648.711133,-15,62,-207
1742098648.746133,38,60,48
1742098648.782133,30,18,-49
1742098648.818133,-7,-7,-75
1742098648.8531332,-25,32,-99
1742098648.889133,6,62,46
1742098648.924133,-15,-39,-49
1742098648.9591331,-73,40,64
1742098648.994133,78,-37,20
1742098649.030133,48,-61,-3
1742098649.066133,-5,4,98
1742098649.101133,-27,-17,-45
1742098649.1371331,28,40,-79
1742098649.172133,70,-41,-43
1742098649.207133,70,38,-55
1742098649.2421331,28,-53,-153
1742098649.2781332,-13,30,-5
1742098649.3141332,-9,-65,-49
1742098649.349133,24,12,102
1742098649.385133,-23,-1,136
1742098649.420133,-71,34,-13
1742098649.4551332,-79,76,-41
1742098649.490133,-21,58,-5
1742098649.526133,-9,-23,-11
1742098649.562133,2,16,-267
1742098649.5971332,18,22,-81
1742098649.6331332,-15,14,10
1742098649.668133,-27,-19,-67
1742098649.703133,-75,-1,50
1742098649.7381332,-27,-21,48
1742098649.774133,-3,80,-121
1742098649.810133,16,36,-145
1742098649.845133,82,42,40
1742098649.881133,-67,-7,16
1742098649.9161332,8,-51,-37
1742098649.951133,8,-31,2
1742098649.986133,24,70,-83
1742098650.022133,-23,6,150
1742098650.0581331,-61,38,8
1742098650.093133,-17,20,-55
1742098650.129133,-59,30,-7
1742098650.164133,-23,72,-5
1742098650.1991332,4,124,82
1742098650.234133,24,-43,8
1742098650.270133,12,60,26
1742098650.306133,32,-33,-87
1742098650.341133,-35,-65,-59
1742098650.3771331,22,54,-23
1742098650.412133,18,-19,-171
1742098650.447133,26,-37,-111
1742098650.4821332,36,-25,68
1742098650.5181332,-37,40,-39
1742098650.5541332,42,86,-5
1742098650.589133,58,0,-73
1742098650.625133,-99,56,-143
1742098650.6601331,-65,44,-19
1742098650.695133,-15,36,8
1742098650.730133,-13,-7,6
1742098650.766133,-7,64,-107
1742098650.802133,52,46,-143
1742098650.8371332,-45,-53,-83
1742098650.8731332,-13,-19,32
1742098650.908133,-43,94,-71
1742098650.943133,-69,62,-41
1742098650.9781332,46,16,-67
1742098651.014133,-9,16,-101
1742098651.050133,-45,-95,-35
1742098651.085133,32,0,-43
1742098651.121133,68,42,-59
1742098651.1561332,36,-61,-5
1742098651.191133,-15,16,-59
1742098651.226133,-1,22,0
1742098651.2621331,-33,54,-165
1742098651.2981331,24,-13,-45
1742098651.333133,42,84,-73
1742098651.369133,64,36,-107
1742098651.404133,40,-53,-9
1742098651.4391332,-21,-7,-113
1742098651.474133,-11,-13,-117
1742098651.510133,24,-51,-71
1742098651.546133,34,-57,64
1742098651.5811331,-7,-17,-145
1742098651.6171331,98,52,-11
1742098651.652133,-57,-17,-19
1742098651.687133,54,22,-173
1742098651.7221332,-39,-47,-183
1742098651.7581332,26,-17,56
1742098651.7941332,84,-45,0
1742098651.829133,-45,-9,-53
1742098651.865133,44,2,-105
1742098651.9001331,12,-21,-87
1742098651.935133,30,58,-7
1742098651.970133,18,16,-69
1742098652.006133,-39,-39,-63
1742098652.042133,-3,12,-61
1742098652.0771332,4,-35,14
1742098652.1131332,16,-7,-27
1742098652.148133,26,-35,-27
1742098652.1831331,-19,-49,-139
1742098652.2191331,-47,-47,28
1742098652.254133,-15,22,18
1742098652.290133,52,-25,-121
1742098652.325133,-13,-55,-19
1742098652.361133,12,144,70
1742098652.3961332,-95,26,-97
1742098652.431133,-17,-15,-3
1742098652.467133,78,-37,18
1742098652.5021331,26,50,-129
1742098652.5381331,-7,-5,-159
1742098652.573133,-73,-23,-49
1742098652.609133,-19,100,0
1742098652.644133,10,6,10
1742098652.6791332,-7,44,-25
1742098652.7151332,-3,30,-31
1742098652.750133,84,-17,10
1742098652.786133,24,-1,-97
1742098652.8211331,-27,-25,-9
1742098652.8571332,52,8,-87
1742098652.892133,-13,-15,-59
1742098652.927133,-59,-37,-37
1742098652.963133,66,24,-31
1742098652.9981332,38,-31,-41
1742098653.0341332,42,-33,24
1742098653.069133,24,-43,-1
1742098653.105133,62,6,-9
1742098653.1401331,-43,-81,-91
1742098653.175133,20,20,-15
1742098653.211133,-7,-9,-87
1742098653.246133,116,-39,-85
1742098653.282133,62,-31,-49
1742098653.3171332,-33,-27,-89
1742098653.3531332,-37,40,14
1742098653.388133,14,-3,58
1742098653.4231331,-75,36,-79
1742098653.4591331,8,-19,50
1742098653.494133,-11,-35,-61
1742098653.530133,-1,-9,-19
1742098653.565133,-47,-27,-73
1742098653.601133,20,6,-53
1742098653.6361332,64,-43,-55
1742098653.671133,6,62,-79
1742098653.707133,18,-23,-9
1742098653.7421331,70,-71,68
1742098653.7781332,-33,-27,-39
1742098653.813133,16,16,-119
1742098653.849133,24,64,10
1742098653.884133,-57,126,46
1742098653.9191332,-27,38,-55
1742098653.9551332,16,46,80
1742098653.990133,-3,12,32
1742098654.026133,54,-17,-105
1742098654.0611331,28,-27,32
1742098654.0971332,56,16,32
1742098654.132133,36,-47,-21
1742098654.167133,28,64,-1
1742098654.203133,44,2,12
1742098654.2381332,-75,-15,2
1742098654.274133,-33,2,-87
1742098654.309133,-25,-65,-61
1742098654.345133,-55,-5,70
1742098654.3801332,-27,-41,-33
1742098654.415133,-59,4,-71
1742098654.451133,72,-37,-141
1742098654.486133,-3,-5,-47
1742098654.522133,20,10,16
1742098654.5571332,26,-7,48
1742098654.593133,0,-19,32
1742098654.628133,-7,28,-85
1742098654.6631331,-33,-31,-7
1742098654.6991332,-47,40,-95
1742098654.734133,40,-5,-55
1742098654.770133,-29,52,-22
1742098654.805133,-39,-31,-124
1742098654.841133,58,-7,-60
1742098654.8771331,-33,28,-90
1742098654.912133,-63,94,-18
1742098654.947133,-17,-5,-99
1742098654.983133,-7,18,-106
1742098655.026133,-3,-1,-8
1742098655.062133,0,-1,107
1742098655.098133,-3,6,-68
1742098655.1331332,44,8,159
1742098655.168133,26,64,29
1742098655.203133,-33,-33,-124
1742098655.2391331,18,46,55
1742098655.2751331,-1,28,-22
1742098655.310133,-25,12,-92
1742098655.346133,-17,48,0
1742098655.381133,100,-43,7
1742098655.4161332,80,22,-126
1742098655.451133,0,34,3
1742098655.487133,64,52,-152
1742098655.523133,-19,-9,29
1742098655.5581331,-93,-35,-64
1742098655.5941331,-17,10,-134
1742098655.629133,-11,-11,-86
1742098655.664133,-21,-7,-134
1742098655.6991332,2,-17,-126
1742098655.7351332,-7,-27,-66
1742098655.7711332,8,-37,-80
1742098655.806133,-67,26,75
1742098655.842133,10,-57,-160
1742098655.8771331,14,-33,-30
1742098655.912133,-55,36,1
1742098655.947133,20,52,-134
1742098655.983133,26,-29,-48
1742098656.019133,-19,30,-60
1742098656.0541332,-31,20,-48
1742098656.0901332,6,-49,-88
1742098656.125133,24,34,-48
1742098656.1601331,-49,0,-40
1742098656.195133,114,-39,-28
1742098656.231133,-57,54,-106
1742098656.267133,84,-43,-18
1742098656.302133,-13,8,-96
1742098656.338133,-65,-51,-58
1742098656.3731332,-39,12,-124
1742098656.408133,86,-7,-26
1742098656.443133,18,26,35
1742098656.4791331,58,-63,-68
1742098656.5151331,-25,-19,11
1742098656.550133,-57,-3,-16
1742098656.586133,26,-7,13
1742098656.621133,-63,-37,31
1742098656.6561332,-35,-37,-36
1742098656.691133,40,70,-60
1742098656.727133,-55,54,-52
1742098656.763133,-7,-49,-78
1742098656.7981331,-27,58,-54
1742098656.8341331,2,-11,21
1742098656.869133,-53,-71,-50
1742098656.904133,4,38,-10
1742098656.9391332,62,-7,-44
1742098656.9751332,-1,-8,-20
1742098657.0111332,14,-47,17
1742098657.046133,-11,-20,-122
1742098657.082133,18,20,-118
1742098657.1171331,76,-93,-88
1742098657.152133,34,2,-70
1742098657.187133,-47,-3,-100
1742098657.223133,10,18,-6
1742098657.259133,-21,22,-186
1742098657.2941332,74,-9,3
1742098657.3301332,-3,74,-106
1742098657.365133,-59,24,-8
1742098657.4001331,56,-33,55
1742098657.435133,-11,-13,-44
1742098657.471133,32,-29,-24
1742098657.507133,28,-51,-148
1742098657.542133,56,-27,-72
1742098657.578133,44,24,-74
1742098657.6131332,-107,-29,-36
1742098657.648133,-21,26,-90
1742098657.6831331,-15,-15,3
1742098657.7191331,96,-13,33
1742098657.7551332,46,42,-44
1742098657.790133,-31,40,11
1742098657.826133,38,22,-46
1742098657.861133,-45,46,75
1742098657.8961332,6,-21,-56
1742098657.931133,-93,16,7
1742098657.967133,54,34,-68
1742098658.003133,62,-59,-26
1742098658.0381331,54,18,-18
1742098658.0741332,58,-43,-70
1742098658.109133,12,-5,-20
1742098658.144133,64,42,-98
1742098658.1791332,8,-31,-64
1742098658.2151332,58,-49,-28
1742098658.251133,-117,-59,-32
1742098658.286133,10,66,-68
1742098658.322133,0,-43,-72
1742098658.3571332,62,-75,-20
1742098658.392133,94,40,-20
1742098658.427133,10,76,-100
1742098658.463133,52,58,45
1742098658.499133,72,-75,9
1742098658.5341332,86,-45,-72
1742098658.570133,24,-37,57
1742098658.605133,2,-81,-56
1742098658.6401331,14,-21,-108
1742098658.675133,-13,46,-100
1742098658.711133,14,62,-28
1742098658.747133,48,-81,125
1742098658.782133,80,-43,7
1742098658.818133,22,8,-142
1742098658.8531332,48,32,-136
1742098658.888133,-23,-17,-98
1742098658.9231331,-9,8,-32
1742098658.9591331,-5,-33,-90
1742098658.9951332,-55,14,-48
1742098659.030133,-39,-29,-96
1742098659.066133,82,-49,-14
1742098659.101133,58,-33,-38
1742098659.1361332,-29,46,-124
1742098659.172133,-53,28,-8
1742098659.207133,16,-17,-116
1742098659.243133,36,-45,37
1742098659.2781332,-55,50,0
1742098659.3141332,-43,-85,-64
1742098659.349133,12,-3,21
1742098659.384133,-25,40,-8
1742098659.420133,28,-33,15
1742098659.4551332,114,30,-124
1742098659.491133,-83,48,-62
1742098659.526133,-33,56,-18
1742098659.562133,22,-37,97
1742098659.5971332,-13,-41,-28
1742098659.632133,-51,16,3
1742098659.668133,-7,0,-6
1742098659.703133,-87,50,-156
1742098659.7391331,-33,42,-76
1742098659.774133,-21,34,-140
1742098659.810133,26,-23,-80
1742098659.845133,48,40,-96
1742098659.8801332,74,8,35
1742098659.9161332,66,34,-88
1742098659.951133,30,2,-48
1742098659.987133,4,8,0
1742098660.022133,-7,-35,-114
1742098660.0581331,44,6,-94
1742098660.093133,-23,4,-74
1742098660.128133,-37,-59,47
1742098660.164133,-7,68,41
1742098660.1991332,0,52,-18
1742098660.2351332,-9,2,-2
1742098660.270133,60,14,-54
1742098660.306133,78,18,-8
1742098660.341133,-45,64,-128
1742098660.376133,22,6,-54
1742098660.412133,50,-67,-136
1742098660.447133,42,8,1
1742098660.483133,-67,62,-28
1742098660.5181332,-41,-33,-54
1742098660.5541332,0,24,-18
1742098660.589133,-15,-43,-92
1742098660.624133,-97,-33,-4
1742098660.6601331,-65,34,71
1742098660.695133,-37,4,-32
1742098660.731133,-25,112,-70
1742098660.766133,-25,30,-80
1742098660.802133,-33,-13,-112
1742098660.8371332,-1,-5,-12
1742098660.872133,-23,-13,-72
1742098660.908133,40,-87,-116
1742098660.943133,-25,-91,-226
1742098660.9791331,66,-49,-84
1742098661.014133,-31,2,-94
1742098661.050133,16,60,-68
1742098661.085133,-13,-9,29
1742098661.1201332,36,20,-54
1742098661.1561332,-51,-35,-152
1742098661.191133,-33,88,-10
1742098661.227133,-55,-21,-28
1742098661.2621331,44,0,13
1742098661.2981331,32,-7,19
1742098661.333133,-25,-23,-62
1742098661.368133,-29,-53,15
1742098661.404133,10,4,25
1742098661.4391332,-53,-31,41
1742098661.4751332,-11,0,-66
1742098661.510133,24,38,-64
1742098661.545133,2,26,-8
1742098661.5801332,-87,36,-38
1742098661.616133,-11,-25,-44
1742098661.652133,22,70,-14
1742098661.687133,-13,22,71
1742098661.723133,-35,38,-8
1742098661.7581332,88,22,-30
1742098661.793133,-13,-17,-38
1742098661.828133,-33,26,-30
1742098661.8641331,-13,-53,-78
1742098661.9001331,-23,18,-12
1742098661.935133,-73,-23,15
1742098661.971133,-43,-7,-8
1742098662.006133,22,-9,-60
1742098662.0411332,14,-77,-170
1742098662.076133,-9,-51,-36
1742098662.112133,-45,-7,33
1742098662.148133,16,-7,-130
1742098662.1831331,130,18,-80
1742098662.2191331,-21,-45,-40
1742098662.254133,16,32,-40
1742098662.289133,-43,-19,47
1742098662.3241332,-37,-1,-20
1742098662.3601332,0,22,-58
1742098662.3961332,8,-27,-80
1742098662.431133,-87,4,-18
1742098662.467133,-33,26,7
1742098662.5021331,-27,-5,-184
1742098662.537133,6,26,-16
1742098662.572133,-25,-83,-34
1742098662.608133,8,-63,117
1742098662.644133,40,-5,-4
1742098662.6791332,-11,-5,-138
1742098662.7151332,-19,108,-80
1742098662.750133,-19,-5,-10
1742098662.7851331,-9,-23,-52
1742098662.820133,42,-39,-118
1742098662.856133,30,28,17
1742098662.892133,-69,70,7
1742098662.927133,-17,-9,-80
1742098662.963133,-5,-3,-58
1742098662.9981332,32,-67,27
1742098663.033133,-77,22,41
1742098663.068133,-1,40,-62
1742098663.1041331,110,-15,-34
1742098663.1401331,-47,10,-168
1742098663.175133,-7,-31,-6
1742098663.211133,132,-7,-96
1742098663.246133,64,30,-72
1742098663.2811332,-9,-7,-142
1742098663.316133,10,44,-118
1742098663.352133,92,-29,-72
1742098663.388133,-33,-1,-104
1742098663.4231331,88,12,-122
1742098663.4591331,-9,50,-16
1742098663.494133,34,34,-30
1742098663.529133,-23,-47,-32
1742098663.5641332,-27,-33,-62
1742098663.6001332,-71,-55,-110
1742098663.6361332,46,14,-56
1742098663.671133,-29,95,79
1742098663.707133,4,35,-110
1742098663.7421331,-77,-29,-24
1742098663.777133,0,-57,-100
1742098663.812133,-45,-37,3
1742098663.848133,38,-35,-48
1742098663.884133,8,4,-216
1742098663.9191332,-33,-23,25
1742098663.9551332,8,-57,37
1742098663.990133,10,-7,217
1742098664.0251331,-21,18,-54
1742098664.060133,-27,18,-26
1742098664.096133,-3,-93,-26
1742098664.132133,52,54,-124
1742098664.167133,2,44,35
1742098664.203133,26,62,-40
1742098664.2381332,-117,4,-34
1742098664.273133,10,-5,9
1742098664.3081331,-37,36,101
1742098664.3441331,12,-89,-42
1742098664.3801332,-69,-19,-94
1742098664.415133,-33,104,-54
1742098664.451133,72,-31,-32
1742098664.486133,-1,-7,-88
1742098664.5211332,-25,-1,-38
1742098664.556133,-29,58,27
1742098664.592133,86,26,-54
1742098664.628133,-17,86,59
1742098664.6631331,-55,82,-90
1742098664.6991332,-45,64,9
1742098664.734133,-53,8,47
1742098664.769133,40,-33,-30
1742098664.8041332,26,-31,-84
1742098664.8401332,-1,-59,-26
1742098664.876133,-9,22,95
1742098664.911133,42,-39,-108
1742098664.947133,52,42,-46
1742098664.9821332,62,28,-40
1742098665.017133,98,-15,31
1742098665.060133,68,-41,-76
1742098665.096133,56,-35,-52
1742098665.132133,20,52,-26
1742098665.167133,42,2,-56
1742098665.203133,-15,12,-52
1742098665.2381332,0,10,-146
1742098665.273133,38,-55,-92
1742098665.3081331,-73,8,-18
1742098665.3441331,-51,-63,23
1742098665.3801332,72,-23,-74
1742098665.415133,2,-19,35
1742098665.451133,-61,8,57
1742098665.486133,4,2,65
1742098665.5211332,22,14,-54
1742098665.556133,78,-29,-2
1742098665.592133,70,-43,-60
1742098665.628133,-15,-55,-30
1742098665.6631331,-7,-33,-56
1742098665.6991332,14,-3,-42
1742098665.734133,-37,-1,25
1742098665.769133,-77,-99,27
1742098665.8041332,-13,24,-84
1742098665.8401332,-5,32,-32
1742098665.876133,-13,10,21
1742098665.911133,-33,-5,-60
1742098665.947133,2,-3,-62
1742098665.9821332,6,54,-4
1742098666.017133,10,66,-64
1742098666.053133,-65,42,-68
1742098666.088133,30,-79,-64
1742098666.124133,-9,12,-88
1742098666.1591332,-11,-29,-70
1742098666.195133,22,-11,-42
1742098666.230133,54,-15,-12
1742098666.2651331,-25,-13,21
1742098666.3011332,86,-83,-14
1742098666.336133,22,-13,-116
1742098666.372133,-45,8,-52
1742098666.407133,-65,-39,-82
1742098666.443133,40,10,-100
1742098666.4781332,-1,18,-240
1742098666.513133,52,-7,-78
1742098666.549133,52,30,-26
1742098666.5841331,-1,2,53
1742098666.6201332,20,-31,-18
1742098666.655133,-5,-21,5
1742098666.691133,2,46,45
1742098666.726133,-17,66,-98
1742098666.7611332,-63,2,-52
1742098666.797133,70,0,-78
1742098666.832133,2,40,-166
1742098666.868133,-23,-17,-58
1742098666.9031332,-21,62,-30
1742098666.9391332,46,-13,-48
1742098666.974133,10,10,-60
1742098667.009133,98,-99,-56
1742098667.045133,-35,-49,-48
1742098667.0801332,-11,4,-114
1742098667.116133,50,-17,-56
1742098667.151133,-33,-47,-26
1742098667.187133,40,16,-24
1742098667.2221332,22,-45,-40
1742098667.257133,-23,76,-130
1742098667.293133,-1,-127,-66
1742098667.328133,2,-53,19
1742098667.3641331,-21,-23,-156
1742098667.399133,-39,16,-136
1742098667.435133,40,-63,-106
1742098667.470133,-51,32,-92
1742098667.5051332,60,-7,-20
1742098667.5411332,30,-67,9
1742098667.576133,-27,4,-188
1742098667.612133,-55,-13,47
1742098667.647133,-51,42,-74
1742098667.6831331,62,-1,79
1742098667.718133,10,-19,19
1742098667.753133,46,-29,-116
1742098667.789133,60,-7,-50
1742098667.8241332,-19,6,-126
1742098667.8601332,-65,2,-82
1742098667.895133,4,26,-98
1742098667.931133,48,-55,-172
1742098667.966133,18,86,-80
1742098668.001133,64,68,29
1742098668.037133,-15,-33,23
1742098668.072133,-13,-21,-66
1742098668.108133,5,18,-28
1742098668.1431332,90,-21,-32
1742098668.1791332,-79,-47,0
1742098668.214133,21,-35,0
1742098668.249133,-40,-63,187
1742098668.2851331,14,-15,-96
1742098668.320133,59,-47,31
1742098668.356133,2,12,47
1742098668.391133,32,42,21
1742098668.427133,-44,34,69
1742098668.463133,-12,-37,-64
1742098668.4981332,-34,-21,53
1742098668.533133,67,34,-2
1742098668.569133,32,86,-158
1742098668.605133,-49,20,31
1742098668.6401331,34,84,-152
1742098668.6761332,76,10,-52
1742098668.711133,-125,-17,45
1742098668.746133,2,60,-100
1742098668.7811332,58,4,-98
1742098668.8171332,-3,-51,-122
1742098668.8531332,88,-33,-88
1742098668.888133,-7,14,-18
1742098668.924133,-3,0,-48
1742098668.9591331,4,28,69
1742098668.994133,48,-21,-40
1742098669.029133,-65,-63,1
1742098669.065133,46,-29,-132
1742098669.101133,-9,20,-70
1742098669.1361332,-5,-51,-64
1742098669.172133,26,-55,63
1742098669.207133,42,24,5
1742098669.2421331,60,0,23
1742098669.277133,28,-33,-46
1742098669.313133,-35,-5,-14
1742098669.349133,16,-5,29
1742098669.384133,-42,50,13
1742098669.420133,-2,60,0
1742098669.4551332,-2,-7,-76
1742098669.490133,-75,-17,51
1742098669.5251331,-67,-17,-48
1742098669.5611331,108,60,-36
1742098669.5971332,6,-85,-58
1742098669.632133,22,-11,-54
1742098669.668133,-21,6,-70
1742098669.703133,32,-13,89
1742098669.7381332,-21,52,31
1742098669.773133,-49,-7,-94
1742098669.809133,16,-51,-70
1742098669.845133,-11,-17,-146
1742098669.8801332,-51,22,-28
1742098669.9161332,-5,10,-30
1742098669.951133,-23,46,-58
1742098669.986133,-135,-13,-38
1742098670.0211332,22,14,11
1742098670.0571332,64,-29,23
1742098670.093133,-67,28,-122
1742098670.128133,14,-3,-28
1742098670.164133,26,14,-2
1742098670.1991332,28,10,0
1742098670.234133,48,-35,-93
1742098670.269133,-31,60,80
1742098670.305133,44,-55,-101
1742098670.341133,6,-41,35
1742098670.376133,-51,-19,-63
1742098670.412133,-11,78,-3
1742098670.447133,14,-53,-117
1742098670.4821332,-21,52,-9
1742098670.517133,70,-45,-181
1742098670.553133,38,-49,-9
1742098670.589133,72,-13,22
1742098670.624133,-41,54,-55
1742098670.6601331,-47,68,-127
1742098670.695133,-49,12,-108
1742098670.730133,-25,42,-77
1742098670.7651331,4,-3,-18
1742098670.8011332,-7,-15,32
1742098670.8371332,-27,44,-65
1742098670.872133,-99,6,-7
1742098670.908133,-31,34,36
1742098670.943133,-73,2,10
1742098670.9781332,-49,14,28
1742098671.013133,34,14,16
1742098671.049133,-57,62,78
1742098671.085133,34,80,-87
1742098671.1201332,20,98,-141
1742098671.1561332,-53,38,-19
1742098671.191133,10,52,-61
1742098671.226133,28,0,-33
1742098671.2611332,-77,-25,-129
1742098671.297133,78,4,-11
1742098671.333133,-63,66,-11
1742098671.368133,78,-53,-121
1742098671.404133,-9,-11,30
1742098671.4391332,-7,26,-21
1742098671.474133,92,30,16
1742098671.509133,-53,-1,-7
1742098671.545133,70,-19,-149
1742098671.5811331,-5,20,-63
1742098671.616133,28,12,90
1742098671.652133,12,12,38
1742098671.687133,-1,-11,-85
1742098671.7221332,-23,12,-83
1742098671.757133,52,46,-81
1742098671.793133,22,-35,24
1742098671.829133,-9,-11,-23
1742098671.8641331,-5,4,-179
1742098671.9001331,12,-25,68
1742098671.935133,-63,22,-19
1742098671.970133,144,-17,42
1742098672.0051332,110,-35,38
1742098672.0411332,0,42,-73
1742098672.0771332,-41,24,-109
1742098672.112133,98,-29,-77
1742098672.148133,-25,-65,-31
1742098672.1831331,86,-15,-31
1742098672.218133,-25,6,38
1742098672.253133,4,8,62
1742098672.289133,50,-45,-119
1742098672.325133,-37,50,-11
1742098672.3601332,6,-31,-11
1742098672.3961332,4,12,-65
1742098672.431133,-31,-27,-83
1742098672.466133,30,10,-53
1742098672.5021331,30,54,-97
1742098672.537133,-39,22,-19
1742098672.573133,-63,-23,0
1742098672.608133,-37,-65,-13
1742098672.644133,-3,-3,16
1742098672.6791332,-5,-13,92
1742098672.714133,-13,-61,-91
1742098672.750133,14,0,-33
1742098672.7851331,-73,38,16
1742098672.8211331,-35,-37,-87
1742098672.856133,34,28,82
1742098672.892133,-39,-27,98
1742098672.927133,30,-31,-149
1742098672.9621332,48,18,78
1742098672.9981332,76,-41,-45
1742098673.033133,-61,-17,-97
1742098673.069133,28,-47,-47
1742098673.1041331,-65,-19,-15
1742098673.1401331,42,-27,66
1742098673.175133,-61,-37,-61
1742098673.210133,8,2,-87
1742098673.246133,-19,-3,-29
1742098673.2811332,-89,24,-65
1742098673.3171332,-29,-5,-37
1742098673.352133,10,62,42
1742098673.388133,-47,26,-57
1742098673.4231331,62,16,-147
1742098673.458133,38,2,42
1742098673.494133,32,58,14
1742098673.529133,-43,-69,-1
1742098673.565133,32,112,-165
1742098673.6001332,48,-11,-63
1742098673.6361332,76,14,-43
1742098673.671133,16,-7,28
1742098673.7061331,-21,16,14
1742098673.7421331,-33,14,50
1742098673.777133,38,18,-21
1742098673.813133,-51,-5,-91
1742098673.848133,8,-29,72
1742098673.884133,8,-29,-27
1742098673.9191332,16,60,68
1742098673.954133,92,22,58
1742098673.990133,-7,8,-63
1742098674.0251331,-15,-79,-15
1742098674.0611331,6,-9,-133
1742098674.096133,-27,14,-11
1742098674.132133,-39,24,-55
1742098674.167133,52,-35,-49
1742098674.2021332,32,56,-33
1742098674.2381332,-53,-47,-83
1742098674.273133,12,2,-45
1742098674.309133,-11,34,-23
1742098674.3441331,0,28,-53
1742098674.3801332,64,-1,-13
1742098674.415133,26,-27,-217
1742098674.450133,-27,8,-97
1742098674.486133,-11,-61,-167
1742098674.5211332,54,8,-55
1742098674.5571332,-27,34,-101
1742098674.592133,58,-25,4
1742098674.628133,-83,4,-81
1742098674.6631331,-19,-37,-9
1742098674.698133,-3,0,-61
1742098674.734133,4,-7,104
1742098674.769133,92,38,-63
1742098674.805133,116,52,-79
1742098674.8401332,42,58,-73
1742098674.876133,10,-11,142
1742098674.911133,88,8,-29
1742098674.9461331,6,-21,-43
1742098674.9821332,44,-33,-115
1742098675.017133,16,36,-75
1742098675.053133,-49,-41,-27
1742098675.095133,42,4,2
1742098675.131133,-55,18,-23
1742098675.1661332,28,44,-139
1742098675.2021332,-21,-31,-29
1742098675.2381332,-81,-5,34
1742098675.273133,90,42,-39
1742098675.309133,-53,48,-147
1742098675.3441331,56,46,48
1742098675.379133,36,-35,14
1742098675.414133,-5,40,52
1742098675.450133,-39,-35,-1
1742098675.486133,46,-35,-9
1742098675.5211332,-65,0,28
1742098675.5571332,20,30,-39
1742098675.592133,66,-39,-113
1742098675.6271331,54,50,-19
1742098675.662133,12,8,24
1742098675.698133,2,2,-107
1742098675.734133,-25,-11,-87
1742098675.769133,-75,0,-89
1742098675.805133,18,14,-1
1742098675.8401332,-39,-31,-75
1742098675.875133,-13,-9,-49
1742098675.9101331,-63,40,-81
1742098675.9461331,42,-3,4
1742098675.9821332,-17,48,72
1742098676.017133,30,40,-85
1742098676.053133,-43,-39,-27
1742098676.088133,-23,70,12
1742098676.1231332,42,36,-43
1742098676.158133,50,-1,-119
1742098676.194133,76,2,-53
1742098676.230133,64,-11,-25
1742098676.2651331,-25,34,-57
1742098676.3011332,-1,-21,-33
1742098676.336133,72,24,-27
1742098676.371133,22,-39,-73
1742098676.4061332,44,48,54
1742098676.4421332,-39,-53,4
1742098676.4781332,4,30,-99
1742098676.513133,42,34,-1
1742098676.549133,-3,52,24
1742098676.5841331,60,58,-33
1742098676.619133,-21,28,12
1742098676.654133,-23,-91,6
1742098676.690133,-55,-35,-49
1742098676.726133,-41,-27,-41
1742098676.7611332,92,-47,42
1742098676.797133,0,-43,-31
1742098676.832133,30,106,-43
1742098676.8671331,60,-85,14
1742098676.902133,-21,50,46
1742098676.938133,0,-13,-73
1742098676.974133,-13,-51,-5
1742098677.009133,48,88,-53
1742098677.045133,-9,58,-57
1742098677.0801332,12,30,32
1742098677.115133,-21,-25,-53
1742098677.1501331,-21,-45,-5
1742098677.1861331,-11,10,-21
1742098677.2221332,30,24,24
1742098677.257133,12,52,-93
1742098677.293133,-43,60,-83
1742098677.328133,10,38,-21
1742098677.3631332,-71,20,-83
1742098677.398133,54,-27,-45
1742098677.434133,62,-1,-33
1742098677.470133,20,-19,12
1742098677.5051332,-59,-29,-99
1742098677.5411332,22,-53,-41
1742098677.576133,46,32,86
1742098677.611133,-73,-17,-41
1742098677.6461332,6,46,76
1742098677.6821332,-55,-53,20
1742098677.718133,-49,-29,-1
1742098677.753133,24,26,-7
1742098677.789133,26,-63,22
1742098677.8241332,20,12,56
1742098677.859133,-19,-29,-73
1742098677.894133,-13,-5,-53
1742098677.930133,6,2,-81
1742098677.966133,-13,20,42
1742098678.001133,64,-1,-5
1742098678.037133,8,-13,-117
1742098678.072133,8,47,-73
1742098678.1071332,0,37,-99
1742098678.1431332,50,28,86
1742098678.178133,16,1,-59
1742098678.214133,8,-15,-25
1742098678.249133,-3,-36,-7
1742098678.2851331,-27,-27,-1
1742098678.320133,-11,-16,-27
1742098678.355133,12,-22,-47
1742098678.3901331,28,-2,-7
1742098678.4261332,40,-3,-15
1742098678.4621332,56,-35,-111
1742098678.497133,-33,46,-73
1742098678.533133,-89,78,-69
1742098678.568133,-21,-75,-17
1742098678.6031332,70,24,-61
1742098678.638133,18,-63,-131
1742098678.674133,-41,-37,-23
1742098678.710133,-15,56,-29
1742098678.7451332,-25,-23,-49
1742098678.7811332,2,44,-63
1742098678.816133,-49,50,-49
1742098678.851133,78,12,56
1742098678.8861332,-67,16,-10
1742098678.922133,0,-5,-32
1742098678.958133,4,-9,-2
1742098678.993133,6,-19,-36
1742098679.029133,-27,6,-109
1742098679.0641332,8,-39,-68
1742098679.099133,2,-31,-17
1742098679.134133,76,76,-115
1742098679.170133,8,-39,88
1742098679.2061331,48,30,-195
1742098679.241133,12,2,-47
1742098679.277133,32,20,-111
1742098679.312133,-29,2,-57
1742098679.3471332,-49,-85,-5
1742098679.3831332,-35,-11,-75
1742098679.418133,-77,18,-113
1742098679.454133,-29,-25,-57
1742098679.4891331,24,44,8
1742098679.5251331,-33,-27,58
1742098679.560133,16,-27,78
1742098679.595133,-33,52,12
1742098679.631133,18,8,60
1742098679.6661332,-47,-63,22
1742098679.7021332,50,22,-9
1742098679.737133,38,60,2
1742098679.773133,-42,2,-19
1742098679.8081331,28,16,30
1742098679.843133,8,46,-91
1742098679.879133,72,-15,-48
1742098679.914133,44,24,-138
1742098679.950133,-1,10,-54
1742098679.9851332,-51,46,-52
1742098680.0211332,8,-7,-66
1742098680.056133,26,-95,5
1742098680.091133,20,18,17
1742098680.1271331,0,44,-154
1742098680.162133,-59,-29,-54
1742098680.198133,-55,-45,-72
1742098680.233133,-29,-21,-16
1742098680.269133,-55,4,-24
1742098680.3041332,-21,-11,-98
1742098680.339133,48,4,-52
1742098680.375133,-84,34,37
1742098680.4101331,31,-39,-104
1742098680.4461331,69,34,-148
1742098680.481133,43,-23,-148
1742098680.517133,18,-39,-4
1742098680.552133,-2,0,-174
1742098680.5871332,36,-11,19
1742098680.6231332,-26,-34,-26
1742098680.658133,36,-28,-26
1742098680.694133,-26,68,-166
1742098680.7291331,-50,-34,-46
1742098680.7651331,32,50,-96
1742098680.800133,6,63,49
1742098680.835133,-29,67,-108
1742098680.871133,58,33,-52
1742098680.9061332,-79,24,-92
1742098680.9421332,68,100,35
1742098680.977133,-127,116,45
1742098681.013133,-83,12,-92
1742098681.0481331,-15,48,-142
1742098681.083133,34,-55,-88
1742098681.119133,-7,-49,7
1742098681.154133,2,2,-76
1742098681.190133,-20,-16,-94
1742098681.2251332,-68,2,13
1742098681.2611332,-23,-54,49
1742098681.296133,2,29,5
1742098681.3311331,-11,-4,43
1742098681.3671331,-5,59,-16
1742098681.402133,110,15,-8
1742098681.438133,52,-20,-40
1742098681.473133,-77,41,-178
1742098681.509133,0,-35,-86
1742098681.5441332,70,-71,1
1742098681.579133,32,8,-134
1742098681.615133,-15,0,51
1742098681.6501331,-11,32,27
1742098681.6861331,58,42,33
1742098681.721133,-53,8,-82
1742098681.757133,-1,50,-124
1742098681.793133,-81,-9,137
1742098681.828133,-19,8,65
1742098681.8631332,16,0,-134
1742098681.899133,-55,-19,5
1742098681.935133,72,-13,-4
1742098681.970133,102,32,79
1742098682.006133,-25,-33,-38
1742098682.0411332,56,4,-42
1742098682.076133,10,4,-72
1742098682.111133,6,18,-40
1742098682.147133,-19,-11,-128
1742098682.1831331,36,-5,3
1742098682.218133,-117,18,107
1742098682.2551332,-19,-31,75
1742098682.290133,62,24,-98
1742098682.326133,2,-99,93
1742098682.361133,-19,-6,45
1742098682.3961332,0,-14,29
1742098682.431133,70,-38,-58
1742098682.467133,-29,77,-106
1742098682.503133,-55,23,13
1742098682.5381331,-107,-34,-36
1742098682.5741332,-33,-18,-52
1742098682.609133,-67,45,23
1742098682.644133,-3,59,3
1742098682.6791332,-127,22,-36
1742098682.7151332,-45,38,-32
1742098682.751133,48,-52,15
1742098682.786133,106,-18,87
1742098682.822133,-8,44,-8
1742098682.8571332,76,-14,-86
1742098682.892133,-26,4,3
1742098682.927133,-12,54,3
1742098682.963133,-40,-38,-150
1742098682.999133,-47,-75,-120
1742098683.0341332,76,-15,9
1742098683.070133,-9,-1,101
1742098683.105133,1,12,51
1742098683.1401331,-42,-29,0
1742098683.175133,11,-59,5
1742098683.211133,-36,-43,-22
1742098683.247133,-1,-47,-196
1742098683.282133,59,-63,-88
1742098683.318133,-6,-29,-102
1742098683.3531332,3,-41,-48
1742098683.388133,45,84,0
1742098683.4231331,9,-25,-114
1742098683.4591331,7,-37,-122
1742098683.4951332,43,62,-4
1742098683.530133,-38,66,-66
1742098683.566133,25,22,-92
1742098683.601133,-26,20,45
1742098683.6361332,15,76,-108
1742098683.671133,-20,-23,-90
1742098683.707133,39,-11,-30
1742098683.743133,103,-19,-120
1742098683.7781332,-6,4,-72
1742098683.8141332,-32,-7,135
1742098683.849133,-2,26,-72
1742098683.884133,-16,-5,-48
1742098683.9191332,-40,32,11
1742098683.9551332,21,28,-112
1742098683.991133,0,-51,83
1742098684.026133,23,42,-24
1742098684.062133,13,-43,-4
1742098684.0971332,39,32,-30
1742098684.132133,9,52,0
1742098684.167133,40,-57,13
1742098684.203133,3,18,-100
1742098684.2391331,-54,20,67
1742098684.274133,-6,4,3
1742098684.310133,30,40,39
1742098684.345133,52,10,3
1742098684.3801332,-26,14,-12
1742098684.415133,17,26,111
1742098684.451133,-56,12,-46
1742098684.487133,50,10,-12
1742098684.522133,54,10,-68
1742098684.5581331,92,30,-20
1742098684.593133,0,-11,-62
1742098684.628133,4,22,-78
1742098684.6631331,-25,-29,-8
1742098684.6991332,70,36,-16
1742098684.7351332,76,28,73
1742098684.770133,62,38,-146
1742098684.806133,0,38,-74
1742098684.841133,-27,0,5
1742098684.876133,-9,10,-76
1742098684.911133,106,-77,-52
1742098684.947133,-13,-37,-38
1742098684.983133,-15,6,15
1742098685.0181332,-3,-19,-56
1742098685.0541332,52,8,-94
1742098685.096133,-27,16,33
1742098685.132133,-57,4,-44
1742098685.167133,-63,-15,-12
1742098685.203133,20,16,-14
1742098685.2391331,-49,-51,-68
1742098685.274133,82,32,33
1742098685.310133,-13,34,27
1742098685.345133,-55,-13,-102
1742098685.3801332,-11,50,-120
1742098685.415133,-13,38,51
1742098685.451133,38,46,5
1742098685.487133,-103,18,-2
1742098685.522133,14,-27,-220
1742098685.5581331,-59,4,1
1742098685.593133,20,38,81
1742098685.628133,2,38,-68
1742098685.6631331,10,-1,61
1742098685.6991332,-13,-35,53
1742098685.7351332,-21,-9,-164
1742098685.770133,-11,16,-10
1742098685.806133,-35,-29,31
1742098685.841133,52,-13,-86
1742098685.876133,-31,-49,-52
1742098685.912133,-51,6,0
1742098685.947133,0,-21,105
1742098685.983133,-37,-33,-200
1742098686.0181332,46,-7,-116
1742098686.0541332,78,22,-16
1742098686.089133,12,42,-60
1742098686.124133,41,46,63
1742098686.1601331,21,-61,3
1742098686.195133,-42,-45,39
1742098686.231133,-12,34,19
1742098686.266133,1,50,-16
1742098686.302133,-38,-11,-42
1742098686.3371332,-6,10,-6
1742098686.372133,71,-3,-64
1742098686.408133,-44,-33,65
1742098686.443133,29,-51,-2
1742098686.4791331,-8,50,-4
1742098686.514133,-30,-5,-38
1742098686.550133,67,14,11
1742098686.585133,-28,-119,-70
1742098686.6201332,-74,18,-38
1742098686.6561332,-52,16,-78
1742098686.691133,31,66,-16
1742098686.727133,-72,64,-106
1742098686.7621331,47,6,7
1742098686.7981331,21,14,41
1742098686.833133,13,-9,-112
1742098686.868133,71,6,-30
1742098686.904133,41,54,-2
1742098686.9391332,149,-11,-12
1742098686.9751332,129,28,-2
1742098687.010133,3,52,35
1742098687.046133,31,-45,-58
1742098687.0811331,15,36,-56
1742098687.116133,39,-37,-82
1742098687.152133,-44,-19,-38
1742098687.187133,-34,-41,-106
1742098687.223133,19,-71,139
1742098687.2581332,3,0,-170
1742098687.2941332,-10,-21,-74
1742098687.329133,-14,2,33
1742098687.3641331,29,-11,-44
1742098687.4001331,67,-25,5
1742098687.435133,-60,-25,-140
1742098687.471133,21,2,-42
1742098687.506133,-8,10,-70
1742098687.542133,75,-19,-80
1742098687.5771332,-26,0,-44
1742098687.612133,-20,-57,31
1742098687.648133,55,-49,33
1742098687.6831331,21,-27,23
1742098687.7191331,-44,70,3
1742098687.754133,3,-27,-8
1742098687.790133,-60,24,-12
1742098687.825133,-18,76,-46
1742098687.8601332,-32,-87,91
1742098687.8961332,13,-13,-114
1742098687.931133,57,10,-66
1742098687.967133,23,-37,19
1742098688.0021331,-10,0,-106
1742098688.0381331,-32,72,-74
1742098688.073133,-80,16,33
1742098688.108133,45,-11,-20
1742098688.144133,-22,14,-16
1742098688.1791332,55,31,-6
1742098688.2151332,49,-33,-28
1742098688.250133,15,-51,5
1742098688.286133,-41,59,7
1742098688.3211331,10,24,43
1742098688.356133,-59,-63,-16
1742098688.392133,18,-37,-16
1742098688.427133,-31,-17,9
1742098688.463133,104,102,-198
1742098688.4981332,-61,54,47
1742098688.533133,12,-81,1
1742098688.568133,58,-23,-4
1742098688.6041331,-5,-1,-44
1742098688.6401331,46,-83,-220
1742098688.675133,38,20,-16
1742098688.711133,-39,2,49
1742098688.746133,-23,-63,-58
1742098688.7811332,-83,80,-26
1742098688.816133,-1,-31,-32
1742098688.852133,34,-57,-114
1742098688.888133,16,-57,15
1742098688.9231331,-57,-55,-146
1742098688.9591331,52,0,-66
1742098688.994133,4,-9,-82
1742098689.029133,64,30,-50
1742098689.0641332,30,2,-18
1742098689.1001332,82,0,-140
1742098689.1361332,-29,-29,-44
1742098689.171133,-7,-43,-98
1742098689.207133,-43,-41,3
1742098689.2421331,-35,0,-18
1742098689.277133,24,-65,45
1742098689.312133,-1,24,-94
1742098689.348133,72,134,-46
1742098689.384133,-67,-85,13
1742098689.4191332,-23,-19,-22
1742098689.4551332,-35,36,-20
1742098689.490133,62,-65,-42
1742098689.5251331,-19,-37,-36
1742098689.560133,2,-7,-56
1742098689.596133,28,24,-46
1742098689.632133,26,-57,-32
1742098689.667133,-49,-19,15
1742098689.703133,42,-11,-52
1742098689.7381332,-5,-37,-160
1742098689.773133,-37,-7,-38
1742098689.8081331,52,-1,-36
1742098689.8441331,-7,22,-90
1742098689.8801332,36,-15,-4
1742098689.915133,34,-57,-82
1742098689.951133,12,-39,39
1742098689.986133,-99,70,47
1742098690.0211332,10,8,-154
1742098690.056133,-9,56,-56
1742098690.092133,-7,70,121
1742098690.128133,-7,24,81
1742098690.1631331,-25,52,-68
1742098690.1991332,-59,4,-106
1742098690.234133,-55,-15,-130
1742098690.269133,-81,-15,-116
1742098690.3041332,-11,34,-22
1742098690.3401332,42,-35,19
1742098690.376133,-73,28,-88
1742098690.411133,8,-3,65
1742098690.447133,28,-21,11
1742098690.4821332,50,-67,-66
1742098690.517133,32,16,-20
1742098690.552133,8,14,33
1742098690.588133,20,36,7
1742098690.624133,32,-23,-10
1742098690.6591332,-45,-5,-52
1742098690.695133,6,54,-24
1742098690.730133,-41,-27,61
1742098690.7651331,-53,-5,-70
1742098690.800133,-43,10,59
1742098690.836133,0,2,-14
1742098690.872133,-11,-33,-40
1742098690.907133,-55,58,-58
1742098690.943133,4,22,25
1742098690.9781332,30,102,-50
1742098691.013133,46,56,-142
1742098691.0481331,-11,-9,-116
1742098691.0841331,24,12,-90
1742098691.1201332,32,48,73
1742098691.155133,30,-49,11
1742098691.191133,-45,-5,-46
1742098691.226133,-53,42,-110
1742098691.2611332,6,32,-26
1742098691.296133,32,8,-68
1742098691.332133,-7,-17,-46
1742098691.368133,-27,-23,-38
1742098691.404133,30,10,-108
1742098691.440133,-3,60,-64
1742098691.4751332,-17,-9,29
1742098691.5111332,6,-29,25
1742098691.546133,-7,62,-30
1742098691.5811331,20,8,-118
1742098691.616133,-19,12,41
1742098691.652133,28,-57,19
1742098691.688133,96,44,45
1742098691.723133,52,56,-210
1742098691.759133,12,38,-40
1742098691.7941332,-59,12,-124
1742098691.829133,22,42,-42
1742098691.8641331,-3,-59,-24
1742098691.9001331,30,-11,-64
1742098691.9361331,26,8,-56
1742098691.971133,56,-5,-2
1742098692.007133,-77,-17,43
1742098692.042133,84,-9,-18
1742098692.0771332,-47,-9,-22
1742098692.112133,-27,-19,31
1742098692.148133,0,54,19
1742098692.184133,62,40,-126
1742098692.2191331,-29,16,-36
1742098692.2551332,-9,-67,-42
1742098692.290133,-11,80,-36
1742098692.325133,36,14,67
1742098692.3601332,-47,26,-14
1742098692.3961332,-29,6,-88
1742098692.4321332,36,-9,-60
1742098692.467133,26,-59,39
1742098692.503133,-15,-9,-10
1742098692.5381331,-1,-23,61
1742098692.573133,-35,-35,-150
1742098692.608133,10,-57,-22
1742098692.644133,-3,-69,-136
1742098692.680133,-27,-39,-30
1742098692.7151332,40,-45,9
1742098692.751133,58,-37,-10
1742098692.786133,62,-19,77
1742098692.8211331,26,-3,-42
1742098692.8571332,50,-21,63
1742098692.892133,-1,-51,-38
1742098692.928133,-27,40,-16
1742098692.963133,28,-9,69
1742098692.999133,-21,68,-112
1742098693.0341332,10,58,-44
1742098693.069133,94,-7,33
1742098693.105133,46,-63,-46
1742098693.1401331,-15,68,-56
1742098693.1761332,-47,-23,-34
1742098693.211133,-21,-25,-28
1742098693.247133,-21,-59,-108
1742098693.282133,-91,-11,-122
1742098693.3171332,-21,-13,-50
1742098693.3531332,28,26,-116
1742098693.388133,-1,-13,-80
1742098693.424133,-17,32,-92
1742098693.4591331,74,20,-110
1742098693.4951332,22,30,-12
1742098693.530133,26,78,-24
1742098693.565133,-29,50,-40
1742098693.601133,60,12,-96
1742098693.6361332,50,-11,-56
1742098693.672133,30,-31,47
1742098693.707133,-53,-31,-64
1742098693.743133,-29,52,9
1742098693.7781332,20,-29,-44
1742098693.813133,-9,-9,-18
1742098693.849133,-53,20,-2
1742098693.884133,-41,16,-118
1742098693.920133,52,-15,-6
1742098693.9551332,56,2,93
1742098693.991133,24,-23,5
1742098694.026133,8,12,1
1742098694.0611331,-49,-43,-12
1742098694.0971332,58,-35,-4
1742098694.132133,-9,4,1
1742098694.168133,34,24,-72
1742098694.203133,12,0,-66
1742098694.2391331,58,-65,-114
1742098694.274133,24,28,-84
1742098694.309133,136,-27,-152
1742098694.345133,-19,-27,-60
1742098694.3801332,-37,10,-38
1742098694.4161332,0,56,-28
1742098694.451133,-79,24,31
1742098694.487133,-1,-37,-52
1742098694.522133,46,42,-6
1742098694.5571332,38,68,-134
1742098694.593133,58,-13,-36
1742098694.628133,-3,-55,-34
1742098694.664133,-35,60,-156
1742098694.6991332,4,-33,-18
1742098694.734133,38,-11,5
1742098694.769133,14,8,-34
1742098694.805133,-9,-91,-30
1742098694.841133,-33,30,-8
1742098694.876133,-3,10,63
1742098694.912133,38,-5,3
1742098694.947133,8,12,-70
1742098694.983133,12,-3,-48
1742098695.0181332,-33,6,-120
1742098695.053133,-19,-7,-12
1742098695.089133,-1,-89,-40
1742098695.131133,92,-21,39
1742098695.168133,-51,34,39
1742098695.203133,26,46,-60
1742098695.2391331,28,-39,-44
1742098695.2751331,26,-23,31
1742098695.310133,-7,56,37
1742098695.345133,-21,-81,31
1742098695.381133,54,-41,-150
1742098695.417133,68,8,-140
1742098695.4521332,28,40,-4
1742098695.4881332,2,-31,-32
1742098695.523133,56,18,-118
1742098695.5581331,-99,6,-38
1742098695.593133,32,18,-42
1742098695.629133,36,20,-56
1742098695.665133,34,26,-70
1742098695.700133,-19,-77,-44
1742098695.736133,-15,-73,45
1742098695.7711332,-37,18,47
1742098695.806133,0,34,-68
1742098695.841133,-1,14,-124
1742098695.8771331,2,-15,-142
1742098695.9131331,6,-7,39
1742098695.948133,40,18,-132
1742098695.984133,-11,28,-70
1742098696.019133,22,62,3
1742098696.0541332,-23,6,67
1742098696.089133,2,-73,-128
1742098696.125133,-5,-23,-30
1742098696.161133,24,34,-4
1742098696.1961331,-5,-27,-118
1742098696.2321332,-27,-13,-88
1742098696.267133,-1,12,9
1742098696.302133,90,-61,-154
1742098696.3371332,4,14,-44
1742098696.3731332,-23,-59,29
1742098696.4091332,48,-9,-118
1742098696.444133,-17,-25,-92
1742098696.480133,-53,52,27
1742098696.5151331,-25,-25,-62
1742098696.550133,26,-91,-156
1742098696.585133,24,52,-44
1742098696.621133,24,-19,-36
1742098696.657133,-75,2,-86
1742098696.693133,36,-25,67
1742098696.7291331,-29,-19,19
1742098696.764133,18,46,19
1742098696.800133,8,8,-66
1742098696.835133,22,-75,1
1742098696.8701332,34,-55,-24
1742098696.905133,24,30,7
1742098696.941133,48,-53,-92
1742098696.977133,-47,28,-92
1742098697.0121331,-17,-17,29
1742098697.0481331,-47,98,-90
1742098697.083133,90,-1,-62
1742098697.118133,0,22,-2
1742098697.1531332,18,-1,-124
1742098697.1891332,18,26,39
1742098697.2251332,20,-3,-144
1742098697.260133,52,-101,-18
1742098697.296133,-25,98,-132
1742098697.3311331,-3,80,153
1742098697.366133,30,46,-16
1742098697.401133,-25,10,-30
1742098697.437133,4,-31,-104
1742098697.473133,84,-27,55
1742098697.5081332,-39,-47,53
1742098697.5441332,76,6,-88
1742098697.579133,4,-19,-88
1742098697.6141331,-73,-81,35
1742098697.649133,-3,-65,23
1742098697.685133,4,-79,17
1742098697.721133,-15,54,-128
1742098697.756133,34,4,-124
1742098697.792133,-27,54,-66
1742098697.8271332,10,-103,-10
1742098697.862133,-71,-43,-46
1742098697.897133,40,-1,-48
1742098697.9331331,12,-37,-132
1742098697.9691331,36,68,-46
1742098698.004133,-9,-3,-10
1742098698.040133,38,38,-76
1742098698.075133,98,50,-94
1742098698.1101332,-9,-59,-52
1742098698.145133,48,14,-50
1742098698.181133,40,12,-98
1742098698.217133,-35,22,-34
1742098698.2521331,-17,20,9
1742098698.2881331,58,48,-30
1742098698.323133,2,-31,-84
1742098698.358133,52,26,-68
1742098698.3931332,-23,-69,-118
1742098698.4291332,2,102,127
1742098698.4651332,38,-3,-98
1742098698.500133,64,22,9
1742098698.536133,16,4,-148
1742098698.5711331,-21,-61,-28
1742098698.606133,14,20,-140
1742098698.642133,-7,-57,-8
1742098698.677133,-123,18,-116
1742098698.713133,22,4,-164
1742098698.7481332,36,-31,27
1742098698.7841332,6,-1,-50
1742098698.819133,-15,24,7
1742098698.8541331,32,-73,7
1742098698.889133,-73,46,29
1742098698.925133,8,30,-80
1742098698.961133,-15,52,-50
1742098698.996133,-37,2,-36
1742098699.032133,-53,38,-126
1742098699.0671332,-63,-25,-162
1742098699.102133,-47,8,-64
1742098699.1371331,-39,4,-34
1742098699.1731331,-23,38,-86
1742098699.2091331,-35,-99,-102
1742098699.244133,-91,0,31
1742098699.280133,54,2,131
1742098699.315133,-39,4,-28
1742098699.3501332,-11,-55,-100
1742098699.3861332,52,10,-32
1742098699.421133,18,16,61
1742098699.457133,-15,-81,-144
1742098699.4921331,-43,38,-68
1742098699.5281332,-77,2,-10
1742098699.563133,22,18,-108
1742098699.598133,-71,-9,-114
1742098699.634133,26,82,-82
1742098699.6691332,16,-35,-180
1742098699.7051332,32,46,-120
1742098699.740133,82,-41,-139
1742098699.776133,-75,24,-74
1742098699.8111331,-49,42,-67
1742098699.846133,-11,8,45
1742098699.882133,98,48,-126
1742098699.917133,30,4,29
1742098699.953133,-51,-9,-66
1742098699.9881332,-27,-29,-8
1742098700.024133,22,42,21
1742098700.059133,20,52,-10
1742098700.0941331,-39,-5,35
1742098700.1301332,-59,-43,-120
1742098700.165133,-31,74,-16
1742098700.201133,20,38,-146
1742098700.236133,8,-37,-62
1742098700.272133,84,90,-56
1742098700.3071332,-41,-1,-6
1742098700.342133,-29,58,-160
1742098700.378133,4,90,-64
1742098700.4131331,20,52,49
1742098700.4491332,80,-13,25
1742098700.484133,44,-83,-44
1742098700.520133,82,28,97
1742098700.555133,-3,100,-130
1742098700.5901332,12,10,-106
1742098700.626133,-57,-9,75
1742098700.661133,-41,-23,-146
1742098700.697133,0,-57,-85
1742098700.7321332,18,36,42
1742098700.7681332,-9,2,-23
1742098700.803133,-77,42,0
1742098700.838133,12,56,-91
1742098700.874133,42,-29,120
1742098700.9091332,-35,-29,117
1742098700.945133,34,48,-30
1742098700.980133,8,-35,-185
1742098701.016133,50,-7,-113
1742098701.0511332,-49,-9,-23
1742098701.086133,0,-43,-49
1742098701.122133,-45,-51,-105
1742098701.157133,-101,-45,-29
1742098701.193133,114,-35,-83
1742098701.2281332,-37,-11,-59
1742098701.264133,-23,-15,-19
1742098701.299133,-15,-7,58
1742098701.3341331,36,-37,-163
1742098701.3701332,38,-3,-67
1742098701.405133,-47,14,-49
1742098701.441133,64,-11,-5
1742098701.476133,-47,-41,-101
1742098701.5121331,30,-7,-3
1742098701.547133,4,42,-23
1742098701.582133,48,34,70
1742098701.618133,-9,2,-25
1742098701.6531332,-25,-41,-103
1742098701.6891332,16,-45,38
1742098701.724133,-91,2,-95
1742098701.760133,-9,22,-109
1742098701.795133,22,-83,-51
1742098701.8301332,96,-45,-123
1742098701.866133,-25,-65,-45
1742098701.901133,4,-11,-189
1742098701.937133,60,-27,4
1742098701.9721332,12,-97,-39
1742098702.007133,-21,-51,-121
1742098702.042133,-35,6,-143
1742098702.078133,22,16,60
1742098702.1141331,-25,-31,-11
1742098702.149133,-21,-5,-151
1742098702.185133,86,-27,26
1742098702.220133,64,10,-127
1742098702.2551332,-21,0,-11
1742098702.290133,28,-17,-21
1742098702.326133,-17,4,26
1742098702.362133,46,-15,-11
1742098702.397133,-41,-57,142
1742098702.4331331,58,74,-85
1742098702.468133,12,16,-1
1742098702.503133,-35,-73,-31
1742098702.5381331,-61,-77,-31
1742098702.5741332,-47,-99,-97
1742098702.6101332,-17,-5,102
1742098702.645133,34,-35,-185
1742098702.681133,78,28,-39
1742098702.716133,-39,-15,-3
1742098702.751133,-23,-41,-85
1742098702.786133,-47,-27,-83
1742098702.822133,-23,22,-15
1742098702.858133,68,40,-35
1742098702.8931332,42,46,-101
1742098702.9291332,-73,4,20
1742098702.964133,-11,-67,26
1742098702.999133,-1,-37,-31
1742098703.0341332,-1,18,-87
1742098703.070133,51,4,-27
1742098703.106133,-8,-23,-81
1742098703.141133,35,-41,-13
1742098703.177133,-26,8,-7
1742098703.2121332,2,28,52
1742098703.247133,20,42,-69
1742098703.282133,64,-23,-57
1742098703.318133,44,-9,-83
1742098703.3541331,-13,4,-35
1742098703.389133,-63,16,-21
1742098703.425133,-77,32,-13
1742098703.460133,54,-17,74
1742098703.4951332,-5,26,-73
1742098703.530133,-115,-67,-43
1742098703.566133,-5,-39,-73
1742098703.602133,-59,-73,-53
1742098703.6371331,-13,12,-69
1742098703.6731331,56,6,2
1742098703.708133,12,-59,-91
1742098703.743133,-85,16,-49
1742098703.7781332,-35,64,-71
1742098703.8141332,26,44,-3
1742098703.8501332,54,48,-1
1742098703.885133,-65,-37,22
1742098703.921133,0,-77,-95
1742098703.9561331,22,-31,-83
1742098703.991133,-11,-3,-39
1742098704.026133,-11,-37,-25
1742098704.062133,36,20,0
1742098704.098133,50,68,-55
1742098704.1331332,24,-55,-37
1742098704.1691332,-71,6,-81
1742098704.204133,-65,-101,-49
1742098704.2391331,-29,-53,112
1742098704.274133,18,40,14
1742098704.310133,-11,-1,-127
1742098704.346133,-25,30,0
1742098704.381133,14,-59,-101
1742098704.417133,14,-39,-107
1742098704.4521332,-49,0,-97
1742098704.487133,-61,-31,-199
1742098704.522133,24,-1,-117
1742098704.5581331,-31,-33,-5
1742098704.5941331,54,-5,-15
1742098704.629133,92,-29,-47
1742098704.665133,52,72,-77
1742098704.700133,62,-3,48
1742098704.7351332,84,-37,-9
1742098704.770133,8,-45,20
1742098704.806133,-19,-19,-185
1742098704.842133,16,42,-45
1742098704.8771331,32,36,10
1742098704.9131331,-85,-7,-39
1742098704.948133,38,18,-111
1742098704.983133,2,-79,24
1742098705.0181332,-71,20,80
1742098705.0541332,-9,10,6
1742098705.0901332,0,10,78
1742098705.132133,-61,34,40
1742098705.1691332,-41,-13,-9
1742098705.204133,-87,-53,-53
1742098705.2391331,116,-23,-3
1742098705.274133,6,-71,22
1742098705.310133,-5,-21,-51
1742098705.346133,-41,10,-110
1742098705.381133,-11,-45,-31
1742098705.417133,46,-17,-56
1742098705.4521332,46,34,-54
1742098705.487133,-25,-19,51
1742098705.522133,-63,14,-54
1742098705.5581331,-61,50,-110
1742098705.5941331,20,4,-26
1742098705.629133,54,-19,-46
1742098705.665133,98,-41,-102
1742098705.700133,-11,56,-40
1742098705.7351332,6,-51,5
1742098705.770133,-19,-13,-136
1742098705.8071332,56,-5,29
1742098705.842133,-13,2,37
1742098705.878133,-9,-51,-130
1742098705.914133,-65,28,-2
1742098705.9491332,-5,-5,17
1742098705.9851332,-79,20,-156
1742098706.020133,-7,-7,55
1742098706.055133,28,-47,-32
1742098706.091133,38,-33,-132
1742098706.126133,-41,-37,-48
1742098706.162133,-67,74,-94
1742098706.197133,-41,18,-164
1742098706.233133,22,-39,-4
1742098706.2681332,-45,-33,-160
1742098706.303133,54,-91,-60
1742098706.339133,-63,14,67
1742098706.374133,-55,-9,-34
1742098706.4101331,-17,-83,7
1742098706.445133,-25,-35,79
1742098706.481133,12,-113,-150
1742098706.516133,-120,46,-148
1742098706.5511332,-52,-31,83
1742098706.5871332,5,-21,-58
1742098706.622133,39,54,-122
1742098706.658133,-24,-53,-122
1742098706.693133,33,-21,-8
1742098706.7291331,-47,-27,49
1742098706.764133,18,8,-166
1742098706.799133,-39,38,-74
1742098706.835133,-11,-11,-50
1742098706.8701332,68,42,-116
1742098706.9061332,8,72,-74
1742098706.941133,40,-3,-12
1742098706.977133,22,-37,-60
1742098707.0121331,16,0,-24
1742098707.047133,14,-13,-52
1742098707.083133,-1,30,41
1742098707.118133,-41,16,5
1742098707.154133,6,16,-136
1742098707.1891332,-5,-9,-80
1742098707.2251332,-75,46,37
1742098707.260133,112,40,13
1742098707.295133,4,-1,-62
1742098707.3311331,-57,-19,37
1742098707.366133,-3,48,-48
1742098707.402133,-53,-131,49
1742098707.437133,-19,-21,-30
1742098707.473133,42,-17,-88
1742098707.5081332,-11,-31,-48
1742098707.543133,52,-39,97
1742098707.579133,20,-21,23
1742098707.6141331,-37,18,-100
1742098707.6501331,48,48,-36
1742098707.685133,-57,18,-70
1742098707.721133,32,12,-100
1742098707.756133,92,-53,-60
1742098707.7911332,-1,-85,121
1742098707.8271332,-43,-37,-54
1742098707.862133,-27,-17,115
1742098707.898133,46,8,-40
1742098707.9331331,-21,-81,-96
1742098707.9691331,-69,-27,-142
1742098708.004133,50,11,19
1742098708.039133,56,15,-134
1742098708.075133,-53,9,-78
1742098708.1101332,64,17,-16
1742098708.1461332,26,25,-92
1742098708.181133,6,-12,-10
1742098708.217133,-9,31,35
1742098708.2521331,72,4,-242
1742098708.287133,-37,-37,-86
1742098708.323133,-11,-1,-30
1742098708.358133,28,16,31
1742098708.394133,4,14,59
1742098708.4291332,-49,54,23
1742098708.4651332,-61,112,-44
1742098708.501133,18,22,-120
1742098708.537133,-11,68,-16
1742098708.573133,-19,-79,19
1742098708.608133,-25,57,-82
1742098708.6431332,-1,-12,35
1742098708.6791332,-15,5,-52
1742098708.7151332,-47,-52,9
1742098708.750133,-21,19,87
1742098708.786133,-33,-22,-62
1742098708.8211331,-31,15,-20
1742098708.856133,-47,-14,-104
1742098708.891133,-13,0,7
1742098708.927133,-9,-16,-88
1742098708.963133,-3,-38,-8
1742098708.9981332,10,43,-92
1742098709.0341332,-39,-4,-176
1742098709.069133,-17,-8,55
1742098709.1041331,8,-6,-162
1742098709.139133,-5,-70,43
1742098709.175133,0,-12,-76
1742098709.211133,-19,4,-24
1742098709.246133,106,13,27
1742098709.282133,14,-18,-52
1742098709.3171332,14,-32,-100
1742098709.352133,26,43,-34
1742098709.3871331,44,-34,-102
1742098709.4231331,48,41,39
1742098709.4591331,-47,29,-122
1742098709.494133,-49,-94,-26
1742098709.530133,48,-2,37
1742098709.565133,74,-14,-42
1742098709.6001332,-43,-15,-80
1742098709.635133,50,28,35
1742098709.671133,34,44,69
1742098709.707133,36,-24,-138
1742098709.7421331,52,2,-72
1742098709.7781332,4,-1,63
1742098709.813133,44,-43,-106
1742098709.848133,50,-1,-40
1742098709.8831332,-11,-5,-18
1742098709.9191332,0,26,-64
1742098709.9551332,34,-13,57
1742098709.990133,4,30,-106
1742098710.026133,-37,-3,-116
1742098710.0611331,74,-21,27
1742098710.096133,-67,-37,-76
1742098710.131133,-77,60,-192
1742098710.167133,52,86,21
1742098710.203133,-65,24,-88
1742098710.2381332,0,14,-26
1742098710.274133,-33,24,-124
1742098710.309133,32,-21,-16
1742098710.3441331,-35,-11,51
1742098710.379133,6,52,-60
1742098710.415133,6,-43,43
1742098710.451133,-29,0,-106
1742098710.486133,30,-47,15
1742098710.522133,16,80,43
1742098710.5571332,-9,-41,-100
1742098710.592133,-57,-1,-62
1742098710.6271331,-43,-31,85
1742098710.6631331,-79,38,-62
1742098710.6991332,22,-3,1
1742098710.734133,-41,-1,-56
1742098710.770133,72,-7,83
1742098710.805133,38,-55,59
1742098710.8401332,12,12,-50
1742098710.875133,4,42,-164
1742098710.911133,36,-17,105
1742098710.947133,-33,40,11
1742098710.9821332,68,-51,-146
1742098711.0181332,-75,-9,-32
1742098711.053133,-17,-51,-34
1742098711.088133,62,2,-22
1742098711.1231332,36,44,-102
1742098711.1591332,-41,2,-74
1742098711.195133,4,30,3
1742098711.230133,-15,48,-32
1742098711.266133,-49,18,69
1742098711.3011332,-25,-51,-154
1742098711.336133,70,-41,-60
1742098711.371133,-83,10,-10
1742098711.407133,24,76,-132
1742098711.443133,86,10,33
1742098711.4781332,-59,28,-56
1742098711.514133,72,30,-6
1742098711.549133,-13,8,-52
1742098711.5841331,50,10,31
1742098711.619133,-95,70,71
1742098711.655133,-61,-59,-20
1742098711.691133,84,-75,-78
1742098711.726133,16,4,-20
1742098711.7621331,28,18,-24
1742098711.797133,-51,22,-188
1742098711.832133,-30,-20,-28
1742098711.8671331,48,29,-46
1742098711.9031332,30,26,11
1742098711.9391332,6,-71,-32
1742098711.974133,2,24,45
1742098712.010133,-23,19,-92
1742098712.045133,-7,48,-90
1742098712.0801332,18,-55,-22
1742098712.115133,-11,-27,-58
1742098712.151133,98,14,-128
1742098712.187133,38,64,-24
1742098712.2221332,34,-25,-56
1742098712.2581332,-7,2,3
1742098712.293133,-41,10,-4
1742098712.328133,-7,-15,-24
1742098712.3631332,6,28,21
1742098712.399133,-33,96,-54
1742098712.435133,36,60,-22
1742098712.470133,-39,-19,19
1742098712.506133,-5,18,-26
1742098712.5411332,40,-23,-180
1742098712.576133,10,44,-6
1742098712.611133,34,64,-130
1742098712.647133,-79,20,-56
1742098712.6831331,-21,64,-4
1742098712.718133,84,2,3
1742098712.754133,-11,-7,-70
1742098712.789133,-45,54,-8
1742098712.8241332,26,46,-122
1742098712.8601332,20,4,-30
1742098712.895133,-35,100,-46
1742098712.931133,22,28,-32
1742098712.966133,36,40,37
1742098713.0021331,-11,-37,-98
1742098713.037133,-45,-11,23
1742098713.072133,-47,4,-40
1742098713.108133,-21,-31,-130
1742098713.1431332,-23,12,-126
1742098713.1791332,-9,-39,-48
1742098713.214133,30,-47,-66
1742098713.250133,-47,30,3
1742098713.2851331,38,-43,41
1742098713.320133,60,80,-94
1742098713.356133,24,-29,61
1742098713.391133,22,-13,19
1742098713.427133,-13,-41,-14
1742098713.4621332,-107,50,-182
1742098713.4981332,58,-36,51
1742098713.533133,22,14,-122
1742098713.568133,-31,-29,-66
1742098713.6041331,36,-43,-122
1742098713.639133,4,-9,-54
1742098713.675133,22,36,-110
1742098713.710133,44,-3,-14
1742098713.746133,56,-17,13
1742098713.7811332,22,-119,-76
1742098713.816133,56,6,-10
1742098713.852133,32,-9,9
1742098713.8871331,30,16,-14
1742098713.9231331,38,-15,15
1742098713.958133,18,20,29
1742098713.994133,8,12,91
1742098714.029133,76,-5,-22
1742098714.0641332,24,-23,-82
1742098714.1001332,-19,14,-66
1742098714.135133,-65,4,-36
1742098714.171133,96,-1,-204
1742098714.2061331,30,8,-54
1742098714.2421331,14,-69,-118
1742098714.277133,-21,-49,-108
1742098714.312133,46,44,-92
1742098714.348133,64,26,-48
1742098714.3831332,-61,-17,-6
1742098714.4191332,-75,40,-122
1742098714.454133,-37,-5,-22
1742098714.490133,-81,-41,-10
1742098714.5251331,-13,-51,-64
1742098714.560133,-13,71,23
1742098714.596133,52,-42,-48
1742098714.631133,10,1,27
1742098714.667133,-45,45,-42
1742098714.7021332,-33,-28,23
1742098714.7381332,-39,31,-128
1742098714.773133,56,-37,-128
1742098714.8081331,46,14,-62
1742098714.8441331,8,-5,-128
1742098714.879133,-15,18,3
1742098714.915133,32,66,-122
1742098714.950133,-17,7,-110
1742098714.986133,-55,7,-56
1742098715.0211332,86,51,-122
1742098715.056133,-93,65,-118
1742098715.092133,14,-18,-138
1742098715.134133,-13,65,-36
1742098715.171133,-23,3,-30
1742098715.2061331,8,-10,65
1742098715.2421331,12,-54,-24
1742098715.277133,28,-28,-52
1742098715.312133,84,28,83
1742098715.348133,-17,-13,-46
1742098715.3831332,-35,28,-140
1742098715.4191332,24,-25,-24
1742098715.454133,-9,2,-8
1742098715.4891331,-73,20,-80
1742098715.524133,68,52,-104
1742098715.560133,-65,-27,7
1742098715.596133,2,-73,7
1742098715.631133,40,20,-40
1742098715.667133,-7,-59,-74
1742098715.7021332,-19,-11,9
1742098715.737133,3,-57,-60
1742098715.772133,20,-25,-2
1742098715.8081331,-1,10,-112
1742098715.8441331,-17,-19,77
1742098715.879133,-47,22,-60
1742098715.915133,88,-35,-60
1742098715.950133,-63,-85,-12
1742098715.9851332,56,46,-14
1742098716.020133,-36,26,-92
1742098716.056133,3,-33,-72
1742098716.092133,-48,10,-66
1742098716.1271331,17,-5,-102
1742098716.1631331,9,-51,35
1742098716.198133,-20,-33,-54
1742098716.233133,49,14,11
1742098716.2681332,-16,-11,61
1742098716.3041332,-2,34,-44
1742098716.3401332,19,-9,41
1742098716.375133,-16,54,-26
1742098716.411133,57,20,21
1742098716.4461331,29,-55,7
1742098716.481133,-28,52,-42
1742098716.516133,83,-51,-38
1742098716.552133,15,-67,-50
1742098716.588133,-6,-23,-48
1742098716.6231332,31,-49,59
1742098716.6591332,-36,14,85
1742098716.694133,-68,-57,-68
1742098716.7291331,-28,-21,-154
1742098716.764133,-4,-25,-84
1742098716.800133,35,-11,-98
1742098716.836133,-54,4,-54
1742098716.871133,9,14,-106
1742098716.907133,-50,14,-33
1742098716.9421332,-74,-77,-35
1742098716.977133,17,46,-37
1742098717.0121331,-18,56,40
1742098717.0481331,47,-25,-53
1742098717.0841331,79,2,-81
1742098717.119133,-40,40,-123
1742098717.155133,37,-55,-119
1742098717.190133,11,-25,-137
1742098717.2251332,-26,-53,-31
1742098717.260133,14,-27,48
1742098717.296133,84,24,-47
1742098717.332133,-37,14,-49
1742098717.3671331,-7,-45,66
1742098717.4031332,-41,10,-21
1742098717.438133,-21,-57,-9
1742098717.473133,-17,-1,132
1742098717.5081332,38,-95,40
1742098717.5441332,26,40,64
1742098717.5801332,-15,44,-115
1742098717.615133,58,-37,-3
1742098717.651133,12,18,18
1742098717.6861331,-67,-37,-43
1742098717.721133,-25,-3,-67
1742098717.756133,-3,42,164
1742098717.792133,16,-29,-29
1742098717.828133,-31,-27,-53
1742098717.8631332,16,42,-35
1742098717.899133,-35,10,122
1742098717.934133,-109,6,26
1742098717.9691331,-43,-39,14
1742098718.004133,24,32,-103
1742098718.040133,-67,20,16
1742098718.076133,28,-7,28
1742098718.111133,-53,72,-69
1742098718.147133,-3,40,-121
1742098718.1821332,4,86,14
1742098718.217133,30,-63,-125
1742098718.2521331,-35,-39,-31
1742098718.2881331,-11,-5,2
1742098718.3241332,56,-25,-91
1742098718.359133,-21,12,-45
1742098718.395133,-3,10,16
1742098718.430133,0,-67,-107
1742098718.4651332,28,52,-77
1742098718.500133,-9,14,-59
1742098718.536133,10,-17,4
1742098718.572133,36,-27,-57
1742098718.6071332,64,-17,46
1742098718.6431332,10,22,-55
1742098718.678133,-15,-41,-105
1742098718.713133,16,-55,-133
1742098718.7481332,24,-27,-161
1742098718.7841332,-31,-1,88
1742098718.820133,-5,-3,-31
1742098718.855133,12,-11,-85
1742098718.891133,-11,50,12
1742098718.9261332,52,6,-45
1742098718.961133,40,44,-15
1742098718.996133,2,8,-99
1742098719.032133,-1,10,14
1742098719.068133,-83,-27,-163
1742098719.1031332,30,-9,-73
1742098719.139133,-81,70,42
1742098719.174133,80,-49,-82
1742098719.2091331,58,40,-14
1742098719.244133,58,6,27
1742098719.280133,6,104,-78
1742098719.316133,-11,-67,5
1742098719.351133,-39,-63,-90
1742098719.3871331,30,-29,11
1742098719.422133,-21,16,5
1742098719.457133,-41,60,-28
1742098719.493133,42,0,3
1742098719.5281332,-7,-41,57
1742098719.5641332,34,-45,-100
1742098719.599133,14,-15,-90
1742098719.635133,62,-41,7
1742098719.670133,46,-41,-46
1742098719.7051332,4,-11,111
1742098719.741133,-5,-61,-128
1742098719.776133,48,-17,-56
1742098719.812133,-29,-113,-56
1742098719.8471332,-15,-1,-18
1742098719.8831332,-7,12,-86
1742098719.918133,-15,30,-34
1742098719.953133,34,72,-56
1742098719.9891331,10,70,-120
1742098720.024133,38,-57,-50
1742098720.060133,-11,10,27
1742098720.095133,-33,64,-48
1742098720.131133,20,58,-162
1742098720.1661332,34,74,-80
1742098720.201133,-149,-23,61
1742098720.237133,36,4,-14
1742098720.272133,-71,46,25
1742098720.3081331,-9,-37,-148
1742098720.343133,32,32,-62
1742098720.379133,4,-71,-144
1742098720.414133,-3,-33,-172
1742098720.4491332,-9,18,-50
1742098720.4851332,78,16,37
1742098720.520133,2,78,11
1742098720.556133,-31,-3,71
1742098720.591133,-29,46,33
1742098720.6271331,-9,70,-94
1742098720.662133,8,56,-6
1742098720.697133,-53,6,-64
1742098720.733133,34,2,-18
1742098720.7681332,18,-5,-20
1742098720.8041332,-15,-7,-70
1742098720.839133,-39,-43,-56
1742098720.875133,68,10,37
1742098720.9101331,18,26,-128
1742098720.945133,-153,-5,0
1742098720.981133,12,36,35
1742098721.016133,92,-11,-50
1742098721.052133,22,-45,-152
1742098721.0871332,50,12,17
1742098721.1231332,52,104,-34
1742098721.158133,36,-43,17
1742098721.193133,4,72,-176
1742098721.2291331,42,-37,25
1742098721.264133,30,-19,73
1742098721.300133,-21,28,93
1742098721.335133,48,-23,-70
1742098721.371133,-11,-23,-28
1742098721.4061332,0,-21,11
1742098721.441133,-37,94,21
1742098721.477133,6,2,13
1742098721.5121331,42,-25,17
1742098721.5481331,-25,4,-58
1742098721.583133,-29,-89,95
1742098721.619133,20,14,-12
1742098721.654133,36,14,-32
1742098721.6891332,-3,-9,5
1742098721.7251332,72,-7,-70
1742098721.760133,-17,22,-72
1742098721.796133,-53,94,-126
1742098721.8311331,18,-59,-58
1742098721.8671331,46,28,-138
1742098721.9031332,32,-23,43
1742098721.938133,68,-41,-100
1742098721.973133,62,6,-8
1742098722.009133,-19,20,-36
1742098722.045133,-11,-37,-80
1742098722.0801332,56,-19,49
1742098722.116133,-29,-59,31
1742098722.151133,-29,44,-26
1742098722.1861331,-29,-17,-34
1742098722.221133,-77,84,23
1742098722.257133,4,-69,-64
1742098722.293133,-9,-43,-102
1742098722.328133,64,10,-106
1742098722.3641331,4,34,-60
1742098722.399133,-63,-61,-92
1742098722.434133,68,8,-64
1742098722.4691331,20,-29,-64
1742098722.5051332,26,-7,-154
1742098722.5411332,36,-25,-64
1742098722.576133,30,4,-28
1742098722.612133,118,-19,-26
1742098722.647133,86,6,-48
1742098722.6821332,50,14,-36
1742098722.717133,-45,-37,-36
1742098722.753133,-17,20,-74
1742098722.789133,-5,-33,-46
1742098722.8241332,-47,-13,-78
1742098722.8601332,-91,-39,-158
1742098722.895133,22,68,-176
1742098722.930133,12,56,-34
1742098722.9651332,60,-21,-82
1742098723.001133,98,18,31
1742098723.037133,-77,26,-134
1742098723.072133,-35,-9,-40
1742098723.108133,-47,40,-100
1742098723.1431332,-85,62,-8
1742098723.178133,-23,-13,9
1742098723.213133,16,60,-12
1742098723.249133,-51,-7,-36
1742098723.2851331,-99,-25,-80
1742098723.320133,82,112,23
1742098723.356133,12,-25,-84
1742098723.391133,46,18,-28
1742098723.4261332,16,92,-68
1742098723.461133,-39,-45,-64
1742098723.497133,22,6,11
1742098723.533133,-43,8,49
1742098723.568133,-63,-1,-94
1742098723.6041331,36,-9,-120
1742098723.639133,-1,10,-24
1742098723.674133,44,-51,29
1742098723.7091331,-7,-47,-102
1742098723.7451332,22,86,-48
1742098723.7811332,12,-59,-30
1742098723.816133,-35,12,45
1742098723.852133,-21,58,-48
1742098723.8871331,22,-49,-28
1742098723.922133,-3,-71,37
1742098723.957133,-1,90,-42
1742098723.993133,-49,-21,-8
1742098724.029133,28,-35,51
1742098724.0641332,-69,44,-96
1742098724.1001332,-3,-41,115
1742098724.135133,2,32,-58
1742098724.170133,-55,-19,-26
1742098724.2051332,-45,-23,41
1742098724.241133,-1,60,39
1742098724.277133,4,30,-26
1742098724.312133,26,4,51
1742098724.348133,-35,-39,-116
1742098724.3831332,-11,2,-18
1742098724.418133,-7,48,-138
1742098724.453133,6,10,-18
1742098724.4891331,98,-93,11
1742098724.5251331,-49,-21,45
1742098724.560133,58,-51,7
1742098724.596133,-59,-43,-120
1742098724.631133,38,14,3
1742098724.6661332,-5,66,-56
1742098724.701133,36,-67,-2
1742098724.737133,-63,-21,-54
1742098724.773133,-49,32,93
1742098724.8081331,-47,-65,-152
1742098724.8441331,42,28,-132
1742098724.879133,0,-19,-52
1742098724.914133,20,12,-32
1742098724.9491332,20,-43,-52
1742098724.9851332,-31,-33,-74
1742098725.0211332,-75,38,-12
1742098725.056133,-57,18,3
1742098725.092133,6,0,-16
1742098725.1271331,12,14,-154
1742098725.1691332,-21,36,-8
1742098725.2051332,-55,64,-192
1742098725.241133,30,-17,-18
1742098725.277133,4,48,17
1742098725.312133,-13,-51,-28
1742098725.348133,42,86,-76
1742098725.3831332,-61,54,-48
1742098725.418133,34,36,3
1742098725.453133,-11,-7,-24
1742098725.4891331,22,18,-86
1742098725.5251331,-35,-13,-32
1742098725.560133,12,58,-40
1742098725.596133,-53,-27,-60
1742098725.631133,44,-95,103
1742098725.6661332,-51,-13,-38
1742098725.701133,-83,14,-174
1742098725.737133,-37,-89,-38
1742098725.773133,-13,-41,61
1742098725.8081331,56,6,-72
1742098725.8441331,-3,-23,-30
1742098725.879133,82,-11,67
1742098725.914133,-3,-27,-170
1742098725.9491332,-33,-43,-18
1742098725.9851332,-31,-93,-106
1742098726.0211332,22,-5,-52
1742098726.056133,14,-21,21
1742098726.092133,80,-15,-24
1742098726.1271331,34,82,-34
1742098726.162133,50,32,-82
1742098726.197133,-3,0,-56
1742098726.233133,-29,-15,-76
1742098726.269133,18,-27,7
1742098726.3041332,2,-27,27
1742098726.3401332,34,-31,-100
1742098726.375133,62,8,11
1742098726.4101331,20,-51,15
1742098726.4461331,-33,14,89
1742098726.481133,66,-37,-138
1742098726.517133,-37,12,-34
1742098726.552133,24,-43,-24
1742098726.588133,-37,-11,-80
1742098726.6231332,8,10,-112
1742098726.658133,114,-45,65
1742098726.694133,12,18,-16
1742098726.7291331,-39,4,-208
1742098726.7651331,-7,58,-80
1742098726.800133,-37,-37,-72
1742098726.836133,68,74,-36
1742098726.871133,-45,-25,-104
1742098726.9061332,64,6,65
1742098726.9421332,6,8,-10
1742098726.977133,54,-35,51
1742098727.013133,10,-29,3
1742098727.0481331,40,-137,-84
1742098727.0841331,-3,54,-58
1742098727.119133,18,-23,-56
1742098727.154133,-47,34,-44
1742098727.190133,12,-79,-86
1742098727.2251332,36,24,-136
1742098727.2611332,-35,-27,-104
1742098727.296133,66,-35,-44
1742098727.332133,-41,-25,17
1742098727.3671331,16,54,-6
1742098727.402133,-67,-15,-20
1742098727.438133,-43,28,-120
1742098727.473133,-17,6,-62
1742098727.509133,-15,-57,-14
1742098727.5441332,-23,-77,-110
1742098727.5801332,-13,50,-82
1742098727.615133,42,28,-44
1742098727.6501331,20,12,-70
1742098727.6861331,-37,2,37
1742098727.721133,-9,-45,-198
1742098727.757133,-17,28,-36
1742098727.792133,96,-15,-60
1742098727.828133,-21,-23,15
1742098727.8631332,-11,-35,-86
1742098727.898133,22,-61,-26
1742098727.934133,108,-73,-106
1742098727.9691331,68,36,-28
1742098728.0051332,-61,-45,5
1742098728.040133,-5,-39,17
1742098728.076133,48,-41,-168
1742098728.111133,74,28,13
1742098728.1461332,-1,36,13
1742098728.1821332,-45,-39,-36
1742098728.217133,4,0,-86
1742098728.253133,116,24,-70
1742098728.2881331,-15,6,-10
1742098728.3241332,-9,16,-86
1742098728.359133,-11,-25,-38
1742098728.394133,18,-47,-56
1742098728.430133,30,-27,3
1742098728.4651332,-35,50,-50
1742098728.501133,32,-33,-58
1742098728.536133,-1,-29,17
1742098728.572133,-3,22,1
1742098728.608133,-37,-27,-118
1742098728.644133,74,-97,17
1742098728.680133,-19,-29,-6
1742098728.7151332,86,-63,-48
1742098728.750133,52,56,-106
1742098728.786133,4,-25,-40
1742098728.822133,20,-51,-34
1742098728.8571332,-13,48,-78
1742098728.8931332,-9,12,-122
1742098728.928133,-51,-61,35
1742098728.963133,-7,20,33
1742098728.9981332,-17,-107,-102
1742098729.0341332,-29,-67,37
1742098729.070133,68,-85,-70
1742098729.105133,50,-15,73
1742098729.141133,-55,-7,-6
1742098729.1761332,4,2,-8
1742098729.211133,24,-3,57
1742098729.246133,28,40,-46
1742098729.282133,-29,10,3
1742098729.318133,-5,32,-72
1742098729.3531332,18,-63,41
1742098729.389133,28,-21,11
1742098729.424133,-51,-17,-176
1742098729.4591331,4,-17,-80
1742098729.494133,34,28,-28
1742098729.530133,-53,-27,-52
1742098729.566133,10,78,-68
1742098729.601133,44,48,35
1742098729.6371331,-85,-9,-32
1742098729.672133,20,0,-54
1742098729.707133,34,-19,61
1742098729.7421331,62,14,-58
1742098729.7781332,-21,52,57
1742098729.8141332,8,-69,-88
1742098729.849133,-7,-25,-96
1742098729.885133,-19,20,-52
1742098729.920133,64,-57,-30
1742098729.9551332,-45,30,-86
1742098729.990133,26,-19,-34
1742098730.026133,-71,0,-82
1742098730.062133,-63,10,-30
1742098730.0971332,-40,-33,-34
1742098730.1331332,-36,48,-224
1742098730.168133,27,6,-10
1742098730.203133,-4,-27,-32
1742098730.2381332,-62,7,-82
1742098730.274133,-54,25,25
1742098730.310133,-68,17,7
1742098730.345133,1,-72,13
1742098730.381133,-80,-34,-64
1742098730.4161332,-28,49,-6
1742098730.451133,-88,95,-20
1742098730.486133,5,-34,93
1742098730.522133,49,-36,-152
1742098730.5581331,-38,-8,45
1742098730.593133,-40,-26,-32
1742098730.629133,15,-44,-12
1742098730.664133,35,-10,-90
1742098730.6991332,5,19,-2
1742098730.734133,29,-32,99
1742098730.770133,81,45,67
1742098730.806133,-50,-32,-54
1742098730.841133,-50,-12,-22
1742098730.8771331,15,-38,57
1742098730.912133,-24,-24,7
1742098730.947133,1,22,23
1742098730.9821332,-72,18,-182
1742098731.0181332,-48,-63,-43
1742098731.0541332,-22,-37,57
1742098731.089133,-44,-81,-58
1742098731.125133,-19,58,59
1742098731.1601331,-18,28,-30
1742098731.195133,3,-49,-16
1742098731.230133,-60,-33,9
1742098731.266133,-46,-15,-5
1742098731.302133,-22,14,74
1742098731.3371332,37,20,-37
1742098731.3731332,-110,44,8
1742098731.408133,-46,-11,-87
1742098731.443133,-36,-9,82
1742098731.4781332,-27,62,-15
1742098731.514133,31,-7,-83
1742098731.550133,-2,14,-102
1742098731.585133,-38,48,-30
1742098731.621133,39,26,-130
1742098731.6561332,-48,18,-25
1742098731.691133,65,30,-95
1742098731.726133,89,68,-65
1742098731.7621331,13,48,36
1742098731.7981331,-42,-39,32
1742098731.833133,-94,-15,-9
1742098731.869133,4,-9,-85
1742098731.904133,6,40,-47
1742098731.9391332,33,-53,-153
1742098731.974133,88,-3,-53
1742098732.010133,-23,-49,-108
1742098732.046133,28,26,-40
1742098732.0811331,-25,-17,-70
1742098732.1171331,-56,-51,57
1742098732.152133,31,-3,-119
1742098732.187133,-93,-51,-64
1742098732.2221332,64,-7,-59
1742098732.2581332,-1,46,-6
1742098732.2941332,16,42,-24
1742098732.329133,-23,-63,-190
1742098732.365133,-94,-37,2
1742098732.4001331,-40,16,28
1742098732.435133,95,-89,-51
1742098732.470133,43,30,-95
1742098732.506133,-14,6,14
1742098732.542133,21,-7,-57
1742098732.5771332,-62,-43,-39
1742098732.6131332,-16,8,-99
1742098732.648133,14,-45,-55
1742098732.6831331,10,6,-79
1742098732.718133,-90,-27,-47
1742098732.754133,-29,-39,4
1742098732.790133,0,-7,-191
1742098732.825133,-49,-49,22
1742098732.861133,112,20,-85
1742098732.8961332,10,-3,-193
1742098732.931133,4,-35,-32
1742098732.967133,18,14,-11
1742098733.0021331,-11,0,74
1742098733.0381331,-35,34,-7
1742098733.073133,24,22,-47
1742098733.109133,44,-31,-11
1742098733.144133,-37,-25,-87
1742098733.1791332,48,-17,-87
1742098733.2151332,-11,24,48
1742098733.250133,18,22,-5
1742098733.286133,48,38,10
1742098733.3211331,-43,92,-5
1742098733.3571332,-59,-9,-57
1742098733.392133,4,-21,62
1742098733.427133,-13,56,38
1742098733.463133,38,40,40
1742098733.4981332,-11,2,-101
1742098733.5341332,76,-31,-145
1742098733.569133,50,-13,2
1742098733.605133,42,50,0
1742098733.6401331,-73,22,-23
1742098733.675133,-31,14,-81
1742098733.711133,80,8,-89
1742098733.746133,64,18,-85
1742098733.782133,0,-5,-169
1742098733.8171332,-29,10,12
1742098733.8531332,14,-73,-33
1742098733.888133,68,28,-87
1742098733.9231331,-29,20,42
1742098733.9591331,82,8,-29
1742098733.994133,-35,16,-63
1742098734.030133,-59,46,-69
1742098734.065133,-25,-19,-67
1742098734.101133,78,56,-139
1742098734.1361332,-79,56,-77
1742098734.171133,-41,11,-55
1742098734.207133,-11,-78,-121
1742098734.2421331,46,3,36
1742098734.2781332,4,84,-201
1742098734.313133,100,-35,-17
1742098734.349133,-21,28,-35
1742098734.384133,12,-45,16
1742098734.4191332,58,-23,38
1742098734.4551332,-57,0,-5
1742098734.490133,-3,-65,84
1742098734.526133,84,-39,-67
1742098734.5611331,-3,-53,-33
1742098734.5971332,28,34,-11
1742098734.632133,-9,6,58
1742098734.667133,-1,-13,-111
1742098734.703133,26,40,-63
1742098734.7381332,44,46,-41
1742098734.774133,-99,-93,64
1742098734.809133,-1,2,-33
1742098734.845133,2,42,-47
1742098734.881133,66,-15,-91
1742098734.917133,66,-35,-85
1742098734.9521332,42,76,-3
1742098734.987133,-9,-37,-111
1742098735.023133,16,40,-37
1742098735.0581331,-47,-21,-79
1742098735.0941331,-25,-75,-25
1742098735.129133,-23,-5,-33
1742098735.171133,6,-17,-107
1742098735.207133,46,-33,82
1742098735.243133,64,-83,-11
1742098735.279133,-13,-109,-83
1742098735.3141332,88,-25,-117
1742098735.3501332,-45,-21,-79
1742098735.385133,-25,54,-17
1742098735.420133,18,34,-95
1742098735.4551332,-13,-5,68
1742098735.491133,0,8,-31
1742098735.527133,-25,-13,26
1742098735.562133,-7,-64,-121
1742098735.598133,-35,-24,-83
1742098735.6331332,-25,13,14
1742098735.668133,-9,65,-55
1742098735.703133,-25,15,-11
1742098735.7391331,30,7,34
1742098735.7751331,-23,7,-43
1742098735.810133,2,79,-121
1742098735.846133,34,-18,2
1742098735.881133,-31,18,56
1742098735.9161332,-135,-15,-41
1742098735.951133,-19,10,-35
1742098735.987133,32,22,-13
1742098736.023133,32,62,-77
1742098736.0581331,-7,2,-61
1742098736.0941331,-61,16,100
1742098736.129133,60,16,28
1742098736.164133,-65,46,-97
1742098736.1991332,-1,4,-197
1742098736.2351332,-1,-47,-105
1742098736.2711332,-63,-13,-21
1742098736.306133,-13,-55,-73
1742098736.342133,-11,24,38
1742098736.3771331,56,-53,22
1742098736.412133,-41,-33,-51
1742098736.447133,20,36,-1
1742098736.483133,86,-27,-45
1742098736.519133,92,6,-15
1742098736.5541332,2,-29,-15
1742098736.5901332,18,-33,-85
1742098736.625133,-27,-39,-37
1742098736.6601331,4,-3,-79
1742098736.695133,2,6,-127
1742098736.731133,-21,-19,6
1742098736.767133,-7,-43,-5
1742098736.802133,-33,-1,-67
1742098736.838133,-31,56,-63
1742098736.8731332,-17,36,-109
1742098736.908133,-23,-75,-121
1742098736.943133,-23,-1,-117
1742098736.9791331,-59,-29,-97
1742098737.0151331,-17,4,-111
1742098737.050133,10,-35,-89
1742098737.086133,44,56,-17
1742098737.121133,-9,-19,-59
1742098737.1561332,-9,-7,46
1742098737.191133,2,-41,78
1742098737.227133,4,-25,44
1742098737.263133,28,12,6
1742098737.2981331,-15,-5,-99
1742098737.3341331,-21,-9,-147
1742098737.369133,30,2,-25
1742098737.404133,-7,34,-47
1742098737.4391332,76,36,-33
1742098737.4751332,82,-21,-187
1742098737.5111332,30,8,-95
1742098737.546133,-7,-65,-105
1742098737.582133,-55,-29,130
1742098737.6171331,-65,18,32
1742098737.652133,-55,12,-55
1742098737.687133,62,22,-29
1742098737.723133,14,-5,-1
1742098737.759133,-31,-21,-109
1742098737.7941332,-35,24,-141
1742098737.8301332,-1,-15,-69
1742098737.865133,22,4,94
1742098737.9001331,-17,64,-25
1742098737.935133,-1,6,-133
1742098737.971133,86,46,-179
1742098738.007133,12,-75,-157
1742098738.042133,68,-15,-59
1742098738.078133,42,-51,-65
1742098738.1131332,-57,-45,-39
1742098738.148133,4,12,-129
1742098738.1831331,-125,32,-13
1742098738.2191331,-9,12,18
1742098738.2551332,-3,-43,-77
1742098738.290133,-5,-13,-19
1742098738.326133,20,-21,30
1742098738.361133,-41,-3,16
1742098738.3961332,-3,-43,-81
1742098738.431133,-13,52,-69
1742098738.467133,-19,-9,16
1742098738.503133,76,-31,-57
1742098738.5381331,32,-9,68
1742098738.5741332,-37,-33,10
1742098738.609133,2,68,-91
1742098738.644133,10,-19,8
1742098738.6791332,-29,-81,-33
1742098738.7151332,-95,8,-43
1742098738.751133,40,-11,-57
1742098738.786133,-33,-51,16
1742098738.822133,78,20,-141
1742098738.8571332,96,2,-59
1742098738.892133,-25,56,52
1742098738.927133,84,26,-83
1742098738.963133,64,14,10
1742098738.999133,100,-45,-9
1742098739.0341332,-13,-25,-77
1742098739.070133,-107,-73,-91
1742098739.105133,12,10,28
1742098739.1401331,50,-43,-73
1742098739.175133,-37,-33,50
1742098739.211133,4,84,-11
1742098739.247133,36,36,-91
1742098739.282133,84,8,-75
1742098739.318133,52,-15,-111
1742098739.3531332,50,42,16
1742098739.388133,8,-25,-127
1742098739.4231331,-13,30,-15
1742098739.4591331,16,-11,42
1742098739.4951332,-55,-15,-21
1742098739.530133,36,-7,-59
1742098739.566133,108,-15,-45
1742098739.601133,68,8,54
1742098739.6361332,62,-33,-17
1742098739.672133,-13,26,-45
1742098739.707133,-113,134,14
1742098739.743133,-25,-67,-9
1742098739.7781332,90,72,2
1742098739.8141332,50,-51,-99
1742098739.849133,40,-53,-45
1742098739.884133,-37,-33,38
1742098739.920133,16,34,-37
1742098739.9551332,60,-19,-99
1742098739.991133,30,68,-245
1742098740.026133,78,-35,22
1742098740.062133,-39,-19,-25
1742098740.0971332,2,34,-63
1742098740.132133,-31,-9,-77
1742098740.168133,-75,-47,-25
1742098740.203133,0,36,34
1742098740.2391331,4,-15,-25
1742098740.274133,66,-7,-29
1742098740.310133,56,18,-27
1742098740.345133,-5,-9,-13
1742098740.3801332,14,-19,-13
1742098740.4161332,60,-35,60
1742098740.451133,42,-51,36
1742098740.487133,4,8,-229
1742098740.522133,6,10,-93
1742098740.5581331,88,18,-39
1742098740.593133,74,-51,-63
1742098740.628133,-5,-101,-117
1742098740.664133,8,40,-75
1742098740.6991332,32,-5,-167
1742098740.7351332,30,6,30
1742098740.770133,34,24,-107
1742098740.806133,-19,16,76
1742098740.841133,38,6,22
1742098740.876133,-17,4,-13
1742098740.912133,-17,18,-71
1742098740.947133,-23,-75,-127
1742098740.983133,-27,8,-139
1742098741.0181332,54,20,-61
1742098741.0541332,-75,-43,-41
1742098741.089133,38,-23,-43
1742098741.124133,32,42,-75
1742098741.1601331,-67,20,-169
1742098741.195133,4,-63,-17
1742098741.231133,-53,-17,-37
1742098741.266133,30,-63,-111
1742098741.302133,2,-9,-65
1742098741.3371332,-65,2,-157
1742098741.372133,-1,-31,-111
1742098741.408133,-7,-57,34
1742098741.443133,44,-49,-29
1742098741.4791331,-1,84,28
1742098741.514133,-25,0,18
1742098741.550133,-47,-25,-7
1742098741.585133,-25,36,-15
1742098741.6201332,0,4,-5
1742098741.6561332,10,12,0
1742098741.691133,-7,-11,-105
1742098741.727133,-7,20,-105
1742098741.7621331,12,26,-193
1742098741.7981331,16,36,-33
1742098741.833133,66,-25,42
1742098741.868133,-77,6,20
1742098741.904133,-15,42,-115
1742098741.9391332,-59,-7,-83
1742098741.9751332,-33,8,40
1742098742.010133,46,68,-61
1742098742.045133,-97,-51,-117
1742098742.0801332,-17,74,14
1742098742.116133,82,-45,-51
1742098742.152133,-33,-5,-1
1742098742.187133,-65,-17,-159
1742098742.223133,72,-21,-105
1742098742.2581332,-1,-9,-73
1742098742.293133,-11,-27,-15
1742098742.328133,-29,-1,-13
1742098742.3641331,-39,-5,174
1742098742.4001331,-145,-3,20
1742098742.435133,64,26,64
1742098742.471133,-69,-59,-7
1742098742.506133,-21,-45,-77
1742098742.5411332,52,-19,10
1742098742.576133,-5,-20,-1
1742098742.612133,-5,25,-43
1742098742.648133,-57,-56,-35
1742098742.6831331,0,-15,18
1742098742.7191331,-9,22,-99
1742098742.754133,-23,-45,104
1742098742.789133,-65,-41,26
1742098742.8241332,48,-7,-129
1742098742.8601332,14,14,36
1742098742.8961332,-63,48,-3
1742098742.931133,-57,24,26
1742098742.967133,-87,12,-95
1742098743.0021331,-31,-15,-127
1742098743.037133,-19,34,-79
1742098743.072133,92,18,-53
1742098743.108133,50,10,-41
1742098743.144133,-17,-13,20
1742098743.1791332,40,36,76
1742098743.2151332,-69,68,-43
1742098743.250133,-3,-17,-79
1742098743.2851331,42,50,-21
1742098743.320133,74,70,-81
1742098743.356133,-31,48,24
1742098743.392133,-55,42,-29
1742098743.427133,8,92,-109
1742098743.463133,8,8,36
1742098743.4981332,20,-21,-123
1742098743.533133,-69,10,22
1742098743.568133,-17,36,-15
1742098743.6041331,-43,-45,-37
1742098743.6401331,16,44,-43
1742098743.675133,-9,16,-7
1742098743.711133,12,2,-21
1742098743.746133,-55,30,6
1742098743.7811332,76,-41,4
1742098743.816133,-33,18,-81
1742098743.852133,-41,-5,10
1742098743.888133,74,6,46
1742098743.9231331,44,-21,-119
1742098743.9591331,-37,96,-9
1742098743.994133,-13,18,-51
1742098744.029133,-55,42,-21
1742098744.0641332,2,-15,-15
1742098744.1001332,16,-25,-39
1742098744.1361332,-29,-5,-125
1742098744.171133,84,58,-25
1742098744.207133,36,30,-37
1742098744.2421331,-19,16,-57
1742098744.277133,-23,-31,14
1742098744.312133,8,2,-3
1742098744.348133,-57,74,24
1742098744.384133,34,-113,-59
1742098744.4191332,36,18,6
1742098744.4551332,-39,-31,-29
1742098744.490133,4,24,-59
1742098744.5251331,-39,10,-45
1742098744.560133,-41,-9,84
1742098744.596133,-11,104,-27
1742098744.632133,42,-43,-75
1742098744.667133,4,6,-67
1742098744.703133,42,70,-7
1742098744.7381332,-5,-13,104
1742098744.773133,62,-31,14
1742098744.8081331,84,-57,-29
1742098744.8441331,-111,-59,6
1742098744.8801332,4,-3,-79
1742098744.915133,-29,-71,-193
1742098744.951133,76,-43,-43
1742098744.986133,-11,-15,-47
1742098745.0211332,96,38,10
1742098745.056133,26,58,-105
1742098745.092133,-11,-21,4
1742098745.128133,-19,-33,52
1742098745.1631331,-39,38,-27
1742098745.2061331,40,20,56
1742098745.2421331,58,-53,14
1742098745.277133,120,-13,-19
1742098745.312133,0,-35,-71
1742098745.348133,58,-9,4
1742098745.384133,46,-39,-89
1742098745.4191332,-27,34,74
1742098745.4551332,6,0,52
1742098745.490133,44,16,-129
1742098745.5251331,8,60,-101
1742098745.560133,-41,42,-19
1742098745.596133,-33,-27,-47
1742098745.632133,-7,12,-1
1742098745.667133,8,28,-39
1742098745.703133,10,-37,32
1742098745.7381332,32,-13,-105
1742098745.773133,-37,150,-135
1742098745.8081331,22,26,-67
1742098745.8441331,28,-25,-83
1742098745.8801332,-21,42,-117
1742098745.915133,-33,-5,-49
1742098745.951133,30,-7,-95
1742098745.986133,48,18,-185
1742098746.0211332,14,68,-113
1742098746.056133,12,34,-201
1742098746.092133,38,-31,-73
1742098746.128133,-25,-5,-211
1742098746.1631331,26,22,16
1742098746.1991332,-47,24,78
1742098746.234133,-17,24,-45
1742098746.269133,20,-3,-35
1742098746.305133,34,-9,66
1742098746.3401332,14,-37,-231
1742098746.376133,16,76,-1
1742098746.411133,138,28,-29
1742098746.447133,58,-3,-63
1742098746.4821332,20,-49,60
1742098746.517133,-9,-49,-13
1742098746.553133,-43,24,2
1742098746.588133,16,6,66
1742098746.624133,20,52,-23
1742098746.6591332,16,-15,38
1742098746.695133,32,46,128
1742098746.730133,-3,0,-49
1742098746.7651331,38,80,-99
1742098746.8011332,-65,46,52
1742098746.836133,-41,22,52
1742098746.872133,16,92,8
1742098746.907133,4,-41,56
1742098746.943133,10,28,52
1742098746.9781332,-1,20,-23
1742098747.013133,-23,48,-77
1742098747.049133,26,4,-73
1742098747.0841331,-1,-13,-79
1742098747.1201332,-15,88,90
1742098747.155133,-35,-13,-85
1742098747.191133,-63,74,50
1742098747.226133,10,4,-49
1742098747.2611332,56,32,-7
1742098747.297133,-13,28,66
1742098747.332133,84,-19,98
1742098747.368133,-43,12,-97
1742098747.4031332,80,-45,-53
1742098747.4391332,-19,-1,-43
1742098747.474133,48,-95,-225
1742098747.509133,-7,40,4
1742098747.545133,22,28,-29
1742098747.5801332,-77,40,-29
1742098747.616133,10,60,-3
1742098747.651133,94,8,-3
1742098747.687133,6,-15,-1
1742098747.7221332,-5,-19,-61
1742098747.757133,-33,54,-129
1742098747.793133,-9,24,-85
1742098747.828133,64,-37,-43
1742098747.8641331,-57,-51,-39
1742098747.899133,0,50,0
1742098747.934133,-25,-45,62
1742098747.9691331,48,34,-85
1742098748.0051332,-41,28,16
1742098748.0411332,50,32,-27
1742098748.076133,-53,26,100
1742098748.112133,-15,-9,-45
1742098748.147133,48,84,62
1742098748.1831331,-15,-17,-111
1742098748.218133,-9,-25,18
1742098748.253133,-33,-13,12
1742098748.289133,4,-35,-13
1742098748.3241332,44,38,-27
1742098748.3601332,44,54,-125
1742098748.395133,20,-55,-25
1742098748.431133,8,-7,2
1742098748.466133,0,-19,-53
1742098748.501133,46,36,22
1742098748.537133,-59,74,-83
1742098748.572133,-23,18,-105
1742098748.608133,-59,16,-1
1742098748.6431332,-29,-51,-39
1742098748.6791332,-11,-5,-85
1742098748.7151332,54,16,-75
1742098748.750133,-39,30,56
1742098748.7851331,42,94,-145
1742098748.8211331,-57,-1,14
1742098748.8571332,6,16,-129
1742098748.892133,-3,-25,-55
1742098748.928133,-81,-7,20
1742098748.963133,22,-37,-13
1742098748.9981332,6,-23,8
1742098749.033133,16,12,24
1742098749.069133,10,30,-15
1742098749.105133,-55,28,-75
1742098749.1401331,-43,-25,-151
1742098749.1761332,22,-7,-105
1742098749.211133,-15,46,-21
1742098749.246133,28,-11,30
1742098749.2811332,8,22,14
1742098749.3171332,-11,-51,-15
1742098749.3531332,0,-23,24
1742098749.388133,24,-17,-71
1742098749.424133,-11,6,60
1742098749.4591331,-9,-15,24
1742098749.494133,26,40,-35
1742098749.529133,-75,-9,-33
1742098749.565133,16,-49,-115
1742098749.601133,46,-43,-53
1742098749.6361332,32,-37,30
1742098749.672133,-41,24,20
1742098749.707133,26,-41,-29
1742098749.7421331,-19,-43,-19
1742098749.777133,14,-47,-61
1742098749.813133,40,46,-59
1742098749.849133,-1,-13,-5
1742098749.884133,-13,-67,4
1742098749.920133,36,-91,-23
1742098749.9551332,38,86,-59
1742098749.990133,-59,-55,-43
1742098750.0251331,42,-39,-75
1742098750.0611331,-31,-39,-81
1742098750.0971332,-49,14,-21
1742098750.132133,2,-35,36
1742098750.168133,-11,-45,-29
1742098750.203133,50,-47,64
1742098750.2381332,-13,-63,-75
1742098750.273133,-47,74,-129
1742098750.309133,-83,30,-141
1742098750.345133,-143,46,-69
1742098750.3801332,-31,26,2
1742098750.4161332,-5,30,-55
1742098750.451133,-25,-59,12
1742098750.486133,4,12,22
1742098750.5211332,-27,22,-47
1742098750.5571332,-7,10,-37
1742098750.593133,40,22,-67
1742098750.628133,60,-49,6
1742098750.664133,98,32,-19
1742098750.6991332,12,34,8
1742098750.734133,8,-35,-5
1742098750.769133,64,-27,-97
1742098750.805133,34,-23,-155
1742098750.841133,-41,-9,-83
1742098750.876133,-13,-19,-51
1742098750.912133,-7,-63,114
1742098750.947133,-13,8,-41
1742098750.9821332,-27,26,-35
1742098751.017133,50,22,-77
1742098751.053133,20,-21,-27
1742098751.089133,118,96,-75
1742098751.124133,-5,-87,-123
1742098751.1601331,22,-35,82
1742098751.195133,-23,8,4
1742098751.230133,108,70,-35
1742098751.2651331,28,24,20
1742098751.3011332,12,-57,32
1742098751.3371332,6,-25,-89
1742098751.372133,-23,12,-69
1742098751.408133,-27,-27,0
1742098751.443133,-15,28,-111
1742098751.4781332,18,10,-29
1742098751.513133,18,-5,-115
1742098751.549133,-15,-11,-47
1742098751.585133,-31,18,-65
1742098751.6201332,78,0,12
1742098751.6561332,-97,16,-105
1742098751.691133,-129,0,-121
1742098751.726133,34,22,-65
1742098751.7611332,12,6,-75
1742098751.797133,62,100,26
1742098751.833133,0,-17,-129
1742098751.868133,6,94,-155
1742098751.904133,70,60,-161
1742098751.9391332,44,8,-67
1742098751.974133,22,-37,-75
1742098752.009133,12,14,-121
1742098752.045133,36,56,-17
1742098752.0811331,-51,-35,-65
1742098752.116133,-13,92,34
1742098752.152133,-43,32,-51
1742098752.187133,-51,2,8
1742098752.2221332,-75,-19,16
1742098752.257133,6,22,-53
1742098752.293133,-29,-13,14
1742098752.329133,54,-31,-91
1742098752.3641331,-77,-27,-117
1742098752.4001331,4,-65,-53
1742098752.435133,68,62,52
1742098752.470133,76,-31,-39
1742098752.5051332,-71,78,16
1742098752.5411332,-67,-3,0
1742098752.5771332,-53,-45,30
1742098752.612133,60,32,150
1742098752.648133,-73,54,-85
1742098752.6831331,24,28,-41
1742098752.718133,76,-57,26
1742098752.753133,14,-13,40
1742098752.789133,56,-31,-135
1742098752.825133,-13,102,-53
1742098752.8601332,152,-25,-77
1742098752.8961332,-47,8,-31
1742098752.931133,-25,30,-47
1742098752.966133,54,-19,-13
1742098753.0021331,18,-29,-123
1742098753.037133,18,74,-11
1742098753.073133,-93,60,6
1742098753.108133,-29,-51,-71
1742098753.144133,-43,-1,-99
1742098753.1791332,2,-11,2
1742098753.214133,-33,-17,42
1742098753.250133,-29,-31,-57
1742098753.2851331,18,12,-55
1742098753.3211331,-85,2,4
1742098753.356133,6,-23,26
1742098753.392133,-31,114,-21
1742098753.427133,-33,26,-75
1742098753.4621332,-19,-5,52
1742098753.4981332,74,2,-163
1742098753.533133,-61,48,-1
1742098753.569133,36,52,-25
1742098753.6041331,-1,50,-69
1742098753.6401331,18,-23,26
1742098753.675133,-13,60,-1
1742098753.710133,-21,-47,-43
1742098753.746133,-29,-31,18
1742098753.7811332,-25,-19,-51
1742098753.8171332,-23,18,-53
1742098753.852133,-21,4,0
1742098753.888133,-11,12,-65
1742098753.9231331,-37,18,104
1742098753.958133,-11,-87,-45
1742098753.994133,-21,-47,-67
1742098754.029133,-33,-85,-59
1742098754.065133,-19,70,100
1742098754.1001332,-11,-17,60
1742098754.1361332,-11,56,82
1742098754.171133,52,40,43
1742098754.2061331,38,18,-9
1742098754.2421331,26,16,-98
1742098754.277133,-9,-71,-30
1742098754.313133,20,62,-106
1742098754.348133,15,0,-14
1742098754.384133,-32,-45,-76
1742098754.4191332,3,52,-84
1742098754.454133,-27,-31,-6
1742098754.490133,-13,56,-22
1742098754.5251331,32,-47,-31
1742098754.5611331,46,8,-40
1742098754.596133,-15,-87,61
1742098754.632133,-95,10,-74
1742098754.667133,6,-71,-109
1742098754.7021332,-27,84,162
1742098754.7381332,46,-31,-12
1742098754.773133,-41,-11,-64
1742098754.809133,38,-25,28
1742098754.8441331,-45,2,-99
1742098754.8801332,35,-53,-69
1742098754.915133,0,-13,-61
1742098754.950133,-12,-65,18
1742098754.986133,41,-29,-35
1742098755.0211332,-56,6,18
1742098755.0571332,55,-17,-50
1742098755.092133,-20,6,17
1742098755.128133,40,32,-131
1742098755.1631331,11,-35,-7
1742098755.198133,-44,-103,-31
1742098755.241133,-50,2,-29
1742098755.277133,-60,32,-13
1742098755.313133,-30,6,-123
1742098755.348133,-24,26,-71
1742098755.3831332,25,-11,-27
1742098755.418133,85,-73,-11
1742098755.454133,-40,-11,-83
1742098755.490133,69,-25,18
1742098755.5251331,43,-79,18
1742098755.5611331,47,-85,104
1742098755.596133,-14,20,-43
1742098755.631133,-14,-59,30
1742098755.6661332,63,-23,-87
1742098755.7021332,42,20,-45
1742098755.7381332,-33,-19,-6
1742098755.773133,82,64,-76
1742098755.809133,-53,22,-96
1742098755.8441331,12,-23,-172
1742098755.879133,30,-37,-40
1742098755.914133,-47,28,129
1742098755.950133,-21,10,-29
1742098755.986133,-26,70,-95
1742098756.0211332,26,-33,-96
1742098756.0571332,-13,38,-61
1742098756.092133,66,-45,-74
1742098756.1271331,10,-21,-2
1742098756.162133,-25,-41,-176
1742098756.198133,52,-5,-54
1742098756.234133,-7,56,-86
1742098756.269133,-17,-67,-143
1742098756.305133,54,-43,-43
1742098756.3401332,28,14,-17
1742098756.375133,-94,2,-115
1742098756.4101331,15,48,-187
1742098756.4461331,39,-63,-135
1742098756.4821332,3,14,12
1742098756.517133,81,0,0
1742098756.553133,-64,30,-99
1742098756.588133,6,-19,-40
1742098756.6231332,0,-39,-84
1742098756.658133,44,12,-133
1742098756.694133,4,-55,83
1742098756.730133,-1,-63,-57
1742098756.7651331,22,-11,-116
1742098756.8011332,-15,58,-110
1742098756.836133,-19,-65,-14
1742098756.871133,-13,-1,69
1742098756.9061332,-15,-17,-62
1742098756.9421332,10,-25,1
1742098756.9781332,96,14,5
1742098757.013133,-65,26,-78
1742098757.049133,-33,26,49
1742098757.0841331,-17,76,-68
1742098757.119133,4,-69,19
1742098757.154133,26,16,-112
1742098757.190133,-9,34,-118
1742098757.226133,-3,30,63
1742098757.2611332,-57,-9,-78
1742098757.297133,16,-83,69
1742098757.332133,-9,38,-70
1742098757.3671331,20,-41,-32
1742098757.402133,40,50,60
1742098757.438133,10,-49,-85
1742098757.474133,-69,-25,74
1742098757.509133,32,-61,-13
1742098757.545133,68,22,-35
1742098757.5801332,46,20,-21
1742098757.615133,12,-39,40
1742098757.6501331,-3,-21,-9
1742098757.6861331,-33,32,50
1742098757.7221332,10,-1,-137
1742098757.757133,30,38,-257
1742098757.793133,10,8,-95
1742098757.828133,98,-79,-23
1742098757.8631332,80,102,-75
1742098757.898133,10,82,-79
1742098757.934133,-85,-1,-68
1742098757.970133,54,-31,-56
1742098758.0051332,-43,0,9
1742098758.0411332,30,-17,-32
1742098758.076133,-35,-37,-10
1742098758.111133,12,-19,-84
1742098758.1461332,50,6,89
1742098758.1821332,74,18,-82
1742098758.218133,-9,8,17
1742098758.253133,-11,50,-32
1742098758.289133,16,-51,-30
1742098758.3241332,0,-51,-64
1742098758.359133,-5,-5,-184
1742098758.394133,20,-77,-88
1742098758.430133,-19,6,-140
1742098758.466133,22,-13,67
1742098758.501133,20,20,-34
1742098758.537133,-77,50,-128
1742098758.572133,-39,-3,-110
1742098758.6071332,-13,-21,67
1742098758.642133,34,-19,-68
1742098758.678133,-3,-41,-42
1742098758.714133,59,-5,115
1742098758.749133,-82,6,-22
1742098758.7851331,-64,-19,-136
1742098758.820133,5,38,-16
1742098758.855133,69,-3,-82
1742098758.8901331,39,-39,-20
1742098758.9261332,81,-23,-126
1742098758.9621332,13,8,65
1742098758.997133,7,-7,65
1742098759.033133,-32,-89,-112
1742098759.068133,-18,-19,91
1742098759.1031332,-50,16,-86
1742098759.138133,59,34,7
1742098759.174133,-12,-27,-188
1742098759.210133,-40,54,-108
1742098759.2451332,85,34,-168
1742098759.2811332,19,-27,-116
1742098759.316133,35,-79,-76
1742098759.351133,-122,16,33
1742098759.3861332,7,-25,-32
1742098759.422133,-30,-37,-80
1742098759.458133,15,-5,-80
1742098759.493133,-70,18,-82
1742098759.529133,53,-55,-60
1742098759.5641332,9,70,-100
1742098759.599133,3,-19,-64
1742098759.635133,-116,-21,-104
1742098759.670133,29,-57,-94
1742098759.7061331,-4,12,-30
1742098759.741133,21,12,-64
1742098759.777133,-32,26,-74
1742098759.812133,37,46,7
1742098759.8471332,-26,26,-70
1742098759.8831332,115,-39,-78
1742098759.918133,-14,-31,-94
1742098759.954133,-32,60,-38
1742098759.9891331,-6,-23,103
1742098760.0251331,-14,-87,19
1742098760.060133,-30,-13,31
1742098760.095133,87,-47,-26
1742098760.131133,-32,-11,-2
1742098760.1661332,-10,20,-78
1742098760.2021332,25,42,-70
1742098760.237133,3,-37,-48
1742098760.273133,25,-1,-40
1742098760.3081331,-50,44,-74
1742098760.343133,-20,-31,-10
1742098760.379133,1,-3,-78
1742098760.414133,1,-31,-116
1742098760.450133,45,22,-72
1742098760.4851332,29,-1,41
1742098760.5211332,13,-111,-6
1742098760.556133,35,64,-34
1742098760.591133,-42,54,65
1742098760.6271331,29,-27,-100
1742098760.662133,-14,34,-46
1742098760.698133,27,2,-70
1742098760.733133,-12,64,79
1742098760.769133,27,4,79
1742098760.8041332,91,60,-76
1742098760.839133,0,48,29
1742098760.875133,35,-3,145
1742098760.9101331,77,56,-132
1742098760.9461331,9,-13,-22
1742098760.981133,27,2,-40
1742098761.017133,43,-81,0
1742098761.052133,-4,-21,-36
1742098761.0871332,25,-47,-50
1742098761.1231332,-14,34,-18
1742098761.158133,-74,18,-60
1742098761.194133,57,84,-68
1742098761.2291331,-14,-97,-66
1742098761.2651331,24,-7,-12
1742098761.300133,-12,-37,-6
1742098761.335133,-21,50,3
1742098761.371133,-30,50,-176
1742098761.4061332,34,-59,15
1742098761.4421332,-19,-1,43
1742098761.477133,-51,76,-70
1742098761.513133,-71,26,15
1742098761.5481331,-34,-39,-110
1742098761.583133,-6,14,-112
1742098761.619133,-10,-27,33
1742098761.654133,-8,-55,-130
1742098761.690133,51,34,-152
1742098761.7251332,81,-31,-10
1742098761.7611332,-36,12,-102
1742098761.796133,-36,-47,-30
1742098761.8311331,-70,4,63
1742098761.8671331,21,16,-56
1742098761.902133,21,24,-210
1742098761.938133,17,-3,27
1742098761.973133,19,-17,15
1742098762.009133,-88,-5,-30
1742098762.045133,-45,-35,21
1742098762.0801332,59,22,-54
1742098762.115133,-39,54,-54
1742098762.151133,-28,-25,-82
1742098762.187133,52,-19,-96
1742098762.2221332,20,0,37
1742098762.2581332,-1,-59,103
1742098762.293133,18,-81,-4
1742098762.328133,-13,116,103
1742098762.3631332,36,-45,-72
1742098762.399133,-24,36,25
1742098762.435133,-63,-13,-72
1742098762.470133,4,16,-150
1742098762.506133,4,-7,-54
1742098762.5411332,4,14,-104
1742098762.576133,14,4,67
1742098762.611133,98,-49,11
1742098762.647133,-53,26,61
1742098762.6831331,-43,10,7
1742098762.718133,20,-23,-130
1742098762.754133,-39,44,-138
1742098762.789133,-23,12,-64
1742098762.8241332,60,-7,-50
1742098762.859133,18,-13,-6
1742098762.895133,-85,8,-42
1742098762.931133,-55,32,3
1742098762.966133,-85,62,-80
1742098763.0021331,-29,40,-50
1742098763.037133,-3,8,-38
1742098763.072133,10,66,13
1742098763.1071332,-5,40,-6
1742098763.1431332,-61,46,-40
1742098763.1791332,-23,10,-22
1742098763.214133,-23,18,-4
1742098763.250133,34,42,-86
1742098763.2851331,-49,-9,13
1742098763.320133,40,42,-16
1742098763.355133,104,-17,-56
1742098763.391133,66,-51,-84
1742098763.427133,-27,-101,-54
1742098763.4621332,-55,16,-134
1742098763.4981332,28,46,-16
1742098763.533133,-53,18,-42
1742098763.568133,-91,36,9
1742098763.6031332,48,26,-82
1742098763.639133,-13,38,59
1742098763.675133,-7,-61,-68
1742098763.710133,-31,-7,-96
1742098763.746133,34,56,-6
1742098763.7811332,-43,2,-94
1742098763.816133,-3,-25,-44
1742098763.851133,-27,16,-110
1742098763.8871331,6,44,-56
1742098763.9231331,-41,2,5
1742098763.958133,74,32,-52
1742098763.994133,0,34,-48
1742098764.029133,24,0,0
1742098764.0641332,-25,58,-100
1742098764.099133,-69,2,-66
1742098764.135133,-59,26,-38
1742098764.171133,0,12,-84
1742098764.2061331,-37,-27,-42
1742098764.2421331,2,0,-126
1742098764.277133,-9,-13,-24
1742098764.312133,-33,42,-78
1742098764.3471332,48,18,119
1742098764.3831332,-31,-7,3
1742098764.4191332,-67,16,-28
1742098764.454133,-1,-19,-168
1742098764.490133,6,0,29
1742098764.5251331,-5,42,-24
1742098764.560133,-23,-13,73
1742098764.595133,-77,32,85
1742098764.631133,56,16,-46
1742098764.667133,-17,14,31
1742098764.7021332,68,-69,-76
1742098764.7381332,4,26,15
1742098764.773133,54,22,-128
1742098764.8081331,26,0,1
1742098764.843133,90,-63,-4
1742098764.879133,-11,16,121
1742098764.915133,18,16,-146
1742098764.950133,4,0,59
1742098764.986133,-85,-83,97
1742098765.0211332,-23,114,-120
1742098765.056133,30,2,-70
1742098765.091133,16,-31,-14
1742098765.1271331,-11,-55,-26
1742098765.1631331,-29,-43,15
1742098765.198133,-3,24,-38
1742098765.234133,-25,-3,19
1742098765.276133,-53,24,-126
1742098765.312133,4,84,-46
1742098765.3471332,38,-3,-48
1742098765.3831332,-41,28,-70
1742098765.4191332,-23,8,-142
1742098765.454133,-19,-17,-142
1742098765.490133,24,62,115
1742098765.5251331,44,-19,-2
1742098765.560133,44,60,-62
1742098765.595133,20,-53,-144
1742098765.631133,-27,20,-128
1742098765.667133,-61,-52,-140
1742098765.7021332,-43,22,-96
1742098765.7381332,46,22,-138
1742098765.773133,-21,-115,-24
1742098765.8081331,4,-13,-42
1742098765.843133,22,-25,-126
1742098765.879133,-43,-53,-46
1742098765.915133,-51,23,-4
1742098765.950133,-59,69,-84
1742098765.986133,8,-25,-90
1742098766.0211332,-57,26,23
1742098766.056133,-53,-25,-6
1742098766.091133,-21,-3,97
1742098766.1271331,12,0,97
1742098766.1631331,-73,-39,-38
1742098766.198133,-13,-21,101
1742098766.234133,42,12,-2
1742098766.269133,12,-19,-100
1742098766.3041332,52,-53,-58
1742098766.3401332,84,44,-18
1742098766.375133,-53,-3,-122
1742098766.411133,-29,100,51
1742098766.4461331,38,4,-100
1742098766.4821332,46,50,-52
1742098766.517133,46,-73,3
1742098766.552133,54,60,-4
1742098766.588133,-5,-71,-92
1742098766.6231332,16,-31,-25
1742098766.6591332,-51,-17,-31
1742098766.694133,-55,-9,-141
1742098766.730133,-11,14,80
1742098766.7651331,-25,-17,-149
1742098766.800133,0,40,-49
1742098766.836133,-5,34,-99
1742098766.871133,-25,34,-75
1742098766.907133,6,28,-85
1742098766.9421332,-67,22,-45
1742098766.9781332,-65,2,-21
1742098767.013133,54,24,56
1742098767.0481331,-37,44,-43
1742098767.0841331,-65,-33,-125
1742098767.119133,-11,-5,114
1742098767.155133,16,62,50
1742098767.190133,0,-71,-29
1742098767.226133,40,46,-9
1742098767.2611332,44,26,-107
1742098767.296133,44,2,-107
1742098767.332133,28,-15,-121
1742098767.3671331,-51,-23,-123
1742098767.4031332,-31,-9,72
1742098767.438133,34,-1,62
1742098767.474133,-33,-25,-59
1742098767.509133,92,24,-67
1742098767.5441332,86,-173,-51
1742098767.5801332,-13,32,-181
1742098767.615133,-13,-53,-55
1742098767.651133,-21,0,-83
1742098767.6861331,-1,6,22
1742098767.7221332,-87,22,32
1742098767.757133,-3,10,-95
1742098767.792133,-3,0,-3
1742098767.828133,-55,0,-99
1742098767.8631332,-43,-23,-145
1742098767.899133,-3,34,22
1742098767.934133,-55,4,-81
1742098767.970133,26,36,-127
1742098768.0051332,-29,-47,-45
1742098768.040133,-47,16,-37
1742098768.076133,-79,-43,-33
1742098768.111133,-41,-46,88
1742098768.147133,14,83,14
1742098768.1821332,74,15,30
1742098768.218133,-59,35,-79
1742098768.253133,24,69,-145
1742098768.2881331,-11,49,-33
1742098768.3241332,-17,-32,-91
1742098768.359133,-49,19,-117
1742098768.395133,-5,17,66
1742098768.430133,-31,25,52
1742098768.466133,40,-22,-127
1742098768.501133,26,21,-35
1742098768.536133,84,-56,-57
1742098768.572133,8,-156,-97
1742098768.6071332,-57,-42,-39
1742098768.6431332,-33,10,-27
1742098768.678133,32,-25,10
1742098768.714133,26,18,-115
1742098768.750133,12,-19,46
1742098768.786133,40,47,-87
1742098768.822133,30,-26,-91
1742098768.8571332,-21,85,-39
1742098768.892133,14,-102,-107
1742098768.928133,12,-32,-103
1742098768.964133,66,25,62
1742098768.999133,-65,-42,-49
1742098769.0351331,-65,-16,64
1742098769.070133,18,43,-49
1742098769.105133,28,-16,0
1742098769.1401331,-105,2,-21
1742098769.1761332,-39,26,-131
1742098769.2121332,14,-29,-89
1742098769.247133,-93,-7,4
1742098769.283133,14,72,6
1742098769.318133,-29,-32,-45
1742098769.3531332,-17,77,-61
1742098769.388133,66,59,-125
1742098769.424133,-49,1,-47
1742098769.460133,46,-34,-69
1742098769.4951332,40,72,-33
1742098769.5311332,10,10,-81
1742098769.566133,12,3,-83
1742098769.601133,-31,0,60
1742098769.6361332,6,34,-79
1742098769.672133,-5,-51,74
1742098769.708133,-67,12,-43
1742098769.743133,4,18,-13
1742098769.779133,-13,66,-39
1742098769.8141332,26,4,-43
1742098769.849133,24,58,-51
1742098769.884133,-49,48,12
1742098769.920133,94,-35,-99
1742098769.9561331,-1,-9,58
1742098769.991133,18,18,-63
1742098770.027133,44,-13,-61
1742098770.062133,-41,36,22
1742098770.0971332,-61,18,-77
1742098770.132133,38,36,-59
1742098770.168133,-95,88,-51
1742098770.204133,26,-25,-55
1742098770.2391331,-27,24,-43
1742098770.2751331,-45,28,-15
1742098770.310133,-41,34,-81
1742098770.345133,-5,20,-5
1742098770.3801332,-47,116,-15
1742098770.4161332,-27,50,36
1742098770.4521332,54,-39,-55
1742098770.487133,-53,-21,10
1742098770.523133,80,0,20
1742098770.5581331,-31,-33,34
1742098770.593133,44,-17,-75
1742098770.628133,-31,10,-45
1742098770.664133,36,52,-63
1742098770.700133,92,-23,-115
1742098770.7351332,34,6,8
1742098770.7711332,20,-5,8
1742098770.806133,82,64,-79
1742098770.841133,16,-17,-97
1742098770.876133,-20,-62,-121
1742098770.912133,-16,44,38
1742098770.948133,0,-5,-53
1742098770.983133,70,-18,-59
1742098771.019133,-17,13,106
1742098771.0541332,-37,76,-29
1742098771.089133,-4,48,-55
1742098771.124133,76,-62,46
1742098771.1601331,-1,-63,-57
1742098771.1961331,50,22,-47
1742098771.231133,98,-67,26
1742098771.267133,4,112,34
1742098771.302133,-5,-61,-103
1742098771.3371332,-71,64,-29
1742098771.372133,62,14,46
1742098771.408133,30,8,-175
1742098771.444133,26,0,40
1742098771.4791331,-9,-35,-131
1742098771.5151331,-117,50,32
1742098771.550133,70,-15,18
1742098771.585133,-23,24,-147
1742098771.6201332,21,-39,-29
1742098771.6561332,36,26,-85
1742098771.6921332,10,-59,-93
1742098771.727133,52,60,-111
1742098771.763133,-17,0,-9
1742098771.7981331,12,48,82
1742098771.833133,34,14,-113
1742098771.868133,42,-57,-33
1742098771.904133,-29,-43,-95
1742098771.940133,-7,-1,16
1742098771.9751332,-23,-31,-7
1742098772.0111332,76,-29,-25
1742098772.046133,20,-9,34
1742098772.0811331,-1,14,-93
1742098772.116133,24,4,-97
1742098772.152133,34,-45,-46
1742098772.188133,38,-61,22
1742098772.223133,-33,-5,-19
1742098772.259133,30,62,-7
1742098772.2941332,-3,80,40
1742098772.329133,60,-9,-31
1742098772.3641331,-33,-5,-57
1742098772.4001331,-63,106,-15
1742098772.4361331,6,70,-119
1742098772.471133,-7,78,-79
1742098772.507133,70,-11,-31
1742098772.542133,62,-7,-77
1742098772.5771332,-13,-43,-67
1742098772.612133,-23,16,30
1742098772.648133,-37,-23,22
1742098772.684133,-53,10,-133
1742098772.7191331,-27,-17,-75
1742098772.7551332,-19,-15,-111
1742098772.790133,46,-15,-81
1742098772.825133,8,14,-23
1742098772.8601332,54,-55,18
1742098772.8961332,2,18,-43
1742098772.9321332,-25,-5,-11
1742098772.967133,24,86,156
1742098773.003133,-37,0,92
1742098773.0381331,6,-25,2
1742098773.073133,-45,70,28
1742098773.109133,-9,-19,4
1742098773.144133,2,50,-27
1742098773.180133,-39,-17,6
1742098773.2151332,-51,-61,-145
1742098773.251133,34,-5,-129
1742098773.286133,68,24,8
1742098773.3211331,2,-21,-19
1742098773.3571332,-1,-25,14
1742098773.392133,-27,0,-53
1742098773.428133,-1,-27,-5
1742098773.463133,34,-15,36
1742098773.499133,14,-15,-113
1742098773.5341332,38,38,-49
1742098773.569133,32,16,-111
1742098773.605133,-1,-81,-97
1742098773.6401331,-13,-5,-29
1742098773.6761332,58,30,42
1742098773.711133,-1,6,-63
1742098773.747133,-59,6,-1
1742098773.782133,-59,8,-1
1742098773.8171332,2,-19,-147
1742098773.8531332,-33,0,-43
1742098773.888133,-7,18,60
1742098773.924133,-7,-59,-25
1742098773.9591331,28,-29,-17
1742098773.9951332,-7,-45,-82
1742098774.030133,4,-33,16
1742098774.065133,-55,-51,-98
1742098774.101133,18,76,49
1742098774.1361332,44,34,-100
1742098774.172133,-49,2,-76
1742098774.207133,70,24,39
1742098774.243133,-85,26,8
1742098774.2781332,-49,-39,-57
1742098774.313133,40,32,-21
1742098774.349133,-16,-69,-85
1742098774.384133,-13,0,12
1742098774.420133,-39,-1,-3
1742098774.4551332,-6,110,-75
1742098774.491133,15,-17,-45
1742098774.526133,-36,2,-39
1742098774.5611331,-48,6,20
1742098774.5971332,5,18,10
1742098774.632133,-22,4,134
1742098774.668133,39,-37,-49
1742098774.703133,21,-25,52
1742098774.7391331,39,22,-51
1742098774.774133,57,62,-81
1742098774.809133,-60,-15,-67
1742098774.845133,-74,54,-65
1742098774.8801332,51,-53,58
1742098774.9161332,14,0,-67
1742098774.951133,69,-37,-25
1742098774.987133,-26,20,-73
1742098775.022133,-9,6,-13
1742098775.0571332,4,-13,-27
1742098775.093133,-10,0,-93
1742098775.128133,15,2,24
1742098775.164133,1,-39,-85
1742098775.1991332,-24,-11,32
1742098775.2351332,71,30,-59
1742098775.277133,-30,-69,-69
1742098775.313133,-56,-59,-117
1742098775.349133,-76,38,-31
1742098775.384133,-8,-25,-101
1742098775.420133,27,-19,-41
1742098775.4551332,-28,6,16
1742098775.490133,37,-5,16
1742098775.5251331,53,-15,-65
1742098775.5611331,9,4,42
1742098775.5971332,5,-13,28
1742098775.632133,-28,-75,-71
1742098775.668133,15,-69,-123
1742098775.703133,11,24,-107
1742098775.7381332,37,-69,84
1742098775.773133,-10,4,44
1742098775.809133,15,22,-169
1742098775.845133,-37,52,-43
1742098775.8801332,12,-13,-107
1742098775.9161332,24,88,-133
1742098775.951133,14,-3,68
1742098775.986133,-47,-15,6
1742098776.0211332,6,28,-105
1742098776.0571332,8,8,54
1742098776.093133,-5,-13,-51
1742098776.128133,33,34,-123
1742098776.164133,9,-73,70
1742098776.1991332,-42,70,46
1742098776.234133,-60,-19,-95
1742098776.269133,-40,26,-61
1742098776.305133,-90,26,-33
1742098776.341133,-28,2,10
1742098776.376133,29,-3,4
1742098776.412133,26,-1,34
1742098776.447133,16,-29,-41
1742098776.4821332,-33,66,-141
1742098776.517133,2,6,38
1742098776.553133,-19,12,24
1742098776.589133,-11,-43,-133
1742098776.624133,-3,-3,-153
1742098776.6601331,-51,38,22
1742098776.695133,12,86,-35
1742098776.730133,56,6,-35
1742098776.7651331,14,-11,-155
1742098776.8011332,90,34,-3
1742098776.8371332,-65,18,-205
1742098776.872133,64,-17,-195
1742098776.908133,-13,-17,-47
1742098776.943133,40,34,-47
1742098776.9781332,0,-13,-169
1742098777.013133,86,34,-229
1742098777.049133,-1,100,18
1742098777.085133,-39,0,22
1742098777.1201332,52,44,64
1742098777.1561332,44,-53,48
1742098777.191133,-61,36,14
1742098777.226133,4,44,-129
1742098777.2611332,-13,4,-49
1742098777.297133,-55,54,-111
1742098777.333133,-7,58,-163
1742098777.368133,-1,16,52
1742098777.404133,-87,-43,30
1742098777.4391332,-59,-1,118
1742098777.474133,28,-5,-59
1742098777.509133,14,38,-31
1742098777.545133,12,-5,-93
1742098777.5811331,-63,24,-145
1742098777.616133,-21,38,-81
1742098777.652133,-57,-31,-83
1742098777.687133,-13,24,32
1742098777.7221332,-31,80,20
1742098777.757133,-53,-25,-17
1742098777.793133,-7,-51,-37
1742098777.829133,64,0,-191
1742098777.8641331,-27,-1,84
1742098777.9001331,-51,-47,-75
1742098777.935133,38,0,46
1742098777.970133,-41,50,-61
1742098778.0051332,34,2,-105
1742098778.0411332,84,-5,-35
1742098778.0771332,-21,-27,22
1742098778.112133,14,-25,2
1742098778.148133,22,42,-87
1742098778.1831331,20,-45,176
1742098778.218133,78,-83,-109
1742098778.253133,-49,-23,-53
1742098778.289133,46,40,54
1742098778.325133,10,32,-47
1742098778.3601332,-87,40,-49
1742098778.3961332,-3,-31,-93
1742098778.431133,20,78,-243
1742098778.466133,38,-59,-89
1742098778.501133,-49,8,-9
1742098778.537133,44,-67,74
1742098778.573133,62,100,-27
1742098778.608133,18,72,36
1742098778.644133,8,-29,-43
1742098778.6791332,24,-17,-123
1742098778.714133,-81,14,30
1742098778.749133,-37,-71,-13
1742098778.7851331,4,64,-99
1742098778.8211331,-23,88,-115
1742098778.8571332,-67,-31,-69
1742098778.8931332,42,-41,-17
1742098778.928133,20,-35,-91
1742098778.964133,-13,-67,-93
1742098778.999133,-13,-3,57
1742098779.0341332,-13,-23,0
1742098779.069133,-71,4,-72
1742098779.105133,-53,36,-56
1742098779.141133,-15,-29,-68
1742098779.1761332,10,28,-28
1742098779.2121332,18,40,-36
1742098779.247133,-11,22,-32
1742098779.282133,-129,-1,-72
1742098779.3171332,32,-11,-38
1742098779.3531332,96,-39,-68
1742098779.389133,-71,-15,119
1742098779.424133,-47,46,-96
1742098779.460133,12,-49,57
1742098779.4951332,-25,0,45
1742098779.530133,10,28,0
1742098779.565133,-39,12,-152
1742098779.601133,-1,-13,-82
1742098779.6371331,92,10,-82
1742098779.672133,72,-27,63
1742098779.708133,-79,-49,-2
1742098779.743133,-9,0,-30
1742098779.7781332,-3,20,-116
1742098779.8141332,6,46,21
1742098779.849133,34,36,-124
1742098779.885133,-21,-29,-58
1742098779.920133,4,-21,-44
1742098779.9561331,-79,54,-68
1742098779.991133,16,24,-66
1742098780.026133,8,46,-42
1742098780.062133,90,-13,-80
1742098780.0971332,-3,-31,-166
1742098780.1331332,30,16,-6
1742098780.168133,-27,-27,-38
1742098780.204133,32,36,9
1742098780.2391331,66,-33,-146
1742098780.274133,-37,36,-100
1742098780.310133,-29,-19,-80
1742098780.345133,-25,-67,-136
1742098780.381133,42,-53,47
1742098780.4161332,-27,84,29
1742098780.4521332,58,42,25
1742098780.487133,56,-41,-66
1742098780.522133,-9,-81,-144
1742098780.5581331,-69,-19,-112
1742098780.593133,-27,6,5
1742098780.629133,-35,-11,79
1742098780.664133,60,90,-78
1742098780.700133,38,16,-42
1742098780.7351332,36,-43,-130
1742098780.770133,-17,22,47
1742098780.806133,-51,38,-48
1742098780.841133,12,34,-82
1742098780.8771331,-7,14,67
1742098780.912133,166,54,-60
1742098780.948133,56,16,67
1742098780.983133,-23,2,39
1742098781.0181332,-19,18,1
1742098781.0541332,-89,34,-158
1742098781.089133,38,-113,5
1742098781.125133,92,-7,-92
1742098781.1601331,92,12,-64
1742098781.1961331,-67,-95,47
1742098781.231133,32,-49,-52
1742098781.266133,-65,-67,-140
1742098781.302133,-71,30,-54
1742098781.3371332,32,34,-70
1742098781.3731332,34,22,1
1742098781.408133,-21,-37,-50
1742098781.444133,-15,66,-74
1742098781.4791331,-47,-1,-178
1742098781.514133,54,-5,-44
1742098781.550133,18,-115,-168
1742098781.585133,10,50,-42
1742098781.621133,-29,-129,-76
1742098781.6561332,-31,-3,5
1742098781.6921332,-21,0,-78
1742098781.727133,-13,10,-54
1742098781.7621331,100,-33,-42
1742098781.7981331,34,48,9
1742098781.833133,10,-21,-26
1742098781.869133,-15,36,0
1742098781.904133,-25,-47,-80
1742098781.940133,44,22,-108
1742098781.9751332,-87,-1,-62
1742098782.010133,-29,-53,-50
1742098782.046133,-5,-15,-104
1742098782.0811331,-15,16,-62
1742098782.1171331,100,-67,-60
1742098782.152133,-23,-15,77
1742098782.187133,28,-31,33
1742098782.2221332,42,-71,-112
1742098782.2581332,48,14,43
1742098782.2941332,-9,26,-80
1742098782.329133,30,46,-28
1742098782.365133,34,-87,-48
1742098782.4001331,-23,-3,-138
1742098782.435133,74,-41,1
1742098782.470133,-35,-13,-28
1742098782.506133,-41,32,13
1742098782.542133,-33,-31,-96
1742098782.5771332,52,-51,11
1742098782.6131332,18,4,-80
1742098782.648133,8,24,5
1742098782.6831331,14,-11,55
1742098782.718133,26,60,-52
1742098782.754133,-21,-57,-84
1742098782.790133,26,28,-80
1742098782.825133,118,30,-92
1742098782.861133,-37,-3,-134
1742098782.8961332,-11,50,-30
1742098782.931133,74,28,7
1742098782.966133,22,14,-140
1742098783.0021331,21,42,-58
1742098783.0381331,59,-23,1
1742098783.073133,43,12,-52
1742098783.109133,79,52,-6
1742098783.144133,-43,-49,-86
1742098783.1791332,0,-3,-58
1742098783.214133,14,10,-28
1742098783.250133,46,36,-94
1742098783.286133,10,56,17
1742098783.3211331,-61,46,11
1742098783.3571332,-57,-3,-26
1742098783.392133,4,0,5
1742098783.427133,38,-35,15
1742098783.4621332,2,18,-124
1742098783.4981332,46,-9,-86
1742098783.5341332,-5,-17,-50
1742098783.569133,44,-37,3
1742098783.605133,51,-17,-136
1742098783.6401331,66,-9,41
1742098783.675133,16,-13,-22
1742098783.710133,-37,-67,-84
1742098783.746133,46,-29,21
1742098783.782133,26,26,67
1742098783.8171332,-5,-49,-32
1742098783.8531332,-9,-63,-58
1742098783.888133,86,-19,-4
1742098783.9231331,58,-67,19
1742098783.958133,-23,-17,-96
1742098783.994133,42,24,1
1742098784.030133,62,26,-64
1742098784.065133,44,30,-46
1742098784.101133,18,-29,21
1742098784.1361332,58,-25,-42
1742098784.171133,26,24,-48
1742098784.2061331,-71,4,-42
1742098784.2421331,-69,-49,11
1742098784.2781332,56,2,-120
1742098784.313133,-17,-45,-74
1742098784.349133,70,-15,-124
1742098784.384133,-87,78,113
1742098784.4191332,16,-11,-110
1742098784.454133,-3,-7,1
1742098784.490133,-41,106,-44
1742098784.526133,74,-73,0
1742098784.5611331,2,-23,89
1742098784.5971332,22,-75,-62
1742098784.632133,24,-47,-34
1742098784.667133,16,54,-8
1742098784.7021332,-9,16,57
1742098784.7381332,12,10,-96
1742098784.774133,44,-71,-38
1742098784.809133,-21,0,-112
1742098784.845133,-35,-27,-172
1742098784.8801332,18,-45,-90
1742098784.915133,-41,2,-64
1742098784.950133,38,22,-70
1742098784.986133,28,-55,-6
1742098785.022133,42,12,-100
1742098785.0571332,12,88,-56
1742098785.093133,60,-11,-114
1742098785.128133,62,2,-18
1742098785.1631331,-27,10,-162
1742098785.198133,-7,46,-40
1742098785.234133,-31,-29,-18
1742098785.270133,-7,-33,-6
1742098785.312133,-3,88,-12
1742098785.349133,80,6,-48
1742098785.384133,-39,-29,59
1742098785.4191332,-13,-19,37
1742098785.454133,-71,10,-32
1742098785.490133,-87,52,-26
1742098785.526133,12,16,-66
1742098785.5611331,-13,-77,23
1742098785.5971332,-1,0,0
1742098785.632133,-23,12,-72
1742098785.667133,8,2,-62
1742098785.7021332,-29,-9,-84
1742098785.7381332,-11,-13,13
1742098785.774133,-33,26,-42
1742098785.809133,78,-3,25
1742098785.845133,34,8,-4
1742098785.8801332,0,24,-32
1742098785.915133,-55,-5,-78
1742098785.950133,-7,-71,-40
1742098785.986133,46,-31,-82
1742098786.022133,-3,56,-98
1742098786.0571332,-3,22,-28
1742098786.093133,-73,14,-108
1742098786.128133,8,-13,-204
1742098786.1631331,38,8,77
1742098786.198133,20,88,-68
1742098786.234133,12,20,65
1742098786.270133,-19,-9,-38
1742098786.305133,16,-31,-134
1742098786.341133,-49,6,27
1742098786.376133,58,-57,-60
1742098786.411133,16,106,-82
1742098786.447133,-19,-31,-128
1742098786.4821332,-7,20,-58
1742098786.5181332,-43,-3,1
1742098786.553133,68,28,-84
1742098786.589133,-11,82,19
1742098786.624133,-23,20,43
1742098786.6591332,58,20,-56
1742098786.695133,2,-65,-48
1742098786.730133,-33,-35,-44
1742098786.766133,-93,56,43
1742098786.8011332,14,0,-148
1742098786.8371332,2,4,-72
1742098786.872133,-9,56,-50
1742098786.907133,-49,8,-108
1742098786.943133,22,52,-58
1742098786.9781332,18,42,5
1742098787.014133,-21,14,-90
1742098787.049133,18,10,-90
1742098787.085133,-17,-37,17
1742098787.1201332,-47,-5,-118
1742098787.155133,6,-21,-100
1742098787.191133,92,-55,-94
1742098787.226133,-27,-1,-148
1742098787.2621331,16,86,-24
1742098787.297133,42,34,-42
1742098787.333133,22,34,-34
1742098787.368133,46,-71,43
1742098787.4031332,12,-11,-24
1742098787.4391332,0,-11,-56
1742098787.474133,-15,-11,59
1742098787.510133,-9,4,-80
1742098787.545133,0,-1,-10
1742098787.5811331,24,70,-42
1742098787.616133,-17,-17,-58
1742098787.651133,-25,-1,-90
1742098787.687133,-3,2,7
1742098787.7221332,-17,-21,-108
1742098787.7581332,-79,-125,0
1742098787.793133,-43,-83,11
1742098787.829133,-147,10,-180
1742098787.8641331,12,46,-78
1742098787.899133,80,-11,-152
1742098787.935133,-69,6,21
1742098787.970133,34,26,-110
1742098788.006133,-63,-25,-32
1742098788.0411332,-63,8,23
1742098788.0771332,-1,-53,-30
1742098788.112133,-49,60,-66
1742098788.147133,-47,-99,-108
1742098788.1831331,32,-13,-14
1742098788.218133,-15,-47,-56
1742098788.254133,-45,14,-42
1742098788.289133,10,-31,-20
1742098788.325133,-29,4,-58
1742098788.3601332,-53,-29,-16
1742098788.395133,26,-43,-130
1742098788.431133,54,-45,-36
1742098788.466133,-55,56,-72
1742098788.5021331,-27,0,5
1742098788.537133,76,-65,31
1742098788.573133,-65,-27,15
1742098788.608133,-1,-11,9
1742098788.6431332,8,-81,-60
1742098788.6791332,-47,24,-36
1742098788.714133,83,-9,-118
1742098788.750133,-25,14,-2
1742098788.7851331,-58,-67,-98
1742098788.8211331,-29,-7,-44
1742098788.8571332,-23,-59,27
1742098788.892133,-43,76,-14
1742098788.927133,-33,-15,-80
1742098788.963133,-29,-35,-52
1742098788.999133,14,-59,0
1742098789.0341332,30,20,-124
1742098789.070133,-43,16,-100
1742098789.105133,52,-35,-30
1742098789.1401331,-9,48,-62
1742098789.175133,12,16,-58
1742098789.211133,78,56,-10
1742098789.247133,28,-23,-49
1742098789.282133,10,-1,-61
1742098789.318133,-27,-7,16
1742098789.3531332,54,-31,8
1742098789.388133,-63,-13,18
1742098789.4231331,-85,0,26
1742098789.4591331,36,8,4
1742098789.4951332,10,-17,-13
1742098789.530133,96,-41,-133
1742098789.566133,10,34,76
1742098789.601133,60,-43,28
1742098789.6361332,-23,36,-65
1742098789.671133,20,68,10
1742098789.707133,-1,0,-115
1742098789.743133,-23,72,-69
1742098789.7781332,-45,48,-39
1742098789.8141332,-33,30,-67
1742098789.849133,-9,-15,-1
1742098789.884133,30,6,-37
1742098789.9191332,8,-7,46
1742098789.9551332,8,20,2
1742098789.991133,-59,-25,-81
1742098790.026133,34,-39,-117
1742098790.062133,8,-1,-35
1742098790.0971332,74,2,-1
1742098790.132133,-25,-45,-43
1742098790.167133,20,42,-83
1742098790.203133,8,-7,-11
1742098790.2391331,-33,66,-57
1742098790.274133,22,-17,-185
1742098790.310133,-65,-11,-63
1742098790.345133,-87,-7,-59
1742098790.3801332,32,46,40
1742098790.415133,30,18,8
1742098790.451133,-21,48,-7
1742098790.487133,-43,-63,-31
1742098790.522133,86,28,-151
1742098790.5581331,12,16,16
1742098790.593133,-101,66,-7
1742098790.628133,-59,6,90
1742098790.6631331,-23,-39,10
1742098790.6991332,58,-7,-105
1742098790.7351332,-45,8,38
1742098790.770133,-27,16,-7
1742098790.806133,-11,-23,-165
1742098790.841133,-27,-37,20
1742098790.876133,-45,64,34
1742098790.911133,4,-13,-53
1742098790.947133,8,26,-7
1742098790.983133,78,-37,28
1742098791.0181332,58,-3,54
1742098791.0541332,68,4,-71
1742098791.089133,-7,-25,32
1742098791.124133,-25,-31,-77
1742098791.1591332,22,-33,-23
1742098791.195133,28,18,-77
1742098791.231133,-9,-25,-71
1742098791.266133,-1,-51,14
1742098791.302133,-35,-71,-133
1742098791.3371332,26,54,-39
1742098791.372133,6,-5,34
1742098791.407133,-23,-37,44
1742098791.443133,-74,56,-63
1742098791.4791331,-25,-9,-79
1742098791.514133,-19,-27,48
1742098791.550133,28,-103,-61
1742098791.585133,-57,68,-17
1742098791.6201332,-9,34,40
1742098791.655133,-15,-23,-81
1742098791.691133,-77,34,-27
1742098791.727133,-7,24,6
1742098791.7621331,52,-11,-135
1742098791.7981331,54,56,-81
1742098791.833133,-35,8,-51
1742098791.868133,86,14,-53
1742098791.9031332,4,54,12
1742098791.9391332,-85,-19,48
1742098791.9751332,42,-35,-41
1742098792.010133,-67,36,-113
1742098792.046133,8,-7,0
1742098792.0811331,-21,-19,2
1742098792.116133,4,46,-19
1742098792.151133,-5,-75,-63
1742098792.187133,-37,80,-257
1742098792.223133,26,60,12
1742098792.2581332,14,64,2
1742098792.2941332,60,-53,6
1742098792.329133,94,-7,-21
1742098792.3641331,20,18,-155
1742098792.399133,-29,-15,-145
1742098792.435133,-21,26,-95
1742098792.471133,12,46,-201
1742098792.506133,-55,-11,-5
1742098792.542133,30,104,-73
1742098792.5771332,-35,-21,-105
1742098792.612133,30,26,-39
1742098792.647133,4,32,-45
1742098792.6831331,26,-9,-33
1742098792.7191331,84,-3,-17
1742098792.754133,-63,20,-69
1742098792.790133,-11,-5,38
1742098792.825133,42,90,18
1742098792.8601332,42,-17,-143
1742098792.895133,-67,-27,-29
1742098792.931133,18,22,-59
1742098792.967133,-69,-11,40
1742098793.0021331,-65,-29,16
1742098793.0381331,-3,20,-67
1742098793.073133,24,-15,-27
1742098793.108133,4,28,-31
1742098793.144133,15,-77,78
1742098793.1791332,46,10,-49
1742098793.2151332,32,-41,-77
1742098793.250133,62,2,-69
1742098793.286133,61,-13,-95
1742098793.3211331,27,24,-117
1742098793.356133,-18,-49,20
1742098793.392133,-115,-87,-107
1742098793.427133,4,50,-47
1742098793.463133,2,-13,68
1742098793.4981332,24,-77,-89
1742098793.5341332,64,2,6
1742098793.569133,42,-7,-69
1742098793.6041331,58,-29,-91
1742098793.6401331,12,-25,14
1742098793.675133,-17,40,-121
1742098793.711133,36,-11,-11
1742098793.746133,-31,46,-61
1742098793.782133,100,50,78
1742098793.8171332,70,2,-29
1742098793.852133,78,12,-25
1742098793.888133,70,48,-49
1742098793.9231331,-55,-31,-67
1742098793.9591331,38,12,-9
1742098793.994133,-23,-15,34
1742098794.030133,40,0,-57
1742098794.065133,14,-9,124
1742098794.1001332,10,-39,-127
1742098794.1361332,-79,-5,-89
1742098794.171133,-53,2,0
1742098794.207133,-55,22,-97
1742098794.2421331,-11,-25,88
1742098794.2781332,-41,-3,10
1742098794.313133,28,-17,-47
1742098794.348133,-17,-43,72
1742098794.384133,28,36,-55
1742098794.4191332,6,-37,-169
1742098794.4551332,-17,104,-79
1742098794.490133,40,-55,-41
1742098794.526133,10,12,28
1742098794.5611331,-41,-31,-91
1742098794.596133,2,-23,-79
1742098794.632133,-3,64,-73
1742098794.667133,26,6,38
1742098794.703133,50,30,40
1742098794.7381332,56,2,104
1742098794.774133,-15,-33,-9
1742098794.809133,-29,34,72
1742098794.8441331,20,0,-73
1742098794.8801332,8,-35,24
1742098794.915133,-11,28,-65
1742098794.951133,64,4,-89
1742098794.986133,48,14,-53
1742098795.022133,-61,-1,-43
1742098795.0571332,4,-31,-41
1742098795.092133,36,26,-75
1742098795.128133,12,2,-96
1742098795.1631331,24,50,-81
1742098795.1991332,-69,-71,12
1742098795.234133,-13,-5,-117
1742098795.270133,-39,28,-7
1742098795.305133,-29,-9,-15
1742098795.3471332,-3,8,43
1742098795.384133,-7,-67,-86
1742098795.4191332,46,-11,-75
1742098795.4551332,-73,8,-22
1742098795.490133,-49,-39,-68
1742098795.5251331,-21,-101,-134
1742098795.560133,16,-19,-114
1742098795.596133,-113,22,-102
1742098795.632133,98,44,-86
1742098795.667133,-45,-15,-24
1742098795.703133,-37,8,-130
1742098795.7381332,38,30,-118
1742098795.773133,-7,-11,-64
1742098795.8081331,-31,-3,51
1742098795.8441331,32,-11,-138
1742098795.8801332,12,-27,-180
1742098795.915133,-27,20,-4
1742098795.951133,-63,-31,-2
1742098795.986133,-5,-43,25
1742098796.0211332,0,-23,-58
1742098796.056133,-45,-27,-56
1742098796.092133,-39,0,63
1742098796.128133,0,-19,17
1742098796.1631331,-27,-51,-80
1742098796.1991332,44,-19,-15
1742098796.234133,-27,-55,-142
1742098796.269133,8,-21,-144
1742098796.3041332,-9,-19,-50
1742098796.3401332,34,-11,-77
1742098796.376133,-19,36,-173
1742098796.411133,52,-7,-15
1742098796.447133,-31,-55,32
1742098796.4821332,0,22,-71
1742098796.517133,6,62,32
1742098796.552133,68,6,-105
1742098796.588133,-15,-85,-29
1742098796.624133,8,-23,4
1742098796.6591332,4,22,40
1742098796.695133,-65,50,-33
1742098796.730133,-35,2,22
1742098796.7651331,-39,14,-87
1742098796.800133,-7,32,8
1742098796.836133,50,70,-3
1742098796.872133,-39,-47,-53
1742098796.907133,-11,34,-97
1742098796.943133,-17,-7,-14
1742098796.9781332,16,-9,-66
1742098797.013133,-33,-29,-86
1742098797.0481331,-9,6,-32
1742098797.0841331,-77,-3,33
1742098797.1201332,-11,36,11
1742098797.155133,-75,32,-8
1742098797.191133,-45,122,-40
1742098797.226133,24,16,-112
1742098797.2611332,-25,32,37
1742098797.296133,26,-23,-96
1742098797.332133,-47,48,-40
1742098797.368133,-49,14,-58
1742098797.4031332,10,-25,-16
1742098797.4391332,16,4,-71
1742098797.474133,-13,-1,-87
1742098797.509133,12,14,-57
1742098797.5441332,-43,50,10
1742098797.5801332,-79,44,-99
1742098797.616133,24,-39,-5
1742098797.651133,6,12,-25
1742098797.687133,-53,-13,-132
1742098797.7221332,-15,-53,-97
1742098797.757133,-59,-55,-42
1742098797.792133,-23,38,-83
1742098797.828133,40,-27,-26
1742098797.8641331,8,-35,-42
1742098797.899133,34,-5,-10
1742098797.935133,16,44,-11
1742098797.970133,-41,-25,39
1742098798.0051332,-1,-51,-28
1742098798.040133,-81,60,19
1742098798.076133,26,-23,-196
1742098798.112133,-25,4,17
1742098798.147133,44,-63,-62
1742098798.1831331,-53,-25,57
1742098798.218133,12,-25,16
1742098798.253133,-13,70,24
1742098798.2881331,-81,-1,68
1742098798.3241332,20,4,-69
1742098798.3601332,66,52,28
1742098798.395133,-59,-19,-25
1742098798.431133,-15,44,-133
1742098798.466133,-81,-15,0
1742098798.501133,18,52,-43
1742098798.536133,46,-9,54
1742098798.572133,11,-21,8
1742098798.608133,-88,-15,-15
1742098798.6431332,-66,68,-41
1742098798.6791332,-18,-69,-81
1742098798.714133,68,-103,-89
1742098798.749133,-4,38,62
1742098798.7841332,1,6,-81
1742098798.820133,19,36,-41
1742098798.856133,-80,8,-5
1742098798.891133,-22,50,34
1742098798.927133,29,-17,16
1742098798.9621332,13,16,-61
1742098798.997133,17,-71,-37
1742098799.032133,9,-55,-79
1742098799.068133,75,16,-39
1742098799.1041331,-88,-33,-159
1742098799.139133,41,-11,-13
1742098799.175133,59,44,-167
1742098799.210133,-24,88,-9
1742098799.2451332,-8,64,-123
1742098799.280133,14,-1,-69
1742098799.316133,37,-35,-19
1742098799.352133,60,-11,-45
1742098799.3871331,-87,-107,-21
1742098799.4231331,38,42,-55
1742098799.458133,-69,76,2
1742098799.493133,-29,-51,16
1742098799.5281332,-1,0,96
1742098799.5641332,-41,38,-29
1742098799.6001332,-53,-63,-51
1742098799.635133,8,32,-35
1742098799.671133,22,16,-19
1742098799.7061331,23,-33,-11
1742098799.741133,-111,68,-99
1742098799.777133,-39,54,-123
1742098799.812133,23,22,-3
1742098799.848133,-28,58,-15
1742098799.8831332,53,-11,-159
1742098799.9191332,39,6,-31
1742098799.954133,-54,-11,86
1742098799.9891331,5,0,-67
1742098800.0251331,1,12,-101
1742098800.060133,-14,-19,-77
1742098800.096133,-50,-19,-71
1742098800.131133,-18,-47,10
1742098800.167133,-34,-75,16
1742098800.2021332,46,-9,-39
1742098800.237133,-21,-35,-111
1742098800.273133,48,50,-130
1742098800.3081331,8,68,-99
1742098800.3441331,8,-17,-33
1742098800.379133,-55,-47,48
1742098800.415133,34,-73,56
1742098800.450133,40,-5,-111
1742098800.4851332,14,-3,68
1742098800.5211332,52,22,-52
1742098800.556133,-33,-49,-48
1742098800.592133,-21,8,-22
1742098800.6271331,-35,-23,-34
1742098800.6631331,-37,68,-166
1742098800.698133,-13,46,-52
1742098800.733133,-31,-65,39
1742098800.769133,-49,-31,-64
1742098800.8041332,-73,-21,95
1742098800.8401332,92,-17,43
1742098800.875133,-63,-55,-20
1742098800.911133,80,12,-84
1742098800.9461331,-37,70,-44
1742098800.981133,-37,52,-76
1742098801.017133,-13,0,3
1742098801.052133,56,44,-76
1742098801.088133,-9,10,13
1742098801.1231332,-25,48,5
1742098801.1591332,-5,-11,-170
1742098801.194133,24,86,13
1742098801.2291331,-47,36,-154
1742098801.2651331,-47,42,7
1742098801.300133,-3,-35,-30
1742098801.336133,-13,8,105
1742098801.371133,34,-25,33
1742098801.407133,-40,-25,-28
1742098801.4421332,4,6,-32
1742098801.477133,-17,-57,-102
1742098801.513133,48,-63,119
1742098801.5481331,27,-67,-84
1742098801.5841331,-9,48,-86
1742098801.619133,64,-41,-42
1742098801.655133,22,-37,-56
1742098801.690133,52,-11,-8
1742098801.7251332,14,18,-132
1742098801.7611332,2,24,55
1742098801.796133,-75,-1,-126
1742098801.832133,0,102,-18
1742098801.8671331,-51,-39,-42
1742098801.9031332,-29,-61,93
1742098801.938133,18,-19,0
1742098801.973133,-83,-23,-56
1742098802.009133,74,-41,33
1742098802.0441332,18,22,-100
1742098802.0801332,90,-1,-22
1742098802.115133,-27,94,-80
1742098802.151133,46,0,-54
1742098802.187133,15,-31,95
1742098802.223133,-61,-5,41
1742098802.259133,-45,-23,-46
1742098802.2941332,6,-9,-35
1742098802.329133,84,56,-7
1742098802.365133,10,-13,-7
1742098802.401133,2,-11,-97
1742098802.4361331,-7,-25,14
1742098802.4721332,16,38,-45
1742098802.507133,-101,-63,38
1742098802.542133,70,2,20
1742098802.5771332,-17,6,-47
1742098802.6131332,68,8,-97
1742098802.649133,12,56,42
1742098802.684133,10,52,-3
1742098802.720133,20,-15,62
1742098802.7551332,58,38,-253
1742098802.790133,-25,18,-39
1742098802.825133,42,52,74
1742098802.861133,-73,-37,30
1742098802.897133,-49,34,-59
1742098802.9321332,2,-43,-11
1742098802.968133,-35,22,52
1742098803.003133,-103,-21,18
1742098803.0381331,0,-11,-77
1742098803.073133,-93,12,-75
1742098803.109133,-39,38,124
1742098803.145133,-3,68,-29
1742098803.180133,42,-23,-105
1742098803.216133,0,-15,-23
1742098803.251133,94,74,-47
1742098803.286133,36,-35,-91
1742098803.3211331,-53,-3,46
1742098803.3571332,-43,22,-129
1742098803.3931332,-23,26,-45
1742098803.428133,48,-31,48
1742098803.464133,22,30,-73
1742098803.499133,-37,-29,-25
1742098803.5341332,22,12,-123
1742098803.569133,30,-9,-27
1742098803.605133,-63,-19,26
1742098803.641133,-35,4,20
1742098803.6761332,-45,-35,-175
1742098803.7121332,102,-29,-27
1742098803.747133,-49,22,-93
1742098803.782133,68,6,-29
1742098803.8171332,-43,-31,-131
1742098803.8531332,20,72,36
1742098803.889133,-7,24,40
1742098803.924133,-7,8,-157
1742098803.960133,4,56,-53
1742098803.9951332,54,-11,-21
1742098804.030133,-79,-59,-65
1742098804.065133,28,-15,128
1742098804.101133,-47,10,-183
1742098804.1371331,26,-87,-37
1742098804.172133,-97,4,-27
1742098804.208133,-35,-91,72
1742098804.243133,7,-17,-77
1742098804.2781332,-5,-29,0
1742098804.313133,20,-83,-21
1742098804.349133,16,-5,88
1742098804.385133,-9,80,-25
1742098804.420133,52,-29,-135
1742098804.4561331,24,34,-91
1742098804.491133,-13,-39,116
1742098804.526133,-117,-49,4
1742098804.5611331,32,58,-15
1742098804.5971332,-35,12,62
1742098804.6331332,-135,-17,-25
1742098804.668133,-59,6,8
1742098804.704133,-13,28,-113
1742098804.7391331,-1,30,-103
1742098804.774133,96,16,-85
1742098804.809133,-31,-17,6
1742098804.845133,-37,108,-39
1742098804.881133,76,-13,-101
1742098804.9161332,-5,42,-87
1742098804.9521332,6,-9,-41
1742098804.987133,-17,-1,-37
1742098805.022133,58,-9,52
1742098805.0571332,6,-13,-167
1742098805.093133,26,60,-97
1742098805.129133,4,-99,-69
1742098805.164133,24,4,-33
1742098805.200133,-9,60,-53
1742098805.2351332,-3,-79,-123
1742098805.270133,36,-55,-57
1742098805.305133,-9,-3,-121
1742098805.341133,-3,48,156
1742098805.384133,-15,-63,-63
1742098805.420133,-67,-73,116
1742098805.4561331,36,14,-101
1742098805.491133,-45,58,-23
1742098805.526133,38,-41,128
1742098805.5611331,-35,-3,21
1742098805.5971332,28,-41,9
1742098805.6331332,88,44,-22
1742098805.668133,4,-25,1
1742098805.704133,-5,28,13
1742098805.7391331,-25,36,-10
1742098805.774133,12,30,-50
1742098805.809133,14,-1,-120
1742098805.845133,-43,-11,-71
1742098805.881133,26,68,-28
1742098805.9161332,18,-11,-42
1742098805.9521332,-75,-53,-154
1742098805.987133,-1,72,-108
1742098806.022133,18,20,-76
1742098806.0571332,-15,34,-40
1742098806.093133,-77,-33,45
1742098806.129133,42,80,-8
1742098806.164133,-39,-15,99
1742098806.200133,-5,-51,-154
1742098806.2351332,-73,40,-124
1742098806.270133,-91,16,-68
1742098806.305133,-41,4,-26
1742098806.341133,28,8,-52
1742098806.3771331,14,64,-22
1742098806.412133,18,-29,-30
1742098806.448133,46,10,-26
1742098806.483133,6,44,-118
1742098806.5181332,22,-5,-62
1742098806.5541332,-39,-59,-88
1742098806.589133,50,-13,-128
1742098806.625133,-3,0,-118
1742098806.6601331,12,-1,-108
1742098806.6961331,50,56,-42
1742098806.731133,24,16,-58
1742098806.766133,64,-27,-14
1742098806.802133,2,-51,39
1742098806.8371332,-25,18,-36
1742098806.8731332,34,-49,-68
1742098806.908133,-57,4,79
1742098806.944133,-15,8,-104
1742098806.9791331,30,4,-94
1742098807.014133,14,-27,-48
1742098807.050133,56,-33,-16
1742098807.085133,-19,-21,85
1742098807.121133,20,70,5
1742098807.1561332,-33,36,-46
1742098807.1921332,-67,64,9
1742098807.227133,26,16,49
1742098807.2621331,0,40,-68
1742098807.2981331,48,-17,-118
1742098807.333133,-21,12,23
1742098807.369133,-5,-39,7
1742098807.404133,-31,-13,-22
1742098807.440133,-13,-1,-44
1742098807.4751332,-29,32,-16
1742098807.510133,-101,78,-80
1742098807.546133,24,-17,-50
1742098807.5811331,-37,-11,-100
1742098807.6171331,18,6,-72
1742098807.652133,-57,-21,-76
1742098807.688133,52,82,-26
1742098807.723133,-37,34,-38
1742098807.7581332,-7,40,-30
1742098807.7941332,0,-59,-54
1742098807.829133,44,4,1
1742098807.865133,54,32,1
1742098807.9001331,-49,-21,-54
1742098807.9361331,-11,28,-42
1742098807.971133,22,60,-24
1742098808.006133,-37,-11,-100
1742098808.042133,20,-13,-34
1742098808.0771332,-11,-15,-80
1742098808.1131332,12,-1,-80
1742098808.148133,-1,92,-68
1742098808.184133,-45,-5,-2
1742098808.2191331,24,-5,-36
1742098808.254133,6,90,57
1742098808.290133,4,-19,-84
1742098808.325133,-1,64,-106
1742098808.361133,24,-33,-126
1742098808.3961332,-63,-93,81
1742098808.4321332,-51,14,-2
1742098808.467133,-61,30,-36
1742098808.5021331,-45,20,7
1742098808.5381331,64,-45,-60
1742098808.573133,18,-17,107
1742098808.609133,34,-45,-12
1742098808.644133,18,0,-34
1742098808.680133,-35,8,-152
1742098808.7151332,-3,-35,-6
1742098808.750133,-23,12,-50
1742098808.786133,-9,-23,-22
1742098808.8211331,-31,40,-18
1742098808.8571332,-45,-29,11
1742098808.892133,-9,-67,-54
1742098808.927133,-63,78,-52
1742098808.9621332,8,-31,-66
1742098808.9981332,-47,2,-34
1742098809.0341332,-9,12,-24
1742098809.069133,-79,-25,9
1742098809.105133,6,6,-120
1742098809.1401331,-47,-61,-90
1742098809.175133,-37,62,-40
1742098809.210133,-19,14,49
1742098809.246133,24,20,-88
1742098809.282133,34,-39,-66
1742098809.3171332,50,-49,-52
1742098809.3531332,-27,-47,-142
1742098809.388133,-57,-19,-8
1742098809.4231331,-19,-7,-74
1742098809.458133,-43,-5,-26
1742098809.494133,0,30,-10
1742098809.530133,-27,52,-32
1742098809.565133,-29,-23,-6
1742098809.601133,-19,-81,-26
1742098809.6361332,-29,72,93
1742098809.671133,-15,-35,-22
1742098809.7061331,8,-29,-68
1742098809.7421331,8,20,-42
1742098809.7781332,-31,64,-70
1742098809.813133,28,-11,-56
1742098809.849133,54,-23,-56
1742098809.884133,28,28,-22
1742098809.9191332,-57,10,-70
1742098809.954133,-93,36,-86
1742098809.990133,28,-7,-78
1742098810.026133,-19,-31,81
1742098810.0611331,26,84,-32
1742098810.0971332,-21,-13,-62
1742098810.132133,-53,30,-132
1742098810.167133,8,-103,-154
1742098810.2021332,-15,30,-82
1742098810.2381332,6,38,-6
1742098810.274133,-55,-29,-12
1742098810.309133,14,6,-48
1742098810.345133,6,-69,-84
1742098810.3801332,10,124,-70
1742098810.415133,-37,28,-14
1742098810.450133,10,6,-142
1742098810.486133,44,44,-92
1742098810.522133,-7,68,5
1742098810.5571332,100,-53,79
1742098810.593133,8,14,-32
1742098810.628133,-39,-13,11
1742098810.6631331,26,42,21
1742098810.698133,-13,66,-50
1742098810.734133,10,-9,-50
1742098810.770133,36,-13,-74
1742098810.805133,86,108,-36
1742098810.841133,-25,-3,-88
1742098810.876133,42,-33,-130
1742098810.911133,-51,-9,-76
1742098810.9461331,-75,32,7
1742098810.9821332,14,40,49
1742098811.0181332,-123,-25,9
1742098811.053133,20,-13,-48
1742098811.089133,-11,-47,-134
1742098811.124133,-5,16,-56
1742098811.1591332,102,46,25
1742098811.194133,-31,40,-46
1742098811.230133,114,24,-114
1742098811.266133,-9,-33,-78
1742098811.3011332,52,40,-84
1742098811.3371332,86,6,69
1742098811.372133,-35,-31,31
1742098811.407133,10,-21,-132
1742098811.4421332,30,-5,-68
1742098811.4781332,-85,-15,-16
1742098811.514133,-29,24,-106
1742098811.549133,-27,12,-32
1742098811.585133,-29,-65,-36
1742098811.6201332,10,54,-123
1742098811.655133,-39,-153,20
1742098811.690133,-39,-107,65
1742098811.726133,24,-29,9
1742098811.7621331,-43,-25,53
1742098811.797133,28,18,-28
1742098811.833133,22,40,-70
1742098811.868133,-3,30,-120
1742098811.9031332,10,58,-200
1742098811.938133,8,50,-85
1742098811.974133,14,-15,-43
1742098812.010133,-31,42,-23
1742098812.045133,-25,20,-179
1742098812.0811331,-65,-27,-3
1742098812.116133,12,-49,-21
1742098812.151133,-31,16,-21
1742098812.1861331,56,-25,-53
1742098812.2221332,42,8,12
1742098812.2581332,-71,-23,8
1742098812.293133,-83,36,56
1742098812.329133,6,62,4
1742098812.3641331,52,-41,-41
1742098812.399133,-25,8,-31
1742098812.434133,62,17,-47
1742098812.470133,-37,29,-11
1742098812.506133,12,-33,-3
1742098812.5411332,-25,-1,-93
1742098812.5771332,-13,74,-103
1742098812.612133,-39,-15,-21
1742098812.647133,-23,-9,-127
1742098812.6821332,72,88,86
1742098812.718133,48,30,-27
1742098812.754133,-55,-3,-103
1742098812.789133,-19,-37,-77
1742098812.825133,8,-29,-49
1742098812.8601332,-19,-19,-97
1742098812.895133,-27,-69,2
1742098812.930133,-25,-5,-47
1742098812.966133,0,-7,-45
1742098813.0021331,-10,-18,-23
1742098813.037133,-106,26,-75
1742098813.073133,-68,-8,-83
1742098813.108133,52,-28,30
1742098813.1431332,-24,-12,-27
1742098813.1791332,-27,-28,84
1742098813.214133,-8,-26,-167
1742098813.250133,-63,-7,-63
1742098813.2851331,6,18,-43
1742098813.3211331,74,12,-19
1742098813.356133,-7,-1,-5
1742098813.391133,32,-21,-91
1742098813.427133,8,-13,-39
1742098813.4621332,64,-39,-43
1742098813.4981332,14,-43,-25
1742098813.533133,62,48,-31
1742098813.569133,32,42,112
1742098813.6041331,-73,62,-69
1742098813.639133,-21,-3,-89
1742098813.675133,-21,-45,-37
1742098813.710133,21,-47,30
1742098813.746133,27,-21,-71
1742098813.7811332,-26,-3,-73
1742098813.8171332,23,-3,-151
1742098813.852133,-11,36,-27
1742098813.8871331,34,34,-43
1742098813.9231331,-33,48,10
1742098813.958133,38,-35,-47
1742098813.994133,74,-77,-31
1742098814.029133,-12,-37,-223
1742098814.065133,-57,-49,-121
1742098814.1001332,-35,-3,-13
1742098814.135133,-85,-21,66
1742098814.171133,64,12,-31
1742098814.2061331,-7,-55,-137
1742098814.2421331,-37,26,-103
1742098814.277133,-25,-3,-51
1742098814.313133,84,-47,-79
1742098814.349133,0,-67,-131
1742098814.385133,30,26,0
1742098814.420133,14,26,-57
1742098814.4551332,-13,8,-79
1742098814.491133,8,6,-61
1742098814.526133,-33,-27,-133
1742098814.562133,46,-37,38
1742098814.5971332,54,-11,-99
1742098814.6331332,18,-43,-97
1742098814.668133,58,46,18
1742098814.703133,26,-39,16
1742098814.7391331,-67,20,-191
1742098814.774133,-37,14,-39
1742098814.810133,8,-29,-109
1742098814.845133,8,-19,-21
1742098814.881133,-5,18,94
1742098814.9161332,50,-3,-15
1742098814.951133,-15,68,-53
1742098814.987133,-43,16,64
1742098815.022133,58,58,0
1742098815.0581331,32,-23,-73
1742098815.093133,-7,-15,-1
1742098815.129133,32,48,-95
1742098815.164133,28,-49,-157
1742098815.1991332,90,68,-117
1742098815.2351332,-65,80,-13
1742098815.270133,74,-29,64
1742098815.306133,-45,54,-39
1742098815.341133,-39,84,26
1742098815.3771331,-9,0,-137
1742098815.4191332,10,-67,-77
1742098815.4551332,-87,-5,-35
1742098815.491133,126,32,-93
1742098815.526133,-19,54,26
1742098815.562133,-49,50,-33
1742098815.5971332,-91,-57,-15
1742098815.632133,-41,-13,76
1742098815.667133,-1,40,6
1742098815.703133,16,-47,-219
1742098815.7391331,0,42,-57
1742098815.774133,4,-51,42
1742098815.810133,14,-79,-183
1742098815.845133,40,0,-49
1742098815.8801332,-41,-45,14
1742098815.915133,-35,-69,-125
1742098815.951133,28,32,-133
1742098815.987133,40,-37,-75
1742098816.022133,16,46,-17
1742098816.0581331,-5,4,24
1742098816.093133,-25,24,-55
1742098816.128133,-27,6,52
1742098816.1631331,-29,20,96
1742098816.1991332,-97,36,-41
1742098816.2351332,42,54,8
1742098816.270133,-87,-35,12
1742098816.306133,-15,-27,-83
1742098816.341133,38,-65,-93
1742098816.376133,-41,-5,-27
1742098816.411133,-15,-33,-77
1742098816.447133,-55,40,-61
1742098816.483133,-41,14,-75
1742098816.5181332,-87,-35,52
1742098816.5541332,32,10,92
1742098816.589133,20,-59,-107
1742098816.624133,52,-57,-71
1742098816.6591332,16,-35,-115
1742098816.695133,-7,-25,-71
1742098816.731133,10,-61,-107
1742098816.766133,20,82,70
1742098816.802133,-33,-27,-13
1742098816.8371332,-5,-9,-5
1742098816.872133,18,-63,-15
1742098816.907133,84,-7,-33
1742098816.943133,-11,6,-139
1742098816.9791331,-83,18,-51
1742098817.014133,20,-37,-61
1742098817.050133,36,32,-85
1742098817.085133,34,12,-97
1742098817.1201332,-5,-9,-33
1742098817.155133,-69,26,-15
1742098817.191133,20,-23,46
1742098817.227133,42,-39,-21
1742098817.2621331,0,-5,-105
1742098817.2981331,34,38,-93
1742098817.333133,12,-29,-47
1742098817.368133,74,-73,-15
1742098817.4031332,-5,56,-87
1742098817.4391332,20,10,-117
1742098817.4751332,24,-39,-53
1742098817.510133,-35,10,16
1742098817.546133,-1,40,14
1742098817.5811331,-37,58,-115
1742098817.616133,12,-69,-31
1742098817.651133,-29,-21,-69
1742098817.687133,40,-13,26
1742098817.723133,-115,-65,-57
1742098817.7581332,-5,-21,-87
1742098817.7941332,28,-23,90
1742098817.829133,36,-77,-7
1742098817.8641331,60,-17,-99
1742098817.899133,44,58,24
1742098817.935133,-119,48,28
1742098817.971133,-109,-27,-55
1742098818.006133,-29,10,38
1742098818.042133,-75,-25,4
1742098818.0771332,-43,34,-53
1742098818.112133,-13,54,-69
1742098818.147133,-33,-23,4
1742098818.1831331,-57,28,-109
1742098818.2191331,-19,-25,-83
1742098818.254133,-41,30,-13
1742098818.290133,-5,-9,20
1742098818.325133,6,22,56
1742098818.3601332,36,-55,-123
1742098818.395133,54,2,-111
1742098818.431133,-3,-19,-79
1742098818.467133,-73,6,-194
1742098818.5021331,0,-31,-50
1742098818.5381331,-69,-15,-117
1742098818.573133,-45,16,70
1742098818.608133,46,14,-71
1742098818.6431332,-25,2,2
1742098818.6791332,40,-15,-107
1742098818.7151332,-39,-13,60
1742098818.750133,84,-3,-25
1742098818.786133,-63,52,-113
1742098818.8211331,-71,18,-43
1742098818.856133,-19,-9,-93
1742098818.891133,36,-59,-37
1742098818.927133,22,-19,-191
1742098818.963133,-7,8,-15
1742098818.9981332,10,-57,-3
1742098819.0341332,-31,10,-157
1742098819.069133,-17,-11,-85
1742098819.1041331,18,-41,132
1742098819.139133,14,30,-103
1742098819.175133,-55,102,36
1742098819.211133,-43,-3,-25
1742098819.246133,-35,-25,-7
1742098819.282133,26,-25,-25
1742098819.3171332,-7,-11,-39
1742098819.352133,4,4,2
1742098819.3871331,24,20,-47
1742098819.4231331,-51,10,56
1742098819.4591331,30,-5,-95
1742098819.494133,20,26,-85
1742098819.530133,-15,22,-15
1742098819.565133,48,52,-51
1742098819.6001332,44,72,-1
1742098819.635133,16,64,-113
1742098819.671133,58,-55,36
1742098819.707133,30,-13,-85
1742098819.7421331,-5,32,-53
1742098819.7781332,-25,-9,-71
1742098819.813133,-87,-3,-103
1742098819.848133,14,16,76
1742098819.884133,-25,18,-123
1742098819.9191332,-15,-15,-83
1742098819.9551332,12,26,-11
1742098819.990133,-47,8,70
1742098820.026133,54,-73,76
1742098820.0611331,26,6,-59
1742098820.096133,8,18,-195
1742098820.132133,-1,-53,8
1742098820.167133,-9,26,-115
1742098820.203133,22,-31,-105
1742098820.2381332,-95,-7,-41
1742098820.274133,2,-65,-137
1742098820.309133,-19,38,-7
1742098820.3441331,10,-3,-71
1742098820.3801332,60,22,-41
1742098820.415133,54,-31,-85
1742098820.451133,38,-5,136
1742098820.486133,26,-33,-51
1742098820.522133,44,36,-33
1742098820.5571332,-107,2,-29
1742098820.592133,-3,-11,-21
1742098820.628133,-125,-7,-37
1742098820.6631331,-27,-65,-33
1742098820.6991332,102,26,-143
1742098820.734133,-11,-19,28
1742098820.770133,-17,-1,-5
1742098820.805133,6,20,-37
1742098820.8401332,-25,-35,38
1742098820.876133,18,-3,-67
1742098820.911133,-17,20,38
1742098820.947133,-31,-31,-79
1742098820.9821332,-13,2,-17
1742098821.0181332,-53,12,-109
1742098821.053133,-49,-1,74
1742098821.088133,44,22,-173
1742098821.124133,2,-41,-11
1742098821.1591332,36,38,-65
1742098821.195133,46,66,-99
1742098821.230133,-41,-53,2
1742098821.266133,-109,-10,-3
1742098821.3011332,18,-4,-119
1742098821.336133,-29,17,-9
1742098821.372133,-7,-32,-27
1742098821.407133,-25,81,-83
1742098821.443133,-43,-6,0
1742098821.4781332,-19,19,-7
1742098821.514133,-121,-32,-69
1742098821.549133,26,44,-49
1742098821.5841331,-27,-53,-115
1742098821.6201332,6,33,-121
1742098821.655133,-43,10,-1
1742098821.691133,-33,2,-99
1742098821.726133,0,-70,-65
1742098821.7621331,-23,79,82
1742098821.797133,-89,0,-199
1742098821.832133,-23,-71,-71
1742098821.868133,100,31,-37
1742098821.9031332,-121,11,-155
1742098821.9391332,32,-39,-91
1742098821.974133,-13,1,-29
1742098822.010133,20,-51,30
1742098822.045133,26,14,6
1742098822.0801332,-49,-15,-115
1742098822.116133,-41,6,-61
1742098822.151133,-91,-73,-101
1742098822.187133,74,-45,-1
1742098822.2221332,72,46,-87
1742098822.257133,64,48,-41
1742098822.292133,2,0,-21
1742098822.328133,58,-79,-11
1742098822.3641331,80,54,58
1742098822.399133,0,24,-49
1742098822.435133,2,-3,-77
1742098822.470133,24,-31,-47
1742098822.5051332,6,42,-147
1742098822.540133,-53,74,-33
1742098822.576133,-13,62,110
1742098822.612133,80,56,-79
1742098822.647133,0,-3,130
1742098822.6831331,-5,64,22
1742098822.718133,-37,-27,2
1742098822.753133,-15,-3,34
1742098822.7881331,12,-17,-47
1742098822.8241332,40,-103,58
1742098822.8601332,38,20,-25
1742098822.895133,-107,-81,-117
1742098822.931133,-1,-3,-9
1742098822.966133,-1,42,-99
1742098823.001133,42,28,-143
1742098823.036133,24,20,74
1742098823.072133,10,-3,-9
1742098823.108133,-45,-51,-60
1742098823.1431332,-61,-63,-172
1742098823.1791332,70,50,-58
1742098823.214133,-1,-1,-73
1742098823.249133,-25,20,-213
1742098823.2841332,0,22,-29
1742098823.320133,60,42,2
1742098823.356133,80,3,-103
1742098823.391133,-13,-72,-51
1742098823.427133,-47,9,-97
1742098823.4621332,86,-19,-109
1742098823.497133,-49,-3,-105
1742098823.532133,-35,4,92
1742098823.568133,28,68,6
1742098823.6041331,-51,-19,-59
1742098823.639133,34,74,-61
1742098823.675133,24,-35,44
1742098823.710133,84,37,-35
1742098823.7451332,38,45,-9
1742098823.780133,10,-28,-19
1742098823.816133,20,5,-9
1742098823.852133,34,35,-53
1742098823.8871331,-59,32,-11
1742098823.9231331,-37,8,-71
1742098823.958133,-3,-45,-69
1742098823.993133,-29,32,-25
1742098824.0281332,18,-9,-47
1742098824.0641332,-43,64,-79
1742098824.1001332,-41,44,-135
1742098824.135133,114,14,-137
1742098824.171133,-33,22,6
1742098824.2061331,-31,36,72
1742098824.241133,42,48,-55
1742098824.276133,86,72,-43
1742098824.312133,28,-3,-33
1742098824.348133,-15,38,56
1742098824.3831332,32,6,48
1742098824.4191332,-11,16,28
1742098824.454133,-43,74,-63
1742098824.4891331,100,6,88
1742098824.524133,-17,-7,-59
1742098824.560133,50,64,-3
1742098824.596133,-23,-5,-3
1742098824.631133,-9,38,-59
1742098824.667133,-1,-57,-11
1742098824.7021332,-33,10,-25
1742098824.737133,-37,-25,-123
1742098824.772133,12,12,-61
1742098824.8081331,-29,-45,-37
1742098824.8441331,-71,0,58
1742098824.879133,14,18,-59
1742098824.915133,66,32,-51
1742098824.950133,-63,68,-89
1742098824.9851332,20,52,-127
1742098825.020133,-15,24,-113
1742098825.056133,48,-63,66
1742098825.092133,68,28,-63
1742098825.1271331,-41,4,-65
1742098825.1631331,-67,76,34
1742098825.198133,-127,36,-75
1742098825.233133,-43,38,30
1742098825.2681332,52,0,-71
1742098825.3041332,12,-33,-109
1742098825.3401332,34,-29,56
1742098825.375133,-5,12,-33
1742098825.411133,58,20,64
1742098825.453133,68,-25,-37
1742098825.4891331,-3,-25,54
1742098825.524133,54,62,-49
1742098825.560133,-21,18,21
1742098825.596133,-159,42,119
1742098825.631133,-15,2,-8
1742098825.667133,120,8,-32
1742098825.7021332,8,-9,-88
1742098825.737133,-1,6,-70
1742098825.772133,-11,94,-6
1742098825.8081331,46,8,-126
1742098825.8441331,28,66,-98
1742098825.879133,-3,34,-136
1742098825.915133,-1,14,19
1742098825.950133,34,2,-10
1742098825.9851332,10,-35,-24
1742098826.020133,6,32,-68
1742098826.056133,18,66,-70
1742098826.092133,-69,-39,-126
1742098826.1271331,-23,-11,-176
1742098826.1631331,30,-43,-78
1742098826.198133,8,58,61
1742098826.2351332,-15,-75,-104
1742098826.270133,-19,-17,5
1742098826.305133,60,-3,13
1742098826.3401332,16,32,37
1742098826.376133,-15,-31,7
1742098826.412133,24,4,-46
1742098826.447133,-25,18,3
1742098826.483133,-45,-15,-104
1742098826.5181332,-19,26,-40
1742098826.553133,44,-21,-94
1742098826.589133,48,0,69
1742098826.624133,-83,-47,-100
1742098826.6601331,50,52,-44
1742098826.695133,-59,-7,-100
1742098826.731133,-27,-39,-80
1742098826.766133,-15,28,-54
1742098826.8011332,-45,78,-2
1742098826.8371332,0,76,-100
1742098826.872133,-17,-11,-86
1742098826.908133,-19,-3,-34
1742098826.943133,46,-55,9
1742098826.9791331,-33,-15,-24
1742098827.014133,20,48,25
1742098827.049133,-19,-21,-46
1742098827.085133,48,10,-18
1742098827.1201332,16,12,-68
1742098827.1561332,28,12,-58
1742098827.191133,68,-51,41
1742098827.227133,-99,36,89
1742098827.2621331,-15,20,-150
1742098827.297133,-13,-101,-2
1742098827.333133,68,-43,-16
1742098827.368133,-17,126,-88
1742098827.404133,12,-73,-136
1742098827.4391332,-35,48,35
1742098827.4751332,24,48,-68
1742098827.510133,-47,-21,-64
1742098827.545133,-57,40,47
1742098827.5811331,-67,36,-80
1742098827.616133,-47,60,-88
1742098827.652133,52,-15,-102
1742098827.687133,-123,-3,11
1742098827.723133,14,-11,-92
1742098827.7581332,18,-7,-24
1742098827.793133,10,-45,-76
1742098827.829133,-27,-25,-218
1742098827.8641331,-69,12,-28
1742098827.9001331,24,-43,63
1742098827.935133,-75,20,-12
1742098827.971133,-27,-47,-150
1742098828.006133,24,14,-20
1742098828.0411332,136,-31,-58
1742098828.0771332,24,-99,-30
1742098828.112133,24,-39,25
1742098828.148133,-67,18,-116
1742098828.1831331,4,6,19
1742098828.2191331,-7,52,-20
1742098828.254133,74,12,-30
1742098828.289133,60,-69,27
1742098828.325133,20,-63,23
1742098828.3601332,76,26,-48
1742098828.3961332,16,-15,-68
1742098828.431133,10,14,-36
1742098828.466133,16,4,-100
1742098828.501133,78,8,-66
1742098828.537133,88,28,-26
1742098828.573133,2,-5,-36
1742098828.608133,-39,-23,-186
1742098828.644133,2,28,-218
1742098828.6791332,-91,40,27
1742098828.7151332,4,-25,-72
1742098828.751133,98,24,-80
1742098828.787133,56,-23,-6
1742098828.823133,76,18,-228
1742098828.859133,-9,24,-30
1742098828.895133,20,16,25
1742098828.931133,-61,-19,-110
1742098828.967133,36,8,-62
1742098829.0021331,8,-27,-10
1742098829.037133,-17,20,-72
1742098829.073133,-5,34,0
1742098829.109133,56,-5,-20
1742098829.144133,-7,6,1
1742098829.180133,-7,2,-2
1742098829.2151332,-39,8,-62
1742098829.250133,10,28,-16
1742098829.2851331,10,0,-38
1742098829.3211331,118,-47,99
1742098829.3571332,12,-5,-136
1742098829.392133,68,-29,15
1742098829.428133,0,78,-112
1742098829.463133,-69,-33,-18
1742098829.4981332,-65,-1,-62
1742098829.533133,36,2,-28
1742098829.569133,18,0,-68
1742098829.605133,-37,28,37
1742098829.6401331,76,-25,-102
1742098829.6761332,-49,12,-84
1742098829.711133,-23,14,67
1742098829.746133,26,-27,-108
1742098829.7811332,14,-3,-96
1742098829.8171332,-83,-3,-108
1742098829.8531332,-9,-3,-120
1742098829.888133,-9,-27,65
1742098829.924133,-43,2,1
1742098829.9591331,24,-25,-4
1742098829.994133,26,42,17
1742098830.029133,36,12,-46
1742098830.065133,34,64,-8
1742098830.101133,18,114,-8
1742098830.1361332,90,30,141
1742098830.172133,20,-57,-40
1742098830.207133,-41,130,-30
1742098830.2421331,-31,-41,144
1742098830.277133,-13,-19,-153
1742098830.313133,2,-41,-30
1742098830.349133,92,70,-44
1742098830.384133,-49,-103,-56
1742098830.420133,-3,10,-30
1742098830.4551332,18,21,91
1742098830.490133,52,38,-79
1742098830.5251331,22,-39,48
1742098830.5611331,-33,-15,-23
1742098830.5971332,-49,-19,-149
1742098830.632133,-49,-21,-114
1742098830.668133,36,-53,46
1742098830.703133,4,48,63
1742098830.7381332,34,84,-15
1742098830.773133,66,-29,-99
1742098830.809133,-7,42,-57
1742098830.845133,-15,38,-57
1742098830.8801332,-15,22,-133
1742098830.9161332,-25,12,-17
1742098830.951133,16,-23,2
1742098830.986133,-21,-51,8
1742098831.0211332,16,38,-5
1742098831.0571332,32,-31,2
1742098831.093133,-31,60,-77
1742098831.128133,-27,-27,-25
1742098831.164133,64,-61,-127
1742098831.1991332,102,2,-59
1742098831.234133,-23,-25,18
1742098831.269133,22,-33,-13
1742098831.305133,136,60,-7
1742098831.341133,28,4,-27
1742098831.376133,40,-15,-7
1742098831.412133,64,92,-59
1742098831.447133,-55,-47,-127
1742098831.4821332,-13,-23,-115
1742098831.517133,26,-1,-53
1742098831.553133,10,-55,70
1742098831.589133,76,34,-135
1742098831.624133,-73,10,-9
1742098831.6601331,32,-37,-83
1742098831.695133,-33,62,-181
1742098831.730133,-103,44,-5
1742098831.7651331,24,-51,-159
1742098831.8011332,-11,-85,-63
1742098831.8371332,-35,36,-55
1742098831.872133,-29,-45,-113
1742098831.908133,18,28,-27
1742098831.943133,-79,-13,-137
1742098831.9781332,28,-21,-9
1742098832.013133,-3,-35,44
1742098832.049133,-49,-33,-169
1742098832.085133,66,-9,-37
1742098832.1201332,-11,-33,30
1742098832.1561332,-51,-71,-145
1742098832.191133,-75,6,-41
1742098832.226133,30,-21,4
1742098832.2611332,90,-9,-75
1742098832.297133,-35,-65,80
1742098832.333133,-39,50,-119
1742098832.368133,-23,-53,38
1742098832.404133,58,36,-17
1742098832.4391332,-57,70,-89
1742098832.474133,34,-1,38
1742098832.509133,12,64,-105
1742098832.545133,-23,62,-103
1742098832.5811331,62,4,-101
1742098832.616133,0,102,-83
1742098832.652133,2,-63,14
1742098832.687133,32,52,-23
1742098832.7221332,30,40,-35
1742098832.757133,6,28,12
1742098832.793133,-73,-15,-51
1742098832.829133,54,-29,-47
1742098832.8641331,58,0,0
1742098832.9001331,6,-27,-117
1742098832.935133,8,10,-49
1742098832.970133,126,58,4
1742098833.0051332,6,14,28
1742098833.0411332,-51,20,-15
1742098833.0771332,10,14,-41
1742098833.112133,-155,8,-33
1742098833.148133,6,32,-1
1742098833.1831331,-9,-7,-89
1742098833.218133,-95,2,-101
1742098833.254133,20,-21,24
1742098833.289133,60,-17,-167
1742098833.325133,24,24,-23
1742098833.3601332,-23,-25,-109
1742098833.3961332,56,84,-117
1742098833.431133,-59,36,-111
1742098833.466133,-39,20,-93
1742098833.5021331,6,-87,-101
1742098833.537133,72,-19,84
1742098833.573133,-3,2,-19
1742098833.608133,-21,36,22
1742098833.644133,-73,2,-77
1742098833.6791332,92,-39,20
1742098833.714133,-33,28,-85
1742098833.750133,44,-5,62
1742098833.7851331,6,62,46
1742098833.8211331,-3,-63,-129
1742098833.856133,-11,0,38
1742098833.892133,-55,-13,-77
1742098833.927133,-13,2,2
1742098833.9621332,114,10,-83
1742098833.9981332,20,-19,-35
1742098834.033133,-43,-7,-95
1742098834.069133,26,-5,32
1742098834.1041331,16,10,-67
1742098834.1401331,-77,-31,-79
1742098834.175133,92,104,-21
1742098834.210133,-21,2,-49
1742098834.246133,22,22,56
1742098834.2811332,-41,50,-51
1742098834.3171332,38,-3,-191
1742098834.352133,40,-17,-87
1742098834.388133,-15,-49,-59
1742098834.4231331,-91,26,-59
1742098834.458133,36,-13,-29
1742098834.494133,0,-23,-31
1742098834.529133,120,-21,-75
1742098834.565133,-11,-39,-131
1742098834.6001332,30,-35,-1
1742098834.6361332,-37,-61,-99
1742098834.671133,-59,-37,-57
1742098834.7061331,2,-31,-147
1742098834.7421331,56,-33,-65
1742098834.777133,32,-35,-19
1742098834.813133,-5,-3,-35
1742098834.848133,-83,-57,-17
1742098834.884133,50,-34,-35
1742098834.9191332,32,21,-171
1742098834.954133,56,-24,66
1742098834.990133,52,89,-191
1742098835.0251331,-89,-22,-5
1742098835.0611331,-7,35,-55
1742098835.096133,-23,0,32
1742098835.132133,44,-70,26
1742098835.167133,-77,39,-113
1742098835.2021332,-19,58,20
1742098835.2381332,-85,28,-91
1742098835.273133,16,20,-153
1742098835.309133,-63,-7,50
1742098835.3441331,-27,8,-57
1742098835.3801332,10,0,0
1742098835.415133,-13,76,-25
1742098835.457133,-33,-23,12
1742098835.494133,-15,-33,-177
1742098835.529133,6,-59,34
1742098835.565133,0,12,-57
1742098835.6001332,-97,30,-65
1742098835.635133,-11,50,-77
1742098835.670133,-41,-39,-43
1742098835.7061331,48,26,12
1742098835.7421331,-41,-5,-51
1742098835.777133,-1,14,-33
1742098835.813133,-1,-35,-109
1742098835.848133,92,-99,-33
1742098835.8831332,108,0,-15
1742098835.918133,20,-31,-135
1742098835.954133,44,-23,-9
1742098835.990133,26,-29,-63
1742098836.0251331,-73,-61,0
1742098836.0611331,-41,-1,60
1742098836.096133,-49,-47,-81
1742098836.131133,38,-51,-49
1742098836.1661332,-5,-23,-41
1742098836.2021332,30,28,-105
1742098836.2381332,-89,0,36
1742098836.273133,30,-15,76
1742098836.309133,-73,-45,-105
1742098836.3441331,-15,-7,18
1742098836.379133,52,78,18
1742098836.414133,-37,-41,-15
1742098836.450133,44,62,54
1742098836.486133,-11,0,-61
1742098836.5211332,-17,-29,44
1742098836.5571332,-65,24,4
1742098836.592133,34,60,-43
1742098836.6271331,58,10,42
1742098836.662133,-31,84,-35
1742098836.698133,-43,44,-101
1742098836.734133,12,48,18
1742098836.769133,60,-81,-105
1742098836.805133,-87,16,-77
1742098836.8401332,34,34,-45
1742098836.875133,-57,-45,32
1742098836.9101331,6,36,-59
1742098836.9461331,-21,10,-89
1742098836.9821332,-83,40,-27
1742098837.017133,54,-65,-121
1742098837.053133,40,22,-7
1742098837.088133,-29,42,-149
1742098837.1231332,18,36,-13
1742098837.158133,8,-41,76
1742098837.194133,-73,-7,-159
1742098837.230133,26,-21,-65
1742098837.2651331,-9,34,-51
1742098837.3011332,-3,58,-63
1742098837.336133,-17,-81,-61
1742098837.371133,-53,50,-55
1742098837.4061332,-9,0,-75
1742098837.4421332,4,12,-21
1742098837.4781332,18,-21,-99
1742098837.513133,-33,-33,-103
1742098837.549133,34,-23,-34
1742098837.5841331,-33,-73,33
1742098837.619133,84,2,-46
1742098837.654133,0,-7,-16
1742098837.690133,-23,-29,17
1742098837.726133,48,16,-44
1742098837.7611332,12,56,-60
1742098837.797133,-5,-71,-118
1742098837.832133,-11,12,-36
1742098837.8671331,-17,-33,35
1742098837.902133,12,56,-126
1742098837.938133,6,10,-152
1742098837.974133,-17,92,-72
1742098838.009133,18,-97,27
1742098838.045133,-23,-43,-90
1742098838.0801332,8,-31,-142
1742098838.115133,56,-73,-176
1742098838.1501331,24,-1,-62
1742098838.1861331,34,-1,-130
1742098838.2221332,-53,-11,-142
1742098838.257133,32,-21,-62
1742098838.293133,-3,66,65
1742098838.328133,-39,-29,-40
1742098838.3631332,-19,-15,9
1742098838.398133,-3,30,-22
1742098838.434133,36,66,-58
1742098838.470133,16,-49,-58
1742098838.5051332,-49,92,-50
1742098838.5411332,-73,-43,-98
1742098838.576133,-21,62,83
1742098838.611133,4,-65,99
1742098838.6461332,-5,12,17
1742098838.6821332,-29,-35,-32
1742098838.718133,-25,-47,11
1742098838.753133,-19,46,-100
1742098838.789133,-51,0,-110
1742098838.8241332,58,58,-64
1742098838.859133,-53,8,-64
1742098838.894133,38,-41,-62
1742098838.930133,-19,-57,15
1742098838.966133,-45,-39,41
1742098839.001133,108,-19,-40
1742098839.037133,-25,-39,17
1742098839.072133,-53,24,-70
1742098839.1071332,-9,-7,-30
1742098839.142133,-1,20,-88
1742098839.178133,-17,106,-28
1742098839.214133,38,44,39
1742098839.249133,0,38,47
1742098839.2851331,0,-37,-124
1742098839.320133,68,34,35
1742098839.355133,38,2,-22
1742098839.3901331,18,-49,41
1742098839.4261332,60,2,23
1742098839.4621332,-59,56,3
1742098839.497133,12,70,-104
1742098839.533133,-91,10,-166
1742098839.568133,44,74,-42
1742098839.6031332,-79,-47,-28
1742098839.638133,-77,22,-174
1742098839.674133,-47,0,-106
1742098839.710133,-35,-51,1
1742098839.7451332,44,54,-18
1742098839.7811332,68,74,-52
1742098839.816133,-15,-17,-34
1742098839.851133,26,22,-96
1742098839.8871331,92,6,-82
1742098839.922133,-17,-33,-170
1742098839.958133,14,18,-74
1742098839.993133,-3,-5,21
1742098840.029133,-61,36,-120
1742098840.0641332,0,-25,-14
1742098840.099133,48,-21,-132
1742098840.135133,-75,34,11
1742098840.170133,18,-5,75
1742098840.2061331,-13,42,-22
1742098840.241133,-3,-7,-116
1742098840.277133,-67,52,-70
1742098840.312133,-97,-39,-12
1742098840.3471332,30,84,-92
1742098840.3831332,46,24,-198
1742098840.418133,24,-29,-28
1742098840.454133,-61,-81,-152
1742098840.4891331,30,64,-10
1742098840.5251331,-19,-3,-146
1742098840.560133,-15,0,-26
1742098840.595133,-55,-49,-136
1742098840.631133,-61,-43,-36
1742098840.6661332,2,18,-58
1742098840.7021332,24,20,-28
1742098840.737133,-65,-33,11
1742098840.773133,-25,28,-37
1742098840.8081331,40,46,-21
1742098840.843133,88,70,-7
1742098840.879133,-29,58,-23
1742098840.914133,-3,-7,-163
1742098840.950133,-17,32,44
1742098840.9851332,-23,-7,-115
1742098841.0211332,-21,46,46
1742098841.056133,16,-37,-39
1742098841.091133,62,8,-79
1742098841.1271331,32,22,-199
1742098841.162133,56,-25,-97
1742098841.198133,-7,-23,4
1742098841.233133,-77,58,-145
1742098841.269133,6,-39,-81
1742098841.3041332,40,-19,-31
1742098841.339133,-109,22,-109
1742098841.375133,4,4,4
1742098841.4101331,-21,-39,-105
1742098841.4461331,50,72,86
1742098841.481133,-47,36,-85
1742098841.517133,28,-1,-69
1742098841.552133,-67,6,-29
1742098841.5871332,60,-97,58
1742098841.6231332,94,72,-111
1742098841.658133,-33,6,-53
1742098841.694133,-3,-77,20
1742098841.7291331,-31,-15,0
1742098841.7651331,-5,44,-1
1742098841.800133,-31,12,-97
1742098841.835133,66,36,-121
1742098841.871133,56,4,-91
1742098841.9061332,22,34,-101
1742098841.9421332,-43,10,-39
1742098841.977133,30,22,-133
1742098842.013133,-35,-35,-65
1742098842.0481331,-27,-1,-77
1742098842.083133,8,74,-151
1742098842.119133,-47,-45,-67
1742098842.154133,-5,-51,2
1742098842.190133,104,-87,-33
1742098842.2251332,-27,-19,106
1742098842.260133,24,-19,-57
1742098842.295133,-33,6,-37
1742098842.3311331,76,-43,-47
1742098842.3671331,-19,-75,-79
1742098842.402133,-79,-39,46
1742098842.438133,-41,28,-53
1742098842.473133,-63,30,-87
1742098842.5081332,38,-39,-33
1742098842.543133,-71,-3,92
1742098842.579133,-71,-15,-103
1742098842.615133,38,-51,-19
1742098842.6501331,-7,-3,-1
1742098842.6861331,-73,-23,-105
1742098842.721133,36,-13,36
1742098842.756133,-53,-65,-151
1742098842.7911332,14,44,-77
1742098842.8271332,-41,-31,-133
1742098842.8631332,78,-11,-89
1742098842.898133,-15,84,-13
1742098842.934133,64,-49,-53
1742098842.9691331,-53,12,78
1742098843.004133,0,14,-107
1742098843.039133,-25,-21,-89
1742098843.075133,-37,-55,-15
1742098843.111133,58,-5,6
1742098843.1461332,-43,44,-45
1742098843.1821332,40,46,-1
1742098843.217133,74,-71,-83
1742098843.2521331,-1,20,-43
1742098843.287133,10,36,-69
1742098843.323133,-31,20,-109
1742098843.359133,48,-11,-35
1742098843.394133,-99,-11,-27
1742098843.430133,22,-21,6
1742098843.4651332,-121,66,-77
1742098843.500133,-37,-25,-29
1742098843.5351331,-13,30,-141
1742098843.5711331,-65,0,-67
1742098843.6071332,-3,26,36
1742098843.642133,-37,-15,-213
1742098843.678133,-7,-7,-121
1742098843.713133,26,50,-33
1742098843.7481332,126,2,-51
1742098843.783133,-37,28,98
1742098843.819133,36,-7,-87
1742098843.855133,110,-7,-99
1742098843.8901331,48,-75,40
1742098843.9261332,64,-35,-129
1742098843.961133,12,-25,-105
1742098843.996133,-39,-33,34
1742098844.0311332,-33,4,-57
1742098844.0671332,36,8,-207
1742098844.1031332,28,52,-41
1742098844.138133,6,-3,-47
1742098844.174133,-37,6,30
1742098844.2091331,-77,-75,-105
1742098844.244133,17,6,102
1742098844.279133,60,-23,124
1742098844.315133,3,10,82
1742098844.351133,8,36,-57
1742098844.3861332,-45,-9,-77
1742098844.422133,2,-19,-103
1742098844.457133,38,-15,-71
1742098844.4921331,42,24,-19
1742098844.527133,14,-35,-37
1742098844.563133,-45,-11,-65
1742098844.599133,-51,22,30
1742098844.634133,38,6,28
1742098844.670133,54,-29,-123
1742098844.7051332,-109,-45,-107
1742098844.740133,-31,-29,-83
1742098844.7751331,50,-43,-9
1742098844.8111331,-9,12,-51
1742098844.8471332,-15,30,-183
1742098844.882133,-99,70,-43
1742098844.918133,22,34,-29
1742098844.953133,2,38,-63
1742098844.9881332,24,-7,-129
1742098845.023133,16,24,-31
1742098845.059133,66,-67,26
1742098845.095133,-43,58,-157
1742098845.1301332,-3,-17,-101
1742098845.1661332,-23,-19,-99
1742098845.201133,42,56,-35
1742098845.236133,-19,-49,-53
1742098845.2711332,68,-55,6
1742098845.3071332,2,-11,-25
1742098845.343133,10,36,-87
1742098845.378133,22,50,24
1742098845.414133,-5,36,-119
1742098845.4491332,-55,24,-45
1742098845.491133,54,34,-135
1742098845.527133,-1,-25,-105
1742098845.563133,-59,-3,-5
1742098845.599133,-1,-9,-17
1742098845.634133,-21,-21,-91
1742098845.670133,10,34,8
1742098845.7051332,-21,70,-73
1742098845.740133,-9,-3,-87
1742098845.7751331,-33,4,52
1742098845.8111331,50,72,-7
1742098845.8471332,12,-99,22
1742098845.882133,-49,16,-59
1742098845.918133,10,-11,-63
1742098845.953133,36,-29,-123
1742098845.9881332,-33,-67,-29
1742098846.023133,42,-13,28
1742098846.059133,-37,-17,-45
1742098846.095133,-11,26,-95
1742098846.1301332,-35,50,8
1742098846.1661332,20,38,70
1742098846.201133,20,38,-41
1742098846.236133,36,-15,-45
1742098846.2711332,72,68,-69
1742098846.3071332,-7,-7,-85
1742098846.343133,-85,-51,-125
1742098846.378133,-9,-1,-29
1742098846.414133,14,18,94
1742098846.4491332,6,8,-5
1742098846.484133,-37,2,-53
1742098846.520133,14,-17,36
1742098846.555133,-13,-21,-79
1742098846.591133,-13,-13,-145
1742098846.626133,-1,-1,4
1742098846.662133,2,-29,-163
1742098846.697133,38,-13,88
1742098846.7321332,-21,-57,-17
1742098846.7681332,20,18,-63
1742098846.803133,-9,6,28
1742098846.839133,-59,12,116
1742098846.874133,6,28,-7
1742098846.9101331,-15,-13,-229
1742098846.945133,-35,-9,-119
1742098846.980133,-39,-1,-97
1742098847.016133,20,14,-23
1742098847.0511332,12,10,-65
1742098847.0871332,-71,-17,-37
1742098847.122133,28,-15,50
1742098847.158133,18,16,-5
1742098847.193133,-1,8,6
1742098847.2281332,-39,0,22
1742098847.264133,-3,0,-57
1742098847.299133,-65,-29,12
1742098847.335133,-13,10,-79
1742098847.3701332,-7,-15,-23
1742098847.4061332,82,-45,-33
1742098847.441133,2,-33,-17
1742098847.476133,-3,-113,-107
1742098847.5121331,42,-33,84
1742098847.547133,-9,-41,58
1742098847.583133,40,-7,-183
1742098847.618133,-3,-17,-87
1742098847.654133,-13,-23,22
1742098847.6891332,28,-25,-53
1742098847.724133,50,-67,36
1742098847.760133,100,-21,-73
1742098847.795133,20,36,-77
1742098847.8311331,-45,-41,-115
1742098847.866133,2,30,-59
1742098847.902133,2,-29,-179
1742098847.937133,70,12,-53
1742098847.9721332,18,16,-105
1742098848.0081332,-39,-35,-93
1742098848.043133,34,-17,46
1742098848.079133,48,10,10
1742098848.1141331,-19,14,-15
1742098848.1501331,0,16,24
1742098848.185133,-25,-9,10
1742098848.220133,-5,-15,-125
1742098848.256133,72,-29,-61
1742098848.2911332,28,-5,-61
1742098848.3271332,16,46,-111
1742098848.362133,60,-9,-63
1742098848.398133,-71,-59,-7
1742098848.4331331,-1,4,-105
1742098848.468133,-19,-57,-3
1742098848.504133,58,16,-135
1742098848.539133,-3,-69,-33
1742098848.575133,-161,-7,34
1742098848.6101332,-7,-71,-93
1742098848.6461332,-29,38,12
1742098848.681133,-73,4,-41
1742098848.716133,-21,0,26
1742098848.7521331,-45,10,-63
1742098848.787133,-81,-55,-25
1742098848.823133,-95,-29,-11
1742098848.858133,26,-11,-43
1742098848.894133,38,28,-115
1742098848.930133,-5,-49,-35
1742098848.9651332,40,62,-89
1742098849.000133,-71,32,40
1742098849.036133,-13,32,-79
1742098849.072133,-43,-13,-31
1742098849.1071332,-25,14,-91
1742098849.1431332,0,12,-41
1742098849.178133,40,62,-105
1742098849.213133,-39,20,46
1742098849.2481332,-7,36,-33
1742098849.2841332,-43,-17,20
1742098849.320133,30,0,-43
1742098849.355133,-59,-85,-15
1742098849.391133,-123,-23,-79
1742098849.4261332,4,18,-121
1742098849.461133,-35,24,18
1742098849.496133,16,-9,-35
1742098849.532133,84,-21,-129
1742098849.568133,-31,-3,-91
1742098849.6031332,42,38,-13
1742098849.639133,-5,64,-153
1742098849.674133,-23,-51,-43
1742098849.7091331,38,-59,50
1742098849.744133,46,38,-21
1742098849.780133,-7,32,-25
1742098849.816133,62,-15,4
1742098849.851133,-23,-21,-29
1742098849.8871331,-65,32,-101
1742098849.922133,68,-51,-27
1742098849.957133,-53,36,-137
1742098849.9921331,-1,-25,-23
1742098850.0281332,-31,6,52
1742098850.0641332,-13,-33,44
1742098850.099133,54,10,-59
1742098850.135133,54,-31,-69
1742098850.170133,42,-33,-29
1742098850.2051332,-9,-3,-34
1742098850.240133,24,-43,-124
1742098850.276133,18,-23,-42
1742098850.312133,-71,46,-46
1742098850.3471332,40,-55,-64
1742098850.3831332,-5,14,53
1742098850.418133,58,28,-64
1742098850.453133,8,-49,-16
1742098850.4881332,28,-49,-28
1742098850.524133,-13,2,-152
1742098850.560133,-43,86,-26
1742098850.595133,-7,-9,-76
1742098850.631133,-51,8,-164
1742098850.6661332,10,-5,69
1742098850.701133,0,32,-26
1742098850.736133,-47,26,57
1742098850.772133,-83,-57,71
1742098850.8081331,24,-17,-112
1742098850.843133,26,74,55
1742098850.879133,-77,-19,59
1742098850.914133,8,-27,-24
1742098850.9491332,28,-37,-60
1742098850.984133,2,-5,-100
1742098851.020133,-11,22,19
1742098851.056133,-17,-25,-70
1742098851.091133,-21,14,-68
1742098851.1271331,56,-49,-78
1742098851.162133,96,-32,-16
1742098851.197133,-53,4,11
1742098851.2321332,-21,2,-132
1742098851.2681332,-67,-1,59
1742098851.3041332,-17,-33,-58
1742098851.339133,-19,2,65
1742098851.375133,38,42,-62
1742098851.4101331,64,36,51
1742098851.445133,64,-1,-82
1742098851.480133,8,-11,51
1742098851.516133,40,-9,-164
1742098851.552133,52,-13,-102
1742098851.5871332,4,12,-8
1742098851.6231332,8,15,-110
1742098851.658133,-33,-1,-38
1742098851.693133,-45,-3,13
1742098851.7281332,6,-41,-40
1742098851.764133,-27,-11,0
1742098851.800133,-5,-11,-56
1742098851.835133,-9,-39,-20
1742098851.871133,-63,-3,-66
1742098851.9061332,14,6,-102
1742098851.941133,-9,-7,-118
1742098851.976133,-99,-1,-104
1742098852.0121331,66,36,-32
1742098852.0481331,66,-21,-88
1742098852.083133,-53,18,-112
1742098852.119133,-1,0,-40
1742098852.154133,-55,22,-140
1742098852.1891332,-17,20,35
1742098852.224133,24,-53,-128
1742098852.260133,2,-7,-80
1742098852.296133,-45,36,5
1742098852.3311331,-83,24,-118
1742098852.3671331,86,22,-58
1742098852.402133,-17,60,3
1742098852.437133,-39,6,-44
1742098852.4721332,42,12,1
1742098852.5081332,0,-33,-12
1742098852.5441332,-43,6,-100
1742098852.579133,14,-27,-72
1742098852.615133,46,-37,27
1742098852.6501331,-23,-13,1
1742098852.685133,8,28,-42
1742098852.720133,-11,-13,29
1742098852.756133,-41,0,-50
1742098852.792133,44,18,-74
1742098852.8271332,6,28,-84
1742098852.8631332,-35,18,-90
1742098852.898133,28,8,19
1742098852.9331331,4,-53,-114
1742098852.968133,-15,14,-64
1742098853.004133,-47,-11,-22
1742098853.040133,-15,10,-122
1742098853.075133,4,-13,25
1742098853.111133,-33,4,59
1742098853.1461332,80,8,-70
1742098853.181133,20,-43,-32
1742098853.217133,14,-57,-50
1742098853.2521331,-1,-15,-94
1742098853.2881331,-65,16,-64
1742098853.323133,16,-17,-62
1742098853.359133,52,-9,5
1742098853.394133,-13,50,45
1742098853.4291332,40,10,-114
1742098853.4651332,38,-29,-112
1742098853.500133,-43,74,-44
1742098853.536133,36,28,79
1742098853.5711331,-75,4,-62
1742098853.6071332,64,-9,81
1742098853.642133,-93,36,-54
1742098853.677133,64,-45,-4
1742098853.713133,26,-17,19
1742098853.7481332,-45,2,-16
1742098853.7841332,-15,4,-154
1742098853.819133,2,-11,-58
1742098853.855133,-91,12,91
1742098853.8901331,-5,-29,-100
1742098853.925133,2,-15,7
1742098853.961133,20,44,-84
1742098853.996133,-17,12,-36
1742098854.032133,12,16,-2
1742098854.0671332,2,-13,-32
1742098854.1031332,6,-33,-142
1742098854.138133,48,4,-40
1742098854.1731331,-13,6,17
1742098854.2091331,62,-25,-152
1742098854.244133,-99,-13,-138
1742098854.280133,14,-29,125
1742098854.315133,-1,-43,-80
1742098854.351133,-7,60,27
1742098854.3861332,-13,34,1
1742098854.421133,18,-69,-80
1742098854.457133,78,-1,-17
1742098854.4921331,-15,-29,-33
1742098854.5281332,-15,16,-161
1742098854.563133,78,8,35
1742098854.599133,42,36,-109
1742098854.634133,-15,14,-118
1742098854.6691332,-31,8,-49
1742098854.7051332,42,32,-43
1742098854.740133,-9,32,-122
1742098854.776133,32,-57,-56
1742098854.8111331,-57,-3,-108
1742098854.8471332,-51,-9,76
1742098854.882133,-25,-27,-25
1742098854.917133,-55,-27,-117
1742098854.953133,-47,-11,-47
1742098854.9881332,8,16,-83
1742098855.024133,20,0,-43
1742098855.059133,-17,14,-81
1742098855.095133,76,94,50
1742098855.1301332,-5,-5,-93
1742098855.165133,-29,22,26
1742098855.201133,22,-11,-7
1742098855.236133,-49,10,-89
1742098855.272133,90,-59,-5
1742098855.3071332,18,16,-21
1742098855.343133,-39,-11,-15
1742098855.378133,70,28,-99
1742098855.4131331,8,4,-27
1742098855.4491332,-39,-41,-151
1742098855.484133,-43,2,10
1742098855.527133,-7,-49,-25
1742098855.563133,84,40,50
1742098855.599133,-75,86,-193
1742098855.635133,18,-45,-181
1742098855.670133,-9,-43,-109
1742098855.7051332,60,-59,2
1742098855.741133,50,-57,-5
1742098855.777133,-53,56,-97
1742098855.812133,40,-23,-93
1742098855.848133,-7,-13,60
1742098855.8831332,-25,0,32
1742098855.918133,-5,52,-79
1742098855.953133,4,-7,-21
1742098855.9891331,14,2,-7
1742098856.0251331,42,2,-123
1742098856.060133,-17,-11,-115
1742098856.096133,-1,-37,-119
1742098856.131133,-29,-15,48
1742098856.1661332,-59,-23,-131
1742098856.201133,-45,68,2
1742098856.237133,-47,-55,-77
1742098856.273133,46,-91,72
1742098856.3081331,36,-55,-135
1742098856.3441331,-39,-73,-39
1742098856.379133,6,-55,-1
1742098856.414133,60,18,-7
1742098856.4491332,-7,-21,-75
1742098856.4851332,-17,-27,-27
1742098856.5211332,36,-99,60
1742098856.556133,-1,-23,-115
1742098856.592133,40,-19,-5
1742098856.6271331,-19,-23,-31
1742098856.662133,-9,76,-105
1742098856.697133,-67,-47,36
1742098856.733133,62,26,48
1742098856.769133,-9,42,-39
1742098856.8041332,-81,-19,-91
1742098856.8401332,8,62,-55
1742098856.875133,-31,-65,-99
1742098856.9101331,54,-19,6
1742098856.945133,42,-35,152
1742098856.981133,18,94,-87
1742098857.017133,-125,-15,-197
1742098857.052133,-63,28,22
1742098857.088133,14,18,-81
1742098857.1231332,-69,-53,-5
1742098857.158133,-49,-17,22
1742098857.193133,-37,-83,-155
1742098857.2291331,-1,80,-63
1742098857.2651331,-9,16,92
1742098857.300133,64,-13,34
1742098857.336133,-49,-15,-29
1742098857.371133,0,74,50
1742098857.4061332,-53,-1,-49
1742098857.441133,30,20,-67
1742098857.477133,34,30,-37
1742098857.513133,18,8,16
1742098857.5481331,-41,24,-71
1742098857.5841331,-27,32,-73
1742098857.619133,-7,-17,-99
1742098857.654133,-57,-65,-63
1742098857.6891332,-95,10,56
1742098857.7251332,26,26,-91
1742098857.7611332,-39,49,-81
1742098857.796133,-3,43,-103
1742098857.832133,26,-7,-65
1742098857.8671331,-5,21,14
1742098857.902133,-17,9,-31
1742098857.937133,-55,-12,-43
1742098857.973133,16,-34,16
1742098858.009133,16,0,-93
1742098858.0441332,-23,-27,-73
1742098858.0801332,18,74,-51
1742098858.115133,70,-9,-63
1742098858.1501331,22,-9,-59
1742098858.185133,36,14,-3
1742098858.221133,32,-1,-5
1742098858.257133,32,70,-189
1742098858.292133,76,32,-59
1742098858.328133,2,-33,-59
1742098858.3631332,2,-23,-111
1742098858.398133,-7,44,-73
1742098858.4331331,16,-17,-19
1742098858.4691331,60,48,-157
1742098858.5051332,34,-37,-35
1742098858.540133,16,42,30
1742098858.576133,-43,-63,14
1742098858.611133,-19,36,-89
1742098858.6461332,-65,26,52
1742098858.681133,36,36,80
1742098858.717133,60,-5,-79
1742098858.753133,12,22,-89
1742098858.7881331,20,0,-19
1742098858.8241332,10,-59,1
1742098858.859133,-11,38,25
1742098858.894133,44,-41,-40
1742098858.9291332,68,14,-242
1742098858.9651332,-41,46,56
1742098859.001133,-11,-29,-69
1742098859.036133,10,-65,-15
1742098859.072133,32,-1,-9
1742098859.1071332,-17,48,-87
1742098859.142133,-11,28,-93
1742098859.177133,8,6,-37
1742098859.213133,-55,-57,-84
1742098859.249133,-15,-15,-116
1742098859.2841332,86,24,-70
1742098859.320133,6,-1,0
1742098859.355133,92,16,-52
1742098859.3901331,8,-17,-46
1742098859.425133,34,-17,-56
1742098859.461133,10,12,11
1742098859.497133,66,-9,-98
1742098859.532133,50,30,-26
1742098859.568133,4,-17,31
1742098859.6031332,-55,-33,-6
1742098859.638133,-71,-71,65
1742098859.6731331,8,20,-126
1742098859.7091331,28,-9,-36
1742098859.7451332,-45,-43,-4
1742098859.780133,-31,-53,-12
1742098859.816133,-25,28,79
1742098859.851133,30,62,-40
1742098859.8861332,148,46,-132
1742098859.922133,-23,-35,-180
1742098859.957133,16,30,-6
1742098859.993133,-35,46,19
1742098860.0281332,86,0,-144
1742098860.0641332,-23,-71,13
1742098860.099133,-57,72,-42
1742098860.134133,-33,4,-18
1742098860.170133,48,-15,-50
1742098860.2051332,50,34,11
1742098860.241133,2,-5,-18
1742098860.276133,66,12,-58
1742098860.312133,64,-55,73
1742098860.3471332,-11,32,-50
1742098860.382133,0,-41,-56
1742098860.418133,64,-17,-18
1742098860.453133,-65,20,-12
1742098860.4891331,-27,-21,-50
1742098860.524133,22,56,-106
1742098860.560133,-19,2,-2
1742098860.595133,-29,-27,5
1742098860.6301332,-61,74,-6
1742098860.6661332,80,-9,-70
1742098860.701133,-23,20,3
1742098860.737133,82,-49,-8
1742098860.772133,30,-5,-86
1742098860.8081331,-25,54,-16
1742098860.843133,-33,2,-138
1742098860.878133,48,16,-36
1742098860.914133,-49,0,75
1742098860.9491332,54,-79,-58
1742098860.9851332,-7,0,-60
1742098861.020133,-21,-23,-92
1742098861.056133,20,20,-114
1742098861.091133,12,14,-70
1742098861.126133,-31,40,15
1742098861.162133,-49,28,-84
1742098861.197133,78,-49,-72
1742098861.233133,14,-5,13
1742098861.2681332,-1,-9,-106
1742098861.3041332,-65,16,-30
1742098861.339133,-3,34,-42
1742098861.374133,-29,16,-38
1742098861.4101331,24,-41,-100
1742098861.445133,38,18,-72
1742098861.481133,86,0,-158
1742098861.516133,-39,82,-16
1742098861.552133,22,48,-94
1742098861.5871332,-7,16,21
1742098861.622133,-47,46,-40
1742098861.658133,58,-5,-54
1742098861.693133,18,6,-22
1742098861.7291331,-5,-33,-144
1742098861.764133,-35,-29,-90
1742098861.800133,52,-9,-16
1742098861.835133,-25,6,23
1742098861.8701332,-45,-21,-66
1742098861.9061332,-65,-37,29
1742098861.941133,12,-33,-26
1742098861.977133,28,12,103
1742098862.0121331,46,6,-108
1742098862.0481331,84,-11,-22
1742098862.083133,24,-67,-28
1742098862.118133,18,8,-24
1742098862.154133,70,4,-120
1742098862.1891332,128,12,-70
1742098862.2251332,-29,20,-38
1742098862.260133,-9,44,-64
1742098862.295133,20,-19,-64
1742098862.3301332,4,84,-122
1742098862.366133,42,64,-84
1742098862.402133,84,52,-6
1742098862.437133,-7,52,-64
1742098862.473133,6,-7,141
1742098862.5081332,22,-7,55
1742098862.543133,4,-43,-20
1742098862.578133,-49,-27,-50
1742098862.6141331,22,6,-114
1742098862.6501331,38,0,85
1742098862.685133,-13,24,85
1742098862.721133,-25,-39,-56
1742098862.756133,22,-11,15
1742098862.7911332,-27,8,-58
1742098862.826133,-31,-69,-88
1742098862.862133,-43,2,37
1742098862.898133,44,50,-92
1742098862.9331331,30,14,-48
1742098862.9691331,-87,-81,-10
1742098863.004133,46,-129,-54
1742098863.039133,-31,-17,43
1742098863.0741332,-21,36,-86
1742098863.1101332,8,14,-76
1742098863.1461332,-13,-19,3
1742098863.181133,-11,8,-62
1742098863.217133,-59,-31,11
1742098863.2521331,-45,-47,-136
1742098863.287133,30,-33,-36
1742098863.322133,18,-25,-26
1742098863.358133,-9,8,193
1742098863.394133,-1,84,95
1742098863.4291332,-27,-67,47
1742098863.4651332,0,-71,-216
1742098863.500133,-9,24,-62
1742098863.5351331,-113,48,57
1742098863.570133,-49,-37,-142
1742098863.606133,-65,-19,-62
1742098863.642133,2,22,-66
1742098863.677133,8,-25,-46
1742098863.713133,-13,-5,-110
1742098863.7481332,-33,-9,-8
1742098863.783133,-41,78,-80
1742098863.818133,14,4,-50
1742098863.8541331,-37,0,-74
1742098863.8901331,30,36,-158
1742098863.925133,8,-43,43
1742098863.961133,-3,-33,-104
1742098863.996133,30,-13,-56
1742098864.0311332,-79,52,-94
1742098864.066133,46,-87,-46
1742098864.102133,-61,42,-55
1742098864.138133,-7,14,-65
1742098864.1731331,48,44,-17
1742098864.2091331,-99,46,-52
1742098864.244133,12,40,-39
1742098864.279133,-37,-55,-43
1742098864.3141332,-7,18,-133
1742098864.3501332,-19,50,-77
1742098864.3861332,4,8,-93
1742098864.421133,132,30,-43
1742098864.457133,20,22,38
1742098864.4921331,62,22,-121
1742098864.527133,-29,-3,-65
1742098864.562133,-31,-1,-65
1742098864.598133,0,78,-25
1742098864.634133,28,38,10
1742098864.6691332,12,-17,-87
1742098864.7051332,-21,-19,-35
1742098864.740133,-27,10,-21
1742098864.7751331,-67,38,10
1742098864.810133,48,-23,-81
1742098864.846133,-1,20,6
1742098864.882133,8,-41,-135
1742098864.917133,0,6,16
1742098864.953133,-41,2,-131
1742098864.9881332,-1,2,16
1742098865.023133,40,46,-67
1742098865.0581331,6,18,-51
1742098865.0941331,-25,46,-81
1742098865.1301332,22,48,-47
1742098865.165133,-79,-27,-21
1742098865.201133,26,-35,-23
1742098865.236133,14,-1,-83
1742098865.2711332,-71,-31,-93
1742098865.306133,-11,-9,-7
1742098865.342133,52,-23,-41
1742098865.378133,14,52,-9
1742098865.4131331,-69,66,-25
1742098865.4491332,26,36,-85
1742098865.484133,38,28,-143
1742098865.519133,-7,-31,76
1742098865.562133,82,-15,-117
1742098865.598133,26,-9,-87
1742098865.634133,-55,-7,24
1742098865.6691332,8,-13,-19
1742098865.7051332,18,58,-5
1742098865.740133,14,58,-71
1742098865.7751331,-77,-31,-29
1742098865.810133,32,30,102
1742098865.846133,0,-3,-103
1742098865.882133,14,34,-37
1742098865.917133,46,0,-133
1742098865.953133,-59,72,-33
1742098865.9881332,78,-9,-25
1742098866.023133,92,-37,-25
1742098866.0581331,-35,-11,-129
1742098866.0941331,-5,-7,-13
1742098866.1301332,-39,2,-13
1742098866.165133,32,-57,-75
1742098866.201133,-41,-29,-23
1742098866.236133,-37,-45,40
1742098866.2711332,26,40,2
1742098866.306133,8,-7,2
1742098866.342133,-9,56,-81
1742098866.378133,-3,38,28
1742098866.4131331,44,-13,-15
1742098866.4491332,8,-7,-19
1742098866.484133,2,16,36
1742098866.519133,42,-41,-81
1742098866.555133,-9,-41,10
1742098866.5901332,86,32,-133
1742098866.626133,52,26,-47
1742098866.661133,-13,28,-51
1742098866.697133,-15,-25,-1
1742098866.7321332,2,50,-53
1742098866.767133,6,-31,-101
1742098866.803133,-53,32,10
1742098866.838133,-7,-1,4
1742098866.874133,-7,-95,-57
1742098866.9091332,6,-1,-21
1742098866.945133,68,-1,-19
1742098866.980133,-41,-39,-65
1742098867.0151331,-19,32,-17
1742098867.0511332,-29,-63,70
1742098867.086133,-43,62,-43
1742098867.122133,-105,-7,-7
1742098867.157133,-11,-3,-71
1742098867.193133,20,-67,-33
1742098867.2281332,-63,-71,-25
1742098867.263133,-29,-29,-31
1742098867.299133,-21,-7,96
1742098867.3341331,6,-31,46
1742098867.3701332,82,-69,-67
1742098867.405133,90,68,4
1742098867.441133,14,40,-69
1742098867.476133,22,12,-15
1742098867.5111332,24,-9,-87
1742098867.547133,60,-5,-157
1742098867.582133,-47,-35,-29
1742098867.618133,42,8,-75
1742098867.6531332,-49,-69,-37
1742098867.6891332,30,-19,18
1742098867.724133,-51,-39,-127
1742098867.759133,-27,-9,72
1742098867.795133,58,10,-123
1742098867.8301332,14,-21,36
1742098867.866133,-13,-3,-91
1742098867.901133,16,52,50
1742098867.937133,-19,-17,70
1742098867.9721332,68,50,-13
1742098868.007133,-1,0,-57
1742098868.043133,-1,74,-17
1742098868.078133,-9,-11,-11
1742098868.1141331,-25,0,-145
1742098868.149133,-55,34,-175
1742098868.185133,44,32,-24
1742098868.220133,-69,63,54
1742098868.2551332,-21,-54,89
1742098868.2911332,18,-6,-53
1742098868.326133,0,11,-29
1742098868.362133,-37,21,-73
1742098868.397133,24,4,-7
1742098868.4331331,20,-113,64
1742098868.468133,-49,67,-11
1742098868.503133,8,26,44
1742098868.539133,-9,-61,-101
1742098868.5741332,10,-29,32
1742098868.6101332,-47,48,-119
1742098868.645133,-45,-17,12
1742098868.681133,-5,18,65
1742098868.716133,20,12,-76
1742098868.751133,0,18,-86
1742098868.787133,-7,36,133
1742098868.822133,74,-6,41
1742098868.858133,-41,-63,-80
1742098868.8931332,-31,-9,9
1742098868.928133,-19,30,1
1742098868.963133,-79,54,-24
1742098868.999133,-45,-21,93
1742098869.0351331,1,-91,-166
1742098869.070133,-19,-39,-136
1742098869.106133,-103,68,-82
1742098869.141133,-112,26,-54
1742098869.1761332,78,48,-60
1742098869.211133,112,34,-60
1742098869.247133,0,72,27
1742098869.283133,-13,-7,19
1742098869.318133,38,-27,-54
1742098869.3541331,18,-35,-174
1742098869.389133,-23,-27,-106
1742098869.424133,-7,60,73
1742098869.4591331,-29,-49,-16
1742098869.4951332,14,-29,-2
1742098869.5311332,28,-3,-82
1742098869.566133,-31,38,0
1742098869.602133,2,-5,-38
1742098869.6371331,48,-23,25
1742098869.672133,66,-7,-74
1742098869.707133,-25,0,-30
1742098869.743133,9,-55,-104
1742098869.779133,-18,24,17
1742098869.8141332,0,24,-108
1742098869.8501332,55,-25,-72
1742098869.885133,14,-47,-34
1742098869.920133,56,12,-84
1742098869.9551332,40,-41,107
1742098869.991133,-25,-71,27
1742098870.027133,28,26,-4
1742098870.062133,-17,-1,-62
1742098870.098133,-13,-27,-12
1742098870.1331332,-27,18,15
1742098870.168133,4,2,-48
1742098870.203133,-91,-39,-34
1742098870.2391331,-23,-7,-82
1742098870.2751331,72,-61,-156
1742098870.310133,56,54,-116
1742098870.346133,124,14,-194
1742098870.381133,36,-45,-10
1742098870.4161332,-61,-59,-202
1742098870.451133,-27,-57,79
1742098870.487133,-3,-41,7
1742098870.523133,12,-23,-118
1742098870.5581331,6,26,-74
1742098870.5941331,56,-51,117
1742098870.629133,2,8,-148
1742098870.664133,166,-11,47
1742098870.6991332,-35,-27,-4
1742098870.7351332,-33,-47,57
1742098870.7711332,60,-29,27
1742098870.806133,-59,12,-20
1742098870.842133,50,-39,-14
1742098870.8771331,-133,-17,-68
1742098870.912133,-15,14,-30
1742098870.947133,-25,-9,-94
1742098870.983133,-53,-19,49
1742098871.019133,6,20,-142
1742098871.0541332,48,28,-92
1742098871.0901332,-47,2,-170
1742098871.125133,10,50,-38
1742098871.1601331,8,-95,-80
1742098871.195133,-95,-35,-156
1742098871.231133,-19,52,-24
1742098871.267133,-35,58,-118
1742098871.302133,82,32,-58
1742098871.338133,-41,-17,-56
1742098871.3731332,-21,-11,-40
1742098871.408133,-25,70,-130
1742098871.443133,-13,-47,-70
1742098871.4791331,16,-11,-52
1742098871.5151331,-31,14,-50
1742098871.550133,-49,20,-102
1742098871.586133,-5,24,-48
1742098871.621133,-7,-23,11
1742098871.6561332,20,4,-70
1742098871.691133,-7,-61,-126
1742098871.727133,14,34,-36
1742098871.763133,8,-13,-96
1742098871.7981331,-129,-3,-38
1742098871.8341331,-13,36,-62
1742098871.869133,-11,-5,-28
1742098871.904133,-3,-29,89
1742098871.9391332,-5,-1,-46
1742098871.9751332,-45,14,61
1742098872.0111332,-11,-55,-138
1742098872.046133,16,-39,-118
1742098872.082133,32,-55,-10
1742098872.1171331,-29,-47,-72
1742098872.152133,-17,38,-256
1742098872.187133,8,-25,15
1742098872.223133,-23,32,-46
1742098872.259133,0,-3,41
1742098872.2941332,-67,0,51
1742098872.3301332,-17,-37,-40
1742098872.365133,2,40,-28
1742098872.4001331,12,32,-8
1742098872.435133,-23,24,51
1742098872.471133,28,48,-112
1742098872.507133,40,108,81
1742098872.542133,-31,-13,-92
1742098872.578133,-27,80,-72
1742098872.6131332,30,80,-110
1742098872.648133,-3,-11,35
1742098872.6831331,36,-21,41
1742098872.7191331,-1,-43,-104
1742098872.7551332,-71,-35,-30
1742098872.790133,6,6,-4
1742098872.826133,-13,-13,-14
1742098872.861133,16,-7,-46
1742098872.8961332,36,-107,17
1742098872.931133,4,70,-122
1742098872.967133,-51,-37,-126
1742098873.003133,-109,-41,-10
1742098873.0381331,16,84,-70
1742098873.0741332,-17,-31,89
1742098873.109133,22,-1,13
1742098873.144133,68,-15,-10
1742098873.180133,48,-55,-22
1742098873.2151332,58,-1,79
1742098873.251133,38,0,-124
1742098873.286133,-5,58,-62
1742098873.322133,50,76,-56
1742098873.3571332,6,-5,-122
1742098873.392133,-51,38,-184
1742098873.428133,-53,-47,-86
1742098873.463133,-61,-47,0
1742098873.499133,10,-25,39
1742098873.5341332,8,-31,-112
1742098873.570133,34,48,-130
1742098873.605133,8,-77,29
1742098873.6401331,-21,-53,119
1742098873.6761332,116,34,21
1742098873.711133,-73,-51,5
1742098873.747133,-29,-1,-50
1742098873.782133,68,-37,-16
1742098873.818133,10,50,-72
1742098873.8531332,42,-5,-84
1742098873.888133,2,-3,13
1742098873.924133,36,24,-56
1742098873.9591331,-9,32,55
1742098873.9951332,-15,-17,0
1742098874.030133,-1,14,-112
1742098874.066133,54,-11,-90
1742098874.101133,-21,-27,59
1742098874.1361332,8,-115,-26
1742098874.172133,54,2,-106
1742098874.207133,20,16,63
1742098874.243133,-43,10,-41
1742098874.2781332,12,-31,-11
1742098874.3141332,-51,-15,-89
1742098874.349133,70,50,38
1742098874.384133,-89,22,-159
1742098874.420133,-35,-27,-67
1742098874.4551332,6,-51,-125
1742098874.491133,-87,-23,-85
1742098874.526133,-11,-11,16
1742098874.562133,-21,-45,54
1742098874.5971332,-27,14,-85
1742098874.632133,-43,42,-9
1742098874.668133,-29,-61,-3
1742098874.703133,-7,2,-109
1742098874.7391331,-31,-7,-211
1742098874.774133,-19,-65,-95
1742098874.810133,32,-65,-73
1742098874.845133,10,-45,30
1742098874.8801332,52,8,-41
1742098874.9161332,-13,-53,-79
1742098874.951133,-5,52,-13
1742098874.987133,-43,80,-37
1742098875.022133,48,-13,-3
1742098875.0581331,20,-67,-169
1742098875.093133,-13,-9,-37
1742098875.128133,98,-5,-69
1742098875.164133,-83,40,-47
1742098875.1991332,-83,-41,-85
1742098875.2351332,0,12,-17
1742098875.270133,86,-53,-19
1742098875.306133,12,-27,-3
1742098875.341133,-19,-59,-71
1742098875.376133,-17,22,-125
1742098875.412133,52,-5,-55
1742098875.447133,46,18,-19
1742098875.483133,84,-23,-55
1742098875.5181332,2,2,-159
1742098875.5541332,36,4,-53
1742098875.596133,6,-51,40
1742098875.632133,56,20,-129
1742098875.668133,-9,-23,50
1742098875.703133,-31,-29,-39
1742098875.7391331,-37,6,-93
1742098875.774133,32,8,-113
1742098875.809133,34,0,-47
1742098875.8441331,-57,24,-77
1742098875.8801332,2,-77,86
1742098875.9161332,6,4,-91
1742098875.951133,80,-17,4
1742098875.987133,2,-19,-3
1742098876.022133,82,98,-43
1742098876.0571332,-1,2,2
1742098876.092133,-97,12,48
1742098876.128133,78,16,-139
1742098876.164133,-17,64,-5
1742098876.1991332,64,-59,82
1742098876.2351332,-33,18,-173
1742098876.270133,72,16,-39
1742098876.305133,28,-13,-59
1742098876.3401332,16,74,-77
1742098876.376133,-51,72,-51
1742098876.412133,-91,-87,-107
1742098876.447133,20,8,-75
1742098876.483133,-1,-7,-113
1742098876.5181332,-39,-11,-73
1742098876.553133,-57,-11,-69
1742098876.588133,-121,2,-7
1742098876.624133,46,-37,102
1742098876.6601331,4,-61,-39
1742098876.695133,-39,-37,18
1742098876.731133,38,12,-39
1742098876.766133,-141,-15,34
1742098876.8011332,0,36,-87
1742098876.836133,-17,16,6
1742098876.872133,-15,-3,24
1742098876.908133,-3,-33,-25
1742098876.943133,38,-49,-31
1742098876.9791331,4,24,-39
1742098877.014133,6,-57,-49
1742098877.049133,-25,12,-51
1742098877.0841331,-7,36,-97
1742098877.1201332,-27,-17,-9
1742098877.1561332,14,-11,18
1742098877.191133,58,-51,-125
1742098877.227133,-55,38,-83
1742098877.2621331,26,6,-127
1742098877.297133,38,4,-130
1742098877.332133,48,-67,3
1742098877.368133,-9,18,7
1742098877.404133,28,2,-56
1742098877.4391332,-99,36,1
1742098877.4751332,-13,14,-100
1742098877.510133,-59,-87,49
1742098877.545133,18,-89,-62
1742098877.5801332,52,-21,-12
1742098877.616133,48,-63,1
1742098877.652133,36,46,-108
1742098877.687133,44,52,-94
1742098877.723133,46,0,-30
1742098877.7581332,-39,70,-16
1742098877.793133,84,40,-56
1742098877.828133,40,-11,95
1742098877.8641331,30,38,-20
1742098877.9001331,12,40,-130
1742098877.935133,-87,34,57
1742098877.971133,-71,24,-66
1742098878.006133,58,-67,-126
1742098878.0411332,26,-35,-10
1742098878.076133,10,-43,-114
1742098878.112133,14,-15,-150
1742098878.148133,35,10,129
1742098878.1831331,-44,-49,-68
1742098878.2191331,23,-121,-130
1742098878.254133,-24,-23,-72
1742098878.289133,67,-15,-44
1742098878.3241332,19,-47,-6
1742098878.3601332,13,6,-28
1742098878.3961332,-24,12,25
1742098878.431133,15,-23,15
1742098878.467133,-78,30,-30
1742098878.5021331,58,-91,-126
1742098878.537133,32,-41,-48
1742098878.572133,32,36,-30
1742098878.608133,66,26,-20
1742098878.644133,-11,-27,-40
1742098878.6791332,66,-23,-124
1742098878.7151332,22,10,-56
1742098878.750133,-41,-41,-150
1742098878.7851331,-37,98,-70
1742098878.820133,20,-21,29
1742098878.856133,16,-7,-18
1742098878.892133,36,-31,-32
1742098878.927133,22,16,-12
1742098878.963133,-9,-5,-52
1742098878.9981332,-21,10,-28
1742098879.033133,46,-9,-148
1742098879.068133,-59,42,-50
1742098879.1041331,-35,-1,-30
1742098879.1401331,36,24,-70
1742098879.175133,-79,10,17
1742098879.211133,18,58,-24
1742098879.246133,-1,-15,-6
1742098879.2811332,-19,32,-58
1742098879.316133,26,-17,-60
1742098879.352133,-35,42,-100
1742098879.388133,80,-21,-14
1742098879.4231331,-9,60,63
1742098879.4591331,10,-17,19
1742098879.494133,40,12,-122
1742098879.529133,-7,18,-42
1742098879.5641332,56,76,7
1742098879.6001332,-25,-11,-96
1742098879.6361332,28,4,-32
1742098879.671133,12,-73,-66
1742098879.707133,0,-27,59
1742098879.7421331,-41,-23,3
1742098879.777133,-43,-19,-40
1742098879.813133,52,20,-64
1742098879.848133,-13,-49,-28
1742098879.884133,76,-51,-170
1742098879.9191332,42,36,-130
1742098879.9551332,-53,-31,-64
1742098879.990133,-27,-111,11
1742098880.0251331,10,2,-100
1742098880.0611331,-107,-5,-66
1742098880.096133,82,-23,1
1742098880.132133,18,18,11
1742098880.167133,38,-1,-96
1742098880.203133,-1,-11,51
1742098880.2381332,62,2,-102
1742098880.273133,-15,52,11
1742098880.309133,34,38,-36
1742098880.3441331,-37,18,-54
1742098880.3801332,-21,-61,-28
1742098880.415133,-11,-53,-36
1742098880.451133,68,-15,-46
1742098880.486133,82,-5,-66
1742098880.5211332,22,-45,-122
1742098880.5571332,-29,-1,-130
1742098880.592133,38,66,-72
1742098880.628133,6,-55,-20
1742098880.6631331,90,-21,-90
1742098880.6991332,-11,-43,73
1742098880.734133,-21,-101,-136
1742098880.769133,-29,-7,-42
1742098880.805133,0,60,-92
1742098880.8401332,0,48,-38
1742098880.876133,-21,32,35
1742098880.911133,-23,-25,-4
1742098880.947133,-27,-9,0
1742098880.9821332,102,52,-64
1742098881.017133,34,-77,-40
1742098881.053133,-3,4,-28
1742098881.088133,24,26,21
1742098881.124133,4,-7,-74
1742098881.1591332,46,2,-100
1742098881.195133,20,-23,-98
1742098881.230133,28,-31,-94
1742098881.2651331,-23,-9,-38
1742098881.3011332,22,44,-64
1742098881.336133,-39,70,-32
1742098881.372133,80,8,-26
1742098881.407133,-13,30,-116
1742098881.443133,10,-23,-72
1742098881.4781332,58,82,-66
1742098881.513133,-13,16,-34
1742098881.549133,-55,66,-56
1742098881.5841331,-17,12,23
1742098881.6201332,-57,62,-35
1742098881.655133,22,-1,-47
1742098881.691133,-29,40,-5
1742098881.726133,46,22,-163
1742098881.7611332,74,-39,-221
1742098881.797133,-53,-35,38
1742098881.832133,-103,-75,2
1742098881.868133,0,-63,14
1742098881.9031332,0,16,-13
1742098881.9391332,136,2,-107
1742098881.974133,-57,64,-47
1742098882.009133,8,-53,24
1742098882.045133,32,-67,34
1742098882.0801332,-43,-3,18
1742098882.116133,58,2,144
1742098882.151133,4,-63,-77
1742098882.187133,12,0,62
1742098882.223133,14,-15,-87
1742098882.2581332,-35,34,-181
1742098882.293133,-87,42,-11
1742098882.329133,10,-7,72
1742098882.365133,6,6,76
1742098882.4001331,44,40,30
1742098882.4361331,-17,4,-149
1742098882.471133,-31,-71,-69
1742098882.506133,12,-57,-55
1742098882.5411332,-109,-21,-13
1742098882.5771332,-17,26,-177
1742098882.6131332,0,-51,-99
1742098882.648133,-33,-29,-27
1742098882.684133,-13,38,2
1742098882.7191331,30,8,-65
1742098882.754133,24,-28,-53
1742098882.789133,22,-29,-107
1742098882.825133,2,-45,10
1742098882.861133,-45,10,-95
1742098882.8961332,10,-7,58
1742098882.9321332,-21,-15,-119
1742098882.967133,24,14,-13
1742098883.0021331,4,51,-93
1742098883.037133,106,43,-89
1742098883.073133,-7,3,56
1742098883.109133,-1,45,34
1742098883.144133,72,-23,-107
1742098883.180133,-81,-56,10
1742098883.2151332,38,-20,-71
1742098883.250133,36,-26,-67
1742098883.2851331,-15,-5,-45
1742098883.3211331,8,1,-7
1742098883.3571332,104,-36,14
1742098883.392133,2,13,-97
1742098883.428133,26,-19,-25
1742098883.463133,44,-53,-25
1742098883.4981332,34,10,-39
1742098883.533133,-87,-3,-125
1742098883.569133,-41,-45,46
1742098883.605133,-3,-19,-189
1742098883.6401331,4,-17,-39
1742098883.6761332,116,60,28
1742098883.711133,66,-35,-89
1742098883.746133,-11,-9,-5
1742098883.7811332,-31,50,-7
1742098883.8171332,24,16,-155
1742098883.8531332,-77,-31,-17
1742098883.888133,-43,-23,90
1742098883.924133,-23,28,32
1742098883.9591331,-53,-3,-121
1742098883.994133,20,-17,14
1742098884.029133,-97,-17,-51
1742098884.065133,6,8,-100
1742098884.101133,8,-17,-92
1742098884.1361332,50,-5,-80
1742098884.172133,12,-9,-44
1742098884.207133,84,98,-84
1742098884.2421331,12,-53,-92
1742098884.277133,-43,26,-130
1742098884.313133,46,-7,-154
1742098884.349133,-37,22,-84
1742098884.384133,56,-47,-68
1742098884.420133,-33,-43,21
1742098884.4551332,-17,-31,-18
1742098884.490133,60,-43,-76
1742098884.5251331,80,52,-18
1742098884.5611331,-99,28,9
1742098884.5971332,-21,-11,-66
1742098884.632133,-87,-55,-28
1742098884.668133,38,-81,-160
1742098884.703133,-3,10,-20
1742098884.7381332,48,12,-24
1742098884.773133,-67,-37,-58
1742098884.809133,36,-25,-76
1742098884.845133,60,-69,77
1742098884.8801332,-31,-15,-16
1742098884.9161332,-75,-25,-44
1742098884.951133,18,60,41
1742098884.986133,-23,-25,-56
1742098885.0211332,-119,12,15
1742098885.0571332,-47,42,-70
1742098885.093133,50,-29,-54
1742098885.128133,74,6,-38
1742098885.164133,46,-49,-168
1742098885.1991332,-37,-86,75
1742098885.234133,28,-52,3
1742098885.269133,-75,53,-102
1742098885.305133,78,40,-4
1742098885.341133,12,24,-36
1742098885.376133,42,20,-116
1742098885.412133,22,14,35
1742098885.447133,-3,-43,-26
1742098885.4821332,52,-1,-18
1742098885.517133,22,2,-110
1742098885.553133,-19,12,-84
1742098885.589133,-21,-73,-96
1742098885.631133,-5,-53,-58
1742098885.668133,-69,-27,69
1742098885.703133,-73,70,-46
1742098885.7381332,50,72,-86
1742098885.773133,40,-65,53
1742098885.809133,24,4,-24
1742098885.845133,48,-39,-66
1742098885.8801332,-23,-51,-26
1742098885.9161332,34,-9,-140
1742098885.951133,-11,-63,3
1742098885.986133,-79,0,-44
1742098886.0211332,72,-57,55
1742098886.0571332,-17,-5,-36
1742098886.093133,-7,-9,0
1742098886.128133,-3,-1,153
1742098886.164133,-29,-3,-104
1742098886.1991332,86,-61,-144
1742098886.234133,-59,-31,-124
1742098886.269133,82,54,23
1742098886.305133,-21,-23,37
1742098886.341133,-23,-9,-74
1742098886.376133,26,4,81
1742098886.412133,6,-33,-106
1742098886.447133,150,64,25
1742098886.4821332,14,-59,-82
1742098886.5181332,-95,76,-28
1742098886.553133,44,-15,-108
1742098886.589133,36,-85,-32
1742098886.624133,12,24,-48
1742098886.6601331,-69,-11,-2
1742098886.695133,16,8,-76
1742098886.730133,-15,-89,-144
1742098886.766133,-23,-65,-90
1742098886.8011332,0,38,-94
1742098886.8371332,34,18,-10
1742098886.872133,-39,-5,-132
1742098886.908133,20,-79,-92
1742098886.943133,-27,-15,93
1742098886.9781332,80,70,1
1742098887.014133,50,-9,33
1742098887.049133,60,-11,-42
1742098887.085133,-55,-37,-34
1742098887.1201332,38,-75,-192
1742098887.1561332,-49,-45,-62
1742098887.191133,40,-29,29
1742098887.226133,78,74,-64
1742098887.2621331,40,-7,-150
1742098887.297133,4,30,7
1742098887.333133,-53,-51,-132
1742098887.368133,-41,26,-82
1742098887.404133,46,-5,-104
1742098887.4391332,36,-43,-24
1742098887.474133,24,54,33
1742098887.510133,-33,24,33
1742098887.545133,4,-91,11
1742098887.5811331,-29,-9,-100
1742098887.616133,-5,2,-116
1742098887.652133,58,48,-102
1742098887.687133,-57,34,-22
1742098887.7221332,-31,-21,-236
1742098887.7581332,-63,26,-144
1742098887.793133,-75,10,-94
1742098887.829133,18,-41,-100
1742098887.8641331,2,12,19
1742098887.9001331,-43,4,-54
1742098887.935133,-9,-9,-96
1742098887.970133,-51,14,-72
1742098888.006133,-29,30,11
1742098888.0411332,8,6,-2
1742098888.0771332,-11,22,0
1742098888.112133,20,-29,-56
1742098888.148133,-67,20,-80
1742098888.1831331,42,-1,-52
1742098888.218133,-17,66,-16
1742098888.254133,22,-73,11
1742098888.289133,2,70,-28
1742098888.325133,-33,-27,-72
1742098888.3601332,-77,68,53
1742098888.3961332,-15,-77,-122
1742098888.431133,-23,24,-20
1742098888.466133,-3,12,-48
1742098888.5021331,60,78,-52
1742098888.537133,-9,52,-74
1742098888.573133,16,-23,-116
1742098888.608133,-11,16,65
1742098888.644133,34,72,37
1742098888.6791332,40,-23,9
1742098888.714133,-65,68,-106
1742098888.750133,-65,-81,39
1742098888.7851331,20,54,-112
1742098888.8211331,-73,14,29
1742098888.856133,-79,-61,-26
1742098888.891133,-63,-77,-54
1742098888.9261332,-13,-27,-20
1742098888.9621332,2,4,-90
1742098888.9981332,-3,50,-58
1742098889.033133,-9,-3,-62
1742098889.069133,26,74,71
1742098889.1041331,-79,4,-8
1742098889.139133,-43,-9,21
1742098889.174133,2,2,-40
1742098889.210133,34,-69,-206
1742098889.246133,42,-5,43
1742098889.2811332,4,-61,17
1742098889.3171332,-21,-3,1
1742098889.352133,-63,-19,-82
1742098889.3871331,-37,66,89
1742098889.422133,-5,16,-98
1742098889.458133,36,24,-124
1742098889.494133,28,46,-44
1742098889.529133,-3,-67,-48
1742098889.565133,26,60,54
1742098889.6001332,16,-57,10
1742098889.635133,14,-73,-3
1742098889.670133,42,2,22
1742098889.7061331,-107,24,14
1742098889.7421331,22,-7,-72
1742098889.777133,-29,26,-74
1742098889.813133,114,16,-57
1742098889.848133,-65,38,-79
1742098889.8831332,80,58,-53
1742098889.918133,22,-19,-47
1742098889.954133,60,32,-83
1742098889.990133,2,4,-5
1742098890.0251331,-19,116,-95
1742098890.0611331,14,64,-57
1742098890.096133,-15,16,-125
1742098890.131133,22,-43,14
1742098890.1661332,56,0,18
1742098890.2021332,12,2,-15
1742098890.2381332,8,42,4
1742098890.273133,12,80,24
1742098890.309133,12,-21,14
1742098890.3441331,-27,48,-131
1742098890.379133,58,-45,-79
1742098890.414133,14,4,32
1742098890.450133,28,88,-147
1742098890.486133,8,12,-77
1742098890.5211332,-3,40,-99
1742098890.5571332,14,36,-105
1742098890.592133,16,-45,-65
1742098890.6271331,4,-75,-47
1742098890.662133,-33,-11,-141
1742098890.698133,-47,-51,8
1742098890.734133,-27,6,48
1742098890.769133,0,-21,-37
1742098890.805133,36,22,-69
1742098890.8401332,20,-45,-41
1742098890.875133,-21,34,32
1742098890.9101331,-39,-45,-33
1742098890.9461331,-17,10,-29
1742098890.9821332,2,8,-19
1742098891.017133,-45,-37,-73
1742098891.053133,-51,12,-73
1742098891.088133,22,46,-59
1742098891.1231332,-55,12,-103
1742098891.158133,62,-33,-51
1742098891.194133,-31,-9,-63
1742098891.230133,20,32,-145
1742098891.2651331,8,-37,-29
1742098891.3011332,-13,8,6
1742098891.336133,-5,-69,-47
1742098891.371133,0,-23,-67
1742098891.4061332,-5,12,72
1742098891.4421332,38,-9,-23
1742098891.4781332,14,72,56
1742098891.513133,-45,-31,78
1742098891.549133,34,8,-27
1742098891.5841331,46,8,-85
1742098891.619133,4,-31,68
1742098891.654133,-9,-31,-67
1742098891.690133,-163,50,-39
1742098891.726133,-25,14,-35
1742098891.7611332,82,-43,10
1742098891.797133,10,10,-89
1742098891.832133,-9,14,-15
1742098891.8671331,54,-5,-33
1742098891.902133,6,18,-25
1742098891.938133,16,-15,88
1742098891.974133,2,52,-133
1742098892.009133,36,68,92
1742098892.045133,-49,48,-19
1742098892.0801332,108,4,-63
1742098892.115133,106,-51,-57
1742098892.1501331,54,-7,-53
1742098892.1861331,6,-15,-105
1742098892.2221332,64,-75,-97
1742098892.257133,48,28,-67
1742098892.293133,-49,88,-7
1742098892.328133,28,32,-57
1742098892.3631332,78,8,-19
1742098892.398133,36,-5,-13
1742098892.434133,-35,-89,-43
1742098892.470133,2,-3,-81
1742098892.5051332,18,-14,-1
1742098892.5411332,60,-19,-79
1742098892.576133,-29,-27,-79
1742098892.611133,32,4,2
1742098892.6461332,-27,12,-11
1742098892.6821332,28,64,-97
1742098892.718133,-15,7,-117
1742098892.753133,18,-54,-83
1742098892.789133,86,25,-31
1742098892.8241332,20,5,2
1742098892.859133,56,-39,-109
1742098892.895133,102,82,-79
1742098892.930133,28,-13,-81
1742098892.966133,20,34,-49
1742098893.001133,-15,14,-101
1742098893.037133,4,-13,10
1742098893.072133,-59,2,-17
1742098893.1071332,-19,-25,-13
1742098893.1431332,-11,-21,-83
1742098893.178133,-53,-56,34
1742098893.214133,-77,4,-17
1742098893.249133,-45,58,-129
1742098893.2851331,-17,-33,-121
1742098893.320133,-1,64,-199
1742098893.355133,64,-11,-23
1742098893.391133,76,46,-23
1742098893.4261332,66,-23,-157
1742098893.4621332,-25,2,74
1742098893.497133,6,42,-39
1742098893.533133,38,24,-39
1742098893.568133,-33,28,34
1742098893.6031332,-11,-31,-5
1742098893.639133,-5,30,68
1742098893.674133,60,-4,-133
1742098893.710133,28,66,20
1742098893.7451332,64,3,-91
1742098893.7811332,-81,-48,-71
1742098893.816133,-19,-5,6
1742098893.851133,58,-7,-183
1742098893.8871331,30,-23,-21
1742098893.9231331,-45,-19,-119
1742098893.9591331,38,-8,44
1742098893.994133,108,-42,-71
1742098894.030133,-57,53,-119
1742098894.065133,4,-34,-25
1742098894.101133,18,-16,-77
1742098894.1361332,-7,3,-11
1742098894.171133,-57,-66,-17
1742098894.207133,84,-40,54
1742098894.2421331,42,-52,-185
1742098894.2781332,-59,-30,-69
1742098894.313133,76,9,-85
1742098894.349133,-45,23,88
1742098894.384133,32,-13,-9
1742098894.4191332,40,10,-3
1742098894.4551332,-65,-31,14
1742098894.490133,12,-6,-65
1742098894.526133,16,27,-91
1742098894.5611331,-61,-68,106
1742098894.5971332,8,39,-113
1742098894.632133,-55,-2,20
1742098894.667133,48,43,-11
1742098894.703133,26,-62,-103
1742098894.7381332,-7,-68,42
1742098894.774133,-33,51,-235
1742098894.809133,62,7,48
1742098894.8441331,52,-74,70
1742098894.879133,-35,13,-29
1742098894.915133,-21,61,-119
1742098894.951133,2,-26,-145
1742098894.986133,44,-16,106
1742098895.022133,-21,11,-209
1742098895.0571332,26,29,-217
1742098895.093133,-7,33,18
1742098895.129133,32,51,32
1742098895.165133,-101,9,-75
1742098895.200133,-53,-34,-69
1742098895.2351332,24,-78,-39
1742098895.2711332,-39,-82,-169
1742098895.306133,36,-14,-71
1742098895.342133,-33,-6,0
1742098895.3771331,-71,9,-151
1742098895.4131331,18,21,-79
1742098895.4491332,36,3,-107
1742098895.4851332,-21,-14,-33
1742098895.5211332,-51,19,14
1742098895.556133,-1,-26,-103
1742098895.591133,-49,41,-13
1742098895.634133,8,-10,-1
1742098895.671133,-23,-18,-125
1742098895.7061331,-1,-52,-103
1742098895.7421331,-87,-56,-43
1742098895.777133,-11,21,-3
1742098895.812133,6,-30,-61
1742098895.8471332,68,65,-27
1742098895.8831332,30,-68,-41
1742098895.9191332,-41,-46,44
1742098895.954133,76,0,-91
1742098895.990133,2,-15,-15
1742098896.0251331,-63,46,-65
1742098896.060133,-1,30,78
1742098896.095133,4,-111,-103
1742098896.131133,-7,-39,14
1742098896.167133,-27,70,-47
1742098896.2021332,-1,-15,2
1742098896.2381332,0,52,18
1742098896.273133,82,12,-49
1742098896.3081331,22,14,72
1742098896.343133,98,-3,-29
1742098896.379133,-71,64,4
1742098896.415133,-17,6,10
1742098896.450133,68,78,78
1742098896.486133,22,20,-21
1742098896.5211332,72,10,-49
1742098896.556133,-47,-63,-15
1742098896.591133,-23,8,-99
1742098896.6271331,-37,-7,12
1742098896.6631331,38,12,-65
1742098896.698133,-13,-19,-11
1742098896.734133,-27,6,-73
1742098896.769133,-27,-3,-145
1742098896.8041332,24,32,40
1742098896.839133,-41,64,-101
1742098896.875133,24,-19,-11
1742098896.911133,-7,-9,-31
1742098896.9461331,-33,-35,6
1742098896.9821332,-11,-27,75
1742098897.017133,10,-3,-43
1742098897.052133,20,-67,-105
1742098897.0871332,54,44,28
1742098897.1231332,-7,78,-14
1742098897.1591332,-37,50,-48
1742098897.194133,28,-25,-52
1742098897.230133,-49,2,-42
1742098897.2651331,70,-41,41
1742098897.300133,-43,-15,-10
1742098897.335133,8,-19,-38
1742098897.371133,6,-9,-30
1742098897.407133,-25,18,-54
1742098897.4421332,8,-59,-88
1742098897.4781332,-53,22,63
1742098897.513133,60,-31,-62
1742098897.5481331,-1,-87,55
1742098897.583133,90,80,-8
1742098897.619133,-13,82,-26
1742098897.655133,0,-67,21
1742098897.690133,-31,-3,-144
1742098897.726133,12,-51,-40
1742098897.7611332,-35,-85,-48
1742098897.796133,36,-3,-64
1742098897.8311331,6,36,-38
1742098897.8671331,-35,56,-68
1742098897.9031332,-5,22,-80
1742098897.938133,-11,16,25
1742098897.974133,-53,-21,-46
1742098898.009133,2,-31,3
1742098898.0441332,-53,30,-84
1742098898.079133,4,-17,-32
1742098898.115133,54,-19,7
1742098898.151133,-109,66,-80
1742098898.1861331,42,31,-54
1742098898.2221332,74,-19,-120
1742098898.257133,-69,14,-144
1742098898.292133,-11,7,79
1742098898.3271332,-9,-27,-68
1742098898.3631332,22,16,-64
1742098898.399133,16,8,-12
1742098898.434133,66,38,-140
1742098898.470133,30,0,-86
1742098898.5051332,42,0,-24
1742098898.540133,-25,98,-4
1742098898.575133,-37,-77,-62
1742098898.611133,-23,-21,65
1742098898.647133,144,-36,55
1742098898.6821332,20,51,-154
1742098898.718133,10,9,-68
1742098898.753133,-67,-1,-56
1742098898.7881331,20,38,-62
1742098898.823133,-43,-7,-36
1742098898.859133,32,-75,-74
1742098898.895133,6,42,23
1742098898.930133,-3,-24,61
1742098898.966133,-11,79,-64
1742098899.001133,16,-20,7
1742098899.036133,-5,-12,-30
1742098899.0711331,16,0,-98
1742098899.1071332,-51,4,-132
1742098899.1431332,42,8,-36
1742098899.178133,-19,-70,-66
1742098899.214133,60,-13,31
1742098899.249133,48,12,-30
1742098899.2841332,-3,-49,3
1742098899.319133,58,-16,-74
1742098899.355133,-83,-11,-118
1742098899.391133,6,-85,-30
1742098899.4261332,2,82,49
1742098899.4621332,22,18,-162
1742098899.497133,22,-17,45
1742098899.532133,-35,-7,-20
1742098899.5671332,-125,-13,-84
1742098899.6031332,-9,-53,9
1742098899.639133,18,66,1
1742098899.674133,30,54,-48
1742098899.710133,-11,8,-102
1742098899.7451332,30,36,-34
1742098899.780133,-51,14,27
1742098899.816133,-63,-23,-50
1742098899.851133,8,-45,-80
1742098899.8871331,-23,12,143
1742098899.922133,10,22,-68
1742098899.958133,-1,6,-200
1742098899.993133,72,-7,45
1742098900.0281332,26,-63,-32
1742098900.0641332,22,-27,-66
1742098900.099133,-59,-33,-16
1742098900.135133,6,30,-2
1742098900.170133,36,2,-28
1742098900.2061331,20,-19,33
1742098900.241133,-19,126,3
1742098900.276133,-51,-17,-18
1742098900.312133,-19,26,65
1742098900.3471332,102,-17,-78
1742098900.3831332,42,28,-62
1742098900.418133,-55,90,-50
1742098900.454133,16,36,-102
1742098900.4891331,-11,14,-98
1742098900.524133,-17,-13,-56
1742098900.560133,-17,44,-50
1742098900.595133,16,6,7
1742098900.631133,-45,-5,-92
1742098900.6661332,-85,12,-16
1742098900.7021332,36,-37,-126
1742098900.737133,36,40,29
1742098900.772133,12,-25,23
1742098900.8081331,90,12,-26
1742098900.843133,22,66,1
1742098900.879133,-55,-9,-82
1742098900.914133,38,6,9
1742098900.950133,-47,-7,45
1742098900.9851332,-7,-21,-20
1742098901.020133,14,6,45
1742098901.056133,-19,0,-124
1742098901.091133,2,-36,-98
1742098901.1271331,18,34,-68
1742098901.162133,-23,-17,-112
1742098901.198133,18,-13,-82
1742098901.233133,-57,26,-68
1742098901.2681332,-1,-3,-64
1742098901.3041332,58,8,17
1742098901.339133,26,64,9
1742098901.375133,54,-43,-132
1742098901.4101331,10,32,-132
1742098901.4461331,-11,50,-104
1742098901.481133,-7,-35,-54
1742098901.516133,54,-9,-80
1742098901.552133,-5,28,99
1742098901.5871332,20,-61,-64
1742098901.6231332,56,84,-54
1742098901.658133,90,14,-86
1742098901.694133,10,34,-72
1742098901.730133,130,-19,0
1742098901.766133,114,52,-82
1742098901.8011332,-39,-9,-2
1742098901.836133,12,-23,-66
1742098901.872133,0,-3,-24
1742098901.907133,-19,8,9
1742098901.943133,-33,28,-68
1742098901.9781332,-59,-1,-54
1742098902.014133,54,-5,-10
1742098902.050133,42,-19,-6
1742098902.086133,14,54,-98
1742098902.122133,-39,4,45
1742098902.158133,22,70,37
1742098902.194133,42,-57,-74
1742098902.2291331,-3,86,-50
1742098902.264133,-21,-29,29
1742098902.300133,-11,2,-36
1742098902.336133,-111,28,-68
1742098902.371133,36,-25,-56
1742098902.407133,10,44,-40
1742098902.4421332,88,-7,-70
1742098902.477133,8,-9,-10
1742098902.5121331,10,-79,-150
1742098902.5481331,-17,28,-108
1742098902.5841331,-11,12,-76
1742098902.619133,-67,-41,-30
1742098902.655133,-7,30,39
1742098902.690133,-69,52,-122
1742098902.7251332,-101,2,29
1742098902.760133,8,-63,-40
1742098902.796133,2,-7,-108
1742098902.832133,58,-7,-80
1742098902.8671331,60,2,13
1742098902.9031332,36,-53,-80
1742098902.938133,-59,-23,-30
1742098902.973133,-15,30,13
1742098903.0081332,30,0,-18
1742098903.0441332,50,-13,49
1742098903.0801332,82,42,-56
1742098903.115133,-55,42,-62
1742098903.151133,0,14,-152
1742098903.1861331,38,-103,-48
1742098903.221133,-15,-13,-52
1742098903.256133,-63,72,13
1742098903.292133,-33,28,-194
1742098903.328133,-53,-29,15
1742098903.3631332,-59,34,-92
1742098903.399133,60,6,-86
1742098903.434133,-65,66,-30
1742098903.4691331,-81,18,21
1742098903.504133,52,2,1
1742098903.540133,30,18,-36
1742098903.576133,-13,-9,-6
1742098903.611133,-35,50,15
1742098903.647133,8,8,-40
1742098903.6821332,-63,-39,1
1742098903.717133,16,-47,-160
1742098903.7521331,-23,14,-38
1742098903.7881331,42,-77,141
1742098903.8241332,52,48,-30
1742098903.859133,-15,-11,33
1742098903.895133,-73,48,-10
1742098903.930133,-1,46,-38
1742098903.9651332,-27,44,-114
1742098904.000133,-43,-31,65
1742098904.036133,-5,-9,-82
1742098904.072133,-53,22,-74
1742098904.1071332,20,6,23
1742098904.1431332,-37,54,-106
1742098904.178133,-13,54,-22
1742098904.213133,20,-13,11
1742098904.2481332,-19,58,-54
1742098904.2841332,-7,-27,37
1742098904.320133,34,-41,-82
1742098904.355133,-49,70,-24
1742098904.391133,24,0,-16
1742098904.4261332,6,4,-74
1742098904.461133,-7,-61,15
1742098904.496133,12,84,-4
1742098904.532133,68,-71,-66
1742098904.568133,-23,-13,-154
1742098904.6031332,18,-47,-96
1742098904.639133,-37,74,-80
1742098904.674133,-77,-7,53
1742098904.7091331,74,64,-138
1742098904.744133,2,-1,-40
1742098904.780133,16,24,11
1742098904.816133,48,-19,-20
1742098904.851133,0,-27,-54
1742098904.8871331,22,72,-24
1742098904.922133,34,-47,-44
1742098904.957133,48,-21,63
1742098904.9921331,-77,-23,-60
1742098905.0281332,-5,-31,1
1742098905.0641332,-35,40,89
1742098905.099133,30,-43,-8
1742098905.135133,72,-27,-16
1742098905.170133,3,36,-134
1742098905.2051332,20,24,-58
1742098905.240133,-57,2,-74
1742098905.276133,-83,10,-10
1742098905.312133,-15,-51,-72
1742098905.3471332,42,4,-56
1742098905.3831332,18,46,-12
1742098905.418133,-15,-25,5
1742098905.453133,-11,-67,29
1742098905.4881332,28,64,17
1742098905.524133,-75,-49,-140
1742098905.560133,-19,12,-32
1742098905.595133,20,-15,9
1742098905.638133,4,-27,91
1742098905.674133,10,54,-50
1742098905.7091331,2,-125,-46
1742098905.744133,10,-1,-35
1742098905.780133,-31,4,-35
1742098905.816133,26,42,-91
1742098905.851133,8,6,-51
1742098905.8871331,126,46,-159
1742098905.922133,-17,12,-55
1742098905.957133,12,-63,0
1742098905.9921331,44,10,-26
1742098906.0281332,-35,46,2
1742098906.0641332,90,9,6
1742098906.099133,-23,-58,-53
1742098906.135133,-45,32,-27
1742098906.170133,-17,4,-29
1742098906.2051332,-37,8,-49
1742098906.240133,54,4,86
1742098906.276133,8,26,-11
1742098906.312133,64,32,16
1742098906.3471332,-51,-41,70
1742098906.3831332,44,-3,-27
1742098906.418133,26,-31,52
1742098906.453133,-71,-39,32
1742098906.4891331,40,-15,-25
1742098906.524133,56,-71,8
1742098906.560133,0,-3,-13
1742098906.595133,18,24,16
1742098906.631133,-29,38,-63
1742098906.6661332,-87,-15,6
1742098906.701133,-45,-15,84
1742098906.737133,-3,32,-37
1742098906.772133,-5,-69,-49
1742098906.8081331,76,38,-75
1742098906.843133,-15,-17,-107
1742098906.879133,18,2,-27
1742098906.914133,56,40,16
1742098906.9491332,22,14,-31
1742098906.9851332,46,30,-15
1742098907.020133,-29,-73,-21
1742098907.056133,62,-15,-5
1742098907.091133,32,-91,-21
1742098907.1271331,0,-51,-79
1742098907.162133,-15,6,10
1742098907.197133,-65,12,-49
1742098907.233133,-47,-51,-119
1742098907.2681332,-29,3,8
1742098907.3041332,62,-8,-113
1742098907.339133,4,-22,-7
1742098907.375133,-25,-38,-67
1742098907.4101331,32,-20,-55
1742098907.445133,48,0,-17
1742098907.481133,56,-6,-75
1742098907.516133,-5,43,12
1742098907.552133,-35,29,-19
1742098907.5871332,78,-22,-21
1742098907.6231332,-69,33,16
1742098907.658133,-47,37,-177
1742098907.693133,28,55,-131
1742098907.7291331,-23,3,74
1742098907.764133,-9,57,-123
1742098907.800133,-27,-16,56
1742098907.835133,-39,5,40
1742098907.871133,-61,21,14
1742098907.9061332,-13,-26,2
1742098907.941133,-1,13,-65
1742098907.977133,-33,31,50
1742098908.0121331,22,-2,-45
1742098908.0481331,2,-30,-79
1742098908.083133,-73,-52,-21
1742098908.119133,18,-8,-75
1742098908.154133,-45,-32,-127
1742098908.1891332,-53,-36,56
1742098908.2251332,-107,11,126
1742098908.260133,4,-34,-27
1742098908.296133,-57,-44,-25
1742098908.3311331,-27,-4,114
1742098908.3671331,-151,45,-15
1742098908.402133,42,-102,-43
1742098908.437133,2,-43,-59
1742098908.473133,-17,2,-45
1742098908.5081332,-51,-1,-115
1742098908.5441332,-3,-5,-15
1742098908.579133,12,36,-55
1742098908.615133,6,14,98
1742098908.651133,-21,-21,-35
1742098908.687133,-39,1,-47
1742098908.723133,72,46,0
1742098908.759133,-23,-9,-57
1742098908.795133,-17,112,-123
1742098908.8301332,-25,70,-31
1742098908.865133,42,-11,-3
1742098908.901133,-1,-5,-85
1742098908.937133,-51,26,-177
1742098908.9721332,-1,74,-17
1742098909.0081332,-69,28,-9
1742098909.043133,20,42,-17
1742098909.078133,-21,-39,24
1742098909.1131332,-69,-81,-137
1742098909.149133,-21,74,-145
1742098909.185133,-11,-15,8
1742098909.220133,0,-39,-37
1742098909.256133,0,60,-65
1742098909.2911332,52,24,32
1742098909.326133,48,38,-11
1742098909.361133,-47,20,-99
1742098909.397133,-5,46,-133
1742098909.4331331,74,36,-21
1742098909.468133,4,-65,-143
1742098909.504133,-91,-1,14
1742098909.539133,-47,6,-3
1742098909.5741332,-53,-73,-119
1742098909.609133,34,-59,-29
1742098909.645133,28,-15,48
1742098909.681133,54,94,-63
1742098909.716133,18,8,26
1742098909.7521331,26,18,-39
1742098909.787133,18,22,-111
1742098909.822133,-41,14,2
1742098909.8571332,-27,2,6
1742098909.8931332,-1,-1,-59
1742098909.9291332,6,28,-85
1742098909.964133,-45,-27,-149
1742098910.000133,-29,-43,8
1742098910.0351331,-39,48,-87
1742098910.070133,34,-11,-5
1742098910.105133,-41,26,-131
1742098910.141133,98,16,90
1742098910.177133,12,12,-15
1742098910.2121332,32,-39,-121
1742098910.2481332,-7,-13,70
1742098910.283133,-19,-37,-127
1742098910.318133,16,52,38
1742098910.3531332,-35,-33,-85
1742098910.389133,32,-31,18
1742098910.425133,-3,0,-73
1742098910.460133,22,-1,-3
1742098910.496133,92,30,-107
1742098910.5311332,-23,0,-141
1742098910.566133,22,42,-47
1742098910.601133,-81,-31,12
1742098910.6371331,-49,46,-93
1742098910.6731331,-41,94,28
1742098910.708133,34,20,-23
1742098910.744133,-75,-37,-107
1742098910.779133,-29,34,14
1742098910.8141332,60,4,8
1742098910.849133,20,20,58
1742098910.885133,-91,34,-147
1742098910.921133,16,68,-149
1742098910.9561331,2,18,-11
1742098910.9921331,-43,16,-119
1742098911.027133,4,-5,50
1742098911.062133,60,54,-13
1742098911.0971332,-39,-3,-101
1742098911.1331332,114,20,2
1742098911.1691332,8,40,-59
1742098911.204133,42,-67,-39
1742098911.240133,-5,0,-39
1742098911.2751331,-3,28,94
1742098911.310133,-65,20,-105
1742098911.345133,-35,-89,-55
1742098911.381133,48,62,-21
1742098911.417133,36,4,-191
1742098911.4521332,-21,-59,-33
1742098911.4881332,76,-41,-45
1742098911.523133,70,16,16
1742098911.5581331,78,-25,-23
1742098911.593133,-21,-25,-47
1742098911.629133,28,-49,4
1742098911.665133,10,-35,-73
1742098911.700133,-105,-3,30
1742098911.736133,22,30,-53
1742098911.7711332,34,8,94
1742098911.806133,16,18,88
1742098911.841133,16,-49,-111
1742098911.8771331,42,48,-139
1742098911.9131331,-65,-19,-87
1742098911.948133,32,24,40
1742098911.984133,76,30,-19
1742098912.019133,-15,-9,-67
1742098912.0541332,-69,14,-41
1742098912.089133,-17,-79,-39
1742098912.125133,30,-33,-87
1742098912.161133,36,8,-19
1742098912.1961331,4,32,4
1742098912.2321332,4,38,14
1742098912.267133,-7,18,90
1742098912.302133,-71,-15,32
1742098912.3371332,-7,-21,8
1742098912.3731332,12,-15,-1
1742098912.4091332,16,-5,-101
1742098912.444133,0,-13,-73
1742098912.480133,30,42,-59
1742098912.5151331,14,24,-21
1742098912.550133,-21,24,-59
1742098912.585133,34,-11,-71
1742098912.621133,40,-41,-37
1742098912.657133,-51,32,-77
1742098912.6921332,20,-5,-99
1742098912.7281332,-23,40,52
1742098912.763133,34,-5,-39
1742098912.7981331,21,76,-21
1742098912.833133,5,64,-73
1742098912.869133,-30,-59,52
1742098912.905133,1,70,10
1742098912.940133,59,-49,78
1742098912.976133,-60,-97,-33
1742098913.0111332,23,56,-27
1742098913.046133,61,18,-159
1742098913.082133,-10,-9,6
1742098913.1171331,-7,-47,-37
1742098913.1531332,-9,-15,-57
1742098913.188133,2,36,-5
1742098913.224133,-55,-49,0
1742098913.259133,-11,28,54
1742098913.2941332,28,-21,50
1742098913.3301332,60,90,-7
1742098913.365133,-5,70,-39
1742098913.401133,-97,-91,40
1742098913.4361331,18,42,-185
1742098913.4721332,48,-49,36
1742098913.507133,0,-35,-95
1742098913.542133,68,-15,-103
1742098913.578133,-17,-33,36
1742098913.6131332,-31,-41,14
1742098913.649133,22,-21,-33
1742098913.684133,-51,0,46
1742098913.720133,-67,-13,28
1742098913.7551332,0,6,-13
1742098913.790133,30,-5,-73
1742098913.826133,46,-11,28
1742098913.861133,-30,38,-165
1742098913.897133,-79,50,0
1742098913.9321332,43,-71,70
1742098913.968133,73,8,-69
1742098914.003133,21,-55,132
1742098914.0381331,-46,0,-27
1742098914.0741332,37,-21,4
1742098914.109133,-8,-127,-39
1742098914.145133,161,-41,-105
1742098914.180133,-42,46,-109
1742098914.216133,-8,52,-87
1742098914.251133,-26,-33,-47
1742098914.286133,-36,-27,112
1742098914.322133,17,36,36
1742098914.3571332,63,-15,66
1742098914.3931332,-16,-35,-51
1742098914.428133,-21,2,-9
1742098914.464133,24,-43,-37
1742098914.499133,18,62,-53
1742098914.5341332,82,40,-81
1742098914.570133,-8,-29,-37
1742098914.605133,1,34,-37
1742098914.641133,-24,-17,10
1742098914.6761332,11,8,-54
1742098914.7121332,-48,62,-89
1742098914.747133,-62,-43,120
1742098914.782133,1,-15,-74
1742098914.818133,1,36,-2
1742098914.8531332,-4,-5,-68
1742098914.889133,22,16,59
1742098914.924133,-74,20,70
1742098914.960133,7,-37,10
1742098914.9951332,3,32,-3
1742098915.030133,17,18,10
1742098915.066133,-60,-27,-61
1742098915.101133,67,48,-245
1742098915.1371331,37,-45,125
1742098915.172133,2,-11,2
1742098915.208133,-1,-31,97
1742098915.243133,-29,-41,-122
1742098915.2781332,-7,8,29
1742098915.3141332,-15,-9,-84
1742098915.349133,-11,-29,13
1742098915.385133,-31,26,-64
1742098915.420133,-23,-23,-112
1742098915.4561331,-27,26,0
1742098915.4921331,-23,-55,9
1742098915.527133,-9,48,-64
1742098915.562133,-57,-11,-32
1742098915.598133,-69,2,37
1742098915.641133,-7,-79,-2
1742098915.677133,32,-11,-8
1742098915.713133,-19,-35,-102
1742098915.7481332,16,-57,-28
1742098915.783133,74,16,31
1742098915.818133,-7,-35,-24
1742098915.8541331,4,-11,-104
1742098915.8901331,-11,-45,-36
1742098915.925133,4,10,-40
1742098915.961133,-123,92,5
1742098915.996133,14,-9,-72
1742098916.0311332,-31,6,93
1742098916.066133,2,-9,-28
1742098916.102133,-15,22,-68
1742098916.138133,20,58,-10
1742098916.1731331,8,-43,-74
1742098916.2091331,36,4,-94
1742098916.244133,78,-45,23
1742098916.279133,-19,22,-48
1742098916.3141332,-37,70,17
1742098916.3501332,-1,36,-160
1742098916.3861332,56,-15,-102
1742098916.421133,-35,-29,5
1742098916.457133,24,60,-92
1742098916.4921331,-5,-33,-56
1742098916.527133,-25,-1,-80
1742098916.562133,-43,34,35
1742098916.598133,42,-49,-112
1742098916.634133,12,-7,-96
1742098916.6691332,82,72,25
1742098916.7051332,-159,38,-16
1742098916.740133,-55,-69,61
1742098916.7751331,24,72,3
1742098916.810133,-5,12,-30
1742098916.846133,18,-65,-48
1742098916.882133,24,14,41
1742098916.917133,10,-21,-96
1742098916.953133,0,56,-50
1742098916.9881332,-1,2,-6
1742098917.023133,24,36,-8
1742098917.0581331,-21,-49,107
1742098917.0941331,-21,42,-50
1742098917.1301332,-31,-7,-22
1742098917.165133,28,24,-98
1742098917.201133,-71,0,-28
1742098917.236133,56,-43,-60
1742098917.2711332,-17,-49,-58
1742098917.306133,0,-7,-64
1742098917.342133,-11,0,-128
1742098917.378133,-5,4,85
1742098917.4131331,96,16,29
1742098917.4491332,12,-107,-54
1742098917.484133,46,24,-84
1742098917.519133,16,20,23
1742098917.5541332,26,-51,-54
1742098917.5901332,42,-3,-102
1742098917.626133,38,-73,-10
1742098917.661133,54,44,-6
1742098917.697133,-11,-39,-82
1742098917.7321332,40,-39,-14
1742098917.767133,-61,70,-36
1742098917.802133,-35,-75,-26
1742098917.838133,-7,-25,-218
1742098917.874133,-3,-59,23
1742098917.9091332,-77,24,0
1742098917.945133,-3,-67,37
1742098917.980133,38,-25,25
1742098918.0151331,12,10,-72
1742098918.050133,-41,2,5
1742098918.086133,90,-9,-146
1742098918.122133,-1,2,-170
1742098918.157133,-31,-27,-36
1742098918.193133,8,-119,-36
1742098918.2281332,28,-7,-88
1742098918.263133,24,16,17
1742098918.2981331,26,12,-42
1742098918.3341331,24,66,-56
1742098918.3701332,-19,-51,-98
1742098918.405133,16,28,-4
1742098918.441133,-37,22,-62
1742098918.476133,2,98,-76
1742098918.5111332,20,4,63
1742098918.546133,36,66,-12
1742098918.582133,96,24,-32
1742098918.618133,-27,6,-26
1742098918.6531332,-21,-1,-6
1742098918.6891332,-77,14,-66
1742098918.724133,22,34,-74
1742098918.759133,-53,84,-140
1742098918.7941332,-9,8,-22
1742098918.8301332,38,66,-68
1742098918.866133,-33,30,-24
1742098918.901133,2,-87,-22
1742098918.937133,2,-11,-8
1742098918.9721332,-65,26,-120
1742098919.007133,-17,-15,-56
1742098919.042133,-55,54,-28
1742098919.078133,24,16,-50
1742098919.1141331,-7,10,-126
1742098919.149133,-75,1,-90
1742098919.185133,22,46,13
1742098919.220133,32,51,33
1742098919.2551332,-71,-5,-94
1742098919.290133,42,-99,-24
1742098919.326133,48,2,73
1742098919.362133,-27,6,11
1742098919.397133,-57,84,23
1742098919.4331331,12,18,-62
1742098919.468133,2,16,-42
1742098919.503133,-15,-9,-112
1742098919.5381331,26,20,77
1742098919.5741332,-33,-43,-162
1742098919.6101332,98,-19,-66
1742098919.645133,102,-59,-82
1742098919.681133,-45,68,-124
1742098919.716133,28,24,-41
1742098919.751133,36,-59,-75
1742098919.787133,-11,20,-110
1742098919.822133,-27,6,-29
1742098919.858133,-171,-65,30
1742098919.8931332,26,-25,-95
1742098919.9291332,54,-37,-138
1742098919.964133,-81,-33,-65
1742098919.999133,-37,26,-25
1742098920.0351331,30,30,-131
1742098920.070133,-49,70,-97
1742098920.106133,-9,42,42
1742098920.141133,-11,-85,36
1742098920.177133,-17,38,-13
1742098920.2121332,34,-25,-53
1742098920.247133,-97,-33,-11
1742098920.283133,2,-45,-19
1742098920.318133,52,-11,-95
1742098920.3541331,86,-67,-97
1742098920.389133,8,32,-35
1742098920.425133,16,22,-97
1742098920.460133,-1,10,-93
1742098920.4951332,-63,54,12
1742098920.5311332,106,6,27
1742098920.566133,44,-1,-114
1742098920.602133,-53,10,-42
1742098920.6371331,-3,14,-98
1742098920.6731331,22,-19,-80
1742098920.708133,22,20,-30
1742098920.743133,-37,44,-53
1742098920.779133,-99,36,-45
1742098920.8141332,82,-49,-2
1742098920.8501332,-123,50,5
1742098920.885133,120,2,69
1742098920.921133,54,24,27
1742098920.9561331,26,-27,-30
1742098920.991133,14,18,-106
1742098921.027133,-3,44,-6
1742098921.062133,6,50,-80
1742098921.098133,-1,-1,83
1742098921.1331332,-61,-19,-110
1742098921.1691332,-21,14,-112
1742098921.204133,8,12,49
1742098921.2391331,-15,42,-80
1742098921.2751331,52,4,21
1742098921.310133,-3,-7,153
1742098921.346133,26,36,-31
1742098921.381133,80,-31,-35
1742098921.417133,-129,54,6
1742098921.4521332,-37,58,-19
1742098921.487133,50,-9,-23
1742098921.523133,56,4,28
1742098921.5581331,-31,46,-111
1742098921.5941331,-41,-41,-93
1742098921.629133,-65,-5,-123
1742098921.665133,4,-33,32
1742098921.700133,14,-65,-68
1742098921.7351332,-29,2,48
1742098921.7711332,36,-3,-16
1742098921.806133,-91,-17,-122
1742098921.842133,-7,-9,-6
1742098921.8771331,14,12,19
1742098921.9131331,4,18,-56
1742098921.9491332,-5,-45,-75
1742098921.9851332,-5,-1,-171
1742098922.0211332,0,-27,-45
1742098922.0571332,4,-19,-43
1742098922.093133,-99,40,-111
1742098922.128133,-37,-9,-55
1742098922.1631331,52,-17,-15
1742098922.1991332,-11,-29,28
1742098922.2351332,-11,-3,-29
1742098922.270133,-25,22,-17
1742098922.306133,72,22,10
1742098922.341133,16,-53,34
1742098922.376133,-43,-11,-89
1742098922.411133,-55,6,-61
1742098922.447133,-53,-23,-83
1742098922.483133,2,20,-37
1742098922.5181332,0,16,48
1742098922.5541332,100,46,-45
1742098922.589133,-49,-11,-103
1742098922.624133,38,10,84
1742098922.6591332,-25,28,-61
1742098922.695133,28,18,50
1742098922.731133,-23,-35,-93
1742098922.766133,-15,-19,-41
1742098922.802133,-27,-23,-33
1742098922.8371332,-1,-15,0
1742098922.872133,6,-11,-69
1742098922.907133,-81,-59,-137
1742098922.943133,10,-45,-21
1742098922.9791331,-11,-31,38
1742098923.014133,-5,-67,-153
1742098923.050133,16,-27,34
1742098923.085133,14,28,-65
1742098923.1201332,-49,-13,-73
1742098923.155133,-23,24,-37
1742098923.191133,50,34,-65
1742098923.227133,-25,-3,-39
1742098923.2621331,66,34,-179
1742098923.2981331,32,-15,-85
1742098923.333133,-71,38,-113
1742098923.368133,-31,14,-43
1742098923.4031332,6,-33,-45
1742098923.4391332,6,-13,24
1742098923.4751332,14,-45,8
1742098923.510133,-29,-15,28
1742098923.546133,-49,-25,34
1742098923.5811331,34,54,-91
1742098923.616133,-5,-23,18
1742098923.651133,-17,-13,0
1742098923.687133,-53,44,-17
1742098923.723133,102,-27,-43
1742098923.7581332,-13,40,-213
1742098923.7941332,-63,-19,-113
1742098923.829133,46,24,-3
1742098923.8641331,-5,26,-41
1742098923.899133,20,-29,40
1742098923.935133,-21,-1,-67
1742098923.971133,20,8,24
1742098924.006133,-97,38,-21
1742098924.042133,-59,-55,44
1742098924.0771332,-11,-7,-55
1742098924.112133,10,24,-115
1742098924.147133,6,10,-67
1742098924.1831331,-1,10,-63
1742098924.2191331,-44,58,-105
1742098924.254133,13,-35,-139
1742098924.290133,-3,16,-99
1742098924.325133,-37,6,-123
1742098924.3601332,-3,-21,-79
1742098924.395133,12,8,-143
1742098924.431133,18,56,-1
1742098924.467133,11,30,-91
1742098924.5021331,80,50,36
1742098924.5381331,12,6,-33
1742098924.573133,7,-13,-37
1742098924.608133,14,10,0
1742098924.6431332,10,-21,-49
1742098924.6791332,28,38,-1
1742098924.7151332,-10,-25,-93
1742098924.750133,14,82,60
1742098924.786133,-17,-31,-77
1742098924.8211331,-17,40,14
1742098924.856133,-35,20,-5
1742098924.891133,-29,28,-21
1742098924.927133,-43,-97,20
1742098924.963133,-37,-13,-159
1742098924.9981332,-23,-61,10
1742098925.0341332,14,72,-47
1742098925.069133,36,-55,-35
1742098925.1041331,-103,2,-83
1742098925.139133,-45,78,-83
1742098925.175133,-11,-1,56
1742098925.211133,46,-57,24
1742098925.246133,14,8,-21
1742098925.282133,-19,-11,-61
1742098925.3171332,110,-37,-73
1742098925.352133,-1,-27,20
1742098925.3871331,-65,-15,-39
1742098925.4231331,-39,4,94
1742098925.4591331,20,30,2
1742098925.494133,-13,4,42
1742098925.530133,36,-103,-11
1742098925.565133,66,-5,-69
1742098925.6001332,-95,-39,-39
1742098925.6431332,26,-83,-33
1742098925.6791332,-3,20,62
1742098925.7151332,36,10,-135
1742098925.750133,26,22,-69
1742098925.786133,44,24,-109
1742098925.8211331,26,-61,-5
1742098925.856133,21,-1,-137
1742098925.891133,21,24,-3
1742098925.927133,-23,8,-65
1742098925.963133,-47,-17,0
1742098925.9981332,-3,8,-17
1742098926.0341332,-55,48,20
1742098926.069133,-39,22,20
1742098926.1041331,10,-43,-15
1742098926.139133,-61,30,-75
1742098926.175133,-23,14,82
1742098926.211133,-63,2,-81
1742098926.246133,-59,10,20
1742098926.282133,-17,8,-133
1742098926.3171332,-15,-1,-13
1742098926.352133,-13,121,-87
1742098926.388133,-18,-34,42
1742098926.4231331,0,6,-19
1742098926.4591331,32,-9,-39
1742098926.494133,-31,-75,-123
1742098926.530133,-29,22,-51
1742098926.565133,34,-13,-41
1742098926.6001332,46,70,-17
1742098926.6361332,-85,48,-35
1742098926.671133,104,-5,-63
1742098926.707133,58,-47,-123
1742098926.7421331,-51,62,-89
1742098926.7781332,-1,46,-21
1742098926.813133,26,30,-37
1742098926.848133,48,-15,-137
1742098926.884133,-21,14,24
1742098926.9191332,30,-39,-83
1742098926.9551332,10,30,-111
1742098926.990133,62,-51,-29
1742098927.026133,-31,12,-21
1742098927.0611331,-11,-31,-41
1742098927.096133,20,10,-147
1742098927.132133,74,26,-27
1742098927.167133,74,-1,-45
1742098927.203133,-25,44,-55
1742098927.2381332,-23,-17,-85
1742098927.274133,-35,-25,-121
1742098927.309133,26,38,-33
1742098927.3441331,-55,-35,-77
1742098927.3801332,-7,26,-123
1742098927.415133,106,32,-113
1742098927.451133,6,-55,-41
1742098927.486133,98,2,42
1742098927.522133,38,62,42
1742098927.5571332,22,-25,52
1742098927.592133,-13,0,-5
1742098927.628133,-73,-7,-65
1742098927.6631331,16,-135,-25
1742098927.6991332,2,-29,34
1742098927.734133,10,14,28
1742098927.770133,40,-15,-21
1742098927.805133,-31,12,-109
1742098927.8401332,-29,-57,-73
1742098927.876133,-57,8,-109
1742098927.911133,64,58,-19
1742098927.947133,-77,40,-83
1742098927.9821332,6,-45,2
1742098928.0181332,-123,-57,68
1742098928.053133,-57,-49,-55
1742098928.088133,66,0,56
1742098928.124133,-33,36,-31
1742098928.1591332,-93,-57,-59
1742098928.195133,-9,-57,-37
1742098928.230133,98,82,-73
1742098928.266133,70,18,-29
1742098928.3011332,32,18,-73
1742098928.336133,-19,6,-133
1742098928.372133,70,-1,-193
1742098928.407133,10,38,-51
1742098928.443133,-25,-35,-67
1742098928.4781332,-97,-19,-97
1742098928.514133,-27,-67,-75
1742098928.549133,70,-1,-31
1742098928.5841331,-31,42,-75
1742098928.6201332,70,24,-57
1742098928.655133,58,4,-11
1742098928.691133,-9,48,-121
1742098928.726133,14,-33,42
1742098928.7621331,6,-69,-99
1742098928.7981331,-39,46,-53
1742098928.833133,-3,52,-91
1742098928.868133,12,2,-155
1742098928.904133,52,-87,-37
1742098928.940133,14,18,-37
1742098928.9751332,-73,-35,-73
1742098929.0111332,40,80,-57
1742098929.046133,6,-81,-37
1742098929.0811331,-29,-115,-105
1742098929.116133,-19,2,92
1742098929.152133,44,-11,-67
1742098929.188133,-25,10,-89
1742098929.223133,50,6,-41
1742098929.259133,8,16,50
1742098929.2941332,24,0,-93
1742098929.329133,-3,0,8
1742098929.3641331,8,46,-67
1742098929.4001331,-5,-29,-71
1742098929.4361331,30,-21,20
1742098929.471133,16,-23,-49
1742098929.507133,32,42,-141
1742098929.542133,-27,-81,-59
1742098929.5771332,40,-1,-145
1742098929.612133,-37,-25,-173
1742098929.648133,-11,-23,-93
1742098929.684133,-43,-9,54
1742098929.7191331,26,6,-55
1742098929.7551332,-13,-15,-51
1742098929.790133,22,-17,-89
1742098929.825133,2,64,-55
1742098929.8601332,0,-19,30
1742098929.8961332,-67,14,-37
1742098929.9321332,-13,64,-35
1742098929.967133,-3,6,4
1742098930.003133,-69,60,32
1742098930.0381331,-59,-95,-75
1742098930.073133,32,-15,-61
1742098930.108133,58,46,-99
1742098930.144133,-17,-13,-113
1742098930.180133,-37,-41,-31
1742098930.2151332,-29,-11,-31
1742098930.251133,30,2,-73
1742098930.286133,-27,56,-59
1742098930.3211331,26,-77,30
1742098930.356133,36,28,-139
1742098930.392133,4,26,114
1742098930.428133,14,0,-71
1742098930.463133,42,-65,112
1742098930.499133,-101,70,42
1742098930.5341332,0,-43,-21
1742098930.569133,-27,92,60
1742098930.6041331,-29,-1,48
1742098930.6401331,-79,10,14
1742098930.6761332,-57,26,-113
1742098930.711133,-37,-29,-23
1742098930.747133,32,14,-63
1742098930.782133,-21,64,-47
1742098930.8171332,34,-3,-31
1742098930.852133,-15,-5,-87
1742098930.888133,26,-3,-1
1742098930.924133,30,38,10
1742098930.9591331,12,12,-61
1742098930.9951332,90,-29,-81
1742098931.030133,68,-49,-75
1742098931.065133,-5,18,-65
1742098931.1001332,-9,-49,-111
1742098931.1361332,-9,-3,-93
1742098931.172133,-63,-17,-211
1742098931.207133,50,76,-223
1742098931.243133,-17,8,-63
1742098931.2781332,10,-17,-5
1742098931.313133,14,28,-55
1742098931.348133,18,48,-27
1742098931.384133,36,0,-3
1742098931.420133,-43,-17,4
1742098931.4551332,60,-37,-25
1742098931.491133,-31,24,-19
1742098931.526133,6,-27,34
1742098931.5611331,-19,20,40
1742098931.596133,-53,8,-33
1742098931.632133,-57,6,0
1742098931.668133,-31,26,-15
1742098931.703133,-93,10,-31
1742098931.7391331,10,32,-41
1742098931.774133,-11,26,-69
1742098931.809133,72,46,-145
1742098931.8441331,-19,-47,14
1742098931.8801332,-27,2,26
1742098931.9161332,64,8,-61
1742098931.951133,-39,10,-105
1742098931.987133,42,38,16
1742098932.022133,56,-61,-5
1742098932.0571332,10,8,-105
1742098932.092133,26,-1,-59
1742098932.128133,-55,-45,42
1742098932.164133,64,30,-79
1742098932.1991332,74,-47,-57
1742098932.2351332,-65,2,-9
1742098932.270133,30,52,-131
1742098932.305133,34,-67,96
1742098932.3401332,-9,18,-111
1742098932.376133,-11,-7,8
1742098932.412133,-15,-41,-11
1742098932.447133,64,12,-55
1742098932.483133,-55,-107,-59
1742098932.5181332,-37,76,-95
1742098932.553133,-47,-19,-131
1742098932.588133,-19,-31,-205
1742098932.624133,96,-57,-53
1742098932.6601331,60,16,-125
1742098932.695133,-53,88,-87
1742098932.731133,12,-43,-137
1742098932.766133,-27,-45,-47
1742098932.8011332,-11,72,36
1742098932.836133,60,62,88
1742098932.872133,-47,0,-99
1742098932.908133,-31,-87,76
1742098932.943133,-45,-11,-145
1742098932.9791331,96,-7,-65
1742098933.014133,-23,-105,-121
1742098933.049133,36,-23,-15
1742098933.085133,4,18,-83
1742098933.1201332,42,34,-35
1742098933.1561332,-5,34,54
1742098933.191133,-9,12,-77
1742098933.227133,-77,-7,-63
1742098933.2621331,-5,-13,-15
1742098933.297133,-97,-5,-75
1742098933.333133,26,-47,-19
1742098933.368133,-9,10,12
1742098933.404133,52,-17,-19
1742098933.4391332,6,-23,-71
1742098933.4751332,60,48,-57
1742098933.510133,-26,-35,-49
1742098933.545133,-83,-41,46
1742098933.5811331,46,-7,-57
1742098933.616133,2,-17,-35
1742098933.652133,-99,32,-113
1742098933.687133,10,70,-27
1742098933.723133,56,46,-137
1742098933.7581332,-21,-111,-82
1742098933.793133,50,48,23
1742098933.829133,-9,22,-70
1742098933.8641331,12,-45,-66
1742098933.9001331,66,44,35
1742098933.935133,32,-67,-42
1742098933.971133,-5,-47,-96
1742098934.006133,46,-35,-72
1742098934.0411332,26,-51,-90
1742098934.0771332,-19,-1,3
1742098934.112133,54,36,-186
1742098934.148133,-3,-21,-68
1742098934.1831331,-7,-3,-94
1742098934.2191331,-7,-19,-124
1742098934.254133,-51,54,-158
1742098934.289133,-65,-13,47
1742098934.325133,28,68,-12
1742098934.3601332,-79,26,-72
1742098934.3961332,64,-35,-22
1742098934.431133,-81,62,-94
1742098934.467133,-61,36,1
1742098934.5021331,-13,4,-18
1742098934.537133,-9,40,19
1742098934.573133,-63,36,-188
1742098934.608133,34,12,-52
1742098934.644133,22,-5,-12
1742098934.6791332,-21,-33,9
1742098934.7151332,-81,-61,-8
1742098934.750133,32,78,-116
1742098934.7851331,10,44,-54
1742098934.8211331,0,0,29
1742098934.856133,-9,-43,29
1742098934.892133,-43,-23,-210
1742098934.927133,-37,8,-196
1742098934.963133,-5,4,99
1742098934.9981332,-57,20,-38
1742098935.033133,-3,17,-76
1742098935.069133,46,13,-96
1742098935.1041331,-53,-43,51
1742098935.1401331,44,11,33
1742098935.175133,-91,-47,-226
1742098935.211133,64,-93,-64
1742098935.246133,2,-19,-126
1742098935.2811332,-47,72,-102
1742098935.3171332,-19,56,-78
1742098935.352133,-65,0,-82
1742098935.388133,8,16,-70
1742098935.4231331,-63,-87,11
1742098935.458133,90,52,-150
1742098935.493133,24,14,0
1742098935.529133,-19,-17,85
1742098935.565133,18,-55,-86
1742098935.6001332,14,-5,47
1742098935.6361332,-1,18,-116
1742098935.678133,26,-39,-6
1742098935.714133,6,24,67
1742098935.749133,56,-5,-102
1742098935.7851331,80,-51,-24
1742098935.8211331,-71,-53,-42
1742098935.856133,-53,-107,57
1742098935.892133,-15,-41,99
1742098935.927133,-37,0,-114
1742098935.9621332,-11,-49,-38
1742098935.997133,24,-11,-60
1742098936.033133,-107,4,-106
1742098936.069133,-27,64,-34
1742098936.1041331,-45,16,21
1742098936.1401331,-5,68,35
1742098936.175133,86,36,115
1742098936.210133,-57,6,-40
1742098936.2451332,24,30,141
1742098936.2811332,66,-21,-148
1742098936.3171332,-85,26,27
1742098936.352133,-31,-97,-108
1742098936.388133,-37,-25,15
1742098936.4231331,-33,-5,-22
1742098936.458133,14,-11,41
1742098936.493133,-33,-13,-140
1742098936.529133,-11,-35,-100
1742098936.565133,44,40,-34
1742098936.6001332,64,2,-144
1742098936.6361332,-51,10,-70
1742098936.671133,-29,-51,-108
1742098936.7061331,8,-49,-86
1742098936.741133,-41,30,-34
1742098936.777133,32,-29,5
1742098936.813133,10,12,9
1742098936.848133,-67,68,-34
1742098936.884133,50,42,-48
1742098936.9191332,4,54,71
1742098936.954133,4,22,-154
1742098936.9891331,6,-3,59
1742098937.0251331,24,-9,-70
1742098937.0611331,-3,-71,-70
1742098937.096133,60,0,25
1742098937.132133,-81,36,93
1742098937.167133,-63,-19,-40
1742098937.2021332,-9,40,-32
1742098937.237133,-15,-33,25
1742098937.273133,110,4,17
1742098937.309133,68,-51,-62
1742098937.3441331,-59,2,27
1742098937.3801332,4,-3,25
1742098937.415133,30,-1,-38
1742098937.450133,-7,-77,-2
1742098937.4851332,-53,-73,65
1742098937.5211332,-41,10,-32
1742098937.5571332,46,-19,31
1742098937.592133,52,-7,85
1742098937.628133,36,-51,-84
1742098937.6631331,12,-73,-82
1742098937.698133,4,-49,-46
1742098937.733133,-11,-23,-68
1742098937.769133,110,0,-32
1742098937.805133,-9,-33,-68
1742098937.8401332,34,-35,-66
1742098937.876133,-85,46,27
1742098937.911133,46,36,-38
1742098937.9461331,-39,6,-10
1742098937.981133,-29,-23,-34
1742098938.017133,38,-15,-108
1742098938.053133,-63,-21,-12
1742098938.088133,-11,10,73
1742098938.124133,68,-63,-54
1742098938.1591332,44,-57,-56
1742098938.194133,-41,-77,-42
1742098938.2291331,0,38,-114
1742098938.2651331,-23,52,-108
1742098938.3011332,-29,-11,-30
1742098938.336133,-37,-43,-32
1742098938.372133,4,-13,-34
1742098938.407133,12,-31,-146
1742098938.4421332,-17,-23,67
1742098938.477133,-71,16,-92
1742098938.513133,-47,14,81
1742098938.549133,76,64,-60
1742098938.5841331,-25,-1,-18
1742098938.6201332,20,42,-28
1742098938.655133,50,-63,-46
1742098938.690133,-23,-67,15
1742098938.7251332,-25,44,21
1742098938.7611332,46,-13,-160
1742098938.797133,-3,-11,-26
1742098938.832133,-13,-53,73
1742098938.868133,32,-35,-122
1742098938.9031332,50,-57,-28
1742098938.938133,-7,-55,-110
1742098938.973133,-89,8,43
1742098939.009133,-73,46,-10
1742098939.045133,-61,20,-102
1742098939.0801332,-1,14,-2
1742098939.116133,-9,-23,-78
1742098939.151133,108,-57,19
1742098939.1861331,26,-1,-72
1742098939.221133,6,-1,37
1742098939.257133,-35,-33,-112
1742098939.293133,106,38,-94
1742098939.328133,30,-1,35
1742098939.3641331,50,-31,-56
1742098939.399133,30,-65,-2
1742098939.434133,-31,34,-68
1742098939.4691331,28,36,49
1742098939.5051332,6,-17,121
1742098939.5411332,-25,-61,-60
1742098939.576133,86,-27,-50
1742098939.612133,60,-47,-28
1742098939.647133,-69,26,-38
1742098939.6821332,60,26,13
1742098939.718133,-15,-45,-46
1742098939.753133,22,22,-66
1742098939.789133,44,-29,-56
1742098939.8241332,-5,-55,-42
1742098939.8601332,2,-47,-28
1742098939.895133,86,-41,39
1742098939.930133,66,-5,7
1742098939.966133,-43,-37,-6
1742098940.001133,22,36,-76
1742098940.037133,-51,-25,55
1742098940.072133,58,6,5
1742098940.108133,4,68,99
1742098940.1431332,-35,-41,15
1742098940.178133,-13,38,-120
1742098940.214133,48,-9,-98
1742098940.249133,12,-93,25
1742098940.2851331,-81,-15,39
1742098940.320133,-43,-5,-98
1742098940.356133,54,18,19
1742098940.391133,-13,18,-34
1742098940.4261332,8,6,-64
1742098940.4621332,-15,30,-96
1742098940.497133,-15,2,-88
1742098940.533133,102,-27,-100
1742098940.568133,-29,26,-58
1742098940.6041331,36,44,-6
1742098940.639133,42,26,7
1742098940.674133,24,14,13
1742098940.710133,-33,46,29
1742098940.7451332,26,14,-64
1742098940.7811332,-19,-35,-164
1742098940.816133,22,28,-72
1742098940.852133,86,30,0
1742098940.8871331,54,-1,-98
1742098940.922133,-17,-39,-104
1742098940.958133,-53,-45,-2
1742098940.993133,56,-35,-114
1742098941.029133,12,-39,-14
1742098941.0641332,-81,42,-110
1742098941.1001332,82,0,-94
1742098941.135133,-35,12,-42
1742098941.170133,12,-1,-74
1742098941.2061331,-43,36,-82
1742098941.241133,14,-3,-26
1742098941.277133,-31,-13,-102
1742098941.312133,58,-103,-70
1742098941.348133,30,86,23
1742098941.3831332,-15,-51,10
1742098941.418133,14,26,108
1742098941.454133,24,42,-61
1742098941.4891331,-21,6,-39
1742098941.5251331,-17,0,48
1742098941.560133,102,56,-1
1742098941.596133,-7,-67,-97
1742098941.631133,104,0,-77
1742098941.6661332,-1,-33,2
1742098941.7021332,-43,14,90
1742098941.737133,-59,-19,-19
1742098941.773133,16,26,44
1742098941.8081331,-41,-39,-59
1742098941.8441331,76,-39,-35
1742098941.879133,96,20,-37
1742098941.914133,-41,-51,-55
1742098941.950133,18,-1,-51
1742098941.9851332,-21,10,-127
1742098942.0211332,52,2,-101
1742098942.056133,-97,38,-55
1742098942.091133,28,22,-129
1742098942.126133,28,22,-97
1742098942.162133,-53,-47,-1
1742098942.198133,34,88,-21
1742098942.233133,74,4,-107
1742098942.269133,-9,-77,42
1742098942.3041332,30,-25,-37
1742098942.339133,36,16,134
1742098942.374133,62,50,-3
1742098942.4101331,-23,44,-61
1742098942.4461331,20,54,-27
1742098942.481133,-41,-9,-55
1742098942.517133,14,8,-139
1742098942.552133,62,56,154
1742098942.5871332,-45,20,58
1742098942.622133,22,6,44
1742098942.658133,-5,-31,-97
1742098942.694133,34,48,-29
1742098942.7291331,-27,64,-93
1742098942.7651331,-29,58,-57
1742098942.800133,74,24,118
1742098942.835133,24,-67,-109
1742098942.8701332,68,-9,-63
1742098942.9061332,120,-51,-17
1742098942.9421332,-5,-61,-59
1742098942.977133,28,-69,12
1742098943.013133,-5,-11,-7
1742098943.0481331,32,102,-31
1742098943.083133,-15,-105,-31
1742098943.118133,26,-51,48
1742098943.154133,-29,-15,-63
1742098943.190133,72,36,-33
1742098943.2251332,18,30,0
1742098943.2611332,8,-37,-29
1742098943.296133,-47,-29,-27
1742098943.3311331,-85,-35,-29
1742098943.366133,30,-71,82
1742098943.402133,-19,-115,-7
1742098943.438133,-37,-53,4
1742098943.473133,-7,22,-43
1742098943.509133,-15,84,14
1742098943.5441332,40,0,-61
1742098943.579133,-39,56,32
1742098943.6141331,29,-47,26
1742098943.6501331,5,-41,-69
1742098943.6861331,21,2,-17
1742098943.721133,-86,-1,16
1742098943.757133,0,0,-115
1742098943.792133,3,-61,-83
1742098943.8271332,1,18,-27
1742098943.862133,44,-29,4
1742098943.898133,-63,-7,-5
1742098943.934133,28,14,-119
1742098943.9691331,96,44,-23
1742098944.0051332,16,0,-119
1742098944.040133,34,0,-65
1742098944.075133,-29,-21,-77
1742098944.1101332,-11,34,24
1742098944.1461332,-55,42,-21
1742098944.1821332,64,-23,64
1742098944.217133,-25,32,-19
1742098944.253133,-49,40,-89
1742098944.2881331,42,-23,26
1742098944.323133,-33,-11,-47
1742098944.358133,-28,22,-81
1742098944.394133,-100,2,64
1742098944.430133,-17,-5,-63
1742098944.4651332,42,48,-39
1742098944.501133,2,28,56
1742098944.536133,0,-45,-21
1742098944.5711331,14,28,-87
1742098944.606133,-17,-19,28
1742098944.642133,12,70,-89
1742098944.678133,-31,-11,-109
1742098944.713133,36,-19,-159
1742098944.749133,34,-51,18
1742098944.7841332,-45,-75,-107
1742098944.819133,4,54,6
1742098944.8541331,-25,46,-93
1742098944.8901331,4,18,-55
1742098944.9261332,-33,-7,-39
1742098944.961133,2,44,-41
1742098944.997133,30,-15,44
1742098945.032133,-53,42,-11
1742098945.0671332,46,2,60
1742098945.102133,0,14,-11
1742098945.138133,-63,-31,48
1742098945.174133,14,-67,-53
1742098945.2091331,10,-1,-39
1742098945.2451332,46,34,-137
1742098945.280133,-21,-17,-17
1742098945.315133,-89,58,-189
1742098945.3501332,-45,62,-21
1742098945.3861332,26,-41,-41
1742098945.422133,-65,70,-19
1742098945.457133,52,50,-47
1742098945.493133,-73,-35,-23
1742098945.5281332,-29,58,-19
1742098945.563133,-13,-7,46
1742098945.598133,4,-9,-39
1742098945.634133,34,10,14
1742098945.670133,2,2,-5
1742098945.7121332,-27,34,13
1742098945.749133,-131,-9,-69
1742098945.7841332,-25,20,-62
1742098945.819133,-3,-27,-99
1742098945.8541331,-31,6,-104
1742098945.8901331,-25,-17,-13
1742098945.9261332,-81,18,-43
1742098945.961133,-3,58,-49
1742098945.997133,-99,-3,-105
1742098946.032133,12,46,-44
1742098946.0671332,-47,56,-37
1742098946.102133,22,-15,57
1742098946.138133,64,-41,-92
1742098946.174133,18,68,-66
1742098946.2091331,76,-91,41
1742098946.2451332,20,-11,-48
1742098946.280133,-101,-45,-78
1742098946.315133,18,-75,17
1742098946.351133,68,0,-96
1742098946.3861332,20,-37,-74
1742098946.422133,6,-39,5
1742098946.457133,-21,-19,-78
1742098946.493133,-11,20,-60
1742098946.5281332,-21,62,-42
1742098946.563133,-33,-49,19
1742098946.599133,-41,40,-108
1742098946.634133,32,60,-22
1742098946.670133,40,26,-74
1742098946.7051332,-67,-71,-2
1742098946.741133,-31,24,-164
1742098946.776133,4,94,-30
1742098946.8111331,-1,-5,-34
1742098946.8471332,-45,-47,-82
1742098946.882133,84,-25,-52
1742098946.918133,-29,-19,19
1742098946.953133,30,14,-40
1742098946.9891331,84,-115,11
1742098947.024133,-67,-5,-16
1742098947.059133,82,102,-78
1742098947.095133,18,-57,-32
1742098947.1301332,12,-33,25
1742098947.1661332,64,-1,-50
1742098947.201133,54,48,39
1742098947.237133,-29,-19,-50
1742098947.272133,-7,-27,-152
1742098947.3071332,-91,-59,-104
1742098947.343133,34,-43,-66
1742098947.378133,-13,-17,-132
1742098947.414133,8,50,69
1742098947.4491332,120,-11,-150
1742098947.4851332,-3,16,5
1742098947.520133,80,-25,-58
1742098947.555133,-131,2,-86
1742098947.591133,54,6,-24
1742098947.626133,-87,-37,-46
1742098947.662133,38,-55,-30
1742098947.697133,2,-3,7
1742098947.733133,-49,30,-72
1742098947.7681332,2,-23,-38
1742098947.803133,-25,-61,-92
1742098947.839133,-5,-15,-64
1742098947.874133,48,-11,13
1742098947.9101331,-3,8,-28
1742098947.945133,-59,18,-160
1742098947.981133,-51,-59,-154
1742098948.016133,4,-55,49
1742098948.0511332,-45,-63,25
1742098948.0871332,-73,14,-86
1742098948.122133,-7,40,-28
1742098948.158133,-15,20,-116
1742098948.193133,-35,52,-94
1742098948.2291331,-51,28,-102
1742098948.264133,-49,-25,45
1742098948.299133,14,56,3
1742098948.335133,-11,-37,-32
1742098948.3701332,-7,-13,-44
1742098948.4061332,68,-21,-100
1742098948.441133,0,86,81
1742098948.477133,28,2,-132
1742098948.513133,-37,-15,-24
1742098948.549133,-7,6,-12
1742098948.585133,36,-1,-32
1742098948.621133,-5,80,-18
1742098948.657133,36,-7,-12
1742098948.6921332,60,24,-18
1742098948.727133,12,42,-60
1742098948.763133,70,18,-170
1742098948.799133,-11,-25,-40
1742098948.8341331,-59,4,-126
1742098948.8701332,-29,-29,-114
1742098948.905133,-57,24,-154
1742098948.940133,58,-69,-66
1742098948.9751332,10,-51,-114
1742098949.0111332,16,2,13
1742098949.047133,52,-103,-38
1742098949.082133,16,-83,-108
1742098949.118133,-33,-37,-64
1742098949.1531332,6,-37,-6
1742098949.188133,72,0,-92
1742098949.223133,72,-41,-136
1742098949.259133,54,-25,-88
1742098949.295133,8,24,-102
1742098949.3301332,-1,-27,-76
1742098949.366133,6,14,-122
1742098949.401133,-79,-21,-50
1742098949.4361331,-29,94,-76
1742098949.471133,-13,-35,-166
1742098949.507133,28,76,49
1742098949.543133,114,26,-136
1742098949.578133,40,-11,33
1742098949.6141331,32,-23,35
1742098949.649133,-3,-55,-78
1742098949.684133,-11,-43,-36
1742098949.7191331,6,8,-82
1742098949.7551332,-53,32,-124
1742098949.7911332,62,-17,-114
1742098949.826133,-27,-15,-44
1742098949.862133,-13,-21,-188
1742098949.897133,-67,-37,-52
1742098949.9321332,50,14,-36
1742098949.967133,-41,-55,-150
1742098950.003133,-15,30,-104
1742098950.039133,-37,40,-16
1742098950.0741332,28,8,-46
1742098950.1101332,64,16,-40
1742098950.145133,-73,-9,-124
1742098950.180133,-3,66,31
1742098950.2151332,118,2,-18
1742098950.251133,-19,34,-74
1742098950.287133,22,-57,9
1742098950.322133,40,22,37
1742098950.358133,-1,24,-32
1742098950.3931332,44,-41,-50
1742098950.428133,2,-37,-92
1742098950.463133,-39,-41,-66
1742098950.499133,-87,6,17
1742098950.5351331,-61,22,-82
1742098950.570133,-21,-19,-198
1742098950.606133,-65,22,-110
1742098950.641133,-17,66,-130
1742098950.6761332,-5,-53,-54
1742098950.711133,-11,-23,-74
1742098950.747133,-9,50,-150
1742098950.783133,-47,22,-24
1742098950.818133,22,-3,-138
1742098950.8541331,40,26,-72
1742098950.889133,48,46,-146
1742098950.924133,28,-97,15
1742098950.9591331,-65,108,-30
1742098950.9951332,54,-65,-124
1742098951.0311332,24,-11,-18
1742098951.066133,-51,8,-118
1742098951.102133,10,0,19
1742098951.1371331,-55,70,-14
1742098951.172133,-95,34,-92
1742098951.207133,88,-13,29
1742098951.243133,-55,-53,-158
1742098951.279133,-5,-35,-58
1742098951.3141332,-57,26,0
1742098951.3501332,-7,-7,71
1742098951.385133,56,-17,-60
1742098951.420133,-41,-75,15
1742098951.4551332,-5,46,-86
1742098951.491133,-51,-49,-28
1742098951.527133,-35,-43,-78
1742098951.562133,12,28,-146
1742098951.598133,-49,-81,85
1742098951.6331332,-43,60,7
1742098951.668133,-37,28,-8
1742098951.703133,76,8,-16
1742098951.7391331,70,18,-130
1742098951.7751331,-37,-55,-16
1742098951.810133,-19,44,-12
1742098951.846133,40,2,-38
1742098951.881133,-21,110,-14
1742098951.9161332,64,2,55
1742098951.9521332,8,-1,-72
1742098951.987133,-79,-5,-26
1742098952.023133,24,0,-142
1742098952.0581331,50,28,-186
1742098952.0941331,120,54,5
1742098952.129133,-91,-27,-140
1742098952.164133,36,-67,37
1742098952.1991332,6,-23,-6
1742098952.2351332,-43,0,-70
1742098952.2711332,2,24,-14
1742098952.306133,-11,12,-26
1742098952.342133,4,-9,17
1742098952.3771331,92,30,39
1742098952.412133,-79,-15,-46
1742098952.447133,70,-23,-14
1742098952.483133,-41,-27,-24
1742098952.519133,-9,12,-34
1742098952.5541332,-1,-35,-50
1742098952.5901332,24,-71,7
1742098952.625133,42,32,-106
1742098952.6601331,-33,40,-90
1742098952.695133,-35,62,-56
1742098952.731133,-31,-49,-44
1742098952.767133,16,-71,-124
1742098952.802133,40,44,-46
1742098952.838133,0,0,33
1742098952.8731332,28,6,-60
1742098952.908133,4,-55,-94
1742098952.944133,-13,22,-104
1742098952.9791331,-13,-7,25
1742098953.0151331,6,36,-102
1742098953.050133,-11,22,-102
1742098953.086133,-1,14,15
1742098953.121133,22,64,-44
1742098953.1561332,6,-77,-24
1742098953.1921332,-17,-1,-198
1742098953.227133,-51,0,-58
1742098953.263133,92,-9,5
1742098953.2981331,-33,-33,41
1742098953.3341331,14,50,-12
1742098953.369133,-39,-11,-92
1742098953.404133,34,-67,-130
1742098953.440133,26,34,35
1742098953.4751332,42,20,-58
1742098953.5111332,-5,-61,49
1742098953.546133,-45,-25,3
1742098953.582133,38,-63,-16
1742098953.6171331,30,34,-94
1742098953.652133,-21,-41,-24
1742098953.688133,-3,-67,-90
1742098953.723133,-23,26,151
1742098953.759133,62,0,-122
1742098953.7941332,-37,6,77
1742098953.8301332,46,-17,-100
1742098953.865133,-4,-9,-32
1742098953.9001331,41,-59,11
1742098953.9361331,37,20,-14
1742098953.971133,-40,0,-36
1742098954.007133,12,-25,67
1742098954.042133,-31,12,-94
1742098954.078133,2,26,21
1742098954.1131332,-15,32,0
1742098954.148133,12,-22,-26
1742098954.184133,24,63,-46
1742098954.2191331,-55,-2,-48
1742098954.2551332,-51,11,-44
1742098954.290133,6,-44,-86
1742098954.326133,-43,-34,93
1742098954.361133,-67,-7,-104
1742098954.3961332,-71,2,-66
1742098954.4321332,10,-51,-48
1742098954.467133,6,22,-30
1742098954.503133,-57,-41,-132
1742098954.5381331,10,4,-8
1742098954.5741332,-43,32,-132
1742098954.609133,-1,-23,151
1742098954.644133,4,-63,29
1742098954.680133,80,-5,1
1742098954.7151332,60,-37,9
1742098954.7521331,22,-19,45
1742098954.787133,50,30,25
1742098954.823133,52,50,-118
1742098954.858133,26,72,-120
1742098954.894133,-49,56,-32
1742098954.9291332,36,14,-58
1742098954.964133,-37,6,95
1742098955.000133,24,48,-30
1742098955.0351331,-17,42,-94
1742098955.0711331,36,20,-174
1742098955.106133,126,46,-134
1742098955.142133,-35,4,-7
1742098955.177133,-5,-25,-33
1742098955.2121332,26,12,16
1742098955.2481332,-95,-9,74
1742098955.283133,8,72,-15
1742098955.319133,34,34,-57
1742098955.3541331,2,-37,-43
1742098955.389133,98,44,10
1742098955.424133,-57,-51,-43
1742098955.460133,68,10,-121
1742098955.496133,64,-31,-133
1742098955.5311332,24,70,36
1742098955.5671332,-47,-11,-193
1742098955.602133,-25,28,-67
1742098955.6371331,-5,20,-29
1742098955.672133,-29,-77,-43
1742098955.7151332,-11,22,-63
1742098955.7521331,14,18,-59
1742098955.787133,80,-13,8
1742098955.823133,-41,8,48
1742098955.858133,44,-29,-63
1742098955.8931332,20,-77,-39
1742098955.928133,36,24,52
1742098955.964133,-19,-49,-51
1742098956.000133,-15,-45,-51
1742098956.0351331,0,-3,-61
1742098956.0711331,-1,4,-89
1742098956.106133,52,-9,-159
1742098956.141133,20,-17,-81
1742098956.1761332,-79,-9,-79
1742098956.2121332,-24,90,30
1742098956.2481332,45,-3,-85
1742098956.283133,-21,-67,-83
1742098956.319133,-11,-19,-83
1742098956.3541331,89,62,-123
1742098956.389133,-69,28,8
1742098956.424133,-14,-45,-101
1742098956.460133,-46,-67,-39
1742098956.496133,-36,14,6
1742098956.5311332,25,-41,-21
1742098956.5671332,-22,-75,-111
1742098956.602133,33,2,-81
1742098956.6371331,-26,-21,-59
1742098956.672133,-22,-1,26
1742098956.708133,-58,72,-105
1742098956.744133,-52,24,-49
1742098956.779133,-34,-79,60
1742098956.815133,-42,30,10
1742098956.8501332,43,48,-103
1742098956.885133,75,-89,-53
1742098956.920133,-54,2,-133
1742098956.9561331,23,-3,6
1742098956.9921331,-16,4,-19
1742098957.027133,15,-37,-97
1742098957.063133,33,-23,22
1742098957.098133,-28,-27,-23
1742098957.1331332,-38,-5,-87
1742098957.168133,19,-3,-73
1742098957.204133,95,-5,-13
1742098957.240133,23,-91,76
1742098957.2751331,-56,-11,-133
1742098957.3111331,77,-67,48
1742098957.346133,-30,-9,-181
1742098957.381133,63,8,-33
1742098957.4161332,-28,14,-55
1742098957.4521332,-10,38,40
1742098957.4881332,27,8,66
1742098957.523133,-8,10,0
1742098957.559133,-4,34,-121
1742098957.5941331,0,48,-69
1742098957.629133,9,40,48
1742098957.664133,41,22,-159
1742098957.700133,-2,-35,6
1742098957.736133,61,28,90
1742098957.7711332,-96,22,0
1742098957.8071332,35,18,8
1742098957.842133,-20,-29,10
1742098957.8771331,1,-51,-19
1742098957.912133,-36,2,34
1742098957.948133,113,12,-57
1742098957.984133,-6,8,-55
1742098958.019133,3,-11,46
1742098958.055133,-42,46,-147
1742098958.0901332,33,-21,-53
1742098958.125133,11,30,58
1742098958.1601331,5,-39,-235
1742098958.1961331,105,62,18
1742098958.2321332,37,-21,-145
1742098958.267133,-48,-25,-121
1742098958.303133,-52,-31,30
1742098958.338133,93,-55,74
1742098958.3731332,7,-3,-11
1742098958.408133,23,-25,-13
1742098958.444133,-37,8,-37
1742098958.480133,-23,64,-47
1742098958.5151331,42,28,92
1742098958.5511332,-43,-53,-75
1742098958.586133,56,22,2
1742098958.621133,22,42,-11
1742098958.6561332,-12,-17,42
1742098958.6921332,12,-43,-35
1742098958.7281332,-23,52,-75
1742098958.763133,38,-33,-69
1742098958.799133,-113,-67,-7
1742098958.8341331,-19,48,-23
1742098958.869133,-35,80,34
1742098958.904133,34,18,-195
1742098958.940133,-67,12,-49
1742098958.976133,-65,-71,-167
1742098959.0111332,-11,-41,-107
1742098959.047133,4,14,-103
1742098959.082133,-135,14,90
1742098959.1171331,-57,-59,48
1742098959.152133,42,16,22
1742098959.188133,-59,-61,68
1742098959.224133,-1,6,26
1742098959.259133,20,-51,-41
1742098959.295133,0,-75,-125
1742098959.3301332,-27,-17,-65
1742098959.365133,-15,10,-35
1742098959.4001331,-15,20,-171
1742098959.4361331,36,32,12
1742098959.4721332,36,40,-49
1742098959.507133,20,30,-29
1742098959.543133,-45,-23,22
1742098959.578133,0,76,-87
1742098959.6131332,-51,10,-17
1742098959.649133,-93,-27,-117
1742098959.684133,22,18,-143
1742098959.720133,-31,-35,-55
1742098959.7551332,38,34,-7
1742098959.7911332,-49,-65,-109
1742098959.826133,84,26,-79
1742098959.861133,-97,42,30
1742098959.897133,-15,14,22
1742098959.9321332,80,14,-75
1742098959.968133,2,-1,-43
1742098960.003133,-19,40,16
1742098960.039133,54,2,30
1742098960.0741332,110,72,-119
1742098960.109133,-53,-11,-45
1742098960.145133,-3,-41,-91
1742098960.180133,62,28,-161
1742098960.216133,18,28,12
1742098960.251133,-11,-5,-87
1742098960.287133,18,30,2
1742098960.322133,44,44,-107
1742098960.3571332,-83,28,-25
1742098960.3931332,-17,20,-105
1742098960.428133,-65,-33,-31
1742098960.464133,0,-11,-49
1742098960.499133,78,-33,-13
1742098960.5351331,-43,-35,-111
1742098960.570133,46,-19,28
1742098960.605133,20,22,-71
1742098960.641133,38,-3,70
1742098960.6761332,-11,-25,6
1742098960.7121332,14,20,-7
1742098960.747133,14,-77,-41
1742098960.783133,-57,-37,14
1742098960.818133,-65,-1,24
1742098960.8531332,-35,0,-23
1742098960.889133,4,34,-75
1742098960.924133,5,4,18
1742098960.960133,-22,10,-33
1742098960.9951332,-20,-15,-79
1742098961.0311332,93,-89,-133
1742098961.066133,-48,54,-17
1742098961.101133,-2,0,-95
1742098961.1371331,-58,-37,-135
1742098961.172133,83,-57,-15
1742098961.208133,45,-43,-87
1742098961.243133,-88,26,-71
1742098961.279133,-10,28,94
1742098961.3141332,5,2,-55
1742098961.349133,-70,-7,-83
1742098961.385133,31,42,-27
1742098961.420133,-78,-39,-63
1742098961.4561331,-72,-57,-5
1742098961.491133,-78,12,-159
1742098961.527133,19,-5,92
1742098961.562133,33,-27,-33
1742098961.5971332,-23,-45,-105
1742098961.6331332,-1,-11,-25
1742098961.668133,24,-23,-49
1742098961.704133,-7,14,-79
1742098961.7391331,74,-9,-59
1742098961.7751331,-23,-5,-23
1742098961.810133,-25,-17,-125
1742098961.845133,12,34,-77
1742098961.881133,-31,-49,14
1742098961.9161332,14,36,-83
1742098961.9521332,-51,24,-83
1742098961.987133,30,-55,-51
1742098962.022133,42,20,16
1742098962.0571332,50,-57,-167
1742098962.093133,-63,0,-97
1742098962.129133,64,-29,-189
1742098962.164133,-11,22,-99
1742098962.200133,-13,12,-69
1742098962.2351332,-35,38,-59
1742098962.270133,-35,26,-65
1742098962.305133,-53,42,-161
1742098962.341133,-8,2,-77
1742098962.3771331,-26,0,-171
1742098962.412133,-18,4,-9
1742098962.448133,35,6,-81
1742098962.483133,-12,-5,-29
1742098962.5181332,31,20,-49
1742098962.553133,35,32,-67
1742098962.589133,-10,56,4
1742098962.625133,0,-25,-147
1742098962.6601331,5,4,12
1742098962.6961331,7,12,-109
1742098962.731133,-52,36,-111
1742098962.766133,33,-7,76
1742098962.8011332,-28,-73,-27
1742098962.8371332,31,22,-57
1742098962.8731332,33,14,-63
1742098962.908133,-58,2,38
1742098962.944133,-32,-1,-53
1742098962.9791331,-58,-87,32
1742098963.014133,41,-71,-141
1742098963.049133,-68,-6,-121
1742098963.085133,-64,-30,-159
1742098963.121133,-80,-14,-21
1742098963.1561332,-10,7,18
1742098963.1921332,9,43,48
1742098963.227133,-25,10,36
1742098963.2621331,69,6,-105
1742098963.297133,-54,29,-59
1742098963.333133,8,10,-37
1742098963.369133,70,-37,-107
1742098963.404133,19,-6,-63
1742098963.440133,-15,-47,-59
1742098963.4751332,24,52,-161
1742098963.510133,-31,26,17
1742098963.545133,-67,46,3
1742098963.5811331,52,-47,-172
1742098963.6171331,28,26,-114
1742098963.652133,-133,6,-28
1742098963.688133,38,30,-4
1742098963.723133,10,8,-40
1742098963.7581332,4,-41,0
1742098963.793133,56,-17,-64
1742098963.829133,-63,-49,-30
1742098963.865133,58,-29,39
1742098963.9001331,28,66,-10
1742098963.9361331,-41,-19,-114
1742098963.971133,0,26,-4
1742098964.006133,-57,86,-82
1742098964.0411332,-23,28,23
1742098964.0771332,-9,42,-24
1742098964.1131332,-11,8,-110
1742098964.148133,-37,-53,85
1742098964.184133,100,34,-142
1742098964.2191331,46,18,-42
1742098964.254133,8,60,105
1742098964.289133,32,-31,-132
1742098964.325133,6,-17,-74
1742098964.361133,30,16,-84
1742098964.3961332,-7,-17,-2
1742098964.4321332,-7,-47,-114
1742098964.467133,-57,16,-94
1742098964.5021331,24,-1,-134
1742098964.537133,8,-103,71
1742098964.573133,-19,22,-152
1742098964.609133,18,-23,-2
1742098964.644133,-29,-57,-200
1742098964.680133,20,-13,-26
1742098964.7151332,-73,6,-118
1742098964.750133,-33,-9,21
1742098964.7851331,-5,-19,-22
1742098964.8211331,-73,-63,-56
1742098964.8571332,10,12,-8
1742098964.892133,-9,0,-14
1742098964.928133,-21,0,-42
1742098964.963133,-7,4,-16
1742098964.9981332,22,28,-68
1742098965.033133,-21,-73,17
1742098965.069133,52,-23,-86
1742098965.105133,36,-25,25
1742098965.1401331,-125,18,-48
1742098965.1761332,-13,-5,-64
1742098965.211133,-3,-91,-146
1742098965.246133,56,-37,-8
1742098965.2811332,6,-15,-22
1742098965.3171332,26,-61,-220
1742098965.3531332,62,2,47
1742098965.388133,-43,42,-2
1742098965.424133,-73,66,-118
1742098965.4591331,14,-31,-52
1742098965.494133,12,84,-22
1742098965.529133,40,12,99
1742098965.565133,-27,0,19
1742098965.601133,72,70,-204
1742098965.6361332,-5,-43,3
1742098965.672133,54,-15,-36
1742098965.707133,-87,4,7
1742098965.749133,56,10,-62
1742098965.7851331,-23,-43,13
1742098965.8211331,-13,2,23
1742098965.8571332,32,-91,21
1742098965.892133,-11,124,-62
1742098965.928133,6,-87,-34
1742098965.963133,72,92,-104
1742098965.9981332,70,74,-48
1742098966.033133,-1,-25,-52
1742098966.069133,-63,16,-34
1742098966.105133,-39,-17,-60
1742098966.1401331,-1,-23,97
1742098966.1761332,-69,72,-128
1742098966.211133,58,28,19
1742098966.246133,-23,-9,-50
1742098966.282133,-19,-15,-166
1742098966.3171332,24,74,-66
1742098966.3531332,-43,-59,-92
1742098966.388133,26,13,3
1742098966.424133,12,28,-26
1742098966.4591331,-95,2,39
1742098966.494133,-51,-15,-96
1742098966.530133,18,-15,-72
1742098966.565133,24,38,-72
1742098966.601133,-35,-5,-110
1742098966.6361332,-71,-35,1
1742098966.672133,-11,-43,-80
1742098966.707133,-9,-27,-10
1742098966.7421331,48,56,-60
1742098966.7781332,86,-11,-32
1742098966.813133,-39,18,-110
1742098966.849133,-41,34,-78
1742098966.884133,-33,-4,-94
1742098966.920133,18,-69,-86
1742098966.9551332,-69,38,-78
1742098966.990133,36,18,-76
1742098967.026133,20,-27,135
1742098967.0611331,26,-32,-166
1742098967.0971332,62,2,-106
1742098967.132133,12,74,-12
1742098967.168133,62,-43,-142
1742098967.203133,0,-23,-140
1742098967.2381332,4,28,-116
1742098967.274133,32,-25,-116
1742098967.309133,18,-21,-34
1742098967.345133,78,-25,-44
1742098967.3801332,-45,-78,63
1742098967.4161332,62,60,-78
1742098967.451133,-15,-30,57
1742098967.486133,80,29,99
1742098967.522133,-3,39,-30
1742098967.5571332,-89,41,3
1742098967.593133,12,19,-62
1742098967.628133,38,53,-74
1742098967.664133,58,-6,69
1742098967.6991332,24,29,-100
1742098967.734133,-69,47,-88
1742098967.770133,60,25,-98
1742098967.805133,84,-45,-54
1742098967.841133,60,30,-162
1742098967.876133,-9,-41,3
1742098967.912133,32,18,13
1742098967.947133,58,-11,-40
1742098967.9821332,-59,-101,-112
1742098968.0181332,-23,48,25
1742098968.053133,-9,84,-28
1742098968.089133,-59,32,-20
1742098968.124133,-35,44,85
1742098968.1601331,-61,-59,-14
1742098968.195133,4,-23,-58
1742098968.230133,-83,18,-124
1742098968.266133,28,-11,-2
1742098968.3011332,-55,40,-124
1742098968.3371332,16,24,-20
1742098968.372133,40,-21,-136
1742098968.408133,-19,80,0
1742098968.444133,-25,32,-62
1742098968.480133,2,-33,0
1742098968.516133,20,30,41
1742098968.552133,66,44,-28
1742098968.588133,-73,-45,-44
1742098968.6231332,-5,-129,-64
1742098968.658133,-73,-7,-88
1742098968.694133,0,-33,-70
1742098968.730133,-9,-33,-108
1742098968.7651331,60,34,-66
1742098968.8011332,-5,-11,11
1742098968.836133,46,-37,-100
1742098968.871133,-3,-17,-122
1742098968.9061332,-33,32,-72
1742098968.9421332,-33,116,-44
1742098968.9781332,72,2,-38
1742098969.013133,-21,34,-66
1742098969.049133,-37,10,-84
1742098969.0841331,26,-3,51
1742098969.119133,96,-79,35
1742098969.154133,34,-45,0
1742098969.190133,-17,-19,-74
1742098969.226133,-53,14,-42
1742098969.2611332,44,40,-38
1742098969.297133,12,-67,-54
1742098969.332133,-37,66,69
1742098969.3671331,16,54,-124
1742098969.402133,42,2,-108
1742098969.438133,24,-55,-82
1742098969.474133,0,0,-28
1742098969.509133,-39,-29,-70
1742098969.545133,44,-7,-50
1742098969.5801332,12,-33,-8
1742098969.615133,-7,28,-54
1742098969.6501331,74,102,-134
1742098969.6861331,-1,2,-156
1742098969.7221332,20,18,-28
1742098969.757133,30,38,-138
1742098969.793133,-5,-1,-24
1742098969.828133,40,-65,-94
1742098969.8631332,62,-23,13
1742098969.898133,6,30,67
1742098969.934133,-19,4,21
1742098969.970133,30,-47,-108
1742098970.0051332,-1,32,-50
1742098970.0411332,56,44,-2
1742098970.076133,-55,-21,-54
1742098970.111133,-27,12,25
1742098970.1461332,-33,6,-146
1742098970.1821332,100,-67,-88
1742098970.218133,-1,-77,-94
1742098970.253133,-39,-59,-164
1742098970.289133,80,65,-16
1742098970.3241332,-17,-10,-14
1742098970.359133,-3,1,-18
1742098970.394133,4,0,-34
1742098970.430133,10,-2,-80
1742098970.466133,70,57,-70
1742098970.501133,-13,41,41
1742098970.537133,126,-56,-106
1742098970.572133,44,9,-100
1742098970.6071332,20,7,-22
1742098970.642133,34,-2,-84
1742098970.678133,26,71,-74
1742098970.714133,20,29,-32
1742098970.749133,60,-38,-132
1742098970.7851331,10,1,-30
1742098970.820133,32,23,-32
1742098970.855133,-7,31,-52
1742098970.8901331,38,5,-108
1742098970.9261332,-9,5,13
1742098970.9621332,-41,-4,-138
1742098970.997133,64,51,-130
1742098971.033133,-1,90,-110
1742098971.068133,12,-82,-22
1742098971.1031332,14,39,35
1742098971.138133,-25,14,59
1742098971.174133,14,16,-72
1742098971.210133,-47,58,-172
1742098971.2451332,-67,-19,41
1742098971.2811332,-37,44,-92
1742098971.316133,20,-27,49
1742098971.351133,-27,-41,-16
1742098971.3861332,-3,9,-152
1742098971.422133,-11,-48,-192
1742098971.458133,-35,47,-28
1742098971.493133,86,37,79
1742098971.529133,88,7,95
1742098971.5641332,-27,3,-58
1742098971.599133,44,-22,-48
1742098971.634133,32,-4,-72
1742098971.670133,62,-52,-138
1742098971.7061331,-7,-20,-26
1742098971.741133,28,-21,-90
1742098971.777133,48,79,-2
1742098971.812133,10,14,-74
1742098971.8471332,-9,-17,-26
1742098971.882133,-19,44,-44
1742098971.918133,18,2,15
1742098971.954133,-34,74,-100
1742098971.9891331,-55,0,-80
1742098972.0251331,102,32,-50
1742098972.060133,16,12,3
1742098972.095133,-25,56,-44
1742098972.1301332,-23,-23,-34
1742098972.1661332,64,64,-182
1742098972.2021332,8,-7,-138
1742098972.237133,36,-69,-152
1742098972.273133,66,12,3
1742098972.3081331,10,-41,-68
1742098972.343133,42,-33,9
1742098972.378133,10,26,31
1742098972.414133,60,-79,-60
1742098972.450133,66,62,49
1742098972.4851332,72,-11,-168
1742098972.5211332,70,-61,-42
1742098972.556133,2,-19,-98
1742098972.591133,14,-51,69
1742098972.626133,6,-9,35
1742098972.662133,-83,-41,-48
1742098972.698133,62,20,59
1742098972.733133,-31,12,-32
1742098972.769133,30,86,-100
1742098972.8041332,-57,-21,-54
1742098972.839133,74,-1,3
1742098972.875133,34,-59,-138
1742098972.9101331,48,22,-36
1742098972.9461331,-1,18,11
1742098972.981133,-19,-41,-24
1742098973.017133,-3,-39,-1
1742098973.052133,-49,-21,-9
1742098973.0871332,38,-25,48
1742098973.1231332,4,20,30
1742098973.158133,50,-19,-91
1742098973.194133,-29,-29,-63
1742098973.2291331,34,18,-91
1742098973.2651331,-17,24,-85
1742098973.300133,80,-25,39
1742098973.335133,12,-23,-78
1742098973.371133,-31,2,-25
1742098973.4061332,-41,-13,-50
1742098973.4421332,34,-5,-16
1742098973.477133,-79,-63,-36
1742098973.513133,6,-31,-166
1742098973.5481331,34,-115,-72
1742098973.583133,34,-69,-34
1742098973.619133,-79,30,15
1742098973.654133,-37,-31,-66
1742098973.690133,-31,74,-153
1742098973.7251332,-59,-69,-29
1742098973.7611332,-27,12,-63
1742098973.796133,70,-29,-73
1742098973.8311331,96,32,-7
1742098973.8671331,38,82,-127
1742098973.902133,-23,-89,-15
1742098973.938133,-31,32,-21
1742098973.973133,67,-35,2
1742098974.009133,2,10,-3
1742098974.0441332,24,-7,58
1742098974.079133,88,-65,24
1742098974.115133,-25,-7,26
1742098974.1501331,-3,-37,-127
1742098974.1861331,-54,-75,-91
1742098974.221133,-32,60,-47
1742098974.257133,-68,-36,54
1742098974.292133,-40,17,42
1742098974.3271332,-6,-43,-7
1742098974.3631332,57,31,56
1742098974.398133,1,27,-67
1742098974.434133,-6,-70,-47
1742098974.4691331,-30,-50,2
1742098974.5051332,-74,-50,-139
1742098974.540133,23,9,14
1742098974.575133,-20,-30,-65
1742098974.611133,53,-18,-27
1742098974.6461332,-36,-2,90
1742098974.6821332,-78,-4,-55
1742098974.717133,83,5,-129
1742098974.753133,43,-26,24
1742098974.7881331,-55,2,-57
1742098974.823133,-8,-36,-61
1742098974.859133,-8,-34,-71
1742098974.894133,14,4,58
1742098974.930133,-89,-29,-109
1742098974.9651332,64,-25,-53
1742098975.001133,42,-43,-37
1742098975.036133,-33,0,10
1742098975.0711331,88,-3,-43
1742098975.1071332,-9,16,-67
1742098975.142133,28,-13,-133
1742098975.178133,-87,6,-25
1742098975.213133,-73,-29,-121
1742098975.2481332,-5,42,72
1742098975.283133,38,-105,-15
1742098975.319133,-1,-27,-37
1742098975.355133,24,-19,-47
1742098975.3901331,-19,-33,-11
1742098975.4261332,-69,-13,68
1742098975.461133,-17,0,64
1742098975.496133,10,26,-15
1742098975.5311332,-7,-1,-95
1742098975.5671332,6,-25,-117
1742098975.6031332,-35,-33,-87
1742098975.638133,12,-19,52
1742098975.674133,-25,30,-41
1742098975.7091331,-85,16,-1
1742098975.751133,-51,-31,26
1742098975.787133,90,12,-65
1742098975.823133,0,-57,0
1742098975.859133,-5,22,-21
1742098975.894133,16,-3,-45
1742098975.930133,-15,45,-173
1742098975.9651332,-49,-46,32
1742098976.000133,-43,31,-79
1742098976.0351331,40,-60,-85
1742098976.0711331,-101,15,-59
1742098976.1071332,-41,-4,18
1742098976.142133,-55,51,-109
1742098976.178133,-13,-21,-163
1742098976.213133,-37,-33,-67
1742098976.2481332,56,72,-95
1742098976.283133,62,6,-23
1742098976.319133,-3,-11,42
1742098976.355133,8,14,-89
1742098976.3901331,-43,20,-45
1742098976.4261332,-29,-13,-103
1742098976.461133,-9,-13,-45
1742098976.496133,48,62,-5
1742098976.5311332,44,-27,-31
1742098976.5671332,32,12,-39
1742098976.6031332,-21,-39,50
1742098976.638133,-27,6,54
1742098976.674133,14,-21,-19
1742098976.7091331,16,22,-117
1742098976.744133,36,-19,-159
1742098976.779133,8,-53,-7
1742098976.815133,-51,-1,-49
1742098976.851133,6,-9,-55
1742098976.8861332,-23,-1,-75
1742098976.922133,-21,-1,-167
1742098976.957133,6,54,-41
1742098976.9921331,28,20,-177
1742098977.027133,-53,-53,-15
1742098977.063133,72,47,-15
1742098977.099133,-41,1,-91
1742098977.134133,36,-52,-56
1742098977.170133,14,37,-14
1742098977.2051332,20,13,97
1742098977.240133,-115,-33,-50
1742098977.2751331,50,24,-104
1742098977.3111331,10,52,-26
1742098977.3471332,-25,-107,-110
1742098977.382133,-5,2,-114
1742098977.418133,0,4,-30
1742098977.453133,20,-35,9
1742098977.4881332,-9,12,-140
1742098977.523133,0,-53,23
1742098977.559133,66,8,25
1742098977.595133,-15,-15,-66
1742098977.6301332,44,-11,-24
1742098977.6661332,-95,-49,-46
1742098977.701133,-3,-21,-114
1742098977.736133,58,-23,-50
1742098977.7711332,6,8,-64
1742098977.8071332,-21,14,-52
1742098977.843133,24,-27,-30
1742098977.878133,50,-3,0
1742098977.914133,-23,-25,-74
1742098977.9491332,62,-21,103
1742098977.984133,50,0,-40
1742098978.019133,-25,-37,-64
1742098978.055133,-45,-23,-102
1742098978.091133,8,4,-26
1742098978.126133,45,14,7
1742098978.162133,33,34,-128
1742098978.197133,62,0,57
1742098978.2321332,-59,-51,-34
1742098978.267133,54,-3,-6
1742098978.303133,-21,-49,-44
1742098978.339133,59,18,-18
1742098978.374133,72,40,-96
1742098978.4101331,49,-17,-126
1742098978.445133,32,-35,-244
1742098978.480133,14,-3,-10
1742098978.5151331,-25,-41,-132
1742098978.5511332,6,-31,27
1742098978.5871332,-1,82,15
1742098978.622133,6,2,-36
1742098978.658133,-49,-5,71
1742098978.693133,-5,68,-70
1742098978.7281332,4,-37,91
1742098978.763133,-1,50,-86
1742098978.799133,-73,6,11
1742098978.835133,-65,6,15
1742098978.8701332,56,-45,47
1742098978.9061332,74,14,25
1742098978.941133,24,-3,39
1742098978.976133,62,24,9
1742098979.0111332,6,76,-54
1742098979.047133,60,18,-22
1742098979.083133,6,42,-38
1742098979.118133,-49,6,-80
1742098979.154133,-31,50,59
1742098979.1891332,10,-15,-28
1742098979.224133,-75,34,-124
1742098979.259133,12,94,69
1742098979.295133,-45,-3,83
1742098979.3311331,-7,44,11
1742098979.366133,12,24,-98
1742098979.402133,-45,-25,-160
1742098979.437133,-41,4,-96
1742098979.4721332,-23,-65,-10
1742098979.5081332,42,-25,-8
1742098979.543133,-23,-27,-2
1742098979.579133,68,-47,-136
1742098979.6141331,46,-37,-90
1742098979.6501331,-61,30,-74
1742098979.685133,-15,54,37
1742098979.720133,-9,-19,7
1742098979.756133,58,-7,-4
1742098979.7911332,-67,58,-20
1742098979.8271332,-33,-51,-122
1742098979.862133,46,-41,-120
1742098979.898133,6,14,27
1742098979.9331331,62,-7,-94
1742098979.968133,38,46,9
1742098980.004133,70,6,-74
1742098980.039133,-91,48,-120
1742098980.075133,-1,72,-62
1742098980.1101332,-15,28,0
1742098980.1461332,-9,-63,59
1742098980.181133,-1,-13,23
1742098980.216133,86,0,143
1742098980.2521331,48,-1,-134
1742098980.287133,14,2,-88
1742098980.323133,-45,66,-108
1742098980.358133,-7,-7,-28
1742098980.394133,0,-33,40
1742098980.4291332,-37,24,-165
1742098980.464133,24,-7,72
1742098980.500133,-53,-57,-75
1742098980.5351331,8,-3,-80
1742098980.5711331,94,-9,-35
1742098980.606133,-111,-3,-15
1742098980.642133,34,86,54
1742098980.677133,36,40,-3
1742098980.7121332,84,-37,-153
1742098980.7481332,-25,-11,-1
1742098980.783133,-15,-21,-127
1742098980.819133,104,-15,-99
1742098980.8541331,22,64,-3
1742098980.8901331,78,38,44
1742098980.925133,44,18,44
1742098980.960133,46,-1,-79
1742098980.996133,-3,30,112
1742098981.0311332,8,14,-149
1742098981.0671332,-1,-23,-85
1742098981.102133,76,38,-137
1742098981.138133,-5,32,-149
1742098981.1731331,-27,-5,-25
1742098981.208133,-11,-59,18
1742098981.244133,40,-65,64
1742098981.279133,34,42,-163
1742098981.315133,-27,38,54
1742098981.3501332,-69,-37,-95
1742098981.3861332,26,68,24
1742098981.421133,27,-33,32
1742098981.4561331,7,-9,-5
1742098981.4921331,24,-47,-37
1742098981.527133,44,34,-151
1742098981.563133,-43,-15,-111
1742098981.598133,-9,-37,-9
1742098981.634133,50,-37,-95
1742098981.6691332,-49,10,-28
1742098981.704133,28,-15,13
1742098981.740133,86,40,-26
1742098981.7751331,10,52,125
1742098981.8111331,16,-15,-103
1742098981.846133,-61,18,-28
1742098981.881133,4,-37,-119
1742098981.9161332,-3,-31,-149
1742098981.9521332,0,52,-25
1742098981.9881332,-49,44,18
1742098982.023133,10,-11,-41
1742098982.059133,80,-29,-169
1742098982.0941331,-41,-37,-143
1742098982.129133,-7,-23,170
1742098982.164133,-1,14,-81
1742098982.200133,16,18,-207
1742098982.236133,-79,6,25
1742098982.2711332,8,-21,3
1742098982.3071332,-39,-3,-28
1742098982.342133,6,-1,12
1742098982.3771331,-61,48,-72
1742098982.412133,-19,-27,-162
1742098982.448133,98,-27,-82
1742098982.484133,-45,-5,83
1742098982.519133,36,14,-72
1742098982.555133,2,56,-52
1742098982.5901332,-27,-17,0
1742098982.625133,56,20,19
1742098982.6601331,16,-11,-81
1742098982.6961331,-7,70,-225
1742098982.7321332,-75,40,-89
1742098982.767133,70,86,4
1742098982.803133,8,-11,-35
1742098982.838133,-49,4,-127
1742098982.8731332,-35,-29,34
1742098982.908133,66,-23,-49
1742098982.944133,60,10,-35
1742098982.980133,-43,-19,-117
1742098983.0151331,-59,12,16
1742098983.0511332,-29,30,-7
1742098983.086133,28,-21,-77
1742098983.121133,62,-37,-113
1742098983.1561332,-21,-27,4
1742098983.1921332,-13,92,48
1742098983.2281332,30,6,-89
1742098983.263133,-13,-31,-65
1742098983.299133,14,74,-53
1742098983.3341331,18,26,20
1742098983.369133,-47,28,-37
1742098983.404133,-33,-35,-53
1742098983.440133,44,18,-5
1742098983.476133,-21,-3,-57
1742098983.5111332,-3,2,36
1742098983.547133,-35,-57,-76
1742098983.582133,2,-45,-53
1742098983.6171331,-115,-9,-51
1742098983.652133,-31,78,20
1742098983.688133,34,-41,-91
1742098983.724133,-25,66,97
1742098983.759133,-47,-59,88
1742098983.795133,-7,0,16
1742098983.8301332,-49,-89,-151
1742098983.865133,-1,0,32
1742098983.9001331,0,40,8
1742098983.9361331,-25,68,-125
1742098983.9721332,30,-43,-55
1742098984.007133,-23,0,40
1742098984.043133,-47,-55,-75
1742098984.078133,-117,22,72
1742098984.1131332,-59,-59,-43
1742098984.148133,-91,12,-89
1742098984.184133,-41,-21,-123
1742098984.220133,-75,66,-43
1742098984.2551332,-41,-25,-3
1742098984.2911332,-3,26,-7
1742098984.326133,6,-9,-79
1742098984.361133,42,6,-101
1742098984.3961332,-89,0,-91
1742098984.4321332,14,-23,-147
1742098984.468133,-49,-7,-7
1742098984.503133,52,1,-29
1742098984.539133,16,53,-9
1742098984.5741332,32,-14,-13
1742098984.609133,-53,32,-61
1742098984.644133,-7,6,-185
1742098984.680133,-1,52,4
1742098984.716133,-3,-16,90
1742098984.751133,-79,4,4
1742098984.787133,72,12,-53
1742098984.822133,46,36,52
1742098984.8571332,56,-33,-43
1742098984.892133,64,70,24
1742098984.928133,40,24,6
1742098984.964133,24,12,-111
1742098984.999133,2,-23,-5
1742098985.0351331,58,52,-1
1742098985.070133,30,28,-123
1742098985.105133,56,-29,-9
1742098985.141133,-9,-77,-223
1742098985.1761332,-67,62,-1
1742098985.2121332,0,-19,-77
1742098985.247133,-1,24,-123
1742098985.283133,-5,-33,-91
1742098985.318133,-11,-113,-117
1742098985.3531332,-11,-33,-77
1742098985.388133,-49,-29,-3
1742098985.424133,0,61,-147
1742098985.460133,-21,18,-103
1742098985.4951332,-19,-53,4
1742098985.5311332,-31,-72,-15
1742098985.566133,-7,14,-93
1742098985.601133,40,-94,-99
1742098985.6361332,14,3,18
1742098985.672133,30,-44,34
1742098985.708133,-11,37,-65
1742098985.743133,-17,-36,-47
1742098985.786133,16,-15,-51
1742098985.822133,12,-67,-105
1742098985.8571332,-43,-61,-31
1742098985.892133,66,-43,58
1742098985.928133,-21,36,72
1742098985.964133,44,0,54
1742098985.999133,16,-25,110
1742098986.0351331,68,50,-45
1742098986.070133,8,-83,-49
1742098986.105133,-19,-21,-83
1742098986.141133,-11,12,6
1742098986.1761332,-11,18,-15
1742098986.2121332,28,-27,28
1742098986.247133,6,-89,-106
1742098986.283133,26,22,63
1742098986.318133,-69,64,-62
1742098986.3531332,10,0,-74
1742098986.389133,-29,-33,25
1742098986.424133,28,14,-6
1742098986.460133,-13,50,7
1742098986.4951332,-47,-57,-90
1742098986.5311332,-39,-39,115
1742098986.566133,54,-15,-140
1742098986.601133,-17,-23,-20
1742098986.6371331,14,-27,-48
1742098986.672133,8,4,-4
1742098986.708133,6,-1,121
1742098986.743133,-27,-5,0
1742098986.779133,52,58,27
1742098986.8141332,-9,20,-118
1742098986.849133,-9,-87,-70
1742098986.885133,80,56,27
1742098986.920133,-5,-37,55
1742098986.9561331,-5,16,-10
1742098986.991133,-29,-13,-60
1742098987.027133,-5,-65,-94
1742098987.062133,-21,-47,-166
1742098987.0971332,-69,-1,-180
1742098987.1331332,-5,-19,-72
1742098987.168133,-63,14,-28
1742098987.204133,2,122,-78
1742098987.2391331,22,10,-22
1742098987.2751331,18,70,39
1742098987.310133,-61,26,19
1742098987.345133,58,-81,-90
1742098987.381133,72,36,43
1742098987.4161332,36,8,-48
1742098987.4521332,-7,-69,7
1742098987.487133,18,-29,-72
1742098987.523133,-35,-141,-48
1742098987.5581331,20,-63,23
1742098987.593133,80,10,3
1742098987.629133,-5,-11,-36
1742098987.664133,14,-53,9
1742098987.700133,-25,30,-118
1742098987.7351332,14,48,-90
1742098987.7711332,52,0,35
1742098987.806133,-59,42,-16
1742098987.841133,-9,-25,23
1742098987.8771331,-21,60,-20
1742098987.912133,70,36,-90
1742098987.948133,12,-1,25
1742098987.983133,-39,-13,-48
1742098988.019133,-33,14,-60
1742098988.0541332,-41,-77,-100
1742098988.089133,48,16,-34
1742098988.125133,10,28,-78
1742098988.1601331,-1,-7,-28
1742098988.1961331,24,-33,-170
1742098988.231133,42,-55,-50
1742098988.267133,-79,-33,99
1742098988.303133,-35,38,-58
1742098988.339133,62,54,-56
1742098988.374133,-99,30,-72
1742098988.4091332,82,4,7
1742098988.445133,30,46,-76
1742098988.480133,66,26,-60
1742098988.516133,78,-38,-112
1742098988.5511332,20,18,-114
1742098988.586133,-10,110,-94
1742098988.621133,24,4,-2
1742098988.657133,48,-40,-124
1742098988.693133,4,100,-51
1742098988.7281332,52,58,-29
1742098988.764133,28,22,-33
1742098988.799133,-33,10,128
1742098988.8341331,4,-35,-49
1742098988.869133,-9,-59,70
1742098988.905133,34,12,-53
1742098988.941133,-3,-7,-79
1742098988.976133,-9,12,-91
1742098989.0121331,-27,38,-109
1742098989.047133,-27,36,-67
1742098989.082133,-5,-65,-93
1742098989.1171331,38,16,-63
1742098989.1531332,38,14,-39
1742098989.1891332,18,54,30
1742098989.224133,-23,-35,30
1742098989.260133,2,12,-91
1742098989.295133,12,-45,-117
1742098989.3301332,26,-61,-57
1742098989.365133,92,16,-103
1742098989.401133,20,-31,-157
1742098989.437133,-17,42,104
1742098989.4721332,-83,-121,-31
1742098989.5081332,-23,16,-35
1742098989.543133,4,100,-99
1742098989.578133,-7,78,-111
1742098989.6131332,-17,8,-13
1742098989.649133,-53,40,-61
1742098989.685133,-55,8,58
1742098989.720133,6,10,-45
1742098989.756133,-15,-9,-27
1742098989.7911332,-51,-17,24
1742098989.826133,-33,-49,-175
1742098989.861133,10,-63,-95
1742098989.897133,-41,-41,-117
1742098989.9331331,-37,36,-31
1742098989.968133,42,-17,-119
1742098990.004133,-51,64,-19
1742098990.039133,66,-17,34
1742098990.0741332,10,42,-1
1742098990.109133,46,-53,28
1742098990.145133,-55,8,-113
1742098990.181133,30,28,-59
1742098990.216133,-77,2,-127
1742098990.2521331,-23,-75,-37
1742098990.287133,-59,-23,-7
1742098990.322133,-25,-15,-49
1742098990.3571332,50,74,-27
1742098990.3931332,-69,-87,-71
1742098990.4291332,-57,-15,-103
1742098990.464133,54,12,-115
1742098990.500133,-87,-77,-109
1742098990.5351331,-57,22,34
1742098990.570133,-19,-35,-103
1742098990.605133,-89,38,-161
1742098990.641133,-117,-13,70
1742098990.677133,64,94,-17
1742098990.7121332,50,104,-23
1742098990.7481332,-51,-9,16
1742098990.783133,20,0,-25
1742098990.818133,-31,48,-57
1742098990.8531332,18,12,52
1742098990.889133,26,-71,2
1742098990.925133,38,0,-3
1742098990.960133,40,66,-45
1742098990.996133,12,12,-55
1742098991.0311332,2,28,-11
1742098991.066133,26,-37,-177
1742098991.101133,-5,-25,8
1742098991.1371331,-49,2,-49
1742098991.1731331,56,-57,0
1742098991.208133,54,-67,-37
1742098991.244133,-13,36,100
1742098991.279133,54,-49,-77
1742098991.3141332,8,16,-107
1742098991.349133,0,18,10
1742098991.385133,-41,-31,-55
1742098991.421133,54,-75,30
1742098991.4561331,-57,-21,-129
1742098991.4921331,54,-7,22
1742098991.527133,-57,-11,-1
1742098991.562133,14,50,-59
1742098991.5971332,92,28,4
1742098991.6331332,34,-7,48
1742098991.6691332,54,-87,-77
1742098991.704133,-15,6,-101
1742098991.740133,-3,-83,6
1742098991.7751331,-31,-5,68
1742098991.810133,-23,10,-101
1742098991.845133,-9,-21,-55
1742098991.881133,78,54,-47
1742098991.917133,-37,-17,-69
1742098991.9521332,-97,74,-33
1742098991.9881332,14,24,-71
1742098992.023133,42,34,-107
1742098992.0581331,-42,76,-43
1742098992.093133,29,0,-47
1742098992.129133,-57,-35,-99
1742098992.165133,36,-29,-11
1742098992.200133,22,-47,-81
1742098992.236133,36,-67,-171
1742098992.2711332,-2,-41,-41
1742098992.306133,9,-27,-93
1742098992.341133,18,30,-43
1742098992.3771331,-21,6,52
1742098992.4131331,74,10,-71
1742098992.448133,-23,-21,-137
1742098992.484133,50,-29,-75
1742098992.519133,-13,-29,-31
1742098992.5541332,30,-33,-29
1742098992.589133,18,-7,-45
1742098992.625133,32,-21,-167
1742098992.661133,-49,34,-45
1742098992.6961331,36,-29,-141
1742098992.7321332,-9,14,-105
1742098992.767133,24,44,8
1742098992.802133,-105,-49,-63
1742098992.838133,-87,16,-5
1742098992.8731332,84,-17,-21
1742098992.9091332,70,0,-71
1742098992.944133,-2,14,-139
1742098992.980133,-74,12,-65
1742098993.0151331,31,-43,-3
1742098993.050133,-42,-99,30
1742098993.086133,-58,12,-85
1742098993.121133,-62,14,-57
1742098993.157133,17,-21,-23
1742098993.1921332,-30,-23,-35
1742098993.2281332,49,-75,88
1742098993.263133,-34,-55,-93
1742098993.2981331,-2,-15,14
1742098993.3341331,-22,-43,-63
1742098993.369133,-18,-41,-59
1742098993.405133,13,-85,56
1742098993.440133,-42,-9,-15
1742098993.476133,-20,74,2
1742098993.5111332,67,6,-51
1742098993.546133,13,-47,-123
1742098993.582133,48,6,-31
1742098993.6171331,-7,20,-49
1742098993.6531332,-1,-27,-115
1742098993.688133,24,-43,108
1742098993.724133,72,6,-75
1742098993.759133,-5,-73,90
1742098993.7941332,-17,-33,6
1742098993.8301332,52,-21,-155
1742098993.865133,40,-53,-51
1742098993.901133,36,-35,-115
1742098993.9361331,-19,-39,70
1742098993.9721332,28,38,-111
1742098994.007133,44,18,-51
1742098994.042133,14,-1,-51
1742098994.078133,-3,-75,50
1742098994.1131332,-21,18,-109
1742098994.149133,-3,-25,44
1742098994.184133,-9,86,24
1742098994.220133,-43,-51,16
1742098994.2551332,-75,14,-69
1742098994.290133,-81,-3,-143
1742098994.326133,-7,-4,-63
1742098994.361133,-15,13,-39
1742098994.397133,-37,10,-91
1742098994.4321332,16,-21,-59
1742098994.468133,-13,4,-133
1742098994.503133,-13,-21,-3
1742098994.5381331,-17,1,46
1742098994.5741332,-29,-36,-51
1742098994.609133,-89,51,-27
1742098994.645133,-25,-12,-113
1742098994.680133,-65,-47,-7
1742098994.716133,-51,34,-43
1742098994.751133,-23,-11,-93
1742098994.786133,-7,48,-95
1742098994.822133,-35,-67,4
1742098994.8571332,56,-29,-173
1742098994.8931332,-57,4,-18
1742098994.928133,-35,94,17
1742098994.964133,34,-7,-34
1742098995.000133,32,42,-36
1742098995.036133,-55,12,27
1742098995.072133,18,24,-58
1742098995.108133,4,-5,-56
1742098995.144133,-11,0,-80
1742098995.1791332,-71,-47,-44
1742098995.214133,20,42,41
1742098995.250133,32,60,-138
1742098995.286133,12,10,37
1742098995.3211331,-37,10,-76
1742098995.3571332,26,-5,-8
1742098995.392133,46,48,-76
1742098995.427133,-39,50,7
1742098995.4621332,-23,30,-10
1742098995.4981332,-1,18,-18
1742098995.5341332,10,20,-62
1742098995.569133,-3,16,-72
1742098995.605133,-149,-13,-134
1742098995.6401331,4,-3,23
1742098995.675133,-29,-47,-134
1742098995.710133,38,10,5
1742098995.746133,-51,-25,-30
1742098995.789133,-15,-41,-34
1742098995.825133,26,-5,-96
1742098995.861133,-75,-21,-14
1742098995.8961332,-11,10,77
1742098995.931133,-61,16,-100
1742098995.966133,0,30,13
1742098996.0021331,-85,-5,-46
1742098996.0381331,22,-11,-24
1742098996.073133,54,0,15
1742098996.109133,12,-27,-6
1742098996.144133,64,-31,-166
1742098996.1791332,110,20,-52
1742098996.214133,70,-31,-84
1742098996.250133,22,0,-76
1742098996.286133,46,50,-82
1742098996.3211331,-11,-7,-36
1742098996.3571332,-19,-35,-178
1742098996.392133,-13,-37,-28
1742098996.427133,-9,26,-62
1742098996.4621332,0,28,-38
1742098996.4981332,12,-101,-88
1742098996.5341332,-13,12,21
1742098996.569133,-15,38,-6
1742098996.605133,4,136,-236
1742098996.6401331,-20,26,5
1742098996.675133,62,16,-160
1742098996.710133,-47,-3,5
1742098996.746133,-87,-7,-110
1742098996.782133,-30,14,-36
1742098996.8171332,-1,18,-28
1742098996.8531332,28,52,75
1742098996.888133,-17,32,-28
1742098996.9231331,-11,28,-36
1742098996.958133,-10,-11,-20
1742098996.994133,-14,60,-42
1742098997.030133,48,62,-28
1742098997.065133,-46,34,39
1742098997.101133,46,76,-2
1742098997.1361332,14,-5,-38
1742098997.171133,20,16,-34
1742098997.2061331,18,-21,-58
1742098997.2421331,9,-11,-18
1742098997.2781332,26,-23,9
1742098997.313133,-49,38,11
1742098997.349133,40,-49,-68
1742098997.384133,22,10,-116
1742098997.4191332,2,-73,-52
1742098997.454133,-13,64,-18
1742098997.490133,80,-29,-156
1742098997.526133,24,68,-64
1742098997.5611331,52,18,-72
1742098997.5971332,-39,4,9
1742098997.632133,2,-53,-26
1742098997.667133,-17,60,-130
1742098997.7021332,86,-5,65
1742098997.7381332,26,18,-44
1742098997.774133,12,38,11
1742098997.809133,8,18,-10
1742098997.845133,-61,-69,-18
1742098997.8801332,-27,-33,-82
1742098997.915133,-23,-5,5
1742098997.950133,8,12,-60
1742098997.986133,-17,-13,-28
1742098998.022133,12,14,-30
1742098998.0571332,-7,36,-94
1742098998.093133,8,-75,-12
1742098998.128133,-1,-45,61
1742098998.1631331,64,-57,-44
1742098998.198133,52,-35,0
1742098998.234133,-37,24,-98
1742098998.270133,-11,-51,-26
1742098998.305133,18,6,-30
1742098998.341133,-37,14,3
1742098998.376133,60,-27,-150
1742098998.411133,-39,32,-30
1742098998.4461331,-35,44,27
1742098998.4821332,84,-59,-102
1742098998.5181332,14,14,-144
1742098998.553133,-101,-37,-40
1742098998.589133,8,14,-20
1742098998.624133,-43,-37,-112
1742098998.6591332,18,22,-84
1742098998.694133,26,6,63
1742098998.730133,4,-61,-6
1742098998.766133,46,4,-120
1742098998.8011332,12,28,-124
1742098998.8371332,32,-19,45
1742098998.872133,-49,22,-110
1742098998.907133,-35,-19,-148
1742098998.9421332,98,-39,-50
1742098998.9781332,0,20,37
1742098999.014133,46,-51,-68
1742098999.049133,34,-21,-48
1742098999.085133,-23,10,-158
1742098999.1201332,-7,-57,-58
1742098999.155133,-53,56,-76
1742098999.190133,96,-61,-6
1742098999.226133,-13,-37,-84
1742098999.2621331,30,38,-110
1742098999.297133,58,34,-134
1742098999.333133,-51,54,-30
1742098999.368133,-37,2,-180
1742098999.4031332,40,-45,-104
1742098999.4391332,12,12,-82
1742098999.474133,12,-5,-44
1742098999.510133,62,42,-80
1742098999.545133,6,-21,-60
1742098999.5811331,-39,-83,-38
1742098999.616133,12,6,1
1742098999.651133,-49,48,7
1742098999.687133,-21,-39,-48
1742098999.7221332,-41,-5,-62
1742098999.7581332,50,2,57
1742098999.793133,36,-25,-84
1742098999.829133,28,28,3
1742098999.8641331,-5,-43,-90
1742098999.899133,-7,0,5
1742098999.935133,-11,-41,-66
1742098999.970133,-35,-23,-6
1742099000.006133,6,22,-26
1742099000.0411332,-1,6,101
1742099000.0771332,-65,0,-32
1742099000.112133,-19,-59,-26
1742099000.147133,-49,22,1
1742099000.1831331,-39,-19,-80
1742099000.218133,-19,-9,-102
1742099000.254133,2,10,23
1742099000.289133,4,14,-72
1742099000.325133,-5,10,-42
1742099000.3601332,-13,8,-136
1742099000.395133,2,-9,41
1742099000.431133,-37,18,-86
1742099000.466133,-73,-61,-74
1742099000.5021331,-39,32,45
1742099000.537133,-37,22,-142
1742099000.573133,10,16,-178
1742099000.608133,-69,42,-132
1742099000.6431332,-65,-43,19
1742099000.6791332,36,-31,-34
1742099000.714133,-5,-21,25
1742099000.750133,-1,24,-102
1742099000.7851331,-1,-77,69
1742099000.8211331,50,42,-2
1742099000.856133,-1,-1,-10
1742099000.891133,-1,-41,-232
1742099000.927133,50,-55,-68
1742099000.9621332,-19,-31,-34
1742099000.9981332,2,-5,11
1742099001.033133,106,4,-39
1742099001.069133,50,-3,30
1742099001.1041331,-43,-35,66
1742099001.141133,-57,18,-75
1742099001.1761332,-81,-1,-107
1742099001.211133,-57,-89,-26
1742099001.247133,116,-35,-113
1742099001.282133,36,-87,-51
1742099001.318133,-5,-41,-11
1742099001.3531332,52,-41,-92
1742099001.389133,104,-57,-36
1742099001.424133,16,12,1
1742099001.4591331,-29,22,-52
1742099001.4951332,14,-1,29
1742099001.530133,16,-25,-78
1742099001.566133,-65,20,25
1742099001.601133,-21,-43,-82
1742099001.6371331,84,72,-40
1742099001.6731331,4,2,39
1742099001.7091331,16,-9,-40
1742099001.7451332,-3,28,-82
1742099001.780133,-17,58,-132
1742099001.815133,-19,70,15
1742099001.851133,-11,18,-70
1742099001.8871331,24,-57,-14
1742099001.922133,38,68,-82
1742099001.958133,10,6,-50
1742099001.993133,-51,42,-32
1742099002.0281332,-3,4,-128
1742099002.063133,28,-13,0
1742099002.099133,-33,-1,-4
1742099002.135133,-81,18,23
1742099002.170133,-7,-79,-76
1742099002.2061331,0,16,51
1742099002.241133,-71,0,-110
1742099002.276133,8,24,-108
1742099002.3111331,18,-5,-32
1742099002.3471332,28,-44,12
1742099002.3831332,20,-18,-21
1742099002.418133,-3,13,-129
1742099002.454133,34,-54,-55
1742099002.4891331,-37,25,-57
1742099002.524133,22,13,-147
1742099002.559133,8,37,-33
1742099002.595133,-39,5,-5
1742099002.631133,-31,-57,-97
1742099002.6661332,-13,10,-3
1742099002.7021332,32,84,-33
1742099002.737133,54,-39,32
1742099002.772133,-59,-31,4
1742099002.8071332,-75,24,-25
1742099002.843133,18,-9,-15
1742099002.879133,-1,14,-257
1742099002.914133,-27,-47,60
1742099002.950133,-75,44,8
1742099002.9851332,22,26,-99
1742099003.020133,-2,-49,-99
1742099003.055133,-48,-31,18
1742099003.091133,17,96,-35
1742099003.1271331,25,-61,56
1742099003.162133,-40,-25,-69
1742099003.198133,-7,2,-75
1742099003.233133,0,70,-55
1742099003.2681332,-38,20,24
1742099003.303133,-29,-49,-77
1742099003.339133,-9,10,-105
1742099003.375133,28,10,44
1742099003.4101331,14,20,-49
1742099003.4461331,12,-59,-123
1742099003.481133,-15,22,72
1742099003.516133,36,60,-75
1742099003.5511332,-53,-1,36
1742099003.5871332,-13,-115,40
1742099003.6231332,-69,58,-117
1742099003.658133,12,-35,-43
1742099003.694133,-23,-41,52
1742099003.7291331,-79,20,-43
1742099003.764133,64,72,-67
1742099003.799133,-11,-19,-127
1742099003.835133,-51,38,-79
1742099003.871133,56,74,2
1742099003.9061332,22,88,40
1742099003.9421332,-33,-41,12
1742099003.977133,68,-35,14
1742099004.0121331,14,-3,-39
1742099004.047133,-19,-65,-27
1742099004.083133,64,4,-67
1742099004.119133,-85,-3,-21
1742099004.154133,6,-5,-65
1742099004.190133,40,-35,-43
1742099004.2251332,26,38,58
1742099004.260133,-17,-69,-19
1742099004.295133,-21,46,-101
1742099004.3311331,-67,10,36
1742099004.3671331,-1,74,-91
1742099004.402133,48,50,44
1742099004.438133,-23,-33,-95
1742099004.473133,-53,14,72
1742099004.5081332,50,10,-15
1742099004.543133,30,-9,-117
1742099004.579133,4,6,-103
1742099004.615133,-73,14,-95
1742099004.6501331,106,10,-79
1742099004.6861331,14,-41,-133
1742099004.721133,-45,18,36
1742099004.756133,-21,36,-39
1742099004.7911332,-65,-51,-39
1742099004.8271332,86,44,-9
1742099004.8631332,108,62,-57
1742099004.898133,36,-43,82
1742099004.934133,12,-5,14
1742099004.9691331,76,-79,-43
1742099005.004133,-17,36,-55
1742099005.039133,-69,48,32
1742099005.075133,18,30,50
1742099005.111133,-97,-43,-137
1742099005.1461332,-7,-5,-15
1742099005.1821332,58,-3,-41
1742099005.217133,40,24,-23
1742099005.2521331,2,52,22
1742099005.287133,82,-13,36
1742099005.323133,-51,4,-33
1742099005.359133,10,14,0
1742099005.394133,-69,24,-81
1742099005.430133,-23,64,78
1742099005.4651332,24,-31,-71
1742099005.500133,-49,30,-87
1742099005.5351331,-79,-23,38
1742099005.5711331,-11,26,-137
1742099005.6071332,38,-39,54
1742099005.642133,22,-61,62
1742099005.678133,12,-7,2
1742099005.713133,74,16,38
1742099005.7481332,10,20,66
1742099005.7911332,60,-17,-59
1742099005.8271332,106,28,-25
1742099005.8631332,-17,30,-21
1742099005.898133,6,6,-17
1742099005.934133,-17,38,-51
1742099005.9691331,8,-17,62
1742099006.004133,28,-39,-13
1742099006.040133,74,12,-35
1742099006.075133,2,24,40
1742099006.111133,-25,-7,-15
1742099006.1461332,62,0,30
1742099006.1821332,50,-59,-17
1742099006.217133,0,-45,32
1742099006.2521331,-53,-33,-37
1742099006.2881331,26,38,-51
1742099006.323133,10,12,46
1742099006.359133,-79,8,-21
1742099006.394133,52,-57,-43
1742099006.430133,82,-33,24
1742099006.4651332,-31,-57,-155
1742099006.500133,18,-19,-39
1742099006.536133,48,18,22
1742099006.5711331,48,16,-95
1742099006.6071332,50,-13,-27
1742099006.642133,64,-73,-23
1742099006.678133,26,-3,-9
1742099006.713133,6,-17,-75
1742099006.7481332,68,46,-77
1742099006.7841332,-57,-53,-53
1742099006.819133,36,78,8
1742099006.855133,-25,-15,-19
1742099006.8901331,-3,70,-207
1742099006.9261332,-31,82,4
1742099006.961133,10,-73,38
1742099006.996133,-9,0,-101
1742099007.032133,-3,58,-115
1742099007.0671332,-61,48,-15
1742099007.1031332,88,8,6
1742099007.138133,-29,-19,76
1742099007.174133,-31,-31,-95
1742099007.2091331,34,20,132
1742099007.244133,0,18,-23
1742099007.280133,52,-23,16
1742099007.315133,6,-9,-51
1742099007.351133,24,-57,20
1742099007.3861332,22,76,24
1742099007.422133,-25,36,-35
1742099007.457133,86,46,-187
1742099007.4921331,-15,-35,-165
1742099007.5281332,-9,50,-67
1742099007.563133,56,-45,-83
1742099007.599133,28,84,-90
1742099007.634133,-49,-64,1
1742099007.670133,-3,27,-8
1742099007.7051332,80,45,-54
1742099007.740133,-45,-38,-86
1742099007.776133,-87,-40,-178
1742099007.8111331,-57,15,-74
1742099007.8471332,-23,75,-82
1742099007.882133,36,33,-74
1742099007.918133,-71,45,-70
1742099007.953133,-51,45,-86
1742099007.9881332,50,57,43
1742099008.024133,92,-53,-26
1742099008.059133,-51,0,-26
1742099008.095133,14,-1,15
1742099008.1301332,26,16,7
1742099008.1661332,-45,4,5
1742099008.201133,26,60,-36
1742099008.236133,-21,-27,1
1742099008.272133,-31,46,-18
1742099008.3071332,64,-43,11
1742099008.343133,-3,-11,-136
1742099008.378133,-41,-5,-82
1742099008.4131331,-59,12,-92
1742099008.448133,36,-19,-12
1742099008.484133,-79,-29,-92
1742099008.520133,-27,-17,-140
1742099008.555133,-11,-23,85
1742099008.591133,24,-69,-82
1742099008.626133,34,18,-122
1742099008.661133,6,32,-26
1742099008.6961331,38,8,-102
1742099008.7321332,-28,-19,13
1742099008.7681332,31,6,-114
1742099008.803133,-48,-37,-148
1742099008.839133,19,-39,-116
1742099008.874133,73,-11,-38
1742099008.9091332,-6,-69,-34
1742099008.944133,-12,-21,-62
1742099008.980133,-16,-25,29
1742099009.016133,-8,-3,-126
1742099009.0511332,-28,-63,-30
1742099009.0871332,35,-5,45
1742099009.122133,-62,48,63
1742099009.157133,-74,50,79
1742099009.1921332,23,-83,-8
1742099009.2281332,-18,-7,25
1742099009.264133,34,20,-32
1742099009.299133,61,-31,47
1742099009.335133,-30,90,-146
1742099009.3701332,-54,-29,-90
1742099009.405133,-18,4,-38
1742099009.440133,-2,-64,-96
1742099009.476133,34,6,-80
1742099009.5121331,-51,47,-80
1742099009.547133,-2,-6,11
1742099009.583133,30,-54,17
1742099009.618133,6,76,-114
1742099009.6531332,-9,-18,-8
1742099009.688133,-21,24,-64
1742099009.724133,28,-21,-82
1742099009.760133,26,24,-92
1742099009.795133,30,20,-20
1742099009.8311331,-63,40,-8
1742099009.866133,-65,32,-70
1742099009.901133,52,-51,-74
1742099009.9361331,-37,0,-76
1742099009.9721332,34,-1,-156
1742099010.0081332,12,-7,31
1742099010.043133,72,92,-86
1742099010.079133,2,50,-30
1742099010.1141331,6,-13,-160
1742099010.149133,-40,24,-28
1742099010.184133,-83,-75,-94
1742099010.220133,-75,-91,-76
1742099010.256133,28,-87,-236
1742099010.2911332,76,46,-120
1742099010.3271332,36,-57,-190
1742099010.362133,-56,-91,-38
1742099010.397133,48,-67,55
1742099010.4321332,-11,28,-72
1742099010.468133,30,94,-128
1742099010.504133,-49,34,-142
1742099010.539133,-31,6,-164
1742099010.575133,68,-19,33
1742099010.6101332,22,-43,-76
1742099010.645133,4,116,-94
1742099010.680133,-29,-15,-26
1742099010.716133,-5,42,-50
1742099010.7521331,54,-10,45
1742099010.787133,90,-2,-36
1742099010.823133,-13,6,-108
1742099010.858133,-49,36,-18
1742099010.8931332,34,48,-160
1742099010.928133,-3,19,-174
1742099010.964133,-5,17,-140
1742099011.000133,66,16,-60
1742099011.0351331,54,18,19
1742099011.0711331,26,4,-38
1742099011.106133,32,56,83
1742099011.141133,0,-1,-18
1742099011.1761332,-35,-15,7
1742099011.2121332,-29,14,93
1742099011.2481332,92,16,-100
1742099011.283133,2,-43,-58
1742099011.319133,-79,-35,-130
1742099011.3541331,42,46,3
1742099011.389133,-19,74,-10
1742099011.424133,18,-11,-64
1742099011.460133,-15,28,-166
1742099011.496133,32,-27,-162
1742099011.5311332,20,-10,7
1742099011.5671332,76,30,-56
1742099011.602133,-13,-13,-74
1742099011.6371331,12,-25,13
1742099011.672133,-17,-83,-184
1742099011.708133,12,24,-50
1742099011.744133,-5,0,85
1742099011.779133,-33,36,-84
1742099011.815133,-21,22,23
1742099011.8501332,-1,-9,-64
1742099011.885133,38,44,-90
1742099011.920133,-39,12,-48
1742099011.9561331,-5,-23,-66
1742099011.9921331,72,-45,-90
1742099012.027133,-65,-67,-40
1742099012.063133,50,-53,-56
1742099012.098133,-61,-29,-94
1742099012.1331332,-25,16,-18
1742099012.168133,54,48,91
1742099012.204133,-7,50,3
1742099012.240133,-45,-65,-6
1742099012.2751331,-9,16,31
1742099012.3111331,-37,28,-184
1742099012.346133,56,-49,51
1742099012.381133,10,52,-60
1742099012.4161332,8,-61,-40
1742099012.4521332,32,-25,-78
1742099012.4881332,26,24,-74
1742099012.523133,70,-7,-82
1742099012.559133,4,32,-164
1742099012.5941331,-33,16,-68
1742099012.629133,-51,-13,-52
1742099012.665133,-115,18,-108
1742099012.700133,12,6,-22
1742099012.736133,-1,10,-44
1742099012.7711332,74,70,-42
1742099012.8071332,-11,-1,-4
1742099012.842133,-19,-35,19
1742099012.8771331,-21,-81,-172
1742099012.9131331,-33,-37,-102
1742099012.948133,-27,-39,113
1742099012.984133,-13,-21,-32
1742099013.019133,62,-60,-134
1742099013.055133,66,26,-26
1742099013.0901332,60,30,-148
1742099013.125133,64,-15,-104
1742099013.161133,-11,6,-66
1742099013.1961331,-15,70,-32
1742099013.2321332,48,-67,-20
1742099013.267133,24,-29,-28
1742099013.303133,-51,-11,-70
1742099013.338133,10,28,1
1742099013.3731332,76,-35,-60
1742099013.4091332,-63,28,-160
1742099013.444133,12,-33,-94
1742099013.480133,-63,-35,-54
1742099013.5151331,16,-71,-88
1742099013.5511332,42,26,9
1742099013.586133,70,74,-42
1742099013.621133,2,56,-130
1742099013.657133,4,24,-70
1742099013.6921332,-13,8,-112
1742099013.7281332,-21,-13,-82
1742099013.763133,-43,54,-128
1742099013.799133,8,-11,23
1742099013.8341331,20,-13,99
1742099013.869133,22,16,-92
1742099013.905133,-71,44,87
1742099013.940133,66,-13,51
1742099013.976133,-17,14,-56
1742099014.0111332,114,-43,-98
1742099014.047133,-64,16,-8
1742099014.082133,30,40,47
1742099014.1171331,-25,30,-122
1742099014.1531332,-5,-17,-108
1742099014.188133,26,50,-66
1742099014.224133,-25,-69,-98
1742099014.259133,-29,-7,-66
1742099014.295133,-13,-21,-46
1742099014.3301332,106,-15,-92
1742099014.365133,-117,48,-68
1742099014.401133,4,-37,-118
1742099014.4361331,4,-31,33
1742099014.4721332,12,-3,-144
1742099014.507133,24,14,-106
1742099014.543133,-10,-50,-164
1742099014.578133,44,-47,-74
1742099014.6131332,-2,66,-28
1742099014.649133,-36,-6,-90
1742099014.684133,2,6,-2
1742099014.720133,8,-84,-114
1742099014.7551332,4,12,25
1742099014.7911332,88,7,-20
1742099014.826133,48,-67,-106
1742099014.861133,-87,46,-18
1742099014.897133,-90,-154,-110
1742099014.9321332,8,-43,-176
1742099014.968133,-31,-11,29
1742099015.003133,10,32,-194
1742099015.0381331,0,12,-128
1742099015.073133,16,-11,-78
1742099015.109133,48,-27,-166
1742099015.145133,78,-75,67
1742099015.180133,-35,-5,-84
1742099015.216133,-17,-47,17
1742099015.251133,-23,-39,-62
1742099015.286133,48,-17,-30
1742099015.3211331,126,30,-34
1742099015.3571332,114,-50,71
1742099015.3931332,24,-26,-44
1742099015.428133,-38,-78,-40
1742099015.464133,-76,-48,-154
1742099015.499133,-18,34,-12
1742099015.5341332,118,-2,-12
1742099015.569133,80,-7,-32
1742099015.605133,-63,90,-108
1742099015.641133,32,30,-170
1742099015.6761332,8,74,69
1742099015.7121332,-1,26,-78
1742099015.747133,26,40,5
1742099015.782133,12,-51,5
1742099015.825133,-19,-43,-206
1742099015.861133,14,-59,-30
1742099015.897133,48,-55,-78
1742099015.9321332,52,-35,-90
1742099015.968133,-1,10,-66
1742099016.003133,10,52,-68
1742099016.0381331,2,16,-70
1742099016.073133,-5,-9,-86
1742099016.109133,-5,24,-62
1742099016.145133,-71,-41,101
1742099016.180133,-27,110,-98
1742099016.216133,-5,106,-24
1742099016.251133,2,-73,-26
1742099016.286133,-47,-1,105
1742099016.3211331,-25,-11,-84
1742099016.3571332,4,56,53
1742099016.3931332,-65,-45,-78
1742099016.428133,-55,-33,-16
1742099016.464133,34,-27,-136
1742099016.499133,52,14,-8
1742099016.5341332,52,-65,-122
1742099016.569133,32,4,63
1742099016.605133,16,14,-20
1742099016.641133,-23,-41,-162
1742099016.6761332,10,-13,-24
1742099016.7121332,-5,-9,-20
1742099016.747133,32,-15,-52
1742099016.782133,0,30,-110
1742099016.8171332,-25,6,-76
1742099016.8531332,14,-35,67
1742099016.889133,-91,-39,-50
1742099016.924133,-13,-57,-32
1742099016.960133,96,0,-30
1742099016.9951332,-77,22,-108
1742099017.030133,-25,-29,-44
1742099017.065133,-55,-87,-58
1742099017.101133,52,-17,1
1742099017.1371331,-83,-19,-76
1742099017.172133,42,-53,-72
1742099017.208133,-5,-7,99
1742099017.243133,6,12,77
1742099017.2781332,34,66,-70
1742099017.313133,-19,18,99
1742099017.349133,-1,30,-144
1742099017.385133,-43,20,-136
1742099017.420133,-19,54,-94
1742099017.4561331,38,10,-14
1742099017.491133,-59,-33,-54
1742099017.526133,64,22,29
1742099017.5611331,-69,-27,7
1742099017.5971332,-21,-1,0
1742099017.6331332,-43,56,21
1742099017.668133,54,-25,-80
1742099017.704133,8,-43,-142
1742099017.7391331,60,-49,-80
1742099017.774133,70,-67,3
1742099017.809133,22,0,-32
1742099017.845133,22,-45,-6
1742099017.881133,32,-21,31
1742099017.9161332,-41,18,-120
1742099017.9521332,0,38,-50
1742099017.987133,68,-47,0
1742099018.022133,-45,58,23
1742099018.0571332,6,22,-126
1742099018.093133,-35,-5,-42
1742099018.129133,20,-57,-56
1742099018.164133,0,-49,-42
1742099018.200133,48,-99,-66
1742099018.2351332,4,-93,-24
1742099018.270133,-39,8,-26
1742099018.305133,14,-1,-32
1742099018.341133,38,26,-118
1742099018.3771331,-25,22,-82
1742099018.412133,4,-14,-62
1742099018.448133,-51,-42,-80
1742099018.483133,-79,27,-76
1742099018.5181332,16,45,-86
1742099018.553133,-51,-8,11
1742099018.589133,-29,7,-106
1742099018.625133,26,9,-52
1742099018.6601331,-125,45,-48
1742099018.6961331,62,31,-122
1742099018.731133,-103,5,-102
1742099018.766133,40,-26,-62
1742099018.802133,-57,21,13
1742099018.8371332,-97,1,15
1742099018.8731332,-43,35,-42
1742099018.908133,-51,-12,-36
1742099018.944133,-17,7,25
1742099018.9791331,-39,5,-66
1742099019.014133,-33,62,-16
1742099019.049133,-43,12,-40
1742099019.085133,-87,-7,-80
1742099019.121133,-65,-55,-96
1742099019.1561332,44,10,-80
1742099019.1921332,-5,118,19
1742099019.227133,42,86,-50
1742099019.2621331,18,-100,-38
1742099019.2981331,-17,9,11
1742099019.333133,-55,-8,-66
1742099019.369133,-67,19,-24
1742099019.404133,-17,-6,133
1742099019.440133,18,18,-88
1742099019.4751332,-15,44,-6
1742099019.510133,-49,-46,-8
1742099019.546133,-79,30,15
1742099019.5811331,-19,-17,-28
1742099019.6171331,-43,50,-2
1742099019.652133,-31,6,-58
1742099019.688133,-101,-9,-24
1742099019.723133,-37,100,99
1742099019.7581332,10,12,-146
1742099019.7941332,-51,22,-20
1742099019.829133,-93,52,-120
1742099019.865133,10,-37,59
1742099019.9001331,34,-3,-132
1742099019.9361331,-59,-7,-36
1742099019.971133,-49,34,-28
1742099020.006133,44,36,-28
1742099020.042133,16,-75,-120
1742099020.0771332,0,-25,-34
1742099020.1131332,21,6,45
1742099020.148133,-18,-5,17
1742099020.184133,21,24,-96
1742099020.2191331,-19,30,-2
1742099020.254133,-35,24,-134
1742099020.290133,-15,18,-92
1742099020.325133,-5,20,-52
1742099020.361133,24,-49,-134
1742099020.3961332,24,38,21
1742099020.4321332,8,32,-88
1742099020.467133,-29,-41,-162
1742099020.5021331,-35,10,-124
1742099020.5381331,-67,-1,61
1742099020.573133,-23,14,-58
1742099020.609133,4,-39,-58
1742099020.644133,0,2,15
1742099020.680133,42,60,49
1742099020.7151332,-19,70,39
1742099020.750133,46,-15,-14
1742099020.786133,-9,30,-138
1742099020.8211331,-39,40,-48
1742099020.8571332,-43,-11,-10
1742099020.892133,16,-63,-32
1742099020.928133,0,-31,-26
1742099020.963133,66,-39,49
1742099020.9981332,90,46,-142
1742099021.0341332,8,34,-8
1742099021.069133,4,58,-40
1742099021.105133,-51,-21,-44
1742099021.1401331,6,34,-40
1742099021.1761332,-47,-67,0
1742099021.211133,22,-1,-24
1742099021.246133,-41,44,-136
1742099021.282133,68,0,-28
1742099021.3171332,-55,42,-52
1742099021.3531332,-37,-1,45
1742099021.388133,8,-23,-6
1742099021.424133,-31,-39,49
1742099021.4591331,-13,22,-36
1742099021.494133,0,10,19
1742099021.530133,15,28,-185
1742099021.565133,53,36,53
1742099021.601133,14,14,-52
1742099021.6361332,61,-51,-18
1742099021.671133,-57,54,15
1742099021.7061331,40,22,-26
1742099021.7421331,8,48,5
1742099021.7781332,-13,48,-126
1742099021.813133,1,-7,-112
1742099021.849133,-2,-33,-38
1742099021.884133,43,-47,-44
1742099021.9191332,22,30,81
1742099021.954133,-51,16,0
1742099021.990133,42,-79,-46
1742099022.026133,8,-5,-114
1742099022.0611331,12,-25,-6
1742099022.0971332,-1,-39,115
1742099022.132133,-13,26,13
1742099022.167133,16,14,-74
1742099022.2021332,-67,-29,35
1742099022.2381332,4,12,-108
1742099022.274133,-37,-41,0
1742099022.309133,4,32,-110
1742099022.345133,-39,34,-57
1742099022.3801332,56,-21,-114
1742099022.415133,-77,-17,-2
1742099022.450133,-5,-15,69
1742099022.486133,22,-40,71
1742099022.522133,-29,37,77
1742099022.5571332,38,3,-70
1742099022.593133,-13,8,29
1742099022.628133,-12,-18,-84
1742099022.6631331,-26,-20,-146
1742099022.698133,54,8,-42
1742099022.734133,30,-62,-26
1742099022.770133,0,28,-144
1742099022.805133,14,40,-46
1742099022.841133,-31,30,-93
1742099022.876133,-20,20,-5
1742099022.911133,-59,-69,4
1742099022.9461331,60,-7,134
1742099022.9821332,4,-61,-5
1742099023.0181332,-35,-2,-189
1742099023.053133,-5,-52,-103
1742099023.089133,-45,5,-119
1742099023.124133,6,97,-23
1742099023.1591332,-21,27,-45
1742099023.194133,9,33,-81
1742099023.230133,-52,-2,-149
1742099023.266133,2,26,-25
1742099023.3011332,62,96,-69
1742099023.3371332,62,15,-93
1742099023.372133,-9,-34,-107
1742099023.407133,16,-62,-85
1742099023.4421332,-69,-50,-73
1742099023.4781332,-29,25,-15
1742099023.514133,-183,-44,-163
1742099023.549133,-23,29,60
1742099023.585133,24,-20,-81
1742099023.6201332,60,-26,-99
1742099023.655133,48,-4,-19
1742099023.690133,-31,-10,-145
1742099023.726133,-29,-36,50
1742099023.7621331,52,-32,98
1742099023.797133,60,-40,-25
1742099023.833133,60,-64,12
1742099023.868133,-3,-54,-71
1742099023.9031332,-67,-1,-3
1742099023.938133,58,-7,36
1742099023.974133,-37,7,-119
1742099024.010133,70,-29,-51
1742099024.045133,-1,6,-69
1742099024.0811331,30,47,-187
1742099024.116133,-41,-102,4
1742099024.151133,-21,9,0
1742099024.1861331,-15,95,-115
1742099024.2221332,16,-26,-25
1742099024.2581332,4,-44,-151
1742099024.293133,-85,45,-123
1742099024.329133,-5,15,-109
1742099024.3641331,-43,-22,-1
1742099024.399133,18,-12,-57
1742099024.434133,-11,0,-1
1742099024.470133,-37,13,80
1742099024.506133,14,1,-111
1742099024.5411332,-9,29,6
1742099024.5771332,38,-16,-25
1742099024.612133,12,19,-5
1742099024.647133,-50,-98,46
1742099024.6821332,-8,-84,-173
1742099024.718133,-10,-20,-117
1742099024.754133,-14,-4,-157
1742099024.789133,108,-14,-45
1742099024.825133,56,62,14
1742099024.8601332,-30,-48,-23
1742099024.895133,20,42,-51
1742099024.930133,30,-41,30
1742099024.966133,50,-11,-73
1742099025.0021331,4,23,-9
1742099025.037133,-77,-72,-35
1742099025.073133,80,-64,90
1742099025.108133,4,-110,-49
1742099025.1431332,60,-8,114
1742099025.178133,36,31,-55
1742099025.214133,20,-20,-129
1742099025.250133,66,-26,-31
1742099025.2851331,0,85,-85
1742099025.3211331,28,-18,4
1742099025.356133,36,17,-103
1742099025.391133,26,1,98
1742099025.427133,30,-17,30
1742099025.4621332,-11,48,-207
1742099025.4981332,-27,86,-31
1742099025.533133,12,-34,-101
1742099025.569133,-27,-32,28
1742099025.6041331,-71,-4,-69
1742099025.639133,-19,1,-113
1742099025.674133,-47,-28,0
1742099025.710133,28,0,-65
1742099025.746133,-13,3,-123
1742099025.7811332,-45,1,-99
1742099025.8171332,-11,0,-171
1742099025.859133,22,75,-101
1742099025.895133,4,-38,-153
1742099025.931133,30,17,44
1742099025.966133,16,-4,98
1742099026.0021331,-21,-76,-65
1742099026.037133,-5,-4,-137
1742099026.073133,-7,13,-33
1742099026.108133,4,19,-49
1742099026.1431332,46,-24,-47
1742099026.1791332,-73,-72,-85
1742099026.214133,34,7,10
1742099026.250133,104,-17,-95
1742099026.2851331,-53,-36,-15
1742099026.3211331,-23,-33,-83
1742099026.356133,14,-46,-17
1742099026.391133,20,61,86
1742099026.427133,54,45,38
1742099026.4621332,12,21,-55
1742099026.4981332,-5,3,-11
1742099026.533133,-43,17,-119
1742099026.569133,22,-8,-51
1742099026.6041331,-1,-14,-189
1742099026.639133,-39,59,-25
1742099026.675133,12,-54,-97
1742099026.710133,-21,45,34
1742099026.746133,20,-10,-3
1742099026.7811332,-15,-84,-3
1742099026.8171332,2,-24,-21
1742099026.852133,20,-30,50
1742099026.8871331,-29,-16,50
1742099026.9231331,60,45,-93
1742099026.958133,-7,-4,-99
1742099026.994133,-17,57,-53
1742099027.029133,60,75,-39
1742099027.065133,-11,-20,-139
1742099027.1001332,-41,13,-45
1742099027.135133,124,-24,-45
1742099027.171133,-13,-76,88
1742099027.2061331,14,5,12
1742099027.2421331,16,17,80
1742099027.277133,18,3,-37
1742099027.313133,4,-14,-41
1742099027.348133,64,45,-93
1742099027.3831332,94,-10,-45
1742099027.4191332,-27,-30,-25
1742099027.454133,-95,-20,-95
1742099027.490133,-77,13,-119
1742099027.5251331,14,17,-3
1742099027.5611331,48,-63,-33
1742099027.596133,6,-51,-91
1742099027.631133,78,86,12
1742099027.667133,42,-71,20
1742099027.7021332,-15,-11,24
1742099027.7381332,4,90,-5
1742099027.773133,40,-3,120
1742099027.809133,-63,-1,4
1742099027.8441331,-37,36,6
1742099027.879133,-9,44,48
1742099027.915133,-1,-1,-37
1742099027.950133,61,-49,-27
1742099027.986133,27,-5,4
1742099028.0211332,63,-27,-161
1742099028.056133,29,54,-105
1742099028.091133,1,14,-69
1742099028.1271331,-122,-15,42
1742099028.1631331,-14,54,-129
1742099028.198133,-50,-23,-155
1742099028.234133,9,-15,-97
1742099028.269133,51,-15,4
1742099028.3041332,50,34,-119
1742099028.339133,-46,-31,12
1742099028.375133,-15,12,-57
1742099028.411133,-9,-35,-57
1742099028.4461331,-97,-17,-7
1742099028.4821332,-55,32,-11
1742099028.517133,-65,-37,-51
1742099028.552133,-61,20,-145
1742099028.5871332,68,-3,-215
1742099028.6231332,-23,16,20
1742099028.6591332,20,132,-199
1742099028.694133,8,-27,24
1742099028.730133,8,-75,-49
1742099028.7651331,-11,78,10
1742099028.800133,16,-86,62
1742099028.835133,30,52,-81
1742099028.871133,42,-56,-65
1742099028.907133,-7,-19,28
1742099028.9421332,-5,-47,-11
1742099028.9781332,38,-17,-75
1742099029.013133,-77,-31,6
1742099029.0481331,-9,-41,-35
1742099029.083133,-15,15,-79
1742099029.119133,-33,-24,10
1742099029.155133,-33,3,10
1742099029.190133,-19,-30,-59
1742099029.226133,-25,-50,-35
1742099029.2611332,46,-96,-3
1742099029.296133,10,27,-23
1742099029.3311331,142,-36,-169
1742099029.3671331,-45,-24,22
1742099029.4031332,22,22,-151
1742099029.438133,-47,12,-163
1742099029.474133,6,-23,-25
1742099029.509133,-23,-57,-121
1742099029.5441332,-13,51,-127
1742099029.579133,-23,-40,-151
1742099029.615133,-57,-36,-21
1742099029.651133,-95,-10,-67
1742099029.6861331,92,25,-53
1742099029.7221332,90,51,-99
1742099029.757133,-21,15,-131
1742099029.792133,-11,19,-123
1742099029.8271332,50,19,-53
1742099029.8631332,78,-14,22
1742099029.899133,82,-48,12
1742099029.934133,2,86,62
1742099029.970133,80,34,-123
1742099030.0051332,-35,-19,-20
1742099030.040133,90,-11,-74
1742099030.075133,-21,-47,59
1742099030.111133,-9,-109,-18
1742099030.147133,-1,-27,-64
1742099030.1821332,-33,106,39
1742099030.218133,-95,-13,-24
1742099030.253133,-17,68,-34
1742099030.2881331,-95,-53,-96
1742099030.323133,20,18,-46
1742099030.359133,32,62,-50
1742099030.395133,-7,14,-22
1742099030.430133,52,26,-8
1742099030.466133,36,6,37
1742099030.501133,-13,24,-162
1742099030.536133,8,-73,111
1742099030.5711331,54,68,-16
1742099030.6071332,-79,-27,-76
1742099030.6431332,24,-5,-12
1742099030.678133,4,0,-62
1742099030.714133,34,-7,-72
1742099030.749133,-61,-35,-44
1742099030.7841332,-51,-1,39
1742099030.819133,82,10,-4
1742099030.855133,-5,28,-64
1742099030.891133,16,-11,-68
1742099030.9261332,-5,-19,-58
1742099030.9621332,-95,46,129
1742099030.997133,-15,-63,-96
1742099031.032133,-9,34,-38
1742099031.0671332,-37,-3,-204
1742099031.1031332,24,-31,-60
1742099031.139133,-11,20,-154
1742099031.174133,12,-39,-2
1742099031.210133,-27,-35,15
1742099031.2451332,54,-47,-58
1742099031.280133,-19,-47,-84
1742099031.315133,-47,-15,51
1742099031.351133,-33,4,-38
1742099031.3871331,32,-27,0
1742099031.422133,-25,-29,35
1742099031.458133,-13,-21,-178
1742099031.493133,-21,-21,3
1742099031.5281332,-27,-3,45
1742099031.563133,-71,30,-64
1742099031.599133,-35,58,-46
1742099031.635133,-19,-29,-56
1742099031.670133,-3,110,-128
1742099031.7061331,-107,16,-122
1742099031.741133,26,-61,-26
1742099031.776133,-19,24,-44
1742099031.8111331,54,12,29
1742099031.8471332,128,-25,9
1742099031.8831332,-13,-35,-60
1742099031.918133,14,-15,-108
1742099031.954133,-7,-5,-186
1742099031.9891331,-23,-17,3
1742099032.024133,-9,40,-92
1742099032.059133,50,-3,-124
1742099032.095133,-1,58,-70
1742099032.131133,12,-49,-8
1742099032.1661332,64,-17,-22
1742099032.2021332,54,-19,-6
1742099032.237133,14,-5,-30
1742099032.272133,32,38,65
1742099032.3071332,66,-19,-194
1742099032.343133,74,38,-18
1742099032.379133,-35,44,5
1742099032.414133,42,22,-42
1742099032.450133,92,4,15
1742099032.4851332,-33,52,5
1742099032.520133,10,32,-56
1742099032.556133,68,-53,25
1742099032.591133,0,6,-114
1742099032.6271331,54,52,-82
1742099032.662133,16,-17,-126
1742099032.698133,8,-51,0
1742099032.733133,46,-83,-78
1742099032.7681332,-67,-1,-130
1742099032.8041332,20,-1,29
1742099032.839133,36,44,-142
1742099032.875133,-105,-11,-122
1742099032.9101331,10,90,-30
1742099032.9461331,52,-69,-104
1742099032.981133,22,-33,-2
1742099033.016133,40,18,-4
1742099033.052133,6,-87,25
1742099033.0871332,-13,62,-80
1742099033.1231332,-13,-13,-38
1742099033.158133,64,-5,1
1742099033.194133,46,48,-170
1742099033.2291331,28,42,17
1742099033.264133,12,60,-190
1742099033.300133,22,64,-48
1742099033.335133,24,-9,23
1742099033.371133,-73,-15,-46
1742099033.4061332,16,-89,91
1742099033.4421332,-3,56,-86
1742099033.477133,-13,-31,-4
1742099033.5121331,-1,2,-84
1742099033.5481331,-7,40,29
1742099033.583133,-23,-9,-116
1742099033.619133,18,62,5
1742099033.654133,100,0,51
1742099033.690133,120,32,-44
1742099033.7251332,-45,24,0
1742099033.760133,48,-57,-34
1742099033.796133,20,-19,19
1742099033.8311331,-39,-5,-48
1742099033.8671331,-89,-13,-36
1742099033.902133,-17,-133,-150
1742099033.938133,-93,68,-18
1742099033.973133,-79,68,-138
1742099034.0081332,64,-21,-64
1742099034.0441332,-77,26,-122
1742099034.079133,-7,-71,-42
1742099034.115133,2,-15,-76
1742099034.1501331,-57,44,15
1742099034.1861331,-13,-35,69
1742099034.221133,14,-27,-94
1742099034.256133,-47,-5,35
1742099034.292133,-1,30,-98
1742099034.3271332,-9,74,-24
1742099034.3631332,10,14,-4
1742099034.398133,-19,10,-84
1742099034.4331331,54,-37,-6
1742099034.468133,-67,32,-10
1742099034.504133,-35,-31,-28
1742099034.540133,-47,-33,-8
1742099034.575133,-37,8,-86
1742099034.611133,74,8,-22
1742099034.6461332,0,30,5
1742099034.6821332,34,16,-46
1742099034.718133,22,82,-58
1742099034.754133,54,-7,37
1742099034.790133,32,80,81
1742099034.825133,-27,34,19
1742099034.8601332,-1,-29,-24
1742099034.8961332,24,28,-16
1742099034.9321332,-19,-9,95
1742099034.967133,18,-63,-54
1742099035.003133,24,80,-2
1742099035.0381331,44,18,27
1742099035.073133,100,74,47
1742099035.108133,10,0,-114
1742099035.144133,44,6,-36
1742099035.180133,-41,-21,105
1742099035.2151332,24,36,-4
1742099035.251133,-39,22,-6
1742099035.286133,0,-69,-42
1742099035.3211331,48,-25,1
1742099035.356133,42,12,-40
1742099035.392133,-67,106,-104
1742099035.428133,48,-59,-96
1742099035.463133,-69,-7,-24
1742099035.499133,10,-29,-86
1742099035.5341332,-25,-37,-126
1742099035.569133,40,-3,-26
1742099035.6041331,-29,-55,-44
1742099035.6401331,-17,-23,85
1742099035.6761332,34,-121,29
1742099035.711133,0,-29,-74
1742099035.747133,56,50,-130
1742099035.782133,66,-17,-60
1742099035.8171332,-1,-37,-206
1742099035.852133,18,-43,5
1742099035.895133,-3,10,-66
1742099035.9321332,10,88,-28
1742099035.967133,-1,-21,-18
1742099036.003133,-5,16,-22
1742099036.0381331,-27,46,-74
1742099036.073133,-35,-45,-42
1742099036.108133,46,20,-28
1742099036.144133,-85,-141,-82
1742099036.180133,-15,-5,-94
1742099036.2151332,42,2,-58
1742099036.251133,50,-59,99
1742099036.286133,-15,54,-46
1742099036.3211331,26,-45,35
1742099036.356133,96,-37,-102
1742099036.392133,46,-77,31
1742099036.428133,14,-7,-88
1742099036.463133,16,14,23
1742099036.499133,-33,32,-8
1742099036.5341332,-15,-31,-28
1742099036.569133,90,-23,-28
1742099036.6041331,-11,-41,-10
1742099036.6401331,24,-9,29
1742099036.6761332,-21,20,15
1742099036.711133,20,20,-56
1742099036.747133,16,-47,-94
1742099036.782133,-3,6,-20
1742099036.8171332,10,38,-42
1742099036.852133,-73,-3,11
1742099036.888133,-39,-55,-152
1742099036.924133,-59,-55,-150
1742099036.9591331,2,20,-268
1742099036.9951332,-17,-15,-20
1742099037.030133,-17,-27,-56
1742099037.065133,10,-33,-104
1742099037.1001332,-45,-25,45
1742099037.1361332,86,44,-116
1742099037.172133,40,-7,-24
1742099037.207133,32,-45,-80
1742099037.243133,40,-57,-46
1742099037.2781332,-25,2,5
1742099037.313133,6,4,-100
1742099037.348133,-111,16,-82
1742099037.384133,-43,4,-36
1742099037.420133,82,10,17
1742099037.4551332,-11,-29,-68
1742099037.491133,-57,-33,-130
1742099037.526133,-65,2,29
1742099037.5611331,56,-5,-88
1742099037.596133,38,12,-156
1742099037.632133,16,50,-72
1742099037.668133,16,34,-106
1742099037.703133,12,-43,30
1742099037.7391331,52,26,10
1742099037.774133,-1,86,-7
1742099037.809133,20,94,-129
1742099037.8441331,18,-1,-105
1742099037.8801332,-47,96,-117
1742099037.9161332,-43,-51,-1
1742099037.951133,92,-13,-3
1742099037.987133,6,0,70
1742099038.022133,50,56,-7
1742099038.0571332,-65,-83,-135
1742099038.092133,24,-47,-147
1742099038.128133,56,14,82
1742099038.164133,-27,-55,62
1742099038.1991332,-55,-17,-1
1742099038.2351332,16,34,6
1742099038.270133,34,28,-3
1742099038.305133,8,-59,-29
1742099038.341133,20,-63,-23
1742099038.376133,-49,-17,-33
1742099038.412133,-15,-19,-75
1742099038.447133,66,10,124
1742099038.483133,-17,-51,-59
1742099038.5181332,-11,-49,-13
1742099038.553133,-11,12,-79
1742099038.588133,50,68,38
1742099038.624133,8,40,-29
1742099038.6601331,-53,-3,82
1742099038.695133,-49,-3,-81
1742099038.731133,82,10,-3
1742099038.766133,10,-69,-97
1742099038.8011332,-27,102,6
1742099038.836133,-48,26,-13
1742099038.872133,-54,-43,48
1742099038.908133,-65,-7,-81
1742099038.943133,42,-39,-13
1742099038.9791331,-9,8,-77
1742099039.014133,-69,4,-55
1742099039.049133,34,8,-63
1742099039.085133,38,-39,-53
1742099039.1201332,-3,-1,54
1742099039.1561332,20,-25,-33
1742099039.191133,-23,-25,-65
1742099039.227133,14,36,-109
1742099039.2621331,-35,8,-65
1742099039.297133,14,32,-1
1742099039.333133,30,26,-115
1742099039.368133,26,40,-45
1742099039.404133,34,14,54
1742099039.4391332,24,0,64
1742099039.4751332,1,40,-33
1742099039.510133,19,-63,-121
1742099039.545133,51,-39,-81
1742099039.5811331,81,48,20
1742099039.616133,-66,6,-19
1742099039.652133,1,90,-43
1742099039.687133,23,88,0
1742099039.723133,-16,-5,-169
1742099039.7581332,48,-9,-65
1742099039.793133,57,24,32
1742099039.829133,37,10,-117
1742099039.8641331,-8,50,-37
1742099039.9001331,-94,-43,-47
1742099039.935133,-28,-31,-67
1742099039.971133,33,2,18
1742099040.006133,-22,82,-91
1742099040.0411332,-34,34,-161
1742099040.0771332,-26,10,-109
1742099040.112133,-70,-35,-13
1742099040.148133,-68,-7,-121
1742099040.1831331,59,0,14
1742099040.2191331,-4,72,-143
1742099040.254133,-34,-51,-49
1742099040.289133,9,-33,72
1742099040.325133,11,22,-3
1742099040.3601332,45,70,-149
1742099040.3961332,-6,-63,-91
1742099040.431133,0,52,-39
1742099040.467133,65,2,-23
1742099040.5021331,-18,10,-127
1742099040.537133,-62,-17,8
1742099040.573133,49,10,24
1742099040.608133,-4,16,100
1742099040.644133,23,-85,-23
1742099040.6791332,22,-31,-57
1742099040.7151332,-42,-3,44
1742099040.750133,-54,-7,30
1742099040.7851331,19,46,-77
1742099040.8211331,45,-11,-123
1742099040.856133,0,14,50
1742099040.892133,-50,54,-73
1742099040.927133,47,-81,6
1742099040.963133,-16,-59,80
1742099040.9981332,-66,-51,-121
1742099041.033133,-55,100,-109
1742099041.069133,-77,-27,-33
1742099041.1041331,22,24,-81
1742099041.1401331,24,8,-59
1742099041.175133,-55,-17,2
1742099041.211133,-61,44,-25
1742099041.246133,-37,8,-67
1742099041.2811332,-7,-51,10
1742099041.3171332,-35,-41,-85
1742099041.352133,-11,24,-65
1742099041.388133,-101,-47,24
1742099041.4231331,-47,22,48
1742099041.4591331,-47,-29,-37
1742099041.4951332,-7,-21,-11
1742099041.530133,22,-41,-1
1742099041.565133,2,-17,-35
1742099041.601133,-37,-55,-61
1742099041.6371331,38,24,-27
1742099041.672133,-33,-63,-39
1742099041.708133,-35,-77,2
1742099041.743133,78,26,-7
1742099041.7781332,62,-1,-133
1742099041.813133,-27,2,-59
1742099041.849133,-65,16,-45
1742099041.885133,-33,0,-137
1742099041.920133,-41,20,8
1742099041.9561331,-75,-31,14
1742099041.991133,-1,18,-61
1742099042.026133,102,-25,-45
1742099042.0611331,-13,-51,-93
1742099042.0971332,84,-35,-71
1742099042.1331332,-37,-27,-93
1742099042.168133,0,-25,-169
1742099042.204133,16,98,-41
1742099042.2391331,12,38,-75
1742099042.274133,72,12,-133
1742099042.309133,-7,-33,30
1742099042.345133,-33,40,50
1742099042.381133,-1,34,52
1742099042.4161332,-53,0,-125
1742099042.4521332,68,-3,-127
1742099042.487133,12,62,0
1742099042.522133,-29,46,-5
1742099042.5571332,-3,-11,-41
1742099042.593133,-132,-39,-101
1742099042.629133,-6,-3,-35
1742099042.664133,-120,24,1
1742099042.700133,7,-89,-77
1742099042.7351332,64,12,-88
1742099042.770133,-17,-73,-32
1742099042.805133,18,-55,7
1742099042.841133,64,32,-70
1742099042.8771331,-19,-23,-52
1742099042.912133,8,-59,-30
1742099042.948133,16,36,9
1742099042.983133,126,40,-30
1742099043.0181332,59,24,-22
1742099043.053133,53,-17,-3
1742099043.089133,15,-53,-37
1742099043.125133,-22,-55,-31
1742099043.1601331,-20,60,-51
1742099043.1961331,-7,-43,-150
1742099043.231133,-86,6,-4
1742099043.266133,-12,-7,-44
1742099043.3011332,17,18,-120
1742099043.3371332,11,-37,-62
1742099043.3731332,-40,20,-114
1742099043.408133,9,-49,-8
1742099043.444133,29,-53,-102
1742099043.4791331,97,-71,-176
1742099043.514133,-82,-17,23
1742099043.549133,-94,-25,6
1742099043.585133,-61,-47,-81
1742099043.621133,-2,-7,-100
1742099043.6561332,7,-5,-92
1742099043.6921332,-36,-65,-104
1742099043.727133,68,48,17
1742099043.7621331,8,48,-36
1742099043.797133,38,-75,73
1742099043.833133,-41,44,-158
1742099043.869133,78,24,-122
1742099043.904133,-47,2,-12
1742099043.940133,4,52,-112
1742099043.9751332,58,-89,85
1742099044.010133,4,-29,-146
1742099044.045133,-39,10,19
1742099044.0811331,0,42,0
1742099044.1171331,22,68,7
1742099044.152133,8,-37,-214
1742099044.188133,-73,80,7
1742099044.223133,28,30,-284
1742099044.2581332,-13,-19,-68
1742099044.293133,84,-13,-6
1742099044.329133,-11,16,-34
1742099044.365133,28,60,-78
1742099044.4001331,40,24,-46
1742099044.4361331,-49,-21,-50
1742099044.471133,6,-35,-54
1742099044.506133,-61,0,61
1742099044.5411332,2,28,5
1742099044.5771332,-9,-29,-50
1742099044.6131332,34,-61,17
1742099044.648133,6,-9,-230
1742099044.684133,6,42,29
1742099044.7191331,54,-27,21
1742099044.754133,58,38,-156
1742099044.789133,26,-5,43
1742099044.825133,-41,0,-116
1742099044.861133,-19,20,19
1742099044.8961332,-19,-63,-144
1742099044.9321332,20,36,-60
1742099044.967133,14,-85,-72
1742099045.0021331,-23,44,-42
1742099045.037133,2,-5,-110
1742099045.073133,-27,2,31
1742099045.109133,-125,-29,-84
1742099045.144133,80,-33,9
1742099045.180133,12,-11,81
1742099045.2151332,18,20,-94
1742099045.250133,36,2,-166
1742099045.2851331,-23,-47,-84
1742099045.3211331,30,46,35
1742099045.3571332,34,18,41
1742099045.392133,88,18,37
1742099045.428133,2,-27,-12
1742099045.463133,24,16,-86
1742099045.4981332,38,-5,-28
1742099045.533133,-9,-27,77
1742099045.569133,88,-15,-84
1742099045.605133,-65,8,-150
1742099045.6401331,-21,-33,31
1742099045.6761332,24,-91,-30
1742099045.711133,24,-99,-12
1742099045.746133,28,-21,-20
1742099045.782133,18,26,-136
1742099045.8171332,4,24,-52
1742099045.8531332,0,34,69
1742099045.895133,14,12,-50
1742099045.9321332,52,48,-72
1742099045.967133,-13,44,-18
1742099046.0021331,-37,2,-156
1742099046.0381331,-91,80,-134
1742099046.073133,-37,44,-60
1742099046.109133,58,8,-126
1742099046.144133,-89,20,63
1742099046.180133,-3,-41,-80
1742099046.2151332,4,-73,-8
1742099046.250133,-25,-47,-60
1742099046.286133,-59,-25,-8
1742099046.3211331,-25,16,-82
1742099046.3571332,-7,12,1
1742099046.392133,-29,44,-82
1742099046.428133,40,-5,-82
1742099046.463133,-11,4,-74
1742099046.4981332,-1,-39,-32
1742099046.5341332,-35,-13,15
1742099046.569133,10,-37,93
1742099046.605133,0,-39,-53
1742099046.6401331,72,8,-101
1742099046.6761332,-3,0,-11
1742099046.711133,66,-31,-75
1742099046.746133,-59,28,-83
1742099046.782133,12,98,-87
1742099046.8171332,-11,64,-65
1742099046.8531332,-23,-49,-15
1742099046.888133,0,60,-69
1742099046.924133,-15,-73,-73
1742099046.9591331,52,-32,39
1742099046.994133,-63,-36,65
1742099047.030133,64,-72,-67
1742099047.065133,-1,9,-75
1742099047.101133,-25,53,-19
1742099047.1361332,-47,49,9
1742099047.172133,6,-16,57
1742099047.207133,32,-40,113
1742099047.2421331,4,-28,9
1742099047.2781332,32,-30,-93
1742099047.313133,-71,-40,-79
1742099047.349133,-45,73,53
1742099047.384133,-9,5,9
1742099047.420133,-19,55,-133
1742099047.4551332,-19,-4,63
1742099047.490133,-29,57,-95
1742099047.526133,20,8,-93
1742099047.5611331,-23,75,-39
1742099047.5971332,-31,17,-107
1742099047.632133,-53,31,-137
1742099047.668133,28,99,41
1742099047.703133,-13,33,-37
1742099047.7381332,6,59,-35
1742099047.774133,-23,-30,157
1742099047.809133,62,-22,-37
1742099047.845133,-51,1,-119
1742099047.8801332,-43,91,-81
1742099047.9161332,-15,-13,-29
1742099047.9521332,-45,-52,-1
1742099047.9881332,-81,-30,11
1742099048.024133,20,47,-53
1742099048.059133,8,13,-7
1742099048.0941331,26,77,-51
1742099048.1301332,6,-27,-159
1742099048.1661332,-41,11,-97
1742099048.201133,48,-97,-81
1742099048.237133,-5,19,-25
1742099048.272133,46,45,-67
1742099048.3071332,-69,15,-141
1742099048.342133,-17,-52,-79
1742099048.378133,-43,-8,-71
1742099048.414133,2,25,-29
1742099048.4491332,-1,10,34
1742099048.4851332,52,-40,-45
1742099048.520133,-17,-59,20
1742099048.555133,-21,-9,-113
1742099048.5901332,32,27,-1
1742099048.626133,88,115,50
1742099048.662133,-45,37,-3
1742099048.697133,80,31,32
1742099048.733133,-79,77,-107
1742099048.7681332,-47,-4,-41
1742099048.803133,-27,-2,-7
1742099048.838133,66,-22,15
1742099048.874133,20,35,-99
1742099048.9101331,18,-59,-69
1742099048.945133,-15,38,-7
1742099048.981133,-27,-1,-89
1742099049.016133,-8,-19,-63
1742099049.0511332,-18,22,36
1742099049.086133,35,-43,16
1742099049.122133,-26,0,-73
1742099049.158133,-41,8,-77
1742099049.193133,-111,-41,16
1742099049.2291331,-83,-45,-161
1742099049.264133,48,-57,-1
1742099049.299133,18,-47,-27
1742099049.3341331,0,52,-31
1742099049.3701332,32,12,-25
1742099049.4061332,30,-27,-129
1742099049.441133,-23,-1,66
1742099049.477133,-69,32,2
1742099049.5121331,-87,-49,-59
1742099049.547133,-5,-27,-71
1742099049.582133,-51,36,-109
1742099049.618133,86,-9,-53
1742099049.654133,116,-7,36
1742099049.6891332,76,-49,40
1742099049.7251332,-9,-57,-71
1742099049.760133,-69,58,82
1742099049.795133,-5,-47,-3
1742099049.8301332,-7,-37,-157
1742099049.866133,-79,0,-21
1742099049.902133,56,30,-27
1742099049.937133,-51,-85,-43
1742099049.973133,-11,38,-113
1742099050.0081332,-85,-73,-143
1742099050.043133,58,-53,-99
1742099050.078133,42,4,-93
1742099050.1141331,4,22,-69
1742099050.1501331,62,10,-37
1742099050.185133,20,-57,-99
1742099050.221133,-75,-21,8
1742099050.256133,142,-27,14
1742099050.2911332,24,-93,-65
1742099050.326133,118,-71,-95
1742099050.362133,-27,-43,4
1742099050.398133,-37,48,22
1742099050.4331331,-51,-5,-177
1742099050.4691331,-19,-29,-17
1742099050.504133,80,-111,-1
1742099050.539133,34,-3,-67
1742099050.5741332,-17,20,-63
1742099050.6101332,-25,-75,-17
1742099050.6461332,28,52,-51
1742099050.681133,6,22,30
1742099050.717133,-17,4,-131
1742099050.7521331,-71,10,-37
1742099050.787133,26,90,-105
1742099050.822133,-45,20,-3
1742099050.858133,86,4,68
1742099050.894133,2,-57,32
1742099050.9291332,40,56,-97
1742099050.9651332,0,-57,-69
1742099051.000133,28,-25,4
1742099051.0351331,54,-69,-109
1742099051.070133,-59,-1,-25
1742099051.106133,-117,-15,-205
1742099051.142133,-15,-17,48
1742099051.177133,-61,14,-129
1742099051.213133,48,-7,86
1742099051.2481332,24,-99,-151
1742099051.283133,18,20,-45
1742099051.318133,-5,60,-93
1742099051.3541331,-81,-127,-59
1742099051.3901331,88,10,-15
1742099051.425133,-79,32,-53
1742099051.461133,-93,18,-85
1742099051.496133,80,26,38
1742099051.5311332,-87,-25,-103
1742099051.566133,-39,-63,24
1742099051.602133,56,-51,-1
1742099051.638133,-37,-41,58
1742099051.6731331,20,-29,-5
1742099051.7091331,-37,22,-83
1742099051.744133,6,-65,18
1742099051.779133,36,-17,30
1742099051.8141332,-5,26,-67
1742099051.8501332,32,52,-85
1742099051.8861332,20,58,-75
1742099051.921133,52,12,-11
1742099051.957133,-35,76,-49
1742099051.9921331,38,-31,78
1742099052.027133,8,70,-49
1742099052.062133,-33,-11,68
1742099052.098133,46,-19,-71
1742099052.134133,12,-7,20
1742099052.1691332,-47,6,-33
1742099052.2051332,20,50,22
1742099052.240133,26,-9,-19
1742099052.2751331,34,34,20
1742099052.3111331,82,-21,82
1742099052.346133,-23,-21,-39
1742099052.382133,40,2,-11
1742099052.417133,-87,-27,-51
1742099052.453133,110,-3,-109
1742099052.4881332,60,-123,-121
1742099052.523133,-31,28,-5
1742099052.559133,-87,-47,-39
1742099052.5941331,-3,2,-71
1742099052.6301332,26,-21,-161
1742099052.665133,14,6,-97
1742099052.701133,-41,4,-1
1742099052.736133,18,-63,6
1742099052.7711332,48,-21,-87
1742099052.8071332,110,-23,-1
1742099052.842133,66,36,-87
1742099052.878133,18,-5,20
1742099052.9131331,-43,54,-64
1742099052.9491332,-43,-61,-30
1742099052.984133,-69,-109,-90
1742099053.019133,12,56,-98
1742099053.055133,-37,-25,-49
1742099053.0901332,10,-31,39
1742099053.126133,-11,56,-93
1742099053.161133,32,14,4
1742099053.197133,-79,-41,-76
1742099053.2321332,56,34,17
1742099053.267133,32,-1,-58
1742099053.303133,-99,-1,0
1742099053.338133,-15,-35,-80
1742099053.374133,74,18,-16
1742099053.4091332,-9,18,-44
1742099053.445133,-9,-15,-2
1742099053.480133,-25,46,-36
1742099053.5151331,-51,82,-52
1742099053.5511332,50,6,12
1742099053.586133,-9,26,-20
1742099053.622133,16,-51,-92
1742099053.657133,20,-23,-13
1742099053.693133,16,-1,-51
1742099053.7281332,-7,6,-35
1742099053.763133,12,-35,10
1742099053.799133,-15,62,-23
1742099053.8341331,-15,38,-15
1742099053.8701332,20,22,-193
1742099053.905133,14,-47,-35
1742099053.941133,-87,14,-31
1742099053.976133,34,-17,-21
1742099054.0111332,46,38,-3
1742099054.047133,-15,-127,24
1742099054.082133,-15,118,-53
1742099054.118133,68,6,-9
1742099054.1531332,36,34,-47
1742099054.1891332,-77,42,-39
1742099054.224133,8,-41,-126
1742099054.259133,-23,-21,133
1742099054.295133,-49,10,-28
1742099054.3301332,-7,-53,-167
1742099054.366133,66,-31,20
1742099054.401133,12,70,-39
1742099054.437133,88,-63,20
1742099054.4721332,-3,-63,10
1742099054.507133,-13,-33,-73
1742099054.543133,128,34,-91
1742099054.578133,-41,-33,40
1742099054.6141331,-3,4,-1
1742099054.649133,32,-19,-89
1742099054.684133,14,-27,-109
1742099054.7191331,-23,0,-77
1742099054.7551332,12,2,46
1742099054.7911332,-37,-31,-61
1742099054.826133,-7,-43,-65
1742099054.862133,-33,16,10
1742099054.897133,20,12,-53
1742099054.9321332,108,-29,-95
1742099054.967133,26,0,-109
1742099055.003133,32,44,-83
1742099055.039133,90,36,-35
1742099055.0741332,8,-23,76
1742099055.1101332,-1,80,-25
1742099055.145133,68,-97,-158
1742099055.180133,-45,-45,171
1742099055.2151332,-57,46,6
1742099055.251133,56,62,-90
1742099055.287133,-63,4,-20
1742099055.322133,-59,-27,-52
1742099055.358133,12,52,-82
1742099055.3931332,-21,-5,63
1742099055.428133,122,-45,43
1742099055.463133,6,16,-36
1742099055.499133,-1,-3,-38
1742099055.5351331,14,14,0
1742099055.570133,-75,-7,15
1742099055.606133,-15,-83,-22
1742099055.641133,22,60,0
1742099055.6761332,62,2,-118
1742099055.711133,64,6,-24
1742099055.747133,8,16,-14
1742099055.783133,6,-41,-114
1742099055.818133,98,-47,67
1742099055.8541331,2,16,-70
1742099055.8961332,6,-31,43
1742099055.9321332,0,-59,37
1742099055.967133,-49,12,-60
1742099056.003133,26,23,33
1742099056.039133,-5,18,-10
1742099056.0741332,20,11,-4
1742099056.1101332,30,-36,-16
1742099056.145133,-13,-2,21
1742099056.180133,80,31,-128
1742099056.2151332,-61,43,-44
1742099056.251133,66,43,0
1742099056.287133,-15,-48,-96
1742099056.322133,-25,23,1
1742099056.358133,38,5,-122
1742099056.3931332,42,35,-124
1742099056.428133,22,123,-72
1742099056.463133,54,55,-32
1742099056.499133,-7,5,-38
1742099056.5351331,-13,-70,-6
1742099056.570133,34,-80,-26
1742099056.606133,-39,13,37
1742099056.641133,30,-46,-88
1742099056.6761332,-21,55,-60
1742099056.711133,0,-10,67
1742099056.747133,44,21,-88
1742099056.783133,48,17,-68
1742099056.818133,58,-48,-30
1742099056.8541331,40,-12,-72
1742099056.889133,14,-58,-134
1742099056.924133,66,-22,-84
1742099056.9591331,-14,2,-106
1742099056.9951332,-13,8,-48
1742099057.0311332,44,28,-82
1742099057.066133,-39,8,5
1742099057.102133,12,-1,-50
1742099057.1371331,34,36,-36
1742099057.172133,8,-41,-148
1742099057.207133,-63,-25,-6
1742099057.243133,26,20,-8
1742099057.279133,6,34,-110
1742099057.3141332,-31,-79,-76
1742099057.3501332,20,-27,-190
1742099057.385133,-35,48,-100
1742099057.420133,50,18,-112
1742099057.4551332,4,6,-84
1742099057.491133,-23,-3,71
1742099057.527133,34,62,55
1742099057.562133,26,-81,59
1742099057.598133,10,24,-6
1742099057.6331332,60,-67,-136
1742099057.668133,-23,4,-100
1742099057.703133,-19,-7,-38
1742099057.7391331,-27,-17,-64
1742099057.7751331,-3,4,-96
1742099057.810133,-59,-39,-64
1742099057.846133,34,16,-142
1742099057.881133,24,24,-78
1742099057.9161332,62,10,-44
1742099057.951133,8,-61,-34
1742099057.987133,22,80,-42
1742099058.023133,4,22,13
1742099058.0581331,34,36,9
1742099058.0941331,34,34,47
1742099058.129133,-71,-5,-30
1742099058.164133,40,40,-162
1742099058.1991332,-57,30,-142
1742099058.2351332,-30,-27,11
1742099058.2711332,-17,-39,-114
1742099058.306133,-29,-13,39
1742099058.342133,20,-37,-26
1742099058.3771331,36,14,53
1742099058.412133,14,4,3
1742099058.447133,40,14,-110
1742099058.483133,-5,16,-44
1742099058.519133,-3,6,-130
1742099058.5541332,2,-13,-54
1742099058.5901332,34,42,-136
1742099058.625133,-31,-49,105
1742099058.6601331,62,20,51
1742099058.695133,36,26,-6
1742099058.731133,-1,-91,13
1742099058.767133,-29,-45,-14
1742099058.802133,96,-13,-2
1742099058.838133,-7,-35,-22
1742099058.8731332,18,-25,-24
1742099058.908133,-39,-3,19
1742099058.944133,-29,-11,-14
1742099058.9791331,80,-47,-2
1742099059.0151331,-3,-27,1
1742099059.050133,0,-3,-34
1742099059.086133,76,-107,21
1742099059.121133,22,82,-74
1742099059.1561332,-15,8,45
1742099059.1921332,-9,-17,22
1742099059.227133,68,10,-99
1742099059.263133,38,18,20
1742099059.2981331,-15,-11,-17
1742099059.3341331,-61,54,-61
1742099059.369133,14,4,36
1742099059.404133,-65,-1,-21
1742099059.440133,44,0,80
1742099059.4751332,-7,14,-33
1742099059.5111332,-19,-85,-81
1742099059.546133,20,48,-21
1742099059.582133,-69,-5,22
1742099059.6171331,-71,-41,-39
1742099059.652133,10,64,8
1742099059.688133,66,26,10
1742099059.723133,52,-3,-1
1742099059.759133,-43,10,-41
1742099059.7941332,56,14,-35
1742099059.8301332,4,40,-105
1742099059.865133,-35,-3,-71
1742099059.9001331,-15,-25,-91
1742099059.9361331,-53,30,-79
1742099059.971133,-37,-11,-9
1742099060.007133,-31,-83,-59
1742099060.042133,50,28,-13
1742099060.078133,6,-27,-19
1742099060.1131332,26,-75,-123
1742099060.148133,28,6,-103
1742099060.184133,-55,34,-61
1742099060.2191331,-45,2,-95
1742099060.2551332,12,-57,-133
1742099060.290133,24,-31,-127
1742099060.326133,24,-49,-125
1742099060.361133,10,-49,-221
1742099060.3961332,12,60,-5
1742099060.4321332,100,-47,-63
1742099060.467133,-19,-59,50
1742099060.503133,18,6,-31
1742099060.5381331,48,-21,-87
1742099060.5741332,8,34,44
1742099060.609133,18,14,-89
1742099060.644133,54,-5,24
1742099060.680133,38,-79,-115
1742099060.7151332,-11,-55,-91
1742099060.751133,-21,-15,-27
1742099060.786133,16,-3,60
1742099060.822133,24,-1,-47
1742099060.8571332,52,-15,14
1742099060.892133,22,50,-33
1742099060.928133,-1,-17,-37
1742099060.963133,24,22,-61
1742099060.999133,18,32,-29
1742099061.0341332,-51,-3,4
1742099061.070133,12,-13,-91
1742099061.105133,22,-17,-111
1742099061.1401331,86,-65,60
1742099061.1761332,10,-47,-57
1742099061.211133,-3,8,10
1742099061.247133,36,-79,-167
1742099061.282133,16,58,-129
1742099061.318133,-21,18,-131
1742099061.3541331,14,44,60
1742099061.389133,62,-19,-117
1742099061.424133,-41,-21,18
1742099061.460133,66,12,-37
1742099061.496133,2,72,-23
1742099061.5311332,-1,30,-59
1742099061.5671332,22,94,-129
1742099061.602133,128,54,28
1742099061.6371331,64,32,-33
1742099061.672133,-7,-45,-29
1742099061.708133,-13,28,-1
1742099061.744133,-19,-5,-53
1742099061.779133,32,-57,-125
1742099061.815133,-127,86,-91
1742099061.8501332,18,-55,-19
1742099061.885133,28,64,18
1742099061.920133,-17,-115,-89
1742099061.9561331,-13,-55,-91
1742099061.9921331,96,-23,-53
1742099062.027133,58,4,-7
1742099062.063133,-3,26,-91
1742099062.098133,34,-5,-217
1742099062.1331332,-35,-45,92
1742099062.168133,34,40,-61
1742099062.204133,8,10,-37
1742099062.240133,6,80,-123
1742099062.2751331,36,54,22
1742099062.3111331,-47,-57,-45
1742099062.346133,84,8,-81
1742099062.381133,90,38,-19
1742099062.4161332,106,20,-93
1742099062.4521332,88,14,-65
1742099062.4881332,-3,56,6
1742099062.523133,-53,28,-85
1742099062.559133,-35,30,69
1742099062.5941331,-5,-63,-82
1742099062.629133,32,-13,25
1742099062.664133,-75,-29,-82
1742099062.700133,-51,76,-92
1742099062.736133,-3,34,5
1742099062.7711332,-45,-33,-120
1742099062.8071332,14,-43,-72
1742099062.842133,-53,4,-108
1742099062.8771331,-7,12,41
1742099062.912133,96,-83,63
1742099062.948133,28,6,81
1742099062.984133,-1,-33,-102
1742099063.019133,-21,-107,-56
1742099063.055133,-55,-41,-30
1742099063.0901332,-11,34,-30
1742099063.125133,-77,10,-64
1742099063.1601331,16,-9,31
1742099063.1961331,-11,-49,61
1742099063.2321332,-59,76,53
1742099063.267133,16,36,-100
1742099063.303133,12,-3,-64
1742099063.338133,-79,24,-92
1742099063.3731332,-25,-31,-72
1742099063.408133,-23,60,37
1742099063.444133,-25,4,-66
1742099063.480133,-63,-11,-72
1742099063.5151331,-25,58,-102
1742099063.5511332,62,-5,-198
1742099063.586133,-47,50,-114
1742099063.621133,20,-38,61
1742099063.6561332,-17,38,-28
1742099063.6921332,80,11,-128
1742099063.7281332,-21,36,63
1742099063.763133,-1,-31,-28
1742099063.799133,30,-27,-156
1742099063.8341331,74,-77,69
1742099063.869133,-31,-35,155
1742099063.904133,60,-19,-136
1742099063.940133,-19,15,17
1742099063.976133,96,-44,-66
1742099064.0111332,-3,-24,-178
1742099064.047133,66,25,-66
1742099064.082133,4,9,-20
1742099064.1171331,-67,-8,-90
1742099064.152133,-21,99,-148
1742099064.188133,-3,69,11
1742099064.224133,34,-83,15
1742099064.259133,-7,22,-48
1742099064.295133,-17,13,-14
1742099064.3301332,62,47,-40
1742099064.365133,20,29,-34
1742099064.4001331,-21,-48,-42
1742099064.4361331,12,109,61
1742099064.4721332,-23,7,-40
1742099064.507133,38,5,41
1742099064.543133,26,5,37
1742099064.578133,96,7,-74
1742099064.6131332,-49,-8,-80
1742099064.648133,46,13,-42
1742099064.684133,-21,50,65
1742099064.720133,24,-21,-28
1742099064.7551332,-25,16,5
1742099064.7911332,14,42,-8
1742099064.826133,14,-63,-2
1742099064.861133,-35,-31,-32
1742099064.8961332,-31,12,-26
1742099064.9321332,-33,24,23
1742099064.968133,-27,-15,3
1742099065.003133,10,26,-146
1742099065.039133,104,-5,-30
1742099065.0741332,94,18,-54
1742099065.109133,20,-23,25
1742099065.144133,-61,24,-70
1742099065.180133,-11,58,-78
1742099065.216133,-17,26,-34
1742099065.251133,74,-1,-36
1742099065.287133,-57,-53,-84
1742099065.322133,-19,8,29
1742099065.3571332,-79,2,-104
1742099065.392133,34,40,-82
1742099065.428133,-63,2,-38
1742099065.464133,88,-55,27
1742099065.499133,-5,16,-28
1742099065.5351331,-67,50,-132
1742099065.570133,-79,-105,-40
1742099065.605133,-1,38,9
1742099065.641133,-67,-1,37
1742099065.6761332,4,28,-78
1742099065.7121332,-77,-11,-32
1742099065.747133,-21,0,-6
1742099065.783133,-23,-17,-74
1742099065.818133,-31,-27,-8
1742099065.8531332,34,-3,-48
1742099065.889133,12,26,-106
1742099065.931133,52,26,-96
1742099065.968133,-19,-7,19
1742099066.003133,-55,-15,21
1742099066.039133,-11,14,-170
1742099066.0741332,72,70,7
1742099066.109133,32,28,-172
1742099066.145133,42,50,53
1742099066.180133,-87,38,53
1742099066.216133,-15,-49,-106
1742099066.251133,10,-37,-26
1742099066.287133,-13,50,-38
1742099066.322133,14,0,-144
1742099066.3571332,20,20,-64
1742099066.3931332,-1,34,-36
1742099066.428133,36,-89,-86
1742099066.464133,-49,64,-60
1742099066.499133,-15,46,-100
1742099066.5351331,50,-45,-54
1742099066.570133,34,-62,-110
1742099066.605133,-61,-18,-73
1742099066.641133,-43,-21,-85
1742099066.6761332,32,17,-57
1742099066.7121332,-17,-23,-51
1742099066.747133,54,-63,-15
1742099066.783133,78,-45,-9
1742099066.818133,-19,52,-85
1742099066.8531332,-93,-71,-35
1742099066.889133,-17,70,-3
1742099066.924133,-59,-37,-135
1742099066.960133,100,50,-27
1742099066.9951332,26,-17,-87
1742099067.0311332,-35,-25,-79
1742099067.066133,20,50,-23
1742099067.101133,-83,24,96
1742099067.1371331,16,-37,-183
1742099067.172133,-9,-19,-17
1742099067.208133,-13,-39,-111
1742099067.243133,16,-27,50
1742099067.279133,82,6,-25
1742099067.3141332,-67,22,-75
1742099067.349133,6,-13,-33
1742099067.385133,-7,-15,-1
1742099067.420133,-41,2,-83
1742099067.4561331,68,88,-123
1742099067.491133,78,2,-55
1742099067.527133,82,-25,-89
1742099067.562133,40,30,38
1742099067.5971332,6,-21,-81
1742099067.6331332,62,64,-39
1742099067.668133,-21,-71,-51
1742099067.704133,-33,22,18
1742099067.7391331,30,8,-147
1742099067.7751331,38,-23,-93
1742099067.8111331,80,16,-33
1742099067.8471332,40,-27,-101
1742099067.8831332,58,-7,54
1742099067.918133,-17,-33,-35
1742099067.953133,-43,-69,20
1742099067.9891331,-117,12,-51
1742099068.0251331,4,20,-97
1742099068.060133,-41,-19,-175
1742099068.096133,-45,4,34
1742099068.131133,46,-17,-97
1742099068.1661332,18,-3,0
1742099068.201133,34,24,-155
1742099068.237133,76,76,-149
1742099068.273133,-1,42,-45
1742099068.3081331,6,38,-159
1742099068.3441331,40,-41,-19
1742099068.379133,-35,-53,62
1742099068.414133,-3,58,-101
1742099068.4491332,60,28,-127
1742099068.4851332,-69,80,-27
1742099068.5211332,20,26,-63
1742099068.556133,46,4,6
1742099068.592133,-11,28,132
1742099068.6271331,44,54,4
1742099068.662133,-63,-13,-97
1742099068.697133,4,10,-67
1742099068.733133,34,26,-83
1742099068.769133,-7,38,-25
1742099068.8041332,10,-3,-31
1742099068.8401332,-85,-27,-87
1742099068.875133,18,20,-79
1742099068.9101331,-71,-19,-199
1742099068.945133,16,-63,-33
1742099068.981133,40,56,32
1742099069.017133,-67,6,-11
1742099069.052133,-9,46,-45
1742099069.088133,30,-1,-103
1742099069.1231332,-37,4,-5
1742099069.158133,36,-20,-73
1742099069.193133,20,78,72
1742099069.2291331,6,-3,-77
1742099069.2651331,-15,-45,-127
1742099069.300133,-19,0,-117
1742099069.336133,-47,-6,16
1742099069.371133,-23,45,-171
1742099069.4061332,-1,20,-113
1742099069.441133,-33,12,-1
1742099069.477133,-27,-25,-137
1742099069.513133,66,58,0
1742099069.5481331,-72,-47,-47
1742099069.5841331,45,-21,-125
1742099069.619133,19,-55,-57
1742099069.654133,-36,-17,-119
1742099069.6891332,-26,-39,-83
1742099069.7251332,7,14,-33
1742099069.7611332,97,-21,30
1742099069.796133,-44,-27,-151
1742099069.832133,23,-37,-27
1742099069.8671331,-16,-17,-137
1742099069.902133,16,12,-167
1742099069.937133,26,-45,-5
1742099069.973133,0,18,-77
1742099070.009133,44,-57,-77
1742099070.0441332,27,36,-1
1742099070.0801332,71,22,18
1742099070.115133,-34,-9,-37
1742099070.1501331,-22,-7,-23
1742099070.185133,15,-43,-39
1742099070.221133,38,58,50
1742099070.257133,17,-3,2
1742099070.292133,-8,-29,18
1742099070.328133,-96,34,-43
1742099070.3631332,49,-81,-185
1742099070.398133,-15,-13,-171
1742099070.4331331,-77,4,-93
1742099070.4691331,70,28,-41
1742099070.5051332,40,-13,-151
1742099070.540133,18,-3,22
1742099070.576133,-1,-39,-75
1742099070.611133,-7,38,-85
1742099070.6461332,26,-15,-13
1742099070.681133,-13,14,-70
1742099070.717133,72,-35,-8
1742099070.753133,6,38,-12
1742099070.7881331,-31,62,-64
1742099070.8241332,26,104,-64
1742099070.859133,68,-85,-88
1742099070.894133,-1,-71,17
1742099070.9291332,16,-13,-126
1742099070.9651332,16,36,-172
1742099071.001133,-13,0,-78
1742099071.036133,72,56,-88
1742099071.072133,-89,-33,-18
1742099071.1071332,-9,36,-14
1742099071.142133,46,13,-118
1742099071.177133,90,7,-54
1742099071.213133,62,31,-188
1742099071.249133,40,-24,-24
1742099071.2841332,38,-109,-74
1742099071.320133,-29,-57,-14
1742099071.355133,-21,-53,-186
1742099071.3901331,-13,-11,-106
1742099071.425133,6,92,-14
1742099071.461133,-5,-34,-74
1742099071.497133,46,-144,51
1742099071.532133,-39,22,-14
1742099071.568133,30,-13,-52
1742099071.6031332,22,-19,-110
1742099071.638133,4,42,-42
1742099071.6731331,-29,-71,-82
1742099071.7091331,6,6,55
1742099071.7451332,0,32,49
1742099071.780133,6,-23,5
1742099071.816133,-17,96,9
1742099071.851133,-119,38,-56
1742099071.8861332,-9,-19,-94
1742099071.921133,-37,-25,-78
1742099071.957133,-13,12,-28
1742099071.993133,64,14,17
1742099072.0281332,36,-4,-60
1742099072.0641332,22,-3,21
1742099072.099133,-1,-73,-22
1742099072.134133,44,0,-64
1742099072.170133,68,-26,49
1742099072.2051332,-51,13,-70
1742099072.241133,24,39,-56
1742099072.276133,10,9,-152
1742099072.312133,-47,-68,-28
1742099072.3471332,-19,-44,-44
1742099072.382133,-9,19,-140
1742099072.418133,-11,13,-206
1742099072.453133,20,4,-102
1742099072.4891331,24,14,-132
1742099072.524133,-9,10,-58
1742099072.560133,-63,50,-2
1742099072.595133,22,3,-42
1742099072.6301332,22,45,19
1742099072.6661332,-63,-36,-152
1742099072.701133,76,-30,-2
1742099072.737133,-7,0,0
1742099072.772133,-43,27,3
1742099072.8081331,50,-15,39
1742099072.843133,-71,16,-146
1742099072.878133,110,-39,-94
1742099072.914133,14,3,-94
1742099072.9491332,8,-42,-70
1742099072.9851332,-89,-47,37
1742099073.020133,-9,0,31
1742099073.056133,-87,92,-108
1742099073.091133,-53,8,-50
1742099073.126133,22,-39,21
1742099073.162133,-31,42,-20
1742099073.197133,24,10,-46
1742099073.233133,2,44,-54
1742099073.2681332,-37,-19,-76
1742099073.3041332,-43,12,-62
1742099073.339133,4,-19,-70
1742099073.374133,-37,-75,11
1742099073.4101331,12,10,-82
1742099073.445133,-57,-25,-134
1742099073.481133,-49,-59,-114
1742099073.516133,46,-19,37
1742099073.552133,12,-41,7
1742099073.5871332,124,-25,-14
1742099073.622133,24,8,-22
1742099073.658133,-9,22,-36
1742099073.693133,6,46,-54
1742099073.7291331,-75,38,-76
1742099073.764133,-125,-45,27
1742099073.800133,-19,8,-2
1742099073.835133,58,54,95
1742099073.8701332,-47,0,-60
1742099073.9061332,14,-3,-24
1742099073.941133,84,6,-46
1742099073.977133,-65,-37,-2
1742099074.0121331,36,-65,-114
1742099074.0481331,-37,42,-28
1742099074.083133,-77,54,31
1742099074.118133,-17,-3,-39
1742099074.154133,-49,-19,-97
1742099074.190133,30,-79,-49
1742099074.226133,22,-19,-131
1742099074.2611332,-9,-77,34
1742099074.297133,-19,-15,-33
1742099074.332133,12,-69,-91
1742099074.368133,-85,26,84
1742099074.404133,4,-5,-129
1742099074.440133,-9,-51,-101
1742099074.476133,0,20,-71
1742099074.5121331,16,14,-75
1742099074.5481331,-45,-65,30
1742099074.583133,56,74,-37
1742099074.618133,-51,30,-189
1742099074.654133,46,22,44
1742099074.690133,2,-53,-83
1742099074.7251332,-21,-5,-71
1742099074.7611332,2,80,32
1742099074.796133,-19,-5,-141
1742099074.8311331,54,42,-37
1742099074.866133,0,-71,-33
1742099074.902133,36,30,-47
1742099074.938133,-25,24,-169
1742099074.973133,-21,-39,-59
1742099075.009133,4,26,-101
1742099075.0441332,10,-19,-19
1742099075.079133,-49,30,-11
1742099075.1141331,66,-5,-98
1742099075.1501331,48,-13,-45
1742099075.1861331,38,28,24
1742099075.221133,-109,58,-137
1742099075.257133,44,12,117
1742099075.292133,-5,-11,-104
1742099075.3271332,-15,-17,-6
1742099075.362133,58,16,9
1742099075.398133,62,24,-8
1742099075.434133,-13,-31,-134
1742099075.4691331,26,-53,-14
1742099075.5051332,82,24,-154
1742099075.540133,2,10,-12
1742099075.575133,36,0,-34
1742099075.6101332,70,-7,-52
1742099075.6461332,32,4,-54
1742099075.6821332,-3,60,-34
1742099075.717133,10,-23,-82
1742099075.753133,36,-3,-40
1742099075.7881331,-1,-11,-116
1742099075.823133,-29,0,63
1742099075.858133,-51,-33,11
1742099075.894133,42,-25,-130
1742099075.937133,34,0,-152
1742099075.973133,54,-21,-70
1742099076.009133,-17,8,9
1742099076.0441332,68,-27,-28
1742099076.079133,28,8,67
1742099076.1141331,-13,58,5
1742099076.1501331,-51,80,-68
1742099076.1861331,-69,32,1
1742099076.221133,74,-29,55
1742099076.257133,34,-49,-102
1742099076.292133,-11,4,-9
1742099076.3271332,34,34,-139
1742099076.362133,-49,8,-73
1742099076.398133,20,-61,-53
1742099076.434133,-41,-7,-179
1742099076.4691331,110,-25,-153
1742099076.5051332,14,-35,-29
1742099076.540133,72,-39,-43
1742099076.575133,44,60,-85
1742099076.6101332,10,-53,-39
1742099076.6461332,52,52,-31
1742099076.6821332,-9,-31,-29
1742099076.717133,-21,-21,-161
1742099076.753133,30,-71,-29
1742099076.7881331,-49,-19,-49
1742099076.823133,-27,-25,-107
1742099076.858133,-9,-29,22
1742099076.894133,-59,6,18
1742099076.930133,-73,54,-49
1742099076.9651332,14,6,-31
1742099077.001133,18,52,-25
1742099077.036133,-20,-99,10
1742099077.0711331,-1,14,32
1742099077.106133,8,26,4
1742099077.142133,18,-55,-35
1742099077.178133,42,-27,-51
1742099077.213133,24,6,-11
1742099077.249133,14,16,2
1742099077.2841332,-59,12,-53
1742099077.319133,-81,-47,-5
1742099077.3541331,-11,-3,-73
1742099077.3901331,-15,26,46
1742099077.4261332,0,20,-5
1742099077.461133,-17,-31,-5
1742099077.497133,18,42,-83
1742099077.532133,-29,24,-103
1742099077.5671332,-75,44,-49
1742099077.602133,-87,-91,-41
1742099077.638133,-13,64,-23
1742099077.674133,-23,-21,-201
1742099077.7091331,-9,14,74
1742099077.7451332,16,4,-137
1742099077.780133,56,-21,-21
1742099077.815133,38,-45,-99
1742099077.8501332,0,6,-97
1742099077.8861332,58,12,-63
1742099077.922133,16,26,-29
1742099077.957133,-45,-23,-95
1742099077.993133,-3,-59,-77
1742099078.0281332,70,12,-145
1742099078.063133,0,32,-55
1742099078.098133,30,138,102
1742099078.134133,8,-5,-53
1742099078.170133,-23,-5,-49
1742099078.2051332,44,-9,18
1742099078.241133,-4,0,-103
1742099078.276133,38,-69,-47
1742099078.3111331,-11,-31,16
1742099078.346133,-45,-43,-135
1742099078.382133,35,42,42
1742099078.418133,-41,-19,-81
1742099078.453133,19,76,-83
1742099078.4891331,5,94,18
1742099078.524133,35,-47,-65
1742099078.559133,39,120,-37
1742099078.5941331,-48,38,-19
1742099078.6301332,-16,-103,-105
1742099078.6661332,7,-23,-19
1742099078.701133,57,-51,-81
1742099078.737133,0,58,6
1742099078.772133,83,-35,-83
1742099078.8071332,35,-7,54
1742099078.843133,43,0,-17
1742099078.878133,118,-13,-55
1742099078.914133,10,62,-49
1742099078.9491332,-37,-43,-3
1742099078.9851332,13,46,-85
1742099079.020133,91,-27,-117
1742099079.055133,-30,-29,-19
1742099079.091133,31,0,-37
1742099079.126133,-40,-27,-11
1742099079.162133,69,42,-27
1742099079.197133,-14,-31,-7
1742099079.233133,-52,-59,-53
1742099079.2681332,-36,-53,-267
1742099079.303133,-26,-25,-107
1742099079.339133,-44,-3,-113
1742099079.374133,11,-1,-27
1742099079.4101331,-22,-105,38
1742099079.445133,-24,16,-109
1742099079.481133,-24,-45,-37
1742099079.516133,73,34,-97
1742099079.5511332,-54,-25,-145
1742099079.5871332,-62,-28,-125
1742099079.622133,-20,-31,-67
1742099079.658133,-67,4,-117
1742099079.693133,53,28,32
1742099079.7291331,-30,-5,44
1742099079.764133,33,0,-21
1742099079.799133,-25,-3,-25
1742099079.835133,54,-9,-39
1742099079.8701332,-43,-33,-59
1742099079.9061332,-33,-67,-163
1742099079.941133,-29,54,-61
1742099079.977133,16,22,-77
1742099080.0121331,22,-60,24
1742099080.047133,66,-20,34
1742099080.083133,70,-26,-67
1742099080.118133,52,-4,-55
1742099080.154133,-65,31,-63
1742099080.1891332,0,-30,-125
1742099080.2251332,-63,35,-105
1742099080.260133,-11,-40,18
1742099080.295133,-25,-26,32
1742099080.3311331,-31,0,32
1742099080.366133,-65,69,28
1742099080.402133,108,53,40
1742099080.437133,-53,6,-75
1742099080.473133,-27,36,54
1742099080.5081332,-53,58,-267
1742099080.543133,10,22,18
1742099080.579133,-49,-35,-107
1742099080.6141331,-71,34,-69
1742099080.6501331,-43,2,24
1742099080.685133,-25,6,-55
1742099080.721133,-15,-5,-89
1742099080.756133,0,-5,-43
1742099080.7911332,58,62,18
1742099080.8271332,-87,46,54
1742099080.862133,-1,-29,-89
1742099080.898133,-21,24,-23
1742099080.9331331,6,-29,-43
1742099080.9691331,-51,28,101
1742099081.004133,38,-47,-90
1742099081.039133,-51,-51,-86
1742099081.075133,-35,6,-16
1742099081.1101332,-5,-17,-126
1742099081.1461332,68,48,43
1742099081.181133,80,-39,1
1742099081.216133,22,50,-56
1742099081.251133,50,70,-112
1742099081.287133,-5,8,-150
1742099081.323133,8,72,71
1742099081.358133,60,102,25
1742099081.394133,30,70,-58
1742099081.4291332,56,44,-100
1742099081.464133,12,98,-188
1742099081.499133,115,-33,-120
1742099081.5351331,26,38,-56
1742099081.5711331,57,26,-154
1742099081.606133,38,-35,-20
1742099081.642133,22,78,-34
1742099081.677133,-77,-9,33
1742099081.7121332,-23,-37,-134
1742099081.747133,-35,52,9
1742099081.783133,-27,36,-34
1742099081.819133,14,6,-90
1742099081.8541331,6,-25,-22
1742099081.8901331,-15,42,-74
1742099081.925133,-23,0,-70
1742099081.960133,22,-15,1
1742099081.9951332,-83,-31,-84
1742099082.0311332,-63,24,65
1742099082.0671332,42,0,-58
1742099082.102133,12,14,-72
1742099082.138133,10,24,15
1742099082.1731331,-59,-58,-98
1742099082.208133,22,-30,-102
1742099082.243133,-13,31,-10
1742099082.279133,-115,-54,-136
1742099082.315133,-15,-29,75
1742099082.3501332,-67,46,-92
1742099082.3861332,90,16,-146
1742099082.421133,-17,-83,-100
1742099082.4561331,-11,34,-190
1742099082.491133,-53,38,-82
1742099082.527133,38,-17,-90
1742099082.563133,78,0,35
1742099082.598133,42,-15,-120
1742099082.634133,6,50,-70
1742099082.6691332,18,28,13
1742099082.704133,40,-21,-58
1742099082.7391331,-101,-31,-96
1742099082.7751331,16,-45,-144
1742099082.8111331,0,6,55
1742099082.846133,40,30,-48
1742099082.882133,28,54,0
1742099082.917133,-45,26,-76
1742099082.9521332,-35,-5,-24
1742099082.987133,70,30,-132
1742099083.023133,-57,-99,-52
1742099083.059133,48,68,-184
1742099083.0941331,32,24,39
1742099083.1301332,4,-5,-136
1742099083.165133,-19,64,39
1742099083.200133,-17,66,-34
1742099083.2351332,40,26,89
1742099083.2711332,-65,26,31
1742099083.3071332,28,-31,-10
1742099083.342133,-77,32,-56
1742099083.378133,-55,-77,5
1742099083.4131331,-35,90,-92
1742099083.448133,16,-85,-58
1742099083.483133,2,-7,-100
1742099083.519133,38,-31,-38
1742099083.555133,0,-49,-92
1742099083.5901332,-11,-21,1
1742099083.626133,52,-7,9
1742099083.661133,16,28,-116
1742099083.6961331,-59,-15,-102
1742099083.731133,94,6,-58
1742099083.767133,-11,44,-66
1742099083.803133,-23,6,31
1742099083.838133,-21,-57,-146
1742099083.874133,0,12,-44
1742099083.9091332,-13,-31,-140
1742099083.944133,-19,38,-14
1742099083.9791331,24,50,17
1742099084.0151331,-11,-9,19
1742099084.0511332,-15,-29,17
1742099084.086133,-51,0,-32
1742099084.122133,8,-79,-190
1742099084.157133,2,-39,-196
1742099084.1921332,-27,86,23
1742099084.227133,2,34,-22
1742099084.263133,-103,36,-38
1742099084.299133,84,12,-58
1742099084.3341331,14,80,-146
1742099084.3701332,-43,-85,47
1742099084.405133,-81,76,-72
1742099084.440133,-3,16,-108
1742099084.4751332,6,-19,-28
1742099084.5111332,-35,-77,-104
1742099084.547133,-21,-31,-44
1742099084.582133,44,-45,-90
1742099084.618133,48,16,-204
1742099084.6531332,40,-1,-92
1742099084.688133,-11,28,-20
1742099084.723133,4,-19,-142
1742099084.759133,-5,76,21
1742099084.795133,36,30,-86
1742099084.8301332,-51,-19,-18
1742099084.866133,34,-33,-20
1742099084.901133,60,-23,-70
1742099084.9361331,-27,-5,-88
1742099084.971133,-67,54,-66
1742099085.007133,-7,6,-52
1742099085.043133,40,-69,0
1742099085.078133,46,-49,-126
1742099085.1141331,-11,-37,5
1742099085.149133,20,16,-52
1742099085.184133,-45,-23,-38
1742099085.2191331,58,-15,103
1742099085.2551332,-75,-45,-98
1742099085.2911332,86,-5,-178
1742099085.326133,6,-51,-154
1742099085.362133,-29,60,-10
1742099085.397133,-3,24,-62
1742099085.4321332,26,0,27
1742099085.468133,-3,-51,-92
1742099085.503133,98,62,53
1742099085.539133,-25,-5,-146
1742099085.5741332,32,30,21
1742099085.6101332,-21,-47,-24
1742099085.645133,-35,-77,-102
1742099085.680133,-31,22,-110
1742099085.716133,46,-15,-46
1742099085.751133,42,-49,-10
1742099085.787133,14,22,-46
1742099085.822133,-5,12,-62
1742099085.858133,-7,-11,41
1742099085.8931332,-5,30,-52
1742099085.928133,-33,-33,5
1742099085.971133,-83,-79,-48
1742099086.007133,72,-51,99
1742099086.043133,34,48,-116
1742099086.078133,30,34,-82
1742099086.1141331,10,24,17
1742099086.149133,70,-41,-24
1742099086.184133,8,-7,-132
1742099086.220133,40,-47,-34
1742099086.2551332,32,8,-76
1742099086.2911332,-17,6,-10
1742099086.326133,-17,-41,-64
1742099086.362133,40,-9,-184
1742099086.397133,38,4,121
1742099086.4321332,-47,56,-34
1742099086.468133,12,98,-22
1742099086.503133,-65,-37,-66
1742099086.539133,-75,14,-132
1742099086.5741332,126,26,-86
1742099086.6101332,2,38,-112
1742099086.645133,8,10,-72
1742099086.680133,12,-53,-28
1742099086.716133,-93,-51,9
1742099086.751133,32,-27,-78
1742099086.787133,14,50,-10
1742099086.822133,-29,-41,-26
1742099086.858133,2,-37,-262
1742099086.8931332,8,18,-34
1742099086.928133,-45,-9,75
1742099086.964133,34,8,-88
1742099086.999133,20,-1,-2
1742099087.0351331,42,-37,-56
1742099087.070133,-55,-1,47
1742099087.106133,12,20,15
1742099087.141133,16,-7,-52
1742099087.1761332,-3,38,-50
1742099087.2121332,-35,-55,-118
1742099087.247133,48,32,-126
1742099087.283133,-31,-5,13
1742099087.318133,68,16,-66
1742099087.3541331,6,-47,-80
1742099087.389133,56,0,1
1742099087.424133,20,2,-52
1742099087.460133,-33,-7,-14
1742099087.4951332,-3,-69,-136
1742099087.5311332,-37,50,-78
1742099087.566133,-41,-27,-38
1742099087.602133,-21,-23,51
1742099087.638133,6,-69,67
1742099087.674133,42,-47,43
1742099087.710133,22,10,-124
1742099087.7451332,4,2,-106
1742099087.780133,70,-65,-16
1742099087.816133,-17,12,-46
1742099087.852133,58,30,-52
1742099087.8871331,24,-3,87
1742099087.9231331,26,42,51
1742099087.958133,-25,-7,-32
1742099087.993133,-5,-63,39
1742099088.0281332,96,2,-36
1742099088.0641332,4,-1,27
1742099088.1001332,42,46,-64
1742099088.135133,-1,-17,121
1742099088.171133,-47,-65,75
1742099088.2061331,-41,-5,-108
1742099088.241133,26,56,-38
1742099088.276133,-11,-23,-166
1742099088.312133,6,-67,99
1742099088.348133,80,38,-116
1742099088.3831332,26,2,-28
1742099088.4191332,4,2,-18
1742099088.454133,-21,44,-22
1742099088.4891331,-41,-53,93
1742099088.524133,-13,40,-46
1742099088.560133,-31,4,-6
1742099088.596133,16,48,5
1742099088.631133,-77,-23,-57
1742099088.667133,6,18,-27
1742099088.7021332,14,-15,-81
1742099088.737133,4,106,28
1742099088.772133,10,-69,-15
1742099088.8081331,-19,30,-85
1742099088.8441331,0,-19,-127
1742099088.879133,-37,-21,12
1742099088.915133,8,-47,-81
1742099088.950133,-41,-19,-17
1742099088.9851332,0,-35,46
1742099089.020133,-21,-43,-33
1742099089.056133,-21,18,-151
1742099089.092133,92,-5,60
1742099089.1271331,66,32,106
1742099089.1631331,78,-5,-189
1742099089.198133,-65,32,-115
1742099089.233133,14,-29,-67
1742099089.2681332,6,2,-157
1742099089.3041332,-11,-21,-103
1742099089.3401332,-15,-2,-33
1742099089.375133,-71,8,-59
1742099089.411133,32,37,-97
1742099089.4461331,4,18,70
1742099089.481133,-7,-29,30
1742099089.516133,-17,52,-159
1742099089.552133,54,-21,-61
1742099089.588133,4,82,22
1742099089.6231332,-61,40,-49
1742099089.6591332,46,-15,-97
1742099089.694133,-27,-13,-191
1742099089.7291331,-73,-39,-49
1742099089.764133,90,34,4
1742099089.800133,30,-29,6
1742099089.836133,34,-11,-13
1742099089.871133,28,26,-205
1742099089.907133,2,-13,-9
1742099089.9421332,-45,4,-31
1742099089.977133,-7,-1,-55
1742099090.0121331,-21,26,-93
1742099090.0481331,-9,20,-95
1742099090.0841331,58,-43,66
1742099090.119133,-59,-45,-65
1742099090.155133,-47,-13,-119
1742099090.190133,-7,-29,-1
1742099090.2251332,2,26,2
1742099090.260133,-55,12,10
1742099090.296133,-41,-87,72
1742099090.332133,48,42,-47
1742099090.3671331,-21,24,-25
1742099090.4031332,58,6,-33
1742099090.438133,-37,34,-101
1742099090.473133,-119,82,-55
1742099090.5081332,66,-25,-51
1742099090.5441332,2,6,-1
1742099090.5801332,-9,-37,30
1742099090.615133,-25,102,-97
1742099090.651133,-45,-21,4
1742099090.6861331,-37,-39,-171
1742099090.721133,-33,52,-17
1742099090.756133,60,10,48
1742099090.792133,-71,38,-89
1742099090.828133,8,-43,-119
1742099090.8631332,-53,-11,-65
1742099090.899133,-43,8,-31
1742099090.934133,-3,-99,-93
1742099090.9691331,86,78,-151
1742099091.004133,-51,2,-139
1742099091.040133,-29,-45,-49
1742099091.076133,10,-15,-61
1742099091.111133,-103,-5,-93
1742099091.147133,10,40,-51
1742099091.1821332,24,-41,-109
1742099091.217133,66,42,-83
1742099091.2521331,62,6,18
1742099091.2881331,-59,-59,30
1742099091.3241332,38,10,38
1742099091.359133,16,-65,-71
1742099091.395133,-51,-23,-9
1742099091.430133,-85,22,-37
1742099091.4651332,4,-81,2
1742099091.500133,-3,56,-69
1742099091.536133,-51,-37,-75
1742099091.572133,12,-83,22
1742099091.6071332,90,-11,-1
1742099091.6431332,18,-19,52
1742099091.678133,18,-53,6
1742099091.713133,-15,-53,-109
1742099091.7481332,-91,78,138
1742099091.7841332,-67,0,-79
1742099091.820133,-51,4,-85
1742099091.855133,-59,2,-59
1742099091.891133,-65,-43,-15
1742099091.9261332,20,-45,-43
1742099091.961133,-75,28,-49
1742099091.997133,52,38,-129
1742099092.032133,-49,-51,-63
1742099092.068133,28,82,-19
1742099092.1031332,-11,86,100
1742099092.139133,-73,-95,-125
1742099092.174133,24,14,-31
1742099092.2091331,76,-37,-153
1742099092.2451332,-17,44,-65
1742099092.280133,42,24,-131
1742099092.316133,34,2,-19
1742099092.351133,46,-7,-107
1742099092.3871331,58,-7,22
1742099092.422133,-35,-41,30
1742099092.457133,-35,-11,-11
1742099092.493133,52,80,-105
1742099092.5281332,22,16,-167
1742099092.5641332,0,76,-87
1742099092.599133,-27,-59,-43
1742099092.635133,0,50,24
1742099092.670133,-39,22,-55
1742099092.7051332,116,20,-27
1742099092.741133,-41,0,-113
1742099092.776133,-13,0,-33
1742099092.812133,-55,-16,-47
1742099092.8471332,-45,32,18
1742099092.8831332,-85,-1,-63
1742099092.918133,-45,-1,-29
1742099092.953133,26,128,20
1742099092.9891331,-35,58,-19
1742099093.024133,-9,-54,-111
1742099093.060133,44,-66,80
1742099093.095133,30,-26,30
1742099093.131133,22,-30,102
1742099093.1661332,-11,-8,-103
1742099093.201133,-25,71,-27
1742099093.237133,-29,-26,34
1742099093.272133,16,-20,-57
1742099093.3081331,6,7,-71
1742099093.343133,-39,37,20
1742099093.379133,-27,-65,-59
1742099093.414133,-7,-23,-113
1742099093.4491332,9,-107,-79
1742099093.4851332,95,-27,2
1742099093.520133,-6,-25,-99
1742099093.556133,11,-7,2
1742099093.591133,-72,-21,-81
1742099093.6271331,19,0,-89
1742099093.662133,43,16,-9
1742099093.697133,-48,-9,-55
1742099093.733133,-3,12,-87
1742099093.7681332,-12,-21,-123
1742099093.8041332,-54,-9,-13
1742099093.839133,-18,-19,42
1742099093.875133,-2,0,0
1742099093.9101331,7,-53,-17
1742099093.945133,-34,-11,-9
1742099093.981133,-16,-5,-71
1742099094.016133,-90,-13,88
1742099094.052133,-10,20,2
1742099094.0871332,-35,-3,-105
1742099094.1231332,20,4,-63
1742099094.158133,-11,38,-135
1742099094.193133,20,64,-105
1742099094.2291331,50,-9,-51
1742099094.264133,54,26,-147
1742099094.300133,56,8,-73
1742099094.335133,32,-39,-59
1742099094.3701332,30,-3,-39
1742099094.405133,22,-41,-9
1742099094.441133,-29,-87,-51
1742099094.477133,-25,-39,-177
1742099094.5121331,-39,-49,-81
1742099094.5481331,84,30,-77
1742099094.583133,-15,-53,114
1742099094.618133,-1,-57,-103
1742099094.6531332,-43,32,-117
1742099094.6891332,-17,-9,-111
1742099094.7251332,18,-15,-19
1742099094.760133,28,6,40
1742099094.796133,82,22,-133
1742099094.8311331,0,-19,14
1742099094.866133,-55,-13,82
1742099094.901133,-31,102,116
1742099094.937133,-7,7,-151
1742099094.973133,-35,-49,-175
1742099095.0081332,-25,-39,-57
1742099095.0441332,-51,76,-63
1742099095.079133,56,-38,-1
1742099095.1141331,-29,-31,-45
1742099095.149133,-69,28,4
1742099095.185133,2,-49,-128
1742099095.221133,-37,74,-14
1742099095.256133,10,-9,-36
1742099095.292133,-51,-51,-32
1742099095.3271332,94,-41,-104
1742099095.362133,12,-55,-18
1742099095.397133,-21,-13,-12
1742099095.4331331,-27,14,3
1742099095.4691331,56,32,-80
1742099095.504133,-27,26,39
1742099095.540133,14,-61,-28
1742099095.575133,2,-25,-65
1742099095.6101332,-13,60,-34
1742099095.645133,-25,4,-42
1742099095.681133,18,18,-26
1742099095.717133,26,-37,-186
1742099095.7521331,-49,-15,-122
1742099095.7881331,-57,-21,-20
1742099095.823133,30,42,43
1742099095.858133,-51,-137,-96
1742099095.8931332,-65,-3,77
1742099095.9291332,-112,2,-50
1742099095.9721332,-33,2,3
1742099096.0081332,-7,-7,33
1742099096.0441332,16,10,-46
1742099096.079133,-13,66,-44
1742099096.1141331,-54,4,-22
1742099096.149133,-39,-7,11
1742099096.185133,4,-17,-80
1742099096.221133,75,-47,25
1742099096.256133,34,12,-126
1742099096.292133,30,10,5
1742099096.3271332,35,-17,-38
1742099096.362133,-88,32,-36
1742099096.397133,12,-45,-46
1742099096.4331331,52,36,-54
1742099096.4691331,-15,78,-84
1742099096.504133,-29,12,-54
1742099096.540133,32,-25,-68
1742099096.575133,-79,16,-72
1742099096.6101332,70,84,-148
1742099096.645133,-25,32,14
1742099096.681133,20,84,21
1742099096.717133,26,38,-109
1742099096.7521331,-13,8,-19
1742099096.7881331,-65,-89,17
1742099096.823133,44,-17,-126
1742099096.858133,-7,-1,-46
1742099096.8931332,-79,8,-40
1742099096.9291332,34,2,-132
1742099096.9651332,-11,20,-28
1742099097.000133,48,-27,-40
1742099097.036133,-41,-13,-55
1742099097.0711331,-77,-51,-79
1742099097.106133,84,-31,-104
1742099097.141133,26,-17,-79
1742099097.177133,-9,-3,-109
1742099097.213133,-53,-35,-181
1742099097.2481332,62,-23,18
1742099097.2841332,-33,-33,-173
1742099097.319133,26,-5,-139
1742099097.3541331,-7,-37,-67
1742099097.389133,-41,2,42
1742099097.425133,16,40,-55
1742099097.461133,12,2,20
1742099097.496133,-11,-27,-7
1742099097.532133,8,-39,-65
1742099097.5671332,-37,-7,-62
1742099097.602133,8,-55,-22
1742099097.6371331,-25,40,-162
1742099097.6731331,42,38,-2
1742099097.7091331,70,10,12
1742099097.744133,48,12,-59
1742099097.780133,-67,26,-157
1742099097.815133,66,-23,-119
1742099097.8501332,40,56,-157
1742099097.8861332,30,-67,62
1742099097.921133,-33,28,-45
1742099097.957133,10,34,-83
1742099097.9921331,-83,14,90
1742099098.0281332,-19,57,64
1742099098.063133,-23,19,66
1742099098.098133,-81,-40,-67
1742099098.1331332,38,19,72
1742099098.1691332,-7,5,-15
1742099098.2051332,-39,-18,40
1742099098.240133,-63,17,16
1742099098.276133,-25,-10,-85
1742099098.3111331,-1,15,32
1742099098.346133,-67,15,-33
1742099098.381133,18,23,-157
1742099098.417133,-43,-17,-53
1742099098.453133,-31,3,-65
1742099098.4881332,0,-15,90
1742099098.524133,46,85,-29
1742099098.559133,40,-58,-59
1742099098.5941331,26,21,2
1742099098.6301332,2,-34,-105
1742099098.665133,-61,29,28
1742099098.701133,32,2,-159
1742099098.736133,50,-23,30
1742099098.772133,-17,-37,-13
1742099098.8071332,-19,40,-11
1742099098.842133,38,52,32
1742099098.878133,-61,26,-17
1742099098.9131331,14,-9,12
1742099098.9491332,8,28,-83
1742099098.984133,24,16,14
1742099099.020133,-71,-25,-177
1742099099.055133,-45,-1,-61
1742099099.0901332,-69,-19,-31
1742099099.126133,-87,-51,-139
1742099099.161133,-17,-33,36
1742099099.197133,24,-27,-55
1742099099.2321332,4,-45,-195
1742099099.2681332,-17,-49,-103
1742099099.303133,-45,-41,-125
1742099099.338133,-9,58,78
1742099099.374133,-65,-5,-65
1742099099.4091332,32,58,-43
1742099099.445133,-77,-29,-93
1742099099.480133,118,-35,-45
1742099099.516133,48,58,28
1742099099.5511332,42,76,-131
1742099099.586133,80,-3,-107
1742099099.622133,42,4,58
1742099099.657133,20,58,0
1742099099.693133,6,-1,-23
1742099099.7281332,-15,26,30
1742099099.764133,-17,-13,-1
1742099099.799133,-19,-69,-35
1742099099.8341331,-33,-27,-129
1742099099.8701332,98,0,-235
1742099099.905133,-15,26,8
1742099099.941133,10,-11,-61
1742099099.976133,-93,-15,-105
1742099100.0121331,-73,-45,30
1742099100.047133,-19,20,26
1742099100.082133,-9,-5,-79
1742099100.118133,116,-40,72
1742099100.1531332,26,44,-143
1742099100.1891332,-73,30,-155
1742099100.224133,-31,-71,2
1742099100.260133,6,-2,-93
1742099100.295133,6,14,-41
1742099100.3301332,32,21,-113
1742099100.366133,-33,-8,-19
1742099100.401133,-65,-8,-61
1742099100.437133,8,3,-35
1742099100.4721332,-27,-1,-61
1742099100.5081332,8,-73,-93
1742099100.543133,78,-33,-7
1742099100.578133,-1,98,16
1742099100.6141331,-15,26,-95
1742099100.649133,52,-7,-107
1742099100.685133,14,56,-67
1742099100.720133,4,24,-1
1742099100.756133,-29,-5,-99
1742099100.7911332,10,112,34
1742099100.826133,36,24,-30
1742099100.862133,88,2,15
1742099100.897133,44,-69,-26
1742099100.9331331,-37,-59,-32
1742099100.968133,-65,-9,-10
1742099101.004133,34,-13,-10
1742099101.040133,-23,-17,-76
1742099101.075133,24,-13,-10
1742099101.1101332,-21,32,-102
1742099101.1461332,28,26,29
1742099101.1821332,20,-17,-44
1742099101.217133,-139,50,-10
1742099101.253133,64,-31,9
1742099101.2881331,56,-69,31
1742099101.323133,16,50,-44
1742099101.358133,26,-27,35
1742099101.394133,-69,-47,21
1742099101.430133,-27,-37,-2
1742099101.4651332,-67,30,37
1742099101.501133,70,-9,-86
1742099101.536133,-71,-11,-144
1742099101.5711331,-37,-25,39
1742099101.606133,22,-67,21
1742099101.642133,-39,8,3
1742099101.678133,-1,-15,-74
1742099101.713133,30,64,15
1742099101.749133,-5,-9,-84
1742099101.7841332,-103,-9,75
1742099101.819133,18,22,-60
1742099101.8541331,-9,-125,-94
1742099101.8901331,24,-13,-46
1742099101.9261332,2,58,-180
1742099101.961133,-15,-1,-126
1742099101.997133,-1,-55,-50
1742099102.032133,-3,8,47
1742099102.0671332,36,-73,-52
1742099102.102133,-43,40,-154
1742099102.138133,36,50,-46
1742099102.174133,0,14,-40
1742099102.2091331,-9,36,-16
1742099102.2451332,22,22,-22
1742099102.280133,-23,-33,-52
1742099102.315133,12,12,-100
1742099102.3501332,-21,31,-42
1742099102.3861332,-1,18,-22
1742099102.422133,20,66,3
1742099102.457133,58,-30,23
1742099102.493133,24,28,-12
1742099102.5281332,-33,-21,29
1742099102.563133,4,16,-56
1742099102.598133,6,50,-12
1742099102.634133,-51,20,-34
1742099102.670133,-25,28,0
1742099102.7051332,-51,50,-144
1742099102.741133,34,12,-22
1742099102.776133,-125,58,57
1742099102.8111331,58,-11,11
1742099102.846133,-87,16,37
1742099102.882133,34,10,61
1742099102.918133,8,0,-30
1742099102.953133,34,16,-60
1742099102.9891331,-37,-31,-36
1742099103.024133,-25,-67,-102
1742099103.059133,-1,-69,-4
1742099103.0941331,-21,-45,-6
1742099103.1301332,-3,30,-26
1742099103.1661332,34,2,-36
1742099103.201133,4,20,21
1742099103.237133,58,32,35
1742099103.272133,56,10,89
1742099103.3071332,-13,28,-146
1742099103.342133,64,36,-28
1742099103.378133,-83,26,-34
1742099103.414133,-53,4,3
1742099103.4491332,-45,-25,-140
1742099103.4851332,-33,-27,-118
1742099103.520133,-43,98,-28
1742099103.555133,106,-35,-62
1742099103.5901332,56,-49,95
1742099103.626133,-9,-27,-106
1742099103.662133,-11,-25,-88
1742099103.697133,-9,14,-48
1742099103.733133,-9,-59,-34
1742099103.7681332,32,-17,57
1742099103.803133,-19,52,-40
1742099103.838133,6,8,5
1742099103.874133,6,-35,-60
1742099103.9101331,16,-27,13
1742099103.945133,32,-19,15
1742099103.981133,-81,-21,-130
1742099104.016133,74,30,-63
1742099104.0511332,68,-19,-117
1742099104.086133,-33,30,-119
1742099104.122133,-53,52,-47
1742099104.158133,-77,96,-75
1742099104.193133,12,32,-29
1742099104.2291331,-37,72,-35
1742099104.264133,60,24,-168
1742099104.299133,24,20,17
1742099104.3341331,-75,24,-190
1742099104.3701332,-41,80,-153
1742099104.4061332,18,20,-49
1742099104.441133,28,-47,-121
1742099104.477133,-3,28,-115
1742099104.5121331,-37,16,-23
1742099104.547133,50,10,-119
1742099104.582133,40,-31,24
1742099104.618133,120,-35,-81
1742099104.654133,-19,40,-135
1742099104.6891332,70,-31,-35
1742099104.7251332,-49,26,-139
1742099104.760133,8,16,6
1742099104.795133,-25,22,-11
1742099104.8301332,-47,46,-23
1742099104.866133,20,8,6
1742099104.902133,2,10,-17
1742099104.937133,80,-21,-97
1742099104.973133,-23,-1,-155
1742099105.0081332,52,34,12
1742099105.043133,78,60,10
1742099105.078133,-17,16,0
1742099105.1141331,-17,-83,-65
1742099105.1501331,2,10,-31
1742099105.185133,66,64,114
1742099105.221133,-29,0,-67
1742099105.256133,-31,-7,48
1742099105.2911332,-1,54,-101
1742099105.3271332,16,-11,32
1742099105.362133,18,2,-15
1742099105.398133,-63,-37,-73
1742099105.4331331,40,46,-55
1742099105.4691331,0,-31,-93
1742099105.504133,72,22,66
1742099105.539133,74,-49,18
1742099105.575133,84,56,14
1742099105.6101332,20,-9,-93
1742099105.6461332,-5,-51,56
1742099105.681133,20,4,10
1742099105.717133,-1,36,60
1742099105.7521331,24,14,-35
1742099105.787133,24,26,12
1742099105.823133,26,-31,-39
1742099105.858133,20,-47,-35
1742099105.894133,66,-19,-123
1742099105.9291332,-69,-83,46
1742099105.9651332,-3,-75,40
1742099106.007133,-41,4,-53
1742099106.043133,24,-77,-35
1742099106.079133,44,-45,-5
1742099106.1141331,50,108,-41
1742099106.1501331,48,8,-71
1742099106.185133,38,12,-111
1742099106.221133,30,-11,-9
1742099106.256133,-35,-35,-49
1742099106.2911332,4,-17,-85
1742099106.3271332,20,38,-131
1742099106.362133,-61,-43,-71
1742099106.398133,-11,6,-63
1742099106.4331331,-47,2,-61
1742099106.4691331,56,0,-25
1742099106.504133,12,8,-139
1742099106.539133,-39,40,-33
1742099106.575133,-79,32,-67
1742099106.6101332,-3,-31,-87
1742099106.6461332,-37,-59,-103
1742099106.681133,-41,48,24
1742099106.717133,12,28,-107
1742099106.7521331,-15,-39,-61
1742099106.787133,-57,6,20
1742099106.823133,86,-3,-53
1742099106.858133,-21,42,-17
1742099106.894133,-5,-73,-45
1742099106.9291332,-67,-69,-113
1742099106.9651332,-23,52,-29
1742099107.000133,46,54,-57
1742099107.0351331,-59,-57,-79
1742099107.0711331,-1,-81,-31
1742099107.106133,-1,36,-187
1742099107.142133,52,-47,44
1742099107.177133,94,52,-43
1742099107.213133,44,64,-117
1742099107.2481332,-3,-47,-65
1742099107.283133,70,18,-65
1742099107.319133,-31,-9,-79
1742099107.3541331,-3,-51,44
1742099107.3901331,66,-15,-91
1742099107.425133,-19,46,-77
1742099107.461133,-27,2,8
1742099107.497133,68,24,-41
1742099107.533133,8,-21,-131
1742099107.569133,-13,4,-73
1742099107.6041331,-33,-61,-3
1742099107.639133,10,44,-115
1742099107.675133,-67,10,-103
1742099107.711133,74,-31,-109
1742099107.746133,-23,-25,20
1742099107.782133,34,18,-49
1742099107.8171332,-29,-69,-65
1742099107.852133,16,-59,-55
1742099107.8871331,-77,26,-189
1742099107.9231331,-19,10,-49
1742099107.9591331,62,18,2
1742099107.994133,-37,44,-145
1742099108.030133,-77,-13,90
1742099108.065133,18,-7,-7
1742099108.1001332,-8,30,42
1742099108.135133,43,-65,52
1742099108.171133,-45,8,-3
1742099108.207133,-7,-7,36
1742099108.2421331,-7,10,-27
1742099108.2781332,-67,-7,-79
1742099108.313133,-69,22,-97
1742099108.348133,-107,4,-91
1742099108.3831332,-89,-105,-121
1742099108.4191332,16,44,-35
1742099108.4551332,-15,98,-181
1742099108.490133,-59,-25,-55
1742099108.526133,-33,-19,-199
1742099108.5611331,-11,-43,-19
1742099108.596133,36,20,-79
1742099108.631133,59,50,-35
1742099108.667133,-7,2,12
1742099108.703133,-53,-45,-31
1742099108.7381332,8,62,-43
1742099108.774133,-25,20,-75
1742099108.809133,-6,-1,2
1742099108.8441331,43,6,-1
1742099108.879133,-20,12,-51
1742099108.915133,55,-61,-27
1742099108.951133,23,56,-145
1742099108.986133,-4,-9,-73
1742099109.022133,19,16,-69
1742099109.0571332,-24,42,-95
1742099109.092133,-36,56,-171
1742099109.1271331,41,-9,30
1742099109.1631331,-26,-35,-31
1742099109.1991332,37,0,34
1742099109.234133,-28,-79,58
1742099109.270133,5,2,-39
1742099109.305133,47,18,-39
1742099109.3401332,71,-15,50
1742099109.375133,47,54,-75
1742099109.411133,51,-13,-113
1742099109.447133,-20,-19,-47
1742099109.4821332,15,-11,-77
1742099109.5181332,43,8,-83
1742099109.553133,11,-77,26
1742099109.588133,9,-1,28
1742099109.6231332,-30,-43,-1
1742099109.6591332,59,-27,90
1742099109.695133,-94,12,102
1742099109.730133,67,-79,16
1742099109.766133,-74,20,26
1742099109.8011332,-46,44,48
1742099109.836133,53,-59,-5
1742099109.871133,-38,-55,-99
1742099109.907133,-30,16,-91
1742099109.943133,27,-53,-41
1742099109.9781332,-64,14,50
1742099110.014133,77,-29,56
1742099110.049133,-20,-37,-63
1742099110.0841331,25,-21,-61
1742099110.119133,11,14,10
1742099110.155133,73,-29,-99
1742099110.191133,62,22,-27
1742099110.226133,26,46,-27
1742099110.2621331,35,20,-63
1742099110.297133,81,-45,0
1742099110.332133,-30,38,-97
1742099110.3671331,-17,32,50
1742099110.4031332,67,8,-43
1742099110.4391332,-34,68,-21
1742099110.474133,77,-83,-109
1742099110.510133,39,20,-117
1742099110.545133,33,4,-83
1742099110.5801332,44,-11,-41
1742099110.615133,14,6,-11
1742099110.651133,2,-47,-75
1742099110.687133,-1,62,-59
1742099110.7221332,-31,-37,42
1742099110.7581332,54,24,-31
1742099110.793133,-25,18,-75
1742099110.828133,-1,-65,-33
1742099110.8631332,116,20,-105
1742099110.899133,-29,6,-163
1742099110.935133,34,0,-103
1742099110.970133,-33,74,-11
1742099111.006133,54,-11,66
1742099111.0411332,52,8,-5
1742099111.076133,-13,-1,0
1742099111.111133,82,-9,-23
1742099111.147133,50,-15,38
1742099111.1831331,-57,52,-33
1742099111.218133,98,18,-29
1742099111.254133,62,64,-97
1742099111.289133,-37,88,-93
1742099111.3241332,38,0,-87
1742099111.359133,22,0,-23
1742099111.395133,-43,-5,-163
1742099111.431133,4,-43,-115
1742099111.466133,-91,-67,22
1742099111.5021331,26,0,-141
1742099111.537133,-61,10,-25
1742099111.572133,-33,-13,-117
1742099111.6071332,38,34,38
1742099111.6431332,20,34,-93
1742099111.6791332,46,66,-7
1742099111.714133,6,-17,-31
1742099111.750133,70,57,-1
1742099111.7851331,-25,53,30
1742099111.820133,34,1,-51
1742099111.856133,-31,-14,36
1742099111.891133,-9,45,4
1742099111.927133,46,5,-37
1742099111.9621332,-97,13,-71
1742099111.9981332,2,-36,-41
1742099112.033133,-15,-65,46
1742099112.068133,-33,-13,22
1742099112.1041331,-27,-11,-101
1742099112.139133,-9,-41,0
1742099112.175133,14,28,16
1742099112.210133,6,8,72
1742099112.246133,-1,30,44
1742099112.2811332,-91,-13,-133
1742099112.316133,-21,50,-73
1742099112.352133,-39,-69,-125
1742099112.3871331,-83,-25,-123
1742099112.4231331,-37,-61,-149
1742099112.458133,20,-37,32
1742099112.494133,122,6,-37
1742099112.529133,-43,-7,60
1742099112.5641332,58,66,-85
1742099112.6001332,14,-31,98
1742099112.635133,10,-1,-109
1742099112.671133,-15,12,-67
1742099112.7061331,-95,-57,-119
1742099112.7421331,48,28,-9
1742099112.777133,120,-56,20
1742099112.812133,16,47,28
1742099112.848133,36,67,10
1742099112.8831332,46,15,-33
1742099112.9191332,-27,23,46
1742099112.954133,0,17,30
1742099112.990133,-72,-33,-115
1742099113.0251331,-82,38,-95
1742099113.060133,9,-21,-101
1742099113.096133,-24,6,-159
1742099113.131133,3,24,16
1742099113.167133,-50,59,-113
1742099113.2021332,-18,-13,-25
1742099113.2381332,-55,4,-103
1742099113.273133,64,-9,-29
1742099113.3081331,-46,-47,80
1742099113.3441331,17,-27,-95
1742099113.379133,-6,-57,-153
1742099113.415133,0,2,-81
1742099113.450133,21,62,-1
1742099113.486133,27,6,46
1742099113.5211332,19,-41,-93
1742099113.556133,49,-33,-57
1742099113.592133,13,-39,-106
1742099113.6271331,-44,-13,-84
1742099113.6631331,-34,-49,-82
1742099113.698133,-26,26,-86
1742099113.734133,-122,-17,-16
1742099113.769133,-26,-33,-28
1742099113.8041332,-48,26,-28
1742099113.8401332,-12,-35,-38
1742099113.875133,33,-83,-80
1742099113.911133,-61,-7,-48
1742099113.9461331,88,12,-36
1742099113.9821332,10,-51,-48
1742099114.017133,18,-15,-4
1742099114.052133,8,22,-136
1742099114.088133,54,-63,-84
1742099114.1231332,-59,4,-182
1742099114.1591332,14,-27,-32
1742099114.194133,14,20,-114
1742099114.2291331,14,8,-46
1742099114.264133,44,-3,-62
1742099114.300133,22,12,-136
1742099114.336133,40,-3,-166
1742099114.371133,58,26,-48
1742099114.407133,2,-21,-26
1742099114.4421332,50,64,-42
1742099114.477133,78,-105,-158
1742099114.5121331,-7,-43,-72
1742099114.5481331,38,34,-158
1742099114.5841331,-17,10,3
1742099114.619133,2,6,-20
1742099114.655133,-49,14,-54
1742099114.690133,-23,-68,-72
1742099114.7251332,-35,29,103
1742099114.760133,24,7,5
1742099114.796133,-21,-48,-12
1742099114.832133,-89,15,-120
1742099114.8671331,-9,-37,-52
1742099114.9031332,14,53,-112
1742099114.938133,-59,-36,-104
1742099114.973133,24,57,-122
1742099115.0081332,16,26,13
1742099115.0441332,40,54,-30
1742099115.0801332,14,-11,-12
1742099115.115133,48,-25,-116
1742099115.151133,-7,8,-6
1742099115.1861331,8,58,-144
1742099115.221133,-27,44,-64
1742099115.256133,-71,12,51
1742099115.292133,-33,-9,-138
1742099115.328133,6,20,-178
1742099115.3631332,-37,-29,-100
1742099115.399133,-77,44,-14
1742099115.434133,-117,12,39
1742099115.4691331,-45,-11,-92
1742099115.504133,24,4,1
1742099115.540133,46,36,-84
1742099115.576133,-33,26,-46
1742099115.611133,-7,4,-78
1742099115.647133,-81,100,-64
1742099115.6821332,12,34,-4
1742099115.717133,-3,44,23
1742099115.7521331,-57,-7,61
1742099115.7881331,-47,-5,-2
1742099115.8241332,-15,-53,-26
1742099115.859133,24,82,17
1742099115.895133,40,72,-22
1742099115.930133,-3,40,-36
1742099115.9651332,36,6,81
1742099116.000133,-43,-33,-18
1742099116.043133,38,54,-130
1742099116.0801332,-25,10,-6
1742099116.115133,-29,6,-50
1742099116.151133,64,18,-180
1742099116.1861331,40,-15,-30
1742099116.221133,12,52,49
1742099116.256133,-33,26,25
1742099116.292133,82,22,17
1742099116.328133,32,76,-14
1742099116.3631332,-19,-19,-34
1742099116.399133,50,-5,-74
1742099116.434133,-7,-31,39
1742099116.4691331,-37,68,35
1742099116.504133,-81,-1,-122
1742099116.540133,-43,32,-28
1742099116.576133,-13,-5,-96
1742099116.611133,42,-19,47
1742099116.647133,-75,36,-50
1742099116.6821332,70,6,-38
1742099116.717133,40,-7,-58
1742099116.7521331,-15,0,-34
1742099116.7881331,22,52,-64
1742099116.8241332,-15,-21,-26
1742099116.859133,18,-5,-86
1742099116.895133,-49,-37,89
1742099116.930133,-13,-43,21
1742099116.9651332,8,20,-102
1742099117.000133,-61,-63,-14
1742099117.036133,80,56,55
1742099117.072133,-23,52,21
1742099117.1071332,-7,66,-18
1742099117.1431332,-33,38,1
1742099117.178133,-75,26,-80
1742099117.213133,30,76,-18
1742099117.2481332,-1,42,-118
1742099117.2841332,10,-47,21
1742099117.320133,16,92,17
1742099117.355133,-71,2,-104
1742099117.391133,24,-45,-62
1742099117.4261332,-45,14,-18
1742099117.461133,-29,14,-90
1742099117.496133,0,-21,-52
1742099117.532133,-31,-117,-74
1742099117.568133,52,36,-84
1742099117.6031332,-43,-25,-92
1742099117.639133,-29,-21,-12
1742099117.674133,-51,26,-58
1742099117.7091331,-19,-11,-148
1742099117.744133,80,52,-154
1742099117.780133,-11,-33,35
1742099117.816133,-9,44,-94
1742099117.851133,60,74,83
1742099117.8871331,66,-39,-46
1742099117.922133,50,30,5
1742099117.957133,-17,-9,39
1742099117.9921331,-13,-29,27
1742099118.0281332,-57,38,-66
1742099118.0641332,-37,24,11
1742099118.099133,8,8,-80
1742099118.135133,46,30,-34
1742099118.170133,-7,-23,-56
1742099118.2051332,-31,-31,-54
1742099118.240133,-29,40,-70
1742099118.276133,50,-51,-86
1742099118.312133,54,0,63
1742099118.3471332,-39,46,-50
1742099118.3831332,44,-53,23
1742099118.418133,-45,0,97
1742099118.453133,-15,34,15
1742099118.4891331,50,40,-60
1742099118.524133,32,22,-52
1742099118.560133,20,34,-30
1742099118.595133,54,2,-56
1742099118.631133,-19,10,-104
1742099118.6661332,-27,-21,-6
1742099118.701133,0,16,-42
1742099118.737133,-29,58,61
1742099118.772133,-17,50,-22
1742099118.8081331,-99,44,-130
1742099118.843133,-17,-5,-158
1742099118.879133,-5,-1,-64
1742099118.914133,-11,34,-12
1742099118.9491332,-69,-19,107
1742099118.9851332,10,62,40
1742099119.020133,-57,20,-44
1742099119.056133,4,-5,-123
1742099119.091133,8,12,-41
1742099119.1271331,20,4,-19
1742099119.162133,16,56,-69
1742099119.197133,-19,0,-39
1742099119.233133,20,24,-85
1742099119.2681332,-17,48,-65
1742099119.3041332,32,-75,-15
1742099119.339133,-71,-5,14
1742099119.375133,-33,-67,-119
1742099119.4101331,32,62,-73
1742099119.445133,4,0,-39
1742099119.481133,0,22,-141
1742099119.516133,-21,-29,-35
1742099119.552133,30,-7,-81
1742099119.5871332,-31,40,-141
1742099119.6231332,12,12,36
1742099119.658133,96,-31,-23
1742099119.693133,-23,72,-37
1742099119.7291331,40,-17,-43
1742099119.764133,86,4,-97
1742099119.800133,32,22,-39
1742099119.835133,-9,-31,-59
1742099119.871133,28,106,-21
1742099119.9061332,24,-33,-37
1742099119.941133,-13,62,14
1742099119.977133,-39,-23,-27
1742099120.0121331,54,0,64
1742099120.0481331,16,-9,48
1742099120.083133,124,-15,-39
1742099120.119133,-5,22,-29
1742099120.154133,-3,-57,-59
1742099120.1891332,8,18,-17
1742099120.2251332,-11,-39,-27
1742099120.260133,-1,40,-171
1742099120.296133,2,-67,-35
1742099120.3311331,-107,14,-31
1742099120.3671331,10,-5,-79
1742099120.402133,42,58,-1
1742099120.437133,62,0,-83
1742099120.473133,-71,12,-149
1742099120.5081332,50,-71,54
1742099120.5441332,-97,-3,22
1742099120.579133,12,-29,-57
1742099120.615133,-31,44,-79
1742099120.6501331,46,-5,62
1742099120.685133,52,-1,-25
1742099120.721133,-21,-37,-111
1742099120.756133,-9,-3,-87
1742099120.792133,-3,0,-75
1742099120.8271332,44,74,-21
1742099120.862133,-71,-43,-9
1742099120.897133,-21,-13,-101
1742099120.9331331,10,-3,-17
1742099120.9691331,70,12,-13
1742099121.004133,-5,-77,-25
1742099121.040133,-57,38,-65
1742099121.075133,-23,14,-75
1742099121.1101332,-17,-39,-89
1742099121.145133,-27,64,-129
1742099121.181133,-17,-1,-7
1742099121.217133,-29,-19,42
1742099121.2521331,-27,-21,8
1742099121.2881331,-39,66,-31
1742099121.323133,36,-69,-145
1742099121.358133,-19,-15,-25
1742099121.3931332,-23,0,28
1742099121.4291332,2,28,-13
1742099121.4651332,-45,-49,-21
1742099121.500133,-9,2,0
1742099121.536133,8,0,-79
1742099121.5711331,-17,-57,-59
1742099121.606133,-7,-7,124
1742099121.641133,6,14,104
1742099121.677133,6,-41,-27
1742099121.713133,14,0,-75
1742099121.7481332,18,-25,4
1742099121.7841332,-1,2,0
1742099121.819133,-1,-47,-49
1742099121.8541331,8,-3,-17
1742099121.889133,18,66,146
1742099121.925133,-17,16,-73
1742099121.961133,4,-65,-107
1742099121.996133,2,-21,2
1742099122.032133,44,54,-67
1742099122.0671332,-31,-31,0
1742099122.102133,10,-25,-61
1742099122.1371331,-45,44,-121
1742099122.1731331,60,22,-9
1742099122.2091331,-3,-1,-97
1742099122.244133,-1,22,-1
1742099122.280133,-73,8,-39
1742099122.315133,-9,12,8
1742099122.3501332,-29,-13,-17
1742099122.385133,-3,-39,-13
1742099122.421133,20,-69,-75
1742099122.457133,-31,88,8
1742099122.4921331,-33,-61,-9
1742099122.5281332,4,36,42
1742099122.563133,-69,-27,-69
1742099122.598133,32,10,22
1742099122.6331332,-1,-55,-119
1742099122.6691332,-11,38,92
1742099122.7051332,32,-5,72
1742099122.740133,10,-11,-53
1742099122.776133,4,0,-131
1742099122.8111331,72,108,80
1742099122.846133,18,24,-39
1742099122.881133,-21,24,-71
1742099122.917133,-3,-53,-113
1742099122.953133,28,30,-51
1742099122.9881332,52,24,-97
1742099123.024133,84,46,44
1742099123.059133,-13,6,4
1742099123.0941331,-11,-11,66
1742099123.129133,-25,-27,62
1742099123.165133,-3,-39,52
1742099123.201133,50,8,-19
1742099123.236133,68,-19,2
1742099123.272133,42,20,-171
1742099123.3071332,50,-69,-117
1742099123.342133,20,60,-7
1742099123.3771331,12,-5,-37
1742099123.4131331,40,-1,22
1742099123.4491332,-5,-9,68
1742099123.484133,-35,-45,-55
1742099123.520133,-113,-41,82
1742099123.555133,40,102,54
1742099123.5901332,2,-13,-163
1742099123.625133,-25,2,-95
1742099123.661133,-3,14,-157
1742099123.697133,-71,-15,20
1742099123.7321332,18,52,-127
1742099123.7681332,-9,-16,-99
1742099123.803133,-115,31,12
1742099123.838133,46,90,-29
1742099123.8731332,-87,-35,-7
1742099123.9091332,-83,40,-87
1742099123.945133,6,16,30
1742099123.980133,44,-57,56
1742099124.016133,6,-7,0
1742099124.0511332,18,-57,-81
1742099124.086133,6,30,-77
1742099124.121133,-49,-39,-29
1742099124.157133,-33,-51,-57
1742099124.193133,-61,24,18
1742099124.2281332,-1,-51,30
1742099124.264133,-15,-55,-19
1742099124.299133,-39,8,-45
1742099124.3341331,-53,44,-1
1742099124.369133,-27,-1,2
1742099124.405133,50,-27,-143
1742099124.441133,50,-23,-95
1742099124.476133,-93,-31,-87
1742099124.5121331,-15,52,-11
1742099124.547133,-83,-75,-87
1742099124.582133,20,16,86
1742099124.6171331,-51,68,24
1742099124.6531332,44,-37,-37
1742099124.6891332,48,-23,-67
1742099124.724133,-17,8,-9
1742099124.760133,28,-43,-173
1742099124.795133,18,44,-13
1742099124.8301332,64,-15,-123
1742099124.865133,92,120,-71
1742099124.901133,-47,38,-37
1742099124.937133,-9,-19,-167
1742099124.9721332,-53,62,-57
1742099125.0081332,58,26,-159
1742099125.043133,62,48,48
1742099125.078133,6,-9,-3
1742099125.1141331,20,-75,-89
1742099125.149133,2,34,2
1742099125.185133,-33,-13,-21
1742099125.220133,-25,-23,68
1742099125.256133,-13,6,38
1742099125.2911332,42,2,26
1742099125.326133,-81,86,-7
1742099125.362133,56,-103,-105
1742099125.397133,-1,-17,2
1742099125.4331331,28,32,-85
1742099125.468133,-13,-37,-109
1742099125.504133,4,-63,82
1742099125.539133,22,-41,-119
1742099125.5741332,10,0,2
1742099125.6101332,24,-15,-47
1742099125.645133,-1,110,42
1742099125.681133,58,-23,-89
1742099125.716133,-123,-53,-55
1742099125.7521331,-41,58,36
1742099125.787133,-23,42,-99
1742099125.822133,-19,-3,12
1742099125.858133,-11,-17,-71
1742099125.8931332,-25,-15,-173
1742099125.9291332,40,18,-17
1742099125.964133,44,8,98
1742099126.000133,12,-11,-31
1742099126.0351331,-87,0,-75
1742099126.0771332,-27,48,-131
1742099126.1141331,-33,34,-135
1742099126.149133,-59,6,-115
1742099126.185133,-37,-29,-57
1742099126.220133,26,-61,90
1742099126.256133,-45,-79,-11
1742099126.2911332,-71,34,-57
1742099126.326133,-13,68,54
1742099126.362133,32,62,-171
1742099126.397133,20,-23,-147
1742099126.4331331,-45,30,-123
1742099126.468133,-35,-17,12
1742099126.504133,36,-85,-121
1742099126.539133,62,-17,-127
1742099126.5741332,20,0,-85
1742099126.6101332,-23,8,-5
1742099126.645133,-37,-9,-71
1742099126.681133,-31,56,-89
1742099126.716133,24,0,0
1742099126.7521331,-13,-3,-137
1742099126.787133,-19,-41,36
1742099126.822133,-63,-63,6
1742099126.858133,40,-41,-19
1742099126.8931332,90,24,-189
1742099126.9291332,-23,46,-87
1742099126.964133,10,-25,-45
1742099127.000133,-25,-1,-15
1742099127.0351331,10,-25,-77
1742099127.070133,-9,84,-7
1742099127.106133,-59,-49,-47
1742099127.141133,-69,30,88
1742099127.177133,-63,-55,36
1742099127.2121332,-29,2,-31
1742099127.2481332,44,16,-137
1742099127.2841332,106,-31,-27
1742099127.320133,38,-3,44
1742099127.356133,0,72,56
1742099127.391133,48,-33,-37
1742099127.4261332,-35,8,-19
1742099127.4621332,48,36,-3
1742099127.4981332,-9,-41,-129
1742099127.533133,60,16,-47
1742099127.569133,-23,46,-13
1742099127.6041331,62,-17,-75
1742099127.639133,2,-75,-39
1742099127.674133,-35,40,54
1742099127.710133,-11,22,-55
1742099127.746133,16,28,-11
1742099127.7811332,18,30,-45
1742099127.8171332,-75,-67,-93
1742099127.852133,64,56,4
1742099127.8871331,58,14,-77
1742099127.922133,-13,10,-99
1742099127.958133,88,-49,-11
1742099127.994133,-47,32,48
1742099128.029133,130,-77,0
1742099128.065133,42,68,-115
1742099128.1001332,-21,-23,-55
1742099128.135133,72,-5,-17
1742099128.170133,-43,-41,38
1742099128.2061331,94,-5,34
1742099128.2421331,-47,-101,-129
1742099128.277133,14,8,48
1742099128.313133,36,-3,-65
1742099128.348133,-25,2,-97
1742099128.3831332,-29,28,-67
1742099128.418133,28,96,-89
1742099128.454133,-113,18,-27
1742099128.490133,20,-11,-107
1742099128.5251331,44,-13,-65
1742099128.5611331,38,8,-49
1742099128.596133,38,-9,-25
1742099128.631133,-95,-23,-7
1742099128.6661332,32,-5,-101
1742099128.7021332,-13,-89,-69
1742099128.7381332,-23,-41,-47
1742099128.773133,36,-19,-97
1742099128.809133,12,-65,-67
1742099128.8441331,-9,30,-71
1742099128.879133,18,-29,86
1742099128.914133,10,30,-133
1742099128.950133,-27,16,-95
1742099128.986133,6,10,8
1742099129.0211332,54,-53,-133
1742099129.0571332,32,-33,22
1742099129.092133,-25,-61,-85
1742099129.1271331,8,-61,58
1742099129.162133,-29,8,-83
1742099129.198133,-1,-11,36
1742099129.234133,0,-3,-139
1742099129.269133,16,-19,-23
1742099129.305133,-41,-9,-3
1742099129.3401332,-3,68,-51
1742099129.375133,32,-15,-52
1742099129.4101331,-11,48,-32
1742099129.4461331,24,30,-54
1742099129.4821332,56,44,-118
1742099129.517133,28,76,-36
1742099129.553133,32,-13,-26
1742099129.588133,0,0,71
1742099129.6231332,6,-17,-136
1742099129.658133,-43,38,69
1742099129.694133,-65,-53,-62
1742099129.730133,30,10,-22
1742099129.7651331,52,18,-100
1742099129.8011332,-13,98,11
1742099129.836133,56,-6,-174
1742099129.871133,-5,54,-44
1742099129.9061332,-5,-3,-84
1742099129.9421332,-61,52,35
1742099129.9781332,-9,-34,13
1742099130.013133,8,27,-4
1742099130.049133,-1,-46,-26
1742099130.0841331,34,93,-50
1742099130.119133,40,-6,-84
1742099130.154133,-25,17,25
1742099130.190133,8,89,-34
1742099130.226133,-37,-2,-20
1742099130.2611332,-39,41,-30
1742099130.297133,-85,3,-66
1742099130.332133,-25,63,85
1742099130.3671331,-13,-20,-72
1742099130.402133,60,-22,-90
1742099130.438133,34,21,-22
1742099130.474133,-57,-48,-66
1742099130.509133,4,-24,-68
1742099130.545133,100,-30,-60
1742099130.5801332,-29,19,-24
1742099130.615133,-75,75,-14
1742099130.6501331,-5,-90,53
1742099130.6861331,-3,30,-98
1742099130.7221332,24,-1,-42
1742099130.757133,44,-8,-14
1742099130.793133,20,-17,31
1742099130.828133,40,34,5
1742099130.8631332,-19,-15,-180
1742099130.898133,42,-37,31
1742099130.934133,14,16,-58
1742099130.970133,12,-25,-148
1742099131.0051332,-19,-39,-104
1742099131.0411332,32,50,19
1742099131.076133,-11,42,65
1742099131.111133,22,-57,-56
1742099131.1461332,-51,24,-130
1742099131.1821332,-29,-53,-100
1742099131.218133,16,-1,-140
1742099131.253133,28,-31,-94
1742099131.289133,2,24,-42
1742099131.3241332,-31,-7,-138
1742099131.359133,116,42,-68
1742099131.394133,-19,22,-56
1742099131.430133,38,-21,75
1742099131.466133,84,6,-28
1742099131.501133,-7,-49,79
1742099131.537133,-35,-9,-42
1742099131.572133,-33,126,9
1742099131.6071332,4,-3,-22
1742099131.6431332,18,-21,-96
1742099131.678133,-53,58,5
1742099131.714133,-25,-37,-86
1742099131.749133,46,28,-30
1742099131.7851331,32,-17,9
1742099131.820133,70,-53,21
1742099131.855133,4,-67,25
1742099131.891133,2,34,-86
1742099131.9261332,16,6,43
1742099131.9621332,28,-5,-32
1742099131.997133,16,8,-46
1742099132.033133,28,56,-50
1742099132.068133,-23,-53,-20
1742099132.1031332,-53,-83,61
1742099132.139133,34,54,37
1742099132.174133,20,22,-44
1742099132.210133,-33,-11,19
1742099132.2451332,-69,-3,-82
1742099132.2811332,0,66,-56
1742099132.316133,-43,22,-134
1742099132.351133,-59,4,-42
1742099132.3871331,-5,32,39
1742099132.422133,20,-39,21
1742099132.458133,80,-51,-154
1742099132.493133,-19,14,-8
1742099132.529133,-23,10,-110
1742099132.5641332,8,14,-28
1742099132.599133,76,-43,-10
1742099132.635133,14,64,-38
1742099132.670133,0,-31,-50
1742099132.7061331,-57,-61,-30
1742099132.741133,-63,18,-16
1742099132.777133,2,-37,7
1742099132.812133,30,-39,-80
1742099132.8471332,-21,0,-20
1742099132.8831332,16,-49,-48
1742099132.918133,-59,-3,-36
1742099132.954133,-35,12,-50
1742099132.9891331,-19,28,-4
1742099133.024133,50,-19,-42
1742099133.059133,58,70,-26
1742099133.095133,-49,-35,-92
1742099133.131133,50,20,-40
1742099133.1661332,-25,-15,21
1742099133.2021332,44,24,-34
1742099133.237133,12,-3,-118
1742099133.273133,0,-11,-24
1742099133.3081331,-77,34,55
1742099133.343133,60,-27,-14
1742099133.379133,12,-103,51
1742099133.414133,-17,-49,17
1742099133.450133,50,-43,51
1742099133.4851332,4,16,43
1742099133.5211332,-61,-13,-20
1742099133.556133,-33,24,5
1742099133.591133,44,32,67
1742099133.6271331,4,-15,-128
1742099133.662133,-5,66,-50
1742099133.698133,16,-60,-68
1742099133.733133,-39,-4,-148
1742099133.769133,-21,1,-144
1742099133.8041332,-23,12,1
1742099133.839133,-19,-58,-116
1742099133.875133,0,48,-86
1742099133.9101331,-41,46,1
1742099133.9461331,-107,2,17
1742099133.981133,10,40,-28
1742099134.016133,-33,8,-70
1742099134.0511332,-103,-15,17
1742099134.0871332,34,58,19
1742099134.1231332,-63,-33,-76
1742099134.158133,-71,10,-94
1742099134.194133,4,-23,-136
1742099134.2291331,52,-17,-22
1742099134.264133,-5,-35,65
1742099134.299133,0,-59,-44
1742099134.335133,16,48,39
1742099134.371133,37,42,-12
1742099134.4061332,0,10,-98
1742099134.4421332,83,-1,-56
1742099134.477133,27,16,-134
1742099134.5121331,35,-37,-56
1742099134.547133,45,-7,-46
1742099134.583133,0,-37,7
1742099134.619133,-32,-57,-32
1742099134.654133,-34,36,-122
1742099134.690133,-24,-63,-164
1742099134.7251332,105,-71,-66
1742099134.760133,-5,-7,-30
1742099134.795133,-24,-35,13
1742099134.8311331,-11,-63,-74
1742099134.8671331,10,6,-90
1742099134.902133,26,70,17
1742099134.938133,-54,-3,-84
1742099134.973133,-18,-28,-96
1742099135.0081332,-123,4,-26
1742099135.043133,80,58,-94
1742099135.079133,98,-7,55
1742099135.115133,-41,12,-178
1742099135.1501331,-50,-5,47
1742099135.1861331,-24,-10,-26
1742099135.221133,-24,-61,-72
1742099135.256133,25,4,-38
1742099135.2911332,49,-89,119
1742099135.3271332,-50,-23,-72
1742099135.3631332,25,10,-114
1742099135.398133,0,64,-10
1742099135.434133,0,16,-92
1742099135.4691331,-47,-21,-62
1742099135.504133,-5,-25,-34
1742099135.539133,-23,18,-12
1742099135.575133,46,-43,-48
1742099135.611133,0,44,107
1742099135.6461332,34,-55,-18
1742099135.6821332,-19,-41,-112
1742099135.717133,-43,-55,-140
1742099135.7521331,68,12,125
1742099135.787133,-69,10,-41
1742099135.823133,-81,48,10
1742099135.859133,-19,-75,-165
1742099135.894133,8,-27,90
1742099135.930133,-41,50,-43
1742099135.9651332,112,-69,-41
1742099136.000133,28,-35,-19
1742099136.0351331,18,-37,-225
1742099136.0711331,-25,50,-37
1742099136.1141331,2,36,42
1742099136.1501331,-33,-9,-25
1742099136.1861331,-29,-47,-57
1742099136.221133,10,-41,-67
1742099136.256133,-41,44,-15
1742099136.2911332,6,-89,0
1742099136.3271332,-57,-23,-51
1742099136.3631332,-41,-35,22
1742099136.398133,70,-9,-33
1742099136.434133,-35,-1,-129
1742099136.4691331,-35,-91,-53
1742099136.504133,-57,6,-27
1742099136.539133,24,110,-71
1742099136.575133,-40,2,60
1742099136.611133,37,-11,-169
1742099136.6461332,39,-23,-81
1742099136.6821332,-65,6,-53
1742099136.717133,41,-41,-61
1742099136.7521331,9,38,8
1742099136.787133,-24,22,-19
1742099136.823133,23,-87,-17
1742099136.859133,-8,-25,26
1742099136.894133,55,-57,-123
1742099136.930133,21,18,-63
1742099136.9651332,0,-11,-13
1742099137.000133,-4,-55,0
1742099137.0351331,27,34,-51
1742099137.0711331,87,18,68
1742099137.1071332,55,-97,-117
1742099137.142133,-55,-41,-75
1742099137.178133,4,-17,-19
1742099137.213133,-5,-39,-3
1742099137.2481332,-41,14,-153
1742099137.283133,-39,4,-55
1742099137.319133,-61,-77,26
1742099137.355133,54,-45,-191
1742099137.3901331,-83,22,-45
1742099137.4261332,-27,-75,-29
1742099137.461133,54,-1,-75
1742099137.496133,-57,26,28
1742099137.5311332,-87,-15,30
1742099137.5671332,-7,36,10
1742099137.6031332,44,-19,-29
1742099137.638133,-7,-1,-73
1742099137.674133,4,2,-37
1742099137.7091331,10,24,-153
1742099137.744133,28,-39,-141
1742099137.779133,18,-51,-105
1742099137.815133,-33,-73,-41
1742099137.851133,20,6,-59
1742099137.8861332,8,-7,40
1742099137.922133,-23,50,-7
1742099137.957133,-35,44,-9
1742099137.9921331,10,20,-59
1742099138.027133,-21,4,-19
1742099138.063133,2,32,76
1742099138.099133,26,56,-1
1742099138.134133,58,-17,82
1742099138.170133,50,6,-57
1742099138.2051332,94,-56,10
1742099138.240133,-35,-36,-110
1742099138.276133,-59,-16,-17
1742099138.3111331,-25,-2,14
1742099138.3471332,50,17,-60
1742099138.382133,-35,27,51
1742099138.418133,6,-56,-98
1742099138.453133,-25,7,-172
1742099138.4881332,-21,3,17
1742099138.524133,-9,10,-114
1742099138.559133,-41,-7,-34
1742099138.595133,14,22,59
1742099138.6301332,2,22,-98
1742099138.6661332,-13,56,-170
1742099138.701133,-99,0,11
1742099138.736133,-15,-27,45
1742099138.772133,44,56,-176
1742099138.8071332,16,-9,9
1742099138.843133,3,46,-12
1742099138.878133,-58,-1,-118
1742099138.914133,31,24,-14
1742099138.9491332,1,-17,-36
1742099138.984133,-14,12,-38
1742099139.020133,7,62,-6
1742099139.055133,85,46,33
1742099139.091133,29,14,-70
1742099139.126133,-23,-35,33
1742099139.162133,-72,32,-82
1742099139.197133,-16,-49,3
1742099139.2321332,115,-57,-38
1742099139.2681332,-6,-9,15
1742099139.303133,9,56,-38
1742099139.339133,21,64,37
1742099139.374133,-18,-63,-98
1742099139.4101331,-6,6,-2
1742099139.445133,-22,-3,-22
1742099139.480133,-34,64,0
1742099139.516133,-28,-21,91
1742099139.5511332,-64,62,21
1742099139.5871332,19,42,7
1742099139.622133,-44,-33,23
1742099139.658133,86,20,-58
1742099139.693133,23,4,-62
1742099139.7281332,15,-41,-106
1742099139.764133,-58,-41,-46
1742099139.799133,47,48,-146
1742099139.835133,113,-1,-16
1742099139.8701332,19,14,-62
1742099139.9061332,12,-45,-42
1742099139.941133,23,16,-6
1742099139.976133,-38,38,-60
1742099140.0121331,41,52,-88
1742099140.047133,-8,-77,19
1742099140.083133,53,94,-14
1742099140.118133,60,22,-106
1742099140.154133,0,-49,-32
1742099140.1891332,-3,8,-92
1742099140.224133,-97,-3,-50
1742099140.260133,50,-11,33
1742099140.295133,76,-17,49
1742099140.3311331,78,24,1
1742099140.366133,-9,56,-62
1742099140.402133,-49,-11,-54
1742099140.438133,-23,22,-62
1742099140.474133,12,-51,-86
1742099140.510133,-9,-47,-16
1742099140.546133,-49,60,-18
1742099140.582133,-15,26,-90
1742099140.6171331,-157,-68,-180
1742099140.652133,20,-7,9
1742099140.688133,74,72,-40
1742099140.724133,66,-7,29
1742099140.759133,88,43,-64
1742099140.795133,46,27,31
1742099140.8301332,26,61,-92
1742099140.865133,14,33,-130
1742099140.9001331,-19,73,-74
1742099140.9361331,-31,77,-86
1742099140.9721332,22,62,-22
1742099141.007133,46,6,37
1742099141.043133,-1,22,-76
1742099141.078133,-11,-29,-86
1742099141.1131332,20,-1,17
1742099141.148133,-59,-23,33
1742099141.184133,-25,128,95
1742099141.220133,-59,0,-100
1742099141.2551332,74,88,-24
1742099141.2911332,-51,74,-88
1742099141.326133,-39,80,-84
1742099141.361133,-17,-27,75
1742099141.3961332,40,-13,-60
1742099141.4321332,14,68,-190
1742099141.468133,52,26,-92
1742099141.503133,86,62,97
1742099141.539133,50,54,15
1742099141.5741332,-3,-13,-2
1742099141.609133,40,12,-166
1742099141.644133,76,-53,-40
1742099141.680133,50,-37,3
1742099141.716133,66,-21,43
1742099141.751133,-23,0,-56
1742099141.787133,-91,-41,-12
1742099141.822133,10,-5,-88
1742099141.8571332,-49,-51,-72
1742099141.892133,-35,-1,-72
1742099141.928133,40,-39,11
1742099141.964133,-33,10,-12
1742099141.999133,60,-43,-60
1742099142.0351331,16,30,-230
1742099142.070133,4,26,-72
1742099142.105133,32,-21,-146
1742099142.1401331,-15,4,29
1742099142.1761332,60,91,25
1742099142.2121332,-3,-29,-54
1742099142.247133,14,1,-194
1742099142.283133,4,-2,-68
1742099142.318133,2,-8,-2
1742099142.3531332,-7,-6,53
1742099142.388133,-25,39,-110
1742099142.424133,-17,0,-36
1742099142.460133,44,85,-68
1742099142.4951332,4,-2,-70
1742099142.5311332,-29,-38,-46
1742099142.566133,44,93,-86
1742099142.601133,66,-36,11
1742099142.6361332,-27,-32,-24
1742099142.672133,-21,43,-86
1742099142.708133,-17,49,7
1742099142.743133,-43,0,81
1742099142.779133,32,-24,-32
1742099142.8141332,92,-27,-72
1742099142.849133,-27,58,7
1742099142.884133,-15,-15,-142
1742099142.920133,-5,-8,-22
1742099142.9561331,128,22,27
1742099142.991133,16,-49,-76
1742099143.027133,24,-47,-36
1742099143.062133,-11,2,27
1742099143.0971332,-57,46,-40
1742099143.132133,24,36,-108
1742099143.168133,-45,-57,17
1742099143.204133,0,36,29
1742099143.2391331,10,-41,-94
1742099143.2751331,4,-25,51
1742099143.310133,-1,-33,-110
1742099143.345133,-25,34,-46
1742099143.3801332,54,14,5
1742099143.4161332,40,24,-10
1742099143.4521332,2,-3,-48
1742099143.487133,52,-31,-178
1742099143.523133,30,4,-14
1742099143.5581331,44,-5,1
1742099143.593133,-13,94,-44
1742099143.628133,112,52,-124
1742099143.664133,-39,-5,-72
1742099143.700133,-1,-81,-136
1742099143.7351332,-21,6,-90
1742099143.7711332,24,26,-28
1742099143.806133,-15,42,-132
1742099143.841133,-7,-23,-84
1742099143.876133,-5,0,-18
1742099143.912133,-19,-29,-94
1742099143.948133,14,10,-118
1742099143.983133,-91,-41,-16
1742099144.019133,-1,50,-164
1742099144.0541332,-39,-71,0
1742099144.089133,22,-25,-2
1742099144.124133,74,42,-78
1742099144.1601331,62,78,-58
1742099144.1961331,88,-59,-14
1742099144.231133,-17,-15,-88
1742099144.267133,40,38,-96
1742099144.302133,22,-11,-44
1742099144.3371332,16,-73,-18
1742099144.372133,-23,88,-94
1742099144.408133,122,-19,-90
1742099144.444133,-17,28,-78
1742099144.4791331,12,-75,-124
1742099144.5151331,6,-21,9
1742099144.550133,66,4,25
1742099144.585133,-57,82,-40
1742099144.6201332,-19,-27,-106
1742099144.6561332,-35,24,61
1742099144.6921332,18,10,-142
1742099144.727133,-6,34,-74
1742099144.763133,44,12,0
1742099144.7981331,-27,-19,15
1742099144.833133,54,4,-72
1742099144.869133,-13,-33,5
1742099144.904133,-5,38,-82
1742099144.940133,30,-59,21
1742099144.9751332,16,-41,0
1742099145.0111332,46,-41,-8
1742099145.046133,-27,66,-134
1742099145.0811331,98,-53,29
1742099145.1171331,-15,2,-8
1742099145.152133,42,-13,-146
1742099145.188133,-37,14,-28
1742099145.223133,-71,-1,27
1742099145.259133,44,-41,-106
1742099145.2941332,46,-27,-88
1742099145.329133,6,16,-92
1742099145.365133,-49,-11,-38
1742099145.4001331,110,-65,-92
1742099145.4361331,10,-51,5
1742099145.471133,-5,20,9
1742099145.507133,-21,38,-62
1742099145.542133,56,-48,-130
1742099145.5771332,-9,-79,-42
1742099145.6131332,14,-16,-84
1742099145.648133,106,26,-194
1742099145.684133,18,-43,-28
1742099145.7191331,24,-3,87
1742099145.7551332,20,30,-122
1742099145.790133,62,24,3
1742099145.825133,-49,2,-6
1742099145.861133,-51,-39,-54
1742099145.8961332,-17,-71,-32
1742099145.9321332,10,-5,-76
1742099145.967133,18,16,-34
1742099146.003133,2,-1,-84
1742099146.0381331,-67,-25,23
1742099146.073133,10,62,25
1742099146.116133,30,40,-124
1742099146.152133,6,-11,-272
1742099146.188133,-39,-15,-110
1742099146.223133,-15,48,7
1742099146.259133,-43,24,-190
1742099146.2941332,-5,-5,-112
1742099146.329133,56,-9,-34
1742099146.365133,44,2,-6
1742099146.4001331,42,-19,81
1742099146.4361331,54,-31,-26
1742099146.471133,-19,26,11
1742099146.507133,8,-53,0
1742099146.542133,-47,-41,-24
1742099146.5771332,-37,74,53
1742099146.6131332,46,-7,-64
1742099146.648133,-3,18,1
1742099146.684133,20,-3,-78
1742099146.7191331,2,-5,-74
1742099146.7551332,10,-23,-74
1742099146.790133,6,18,49
1742099146.825133,16,-19,-38
1742099146.861133,-25,-25,-106
1742099146.8961332,50,-3,75
1742099146.9321332,8,-53,-26
1742099146.967133,0,-43,-24
1742099147.003133,-109,12,-122
1742099147.039133,18,-19,55
1742099147.075133,-69,88,-16
1742099147.111133,78,42,-80
1742099147.147133,4,-5,-198
1742099147.1831331,18,12,11
1742099147.218133,-15,72,-80
1742099147.253133,84,-73,-14
1742099147.289133,-17,-19,-46
1742099147.325133,52,-23,-128
1742099147.3601332,22,16,-118
1742099147.3961332,-23,-1,-50
1742099147.431133,44,66,-218
1742099147.466133,0,-49,-102
1742099147.501133,86,18,-72
1742099147.537133,32,-11,35
1742099147.573133,-23,-25,55
1742099147.608133,-37,12,-110
1742099147.644133,2,24,-122
1742099147.680133,44,-37,-72
1742099147.716133,22,34,53
1742099147.751133,4,50,-38
1742099147.786133,-55,-41,-42
1742099147.8211331,-13,14,-40
1742099147.8571332,-17,-31,-106
1742099147.8931332,-33,-71,-66
1742099147.928133,55,-109,-40
1742099147.964133,9,24,3
1742099147.999133,-86,34,-8
1742099148.0341332,85,-11,-120
1742099148.069133,23,20,-30
1742099148.105133,-14,-21,-26
1742099148.141133,3,6,3
1742099148.1761332,17,18,-72
1742099148.2121332,27,-17,-224
1742099148.247133,-2,0,-8
1742099148.282133,11,18,-52
1742099148.3171332,91,8,-34
1742099148.3531332,-16,4,0
1742099148.389133,-47,66,-46
1742099148.424133,-119,84,-30
1742099148.460133,-1,-35,-62
1742099148.4951332,-5,24,-18
1742099148.530133,-41,-21,-94
1742099148.565133,36,-65,-2
1742099148.601133,48,-83,-66
1742099148.6371331,34,60,-26
1742099148.672133,-1,-33,-116
1742099148.708133,6,30,7
1742099148.743133,84,-19,-50
1742099148.7781332,46,-17,73
1742099148.813133,96,-39,-60
1742099148.849133,18,-25,-188
1742099148.885133,-21,74,29
1742099148.920133,2,32,91
1742099148.9561331,-3,22,-12
1742099148.991133,-6,58,0
1742099149.026133,49,-69,-34
1742099149.0611331,-41,6,-78
1742099149.0971332,18,26,-68
1742099149.1331332,-1,-9,-34
1742099149.168133,48,-41,-140
1742099149.204133,6,-41,93
1742099149.2391331,0,-51,-24
1742099149.274133,-1,8,-14
1742099149.309133,-11,12,-92
1742099149.345133,6,42,-124
1742099149.381133,14,-23,-134
1742099149.4161332,-157,56,-56
1742099149.4521332,-25,10,-148
1742099149.487133,106,16,-74
1742099149.522133,-27,-19,-64
1742099149.5571332,32,-33,-22
1742099149.593133,14,34,-48
1742099149.629133,6,62,41
1742099149.664133,-9,-3,-142
1742099149.700133,-53,-49,1
1742099149.7351332,58,48,-72
1742099149.770133,-71,54,-46
1742099149.805133,-43,-143,-126
1742099149.841133,-85,-17,-12
1742099149.8771331,50,-45,-156
1742099149.912133,-45,-5,-50
1742099149.948133,-21,-65,-232
1742099149.983133,-19,-19,-60
1742099150.0181332,24,16,-66
1742099150.053133,-57,32,-70
1742099150.089133,63,60,35
1742099150.125133,-68,-1,-120
1742099150.1601331,-111,-19,43
1742099150.1961331,-47,60,-70
1742099150.231133,-49,-33,-124
1742099150.266133,4,-17,-7
1742099150.3011332,-21,-25,34
1742099150.3371332,60,-35,-23
1742099150.3731332,1,8,-89
1742099150.408133,-45,-43,-125
1742099150.444133,30,-143,2
1742099150.4791331,-51,-45,-38
1742099150.514133,-37,-45,-77
1742099150.549133,-23,10,-13
1742099150.585133,-21,-33,-117
1742099150.621133,40,58,-41
1742099150.6561332,8,-17,-27
1742099150.6921332,-15,40,-65
1742099150.727133,30,-75,-75
1742099150.7621331,10,-3,-29
1742099150.797133,46,72,28
1742099150.833133,14,30,-73
1742099150.869133,-71,46,-21
1742099150.904133,22,16,32
1742099150.940133,-13,-1,-83
1742099150.9751332,60,-19,-87
1742099151.010133,-37,32,-117
1742099151.045133,-33,60,-39
1742099151.0811331,62,-35,-23
1742099151.1171331,60,-11,-155
1742099151.152133,22,50,58
1742099151.188133,-7,12,38
1742099151.223133,-21,60,-19
1742099151.2581332,24,46,-83
1742099151.293133,62,2,-25
1742099151.329133,-11,-29,34
1742099151.365133,58,42,-69
1742099151.4001331,-21,-25,-37
1742099151.4361331,-33,-7,-3
1742099151.471133,-55,-11,-61
1742099151.506133,-15,-9,-165
1742099151.542133,2,8,-7
1742099151.5771332,60,-63,-107
1742099151.6131332,2,-47,-51
1742099151.648133,-63,80,-45
1742099151.684133,-53,16,-5
1742099151.7191331,-71,76,-29
1742099151.754133,48,2,-27
1742099151.790133,62,-47,-119
1742099151.825133,20,2,-13
1742099151.861133,56,-13,36
1742099151.8961332,-11,-7,-209
1742099151.9321332,0,32,-39
1742099151.967133,-97,32,4
1742099152.0021331,-43,76,-53
1742099152.0381331,26,-3,-19
1742099152.073133,-15,-83,32
1742099152.109133,-101,-1,72
1742099152.144133,-7,4,-93
1742099152.180133,-9,-63,52
1742099152.2151332,12,-5,-99
1742099152.250133,98,-17,-113
1742099152.286133,34,46,-55
1742099152.3211331,-19,-13,-5
1742099152.3571332,-45,0,-31
1742099152.392133,-67,36,-15
1742099152.428133,16,-41,-67
1742099152.463133,-37,0,-55
1742099152.4981332,-57,-25,-113
1742099152.5341332,-37,6,4
1742099152.569133,86,12,26
1742099152.605133,16,46,-21
1742099152.6401331,-37,52,-95
1742099152.6761332,12,-55,44
1742099152.711133,14,26,-47
1742099152.746133,-47,30,-41
1742099152.782133,-55,36,24
1742099152.8171332,-55,-23,-75
1742099152.8531332,-15,-25,-5
1742099152.888133,-19,-29,-45
1742099152.924133,-16,19,-31
1742099152.9591331,-48,63,-15
1742099152.994133,51,-68,-55
1742099153.030133,-96,-18,42
1742099153.065133,-18,31,-31
1742099153.101133,27,57,-35
1742099153.1361332,-12,26,-9
1742099153.172133,-22,-53,-45
1742099153.207133,-28,0,-41
1742099153.2421331,-78,4,84
1742099153.2781332,23,64,10
1742099153.313133,-24,-49,-55
1742099153.349133,7,68,-49
1742099153.384133,7,14,-117
1742099153.420133,33,68,-29
1742099153.4551332,-64,-7,-3
1742099153.490133,-26,-43,-115
1742099153.526133,-80,-53,108
1742099153.5611331,-4,-17,-37
1742099153.5971332,-46,10,38
1742099153.632133,-8,12,-37
1742099153.668133,-26,8,2
1742099153.704133,3,-37,-25
1742099153.740133,5,14,-109
1742099153.776133,-78,40,-71
1742099153.8111331,19,16,-15
1742099153.846133,55,4,-177
1742099153.882133,-61,52,-67
1742099153.918133,-9,-107,-35
1742099153.953133,86,36,6
1742099153.9891331,38,-53,-37
1742099154.024133,10,92,-35
1742099154.059133,10,18,-65
1742099154.0941331,-43,14,-77
1742099154.1301332,8,-1,14
1742099154.1661332,20,-49,-25
1742099154.201133,74,2,-39
1742099154.237133,0,-69,152
1742099154.272133,-21,-7,0
1742099154.3071332,24,-61,-29
1742099154.342133,64,-43,-133
1742099154.378133,-21,64,50
1742099154.414133,12,-11,-71
1742099154.4491332,30,-1,42
1742099154.4851332,2,-5,-105
1742099154.520133,22,-63,-73
1742099154.555133,-13,16,-19
1742099154.5901332,54,-81,-103
1742099154.626133,-3,-43,-43
1742099154.662133,-41,82,-11
1742099154.697133,-39,56,-121
1742099154.733133,4,52,-26
1742099154.7681332,-17,-57,-101
1742099154.803133,-9,18,-104
1742099154.838133,40,-19,-26
1742099154.874133,-17,6,-28
1742099154.9101331,20,-43,-4
1742099154.945133,-103,18,33
1742099154.981133,22,-11,-112
1742099155.016133,20,66,-2
1742099155.0511332,-13,-15,-120
1742099155.086133,4,12,-94
1742099155.122133,-75,10,-16
1742099155.158133,-32,10,-48
1742099155.193133,81,8,-42
1742099155.2291331,74,24,119
1742099155.264133,38,-13,-106
1742099155.299133,-23,2,-6
1742099155.3341331,-111,-3,-60
1742099155.3701332,112,62,-178
1742099155.4061332,10,36,43
1742099155.441133,36,-37,-46
1742099155.477133,92,76,-50
1742099155.5121331,28,-31,-74
1742099155.547133,-1,78,5
1742099155.582133,16,44,37
1742099155.618133,56,70,-18
1742099155.654133,-43,-95,-26
1742099155.6891332,14,-23,-20
1742099155.7251332,62,-25,37
1742099155.760133,-43,20,-74
1742099155.795133,-27,-33,-70
1742099155.8301332,-29,-31,-126
1742099155.866133,18,14,-86
1742099155.902133,90,102,-144
1742099155.937133,-19,24,103
1742099155.973133,42,-29,-46
1742099156.0081332,44,-21,-90
1742099156.043133,-21,26,-24
1742099156.078133,42,12,-16
1742099156.121133,-23,-3,-118
1742099156.158133,-23,48,-156
1742099156.193133,68,56,59
1742099156.2291331,42,38,-86
1742099156.264133,14,-29,-30
1742099156.299133,-35,24,13
1742099156.3341331,68,-47,-156
1742099156.3701332,-65,22,-48
1742099156.4061332,16,18,-36
1742099156.441133,85,0,-94
1742099156.477133,8,4,-48
1742099156.5121331,84,-69,-100
1742099156.547133,-17,32,-12
1742099156.582133,70,-41,13
1742099156.618133,-9,-65,-98
1742099156.654133,-51,-3,-44
1742099156.6891332,-45,-35,-14
1742099156.7251332,3,2,-22
1742099156.760133,29,34,-14
1742099156.795133,53,57,-80
1742099156.8301332,67,72,-42
1742099156.866133,35,-45,-70
1742099156.902133,33,10,35
1742099156.937133,-6,2,-76
1742099156.973133,-8,-59,-24
1742099157.0081332,-122,-11,-112
1742099157.043133,-39,-19,-60
1742099157.078133,-5,20,21
1742099157.1141331,-37,-3,-26
1742099157.1501331,-1,-17,-72
1742099157.185133,-89,-53,-76
1742099157.221133,-45,6,-30
1742099157.256133,46,2,-4
1742099157.2911332,-19,-45,31
1742099157.326133,-13,-19,-22
1742099157.362133,-47,32,-188
1742099157.398133,1,-25,97
1742099157.4331331,68,-21,-64
1742099157.4691331,-74,-75,-32
1742099157.504133,5,100,-128
1742099157.539133,17,30,83
1742099157.5741332,25,20,25
1742099157.6101332,1,12,-116
1742099157.6461332,45,-19,-54
1742099157.681133,29,-23,-20
1742099157.717133,-72,20,13
1742099157.7521331,-102,-115,-72
1742099157.787133,63,62,-74
1742099157.822133,-20,58,-96
1742099157.858133,-60,-17,-36
1742099157.894133,47,-35,-20
1742099157.9291332,13,-55,-130
1742099157.9651332,-20,20,133
1742099158.000133,-12,38,-44
1742099158.0351331,-42,-91,-92
1742099158.0711331,3,32,-70
1742099158.106133,33,10,-38
1742099158.142133,-72,-59,-94
1742099158.177133,7,-19,-64
1742099158.213133,-2,-32,27
1742099158.2481332,-2,9,39
1742099158.283133,-40,39,15
1742099158.319133,-56,27,-56
1742099158.3541331,-14,9,-46
1742099158.3901331,-26,-86,67
1742099158.425133,-100,-36,43
1742099158.461133,25,9,-10
1742099158.496133,-34,-42,13
1742099158.5311332,31,-12,-62
1742099158.5671332,11,-38,-34
1742099158.602133,-2,25,-44
1742099158.638133,-20,-16,-48
1742099158.6731331,20,23,-26
1742099158.7091331,-55,31,-110
1742099158.744133,-39,-14,-96
1742099158.779133,-9,-18,3
1742099158.815133,-9,13,-234
1742099158.8501332,52,-4,-172
1742099158.8861332,-93,7,-66
1742099158.921133,12,20,-56
1742099158.957133,-13,-7,-44
1742099158.9921331,-9,-53,-20
1742099159.027133,66,-39,-44
1742099159.063133,-11,70,-58
1742099159.098133,30,8,17
1742099159.134133,24,-17,-24
1742099159.1691332,-19,-67,-64
1742099159.2051332,-7,0,69
1742099159.240133,28,44,-118
1742099159.2751331,-15,20,-44
1742099159.3111331,14,-43,-12
1742099159.346133,-27,24,35
1742099159.382133,-26,-49,-104
1742099159.417133,17,-65,53
1742099159.453133,27,8,-110
1742099159.4881332,7,-39,-44
1742099159.523133,-8,46,-37
1742099159.559133,55,-19,32
1742099159.5941331,19,-11,-45
1742099159.6301332,-22,-27,-7
1742099159.665133,-16,61,-45
1742099159.701133,-48,-49,76
1742099159.736133,-62,-27,-41
1742099159.7711332,-10,-7,-23
1742099159.8071332,9,42,-61
1742099159.842133,35,58,-57
1742099159.878133,63,6,28
1742099159.9131331,-52,56,-39
1742099159.9491332,7,14,-51
1742099159.984133,-30,-25,-85
1742099160.019133,5,-25,10
1742099160.055133,-70,42,108
1742099160.0901332,-40,-7,-35
1742099160.126133,47,46,-15
1742099160.161133,-82,30,-41
1742099160.197133,61,28,-13
1742099160.2321332,29,-35,-57
1742099160.267133,-40,0,-39
1742099160.303133,-42,30,2
1742099160.338133,33,-19,-85
1742099160.374133,-54,14,-95
1742099160.4091332,29,8,62
1742099160.444133,21,-7,-35
1742099160.4791331,57,52,-227
1742099160.5151331,-16,-45,-235
1742099160.5511332,21,-15,-137
1742099160.586133,-80,30,18
1742099160.622133,5,-45,-155
1742099160.657133,-8,-35,38
1742099160.6921332,89,-1,-23
1742099160.727133,1,10,-73
1742099160.763133,7,-51,-13
1742099160.799133,23,-31,-19
1742099160.8341331,-28,82,-159
1742099160.8701332,37,-9,98
1742099160.905133,63,-47,-51
1742099160.940133,-34,-59,-49
1742099160.9751332,-14,-25,-25
1742099161.0111332,25,-11,-85
1742099161.047133,-12,-21,-193
1742099161.082133,9,-19,-67
1742099161.118133,-2,0,66
1742099161.1531332,7,2,34
1742099161.188133,59,8,-47
1742099161.223133,-26,-5,38
1742099161.259133,-60,-21,-29
1742099161.295133,-58,-11,-73
1742099161.3301332,-2,-61,-47
1742099161.366133,-10,-21,-85
1742099161.401133,50,-5,-11
1742099161.4361331,-44,2,-107
1742099161.471133,27,-111,-89
1742099161.507133,-65,-19,-19
1742099161.543133,-57,-3,40
1742099161.578133,26,-9,-59
1742099161.6141331,31,-27,-25
1742099161.649133,29,4,6
1742099161.684133,-24,6,48
1742099161.7191331,-111,-39,56
1742099161.7551332,-43,4,-53
1742099161.7911332,-55,4,-49
1742099161.826133,2,-13,-43
1742099161.862133,-36,-21,-115
1742099161.897133,-1,16,-19
1742099161.9321332,0,-1,-11
1742099161.967133,-20,-29,-43
1742099162.003133,51,-1,-19
1742099162.039133,-20,36,14
1742099162.0741332,61,-7,-135
1742099162.1101332,5,8,-71
1742099162.145133,3,34,30
1742099162.180133,37,-5,-77
1742099162.2151332,-10,-59,-73
1742099162.251133,18,40,-121
1742099162.287133,4,34,-121
1742099162.322133,-39,-19,-41
1742099162.358133,-41,-65,-17
1742099162.3931332,-25,-67,-9
1742099162.428133,74,10,-17
1742099162.463133,-9,36,48
1742099162.499133,-47,-37,22
1742099162.5351331,40,10,-7
1742099162.570133,-47,28,-51
1742099162.606133,-11,-13,-39
1742099162.641133,12,60,-81
1742099162.6761332,-29,70,-109
1742099162.711133,22,-89,128
1742099162.747133,20,-17,-123
1742099162.783133,-19,22,-65
1742099162.818133,4,80,-5
1742099162.8541331,0,10,38
1742099162.889133,18,-23,-155
1742099162.924133,4,-65,88
1742099162.9591331,68,6,-65
1742099162.9951332,4,-1,-25
1742099163.0311332,-17,18,25
1742099163.066133,-55,-33,39
1742099163.102133,52,70,-52
1742099163.1371331,-22,-53,-72
1742099163.172133,17,-7,51
1742099163.207133,-5,-7,-54
1742099163.243133,96,6,-22
1742099163.279133,-39,16,15
1742099163.3141332,26,22,-106
1742099163.3501332,-25,-51,-108
1742099163.385133,-3,24,-122
1742099163.420133,-25,-63,-90
1742099163.4551332,40,6,-130
1742099163.491133,46,-55,49
1742099163.527133,30,-27,-118
1742099163.562133,-73,-29,-100
1742099163.598133,-55,-33,-96
1742099163.6331332,50,-3,-80
1742099163.668133,-15,-53,7
1742099163.703133,84,38,35
1742099163.7391331,38,-25,-168
1742099163.7751331,-71,-33,-22
1742099163.810133,44,-9,-14
1742099163.846133,-41,-13,71
1742099163.881133,-39,-3,-50
1742099163.9161332,20,-9,-132
1742099163.951133,70,16,-64
1742099163.987133,-9,32,-164
1742099164.023133,88,-1,-120
1742099164.0581331,-45,50,21
1742099164.0941331,-1,2,-30
1742099164.129133,72,46,-38
1742099164.164133,-17,-27,-38
1742099164.1991332,-15,-7,-88
1742099164.2351332,16,60,-154
1742099164.2711332,0,22,-52
1742099164.306133,-47,-51,-190
1742099164.342133,-19,16,-54
1742099164.3771331,-7,18,-14
1742099164.412133,-11,-69,-122
1742099164.447133,-11,-17,-24
1742099164.483133,52,-69,-62
1742099164.519133,36,4,-58
1742099164.5541332,-83,6,-24
1742099164.5901332,96,34,1
1742099164.625133,-115,-59,11
1742099164.6601331,-27,26,-84
1742099164.6961331,46,-39,-92
1742099164.731133,-79,64,95
1742099164.767133,60,-3,-20
1742099164.802133,-31,-63,-6
1742099164.838133,42,2,-50
1742099164.8731332,-15,12,-136
1742099164.908133,76,-55,39
1742099164.944133,80,78,49
1742099164.9791331,48,0,21
1742099165.0151331,-11,-91,-14
1742099165.050133,22,-1,-14
1742099165.086133,10,-5,-48
1742099165.121133,-9,-33,-32
1742099165.1561332,-3,-9,-122
1742099165.1921332,-31,-25,-152
1742099165.227133,-57,46,-68
1742099165.263133,-107,2,-8
1742099165.2981331,-45,-3,47
1742099165.3341331,44,-19,-94
1742099165.369133,-107,6,-108
1742099165.404133,2,40,-54
1742099165.440133,24,-39,61
1742099165.4751332,2,8,3
1742099165.5111332,-27,-11,-30
1742099165.546133,10,60,-64
1742099165.582133,14,32,-44
1742099165.6171331,78,-29,-74
1742099165.652133,8,-27,29
1742099165.688133,-11,-15,-44
1742099165.723133,-31,68,-14
1742099165.759133,0,16,-122
1742099165.7941332,40,40,-38
1742099165.8301332,84,0,1
1742099165.865133,0,-45,-62
1742099165.9001331,44,-25,-74
1742099165.9361331,30,-39,-70
1742099165.971133,-1,-87,-6
1742099166.007133,20,-33,-30
1742099166.042133,-51,-21,-50
1742099166.078133,-5,56,21
1742099166.1131332,78,-9,-54
1742099166.155133,-5,-25,-54
1742099166.1921332,18,-59,-128
1742099166.227133,42,30,-46
1742099166.263133,-29,-35,45
1742099166.2981331,-19,-61,-26
1742099166.3341331,-41,18,147
1742099166.369133,-17,-69,-88
1742099166.404133,12,26,117
1742099166.440133,46,28,-140
1742099166.4751332,10,-5,-170
1742099166.5111332,12,-39,-110
1742099166.546133,22,-15,-20
1742099166.582133,-79,-63,31
1742099166.6171331,-63,-67,-22
1742099166.652133,30,-81,-210
1742099166.688133,2,28,-50
1742099166.723133,-51,-59,-104
1742099166.759133,50,21,-92
1742099166.7941332,28,57,-162
1742099166.8301332,18,-50,9
1742099166.866133,-9,20,-104
1742099166.902133,24,-17,-50
1742099166.938133,62,-11,-56
1742099166.973133,-1,-45,-44
1742099167.0081332,8,30,-44
1742099167.0441332,-27,-65,-27
1742099167.0801332,26,0,27
1742099167.115133,0,14,-70
1742099167.151133,34,26,-60
1742099167.1861331,-67,-31,-28
1742099167.221133,14,-41,-36
1742099167.256133,20,102,-154
1742099167.292133,38,-1,-108
1742099167.328133,-19,48,46
1742099167.3631332,120,-17,54
1742099167.399133,-97,-23,-39
1742099167.434133,-23,2,-91
1742099167.4691331,-9,30,-63
1742099167.504133,44,12,-43
1742099167.540133,-17,28,-11
1742099167.576133,-17,-9,-29
1742099167.611133,24,60,-125
1742099167.647133,44,16,12
1742099167.6821332,-35,40,-95
1742099167.717133,22,-29,64
1742099167.7521331,-29,-47,-113
1742099167.7881331,12,26,-9
1742099167.8241332,44,22,-109
1742099167.859133,-47,-59,-31
1742099167.895133,-23,96,-105
1742099167.930133,-39,126,-40
1742099167.9651332,-67,4,-14
1742099168.000133,10,12,-31
1742099168.036133,-15,34,22
1742099168.072133,34,10,-49
1742099168.1071332,-1,28,79
1742099168.1431332,2,34,32
1742099168.178133,-7,-79,-51
1742099168.213133,54,-43,-84
1742099168.2481332,-9,26,95
1742099168.2841332,-3,-27,-21
1742099168.320133,-41,8,-51
1742099168.355133,20,44,-15
1742099168.391133,-85,24,-77
1742099168.4261332,-63,-11,-5
1742099168.461133,44,-23,-55
1742099168.496133,26,-71,-13
1742099168.532133,-25,-27,-75
1742099168.568133,-11,-51,-29
1742099168.6031332,48,-17,-71
1742099168.639133,-45,88,-9
1742099168.674133,42,-5,-103
1742099168.7091331,94,-21,-7
1742099168.744133,52,40,-55
1742099168.780133,-89,-45,-25
1742099168.816133,-37,-39,-13
1742099168.851133,-35,-15,-35
1742099168.8871331,66,-73,-137
1742099168.922133,-17,-31,-43
1742099168.957133,14,-69,-11
1742099168.9921331,-77,22,22
1742099169.0281332,-29,-5,-15
1742099169.0641332,-69,-3,-147
1742099169.099133,-55,-21,0
1742099169.135133,-21,32,72
1742099169.170133,40,-1,-45
1742099169.2051332,12,-77,-85
1742099169.240133,-7,-39,-11
1742099169.276133,66,32,34
1742099169.312133,-55,-19,-83
1742099169.3471332,-29,82,-97
1742099169.3831332,50,82,-89
1742099169.418133,16,-57,-165
1742099169.453133,14,-13,22
1742099169.4881332,-17,22,-81
1742099169.524133,-5,42,-5
1742099169.560133,-123,-31,-61
1742099169.595133,-5,10,-27
1742099169.631133,12,46,-19
1742099169.6661332,-1,-3,-17
1742099169.701133,14,-7,-9
1742099169.736133,32,6,-61
1742099169.772133,56,-47,-17
1742099169.8081331,-23,36,-153
1742099169.843133,-19,-77,-123
1742099169.879133,88,-33,166
1742099169.914133,92,-29,-17
1742099169.9491332,-63,8,42
1742099169.984133,10,32,26
1742099170.020133,44,-29,82
1742099170.056133,-51,24,22
1742099170.091133,-21,-13,-23
1742099170.1271331,22,-5,94
1742099170.162133,58,-57,-57
1742099170.197133,-63,-21,-91
1742099170.2321332,-17,-27,-47
1742099170.2681332,-41,-27,-107
1742099170.3041332,24,-35,-81
1742099170.339133,-29,-65,-105
1742099170.375133,-105,-51,-89
1742099170.4101331,-35,-23,-105
1742099170.445133,-13,-29,-39
1742099170.480133,0,24,-1
1742099170.516133,10,-13,-5
1742099170.552133,-31,6,42
1742099170.5871332,80,14,-53
1742099170.6231332,18,4,-29
1742099170.658133,-53,-27,-1
1742099170.693133,-43,-1,-9
1742099170.7281332,18,64,-153
1742099170.764133,68,34,-79
1742099170.800133,-9,54,-81
1742099170.835133,10,-25,-71
1742099170.871133,48,-9,-13
1742099170.9061332,4,-9,22
1742099170.941133,62,-51,-27
1742099170.976133,-33,-15,-87
1742099171.0121331,-71,-19,-101
1742099171.0481331,-33,52,-171
1742099171.083133,0,-5,48
1742099171.119133,20,-19,24
1742099171.154133,-7,30,44
1742099171.1891332,-3,34,38
1742099171.2251332,26,-15,-15
1742099171.260133,-117,-63,-35
1742099171.296133,-25,-47,-95
1742099171.3311331,28,68,-39
1742099171.3671331,28,58,26
1742099171.402133,8,74,-49
1742099171.437133,68,-19,-59
1742099171.473133,56,50,-83
1742099171.5081332,-23,10,36
1742099171.5441332,-21,2,-35
1742099171.579133,-25,-25,-31
1742099171.615133,54,24,12
1742099171.6501331,-77,24,15
1742099171.685133,-5,20,-16
1742099171.721133,32,-13,-46
1742099171.756133,-85,14,-62
1742099171.792133,-23,6,-116
1742099171.8271332,-49,2,-52
1742099171.8631332,-81,-25,7
1742099171.898133,8,-51,65
1742099171.9331331,48,-3,27
1742099171.9691331,-47,-5,-62
1742099172.004133,-15,18,-56
1742099172.040133,20,-71,83
1742099172.075133,-99,44,47
1742099172.111133,32,62,-24
1742099172.1461332,8,80,21
1742099172.181133,26,88,5
1742099172.217133,10,-33,-88
1742099172.2521331,26,74,37
1742099172.2881331,12,64,-92
1742099172.323133,-55,-11,-74
1742099172.359133,-73,0,-100
1742099172.394133,-81,12,-74
1742099172.4291332,-49,-5,-16
1742099172.4651332,68,0,-88
1742099172.500133,36,-21,27
1742099172.536133,6,-31,-32
1742099172.5711331,-3,0,93
1742099172.6071332,-35,-7,3
1742099172.642133,12,52,3
1742099172.677133,-11,-83,-82
1742099172.713133,14,64,-110
1742099172.7481332,58,18,-72
1742099172.7841332,44,70,-188
1742099172.819133,34,52,-34
1742099172.855133,54,-37,-20
1742099172.8901331,18,-1,-22
1742099172.925133,36,26,-28
1742099172.961133,104,-45,-90
1742099172.996133,138,12,-96
1742099173.032133,50,4,-4
1742099173.0671332,40,-31,-40
1742099173.1031332,12,84,-36
1742099173.138133,76,-7,-54
1742099173.1731331,36,-45,-184
1742099173.2091331,8,-35,3
1742099173.244133,-149,16,-32
1742099173.280133,-35,-27,39
1742099173.315133,58,-31,-70
1742099173.351133,22,-27,-66
1742099173.3861332,26,32,17
1742099173.421133,72,-25,-148
1742099173.457133,-39,-3,-32
1742099173.4921331,4,56,-72
1742099173.5281332,50,-41,-66
1742099173.563133,16,-74,127
1742099173.598133,-71,-24,-104
1742099173.6331332,-33,-11,-50
1742099173.6691332,126,28,-102
1742099173.7051332,-11,-77,-96
1742099173.740133,68,48,-124
1742099173.776133,28,18,61
1742099173.8111331,54,86,-72
1742099173.846133,-81,26,-140
1742099173.881133,-35,70,-48
1742099173.917133,38,-81,-112
1742099173.953133,-63,32,-160
1742099173.9881332,74,-3,-8
1742099174.024133,-53,-59,-66
1742099174.059133,16,72,-66
1742099174.0941331,68,2,-188
1742099174.129133,-97,-3,-66
1742099174.165133,0,-59,27
1742099174.201133,-65,32,-144
1742099174.236133,66,-69,-196
1742099174.272133,-5,20,-24
1742099174.3071332,40,44,21
1742099174.342133,70,-11,-8
1742099174.3771331,24,-1,97
1742099174.4131331,-97,-7,-74
1742099174.4491332,-63,-69,-86
1742099174.484133,-81,-53,39
1742099174.520133,-55,-15,57
1742099174.555133,-51,-49,-26
1742099174.5901332,-35,42,-60
1742099174.625133,14,-45,85
1742099174.661133,-11,14,-26
1742099174.697133,-71,-13,67
1742099174.7321332,-25,2,-20
1742099174.7681332,-11,18,-85
1742099174.803133,6,50,-39
1742099174.838133,2,46,-29
1742099174.8731332,-61,-31,-35
1742099174.9091332,-99,-59,186
1742099174.945133,-1,14,40
1742099174.980133,-41,4,-16
1742099175.016133,-11,28,-65
1742099175.0511332,40,50,-63
1742099175.086133,16,36,-23
1742099175.121133,32,64,66
1742099175.157133,36,-79,54
1742099175.193133,30,-61,-61
1742099175.2281332,-39,-81,-95
1742099175.264133,-45,-25,14
1742099175.299133,42,-35,-43
1742099175.3341331,36,-17,-113
1742099175.369133,26,22,-147
1742099175.405133,-21,-7,-25
1742099175.441133,6,-23,-167
1742099175.476133,-33,68,-95
1742099175.5121331,20,-55,-9
1742099175.547133,-35,2,-71
1742099175.582133,16,14,-111
1742099175.6171331,-41,28,-17
1742099175.6531332,60,-113,-103
1742099175.6891332,40,-27,-69
1742099175.724133,48,-51,-115
1742099175.760133,-69,0,18
1742099175.795133,-5,18,-51
1742099175.8301332,-35,-41,-25
1742099175.865133,-115,-7,2
1742099175.901133,-11,-7,-29
1742099175.937133,16,-55,-137
1742099175.9721332,38,-11,-77
1742099176.0081332,-43,-13,36
1742099176.043133,32,-7,-31
1742099176.078133,66,14,56
1742099176.1131332,38,6,-77
1742099176.149133,44,-9,44
1742099176.1921332,44,-3,42
1742099176.2281332,-15,-93,2
1742099176.264133,40,-25,6
1742099176.299133,-41,-19,-41
1742099176.3341331,0,66,-21
1742099176.369133,-3,-25,-3
1742099176.405133,-19,-51,-87
1742099176.441133,-71,2,58
1742099176.476133,-73,44,34
1742099176.5121331,-75,12,-7
1742099176.547133,-15,-25,-7
1742099176.582133,6,-93,-77
1742099176.6171331,-41,14,-53
1742099176.6531332,56,66,-89
1742099176.6891332,-39,32,-155
1742099176.724133,-85,-103,-71
1742099176.760133,-1,44,-67
1742099176.795133,-43,-45,36
1742099176.8301332,-39,50,-15
1742099176.865133,-5,14,-33
1742099176.901133,-7,-11,-59
1742099176.937133,-41,-15,-103
1742099176.9721332,14,-15,-159
1742099177.0081332,-63,-25,-3
1742099177.043133,-69,-7,-61
1742099177.078133,-45,4,22
1742099177.1131332,48,-29,8
1742099177.149133,-53,-7,22
1742099177.185133,23,88,-149
1742099177.220133,-5,14,-129
1742099177.256133,-115,28,-65
1742099177.2911332,36,-15,-13
1742099177.326133,-15,40,26
1742099177.361133,26,18,12
1742099177.397133,-45,-31,-47
1742099177.4331331,48,0,-73
1742099177.468133,-87,22,-3
1742099177.504133,24,-9,-77
1742099177.539133,18,-37,70
1742099177.5741332,34,10,44
1742099177.609133,-51,28,-23
1742099177.645133,-69,64,42
1742099177.681133,38,46,62
1742099177.716133,-63,-51,-61
1742099177.7521331,24,-25,-49
1742099177.787133,-73,6,32
1742099177.822133,-69,66,16
1742099177.858133,14,22,-57
1742099177.8931332,24,-43,-103
1742099177.9291332,-31,26,-7
1742099177.964133,16,26,62
1742099178.000133,-27,24,-207
1742099178.0351331,-3,62,56
1742099178.070133,74,-47,-107
1742099178.106133,36,76,-139
1742099178.141133,-17,6,-121
1742099178.177133,2,-5,-207
1742099178.2121332,66,76,-107
1742099178.2481332,-3,-17,-75
1742099178.283133,22,96,-45
1742099178.318133,-83,2,-15
1742099178.3541331,-81,4,-13
1742099178.389133,-57,28,82
1742099178.425133,40,-17,-49
1742099178.460133,2,-1,-75
1742099178.496133,16,0,-47
1742099178.5311332,44,6,20
1742099178.566133,8,-33,-11
1742099178.602133,-55,94,14
1742099178.6371331,40,-45,-77
1742099178.6731331,4,-7,-33
1742099178.708133,-31,50,-91
1742099178.744133,-65,12,-133
1742099178.779133,-21,2,40
1742099178.8141332,8,48,-65
1742099178.8501332,14,-33,-33
1742099178.885133,-45,-7,-133
1742099178.921133,10,-5,-53
1742099178.9561331,-109,16,-3
1742099178.9921331,-37,56,50
1742099179.027133,-43,38,-45
1742099179.062133,42,12,-93
1742099179.098133,26,18,-101
1742099179.1331332,8,-11,17
1742099179.1691332,108,-3,-59
1742099179.204133,-99,-15,-68
1742099179.240133,16,32,75
1742099179.2751331,8,-7,-46
1742099179.310133,6,-67,-46
1742099179.346133,-23,18,-84
1742099179.381133,-15,-1,-142
1742099179.417133,-7,-15,-68
1742099179.4521332,-17,58,-24
1742099179.4881332,-11,-7,-46
1742099179.523133,4,-13,-70
1742099179.5581331,16,28,49
1742099179.5941331,-7,38,-120
1742099179.629133,122,0,-52
1742099179.665133,-59,-47,-18
1742099179.700133,48,-3,-2
1742099179.736133,22,40,-80
1742099179.7711332,24,6,-64
1742099179.806133,4,-47,-114
1742099179.842133,-3,-37,-22
1742099179.8771331,4,-49,5
1742099179.9131331,-19,-15,-194
1742099179.948133,18,-101,-78
1742099179.984133,40,-93,77
1742099180.020133,-13,-33,-88
1742099180.056133,-37,-1,-98
1742099180.092133,-23,-79,-102
1742099180.128133,-59,24,-124
1742099180.164133,-29,-1,-48
1742099180.1991332,-43,20,-138
1742099180.234133,0,-11,-10
1742099180.270133,-57,8,27
1742099180.306133,-17,24,-18
1742099180.341133,26,6,-6
1742099180.3771331,64,22,-50
1742099180.412133,-11,40,49
1742099180.447133,-59,-31,21
1742099180.4821332,14,-17,-42
1742099180.5181332,-3,-17,-26
1742099180.5541332,-41,-31,-30
1742099180.589133,70,-57,27
1742099180.625133,4,20,-90
1742099180.6601331,70,-67,-70
1742099180.695133,54,-73,-50
1742099180.730133,2,58,-44
1742099180.766133,54,-3,-60
1742099180.802133,84,-39,-64
1742099180.8371332,88,4,-20
1742099180.8731332,106,-1,47
1742099180.908133,-9,38,21
1742099180.943133,-13,80,-94
1742099180.9781332,34,54,-82
1742099181.014133,-43,18,-122
1742099181.050133,-23,6,-26
1742099181.085133,-17,-23,-70
1742099181.121133,6,26,31
1742099181.1561332,-51,2,-28
1742099181.191133,-59,12,5
1742099181.226133,-5,-59,-18
1742099181.2621331,-95,52,-6
1742099181.2981331,-11,70,-90
1742099181.333133,-39,8,-102
1742099181.369133,-27,4,-104
1742099181.404133,-21,0,-2
1742099181.4391332,-11,-43,-108
1742099181.474133,-13,-7,-140
1742099181.510133,4,-43,-18
1742099181.546133,-109,-19,1
1742099181.5811331,-23,-31,-98
1742099181.6171331,0,56,49
1742099181.652133,6,-63,-142
1742099181.687133,-7,-5,-76
1742099181.7221332,62,38,-60
1742099181.7581332,-1,-5,73
1742099181.7941332,38,32,-124
1742099181.829133,82,24,-46
1742099181.865133,-35,-27,-10
1742099181.9001331,102,-23,-34
1742099181.935133,24,4,-32
1742099181.970133,0,-7,-18
1742099182.006133,-75,14,3
1742099182.042133,33,54,-58
1742099182.0771332,-24,36,-56
1742099182.1131332,-75,-23,-120
1742099182.148133,-36,-9,31
1742099182.1831331,-44,-45,-82
1742099182.218133,-35,-3,-82
1742099182.254133,78,-63,1
1742099182.290133,-93,16,-104
1742099182.325133,28,-3,3
1742099182.361133,18,14,87
1742099182.3961332,52,-25,-80
1742099182.431133,6,34,-122
1742099182.466133,4,-1,-10
1742099182.5021331,-35,0,5
1742099182.5381331,-41,22,71
1742099182.573133,0,44,33
1742099182.609133,-29,34,-161
1742099182.644133,-17,14,-15
1742099182.6791332,100,24,68
1742099182.714133,76,-49,-43
1742099182.750133,74,18,-49
1742099182.786133,-35,-61,44
1742099182.8211331,0,-27,-159
1742099182.8571332,-103,-39,34
1742099182.892133,86,-21,-105
1742099182.927133,70,52,2
1742099182.9621332,48,70,16
1742099182.9981332,-43,2,-217
1742099183.0341332,-9,-99,-7
1742099183.069133,116,24,-115
1742099183.105133,30,0,-69
1742099183.1401331,-35,-19,-13
1742099183.175133,-19,-25,-113
1742099183.210133,40,-25,-109
1742099183.246133,2,-7,-11
1742099183.282133,-41,6,-87
1742099183.3171332,-13,-17,-13
1742099183.3531332,-33,-33,-31
1742099183.388133,4,16,-101
1742099183.4231331,-23,66,0
1742099183.458133,-7,26,-15
1742099183.494133,32,6,-5
1742099183.530133,-39,36,-11
1742099183.565133,42,-9,-13
1742099183.601133,-77,-57,-85
1742099183.6361332,-83,-45,-111
1742099183.671133,-23,10,-39
1742099183.7061331,-39,-19,-147
1742099183.7421331,32,78,-17
1742099183.7781332,6,-39,-47
1742099183.813133,-45,-25,72
1742099183.849133,28,54,-3
1742099183.884133,-9,-31,-131
1742099183.9191332,-79,34,34
1742099183.954133,-32,16,-19
1742099183.990133,-51,30,58
1742099184.026133,22,-3,-59
1742099184.0611331,44,12,-81
1742099184.0971332,80,38,-109
1742099184.132133,12,15,-101
1742099184.167133,62,85,-113
1742099184.203133,24,43,136
1742099184.2381332,38,-45,32
1742099184.274133,-5,98,-169
1742099184.309133,-39,-29,-31
1742099184.345133,6,-55,98
1742099184.3801332,38,32,20
1742099184.415133,0,34,-117
1742099184.450133,-9,-31,144
1742099184.486133,-87,40,-59
1742099184.522133,56,-43,6
1742099184.5571332,-51,-39,-57
1742099184.593133,-61,24,-33
1742099184.628133,40,-59,-57
1742099184.6631331,32,-53,30
1742099184.6991332,120,36,-99
1742099184.734133,-59,18,40
1742099184.770133,-3,-21,-57
1742099184.805133,32,-1,-49
1742099184.841133,100,-61,-109
1742099184.876133,-41,44,88
1742099184.911133,24,-39,42
1742099184.947133,-1,16,-73
1742099184.9821332,-67,32,50
1742099185.0181332,56,66,-3
1742099185.053133,16,62,-127
1742099185.089133,64,34,8
1742099185.124133,-25,-13,-69
1742099185.1591332,-1,6,-57
1742099185.195133,-7,14,-69
1742099185.230133,-25,28,-13
1742099185.266133,18,-45,-95
1742099185.3011332,14,-5,22
1742099185.3371332,-49,24,-55
1742099185.372133,-29,-25,-43
1742099185.407133,-35,78,-33
1742099185.443133,12,-67,78
1742099185.4781332,-19,-7,-39
1742099185.514133,-11,-7,-161
1742099185.549133,12,82,-105
1742099185.585133,-41,4,0
1742099185.6201332,38,-13,-101
1742099185.655133,-1,98,6
1742099185.691133,-13,18,-45
1742099185.726133,32,-3,-67
1742099185.7621331,-13,88,-71
1742099185.797133,14,8,-133
1742099185.833133,-25,28,-125
1742099185.868133,-35,-13,-23
1742099185.9031332,22,22,-61
1742099185.9391332,22,-79,-107
1742099185.974133,20,28,-113
1742099186.010133,-75,-47,-73
1742099186.045133,4,34,-44
1742099186.0811331,46,54,9
1742099186.116133,44,16,3
1742099186.151133,-53,-27,-38
1742099186.194133,-19,24,-60
1742099186.230133,2,0,-66
1742099186.266133,-59,48,-42
1742099186.3011332,24,46,-106
1742099186.3371332,-43,26,-76
1742099186.372133,42,2,-12
1742099186.407133,56,-1,-14
1742099186.443133,16,6,-68
1742099186.4781332,-21,38,-152
1742099186.514133,-37,0,-38
1742099186.549133,-59,-49,-84
1742099186.585133,-53,10,-44
1742099186.621133,20,-11,-112
1742099186.657133,-45,44,-30
1742099186.693133,56,-21,-84
1742099186.7291331,0,72,0
1742099186.7651331,-13,-1,-80
1742099186.800133,2,42,79
1742099186.835133,32,56,13
1742099186.871133,6,-31,-82
1742099186.907133,46,36,-102
1742099186.9421332,-43,76,-50
1742099186.9781332,58,50,-10
1742099187.013133,-45,-7,-20
1742099187.0481331,38,2,-48
1742099187.083133,0,-87,-80
1742099187.119133,68,82,-42
1742099187.155133,46,-61,-54
1742099187.190133,20,-41,41
1742099187.226133,-15,-35,-50
1742099187.2611332,8,-59,-54
1742099187.296133,76,-79,-72
1742099187.3311331,110,24,5
1742099187.3671331,-51,8,-190
1742099187.4031332,-1,104,-32
1742099187.438133,58,20,-86
1742099187.474133,-55,72,-36
1742099187.509133,0,-49,-108
1742099187.5441332,-55,40,25
1742099187.579133,-9,24,-52
1742099187.615133,86,-37,-94
1742099187.651133,62,-25,-122
1742099187.6861331,96,-77,3
1742099187.7221332,2,2,-32
1742099187.757133,0,-9,11
1742099187.792133,-33,38,-106
1742099187.8271332,38,10,17
1742099187.8631332,54,34,45
1742099187.899133,60,28,-106
1742099187.934133,-31,-3,-58
1742099187.970133,80,-49,5
1742099188.0051332,4,-59,-68
1742099188.040133,24,28,-68
1742099188.075133,-33,-45,-24
1742099188.111133,-21,28,13
1742099188.147133,-27,-17,-6
1742099188.1821332,-61,18,-68
1742099188.218133,-35,-25,-64
1742099188.253133,144,-45,-150
1742099188.2881331,0,22,13
1742099188.323133,-35,-43,-132
1742099188.359133,56,-67,-38
1742099188.395133,-35,34,139
1742099188.430133,-31,-29,-20
1742099188.466133,-11,-21,-80
1742099188.501133,-1,-105,51
1742099188.536133,74,-11,-92
1742099188.5711331,44,-39,-18
1742099188.6071332,-25,-5,-26
1742099188.6431332,26,-1,-52
1742099188.678133,-27,19,-70
1742099188.714133,0,59,5
1742099188.749133,-85,-40,-14
1742099188.7841332,4,52,-30
1742099188.819133,36,22,77
1742099188.855133,32,-47,1
1742099188.891133,96,6,-20
1742099188.9261332,138,-15,7
1742099188.9621332,-23,-43,-116
1742099188.997133,94,6,-68
1742099189.032133,22,-69,51
1742099189.0671332,66,-23,15
1742099189.1031332,-17,-17,11
1742099189.139133,-59,-19,-70
1742099189.174133,-17,42,29
1742099189.210133,10,6,-20
1742099189.2451332,96,-43,-92
1742099189.280133,-41,-31,-164
1742099189.315133,-29,-33,-8
1742099189.351133,98,76,-68
1742099189.3871331,8,22,-42
1742099189.422133,-19,50,-38
1742099189.458133,-23,-23,-56
1742099189.493133,0,-7,-160
1742099189.5281332,14,-17,-114
1742099189.563133,-31,-39,-68
1742099189.599133,-31,-93,-62
1742099189.635133,-29,30,-28
1742099189.670133,8,24,9
1742099189.7061331,10,12,83
1742099189.741133,-41,8,-42
1742099189.776133,26,-7,117
1742099189.8111331,-3,24,13
1742099189.8471332,-13,10,-16
1742099189.8831332,-19,-19,-16
1742099189.918133,52,-63,-6
1742099189.954133,34,52,-122
1742099189.9891331,-31,20,0
1742099190.024133,-23,-5,13
1742099190.059133,-51,20,-30
1742099190.095133,-11,-51,37
1742099190.131133,-25,0,-16
1742099190.1661332,-27,-23,-38
1742099190.2021332,-29,-19,73
1742099190.237133,-7,-25,-10
1742099190.272133,60,-41,-68
1742099190.3071332,-23,12,23
1742099190.343133,46,16,-62
1742099190.379133,-68,-43,95
1742099190.414133,1,34,-88
1742099190.450133,-30,24,-48
1742099190.4851332,17,-69,-4
1742099190.520133,-34,-21,11
1742099190.555133,12,-9,-98
1742099190.591133,-39,-23,-108
1742099190.6271331,-23,28,5
1742099190.662133,76,90,-6
1742099190.698133,72,18,-80
1742099190.733133,22,-29,-96
1742099190.7681332,32,46,-16
1742099190.8041332,-5,-17,-114
1742099190.839133,20,0,-124
1742099190.875133,78,42,-55
1742099190.9101331,-39,6,-10
1742099190.9461331,6,-11,-114
1742099190.981133,-41,-1,-90
1742099191.016133,-67,22,-51
1742099191.052133,-13,18,-55
1742099191.0871332,28,76,-5
1742099191.1231332,-23,-11,-124
1742099191.158133,-25,34,-106
1742099191.194133,-97,4,-151
1742099191.2291331,46,16,-25
1742099191.264133,2,-41,12
1742099191.300133,90,88,-39
1742099191.335133,10,38,-9
1742099191.371133,78,60,7
1742099191.4061332,2,-25,-32
1742099191.4421332,0,-3,77
1742099191.477133,22,44,-6
1742099191.5121331,-49,-19,1
1742099191.5481331,-57,46,-132
1742099191.583133,80,-21,59
1742099191.619133,-101,-11,-162
1742099191.654133,-5,36,7
1742099191.690133,34,6,-26
1742099191.7251332,6,24,49
1742099191.760133,26,24,-26
1742099191.796133,20,98,49
1742099191.8311331,34,22,123
1742099191.8671331,42,16,-62
1742099191.902133,38,80,-43
1742099191.938133,-7,-95,96
1742099191.973133,-11,8,12
1742099192.0081332,0,24,-89
1742099192.0441332,-37,-27,-83
1742099192.079133,-21,-41,-57
1742099192.115133,54,-35,-37
1742099192.1501331,70,20,-89
1742099192.1861331,-55,-15,-147
1742099192.221133,14,-7,-95
1742099192.256133,-1,62,-103
1742099192.292133,4,-3,68
1742099192.3271332,34,6,16
1742099192.3631332,36,-53,46
1742099192.398133,30,-87,-21
1742099192.434133,-31,6,30
1742099192.4691331,54,38,4
1742099192.504133,-47,-33,108
1742099192.540133,-79,30,8
1742099192.575133,-17,32,22
1742099192.611133,6,-45,46
1742099192.6461332,26,50,0
1742099192.6821332,40,64,-75
1742099192.717133,-51,32,-23
1742099192.7521331,74,-9,-5
1742099192.7881331,-47,70,-35
1742099192.823133,34,4,96
1742099192.859133,56,-47,-19
1742099192.894133,-3,-7,-91
1742099192.930133,-33,66,-81
1742099192.9651332,16,28,-91
1742099193.000133,-15,-11,-91
1742099193.036133,-45,54,-79
1742099193.0711331,46,-11,-69
1742099193.1071332,-127,-23,76
1742099193.142133,-63,18,8
1742099193.178133,12,50,-79
1742099193.213133,2,-93,84
1742099193.2481332,-19,36,-5
1742099193.2841332,-17,32,-25
1742099193.319133,2,20,-101
1742099193.355133,-55,-7,64
1742099193.3901331,-1,18,-75
1742099193.425133,-33,14,-125
1742099193.460133,-21,-15,-9
1742099193.496133,-19,14,0
1742099193.532133,66,20,-69
1742099193.5671332,8,48,-61
1742099193.6031332,6,26,-21
1742099193.638133,42,-79,-77
1742099193.6731331,-1,-9,-81
1742099193.708133,48,-89,36
1742099193.744133,-3,-35,-29
1742099193.780133,-57,8,-149
1742099193.815133,48,-43,-135
1742099193.851133,74,28,-117
1742099193.8861332,22,2,16
1742099193.921133,22,-37,-225
1742099193.9561331,36,56,-49
1742099193.9921331,24,-7,-51
1742099194.0281332,96,6,-47
1742099194.063133,-27,-25,36
1742099194.099133,18,-5,-61
1742099194.134133,50,-33,14
1742099194.1691332,75,40,-111
1742099194.204133,-52,26,-17
1742099194.240133,31,-45,-139
1742099194.276133,67,10,-7
1742099194.3111331,-55,36,-31
1742099194.3471332,-64,-10,70
1742099194.382133,34,62,-27
1742099194.417133,14,-10,60
1742099194.4521332,60,-8,16
1742099194.4881332,-9,31,8
1742099194.524133,62,-13,-9
1742099194.559133,-25,0,-163
1742099194.595133,-63,24,-51
1742099194.6301332,-67,-31,-65
1742099194.665133,-37,-35,-13
1742099194.700133,2,-61,-45
1742099194.736133,4,-11,-33
1742099194.772133,-5,-31,-39
1742099194.8071332,30,14,-69
1742099194.843133,98,-71,-109
1742099194.878133,-71,-7,-59
1742099194.9131331,6,-19,-53
1742099194.948133,8,64,-37
1742099194.984133,8,10,-23
1742099195.020133,-7,0,-61
1742099195.055133,46,82,52
1742099195.091133,70,-115,44
1742099195.126133,-3,36,-71
1742099195.161133,-81,28,-71
1742099195.1961331,-7,-7,-129
1742099195.2321332,66,-23,-79
1742099195.2681332,44,-53,-109
1742099195.303133,34,22,-81
1742099195.339133,-9,-47,26
1742099195.374133,96,38,-49
1742099195.4091332,-63,-15,-139
1742099195.444133,14,22,-123
1742099195.480133,22,68,-73
1742099195.516133,-31,30,-39
1742099195.5511332,-85,66,8
1742099195.5871332,-21,12,-29
1742099195.622133,126,-1,-21
1742099195.657133,-57,18,-23
1742099195.6921332,28,-67,-55
1742099195.7281332,-69,-13,46
1742099195.764133,54,82,28
1742099195.799133,24,18,72
1742099195.835133,38,28,28
1742099195.8701332,-15,66,-165
1742099195.905133,-51,-45,-93
1742099195.940133,8,14,-85
1742099195.976133,-21,-53,-23
1742099196.0121331,28,68,-31
1742099196.047133,-41,-23,-27
1742099196.083133,-5,36,-133
1742099196.118133,44,106,16
1742099196.1531332,56,34,-47
1742099196.1961331,-29,-13,-61
1742099196.2321332,74,-49,-87
1742099196.2681332,-61,12,-151
1742099196.303133,-7,-27,68
1742099196.339133,-29,-1,-19
1742099196.374133,71,96,-79
1742099196.4091332,55,-63,66
1742099196.444133,-11,-31,-83
1742099196.480133,24,-65,-95
1742099196.516133,-29,-63,-15
1742099196.5511332,26,26,6
1742099196.5871332,-15,46,-155
1742099196.622133,72,24,-41
1742099196.657133,-3,-5,-121
1742099196.6921332,42,-7,-53
1742099196.7281332,78,-21,-113
1742099196.764133,18,-23,6
1742099196.799133,32,-47,-79
1742099196.835133,-27,-73,-39
1742099196.8701332,8,-49,54
1742099196.905133,-43,-3,-11
1742099196.940133,36,50,-121
1742099196.976133,-42,-14,-55
1742099197.0121331,48,26,-195
1742099197.047133,-22,-20,12
1742099197.083133,12,22,-69
1742099197.118133,-35,5,-69
1742099197.1531332,28,-3,-11
1742099197.188133,4,-1,-61
1742099197.224133,-5,-13,-123
1742099197.260133,8,21,-149
1742099197.295133,28,-6,-37
1742099197.3311331,44,-20,-1
1742099197.366133,-65,15,-157
1742099197.401133,20,-70,-79
1742099197.437133,30,-24,14
1742099197.4721332,68,-56,-57
1742099197.5081332,62,-66,-87
1742099197.543133,28,-8,-35
1742099197.579133,38,27,-103
1742099197.6141331,38,11,18
1742099197.649133,0,29,-131
1742099197.685133,16,-8,-63
1742099197.720133,82,-18,-1
1742099197.756133,-7,-27,-29
1742099197.7911332,30,-59,-103
1742099197.8271332,-71,-29,18
1742099197.862133,-61,-15,-61
1742099197.897133,-19,-61,-53
1742099197.9331331,-91,-33,-115
1742099197.968133,68,-1,-89
1742099198.004133,62,-119,-51
1742099198.039133,-45,90,-79
1742099198.075133,-5,-21,34
1742099198.1101332,24,-45,8
1742099198.145133,38,18,-13
1742099198.181133,48,-29,-175
1742099198.216133,-99,-23,-13
1742099198.2521331,44,-19,28
1742099198.287133,-3,78,66
1742099198.323133,-21,-11,-133
1742099198.358133,-19,28,-13
1742099198.3931332,16,-45,-29
1742099198.4291332,-1,2,-9
1742099198.464133,-3,-27,-69
1742099198.500133,4,-37,-21
1742099198.5351331,6,14,-109
1742099198.5711331,-43,-95,-25
1742099198.606133,84,78,44
1742099198.641133,12,64,-93
1742099198.677133,16,42,-111
1742099198.7121332,-105,88,-37
1742099198.7481332,26,36,-147
1742099198.783133,0,-23,-87
1742099198.819133,-33,-15,-3
1742099198.8541331,-49,16,-149
1742099198.889133,14,22,-13
1742099198.925133,66,-17,-93
1742099198.960133,-97,12,8
1742099198.996133,-9,20,-177
1742099199.0311332,-3,20,16
1742099199.0671332,4,-23,62
1742099199.102133,50,38,24
1742099199.1371331,4,-9,-25
1742099199.1731331,-23,32,-29
1742099199.208133,-75,2,-47
1742099199.244133,54,-59,-17
1742099199.279133,32,0,-37
1742099199.315133,42,-11,-87
1742099199.3501332,-29,48,-89
1742099199.385133,-37,-41,-143
1742099199.421133,20,24,48
1742099199.4561331,128,-19,-44
1742099199.4921331,80,-11,-29
1742099199.527133,2,18,-55
1742099199.563133,-43,10,-66
1742099199.598133,-23,58,-100
1742099199.6331332,8,10,-16
1742099199.6691332,56,128,-12
1742099199.704133,-49,42,47
1742099199.740133,4,-53,1
1742099199.7751331,-65,-21,-56
1742099199.8111331,-21,-51,-148
1742099199.8471332,16,62,-4
1742099199.882133,58,18,-49
1742099199.917133,-79,70,-91
1742099199.953133,-55,70,-125
1742099199.9891331,-13,84,-49
1742099200.024133,-3,-17,-21
1742099200.060133,30,-23,-89
1742099200.095133,-37,-4,-27
1742099200.1301332,78,-39,-146
1742099200.165133,12,-30,-23
1742099200.201133,-37,59,-83
1742099200.237133,18,50,-121
1742099200.272133,110,-19,-36
1742099200.3081331,-15,92,10
1742099200.343133,-17,-55,-168
1742099200.378133,6,2,3
1742099200.4131331,-41,-20,-110
1742099200.4491332,14,74,15
1742099200.4851332,24,60,-54
1742099200.520133,-81,20,41
1742099200.556133,32,-11,-56
1742099200.591133,-49,34,-132
1742099200.626133,90,50,23
1742099200.661133,-69,10,43
1742099200.697133,-25,-3,-44
1742099200.733133,-7,20,-56
1742099200.7681332,2,26,-20
1742099200.8041332,-53,49,-46
1742099200.839133,-45,-6,-28
1742099200.874133,-41,45,-60
1742099200.9091332,-11,-19,-60
1742099200.945133,-27,-11,-62
1742099200.981133,-33,59,-144
1742099201.016133,-5,41,-60
1742099201.052133,80,-34,15
1742099201.0871332,-89,33,-66
1742099201.122133,-63,5,-132
1742099201.157133,-27,-3,-12
1742099201.193133,-89,28,-28
1742099201.2291331,60,-19,-76
1742099201.264133,28,-13,-58
1742099201.300133,-13,6,3
1742099201.335133,8,-1,-150
1742099201.3701332,-51,48,-22
1742099201.405133,16,58,-148
1742099201.441133,76,-31,81
1742099201.477133,-57,-17,-24
1742099201.5121331,-23,-13,-82
1742099201.5481331,-15,-11,-88
1742099201.583133,2,94,-92
1742099201.618133,-25,82,-84
1742099201.6531332,-49,-33,-64
1742099201.6891332,14,-73,-104
1742099201.7251332,-45,16,-82
1742099201.760133,52,-59,67
1742099201.796133,-15,86,39
1742099201.8311331,-73,26,9
1742099201.866133,-7,-37,-56
1742099201.901133,-75,-49,-90
1742099201.937133,90,52,-20
1742099201.973133,64,86,-36
1742099202.0081332,60,-27,-16
1742099202.0441332,-7,6,43
1742099202.079133,-11,18,-118
1742099202.1141331,-77,-5,-112
1742099202.149133,-41,12,-16
1742099202.185133,48,-95,-88
1742099202.221133,0,-33,-8
1742099202.256133,-23,4,25
1742099202.292133,-29,-37,-164
1742099202.3271332,4,24,-60
1742099202.362133,-55,-45,-108
1742099202.397133,16,-87,-84
1742099202.4331331,52,2,-22
1742099202.4691331,-3,62,29
1742099202.504133,28,18,-90
1742099202.540133,-15,16,-6
1742099202.575133,46,-23,-38
1742099202.6101332,-13,18,-92
1742099202.645133,-19,8,-94
1742099202.681133,-19,-35,-170
1742099202.717133,-101,24,41
1742099202.7521331,2,14,-110
1742099202.7881331,18,-7,-16
1742099202.823133,40,-5,-130
1742099202.858133,54,6,-98
1742099202.8931332,42,-5,-64
1742099202.9291332,54,-15,-64
1742099202.9651332,-47,40,-16
1742099203.000133,-25,28,27
1742099203.036133,-63,44,-214
1742099203.0711331,40,-27,-82
1742099203.106133,-123,-29,-24
1742099203.141133,70,-53,-128
1742099203.177133,-13,52,-12
1742099203.213133,62,66,-88
1742099203.2481332,0,34,-102
1742099203.2841332,54,10,-62
1742099203.319133,88,-45,39
1742099203.3541331,20,16,-16
1742099203.389133,-9,-1,-60
1742099203.425133,-37,-5,-32
1742099203.461133,2,42,-134
1742099203.496133,64,-17,-42
1742099203.532133,-35,-9,-30
1742099203.5671332,10,-99,-44
1742099203.602133,34,-11,1
1742099203.6371331,-61,52,-122
1742099203.6731331,-9,-11,17
1742099203.7091331,-7,12,-22
1742099203.744133,8,-75,-56
1742099203.780133,-37,28,-34
1742099203.815133,-35,24,-80
1742099203.8501332,-37,-5,-46
1742099203.8861332,18,28,-30
1742099203.921133,-9,-7,-20
1742099203.957133,24,-25,-126
1742099203.9921331,-25,78,87
1742099204.0281332,26,-33,-66
1742099204.063133,14,-9,-94
1742099204.098133,-83,-17,-38
1742099204.134133,-17,72,-38
1742099204.1691332,-19,30,-44
1742099204.2051332,-45,-89,-84
1742099204.240133,-39,46,-66
1742099204.276133,42,28,-106
1742099204.3111331,-35,-17,-68
1742099204.346133,12,58,37
1742099204.382133,34,-43,-52
1742099204.417133,-11,52,-56
1742099204.453133,42,-35,133
1742099204.4881332,-43,82,-58
1742099204.524133,-39,62,-36
1742099204.559133,4,-19,-22
1742099204.5941331,-39,26,-40
1742099204.6301332,16,-89,-50
1742099204.665133,52,42,-70
1742099204.701133,-37,-65,-60
1742099204.736133,-19,-21,57
1742099204.772133,-17,12,-216
1742099204.8071332,-25,-33,-32
1742099204.842133,-5,-7,-82
1742099204.878133,58,-15,-138
1742099204.9131331,74,0,-26
1742099204.9491332,50,-5,-114
1742099204.984133,8,58,-60
1742099205.020133,-33,-27,61
1742099205.055133,-29,50,-122
1742099205.0901332,44,-41,7
1742099205.126133,-15,24,75
1742099205.161133,68,58,-14
1742099205.197133,-45,-59,-72
1742099205.2321332,-25,-47,-142
1742099205.2681332,-51,74,-80
1742099205.303133,20,-63,43
1742099205.338133,50,18,-116
1742099205.374133,14,-61,-102
1742099205.4091332,70,-55,-6
1742099205.445133,-15,64,25
1742099205.480133,-79,20,-8
1742099205.516133,-43,-19,-28
1742099205.5511332,32,88,-6
1742099205.586133,-15,-95,67
1742099205.622133,42,-7,-6
1742099205.657133,4,22,-79
1742099205.693133,-17,14,-17
1742099205.7281332,-29,36,-3
1742099205.764133,-39,12,-73
1742099205.799133,-11,-7,-101
1742099205.8341331,0,-33,-1
1742099205.8701332,-19,14,-135
1742099205.905133,10,-11,-3
1742099205.941133,-43,70,54
1742099205.976133,26,-63,70
1742099206.0121331,46,2,-55
1742099206.0481331,-23,-51,-141
1742099206.0841331,18,-51,-45
1742099206.119133,8,-5,-101
1742099206.154133,-27,-1,-101
1742099206.197133,-13,-81,-3
1742099206.233133,16,-1,-105
1742099206.269133,-31,-7,-15
1742099206.3041332,30,-25,8
1742099206.3401332,-73,18,22
1742099206.376133,44,-1,-137
1742099206.412133,-89,-33,-11
1742099206.448133,10,-31,-9
1742099206.484133,18,-11,-101
1742099206.520133,60,-25,-43
1742099206.555133,8,10,2
1742099206.5901332,-23,-15,-7
1742099206.626133,-5,18,-43
1742099206.662133,4,34,42
1742099206.697133,16,8,-103
1742099206.733133,-27,-37,6
1742099206.7681332,-31,14,-31
1742099206.803133,4,-39,64
1742099206.838133,116,54,-51
1742099206.874133,34,14,66
1742099206.9101331,-35,-31,-123
1742099206.945133,8,-3,-69
1742099206.981133,-19,-43,-73
1742099207.016133,26,-27,-93
1742099207.0511332,-19,-3,-17
1742099207.086133,12,8,-57
1742099207.122133,32,16,28
1742099207.158133,0,-17,-57
1742099207.193133,-23,10,-35
1742099207.2291331,8,36,78
1742099207.264133,54,3,28
1742099207.299133,-65,-46,-3
1742099207.3341331,-43,71,-103
1742099207.3701332,-25,29,-1
1742099207.4061332,-45,53,-33
1742099207.441133,62,37,-41
1742099207.477133,4,107,-65
1742099207.5121331,10,23,54
1742099207.547133,-89,5,-125
1742099207.582133,-61,-12,50
1742099207.618133,114,-42,16
1742099207.654133,4,51,-63
1742099207.6891332,66,-62,-25
1742099207.7251332,-21,9,2
1742099207.760133,116,31,-35
1742099207.795133,-11,-52,60
1742099207.8301332,-87,-5,24
1742099207.866133,104,42,-97
1742099207.902133,42,-11,18
1742099207.937133,-37,90,-79
1742099207.973133,78,-49,4
1742099208.0081332,-77,0,-47
1742099208.043133,-41,-57,-61
1742099208.078133,14,0,-67
1742099208.1141331,32,-38,-215
1742099208.1501331,8,-42,-11
1742099208.185133,2,3,-89
1742099208.221133,8,65,4
1742099208.256133,-7,-8,-105
1742099208.2911332,66,-63,-49
1742099208.326133,6,-6,22
1742099208.362133,8,51,-87
1742099208.398133,-51,4,80
1742099208.4331331,24,-4,-115
1742099208.4691331,-21,-10,-21
1742099208.504133,2,-71,-1
1742099208.539133,20,-15,8
1742099208.5741332,-25,2,-1
1742099208.6101332,16,16,-21
1742099208.6461332,-43,-57,-45
1742099208.681133,-57,54,-9
1742099208.717133,26,-41,-159
1742099208.7521331,-11,-7,-25
1742099208.787133,-39,-17,-67
1742099208.822133,-29,8,52
1742099208.858133,26,22,-55
1742099208.894133,-75,-13,-145
1742099208.9291332,-39,-9,-37
1742099208.9651332,20,34,-113
1742099209.000133,-35,-29,2
1742099209.0351331,-59,38,-49
1742099209.070133,6,-33,42
1742099209.106133,-33,-5,-199
1742099209.142133,-33,34,-87
1742099209.177133,-55,-29,64
1742099209.213133,24,74,62
1742099209.2481332,-33,24,2
1742099209.283133,60,26,-15
1742099209.318133,46,16,44
1742099209.3541331,30,-39,-13
1742099209.3901331,26,16,-101
1742099209.425133,42,-37,-57
1742099209.461133,6,-61,-39
1742099209.496133,-43,8,-105
1742099209.533133,58,-57,-59
1742099209.568133,20,28,-49
1742099209.6031332,6,-73,2
1742099209.638133,-1,8,46
1742099209.674133,78,-45,-151
1742099209.710133,0,48,60
1742099209.7451332,-15,2,-117
1742099209.7811332,50,6,-55
1742099209.816133,42,-23,-89
1742099209.851133,6,70,12
1742099209.8861332,22,44,72
1742099209.922133,-47,-3,104
1742099209.958133,-1,18,-172
1742099209.993133,12,-25,23
1742099210.029133,58,4,-129
1742099210.0641332,86,52,-120
1742099210.099133,2,-9,-30
1742099210.134133,42,-77,-39
1742099210.170133,14,-55,2
1742099210.2061331,-69,-29,68
1742099210.241133,-11,-59,-47
1742099210.277133,-59,10,-37
1742099210.312133,-101,-1,-96
1742099210.3471332,-23,-5,-63
1742099210.382133,22,-39,-63
1742099210.418133,60,18,-84
1742099210.454133,-5,-11,-20
1742099210.4891331,-17,-37,-36
1742099210.5251331,48,-17,-178
1742099210.560133,-11,-55,-18
1742099210.595133,24,-47,-58
1742099210.631133,54,-23,-134
1742099210.6661332,14,20,29
1742099210.7021332,20,-3,-48
1742099210.737133,14,50,-156
1742099210.773133,24,-41,7
1742099210.8081331,110,160,-104
1742099210.843133,-75,8,-36
1742099210.879133,-1,-23,-82
1742099210.914133,18,22,-52
1742099210.950133,-47,-55,-4
1742099210.9851332,-75,-47,-86
1742099211.0211332,-69,30,-130
1742099211.056133,42,6,3
1742099211.091133,32,4,-46
1742099211.1271331,42,66,57
1742099211.162133,34,112,99
1742099211.198133,-17,48,-90
1742099211.233133,2,-1,-16
1742099211.269133,-63,-3,19
1742099211.3041332,38,44,-76
1742099211.339133,46,2,59
1742099211.375133,-31,38,-110
1742099211.4101331,38,-33,-66
1742099211.4461331,-9,2,-4
1742099211.481133,-33,-11,-38
1742099211.517133,84,12,35
1742099211.552133,28,2,-164
1742099211.5871332,4,-11,-220
1742099211.6231332,6,-9,-154
1742099211.658133,4,18,-16
1742099211.694133,92,6,51
1742099211.7291331,-35,-21,-26
1742099211.7651331,12,-15,-36
1742099211.800133,-27,-7,35
1742099211.835133,-33,16,-14
1742099211.871133,56,44,-92
1742099211.9061332,52,-1,-76
1742099211.9421332,76,66,-66
1742099211.977133,90,42,-74
1742099212.013133,-91,44,-26
1742099212.0481331,42,-57,-118
1742099212.083133,20,42,-34
1742099212.119133,16,14,35
1742099212.154133,-41,-25,-58
1742099212.190133,16,30,23
1742099212.2251332,-3,-13,-128
1742099212.2611332,84,-15,-104
1742099212.296133,46,-91,-122
1742099212.3311331,-55,42,-142
1742099212.3671331,12,-25,-98
1742099212.402133,6,-33,-48
1742099212.438133,16,60,-64
1742099212.473133,-45,4,-98
1742099212.509133,-25,-5,1
1742099212.5441332,-19,10,-72
1742099212.579133,-61,-1,15
1742099212.615133,-55,-55,-64
1742099212.6501331,68,-23,107
1742099212.6861331,14,22,-100
1742099212.721133,2,34,-16
1742099212.757133,-9,-97,-102
1742099212.792133,-39,16,-46
1742099212.8271332,50,10,-48
1742099212.8631332,-27,18,-14
1742099212.898133,28,30,-88
1742099212.934133,66,-15,-88
1742099212.9691331,10,-99,-76
1742099213.0051332,4,-69,-80
1742099213.0411332,-59,58,-108
1742099213.076133,18,22,-80
1742099213.111133,-35,-37,77
1742099213.147133,-55,-3,-96
1742099213.1831331,30,40,-34
1742099213.218133,80,-105,51
1742099213.254133,-23,-43,-16
1742099213.289133,-41,-33,-76
1742099213.3241332,52,-51,-134
1742099213.359133,64,-79,13
1742099213.395133,28,22,9
1742099213.431133,72,-5,-96
1742099213.466133,-33,-73,-14
1742099213.5021331,-71,-13,47
1742099213.537133,16,78,-86
1742099213.572133,26,-43,47
1742099213.6071332,36,-49,51
1742099213.6431332,8,-55,-89
1742099213.6791332,-57,36,127
1742099213.714133,0,38,-48
1742099213.750133,-7,-67,-100
1742099213.7851331,12,24,7
1742099213.820133,-15,26,-219
1742099213.855133,-1,-3,-77
1742099213.891133,-51,34,-23
1742099213.927133,24,50,-57
1742099213.9621332,14,4,-79
1742099213.9981332,-49,-59,-167
1742099214.033133,-39,44,-25
1742099214.068133,24,22,-58
1742099214.1031332,-27,-75,-118
1742099214.139133,56,4,-61
1742099214.175133,-35,-11,-87
1742099214.210133,52,-47,-73
1742099214.246133,22,-61,-161
1742099214.2811332,-39,24,-25
1742099214.316133,-34,-23,-107
1742099214.351133,71,-55,-73
1742099214.3871331,71,46,-85
1742099214.4231331,-45,-41,-95
1742099214.458133,40,-3,-73
1742099214.494133,2,-89,-27
1742099214.529133,42,36,20
1742099214.5641332,-17,-45,-61
1742099214.599133,6,42,-41
1742099214.635133,59,-73,-137
1742099214.671133,-48,-3,36
1742099214.7061331,-8,-25,-23
1742099214.7421331,1,-3,-47
1742099214.777133,-54,24,-67
1742099214.812133,-34,20,88
1742099214.8471332,0,32,-13
1742099214.8831332,23,14,16
1742099214.9191332,43,20,38
1742099214.954133,-40,-67,-123
1742099214.990133,17,-51,-125
1742099215.0251331,-34,42,-109
1742099215.060133,-58,-33,-69
1742099215.095133,-12,-1,-33
1742099215.131133,25,-25,34
1742099215.167133,59,12,-33
1742099215.2021332,35,-33,-87
1742099215.2381332,44,122,-3
1742099215.273133,-7,-73,-31
1742099215.3081331,4,76,-125
1742099215.343133,10,30,-57
1742099215.379133,44,-50,72
1742099215.415133,-81,36,-57
1742099215.450133,4,0,-85
1742099215.486133,-45,-19,-25
1742099215.5211332,18,2,6
1742099215.556133,-23,12,-39
1742099215.591133,-45,20,-111
1742099215.6271331,14,32,-95
1742099215.6631331,-67,42,-87
1742099215.698133,20,40,-21
1742099215.734133,-3,22,-39
1742099215.769133,80,-33,94
1742099215.8041332,-25,64,40
1742099215.839133,28,38,32
1742099215.875133,48,-23,134
1742099215.911133,4,22,-47
1742099215.9461331,-53,44,-87
1742099215.9821332,-61,30,-109
1742099216.017133,-5,-29,-123
1742099216.052133,48,-11,-65
1742099216.0871332,98,-11,-157
1742099216.1231332,82,-7,-151
1742099216.1591332,40,94,-101
1742099216.201133,2,-47,2
1742099216.2381332,42,-39,-3
1742099216.273133,-133,88,-49
1742099216.3081331,16,-15,-17
1742099216.343133,46,-29,-109
1742099216.379133,-25,-41,18
1742099216.415133,24,-1,66
1742099216.450133,16,-93,-77
1742099216.486133,49,-5,-183
1742099216.5211332,-33,-5,-121
1742099216.556133,51,-37,-35
1742099216.591133,-60,-23,-51
1742099216.6271331,-17,-13,-133
1742099216.6631331,30,-57,16
1742099216.698133,-74,-5,-107
1742099216.734133,13,-17,-133
1742099216.769133,9,6,-29
1742099216.8041332,0,18,72
1742099216.839133,19,-35,-63
1742099216.875133,-34,30,-17
1742099216.911133,-39,42,0
1742099216.9461331,8,18,18
1742099216.9821332,-61,40,18
1742099217.017133,60,-33,114
1742099217.052133,-25,42,-149
1742099217.0871332,72,-67,-105
1742099217.1231332,-61,10,-51
1742099217.1591332,-39,-29,-103
1742099217.194133,42,106,-81
1742099217.230133,-17,-67,22
1742099217.2651331,-5,-1,-67
1742099217.300133,-7,24,-131
1742099217.336133,-33,50,-13
1742099217.371133,4,-11,-53
1742099217.407133,-34,58,90
1742099217.4421332,-31,-17,-75
1742099217.4781332,31,22,110
1742099217.513133,7,30,-29
1742099217.5481331,-50,-1,-75
1742099217.5841331,-56,4,89
1742099217.619133,63,60,-30
1742099217.655133,3,0,77
1742099217.690133,40,-25,3
1742099217.726133,0,22,-77
1742099217.7611332,76,26,-9
1742099217.796133,-25,4,-125
1742099217.832133,56,-37,-43
1742099217.8671331,10,-55,28
1742099217.9031332,-15,-45,60
1742099217.938133,-67,-11,-6
1742099217.974133,-61,-11,84
1742099218.009133,-23,22,-6
1742099218.0441332,56,-37,3
1742099218.0801332,34,0,-36
1742099218.115133,-1,30,69
1742099218.151133,-85,-33,-56
1742099218.1861331,14,-3,-8
1742099218.2221332,60,-7,-12
1742099218.257133,-15,40,-46
1742099218.292133,22,62,-72
1742099218.328133,34,-25,-84
1742099218.3631332,94,-1,55
1742099218.399133,42,-31,-92
1742099218.434133,-41,14,-98
1742099218.470133,138,22,-20
1742099218.5051332,-59,6,-52
1742099218.540133,76,44,17
1742099218.576133,28,-21,-106
1742099218.611133,-39,-63,17
1742099218.647133,8,-5,-34
1742099218.6821332,-23,-55,-108
1742099218.718133,58,-5,29
1742099218.753133,36,4,-68
1742099218.7881331,-13,26,-62
1742099218.8241332,-85,24,-56
1742099218.859133,32,38,-18
1742099218.895133,-61,34,-40
1742099218.930133,-75,-11,-200
1742099218.966133,48,84,-18
1742099219.001133,4,-33,7
1742099219.036133,16,42,-68
1742099219.072133,30,-67,-158
1742099219.1071332,16,-1,-38
1742099219.1431332,68,16,1
1742099219.178133,-71,98,-140
1742099219.214133,16,8,29
1742099219.249133,10,6,-76
1742099219.2841332,100,-51,-70
1742099219.320133,-37,112,19
1742099219.355133,-39,116,25
1742099219.391133,-13,66,-40
1742099219.4261332,28,2,1
1742099219.4621332,34,-53,-124
1742099219.497133,-1,8,-18
1742099219.532133,-43,-39,-76
1742099219.568133,0,-25,69
1742099219.6031332,-3,-61,33
1742099219.639133,-9,-47,-136
1742099219.674133,22,24,25
1742099219.7091331,-33,40,-46
1742099219.744133,-9,8,-114
1742099219.780133,-5,30,-58
1742099219.816133,-47,-65,13
1742099219.851133,66,-9,-74
1742099219.8871331,-43,42,7
1742099219.922133,4,56,-16
1742099219.957133,-11,14,-78
1742099219.9921331,44,-1,35
1742099220.0281332,-41,-19,17
1742099220.0641332,66,16,43
1742099220.099133,-11,-15,17
1742099220.135133,0,-25,-6
1742099220.170133,10,20,-122
1742099220.2051332,44,-55,-72
1742099220.240133,-55,22,51
1742099220.276133,54,8,-30
1742099220.312133,56,-83,-50
1742099220.3471332,116,52,-146
1742099220.3831332,18,-9,-8
1742099220.418133,-1,-45,3
1742099220.453133,10,-85,-146
1742099220.4881332,-65,-51,73
1742099220.524133,12,34,91
1742099220.560133,-61,10,-104
1742099220.595133,-49,8,-2
1742099220.631133,32,4,-4
1742099220.6661332,-5,-93,-93
1742099220.701133,-17,-35,12
1742099220.736133,2,24,-5
1742099220.772133,134,8,-91
1742099220.8081331,-21,-25,-103
1742099220.843133,-19,-5,-15
1742099220.879133,46,48,-57
1742099220.914133,102,-13,-23
1742099220.9491332,50,16,-69
1742099220.984133,24,-85,-107
1742099221.020133,54,20,-37
1742099221.056133,-3,68,16
1742099221.091133,-37,82,46
1742099221.1271331,-61,-81,62
1742099221.162133,-29,-13,40
1742099221.197133,-15,-61,-103
1742099221.2321332,66,4,-109
1742099221.2681332,0,57,-1
1742099221.3041332,66,48,-121
1742099221.339133,44,-1,-105
1742099221.375133,8,38,-27
1742099221.4101331,-23,-1,22
1742099221.445133,-15,112,-79
1742099221.480133,-47,22,-15
1742099221.516133,10,-35,-3
1742099221.552133,-39,-9,-209
1742099221.5871332,-3,2,-15
1742099221.6231332,28,-55,-37
1742099221.658133,-25,-15,24
1742099221.693133,-67,2,-27
1742099221.7281332,24,36,50
1742099221.764133,118,30,-63
1742099221.800133,-71,0,70
1742099221.835133,22,8,-39
1742099221.871133,-7,-5,-71
1742099221.9061332,20,72,-63
1742099221.941133,50,25,-51
1742099221.976133,-5,9,-129
1742099222.0121331,-51,-36,-103
1742099222.0481331,48,-54,-83
1742099222.083133,36,23,-117
1742099222.119133,-63,33,36
1742099222.154133,-85,-38,24
1742099222.1891332,78,-66,-21
1742099222.224133,48,-41,-25
1742099222.260133,-57,20,-127
1742099222.296133,-23,32,-65
1742099222.3311331,-41,74,-113
1742099222.3671331,-41,82,-91
1742099222.402133,-25,10,-113
1742099222.437133,96,-45,-59
1742099222.4721332,-3,-9,-89
1742099222.5081332,54,16,36
1742099222.5441332,34,22,-73
1742099222.579133,-103,-73,-13
1742099222.615133,64,-29,-145
1742099222.6501331,52,2,-127
1742099222.685133,36,-34,16
1742099222.720133,-41,-21,-105
1742099222.756133,-63,24,102
1742099222.792133,-41,-5,40
1742099222.8271332,6,-37,22
1742099222.8631332,-3,49,8
1742099222.898133,38,-3,-95
1742099222.9331331,-49,0,-131
1742099222.968133,-39,60,-33
1742099223.004133,42,14,-155
1742099223.040133,-21,12,-67
1742099223.075133,-53,-53,-127
1742099223.111133,60,32,-67
1742099223.1461332,10,90,-11
1742099223.181133,80,18,-147
1742099223.216133,64,-69,8
1742099223.2521331,18,24,18
1742099223.2881331,-11,22,-121
1742099223.323133,4,-3,-125
1742099223.359133,-57,-113,-113
1742099223.394133,-17,-65,-111
1742099223.4291332,72,-27,-23
1742099223.464133,44,14,-17
1742099223.500133,86,-27,-117
1742099223.536133,20,-35,-87
1742099223.5711331,62,16,-63
1742099223.6071332,-65,-5,-61
1742099223.642133,-41,-53,4
1742099223.677133,46,-79,-113
1742099223.7121332,-11,-11,-51
1742099223.7481332,-7,-47,-67
1742099223.7841332,84,-21,-83
1742099223.819133,-65,-39,20
1742099223.855133,36,-41,38
1742099223.8901331,64,-15,-31
1742099223.925133,22,10,-191
1742099223.961133,-9,14,-26
1742099223.996133,50,-1,-186
1742099224.032133,6,-53,-59
1742099224.0671332,-107,32,14
1742099224.1031332,-55,22,-27
1742099224.138133,-9,62,-193
1742099224.1731331,28,-55,-171
1742099224.2091331,52,46,30
1742099224.244133,26,-33,-63
1742099224.280133,2,-17,-67
1742099224.315133,2,24,-39
1742099224.351133,-41,28,4
1742099224.3861332,74,-17,10
1742099224.421133,-9,-11,-149
1742099224.457133,6,6,4
1742099224.4921331,-49,-29,-1
1742099224.5281332,20,-9,-27
1742099224.563133,0,-33,36
1742099224.599133,42,-11,-21
1742099224.634133,-19,-11,68
1742099224.6691332,48,-29,-155
1742099224.7051332,72,-1,-3
1742099224.740133,36,4,-15
1742099224.776133,70,-9,-111
1742099224.8111331,36,-7,-47
1742099224.8471332,52,-28,-115
1742099224.882133,44,-18,-57
1742099224.917133,128,-48,-101
1742099224.953133,20,31,-21
1742099224.9881332,-63,27,-81
1742099225.024133,-43,-45,29
1742099225.059133,2,-21,-151
1742099225.095133,-83,-97,42
1742099225.1301332,4,16,-8
1742099225.165133,70,4,-32
1742099225.201133,-39,2,-77
1742099225.236133,36,-25,-1
1742099225.272133,-40,-19,-71
1742099225.3071332,-16,60,6
1742099225.343133,61,-31,-147
1742099225.378133,-4,54,-43
1742099225.4131331,67,20,-129
1742099225.4491332,-18,-1,-107
1742099225.484133,-28,-23,-61
1742099225.520133,53,20,-201
1742099225.555133,36,-7,-55
1742099225.591133,2,40,-57
1742099225.626133,2,6,-69
1742099225.661133,-31,22,-21
1742099225.697133,-11,-27,-37
1742099225.7321332,24,-1,-9
1742099225.7681332,98,-33,-19
1742099225.803133,-27,-37,-47
1742099225.838133,28,80,-63
1742099225.8731332,-55,0,42
1742099225.9091332,6,-65,-73
1742099225.945133,38,4,-67
1742099225.980133,6,0,26
1742099226.016133,-31,-31,-63
1742099226.0511332,14,8,-63
1742099226.0871332,36,-19,24
1742099226.1231332,-53,-53,-47
1742099226.1591332,26,-65,102
1742099226.195133,48,48,42
1742099226.237133,-85,3,-99
1742099226.273133,-43,-1,-133
1742099226.309133,54,41,-1
1742099226.345133,4,-45,42
1742099226.3801332,-13,34,-21
1742099226.4161332,112,-116,-47
1742099226.451133,62,19,-69
1742099226.486133,32,36,-108
1742099226.5211332,-5,39,9
1742099226.5571332,-23,40,-14
1742099226.593133,-15,-63,-72
1742099226.628133,-23,-15,-108
1742099226.664133,0,34,37
1742099226.6991332,-69,-33,-54
1742099226.734133,-17,-55,-16
1742099226.769133,30,18,-16
1742099226.805133,-65,-59,95
1742099226.841133,72,26,-62
1742099226.876133,44,-1,-59
1742099226.912133,-35,46,-40
1742099226.947133,-25,44,-110
1742099226.9821332,40,-27,-102
1742099227.017133,-91,28,21
1742099227.053133,-15,-33,-86
1742099227.089133,38,-29,-100
1742099227.124133,40,42,-74
1742099227.1601331,52,24,-50
1742099227.195133,-29,10,-119
1742099227.230133,-49,-37,11
1742099227.2651331,42,70,-172
1742099227.3011332,0,-55,-62
1742099227.3371332,-67,22,43
1742099227.372133,82,-25,3
1742099227.408133,2,-1,-36
1742099227.443133,44,-35,-18
1742099227.4781332,-73,-65,-32
1742099227.513133,-13,-9,-72
1742099227.549133,26,-19,-72
1742099227.585133,-27,-27,-6
1742099227.6201332,-13,4,-22
1742099227.6561332,34,8,-32
1742099227.691133,-53,50,-136
1742099227.726133,-73,-29,-14
1742099227.7611332,-35,-79,-88
1742099227.797133,68,66,5
1742099227.833133,-79,10,-72
1742099227.868133,6,54,-94
1742099227.904133,-9,-13,-68
1742099227.9391332,10,64,-32
1742099227.974133,-3,32,-56
1742099228.009133,32,56,117
1742099228.045133,-31,134,-24
1742099228.0811331,-59,-7,29
1742099228.116133,18,-99,17
1742099228.152133,48,30,-64
1742099228.187133,-35,8,45
1742099228.2221332,40,-55,-188
1742099228.257133,62,-41,-62
1742099228.293133,12,-17,13
1742099228.329133,34,40,-30
1742099228.3641331,18,118,-126
1742099228.4001331,-31,-19,-10
1742099228.435133,-19,-69,-2
1742099228.470133,-83,8,199
1742099228.5051332,-119,20,0
1742099228.5411332,18,14,-42
1742099228.5771332,28,-25,63
1742099228.612133,0,52,-22
1742099228.648133,-7,78,-112
1742099228.6831331,82,80,-36
1742099228.718133,88,84,-94
1742099228.753133,-53,-21,-72
1742099228.789133,38,-43,-40
1742099228.825133,0,-35,-54
1742099228.8601332,-37,-27,-152
1742099228.8961332,30,24,-104
1742099228.931133,0,-27,-68
1742099228.966133,-13,-35,-198
1742099229.001133,-69,12,-44
1742099229.037133,70,-27,-140
1742099229.073133,16,50,-158
1742099229.108133,-23,-43,0
1742099229.144133,-9,-31,19
1742099229.1791332,6,-21,-152
1742099229.214133,-25,-5,-88
1742099229.249133,-19,76,-84
1742099229.2851331,-27,50,13
1742099229.3211331,-15,0,-52
1742099229.356133,30,14,11
1742099229.392133,-9,-23,-22
1742099229.427133,10,24,-64
1742099229.4621332,84,33,-52
1742099229.497133,-5,-43,-70
1742099229.533133,60,-25,1
1742099229.569133,-31,4,-32
1742099229.6041331,14,-3,-10
1742099229.6401331,26,24,65
1742099229.675133,-93,-45,61
1742099229.710133,38,68,-8
1742099229.7451332,52,-13,-6
1742099229.7811332,-3,2,-100
1742099229.8171332,-29,-1,57
1742099229.852133,-13,48,-126
1742099229.888133,52,-39,15
1742099229.9231331,-79,40,77
1742099229.958133,-13,-11,-98
1742099229.993133,38,16,17
1742099230.029133,6,-17,-118
1742099230.065133,6,-37,-20
1742099230.1001332,2,6,-34
1742099230.1361332,8,90,41
1742099230.171133,-109,-15,-76
1742099230.2061331,32,-57,-202
1742099230.241133,-45,4,5
1742099230.277133,-27,40,-96
1742099230.313133,-3,16,-34
1742099230.348133,100,-25,-28
1742099230.384133,-59,-11,-46
1742099230.4191332,-105,-23,-126
1742099230.454133,-67,-22,-88
1742099230.490133,40,40,-82
1742099230.5251331,2,-2,37
1742099230.5611331,-23,-29,-90
1742099230.596133,48,34,-20
1742099230.632133,-31,10,-26
1742099230.667133,-13,-35,-24
1742099230.7021332,-9,20,0
1742099230.7381332,12,-5,-96
1742099230.773133,52,-63,-6
1742099230.809133,-35,80,-64
1742099230.8441331,-51,-11,-106
1742099230.8801332,-39,16,-64
1742099230.915133,28,-31,-72
1742099230.950133,16,-69,-144
1742099230.986133,56,36,-5
1742099231.0211332,44,-15,-53
1742099231.0571332,-5,12,-5
1742099231.092133,40,96,37
1742099231.128133,-41,58,-42
1742099231.1631331,-59,-11,49
1742099231.198133,-15,-53,26
1742099231.234133,96,4,-87
1742099231.269133,42,108,-61
1742099231.305133,-65,4,-1
1742099231.3401332,76,30,22
1742099231.376133,8,56,-45
1742099231.411133,-13,18,6
1742099231.4461331,38,106,-9
1742099231.4821332,0,-7,-51
1742099231.517133,20,20,-91
1742099231.553133,-43,22,-197
1742099231.588133,4,-17,-121
1742099231.624133,-63,-73,-7
1742099231.6591332,58,52,-3
1742099231.694133,34,-17,46
1742099231.730133,-3,2,-115
1742099231.7651331,-5,28,-39
1742099231.8011332,-63,0,114
1742099231.836133,46,6,-121
1742099231.872133,-47,-13,-135
1742099231.907133,24,4,64
1742099231.9421332,-17,-1,-81
1742099231.9781332,-151,-23,48
1742099232.013133,-31,-45,-1
1742099232.049133,36,-85,-119
1742099232.0841331,24,46,0
1742099232.1201332,-57,-15,-69
1742099232.155133,-79,-13,-165
1742099232.190133,4,30,-23
1742099232.226133,-5,44,-13
1742099232.2611332,-21,-23,-137
1742099232.297133,0,32,-69
1742099232.332133,54,-11,-51
1742099232.368133,-69,-41,-29
1742099232.4031332,86,10,-45
1742099232.438133,70,16,-51
1742099232.474133,-69,-1,-43
1742099232.509133,-61,-29,-11
1742099232.545133,-37,38,-7
1742099232.5801332,40,-1,-65
1742099232.616133,38,-31,-89
1742099232.651133,-15,14,-103
1742099232.6861331,40,-61,-73
1742099232.7221332,-53,-31,-119
1742099232.757133,-7,-17,-71
1742099232.793133,36,-41,-59
1742099232.828133,30,-5,-107
1742099232.8631332,30,18,-57
1742099232.898133,-19,8,-83
1742099232.934133,14,10,-61
1742099232.970133,4,16,16
1742099233.0051332,-37,-35,-57
1742099233.0411332,8,-43,-63
1742099233.076133,-25,-73,-71
1742099233.111133,10,-9,-1
1742099233.1461332,8,-33,14
1742099233.1821332,40,50,-119
1742099233.218133,10,24,-121
1742099233.253133,-21,-41,-71
1742099233.289133,-97,-3,28
1742099233.3241332,-69,-25,-79
1742099233.359133,36,-13,40
1742099233.394133,78,34,-15
1742099233.430133,-39,0,-65
1742099233.466133,18,22,-51
1742099233.501133,6,10,16
1742099233.537133,-25,60,26
1742099233.572133,16,56,-101
1742099233.6071332,-59,-39,72
1742099233.642133,-61,46,-79
1742099233.678133,-27,-17,82
1742099233.714133,-27,-13,-75
1742099233.749133,50,10,78
1742099233.7851331,-71,32,34
1742099233.820133,-19,48,-1
1742099233.855133,38,-63,-49
1742099233.8901331,-19,22,-59
1742099233.9261332,-1,80,-25
1742099233.9621332,174,60,-105
1742099233.997133,22,58,-23
1742099234.033133,8,-9,-49
1742099234.068133,62,54,-23
1742099234.1031332,-49,32,38
1742099234.138133,-101,58,-57
1742099234.174133,-11,-27,-127
1742099234.210133,23,56,-135
1742099234.2451332,5,22,-39
1742099234.2811332,-14,20,-31
1742099234.316133,76,4,-43
1742099234.351133,76,0,-157
1742099234.3861332,18,76,-31
1742099234.422133,-101,56,-47
1742099234.458133,26,-3,-107
1742099234.493133,-57,46,-101
1742099234.529133,-33,6,-91
1742099234.5641332,32,-31,22
1742099234.599133,-53,-89,-11
1742099234.634133,4,-39,-109
1742099234.670133,42,68,-77
1742099234.7061331,52,-69,-29
1742099234.741133,72,14,-151
1742099234.777133,62,-11,-125
1742099234.812133,-43,-49,-149
1742099234.8471332,62,2,-59
1742099234.882133,48,-27,-65
1742099234.918133,14,40,-2
1742099234.954133,118,16,-74
1742099234.9891331,4,50,15
1742099235.0251331,-19,40,-108
1742099235.060133,-13,-47,-56
1742099235.095133,-63,-59,-54
1742099235.1301332,-45,-53,11
1742099235.1661332,2,-33,37
1742099235.2021332,-19,8,-108
1742099235.237133,-27,-1,-24
1742099235.273133,-57,-9,-8
1742099235.3081331,-27,-69,7
1742099235.343133,66,4,-128
1742099235.378133,60,0,-48
1742099235.414133,-17,-7,73
1742099235.450133,16,44,-52
1742099235.4851332,-15,48,-94
1742099235.5211332,30,8,-28
1742099235.556133,-3,-21,-94
1742099235.591133,-37,36,-70
1742099235.626133,64,2,-20
1742099235.662133,8,28,-56
1742099235.698133,124,-23,15
1742099235.733133,-1,12,-46
1742099235.769133,-37,32,-76
1742099235.8041332,-1,-55,-70
1742099235.839133,36,26,-8
1742099235.874133,48,42,67
1742099235.9101331,-57,-71,-160
1742099235.9461331,10,4,-90
1742099235.981133,-127,-103,-108
1742099236.017133,72,26,-50
1742099236.052133,-75,-51,-80
1742099236.0871332,-27,-49,-60
1742099236.122133,76,-9,45
1742099236.158133,-9,-11,-56
1742099236.194133,-45,16,-100
1742099236.2291331,-9,-15,13
1742099236.272133,20,-25,-132
1742099236.3081331,-25,-41,-136
1742099236.343133,60,10,-98
1742099236.378133,58,8,7
1742099236.414133,-79,-7,-10
1742099236.450133,-55,4,-60
1742099236.4851332,-89,60,-108
1742099236.5211332,-77,64,-54
1742099236.556133,6,-33,-54
1742099236.591133,-33,2,-152
1742099236.626133,30,50,7
1742099236.662133,-21,28,-122
1742099236.698133,10,2,141
1742099236.733133,78,28,0
1742099236.769133,-45,48,13
1742099236.8041332,-85,-21,-48
1742099236.839133,2,-17,-122
1742099236.875133,-51,-15,-80
1742099236.9101331,-17,4,-158
1742099236.9461331,118,6,-64
1742099236.981133,32,92,-74
1742099237.017133,-67,36,29
1742099237.052133,-29,-9,-156
1742099237.0871332,40,10,-64
1742099237.1231332,34,43,-104
1742099237.158133,-31,-5,37
1742099237.194133,-5,12,29
1742099237.2291331,-11,-19,-18
1742099237.2651331,-33,20,-26
1742099237.300133,40,22,-16
1742099237.335133,42,-17,-36
1742099237.371133,68,-5,-150
1742099237.4061332,-19,4,-2
1742099237.4421332,4,42,-46
1742099237.477133,-13,-7,33
1742099237.513133,44,32,-206
1742099237.5481331,50,-101,-52
1742099237.583133,-21,26,-38
1742099237.619133,-19,34,-30
1742099237.654133,-49,36,-112
1742099237.690133,4,-27,-116
1742099237.7251332,2,-9,-50
1742099237.7611332,36,-95,21
1742099237.796133,52,38,-74
1742099237.8311331,20,118,-40
1742099237.8671331,-1,-23,87
1742099237.902133,-43,-61,-12
1742099237.938133,22,40,-112
1742099237.973133,-101,32,-46
1742099238.009133,18,94,-46
1742099238.0441332,18,44,113
1742099238.079133,106,-21,-130
1742099238.115133,-37,-41,-168
1742099238.1501331,48,-33,75
1742099238.1861331,-55,24,-54
1742099238.221133,-21,46,67
1742099238.257133,-5,-7,-52
1742099238.292133,88,-61,-108
1742099238.3271332,-49,12,81
1742099238.3631332,8,-11,-50
1742099238.398133,22,-87,-52
1742099238.434133,88,-9,-124
1742099238.4691331,14,-37,-74
1742099238.5051332,114,-7,-20
1742099238.540133,2,46,49
1742099238.575133,10,-15,21
1742099238.611133,72,42,-46
1742099238.6461332,48,26,-82
1742099238.6821332,64,-55,-140
1742099238.717133,-11,0,-4
1742099238.753133,0,-23,-100
1742099238.7881331,40,12,-116
1742099238.823133,-15,-35,-60
1742099238.859133,-49,0,11
1742099238.894133,8,50,-74
1742099238.930133,-29,8,-62
1742099238.9651332,-33,10,-36
1742099239.001133,-17,-73,-56
1742099239.036133,60,-13,25
1742099239.0711331,-27,-49,-10
1742099239.1071332,42,48,-22
1742099239.142133,54,28,3
1742099239.178133,-25,-25,-32
1742099239.213133,-69,28,29
1742099239.249133,-19,28,25
1742099239.2851331,0,-31,-160
1742099239.3211331,14,-19,-88
1742099239.3571332,-9,-35,-52
1742099239.392133,66,-33,-164
1742099239.427133,-39,-43,-112
1742099239.463133,-69,-21,-94
1742099239.499133,39,-39,3
1742099239.5341332,-44,40,17
1742099239.570133,-91,-1,-126
1742099239.605133,21,-63,31
1742099239.6401331,33,-53,7
1742099239.675133,19,-9,-166
1742099239.711133,0,-1,-124
1742099239.747133,-28,-7,-30
1742099239.782133,-6,-55,-6
1742099239.818133,-40,-17,-14
1742099239.8531332,55,36,-30
1742099239.888133,17,-9,-38
1742099239.9231331,-28,92,-44
1742099239.9591331,-56,-87,65
1742099239.9951332,7,6,-6
1742099240.030133,-56,14,-146
1742099240.066133,31,-31,-6
1742099240.101133,-2,-67,-34
1742099240.1361332,-72,-55,-142
1742099240.171133,-30,-33,-66
1742099240.207133,65,-37,-48
1742099240.243133,3,-13,-76
1742099240.2781332,-46,-55,-54
1742099240.3141332,-12,-29,-26
1742099240.349133,-8,-15,-72
1742099240.384133,51,-31,-24
1742099240.4191332,43,-37,-72
1742099240.4551332,-22,-21,-166
1742099240.491133,-56,-27,-76
1742099240.526133,-8,-71,-54
1742099240.562133,-14,-19,-28
1742099240.5971332,-25,12,-34
1742099240.632133,51,-75,-62
1742099240.667133,-19,22,-103
1742099240.703133,-41,-51,-29
1742099240.7391331,-61,-13,-41
1742099240.774133,-21,56,-41
1742099240.810133,-23,-31,70
1742099240.845133,54,-21,70
1742099240.8801332,-17,32,-113
1742099240.915133,14,-105,58
1742099240.951133,60,16,-31
1742099240.987133,36,10,-47
1742099241.022133,24,-25,-19
1742099241.0581331,66,-33,-69
1742099241.093133,14,-31,-15
1742099241.128133,-35,-1,-21
1742099241.1631331,-31,18,-19
1742099241.1991332,34,54,-25
1742099241.2351332,14,-9,-87
1742099241.270133,18,-27,6
1742099241.306133,-55,-1,-47
1742099241.341133,42,-27,-5
1742099241.376133,62,-1,-13
1742099241.411133,-15,-113,-29
1742099241.447133,10,94,-97
1742099241.483133,-16,52,80
1742099241.5181332,88,-38,-19
1742099241.5541332,-45,44,52
1742099241.589133,-59,6,32
1742099241.624133,-43,36,-11
1742099241.6591332,-69,-5,-61
1742099241.695133,50,-31,84
1742099241.731133,-17,18,-209
1742099241.766133,6,5,-63
1742099241.802133,-21,6,8
1742099241.8371332,16,10,-65
1742099241.872133,28,41,-47
1742099241.907133,-5,-10,-57
1742099241.943133,-59,-65,60
1742099241.9791331,-5,44,-197
1742099242.014133,80,18,-107
1742099242.050133,-21,-43,-15
1742099242.085133,88,2,28
1742099242.1201332,64,80,14
1742099242.155133,-27,-15,-87
1742099242.191133,-43,-3,40
1742099242.227133,-13,-20,-141
1742099242.2621331,74,-8,-135
1742099242.2981331,-37,-28,-41
1742099242.333133,18,25,-103
1742099242.368133,-39,9,-35
1742099242.4031332,56,23,-47
1742099242.4391332,-9,-30,-9
1742099242.4751332,64,-21,-85
1742099242.510133,-25,44,-7
1742099242.546133,-45,-29,-57
1742099242.5811331,2,-16,-139
1742099242.616133,22,-15,-73
1742099242.651133,50,132,-125
1742099242.687133,-7,-15,4
1742099242.723133,-35,0,-29
1742099242.7581332,14,40,-79
1742099242.7941332,62,-15,-39
1742099242.829133,32,-65,26
1742099242.8641331,-11,10,-85
1742099242.899133,102,-27,54
1742099242.935133,-55,30,-45
1742099242.971133,30,-69,-13
1742099243.006133,-11,-21,-29
1742099243.042133,26,6,-59
1742099243.0771332,-37,16,4
1742099243.112133,28,-9,-41
1742099243.147133,4,-5,-119
1742099243.1831331,-7,-57,-15
1742099243.2191331,88,-49,-69
1742099243.254133,-67,20,-143
1742099243.290133,-111,-5,-69
1742099243.325133,-43,2,-47
1742099243.3601332,62,-23,-83
1742099243.395133,-19,6,-89
1742099243.431133,0,12,-81
1742099243.467133,0,-39,-9
1742099243.5021331,10,60,-67
1742099243.5381331,80,54,-127
1742099243.573133,94,-39,-37
1742099243.608133,22,46,-33
1742099243.644133,24,16,-75
1742099243.6791332,44,-23,-39
1742099243.7151332,-149,4,-57
1742099243.750133,-83,-67,54
1742099243.786133,26,42,-59
1742099243.8211331,34,-17,-29
1742099243.856133,-35,-103,-31
1742099243.892133,42,-43,-109
1742099243.927133,-25,-15,-63
1742099243.963133,-75,10,78
1742099243.9981332,52,-17,-31
1742099244.0341332,-75,-9,-115
1742099244.069133,28,-1,-145
1742099244.1041331,-53,30,-123
1742099244.1401331,22,-65,72
1742099244.175133,0,8,-67
1742099244.211133,58,-30,-29
1742099244.247133,66,-1,-77
1742099244.283133,38,-11,106
1742099244.318133,-15,40,-141
1742099244.3541331,-1,-33,-111
1742099244.389133,34,-39,-45
1742099244.424133,48,24,-51
1742099244.460133,-23,7,32
1742099244.4951332,-31,23,-111
1742099244.5311332,66,9,-3
1742099244.566133,-29,7,-105
1742099244.602133,2,5,-113
1742099244.6371331,2,-16,-61
1742099244.672133,6,35,-75
1742099244.708133,-45,-31,-35
1742099244.743133,8,-64,-35
1742099244.779133,24,-35,-121
1742099244.8141332,10,-49,-95
1742099244.8501332,4,-23,-51
1742099244.885133,64,14,-9
1742099244.920133,34,-16,-91
1742099244.9561331,4,-26,-22
1742099244.991133,56,-24,4
1742099245.027133,48,9,15
1742099245.062133,-51,-24,-54
1742099245.098133,18,17,23
1742099245.1331332,-5,87,-178
1742099245.168133,-53,-36,-73
1742099245.204133,-3,33,-120
1742099245.2391331,22,45,-8
1742099245.2751331,52,51,39
1742099245.310133,-15,-16,-188
1742099245.346133,-29,0,-132
1742099245.381133,-41,34,-152
1742099245.4161332,62,-79,69
1742099245.4521332,-83,26,23
1742099245.487133,96,-39,-94
1742099245.523133,-35,32,21
1742099245.5581331,42,-15,93
1742099245.5941331,-3,24,115
1742099245.629133,-21,16,-102
1742099245.664133,-5,74,-108
1742099245.700133,22,34,-70
1742099245.7351332,14,60,-62
1742099245.7711332,6,62,-52
1742099245.806133,4,-31,-200
1742099245.842133,-79,8,-18
1742099245.878133,42,36,-140
1742099245.914133,18,26,27
1742099245.950133,68,36,-10
1742099245.9851332,44,-9,-90
1742099246.020133,-5,4,-112
1742099246.056133,76,46,-68
1742099246.092133,-37,80,-42
1742099246.1271331,12,26,-14
1742099246.1631331,4,22,95
1742099246.198133,-51,-45,39
1742099246.233133,134,4,-38
1742099246.276133,40,-13,-40
1742099246.312133,-85,14,-102
1742099246.348133,-53,-61,-86
1742099246.3831332,16,6,-28
1742099246.4191332,38,64,1
1742099246.454133,42,52,21
1742099246.4891331,-3,30,17
1742099246.524133,-35,76,-18
1742099246.560133,54,-35,-186
1742099246.596133,8,66,-76
1742099246.631133,24,-41,-60
1742099246.667133,-5,52,107
1742099246.7021332,-29,-11,-82
1742099246.737133,72,-53,31
1742099246.772133,-69,-27,-60
1742099246.8081331,42,-29,-124
1742099246.8441331,-21,-47,-18
1742099246.879133,14,-41,-98
1742099246.915133,-13,62,-16
1742099246.950133,118,-19,-144
1742099246.9851332,-9,64,-12
1742099247.020133,10,-37,-58
1742099247.056133,8,-25,41
1742099247.092133,48,66,-70
1742099247.1271331,24,2,-120
1742099247.1631331,36,34,-40
1742099247.198133,-5,26,27
1742099247.233133,-13,2,-158
1742099247.2681332,4,-35,-14
1742099247.3041332,6,-19,-90
1742099247.3401332,-19,32,-72
1742099247.375133,-27,6,-106
1742099247.411133,-21,-43,-178
1742099247.4461331,22,4,-90
1742099247.481133,28,-23,-72
1742099247.516133,20,-13,-18
1742099247.552133,-9,38,-36
1742099247.588133,-89,-45,65
1742099247.6231332,30,-31,-118
1742099247.6591332,38,-65,-90
1742099247.694133,80,-29,27
1742099247.7291331,-9,54,-26
1742099247.764133,22,-37,-60
1742099247.800133,-89,-5,19
1742099247.836133,-51,0,29
1742099247.871133,-33,-87,-42
1742099247.907133,-47,44,-160
1742099247.9421332,-15,-61,79
1742099247.977133,64,-27,-14
1742099248.0121331,16,-5,67
1742099248.0481331,-111,-79,0
1742099248.0841331,-31,-15,27
1742099248.119133,-7,12,55
1742099248.155133,-31,-37,-58
1742099248.190133,-11,-27,-106
1742099248.2251332,-41,52,-30
1742099248.260133,-49,40,-16
1742099248.296133,-25,-43,-34
1742099248.332133,-93,-43,-22
1742099248.3671331,32,-37,-70
1742099248.4031332,-41,64,-90
1742099248.438133,10,-35,5
1742099248.473133,36,-15,-96
1742099248.5081332,20,-45,-40
1742099248.5441332,-39,-55,27
1742099248.5801332,4,-43,33
1742099248.615133,-1,12,-24
1742099248.651133,-55,34,-46
1742099248.6861331,22,22,-16
1742099248.721133,-67,56,-78
1742099248.756133,18,48,0
1742099248.792133,48,88,-22
1742099248.828133,34,-1,71
1742099248.8631332,-79,-15,-76
1742099248.899133,0,-7,-96
1742099248.934133,48,42,3
1742099248.9691331,52,-41,21
1742099249.004133,22,-53,25
1742099249.040133,78,-23,-98
1742099249.076133,2,32,-44
1742099249.111133,-43,-81,-100
1742099249.147133,-23,12,-56
1742099249.1821332,-45,26,-26
1742099249.217133,-23,-15,-20
1742099249.2521331,-59,-11,-18
1742099249.2881331,-53,-1,-158
1742099249.3241332,-39,42,43
1742099249.359133,2,-23,-14
1742099249.395133,-43,28,-66
1742099249.430133,40,-83,-4
1742099249.4651332,-57,-17,-68
1742099249.500133,-19,-55,-176
1742099249.536133,28,44,13
1742099249.572133,8,-13,-146
1742099249.608133,52,54,-64
1742099249.644133,40,30,-44
1742099249.6791332,36,-19,-42
1742099249.7151332,-11,14,-6
1742099249.750133,-15,10,-8
1742099249.7851331,-39,46,-32
1742099249.820133,-37,-11,-40
1742099249.856133,12,34,-60
1742099249.892133,38,8,-4
1742099249.927133,-9,22,-16
1742099249.963133,18,-39,-44
1742099249.9981332,-65,-37,-116
1742099250.033133,48,68,-139
1742099250.069133,-35,12,-67
1742099250.1041331,2,12,-135
1742099250.1401331,-17,-47,24
1742099250.175133,42,69,-19
1742099250.211133,-9,21,-83
1742099250.246133,-11,-4,-43
1742099250.2811332,2,0,0
1742099250.3171332,-73,14,-97
1742099250.352133,-13,40,42
1742099250.388133,30,52,-9
1742099250.4231331,96,6,56
1742099250.4591331,12,-13,58
1742099250.494133,34,6,-5
1742099250.529133,-41,-37,-59
1742099250.565133,8,-11,-53
1742099250.6001332,-41,-17,2
1742099250.6361332,-31,32,22
1742099250.671133,78,18,-107
1742099250.707133,-25,-11,-223
1742099250.7421331,-23,-39,-105
1742099250.777133,-9,2,80
1742099250.813133,74,0,-1
1742099250.848133,-23,-41,-113
1742099250.884133,28,18,-67
1742099250.9191332,-23,-55,-5
1742099250.9551332,-1,14,72
1742099250.990133,60,0,-11
1742099251.0251331,102,88,-13
1742099251.0611331,-23,-1,-61
1742099251.096133,-97,14,20
1742099251.132133,-19,6,52
1742099251.167133,108,22,-21
1742099251.203133,-5,0,24
1742099251.2381332,-31,-9,-15
1742099251.273133,34,-73,-67
1742099251.309133,40,4,-77
1742099251.3441331,4,-45,-133
1742099251.3801332,-17,-41,-69
1742099251.415133,-7,-5,-31
1742099251.451133,6,-29,-95
1742099251.486133,-3,56,6
1742099251.5211332,44,30,-105
1742099251.5571332,-69,38,2
1742099251.592133,-59,80,-9
1742099251.628133,38,30,-61
1742099251.6631331,-11,62,-11
1742099251.6991332,16,38,-105
1742099251.734133,-33,-1,-51
1742099251.769133,88,-1,-41
1742099251.805133,28,-11,-27
1742099251.8401332,62,48,4
1742099251.876133,-19,8,-105
1742099251.911133,0,-13,-65
1742099251.947133,-61,46,-73
1742099251.9821332,-75,26,-43
1742099252.017133,38,-1,-55
1742099252.053133,32,-23,18
1742099252.088133,-25,4,-65
1742099252.124133,-13,-40,-63
1742099252.1591332,-17,-37,-103
1742099252.195133,12,-90,-101
1742099252.230133,-35,-46,88
1742099252.2651331,-31,89,-5
1742099252.3011332,52,-26,-37
1742099252.336133,-29,-42,-79
1742099252.372133,0,-35,-99
1742099252.407133,50,-49,28
1742099252.443133,-1,22,-73
1742099252.4791331,50,100,-27
1742099252.514133,46,18,-23
1742099252.549133,-5,-41,-69
1742099252.585133,-45,30,-5
1742099252.621133,-13,96,30
1742099252.6561332,-77,-21,-29
1742099252.6921332,-21,62,-101
1742099252.727133,-69,6,26
1742099252.7621331,-67,64,-115
1742099252.797133,22,18,-11
1742099252.833133,98,6,-79
1742099252.869133,52,-27,-145
1742099252.904133,74,32,-83
1742099252.940133,12,60,-105
1742099252.9751332,20,18,-75
1742099253.010133,72,-25,-91
1742099253.045133,-17,-29,-77
1742099253.0811331,90,-1,-71
1742099253.1171331,-11,-33,10
1742099253.152133,46,72,-15
1742099253.188133,40,-29,-107
1742099253.223133,78,58,30
1742099253.2581332,36,6,16
1742099253.293133,16,8,-131
1742099253.329133,-75,28,26
1742099253.365133,0,-61,-59
1742099253.4001331,8,102,4
1742099253.4361331,6,-83,-23
1742099253.471133,-63,0,-117
1742099253.506133,6,-55,-147
1742099253.5411332,-35,-59,-54
1742099253.5771332,-69,44,-102
1742099253.6131332,-17,-11,-63
1742099253.648133,10,-17,-132
1742099253.684133,16,4,-14
1742099253.7191331,66,-41,26
1742099253.754133,20,-5,-74
1742099253.789133,36,-65,5
1742099253.825133,38,-73,38
1742099253.861133,6,14,20
1742099253.8961332,-9,-17,-113
1742099253.9321332,-27,-13,-61
1742099253.967133,42,-13,42
1742099254.0021331,-41,-35,-73
1742099254.037133,30,-23,6
1742099254.073133,-17,-67,-87
1742099254.109133,-29,-57,-41
1742099254.144133,66,34,-23
1742099254.180133,-59,-31,-45
1742099254.2151332,-37,6,-73
1742099254.250133,46,28,-61
1742099254.2851331,48,-13,-185
1742099254.3211331,-39,-5,-75
1742099254.3571332,36,-17,32
1742099254.392133,-45,38,98
1742099254.428133,-41,60,-98
1742099254.463133,-1,12,-68
1742099254.4981332,20,-11,-134
1742099254.533133,14,18,1
1742099254.569133,-55,34,-28
1742099254.605133,57,48,-56
1742099254.6401331,10,30,-72
1742099254.6761332,28,-71,-62
1742099254.711133,-13,40,-20
1742099254.746133,-39,-27,-94
1742099254.7811332,32,-29,-70
1742099254.8171332,80,84,-116
1742099254.8531332,6,-57,-54
1742099254.888133,46,38,-108
1742099254.924133,20,-7,25
1742099254.9591331,-7,-17,-110
1742099254.994133,-9,18,-26
1742099255.029133,-25,54,-94
1742099255.065133,-49,36,83
1742099255.101133,54,-29,-116
1742099255.1361332,6,-37,23
1742099255.172133,-51,-15,-76
1742099255.207133,-45,24,21
1742099255.2421331,-113,-57,11
1742099255.277133,-61,0,-106
1742099255.313133,-17,66,-98
1742099255.349133,28,54,39
1742099255.384133,-19,16,-12
1742099255.420133,88,-1,-40
1742099255.4551332,-19,-13,-82
1742099255.490133,22,38,-60
1742099255.5251331,-43,26,-132
1742099255.5611331,12,6,19
1742099255.5971332,-59,-21,-78
1742099255.632133,-5,-27,-58
1742099255.668133,16,72,-8
1742099255.703133,-41,48,-72
1742099255.7381332,24,-3,-110
1742099255.773133,16,-53,19
1742099255.809133,10,-5,-84
1742099255.845133,86,-69,-76
1742099255.8801332,14,-21,-38
1742099255.9161332,14,24,-122
1742099255.951133,62,74,-48
1742099255.986133,8,-135,-114
1742099256.022133,8,-21,-106
1742099256.0571332,-11,-51,43
1742099256.093133,38,4,-66
1742099256.128133,58,-5,-86
1742099256.164133,8,2,-14
1742099256.1991332,-3,48,-48
1742099256.234133,-7,88,3
1742099256.277133,58,-21,-130
1742099256.313133,28,-67,-24
1742099256.349133,24,28,-38
1742099256.384133,12,14,-2
1742099256.420133,-37,4,59
1742099256.4551332,58,44,-58
1742099256.490133,-39,40,-74
1742099256.5251331,-47,80,-56
1742099256.5611331,-15,68,-52
1742099256.5971332,30,-17,57
1742099256.632133,22,-113,31
1742099256.668133,40,6,27
1742099256.703133,-13,14,-108
1742099256.7381332,20,-25,-112
1742099256.774133,-11,-9,-68
1742099256.809133,38,34,95
1742099256.845133,40,24,-30
1742099256.8801332,54,-7,53
1742099256.9161332,26,-57,-14
1742099256.951133,46,-61,-28
1742099256.986133,-55,28,-20
1742099257.022133,-45,44,93
1742099257.0571332,6,-7,-4
1742099257.093133,-29,-15,-126
1742099257.128133,0,-69,-26
1742099257.164133,-35,-95,-146
1742099257.1991332,82,28,-24
1742099257.234133,-55,36,149
1742099257.270133,34,0,-50
1742099257.305133,-43,2,-34
1742099257.341133,40,12,-12
1742099257.376133,2,34,-22
1742099257.412133,-59,-45,-86
1742099257.447133,-5,4,-70
1742099257.4821332,34,-53,-118
1742099257.5181332,26,2,-50
1742099257.553133,22,52,-72
1742099257.589133,-67,20,43
1742099257.624133,6,-71,61
1742099257.6601331,-3,-67,-118
1742099257.695133,-19,-25,1
1742099257.730133,-39,-23,-70
1742099257.766133,-43,6,21
1742099257.8011332,28,-5,-122
1742099257.8371332,-75,-61,-82
1742099257.872133,-127,-15,77
1742099257.908133,38,22,43
1742099257.943133,-33,-5,-36
1742099257.9781332,52,-9,-70
1742099258.014133,34,6,47
1742099258.049133,30,28,-94
1742099258.085133,-45,-41,-112
1742099258.1201332,42,-13,-26
1742099258.1561332,-51,-33,-206
1742099258.191133,82,-41,-104
1742099258.226133,60,58,-24
1742099258.2621331,0,15,-44
1742099258.297133,12,-36,-52
1742099258.333133,58,-49,-110
1742099258.368133,44,-15,23
1742099258.404133,60,60,11
1742099258.4391332,60,-11,-122
1742099258.474133,-5,8,-14
1742099258.510133,14,-39,-38
1742099258.545133,28,-13,-154
1742099258.5811331,-11,30,-76
1742099258.616133,-19,-17,-42
1742099258.652133,12,-9,-51
1742099258.687133,-1,4,-51
1742099258.7221332,-11,74,-19
1742099258.7581332,58,-5,-5
1742099258.793133,32,64,-29
1742099258.829133,-9,-7,-85
1742099258.8641331,46,-7,-103
1742099258.9001331,76,-9,-5
1742099258.9361331,22,34,-59
1742099258.9721332,2,0,-83
1742099259.0081332,-3,-11,-39
1742099259.0441332,-9,6,-39
1742099259.0801332,-55,-53,-89
1742099259.115133,50,38,-155
1742099259.1501331,20,-71,-29
1742099259.1861331,64,72,-113
1742099259.2221332,24,-81,36
1742099259.257133,-3,36,124
1742099259.293133,-87,-51,-27
1742099259.328133,38,6,-23
1742099259.3631332,-45,12,28
1742099259.398133,6,-23,-123
1742099259.434133,24,72,34
1742099259.470133,-9,-33,-69
1742099259.5051332,-17,10,14
1742099259.5411332,34,-23,-17
1742099259.576133,-5,48,-145
1742099259.611133,50,-43,-93
1742099259.6461332,118,-3,-143
1742099259.6821332,31,-19,-55
1742099259.718133,25,-11,-29
1742099259.753133,5,-15,26
1742099259.789133,65,-27,-43
1742099259.8241332,-70,18,-43
1742099259.859133,11,40,-23
1742099259.894133,-74,68,-41
1742099259.930133,7,-45,14
1742099259.966133,-6,-143,-37
1742099260.001133,74,-15,-11
1742099260.037133,32,52,-65
1742099260.072133,62,-13,-43
1742099260.1071332,8,-23,-63
1742099260.142133,34,-3,-15
1742099260.178133,49,42,-91
1742099260.214133,49,32,-49
1742099260.249133,-115,44,-125
1742099260.2851331,-36,-5,-19
1742099260.320133,-34,32,-55
1742099260.355133,-5,60,-93
1742099260.3901331,8,-87,-211
1742099260.4261332,16,0,-1
1742099260.4621332,-31,-31,-19
1742099260.497133,-71,26,-43
1742099260.533133,20,6,-65
1742099260.568133,40,-1,-73
1742099260.6031332,-1,6,-83
1742099260.638133,-25,-3,-125
1742099260.674133,18,-1,-71
1742099260.710133,-21,2,-35
1742099260.7451332,-25,-41,20
1742099260.7811332,-61,42,-103
1742099260.816133,18,20,-41
1742099260.851133,-9,-97,-57
1742099260.8861332,16,-17,-85
1742099260.922133,8,-61,-63
1742099260.958133,-1,100,-107
1742099260.993133,-7,-29,-91
1742099261.029133,-73,22,4
1742099261.0641332,-51,2,56
1742099261.099133,40,-51,14
1742099261.134133,-73,38,-85
1742099261.170133,98,18,-101
1742099261.2061331,24,-97,0
1742099261.241133,-33,4,-29
1742099261.277133,-7,86,-95
1742099261.312133,-35,14,144
1742099261.3471332,-49,-65,-77
1742099261.382133,54,8,6
1742099261.418133,4,80,-85
1742099261.454133,26,-11,-71
1742099261.4891331,34,18,-99
1742099261.5251331,-73,-71,-43
1742099261.560133,-27,-29,-149
1742099261.595133,74,-21,-159
1742099261.6301332,-81,-1,66
1742099261.6661332,20,82,4
1742099261.7021332,-41,-17,-89
1742099261.737133,6,34,86
1742099261.773133,6,8,-133
1742099261.8081331,58,0,-95
1742099261.843133,-21,-9,-95
1742099261.878133,22,0,-23
1742099261.914133,26,12,-5
1742099261.950133,-27,-3,-91
1742099261.9851332,-39,-23,-45
1742099262.0211332,-47,22,-157
1742099262.056133,48,4,-183
1742099262.091133,-49,-53,-97
1742099262.126133,-45,34,-75
1742099262.162133,38,60,26
1742099262.198133,30,-19,-33
1742099262.233133,-59,20,-71
1742099262.269133,40,-7,56
1742099262.3041332,-37,-25,-171
1742099262.339133,-81,-27,-13
1742099262.374133,8,62,-31
1742099262.4101331,-11,-35,-79
1742099262.4461331,-25,-17,-75
1742099262.481133,-55,-1,46
1742099262.517133,-37,-35,34
1742099262.552133,32,-31,-55
1742099262.5871332,10,-97,-57
1742099262.622133,32,-17,40
1742099262.658133,46,-51,-1
1742099262.694133,74,16,128
1742099262.7291331,54,-16,-127
1742099262.7651331,72,-15,-15
1742099262.800133,28,32,14
1742099262.835133,-73,58,-39
1742099262.8701332,70,2,-9
1742099262.9061332,16,2,-13
1742099262.9421332,-15,68,-157
1742099262.977133,-61,28,-163
1742099263.013133,-31,-5,-121
1742099263.0481331,-7,-23,-85
1742099263.083133,12,-19,-49
1742099263.118133,124,-27,-51
1742099263.154133,44,-81,-19
1742099263.190133,20,-25,84
1742099263.2251332,-25,22,-41
1742099263.2611332,12,46,-129
1742099263.296133,56,-111,-47
1742099263.3311331,-17,34,-39
1742099263.3671331,94,0,34
1742099263.402133,-17,60,-57
1742099263.438133,8,42,6
1742099263.473133,18,-19,-15
1742099263.509133,-17,38,-33
1742099263.5441332,80,80,-27
1742099263.579133,58,26,-113
1742099263.615133,-31,54,-169
1742099263.6501331,-67,-15,-53
1742099263.6861331,74,26,-117
1742099263.721133,36,48,-115
1742099263.757133,-109,42,-133
1742099263.792133,-51,-73,-43
1742099263.8271332,52,110,-69
1742099263.8631332,30,-5,-83
1742099263.898133,0,40,-39
1742099263.934133,-5,-83,-41
1742099263.9691331,-63,4,-55
1742099264.0051332,-25,18,-17
1742099264.040133,-3,-13,-17
1742099264.075133,94,54,-11
1742099264.111133,-47,-17,-141
1742099264.1461332,56,-21,-83
1742099264.1821332,-97,30,-125
1742099264.217133,66,-57,-25
1742099264.253133,-45,42,-49
1742099264.2881331,-61,-67,-45
1742099264.323133,-59,-3,-45
1742099264.359133,-59,-15,-69
1742099264.394133,88,-69,12
1742099264.430133,-46,-11,-5
1742099264.4651332,-14,0,52
1742099264.501133,32,-53,-77
1742099264.536133,-15,-49,-9
1742099264.5711331,62,-17,-85
1742099264.6071332,76,20,48
1742099264.642133,10,15,38
1742099264.678133,-47,10,-15
1742099264.713133,-23,-22,12
1742099264.749133,26,-16,52
1742099264.7841332,30,-30,-133
1742099264.819133,-101,46,-89
1742099264.855133,-41,10,-37
1742099264.8901331,-15,-33,42
1742099264.9261332,-5,2,12
1742099264.961133,-27,-23,-57
1742099264.997133,58,4,-161
1742099265.032133,84,8,-23
1742099265.0671332,86,-13,116
1742099265.1031332,38,-63,-43
1742099265.138133,28,-3,40
1742099265.174133,8,4,-13
1742099265.2091331,28,-45,-79
1742099265.2451332,-15,80,-9
1742099265.280133,-107,-1,-59
1742099265.315133,-51,12,48
1742099265.351133,-7,-19,-161
1742099265.3861332,8,-29,-195
1742099265.422133,-5,36,-159
1742099265.457133,-17,70,130
1742099265.493133,-51,22,-13
1742099265.529133,92,40,-7
1742099265.565133,-19,8,-93
1742099265.601133,88,-33,-143
1742099265.6371331,-13,120,28
1742099265.6731331,50,11,-55
1742099265.708133,38,6,34
1742099265.743133,78,-36,-75
1742099265.779133,-107,-45,-43
1742099265.815133,14,-67,-141
1742099265.8501332,-39,50,-141
1742099265.8861332,-39,20,-129
1742099265.921133,10,52,-95
1742099265.9561331,26,4,30
1742099265.991133,-51,-31,74
1742099266.027133,-39,-27,100
1742099266.063133,-77,-21,-51
1742099266.098133,-51,-3,-5
1742099266.134133,-3,12,-73
1742099266.1691332,-9,-93,-51
1742099266.204133,-23,-33,-131
1742099266.2391331,-31,-75,-55
1742099266.2811332,-77,84,-33
1742099266.318133,-121,44,-107
1742099266.3531332,-35,-41,-5
1742099266.388133,0,-25,-53
1742099266.4231331,94,16,42
1742099266.4591331,46,16,70
1742099266.4951332,4,-105,-124
1742099266.530133,44,-15,-4
1742099266.566133,-49,-51,-14
1742099266.601133,76,4,-56
1742099266.6361332,22,28,1
1742099266.671133,18,-38,-90
1742099266.707133,-91,45,7
1742099266.743133,20,9,-98
1742099266.7781332,-37,-42,-22
1742099266.8141332,-83,5,-10
1742099266.849133,36,13,45
1742099266.884133,-7,0,-10
1742099266.9191332,-25,21,-128
1742099266.9551332,16,-28,-56
1742099266.991133,56,44,-32
1742099267.026133,32,-27,-108
1742099267.062133,-47,10,-72
1742099267.0971332,88,36,45
1742099267.132133,20,24,-84
1742099267.167133,30,-1,-26
1742099267.203133,-7,30,15
1742099267.2391331,26,10,-82
1742099267.274133,72,-25,-58
1742099267.310133,-87,-63,-8
1742099267.345133,30,-65,-20
1742099267.3801332,-25,-47,-200
1742099267.415133,40,-27,99
1742099267.451133,56,-21,7
1742099267.487133,68,-47,127
1742099267.522133,10,-51,-52
1742099267.5581331,92,6,-54
1742099267.593133,88,58,-112
1742099267.628133,-13,6,-124
1742099267.6631331,-23,-29,-132
1742099267.6991332,28,0,-56
1742099267.7351332,-13,36,5
1742099267.770133,14,22,59
1742099267.806133,22,12,-170
1742099267.841133,60,-35,-118
1742099267.876133,-25,-33,-36
1742099267.911133,12,14,-52
1742099267.947133,18,-15,-82
1742099267.983133,74,16,-88
1742099268.0181332,2,-55,-144
1742099268.0541332,-23,-39,-20
1742099268.089133,36,-9,-4
1742099268.124133,34,0,-90
1742099268.1591332,104,-31,-84
1742099268.195133,-35,42,-10
1742099268.231133,30,-9,3
1742099268.266133,98,-5,3
1742099268.302133,44,-67,-94
1742099268.3371332,12,41,7
1742099268.372133,-7,45,-106
1742099268.407133,-9,-26,19
1742099268.443133,20,-72,-12
1742099268.4791331,24,-78,-104
1742099268.514133,-55,15,-14
1742099268.550133,28,-63,-156
1742099268.585133,-3,9,13
1742099268.6201332,14,41,-92
1742099268.655133,-19,-48,-38
1742099268.691133,-1,-23,13
1742099268.727133,-17,-52,-58
1742099268.7621331,44,-5,3
1742099268.7981331,52,-3,39
1742099268.833133,2,-97,-162
1742099268.868133,-7,4,-42
1742099268.9031332,48,-5,-90
1742099268.9391332,-45,-41,125
1742099268.9751332,94,44,-52
1742099269.010133,48,-59,-32
1742099269.046133,-35,14,-46
1742099269.0811331,10,98,9
1742099269.116133,6,20,65
1742099269.151133,-39,60,-76
1742099269.187133,0,-69,35
1742099269.223133,-15,-19,59
1742099269.2581332,98,-3,-132
1742099269.2941332,56,40,-60
1742099269.329133,64,-9,-158
1742099269.3641331,-21,18,-134
1742099269.399133,-25,-9,-104
1742099269.435133,50,-23,-84
1742099269.471133,-3,-51,-80
1742099269.506133,-31,48,-60
1742099269.542133,-67,34,-106
1742099269.5771332,-59,24,-100
1742099269.612133,30,48,-34
1742099269.647133,-47,0,61
1742099269.6831331,-9,54,15
1742099269.7191331,2,4,-20
1742099269.754133,-69,-19,-22
1742099269.790133,-45,-35,17
1742099269.825133,-33,-63,-8
1742099269.8601332,10,14,-90
1742099269.8961332,-33,-53,-88
1742099269.931133,-47,64,-74
1742099269.967133,-35,-53,-62
1742099270.0021331,-15,60,-122
1742099270.0381331,-9,-35,39
1742099270.073133,34,2,-122
1742099270.108133,52,-57,-12
1742099270.144133,-25,78,9
1742099270.1791332,-25,-11,-34
1742099270.2151332,12,-31,-20
1742099270.250133,42,-79,-14
1742099270.286133,30,-17,-80
1742099270.3211331,20,30,-70
1742099270.356133,44,-7,-116
1742099270.392133,-7,4,0
1742099270.427133,12,38,-72
1742099270.463133,-3,-13,3
1742099270.4981332,-49,-109,-68
1742099270.5341332,-15,-3,-12
1742099270.569133,-25,-21,-8
1742099270.6041331,4,-1,-34
1742099270.6401331,-29,26,67
1742099270.675133,26,100,51
1742099270.711133,-49,-27,9
1742099270.746133,-29,106,-218
1742099270.782133,-43,22,49
1742099270.8171332,28,-23,-28
1742099270.852133,30,-47,-10
1742099270.888133,4,0,-50
1742099270.9231331,8,94,-24
1742099270.9591331,14,144,-4
1742099270.994133,-61,118,3
1742099271.030133,0,14,21
1742099271.065133,-91,-33,-74
1742099271.1001332,20,90,-48
1742099271.1361332,32,20,-4
1742099271.171133,-9,38,-42
1742099271.207133,24,34,-28
1742099271.2421331,70,-47,-106
1742099271.2781332,28,4,-12
1742099271.313133,-45,-23,-32
1742099271.348133,22,-25,-84
1742099271.384133,-11,84,-168
1742099271.420133,-11,-59,-136
1742099271.4561331,8,30,-128
1742099271.491133,-7,-102,-134
1742099271.527133,-81,4,-28
1742099271.562133,4,-3,-42
1742099271.598133,-21,-17,0
1742099271.6331332,10,-16,35
1742099271.668133,42,17,-59
1742099271.704133,-87,83,-35
1742099271.7391331,-33,59,-225
1742099271.7751331,-85,-42,-20
1742099271.810133,8,-26,-35
1742099271.846133,54,-10,-83
1742099271.881133,-1,57,40
1742099271.9161332,0,-38,-73
1742099271.9521332,-35,53,-53
1742099271.987133,44,33,18
1742099272.023133,118,-14,-1
1742099272.0581331,22,27,-19
1742099272.0941331,-9,19,-107
1742099272.1301332,94,9,-121
1742099272.1661332,22,-40,-123
1742099272.2021332,-43,51,-37
1742099272.2381332,16,-52,-37
1742099272.274133,78,9,21
1742099272.309133,-67,-4,-55
1742099272.3441331,10,-42,74
1742099272.3801332,18,-28,-17
1742099272.4161332,50,-50,-59
1742099272.451133,2,20,-137
1742099272.487133,20,23,-59
1742099272.522133,36,46,54
1742099272.5571332,-43,10,-153
1742099272.592133,-31,8,90
1742099272.628133,-11,50,38
1742099272.664133,-47,60,-83
1742099272.6991332,14,-70,122
1742099272.7351332,-108,8,28
1742099272.770133,26,42,-29
1742099272.805133,-42,74,-117
1742099272.8401332,-54,2,-77
1742099272.876133,-38,-8,-113
1742099272.912133,32,2,-23
1742099272.947133,50,10,-111
1742099272.983133,42,-5,-1
1742099273.0181332,18,10,-113
1742099273.053133,34,54,78
1742099273.088133,14,56,-17
1742099273.124133,-33,2,-167
1742099273.1601331,26,16,-119
1742099273.195133,-61,-5,-95
1742099273.231133,32,56,-11
1742099273.266133,15,-49,8
1742099273.3011332,7,-53,-131
1742099273.336133,15,20,28
1742099273.372133,31,18,-13
1742099273.408133,65,44,10
1742099273.443133,-36,-15,-55
1742099273.4791331,-17,-13,-57
1742099273.514133,-61,-61,-187
1742099273.549133,-9,106,-97
1742099273.5841331,-63,66,-201
1742099273.6201332,-67,32,24
1742099273.6561332,-29,74,-99
1742099273.691133,22,-19,6
1742099273.727133,-69,48,-19
1742099273.7621331,-67,-33,-69
1742099273.797133,-33,-75,-29
1742099273.832133,48,-57,-117
1742099273.868133,64,-21,-55
1742099273.904133,70,-19,14
1742099273.9391332,31,-65,18
1742099273.9751332,-19,-47,-53
1742099274.010133,-41,20,-9
1742099274.045133,22,-11,-115
1742099274.0801332,-5,-11,-131
1742099274.116133,-4,-77,-17
1742099274.152133,-47,18,-117
1742099274.187133,-37,-13,-33
1742099274.223133,40,-33,-79
1742099274.2581332,34,20,-43
1742099274.293133,0,-25,6
1742099274.328133,6,-81,-35
1742099274.3641331,-25,-15,-15
1742099274.4001331,-37,-23,-37
1742099274.435133,64,-35,24
1742099274.471133,50,-9,-45
1742099274.506133,-35,0,50
1742099274.5411332,50,64,-9
1742099274.576133,-41,-17,-145
1742099274.612133,22,32,68
1742099274.648133,12,20,-95
1742099274.6831331,6,30,-29
1742099274.7191331,26,40,118
1742099274.754133,-25,22,-169
1742099274.789133,-17,32,-233
1742099274.8241332,-17,30,-77
1742099274.8601332,78,-11,-49
1742099274.8961332,66,48,-99
1742099274.931133,22,2,-97
1742099274.967133,40,-39,-41
1742099275.0021331,-71,-13,-31
1742099275.037133,6,-23,-73
1742099275.072133,18,66,-95
1742099275.108133,-107,-37,-125
1742099275.144133,10,-27,-133
1742099275.1791332,20,-47,4
1742099275.2151332,-11,-43,-49
1742099275.250133,44,40,-117
1742099275.2851331,-33,22,-33
1742099275.320133,-13,8,-1
1742099275.356133,8,-3,-77
1742099275.392133,36,-67,-173
1742099275.427133,8,-21,33
1742099275.463133,-31,-129,-50
1742099275.4981332,-9,64,-84
1742099275.533133,30,-31,35
1742099275.568133,-3,20,75
1742099275.6041331,-49,-5,-10
1742099275.6401331,-79,-17,-226
1742099275.675133,42,100,-162
1742099275.711133,34,6,-116
1742099275.746133,0,34,-122
1742099275.7811332,-11,-1,-68
1742099275.816133,-23,26,-46
1742099275.852133,-9,-55,-48
1742099275.888133,26,-27,27
1742099275.9231331,-8,48,-100
1742099275.9591331,-36,30,-24
1742099275.994133,14,-16,-20
1742099276.029133,-46,22,-36
1742099276.0641332,59,48,-20
1742099276.1001332,15,30,-216
1742099276.1361332,-42,-33,-42
1742099276.171133,-36,48,-94
1742099276.207133,41,12,-78
1742099276.2421331,63,32,-56
1742099276.2841332,21,-25,-44
1742099276.320133,-62,-5,-48
1742099276.356133,59,-51,19
1742099276.392133,-42,-13,-2
1742099276.427133,-14,33,-14
1742099276.463133,-14,-47,-28
1742099276.4981332,77,-23,-28
1742099276.533133,-96,-11,-4
1742099276.569133,-22,64,-50
1742099276.6041331,-32,-9,-26
1742099276.6401331,0,0,-2
1742099276.675133,-59,2,-162
1742099276.711133,2,18,-204
1742099276.746133,36,-41,-152
1742099276.7811332,-27,-59,-72
1742099276.8171332,-31,-121,-18
1742099276.852133,-57,-71,37
1742099276.888133,2,-17,-46
1742099276.9231331,6,68,17
1742099276.9591331,31,-69,-140
1742099276.994133,0,-45,-36
1742099277.029133,85,58,-30
1742099277.065133,25,0,-26
1742099277.1001332,-64,-101,57
1742099277.1361332,-16,10,-4
1742099277.171133,-2,-41,-86
1742099277.207133,25,-13,-4
1742099277.2421331,-72,6,33
1742099277.277133,-42,-9,-56
1742099277.313133,-56,54,-76
1742099277.348133,9,-5,-48
1742099277.384133,41,16,-104
1742099277.4191332,33,-19,11
1742099277.4551332,5,70,-70
1742099277.490133,27,16,43
1742099277.5251331,-22,22,73
1742099277.5611331,-32,-15,-50
1742099277.596133,93,20,3
1742099277.632133,-8,-63,5
1742099277.667133,81,12,-58
1742099277.703133,29,-9,-8
1742099277.7381332,-24,12,-48
1742099277.773133,69,-21,47
1742099277.809133,33,-31,-28
1742099277.8441331,-4,-49,13
1742099277.8801332,-60,-13,-50
1742099277.915133,-44,-29,1
1742099277.951133,47,-33,-96
1742099277.986133,0,18,-48
1742099278.0211332,15,-9,-170
1742099278.0571332,7,56,-122
1742099278.092133,-6,-59,-86
1742099278.128133,41,-27,5
1742099278.1631331,7,-17,-48
1742099278.1991332,-12,-49,-118
1742099278.234133,41,-45,-100
1742099278.269133,49,-61,-102
1742099278.305133,-32,28,-74
1742099278.3401332,-94,-65,-50
1742099278.376133,3,57,9
1742099278.411133,-30,27,-114
1742099278.447133,48,-23,-152
1742099278.4821332,-45,-25,-64
1742099278.517133,-31,16,-30
1742099278.553133,-22,0,-130
1742099278.588133,4,-65,7
1742099278.624133,-3,-21,57
1742099278.6591332,-35,-33,-48
1742099278.695133,42,-14,-96
1742099278.731133,70,-39,-100
1742099278.767133,0,42,-26
1742099278.803133,-15,-25,-40
1742099278.838133,19,49,-184
1742099278.8731332,-8,-10,-10
1742099278.9091332,7,-7,21
1742099278.945133,-92,-35,0
1742099278.980133,-44,-41,-6
1742099279.016133,-16,-21,-24
1742099279.0511332,0,-31,11
1742099279.086133,-59,74,-122
1742099279.121133,21,72,-112
1742099279.157133,15,-43,-88
1742099279.193133,1,-27,23
1742099279.2281332,31,-39,53
1742099279.264133,-115,-29,9
1742099279.299133,110,38,-132
1742099279.3341331,-19,98,-86
1742099279.369133,-1,-1,-26
1742099279.405133,-17,14,-196
1742099279.441133,-39,42,-2
1742099279.476133,-21,-37,5
1742099279.5121331,64,-39,-12
1742099279.547133,-47,-29,-164
1742099279.582133,14,40,-68
1742099279.6171331,-53,6,-66
1742099279.6531332,10,-5,65
1742099279.6891332,-23,-41,149
1742099279.724133,36,14,-34
1742099279.760133,64,4,-88
1742099279.795133,32,-55,-114
1742099279.8301332,68,86,-72
1742099279.865133,-36,-27,-26
1742099279.901133,-14,84,-58
1742099279.937133,-35,48,-130
1742099279.9721332,27,-3,-60
1742099280.0081332,-8,-7,-18
1742099280.043133,-56,-29,-42
1742099280.078133,-38,8,-98
1742099280.1131332,32,6,-120
1742099280.149133,7,44,-74
1742099280.185133,23,-29,-110
1742099280.220133,-6,-17,-66
1742099280.256133,-126,-47,11
1742099280.2911332,-78,-105,-92
1742099280.326133,13,-27,-96
1742099280.361133,69,78,19
1742099280.397133,-6,-35,17
1742099280.4331331,-18,22,-24
1742099280.468133,-12,-23,-186
1742099280.504133,-14,2,-52
1742099280.539133,17,10,-22
1742099280.5741332,79,2,-96
1742099280.609133,-90,58,-30
1742099280.645133,-2,28,-40
1742099280.681133,47,44,-60
1742099280.716133,29,-73,-72
1742099280.7521331,29,-13,-42
1742099280.787133,-8,28,-144
1742099280.822133,-48,10,-86
1742099280.8571332,61,-39,13
1742099280.8931332,69,60,-52
1742099280.9291332,47,-55,-153
1742099280.964133,-46,-61,-50
1742099281.000133,-12,-37,-26
1742099281.0351331,9,-57,-106
1742099281.070133,95,-33,0
1742099281.105133,-26,2,29
1742099281.141133,25,-123,-172
1742099281.177133,-28,56,-126
1742099281.2121332,-78,0,-8
1742099281.2481332,-4,-35,27
1742099281.283133,-86,-27,-64
1742099281.318133,5,-7,-46
1742099281.3531332,-36,-13,-74
1742099281.389133,-20,28,-158
1742099281.425133,-6,-1,-166
1742099281.460133,-10,-29,-136
1742099281.496133,29,-57,-72
1742099281.5311332,89,10,-64
1742099281.566133,-22,-33,-119
1742099281.601133,49,-7,-123
1742099281.6371331,-18,-23,38
1742099281.6731331,-38,-73,12
1742099281.708133,61,-27,-95
1742099281.744133,10,18,-86
1742099281.779133,50,36,-91
1742099281.8141332,24,-21,-113
1742099281.849133,14,42,-85
1742099281.885133,-5,-17,-5
1742099281.921133,18,-57,-73
1742099281.9561331,12,36,-169
1742099281.9921331,-35,-17,-79
1742099282.027133,2,28,4
1742099282.062133,16,38,-45
1742099282.0971332,-5,-41,-43
1742099282.1331332,62,-7,-63
1742099282.1691332,8,62,-77
1742099282.204133,-57,-19,-47
1742099282.240133,44,-53,-23
1742099282.2751331,14,-31,-117
1742099282.310133,62,-53,-15
1742099282.345133,8,-21,-97
1742099282.381133,-1,54,-17
1742099282.417133,-53,-37,-61
1742099282.4521332,36,-13,-101
1742099282.4881332,-63,-29,100
1742099282.523133,78,-1,76
1742099282.5581331,70,26,-3
1742099282.593133,-21,-47,-59
1742099282.629133,-9,-1,-79
1742099282.665133,52,-29,-63
1742099282.700133,48,-15,-25
1742099282.736133,30,58,74
1742099282.7711332,28,-108,-105
1742099282.806133,-97,21,-63
1742099282.841133,64,-112,-35
1742099282.8771331,4,-32,-145
1742099282.9131331,12,43,16
1742099282.948133,16,-4,-47
1742099282.984133,-1,0,-53
1742099283.019133,16,31,-35
1742099283.0541332,8,-20,-149
1742099283.0901332,-17,-28,-129
1742099283.125133,-19,53,-43
1742099283.161133,4,29,44
1742099283.1961331,-5,-60,-29
1742099283.2321332,-31,21,16
1742099283.267133,2,15,-13
1742099283.302133,-25,-10,12
1742099283.338133,-3,19,-99
1742099283.3731332,92,11,-239
1742099283.4091332,94,-8,-23
1742099283.444133,24,-60,42
1742099283.480133,-25,-40,-9
1742099283.5151331,100,-52,-117
1742099283.550133,-21,55,-33
1742099283.586133,14,-56,-53
1742099283.621133,40,15,-33
1742099283.657133,54,-20,-115
1742099283.6921332,56,3,-45
1742099283.7281332,-23,15,-25
1742099283.763133,24,8,-69
1742099283.7981331,14,58,20
1742099283.8341331,19,19,-198
1742099283.869133,28,9,-29
1742099283.905133,20,41,-98
1742099283.940133,28,-34,73
1742099283.976133,24,3,-96
1742099284.0111332,34,-50,-70
1742099284.046133,68,19,-44
1742099284.082133,99,-34,3
1742099284.1171331,39,17,-232
1742099284.1531332,-8,1,25
1742099284.188133,59,71,-66
1742099284.224133,-12,20,13
1742099284.259133,91,-59,-146
1742099284.2941332,-22,-52,-46
1742099284.3301332,14,16,-42
1742099284.365133,10,-32,-10
1742099284.401133,-12,2,-196
1742099284.4361331,-70,-14,-56
1742099284.4721332,-2,-77,-40
1742099284.507133,-32,-74,-172
1742099284.542133,75,30,-110
1742099284.578133,-48,-47,-164
1742099284.6131332,-60,20,43
1742099284.649133,-104,-63,-104
1742099284.684133,-62,8,-46
1742099284.720133,53,-37,19
1742099284.7551332,27,-7,85
1742099284.790133,-90,-1,19
1742099284.826133,-21,18,-102
1742099284.861133,110,70,-214
1742099284.897133,-38,16,-118
1742099284.9321332,20,-25,-138
1742099284.968133,-8,-38,-24
1742099285.003133,-5,-53,-18
1742099285.0381331,122,-43,39
1742099285.0741332,-27,-37,-36
1742099285.109133,114,4,-74
1742099285.145133,56,20,-110
1742099285.180133,8,10,-40
1742099285.216133,-27,22,-14
1742099285.251133,-9,-71,-110
1742099285.286133,32,-29,-130
1742099285.322133,-37,132,-8
1742099285.3571332,32,12,-62
1742099285.3931332,-13,2,-64
1742099285.428133,24,34,29
1742099285.463133,-31,20,-64
1742099285.4981332,18,-29,-38
1742099285.5341332,65,-73,-36
1742099285.570133,-46,-21,0
1742099285.605133,52,-27,61
1742099285.641133,-17,-51,-114
1742099285.6761332,-31,42,29
1742099285.711133,59,56,-152
1742099285.746133,-45,-4,1
1742099285.782133,-66,19,-36
1742099285.818133,-41,-90,-40
1742099285.8531332,-71,55,-84
1742099285.889133,76,-29,25
1742099285.924133,-27,32,-106
1742099285.9591331,-79,44,93
1742099285.994133,-47,-18,-86
1742099286.030133,-135,3,-176
1742099286.066133,0,19,-116
1742099286.101133,80,43,-46
1742099286.1371331,-79,34,-8
1742099286.172133,-45,34,-68
1742099286.207133,32,-53,89
1742099286.2421331,24,-19,-78
1742099286.2781332,2,18,-154
1742099286.3211331,0,18,57
1742099286.3571332,-5,8,-60
1742099286.3931332,58,52,-76
1742099286.428133,-3,-40,-94
1742099286.463133,20,-5,-16
1742099286.4981332,-59,4,-88
1742099286.5341332,114,32,-98
1742099286.570133,6,0,25
1742099286.605133,-23,-45,-32
1742099286.641133,-57,-11,-92
1742099286.6761332,-33,-17,49
1742099286.711133,-9,-41,-46
1742099286.746133,-25,8,-128
1742099286.782133,-31,-53,-92
1742099286.818133,56,14,25
1742099286.8531332,-25,-9,-10
1742099286.889133,46,-61,11
1742099286.924133,-19,14,-54
1742099286.9591331,-9,12,67
1742099286.994133,24,18,-40
1742099287.030133,-55,-15,-12
1742099287.066133,28,-3,-100
1742099287.101133,52,-31,-16
1742099287.1371331,14,-3,-22
1742099287.172133,-17,2,-30
1742099287.207133,-13,6,1
1742099287.2421331,0,-21,67
1742099287.2781332,-47,56,-124
1742099287.3141332,-97,-15,-66
1742099287.349133,-91,60,183
1742099287.385133,26,10,-126
1742099287.420133,-31,-11,-108
1742099287.4551332,32,0,-48
1742099287.490133,-1,0,3
1742099287.526133,-3,-7,105
1742099287.562133,16,68,-96
1742099287.5971332,-49,-9,-112
1742099287.6331332,-71,12,-58
1742099287.668133,-3,-9,-44
1742099287.703133,8,-3,-62
1742099287.7381332,60,10,-20
1742099287.774133,24,-4,67
1742099287.810133,-19,22,19
1742099287.845133,2,-9,-72
1742099287.881133,-15,-23,31
1742099287.9161332,98,-37,-40
1742099287.951133,68,-14,61
1742099287.986133,40,39,-98
1742099288.022133,-45,3,-12
1742099288.0581331,-15,-76,-74
1742099288.093133,-1,-8,79
1742099288.129133,-33,-44,9
1742099288.164133,-31,111,25
1742099288.1991332,-5,31,-64
1742099288.234133,-27,-26,-94
1742099288.270133,60,-53,69
1742099288.306133,60,-47,-20
1742099288.341133,50,18,-6
1742099288.3771331,18,-47,7
1742099288.412133,-27,-93,-66
1742099288.447133,-55,38,67
1742099288.4821332,36,38,11
1742099288.5181332,52,106,-94
1742099288.5541332,-1,34,-76
1742099288.589133,22,-45,-20
1742099288.625133,60,-37,-104
1742099288.6601331,28,-41,-60
1742099288.695133,-23,56,-50
1742099288.730133,24,4,-18
1742099288.766133,32,50,-26
1742099288.802133,2,-9,-104
1742099288.8371332,-77,-27,-66
1742099288.8731332,4,-47,-28
1742099288.908133,32,44,-102
1742099288.943133,46,-69,-98
1742099288.9781332,-25,-1,-60
1742099289.014133,-31,80,-68
1742099289.050133,46,66,-156
1742099289.085133,6,40,-48
1742099289.121133,66,8,-8
1742099289.1561332,-17,22,37
1742099289.191133,2,-73,-74
1742099289.226133,-43,-53,39
1742099289.2621331,98,41,-18
1742099289.2981331,-69,-62,0
1742099289.333133,-5,-12,11
1742099289.369133,-15,-48,-72
1742099289.404133,-17,29,-70
1742099289.4391332,-41,-12,31
1742099289.4751332,0,69,-44
1742099289.510133,-51,67,-88
1742099289.546133,-53,-22,43
1742099289.5811331,35,37,-72
1742099289.6171331,11,3,-52
1742099289.652133,-56,-12,-108
1742099289.687133,-1,15,-44
1742099289.723133,11,-58,-160
1742099289.7581332,-12,-28,-124
1742099289.7941332,-32,-20,-60
1742099289.829133,61,-30,-40
1742099289.865133,-70,-8,-92
1742099289.9001331,-52,-22,-102
1742099289.935133,-27,-12,21
1742099289.971133,-9,11,-66
1742099290.006133,57,21,-200
1742099290.042133,-11,-2,-82
1742099290.0771332,20,-40,-38
1742099290.1131332,-11,103,-54
1742099290.148133,-19,21,-42
1742099290.1831331,-21,21,45
1742099290.2191331,-67,-6,-128
1742099290.254133,-21,-50,11
1742099290.290133,-23,65,-150
1742099290.325133,-29,-2,-14
1742099290.361133,62,21,15
1742099290.3961332,-9,1,55
1742099290.431133,-135,-4,-52
1742099290.467133,-45,31,-64
1742099290.5021331,12,13,-78
1742099290.5381331,-43,23,91
1742099290.573133,-19,49,-100
1742099290.609133,8,1,-58
1742099290.644133,18,55,-174
1742099290.6791332,-47,-26,-96
1742099290.7151332,16,-14,-4
1742099290.750133,-115,-2,-66
1742099290.786133,-25,-74,-56
1742099290.8211331,-7,-34,27
1742099290.8571332,-79,67,-144
1742099290.892133,-81,29,-54
1742099290.927133,-7,-40,-48
1742099290.963133,-59,19,-86
1742099290.9981332,26,-58,-64
1742099291.0341332,-3,-20,29
1742099291.069133,44,-22,121
1742099291.105133,20,-10,-164
1742099291.1401331,8,15,-60
1742099291.175133,-49,7,-122
1742099291.211133,0,-50,-80
1742099291.246133,8,-30,-32
1742099291.282133,66,-2,-36
1742099291.3171332,-19,-16,11
1742099291.3531332,-23,47,-8
1742099291.388133,-9,-2,1
1742099291.4231331,56,25,13
1742099291.4591331,6,-71,-152
1742099291.494133,8,-21,-116
1742099291.530133,-43,4,-28
1742099291.565133,74,38,-50
1742099291.601133,34,36,-92
1742099291.6361332,48,4,-80
1742099291.671133,46,-71,17
1742099291.707133,8,36,-48
1742099291.7421331,-67,-13,-49
1742099291.7781332,24,-9,10
1742099291.813133,60,54,-103
1742099291.849133,-57,-41,32
1742099291.885133,2,56,-73
1742099291.921133,90,-7,-29
1742099291.957133,-81,-57,-37
1742099291.9921331,8,28,-39
1742099292.027133,-7,-9,-35
1742099292.063133,6,-45,-49
1742099292.099133,74,44,-115
1742099292.134133,-3,20,-71
1742099292.170133,48,36,46
1742099292.2051332,6,-3,-35
1742099292.240133,-19,74,-143
1742099292.2751331,-5,4,-43
1742099292.3111331,-17,-37,66
1742099292.3471332,10,-61,-57
1742099292.382133,38,28,2
1742099292.418133,-13,84,-33
1742099292.453133,-31,-35,-85
1742099292.4881332,82,68,-37
1742099292.523133,-55,-3,-109
1742099292.559133,8,12,-57
1742099292.595133,-9,-51,-94
1742099292.6301332,16,-33,-1
1742099292.6661332,-3,46,-18
1742099292.701133,-35,28,-110
1742099292.736133,-21,8,1
1742099292.7711332,72,-27,-28
1742099292.8071332,-69,-15,-28
1742099292.843133,62,-21,-196
1742099292.878133,-1,42,91
1742099292.914133,102,-33,-71
1742099292.9491332,-55,-17,-111
1742099292.984133,56,80,-41
1742099293.019133,128,30,-141
1742099293.055133,-43,-27,-119
1742099293.091133,0,-77,-71
1742099293.126133,4,118,66
1742099293.162133,54,-33,22
1742099293.197133,-11,48,-111
1742099293.2321332,74,-13,76
1742099293.267133,36,-37,86
1742099293.303133,6,48,96
1742099293.339133,76,-67,-55
1742099293.374133,2,46,-79
1742099293.4101331,-21,-17,38
1742099293.445133,6,-43,-99
1742099293.480133,-111,28,23
1742099293.5151331,-69,-45,88
1742099293.5511332,-65,10,20
1742099293.5871332,22,-31,-46
1742099293.622133,-47,96,47
1742099293.658133,50,40,19
1742099293.693133,20,-3,-129
1742099293.7281332,0,-93,-126
1742099293.763133,-17,-7,-60
1742099293.799133,92,34,-127
1742099293.835133,70,-63,-119
1742099293.8701332,-39,60,-72
1742099293.9061332,114,-59,-84
1742099293.941133,48,-9,-18
1742099293.976133,2,28,-102
1742099294.0111332,-49,16,-102
1742099294.047133,32,16,-60
1742099294.083133,28,50,-16
1742099294.118133,18,19,-30
1742099294.154133,-65,-96,-30
1742099294.1891332,50,35,-8
1742099294.224133,-39,94,-222
1742099294.259133,64,6,37
1742099294.295133,-3,-67,-36
1742099294.3311331,42,-11,-22
1742099294.366133,38,-22,13
1742099294.402133,-5,56,-64
1742099294.437133,-7,22,-44
1742099294.4721332,-51,40,-104
1742099294.507133,44,36,-114
1742099294.543133,-103,-37,-74
1742099294.579133,34,-51,-142
1742099294.6141331,10,62,-94
1742099294.6501331,36,2,29
1742099294.685133,0,-39,-40
1742099294.720133,-3,-27,-92
1742099294.7551332,-13,-31,-16
1742099294.7911332,-41,-39,-64
1742099294.8271332,72,6,83
1742099294.862133,70,14,-110
1742099294.898133,22,-25,-94
1742099294.9331331,20,0,-30
1742099294.968133,90,-1,77
1742099295.003133,14,34,-182
1742099295.039133,54,-91,-98
1742099295.075133,-25,38,-2
1742099295.1101332,10,-3,-74
1742099295.1461332,10,26,-104
1742099295.181133,10,-7,-40
1742099295.216133,22,-3,-88
1742099295.251133,-43,-29,-96
1742099295.287133,-77,-17,0
1742099295.323133,-41,14,-96
1742099295.358133,-9,-37,-118
1742099295.394133,-63,-47,-54
1742099295.4291332,-25,28,-14
1742099295.464133,-1,-47,-54
1742099295.499133,130,8,-68
1742099295.5351331,112,-27,-56
1742099295.5711331,52,-13,-22
1742099295.606133,32,-23,15
1742099295.642133,32,10,-76
1742099295.677133,-3,-39,-8
1742099295.7121332,52,-7,-102
1742099295.747133,0,50,-28
1742099295.783133,-41,4,-11
1742099295.819133,-123,34,-15
1742099295.8541331,36,31,-107
1742099295.8901331,-34,52,55
1742099295.925133,3,19,15
1742099295.9621332,-24,0,-68
1742099295.997133,-28,-55,-130
1742099296.032133,19,18,-72
1742099296.068133,-20,28,-68
1742099296.1031332,-44,-33,-108
1742099296.139133,-2,-25,-42
1742099296.174133,-8,4,-44
1742099296.210133,-26,-4,-44
1742099296.2451332,75,-37,-24
1742099296.280133,15,42,-129
1742099296.323133,7,-51,82
1742099296.359133,-2,-57,-49
1742099296.395133,3,-3,-71
1742099296.430133,77,44,-45
1742099296.466133,-50,44,-75
1742099296.501133,27,46,-49
1742099296.536133,45,0,24
1742099296.572133,65,-27,86
1742099296.6071332,-32,-31,-45
1742099296.6431332,-52,7,-195
1742099296.678133,89,59,-17
1742099296.714133,22,37,-15
1742099296.749133,2,1,-73
1742099296.7841332,-69,35,-19
1742099296.820133,20,-110,16
1742099296.855133,-37,35,-91
1742099296.891133,-17,69,-119
1742099296.9261332,24,-16,-123
1742099296.9621332,-17,55,-17
1742099296.997133,18,-32,-51
1742099297.032133,-5,49,-37
1742099297.068133,-41,-44,-137
1742099297.1031332,18,11,-159
1742099297.139133,-11,-20,-39
1742099297.174133,-3,-46,-115
1742099297.210133,-15,-42,-35
1742099297.2451332,82,-64,24
1742099297.280133,64,-18,22
1742099297.316133,34,-57,-109
1742099297.351133,68,31,-51
1742099297.3871331,24,13,-101
1742099297.422133,62,-30,38
1742099297.458133,0,-4,-25
1742099297.493133,74,11,-1
1742099297.5281332,68,-20,-27
1742099297.5641332,38,-18,-59
1742099297.599133,-21,0,-29
1742099297.635133,-15,-31,-61
1742099297.670133,98,-29,-27
1742099297.7061331,-31,-33,-1
1742099297.741133,0,8,-83
1742099297.776133,-5,4,-21
1742099297.812133,-23,66,-1
1742099297.8471332,0,12,-127
1742099297.8831332,26,110,-37
1742099297.918133,24,22,50
1742099297.954133,8,41,20
1742099297.9891331,64,11,-103
1742099298.024133,26,-60,-103
1742099298.060133,14,41,30
1742099298.095133,10,-22,42
1742099298.131133,-7,-32,-89
1742099298.1661332,10,-20,10
1742099298.2021332,-51,57,42
1742099298.237133,-27,-24,-5
1742099298.272133,32,7,-67
1742099298.3081331,14,-74,-75
1742099298.343133,26,-38,-19
1742099298.379133,74,33,-67
1742099298.414133,8,7,-53
1742099298.450133,-19,91,48
1742099298.486133,-3,-2,-33
1742099298.5211332,42,11,4
1742099298.556133,-23,-16,22
1742099298.592133,54,-12,-95
1742099298.628133,-21,-36,-235
1742099298.6631331,60,33,-95
1742099298.6991332,4,-13,-95
1742099298.734133,18,42,-15
1742099298.769133,-9,-99,-199
1742099298.8041332,14,-31,94
1742099298.8401332,56,30,8
1742099298.876133,-7,26,-131
1742099298.911133,-11,14,8
1742099298.947133,30,8,40
1742099298.9821332,-61,-1,-111
1742099299.017133,8,-25,2
1742099299.052133,-29,-45,-71
1742099299.088133,-53,54,-125
1742099299.124133,56,2,-77
1742099299.1591332,-43,-93,40
1742099299.195133,4,54,-139
1742099299.230133,24,-7,-41
1742099299.2651331,20,34,-3
1742099299.300133,-35,42,-33
1742099299.336133,14,-19,-97
1742099299.372133,34,-3,24
1742099299.407133,-39,108,8
1742099299.443133,72,104,-137
1742099299.4781332,20,112,34
1742099299.513133,-5,22,-59
1742099299.5481331,26,2,-13
1742099299.5841331,-31,74,-147
1742099299.6201332,-23,-17,-99
1742099299.655133,74,0,-67
1742099299.691133,102,44,-85
1742099299.726133,18,-29,-11
1742099299.7611332,32,52,60
1742099299.796133,10,-73,-79
1742099299.832133,2,14,28
1742099299.868133,-37,38,-119
1742099299.9031332,44,-13,-131
1742099299.9391332,-35,66,-175
1742099299.974133,-81,30,-49
1742099300.009133,-13,0,-157
1742099300.0441332,-33,34,-25
1742099300.0801332,42,40,-23
1742099300.116133,24,52,-83
1742099300.151133,42,46,-95
1742099300.187133,-15,-23,-45
1742099300.2221332,76,-59,-53
1742099300.257133,-21,-25,56
1742099300.292133,-25,4,-123
1742099300.328133,-43,66,-159
1742099300.3641331,-45,-45,46
1742099300.399133,-19,-85,-15
1742099300.435133,-5,24,4
1742099300.470133,-67,-87,-181
1742099300.5051332,-71,4,102
1742099300.540133,14,14,-101
1742099300.576133,40,0,-85
1742099300.612133,20,-39,-69
1742099300.647133,72,-3,-11
1742099300.6831331,-43,46,-127
1742099300.718133,-37,14,-7
1742099300.753133,18,70,-55
1742099300.7881331,-25,-31,-67
1742099300.8241332,-13,-35,-101
1742099300.8601332,88,-39,68
1742099300.895133,48,48,-137
1742099300.931133,-7,-25,-33
1742099300.966133,-59,40,-19
1742099301.001133,100,-31,-61
1742099301.036133,88,6,12
1742099301.072133,14,12,-113
1742099301.108133,34,72,-1
1742099301.1431332,-75,-29,-21
1742099301.1791332,-13,-9,-75
1742099301.214133,-39,-7,-37
1742099301.249133,-9,60,-67
1742099301.2841332,22,-15,2
1742099301.320133,12,-39,-69
1742099301.356133,36,-17,22
1742099301.391133,-65,22,-123
1742099301.427133,-39,-1,84
1742099301.4621332,-111,6,22
1742099301.497133,-21,-43,-81
1742099301.532133,-63,60,-1
1742099301.568133,-33,2,-79
1742099301.6041331,-31,-55,34
1742099301.639133,23,52,-15
1742099301.675133,-2,54,50
1742099301.710133,-22,2,10
1742099301.7451332,43,20,-99
1742099301.780133,-88,14,-75
1742099301.816133,29,24,26
1742099301.852133,-84,8,-9
1742099301.8871331,27,36,20
1742099301.9231331,12,-5,-115
1742099301.958133,-56,-37,-79
1742099301.993133,-34,-25,-121
1742099302.0281332,49,-51,14
1742099302.0641332,37,-17,90
1742099302.1001332,-4,-29,-65
1742099302.135133,46,-17,-97
1742099302.171133,-4,0,-83
1742099302.2061331,42,-77,6
1742099302.241133,-67,-13,-5
1742099302.276133,-89,-69,-179
1742099302.312133,35,78,-63
1742099302.348133,-45,-54,26
1742099302.3831332,-35,-74,48
1742099302.4191332,74,-37,-187
1742099302.454133,4,16,-61
1742099302.4891331,24,50,-21
1742099302.524133,-27,-3,-37
1742099302.560133,-3,22,0
1742099302.596133,-13,0,-207
1742099302.631133,48,50,-27
1742099302.667133,42,-15,14
1742099302.7021332,-43,-11,-179
1742099302.737133,-43,-1,20
1742099302.773133,18,0,-97
1742099302.8081331,-3,-17,-34
1742099302.8441331,16,-51,22
1742099302.879133,-9,-5,-85
1742099302.915133,48,-51,-147
1742099302.950133,-31,48,0
1742099302.9851332,-3,-7,-57
1742099303.0211332,-35,-15,-115
1742099303.056133,42,22,-5
1742099303.092133,-47,22,-163
1742099303.1271331,30,32,-29
1742099303.1631331,-141,-21,-85
1742099303.198133,38,-1,-5
1742099303.233133,-29,-47,0
1742099303.269133,16,-39,-3
1742099303.3041332,44,14,36
1742099303.3401332,28,64,30
1742099303.375133,-65,58,-71
1742099303.411133,-73,2,-57
1742099303.4461331,-65,12,18
1742099303.481133,2,-9,-159
1742099303.517133,48,26,-31
1742099303.552133,-51,82,-127
1742099303.588133,-33,-61,6
1742099303.6231332,2,24,-81
1742099303.6591332,56,-59,-91
1742099303.694133,2,-33,-89
1742099303.7291331,30,44,-141
1742099303.7651331,70,10,-157
1742099303.800133,-57,-3,108
1742099303.836133,-9,28,-135
1742099303.871133,38,44,-83
1742099303.907133,30,-33,2
1742099303.9421332,-47,0,-57
1742099303.977133,8,8,-7
1742099304.013133,-39,12,-35
1742099304.0481331,-15,-21,-75
1742099304.0841331,-49,12,-175
1742099304.119133,68,-59,-7
1742099304.155133,-103,-45,21
1742099304.190133,42,14,145
1742099304.2251332,24,-49,1
1742099304.2611332,34,20,83
1742099304.296133,-5,-13,-34
1742099304.332133,54,0,-62
1742099304.3671331,-5,20,43
1742099304.4031332,34,104,-41
1742099304.438133,116,-113,-41
1742099304.473133,8,52,124
1742099304.509133,-37,-69,-15
1742099304.5441332,-73,-17,12
1742099304.5801332,48,-21,76
1742099304.615133,-75,-43,-17
1742099304.651133,8,6,-54
1742099304.6861331,66,-23,-94
1742099304.721133,-63,10,13
1742099304.757133,-13,-27,-128
1742099304.792133,80,-33,77
1742099304.828133,-53,84,-70
1742099304.8631332,0,10,-140
1742099304.899133,36,-55,-56
1742099304.934133,62,0,37
1742099304.9691331,-101,-7,-54
1742099305.0051332,-7,-7,-76
1742099305.040133,-21,62,-80
1742099305.076133,-23,-11,53
1742099305.111133,-29,-37,-68
1742099305.1461332,-27,-47,-136
1742099305.181133,22,52,5
1742099305.217133,22,58,9
1742099305.253133,24,18,23
1742099305.2881331,-3,-21,21
1742099305.3241332,14,94,-190
1742099305.359133,8,-11,-80
1742099305.394133,-67,-39,-8
1742099305.4291332,-11,-9,-148
1742099305.4651332,-41,52,35
1742099305.501133,26,-69,-90
1742099305.536133,-17,-6,-106
1742099305.572133,66,-4,-78
1742099305.6071332,-7,-2,-102
1742099305.642133,-61,-48,43
1742099305.677133,2,147,-120
1742099305.713133,20,-12,-116
1742099305.749133,34,19,-16
1742099305.7841332,0,45,35
1742099305.820133,-43,-6,117
1742099305.855133,6,-78,-52
1742099305.8901331,-5,-76,-8
1742099305.925133,70,9,-32
1742099305.961133,10,37,-42
1742099305.997133,56,48,-38
1742099306.032133,4,-1,-70
1742099306.068133,-5,-29,-38
1742099306.1031332,82,36,-138
1742099306.138133,12,-22,-116
1742099306.1731331,-37,-7,-8
1742099306.2091331,60,4,21
1742099306.2451332,-35,2,-48
1742099306.280133,84,79,-86
1742099306.316133,116,-31,-52
1742099306.358133,6,-49,-34
1742099306.394133,0,66,125
1742099306.4291332,38,-11,-158
1742099306.4651332,32,-5,13
1742099306.501133,-15,-47,75
1742099306.536133,-17,6,-104
1742099306.572133,108,34,-76
1742099306.6071332,-37,-77,-98
1742099306.642133,-11,-41,-102
1742099306.677133,0,-13,31
1742099306.713133,-9,-1,-2
1742099306.749133,40,6,27
1742099306.7841332,74,-9,-14
1742099306.820133,50,24,-170
1742099306.855133,-73,8,-62
1742099306.8901331,30,-73,-130
1742099306.925133,54,-23,-8
1742099306.961133,-7,0,-120
1742099306.997133,-69,84,-26
1742099307.032133,-25,34,-18
1742099307.068133,-1,-19,-72
1742099307.1031332,6,-7,-74
1742099307.138133,-61,-1,-50
1742099307.1731331,34,62,115
1742099307.2091331,24,16,29
1742099307.2451332,6,-35,49
1742099307.280133,70,28,-112
1742099307.316133,-39,62,-172
1742099307.351133,78,26,-132
1742099307.3861332,-13,-11,-140
1742099307.421133,-25,-27,0
1742099307.457133,8,42,93
1742099307.493133,60,-1,-86
1742099307.5281332,-71,-49,13
1742099307.5641332,18,-23,-140
1742099307.599133,18,-5,-6
1742099307.6361332,-31,-27,109
1742099307.671133,14,-85,-106
1742099307.7061331,-15,-23,-96
1742099307.741133,-3,100,1
1742099307.777133,120,-15,-44
1742099307.813133,0,-13,-10
1742099307.848133,56,6,-22
1742099307.884133,4,2,-36
1742099307.9191332,16,-43,97
1742099307.954133,72,-37,-120
1742099307.9891331,30,14,-72
1742099308.0251331,94,30,-12
1742099308.0611331,-25,58,-120
1742099308.096133,46,-29,-52
1742099308.132133,-47,-17,-72
1742099308.167133,-35,-3,-80
1742099308.2021332,-7,-75,-152
1742099308.237133,-82,12,-74
1742099308.273133,6,-43,-80
1742099308.309133,20,-15,-26
1742099308.3441331,-9,6,-172
1742099308.3801332,24,-29,-96
1742099308.415133,-77,-47,-62
1742099308.450133,-6,-25,-36
1742099308.4851332,5,0,-50
1742099308.5211332,65,32,-112
1742099308.5571332,-22,-43,-74
1742099308.592133,-50,-21,3
1742099308.628133,97,20,-110
1742099308.6631331,121,-61,-14
1742099308.698133,-26,8,-32
1742099308.734133,-82,0,-88
1742099308.769133,-6,30,-44
1742099308.805133,-42,2,-88
1742099308.8401332,1,-19,47
1742099308.876133,-28,-69,-76
1742099308.911133,-60,6,-68
1742099308.9461331,47,48,-164
1742099308.981133,-20,18,87
1742099309.017133,59,-71,-40
1742099309.053133,32,66,-54
1742099309.088133,46,-65,43
1742099309.124133,7,-15,25
1742099309.1591332,52,44,1
1742099309.194133,22,-5,-48
1742099309.230133,20,-31,-38
1742099309.2651331,66,-21,-80
1742099309.3011332,-51,-103,41
1742099309.336133,8,0,39
1742099309.372133,62,8,-76
1742099309.407133,38,-9,-168
1742099309.4421332,34,-17,-54
1742099309.4781332,20,-39,-130
1742099309.513133,36,30,-2
1742099309.549133,52,76,-122
1742099309.5841331,78,58,-6
1742099309.6201332,-65,-19,-122
1742099309.655133,-35,82,13
1742099309.690133,6,-75,-92
1742099309.726133,-55,0,-96
1742099309.7611332,-13,-31,-32
1742099309.797133,-53,28,-50
1742099309.832133,-79,-31,-116
1742099309.868133,-51,-39,-86
1742099309.9031332,-29,-49,-2
1742099309.938133,32,-31,45
1742099309.974133,16,-49,-24
1742099310.009133,2,-113,-52
1742099310.045133,-41,-77,-2
1742099310.0801332,-13,-25,61
1742099310.116133,-35,4,-10
1742099310.151133,-43,-89,71
1742099310.1861331,-43,-41,-36
1742099310.2221332,-53,-39,-28
1742099310.257133,0,-5,-112
1742099310.293133,6,-53,-62
1742099310.328133,46,50,-2
1742099310.3641331,2,18,-78
1742099310.399133,60,24,67
1742099310.434133,14,-45,-18
1742099310.470133,72,-31,-42
1742099310.5051332,32,-3,-56
1742099310.5411332,12,70,-143
1742099310.576133,12,0,-57
1742099310.612133,-31,-49,-73
1742099310.647133,-7,48,-13
1742099310.6821332,38,56,-81
1742099310.718133,-21,24,-49
1742099310.753133,10,-29,2
1742099310.789133,1,-81,-63
1742099310.8241332,-105,82,-159
1742099310.8601332,76,12,-19
1742099310.895133,52,64,-21
1742099310.930133,-33,-51,-11
1742099310.966133,-7,-21,50
1742099311.001133,-37,52,-3
1742099311.037133,-123,-29,-113
1742099311.072133,2,-11,-95
1742099311.108133,-9,-67,-51
1742099311.1431332,-69,-19,-37
1742099311.178133,-53,-39,-161
1742099311.214133,24,-3,-43
1742099311.249133,-1,-21,-7
1742099311.2851331,-85,-23,4
1742099311.320133,26,44,14
1742099311.356133,12,44,-9
1742099311.391133,-83,-15,50
1742099311.4261332,-77,68,68
1742099311.4621332,-25,-33,26
1742099311.497133,118,-23,12
1742099311.533133,16,-43,-45
1742099311.568133,-109,40,-129
1742099311.6041331,46,14,22
1742099311.6401331,-79,10,-83
1742099311.675133,46,-33,-23
1742099311.710133,0,74,-15
1742099311.746133,26,-43,-215
1742099311.782133,46,30,110
1742099311.8171332,6,-29,-139
1742099311.8531332,28,12,18
1742099311.888133,-3,-117,12
1742099311.9231331,-27,44,152
1742099311.958133,-17,6,-81
1742099311.994133,40,-41,-43
1742099312.030133,26,46,-83
1742099312.065133,-39,60,-105
1742099312.101133,82,44,-33
1742099312.1361332,-27,24,36
1742099312.171133,-15,-25,-29
1742099312.2061331,12,-29,-93
1742099312.2421331,10,-5,-99
1742099312.2781332,-25,40,-3
1742099312.313133,32,-15,8
1742099312.349133,48,-55,14
1742099312.384133,-13,-1,-71
1742099312.4191332,-11,-63,-123
1742099312.454133,-3,12,114
1742099312.490133,-37,14,-27
1742099312.526133,-33,-73,-27
1742099312.5611331,16,42,-129
1742099312.5971332,-65,86,-37
1742099312.632133,-85,26,-137
1742099312.667133,-37,0,36
1742099312.7021332,14,-35,-11
1742099312.7381332,-67,2,12
1742099312.774133,56,-71,92
1742099312.809133,26,14,-47
1742099312.845133,4,-15,-3
1742099312.8801332,72,-31,-177
1742099312.915133,56,42,14
1742099312.950133,44,4,-15
1742099312.986133,42,64,-35
1742099313.022133,-13,-41,-15
1742099313.0571332,-67,28,-43
1742099313.093133,44,34,-73
1742099313.128133,4,12,-53
1742099313.1631331,18,14,-49
1742099313.198133,44,-37,-111
1742099313.234133,46,-27,34
1742099313.270133,8,-7,-25
1742099313.305133,12,-7,46
1742099313.341133,40,50,-73
1742099313.376133,10,8,-31
1742099313.411133,-53,28,-145
1742099313.4461331,-85,-19,-101
1742099313.4821332,24,-13,-61
1742099313.5181332,26,-11,-117
1742099313.553133,-27,-31,-77
1742099313.589133,6,50,-3
1742099313.624133,56,14,66
1742099313.6591332,-23,-79,-45
1742099313.694133,-5,20,-141
1742099313.730133,38,-9,-95
1742099313.766133,84,92,22
1742099313.8011332,-15,72,-13
1742099313.8371332,-73,-13,-69
1742099313.872133,42,-5,-89
1742099313.907133,-41,50,20
1742099313.9421332,-41,-37,-31
1742099313.9781332,42,-33,8
1742099314.014133,-21,8,-51
1742099314.049133,-53,-39,-99
1742099314.085133,26,48,-35
1742099314.1201332,-7,40,-117
1742099314.155133,-11,-11,-71
1742099314.190133,-9,-17,22
1742099314.226133,4,-13,-53
1742099314.2621331,-27,8,-67
1742099314.297133,-11,-31,-43
1742099314.333133,-7,64,52
1742099314.368133,66,8,-61
1742099314.4031332,32,-31,-97
1742099314.438133,10,8,18
1742099314.474133,42,0,-75
1742099314.510133,10,-15,-133
1742099314.545133,8,-15,-107
1742099314.5811331,42,52,-53
1742099314.616133,48,0,-137
1742099314.651133,0,8,-55
1742099314.6861331,-49,-25,-67
1742099314.7221332,34,0,-135
1742099314.7581332,42,44,-23
1742099314.793133,22,20,-21
1742099314.829133,-77,10,-79
1742099314.8641331,38,-85,-35
1742099314.899133,-43,-7,-67
1742099314.934133,104,78,-109
1742099314.970133,30,-29,28
1742099315.006133,-53,28,4
1742099315.0411332,4,26,16
1742099315.0771332,10,-13,-47
1742099315.112133,56,16,-157
1742099315.147133,-21,-69,38
1742099315.1821332,28,58,-57
1742099315.218133,52,34,-63
1742099315.254133,-7,28,-5
1742099315.289133,42,18,40
1742099315.325133,24,20,-171
1742099315.3601332,56,-5,-67
1742099315.395133,-29,14,-140
1742099315.430133,-71,42,33
1742099315.466133,24,-23,-78
1742099315.5021331,10,122,-84
1742099315.537133,56,-91,-56
1742099315.573133,38,-33,-102
1742099315.608133,-53,-83,-34
1742099315.6431332,16,-15,-40
1742099315.678133,-57,18,-78
1742099315.714133,58,26,-168
1742099315.750133,-71,14,-82
1742099315.7851331,-63,10,-2
1742099315.8211331,20,-29,-72
1742099315.856133,-19,-15,-50
1742099315.891133,46,2,21
1742099315.927133,12,-11,-144
1742099315.9621332,36,4,-28
1742099315.9981332,-67,-23,-88
1742099316.033133,-15,-13,0
1742099316.069133,-31,68,-92
1742099316.1041331,-7,54,-6
1742099316.139133,-27,34,-32
1742099316.175133,94,-41,-12
1742099316.210133,8,22,-72
1742099316.246133,8,-19,-54
1742099316.2811332,-91,64,-66
1742099316.3171332,-29,-63,-192
1742099316.359133,-17,-19,97
1742099316.395133,-45,-59,-28
1742099316.431133,30,10,-48
1742099316.466133,58,78,-196
1742099316.5021331,16,-15,-24
1742099316.537133,72,2,-74
1742099316.573133,10,-13,65
1742099316.608133,-19,-29,-80
1742099316.6431332,-25,-89,-80
1742099316.6791332,-19,30,-134
1742099316.714133,16,30,-122
1742099316.750133,36,-21,-44
1742099316.7851331,0,46,-68
1742099316.8211331,88,44,-64
1742099316.856133,44,86,-172
1742099316.891133,-13,58,-62
1742099316.927133,-55,10,-26
1742099316.9621332,18,-53,-142
1742099316.9981332,-27,-27,-60
1742099317.033133,20,-19,-82
1742099317.069133,32,16,-34
1742099317.1041331,-39,-61,-4
1742099317.139133,18,-31,-158
1742099317.175133,84,28,57
1742099317.210133,-7,44,-20
1742099317.246133,46,0,-140
1742099317.2811332,18,24,-76
1742099317.3171332,-15,78,-70
1742099317.352133,14,10,-34
1742099317.3871331,8,-11,-110
1742099317.4231331,66,6,-54
1742099317.458133,82,-107,-10
1742099317.494133,70,40,51
1742099317.529133,14,0,-62
1742099317.565133,6,-65,-66
1742099317.6001332,58,-9,45
1742099317.635133,20,46,-96
1742099317.671133,-31,54,-72
1742099317.7061331,32,-11,-110
1742099317.7421331,64,-3,-158
1742099317.777133,-1,22,35
1742099317.813133,-31,-7,-42
1742099317.848133,-1,-91,95
1742099317.8831332,-77,-37,-72
1742099317.9191332,14,56,-16
1742099317.954133,84,14,-22
1742099317.990133,50,-33,1
1742099318.0251331,-21,-41,-64
1742099318.0611331,62,-13,-44
1742099318.096133,-5,10,-44
1742099318.131133,-45,50,-76
1742099318.167133,32,-83,-82
1742099318.2021332,84,-29,11
1742099318.2381332,14,-71,-184
1742099318.273133,18,26,-120
1742099318.3081331,18,16,-48
1742099318.343133,-15,-3,-152
1742099318.379133,-7,54,-94
1742099318.415133,-23,-15,-58
1742099318.450133,24,-37,5
1742099318.486133,18,12,-94
1742099318.5211332,6,-49,-166
1742099318.556133,34,-9,-126
1742099318.591133,42,62,-106
1742099318.6271331,-85,48,-79
1742099318.6631331,-107,8,-15
1742099318.698133,72,24,-84
1742099318.734133,-49,-17,45
1742099318.769133,46,62,-52
1742099318.8041332,8,42,11
1742099318.839133,18,76,-144
1742099318.875133,64,-33,13
1742099318.911133,-39,-57,-10
1742099318.9461331,44,52,21
1742099318.9821332,-49,-15,-68
1742099319.017133,86,80,-26
1742099319.052133,34,0,-96
1742099319.0871332,18,-1,-66
1742099319.1231332,-5,-3,45
1742099319.1591332,34,-31,3
1742099319.194133,48,108,-140
1742099319.230133,-27,36,-78
1742099319.2651331,-11,-123,-32
1742099319.300133,-47,-3,-70
1742099319.335133,108,6,-26
1742099319.371133,-31,4,11
1742099319.407133,-47,4,-4
1742099319.4421332,-17,42,-24
1742099319.4781332,30,-35,-166
1742099319.513133,-45,20,-88
1742099319.5481331,-13,-37,17
1742099319.583133,70,-41,-72
1742099319.619133,46,-1,-10
1742099319.655133,-69,20,61
1742099319.690133,-27,-37,-38
1742099319.726133,-5,14,23
1742099319.7611332,40,34,-128
1742099319.796133,30,-55,-110
1742099319.8311331,20,28,-102
1742099319.8671331,-23,-63,-56
1742099319.9031332,16,-3,19
1742099319.938133,-19,-1,27
1742099319.974133,60,12,-28
1742099320.009133,2,-15,53
1742099320.0441332,8,90,-126
1742099320.079133,84,-15,-64
1742099320.115133,70,-7,-86
1742099320.151133,-59,-35,-34
1742099320.1861331,52,76,-162
1742099320.2221332,46,-105,-56
1742099320.257133,4,36,23
1742099320.292133,6,-25,-100
1742099320.3271332,28,-3,43
1742099320.3631332,-45,-29,-40
1742099320.399133,-27,-47,-50
1742099320.434133,14,-75,27
1742099320.470133,86,12,37
1742099320.5051332,-49,16,25
1742099320.540133,-65,32,9
1742099320.575133,48,4,13
1742099320.611133,0,0,0
1742099320.647133,12,-33,-152
1742099320.6821332,26,-37,-16
1742099320.718133,-11,-33,-78
1742099320.753133,-3,-21,-192
1742099320.7881331,42,-31,-96
1742099320.823133,48,-15,-10
1742099320.859133,92,-17,-128
1742099320.895133,64,-48,-6
1742099320.930133,-21,8,-98
1742099320.966133,-35,11,-12
1742099321.001133,-55,5,-66
1742099321.036133,-7,21,-138
1742099321.0711331,44,18,-210
1742099321.1071332,10,44,5
1742099321.1431332,-25,-50,-98
1742099321.178133,36,-63,-90
1742099321.214133,-21,-33,-40
1742099321.249133,-5,-14,-6
1742099321.2841332,-3,19,35
1742099321.319133,-1,-46,-234
1742099321.355133,56,91,43
1742099321.391133,-3,19,-96
1742099321.4261332,-77,8,-60
1742099321.4621332,14,20,-140
1742099321.497133,-33,-31,-144
1742099321.532133,10,8,21
1742099321.5671332,-103,16,-100
1742099321.6031332,4,-9,-44
1742099321.639133,54,-1,-36
1742099321.674133,-9,-31,13
1742099321.710133,24,-51,-66
1742099321.7451332,82,-91,61
1742099321.780133,-85,-61,-2
1742099321.815133,-25,-27,-18
1742099321.851133,-55,16,-12
1742099321.8871331,-57,36,49
1742099321.922133,38,-33,-42
1742099321.958133,-61,18,-12
1742099321.993133,36,2,7
1742099322.0281332,30,-11,-108
1742099322.063133,20,-25,-134
1742099322.099133,-67,14,-108
1742099322.135133,26,-33,-12
1742099322.170133,80,2,-42
1742099322.2061331,-29,-3,-160
1742099322.241133,4,-77,-58
1742099322.276133,14,18,-102
1742099322.3111331,-73,-51,-76
1742099322.3471332,-65,26,101
1742099322.3831332,-55,12,19
1742099322.418133,-55,-49,-74
1742099322.454133,82,-5,27
1742099322.4891331,-59,-23,-28
1742099322.524133,60,26,-118
1742099322.560133,-53,-89,-30
1742099322.595133,-13,34,-98
1742099322.631133,-91,52,-126
1742099322.6661332,-25,72,-24
1742099322.7021332,-1,6,-58
1742099322.737133,-49,-83,-24
1742099322.772133,-43,22,-124
1742099322.8081331,-17,6,-78
1742099322.843133,30,18,-30
1742099322.879133,-27,-35,-68
1742099322.914133,74,76,-116
1742099322.950133,20,0,128
1742099322.9851332,78,12,-6
1742099323.020133,108,16,0
1742099323.056133,-3,80,-38
1742099323.091133,60,-73,-8
1742099323.1271331,-5,28,-108
1742099323.162133,-23,84,-96
1742099323.198133,-34,2,-3
1742099323.233133,35,0,-129
1742099323.2681332,21,-31,-28
1742099323.3041332,5,24,60
1742099323.339133,5,54,-132
1742099323.375133,-62,0,-96
1742099323.4101331,5,7,-32
1742099323.4461331,-40,-38,-52
1742099323.481133,43,-5,-76
1742099323.516133,-98,-67,-102
1742099323.552133,37,-56,-82
1742099323.5871332,-20,-2,-70
1742099323.6231332,91,7,-63
1742099323.658133,-16,3,-131
1742099323.694133,71,31,-13
1742099323.7291331,15,-36,-105
1742099323.764133,-50,73,-67
1742099323.800133,-20,-32,-121
1742099323.835133,-80,-1,0
1742099323.871133,-48,22,2
1742099323.9061332,-36,-27,-23
1742099323.9421332,57,-11,-63
1742099323.977133,7,-11,-49
1742099324.0121331,-58,26,-4
1742099324.0481331,-7,-15,-64
1742099324.083133,-54,-59,-25
1742099324.119133,-36,14,6
1742099324.154133,-82,54,-5
1742099324.190133,17,75,-23
1742099324.2251332,23,31,-95
1742099324.260133,-52,33,42
1742099324.296133,53,-53,-105
1742099324.3311331,29,37,-107
1742099324.3671331,40,15,-19
1742099324.402133,-25,1,20
1742099324.438133,60,-60,-1
1742099324.473133,36,-30,-55
1742099324.5081332,-35,85,-9
1742099324.5441332,44,29,-25
1742099324.579133,24,1,-43
1742099324.615133,-13,55,-107
1742099324.6501331,62,11,32
1742099324.685133,-105,-14,14
1742099324.720133,-61,-56,24
1742099324.756133,48,13,-83
1742099324.792133,-41,23,-69
1742099324.8271332,-63,-19,70
1742099324.8631332,-55,26,-143
1742099324.898133,-55,-29,-47
1742099324.9331331,96,50,-85
1742099324.968133,86,-23,-81
1742099325.004133,0,34,-187
1742099325.040133,-13,28,-23
1742099325.075133,-19,-25,-83
1742099325.111133,-37,8,-15
1742099325.1461332,0,30,-51
1742099325.181133,2,6,-147
1742099325.216133,-19,14,20
1742099325.2521331,70,-23,-5
1742099325.2881331,2,6,-139
1742099325.323133,54,-79,84
1742099325.359133,-35,-19,-69
1742099325.394133,-23,50,-115
1742099325.4291332,22,-7,-111
1742099325.464133,-23,20,-3
1742099325.500133,42,26,-145
1742099325.536133,-7,14,80
1742099325.5711331,-51,34,-119
1742099325.6071332,-79,-39,-61
1742099325.642133,-105,-69,-13
1742099325.677133,-17,-33,-27
1742099325.7121332,26,98,-127
1742099325.7481332,-13,-65,20
1742099325.7841332,-31,-41,-157
1742099325.819133,-5,-11,-73
1742099325.855133,62,2,-41
1742099325.8901331,44,28,-23
1742099325.925133,-11,12,-109
1742099325.960133,46,-31,-37
1742099325.996133,22,-11,-53
1742099326.032133,-45,40,-37
1742099326.0671332,38,72,-5
1742099326.1031332,78,32,-125
1742099326.138133,-19,30,10
1742099326.1731331,12,24,-31
1742099326.208133,2,-55,-17
1742099326.244133,36,-17,-147
1742099326.280133,-65,-34,-59
1742099326.315133,64,-1,18
1742099326.351133,0,-93,-17
1742099326.3931332,-15,54,-41
1742099326.4291332,2,-14,4
1742099326.464133,-19,-47,-15
1742099326.500133,-31,20,-53
1742099326.536133,-65,-61,12
1742099326.5711331,38,40,30
1742099326.6071332,30,-3,-21
1742099326.642133,56,-52,36
1742099326.677133,6,-14,-5
1742099326.7121332,-61,33,-81
1742099326.7481332,-35,-26,-125
1742099326.7841332,16,-114,0
1742099326.819133,-3,13,20
1742099326.855133,-39,31,-13
1742099326.8901331,22,33,-85
1742099326.925133,26,-36,-53
1742099326.960133,-117,-46,-65
1742099326.996133,-59,62,-1
1742099327.032133,-85,48,10
1742099327.0671332,-19,38,-97
1742099327.1031332,-37,-9,58
1742099327.138133,52,-21,40
1742099327.1731331,0,48,-31
1742099327.208133,4,-53,-27
1742099327.244133,2,-3,40
1742099327.280133,-21,-27,-59
1742099327.315133,-13,30,-7
1742099327.351133,84,-71,64
1742099327.3861332,8,-1,-55
1742099327.421133,22,26,-47
1742099327.4561331,-7,22,-49
1742099327.4921331,42,8,-59
1742099327.5281332,54,-45,10
1742099327.563133,82,10,-91
1742099327.599133,-49,-5,94
1742099327.634133,-33,52,-29
1742099327.6691332,-99,42,-107
1742099327.704133,-7,46,-115
1742099327.740133,-55,-43,-53
1742099327.776133,-1,8,-65
1742099327.8111331,74,-31,-81
1742099327.8471332,-39,-5,54
1742099327.882133,-27,-75,-131
1742099327.917133,38,-35,-89
1742099327.9521332,6,18,-13
1742099327.9881332,10,-49,-33
1742099328.024133,0,20,-65
1742099328.059133,-47,-67,-29
1742099328.095133,-65,-17,-29
1742099328.1301332,24,28,-201
1742099328.165133,-23,46,-81
1742099328.200133,62,14,-49
1742099328.236133,34,30,-79
1742099328.272133,-9,22,-47
1742099328.3071332,10,-65,-119
1742099328.343133,30,-45,-1
1742099328.378133,34,-69,-3
1742099328.4131331,-35,2,-23
1742099328.448133,-45,2,-109
1742099328.484133,24,2,-85
1742099328.520133,4,-25,-79
1742099328.555133,-67,-9,-9
1742099328.591133,-41,-11,42
1742099328.626133,18,0,34
1742099328.661133,56,-57,-23
1742099328.6961331,-71,22,-97
1742099328.7321332,-19,-67,-131
1742099328.7681332,14,-1,-87
1742099328.803133,42,52,-109
1742099328.839133,62,-5,36
1742099328.874133,42,-5,-107
1742099328.9091332,60,-1,-79
1742099328.945133,10,-51,-75
1742099328.980133,20,-9,-15
1742099329.016133,-7,-37,30
1742099329.0511332,-35,26,-105
1742099329.0871332,52,-1,24
1742099329.122133,124,78,-55
1742099329.157133,-15,12,-69
1742099329.193133,-77,20,-55
1742099329.2281332,14,4,-15
1742099329.264133,-47,-35,-7
1742099329.299133,90,76,20
1742099329.335133,78,-19,15
1742099329.3701332,-61,40,-56
1742099329.405133,20,-93,-60
1742099329.441133,6,18,-54
1742099329.476133,12,12,43
1742099329.5121331,18,-19,-46
1742099329.547133,-23,46,51
1742099329.583133,-64,-45,47
1742099329.618133,-13,-15,51
1742099329.6531332,-25,-23,-104
1742099329.6891332,4,20,43
1742099329.724133,4,22,-38
1742099329.760133,-15,22,0
1742099329.795133,-5,-1,-120
1742099329.8311331,26,104,1
1742099329.866133,16,-1,-48
1742099329.901133,40,-13,-226
1742099329.937133,10,-29,1
1742099329.9721332,0,36,-14
1742099330.0081332,-11,-13,-16
1742099330.043133,74,56,-42
1742099330.079133,0,-65,-20
1742099330.1141331,20,24,-30
1742099330.149133,44,-45,-134
1742099330.185133,46,-15,-60
1742099330.220133,-27,62,45
1742099330.256133,-3,8,31
1742099330.2911332,18,132,-22
1742099330.3271332,-39,44,23
1742099330.362133,-5,-27,-90
1742099330.397133,-11,74,-222
1742099330.4331331,62,70,-62
1742099330.468133,-3,-1,-22
1742099330.504133,-1,-27,-74
1742099330.539133,28,-39,-92
1742099330.575133,66,16,-58
1742099330.6101332,4,-27,-18
1742099330.645133,82,2,-6
1742099330.681133,6,-3,-46
1742099330.716133,44,-37,-94
1742099330.7521331,8,-43,-58
1742099330.787133,-3,38,57
1742099330.823133,60,60,-56
1742099330.858133,44,4,-128
1742099330.8931332,-53,-25,43
1742099330.9291332,-1,-15,31
1742099330.964133,30,-61,-54
1742099331.000133,2,-3,-102
1742099331.0351331,34,-15,41
1742099331.0711331,6,-27,-42
1742099331.106133,30,-11,-24
1742099331.141133,-1,-67,-8
1742099331.177133,4,136,-38
1742099331.2121332,2,-35,-32
1742099331.2481332,-21,8,-18
1742099331.283133,-5,-11,-100
1742099331.319133,30,2,-82
1742099331.355133,68,20,-64
1742099331.3901331,-37,32,33
1742099331.425133,-9,16,-66
1742099331.461133,10,38,-24
1742099331.497133,-5,60,1
1742099331.532133,-31,18,-76
1742099331.568133,60,-47,-30
1742099331.6031332,-11,44,-86
1742099331.638133,52,-65,-44
1742099331.6731331,-49,2,-84
1742099331.7091331,-71,18,-84
1742099331.7451332,0,-1,-8
1742099331.780133,-33,84,-156
1742099331.816133,-17,-25,-20
1742099331.851133,16,26,-86
1742099331.8861332,50,56,-90
1742099331.921133,-25,0,9
1742099331.957133,6,-41,-110
1742099331.993133,82,-31,-122
1742099332.0281332,-13,-77,-100
1742099332.0641332,-49,-3,-94
1742099332.099133,-9,-25,-92
1742099332.134133,-15,4,9
1742099332.1691332,-51,-15,-68
1742099332.2051332,-3,48,-166
1742099332.241133,50,14,5
1742099332.276133,-21,-45,-100
1742099332.312133,38,0,27
1742099332.3471332,-7,-75,-38
1742099332.382133,32,32,-14
1742099332.417133,-45,10,-4
1742099332.453133,22,-75,-76
1742099332.4891331,32,18,-48
1742099332.524133,-15,-35,-110
1742099332.560133,-83,16,-50
1742099332.595133,44,68,-116
1742099332.6301332,34,-1,-210
1742099332.665133,22,66,-152
1742099332.701133,10,16,-180
1742099332.737133,-7,26,-64
1742099332.772133,-17,78,-8
1742099332.8081331,76,-57,-8
1742099332.843133,4,27,-104
1742099332.878133,-17,-28,-104
1742099332.9131331,-37,-1,-56
1742099332.9491332,-69,28,69
1742099332.9851332,-11,122,99
1742099333.020133,2,22,-94
1742099333.056133,-59,38,-94
1742099333.091133,-83,-19,-40
1742099333.126133,-3,-63,57
1742099333.161133,-19,-13,-42
1742099333.197133,36,-5,-71
1742099333.233133,38,-15,-31
1742099333.2681332,-77,-23,-99
1742099333.3041332,22,-47,6
1742099333.339133,20,25,-73
1742099333.374133,98,-68,-5
1742099333.4091332,-47,67,-99
1742099333.445133,-23,29,-105
1742099333.481133,-35,15,-25
1742099333.516133,68,-32,34
1742099333.552133,-39,-22,-51
1742099333.5871332,-11,-20,-43
1742099333.622133,-49,25,-33
1742099333.657133,-3,13,-23
1742099333.693133,4,7,-35
1742099333.7291331,-31,5,-21
1742099333.764133,-21,35,-169
1742099333.800133,-19,0,-45
1742099333.835133,-47,-3,38
1742099333.8701332,36,-29,-145
1742099333.905133,0,-39,-31
1742099333.941133,-15,26,-263
1742099333.977133,-99,-91,-51
1742099334.0121331,22,18,-161
1742099334.0481331,-7,26,70
1742099334.083133,22,2,-83
1742099334.118133,-11,60,46
1742099334.1531332,-17,-9,6
1742099334.1891332,-3,68,-77
1742099334.2251332,46,56,2
1742099334.260133,-51,8,22
1742099334.296133,-17,-25,-69
1742099334.3311331,-53,-59,-31
1742099334.366133,-11,42,-45
1742099334.401133,2,2,-151
1742099334.437133,-39,-33,10
1742099334.473133,-43,-37,-79
1742099334.5081332,20,-7,88
1742099334.5441332,-13,34,-73
1742099334.579133,44,-81,-27
1742099334.6141331,-81,22,12
1742099334.649133,54,-13,-107
1742099334.685133,-21,-3,-13
1742099334.721133,-29,-9,20
1742099334.756133,-53,-69,-15
1742099334.792133,6,-3,-61
1742099334.8271332,120,46,-123
1742099334.862133,76,42,-123
1742099334.897133,24,-3,-7
1742099334.9331331,0,68,-145
1742099334.9691331,74,-1,-109
1742099335.004133,10,-43,-47
1742099335.040133,26,-5,-71
1742099335.075133,-19,-33,-227
1742099335.1101332,24,48,-3
1742099335.145133,-23,-1,-41
1742099335.181133,-21,50,36
1742099335.217133,36,-7,-83
1742099335.2521331,-29,-3,-127
1742099335.2881331,6,-43,-7
1742099335.323133,-89,12,-79
1742099335.358133,-9,50,164
1742099335.3931332,2,4,-61
1742099335.4291332,58,18,28
1742099335.4651332,64,-53,64
1742099335.500133,46,-1,-57
1742099335.536133,-15,-7,-33
1742099335.5711331,24,-15,-91
1742099335.606133,-33,-35,-161
1742099335.642133,32,54,-123
1742099335.677133,0,56,-29
1742099335.713133,68,32,-179
1742099335.7481332,28,50,-1
1742099335.7841332,-9,8,-83
1742099335.819133,-31,-31,-123
1742099335.8541331,36,24,-31
1742099335.8901331,-17,18,-39
1742099335.925133,-9,6,-69
1742099335.961133,70,-51,-85
1742099335.996133,16,28,126
1742099336.032133,96,-57,8
1742099336.0671332,-5,-37,-125
1742099336.102133,14,-13,44
1742099336.138133,-53,-1,-71
1742099336.1731331,60,-27,-109
1742099336.2091331,32,76,-9
1742099336.244133,58,-59,-135
1742099336.280133,14,30,74
1742099336.315133,-25,-7,-45
1742099336.3501332,38,-69,-43
1742099336.3861332,72,-1,-161
1742099336.428133,-21,66,-113
1742099336.4651332,78,8,-19
1742099336.500133,-7,14,-79
1742099336.536133,-21,84,-43
1742099336.5711331,34,-17,-87
1742099336.606133,-9,42,24
1742099336.642133,4,-37,-35
1742099336.677133,40,34,-11
1742099336.713133,30,86,30
1742099336.7481332,36,20,-23
1742099336.7841332,56,-25,-13
1742099336.819133,-19,-3,-67
1742099336.8541331,24,36,-105
1742099336.8901331,-25,-23,-79
1742099336.925133,-53,20,-105
1742099336.961133,50,-7,-163
1742099336.996133,18,-9,46
1742099337.032133,10,24,-43
1742099337.0671332,24,-53,-157
1742099337.102133,-19,104,-121
1742099337.138133,24,-31,-43
1742099337.1731331,-51,-63,4
1742099337.2091331,38,14,32
1742099337.244133,18,2,-29
1742099337.280133,2,-5,-39
1742099337.315133,82,-15,-29
1742099337.3501332,82,62,-35
1742099337.3861332,-57,30,-23
1742099337.421133,-11,-17,-89
1742099337.457133,8,-9,68
1742099337.4921331,22,8,0
1742099337.527133,14,-61,-5
1742099337.562133,22,26,38
1742099337.598133,-15,20,-101
1742099337.634133,-39,-1,-115
1742099337.6691332,40,-41,-71
1742099337.7051332,-1,-13,12
1742099337.740133,-11,-87,-53
1742099337.776133,-31,-43,-83
1742099337.812133,0,-51,-189
1742099337.848133,-1,4,-113
1742099337.884133,-13,48,-205
1742099337.9191332,20,-21,12
1742099337.954133,32,-27,-69
1742099337.990133,48,38,80
1742099338.026133,-11,52,12
1742099338.0611331,-5,32,-45
1742099338.0971332,-35,40,-17
1742099338.132133,8,-55,44
1742099338.167133,0,2,-51
1742099338.2021332,24,76,50
1742099338.2381332,96,48,-67
1742099338.274133,32,22,-61
1742099338.309133,-29,30,2
1742099338.345133,26,14,-73
1742099338.3801332,-13,-49,-65
1742099338.415133,-17,48,24
1742099338.450133,48,-21,-45
1742099338.486133,-29,120,-175
1742099338.522133,32,50,38
1742099338.5571332,-7,-25,-237
1742099338.593133,24,68,50
1742099338.628133,-3,-37,-67
1742099338.6631331,0,44,-43
1742099338.698133,58,12,-1
1742099338.734133,58,20,-41
1742099338.770133,-59,-21,-93
1742099338.805133,-57,-27,-51
1742099338.841133,-33,18,12
1742099338.876133,36,38,-47
1742099338.911133,-43,4,28
1742099338.9461331,-59,10,60
1742099338.9821332,4,-5,-29
1742099339.0181332,-5,0,-59
1742099339.053133,14,60,-37
1742099339.089133,40,12,-209
1742099339.124133,0,8,-77
1742099339.1591332,-3,-45,-121
1742099339.194133,42,28,36
1742099339.230133,22,-37,60
1742099339.266133,-27,-19,44
1742099339.3011332,-21,6,-123
1742099339.3371332,8,-7,-45
1742099339.372133,38,-7,48
1742099339.407133,30,50,-89
1742099339.4421332,-35,12,-7
1742099339.4781332,62,68,-149
1742099339.514133,-13,36,-107
1742099339.549133,-31,-27,-143
1742099339.586133,34,-15,-49
1742099339.621133,-25,50,-139
1742099339.657133,-19,30,14
1742099339.6921332,-67,10,-71
1742099339.727133,-119,24,2
1742099339.7621331,38,-29,-87
1742099339.7981331,-25,34,-7
1742099339.8341331,-5,-25,-47
1742099339.869133,26,22,52
1742099339.905133,-41,28,-53
1742099339.940133,-37,6,-21
1742099339.9751332,-61,-13,-149
1742099340.010133,92,-17,24
1742099340.046133,16,8,70
1742099340.082133,-3,60,-29
1742099340.1171331,-3,4,-105
1742099340.1531332,38,-9,-37
1742099340.188133,-29,-37,-55
1742099340.223133,82,-23,-17
1742099340.2581332,-5,-23,-45
1742099340.2941332,-21,64,-133
1742099340.3301332,30,-29,-13
1742099340.365133,42,34,-129
1742099340.401133,-69,2,-65
1742099340.4361331,-1,-55,-73
1742099340.471133,16,16,-7
1742099340.506133,-35,-15,-95
1742099340.542133,38,-21,-31
1742099340.578133,28,30,52
1742099340.6131332,-41,-15,-127
1742099340.649133,4,12,-45
1742099340.684133,-37,-1,-39
1742099340.7191331,72,52,-35
1742099340.754133,16,4,68
1742099340.790133,44,-85,-77
1742099340.826133,20,2,-7
1742099340.861133,0,-33,-37
1742099340.897133,28,2,-33
1742099340.9321332,-19,-65,-3
1742099340.967133,-27,-19,-61
1742099341.0021331,-21,44,2
1742099341.0381331,-11,-13,-7
1742099341.0741332,-59,68,-33
1742099341.109133,-27,-37,-91
1742099341.145133,-39,-113,-101
1742099341.180133,-29,30,-125
1742099341.2151332,38,4,-67
1742099341.250133,30,24,-63
1742099341.286133,14,-19,58
1742099341.322133,-79,48,14
1742099341.3571332,-5,-99,-76
1742099341.3931332,-13,-7,-81
1742099341.428133,74,76,-31
1742099341.463133,20,-67,-43
1742099341.4981332,-13,20,-25
1742099341.5341332,34,-41,-41
1742099341.570133,0,-49,-72
1742099341.605133,0,-55,-74
1742099341.641133,44,30,-5
1742099341.6761332,48,-33,-113
1742099341.711133,-69,-3,-69
1742099341.746133,62,-71,-19
1742099341.782133,72,-47,74
1742099341.818133,72,34,-67
1742099341.8531332,36,38,22
1742099341.889133,28,98,116
1742099341.924133,-19,24,60
1742099341.9591331,-11,-43,-92
1742099341.994133,-78,-63,-52
1742099342.030133,-16,-57,-32
1742099342.066133,5,14,-56
1742099342.101133,-114,-39,-78
1742099342.1371331,-46,56,11
1742099342.172133,-52,-19,-102
1742099342.207133,98,10,-132
1742099342.243133,-81,-1,-50
1742099342.2781332,30,-77,79
1742099342.3141332,34,24,-2
1742099342.3501332,66,0,-78
1742099342.3861332,18,8,31
1742099342.421133,6,-21,7
1742099342.457133,26,52,-44
1742099342.4921331,0,2,-26
1742099342.527133,8,-49,-8
1742099342.563133,86,2,-186
1742099342.598133,28,58,-32
1742099342.634133,60,2,-54
1742099342.6691332,57,-85,-72
1742099342.7051332,49,-55,55
1742099342.740133,88,6,-26
1742099342.7751331,-67,-19,-152
1742099342.8111331,-59,20,3
1742099342.846133,-50,38,-64
1742099342.882133,-45,-17,-88
1742099342.917133,84,0,-8
1742099342.953133,20,28,-84
1742099342.9881332,60,24,-70
1742099343.023133,-23,-7,33
1742099343.059133,-65,28,-132
1742099343.0941331,-41,-119,-28
1742099343.1301332,32,-13,17
1742099343.165133,84,64,39
1742099343.201133,102,-35,169
1742099343.236133,-97,-23,-94
1742099343.2711332,-11,-11,41
1742099343.3071332,2,14,3
1742099343.342133,36,-35,-50
1742099343.378133,16,60,-6
1742099343.4131331,15,2,-78
1742099343.4491332,-15,14,-82
1742099343.484133,-67,-31,3
1742099343.519133,0,26,-94
1742099343.555133,10,-11,-106
1742099343.5901332,-10,34,-76
1742099343.626133,-28,52,-102
1742099343.661133,-84,-45,1
1742099343.697133,20,8,41
1742099343.7321332,20,14,-38
1742099343.767133,-83,8,-10
1742099343.803133,14,-57,35
1742099343.838133,40,-35,-24
1742099343.874133,-5,-25,-50
1742099343.9091332,70,56,-6
1742099343.945133,58,-25,107
1742099343.980133,6,-113,-172
1742099344.0151331,-1,52,23
1742099344.0511332,-83,12,45
1742099344.086133,78,14,-74
1742099344.122133,14,10,-88
1742099344.157133,26,32,-80
1742099344.193133,44,-55,-68
1742099344.2281332,62,28,49
1742099344.263133,30,8,-64
1742099344.299133,-7,36,-94
1742099344.3341331,-47,0,-6
1742099344.3701332,-25,-51,-12
1742099344.405133,-49,-11,23
1742099344.440133,-17,-7,-24
1742099344.4751332,40,-33,23
1742099344.5111332,-21,-25,-42
1742099344.547133,48,86,-70
1742099344.582133,28,14,181
1742099344.618133,36,-27,-24
1742099344.6531332,2,0,-72
1742099344.688133,-1,-59,47
1742099344.723133,2,20,-94
1742099344.759133,-9,32,-44
1742099344.795133,58,22,-94
1742099344.8301332,42,2,-42
1742099344.866133,-35,-9,33
1742099344.901133,-33,55,-2
1742099344.9361331,-39,23,97
1742099344.971133,76,29,-104
1742099345.007133,-107,71,5
1742099345.043133,-15,-94,-94
1742099345.078133,18,67,-198
1742099345.1141331,-25,12,5
1742099345.149133,-5,61,-56
1742099345.184133,-3,23,-140
1742099345.2191331,46,-42,-30
1742099345.2551332,-45,-24,-78
1742099345.2911332,12,28,-46
1742099345.326133,-39,-18,-54
1742099345.362133,62,-25,-4
1742099345.397133,-23,14,-144
1742099345.4321332,-3,11,-52
1742099345.467133,40,-13,-56
1742099345.503133,-13,-35,-110
1742099345.539133,14,-9,-128
1742099345.5741332,-41,76,-82
1742099345.6101332,-61,-7,-48
1742099345.645133,76,-43,-24
1742099345.680133,-17,28,-120
1742099345.7151332,112,-29,-8
1742099345.751133,-73,18,-30
1742099345.787133,4,-13,91
1742099345.822133,-3,-31,-82
1742099345.858133,-15,-39,-68
1742099345.8931332,-61,-45,-202
1742099345.928133,10,-15,-126
1742099345.963133,0,40,-60
1742099345.999133,-13,-14,101
1742099346.0351331,-23,25,-82
1742099346.070133,-11,-22,-100
1742099346.106133,-37,22,-180
1742099346.141133,-39,-37,-108
1742099346.1761332,20,-21,-30
1742099346.211133,-55,-11,103
1742099346.247133,-49,32,-80
1742099346.283133,38,40,10
1742099346.318133,22,-59,-17
1742099346.3541331,-5,26,-33
1742099346.389133,58,-5,-79
1742099346.431133,-41,28,-1
1742099346.467133,10,24,2
1742099346.503133,2,-51,-23
1742099346.539133,6,84,-39
1742099346.5741332,20,136,-5
1742099346.6101332,18,10,-39
1742099346.645133,-43,-8,54
1742099346.680133,-41,-46,-19
1742099346.7151332,106,91,-3
1742099346.751133,-45,39,-79
1742099346.787133,-47,3,-33
1742099346.822133,-3,-39,-35
1742099346.858133,-21,-1,-119
1742099346.8931332,-39,-27,-91
1742099346.928133,-43,38,-87
1742099346.963133,20,46,-73
1742099346.999133,-7,-101,-53
1742099347.0351331,-9,86,-29
1742099347.070133,60,-41,-139
1742099347.106133,-21,-35,-29
1742099347.141133,58,-14,-161
1742099347.1761332,20,-28,-9
1742099347.211133,-27,37,-59
1742099347.247133,52,-37,86
1742099347.283133,-5,-19,-79
1742099347.318133,-13,50,-99
1742099347.3541331,62,-45,-137
1742099347.389133,10,-5,-5
1742099347.424133,-45,-71,-131
1742099347.4591331,-45,-13,-35
1742099347.4951332,8,-19,-1
1742099347.5311332,-9,-75,-219
1742099347.566133,16,-19,32
1742099347.602133,24,-33,130
1742099347.6371331,28,40,-131
1742099347.672133,44,36,-25
1742099347.707133,2,-9,-93
1742099347.743133,-27,-17,46
1742099347.779133,82,-29,-47
1742099347.8141332,4,-1,6
1742099347.8501332,2,-3,-123
1742099347.885133,90,-35,-75
1742099347.920133,18,-41,-5
1742099347.9551332,-41,8,-203
1742099347.991133,38,-5,-53
1742099348.027133,42,-2,46
1742099348.062133,-1,45,48
1742099348.098133,62,-2,-115
1742099348.1331332,-45,-12,50
1742099348.168133,4,-9,-81
1742099348.203133,-69,-7,-95
1742099348.2391331,4,28,10
1742099348.2751331,16,36,-59
1742099348.310133,-53,-45,-19
1742099348.346133,56,-56,-145
1742099348.381133,-1,27,-37
1742099348.4161332,-93,-44,-69
1742099348.451133,-13,21,-53
1742099348.487133,-115,-20,-107
1742099348.523133,-23,-14,4
1742099348.5581331,8,-34,2
1742099348.5941331,34,-22,-69
1742099348.629133,-41,-66,-9
1742099348.664133,-59,-84,-51
1742099348.700133,-63,-14,-15
1742099348.7351332,-25,-84,-65
1742099348.7711332,-45,-36,-43
1742099348.806133,-17,-20,28
1742099348.842133,-25,-18,-101
1742099348.8771331,-29,-26,-111
1742099348.912133,58,-14,20
1742099348.948133,32,59,40
1742099348.983133,24,33,8
1742099349.019133,-5,-44,-99
1742099349.0541332,38,-16,-131
1742099349.0901332,80,-25,-47
1742099349.125133,-17,33,-71
1742099349.1601331,14,-33,-57
1742099349.1961331,-51,6,-57
1742099349.231133,20,-1,-111
1742099349.267133,4,22,-17
1742099349.302133,0,-51,80
1742099349.338133,0,0,-125
1742099349.3731332,30,-57,-109
1742099349.408133,8,-5,-41
1742099349.444133,-17,26,12
1742099349.4791331,-55,-17,78
1742099349.5151331,-57,25,-31
1742099349.550133,-43,29,-179
1742099349.586133,12,0,-95
1742099349.621133,-79,-25,-47
1742099349.6561332,-77,-45,-9
1742099349.6921332,90,-21,-111
1742099349.727133,-47,-48,-129
1742099349.763133,34,-20,-9
1742099349.7981331,-75,7,-49
1742099349.8341331,-65,27,-37
1742099349.869133,-15,-18,10
1742099349.904133,-53,-35,-101
1742099349.940133,-19,44,32
1742099349.9751332,40,-23,-69
1742099350.0111332,-13,4,-41
1742099350.046133,34,10,-109
1742099350.082133,-61,-36,-147
1742099350.1171331,54,25,-59
1742099350.152133,-37,107,122
1742099350.188133,-35,5,-115
1742099350.223133,-45,13,-111
1742099350.259133,0,24,-11
1742099350.2941332,98,-87,8
1742099350.3301332,72,-41,-53
1742099350.365133,50,-47,-83
1742099350.4001331,12,-73,-213
1742099350.4361331,-11,-69,-9
1742099350.471133,24,-71,-73
1742099350.507133,2,4,12
1742099350.542133,8,-5,-45
1742099350.578133,-41,4,-11
1742099350.6131332,-47,86,-125
1742099350.648133,12,-61,-45
1742099350.684133,32,-51,-49
1742099350.7191331,-27,70,-113
1742099350.7551332,16,6,2
1742099350.790133,0,0,-9
1742099350.826133,60,118,-139
1742099350.861133,-35,-61,0
1742099350.8961332,46,-27,-29
1742099350.9321332,12,72,50
1742099350.967133,28,12,-41
1742099351.003133,8,-29,-17
1742099351.0381331,-15,60,80
1742099351.073133,26,-61,44
1742099351.108133,-1,30,-5
1742099351.144133,84,-21,-89
1742099351.180133,-53,4,-51
1742099351.2151332,38,18,-87
1742099351.251133,12,-35,-81
1742099351.286133,42,49,-33
1742099351.3211331,-67,-40,52
1742099351.356133,54,-26,-113
1742099351.392133,48,57,-175
1742099351.428133,8,47,-59
1742099351.463133,-15,42,-83
1742099351.499133,16,14,-71
1742099351.5341332,6,-9,-85
1742099351.569133,10,16,-91
1742099351.6041331,-93,16,-27
1742099351.6401331,-31,36,-27
1742099351.6761332,32,46,-13
1742099351.711133,52,-55,8
1742099351.747133,22,-15,-91
1742099351.782133,-17,12,-63
1742099351.8171332,104,114,-104
1742099351.852133,-15,3,42
1742099351.888133,28,69,-11
1742099351.924133,22,-60,-27
1742099351.9591331,-13,-14,-53
1742099351.9951332,-5,-58,48
1742099352.030133,-73,5,-109
1742099352.065133,-11,9,-51
1742099352.1001332,-1,-44,-41
1742099352.1361332,62,60,54
1742099352.172133,-5,-67,-79
1742099352.207133,-21,-25,24
1742099352.243133,-36,2,44
1742099352.2781332,44,2,-43
1742099352.313133,-63,-39,-85
1742099352.348133,40,22,-133
1742099352.384133,34,-91,26
1742099352.420133,-35,18,12
1742099352.4551332,-81,-9,-1
1742099352.491133,62,10,-5
1742099352.526133,-61,56,-67
1742099352.5611331,-13,52,-13
1742099352.596133,-23,26,-101
1742099352.632133,6,26,28
1742099352.668133,-35,42,12
1742099352.703133,-57,-15,36
1742099352.7391331,-23,68,-91
1742099352.774133,62,-33,-23
1742099352.809133,-13,0,16
1742099352.8441331,-93,16,-9
1742099352.8801332,104,90,-135
1742099352.9161332,0,36,-107
1742099352.951133,42,14,-81
1742099352.987133,34,-5,-151
1742099353.022133,34,40,-125
1742099353.0571332,-25,-1,-11
1742099353.092133,24,-55,-43
1742099353.128133,-67,-51,-51
1742099353.164133,-39,-37,-53
1742099353.1991332,-11,-9,-21
1742099353.2351332,88,26,-103
1742099353.270133,64,-3,-125
1742099353.305133,56,-33,-93
1742099353.3401332,-47,-21,8
1742099353.376133,58,-23,-55
1742099353.412133,-3,34,-7
1742099353.447133,52,4,140
1742099353.483133,-55,-21,2
1742099353.5181332,30,-37,-137
1742099353.553133,-7,-7,-1
1742099353.588133,-43,-17,92
1742099353.624133,-23,12,-29
1742099353.6601331,-85,-47,-45
1742099353.695133,74,18,-37
1742099353.731133,4,-35,-89
1742099353.766133,-35,-71,-173
1742099353.8011332,38,50,-51
1742099353.836133,82,-7,8
1742099353.872133,2,-39,-151
1742099353.908133,32,54,-79
1742099353.943133,-59,0,-17
1742099353.9791331,26,-3,-123
1742099354.014133,24,-17,10
1742099354.049133,-11,-51,-66
1742099354.0841331,-61,106,-160
1742099354.1201332,-9,84,-156
1742099354.1561332,-57,8,106
1742099354.191133,60,-19,-10
1742099354.227133,30,24,-97
1742099354.2621331,-1,-25,55
1742099354.297133,30,-38,4
1742099354.332133,-39,-42,-76
1742099354.368133,-105,-21,-38
1742099354.404133,20,-125,-86
1742099354.4391332,-31,6,-136
1742099354.4751332,100,90,-110
1742099354.510133,-45,-35,-4
1742099354.545133,-63,-16,11
1742099354.5801332,18,-10,-150
1742099354.616133,-47,-48,-70
1742099354.652133,-11,67,-70
1742099354.687133,-1,58,-74
1742099354.723133,-17,-26,-8
1742099354.7581332,40,-42,25
1742099354.793133,12,0,-38
1742099354.828133,68,73,-14
1742099354.8641331,38,59,49
1742099354.9001331,-51,59,-36
1742099354.935133,-69,-16,0
1742099354.971133,52,-6,43
1742099355.006133,-45,-4,-108
1742099355.0411332,-19,15,5
1742099355.076133,28,-19,-50
1742099355.112133,-25,-10,-42
1742099355.148133,-33,-26,1
1742099355.1831331,68,-18,-2
1742099355.2191331,40,-30,21
1742099355.254133,-1,-12,-42
1742099355.289133,22,-10,69
1742099355.325133,12,-24,-30
1742099355.3601332,-3,-29,-160
1742099355.3961332,-19,5,-174
1742099355.431133,-73,-6,3
1742099355.467133,0,-9,-42
1742099355.5021331,-2,-22,-86
1742099355.537133,28,-107,-76
1742099355.573133,-17,-9,-108
1742099355.608133,38,-11,-94
1742099355.644133,-7,-43,-154
1742099355.6791332,-7,-23,-102
1742099355.7151332,-23,-11,-20
1742099355.750133,60,24,-58
1742099355.7851331,-95,-19,-30
1742099355.8211331,20,-33,-38
1742099355.856133,-9,-55,-92
1742099355.892133,82,-19,33
1742099355.927133,74,-3,-12
1742099355.963133,58,-61,-72
1742099355.9981332,-63,34,-70
1742099356.033133,8,10,43
1742099356.069133,56,-45,0
1742099356.1041331,-45,26,-98
1742099356.1401331,94,76,-68
1742099356.175133,-43,-23,-16
1742099356.211133,36,-38,-16
1742099356.246133,112,-18,-26
1742099356.2811332,18,96,-62
1742099356.3171332,-43,-40,-150
1742099356.352133,8,37,-14
1742099356.388133,68,-34,-32
1742099356.4231331,32,-14,-10
1742099356.4651332,-23,29,-45
1742099356.501133,6,-21,-115
1742099356.537133,-23,50,-37
1742099356.573133,0,0,44
1742099356.608133,-99,17,-145
1742099356.644133,56,-2,32
1742099356.6791332,20,0,32
1742099356.7151332,42,2,38
1742099356.750133,16,25,-79
1742099356.7851331,-21,-21,-23
1742099356.8211331,-40,0,-31
1742099356.856133,20,-50,118
1742099356.892133,14,9,-127
1742099356.927133,18,74,-17
1742099356.963133,18,-7,12
1742099356.9981332,-21,28,28
1742099357.033133,-39,-27,-121
1742099357.069133,68,88,-121
1742099357.1041331,-45,-21,-71
1742099357.1401331,116,-43,-57
1742099357.175133,-15,-51,-121
1742099357.211133,2,94,-27
1742099357.246133,30,12,-107
1742099357.2811332,48,70,-53
1742099357.3171332,2,6,-103
1742099357.352133,-9,38,-47
1742099357.388133,-9,66,72
1742099357.4231331,8,10,30
1742099357.4591331,62,32,30
1742099357.494133,-51,-17,118
1742099357.529133,4,-39,-25
1742099357.565133,32,56,-79
1742099357.6001332,54,-71,-97
1742099357.6361332,-55,80,-7
1742099357.671133,-31,-29,-21
1742099357.7061331,-45,56,-173
1742099357.741133,72,-87,-33
1742099357.777133,2,70,-17
1742099357.813133,12,-15,-55
1742099357.849133,-1,-19,-5
1742099357.885133,-27,34,-71
1742099357.920133,50,-43,-41
1742099357.9561331,-21,-5,-139
1742099357.991133,-15,7,-87
1742099358.026133,-43,26,-115
1742099358.0611331,24,-7,60
1742099358.0971332,62,-9,-109
1742099358.1331332,-37,-8,-101
1742099358.168133,66,-30,-79
1742099358.204133,-45,-48,-91
1742099358.2391331,14,-38,-45
1742099358.274133,30,-9,-59
1742099358.309133,18,45,34
1742099358.345133,48,13,-81
1742099358.381133,10,-16,-55
1742099358.4161332,50,21,16
1742099358.4521332,-15,65,30
1742099358.487133,18,-11,-109
1742099358.522133,30,-5,-87
1742099358.5571332,12,-23,-201
1742099358.593133,8,-97,-37
1742099358.629133,-119,2,-33
1742099358.664133,38,-3,54
1742099358.700133,-1,57,-73
1742099358.7351332,-33,2,-83
1742099358.770133,-1,-19,-49
1742099358.805133,38,-3,18
1742099358.841133,-13,76,-5
1742099358.8771331,14,2,12
1742099358.912133,-25,-15,-33
1742099358.948133,-15,-23,-31
1742099358.983133,20,-1,-91
1742099359.0181332,-53,26,30
1742099359.053133,22,10,-59
1742099359.089133,-15,20,-123
1742099359.125133,38,12,-61
1742099359.1601331,56,-17,14
1742099359.1961331,-59,12,-141
1742099359.231133,40,28,-139
1742099359.266133,36,30,-95
1742099359.3011332,-19,0,-51
1742099359.3371332,14,-11,-3
1742099359.3731332,-65,-41,-97
1742099359.408133,-29,30,4
1742099359.444133,-35,16,-187
1742099359.4791331,28,-11,-53
1742099359.514133,12,-3,-79
1742099359.549133,-27,14,-81
1742099359.585133,122,46,-129
1742099359.621133,0,-15,-119
1742099359.6561332,-45,40,-87
1742099359.6921332,40,-39,-21
1742099359.727133,-21,-27,-127
1742099359.7621331,68,4,-13
1742099359.797133,-13,18,0
1742099359.833133,-39,-20,-97
1742099359.869133,-65,8,-19
1742099359.904133,-63,46,28
1742099359.940133,136,24,0
1742099359.9751332,-47,-159,-95
1742099360.010133,48,-49,-211
1742099360.045133,44,30,22
1742099360.0811331,38,-81,38
1742099360.1171331,-19,26,-115
1742099360.152133,-53,12,50
1742099360.188133,22,18,-41
1742099360.223133,-55,-23,90
1742099360.2581332,-11,-9,-27
1742099360.293133,12,42,-35
1742099360.329133,8,24,-81
1742099360.365133,32,-21,-41
1742099360.4001331,-45,4,-183
1742099360.4361331,2,-17,10
1742099360.471133,72,-19,-91
1742099360.506133,-21,24,-27
1742099360.5411332,-21,-35,-5
1742099360.5771332,-65,2,-49
1742099360.6131332,-55,30,74
1742099360.648133,-49,-29,84
1742099360.684133,24,-95,-99
1742099360.7191331,40,34,-15
1742099360.754133,84,32,-35
1742099360.789133,14,-115,-37
1742099360.825133,30,-11,34
1742099360.861133,60,30,-135
1742099360.8961332,6,62,-53
1742099360.9321332,-13,-1,-27
1742099360.967133,-71,4,34
1742099361.0021331,-29,34,-147
1742099361.037133,14,-27,-91
1742099361.073133,8,72,-59
1742099361.109133,6,4,-59
1742099361.144133,26,28,-15
1742099361.180133,-101,126,-205
1742099361.2151332,-75,32,-57
1742099361.250133,-1,48,-163
1742099361.2851331,-27,-45,-119
1742099361.3211331,-59,52,-45
1742099361.3571332,58,-61,-43
1742099361.392133,-33,0,-15
1742099361.428133,-39,22,-5
1742099361.463133,58,-73,-63
1742099361.4981332,36,-21,-147
1742099361.533133,58,-57,-44
1742099361.569133,-37,-17,-100
1742099361.605133,-9,42,19
1742099361.6401331,48,14,-150
1742099361.6761332,-11,-9,-4
1742099361.711133,74,8,41
1742099361.746133,-45,18,-88
1742099361.782133,32,-6,-52
1742099361.8171332,-7,70,-26
1742099361.8531332,-33,-7,-74
1742099361.888133,-41,-25,-90
1742099361.924133,-21,0,33
1742099361.9591331,26,14,-40
1742099361.994133,30,44,-62
1742099362.030133,8,-38,-86
1742099362.065133,50,19,-72
1742099362.101133,10,27,-20
1742099362.1361332,-15,-45,-18
1742099362.172133,-15,62,-52
1742099362.207133,-43,20,-40
1742099362.2421331,-19,0,-66
1742099362.2781332,-5,11,-112
1742099362.313133,-39,10,-128
1742099362.349133,-87,26,21
1742099362.384133,-11,64,91
1742099362.420133,-25,-19,-56
1742099362.4551332,-29,-19,-102
1742099362.490133,-47,4,5
1742099362.526133,130,38,-246
1742099362.5611331,0,-63,-98
1742099362.5971332,-29,70,-40
1742099362.632133,38,-5,-152
1742099362.668133,-33,44,-22
1742099362.703133,-81,-21,-2
1742099362.7381332,46,42,35
1742099362.774133,8,14,-126
1742099362.809133,-63,22,-112
1742099362.845133,80,30,-106
1742099362.8801332,-63,-41,-10
1742099362.9161332,-15,-52,-54
1742099362.951133,50,-17,-94
1742099362.986133,20,-8,-28
1742099363.022133,36,3,-4
1742099363.0571332,-49,11,-32
1742099363.093133,-17,8,-58
1742099363.128133,60,-44,3
1742099363.164133,-75,-65,-86
1742099363.1991332,16,46,35
1742099363.234133,54,64,-4
1742099363.270133,-3,26,11
1742099363.305133,-37,68,19
1742099363.341133,18,-25,9
1742099363.376133,2,-39,135
1742099363.412133,8,86,-22
1742099363.447133,22,54,11
1742099363.4821332,-51,-35,-150
1742099363.5181332,10,58,-50
1742099363.553133,0,-17,-14
1742099363.589133,50,8,-142
1742099363.624133,64,-13,1
1742099363.6601331,12,-49,-54
1742099363.695133,-71,-3,-16
1742099363.730133,58,-3,25
1742099363.766133,48,52,-30
1742099363.8011332,90,58,9
1742099363.8371332,132,-59,-40
1742099363.872133,56,10,-62
1742099363.908133,-67,12,59
1742099363.943133,20,-21,55
1742099363.9781332,62,-11,-20
1742099364.014133,44,14,77
1742099364.049133,-55,-35,-104
1742099364.085133,44,26,21
1742099364.1201332,48,42,-20
1742099364.1561332,40,18,-82
1742099364.1921332,-31,-7,-10
1742099364.227133,80,10,-34
1742099364.2621331,-23,50,-110
1742099364.2981331,28,-59,-40
1742099364.3341331,8,68,17
1742099364.369133,-35,10,-26
1742099364.405133,78,52,-76
1742099364.440133,22,-9,-72
1742099364.4751332,-105,84,-246
1742099364.510133,-59,-13,-32
1742099364.546133,54,104,-120
1742099364.582133,32,-37,23
1742099364.6171331,-31,-1,-28
1742099364.6531332,2,8,-16
1742099364.688133,35,-15,-40
1742099364.723133,-12,-43,-94
1742099364.7581332,-13,68,-50
1742099364.7941332,-7,-9,-14
1742099364.8301332,-27,-5,-12
1742099364.865133,-19,-1,-98
1742099364.901133,34,6,-112
1742099364.9361331,6,24,-6
1742099364.971133,40,-43,2
1742099365.006133,-11,110,-195
1742099365.042133,42,-1,28
1742099365.078133,26,86,-45
1742099365.1131332,36,30,-67
1742099365.149133,-29,-47,-119
1742099365.184133,-25,-53,-81
1742099365.2191331,70,-19,10
1742099365.254133,20,18,-153
1742099365.290133,-43,78,-49
1742099365.326133,-31,18,-115
1742099365.361133,8,-7,-43
1742099365.397133,-5,-17,-91
1742099365.4321332,26,6,-155
1742099365.467133,-17,-21,76
1742099365.5021331,-25,10,-15
1742099365.5381331,60,-23,-99
1742099365.5741332,38,6,-125
1742099365.609133,-23,-49,-57
1742099365.645133,-49,-61,-99
1742099365.680133,50,-15,-197
1742099365.7151332,-89,-19,14
1742099365.750133,70,40,-87
1742099365.786133,114,-9,-51
1742099365.822133,0,-41,-41
1742099365.8571332,64,6,15
1742099365.8931332,92,30,-38
1742099365.928133,-31,0,19
1742099365.963133,-51,-5,-162
1742099365.9981332,-13,-21,39
1742099366.0341332,12,22,-48
1742099366.070133,124,-82,83
1742099366.105133,-43,-22,-12
1742099366.141133,-53,5,-196
1742099366.1761332,86,-84,67
1742099366.211133,-66,28,13
1742099366.246133,-2,4,-12
1742099366.282133,-96,60,-136
1742099366.318133,-2,0,45
1742099366.3531332,44,14,-64
1742099366.389133,-28,-24,-84
1742099366.424133,46,-84,-246
1742099366.466133,86,-40,-36
1742099366.5021331,52,16,55
1742099366.5381331,-82,-64,51
1742099366.5741332,25,-51,41
1742099366.609133,-70,0,-114
1742099366.645133,6,4,-68
1742099366.680133,51,-34,-76
1742099366.7151332,39,-40,125
1742099366.750133,-12,26,103
1742099366.786133,-56,34,29
1742099366.822133,-12,62,-46
1742099366.8571332,-56,38,61
1742099366.8931332,0,-11,1
1742099366.928133,25,-63,-158
1742099366.963133,-22,-27,-44
1742099366.9981332,-46,-39,-24
1742099367.0341332,-16,-11,-12
1742099367.070133,25,74,-78
1742099367.105133,-98,54,13
1742099367.141133,-88,42,-16
1742099367.1761332,3,44,-2
1742099367.211133,-8,-83,-90
1742099367.246133,51,38,25
1742099367.282133,2,-22,89
1742099367.318133,89,52,-76
1742099367.3531332,-30,108,-178
1742099367.389133,1,0,7
1742099367.424133,18,84,-56
1742099367.4591331,-54,-15,-62
1742099367.494133,-46,52,-126
1742099367.530133,39,40,61
1742099367.566133,-12,16,-52
1742099367.601133,-92,-29,111
1742099367.6371331,5,-5,-80
1742099367.672133,105,-27,43
1742099367.707133,-6,20,-16
1742099367.7421331,21,2,-28
1742099367.7781332,17,-5,-104
1742099367.8141332,5,24,-106
1742099367.849133,43,-103,-8
1742099367.885133,97,16,-96
1742099367.920133,7,-45,-34
1742099367.9551332,-70,-29,93
1742099367.990133,15,56,-110
1742099368.026133,-28,-25,5
1742099368.062133,33,-31,41
1742099368.0971332,13,-59,-156
1742099368.1331332,-56,-5,-94
1742099368.168133,15,-9,-22
1742099368.203133,-36,-25,-142
1742099368.2391331,27,52,-48
1742099368.274133,-28,30,59
1742099368.310133,45,-81,-136
1742099368.345133,-21,62,-2
1742099368.381133,28,-59,-192
1742099368.4161332,36,22,155
1742099368.451133,-1,-7,-96
1742099368.487133,59,-19,-50
1742099368.522133,-38,-45,-66
1742099368.5581331,-60,66,49
1742099368.593133,15,-3,-138
1742099368.629133,13,-7,-158
1742099368.664133,-72,10,-70
1742099368.6991332,57,12,51
1742099368.7351332,65,-47,13
1742099368.770133,-40,-27,-112
1742099368.806133,9,-29,-24
1742099368.841133,-6,-5,-126
1742099368.8771331,103,28,-8
1742099368.912133,-56,-77,-42
1742099368.947133,-16,92,-82
1742099368.983133,11,-29,-64
1742099369.0181332,25,66,-14
1742099369.0541332,13,-23,-44
1742099369.089133,29,-31,-30
1742099369.125133,5,-27,-94
1742099369.1601331,-40,-16,-16
1742099369.195133,41,-9,-24
1742099369.231133,-36,-42,21
1742099369.266133,71,20,0
1742099369.302133,53,10,-40
1742099369.3371332,-4,-9,25
1742099369.3731332,-14,-19,-30
1742099369.408133,-14,22,27
1742099369.443133,51,56,-6
1742099369.4791331,-8,10,-148
1742099369.514133,71,-17,-112
1742099369.550133,-34,-59,-14
1742099369.585133,-8,-45,27
1742099369.621133,-32,-3,-148
1742099369.6561332,-30,10,-176
1742099369.691133,19,36,-52
1742099369.727133,-28,32,-114
1742099369.7621331,-60,2,-96
1742099369.7981331,-20,16,-156
1742099369.833133,0,-65,-140
1742099369.869133,111,-5,-126
1742099369.904133,-48,16,-22
1742099369.9391332,21,-31,35
1742099369.9751332,33,-1,-36
1742099370.010133,87,46,-132
1742099370.046133,1,46,25
1742099370.0811331,91,22,-12
1742099370.1171331,-36,46,-12
1742099370.152133,-32,-49,-88
1742099370.187133,-132,58,-122
1742099370.223133,-48,46,91
1742099370.2581332,0,-41,-228
1742099370.2941332,-34,22,-80
1742099370.329133,-8,-23,-188
1742099370.365133,3,24,73
1742099370.4001331,-22,22,-16
1742099370.435133,75,-23,-8
1742099370.471133,-28,12,-8
1742099370.506133,23,-51,-20
1742099370.542133,-22,-35,-170
1742099370.5771332,49,-3,-30
1742099370.6131332,-44,-57,43
1742099370.648133,31,-25,-58
1742099370.6831331,-40,34,-10
1742099370.7191331,-86,0,-172
1742099370.754133,37,-65,-70
1742099370.790133,-38,-7,-166
1742099370.825133,-6,-75,-112
1742099370.8601332,27,-3,-26
1742099370.895133,-64,20,3
1742099370.931133,41,-39,-140
1742099370.967133,37,-7,-56
1742099371.0021331,19,28,125
1742099371.0381331,-12,-33,-106
1742099371.073133,-46,10,-56
1742099371.108133,-30,-3,69
1742099371.1431332,-8,-29,-110
1742099371.1791332,17,-1,-98
1742099371.2151332,25,-45,-94
1742099371.250133,89,-5,-62
1742099371.286133,-62,4,-54
1742099371.3211331,22,-3,-166
1742099371.356133,27,44,79
1742099371.391133,-68,44,-98
1742099371.427133,-74,48,15
1742099371.463133,-14,-3,-44
1742099371.4981332,75,14,-88
1742099371.5341332,1,-35,4
1742099371.569133,-36,4,-80
1742099371.6041331,35,20,-45
1742099371.639133,-8,-35,-45
1742099371.675133,-6,20,-47
1742099371.711133,-6,-1,-19
1742099371.746133,-8,-25,-25
1742099371.782133,-6,18,-5
1742099371.8171332,61,70,-85
1742099371.852133,-31,-5,-17
1742099371.8871331,-74,-41,-117
1742099371.9231331,35,-14,-93
1742099371.9591331,0,-28,10
1742099371.994133,50,55,-25
1742099372.030133,2,25,-109
1742099372.065133,-22,11,-3
1742099372.1001332,-54,-4,40
1742099372.135133,-18,-10,-27
1742099372.171133,42,-6,-139
1742099372.207133,12,-50,-99
1742099372.2421331,-64,37,-51
1742099372.2781332,-90,-80,14
1742099372.313133,17,-38,-109
1742099372.348133,-66,9,-127
1742099372.3831332,-76,7,-27
1742099372.4191332,-56,-26,-61
1742099372.4551332,-28,-39,-39
1742099372.490133,7,16,62
1742099372.526133,-23,-66,72
1742099372.5611331,1,-74,-49
1742099372.596133,-41,-18,-33
1742099372.631133,-70,-69,-19
1742099372.667133,-36,37,-23
1742099372.703133,9,-42,-7
1742099372.7381332,-2,9,-31
1742099372.774133,-66,-17,68
1742099372.809133,-12,12,-53
1742099372.8441331,2,40,-37
1742099372.879133,82,-9,34
1742099372.915133,102,-11,-69
1742099372.951133,-8,46,-125
1742099372.986133,36,16,18
1742099373.022133,-1,48,-27
1742099373.0571332,0,0,-45
1742099373.092133,41,106,-99
1742099373.1271331,45,-27,-129
1742099373.1631331,-1,24,-21
1742099373.1991332,-47,-87,-19
1742099373.234133,84,-45,-21
1742099373.270133,-13,44,-179
1742099373.305133,-91,46,26
1742099373.3401332,-9,-7,-45
1742099373.375133,52,66,-217
1742099373.411133,38,-5,-57
1742099373.447133,-11,10,32
1742099373.4821332,14,10,-9
1742099373.5181332,-17,6,-85
1742099373.553133,8,84,6
1742099373.588133,-35,-31,-87
1742099373.6231332,26,32,-77
1742099373.6591332,-23,14,-57
1742099373.695133,50,-15,-103
1742099373.730133,14,-25,-83
1742099373.766133,-35,36,62
1742099373.8011332,-33,-51,-19
1742099373.836133,48,-9,-21
1742099373.871133,32,-17,78
1742099373.907133,68,59,-33
1742099373.943133,-3,-16,22
1742099373.9781332,-11,21,-15
1742099374.014133,-53,-8,5
1742099374.049133,30,-32,-8
1742099374.0841331,-11,17,-10
1742099374.119133,-69,-54,19
1742099374.155133,-51,-76,-38
1742099374.191133,30,43,-2
1742099374.226133,44,31,-56
1742099374.2621331,34,-54,-84
1742099374.297133,-33,61,-38
1742099374.332133,-61,3,27
1742099374.3671331,82,65,-96
1742099374.4031332,32,-6,-44
1742099374.4391332,-59,72,127
1742099374.474133,24,14,-32
1742099374.510133,42,13,-70
1742099374.545133,-21,-39,-102
1742099374.5801332,-25,47,-38
1742099374.615133,-7,-40,-110
1742099374.651133,-45,-9,-24
1742099374.687133,-21,-15,-68
1742099374.7221332,-83,-13,-66
1742099374.7581332,-5,27,39
1742099374.793133,74,-22,-12
1742099374.828133,54,11,-80
1742099374.8641331,48,-62,-76
1742099374.899133,2,9,55
1742099374.935133,26,-34,-30
1742099374.970133,-23,71,-30
1742099375.006133,-45,23,-68
1742099375.0411332,0,-22,37
1742099375.076133,-15,-2,69
1742099375.112133,-5,20,-46
1742099375.147133,-29,56,-8
1742099375.1831331,38,-27,-26
1742099375.218133,-53,14,-218
1742099375.254133,32,-27,-70
1742099375.289133,-35,-37,41
1742099375.3241332,-29,-27,-58
1742099375.3601332,-27,42,-48
1742099375.395133,22,-9,-124
1742099375.431133,6,22,37
1742099375.466133,8,-11,29
1742099375.5021331,18,-5,-106
1742099375.537133,-85,-17,-46
1742099375.572133,6,52,15
1742099375.608133,44,98,-54
1742099375.6431332,-21,26,-150
1742099375.6791332,82,-61,-28
1742099375.714133,-23,18,-70
1742099375.750133,-9,18,-40
1742099375.7851331,2,-21,-106
1742099375.820133,-27,34,5
1742099375.856133,-41,-31,-2
1742099375.891133,-15,-15,79
1742099375.927133,-27,-13,-58
1742099375.9621332,-25,-59,-80
1742099375.9981332,8,-63,19
1742099376.033133,-53,12,47
1742099376.068133,-33,-29,-114
1742099376.1041331,-53,-31,83
1742099376.139133,-7,-67,-74
1742099376.175133,22,18,-124
1742099376.210133,-39,10,5
1742099376.246133,4,-25,-82
1742099376.2811332,-1,-65,-110
1742099376.316133,-3,-49,-76
1742099376.352133,-39,-59,-6
1742099376.3871331,-23,36,-36
1742099376.4231331,12,14,-36
1742099376.458133,22,52,31
1742099376.500133,-1,-27,-210
1742099376.536133,20,-21,19
1742099376.572133,-47,82,-120
1742099376.608133,60,-23,19
1742099376.6431332,18,52,-74
1742099376.6791332,22,18,-78
1742099376.714133,-63,-27,-20
1742099376.750133,84,66,-12
1742099376.7851331,28,-23,-134
1742099376.820133,40,-23,5
1742099376.856133,42,28,3
1742099376.891133,-9,68,-214
1742099376.927133,-49,2,-42
1742099376.9621332,-11,105,-154
1742099376.9981332,2,4,-98
1742099377.033133,-47,-70,-96
1742099377.068133,-33,37,-112
1742099377.1041331,-39,0,-172
1742099377.139133,24,-14,-8
1742099377.175133,12,1,-172
1742099377.210133,74,-32,-246
1742099377.246133,-33,-96,-108
1742099377.282133,-6,-30,5
1742099377.3171332,-27,21,15
1742099377.352133,53,-2,-84
1742099377.388133,15,21,67
1742099377.424133,3,-20,-50
1742099377.4591331,38,51,-44
1742099377.4951332,-45,-44,-46
1742099377.530133,-11,49,67
1742099377.565133,6,19,-124
1742099377.6001332,12,-12,-22
1742099377.6361332,42,31,-78
1742099377.672133,-23,-38,25
1742099377.707133,-91,-104,45
1742099377.743133,28,-42,11
1742099377.7781332,40,39,-98
1742099377.813133,-47,-46,-32
1742099377.848133,-55,-38,-8
1742099377.884133,32,-12,-96
1742099377.920133,-37,5,-106
1742099377.9551332,-63,-30,-108
1742099377.991133,24,-22,-90
1742099378.026133,-7,-32,-82
1742099378.0611331,0,43,-130
1742099378.096133,14,-64,-76
1742099378.132133,18,23,-80
1742099378.168133,-51,29,-32
1742099378.203133,-7,35,-118
1742099378.2391331,30,-66,-148
1742099378.274133,2,-54,-56
1742099378.309133,14,-4,-202
1742099378.3441331,-3,-40,31
1742099378.3801332,62,47,9
1742099378.4161332,34,31,9
1742099378.451133,42,-8,55
1742099378.487133,-5,5,-152
1742099378.522133,8,71,-76
1742099378.5571332,-21,-22,-62
1742099378.592133,-61,-16,-62
1742099378.628133,-57,-2,115
1742099378.664133,-35,19,-4
1742099378.6991332,80,34,-14
1742099378.7351332,34,5,-102
1742099378.770133,30,-12,-58
1742099378.805133,68,-80,71
1742099378.8401332,28,13,-42
1742099378.876133,6,-82,-40
1742099378.912133,-29,4,-8
1742099378.947133,-43,6,-14
1742099378.983133,26,98,-38
1742099379.0181332,-9,-53,-180
1742099379.053133,100,4,-68
1742099379.088133,-13,30,1
1742099379.124133,-1,50,-12
1742099379.1601331,8,-49,-2
1742099379.195133,-7,-19,-88
1742099379.231133,-21,-37,-110
1742099379.266133,-1,-13,-34
1742099379.3011332,-31,-7,55
1742099379.336133,-47,-45,-14
1742099379.372133,64,28,5
1742099379.408133,26,0,87
1742099379.443133,4,-39,-56
1742099379.4791331,-53,32,21
1742099379.514133,2,40,-122
1742099379.549133,6,-49,-60
1742099379.5841331,-25,-87,1
1742099379.6201332,90,12,31
1742099379.6561332,86,72,-106
1742099379.691133,26,-25,-60
1742099379.727133,18,64,0
1742099379.7621331,-41,-41,-140
1742099379.797133,6,-9,-128
1742099379.832133,16,-9,-122
1742099379.868133,0,18,-74
1742099379.904133,16,22,-6
1742099379.9391332,-21,-53,1
1742099379.9751332,28,-11,-16
1742099380.010133,-21,44,-10
1742099380.045133,-7,16,-22
1742099380.0801332,-63,16,-58
1742099380.116133,-61,6,91
1742099380.152133,12,-111,1
1742099380.187133,-129,8,63
1742099380.223133,-21,-23,-14
1742099380.2581332,54,24,-46
1742099380.293133,12,-25,-134
1742099380.328133,-3,-1,-70
1742099380.3641331,2,-9,-84
1742099380.4001331,-51,34,-45
1742099380.435133,44,72,12
1742099380.471133,-27,-63,-39
1742099380.506133,18,-1,-11
1742099380.5411332,-3,-65,-8
1742099380.576133,4,-27,78
1742099380.612133,-7,36,-67
1742099380.648133,-13,52,-200
1742099380.6831331,-51,8,29
1742099380.7191331,34,16,-126
1742099380.754133,-91,4,-81
1742099380.789133,34,-9,-80
1742099380.8241332,-27,-17,-176
1742099380.8601332,-39,34,-136
1742099380.8961332,66,20,-108
1742099380.931133,-17,-35,-22
1742099380.967133,52,-45,-154
1742099381.0021331,54,-53,-66
1742099381.037133,6,-51,-22
1742099381.072133,-27,2,24
1742099381.108133,4,-9,16
1742099381.144133,36,-13,-31
1742099381.1791332,-35,96,-65
1742099381.2151332,42,-29,-93
1742099381.250133,8,44,-59
1742099381.2851331,-9,30,-63
1742099381.3211331,16,-43,-129
1742099381.356133,-31,-37,-3
1742099381.392133,36,62,6
1742099381.427133,-19,-11,-141
1742099381.463133,-33,-19,-5
1742099381.4981332,-89,-25,-31
1742099381.533133,-21,46,20
1742099381.569133,-29,-13,22
1742099381.6041331,18,-9,46
1742099381.6401331,-21,-17,-111
1742099381.675133,72,0,-55
1742099381.711133,-39,36,-27
1742099381.746133,-7,-13,-117
1742099381.7811332,-57,64,-47
1742099381.8171332,24,-33,-95
1742099381.852133,18,-87,96
1742099381.888133,-59,54,-111
1742099381.9231331,-23,20,-103
1742099381.9591331,-7,14,-17
1742099381.994133,94,-41,-117
1742099382.029133,-13,8,66
1742099382.065133,70,-15,-11
1742099382.1001332,74,-15,40
1742099382.1361332,4,74,-93
1742099382.171133,-31,-9,-83
1742099382.207133,18,70,-97
1742099382.2421331,-7,-35,28
1742099382.277133,-3,-45,-125
1742099382.313133,-49,-65,-63
1742099382.348133,-1,-15,-37
1742099382.384133,68,-99,-111
1742099382.4191332,18,-31,-75
1742099382.4551332,30,-37,50
1742099382.490133,-9,-19,-39
1742099382.5251331,2,-25,-77
1742099382.5611331,72,-7,6
1742099382.596133,36,8,-53
1742099382.632133,68,-15,-37
1742099382.667133,-23,-1,-39
1742099382.703133,24,0,-51
1742099382.7381332,-43,-89,-113
1742099382.773133,-11,-3,-21
1742099382.809133,-27,34,-61
1742099382.8441331,-45,26,-55
1742099382.8801332,-7,22,98
1742099382.915133,66,-31,-169
1742099382.951133,26,4,-113
1742099382.986133,52,-15,24
1742099383.0211332,2,-33,-13
1742099383.0571332,0,-49,-9
1742099383.092133,-77,-29,-107
1742099383.128133,38,-17,20
1742099383.1631331,-29,-13,10
1742099383.1991332,36,40,34
1742099383.234133,-9,22,4
1742099383.269133,-39,-39,-45
1742099383.305133,-165,-1,48
1742099383.3401332,26,-27,-21
1742099383.376133,36,-25,-83
1742099383.411133,-3,-61,-95
1742099383.447133,-23,4,-23
1742099383.4821332,12,-13,-147
1742099383.517133,-85,-45,-11
1742099383.553133,-35,68,20
1742099383.588133,-41,4,-147
1742099383.624133,24,-57,-93
1742099383.6591332,0,-13,-83
1742099383.695133,-9,38,-65
1742099383.730133,108,14,-135
1742099383.7651331,28,6,64
1742099383.8011332,-81,-27,16
1742099383.836133,-5,62,-129
1742099383.872133,50,30,-1
1742099383.907133,-53,18,-153
1742099383.9421332,56,36,-61
1742099383.977133,40,-93,-61
1742099384.013133,50,30,50
1742099384.049133,-11,-41,-97
1742099384.0841331,-77,-14,-59
1742099384.1201332,-23,90,-95
1742099384.155133,-51,36,-83
1742099384.190133,-137,14,-45
1742099384.2251332,-1,-79,-81
1742099384.2611332,34,38,-75
1742099384.297133,46,70,-41
1742099384.332133,30,-19,62
1742099384.368133,30,-11,-95
1742099384.4031332,-55,12,-53
1742099384.438133,-1,14,-139
1742099384.473133,-85,-21,-11
1742099384.509133,-25,-31,-65
1742099384.545133,4,-9,-53
1742099384.5801332,-35,-25,38
1742099384.616133,-1,-19,20
1742099384.651133,-1,78,-83
1742099384.6861331,-49,18,-17
1742099384.721133,-83,-31,-75
1742099384.757133,4,12,-109
1742099384.793133,44,-53,-77
1742099384.828133,32,-5,-127
1742099384.8641331,-47,0,14
1742099384.899133,-15,66,38
1742099384.934133,-35,-21,-53
1742099384.9691331,30,-57,-165
1742099385.0051332,-87,10,-95
1742099385.0411332,-79,58,72
1742099385.076133,-17,-15,-9
1742099385.112133,-29,28,40
1742099385.147133,-55,-31,-73
1742099385.1821332,-11,-7,-111
1742099385.217133,-3,-45,-59
1742099385.253133,54,2,118
1742099385.289133,90,16,-3
1742099385.3241332,-17,54,-21
1742099385.3601332,66,-33,24
1742099385.395133,-87,-23,-65
1742099385.430133,-7,-21,66
1742099385.4651332,18,-51,-89
1742099385.501133,-91,-9,-87
1742099385.537133,-13,4,-127
1742099385.572133,0,4,-97
1742099385.608133,98,10,-69
1742099385.6431332,14,-5,-37
1742099385.678133,-23,36,-49
1742099385.713133,82,-27,-71
1742099385.749133,-25,90,6
1742099385.7851331,88,-107,52
1742099385.820133,62,-91,36
1742099385.856133,12,-31,-1
1742099385.891133,-63,8,-35
1742099385.9261332,-9,6,-135
1742099385.961133,22,86,-79
1742099385.997133,12,4,-183
1742099386.033133,14,6,-165
1742099386.068133,-33,20,-137
1742099386.1041331,16,-23,-139
1742099386.139133,-3,-1,-51
1742099386.174133,-1,-59,16
1742099386.2091331,58,24,-187
1742099386.2451332,70,-33,-13
1742099386.2811332,-83,-85,46
1742099386.316133,-3,-65,18
1742099386.352133,-17,-23,-37
1742099386.3871331,-15,-51,-15
1742099386.422133,-5,12,-103
1742099386.457133,-3,24,-5
1742099386.493133,10,12,-135
1742099386.536133,96,46,24
1742099386.572133,34,12,-119
1742099386.608133,-19,6,-91
1742099386.6431332,12,22,-165
1742099386.678133,62,-1,-105
1742099386.713133,30,-21,40
1742099386.749133,18,-1,-105
1742099386.7851331,-9,24,-71
1742099386.820133,-9,-25,-153
1742099386.856133,-21,-37,-103
1742099386.891133,18,62,-175
1742099386.9261332,-83,-5,72
1742099386.961133,-1,-85,-3
1742099386.997133,42,10,22
1742099387.033133,60,0,-95
1742099387.068133,-95,-31,-61
1742099387.1041331,-1,-23,-31
1742099387.139133,-69,-19,-9
1742099387.174133,32,32,-75
1742099387.2091331,42,16,82
1742099387.2451332,40,22,-29
1742099387.2811332,-83,8,94
1742099387.316133,-15,16,16
1742099387.352133,108,4,-121
1742099387.3871331,4,-51,-111
1742099387.422133,-83,-13,-55
1742099387.457133,92,-53,-1
1742099387.493133,10,-11,-141
1742099387.529133,-77,-83,-43
1742099387.5641332,16,86,-85
1742099387.6001332,46,40,-125
1742099387.635133,-1,-87,16
1742099387.670133,34,-33,-39
1742099387.7051332,56,36,-7
1742099387.741133,-39,-107,-51
1742099387.777133,-71,50,-107
1742099387.812133,68,-1,-83
1742099387.848133,4,-20,-17
1742099387.8831332,-33,34,26
1742099387.918133,-9,49,-75
1742099387.954133,50,28,-51
1742099387.9891331,48,16,64
1742099388.0251331,-29,-23,-83
1742099388.060133,0,-47,-23
1742099388.096133,60,-63,-39
1742099388.131133,42,-21,-25
1742099388.1661332,6,-51,-5
1742099388.2021332,-43,2,-11
1742099388.237133,68,-147,-87
1742099388.273133,38,16,-199
1742099388.3081331,60,-21,56
1742099388.3441331,16,68,-73
1742099388.379133,12,-45,-31
1742099388.414133,54,-19,-167
1742099388.450133,-43,24,8
1742099388.4851332,-19,-35,-119
1742099388.5211332,-13,-9,-31
1742099388.556133,-3,30,2
1742099388.592133,-13,46,44
1742099388.6271331,36,10,48
1742099388.662133,-59,-7,50
1742099388.698133,-5,52,-65
1742099388.733133,-19,-23,-115
1742099388.769133,12,10,-22
1742099388.8041332,44,44,-178
1742099388.8401332,-55,-11,36
1742099388.875133,-67,-33,18
1742099388.9101331,-15,-65,32
1742099388.9461331,-45,-23,4
1742099388.981133,44,-1,20
1742099389.017133,-3,12,26
1742099389.052133,68,-21,24
1742099389.088133,26,-21,-41
1742099389.1231332,50,34,-3
1742099389.158133,-39,30,-15
1742099389.194133,-25,22,14
1742099389.2291331,38,30,-33
1742099389.2651331,-31,52,12
1742099389.300133,12,-9,-60
1742099389.336133,64,-3,29
1742099389.371133,-9,-65,-27
1742099389.4061332,-9,-29,-62
1742099389.4421332,6,-13,-206
1742099389.477133,-29,21,-90
1742099389.513133,-33,-102,-12
1742099389.5481331,-91,-76,-64
1742099389.5841331,-61,9,-122
1742099389.619133,18,35,-50
1742099389.654133,-21,-10,-42
1742099389.690133,-63,69,-164
1742099389.7251332,-29,19,-106
1742099389.7611332,52,-4,-16
1742099389.796133,-31,11,37
1742099389.832133,34,-42,-114
1742099389.8671331,-103,-14,-140
1742099389.902133,-151,43,0
1742099389.938133,0,5,-62
1742099389.973133,-39,-22,-16
1742099390.009133,-37,-34,7
1742099390.0441332,-59,35,5
1742099390.0801332,52,-16,9
1742099390.115133,26,13,-20
1742099390.1501331,-75,27,-22
1742099390.1861331,40,-30,15
1742099390.221133,-11,-132,-240
1742099390.257133,-29,65,-120
1742099390.292133,2,-44,0
1742099390.328133,10,-4,19
1742099390.3641331,-83,41,-116
1742099390.399133,8,51,-40
1742099390.434133,46,29,-22
1742099390.470133,-5,29,-80
1742099390.506133,-19,0,-98
1742099390.5411332,66,45,-56
1742099390.5771332,22,11,-106
1742099390.612133,62,-44,-116
1742099390.647133,78,43,-94
1742099390.6821332,6,24,7
1742099390.718133,-83,-27,-54
1742099390.754133,12,12,-40
1742099390.789133,44,25,-124
1742099390.825133,-37,62,-138
1742099390.8601332,46,34,27
1742099390.895133,-1,-43,-24
1742099390.930133,43,36,-134
1742099390.966133,25,49,-46
1742099391.0021331,9,79,0
1742099391.037133,46,85,-52
1742099391.073133,-14,49,-26
1742099391.108133,-62,-10,-126
1742099391.1431332,-14,0,-38
1742099391.178133,-27,104,73
1742099391.214133,-37,20,-22
1742099391.250133,-21,36,-112
1742099391.2851331,6,50,113
1742099391.3211331,-19,-11,33
1742099391.356133,50,20,117
1742099391.391133,22,17,-36
1742099391.4261332,78,-78,29
1742099391.4621332,-61,19,-74
1742099391.4981332,-25,57,-62
1742099391.533133,-33,43,-4
1742099391.569133,0,-2,43
1742099391.6041331,-23,0,-56
1742099391.639133,-35,-4,-98
1742099391.674133,-19,1,11
1742099391.710133,-5,-12,-42
1742099391.746133,-9,-77,-54
1742099391.7811332,18,-21,-38
1742099391.8171332,28,-61,-90
1742099391.852133,28,16,-80
1742099391.8871331,-77,18,-70
1742099391.922133,58,22,-48
1742099391.958133,-5,-27,-102
1742099391.994133,48,24,-180
1742099392.029133,50,18,-2
1742099392.065133,42,-63,-46
1742099392.1001332,24,44,-130
1742099392.135133,-11,-23,-32
1742099392.170133,-45,-3,-26
1742099392.2061331,-3,-25,33
1742099392.2421331,-63,-31,35
1742099392.277133,40,-25,-112
1742099392.313133,48,-11,-158
1742099392.348133,-67,-71,-52
1742099392.3831332,16,46,-100
1742099392.418133,-7,28,-96
1742099392.454133,46,40,-80
1742099392.490133,-53,68,-52
1742099392.5251331,18,-9,-28
1742099392.5611331,-13,84,-12
1742099392.596133,50,-57,-80
1742099392.631133,26,-3,-76
1742099392.6661332,34,-59,-42
1742099392.7021332,-65,58,-100
1742099392.7381332,64,-21,-72
1742099392.773133,-21,-21,-68
1742099392.809133,78,-5,25
1742099392.8441331,6,-33,-34
1742099392.879133,26,32,-2
1742099392.914133,94,-43,-86
1742099392.950133,-71,-21,-44
1742099392.986133,-63,-1,45
1742099393.0211332,-45,-17,89
1742099393.0571332,-49,-5,9
1742099393.092133,-25,-19,51
1742099393.1271331,64,36,-76
1742099393.162133,-5,-25,-94
1742099393.198133,54,6,-22
1742099393.234133,-27,-89,-28
1742099393.269133,14,48,-140
1742099393.305133,-15,-47,-64
1742099393.3401332,-31,-33,31
1742099393.375133,-11,9,49
1742099393.4101331,-9,15,-66
1742099393.4461331,-11,15,-18
1742099393.4821332,0,7,-32
1742099393.517133,-3,53,21
1742099393.553133,-15,-32,-62
1742099393.588133,44,-28,3
1742099393.6231332,-77,43,-68
1742099393.6591332,22,43,-54
1742099393.694133,40,0,-38
1742099393.730133,-31,17,-32
1742099393.7651331,38,37,-50
1742099393.8011332,-45,11,15
1742099393.836133,-71,-34,-44
1742099393.871133,98,-47,-108
1742099393.9061332,-43,-41,-92
1742099393.9421332,-63,-26,-16
1742099393.9781332,-23,29,93
1742099394.013133,52,-9,-24
1742099394.049133,-47,-14,21
1742099394.0841331,74,-5,-80
1742099394.119133,-19,-14,-110
1742099394.154133,56,-11,11
1742099394.190133,-25,52,29
1742099394.226133,-21,0,-142
1742099394.2611332,-71,15,5
1742099394.297133,-105,-56,1
1742099394.332133,-27,-23,-22
1742099394.3671331,-7,-3,-146
1742099394.402133,-3,-21,-4
1742099394.438133,-27,-35,65
1742099394.474133,10,-19,-38
1742099394.509133,42,2,-112
1742099394.545133,-11,-13,-56
1742099394.5801332,-47,-13,-56
1742099394.615133,16,58,0
1742099394.651133,8,-19,-62
1742099394.6861331,32,4,31
1742099394.7221332,-33,-23,-68
1742099394.757133,2,8,3
1742099394.793133,14,23,-132
1742099394.828133,-85,-22,99
1742099394.8631332,-57,11,11
1742099394.899133,-11,-11,-50
1742099394.934133,-37,10,-46
1742099394.970133,14,-4,-22
1742099395.0051332,-45,-51,-62
1742099395.0411332,40,-37,-50
1742099395.076133,34,-59,-64
1742099395.111133,-9,34,-88
1742099395.147133,4,48,-54
1742099395.1821332,-47,-7,-18
1742099395.218133,-21,-13,-60
1742099395.253133,30,40,119
1742099395.289133,-57,64,-28
1742099395.3241332,-1,-51,-62
1742099395.359133,10,32,-32
1742099395.395133,2,12,-48
1742099395.430133,-21,-19,57
1742099395.466133,-3,-27,-100
1742099395.501133,-87,-31,-42
1742099395.537133,4,30,-80
1742099395.572133,16,-23,-62
1742099395.6071332,62,-15,-128
1742099395.6431332,58,-20,-120
1742099395.678133,-19,42,-38
1742099395.714133,-11,-15,-3
1742099395.749133,-15,-33,-34
1742099395.7851331,-3,-23,49
1742099395.820133,30,-29,-8
1742099395.855133,-25,6,-92
1742099395.891133,36,16,-26
1742099395.9261332,6,86,-76
1742099395.9621332,22,-24,-16
1742099395.997133,4,29,-72
1742099396.033133,-67,23,-28
1742099396.068133,24,13,77
1742099396.1031332,84,-30,-2
1742099396.139133,-23,55,26
1742099396.174133,-45,-36,54
1742099396.210133,-17,15,28
1742099396.2451332,48,49,-63
1742099396.2811332,68,6,46
1742099396.316133,32,106,-47
1742099396.351133,-31,-21,-105
1742099396.3871331,96,-14,-31
1742099396.422133,-25,-30,8
1742099396.458133,88,85,10
1742099396.493133,-7,81,58
1742099396.529133,-23,39,-87
1742099396.5711331,66,15,42
1742099396.6071332,-39,-20,-77
1742099396.6431332,-5,-4,18
1742099396.678133,4,-116,24
1742099396.714133,-41,-50,-5
1742099396.749133,68,-32,-37
1742099396.7851331,-43,27,26
1742099396.8211331,-11,-24,58
1742099396.8571332,-21,-18,-31
1742099396.8931332,26,21,-37
1742099396.9291332,-55,-39,-91
1742099396.9651332,-5,22,-15
1742099397.000133,-49,32,-107
1742099397.0351331,132,8,-17
1742099397.0711331,86,-1,-111
1742099397.1071332,26,28,-35
1742099397.142133,-113,8,-29
1742099397.178133,46,26,-59
1742099397.213133,12,-29,-149
1742099397.2481332,-5,-27,-35
1742099397.283133,-49,-65,6
1742099397.319133,-73,-7,-69
1742099397.355133,32,26,-69
1742099397.3901331,-23,32,-77
1742099397.4261332,-17,-37,-61
1742099397.461133,-39,70,-65
1742099397.496133,20,32,-75
1742099397.5311332,-115,-21,-75
1742099397.5671332,14,-53,-69
1742099397.6031332,-11,-29,-31
1742099397.638133,6,-67,36
1742099397.674133,-11,-9,-17
1742099397.7091331,0,78,-17
1742099397.744133,60,26,-63
1742099397.779133,14,56,0
1742099397.815133,-25,-25,-61
1742099397.851133,6,60,-123
1742099397.8861332,8,54,-71
1742099397.922133,-13,-23,-121
1742099397.957133,2,4,-21
1742099397.9921331,-13,28,-121
1742099398.027133,-67,54,74
1742099398.063133,42,22,-41
1742099398.099133,-15,-79,-91
1742099398.134133,-45,104,20
1742099398.170133,-1,18,-67
1742099398.2051332,34,4,54
1742099398.240133,8,14,-23
1742099398.2751331,12,62,-109
1742099398.3111331,-13,-7,28
1742099398.3471332,84,-79,-41
1742099398.382133,4,-9,-103
1742099398.418133,-1,-21,-87
1742099398.453133,62,-31,-13
1742099398.4881332,24,-41,44
1742099398.523133,-83,42,-7
1742099398.559133,2,24,-55
1742099398.595133,42,12,-67
1742099398.6301332,-49,34,-19
1742099398.6661332,0,32,-79
1742099398.701133,-25,-31,-69
1742099398.736133,18,44,-91
1742099398.7711332,34,-3,-161
1742099398.8071332,18,-41,-19
1742099398.843133,80,-57,94
1742099398.878133,-111,-47,-127
1742099398.914133,54,50,-125
1742099398.9491332,-23,-17,-39
1742099398.984133,-3,-7,-119
1742099399.019133,8,18,-119
1742099399.055133,0,-11,106
1742099399.091133,8,12,84
1742099399.126133,-37,-53,-47
1742099399.162133,-5,34,-161
1742099399.197133,14,-27,2
1742099399.2321332,-15,42,38
1742099399.267133,-11,20,-7
1742099399.303133,16,58,-129
1742099399.339133,-19,62,-219
1742099399.374133,80,-5,6
1742099399.4101331,-71,-13,-11
1742099399.445133,-3,28,-73
1742099399.480133,14,-11,-129
1742099399.5151331,-63,94,62
1742099399.5511332,36,58,-33
1742099399.5871332,-15,22,-61
1742099399.622133,14,2,4
1742099399.658133,-3,-9,-77
1742099399.693133,-62,16,-41
1742099399.7281332,37,-15,40
1742099399.763133,11,40,132
1742099399.799133,37,42,-7
1742099399.835133,38,4,-23
1742099399.8701332,-13,30,-69
1742099399.9061332,38,26,-15
1742099399.941133,6,18,-93
1742099399.976133,6,-1,-19
1742099400.0111332,-65,-15,-101
1742099400.047133,-21,-13,-71
1742099400.083133,28,-11,22
1742099400.118133,28,-35,-43
1742099400.154133,-65,78,-159
1742099400.1891332,-9,-23,46
1742099400.224133,-25,-1,10
1742099400.259133,30,10,-111
1742099400.295133,50,-45,-9
1742099400.3311331,52,10,-37
1742099400.366133,24,-7,-173
1742099400.402133,-7,-47,-111
1742099400.437133,84,-73,-73
1742099400.4721332,-5,58,-19
1742099400.507133,54,54,24
1742099400.543133,30,2,-135
1742099400.579133,-59,30,-97
1742099400.6141331,36,-83,30
1742099400.6501331,-10,24,98
1742099400.685133,-40,-7,-89
1742099400.720133,-10,-23,-55
1742099400.756133,19,50,22
1742099400.7911332,-26,48,-113
1742099400.8271332,-94,-7,-39
1742099400.862133,-20,-33,-91
1742099400.898133,17,38,-23
1742099400.9331331,65,-71,4
1742099400.968133,-8,48,-109
1742099401.003133,-5,-23,-141
1742099401.039133,8,-49,-45
1742099401.075133,4,-19,-103
1742099401.1101332,90,26,-123
1742099401.1461332,38,14,-57
1742099401.181133,-73,-21,-69
1742099401.216133,36,-33,16
1742099401.2521331,16,4,-13
1742099401.287133,-17,-61,20
1742099401.323133,-45,-19,-177
1742099401.358133,46,6,30
1742099401.394133,-1,26,-85
1742099401.4291332,84,24,-3
1742099401.464133,-45,12,-197
1742099401.500133,34,8,-73
1742099401.5351331,-31,4,-67
1742099401.5711331,4,36,-15
1742099401.606133,-39,4,-99
1742099401.642133,34,-33,-13
1742099401.677133,-7,-9,-71
1742099401.7121332,28,-77,94
1742099401.7481332,-65,50,-37
1742099401.783133,44,-1,-99
1742099401.819133,-1,6,-29
1742099401.8541331,-9,20,6
1742099401.8901331,40,12,-161
1742099401.925133,0,-17,70
1742099401.960133,112,8,-7
1742099401.996133,96,-41,12
1742099402.0311332,-73,-7,-9
1742099402.0671332,-11,20,80
1742099402.102133,-5,-15,46
1742099402.138133,21,20,-3
1742099402.1731331,-20,42,-33
1742099402.208133,23,-3,88
1742099402.244133,52,-15,-29
1742099402.279133,-55,6,-55
1742099402.315133,50,16,-45
1742099402.3501332,20,-15,104
1742099402.3861332,57,-31,-91
1742099402.421133,-33,-5,-79
1742099402.4561331,-58,-23,-69
1742099402.4921331,-48,22,28
1742099402.527133,-66,-27,-93
1742099402.563133,65,-85,-25
1742099402.598133,-22,36,-75
1742099402.634133,74,18,136
1742099402.6691332,54,-23,-25
1742099402.704133,-3,56,78
1742099402.740133,20,-47,-63
1742099402.7751331,8,16,40
1742099402.8111331,-17,-17,-35
1742099402.846133,-39,24,-23
1742099402.882133,2,-11,-81
1742099402.917133,8,10,-43
1742099402.9521332,-21,-61,-115
1742099402.9881332,-29,-43,-109
1742099403.023133,36,6,-147
1742099403.059133,16,-37,-77
1742099403.0941331,-53,64,-39
1742099403.1301332,70,-15,-33
1742099403.165133,-1,-53,-59
1742099403.200133,20,62,-21
1742099403.236133,-71,-63,-129
1742099403.2711332,-93,-7,-77
1742099403.3071332,2,-9,22
1742099403.342133,18,2,-33
1742099403.378133,-37,30,44
1742099403.414133,-27,22,-91
1742099403.450133,70,34,-31
1742099403.486133,-81,22,-187
1742099403.522133,-37,-29,-127
1742099403.5581331,-21,95,-9
1742099403.593133,16,2,-37
1742099403.628133,20,0,-103
1742099403.664133,-29,-41,-89
1742099403.700133,-51,14,10
1742099403.7351332,4,8,56
1742099403.7711332,32,-1,-125
1742099403.806133,70,56,-147
1742099403.841133,48,-15,-71
1742099403.876133,-41,-21,-43
1742099403.912133,50,-39,-75
1742099403.948133,20,-13,-113
1742099403.983133,12,-9,-45
1742099404.019133,-73,-1,6
1742099404.0541332,10,38,-35
1742099404.089133,6,-17,-47
1742099404.124133,80,-33,-79
1742099404.1601331,28,-35,-135
1742099404.1961331,-11,0,-89
1742099404.231133,38,44,-115
1742099404.267133,40,-45,-117
1742099404.302133,-29,-15,-53
1742099404.3371332,58,-21,-59
1742099404.372133,62,30,-35
1742099404.408133,-27,-1,-225
1742099404.444133,-65,-41,-51
1742099404.4791331,18,36,-61
1742099404.5151331,24,46,40
1742099404.550133,-15,10,-59
1742099404.585133,-9,30,-183
1742099404.6201332,14,28,-161
1742099404.6561332,26,26,-161
1742099404.6921332,-1,-77,-51
1742099404.727133,-5,14,-65
1742099404.763133,-61,44,-1
1742099404.7981331,32,-5,-97
1742099404.833133,-33,8,10
1742099404.868133,88,-47,-101
1742099404.904133,-35,24,104
1742099404.940133,112,-1,-55
1742099404.9751332,-13,-17,-15
1742099405.0111332,-19,-45,-95
1742099405.046133,2,32,-47
1742099405.0811331,-15,-33,-23
1742099405.116133,-3,-31,-1
1742099405.152133,-51,22,94
1742099405.188133,-43,-87,-15
1742099405.223133,46,-17,-65
1742099405.259133,68,-27,2
1742099405.2941332,-25,-25,-55
1742099405.329133,28,6,-53
1742099405.3641331,-83,-15,18
1742099405.4001331,-23,-33,-239
1742099405.4361331,-107,24,-53
1742099405.471133,-11,-9,-3
1742099405.507133,2,-27,-95
1742099405.542133,-35,-31,-11
1742099405.5771332,-1,24,-91
1742099405.612133,32,10,-97
1742099405.648133,-61,2,-73
1742099405.684133,10,20,-67
1742099405.7191331,54,30,-103
1742099405.7551332,-3,-19,-53
1742099405.790133,64,12,-71
1742099405.825133,62,-23,-101
1742099405.8601332,-5,-59,54
1742099405.8961332,38,28,-67
1742099405.9321332,-7,0,-133
1742099405.967133,54,62,-129
1742099406.003133,26,-23,-65
1742099406.0381331,0,80,-49
1742099406.073133,62,-49,-21
1742099406.108133,24,8,-25
1742099406.144133,22,-21,-33
1742099406.180133,48,26,-67
1742099406.2151332,-29,-75,-11
1742099406.251133,-13,-1,28
1742099406.286133,-45,12,-57
1742099406.3211331,26,12,-35
1742099406.356133,-11,-5,-49
1742099406.392133,-55,-15,26
1742099406.428133,-3,34,-63
1742099406.463133,-51,-39,56
1742099406.499133,4,20,-57
1742099406.5341332,36,-7,4
1742099406.576133,-5,6,64
1742099406.612133,-39,-21,-45
1742099406.648133,58,4,-65
1742099406.684133,-9,-61,-115
1742099406.7191331,6,-9,-67
1742099406.7551332,14,12,-71
1742099406.790133,76,-25,-199
1742099406.825133,34,44,-123
1742099406.8601332,-13,-39,-78
1742099406.8961332,-15,38,-44
1742099406.9321332,66,-7,-68
1742099406.967133,42,-11,117
1742099407.003133,-9,-13,43
1742099407.0381331,32,-13,-196
1742099407.073133,-7,42,105
1742099407.108133,68,-27,-92
1742099407.144133,54,-51,-68
1742099407.180133,6,58,51
1742099407.2151332,56,-29,-64
1742099407.251133,-65,-71,47
1742099407.286133,36,-1,-22
1742099407.3211331,-5,-75,-102
1742099407.356133,10,-33,-68
1742099407.392133,-49,-57,-34
1742099407.428133,20,-9,-116
1742099407.463133,-13,50,-152
1742099407.499133,6,-1,-26
1742099407.5341332,-29,10,-68
1742099407.569133,-43,-41,-22
1742099407.605133,-97,-27,-16
1742099407.6401331,30,-21,-76
1742099407.6761332,14,40,39
1742099407.711133,-41,46,-38
1742099407.747133,18,40,-76
1742099407.782133,-45,-1,21
1742099407.8171332,26,-15,-90
1742099407.8531332,-33,32,-134
1742099407.888133,-19,0,-156
1742099407.924133,-95,28,-106
1742099407.9591331,2,-57,-4
1742099407.9951332,42,78,-84
1742099408.030133,44,-59,-26
1742099408.065133,6,66,85
1742099408.101133,6,18,-32
1742099408.1361332,24,56,15
1742099408.172133,-19,-71,-58
1742099408.207133,-103,30,-2
1742099408.243133,28,-13,-34
1742099408.2781332,48,-91,7
1742099408.313133,30,6,-136
1742099408.349133,54,-11,-196
1742099408.384133,-33,36,-144
1742099408.420133,16,-17,13
1742099408.4551332,22,-13,-38
1742099408.491133,46,16,-96
1742099408.526133,-37,-81,-66
1742099408.5611331,2,12,-146
1742099408.5971332,40,10,17
1742099408.632133,-3,62,-10
1742099408.668133,-53,10,-104
1742099408.703133,34,44,23
1742099408.7391331,22,28,-116
1742099408.774133,-45,4,-54
1742099408.809133,-27,24,83
1742099408.845133,-41,-43,17
1742099408.8801332,-5,24,-2
1742099408.9161332,-15,20,1
1742099408.951133,-35,-33,65
1742099408.987133,-7,22,3
1742099409.022133,-7,-5,-124
1742099409.0571332,64,32,-114
1742099409.093133,-67,40,-72
1742099409.128133,-39,-9,-18
1742099409.164133,-15,72,35
1742099409.1991332,42,-17,35
1742099409.2351332,-23,-33,33
1742099409.270133,88,30,-86
1742099409.305133,18,36,-110
1742099409.341133,-31,-21,-208
1742099409.376133,-9,10,-164
1742099409.412133,58,-35,-104
1742099409.447133,-35,28,-22
1742099409.483133,-13,-51,-112
1742099409.5181332,88,2,-52
1742099409.553133,-19,-77,-36
1742099409.589133,-25,-61,-4
1742099409.624133,38,52,-110
1742099409.6601331,-11,46,75
1742099409.695133,-37,56,-100
1742099409.731133,18,-13,13
1742099409.766133,-31,2,-112
1742099409.8011332,-7,-37,-96
1742099409.8371332,-23,16,-42
1742099409.872133,10,-55,-96
1742099409.908133,-45,22,-144
1742099409.943133,56,-47,-24
1742099409.9791331,-51,-35,-28
1742099410.0151331,28,3,-50
1742099410.0511332,-41,-2,-50
1742099410.0871332,-85,-38,-20
1742099410.122133,28,5,-90
1742099410.157133,26,-63,-66
1742099410.193133,94,8,-58
1742099410.2291331,-19,-21,-102
1742099410.264133,-3,-27,-6
1742099410.300133,122,62,31
1742099410.335133,10,-5,-4
1742099410.3701332,-27,68,19
1742099410.405133,-59,-39,-30
1742099410.441133,-23,24,65
1742099410.477133,32,-47,-16
1742099410.5121331,6,-41,-62
1742099410.5481331,14,-29,-60
1742099410.583133,-35,-57,-2
1742099410.618133,18,-21,-116
1742099410.6531332,68,-35,80
1742099410.6891332,-17,-3,-3
1742099410.7251332,-81,10,-97
1742099410.760133,84,44,-59
1742099410.796133,-11,22,-89
1742099410.8311331,-5,16,-101
1742099410.866133,-37,12,64
1742099410.901133,-21,-15,-173
1742099410.937133,54,30,38
1742099410.973133,4,-9,-83
1742099411.0081332,36,8,8
1742099411.0441332,-19,-13,-63
1742099411.079133,60,2,-119
1742099411.1141331,-9,12,-51
1742099411.149133,14,-23,-1
1742099411.185133,28,-29,-45
1742099411.221133,72,116,-65
1742099411.256133,70,36,-55
1742099411.292133,-55,24,-5
1742099411.3271332,-9,38,-27
1742099411.362133,56,42,-111
1742099411.397133,-49,76,16
1742099411.4331331,86,-9,14
1742099411.4691331,-93,-59,-241
1742099411.504133,76,-7,-47
1742099411.540133,-41,-53,-61
1742099411.575133,130,-27,-5
1742099411.6101332,-31,-15,-41
1742099411.645133,-31,-13,28
1742099411.681133,-11,66,-87
1742099411.717133,96,-19,-43
1742099411.7521331,-3,142,-85
1742099411.7881331,26,86,-9
1742099411.823133,-55,-3,140
1742099411.858133,-55,26,10
1742099411.8931332,42,56,-81
1742099411.9291332,24,-29,12
1742099411.9651332,-23,-9,26
1742099412.000133,38,40,-149
1742099412.036133,0,40,-49
1742099412.0711331,60,-63,18
1742099412.106133,-17,-43,-247
1742099412.141133,-79,-53,-25
1742099412.177133,24,40,-103
1742099412.213133,30,-55,-103
1742099412.2481332,130,40,-69
1742099412.2841332,4,10,-99
1742099412.319133,-91,10,-41
1742099412.3541331,-41,16,-47
1742099412.389133,4,36,-89
1742099412.425133,64,32,-9
1742099412.461133,4,-5,28
1742099412.496133,-7,-22,-85
1742099412.532133,2,43,-71
1742099412.5671332,26,53,28
1742099412.602133,-1,113,-59
1742099412.6371331,-39,-15,-49
1742099412.6731331,94,40,-69
1742099412.7091331,-43,-25,-61
1742099412.744133,-77,76,34
1742099412.780133,-15,-61,-27
1742099412.815133,-31,-41,-45
1742099412.8501332,-17,-19,-133
1742099412.885133,4,8,4
1742099412.921133,-1,-19,-99
1742099412.957133,54,22,46
1742099412.9921331,-1,29,-183
1742099413.0281332,-45,3,-1
1742099413.063133,-17,-92,-21
1742099413.098133,62,25,54
1742099413.1331332,-55,-10,28
1742099413.1691332,-7,-12,-53
1742099413.2051332,64,-14,-93
1742099413.240133,38,-22,-35
1742099413.276133,-55,23,-85
1742099413.3111331,90,-24,112
1742099413.346133,4,18,-21
1742099413.381133,-13,-72,34
1742099413.417133,-43,25,-101
1742099413.453133,-65,17,52
1742099413.4881332,44,-89,20
1742099413.524133,-29,14,-149
1742099413.559133,60,22,-45
1742099413.5941331,-35,-57,62
1742099413.629133,-39,14,-7
1742099413.665133,-69,6,16
1742099413.701133,-23,8,-101
1742099413.736133,40,-47,-57
1742099413.772133,-13,-3,-103
1742099413.8071332,0,-71,34
1742099413.842133,-3,-15,-59
1742099413.8771331,-83,24,-67
1742099413.9131331,-45,12,46
1742099413.9491332,-3,-19,-57
1742099413.984133,46,68,60
1742099414.020133,-3,-15,-25
1742099414.055133,120,34,-55
1742099414.0901332,90,-27,-105
1742099414.126133,-21,34,-3
1742099414.161133,-3,16,-29
1742099414.197133,48,-9,-127
1742099414.2321332,64,12,-45
1742099414.2681332,58,-31,-63
1742099414.303133,42,-35,-15
1742099414.338133,54,-43,-21
1742099414.374133,66,36,-95
1742099414.4091332,-27,-19,8
1742099414.445133,14,-61,-129
1742099414.480133,36,76,-117
1742099414.516133,-47,-1,-33
1742099414.5511332,-15,-61,-80
1742099414.586133,2,24,-132
1742099414.622133,-75,-1,-12
1742099414.657133,26,80,-140
1742099414.693133,34,2,75
1742099414.7281332,32,-15,53
1742099414.764133,46,14,-104
1742099414.799133,12,6,37
1742099414.8341331,-63,-49,-124
1742099414.8701332,-1,26,59
1742099414.905133,10,-5,-116
1742099414.941133,52,10,-30
1742099414.976133,-75,2,69
1742099415.0121331,-3,-15,61
1742099415.047133,-7,-53,-130
1742099415.082133,32,66,1
1742099415.118133,16,-83,69
1742099415.1531332,-1,62,-94
1742099415.1891332,8,14,-68
1742099415.224133,-7,-17,-84
1742099415.260133,-93,38,-70
1742099415.295133,32,28,-26
1742099415.3301332,-31,-59,-12
1742099415.366133,118,22,43
1742099415.401133,-93,6,33
1742099415.437133,26,10,-4
1742099415.4721332,26,18,73
1742099415.5081332,-29,-99,-18
1742099415.543133,-5,2,-66
1742099415.578133,76,62,15
1742099415.6141331,68,-21,-2
1742099415.649133,22,18,-78
1742099415.685133,116,50,53
1742099415.720133,6,-5,19
1742099415.756133,114,-31,-46
1742099415.7911332,-37,14,47
1742099415.826133,46,-63,-14
1742099415.862133,8,0,-68
1742099415.897133,68,-21,-30
1742099415.9331331,28,-41,-72
1742099415.968133,-95,60,-12
1742099416.004133,-9,-71,1
1742099416.039133,-37,68,-54
1742099416.0741332,8,46,-22
1742099416.1101332,4,-29,43
1742099416.145133,20,30,-64
1742099416.181133,56,4,39
1742099416.216133,8,24,-100
1742099416.2521331,42,-47,-92
1742099416.287133,14,-29,-84
1742099416.322133,122,56,43
1742099416.358133,-47,-33,-106
1742099416.3931332,22,-43,11
1742099416.4291332,-29,56,-76
1742099416.464133,-57,-33,-56
1742099416.500133,28,16,1
1742099416.536133,24,2,-148
1742099416.578133,66,-55,-168
1742099416.6141331,30,42,11
1742099416.6501331,-65,-5,13
1742099416.6861331,-105,40,-66
1742099416.721133,56,42,0
1742099416.757133,-33,32,27
1742099416.792133,34,-21,-90
1742099416.8271332,38,-21,-104
1742099416.862133,120,24,-44
1742099416.898133,-37,-9,-52
1742099416.934133,50,-99,-24
1742099416.9691331,24,-19,-76
1742099417.0051332,48,10,-92
1742099417.040133,-31,104,-72
1742099417.075133,8,-87,-98
1742099417.1101332,48,92,-47
1742099417.1461332,60,30,-75
1742099417.1821332,8,-15,-113
1742099417.217133,-53,8,-73
1742099417.253133,-37,46,-30
1742099417.2881331,42,52,7
1742099417.323133,88,12,-124
1742099417.358133,-71,-49,-100
1742099417.394133,6,-71,-3
1742099417.430133,38,-63,-181
1742099417.4651332,-91,-49,-49
1742099417.501133,-29,26,4
1742099417.536133,-43,-53,-29
1742099417.5711331,48,22,-79
1742099417.606133,22,-43,-23
1742099417.642133,-45,26,-43
1742099417.678133,-19,-79,-91
1742099417.713133,-51,-19,52
1742099417.749133,18,-3,10
1742099417.7841332,40,28,-83
1742099417.819133,-39,76,92
1742099417.8541331,20,49,-1
1742099417.8901331,54,-35,-119
1742099417.9261332,90,32,-93
1742099417.961133,20,-25,-19
1742099417.997133,-45,2,-79
1742099418.032133,16,24,-81
1742099418.0671332,-77,26,16
1742099418.102133,56,-6,-49
1742099418.138133,16,35,-3
1742099418.174133,58,22,-87
1742099418.2091331,-9,-7,24
1742099418.2451332,-43,-11,-83
1742099418.280133,64,4,-93
1742099418.315133,-65,20,-65
1742099418.3501332,-27,20,16
1742099418.3861332,-73,16,-103
1742099418.422133,-5,-57,-63
1742099418.457133,12,48,-75
1742099418.493133,18,-11,-139
1742099418.5281332,28,10,-145
1742099418.563133,34,-3,-17
1742099418.598133,40,68,70
1742099418.634133,-7,38,-105
1742099418.670133,2,76,72
1742099418.7051332,32,58,76
1742099418.741133,2,-19,10
1742099418.776133,66,-19,44
1742099418.8111331,-3,-9,-47
1742099418.846133,-31,24,-49
1742099418.882133,8,28,-21
1742099418.918133,22,22,-53
1742099418.953133,28,32,-27
1742099418.9891331,8,-1,-33
1742099419.024133,46,20,-27
1742099419.059133,38,-111,-121
1742099419.0941331,-37,-51,-91
1742099419.1301332,-17,-25,10
1742099419.1661332,-65,-25,-123
1742099419.201133,66,6,-87
1742099419.237133,-61,-11,52
1742099419.272133,92,-7,-79
1742099419.3071332,-37,134,-177
1742099419.342133,46,54,-45
1742099419.378133,50,84,-49
1742099419.414133,56,-31,-55
1742099419.4491332,-31,-5,-67
1742099419.4851332,-51,-41,-103
1742099419.520133,-17,-1,-155
1742099419.555133,-33,-21,-51
1742099419.5901332,-19,6,-33
1742099419.626133,-63,36,98
1742099419.662133,20,-23,-17
1742099419.697133,-75,-43,-11
1742099419.733133,110,-5,124
1742099419.7681332,-13,-81,36
1742099419.803133,-95,-35,4
1742099419.838133,-27,-15,116
1742099419.874133,-35,24,-67
1742099419.9101331,-9,50,-15
1742099419.945133,-57,16,-89
1742099419.981133,20,24,20
1742099420.016133,6,38,-83
1742099420.0511332,-65,-33,-123
1742099420.086133,46,-9,-75
1742099420.122133,-33,22,-175
1742099420.158133,-3,-43,-145
1742099420.193133,8,-7,-129
1742099420.2291331,-21,8,-41
1742099420.264133,54,-15,-154
1742099420.299133,40,-19,-49
1742099420.3341331,18,-21,6
1742099420.3701332,10,-15,87
1742099420.4061332,-49,-11,-32
1742099420.441133,6,4,-10
1742099420.477133,14,-37,-8
1742099420.5121331,4,2,-128
1742099420.547133,-45,-49,-16
1742099420.582133,26,32,-106
1742099420.618133,-53,-55,-96
1742099420.654133,-23,42,-38
1742099420.6891332,-13,4,21
1742099420.7251332,4,28,-30
1742099420.760133,8,-15,-28
1742099420.795133,72,30,-48
1742099420.8311331,24,-13,-64
1742099420.866133,-51,6,-90
1742099420.902133,52,-1,-30
1742099420.937133,0,-1,-58
1742099420.973133,-61,-3,-38
1742099421.0081332,10,42,-78
1742099421.043133,24,-21,-34
1742099421.079133,12,-25,-150
1742099421.1141331,-65,-73,-30
1742099421.1501331,-8,-26,-40
1742099421.185133,-24,-52,-80
1742099421.221133,-74,-75,-52
1742099421.256133,14,44,-134
1742099421.2911332,2,-24,-64
1742099421.3271332,-64,-96,-8
1742099421.362133,-2,60,-146
1742099421.398133,10,0,0
1742099421.4331331,-65,-40,-26
1742099421.4691331,-55,15,87
1742099421.504133,16,-16,-138
1742099421.539133,-85,18,-172
1742099421.575133,-17,-29,-16
1742099421.6101332,-21,15,-22
1742099421.6461332,26,-15,-32
1742099421.681133,-53,32,-58
1742099421.717133,96,-77,-22
1742099421.7521331,-60,8,-20
1742099421.787133,-28,-58,-4
1742099421.823133,20,8,-76
1742099421.858133,-6,42,-118
1742099421.894133,40,30,-106
1742099421.9291332,29,-67,-104
1742099421.9651332,33,-43,-166
1742099422.001133,-52,4,135
1742099422.037133,-10,8,63
1742099422.072133,33,-29,27
1742099422.1071332,-50,-5,-30
1742099422.1431332,91,-29,-134
1742099422.178133,31,18,-102
1742099422.214133,-32,-49,-172
1742099422.249133,-22,-19,0
1742099422.2851331,49,40,-61
1742099422.320133,-94,20,-69
1742099422.355133,-32,6,-77
1742099422.391133,-42,14,-29
1742099422.4261332,-6,-15,-37
1742099422.4621332,7,32,-172
1742099422.497133,43,22,-145
1742099422.533133,59,12,-25
1742099422.568133,9,6,54
1742099422.6031332,49,2,-55
1742099422.639133,93,28,-21
1742099422.674133,-12,-29,-157
1742099422.710133,-2,-67,-41
1742099422.7451332,99,18,-227
1742099422.7811332,-2,-7,-29
1742099422.816133,75,30,-69
1742099422.851133,47,46,34
1742099422.8871331,-52,-63,-149
1742099422.922133,57,-33,-41
1742099422.958133,119,88,-39
1742099422.993133,-20,24,-67
1742099423.029133,-50,74,-1
1742099423.0641332,2,-63,-157
1742099423.099133,58,-13,52
1742099423.135133,8,-19,-85
1742099423.170133,0,8,-1
1742099423.2061331,-69,-31,-55
1742099423.241133,-11,-19,-25
1742099423.276133,46,-65,-57
1742099423.3111331,-39,-1,-183
1742099423.3471332,86,-17,-173
1742099423.3831332,-35,-67,54
1742099423.418133,12,-7,-125
1742099423.454133,-53,-21,32
1742099423.4891331,22,-17,-133
1742099423.524133,-25,-105,-3
1742099423.559133,-51,58,-39
1742099423.595133,68,-1,-51
1742099423.631133,2,-69,-1
1742099423.6661332,76,72,-13
1742099423.7021332,24,0,-23
1742099423.737133,6,-19,-63
1742099423.772133,28,106,-123
1742099423.8071332,20,12,-75
1742099423.843133,-127,70,56
1742099423.879133,34,16,-87
1742099423.914133,78,-45,-77
1742099423.950133,-37,-37,-109
1742099423.9851332,6,-59,-105
1742099424.020133,-39,-67,-71
1742099424.055133,36,-33,-65
1742099424.091133,-23,78,-131
1742099424.1271331,-11,-7,-35
1742099424.162133,-31,50,34
1742099424.198133,-43,56,-25
1742099424.233133,28,6,-55
1742099424.2681332,-79,-17,-55
1742099424.303133,40,-31,-7
1742099424.339133,102,-17,-81
1742099424.375133,-81,90,-17
1742099424.4101331,-11,-29,-45
1742099424.4461331,72,-51,-89
1742099424.481133,-25,-57,14
1742099424.516133,-7,-23,-149
1742099424.5511332,30,-11,-31
1742099424.5871332,4,-23,-109
1742099424.6231332,30,88,-177
1742099424.658133,0,38,0
1742099424.694133,10,-91,-23
1742099424.7291331,56,48,-55
1742099424.764133,20,-21,0
1742099424.799133,28,2,-11
1742099424.835133,16,-11,-65
1742099424.871133,42,-51,-13
1742099424.9061332,10,-53,-15
1742099424.9421332,72,6,-165
1742099424.977133,68,44,-37
1742099425.0121331,-51,50,-117
1742099425.047133,2,-71,-133
1742099425.083133,14,-21,-155
1742099425.119133,-23,30,-23
1742099425.154133,28,-21,-167
1742099425.190133,-11,88,26
1742099425.2251332,40,24,-23
1742099425.260133,4,2,-121
1742099425.295133,88,-22,-77
1742099425.3311331,-69,-32,-139
1742099425.3671331,76,-26,-31
1742099425.402133,56,22,16
1742099425.438133,-5,70,-69
1742099425.473133,94,58,63
1742099425.5081332,14,-53,-80
1742099425.543133,48,-23,-102
1742099425.579133,14,-26,-16
1742099425.615133,-7,10,-88
1742099425.6501331,46,-39,145
1742099425.6861331,-23,-35,5
1742099425.721133,-25,34,65
1742099425.756133,-49,94,19
1742099425.7911332,92,-55,33
1742099425.8271332,20,20,-22
1742099425.8631332,-35,-1,11
1742099425.898133,16,-21,-52
1742099425.934133,-17,8,-38
1742099425.9691331,-1,36,-68
1742099426.004133,-9,8,-70
1742099426.039133,-33,10,19
1742099426.075133,48,-3,-6
1742099426.111133,80,94,-152
1742099426.1461332,-7,4,-28
1742099426.1821332,2,-7,-54
1742099426.217133,66,-47,55
1742099426.2521331,2,-71,-90
1742099426.287133,-63,6,-138
1742099426.323133,4,-37,79
1742099426.359133,-73,36,-18
1742099426.394133,-27,6,-6
1742099426.430133,-79,26,29
1742099426.4651332,106,26,-64
1742099426.500133,10,-25,-86
1742099426.5351331,-17,8,59
1742099426.5711331,4,32,-88
1742099426.6141331,26,-23,-70
1742099426.6501331,18,-27,-60
1742099426.6861331,16,0,-52
1742099426.721133,-55,-37,-156
1742099426.756133,100,32,-28
1742099426.7911332,70,12,-28
1742099426.8271332,28,-1,-24
1742099426.8631332,22,-49,-68
1742099426.898133,-25,22,17
1742099426.934133,-47,58,-6
1742099426.9691331,40,-13,-112
1742099427.004133,-9,106,-86
1742099427.039133,-73,-49,61
1742099427.075133,-27,4,-138
1742099427.111133,-109,-7,15
1742099427.1461332,-6,-7,71
1742099427.1821332,-7,-31,51
1742099427.217133,16,44,-60
1742099427.2521331,-23,26,-116
1742099427.2881331,44,28,-14
1742099427.323133,4,56,37
1742099427.359133,72,6,1
1742099427.394133,88,-13,-134
1742099427.430133,-1,-11,-56
1742099427.4651332,16,4,69
1742099427.500133,-45,16,13
1742099427.536133,-91,-9,-118
1742099427.5711331,16,-51,-222
1742099427.6071332,54,66,-70
1742099427.642133,-49,120,-108
1742099427.678133,42,14,-92
1742099427.713133,90,24,-104
1742099427.7481332,-9,46,45
1742099427.7841332,64,6,-160
1742099427.819133,36,-9,-54
1742099427.855133,20,26,-104
1742099427.8901331,-1,-3,-112
1742099427.9261332,42,8,7
1742099427.961133,92,-39,-30
1742099427.996133,22,-23,-38
1742099428.032133,-5,-73,53
1742099428.0671332,-33,14,-64
1742099428.1031332,-45,6,-56
1742099428.138133,46,26,-40
1742099428.174133,-51,-43,-82
1742099428.2091331,0,96,-86
1742099428.244133,48,0,-102
1742099428.280133,26,-3,-56
1742099428.315133,-87,78,141
1742099428.351133,30,2,7
1742099428.3861332,-41,-17,-44
1742099428.422133,32,-55,-164
1742099428.457133,56,-5,-112
1742099428.4921331,34,-19,-56
1742099428.5281332,2,12,-38
1742099428.563133,50,46,-14
1742099428.599133,-59,-13,25
1742099428.634133,-83,-25,-8
1742099428.670133,-9,-9,19
1742099428.7051332,-51,38,5
1742099428.740133,-95,36,-126
1742099428.776133,-33,-17,-6
1742099428.8111331,30,-53,-26
1742099428.8471332,-53,-43,-2
1742099428.882133,-7,-23,25
1742099428.918133,-23,60,-38
1742099428.953133,-1,-17,-106
1742099428.9881332,-67,40,-42
1742099429.024133,-15,-31,-120
1742099429.059133,-23,20,-34
1742099429.095133,14,-55,-138
1742099429.1301332,-27,-1,-34
1742099429.1661332,34,-61,-56
1742099429.201133,-57,-55,-106
1742099429.236133,48,10,-112
1742099429.272133,-71,-21,-40
1742099429.3071332,14,-1,25
1742099429.343133,-45,38,-110
1742099429.378133,-1,-71,-92
1742099429.414133,2,-11,-92
1742099429.4491332,54,6,67
1742099429.484133,40,42,-18
1742099429.520133,-9,40,-34
1742099429.555133,2,-31,73
1742099429.591133,-97,34,-88
1742099429.626133,32,20,-86
1742099429.662133,-79,-9,-38
1742099429.698133,34,-47,-90
1742099429.733133,-11,-93,-38
1742099429.7681332,20,64,-52
1742099429.8041332,46,34,-56
1742099429.8401332,-29,-61,-34
1742099429.875133,18,-51,-42
1742099429.911133,-5,-33,-42
1742099429.9461331,50,22,-42
1742099429.981133,12,-7,-76
1742099430.016133,50,4,-28
1742099430.052133,82,-29,-34
1742099430.088133,-19,0,-8
1742099430.1231332,-5,-55,-84
1742099430.1591332,20,-17,-114
1742099430.194133,-3,-35,-34
1742099430.2291331,8,26,-32
1742099430.264133,-93,16,-75
1742099430.300133,58,22,-48
1742099430.336133,-23,26,-10
1742099430.371133,-87,-17,-86
1742099430.407133,-53,-23,29
1742099430.4421332,-69,-29,-130
1742099430.477133,-55,-17,109
1742099430.5121331,116,48,-38
1742099430.5481331,8,20,-12
1742099430.5841331,42,6,-14
1742099430.619133,-29,76,-128
1742099430.655133,-11,48,-54
1742099430.690133,-19,-35,-98
1742099430.7251332,2,64,-118
1742099430.760133,-23,6,-130
1742099430.796133,-5,-13,-52
1742099430.832133,-25,-35,-78
1742099430.8671331,-53,28,67
1742099430.9031332,50,14,-23
1742099430.938133,34,-3,-133
1742099430.973133,26,-39,-31
1742099431.0081332,-73,-25,-41
1742099431.0441332,-11,16,-33
1742099431.0801332,-51,14,-69
1742099431.115133,-15,42,-121
1742099431.151133,-9,-9,-151
1742099431.1861331,42,88,20
1742099431.221133,-131,-43,-73
1742099431.256133,-17,57,0
1742099431.292133,-23,-36,-55
1742099431.328133,66,34,-71
1742099431.3631332,-31,-33,-43
1742099431.399133,-43,64,-55
1742099431.434133,-37,-35,-45
1742099431.4691331,40,26,-69
1742099431.504133,-27,-59,-39
1742099431.540133,24,-29,-83
1742099431.576133,-55,22,-113
1742099431.611133,50,34,-81
1742099431.647133,-5,-33,-84
1742099431.6821332,-3,84,-21
1742099431.717133,4,-1,-89
1742099431.7521331,-49,18,-90
1742099431.7881331,48,10,-50
1742099431.8241332,-29,48,-120
1742099431.859133,-49,0,82
1742099431.895133,-17,-33,-21
1742099431.930133,-29,74,-33
1742099431.9651332,8,-13,-63
1742099432.000133,30,60,-101
1742099432.036133,-9,-37,-23
1742099432.072133,16,-33,-5
1742099432.1071332,-101,-7,-53
1742099432.1431332,32,12,-141
1742099432.178133,22,-15,-5
1742099432.213133,44,-49,-39
1742099432.2481332,-45,-7,-63
1742099432.2841332,40,86,-35
1742099432.320133,54,-51,-45
1742099432.355133,-41,80,74
1742099432.391133,-3,-9,-103
1742099432.4261332,12,-67,-75
1742099432.461133,34,-3,-33
1742099432.496133,2,-55,-41
1742099432.532133,4,-41,-59
1742099432.568133,14,10,-37
1742099432.6031332,-81,18,-69
1742099432.639133,-71,14,-11
1742099432.674133,-53,14,74
1742099432.7091331,108,2,-13
1742099432.744133,48,-17,40
1742099432.780133,16,-13,-49
1742099432.816133,-65,32,8
1742099432.851133,28,-15,-49
1742099432.8871331,20,-29,-43
1742099432.922133,74,-10,-35
1742099432.957133,-101,-34,110
1742099432.9921331,-11,10,-11
1742099433.0281332,-19,-12,-107
1742099433.0641332,24,-12,-7
1742099433.099133,110,-58,4
1742099433.135133,-31,11,-79
1742099433.170133,-35,-12,-43
1742099433.2051332,-15,0,82
1742099433.240133,22,-12,-129
1742099433.276133,6,24,-87
1742099433.312133,-5,50,-107
1742099433.3471332,-3,26,-43
1742099433.3831332,-5,2,-103
1742099433.418133,-33,-1,-83
1742099433.453133,-7,28,-9
1742099433.4881332,42,60,-109
1742099433.524133,-33,4,-15
1742099433.560133,34,-47,88
1742099433.595133,12,-5,-49
1742099433.631133,68,-19,-63
1742099433.6661332,-7,-33,26
1742099433.701133,10,-39,-225
1742099433.736133,48,-19,16
1742099433.772133,18,-37,-115
1742099433.8081331,40,-5,-121
1742099433.843133,52,10,-47
1742099433.879133,80,-35,-71
1742099433.914133,-13,-63,74
1742099433.9491332,-11,64,94
1742099433.9851332,-39,-39,-53
1742099434.020133,-15,76,-17
1742099434.056133,0,16,-97
1742099434.091133,4,-37,-61
1742099434.1271331,-13,30,20
1742099434.162133,54,-79,4
1742099434.197133,-41,-5,-127
1742099434.233133,36,126,32
1742099434.2681332,10,12,-31
1742099434.3041332,8,0,-99
1742099434.339133,-9,-17,-39
1742099434.375133,2,16,14
1742099434.4101331,-35,-47,50
1742099434.445133,132,26,-49
1742099434.481133,6,-21,96
1742099434.516133,62,40,-87
1742099434.552133,-67,-9,-117
1742099434.5871332,-79,56,-173
1742099434.6231332,68,28,-119
1742099434.658133,4,40,-53
1742099434.693133,-45,-15,12
1742099434.7291331,-63,-81,-105
1742099434.764133,-1,14,-85
1742099434.800133,-21,-37,-39
1742099434.835133,-35,20,-45
1742099434.871133,-29,-25,-9
1742099434.9061332,-41,18,-123
1742099434.941133,-61,-59,-45
1742099434.977133,72,18,-15
1742099435.0121331,-13,-9,-37
1742099435.0481331,26,58,32
1742099435.083133,82,-5,-89
1742099435.119133,-15,-5,-45
1742099435.154133,-9,-27,-107
1742099435.1891332,14,-71,-27
1742099435.2251332,-35,4,-113
1742099435.260133,18,-45,-141
1742099435.296133,10,46,-5
1742099435.3311331,0,8,12
1742099435.3671331,-3,66,-117
1742099435.402133,36,56,-85
1742099435.437133,26,-85,-15
1742099435.473133,-37,-27,-73
1742099435.5081332,24,48,-149
1742099435.5441332,-15,-31,36
1742099435.579133,-19,12,-89
1742099435.615133,16,22,-21
1742099435.6501331,-45,0,-111
1742099435.685133,-45,50,26
1742099435.721133,-69,-17,-37
1742099435.756133,20,-35,-137
1742099435.792133,12,-37,-153
1742099435.8271332,48,6,-25
1742099435.8631332,-25,8,-11
1742099435.898133,40,-3,-95
1742099435.9331331,-63,12,-27
1742099435.9691331,8,-11,-173
1742099436.004133,-16,-79,-53
1742099436.040133,-7,4,-15
1742099436.075133,-91,-25,14
1742099436.111133,42,-41,18
1742099436.147133,14,-91,-65
1742099436.1831331,18,16,-117
1742099436.2191331,38,-29,-87
1742099436.2551332,-57,-31,-65
1742099436.2911332,78,84,14
1742099436.326133,-11,-5,-57
1742099436.361133,38,74,-53
1742099436.397133,16,46,-93
1742099436.4331331,0,12,-41
1742099436.468133,41,70,-83
1742099436.504133,64,-29,-15
1742099436.539133,28,-61,84
1742099436.5741332,-71,42,-147
1742099436.6171331,-33,52,-151
1742099436.6531332,-11,71,-51
1742099436.6891332,24,-28,-57
1742099436.724133,34,-6,40
1742099436.760133,-13,-32,6
1742099436.795133,-45,-50,38
1742099436.8301332,10,21,-163
1742099436.865133,-33,82,60
1742099436.901133,-19,-101,-17
1742099436.937133,42,-55,14
1742099436.9721332,46,10,-31
1742099437.0081332,66,-96,72
1742099437.043133,-3,-26,6
1742099437.078133,79,4,-145
1742099437.1131332,27,0,0
1742099437.149133,-65,-39,8
1742099437.185133,34,20,-125
1742099437.220133,-11,8,-133
1742099437.256133,-43,-43,-145
1742099437.2911332,16,49,46
1742099437.326133,36,35,44
1742099437.361133,-1,33,-27
1742099437.397133,-43,-18,-77
1742099437.4331331,-47,25,-107
1742099437.468133,68,18,48
1742099437.504133,-35,-39,18
1742099437.539133,-61,-41,36
1742099437.5741332,-1,60,-61
1742099437.609133,-19,36,20
1742099437.645133,-37,-35,-103
1742099437.681133,-43,-25,-43
1742099437.716133,-27,2,-42
1742099437.7521331,-83,-63,-44
1742099437.787133,-21,-9,-46
1742099437.822133,-95,-55,17
1742099437.8571332,14,-9,1
1742099437.8931332,-67,-35,-150
1742099437.9291332,18,54,19
1742099437.964133,-19,18,-128
1742099438.000133,10,-29,-42
1742099438.0351331,50,-33,-72
1742099438.070133,108,44,49
1742099438.105133,-55,108,-158
1742099438.141133,14,98,-94
1742099438.177133,-5,70,-70
1742099438.2121332,-25,-69,-74
1742099438.2481332,10,-21,51
1742099438.283133,18,-5,-54
1742099438.318133,-5,-85,75
1742099438.3531332,0,10,13
1742099438.389133,56,-69,41
1742099438.425133,-13,50,21
1742099438.460133,-37,-69,-42
1742099438.496133,78,-15,99
1742099438.5311332,-13,70,-28
1742099438.566133,-75,8,-52
1742099438.601133,4,38,185
1742099438.6371331,42,80,1
1742099438.6731331,6,-7,-124
1742099438.708133,54,-3,-18
1742099438.744133,-61,40,-118
1742099438.779133,30,-29,51
1742099438.8141332,-47,36,-2
1742099438.849133,16,30,-8
1742099438.885133,-25,34,-112
1742099438.921133,56,-63,-6
1742099438.9561331,50,-15,-28
1742099438.9921331,-27,42,17
1742099439.027133,82,-31,-72
1742099439.062133,-55,-81,-12
1742099439.0971332,-17,6,1
1742099439.1331332,16,-35,-28
1742099439.1691332,2,20,-38
1742099439.204133,-7,-21,-98
1742099439.240133,-11,2,-28
1742099439.2751331,-17,-79,-76
1742099439.310133,30,32,-60
1742099439.345133,-25,20,-58
1742099439.381133,8,26,-62
1742099439.417133,50,-73,-120
1742099439.4521332,-63,-31,-180
1742099439.4881332,4,8,13
1742099439.523133,4,30,-60
1742099439.5581331,10,64,-44
1742099439.593133,-49,-47,-20
1742099439.629133,-53,-17,-84
1742099439.665133,-11,30,-58
1742099439.700133,72,20,-132
1742099439.736133,-37,-75,-78
1742099439.7711332,58,-13,-144
1742099439.806133,-21,-5,-28
1742099439.841133,-49,36,-34
1742099439.8771331,36,64,-40
1742099439.9131331,-19,76,-28
1742099439.948133,18,-17,7
1742099439.984133,-57,42,-90
1742099440.019133,10,-27,89
1742099440.0541332,52,52,-50
1742099440.089133,10,38,-68
1742099440.125133,-7,16,-52
1742099440.161133,-19,6,-36
1742099440.1961331,-27,36,-22
1742099440.2321332,50,-43,-16
1742099440.267133,44,-69,-26
1742099440.302133,14,-49,-66
1742099440.338133,-31,-33,71
1742099440.3731332,-29,-61,-32
1742099440.4091332,50,32,91
1742099440.444133,-37,-69,43
1742099440.480133,4,16,-30
1742099440.5151331,-77,34,-68
1742099440.550133,18,84,-40
1742099440.586133,-25,-29,-6
1742099440.621133,18,20,-74
1742099440.657133,28,20,-102
1742099440.6921332,-59,28,-56
1742099440.7281332,-75,-43,-86
1742099440.763133,-83,44,-82
1742099440.7981331,14,30,97
1742099440.8341331,44,-67,-106
1742099440.869133,-23,-11,83
1742099440.905133,36,-3,-30
1742099440.940133,150,0,5
1742099440.976133,-27,-7,-48
1742099441.0111332,-43,48,-104
1742099441.046133,-95,54,-102
1742099441.082133,-23,28,63
1742099441.1171331,-55,66,-64
1742099441.1531332,36,24,-80
1742099441.188133,16,-1,-20
1742099441.224133,50,-3,-106
1742099441.259133,-61,-29,-2
1742099441.2941332,-69,-25,71
1742099441.3301332,-47,-6,115
1742099441.365133,94,-49,-78
1742099441.401133,-57,21,-170
1742099441.4361331,-27,51,-126
1742099441.4721332,15,-61,83
1742099441.507133,-27,-7,-49
1742099441.542133,-20,8,24
1742099441.578133,37,-5,-12
1742099441.6131332,55,-13,-4
1742099441.649133,-14,60,47
1742099441.684133,-50,50,-58
1742099441.720133,-60,-63,28
1742099441.7551332,15,-47,-31
1742099441.790133,63,-23,-27
1742099441.826133,63,-63,14
1742099441.861133,15,20,-13
1742099441.897133,-46,-53,12
1742099441.9321332,57,-117,104
1742099441.968133,-112,0,-55
1742099442.003133,5,6,44
1742099442.0381331,-44,-45,-35
1742099442.0741332,-28,28,24
1742099442.109133,35,-59,-69
1742099442.145133,-82,-7,-63
1742099442.180133,-48,10,-5
1742099442.216133,59,4,-115
1742099442.251133,-4,26,44
1742099442.286133,19,-25,-115
1742099442.322133,42,-53,-93
1742099442.3571332,0,-35,-87
1742099442.3931332,34,16,18
1742099442.428133,38,10,12
1742099442.463133,74,32,-111
1742099442.4981332,-47,-35,-155
1742099442.5341332,-43,-27,-79
1742099442.570133,0,-27,-63
1742099442.605133,12,-3,46
1742099442.641133,26,-23,38
1742099442.6761332,-21,20,8
1742099442.7121332,-57,-85,96
1742099442.7481332,-17,8,90
1742099442.7841332,10,-23,-67
1742099442.820133,-3,-65,-89
1742099442.855133,-25,16,92
1742099442.8901331,0,-59,-41
1742099442.9261332,-121,-25,-115
1742099442.9621332,-7,0,66
1742099442.997133,38,-71,-77
1742099443.033133,-23,-25,-51
1742099443.068133,-15,46,44
1742099443.1031332,64,-61,-87
1742099443.138133,-17,12,-71
1742099443.174133,-27,-9,-83
1742099443.210133,2,70,-95
1742099443.2451332,56,-11,2
1742099443.2811332,80,-67,66
1742099443.316133,-141,-5,-205
1742099443.351133,54,54,-75
1742099443.3861332,38,-27,-65
1742099443.422133,36,46,6
1742099443.458133,22,14,-21
1742099443.493133,2,-107,32
1742099443.529133,22,-5,-21
1742099443.5641332,-45,48,48
1742099443.599133,-1,28,-23
1742099443.634133,60,11,-123
1742099443.670133,-55,68,-57
1742099443.7061331,28,-76,34
1742099443.741133,-13,-6,-85
1742099443.777133,18,-29,-39
1742099443.812133,32,64,-73
1742099443.8471332,-31,-43,-45
1742099443.882133,-61,14,-95
1742099443.918133,-1,17,-41
1742099443.954133,-41,5,60
1742099443.9891331,52,-10,-91
1742099444.0251331,22,-52,-123
1742099444.060133,-57,54,-1
1742099444.095133,18,10,-91
1742099444.1301332,-85,-7,-53
1742099444.1661332,30,44,-17
1742099444.2021332,36,-15,-21
1742099444.237133,28,27,-89
1742099444.273133,-129,-24,90
1742099444.3081331,-33,49,-109
1742099444.343133,-17,-8,-97
1742099444.378133,14,7,-11
1742099444.414133,30,-52,-73
1742099444.450133,-77,35,-69
1742099444.4851332,-35,-19,-85
1742099444.5211332,24,61,-11
1742099444.556133,42,15,-49
1742099444.591133,-3,49,-37
1742099444.626133,96,-14,-27
1742099444.662133,40,37,-17
1742099444.698133,-5,-6,22
1742099444.733133,106,-44,-75
1742099444.769133,-37,-8,-59
1742099444.8041332,20,-52,48
1742099444.839133,62,-10,-17
1742099444.874133,-67,0,-26
1742099444.9101331,0,31,-20
1742099444.9461331,4,-56,-70
1742099444.981133,92,37,-56
1742099445.017133,50,-93,-106
1742099445.052133,42,-23,-26
1742099445.0871332,-41,-64,-26
1742099445.122133,-53,-18,-92
1742099445.158133,-35,-42,-182
1742099445.194133,132,-66,-122
1742099445.2291331,-69,13,-58
1742099445.2651331,-3,23,-152
1742099445.300133,-25,1,-18
1742099445.335133,8,-48,-52
1742099445.3701332,16,35,-46
1742099445.4061332,0,52,-60
1742099445.4421332,28,-17,-172
1742099445.477133,-27,-77,-142
1742099445.513133,-33,0,-14
1742099445.5481331,-83,-41,27
1742099445.583133,-99,18,-30
1742099445.618133,-69,50,19
1742099445.654133,-37,22,-150
1742099445.690133,84,-29,-32
1742099445.7251332,64,-23,-6
1742099445.7611332,-7,-13,-38
1742099445.796133,36,4,-80
1742099445.8311331,-39,-65,-74
1742099445.866133,16,54,-20
1742099445.902133,-47,-37,-16
1742099445.938133,-19,-9,1
1742099445.973133,4,-21,-80
1742099446.009133,4,-55,29
1742099446.0441332,8,42,9
1742099446.079133,60,10,-32
1742099446.1141331,-29,-27,-132
1742099446.1501331,50,-29,-96
1742099446.1861331,-17,-33,-58
1742099446.221133,18,-67,-204
1742099446.257133,0,8,-80
1742099446.292133,72,8,-140
1742099446.3271332,-11,6,23
1742099446.362133,-13,-23,-70
1742099446.398133,-29,-29,-70
1742099446.434133,32,36,57
1742099446.4691331,-1,10,-20
1742099446.5051332,20,-25,-84
1742099446.540133,74,26,-128
1742099446.575133,-21,-5,-80
1742099446.618133,-7,-29,-46
1742099446.654133,-3,-73,-38
1742099446.690133,44,6,-18
1742099446.7251332,28,-45,-108
1742099446.7611332,-37,-39,-166
1742099446.796133,20,58,-130
1742099446.8311331,6,36,-104
1742099446.866133,-21,64,-134
1742099446.902133,70,-67,-108
1742099446.938133,10,-23,-82
1742099446.973133,22,12,-136
1742099447.009133,18,52,-46
1742099447.0441332,-21,-47,-140
1742099447.079133,-1,26,0
1742099447.115133,100,8,-58
1742099447.1501331,62,0,-120
1742099447.1861331,-25,14,-48
1742099447.221133,50,-53,-42
1742099447.257133,30,-29,-88
1742099447.292133,-17,20,-78
1742099447.3271332,-93,18,-92
1742099447.3631332,16,-19,101
1742099447.398133,-103,-29,-72
1742099447.434133,-3,56,-62
1742099447.4691331,2,-39,25
1742099447.5051332,42,20,53
1742099447.540133,46,10,-20
1742099447.575133,-73,16,-34
1742099447.611133,-7,-45,-92
1742099447.6461332,-9,18,-62
1742099447.6821332,-47,4,-160
1742099447.717133,0,-67,-116
1742099447.753133,68,16,65
1742099447.7881331,-143,-63,-14
1742099447.823133,-3,-21,-128
1742099447.859133,15,-25,21
1742099447.894133,9,22,-62
1742099447.930133,-39,18,-14
1742099447.9651332,-31,10,-34
1742099448.001133,4,52,23
1742099448.036133,59,6,-16
1742099448.0711331,59,-11,-114
1742099448.1071332,-39,0,-146
1742099448.142133,-9,-65,-44
1742099448.178133,10,-47,-42
1742099448.213133,-49,26,-150
1742099448.249133,-91,-13,-126
1742099448.2841332,12,-61,-54
1742099448.319133,-11,19,0
1742099448.355133,56,21,-48
1742099448.3901331,-25,0,53
1742099448.4261332,-57,81,25
1742099448.461133,42,-48,7
1742099448.497133,0,27,-98
1742099448.532133,-13,-16,-46
1742099448.5671332,0,7,-36
1742099448.6031332,-45,-8,5
1742099448.638133,33,21,-20
1742099448.674133,68,-37,-50
1742099448.7091331,-32,-29,-30
1742099448.7451332,3,97,-8
1742099448.780133,71,-42,-62
1742099448.815133,-44,0,11
1742099448.851133,-30,33,-36
1742099448.8861332,37,35,-106
1742099448.922133,67,23,-4
1742099448.957133,-31,-4,-28
1742099448.993133,24,-12,-98
1742099449.0281332,0,37,-100
1742099449.063133,-14,-18,-34
1742099449.099133,-34,-40,69
1742099449.134133,-15,29,-78
1742099449.170133,-3,-46,25
1742099449.2051332,-15,9,-86
1742099449.241133,-4,-28,-98
1742099449.277133,-10,-28,-24
1742099449.313133,-54,37,-2
1742099449.349133,-28,13,-114
1742099449.385133,-32,0,-14
1742099449.421133,-34,-40,-12
1742099449.4561331,9,-12,-108
1742099449.491133,1,-20,-70
1742099449.527133,-6,39,-88
1742099449.563133,-44,41,-98
1742099449.598133,41,-80,-84
1742099449.634133,0,-40,-32
1742099449.6691332,-12,-26,-74
1742099449.704133,15,75,-68
1742099449.7391331,35,11,-12
1742099449.7751331,-12,5,-34
1742099449.8111331,-14,41,15
1742099449.846133,5,7,-36
1742099449.882133,117,-2,-108
1742099449.917133,-6,-38,-56
1742099449.9521332,-54,-1,-146
1742099449.987133,43,12,-48
1742099450.023133,97,2,7
1742099450.059133,7,-1,-34
1742099450.0941331,57,28,-72
1742099450.1301332,2,44,-80
1742099450.165133,0,-45,27
1742099450.200133,-30,-31,-72
1742099450.2351332,-50,36,-8
1742099450.2711332,71,58,-6
1742099450.3071332,-10,-17,-58
1742099450.342133,7,-81,-76
1742099450.378133,23,18,-54
1742099450.4131331,-54,-27,-16
1742099450.448133,-24,-21,-26
1742099450.483133,-12,-3,-150
1742099450.519133,-40,-7,-14
1742099450.555133,57,64,-206
1742099450.591133,55,-43,-36
1742099450.6271331,25,-23,33
1742099450.662133,-130,-23,129
1742099450.698133,27,8,9
1742099450.733133,23,-77,-90
1742099450.7681332,29,8,-14
1742099450.803133,-24,-5,-20
1742099450.839133,-106,28,-74
1742099450.875133,23,80,-72
1742099450.9101331,15,-57,-32
1742099450.9461331,63,-95,-114
1742099450.981133,51,-37,41
1742099451.016133,-8,-13,-16
1742099451.0511332,27,20,-40
1742099451.0871332,-64,-43,-116
1742099451.1231332,101,8,-68
1742099451.158133,55,-7,-90
1742099451.194133,63,-33,3
1742099451.2291331,31,-55,-10
1742099451.264133,47,48,-80
1742099451.299133,-114,16,53
1742099451.335133,17,76,-140
1742099451.371133,19,-19,-12
1742099451.4061332,-51,2,-70
1742099451.4421332,6,-111,-72
1742099451.477133,-35,46,-76
1742099451.5121331,-21,-11,1
1742099451.547133,22,86,69
1742099451.583133,0,-39,-92
1742099451.619133,-13,-31,-20
1742099451.654133,4,16,-66
1742099451.690133,-13,-49,-90
1742099451.7251332,70,-71,-50
1742099451.760133,-49,38,5
1742099451.795133,-17,10,-88
1742099451.8311331,58,32,-4
1742099451.8671331,32,-77,13
1742099451.902133,28,-117,-116
1742099451.938133,-5,86,33
1742099451.973133,-37,28,-16
1742099452.0081332,58,-29,7
1742099452.043133,8,36,-152
1742099452.079133,-3,-11,-106
1742099452.115133,34,24,-128
1742099452.1501331,4,-1,-80
1742099452.1861331,-113,-31,-64
1742099452.221133,44,-1,-6
1742099452.256133,-37,24,-136
1742099452.2911332,22,0,-54
1742099452.3271332,12,-51,-200
1742099452.3631332,-69,6,-10
1742099452.398133,-7,-7,-126
1742099452.434133,62,14,-90
1742099452.4691331,8,-5,-24
1742099452.504133,-25,-37,-14
1742099452.539133,-67,28,-94
1742099452.575133,-49,38,57
1742099452.611133,20,-23,-8
1742099452.6461332,10,-13,-78
1742099452.6821332,92,8,-10
1742099452.717133,24,8,-60
1742099452.7521331,-25,12,-116
1742099452.787133,-7,66,9
1742099452.823133,24,-29,-26
1742099452.859133,60,8,-60
1742099452.894133,-73,-31,7
1742099452.930133,60,6,11
1742099452.9651332,54,-25,-32
1742099453.000133,84,-9,-74
1742099453.0351331,-53,-19,-72
1742099453.0711331,16,10,-10
1742099453.1071332,-15,38,-88
1742099453.142133,-45,18,118
1742099453.178133,0,6,-51
1742099453.213133,-13,-15,-23
1742099453.2481332,-48,4,-145
1742099453.283133,62,-8,-182
1742099453.319133,-30,-18,26
1742099453.355133,88,12,-55
1742099453.3901331,-9,-47,-103
1742099453.4261332,-53,-2,-117
1742099453.461133,146,-11,-63
1742099453.496133,20,46,-123
1742099453.532133,108,12,-17
1742099453.5671332,4,16,-5
1742099453.6031332,34,28,-13
1742099453.638133,8,-61,-41
1742099453.674133,-11,-3,-81
1742099453.7091331,-9,-1,-37
1742099453.744133,4,18,-101
1742099453.780133,62,18,-83
1742099453.815133,22,-13,46
1742099453.851133,42,-1,36
1742099453.8861332,132,34,52
1742099453.922133,-7,-69,-23
1742099453.957133,-75,22,-97
1742099453.9921331,58,-11,-71
1742099454.0281332,28,36,-67
1742099454.063133,50,-33,4
1742099454.099133,4,12,-59
1742099454.134133,32,-1,-61
1742099454.170133,-31,14,-87
1742099454.2051332,82,10,-41
1742099454.240133,-55,72,-67
1742099454.276133,22,-51,-83
1742099454.3111331,-51,0,-121
1742099454.3471332,108,-29,-43
1742099454.382133,44,68,36
1742099454.418133,-25,94,86
1742099454.453133,-33,14,-21
1742099454.4881332,-13,-21,-31
1742099454.524133,-29,34,120
1742099454.559133,42,0,-25
1742099454.595133,-93,-13,2
1742099454.6301332,-39,-3,-23
1742099454.6661332,64,56,20
1742099454.701133,28,-79,32
1742099454.736133,22,30,26
1742099454.772133,-13,22,52
1742099454.8071332,-3,-19,-57
1742099454.843133,28,22,-161
1742099454.878133,6,0,-57
1742099454.914133,72,6,16
1742099454.9491332,8,-3,-23
1742099454.984133,2,18,-35
1742099455.020133,2,58,-165
1742099455.055133,-9,-43,62
1742099455.091133,18,-105,-17
1742099455.126133,12,32,2
1742099455.162133,46,-7,-57
1742099455.197133,18,66,-51
1742099455.2321332,36,30,-111
1742099455.2681332,-11,56,-137
1742099455.303133,-33,-31,-7
1742099455.339133,-37,-45,-207
1742099455.374133,14,88,-125
1742099455.4101331,58,-11,-167
1742099455.445133,-15,-11,-59
1742099455.480133,-5,-17,-123
1742099455.516133,62,38,58
1742099455.5511332,-25,-47,-61
1742099455.5871332,0,-39,-89
1742099455.622133,58,18,-23
1742099455.658133,-9,-7,-221
1742099455.693133,118,-29,-65
1742099455.7281332,8,-41,44
1742099455.764133,-5,-67,-17
1742099455.799133,-21,50,-57
1742099455.835133,46,2,-59
1742099455.8701332,-25,-37,-23
1742099455.9061332,-31,-37,-79
1742099455.9421332,118,24,66
1742099455.977133,38,-7,-95
1742099456.0121331,-5,12,-97
1742099456.0481331,-51,34,12
1742099456.0841331,-5,22,6
1742099456.119133,54,26,-99
1742099456.155133,12,0,-113
1742099456.190133,2,-35,6
1742099456.2251332,54,-55,-159
1742099456.260133,52,-47,-29
1742099456.296133,10,34,-103
1742099456.332133,-19,-45,-27
1742099456.3671331,30,-57,-19
1742099456.4031332,72,-33,8
1742099456.438133,2,8,-133
1742099456.473133,92,-13,-1
1742099456.5081332,-97,-69,-129
1742099456.5441332,32,0,-43
1742099456.5801332,14,-19,-35
1742099456.622133,0,30,62
1742099456.6591332,10,-35,-177
1742099456.694133,8,14,24
1742099456.7291331,8,-7,-41
1742099456.764133,40,20,10
1742099456.800133,-7,-9,-111
1742099456.836133,50,72,-78
1742099456.871133,-31,-15,-102
1742099456.907133,-27,-15,11
1742099456.9421332,-39,10,-21
1742099456.977133,108,-5,6
1742099457.0121331,-51,10,-169
1742099457.0481331,80,-19,-53
1742099457.0841331,-81,-35,-93
1742099457.119133,40,-35,-133
1742099457.155133,-35,-3,-207
1742099457.190133,74,-15,-49
1742099457.2251332,48,-15,-65
1742099457.260133,-59,0,-25
1742099457.296133,6,-61,26
1742099457.332133,110,58,-117
1742099457.3671331,36,24,-11
1742099457.4031332,62,-9,66
1742099457.438133,-21,34,-15
1742099457.473133,-23,-53,-3
1742099457.5081332,-69,-17,-102
1742099457.5441332,20,-25,-102
1742099457.5801332,30,-66,-42
1742099457.615133,-25,2,-94
1742099457.651133,58,52,-32
1742099457.6861331,42,8,15
1742099457.721133,-5,14,-114
1742099457.756133,-117,-29,-117
1742099457.792133,-53,-25,-115
1742099457.828133,-45,-55,-139
1742099457.8631332,-11,44,-45
1742099457.899133,-39,30,-108
1742099457.934133,-23,22,-96
1742099457.9691331,-25,40,-56
1742099458.004133,-19,68,-66
1742099458.040133,-35,24,-80
1742099458.076133,-7,54,5
1742099458.111133,-31,-3,11
1742099458.147133,130,2,-148
1742099458.1821332,8,-11,-38
1742099458.217133,-13,40,11
1742099458.2521331,72,-15,-96
1742099458.2881331,34,16,-42
1742099458.3241332,82,40,-76
1742099458.359133,46,-85,-46
1742099458.395133,-5,-27,47
1742099458.430133,42,-35,-106
1742099458.4651332,-35,-11,-124
1742099458.500133,52,-39,-70
1742099458.536133,-11,10,-74
1742099458.572133,-69,36,-26
1742099458.6071332,42,-17,3
1742099458.6431332,24,-49,-176
1742099458.678133,44,-51,-42
1742099458.713133,-5,-21,-160
1742099458.7481332,-37,28,-160
1742099458.7841332,68,54,19
1742099458.820133,64,6,-48
1742099458.855133,-77,26,-114
1742099458.891133,-15,-29,45
1742099458.9261332,18,71,-4
1742099458.961133,-57,-14,-126
1742099458.996133,12,15,23
1742099459.032133,-3,23,-126
1742099459.068133,50,57,-86
1742099459.1031332,30,-2,-132
1742099459.139133,-45,69,-34
1742099459.174133,-21,35,-38
1742099459.2091331,-85,-28,-114
1742099459.244133,18,19,-70
1742099459.280133,-21,-78,3
1742099459.316133,32,-18,-60
1742099459.351133,-33,13,-68
1742099459.3871331,44,-8,45
1742099459.422133,-13,14,-6
1742099459.457133,-7,-51,51
1742099459.4921331,-53,-19,-148
1742099459.5281332,12,77,-58
1742099459.5641332,-7,-32,-10
1742099459.599133,-35,83,-112
1742099459.635133,-9,3,-68
1742099459.670133,14,33,-70
1742099459.7051332,-65,-123,-24
1742099459.740133,-81,-59,31
1742099459.776133,-19,2,61
1742099459.812133,18,-19,33
1742099459.8471332,8,75,-76
1742099459.8831332,14,-84,-74
1742099459.918133,-7,48,-18
1742099459.953133,-41,39,-28
1742099459.9881332,22,-89,-86
1742099460.024133,26,36,39
1742099460.060133,18,50,61
1742099460.095133,104,-9,-44
1742099460.131133,74,30,-112
1742099460.1661332,24,-35,-156
1742099460.201133,12,-21,-30
1742099460.237133,22,84,-24
1742099460.272133,20,-11,-60
1742099460.3081331,-3,59,-102
1742099460.343133,24,-26,-6
1742099460.379133,-15,33,59
1742099460.414133,10,29,-132
1742099460.4491332,-3,33,-62
1742099460.4851332,12,65,-48
1742099460.520133,24,17,-116
1742099460.556133,20,38,-27
1742099460.591133,-25,-27,-87
1742099460.6271331,46,94,-138
1742099460.662133,10,54,-71
1742099460.697133,-21,-3,-63
1742099460.733133,-55,8,36
1742099460.7681332,-63,-7,-21
1742099460.8041332,60,-29,22
1742099460.839133,34,-83,-105
1742099460.875133,-53,-11,-29
1742099460.9101331,32,-39,-209
1742099460.945133,-63,-113,32
1742099460.981133,46,32,-47
1742099461.016133,80,-65,-65
1742099461.052133,-13,54,-59
1742099461.0871332,66,-27,-83
1742099461.1231332,-23,46,-49
1742099461.158133,-3,-67,-223
1742099461.193133,20,-57,-79
1742099461.2291331,4,14,-29
1742099461.264133,98,-43,-89
1742099461.300133,-39,22,-87
1742099461.335133,-5,64,-109
1742099461.371133,6,-41,-31
1742099461.4061332,-17,18,-53
1742099461.441133,-79,34,-265
1742099461.477133,30,-19,-5
1742099461.5121331,20,4,-51
1742099461.5481331,26,-67,-43
1742099461.583133,-39,-15,24
1742099461.619133,-9,-23,-121
1742099461.654133,8,32,-95
1742099461.6891332,-57,-45,30
1742099461.7251332,-63,6,12
1742099461.760133,-45,66,-27
1742099461.796133,-1,-5,-33
1742099461.8311331,2,-36,-83
1742099461.8671331,-77,33,-51
1742099461.902133,-5,-2,-113
1742099461.937133,-9,21,-113
1742099461.973133,28,-50,-13
1742099462.0081332,-13,63,64
1742099462.0441332,-9,27,-151
1742099462.079133,24,39,-61
1742099462.115133,-9,27,-95
1742099462.1501331,78,79,18
1742099462.185133,88,9,-21
1742099462.221133,-1,-5,-39
1742099462.256133,10,-30,12
1742099462.292133,102,63,-71
1742099462.3271332,-43,21,24
1742099462.3631332,-35,21,-53
1742099462.399133,54,-58,-141
1742099462.435133,-27,25,-33
1742099462.471133,-23,97,-85
1742099462.506133,-27,-110,-53
1742099462.5411332,2,-14,39
1742099462.5771332,-23,-80,-5
1742099462.6131332,-37,69,-48
1742099462.648133,-49,-64,13
1742099462.684133,-41,-7,0
1742099462.7191331,6,-49,-56
1742099462.754133,22,42,59
1742099462.789133,-13,-25,-8
1742099462.825133,128,32,21
1742099462.861133,32,-39,-94
1742099462.8961332,70,40,-150
1742099462.9321332,-1,0,1
1742099462.967133,16,-3,0
1742099463.0021331,26,52,29
1742099463.037133,-43,-41,-14
1742099463.073133,18,-87,-86
1742099463.109133,-5,6,59
1742099463.144133,-69,-15,-76
1742099463.180133,14,-31,-50
1742099463.2151332,0,-11,-28
1742099463.250133,54,10,-82
1742099463.2851331,108,36,-22
1742099463.3211331,98,-13,-34
1742099463.3571332,-3,-33,-94
1742099463.392133,88,-25,-92
1742099463.428133,-73,-9,83
1742099463.463133,28,18,55
1742099463.4981332,-13,14,45
1742099463.533133,4,-47,-150
1742099463.569133,-37,114,3
1742099463.605133,-35,10,7
1742099463.6401331,-109,32,-120
1742099463.6761332,6,46,-90
1742099463.711133,20,-57,-54
1742099463.746133,8,-39,-6
1742099463.7811332,0,-51,-94
1742099463.8171332,-45,-21,-32
1742099463.8531332,42,86,-90
1742099463.888133,48,-17,-128
1742099463.924133,-1,50,-32
1742099463.9591331,2,-5,21
1742099463.994133,-17,-53,13
1742099464.029133,12,34,-4
1742099464.065133,48,-19,9
1742099464.101133,42,-9,-82
1742099464.1361332,-69,26,51
1742099464.172133,48,32,-112
1742099464.207133,-35,-61,-16
1742099464.2421331,50,6,-50
1742099464.277133,-73,-1,-78
1742099464.313133,32,-41,-20
1742099464.349133,-43,6,-30
1742099464.384133,30,28,-44
1742099464.420133,8,20,-98
1742099464.4551332,-55,8,61
1742099464.490133,-23,0,-76
1742099464.5251331,32,-33,-20
1742099464.5611331,50,42,-120
1742099464.5971332,16,8,-94
1742099464.632133,-83,-3,-84
1742099464.668133,-35,36,-138
1742099464.703133,-17,-97,45
1742099464.7381332,18,22,-118
1742099464.773133,-47,-27,17
1742099464.809133,2,-37,-114
1742099464.845133,-9,-15,-38
1742099464.8801332,18,32,-64
1742099464.9161332,34,-19,-90
1742099464.951133,-107,-3,-124
1742099464.986133,-19,14,-18
1742099465.0211332,112,-3,57
1742099465.0571332,-7,24,-140
1742099465.093133,-11,80,63
1742099465.128133,-57,6,-14
1742099465.164133,-19,32,-96
1742099465.1991332,42,-11,-92
1742099465.234133,-17,-11,-102
1742099465.269133,64,-7,-24
1742099465.305133,78,60,-50
1742099465.341133,-15,-7,-88
1742099465.376133,-58,42,-86
1742099465.412133,32,-7,21
1742099465.447133,34,18,-22
1742099465.4821332,-101,32,-166
1742099465.517133,29,54,15
1742099465.553133,62,54,-20
1742099465.589133,11,0,-94
1742099465.624133,125,26,-86
1742099465.6601331,29,0,-64
1742099465.695133,1,-39,-36
1742099465.730133,-105,22,-94
1742099465.7651331,-7,18,-54
1742099465.8011332,-20,0,-24
1742099465.8371332,28,4,-30
1742099465.872133,20,0,-138
1742099465.908133,90,50,-68
1742099465.943133,-39,42,-64
1742099465.9781332,-24,-9,49
1742099466.013133,31,18,-10
1742099466.049133,-69,-3,-28
1742099466.085133,102,-9,-132
1742099466.1201332,-27,18,-50
1742099466.1561332,-43,26,-116
1742099466.191133,-19,-83,-82
1742099466.226133,-85,-99,-64
1742099466.2611332,-35,12,71
1742099466.297133,10,24,-52
1742099466.333133,36,36,-46
1742099466.368133,46,-43,19
1742099466.404133,72,62,-22
1742099466.4391332,-85,34,-110
1742099466.474133,-9,8,-136
1742099466.509133,44,-43,-80
1742099466.545133,10,-7,35
1742099466.5811331,12,-27,45
1742099466.6231332,-35,10,-206
1742099466.6601331,-49,-59,-86
1742099466.695133,-31,46,-102
1742099466.730133,-53,-29,-86
1742099466.766133,-15,6,-20
1742099466.8011332,76,12,-154
1742099466.8371332,-31,40,-16
1742099466.872133,72,-43,-50
1742099466.908133,6,-75,83
1742099466.943133,-47,50,-96
1742099466.9781332,-25,-41,-122
1742099467.014133,6,-97,-60
1742099467.049133,-13,14,61
1742099467.085133,-19,-5,-36
1742099467.1201332,12,-45,-52
1742099467.1561332,46,4,3
1742099467.191133,108,-33,-44
1742099467.226133,-1,-1,-38
1742099467.2621331,28,40,149
1742099467.297133,6,-121,-166
1742099467.333133,78,52,19
1742099467.368133,68,-17,-134
1742099467.404133,-39,-5,-38
1742099467.4391332,12,-15,-36
1742099467.474133,-99,0,-62
1742099467.510133,46,10,-80
1742099467.545133,54,18,-108
1742099467.5811331,46,16,-128
1742099467.616133,60,24,-32
1742099467.652133,10,6,-42
1742099467.687133,-41,16,35
1742099467.7221332,73,56,-134
1742099467.7581332,-35,-1,-76
1742099467.793133,-27,14,-22
1742099467.829133,-63,74,-80
1742099467.8641331,48,14,-70
1742099467.9001331,38,-3,13
1742099467.935133,-35,-47,-36
1742099467.970133,52,26,21
1742099468.006133,-11,-45,-62
1742099468.0411332,38,-3,9
1742099468.0771332,24,14,-2
1742099468.112133,38,-15,-118
1742099468.148133,-29,-61,-2
1742099468.1831331,-9,66,-72
1742099468.218133,18,-27,-68
1742099468.254133,80,28,31
1742099468.289133,-15,-5,31
1742099468.325133,40,54,7
1742099468.3601332,6,-47,-52
1742099468.3961332,-3,16,-92
1742099468.431133,22,-29,-66
1742099468.466133,-33,44,29
1742099468.5021331,48,72,-94
1742099468.537133,-131,-3,-4
1742099468.573133,0,-19,29
1742099468.608133,12,64,-66
1742099468.644133,-9,76,-20
1742099468.6791332,40,-17,-53
1742099468.714133,-61,8,-152
1742099468.750133,-33,34,-90
1742099468.7851331,16,-25,-91
1742099468.8211331,4,18,-73
1742099468.856133,0,48,9
1742099468.892133,-1,-27,-69
1742099468.928133,52,-25,-65
1742099468.964133,16,-75,-14
1742099469.000133,-7,4,-206
1742099469.0351331,134,40,0
1742099469.070133,-49,20,9
1742099469.106133,-33,-75,-118
1742099469.142133,-13,-27,57
1742099469.177133,-73,-3,-48
1742099469.213133,-9,30,-64
1742099469.2481332,-23,20,-30
1742099469.283133,44,-65,-10
1742099469.318133,52,-45,-46
1742099469.3541331,-25,16,-16
1742099469.3901331,-3,-53,-122
1742099469.425133,-15,-55,-58
1742099469.461133,18,16,1
1742099469.496133,80,74,-124
1742099469.5311332,30,20,-128
1742099469.566133,52,-21,-108
1742099469.602133,-65,-43,-174
1742099469.638133,2,-41,-64
1742099469.6731331,90,-25,-34
1742099469.7091331,-55,6,-56
1742099469.744133,46,22,-94
1742099469.779133,-29,-11,37
1742099469.8141332,58,-23,25
1742099469.8501332,52,32,-2
1742099469.8861332,-43,-63,-94
1742099469.921133,-37,-1,-90
1742099469.957133,-31,44,51
1742099469.9921331,-27,48,-30
1742099470.027133,-17,-31,-166
1742099470.062133,40,38,-44
1742099470.098133,-37,-51,-19
1742099470.134133,26,32,-19
1742099470.1691332,88,4,-75
1742099470.2051332,54,-27,-33
1742099470.240133,44,20,-95
1742099470.2751331,18,46,10
1742099470.310133,28,24,-157
1742099470.346133,8,-7,-129
1742099470.382133,80,10,-23
1742099470.417133,46,-15,58
1742099470.453133,-85,-63,-241
1742099470.4881332,-61,-15,-11
1742099470.523133,-61,-7,6
1742099470.5581331,-7,-43,-49
1742099470.5941331,-41,-43,-29
1742099470.6301332,-11,42,-97
1742099470.665133,-11,-29,-31
1742099470.701133,-85,44,-95
1742099470.736133,34,20,-19
1742099470.7711332,-99,46,-51
1742099470.806133,-21,-21,16
1742099470.842133,76,-17,-11
1742099470.878133,38,-75,-53
1742099470.9131331,86,26,-67
1742099470.9491332,-19,-35,-45
1742099470.984133,-37,-17,-21
1742099471.019133,78,-43,-113
1742099471.0541332,-5,-37,34
1742099471.0901332,-69,18,40
1742099471.126133,-45,-29,18
1742099471.161133,-65,42,-3
1742099471.197133,-23,-27,-79
1742099471.2321332,-89,-31,80
1742099471.267133,35,24,-263
1742099471.302133,28,76,26
1742099471.338133,-20,-3,-163
1742099471.374133,19,-35,-133
1742099471.4091332,25,-99,-39
1742099471.445133,79,-33,-117
1742099471.480133,1,80,30
1742099471.5151331,9,14,-49
1742099471.550133,-18,-7,-79
1742099471.586133,31,6,6
1742099471.622133,1,28,12
1742099471.657133,29,10,-45
1742099471.693133,96,-23,4
1742099471.7281332,-51,-67,20
1742099471.763133,-20,54,-133
1742099471.7981331,5,20,-139
1742099471.8341331,-67,-4,42
1742099471.8701332,112,12,-99
1742099471.905133,30,18,16
1742099471.941133,6,-1,-103
1742099471.976133,-120,4,10
1742099472.0111332,25,6,-107
1742099472.046133,73,8,-61
1742099472.082133,29,16,-75
1742099472.118133,-32,42,-31
1742099472.1531332,-22,28,-95
1742099472.1891332,-64,-35,-89
1742099472.224133,-2,38,-63
1742099472.259133,53,-67,-161
1742099472.2941332,59,2,-51
1742099472.3301332,25,-27,40
1742099472.366133,-14,-11,8
1742099472.401133,9,-21,-71
1742099472.437133,5,-23,-85
1742099472.4721332,65,-11,-101
1742099472.507133,51,46,-11
1742099472.542133,5,76,-3
1742099472.578133,13,-29,14
1742099472.6141331,-56,-39,-35
1742099472.649133,-42,-89,62
1742099472.685133,31,-53,-163
1742099472.720133,-8,32,-84
1742099472.7551332,29,38,12
1742099472.790133,-28,62,-84
1742099472.826133,21,2,-80
1742099472.862133,7,-35,-72
1742099472.897133,-46,124,3
1742099472.9331331,65,-61,-10
1742099472.968133,43,-15,-94
1742099473.003133,37,34,-82
1742099473.0381331,-10,32,-220
1742099473.0741332,-44,-25,-56
1742099473.1101332,3,34,-106
1742099473.145133,21,-7,33
1742099473.181133,7,62,5
1742099473.216133,-34,-7,-16
1742099473.251133,-106,18,-96
1742099473.287133,19,28,-20
1742099473.322133,-26,55,-142
1742099473.358133,39,4,-44
1742099473.3931332,-6,0,-4
1742099473.4291332,-2,-11,-8
1742099473.464133,-40,32,5
1742099473.499133,63,8,27
1742099473.5351331,15,-59,35
1742099473.570133,1,-29,-66
1742099473.606133,-24,62,7
1742099473.641133,-37,24,-8
1742099473.677133,18,26,-90
1742099473.7121332,66,104,-160
1742099473.747133,56,6,-16
1742099473.783133,-41,-69,103
1742099473.818133,-1,-17,-68
1742099473.8541331,30,20,-14
1742099473.889133,20,-65,-64
1742099473.925133,5,8,19
1742099473.960133,57,-17,-22
1742099473.9951332,-22,0,-38
1742099474.0311332,-14,-95,-124
1742099474.066133,-12,-17,107
1742099474.102133,9,-61,19
1742099474.1371331,-124,14,-66
1742099474.1731331,45,-51,-176
1742099474.208133,-2,22,-108
1742099474.243133,-20,0,-90
1742099474.279133,-16,4,-24
1742099474.3141332,13,-83,-250
1742099474.3501332,-10,92,-76
1742099474.385133,-24,32,-40
1742099474.421133,13,-65,-156
1742099474.4561331,11,14,33
1742099474.491133,21,4,-30
1742099474.527133,33,4,-90
1742099474.562133,7,-79,-234
1742099474.598133,-50,34,-56
1742099474.6331332,5,48,-72
1742099474.6691332,3,4,-40
1742099474.704133,-28,-37,33
1742099474.7391331,9,42,23
1742099474.7751331,-16,30,-92
1742099474.810133,57,70,-100
1742099474.846133,-16,16,-18
1742099474.881133,55,16,-44
1742099474.917133,45,-43,-132
1742099474.9521332,55,-7,-44
1742099474.987133,49,22,37
1742099475.023133,107,38,5
1742099475.0581331,-42,-41,-70
1742099475.0941331,27,100,-58
1742099475.129133,-4,-21,-20
1742099475.164133,-40,48,5
1742099475.1991332,15,50,-11
1742099475.2351332,-58,52,-93
1742099475.2711332,15,26,-63
1742099475.306133,57,28,-45
1742099475.342133,39,22,98
1742099475.3771331,-6,-11,-107
1742099475.4131331,0,20,-61
1742099475.4491332,19,22,-69
1742099475.4851332,-28,20,-105
1742099475.5211332,-22,2,-69
1742099475.556133,29,26,104
1742099475.591133,-22,28,10
1742099475.6271331,33,72,-153
1742099475.6631331,27,-19,-61
1742099475.698133,-14,20,20
1742099475.734133,-22,72,-93
1742099475.769133,29,98,6
1742099475.8041332,39,34,-27
1742099475.839133,-76,58,-41
1742099475.875133,-6,50,-91
1742099475.911133,-48,-21,-25
1742099475.9461331,-16,-33,-65
1742099475.9821332,33,12,16
1742099476.017133,-6,88,-181
1742099476.052133,19,-27,-17
1742099476.0871332,25,4,-5
1742099476.1231332,15,16,-67
1742099476.1591332,-36,22,-93
1742099476.194133,7,-53,17
1742099476.230133,-46,-53,-19
1742099476.2651331,37,-13,-133
1742099476.300133,33,102,-83
1742099476.335133,43,8,-53
1742099476.371133,1,6,-31
1742099476.407133,3,90,-43
1742099476.4421332,-62,76,-31
1742099476.4781332,34,-59,4
1742099476.513133,2,44,-115
1742099476.5481331,0,-17,28
1742099476.583133,38,-15,52
1742099476.626133,3,42,20
1742099476.6631331,34,22,-51
1742099476.698133,36,8,-73
1742099476.734133,34,-69,-5
1742099476.769133,-35,-39,-47
1742099476.8041332,-23,0,-127
1742099476.839133,28,-71,-129
1742099476.875133,-21,-51,-53
1742099476.911133,60,0,-111
1742099476.9461331,42,28,-69
1742099476.9821332,82,16,-19
1742099477.017133,14,56,54
1742099477.052133,-31,54,-33
1742099477.0871332,-147,-19,-61
1742099477.1231332,2,116,-61
1742099477.1591332,-33,-45,-81
1742099477.194133,68,-43,2
1742099477.230133,-33,16,-171
1742099477.2651331,-1,42,-85
1742099477.300133,-15,-89,126
1742099477.335133,56,-59,24
1742099477.371133,-3,-29,22
1742099477.407133,2,2,-63
1742099477.4421332,34,-71,-55
1742099477.4781332,34,-29,-73
1742099477.513133,-39,8,-33
1742099477.5481331,8,-13,-47
1742099477.583133,66,-27,-107
1742099477.619133,56,52,-227
1742099477.655133,-17,44,-17
1742099477.690133,-21,-47,-87
1742099477.726133,8,-11,-55
1742099477.7611332,4,28,-57
1742099477.796133,-45,10,-117
1742099477.8311331,14,0,-237
1742099477.8671331,-15,-29,-11
1742099477.9031332,-37,-51,-53
1742099477.938133,14,-81,44
1742099477.974133,-7,-93,-109
1742099478.009133,16,120,22
1742099478.0441332,22,-3,44
1742099478.079133,4,-23,0
1742099478.115133,-3,126,16
1742099478.151133,12,-29,34
1742099478.1861331,6,22,-73
1742099478.2221332,48,14,-119
1742099478.257133,-55,-55,-93
1742099478.292133,28,-1,-109
1742099478.3271332,8,40,-1
1742099478.3631332,-21,4,-55
1742099478.399133,-53,60,-23
1742099478.434133,-11,-7,-129
1742099478.470133,14,-55,-29
1742099478.5051332,-13,-25,22
1742099478.540133,-47,-41,-93
1742099478.575133,10,21,-77
1742099478.611133,-21,1,-81
1742099478.647133,0,89,-87
1742099478.6821332,10,3,44
1742099478.718133,38,-62,-15
1742099478.753133,46,33,-51
1742099478.7881331,-115,35,-123
1742099478.823133,-9,9,-91
1742099478.859133,-7,-59,12
1742099478.895133,52,-1,-71
1742099478.930133,18,-68,-85
1742099478.966133,-63,73,-73
1742099479.001133,-49,-46,-145
1742099479.036133,26,127,-109
1742099479.072133,8,-2,-71
1742099479.1071332,20,-100,-55
1742099479.1431332,-51,-46,-23
1742099479.178133,-39,-36,-133
1742099479.214133,-101,43,24
1742099479.249133,10,51,-37
1742099479.2841332,66,47,-79
1742099479.319133,0,41,14
1742099479.355133,-9,-42,10
1742099479.391133,-5,-14,-7
1742099479.4261332,48,-72,68
1742099479.4621332,-25,15,2
1742099479.497133,24,-18,-7
1742099479.532133,-75,-10,-61
1742099479.5671332,40,21,-107
1742099479.6031332,-41,31,72
1742099479.639133,30,87,-159
1742099479.674133,-5,35,36
1742099479.710133,-53,0,-25
1742099479.7451332,-49,11,-89
1742099479.780133,-17,-18,-31
1742099479.816133,48,-70,-77
1742099479.851133,-27,0,-111
1742099479.8871331,-13,57,-111
1742099479.922133,12,-6,-37
1742099479.958133,-9,-12,0
1742099479.993133,-25,-62,-55
1742099480.0281332,-39,-6,14
1742099480.0641332,-33,0,-107
1742099480.099133,14,17,-141
1742099480.135133,34,17,56
1742099480.170133,52,11,-107
1742099480.2061331,10,-22,-130
1742099480.241133,-75,-62,11
1742099480.276133,-55,-50,37
1742099480.312133,-27,59,-114
1742099480.3471332,18,-4,-20
1742099480.3831332,30,-48,-10
1742099480.418133,-26,-46,-104
1742099480.454133,29,-18,69
1742099480.4891331,23,-8,35
1742099480.524133,51,-12,69
1742099480.560133,-14,11,-98
1742099480.595133,44,-47,-24
1742099480.631133,-51,72,-54
1742099480.6661332,72,-28,-12
1742099480.7021332,-33,-2,-92
1742099480.737133,-25,-39,-44
1742099480.772133,2,8,-78
1742099480.8081331,36,44,-50
1742099480.843133,6,-43,-38
1742099480.879133,38,-39,-10
1742099480.914133,46,100,-72
1742099480.950133,-7,6,-10
1742099480.9851332,-35,-49,-26
1742099481.020133,-73,-41,-54
1742099481.056133,-43,-7,-50
1742099481.091133,40,-32,27
1742099481.1271331,44,0,-166
1742099481.162133,-29,24,-22
1742099481.198133,0,28,75
1742099481.233133,-49,52,31
1742099481.2681332,-71,-37,-108
1742099481.3041332,-33,0,-70
1742099481.339133,-63,-39,47
1742099481.375133,30,-13,-72
1742099481.4101331,42,48,-72
1742099481.4461331,-7,-46,-30
1742099481.481133,-37,-68,-4
1742099481.5181332,-73,62,-136
1742099481.553133,76,92,-30
1742099481.588133,-29,-53,-120
1742099481.624133,8,-43,-6
1742099481.6591332,14,30,-8
1742099481.695133,58,18,1
1742099481.730133,50,-61,-10
1742099481.766133,-81,9,-54
1742099481.8011332,-69,-8,-146
1742099481.836133,6,-38,-80
1742099481.872133,64,-56,-8
1742099481.907133,24,-12,-76
1742099481.943133,38,-48,25
1742099481.9781332,-35,56,-96
1742099482.014133,18,41,-76
1742099482.050133,-19,17,-120
1742099482.085133,-1,57,-188
1742099482.1201332,-3,-35,-106
1742099482.1561332,-31,-5,-70
1742099482.1921332,-3,4,117
1742099482.227133,32,22,21
1742099482.263133,60,-3,11
1742099482.2981331,6,32,-62
1742099482.333133,50,66,-30
1742099482.368133,-73,58,-44
1742099482.404133,48,8,-36
1742099482.440133,-13,-23,-84
1742099482.4751332,-55,56,37
1742099482.5111332,30,-33,-52
1742099482.546133,-8,14,0
1742099482.5811331,-10,-31,-52
1742099482.616133,67,-47,7
1742099482.652133,-54,-73,15
1742099482.688133,7,-49,65
1742099482.723133,5,22,-96
1742099482.759133,1,-71,-64
1742099482.7941332,-20,38,37
1742099482.829133,-37,6,-2
1742099482.8641331,19,-5,-36
1742099482.9001331,-27,42,0
1742099482.9361331,32,60,-46
1742099482.971133,45,-33,27
1742099483.007133,-28,-63,-58
1742099483.042133,-49,-43,-28
1742099483.0771332,22,-31,27
1742099483.112133,-31,-25,49
1742099483.148133,132,24,67
1742099483.184133,72,20,-28
1742099483.2191331,-35,60,-32
1742099483.2551332,38,32,-26
1742099483.290133,-11,-25,-4
1742099483.325133,-69,-79,-80
1742099483.3601332,42,-55,-38
1742099483.3961332,48,-51,-28
1742099483.4321332,-51,4,-8
1742099483.467133,-1,60,-12
1742099483.503133,8,-23,-34
1742099483.5381331,-11,2,-36
1742099483.573133,42,78,-46
1742099483.608133,38,74,-69
1742099483.644133,-27,-17,-57
1742099483.680133,2,-29,26
1742099483.7151332,32,-1,-41
1742099483.751133,26,-59,-69
1742099483.786133,-19,-19,14
1742099483.8211331,-55,52,-33
1742099483.856133,-93,0,54
1742099483.892133,-43,-45,-131
1742099483.928133,24,18,-93
1742099483.963133,32,4,8
1742099483.999133,48,38,-15
1742099484.0341332,-21,-21,-137
1742099484.069133,-25,22,-117
1742099484.1041331,42,-15,-32
1742099484.1401331,2,-51,27
1742099484.1761332,-47,-13,-81
1742099484.211133,-7,56,-131
1742099484.247133,20,34,106
1742099484.282133,-5,-101,-23
1742099484.3171332,-79,-11,-83
1742099484.352133,16,-35,-87
1742099484.388133,2,42,-121
1742099484.424133,18,-121,-39
1742099484.4591331,-31,50,-21
1742099484.4951332,-5,14,-11
1742099484.530133,24,-21,-15
1742099484.565133,20,10,54
1742099484.6001332,98,12,-162
1742099484.6361332,40,22,-110
1742099484.672133,-9,-59,-26
1742099484.707133,-5,-9,-111
1742099484.743133,-13,-45,-55
1742099484.7781332,-1,-9,-105
1742099484.813133,-99,-43,-38
1742099484.848133,58,-33,-18
1742099484.884133,-59,-9,91
1742099484.920133,46,-9,-136
1742099484.9551332,16,4,23
1742099484.991133,-21,52,1
1742099485.026133,40,-37,45
1742099485.0611331,-67,88,-118
1742099485.096133,10,-81,-18
1742099485.132133,-43,-17,27
1742099485.168133,-59,56,33
1742099485.203133,-41,-19,18
1742099485.2391331,-63,-41,-127
1742099485.274133,-27,-9,-71
1742099485.309133,-1,36,22
1742099485.3441331,6,16,-137
1742099485.3801332,38,16,-121
1742099485.4161332,-89,30,-35
1742099485.451133,-49,-15,-61
1742099485.487133,-13,-29,-105
1742099485.522133,-7,-33,34
1742099485.5571332,-55,-3,-103
1742099485.592133,12,-5,-57
1742099485.628133,0,-29,48
1742099485.664133,20,72,16
1742099485.6991332,52,-5,-49
1742099485.7351332,-5,-21,-95
1742099485.770133,-27,-19,-91
1742099485.805133,24,10,-5
1742099485.8401332,-47,-45,-133
1742099485.876133,-31,-31,66
1742099485.912133,-5,26,-71
1742099485.947133,44,-9,16
1742099485.983133,2,14,70
1742099486.0181332,76,-41,88
1742099486.053133,-59,60,-13
1742099486.088133,-71,-13,-145
1742099486.124133,20,-51,-39
1742099486.1601331,10,-3,-119
1742099486.195133,16,-23,-13
1742099486.231133,-5,6,-91
1742099486.266133,66,26,-33
1742099486.3011332,4,-53,-23
1742099486.336133,-13,-37,0
1742099486.372133,-5,62,-127
1742099486.408133,48,44,-65
1742099486.443133,42,-43,-47
1742099486.4791331,52,48,-89
1742099486.514133,44,-13,-143
1742099486.549133,94,34,-105
1742099486.585133,18,14,-41
1742099486.6271331,-11,36,38
1742099486.664133,68,28,90
1742099486.6991332,-17,64,-35
1742099486.7351332,14,36,-71
1742099486.770133,58,-5,-191
1742099486.805133,-41,-49,-91
1742099486.841133,-49,-63,-83
1742099486.876133,90,-41,-1
1742099486.912133,-27,-9,-35
1742099486.947133,14,82,-1
1742099486.983133,66,-27,-59
1742099487.0181332,-21,-25,-83
1742099487.053133,22,-5,-79
1742099487.089133,-13,-45,-93
1742099487.124133,-21,-55,150
1742099487.1601331,-63,-29,-153
1742099487.195133,30,38,-47
1742099487.231133,-61,8,-21
1742099487.266133,46,-21,-165
1742099487.3011332,2,-1,18
1742099487.3371332,-19,-35,0
1742099487.372133,-89,-45,-9
1742099487.408133,-19,96,-45
1742099487.443133,-5,-7,-71
1742099487.4791331,20,-43,-51
1742099487.514133,-31,14,-71
1742099487.549133,28,52,-63
1742099487.585133,-9,54,-93
1742099487.6201332,44,0,-37
1742099487.6561332,-29,26,-47
1742099487.691133,68,10,-83
1742099487.727133,-3,32,-49
1742099487.7621331,-23,26,-41
1742099487.797133,28,-65,-57
1742099487.833133,16,-31,-105
1742099487.868133,10,48,10
1742099487.904133,18,28,-51
1742099487.9391332,18,-11,-89
1742099487.9751332,98,-5,46
1742099488.010133,-7,46,-75
1742099488.045133,38,-23,-21
1742099488.0811331,120,8,102
1742099488.116133,8,-11,-37
1742099488.152133,32,16,20
1742099488.187133,-47,-1,-89
1742099488.223133,50,56,22
1742099488.2581332,-47,36,-39
1742099488.293133,18,4,-35
1742099488.329133,-69,-11,-181
1742099488.3641331,-61,-3,72
1742099488.4001331,0,-39,-69
1742099488.435133,-55,24,88
1742099488.471133,-21,-27,-67
1742099488.507133,46,-11,-1
1742099488.543133,24,68,-93
1742099488.579133,-11,-23,-7
1742099488.6141331,0,42,-7
1742099488.649133,94,-39,-137
1742099488.685133,-3,8,6
1742099488.721133,-1,-71,-53
1742099488.756133,52,-49,-35
1742099488.792133,0,10,-163
1742099488.8271332,-21,30,-87
1742099488.862133,12,34,-49
1742099488.897133,8,-45,-115
1742099488.9331331,44,6,50
1742099488.9691331,18,32,74
1742099489.004133,58,-51,-117
1742099489.040133,-5,-53,64
1742099489.075133,20,8,-7
1742099489.1101332,-85,-13,-7
1742099489.145133,44,26,-61
1742099489.181133,-39,14,-63
1742099489.217133,68,-47,-85
1742099489.2521331,12,-45,-9
1742099489.2881331,-15,-29,-39
1742099489.323133,-13,6,-181
1742099489.358133,54,22,-111
1742099489.3931332,44,56,-77
1742099489.4291332,-1,20,-87
1742099489.4651332,62,-37,-37
1742099489.500133,-45,-29,-39
1742099489.536133,22,-23,-19
1742099489.5711331,38,62,70
1742099489.606133,16,-97,12
1742099489.641133,6,24,-135
1742099489.677133,60,-33,-141
1742099489.713133,106,-37,-83
1742099489.7481332,116,-123,-101
1742099489.7841332,14,-7,-15
1742099489.819133,-37,46,-129
1742099489.8541331,-55,-17,-51
1742099489.889133,28,24,-50
1742099489.925133,6,20,-72
1742099489.961133,-67,10,-48
1742099489.996133,-63,16,-36
1742099490.032133,4,-21,29
1742099490.0671332,8,-9,3
1742099490.102133,-5,24,-26
1742099490.1371331,78,-17,13
1742099490.1731331,104,-97,-30
1742099490.2091331,14,-15,31
1742099490.244133,-25,38,-92
1742099490.280133,22,-1,-92
1742099490.315133,-15,64,-50
1742099490.3501332,58,104,-60
1742099490.385133,-41,12,39
1742099490.421133,12,0,-90
1742099490.457133,66,10,-88
1742099490.4921331,6,-7,-14
1742099490.5281332,12,-5,129
1742099490.563133,-33,-47,-20
1742099490.598133,86,10,-160
1742099490.6331332,24,-45,-34
1742099490.6691332,36,20,43
1742099490.7051332,-1,2,-88
1742099490.740133,10,30,59
1742099490.776133,20,-39,9
1742099490.8111331,6,24,-106
1742099490.846133,76,10,23
1742099490.881133,-27,-13,-132
1742099490.917133,44,-39,93
1742099490.953133,-79,0,-86
1742099490.9881332,-57,-25,0
1742099491.024133,-5,-15,-80
1742099491.059133,-119,-33,-76
1742099491.0941331,2,2,-108
1742099491.129133,94,-45,-130
1742099491.165133,14,54,-142
1742099491.201133,-25,18,-32
1742099491.236133,64,-19,-52
1742099491.272133,-21,6,51
1742099491.3071332,8,-21,27
1742099491.342133,-1,16,-158
1742099491.3771331,-15,-41,-48
1742099491.4131331,8,-49,61
1742099491.4491332,8,62,-14
1742099491.484133,-85,8,-76
1742099491.520133,-21,12,43
1742099491.555133,-121,-3,47
1742099491.5901332,-103,2,-96
1742099491.625133,70,36,-104
1742099491.661133,24,-25,-170
1742099491.697133,-69,2,59
1742099491.7321332,22,-57,-24
1742099491.7681332,-71,34,-108
1742099491.803133,-15,-13,45
1742099491.838133,44,28,37
1742099491.8731332,-95,-19,-72
1742099491.9091332,18,-13,-10
1742099491.945133,38,-21,-52
1742099491.980133,42,12,-8
1742099492.016133,-37,76,23
1742099492.0511332,8,70,11
1742099492.086133,0,34,-130
1742099492.121133,36,14,-161
1742099492.157133,6,-7,-1
1742099492.193133,-27,8,-81
1742099492.2281332,-39,-17,-95
1742099492.264133,-19,-37,-113
1742099492.299133,38,32,0
1742099492.3341331,50,26,-21
1742099492.369133,-5,-65,-79
1742099492.405133,-17,36,-83
1742099492.441133,-65,72,-59
1742099492.476133,4,66,14
1742099492.5121331,6,14,-43
1742099492.547133,28,-13,-27
1742099492.582133,-3,22,-17
1742099492.6171331,-3,6,-35
1742099492.6531332,8,-37,-33
1742099492.6891332,14,-9,-23
1742099492.724133,-101,6,-97
1742099492.760133,-37,-59,-39
1742099492.795133,46,-31,38
1742099492.8301332,36,-49,-27
1742099492.866133,-1,60,10
1742099492.901133,-1,-13,-89
1742099492.937133,-39,16,-49
1742099492.9721332,34,14,-39
1742099493.0081332,48,-25,12
1742099493.043133,-39,-5,-133
1742099493.078133,-5,6,-89
1742099493.1141331,-79,-21,-121
1742099493.149133,20,-89,-11
1742099493.185133,-7,10,-105
1742099493.220133,20,-1,32
1742099493.256133,-34,72,-125
1742099493.2911332,33,12,-45
1742099493.326133,-28,-13,-13
1742099493.362133,78,42,-49
1742099493.397133,73,42,-101
1742099493.4331331,-4,70,24
1742099493.468133,-40,-11,4
1742099493.504133,1,-141,-89
1742099493.539133,-76,-95,-11
1742099493.5741332,-2,-29,26
1742099493.6101332,-10,24,-25
1742099493.645133,13,24,-123
1742099493.681133,-84,14,-101
1742099493.716133,-10,-77,-141
1742099493.7521331,-47,-9,8
1742099493.787133,50,-65,-67
1742099493.822133,-5,48,-25
1742099493.858133,-21,2,-57
1742099493.8931332,54,16,-35
1742099493.9291332,64,-35,-57
1742099493.964133,68,-27,-41
1742099494.000133,72,-7,-25
1742099494.0351331,-21,-79,62
1742099494.070133,-37,2,-101
1742099494.106133,-11,12,-41
1742099494.141133,70,-1,-21
1742099494.177133,28,2,38
1742099494.2121332,-1,-31,68
1742099494.2481332,-73,40,-69
1742099494.283133,30,14,-23
1742099494.318133,14,30,-25
1742099494.3541331,-7,-55,-91
1742099494.389133,8,14,-101
1742099494.425133,-19,-39,86
1742099494.460133,-13,2,-69
1742099494.496133,28,-11,-111
1742099494.5311332,-11,78,-59
1742099494.566133,44,-33,-21
1742099494.602133,66,-59,-107
1742099494.6371331,116,-75,-81
1742099494.6731331,84,18,-111
1742099494.708133,-73,-53,-169
1742099494.744133,-33,34,76
1742099494.779133,-29,-3,-37
1742099494.8141332,-73,-41,-31
1742099494.8501332,54,56,-3
1742099494.885133,8,-51,-15
1742099494.921133,72,-31,-163
1742099494.9561331,8,38,-37
1742099494.9921331,62,14,-11
1742099495.027133,50,42,-75
1742099495.062133,18,12,-9
1742099495.098133,-37,6,10
1742099495.1331332,16,18,-125
1742099495.1691332,-49,-25,-97
1742099495.204133,-1,-43,-27
1742099495.2391331,-39,-59,-189
1742099495.274133,-37,-31,-15
1742099495.310133,-9,-43,-53
1742099495.346133,-63,62,-7
1742099495.381133,68,4,56
1742099495.417133,56,-31,-69
1742099495.4521332,28,120,-53
1742099495.487133,-39,-3,-15
1742099495.522133,14,20,-141
1742099495.5581331,-3,16,-157
1742099495.5941331,-37,-9,-61
1742099495.629133,-17,-13,-75
1742099495.665133,-29,34,-125
1742099495.700133,0,38,4
1742099495.7351332,42,-95,-23
1742099495.770133,28,54,14
1742099495.806133,-17,42,-53
1742099495.842133,-5,-59,-35
1742099495.8771331,-43,-35,-31
1742099495.9131331,-5,22,58
1742099495.948133,54,-1,60
1742099495.983133,-9,-43,-69
1742099496.0181332,-73,14,-91
1742099496.0541332,-5,26,-41
1742099496.0901332,-43,12,-3
1742099496.125133,6,66,2
1742099496.161133,-51,-47,-112
1742099496.1961331,58,-69,-62
1742099496.231133,-1,-21,71
1742099496.266133,6,-39,-60
1742099496.302133,-63,48,-82
1742099496.338133,32,66,-28
1742099496.3731332,-51,28,-40
1742099496.4091332,-61,-3,-116
1742099496.444133,2,36,13
1742099496.4791331,52,56,85
1742099496.514133,34,-20,-58
1742099496.550133,-73,-68,-54
1742099496.586133,76,-10,-52
1742099496.628133,-25,-48,-98
1742099496.665133,-41,-36,-36
1742099496.700133,56,33,-28
1742099496.7351332,-83,-16,-56
1742099496.770133,-7,41,-40
1742099496.806133,-61,-48,-50
1742099496.842133,-5,-69,-46
1742099496.8771331,38,-19,-4
1742099496.9131331,-45,34,-112
1742099496.948133,2,-33,27
1742099496.983133,18,30,45
1742099497.0181332,-15,-27,1
1742099497.0541332,-5,-27,-98
1742099497.0901332,-73,4,-72
1742099497.125133,50,14,-96
1742099497.161133,-17,-29,-54
1742099497.1961331,-79,-2,-56
1742099497.231133,98,13,-38
1742099497.266133,-35,-114,33
1742099497.302133,54,6,-184
1742099497.338133,-23,-39,-26
1742099497.3731332,-3,-13,27
1742099497.4091332,-89,2,-34
1742099497.444133,-45,-45,-26
1742099497.4791331,14,-30,-30
1742099497.514133,26,95,33
1742099497.550133,4,5,-8
1742099497.586133,-49,11,-12
1742099497.621133,4,19,-180
1742099497.657133,-21,7,-216
1742099497.6921332,40,45,-14
1742099497.727133,-53,33,-78
1742099497.7621331,-15,-22,5
1742099497.7981331,80,27,-50
1742099497.8341331,-15,-36,-44
1742099497.869133,-67,-20,53
1742099497.905133,-27,37,-4
1742099497.940133,-75,3,-84
1742099497.9751332,-31,45,49
1742099498.010133,-84,-40,-72
1742099498.046133,17,79,-6
1742099498.082133,-40,-34,-100
1742099498.1171331,-18,-68,33
1742099498.1531332,-4,-16,-20
1742099498.188133,-36,49,-72
1742099498.223133,57,41,-54
1742099498.2581332,5,29,-128
1742099498.2941332,-40,33,35
1742099498.3301332,5,-54,-50
1742099498.365133,33,59,7
1742099498.401133,109,81,-86
1742099498.4361331,-160,-42,-60
1742099498.471133,73,-8,-78
1742099498.506133,28,-28,77
1742099498.542133,72,83,-58
1742099498.578133,69,-38,-158
1742099498.6131332,-65,15,-52
1742099498.649133,-3,63,-94
1742099498.684133,18,-36,-12
1742099498.7191331,50,-28,51
1742099498.754133,10,0,-42
1742099498.790133,58,-34,-48
1742099498.826133,-17,3,-78
1742099498.861133,-7,15,-64
1742099498.897133,-23,15,-80
1742099498.9321332,58,55,67
1742099498.967133,14,-22,75
1742099499.0021331,64,61,8
1742099499.0381331,-55,1,-41
1742099499.0741332,-91,-46,70
1742099499.109133,-61,7,-103
1742099499.145133,-91,-38,36
1742099499.180133,-21,47,-115
1742099499.2151332,-21,13,-33
1742099499.251133,-13,-24,50
1742099499.286133,-29,71,-63
1742099499.322133,12,-86,-59
1742099499.3571332,-59,-16,-49
1742099499.3931332,-39,67,-67
1742099499.428133,-23,-20,14
1742099499.463133,24,9,-39
1742099499.499133,10,-10,-57
1742099499.5341332,-1,-22,-39
1742099499.570133,-35,0,28
1742099499.605133,-33,29,-137
1742099499.641133,32,65,-99
1742099499.6761332,-95,13,-53
1742099499.711133,-29,13,-81
1742099499.747133,20,-8,-91
1742099499.782133,12,19,10
1742099499.818133,-19,51,-17
1742099499.8531332,30,-62,-61
1742099499.889133,-67,5,-111
1742099499.924133,-5,-42,44
1742099499.9591331,8,55,-71
1742099499.9951332,-59,25,-163
1742099500.030133,-1,-48,-69
1742099500.066133,56,-30,-157
1742099500.101133,36,63,-89
1742099500.1371331,-61,25,-69
1742099500.172133,40,3,-77
1742099500.207133,18,15,-63
1742099500.243133,42,9,24
1742099500.2781332,80,47,-39
1742099500.3141332,-3,-74,-123
1742099500.349133,5,-4,-65
1742099500.385133,1,-14,-83
1742099500.420133,-116,13,-77
1742099500.4551332,16,-56,-45
1742099500.491133,80,13,-37
1742099500.526133,-26,3,-37
1742099500.562133,-28,25,-41
1742099500.5971332,-12,-40,42
1742099500.6331332,46,-2,-73
1742099500.668133,68,1,-89
1742099500.703133,-25,-10,26
1742099500.7391331,-15,-10,-63
1742099500.774133,-6,27,-171
1742099500.810133,-14,19,-55
1742099500.845133,-68,-30,-107
1742099500.881133,-16,-10,8
1742099500.9161332,11,15,-15
1742099500.951133,69,-98,-105
1742099500.987133,31,13,10
1742099501.022133,-36,37,-28
1742099501.0581331,-38,19,-113
1742099501.093133,-60,74,-47
1742099501.129133,-3,-29,-19
1742099501.164133,16,-101,-45
1742099501.1991332,18,-25,-21
1742099501.2351332,6,14,-79
1742099501.270133,-54,-23,26
1742099501.306133,25,-5,-69
1742099501.341133,-64,48,-1
1742099501.3771331,21,-59,2
1742099501.412133,-44,20,-47
1742099501.447133,-14,14,-97
1742099501.483133,-28,-9,100
1742099501.5181332,69,-23,-33
1742099501.5541332,7,-23,-65
1742099501.589133,-38,6,30
1742099501.625133,3,-43,-85
1742099501.661133,-42,46,50
1742099501.697133,-16,-3,-103
1742099501.733133,-60,8,-43
1742099501.7681332,-78,-5,-69
1742099501.803133,-64,48,-127
1742099501.839133,29,10,32
1742099501.875133,-26,44,-11
1742099501.9101331,21,-25,18
1742099501.9461331,15,54,80
1742099501.981133,-28,62,-35
1742099502.016133,-10,32,68
1742099502.0511332,-48,-29,-65
1742099502.0871332,-92,106,-63
1742099502.1231332,-14,-39,94
1742099502.158133,-4,4,-87
1742099502.194133,17,20,2
1742099502.2291331,23,-15,-83
1742099502.264133,-2,36,-101
1742099502.299133,5,76,-79
1742099502.335133,-90,88,-114
1742099502.371133,43,-5,41
1742099502.4061332,-60,-42,-150
1742099502.4421332,-10,-6,-266
1742099502.477133,89,-23,-77
1742099502.5121331,0,-62,-80
1742099502.547133,83,40,-58
1742099502.583133,0,36,-22
1742099502.619133,18,14,-76
1742099502.654133,4,4,25
1742099502.690133,-35,0,-17
1742099502.7251332,34,-29,2
1742099502.760133,-27,20,-57
1742099502.795133,66,2,-31
1742099502.8311331,20,-51,-73
1742099502.8671331,-61,-43,-116
1742099502.902133,-11,16,-96
1742099502.938133,12,-99,-82
1742099502.973133,46,34,-88
1742099503.0081332,14,26,-72
1742099503.043133,30,26,-60
1742099503.079133,-13,-23,-12
1742099503.115133,124,2,-62
1742099503.1501331,72,-5,-80
1742099503.1861331,32,-49,-16
1742099503.221133,-39,26,13
1742099503.256133,-29,-33,-142
1742099503.2911332,36,-63,-48
1742099503.3271332,-25,-13,-52
1742099503.3631332,46,0,-92
1742099503.398133,-21,-26,-110
1742099503.434133,-19,44,-72
1742099503.4691331,42,20,-52
1742099503.504133,38,-37,-26
1742099503.539133,8,-58,-80
1742099503.575133,-29,37,-126
1742099503.611133,32,63,-52
1742099503.6461332,-35,-96,91
1742099503.6821332,2,-10,47
1742099503.717133,-3,30,-178
1742099503.7521331,50,-16,-54
1742099503.787133,-19,26,25
1742099503.823133,8,24,-42
1742099503.859133,32,-79,0
1742099503.894133,36,48,-100
1742099503.930133,-15,-15,-80
1742099503.9651332,24,8,-30
1742099504.000133,32,18,-80
1742099504.0351331,-53,-26,-76
1742099504.0711331,50,21,-74
1742099504.1071332,-13,55,-22
1742099504.142133,104,-12,-56
1742099504.178133,2,25,-10
1742099504.213133,-5,9,23
1742099504.2481332,2,-12,43
1742099504.283133,16,39,-82
1742099504.319133,-23,-59,49
1742099504.355133,-1,-37,-100
1742099504.3901331,-7,33,9
1742099504.4261332,-63,-48,-30
1742099504.461133,-27,22,25
1742099504.496133,-95,13,25
1742099504.5311332,18,-21,-38
1742099504.5671332,6,25,25
1742099504.6031332,8,28,-14
1742099504.638133,-39,-1,35
1742099504.674133,34,58,-34
1742099504.7091331,-1,-4,27
1742099504.744133,-11,-42,3
1742099504.779133,8,-70,-76
1742099504.815133,-35,109,97
1742099504.851133,-65,-10,-62
1742099504.8861332,6,-2,-58
1742099504.922133,64,59,21
1742099504.957133,-39,3,-114
1742099504.9921331,-3,91,-40
1742099505.027133,36,-32,-140
1742099505.063133,-17,36,-22
1742099505.099133,42,26,-32
1742099505.134133,-81,38,-44
1742099505.170133,72,2,-98
1742099505.2051332,-31,-9,-82
1742099505.240133,-37,-21,43
1742099505.2751331,-57,-37,-108
1742099505.3111331,0,-17,75
1742099505.3471332,-75,16,-62
1742099505.382133,-55,-1,11
1742099505.418133,-71,-11,-54
1742099505.453133,64,-69,27
1742099505.4881332,-7,-5,-102
1742099505.523133,-17,-61,33
1742099505.559133,24,-21,83
1742099505.595133,-43,-14,11
1742099505.6301332,31,-68,-76
1742099505.6661332,-81,33,-10
1742099505.701133,-24,-20,-62
1742099505.736133,-34,-10,-60
1742099505.772133,-138,0,-104
1742099505.8071332,61,-41,-68
1742099505.843133,9,-31,-56
1742099505.878133,-50,12,-32
1742099505.914133,-23,48,17
1742099505.9491332,-42,-117,-48
1742099505.984133,12,-13,-74
1742099506.020133,18,78,-44
1742099506.055133,32,14,67
1742099506.091133,67,10,-84
1742099506.126133,-55,-107,-134
1742099506.162133,-21,-85,7
1742099506.197133,-33,-55,5
1742099506.2321332,0,-11,13
1742099506.2681332,-9,-41,-128
1742099506.303133,48,-1,11
1742099506.339133,15,-35,-16
1742099506.374133,81,-9,-18
1742099506.4101331,-18,-12,-152
1742099506.445133,-27,29,-38
1742099506.480133,-11,-32,-4
1742099506.516133,70,-19,-276
1742099506.5511332,34,-54,37
1742099506.5871332,32,-49,-96
1742099506.629133,-49,21,-104
1742099506.6661332,-61,35,0
1742099506.701133,-11,-28,-118
1742099506.736133,18,69,-36
1742099506.772133,-41,3,-42
1742099506.8071332,-21,-8,17
1742099506.843133,24,-66,-70
1742099506.878133,-87,-94,45
1742099506.914133,-51,14,-132
1742099506.9491332,18,-52,-50
1742099506.984133,42,1,-4
1742099507.020133,0,17,11
1742099507.055133,-19,39,1
1742099507.091133,-9,-2,-138
1742099507.126133,18,12,-16
1742099507.162133,46,-17,-94
1742099507.197133,0,-3,-182
1742099507.2321332,8,-7,-98
1742099507.2681332,-57,-1,-34
1742099507.303133,14,-43,55
1742099507.339133,24,48,-77
1742099507.374133,64,44,-7
1742099507.4101331,8,-4,-13
1742099507.445133,42,39,-203
1742099507.480133,52,-13,-73
1742099507.516133,-39,-31,12
1742099507.5511332,18,-41,-33
1742099507.5871332,18,98,-35
1742099507.622133,-63,-27,-85
1742099507.658133,30,-49,-115
1742099507.693133,32,22,-29
1742099507.7281332,-43,-15,-81
1742099507.764133,-35,14,-7
1742099507.799133,-7,-7,-43
1742099507.835133,-13,18,-53
1742099507.8701332,-61,77,-7
1742099507.9061332,12,-55,-195
1742099507.941133,-33,59,22
1742099507.976133,-7,-9,-41
1742099508.0121331,40,18,120
1742099508.047133,72,-86,-43
1742099508.083133,10,-6,0
1742099508.118133,-63,-28,8
1742099508.154133,-3,19,-63
1742099508.190133,8,39,-53
1742099508.226133,38,-6,68
1742099508.2621331,-77,-72,-83
1742099508.297133,-27,-22,-61
1742099508.332133,-69,27,-51
1742099508.368133,74,-14,78
1742099508.404133,92,5,-117
1742099508.4391332,-17,-33,-39
1742099508.4751332,56,18,-85
1742099508.510133,4,10,-125
1742099508.545133,6,-22,-145
1742099508.5801332,44,4,-5
1742099508.616133,-39,68,-67
1742099508.652133,-17,48,-129
1742099508.687133,0,-27,-21
1742099508.723133,40,44,-99
1742099508.7581332,-49,-9,-53
1742099508.793133,-5,28,-51
1742099508.828133,-115,38,-101
1742099508.8641331,-25,20,12
1742099508.9001331,0,90,-45
1742099508.935133,20,18,2
1742099508.971133,-47,38,28
1742099509.006133,-11,-37,-11
1742099509.0411332,-21,-25,-95
1742099509.076133,-55,-19,76
1742099509.112133,50,4,-115
1742099509.148133,-33,44,-63
1742099509.1831331,-29,74,34
1742099509.2191331,-87,-13,-69
1742099509.254133,42,22,-121
1742099509.289133,-25,68,-181
1742099509.3241332,-9,50,-33
1742099509.3601332,4,70,28
1742099509.3961332,8,0,-41
1742099509.431133,-39,-73,68
1742099509.467133,-21,2,-93
1742099509.5021331,8,28,-13
1742099509.537133,38,38,-51
1742099509.572133,10,36,-73
1742099509.608133,-23,-45,-13
1742099509.644133,58,-1,-81
1742099509.6791332,-17,-31,82
1742099509.7151332,-49,38,-175
1742099509.750133,82,28,-83
1742099509.7851331,14,12,-41
1742099509.820133,52,-11,-111
1742099509.856133,-37,-9,-5
1742099509.892133,32,60,-99
1742099509.927133,-51,-1,-59
1742099509.963133,-45,0,-41
1742099509.9981332,28,40,44
1742099510.033133,46,-1,44
1742099510.068133,-11,26,-67
1742099510.1041331,50,26,12
1742099510.1401331,32,-7,-9
1742099510.175133,0,4,-47
1742099510.211133,62,8,-31
1742099510.246133,42,-9,11
1742099510.2811332,-25,18,27
1742099510.316133,8,44,-147
1742099510.352133,14,12,67
1742099510.388133,-39,-1,-18
1742099510.4231331,67,46,-44
1742099510.4591331,51,48,-40
1742099510.494133,-16,44,-6
1742099510.529133,-1,20,-116
1742099510.5641332,56,4,27
1742099510.6001332,-7,-41,-146
1742099510.6361332,31,32,-120
1742099510.671133,23,22,-74
1742099510.707133,-108,-11,-88
1742099510.7421331,1,-13,-2
1742099510.777133,17,-59,-52
1742099510.812133,15,-25,11
1742099510.848133,29,34,-108
1742099510.884133,33,-43,9
1742099510.9191332,-20,30,-10
1742099510.9551332,-72,46,-78
1742099510.990133,-20,64,-36
1742099511.0251331,-30,-71,-98
1742099511.060133,-54,-57,-52
1742099511.096133,-22,-43,-116
1742099511.132133,-34,66,-96
1742099511.167133,-6,-67,-76
1742099511.203133,-54,26,-18
1742099511.2381332,43,16,-14
1742099511.273133,-106,10,-34
1742099511.3081331,39,48,11
1742099511.3441331,-2,18,-134
1742099511.3801332,-45,-3,-114
1742099511.415133,-12,-55,-92
1742099511.451133,0,10,-66
1742099511.486133,3,34,-72
1742099511.5211332,27,30,-136
1742099511.556133,-50,66,-38
1742099511.592133,-60,-3,-126
1742099511.628133,-46,-13,35
1742099511.6631331,13,-3,-110
1742099511.6991332,87,0,-14
1742099511.734133,27,-1,-74
1742099511.769133,-70,-71,-30
1742099511.8041332,55,70,-118
1742099511.8401332,19,14,22
1742099511.876133,23,0,-75
1742099511.911133,-48,48,-141
1742099511.947133,-15,80,-23
1742099511.9821332,59,28,-97
1742099512.017133,61,-25,-95
1742099512.053133,-12,4,-119
1742099512.088133,-1,-47,-61
1742099512.124133,-5,-11,-49
1742099512.1591332,-50,-21,18
1742099512.195133,5,14,-63
1742099512.230133,23,24,-21
1742099512.2651331,32,30,12
1742099512.300133,-35,-5,-49
1742099512.336133,32,4,-67
1742099512.372133,-27,26,-7
1742099512.407133,-5,32,-3
1742099512.443133,-9,-67,-105
1742099512.4781332,-29,-21,14
1742099512.513133,28,-31,-51
1742099512.549133,-25,-71,-39
1742099512.5841331,-73,-11,-29
1742099512.6201332,-61,12,-61
1742099512.655133,2,62,-25
1742099512.691133,40,-11,-83
1742099512.726133,0,-51,-19
1742099512.7611332,10,-7,-43
1742099512.797133,-19,0,-149
1742099512.832133,28,-33,-17
1742099512.868133,-11,-35,76
1742099512.9031332,-69,0,-21
1742099512.9391332,-9,38,38
1742099512.974133,20,50,-15
1742099513.009133,-65,-31,70
1742099513.045133,-49,-55,-9
1742099513.0801332,52,-33,32
1742099513.116133,6,52,8
1742099513.151133,28,10,-213
1742099513.187133,-33,-9,20
1742099513.2221332,-89,-31,-103
1742099513.257133,30,38,-153
1742099513.293133,-25,-48,26
1742099513.328133,-15,-34,-99
1742099513.3641331,-101,-50,-81
1742099513.399133,-99,-24,-37
1742099513.435133,-5,-34,-81
1742099513.470133,-35,16,58
1742099513.5051332,62,-82,8
1742099513.5411332,34,-39,-67
1742099513.576133,-59,-60,46
1742099513.612133,4,44,-37
1742099513.647133,32,78,-41
1742099513.6831331,62,-69,-39
1742099513.718133,-23,34,6
1742099513.753133,0,-11,-27
1742099513.789133,28,-25,-105
1742099513.8241332,-1,2,144
1742099513.8601332,20,0,-85
1742099513.895133,78,-21,98
1742099513.931133,22,38,-117
1742099513.966133,24,8,-83
1742099514.001133,16,42,-25
1742099514.037133,90,-11,30
1742099514.072133,-55,-25,-29
1742099514.108133,-19,-13,-11
1742099514.1431332,28,12,-61
1742099514.1791332,-45,20,-89
1742099514.214133,-53,-19,26
1742099514.249133,-31,-11,-165
1742099514.2851331,-101,-5,-35
1742099514.320133,-45,-83,-23
1742099514.356133,-47,-7,38
1742099514.391133,42,4,-163
1742099514.427133,-19,-15,52
1742099514.4621332,36,0,16
1742099514.497133,-13,30,-73
1742099514.533133,-17,24,-53
1742099514.568133,-3,-21,-69
1742099514.6041331,-21,-91,-231
1742099514.639133,38,30,-29
1742099514.675133,8,24,-91
1742099514.711133,-9,-31,-87
1742099514.746133,-25,42,-61
1742099514.7811332,8,-11,-19
1742099514.8171332,82,52,-145
1742099514.8531332,48,-33,-47
1742099514.888133,-41,-51,-7
1742099514.924133,8,22,-43
1742099514.9591331,2,36,-33
1742099514.994133,34,24,-45
1742099515.029133,72,-17,42
1742099515.065133,-29,24,62
1742099515.101133,-49,44,-47
1742099515.1361332,-65,30,-15
1742099515.172133,56,-31,-77
1742099515.207133,6,-19,-105
1742099515.2421331,-43,38,-115
1742099515.277133,-21,22,-69
1742099515.313133,2,-1,-21
1742099515.349133,62,-73,-69
1742099515.384133,140,26,-145
1742099515.420133,-133,102,-7
1742099515.4551332,82,-19,72
1742099515.490133,16,-49,-41
1742099515.5251331,20,32,-61
1742099515.5611331,46,20,-5
1742099515.5971332,50,104,-147
1742099515.632133,-1,-69,-9
1742099515.668133,18,16,-1
1742099515.703133,-53,29,-125
1742099515.7381332,-39,83,12
1742099515.773133,38,31,50
1742099515.809133,-39,-8,-151
1742099515.845133,16,-20,28
1742099515.8801332,-57,24,-77
1742099515.9161332,8,-25,-39
1742099515.951133,-9,-188,-11
1742099515.986133,-75,-30,-45
1742099516.0211332,0,-22,70
1742099516.0571332,-5,-38,-59
1742099516.093133,114,59,86
1742099516.128133,28,70,42
1742099516.164133,-5,75,-97
1742099516.1991332,-11,-3,-171
1742099516.234133,10,42,-49
1742099516.269133,-59,-3,4
1742099516.305133,-27,26,-107
1742099516.341133,-29,-25,-71
1742099516.376133,54,-47,-9
1742099516.412133,-23,-17,-153
1742099516.447133,132,-3,-75
1742099516.4821332,-51,18,-85
1742099516.517133,-19,-65,-9
1742099516.553133,50,78,-7
1742099516.589133,36,-55,-41
1742099516.631133,0,-39,-99
1742099516.668133,12,-9,22
1742099516.703133,6,-27,-189
1742099516.7381332,-27,-41,-81
1742099516.773133,-19,-39,-85
1742099516.809133,4,24,-35
1742099516.845133,-23,42,86
1742099516.8801332,-53,42,-55
1742099516.9161332,26,-45,-57
1742099516.951133,-23,36,-195
1742099516.986133,-17,-55,-59
1742099517.0211332,-17,26,6
1742099517.0571332,80,-43,-105
1742099517.093133,18,-41,-45
1742099517.128133,56,-23,-107
1742099517.164133,78,20,2
1742099517.1991332,14,44,23
1742099517.234133,68,-11,-134
1742099517.269133,-103,12,1
1742099517.305133,-9,-1,-4
1742099517.341133,8,-5,-80
1742099517.376133,114,-25,-40
1742099517.412133,34,40,41
1742099517.447133,8,22,-80
1742099517.4821332,10,-3,0
1742099517.517133,2,2,67
1742099517.553133,42,-21,11
1742099517.589133,48,-3,-52
1742099517.624133,30,-51,-56
1742099517.6601331,84,-13,-182
1742099517.695133,16,6,-32
1742099517.730133,-67,-1,-75
1742099517.7651331,30,18,41
1742099517.8011332,-15,-1,-4
1742099517.8371332,54,-15,-48
1742099517.872133,36,-17,-100
1742099517.908133,-97,-11,-149
1742099517.943133,58,-31,-37
1742099517.9781332,-11,-53,-33
1742099518.013133,12,24,-107
1742099518.049133,2,2,40
1742099518.085133,42,20,-126
1742099518.1201332,-23,-31,-112
1742099518.1561332,-77,-5,-175
1742099518.191133,106,36,-100
1742099518.226133,40,2,-190
1742099518.2611332,62,32,7
1742099518.297133,-21,-9,-86
1742099518.333133,78,-15,19
1742099518.368133,-85,45,-10
1742099518.404133,-21,9,27
1742099518.4391332,-35,52,-40
1742099518.474133,-115,-61,-118
1742099518.509133,54,-35,-48
1742099518.545133,18,40,-144
1742099518.5811331,10,-1,-130
1742099518.616133,-29,-8,49
1742099518.652133,80,39,25
1742099518.687133,16,67,-56
1742099518.7221332,-19,30,-66
1742099518.757133,-101,56,-14
1742099518.793133,-1,-12,-90
1742099518.829133,-75,24,41
1742099518.8641331,30,52,-40
1742099518.9001331,20,30,-70
1742099518.935133,-25,30,-2
1742099518.970133,-11,34,-126
1742099519.006133,-41,16,-162
1742099519.0411332,-43,56,-92
1742099519.0771332,26,-52,-62
1742099519.112133,32,-90,-112
1742099519.148133,0,-36,-14
1742099519.1831331,12,-22,-38
1742099519.218133,-7,27,-66
1742099519.254133,74,41,-82
1742099519.289133,24,-36,65
1742099519.325133,4,21,-22
1742099519.3601332,-19,25,-36
1742099519.3961332,-25,-50,1
1742099519.431133,-67,-45,-120
1742099519.466133,-17,-7,-12
1742099519.5021331,-27,16,-88
1742099519.537133,-85,24,-148
1742099519.573133,11,32,117
1742099519.608133,77,-23,-127
1742099519.644133,-36,72,-148
1742099519.6791332,-8,-37,0
1742099519.714133,11,12,49
1742099519.750133,98,38,-4
1742099519.7851331,-1,-31,-28
1742099519.8211331,-61,-69,-98
1742099519.856133,100,-19,-80
1742099519.892133,6,-23,-90
1742099519.927133,-17,62,39
1742099519.9621332,-21,-39,-86
1742099519.9981332,-43,54,-44
1742099520.033133,-37,78,1
1742099520.069133,-35,-21,-52
1742099520.1041331,-19,38,-76
1742099520.1401331,38,-23,-40
1742099520.175133,-7,-37,-200
1742099520.210133,-23,-45,-4
1742099520.246133,6,0,-18
1742099520.2811332,-23,-9,-160
1742099520.3171332,-47,-29,49
1742099520.352133,58,-15,13
1742099520.388133,-1,22,-36
1742099520.4231331,-23,-3,-72
1742099520.458133,44,-9,-68
1742099520.494133,10,-33,-128
1742099520.529133,42,28,-114
1742099520.565133,-51,-43,-90
1742099520.6001332,20,18,-12
1742099520.6361332,42,-23,-62
1742099520.671133,8,-11,-98
1742099520.7061331,-9,60,-90
1742099520.7421331,0,-5,-38
1742099520.777133,-73,56,25
1742099520.813133,18,22,-100
1742099520.848133,-29,-13,-84
1742099520.884133,18,-33,-20
1742099520.9191332,-91,4,-56
1742099520.954133,16,-9,-80
1742099520.990133,-3,56,-188
1742099521.0251331,-5,8,-66
1742099521.0611331,52,-35,-26
1742099521.096133,82,26,-60
1742099521.132133,-55,-5,43
1742099521.167133,18,-125,17
1742099521.2021332,-9,62,-50
1742099521.2381332,18,-19,-72
1742099521.273133,0,30,-8
1742099521.309133,-27,52,-48
1742099521.3441331,-33,-77,113
1742099521.379133,16,-83,-134
1742099521.414133,4,76,19
1742099521.450133,-1,38,-62
1742099521.486133,-13,14,-98
1742099521.5211332,-51,-87,-44
1742099521.5571332,-37,-55,-92
1742099521.592133,-65,-67,-48
1742099521.6271331,4,2,-48
1742099521.662133,-15,-25,27
1742099521.698133,8,-7,5
1742099521.734133,-41,60,67
1742099521.769133,40,-85,-130
1742099521.805133,36,56,-96
1742099521.8401332,62,-27,-76
1742099521.875133,44,8,-76
1742099521.9101331,-9,30,1
1742099521.9461331,-17,-35,-48
1742099521.9821332,-9,4,-84
1742099522.017133,34,-31,-156
1742099522.053133,-5,-29,-114
1742099522.088133,-41,60,83
1742099522.1231332,18,-1,-68
1742099522.158133,34,-17,77
1742099522.194133,-31,-7,25
1742099522.230133,110,-37,-2
1742099522.2651331,54,30,-16
1742099522.3011332,-21,26,55
1742099522.336133,6,54,23
1742099522.371133,-11,12,15
1742099522.4061332,-29,-45,-64
1742099522.4421332,-3,-3,-18
1742099522.4781332,56,46,-94
1742099522.513133,38,22,-136
1742099522.549133,12,16,-116
1742099522.5841331,4,-95,-84
1742099522.619133,-31,-5,-104
1742099522.654133,-83,0,-124
1742099522.690133,18,-23,-30
1742099522.726133,64,-5,-112
1742099522.7611332,-1,24,35
1742099522.797133,48,26,63
1742099522.832133,80,6,23
1742099522.8671331,-51,32,-34
1742099522.902133,20,25,-6
1742099522.938133,62,-48,7
1742099522.974133,-11,-40,-52
1742099523.009133,-43,-32,19
1742099523.045133,-125,-85,-68
1742099523.0801332,-7,-30,5
1742099523.115133,-15,-4,-78
1742099523.1501331,-27,48,-68
1742099523.1861331,-147,-26,83
1742099523.2221332,46,-12,-106
1742099523.257133,52,57,-128
1742099523.293133,16,-14,25
1742099523.328133,-11,15,-78
1742099523.3631332,-17,-6,-128
1742099523.398133,60,12,-98
1742099523.434133,-99,46,-64
1742099523.470133,36,-41,-108
1742099523.5051332,50,-46,-16
1742099523.5411332,52,-18,-134
1742099523.576133,2,-10,0
1742099523.611133,50,-4,95
1742099523.6461332,2,-30,-10
1742099523.6821332,-23,-44,73
1742099523.718133,-9,-12,-60
1742099523.753133,-5,15,-18
1742099523.789133,-7,81,-88
1742099523.8241332,-101,41,-30
1742099523.859133,-17,55,13
1742099523.894133,0,-22,-150
1742099523.930133,16,-18,-62
1742099523.966133,-49,9,-16
1742099524.001133,-101,-10,-164
1742099524.037133,14,-30,-16
1742099524.072133,34,-26,27
1742099524.1071332,-19,-64,31
1742099524.142133,-67,-2,-92
1742099524.178133,-35,-44,-12
1742099524.214133,12,17,-88
1742099524.249133,58,32,-50
1742099524.2851331,4,-14,-104
1742099524.320133,66,4,-42
1742099524.355133,-55,-40,-118
1742099524.3901331,-37,27,-92
1742099524.4261332,-1,-18,-94
1742099524.4621332,12,-37,-48
1742099524.497133,34,-63,-108
1742099524.533133,34,18,-60
1742099524.568133,36,56,-8
1742099524.6031332,-113,50,-94
1742099524.638133,-75,14,9
1742099524.674133,6,0,-76
1742099524.710133,-45,84,-28
1742099524.7451332,-7,68,15
1742099524.7811332,-55,18,79
1742099524.816133,-1,-71,-74
1742099524.851133,-21,32,21
1742099524.8861332,-33,10,-118
1742099524.922133,16,-9,15
1742099524.958133,58,4,-50
1742099524.993133,6,-33,-122
1742099525.029133,-27,-37,-46
1742099525.0641332,-5,-31,-162
1742099525.099133,-53,-75,69
1742099525.134133,2,0,27
1742099525.170133,28,24,-104
1742099525.2061331,-53,36,-112
1742099525.241133,30,46,-88
1742099525.277133,64,30,-114
1742099525.312133,8,26,105
1742099525.3471332,4,-16,-74
1742099525.3831332,-35,12,-44
1742099525.418133,76,-13,-138
1742099525.454133,-55,-69,5
1742099525.4891331,26,73,-118
1742099525.5251331,60,13,-120
1742099525.560133,-27,-6,-100
1742099525.595133,-83,19,-96
1742099525.631133,66,-12,73
1742099525.6661332,40,20,27
1742099525.7021332,-51,24,-28
1742099525.737133,40,48,-66
1742099525.773133,-87,-49,-158
1742099525.8081331,-53,-27,-16
1742099525.843133,-41,-32,-130
1742099525.879133,73,-28,-10
1742099525.914133,27,-1,57
1742099525.950133,-21,94,-88
1742099525.9851332,-3,60,-38
1742099526.0211332,39,-19,-40
1742099526.056133,-39,-3,55
1742099526.091133,4,14,-60
1742099526.1271331,48,-13,-14
1742099526.162133,10,12,77
1742099526.198133,-15,26,21
1742099526.233133,6,-31,-114
1742099526.269133,32,-33,57
1742099526.3041332,22,28,-32
1742099526.339133,-21,6,-60
1742099526.375133,6,58,29
1742099526.4101331,-25,8,-46
1742099526.4461331,-51,-23,-88
1742099526.481133,8,10,-144
1742099526.517133,-9,-61,-168
1742099526.552133,-93,-115,-76
1742099526.5871332,58,58,-120
1742099526.6231332,32,-31,-116
1742099526.665133,6,-95,-126
1742099526.7021332,2,-25,-14
1742099526.737133,-24,16,-16
1742099526.773133,-4,-27,-90
1742099526.8081331,-36,-51,-124
1742099526.843133,71,6,-108
1742099526.879133,-88,-47,-68
1742099526.914133,24,36,-54
1742099526.950133,56,44,-87
1742099526.9851332,-5,-61,-27
1742099527.0211332,-33,32,-73
1742099527.056133,44,-85,-152
1742099527.091133,-5,64,-5
1742099527.1271331,-9,-11,71
1742099527.162133,-33,72,-170
1742099527.198133,10,-17,-66
1742099527.233133,82,2,-66
1742099527.269133,8,-15,-108
1742099527.3041332,-1,36,-8
1742099527.339133,-41,54,-50
1742099527.375133,-3,70,-122
1742099527.4101331,-5,34,-114
1742099527.4461331,-29,-33,21
1742099527.481133,10,4,-72
1742099527.517133,-33,-41,-54
1742099527.552133,18,20,-66
1742099527.5871332,94,44,9
1742099527.6231332,10,0,-142
1742099527.658133,82,38,15
1742099527.694133,80,44,-68
1742099527.7291331,24,10,-18
1742099527.7651331,-13,16,-104
1742099527.8011332,-31,26,-38
1742099527.836133,52,-11,-84
1742099527.871133,28,25,-48
1742099527.907133,58,-35,-40
1742099527.943133,-47,-71,-30
1742099527.9781332,-13,-27,-4
1742099528.014133,22,-26,-38
1742099528.049133,22,-22,-60
1742099528.0841331,6,47,-102
1742099528.119133,-37,-54,17
1742099528.155133,-13,63,-182
1742099528.191133,85,-34,21
1742099528.226133,-97,-12,53
1742099528.2621331,-11,53,-132
1742099528.297133,-7,75,-134
1742099528.332133,42,-13,19
1742099528.3671331,-19,66,-54
1742099528.4031332,-8,54,-24
1742099528.4391332,3,-13,-20
1742099528.474133,-6,-27,11
1742099528.510133,37,-61,29
1742099528.545133,3,60,-62
1742099528.5801332,-102,6,-72
1742099528.615133,-24,-67,67
1742099528.651133,3,-19,9
1742099528.687133,-62,4,-118
1742099528.7221332,13,-15,-126
1742099528.7581332,-20,-27,-30
1742099528.793133,-42,-67,-4
1742099528.828133,-4,-87,-86
1742099528.8631332,17,-33,-34
1742099528.899133,11,-37,-48
1742099528.935133,65,26,-24
1742099528.970133,43,-61,-84
1742099529.006133,-32,-19,-80
1742099529.0411332,48,-29,-40
1742099529.076133,18,-13,-82
1742099529.111133,-47,20,15
1742099529.147133,-57,-53,-50
1742099529.1831331,-57,-3,-72
1742099529.218133,-37,-19,113
1742099529.254133,2,-25,-122
1742099529.289133,-21,-39,61
1742099529.3241332,48,-57,51
1742099529.359133,40,-35,61
1742099529.395133,26,-13,5
1742099529.431133,-3,-17,-78
1742099529.466133,20,64,-134
1742099529.5021331,20,-7,-36
1742099529.537133,-13,38,-38
1742099529.572133,58,-43,-150
1742099529.6071332,2,16,-118
1742099529.6431332,-71,-57,-16
1742099529.6791332,-19,-23,-28
1742099529.714133,26,4,-70
1742099529.750133,6,-57,-24
1742099529.7851331,34,9,-112
1742099529.820133,-67,39,-72
1742099529.855133,-7,-22,-134
1742099529.891133,48,121,-16
1742099529.927133,20,29,-126
1742099529.9621332,92,23,-54
1742099529.9981332,-15,-38,49
1742099530.033133,18,-34,-72
1742099530.068133,30,45,-70
1742099530.1031332,-7,-10,-30
1742099530.139133,-31,-4,-8
1742099530.175133,72,-31,3
1742099530.210133,106,15,7
1742099530.246133,-87,7,-24
1742099530.2811332,74,-10,31
1742099530.316133,8,0,-70
1742099530.351133,-85,-26,-52
1742099530.3871331,26,13,41
1742099530.4231331,56,-20,-20
1742099530.458133,4,0,-130
1742099530.494133,-29,2,-44
1742099530.529133,16,48,-38
1742099530.5641332,58,26,-2
1742099530.599133,20,-30,-66
1742099530.635133,-47,-22,-32
1742099530.671133,56,-12,-72
1742099530.7061331,-39,5,39
1742099530.7421331,-31,33,-128
1742099530.777133,-49,-84,-100
1742099530.812133,40,-114,3
1742099530.8471332,48,-36,-46
1742099530.8831332,-21,-26,-124
1742099530.9191332,152,-26,-78
1742099530.954133,-35,-8,-84
1742099530.990133,-41,11,-82
1742099531.0251331,-1,1,-84
1742099531.060133,40,-4,-106
1742099531.095133,-81,33,7
1742099531.131133,-119,-34,-48
1742099531.167133,-73,37,-66
1742099531.2021332,38,106,-58
1742099531.2381332,32,2,-52
1742099531.273133,16,-68,5
1742099531.3081331,-69,28,17
1742099531.343133,104,18,-180
1742099531.379133,-61,58,-152
1742099531.415133,4,-31,9
1742099531.450133,-51,0,13
1742099531.486133,96,52,-64
1742099531.5211332,-21,-29,-92
1742099531.556133,86,-25,-40
1742099531.591133,-41,-3,73
1742099531.6271331,-13,46,-52
1742099531.6631331,4,16,75
1742099531.698133,-17,-7,-4
1742099531.734133,-9,32,-48
1742099531.769133,54,10,-138
1742099531.8041332,76,-15,-30
1742099531.839133,-63,42,-124
1742099531.875133,22,-55,-64
1742099531.911133,4,-7,55
1742099531.9461331,-1,-53,-150
1742099531.9821332,62,-11,-38
1742099532.017133,0,2,-10
1742099532.052133,40,6,-62
1742099532.088133,42,36,-116
1742099532.1231332,-19,46,-90
1742099532.1591332,36,-27,1
1742099532.194133,16,58,-66
1742099532.230133,46,-75,-152
1742099532.2651331,-3,-37,-46
1742099532.300133,-57,-51,-54
1742099532.336133,-9,8,-90
1742099532.371133,-25,-7,-72
1742099532.407133,-39,24,17
1742099532.4421332,36,-73,-28
1742099532.4781332,-33,20,-182
1742099532.513133,-23,10,11
1742099532.5481331,16,16,-20
1742099532.5841331,92,-81,-58
1742099532.619133,20,62,-126
1742099532.655133,22,30,-36
1742099532.690133,-63,-5,-124
1742099532.726133,-63,-33,-153
1742099532.7611332,70,22,-35
1742099532.796133,-9,-37,-47
1742099532.832133,-35,94,-91
1742099532.8671331,36,24,6
1742099532.9031332,-47,-1,2
1742099532.938133,22,-57,-21
1742099532.974133,-35,44,-51
1742099533.009133,-27,4,-78
1742099533.0441332,-21,-43,-138
1742099533.0801332,-3,4,-89
1742099533.115133,-3,-5,-27
1742099533.151133,46,90,34
1742099533.1861331,64,-47,-3
1742099533.2221332,-57,-55,-21
1742099533.257133,10,-17,68
1742099533.292133,-1,32,-33
1742099533.328133,29,22,38
1742099533.3631332,21,-43,44
1742099533.399133,-18,-3,-117
1742099533.434133,-34,-21,-17
1742099533.470133,1,32,-117
1742099533.5051332,-4,26,-53
1742099533.540133,15,14,-55
1742099533.576133,37,-37,0
1742099533.611133,-76,-13,22
1742099533.647133,-52,-95,-119
1742099533.6821332,-64,14,6
1742099533.718133,31,28,68
1742099533.753133,49,-73,-7
1742099533.7881331,-24,-11,-135
1742099533.8241332,-2,-67,-69
1742099533.859133,-36,8,48
1742099533.895133,0,-37,-67
1742099533.930133,-26,17,-67
1742099533.966133,19,15,-77
1742099534.001133,31,15,28
1742099534.036133,-46,20,-35
1742099534.072133,-4,36,-49
1742099534.1071332,9,-83,22
1742099534.1431332,53,-15,-5
1742099534.178133,53,-13,-37
1742099534.214133,35,12,-75
1742099534.249133,-26,26,-129
1742099534.2841332,39,10,-15
1742099534.320133,-102,32,-25
1742099534.355133,25,-5,-81
1742099534.391133,-20,12,132
1742099534.4261332,41,16,28
1742099534.461133,33,32,-17
1742099534.496133,35,-21,-213
1742099534.532133,25,-23,-3
1742099534.568133,-30,-16,-159
1742099534.6031332,5,-21,0
1742099534.639133,-20,-34,-23
1742099534.674133,3,-40,36
1742099534.7091331,0,-22,-123
1742099534.744133,3,-18,-117
1742099534.780133,-4,41,-35
1742099534.816133,43,0,-61
1742099534.851133,19,41,-61
1742099534.8871331,-26,17,-47
1742099534.922133,41,14,4
1742099534.957133,39,-34,-55
1742099534.9921331,13,-2,-21
1742099535.0281332,-32,91,100
1742099535.0641332,11,83,-129
1742099535.099133,-18,77,-21
1742099535.135133,0,47,-169
1742099535.170133,-38,17,-55
1742099535.2051332,-20,62,22
1742099535.240133,1,-29,-63
1742099535.276133,75,-51,-63
1742099535.312133,-20,46,-89
1742099535.3471332,17,-1,-17
1742099535.3831332,21,56,-99
1742099535.418133,-28,-63,4
1742099535.453133,31,-37,-75
1742099535.4881332,-68,-11,-63
1742099535.524133,73,-63,14
1742099535.560133,1,48,-83
1742099535.595133,69,18,-39
1742099535.631133,-70,12,-111
1742099535.6661332,-16,2,-27
1742099535.701133,-50,76,-39
1742099535.736133,-64,26,-119
1742099535.772133,19,4,-19
1742099535.8081331,-32,-5,41
1742099535.843133,27,20,-64
1742099535.879133,-22,-19,-30
1742099535.914133,-28,112,-58
1742099535.9491332,-30,-43,13
1742099535.984133,-32,54,-22
1742099536.020133,13,38,-108
1742099536.056133,53,-7,-120
1742099536.091133,67,-13,-8
1742099536.1271331,-14,-45,-60
1742099536.162133,47,-61,-84
1742099536.197133,-64,-57,17
1742099536.2321332,-54,-25,19
1742099536.2681332,43,8,57
1742099536.3041332,87,10,-130
1742099536.339133,89,-87,-116
1742099536.375133,-40,54,1
1742099536.4101331,49,8,-136
1742099536.445133,-56,-53,-96
1742099536.480133,15,42,-32
1742099536.516133,19,82,-28
1742099536.552133,-57,-21,-46
1742099536.5871332,-45,-17,-100
1742099536.6231332,-13,20,-50
1742099536.658133,50,-53,43
1742099536.700133,24,-1,-30
1742099536.736133,-106,-25,-102
1742099536.772133,29,-25,-12
1742099536.8081331,-38,38,-106
1742099536.843133,3,-31,-58
1742099536.879133,-18,-7,-166
1742099536.914133,-76,14,-86
1742099536.9491332,-48,-51,37
1742099536.984133,59,15,-116
1742099537.020133,-22,-29,103
1742099537.056133,75,-23,-32
1742099537.091133,1,6,-26
1742099537.1271331,-42,-47,-24
1742099537.162133,-4,-25,-58
1742099537.197133,-22,-13,-80
1742099537.2321332,29,18,45
1742099537.2681332,13,-3,81
1742099537.3041332,21,-63,-16
1742099537.339133,41,72,61
1742099537.375133,-34,-17,-110
1742099537.4101331,-50,-9,-28
1742099537.445133,29,-69,-70
1742099537.480133,-68,-1,61
1742099537.516133,-42,28,77
1742099537.552133,-48,20,-90
1742099537.5871332,-8,14,-138
1742099537.6231332,33,-51,-136
1742099537.658133,23,-11,-118
1742099537.693133,-46,54,21
1742099537.7281332,-20,0,11
1742099537.764133,33,6,-60
1742099537.800133,-44,-9,-50
1742099537.835133,51,76,-62
1742099537.871133,7,-21,-68
1742099537.9061332,1,-82,-98
1742099537.941133,-6,-1,-34
1742099537.976133,-10,-1,-78
1742099538.0121331,29,54,-114
1742099538.0481331,13,-27,-44
1742099538.083133,61,26,37
1742099538.119133,43,30,11
1742099538.154133,-34,6,-6
1742099538.1891332,-20,24,-72
1742099538.224133,3,22,-22
1742099538.260133,-42,82,-96
1742099538.296133,-24,50,-40
1742099538.3311331,9,-23,-2
1742099538.3671331,57,-67,-20
1742099538.402133,7,22,-6
1742099538.437133,-20,-15,102
1742099538.473133,-9,-91,-155
1742099538.5081332,70,32,-87
1742099538.5441332,-23,-53,-53
1742099538.579133,-35,52,-129
1742099538.615133,2,88,14
1742099538.6501331,-23,-77,20
1742099538.685133,2,8,28
1742099538.721133,8,-21,-87
1742099538.756133,42,-15,-135
1742099538.792133,-27,5,-117
1742099538.8271332,0,8,-35
1742099538.8631332,-35,-45,-63
1742099538.898133,-79,-49,46
1742099538.9331331,-75,88,-67
1742099538.9691331,6,8,-81
1742099539.004133,-17,44,-63
1742099539.040133,-1,-19,-117
1742099539.075133,82,-15,-157
1742099539.111133,26,-37,-73
1742099539.1461332,46,-25,-75
1742099539.181133,-19,104,-11
1742099539.217133,-19,-65,0
1742099539.2521331,-13,-11,-15
1742099539.2881331,36,30,-11
1742099539.323133,-31,-25,-47
1742099539.359133,24,71,-91
1742099539.394133,-107,37,-61
1742099539.4291332,4,-61,-127
1742099539.4651332,4,-11,-39
1742099539.500133,-9,55,-33
1742099539.536133,84,79,-61
1742099539.5711331,20,29,-35
1742099539.6071332,-35,5,-55
1742099539.642133,-57,-44,34
1742099539.677133,-1,-14,-63
1742099539.713133,12,-56,-43
1742099539.7481332,-25,-8,-87
1742099539.7841332,42,-48,-21
1742099539.819133,-19,-22,-13
1742099539.855133,42,-58,-95
1742099539.8901331,62,41,-21
1742099539.925133,-7,-19,-227
1742099539.961133,-69,26,34
1742099539.996133,-45,-55,-69
1742099540.032133,4,54,-73
1742099540.0671332,-103,39,-192
1742099540.1031332,-73,3,-72
1742099540.138133,48,-2,-68
1742099540.1731331,82,13,-80
1742099540.2091331,-75,-18,-22
1742099540.244133,84,46,0
1742099540.280133,2,31,29
1742099540.315133,-35,38,-38
1742099540.351133,28,23,-140
1742099540.3861332,-49,-74,-116
1742099540.421133,-11,19,-16
1742099540.457133,12,1,-150
1742099540.4921331,-53,8,0
1742099540.5281332,28,-43,21
1742099540.563133,-67,-33,-124
1742099540.599133,72,41,-54
1742099540.634133,-49,37,-64
1742099540.6691332,14,-50,0
1742099540.7051332,-89,-9,-50
1742099540.740133,-17,-5,77
1742099540.776133,-1,49,-22
1742099540.8111331,20,-56,13
1742099540.8471332,40,49,-136
1742099540.8831332,18,6,-2
1742099540.9191332,-3,-9,47
1742099540.9551332,18,-67,-90
1742099540.990133,86,-33,-74
1742099541.0251331,-75,-1,-20
1742099541.0611331,14,-39,-60
1742099541.0971332,28,62,-98
1742099541.132133,-29,4,29
1742099541.168133,-37,85,-44
1742099541.203133,12,76,-84
1742099541.2381332,114,-37,-18
1742099541.273133,14,58,-64
1742099541.309133,106,-17,-168
1742099541.345133,24,-55,-20
1742099541.3801332,32,50,9
1742099541.4161332,-7,-31,45
1742099541.451133,-9,-31,-136
1742099541.486133,-41,22,-2
1742099541.5211332,14,25,-56
1742099541.5571332,-25,-79,-208
1742099541.593133,12,16,-48
1742099541.628133,-11,28,-112
1742099541.664133,-9,-41,-34
1742099541.6991332,-11,-5,-58
1742099541.734133,-9,-35,-90
1742099541.769133,0,34,-6
1742099541.805133,-39,62,-128
1742099541.841133,18,28,-10
1742099541.876133,-5,38,-2
1742099541.912133,-71,-97,-54
1742099541.947133,-47,-3,-54
1742099541.9821332,34,-57,-118
1742099542.017133,6,-9,-92
1742099542.053133,10,-27,-90
1742099542.089133,-79,-51,-72
1742099542.124133,16,62,-150
1742099542.1601331,-71,10,-108
1742099542.195133,72,0,-92
1742099542.230133,32,-7,43
1742099542.2651331,-21,12,-32
1742099542.3011332,56,-45,-6
1742099542.3371332,-47,38,-20
1742099542.372133,80,-3,-74
1742099542.408133,70,-83,-102
1742099542.443133,-165,40,-108
1742099542.4781332,-11,-103,-86
1742099542.513133,0,10,-48
1742099542.549133,-13,14,-2
1742099542.585133,24,18,-76
1742099542.6201332,-23,12,29
1742099542.6561332,-17,6,-54
1742099542.691133,28,-17,87
1742099542.726133,54,-73,45
1742099542.7611332,36,-19,31
1742099542.797133,28,50,-10
1742099542.833133,-87,-33,-78
1742099542.868133,-5,8,7
1742099542.904133,-45,14,71
1742099542.9391332,14,-31,-18
1742099542.974133,-24,14,81
1742099543.009133,25,70,-104
1742099543.045133,-64,68,-68
1742099543.0811331,-104,4,-72
1742099543.116133,-54,-7,67
1742099543.152133,-64,39,-10
1742099543.187133,-10,-44,-30
1742099543.2221332,-22,-38,-42
1742099543.257133,-23,11,-93
1742099543.293133,8,-26,-1
1742099543.329133,20,27,40
1742099543.3641331,-25,-42,-101
1742099543.4001331,0,-10,-93
1742099543.435133,-18,17,-129
1742099543.470133,-17,47,-37
1742099543.5051332,18,13,-53
1742099543.5411332,28,35,-113
1742099543.5771332,16,-1,-15
1742099543.612133,-75,-55,42
1742099543.648133,-11,-43,-111
1742099543.6831331,-57,42,-109
1742099543.718133,-77,34,-91
1742099543.753133,-97,-29,-99
1742099543.789133,18,-21,-43
1742099543.825133,-43,-75,-71
1742099543.8601332,98,-30,-25
1742099543.8961332,0,-18,-39
1742099543.931133,-7,15,-23
1742099543.966133,-41,-66,82
1742099544.001133,-29,-34,-61
1742099544.037133,-67,-22,-123
1742099544.073133,-41,13,-147
1742099544.108133,-69,-70,-1
1742099544.144133,-21,-26,-63
1742099544.1791332,-9,-65,-9
1742099544.214133,44,20,-113
1742099544.249133,-1,54,18
1742099544.2851331,-25,-45,-121
1742099544.3211331,-23,16,-111
1742099544.356133,44,20,10
1742099544.392133,24,-61,-25
1742099544.427133,112,28,-23
1742099544.4621332,2,86,-189
1742099544.497133,-35,36,-209
1742099544.533133,-13,-19,-9
1742099544.569133,36,-51,2
1742099544.6041331,-5,-37,-105
1742099544.6401331,24,-35,-1
1742099544.675133,-15,14,-25
1742099544.710133,-37,18,32
1742099544.7451332,12,20,20
1742099544.7811332,-18,-55,44
1742099544.8171332,40,-31,-67
1742099544.852133,70,-31,-121
1742099544.888133,64,16,-95
1742099544.9231331,24,12,-117
1742099544.958133,64,6,-25
1742099544.994133,4,68,2
1742099545.029133,44,24,70
1742099545.065133,30,-17,-27
1742099545.1001332,8,-40,-113
1742099545.1361332,28,-24,-155
1742099545.171133,4,58,-9
1742099545.2061331,21,26,-77
1742099545.2421331,32,-29,40
1742099545.277133,43,36,-53
1742099545.313133,10,-87,-45
1742099545.348133,158,-7,-151
1742099545.384133,-11,-33,-67
1742099545.4191332,-39,-33,-21
1742099545.454133,-41,48,-49
1742099545.490133,30,20,-5
1742099545.5251331,0,-13,-11
1742099545.5611331,-41,64,-81
1742099545.596133,6,18,18
1742099545.632133,-59,22,-69
1742099545.667133,-3,14,-89
1742099545.7021332,30,6,-63
1742099545.7381332,-3,10,-69
1742099545.773133,-15,-1,-243
1742099545.809133,2,-27,-65
1742099545.8441331,10,-15,18
1742099545.8801332,22,-43,-43
1742099545.915133,44,-15,-107
1742099545.950133,-31,38,-101
1742099545.986133,4,4,150
1742099546.0211332,-1,38,74
1742099546.0571332,14,-33,2
1742099546.092133,-1,-25,-147
1742099546.128133,-59,30,-97
1742099546.1631331,30,-49,-129
1742099546.198133,72,-37,-113
1742099546.234133,-9,-86,-67
1742099546.269133,-5,-62,-155
1742099546.305133,-9,-28,-65
1742099546.3401332,42,13,-133
1742099546.376133,14,71,18
1742099546.411133,10,-26,-45
1742099546.4461331,6,79,-31
1742099546.4821332,-5,69,-119
1742099546.517133,-23,7,-189
1742099546.553133,-13,-22,-75
1742099546.588133,-15,95,-31
1742099546.624133,-75,75,10
1742099546.6591332,-17,-32,-77
1742099546.701133,60,7,2
1742099546.7381332,8,-10,-11
1742099546.773133,58,-34,-35
1742099546.809133,-53,49,-117
1742099546.8441331,22,-32,-139
1742099546.8801332,42,31,0
1742099546.915133,-7,-46,-43
1742099546.950133,-27,-66,-63
1742099546.986133,30,15,-123
1742099547.0211332,12,-64,2
1742099547.0571332,42,41,6
1742099547.092133,-47,-10,28
1742099547.128133,24,-70,-21
1742099547.1631331,-9,-36,-51
1742099547.198133,-41,23,-97
1742099547.234133,-95,23,-19
1742099547.269133,-59,-4,34
1742099547.305133,-23,27,40
1742099547.3401332,-73,-100,-59
1742099547.376133,-3,9,-27
1742099547.412133,-27,-100,-187
1742099547.447133,-51,-20,-71
1742099547.4821332,-37,-57,-29
1742099547.5181332,18,-27,-65
1742099547.5541332,-13,36,-47
1742099547.589133,-83,-49,52
1742099547.625133,66,-85,48
1742099547.6601331,44,-89,20
1742099547.695133,42,-29,-49
1742099547.730133,-1,36,-33
1742099547.766133,34,-5,-205
1742099547.802133,-69,0,76
1742099547.8371332,20,-13,30
1742099547.8731332,14,-75,-181
1742099547.908133,2,-32,-27
1742099547.943133,32,60,-89
1742099547.9781332,24,86,-69
1742099548.014133,-13,-55,16
1742099548.050133,28,-25,78
1742099548.085133,-21,82,-129
1742099548.121133,12,-5,-177
1742099548.1561332,-21,40,-97
1742099548.191133,-29,56,0
1742099548.226133,86,14,-95
1742099548.2621331,-11,-53,70
1742099548.2981331,-15,32,22
1742099548.333133,38,-69,-45
1742099548.369133,-61,-15,2
1742099548.404133,10,70,-73
1742099548.4391332,-31,-55,-101
1742099548.474133,-67,-27,32
1742099548.510133,-19,82,-117
1742099548.546133,0,36,-45
1742099548.5811331,-17,26,-19
1742099548.6171331,-23,-1,-33
1742099548.652133,40,-129,-145
1742099548.687133,64,-3,-35
1742099548.7221332,44,-25,12
1742099548.7581332,-55,48,-11
1742099548.7941332,32,3,28
1742099548.829133,-1,-7,20
1742099548.865133,62,-7,-77
1742099548.9001331,-11,-35,4
1742099548.935133,-27,48,-117
1742099548.970133,28,-15,-11
1742099549.006133,58,-69,46
1742099549.042133,2,-17,-52
1742099549.0771332,-33,42,115
1742099549.1131332,4,-65,13
1742099549.148133,-17,6,-78
1742099549.1831331,24,-39,-22
1742099549.218133,-51,50,-140
1742099549.254133,-3,-97,-86
1742099549.290133,34,-31,-4
1742099549.325133,74,52,-108
1742099549.361133,62,-101,-18
1742099549.3961332,-35,67,-53
1742099549.431133,-1,20,-77
1742099549.466133,20,-47,-59
1742099549.5021331,-5,-15,-75
1742099549.5381331,8,7,-49
1742099549.573133,32,-30,-61
1742099549.609133,22,-30,42
1742099549.644133,-43,-32,-33
1742099549.6791332,14,-64,-29
1742099549.714133,10,-18,74
1742099549.750133,-17,41,74
1742099549.786133,-19,-22,-5
1742099549.8211331,-23,-4,-61
1742099549.8571332,-5,-6,16
1742099549.892133,-33,-4,-99
1742099549.927133,-5,3,-57
1742099549.9621332,26,11,4
1742099549.9981332,24,17,62
1742099550.0341332,-11,15,-9
1742099550.069133,50,51,-115
1742099550.105133,-91,-16,-83
1742099550.1401331,-69,-46,-51
1742099550.175133,52,1,-77
1742099550.210133,-13,3,0
1742099550.246133,80,70,-61
1742099550.282133,38,56,-149
1742099550.3171332,-53,-3,-82
1742099550.3531332,68,-88,-8
1742099550.388133,-31,51,-92
1742099550.4231331,22,37,-28
1742099550.458133,-29,39,-14
1742099550.494133,-23,60,-192
1742099550.530133,-17,12,37
1742099550.565133,-51,24,-72
1742099550.601133,-57,7,-98
1742099550.6361332,4,-33,-46
1742099550.671133,-13,50,-106
1742099550.7061331,6,-11,49
1742099550.7421331,94,-25,-98
1742099550.7781332,8,48,21
1742099550.813133,-31,-67,-12
1742099550.849133,50,-49,-36
1742099550.884133,-55,10,-34
1742099550.9191332,-19,30,-140
1742099550.954133,22,-47,-74
1742099550.990133,88,-17,-20
1742099551.026133,-11,-33,5
1742099551.0611331,0,-7,21
1742099551.0971332,-43,-23,-76
1742099551.132133,-31,18,27
1742099551.167133,8,24,-52
1742099551.2021332,-55,24,-144
1742099551.2381332,-17,-79,-94
1742099551.274133,-13,-23,31
1742099551.309133,-65,34,-96
1742099551.345133,8,24,-50
1742099551.3801332,44,-1,-50
1742099551.415133,-21,24,-50
1742099551.450133,32,18,-42
1742099551.486133,62,64,-22
1742099551.522133,-109,-39,-78
1742099551.5571332,-31,38,-24
1742099551.593133,30,50,69
1742099551.628133,-63,56,47
1742099551.6631331,-21,22,-56
1742099551.6991332,14,-35,23
1742099551.734133,-75,-47,-18
1742099551.770133,36,8,-76
1742099551.805133,-17,-23,137
1742099551.841133,30,50,21
1742099551.876133,8,8,-42
1742099551.911133,20,-7,-26
1742099551.947133,28,29,-14
1742099551.9821332,-15,-33,-156
1742099552.0181332,-33,-61,-120
1742099552.053133,-29,44,-130
1742099552.089133,-9,16,-66
1742099552.124133,-57,44,19
1742099552.1591332,52,100,-66
1742099552.195133,0,-81,-6
1742099552.230133,-5,-23,-60
1742099552.266133,4,-77,49
1742099552.3011332,-83,18,-106
1742099552.3371332,-45,-73,-18
1742099552.372133,58,-9,-78
1742099552.407133,4,22,33
1742099552.443133,42,-21,-12
1742099552.4781332,-37,36,-186
1742099552.514133,-81,-1,-42
1742099552.549133,10,26,33
1742099552.585133,66,30,-66
1742099552.6201332,-11,-39,93
1742099552.655133,-73,4,115
1742099552.691133,36,-23,59
1742099552.726133,-51,52,-48
1742099552.7621331,-37,-65,-36
1742099552.797133,22,-47,-172
1742099552.833133,8,12,-172
1742099552.868133,-9,-25,21
1742099552.9031332,36,-67,-26
1742099552.9391332,-35,-19,-74
1742099552.974133,-19,18,-26
1742099553.010133,32,22,19
1742099553.045133,-33,-15,29
1742099553.0811331,10,22,3
1742099553.116133,0,-1,-88
1742099553.151133,98,-55,-88
1742099553.187133,-75,26,-84
1742099553.2221332,66,0,-8
1742099553.2581332,-31,-41,65
1742099553.293133,40,34,-178
1742099553.329133,24,0,-18
1742099553.3641331,-1,-21,-126
1742099553.399133,-5,56,-40
1742099553.435133,-35,54,-222
1742099553.470133,-59,-13,-6
1742099553.506133,44,2,-20
1742099553.5411332,38,-83,-112
1742099553.5771332,-41,62,-160
1742099553.612133,-17,-53,-48
1742099553.647133,-1,-17,65
1742099553.6831331,20,76,-32
1742099553.718133,-47,-9,-86
1742099553.754133,-1,-27,-34
1742099553.789133,26,-19,-2
1742099553.825133,32,28,-68
1742099553.861133,2,-5,-78
1742099553.897133,20,-7,-16
1742099553.9331331,-3,44,37
1742099553.9691331,-61,-19,-50
1742099554.0051332,-9,18,-104
1742099554.040133,18,28,-78
1742099554.075133,44,-13,3
1742099554.111133,56,-51,9
1742099554.147133,21,42,-40
1742099554.1821332,-20,-7,-70
1742099554.218133,-82,-1,-80
1742099554.253133,59,74,-56
1742099554.2881331,15,2,-16
1742099554.323133,42,-31,-32
1742099554.359133,104,-71,-20
1742099554.395133,-7,42,-30
1742099554.430133,4,74,-24
1742099554.466133,32,82,5
1742099554.501133,-39,-29,-142
1742099554.536133,34,-29,-58
1742099554.5711331,-69,62,-128
1742099554.6071332,20,68,-56
1742099554.6431332,-35,78,-100
1742099554.678133,-23,8,-12
1742099554.714133,-5,-39,1
1742099554.749133,10,76,47
1742099554.7841332,48,8,-50
1742099554.819133,-37,84,-76
1742099554.855133,68,42,-12
1742099554.891133,-41,-33,-26
1742099554.9261332,30,40,-94
1742099554.9621332,18,-81,-102
1742099554.997133,20,-35,41
1742099555.032133,-71,28,-84
1742099555.0671332,64,4,9
1742099555.1031332,-69,38,-10
1742099555.139133,-33,-39,-4
1742099555.174133,-7,22,69
1742099555.210133,44,-49,-162
1742099555.2451332,50,-15,29
1742099555.280133,-55,8,-70
1742099555.315133,6,44,-22
1742099555.351133,36,64,-122
1742099555.3871331,60,-47,23
1742099555.422133,-17,24,7
1742099555.458133,140,-19,15
1742099555.493133,-17,8,-100
1742099555.5281332,8,2,113
1742099555.563133,-23,42,-102
1742099555.599133,4,-45,-12
1742099555.635133,62,-63,-6
1742099555.670133,44,-43,-76
1742099555.7061331,-21,68,-90
1742099555.741133,-59,36,5
1742099555.776133,-17,-15,-28
1742099555.8111331,-7,-11,-158
1742099555.8471332,66,0,-100
1742099555.8831332,-69,-53,41
1742099555.918133,-23,8,-86
1742099555.954133,-33,-55,-62
1742099555.9891331,14,50,41
1742099556.024133,-71,-63,3
1742099556.059133,56,-31,-46
1742099556.095133,22,32,75
1742099556.131133,4,-21,79
1742099556.1661332,-33,24,-38
1742099556.2021332,-11,76,-70
1742099556.237133,62,-11,-66
1742099556.272133,-71,-33,11
1742099556.3071332,76,-83,27
1742099556.343133,18,42,7
1742099556.379133,10,-11,-38
1742099556.414133,-97,34,-92
1742099556.450133,-43,58,-90
1742099556.4851332,12,-5,1
1742099556.520133,84,-9,-100
1742099556.555133,12,4,-130
1742099556.591133,-3,-21,-62
1742099556.6271331,32,6,-30
1742099556.662133,38,24,39
1742099556.7051332,-1,58,-32
1742099556.741133,22,40,57
1742099556.776133,16,70,-108
1742099556.8111331,62,40,-54
1742099556.8471332,-27,34,-74
1742099556.8831332,98,-13,13
1742099556.918133,6,-45,-118
1742099556.954133,46,-5,0
1742099556.9891331,-43,-41,81
1742099557.024133,-41,-13,-40
1742099557.059133,-9,20,-32
1742099557.095133,36,-35,49
1742099557.131133,-103,18,-138
1742099557.1661332,54,-29,35
1742099557.2021332,62,-1,-154
1742099557.237133,63,4,-55
1742099557.272133,-27,20,70
1742099557.3071332,77,64,-35
1742099557.343133,-33,104,72
1742099557.379133,30,24,40
1742099557.414133,30,0,-19
1742099557.450133,8,-17,-83
1742099557.4851332,34,44,74
1742099557.520133,-21,8,-9
1742099557.555133,-11,-33,54
1742099557.591133,4,-89,88
1742099557.6271331,-45,62,-119
1742099557.662133,-33,72,-53
1742099557.698133,-53,-5,-107
1742099557.733133,106,-3,-131
1742099557.7681332,56,-1,-13
1742099557.803133,-49,-23,40
1742099557.839133,28,-59,-141
1742099557.875133,-51,0,12
1742099557.9101331,16,34,-111
1742099557.9461331,-23,74,-69
1742099557.981133,80,8,-141
1742099558.016133,0,-17,-65
1742099558.052133,4,52,-29
1742099558.0871332,8,-37,-93
1742099558.1231332,12,-29,4
1742099558.158133,-11,0,-71
1742099558.194133,46,-3,-131
1742099558.2291331,46,-35,66
1742099558.264133,-21,-23,0
1742099558.300133,18,-21,-79
1742099558.335133,-51,-39,48
1742099558.371133,-13,53,-77
1742099558.4061332,96,0,-111
1742099558.4421332,-29,-42,-141
1742099558.477133,82,31,-169
1742099558.5121331,-37,-48,-41
1742099558.5481331,30,35,-101
1742099558.583133,86,11,-57
1742099558.619133,-135,61,0
1742099558.654133,66,27,-121
1742099558.690133,26,-41,72
1742099558.7251332,10,38,-13
1742099558.760133,-77,-52,-123
1742099558.796133,-9,41,-59
1742099558.832133,-3,71,-139
1742099558.868133,12,-94,-203
1742099558.9031332,-91,-48,14
1742099558.9391332,-41,-26,-113
1742099558.974133,-11,-105,-71
1742099559.010133,50,142,-31
1742099559.045133,-43,40,-219
1742099559.0801332,76,0,-1
1742099559.116133,24,8,98
1742099559.151133,34,60,-29
1742099559.187133,18,42,122
1742099559.2221332,4,0,20
1742099559.2581332,-11,9,-119
1742099559.293133,-11,47,-75
1742099559.328133,-59,-36,-43
1742099559.3641331,-25,35,62
1742099559.399133,28,-46,-175
1742099559.435133,16,-6,-101
1742099559.470133,32,77,-67
1742099559.506133,66,21,-47
1742099559.5411332,-11,51,-106
1742099559.576133,10,-46,-30
1742099559.612133,0,-24,-120
1742099559.647133,28,-44,-2
1742099559.6831331,-23,75,-120
1742099559.718133,-21,50,15
1742099559.754133,34,11,53
1742099559.789133,28,93,5
1742099559.8241332,86,-4,-36
1742099559.8601332,28,-40,-4
1742099559.895133,12,43,-18
1742099559.931133,-51,-56,-84
1742099559.966133,-73,14,-76
1742099560.0021331,48,-1,-8
1742099560.037133,-75,-18,-58
1742099560.072133,-1,17,-70
1742099560.108133,-105,-3,23
1742099560.1431332,6,-17,-62
1742099560.1791332,18,24,25
1742099560.214133,-57,8,-66
1742099560.250133,-7,-11,-36
1742099560.286133,0,-44,-20
1742099560.322133,4,-41,-114
1742099560.358133,68,-31,43
1742099560.394133,-55,-31,-42
1742099560.430133,4,36,-8
1742099560.466133,20,-41,-2
1742099560.5021331,-29,38,-118
1742099560.537133,-35,-5,25
1742099560.572133,-25,-5,-60
1742099560.608133,42,-17,-20
1742099560.644133,92,0,-84
1742099560.6791332,6,-57,-80
1742099560.7151332,26,2,-76
1742099560.750133,2,-63,15
1742099560.7851331,40,-35,-198
1742099560.820133,62,32,151
1742099560.856133,-17,4,-90
1742099560.892133,-17,-7,-48
1742099560.927133,4,36,-80
1742099560.963133,32,-39,-14
1742099560.9981332,-23,-7,109
1742099561.033133,-101,8,-76
1742099561.068133,-37,-31,-118
1742099561.1041331,-5,-9,-44
1742099561.1401331,4,34,-104
1742099561.175133,2,-1,-66
1742099561.211133,-51,46,-82
1742099561.246133,-7,50,29
1742099561.2811332,-61,14,-68
1742099561.316133,-89,-95,-8
1742099561.352133,44,-53,-138
1742099561.388133,-65,20,-30
1742099561.4231331,40,30,-99
1742099561.4591331,16,-3,-35
1742099561.494133,-89,8,-97
1742099561.529133,36,26,4
1742099561.5641332,-19,-3,33
1742099561.6001332,-71,18,9
1742099561.6361332,-71,-41,-176
1742099561.671133,62,46,-50
1742099561.707133,20,-1,45
1742099561.7421331,80,-11,-50
1742099561.777133,42,26,-22
1742099561.812133,34,46,7
1742099561.848133,32,28,-34
1742099561.884133,-27,70,-46
1742099561.9191332,-41,-27,-34
1742099561.9551332,-3,-13,-22
1742099561.990133,0,-23,-64
1742099562.0251331,-11,12,-74
1742099562.060133,92,-5,-54
1742099562.096133,2,34,7
1742099562.132133,-45,22,115
1742099562.167133,42,8,23
1742099562.203133,-39,0,3
1742099562.2381332,-29,-39,69
1742099562.273133,42,30,-106
1742099562.3081331,-29,-73,-114
1742099562.3441331,-83,0,65
1742099562.3801332,-1,6,13
1742099562.415133,-23,0,-62
1742099562.451133,-57,-27,-116
1742099562.486133,32,44,-114
1742099562.5211332,0,12,33
1742099562.556133,26,20,-72
1742099562.592133,18,-49,-84
1742099562.628133,44,16,-138
1742099562.6631331,26,14,-66
1742099562.6991332,24,14,7
1742099562.734133,-3,12,-26
1742099562.769133,54,14,-2
1742099562.8041332,40,-123,-12
1742099562.8401332,-37,52,-190
1742099562.876133,12,-25,-126
1742099562.911133,14,-29,0
1742099562.947133,-41,-35,-44
1742099562.9821332,70,-39,19
1742099563.017133,8,50,-182
1742099563.052133,18,2,-126
1742099563.088133,40,-9,-48
1742099563.124133,-49,98,-136
1742099563.1591332,-53,36,-106
1742099563.195133,98,-33,-106
1742099563.230133,14,28,-112
1742099563.2651331,-7,-55,-78
1742099563.300133,72,-53,-44
1742099563.336133,54,-75,-132
1742099563.372133,-29,-21,-128
1742099563.407133,-23,84,-50
1742099563.443133,8,-29,-96
1742099563.4781332,8,-23,29
1742099563.513133,-9,24,-80
1742099563.5481331,32,-29,-66
1742099563.5841331,-81,38,-12
1742099563.6201332,19,-23,-36
1742099563.655133,82,-33,-74
1742099563.691133,31,24,-86
1742099563.726133,-39,26,-38
1742099563.7611332,-26,38,-56
1742099563.796133,62,-21,-50
1742099563.832133,43,-17,-80
1742099563.868133,-8,64,-80
1742099563.9031332,35,28,-112
1742099563.9391332,-22,70,27
1742099563.974133,43,-19,-190
1742099564.009133,-18,54,-114
1742099564.0441332,-66,48,-40
1742099564.0801332,41,-49,45
1742099564.116133,-30,76,-94
1742099564.151133,0,68,-54
1742099564.187133,-60,6,-42
1742099564.2221332,7,24,0
1742099564.257133,-66,-59,-184
1742099564.292133,-28,-19,-78
1742099564.328133,-50,22,-54
1742099564.3641331,11,-57,-70
1742099564.399133,13,-53,65
1742099564.435133,-28,-7,-120
1742099564.470133,-81,-47,27
1742099564.5051332,62,30,-44
1742099564.540133,36,-23,31
1742099564.576133,110,-1,7
1742099564.612133,-53,-85,-244
1742099564.647133,-29,44,-2
1742099564.6831331,-1,-57,-62
1742099564.718133,-81,32,-132
1742099564.753133,50,38,-140
1742099564.789133,-55,-19,5
1742099564.8241332,10,52,-86
1742099564.8601332,28,-53,25
1742099564.895133,88,-53,-142
1742099564.931133,-9,16,51
1742099564.966133,18,-15,-12
1742099565.001133,70,-31,-29
1742099565.037133,-19,-37,-7
1742099565.072133,12,-71,-71
1742099565.108133,-7,-73,36
1742099565.1431332,10,54,16
1742099565.1791332,-47,-1,-71
1742099565.214133,14,-17,-3
1742099565.249133,22,-19,-55
1742099565.2851331,86,18,-53
1742099565.320133,-35,8,-99
1742099565.356133,23,16,-3
1742099565.391133,76,14,-97
1742099565.427133,24,16,-17
1742099565.4621332,64,38,16
1742099565.497133,32,-17,-31
1742099565.533133,-41,6,14
1742099565.568133,-7,-31,-153
1742099565.6041331,-83,38,-147
1742099565.639133,-103,-73,-37
1742099565.675133,-45,-43,-85
1742099565.710133,40,12,-61
1742099565.7451332,46,0,-95
1742099565.7811332,46,-49,-159
1742099565.816133,-37,-67,-17
1742099565.852133,-3,27,-59
1742099565.8871331,-25,-24,20
1742099565.9231331,4,11,-145
1742099565.958133,28,87,-53
1742099565.993133,14,9,-31
1742099566.029133,-99,0,16
1742099566.0641332,-15,23,-67
1742099566.1001332,-27,-7,-29
1742099566.135133,-73,12,0
1742099566.171133,16,-19,-55
1742099566.2061331,-3,-69,-105
1742099566.241133,46,6,-89
1742099566.277133,22,60,-45
1742099566.312133,-43,-31,-177
1742099566.348133,-69,2,-57
1742099566.3831332,-101,-21,-213
1742099566.4191332,4,-1,-43
1742099566.454133,-23,-15,-25
1742099566.4891331,2,-9,-105
1742099566.5251331,0,14,-141
1742099566.560133,12,64,0
1742099566.596133,6,26,-98
1742099566.631133,-77,26,37
1742099566.667133,-17,-55,-130
1742099566.7091331,50,2,-46
1742099566.7451332,12,48,-56
1742099566.7811332,-49,60,-22
1742099566.816133,26,-9,-38
1742099566.852133,-13,-13,-66
1742099566.8871331,-61,12,-48
1742099566.922133,66,0,-52
1742099566.957133,18,-53,51
1742099566.993133,-77,-19,-174
1742099567.029133,-79,2,-20
1742099567.0641332,-79,-67,-4
1742099567.1001332,-11,-41,-50
1742099567.135133,26,28,-32
1742099567.170133,62,12,-14
1742099567.2051332,32,24,-28
1742099567.241133,78,10,-12
1742099567.277133,12,-19,-4
1742099567.312133,28,-37,17
1742099567.348133,-19,-15,-76
1742099567.3831332,-55,-15,0
1742099567.418133,30,-25,7
1742099567.453133,-17,8,33
1742099567.4891331,48,34,-48
1742099567.5251331,-3,56,-152
1742099567.560133,58,106,-4
1742099567.596133,16,-29,-122
1742099567.631133,2,6,-42
1742099567.6661332,-61,-19,-86
1742099567.701133,-2,-56,-66
1742099567.737133,14,56,-36
1742099567.773133,78,32,5
1742099567.8081331,20,-48,-58
1742099567.8441331,50,-34,-40
1742099567.879133,66,-12,37
1742099567.914133,55,50,13
1742099567.9491332,-8,-24,-128
1742099567.9851332,91,-96,-48
1742099568.0211332,-8,-40,-134
1742099568.056133,-18,16,-44
1742099568.092133,30,-84,-38
1742099568.1271331,28,0,-136
1742099568.162133,-14,0,-50
1742099568.197133,12,38,-14
1742099568.233133,-22,6,-108
1742099568.269133,-28,-23,-72
1742099568.3041332,50,-43,-12
1742099568.3401332,49,-15,-160
1742099568.375133,-9,40,-32
1742099568.4101331,-29,52,53
1742099568.445133,-13,-85,-12
1742099568.481133,-65,8,135
1742099568.517133,-25,10,-56
1742099568.552133,-13,2,-50
1742099568.588133,78,-47,-172
1742099568.6231332,8,24,53
1742099568.658133,-31,8,-74
1742099568.693133,-41,56,-34
1742099568.7291331,28,8,-34
1742099568.7651331,-95,-33,-104
1742099568.800133,28,10,-144
1742099568.836133,104,81,-104
1742099568.871133,-25,-37,-6
1742099568.9061332,-63,0,13
1742099568.941133,52,-33,-70
1742099568.977133,14,32,-62
1742099569.013133,2,-13,-32
1742099569.0481331,28,-19,17
1742099569.0841331,34,50,-60
1742099569.119133,-23,30,29
1742099569.154133,-33,10,-166
1742099569.1891332,86,-15,-91
1742099569.2251332,-45,-13,-80
1742099569.2611332,22,-3,-173
1742099569.296133,84,24,-115
1742099569.332133,2,84,10
1742099569.3671331,74,-49,-104
1742099569.402133,14,8,-121
1742099569.437133,10,-45,86
1742099569.473133,28,-5,-83
1742099569.509133,-33,-21,36
1742099569.5441332,-27,0,-25
1742099569.5801332,18,-5,-35
1742099569.615133,78,72,-41
1742099569.6501331,-29,-9,-121
1742099569.685133,10,44,60
1742099569.721133,-43,78,-77
1742099569.757133,48,8,27
1742099569.792133,-43,20,43
1742099569.828133,-65,4,-184
1742099569.8631332,-37,2,-20
1742099569.898133,22,-57,-52
1742099569.9331331,-21,-15,-98
1742099569.9691331,0,-57,-62
1742099570.0051332,58,-51,-96
1742099570.040133,-7,8,-126
1742099570.076133,-7,-23,-28
1742099570.111133,66,48,-48
1742099570.1461332,102,24,41
1742099570.181133,-41,-15,-132
1742099570.217133,-111,-13,43
1742099570.253133,-7,34,29
1742099570.2881331,42,-19,-18
1742099570.3241332,42,-11,-152
1742099570.359133,-7,-23,-78
1742099570.394133,20,20,-82
1742099570.4291332,-63,-17,-104
1742099570.4651332,-29,0,7
1742099570.501133,-13,-23,-80
1742099570.536133,2,-5,-64
1742099570.572133,-89,-17,-66
1742099570.6071332,24,2,-92
1742099570.642133,36,-15,-66
1742099570.677133,-5,10,-24
1742099570.713133,-9,24,17
1742099570.749133,-35,4,-4
1742099570.7841332,68,33,-36
1742099570.820133,-65,48,-126
1742099570.855133,12,-43,-158
1742099570.8901331,-13,-19,-58
1742099570.925133,114,0,-68
1742099570.961133,0,13,-22
1742099570.997133,32,0,-62
1742099571.032133,-23,28,37
1742099571.068133,-7,35,-42
1742099571.1031332,28,-6,-18
1742099571.138133,6,-14,-78
1742099571.174133,32,-4,47
1742099571.2091331,46,47,-96
1742099571.2451332,12,57,-164
1742099571.280133,-1,-60,-128
1742099571.316133,-27,-24,-42
1742099571.351133,26,-8,-144
1742099571.3861332,-11,-26,-2
1742099571.422133,18,-24,-58
1742099571.457133,-25,15,-92
1742099571.493133,-79,-26,-92
1742099571.5281332,-7,23,17
1742099571.5641332,0,-26,-94
1742099571.599133,26,-86,-6
1742099571.634133,18,21,153
1742099571.670133,-47,9,-20
1742099571.7051332,-41,63,-42
1742099571.741133,26,-54,-11
1742099571.776133,64,47,5
1742099571.812133,-49,-54,-124
1742099571.8471332,-41,0,-60
1742099571.882133,36,-30,-37
1742099571.918133,-69,-26,37
1742099571.953133,34,-34,-47
1742099571.9891331,-29,43,-91
1742099572.024133,-27,5,-49
1742099572.060133,40,-40,24
1742099572.095133,-47,-70,-127
1742099572.1301332,-43,-14,-71
1742099572.1661332,14,19,-99
1742099572.201133,-93,71,28
1742099572.237133,26,-2,-1
1742099572.272133,10,-31,14
1742099572.3081331,0,8,-13
1742099572.343133,114,-25,-159
1742099572.378133,-59,0,-33
1742099572.414133,26,-2,-143
1742099572.4491332,-25,-20,-63
1742099572.4851332,24,-26,-33
1742099572.520133,6,-90,-1
1742099572.556133,52,-43,-51
1742099572.591133,-147,56,48
1742099572.626133,10,-27,-37
1742099572.662133,-103,-42,-61
1742099572.697133,-55,17,0
1742099572.733133,34,-1,-85
1742099572.7681332,-85,-25,-63
1742099572.8041332,82,-1,-123
1742099572.839133,-53,-125,-195
1742099572.874133,34,-73,-63
1742099572.9101331,-19,4,12
1742099572.945133,0,-35,-181
1742099572.981133,-1,52,-67
1742099573.016133,-41,-69,-5
1742099573.052133,-11,50,80
1742099573.0871332,-59,28,-75
1742099573.122133,-7,-21,-65
1742099573.158133,-3,-39,-39
1742099573.193133,-11,82,-119
1742099573.2291331,70,34,-35
1742099573.264133,-61,56,-63
1742099573.300133,38,-25,-19
1742099573.335133,6,-111,-101
1742099573.3701332,8,102,-181
1742099573.4061332,-63,-1,38
1742099573.441133,84,-39,-93
1742099573.477133,-59,-27,-11
1742099573.5121331,12,-15,-245
1742099573.547133,8,-9,-47
1742099573.582133,-37,32,-33
1742099573.618133,2,48,-83
1742099573.654133,72,-67,-57
1742099573.6891332,-35,-5,-107
1742099573.7251332,-35,44,-5
1742099573.760133,-21,14,-117
1742099573.795133,-33,4,-23
1742099573.8301332,16,-41,-85
1742099573.866133,48,-29,-61
1742099573.902133,14,6,-159
1742099573.937133,26,-13,-79
1742099573.973133,-87,-95,30
1742099574.0081332,14,-31,-101
1742099574.043133,-35,-65,-61
1742099574.078133,62,4,-11
1742099574.1141331,82,6,96
1742099574.1501331,148,22,-13
1742099574.185133,28,-43,-115
1742099574.221133,-43,66,-63
1742099574.256133,62,6,-15
1742099574.2911332,-53,18,-29
1742099574.326133,28,34,-105
1742099574.362133,-89,-1,34
1742099574.398133,-7,122,-43
1742099574.4331331,-27,58,-53
1742099574.4691331,74,-1,-125
1742099574.504133,34,-59,-29
1742099574.539133,-17,26,-171
1742099574.5741332,-19,6,-57
1742099574.6101332,-15,42,12
1742099574.6461332,32,48,-67
1742099574.681133,-63,8,48
1742099574.717133,14,-7,-93
1742099574.7521331,72,17,-53
1742099574.787133,20,29,-27
1742099574.822133,12,-10,-115
1742099574.858133,26,-48,-91
1742099574.894133,-61,15,-69
1742099574.9291332,6,-6,-25
1742099574.9651332,58,-2,24
1742099575.000133,-17,21,-41
1742099575.0351331,-35,-8,-13
1742099575.070133,-11,31,-9
1742099575.106133,-75,-68,22
1742099575.142133,46,-32,22
1742099575.177133,38,-12,-31
1742099575.213133,36,-16,-17
1742099575.2481332,102,3,-45
1742099575.283133,10,-64,-107
1742099575.319133,-31,-62,70
1742099575.355133,-3,25,-41
1742099575.3901331,16,-1,-77
1742099575.4261332,36,8,-63
1742099575.4621332,36,-95,-81
1742099575.497133,-115,-5,-69
1742099575.533133,2,-12,-69
1742099575.568133,90,29,-41
1742099575.6031332,8,0,-93
1742099575.638133,50,-42,-21
1742099575.674133,-3,-8,-45
1742099575.710133,-33,61,-53
1742099575.7451332,-39,1,-109
1742099575.7811332,8,13,-15
1742099575.816133,76,-12,34
1742099575.851133,112,-20,-119
1742099575.8861332,-47,-20,24
1742099575.922133,-27,29,26
1742099575.958133,-59,13,-49
1742099575.993133,-21,83,56
1742099576.029133,8,-34,-31
1742099576.0641332,-23,-38,-178
1742099576.099133,-7,-14,-106
1742099576.134133,24,43,-95
1742099576.170133,-47,-17,-43
1742099576.2061331,16,-17,58
1742099576.241133,-17,-21,-82
1742099576.277133,-5,36,21
1742099576.312133,-21,-25,-38
1742099576.3471332,64,64,63
1742099576.382133,-13,10,-84
1742099576.418133,-63,68,-26
1742099576.454133,0,-25,-12
1742099576.4891331,-45,-41,23
1742099576.5251331,30,36,-24
1742099576.560133,18,14,-82
1742099576.595133,-19,12,-226
1742099576.6301332,-3,-17,-162
1742099576.6661332,10,-45,-16
1742099576.7021332,-51,-45,-142
1742099576.744133,-33,-61,-142
1742099576.7811332,8,-49,-18
1742099576.816133,36,0,41
1742099576.851133,8,20,-82
1742099576.8861332,-7,-11,-66
1742099576.922133,32,-13,-40
1742099576.958133,-1,-29,49
1742099576.993133,44,-27,-72
1742099577.029133,-29,8,0
1742099577.0641332,-31,36,-146
1742099577.099133,-19,90,-40
1742099577.134133,34,64,-74
1742099577.170133,-51,-59,83
1742099577.2061331,-91,0,-92
1742099577.241133,-39,42,-104
1742099577.277133,-63,46,49
1742099577.312133,-7,46,31
1742099577.3471332,14,56,9
1742099577.382133,-33,-13,-102
1742099577.418133,16,84,-30
1742099577.454133,34,-43,-200
1742099577.4891331,34,-19,-28
1742099577.5251331,-51,116,-66
1742099577.560133,52,54,9
1742099577.595133,-9,12,39
1742099577.631133,-39,-9,-42
1742099577.6661332,12,58,-50
1742099577.7021332,36,-48,21
1742099577.737133,12,45,-166
1742099577.773133,6,7,-62
1742099577.8081331,0,33,-86
1742099577.843133,-53,-20,-30
1742099577.879133,10,-6,-54
1742099577.914133,-51,-8,-16
1742099577.950133,48,-18,-26
1742099577.9851332,-11,-16,-30
1742099578.0211332,18,7,43
1742099578.056133,30,-76,89
1742099578.091133,-21,-84,-32
1742099578.1271331,36,27,-82
1742099578.162133,72,63,-94
1742099578.198133,44,-42,-184
1742099578.233133,-63,33,-22
1742099578.269133,8,15,-112
1742099578.3041332,-81,43,-126
1742099578.339133,30,-36,-42
1742099578.375133,6,29,-102
1742099578.4101331,-41,71,35
1742099578.4461331,-29,19,-74
1742099578.481133,-65,11,-10
1742099578.517133,44,-2,15
1742099578.552133,34,37,-130
1742099578.5871332,88,12,-36
1742099578.6231332,-9,-57,61
1742099578.658133,-33,-29,-66
1742099578.694133,36,44,99
1742099578.7291331,-41,-12,-78
1742099578.7651331,54,54,-44
1742099578.800133,-25,8,-56
1742099578.835133,-5,29,-22
1742099578.871133,8,32,-124
1742099578.9061332,-39,58,-28
1742099578.9421332,76,-48,-66
1742099578.977133,62,11,33
1742099579.013133,26,64,-152
1742099579.0481331,46,22,-62
1742099579.083133,72,0,-92
1742099579.119133,22,16,57
1742099579.154133,38,26,-52
1742099579.190133,16,80,-72
1742099579.2251332,20,22,25
1742099579.2611332,18,0,-76
1742099579.296133,56,68,47
1742099579.3311331,54,26,51
1742099579.3671331,-5,8,-68
1742099579.402133,-15,-51,-6
1742099579.438133,88,20,1
1742099579.473133,-35,-77,19
1742099579.509133,-57,-85,-120
1742099579.5441332,-17,58,-122
1742099579.579133,10,32,29
1742099579.615133,48,-1,-60
1742099579.6501331,12,8,-154
1742099579.6861331,62,68,-80
1742099579.721133,-25,0,-86
1742099579.757133,54,66,99
1742099579.792133,-7,28,7
1742099579.8271332,-55,22,5
1742099579.8631332,10,34,-140
1742099579.898133,-61,14,-96
1742099579.934133,-11,-41,-152
1742099579.9691331,38,-77,-86
1742099580.0051332,118,6,-28
1742099580.0411332,46,-57,-116
1742099580.076133,58,0,-22
1742099580.111133,-25,38,-154
1742099580.147133,40,30,-12
1742099580.1831331,-81,30,-116
1742099580.218133,30,-9,-20
1742099580.254133,16,-25,-82
1742099580.289133,22,42,-68
1742099580.3241332,-53,-45,1
1742099580.359133,58,-5,49
1742099580.395133,48,-11,67
1742099580.431133,0,-47,-6
1742099580.466133,-55,-9,-110
1742099580.5021331,16,30,-4
1742099580.537133,-69,-1,-134
1742099580.572133,-61,4,13
1742099580.6071332,112,-19,-42
1742099580.644133,10,-59,-72
1742099580.6791332,28,-23,-176
1742099580.7151332,-61,-49,-100
1742099580.751133,40,64,-52
1742099580.786133,-35,84,-22
1742099580.822133,-9,-35,-16
1742099580.8571332,-3,12,-230
1742099580.892133,26,42,-144
1742099580.927133,46,-3,-62
1742099580.963133,-5,-3,-156
1742099580.999133,28,-25,-24
1742099581.0341332,26,-97,13
1742099581.070133,-55,22,-102
1742099581.105133,42,-15,-98
1742099581.1401331,44,50,-24
1742099581.175133,-21,-35,-206
1742099581.211133,68,2,29
1742099581.247133,22,-19,-36
1742099581.282133,-9,40,-192
1742099581.318133,-15,-85,-97
1742099581.3531332,-1,-67,-131
1742099581.388133,-25,80,-146
1742099581.4231331,-17,-31,-98
1742099581.4591331,-35,-15,-24
1742099581.4951332,-17,-5,-80
1742099581.530133,34,-33,-45
1742099581.566133,-63,22,30
1742099581.601133,-23,-25,34
1742099581.6361332,86,66,-63
1742099581.671133,4,-13,-89
1742099581.707133,-37,-45,14
1742099581.743133,8,0,14
1742099581.7781332,14,50,-99
1742099581.8141332,-25,-45,-63
1742099581.849133,-61,-3,-179
1742099581.884133,-21,38,-5
1742099581.9191332,56,-7,-135
1742099581.9551332,46,10,-117
1742099581.991133,-35,-23,-61
1742099582.026133,-23,-83,-37
1742099582.062133,0,-33,-153
1742099582.0971332,-7,88,-103
1742099582.132133,-5,-35,12
1742099582.167133,74,24,16
1742099582.203133,42,28,26
1742099582.2391331,-45,-67,-151
1742099582.274133,68,-69,-87
1742099582.310133,44,-1,-7
1742099582.345133,-51,-3,4
1742099582.3801332,0,2,-153
1742099582.415133,70,-7,-83
1742099582.451133,36,-15,-89
1742099582.487133,30,18,-1
1742099582.522133,28,-53,-27
1742099582.5581331,20,-7,-39
1742099582.593133,-47,78,-23
1742099582.628133,46,-79,-133
1742099582.6631331,22,-97,-9
1742099582.6991332,-113,46,-137
1742099582.7351332,16,-67,-69
1742099582.770133,-7,66,-155
1742099582.806133,38,-25,8
1742099582.841133,-11,16,-27
1742099582.876133,2,32,-159
1742099582.911133,40,-23,-59
1742099582.947133,24,18,-13
1742099582.983133,34,-41,-107
1742099583.0181332,86,0,-35
1742099583.0541332,13,-11,-105
1742099583.089133,-22,-23,-117
1742099583.124133,19,-51,-51
1742099583.1591332,27,38,-31
1742099583.195133,-26,16,-57
1742099583.231133,-32,-13,-27
1742099583.266133,59,6,-135
1742099583.302133,-54,-45,-87
1742099583.3371332,-43,-1,44
1742099583.372133,24,-11,-23
1742099583.407133,-33,36,12
1742099583.443133,42,-53,-59
1742099583.4791331,-109,0,-79
1742099583.514133,14,30,36
1742099583.550133,40,26,-91
1742099583.585133,-15,18,-69
1742099583.6201332,-53,-19,-115
1742099583.6561332,42,24,-45
1742099583.691133,64,-74,-119
1742099583.727133,-17,65,138
1742099583.7621331,14,31,-167
1742099583.7981331,-179,3,12
1742099583.833133,56,-80,22
1742099583.868133,18,29,-61
1742099583.9031332,-61,-26,-71
1742099583.9391332,4,-32,62
1742099583.9751332,-45,-3,54
1742099584.010133,-51,44,-97
1742099584.046133,-29,28,16
1742099584.0811331,-1,-44,30
1742099584.116133,-35,8,-181
1742099584.152133,-55,-45,-91
1742099584.187133,22,-25,-119
1742099584.223133,24,-15,-127
1742099584.2581332,14,21,-237
1742099584.2941332,-43,-52,76
1742099584.329133,28,-18,-165
1742099584.3641331,-17,61,-35
1742099584.4001331,4,-50,-43
1742099584.435133,-21,-80,-153
1742099584.471133,-25,19,-87
1742099584.506133,-77,-54,-25
1742099584.542133,24,-20,44
1742099584.5771332,-29,17,-95
1742099584.612133,42,-8,-29
1742099584.648133,-55,47,-25
1742099584.6831331,-17,39,40
1742099584.7191331,-77,-2,10
1742099584.754133,14,32,-163
1742099584.790133,-38,0,-9
1742099584.825133,-26,86,-15
1742099584.8601332,-4,14,0
1742099584.8961332,7,-20,-103
1742099584.931133,-6,75,102
1742099584.967133,-12,1,-17
1742099585.0021331,-31,5,24
1742099585.0381331,8,-8,-103
1742099585.073133,-29,-34,-65
1742099585.108133,62,26,-37
1742099585.144133,-25,80,-55
1742099585.1791332,8,2,-43
1742099585.2151332,-37,46,-41
1742099585.250133,-63,51,-91
1742099585.286133,38,80,-25
1742099585.3211331,38,-22,-33
1742099585.356133,57,15,-127
1742099585.392133,53,-22,2
1742099585.427133,27,-28,-19
1742099585.463133,-50,3,-47
1742099585.4981332,75,-30,-166
1742099585.5341332,-43,-32,-104
1742099585.569133,32,-70,-68
1742099585.6041331,-17,-44,-12
1742099585.6401331,14,-46,69
1742099585.675133,18,1,-150
1742099585.711133,-41,-32,-66
1742099585.746133,-9,-2,-72
1742099585.782133,-59,-2,-122
1742099585.8171332,48,-8,-88
1742099585.852133,-33,7,-36
1742099585.888133,-15,11,-24
1742099585.9231331,12,-8,-16
1742099585.9591331,-65,35,-36
1742099585.994133,54,-22,-12
1742099586.030133,-81,-74,-10
1742099586.065133,50,-22,-2
1742099586.1001332,-21,-32,-54
1742099586.1361332,-23,-18,-68
1742099586.171133,-15,-92,-62
1742099586.207133,16,-2,39
1742099586.2421331,-63,-52,105
1742099586.2781332,22,-32,-78
1742099586.313133,40,11,15
1742099586.348133,6,-26,-58
1742099586.384133,-19,-4,-72
1742099586.4191332,-93,73,-92
1742099586.4551332,-21,-50,-6
1742099586.490133,-3,-36,-32
1742099586.526133,28,49,-4
1742099586.562133,-43,-1,-12
1742099586.5971332,-5,56,-60
1742099586.632133,2,16,-100
1742099586.668133,-115,-13,-24
1742099586.704133,-9,49,-84
1742099586.746133,30,24,89
1742099586.783133,6,9,-108
1742099586.818133,32,65,-62
1742099586.8531332,-63,7,-16
1742099586.888133,-15,26,-32
1742099586.924133,54,-27,3
1742099586.960133,-49,-7,-2
1742099586.9951332,-31,-19,-128
1742099587.0311332,52,60,55
1742099587.066133,-21,44,21
1742099587.101133,-15,-5,-34
1742099587.1361332,24,-9,-78
1742099587.172133,2,34,-78
1742099587.208133,84,14,23
1742099587.243133,0,-87,73
1742099587.279133,-1,28,-78
1742099587.3141332,-15,-23,69
1742099587.349133,-7,62,-72
1742099587.384133,0,10,-70
1742099587.420133,2,18,-96
1742099587.4561331,-29,18,21
1742099587.491133,-47,-57,-64
1742099587.527133,-3,-21,-20
1742099587.562133,28,16,-48
1742099587.5971332,10,-13,15
1742099587.632133,-45,-49,-24
1742099587.668133,20,16,-28
1742099587.704133,26,-3,-70
1742099587.7391331,-11,22,-24
1742099587.7751331,28,-19,28
1742099587.810133,-23,0,-65
1742099587.845133,-59,0,-45
1742099587.8801332,-31,76,-102
1742099587.9161332,-52,-39,-42
1742099587.9521332,10,28,22
1742099587.987133,43,-37,-35
1742099588.023133,47,-55,-91
1742099588.0581331,-2,-9,-61
1742099588.093133,0,54,56
1742099588.128133,61,12,-71
1742099588.164133,51,-13,-79
1742099588.200133,1,16,-195
1742099588.2351332,-14,32,-61
1742099588.2711332,-18,14,-45
1742099588.306133,-4,-1,40
1742099588.341133,25,-1,-73
1742099588.376133,-34,16,14
1742099588.412133,-8,-27,-49
1742099588.448133,-50,-29,-1
1742099588.483133,23,-97,-91
1742099588.519133,-40,12,14
1742099588.5541332,31,6,-115
1742099588.589133,-14,-15,-95
1742099588.624133,-13,-9,-89
1742099588.6601331,-27,-7,-61
1742099588.6961331,20,-51,-57
1742099588.731133,46,58,20
1742099588.767133,-94,10,-57
1742099588.802133,24,80,-111
1742099588.8371332,-9,-33,-97
1742099588.872133,-3,0,-47
1742099588.908133,68,32,-169
1742099588.944133,32,-9,-69
1742099588.9791331,54,72,6
1742099589.0151331,-83,66,-55
1742099589.050133,44,45,-91
1742099589.085133,-21,0,-93
1742099589.1201332,8,-24,-73
1742099589.1561332,32,84,-71
1742099589.1921332,-33,-43,62
1742099589.227133,14,-31,-43
1742099589.263133,-1,-1,66
1742099589.2981331,20,14,-99
1742099589.333133,60,-25,-91
1742099589.368133,-25,40,-105
1742099589.404133,-15,-3,32
1742099589.440133,46,14,-171
1742099589.4751332,28,50,-125
1742099589.5111332,36,-1,-49
1742099589.546133,-27,-7,-161
1742099589.5811331,-57,52,10
1742099589.616133,30,80,-35
1742099589.652133,8,62,-101
1742099589.688133,-63,-18,-95
1742099589.723133,-25,53,0
1742099589.759133,16,11,24
1742099589.7941332,42,-34,-39
1742099589.829133,-19,-38,-79
1742099589.865133,-3,34,-9
1742099589.9001331,12,8,-63
1742099589.9361331,58,-33,-88
1742099589.971133,-57,38,-90
1742099590.007133,-7,-26,-4
1742099590.042133,84,38,51
1742099590.0771332,-113,62,-28
1742099590.112133,-81,-45,-34
1742099590.148133,62,-61,-58
1742099590.184133,0,4,-12
1742099590.2191331,-13,54,-38
1742099590.2551332,26,8,33
1742099590.290133,34,-45,-84
1742099590.325133,-17,-13,-136
1742099590.3601332,-21,-33,-14
1742099590.3961332,12,60,-42
1742099590.4321332,-11,12,-44
1742099590.467133,-11,66,-12
1742099590.503133,-41,-83,-62
1742099590.5381331,6,-25,-30
1742099590.573133,10,-83,-78
1742099590.609133,-52,66,-56
1742099590.644133,-38,0,-128
1742099590.680133,-62,-13,-126
1742099590.7151332,-90,24,21
1742099590.751133,-102,28,0
1742099590.786133,-32,8,-148
1742099590.8211331,13,8,-50
1742099590.8571332,-5,74,37
1742099590.892133,-16,-27,-16
1742099590.928133,-49,0,-32
1742099590.963133,12,30,-22
1742099590.999133,32,-5,-146
1742099591.0341332,-35,-59,55
1742099591.069133,-41,26,23
1742099591.105133,11,-19,7
1742099591.1401331,98,-59,-66
1742099591.1761332,24,-41,-78
1742099591.211133,-61,-17,-32
1742099591.247133,19,-45,-158
1742099591.282133,-32,104,-114
1742099591.3171332,67,-27,117
1742099591.3531332,71,118,-64
1742099591.388133,75,-7,-16
1742099591.424133,11,-61,-44
1742099591.4591331,-44,-37,-80
1742099591.4951332,-20,18,7
1742099591.530133,-58,-81,-6
1742099591.565133,57,-23,-144
1742099591.601133,0,94,-48
1742099591.6361332,-29,18,-70
1742099591.672133,-17,10,-46
1742099591.707133,16,-13,-82
1742099591.743133,66,-41,-86
1742099591.7781332,2,32,-6
1742099591.813133,48,-91,-2
1742099591.849133,-65,10,-160
1742099591.884133,38,64,-140
1742099591.920133,12,66,-58
1742099591.9551332,20,-59,-26
1742099591.991133,-65,102,13
1742099592.026133,-49,-47,-40
1742099592.0611331,-19,-25,-36
1742099592.0971332,-7,-7,41
1742099592.132133,48,-35,-82
1742099592.168133,16,56,-62
1742099592.203133,4,-1,-124
1742099592.2391331,60,-19,-104
1742099592.274133,-89,36,-22
1742099592.309133,-47,34,59
1742099592.345133,0,-45,23
1742099592.3801332,-43,18,-56
1742099592.4161332,82,-31,-6
1742099592.451133,26,-3,-32
1742099592.487133,44,78,-8
1742099592.522133,38,38,15
1742099592.5571332,16,8,23
1742099592.593133,52,10,-16
1742099592.628133,66,8,-14
1742099592.664133,-23,54,-28
1742099592.6991332,60,28,-173
1742099592.7351332,-85,-18,-141
1742099592.770133,-81,21,-25
1742099592.805133,44,-13,-5
1742099592.841133,-27,-3,20
1742099592.876133,-33,-10,28
1742099592.912133,-43,-30,-165
1742099592.947133,80,0,50
1742099592.983133,-65,25,-145
1742099593.019133,-15,1,0
1742099593.0541332,12,-8,-81
1742099593.089133,-17,-39,-157
1742099593.125133,20,66,8
1742099593.161133,86,3,-59
1742099593.1961331,46,34,-49
1742099593.2321332,26,-81,18
1742099593.267133,46,-8,-44
1742099593.302133,-43,-22,13
1742099593.3371332,44,71,-120
1742099593.3731332,46,13,-83
1742099593.4091332,12,18,20
1742099593.444133,-1,-26,20
1742099593.480133,94,0,-41
1742099593.5151331,6,73,-47
1742099593.550133,-59,-28,-19
1742099593.585133,42,-58,26
1742099593.621133,12,-32,-11
1742099593.657133,-45,43,38
1742099593.6921332,38,11,52
1742099593.7281332,-23,11,2
1742099593.763133,-45,-50,-75
1742099593.7981331,18,117,-57
1742099593.833133,-57,-26,-65
1742099593.869133,38,-20,-23
1742099593.905133,-23,39,-49
1742099593.940133,2,-34,-113
1742099593.976133,-14,75,-95
1742099594.0111332,25,-26,-85
1742099594.046133,33,-56,-29
1742099594.0811331,-25,33,22
1742099594.1171331,-109,69,-83
1742099594.1531332,-37,-10,-35
1742099594.188133,0,-7,-95
1742099594.224133,-7,11,14
1742099594.259133,-65,3,-115
1742099594.2941332,-1,51,48
1742099594.329133,30,-13,-5
1742099594.365133,122,-17,-19
1742099594.401133,-17,37,16
1742099594.4361331,-33,3,-53
1742099594.4721332,0,-70,30
1742099594.507133,10,35,-157
1742099594.542133,-75,61,-111
1742099594.5771332,-1,-12,-57
1742099594.6131332,-75,-30,-31
1742099594.649133,90,-62,0
1742099594.684133,44,0,28
1742099594.720133,18,-20,-19
1742099594.7551332,-5,-2,-115
1742099594.790133,18,65,-155
1742099594.825133,4,60,-131
1742099594.861133,34,12,-33
1742099594.897133,34,44,-11
1742099594.9321332,54,24,-143
1742099594.968133,-33,46,-121
1742099595.003133,-31,54,-73
1742099595.0381331,0,-15,-21
1742099595.073133,-29,40,14
1742099595.109133,-15,19,48
1742099595.145133,30,-27,-135
1742099595.180133,-7,-1,-129
1742099595.216133,14,20,20
1742099595.251133,-5,14,-103
1742099595.286133,-15,64,-129
1742099595.3211331,6,-13,-63
1742099595.3571332,-39,10,38
1742099595.3931332,32,-89,-31
1742099595.428133,22,-11,40
1742099595.464133,-35,-33,14
1742099595.499133,64,27,-23
1742099595.5341332,-5,7,94
1742099595.569133,-59,-25,36
1742099595.605133,-57,-15,-35
1742099595.641133,26,48,46
1742099595.6761332,-13,46,-61
1742099595.7121332,20,30,-87
1742099595.747133,-41,-101,-101
1742099595.782133,12,-20,-1
1742099595.8171332,-73,-82,-131
1742099595.8531332,-81,-63,-193
1742099595.889133,26,-12,64
1742099595.924133,32,43,-5
1742099595.960133,58,69,20
1742099595.9951332,18,-77,-65
1742099596.030133,-33,70,-79
1742099596.065133,-21,12,-129
1742099596.101133,-1,-11,-117
1742099596.1371331,0,-35,-35
1742099596.172133,26,40,16
1742099596.208133,-33,2,-17
1742099596.243133,-9,-11,36
1742099596.2781332,0,-17,-99
1742099596.313133,-55,36,-75
1742099596.349133,-95,-21,-117
1742099596.385133,-83,-13,-63
1742099596.420133,-13,-19,-27
1742099596.4561331,-3,-91,24
1742099596.491133,24,44,-19
1742099596.526133,12,-75,-77
1742099596.5611331,16,12,-175
1742099596.5971332,106,-95,-25
1742099596.6331332,-17,6,-127
1742099596.668133,-59,2,0
1742099596.704133,20,-87,-87
1742099596.7391331,78,28,-65
1742099596.7811332,-3,8,-63
1742099596.8171332,18,18,12
1742099596.8531332,-45,14,-61
1742099596.889133,44,-27,-69
1742099596.924133,-11,-51,-23
1742099596.960133,-21,-29,-59
1742099596.9951332,-101,42,-9
1742099597.030133,-15,24,-43
1742099597.065133,-36,8,-57
1742099597.101133,4,-25,-169
1742099597.1371331,44,32,-113
1742099597.172133,10,20,36
1742099597.208133,-55,-29,-13
1742099597.243133,26,-43,-15
1742099597.2781332,0,-11,4
1742099597.3141332,52,-35,18
1742099597.349133,-43,0,-111
1742099597.385133,6,75,-25
1742099597.420133,22,-17,-35
1742099597.4561331,-71,-25,-131
1742099597.491133,-27,-57,74
1742099597.526133,58,-39,-101
1742099597.562133,40,-3,-115
1742099597.5971332,-7,-3,-99
1742099597.6331332,-27,118,-179
1742099597.668133,-7,-3,-45
1742099597.704133,-21,-33,-25
1742099597.7391331,88,-41,52
1742099597.774133,-21,-13,-93
1742099597.810133,62,-27,-9
1742099597.845133,-35,14,-45
1742099597.881133,-23,16,-61
1742099597.9161332,-69,4,6
1742099597.9521332,-5,40,-1
1742099597.987133,0,-71,26
1742099598.022133,8,12,-55
1742099598.0581331,-7,-11,44
1742099598.093133,-9,-7,24
1742099598.129133,16,10,-47
1742099598.164133,94,32,-73
1742099598.200133,76,-3,-119
1742099598.2351332,16,-33,18
1742099598.270133,64,28,-23
1742099598.306133,-27,-45,-161
1742099598.341133,-3,10,-201
1742099598.3771331,44,8,18
1742099598.412133,-17,2,-29
1742099598.448133,18,-63,-75
1742099598.483133,-69,-1,-27
1742099598.5181332,62,-25,-171
1742099598.5541332,16,-33,-95
1742099598.589133,48,12,-49
1742099598.625133,-17,-7,-109
1742099598.6601331,-9,-47,-83
1742099598.6961331,22,32,10
1742099598.731133,90,-13,-117
1742099598.766133,-3,12,-87
1742099598.802133,26,42,-105
1742099598.8371332,-15,60,-33
1742099598.8731332,56,-19,-101
1742099598.908133,-21,20,-53
1742099598.944133,16,6,-91
1742099598.9791331,54,-17,-103
1742099599.014133,-1,22,-51
1742099599.050133,-25,-3,-157
1742099599.085133,-29,41,-125
1742099599.121133,-11,21,4
1742099599.1561332,-39,30,12
1742099599.1921332,36,12,8
1742099599.227133,24,52,52
1742099599.2621331,22,-31,82
1742099599.2981331,28,21,-55
1742099599.333133,72,65,-51
1742099599.369133,-31,35,-99
1742099599.404133,-7,60,-69
1742099599.440133,76,0,-45
1742099599.476133,-43,64,-135
1742099599.5121331,92,-15,-133
1742099599.5481331,36,-34,80
1742099599.583133,62,38,44
1742099599.618133,46,-34,0
1742099599.654133,-11,-31,-55
1742099599.690133,46,14,6
1742099599.7251332,18,-99,-139
1742099599.7611332,20,-3,-51
1742099599.796133,6,76,-19
1742099599.8311331,-18,-11,-87
1742099599.866133,15,-9,-43
1742099599.902133,-76,-51,-15
1742099599.938133,-70,22,-19
1742099599.973133,-40,-4,-155
1742099600.009133,48,30,-29
1742099600.0441332,-32,-80,14
1742099600.079133,64,80,-91
1742099600.1141331,76,-15,-165
1742099600.1501331,30,46,-21
1742099600.1861331,-42,-18,-19
1742099600.221133,94,-86,48
1742099600.257133,-121,25,-157
1742099600.292133,-27,1,-21
1742099600.3271332,-11,82,-45
1742099600.362133,4,18,-9
1742099600.398133,-39,-23,-56
1742099600.434133,62,-21,-19
1742099600.4691331,-11,-5,-39
1742099600.5051332,-15,-17,55
1742099600.540133,4,22,-74
1742099600.575133,-57,-19,-70
1742099600.6101332,-79,-17,-46
1742099600.6461332,-25,2,0
1742099600.6821332,62,56,-36
1742099600.717133,24,28,-136
1742099600.753133,52,76,-98
1742099600.7881331,94,-21,18
1742099600.823133,-23,-1,-137
1742099600.858133,22,50,-79
1742099600.894133,26,-39,-75
1742099600.930133,-53,70,-141
1742099600.9651332,24,-9,22
1742099601.001133,6,-13,-43
1742099601.036133,76,-38,10
1742099601.0711331,-3,-98,34
1742099601.106133,-29,-6,-187
1742099601.142133,34,37,-25
1742099601.178133,44,21,-39
1742099601.213133,-35,-50,-151
1742099601.249133,20,-98,2
1742099601.2841332,18,-56,-135
1742099601.319133,-53,9,44
1742099601.3541331,-47,11,-7
1742099601.3901331,90,-16,-69
1742099601.4261332,-7,95,-85
1742099601.461133,-29,25,-91
1742099601.497133,24,59,-71
1742099601.532133,-47,51,30
1742099601.5671332,-15,-58,40
1742099601.602133,16,-42,-125
1742099601.638133,-21,-48,-95
1742099601.674133,78,-53,-87
1742099601.7091331,-23,-30,-13
1742099601.7451332,28,13,-17
1742099601.780133,16,-8,-5
1742099601.815133,-17,43,-125
1742099601.8501332,-5,41,-63
1742099601.8861332,28,-13,-75
1742099601.922133,-27,-12,-69
1742099601.957133,-79,-59,-15
1742099601.993133,-37,-55,-23
1742099602.0281332,58,6,-109
1742099602.063133,-35,-31,-111
1742099602.098133,-21,-1,-86
1742099602.134133,6,42,-89
1742099602.170133,16,38,42
1742099602.2051332,46,-49,-31
1742099602.241133,-5,6,82
1742099602.276133,-115,22,-59
1742099602.3111331,-3,6,16
1742099602.346133,22,-13,-127
1742099602.382133,-11,80,-51
1742099602.418133,6,26,-39
1742099602.453133,-31,-25,-73
1742099602.4891331,38,6,-55
1742099602.524133,26,-29,-3
1742099602.559133,-73,-59,-23
1742099602.5941331,16,30,-31
1742099602.6301332,6,12,-35
1742099602.6661332,68,100,32
1742099602.701133,34,-41,8
1742099602.737133,-47,-37,-30
1742099602.772133,-41,-37,-89
1742099602.8071332,-23,-41,-58
1742099602.842133,-45,12,0
1742099602.878133,8,43,101
1742099602.914133,78,35,-112
1742099602.9491332,-13,13,-124
1742099602.9851332,-27,-30,-70
1742099603.020133,-87,-22,-34
1742099603.055133,78,-10,-198
1742099603.0901332,34,13,-96
1742099603.126133,32,-3,-18
1742099603.162133,-59,-5,10
1742099603.197133,-5,-35,-99
1742099603.233133,6,-64,13
1742099603.2681332,-73,61,-70
1742099603.303133,-15,19,-42
1742099603.338133,-99,-28,-18
1742099603.374133,-43,31,-58
1742099603.4101331,-69,-20,11
1742099603.445133,42,-30,-80
1742099603.481133,-35,33,-42
1742099603.516133,12,-70,-64
1742099603.5511332,18,35,-52
1742099603.586133,42,5,11
1742099603.622133,-39,17,63
1742099603.658133,80,-38,-84
1742099603.693133,50,45,-52
1742099603.7291331,22,-4,-76
1742099603.764133,-9,-82,-128
1742099603.799133,0,-44,5
1742099603.835133,-49,-12,-148
1742099603.8701332,12,17,-74
1742099603.9061332,-1,-8,-86
1742099603.941133,-29,-8,-56
1742099603.977133,-17,75,43
1742099604.0121331,-25,25,-96
1742099604.047133,-23,0,-30
1742099604.083133,-21,-36,-46
1742099604.118133,72,11,11
1742099604.154133,-5,-64,-132
1742099604.1891332,16,-4,-4
1742099604.2251332,0,37,-22
1742099604.260133,-43,43,-16
1742099604.295133,38,-14,-150
1742099604.3311331,-73,5,-58
1742099604.366133,42,-40,-26
1742099604.402133,30,-8,-82
1742099604.437133,16,-34,-60
1742099604.473133,-27,1,-136
1742099604.5081332,-45,-16,-200
1742099604.543133,-1,11,-86
1742099604.579133,-15,35,-124
1742099604.6141331,8,-2,-92
1742099604.6501331,-65,27,13
1742099604.685133,48,6,-86
1742099604.721133,20,-55,57
1742099604.756133,104,-51,-10
1742099604.7911332,-23,40,-66
1742099604.8271332,22,-33,-134
1742099604.862133,34,17,-120
1742099604.898133,-25,81,-50
1742099604.9331331,80,17,-64
1742099604.9691331,0,19,-60
1742099605.004133,-23,3,53
1742099605.039133,-79,-17,-116
1742099605.075133,30,-25,-92
1742099605.1101332,50,14,43
1742099605.1461332,6,44,-56
1742099605.181133,18,-1,-104
1742099605.217133,70,0,25
1742099605.2521331,-41,-27,-88
1742099605.287133,-1,-73,-136
1742099605.323133,0,48,-148
1742099605.358133,50,-11,-18
1742099605.394133,38,28,-8
1742099605.4291332,96,40,-94
1742099605.4651332,50,-45,-192
1742099605.500133,-53,42,-28
1742099605.5351331,-79,8,-120
1742099605.5711331,68,14,-54
1742099605.606133,8,-19,-64
1742099605.642133,-47,-23,-94
1742099605.677133,56,-89,-92
1742099605.713133,-39,26,41
1742099605.7481332,24,46,5
1742099605.783133,-33,-35,-236
1742099605.819133,-25,-7,-84
1742099605.8541331,30,72,-110
1742099605.8901331,62,-41,21
1742099605.925133,-63,-35,-90
1742099605.961133,-51,60,-162
1742099605.997133,-39,-41,-170
1742099606.033133,-33,4,-62
1742099606.069133,-33,50,-14
1742099606.1041331,52,-15,27
1742099606.139133,8,22,-78
1742099606.175133,-47,6,-86
1742099606.211133,18,38,-40
1742099606.246133,-37,8,-14
1742099606.282133,60,50,-90
1742099606.3171332,94,-1,-130
1742099606.352133,-71,46,0
1742099606.3871331,82,-95,-76
1742099606.4231331,-21,-95,21
1742099606.4591331,-5,32,-50
1742099606.494133,52,18,-34
1742099606.530133,-31,32,-104
1742099606.565133,-3,4,-118
1742099606.6001332,-37,-53,-50
1742099606.635133,16,26,13
1742099606.671133,-19,10,1
1742099606.707133,4,-43,17
1742099606.7421331,-89,-7,11
1742099606.7851331,62,-45,45
1742099606.8211331,86,-41,-82
1742099606.856133,-75,76,-120
1742099606.891133,24,-49,-140
1742099606.927133,-33,40,-60
1742099606.963133,52,-5,-126
1742099606.9981332,-45,-19,-126
1742099607.0341332,6,-27,-108
1742099607.069133,-87,26,-14
1742099607.1041331,-33,-23,-96
1742099607.139133,34,36,-8
1742099607.175133,40,26,41
1742099607.211133,-7,-23,-98
1742099607.246133,18,-53,43
1742099607.282133,-31,-21,-34
1742099607.3171332,26,-9,-18
1742099607.352133,24,12,-48
1742099607.3871331,36,13,33
1742099607.4231331,30,42,-38
1742099607.4591331,52,-26,-46
1742099607.494133,-55,6,-26
1742099607.530133,46,-10,-92
1742099607.565133,-23,-13,1
1742099607.6001332,34,-9,-118
1742099607.635133,-27,-19,-20
1742099607.671133,56,-19,-46
1742099607.707133,14,-31,-50
1742099607.7421331,-75,-27,4
1742099607.7781332,4,-31,0
1742099607.813133,20,8,30
1742099607.848133,14,24,-41
1742099607.8831332,142,42,-91
1742099607.9191332,-65,-53,-13
1742099607.9551332,72,-25,-89
1742099607.990133,-21,64,27
1742099608.026133,70,-17,-144
1742099608.0611331,-85,-27,-58
1742099608.096133,-19,42,-64
1742099608.131133,74,16,11
1742099608.167133,-45,-3,5
1742099608.203133,-27,-17,-6
1742099608.2381332,66,-41,-96
1742099608.274133,106,-9,-114
1742099608.309133,0,34,-88
1742099608.3441331,-5,-29,-110
1742099608.379133,-17,16,-62
1742099608.415133,-101,16,-124
1742099608.451133,-19,-21,-123
1742099608.486133,-43,72,-77
1742099608.522133,6,-1,56
1742099608.5571332,-39,30,-63
1742099608.592133,0,-83,14
1742099608.6271331,44,-39,-165
1742099608.6631331,-53,20,-23
1742099608.6991332,72,-51,-99
1742099608.734133,56,54,-51
1742099608.770133,20,64,-121
1742099608.805133,-1,-33,-109
1742099608.8401332,18,38,-31
1742099608.875133,8,-43,-93
1742099608.911133,44,-5,-135
1742099608.947133,2,22,-47
1742099608.9821332,80,14,-41
1742099609.0181332,1,-21,20
1742099609.053133,-70,-59,16
1742099609.088133,17,-7,-121
1742099609.1231332,27,-23,-101
1742099609.1591332,-98,-88,-59
1742099609.195133,-24,10,-99
1742099609.230133,-64,52,-105
1742099609.266133,-38,-82,-51
1742099609.3011332,14,-14,-15
1742099609.336133,28,8,-47
1742099609.371133,60,24,-99
1742099609.407133,10,32,-69
1742099609.443133,-9,37,-39
1742099609.4781332,82,-62,-49
1742099609.514133,-9,-12,26
1742099609.549133,26,7,-89
1742099609.5841331,22,-42,-21
1742099609.619133,12,61,-63
1742099609.655133,-7,39,20
1742099609.691133,30,-74,-123
1742099609.726133,52,-16,-17
1742099609.7621331,-41,-20,-133
1742099609.797133,0,-74,-47
1742099609.832133,-17,7,-137
1742099609.8671331,-22,8,-113
1742099609.9031332,-63,-3,-89
1742099609.9391332,36,-50,16
1742099609.974133,-41,-4,12
1742099610.010133,36,48,10
1742099610.045133,-19,-15,-57
1742099610.0801332,-21,-17,-101
1742099610.115133,-21,-29,40
1742099610.151133,-31,14,-59
1742099610.187133,-37,42,-61
1742099610.2221332,0,22,-209
1742099610.2581332,62,-25,-27
1742099610.293133,60,66,46
1742099610.328133,-57,-34,-115
1742099610.3641331,-17,7,-15
1742099610.399133,32,-20,-125
1742099610.435133,40,-24,-75
1742099610.470133,108,-2,-21
1742099610.506133,-37,45,-61
1742099610.5411332,-9,-3,-143
1742099610.576133,18,32,-35
1742099610.612133,-71,2,42
1742099610.647133,8,-13,18
1742099610.6831331,-27,-59,-151
1742099610.718133,-23,-1,-141
1742099610.754133,-31,-9,-37
1742099610.789133,24,16,-55
1742099610.8241332,14,38,-43
1742099610.8601332,-5,-13,-25
1742099610.895133,-19,-75,-173
1742099610.931133,-3,16,128
1742099610.966133,28,-3,-83
1742099611.0021331,68,-53,-13
1742099611.037133,-83,-17,-83
1742099611.072133,-37,-3,-57
1742099611.108133,26,78,-47
1742099611.1431332,-57,116,102
1742099611.1791332,-97,60,-3
1742099611.214133,38,28,-5
1742099611.250133,58,-19,54
1742099611.2851331,-33,2,-111
1742099611.320133,2,2,-93
1742099611.356133,10,-1,-35
1742099611.391133,2,-47,-59
1742099611.427133,-17,-37,27
1742099611.4621332,68,56,-84
1742099611.4981332,24,-7,-128
1742099611.533133,-1,26,-140
1742099611.568133,36,18,79
1742099611.6041331,48,-21,-114
1742099611.639133,-47,-17,-94
1742099611.675133,-39,4,-69
1742099611.710133,-47,34,-57
1742099611.746133,42,6,-25
1742099611.7811332,-7,-59,-69
1742099611.816133,-61,-1,-23
1742099611.852133,4,6,-92
1742099611.8871331,-85,-7,-114
1742099611.9231331,-111,-3,-84
1742099611.958133,-55,72,-12
1742099611.994133,-45,-1,19
1742099612.029133,-21,-21,-58
1742099612.0641332,-87,16,-206
1742099612.1001332,-23,10,65
1742099612.135133,34,22,-44
1742099612.171133,56,40,-58
1742099612.2061331,96,16,-6
1742099612.2421331,-21,-33,23
1742099612.277133,88,-23,-18
1742099612.312133,70,5,-22
1742099612.348133,30,-80,63
1742099612.3831332,52,-30,-96
1742099612.4191332,2,-12,19
1742099612.454133,-57,53,-30
1742099612.490133,46,37,-14
1742099612.526133,62,-76,-12
1742099612.562133,-25,5,-98
1742099612.598133,18,33,47
1742099612.6331332,24,-86,-2
1742099612.668133,66,77,35
1742099612.704133,18,-46,55
1742099612.740133,32,55,-54
1742099612.7751331,-46,25,-86
1742099612.8111331,-35,-74,-106
1742099612.846133,22,57,1
1742099612.881133,-17,41,-126
1742099612.9161332,-56,83,9
1742099612.9521332,-51,11,133
1742099612.9881332,-27,29,-12
1742099613.023133,15,43,-68
1742099613.059133,-54,8,-54
1742099613.0941331,23,50,-96
1742099613.129133,37,12,-64
1742099613.164133,71,40,-84
1742099613.200133,-2,54,-50
1742099613.236133,-2,52,-56
1742099613.2711332,-16,20,-194
1742099613.3071332,-42,4,-66
1742099613.342133,-24,-23,-136
1742099613.3771331,-8,0,-114
1742099613.412133,-50,50,41
1742099613.448133,-76,16,-106
1742099613.484133,17,-61,15
1742099613.519133,13,2,-48
1742099613.555133,77,0,-86
1742099613.5901332,39,70,-114
1742099613.625133,73,28,63
1742099613.6601331,-39,26,9
1742099613.6961331,64,-25,-76
1742099613.7321332,-23,-13,-94
1742099613.767133,-40,10,-46
1742099613.803133,69,18,-88
1742099613.838133,-58,48,17
1742099613.8731332,-28,66,-78
1742099613.908133,-7,-47,-14
1742099613.944133,-2,22,-136
1742099613.980133,67,-65,-166
1742099614.0151331,-2,80,-118
1742099614.0511332,3,-35,9
1742099614.086133,17,-41,-26
1742099614.121133,-20,0,-92
1742099614.1561332,-54,36,-40
1742099614.1921332,-6,-5,-20
1742099614.2281332,-24,-65,-112
1742099614.263133,35,64,-56
1742099614.299133,5,-33,-32
1742099614.3341331,43,-25,-62
1742099614.369133,-38,66,7
1742099614.404133,-48,84,-12
1742099614.440133,31,48,73
1742099614.476133,43,-49,-38
1742099614.5111332,-30,-113,-94
1742099614.547133,83,18,-36
1742099614.582133,-10,-39,9
1742099614.6171331,-83,6,71
1742099614.652133,12,26,3
1742099614.688133,-16,6,-30
1742099614.724133,-41,-29,43
1742099614.759133,-5,16,-104
1742099614.795133,-73,58,-40
1742099614.8301332,-39,58,-20
1742099614.865133,-39,10,-4
1742099614.9001331,39,18,-40
1742099614.9361331,-2,-33,51
1742099614.9721332,-42,-1,11
1742099615.007133,-38,-61,-52
1742099615.043133,27,6,-32
1742099615.078133,0,40,-58
1742099615.1131332,1,-3,-100
1742099615.148133,-74,-63,-122
1742099615.184133,-50,26,-114
1742099615.220133,-26,62,-46
1742099615.2551332,-16,10,35
1742099615.2911332,-22,62,-32
1742099615.326133,-37,22,-18
1742099615.361133,9,86,-52
1742099615.3961332,31,-39,27
1742099615.4321332,63,22,0
1742099615.468133,11,-5,-52
1742099615.503133,3,32,-46
1742099615.539133,-45,-1,-4
1742099615.5741332,56,-19,-58
1742099615.609133,-1,-87,-104
1742099615.644133,44,-5,65
1742099615.680133,-33,24,5
1742099615.716133,-67,2,-8
1742099615.751133,-76,-7,-86
1742099615.787133,57,74,-28
1742099615.822133,77,-33,-2
1742099615.8571332,-22,-75,-108
1742099615.892133,21,-75,79
1742099615.928133,26,30,-62
1742099615.964133,-23,28,79
1742099615.999133,-13,32,-16
1742099616.0351331,-31,40,-82
1742099616.070133,-55,-21,-34
1742099616.105133,8,-81,-48
1742099616.1401331,-53,14,-40
1742099616.1761332,30,20,-164
1742099616.2121332,-19,148,-26
1742099616.247133,52,-67,-188
1742099616.283133,-23,6,-32
1742099616.318133,-21,4,-16
1742099616.3531332,2,68,-32
1742099616.388133,-33,4,-30
1742099616.424133,90,16,-84
1742099616.460133,-25,72,0
1742099616.4951332,24,14,1
1742099616.5311332,-15,-11,25
1742099616.566133,38,-85,-30
1742099616.601133,12,0,-12
1742099616.6371331,36,-3,61
1742099616.672133,0,-47,-32
1742099616.708133,52,40,-106
1742099616.743133,-64,-25,-14
1742099616.786133,95,-21,15
1742099616.822133,33,-9,-24
1742099616.8571332,-32,44,-14
1742099616.8931332,57,-99,-30
1742099616.928133,-32,16,-86
1742099616.964133,27,28,-22
1742099616.999133,45,22,63
1742099617.0351331,117,60,-84
1742099617.070133,17,-27,-64
1742099617.105133,75,32,-84
1742099617.141133,-46,42,-28
1742099617.1761332,-10,-11,-100
1742099617.2121332,-20,-9,-88
1742099617.247133,-10,-37,9
1742099617.283133,-22,16,-58
1742099617.318133,47,-25,101
1742099617.3531332,-72,24,-106
1742099617.389133,11,80,-24
1742099617.424133,1,24,21
1742099617.460133,13,-17,-102
1742099617.4951332,83,48,-94
1742099617.5311332,-20,60,-86
1742099617.566133,7,-89,-136
1742099617.601133,-12,32,31
1742099617.6371331,-4,-25,87
1742099617.672133,77,-53,-34
1742099617.708133,-60,2,-140
1742099617.743133,-8,50,13
1742099617.779133,9,-7,87
1742099617.8141332,45,0,25
1742099617.849133,7,-49,-18
1742099617.885133,-26,-63,-186
1742099617.920133,51,-11,-38
1742099617.9561331,-6,24,-134
1742099617.991133,-38,-113,-40
1742099618.027133,-36,58,41
1742099618.062133,-28,48,-274
1742099618.0971332,27,44,23
1742099618.1331332,-78,12,-108
1742099618.168133,-82,18,65
1742099618.204133,85,66,3
1742099618.2391331,-26,-61,-28
1742099618.2751331,65,-73,-90
1742099618.310133,53,44,-126
1742099618.345133,17,18,-98
1742099618.381133,-50,26,-24
1742099618.4161332,-8,4,-42
1742099618.4521332,31,-3,-142
1742099618.487133,51,30,-42
1742099618.523133,-10,-19,-34
1742099618.5581331,-8,-3,-104
1742099618.593133,-6,-41,-122
1742099618.629133,71,-65,-22
1742099618.664133,-50,96,-2
1742099618.700133,-40,12,-66
1742099618.7351332,-6,-83,-80
1742099618.7711332,8,48,15
1742099618.806133,44,22,-72
1742099618.841133,54,68,-54
1742099618.8771331,30,22,33
1742099618.912133,-3,28,-120
1742099618.948133,-39,-5,-38
1742099618.983133,-1,14,57
1742099619.019133,28,-55,-148
1742099619.055133,-55,-14,-6
1742099619.091133,-21,-11,-184
1742099619.1271331,-35,-98,47
1742099619.162133,-37,-32,-80
1742099619.197133,22,-38,-108
1742099619.233133,-13,47,-130
1742099619.269133,-11,85,-50
1742099619.3041332,12,-24,-108
1742099619.3401332,52,27,-38
1742099619.375133,-37,49,-18
1742099619.4101331,-1,-2,-22
1742099619.445133,-63,-32,-48
1742099619.481133,56,-62,-74
1742099619.517133,20,-27,-28
1742099619.552133,14,64,-202
1742099619.588133,-31,-20,-36
1742099619.6231332,14,-3,-22
1742099619.658133,18,-67,-74
1742099619.693133,26,80,-60
1742099619.7291331,-7,-15,21
1742099619.7651331,-7,-39,37
1742099619.800133,14,10,-22
1742099619.836133,-13,92,-28
1742099619.871133,0,-31,-68
1742099619.9061332,2,12,-32
1742099619.941133,-21,56,49
1742099619.977133,10,70,33
1742099620.013133,10,6,-82
1742099620.0481331,-57,-9,-4
1742099620.0841331,12,52,63
1742099620.119133,52,60,-152
1742099620.154133,-61,-11,-20
1742099620.1891332,48,-27,-52
1742099620.2251332,58,54,91
1742099620.2611332,-7,-57,-118
1742099620.296133,56,60,-146
1742099620.332133,20,-17,0
1742099620.3671331,-49,32,-20
1742099620.402133,-1,54,-50
1742099620.437133,50,-21,67
1742099620.473133,-29,24,11
1742099620.509133,-43,-25,27
1742099620.5441332,-3,12,-64
1742099620.5801332,32,-9,-70
1742099620.615133,76,-51,-14
1742099620.6501331,34,32,5
1742099620.685133,-13,44,25
1742099620.721133,-21,24,-48
1742099620.757133,0,-37,-134
1742099620.792133,4,2,43
1742099620.828133,-25,2,-88
1742099620.8631332,-1,24,-56
1742099620.898133,36,0,-92
1742099620.9331331,-73,-129,-68
1742099620.9691331,-41,-27,-138
1742099621.0051332,4,2,21
1742099621.040133,-27,40,39
1742099621.076133,-31,20,-66
1742099621.111133,-54,-101,-148
1742099621.1461332,-60,48,41
1742099621.181133,0,66,-2
1742099621.217133,65,82,-66
1742099621.253133,9,32,-90
1742099621.2881331,9,-21,-84
1742099621.3241332,33,10,57
1742099621.359133,15,106,-22
1742099621.394133,-49,10,-80
1742099621.4291332,96,14,-140
1742099621.4651332,-33,-5,-66
1742099621.501133,54,10,11
1742099621.536133,-143,-43,-86
1742099621.572133,0,-29,165
1742099621.6071332,-7,60,-174
1742099621.642133,16,12,69
1742099621.677133,-47,10,-6
1742099621.713133,-97,-15,-58
1742099621.749133,58,-31,-234
1742099621.7841332,0,-79,-2
1742099621.820133,-73,40,13
1742099621.855133,0,2,-188
1742099621.8901331,22,-31,-116
1742099621.925133,26,40,-70
1742099621.961133,-105,-15,-8
1742099621.997133,-3,-23,55
1742099622.032133,6,44,-60
1742099622.068133,-97,-49,-136
1742099622.1031332,-11,8,-44
1742099622.138133,-35,-59,-74
1742099622.1731331,-1,-27,113
1742099622.2091331,6,-45,-44
1742099622.2451332,-53,10,7
1742099622.280133,72,60,-120
1742099622.316133,72,2,-126
1742099622.351133,10,24,-72
1742099622.3861332,-3,22,73
1742099622.421133,44,-37,-60
1742099622.457133,-11,-61,-72
1742099622.493133,2,-107,19
1742099622.5281332,42,8,15
1742099622.5641332,-57,36,-82
1742099622.599133,-59,-29,-62
1742099622.634133,52,6,-116
1742099622.6691332,-17,58,-146
1742099622.7051332,-47,56,-124
1742099622.741133,32,-29,15
1742099622.776133,10,62,-58
1742099622.812133,38,10,-6
1742099622.8471332,32,8,-154
1742099622.882133,20,16,-88
1742099622.917133,-9,-89,-42
1742099622.953133,70,20,-122
1742099622.9891331,28,-23,-132
1742099623.024133,-35,-81,5
1742099623.060133,-1,-55,-80
1742099623.095133,38,28,-6
1742099623.1301332,-73,-19,-68
1742099623.165133,14,-47,-90
1742099623.201133,26,-37,-28
1742099623.237133,-1,-7,-16
1742099623.272133,18,-11,-66
1742099623.3081331,12,46,-58
1742099623.343133,4,-5,-110
1742099623.378133,44,10,63
1742099623.414133,-31,-27,13
1742099623.4491332,-13,-67,-12
1742099623.4851332,2,18,-94
1742099623.520133,-27,-13,-40
1742099623.556133,44,-69,-2
1742099623.591133,52,-21,-64
1742099623.626133,32,-19,-62
1742099623.662133,26,6,-110
1742099623.697133,0,26,83
1742099623.733133,-27,18,-154
1742099623.7681332,-51,58,-128
1742099623.8041332,-69,6,-62
1742099623.839133,20,-41,-42
1742099623.874133,-15,52,-56
1742099623.9101331,16,-67,-88
1742099623.945133,62,22,-30
1742099623.981133,-75,-15,-10
1742099624.016133,-3,-59,67
1742099624.052133,-39,16,-132
1742099624.0871332,-37,12,-95
1742099624.122133,-27,16,-20
1742099624.158133,-47,36,37
1742099624.193133,-9,-47,47
1742099624.2291331,-51,9,111
1742099624.264133,8,-39,-82
1742099624.300133,-99,14,-56
1742099624.335133,-49,-27,17
1742099624.3701332,-3,12,5
1742099624.4061332,-31,-1,-138
1742099624.441133,-1,12,55
1742099624.477133,-55,52,27
1742099624.5121331,48,24,-72
1742099624.5481331,16,-37,-130
1742099624.583133,-7,-53,79
1742099624.618133,76,-27,27
1742099624.654133,26,132,-126
1742099624.6891332,72,-57,41
1742099624.7251332,6,14,-100
1742099624.760133,44,-31,-48
1742099624.796133,-49,0,13
1742099624.8311331,-45,68,-74
1742099624.866133,-19,-23,-22
1742099624.902133,-1,16,27
1742099624.937133,-19,42,-64
1742099624.973133,26,82,25
1742099625.0081332,14,20,-26
1742099625.0441332,-55,-25,-172
1742099625.079133,56,-75,-64
1742099625.1141331,-39,-29,-88
1742099625.1501331,114,74,-112
1742099625.185133,-3,6,-42
1742099625.221133,70,-57,-18
1742099625.256133,-7,-39,-150
1742099625.292133,-41,32,-50
1742099625.3271332,18,44,-102
1742099625.362133,6,-55,-2
1742099625.398133,-53,11,-172
1742099625.4331331,-21,-55,0
1742099625.4691331,12,23,21
1742099625.504133,-15,-1,-48
1742099625.540133,-25,94,-40
1742099625.576133,-25,28,-26
1742099625.612133,84,62,-28
1742099625.648133,86,-11,-10
1742099625.6831331,64,-55,27
1742099625.718133,16,49,-196
1742099625.754133,-23,-2,-146
1742099625.790133,-65,-66,-22
1742099625.825133,-37,-28,-14
1742099625.861133,-22,82,-104
1742099625.8961332,-14,41,-140
1742099625.931133,62,23,-176
1742099625.966133,-45,29,-58
1742099626.0021331,0,-76,-88
1742099626.0381331,58,81,-104
1742099626.073133,-23,13,3
1742099626.109133,-7,19,-214
1742099626.144133,34,81,-60
1742099626.1791332,-21,-8,-14
1742099626.214133,96,31,41
1742099626.250133,18,-54,-20
1742099626.286133,-43,5,-80
1742099626.3211331,-1,-22,-122
1742099626.3571332,12,-58,5
1742099626.392133,-59,-12,-52
1742099626.427133,6,-68,11
1742099626.4621332,20,-46,-106
1742099626.4981332,-65,-16,-110
1742099626.5341332,12,39,-76
1742099626.569133,-59,63,-72
1742099626.605133,-55,9,-30
1742099626.6401331,-25,45,-108
1742099626.675133,-23,-70,-52
1742099626.710133,30,13,-98
1742099626.746133,64,45,5
1742099626.789133,-15,5,-14
1742099626.825133,50,25,-20
1742099626.861133,24,-38,-94
1742099626.8961332,0,7,-114
1742099626.931133,-31,-68,-206
1742099626.966133,18,19,-64
1742099627.0021331,24,5,27
1742099627.0381331,-35,-62,57
1742099627.073133,30,-32,-110
1742099627.109133,-5,77,39
1742099627.144133,-93,-20,-70
1742099627.1791332,-3,103,-18
1742099627.214133,-81,29,55
1742099627.250133,54,65,-58
1742099627.286133,26,19,15
1742099627.3211331,-5,19,-86
1742099627.3571332,-31,21,17
1742099627.392133,-99,-46,-164
1742099627.427133,44,-26,9
1742099627.4621332,-65,9,-124
1742099627.4981332,50,3,-34
1742099627.5341332,46,-2,-166
1742099627.569133,-21,23,-64
1742099627.605133,26,9,-176
1742099627.6401331,-43,-66,-2
1742099627.675133,68,-32,-68
1742099627.710133,22,61,33
1742099627.746133,76,13,59
1742099627.782133,-19,-2,29
1742099627.8171332,0,-42,-86
1742099627.8531332,58,39,77
1742099627.888133,-57,61,-60
1742099627.9231331,-89,55,-32
1742099627.958133,110,37,9
1742099627.994133,10,-6,-84
1742099628.030133,26,-24,-16
1742099628.065133,6,-9,-132
1742099628.101133,-85,-70,-112
1742099628.1361332,-27,65,19
1742099628.171133,42,-28,-60
1742099628.2061331,84,-9,13
1742099628.2421331,-7,23,-2
1742099628.2781332,24,11,-214
1742099628.313133,-33,-13,-94
1742099628.349133,-29,-43,-10
1742099628.384133,14,-7,-14
1742099628.4191332,-3,47,-8
1742099628.454133,-5,6,-138
1742099628.490133,36,76,-120
1742099628.526133,2,-31,-120
1742099628.5611331,32,20,-144
1742099628.5971332,34,12,-56
1742099628.632133,-35,-51,-70
1742099628.667133,-21,22,-30
1742099628.7021332,10,-49,-18
1742099628.7381332,-13,-19,19
1742099628.774133,-25,4,-104
1742099628.809133,40,-63,25
1742099628.845133,34,-77,-76
1742099628.8801332,-89,58,-122
1742099628.915133,22,-31,61
1742099628.950133,44,32,-114
1742099628.986133,12,-53,-46
1742099629.022133,4,-23,-86
1742099629.0571332,4,-15,-92
1742099629.093133,-60,6,-70
1742099629.128133,-39,70,15
1742099629.1631331,18,56,13
1742099629.198133,18,-11,-18
1742099629.234133,-25,-15,-138
1742099629.270133,16,-1,-140
1742099629.305133,74,-57,-172
1742099629.341133,52,44,-114
1742099629.376133,-15,-1,-4
1742099629.411133,-11,48,-86
1742099629.4461331,58,16,-16
1742099629.4821332,26,-5,-144
1742099629.5181332,-21,-39,-26
1742099629.553133,-53,-31,-166
1742099629.589133,-27,16,-72
1742099629.624133,-45,80,-48
1742099629.6591332,30,62,-98
1742099629.694133,-25,-17,-78
1742099629.730133,50,24,-6
1742099629.766133,-25,64,-26
1742099629.8011332,-21,-7,-162
1742099629.8371332,12,-13,-60
1742099629.872133,10,-43,-52
1742099629.907133,18,88,-4
1742099629.943133,6,56,-8
1742099629.9781332,-1,24,-44
1742099630.014133,-23,8,-148
1742099630.049133,-119,16,35
1742099630.085133,-5,22,-76
1742099630.1201332,30,-55,-18
1742099630.155133,10,10,-56
1742099630.191133,58,-9,-104
1742099630.226133,-89,34,9
1742099630.2621331,-11,-1,-178
1742099630.297133,94,-97,17
1742099630.333133,14,-17,-32
1742099630.368133,0,-1,63
1742099630.4031332,52,-73,-40
1742099630.4391332,-59,-15,-12
1742099630.474133,48,53,-62
1742099630.510133,22,45,-142
1742099630.545133,68,-58,19
1742099630.5811331,40,58,-14
1742099630.616133,-7,4,-186
1742099630.651133,10,34,21
1742099630.687133,10,24,-46
1742099630.7221332,28,20,103
1742099630.7581332,30,-57,-139
1742099630.793133,34,-49,-119
1742099630.829133,0,14,-87
1742099630.8641331,50,-78,-111
1742099630.899133,-33,21,-77
1742099630.935133,-59,-20,-41
1742099630.970133,64,7,-55
1742099631.006133,36,-7,28
1742099631.0411332,-27,31,-7
1742099631.0771332,58,41,0
1742099631.112133,-33,-9,-43
1742099631.147133,46,20,-17
1742099631.1831331,-45,22,106
1742099631.218133,-39,-7,57
1742099631.254133,26,-53,5
1742099631.289133,-15,30,-6
1742099631.325133,60,-19,-42
1742099631.3601332,48,50,111
1742099631.395133,66,-3,44
1742099631.431133,40,-1,-13
1742099631.466133,56,-57,-93
1742099631.5021331,-79,-23,-19
1742099631.537133,-3,-21,-65
1742099631.573133,-35,8,-95
1742099631.608133,24,-23,6
1742099631.6431332,-23,-13,-35
1742099631.6791332,62,52,30
1742099631.714133,-11,-31,10
1742099631.750133,-25,-39,-17
1742099631.7851331,102,0,8
1742099631.8211331,48,-41,2
1742099631.856133,-37,-37,-35
1742099631.891133,-21,10,-3
1742099631.927133,-21,40,-11
1742099631.9621332,-79,34,2
1742099631.9981332,-27,-7,-61
1742099632.033133,-105,-69,-115
1742099632.069133,-33,-17,-79
1742099632.105133,0,-23,-207
1742099632.141133,86,-29,-241
1742099632.177133,-31,-37,-17
1742099632.2121332,-31,20,-45
1742099632.247133,-21,2,-97
1742099632.283133,6,-11,32
1742099632.319133,-11,-21,-1
1742099632.3541331,4,78,-69
1742099632.3901331,6,88,-139
1742099632.425133,8,-39,-13
1742099632.460133,-129,16,-99
1742099632.4951332,10,-1,-29
1742099632.5311332,-11,0,-45
1742099632.5671332,-9,-45,-99
1742099632.602133,28,20,-125
1742099632.638133,-41,74,62
1742099632.6731331,6,-7,-31
1742099632.708133,-35,10,14
1742099632.743133,32,-3,-25
1742099632.779133,-41,-73,-73
1742099632.815133,58,-9,-85
1742099632.8501332,12,-41,-153
1742099632.8861332,-5,-53,12
1742099632.921133,-61,12,14
1742099632.9561331,-45,6,-123
1742099632.991133,-65,66,-177
1742099633.027133,-57,10,-9
1742099633.063133,-109,62,-39
1742099633.098133,-73,40,-75
1742099633.134133,30,-59,52
1742099633.1691332,18,-13,-131
1742099633.204133,-27,18,2
1742099633.2391331,-63,-13,-45
1742099633.2751331,112,12,-73
1742099633.3111331,-21,-37,-175
1742099633.346133,-25,8,-71
1742099633.3831332,112,-39,16
1742099633.418133,30,-49,-75
1742099633.454133,94,15,20
1742099633.4891331,6,57,-3
1742099633.524133,18,45,-9
1742099633.559133,28,33,72
1742099633.595133,-47,-34,-71
1742099633.631133,32,31,-57
1742099633.6661332,-23,25,-87
1742099633.7021332,-1,-42,-125
1742099633.737133,24,-2,13
1742099633.772133,22,-10,-124
1742099633.8071332,24,-56,73
1742099633.843133,-19,-40,-82
1742099633.879133,-25,13,-46
1742099633.914133,-3,-30,-148
1742099633.950133,20,-32,-132
1742099633.9851332,-17,-60,-152
1742099634.020133,-3,77,-50
1742099634.055133,66,2,43
1742099634.091133,10,22,-88
1742099634.1271331,58,24,-68
1742099634.162133,16,-7,19
1742099634.198133,-21,-26,7
1742099634.233133,28,83,-80
1742099634.2681332,30,-41,-120
1742099634.303133,18,-39,15
1742099634.339133,52,-8,-50
1742099634.375133,0,-34,-128
1742099634.4101331,-9,7,33
1742099634.4461331,38,0,-138
1742099634.481133,66,50,-120
1742099634.516133,58,-49,-74
1742099634.5511332,54,6,0
1742099634.5871332,4,18,-128
1742099634.6231332,-25,-47,-88
1742099634.658133,-87,-15,11
1742099634.694133,66,6,39
1742099634.7291331,-33,80,53
1742099634.764133,18,62,-114
1742099634.799133,-23,12,-2
1742099634.835133,-11,64,-58
1742099634.871133,-81,-37,-44
1742099634.9061332,-51,-35,-2
1742099634.9421332,-121,-23,-30
1742099634.977133,-5,-45,-14
1742099635.0121331,-17,-93,-142
1742099635.047133,-1,-17,-158
1742099635.083133,12,12,-134
1742099635.119133,-11,-43,3
1742099635.154133,-27,21,-136
1742099635.190133,28,-31,-12
1742099635.2251332,0,-21,-146
1742099635.260133,-53,5,-32
1742099635.295133,-13,17,-80
1742099635.3311331,-67,-18,-28
1742099635.3671331,-11,-30,-66
1742099635.402133,104,-18,41
1742099635.438133,4,-12,-42
1742099635.473133,-5,-18,-6
1742099635.5081332,30,35,-86
1742099635.543133,-35,-56,-4
1742099635.579133,8,-50,-72
1742099635.615133,66,45,43
1742099635.6501331,18,-44,21
1742099635.6861331,20,19,-38
1742099635.721133,8,115,-36
1742099635.756133,-65,-48,-120
1742099635.7911332,-75,53,-100
1742099635.8271332,-5,59,55
1742099635.8631332,-69,21,21
1742099635.898133,6,57,-44
1742099635.934133,-15,-32,51
1742099635.9691331,12,-60,47
1742099636.004133,6,-38,-12
1742099636.039133,-3,21,-76
1742099636.075133,28,1,-42
1742099636.111133,-47,25,37
1742099636.1461332,-37,5,-78
1742099636.1821332,-9,-52,-32
1742099636.217133,36,7,-74
1742099636.2521331,-59,6,-64
1742099636.2881331,-23,0,23
1742099636.323133,-26,-97,21
1742099636.359133,25,-61,-18
1742099636.394133,65,6,-72
1742099636.430133,21,-55,31
1742099636.4651332,46,60,67
1742099636.500133,72,54,15
1742099636.536133,-25,-15,93
1742099636.5711331,32,26,-152
1742099636.6071332,42,20,-112
1742099636.642133,-17,-13,-4
1742099636.678133,10,-55,-30
1742099636.713133,46,-41,51
1742099636.7481332,6,2,-234
1742099636.7911332,84,50,-12
1742099636.8271332,10,-13,-42
1742099636.8631332,-15,-21,-140
1742099636.898133,8,26,3
1742099636.934133,-5,42,-112
1742099636.9691331,-29,-39,29
1742099637.004133,62,-39,-26
1742099637.040133,-5,-27,-26
1742099637.075133,-17,84,-108
1742099637.111133,6,22,-86
1742099637.1461332,-33,44,-94
1742099637.1821332,-3,-31,-68
1742099637.217133,-17,38,67
1742099637.2521331,-7,14,71
1742099637.2881331,-35,-9,-100
1742099637.323133,-41,-17,-38
1742099637.359133,-3,-49,97
1742099637.394133,-9,106,109
1742099637.430133,10,-25,-136
1742099637.4651332,-21,-27,-64
1742099637.500133,-17,-27,-128
1742099637.536133,-55,26,-142
1742099637.5711331,10,-49,-18
1742099637.6071332,-11,30,-40
1742099637.642133,-51,36,13
1742099637.678133,-1,-57,-54
1742099637.713133,12,-33,-60
1742099637.7481332,40,-23,-108
1742099637.7841332,44,26,15
1742099637.819133,10,-39,-168
1742099637.855133,2,-9,35
1742099637.8901331,6,-13,-34
1742099637.9261332,6,-59,-160
1742099637.961133,10,-17,-44
1742099637.996133,-25,64,-66
1742099638.032133,0,-5,1
1742099638.0671332,8,-39,-174
1742099638.1031332,0,6,-180
1742099638.138133,98,-51,-190
1742099638.174133,-3,-47,-104
1742099638.2091331,0,35,27
1742099638.244133,-121,-80,-36
1742099638.280133,-41,39,-152
1742099638.315133,-29,5,-85
1742099638.351133,36,-47,-94
1742099638.3861332,36,-84,64
1742099638.422133,-115,6,-85
1742099638.458133,4,41,-108
1742099638.494133,4,-43,-168
1742099638.530133,48,-7,-52
1742099638.566133,-5,34,-52
1742099638.602133,28,-24,54
1742099638.6371331,-17,-93,-9
1742099638.672133,12,-78,-33
1742099638.708133,68,39,-103
1742099638.744133,-149,-38,-103
1742099638.779133,14,43,-175
1742099638.815133,0,59,-35
1742099638.8501332,32,11,-81
1742099638.885133,12,23,-165
1742099638.920133,-25,-50,-129
1742099638.9561331,16,-64,12
1742099638.9921331,114,-42,-163
1742099639.027133,-17,15,-129
1742099639.063133,26,11,-11
1742099639.098133,-35,-28,-75
1742099639.1331332,4,43,-25
1742099639.168133,-11,-44,-69
1742099639.204133,36,-56,6
1742099639.240133,50,-6,44
1742099639.2751331,-3,-56,36
1742099639.3111331,-29,9,-41
1742099639.346133,6,7,-61
1742099639.381133,-45,-18,-75
1742099639.4161332,40,55,-173
1742099639.4521332,-7,-88,-37
1742099639.4881332,50,25,62
1742099639.523133,-41,-37,-39
1742099639.559133,30,-71,-43
1742099639.5941331,-9,23,-5
1742099639.629133,46,24,-59
1742099639.664133,-41,24,64
1742099639.700133,53,79,78
1742099639.736133,-13,21,-47
1742099639.7711332,-14,-8,-31
1742099639.8071332,8,-14,-67
1742099639.842133,4,-12,-7
1742099639.8771331,6,25,-7
1742099639.912133,-3,15,24
1742099639.948133,42,5,-51
1742099639.984133,56,14,22
1742099640.019133,-79,62,-57
1742099640.055133,8,6,18
1742099640.0901332,10,-55,-5
1742099640.125133,-1,2,-55
1742099640.1601331,-9,44,-143
1742099640.1961331,36,-35,22
1742099640.2321332,20,8,-105
1742099640.267133,22,-23,-63
1742099640.303133,-53,-11,81
1742099640.338133,18,-51,49
1742099640.3731332,30,-37,-69
1742099640.408133,22,84,-5
1742099640.444133,-27,4,22
1742099640.480133,56,48,50
1742099640.5151331,-1,-29,-119
1742099640.5511332,56,12,-38
1742099640.586133,-55,-67,-54
1742099640.621133,56,-75,21
1742099640.6561332,-13,18,-134
1742099640.6921332,-6,27,8
1742099640.7281332,-74,-50,-9
1742099640.763133,-30,-11,-40
1742099640.799133,-6,68,-75
1742099640.8341331,31,12,102
1742099640.869133,81,-15,36
1742099640.904133,69,38,-1
1742099640.940133,-36,30,-57
1742099640.976133,-2,9,-1
1742099641.0111332,37,10,-161
1742099641.047133,-56,-9,-33
1742099641.082133,-2,-1,26
1742099641.1171331,89,46,-55
1742099641.152133,31,-25,-69
1742099641.188133,75,2,-81
1742099641.224133,45,-15,-9
1742099641.259133,-16,24,-80
1742099641.295133,47,2,-66
1742099641.3301332,-42,64,-83
1742099641.365133,-50,64,-25
1742099641.4001331,1,56,-23
1742099641.4361331,0,-21,-68
1742099641.4721332,54,46,-113
1742099641.507133,32,-39,-93
1742099641.543133,18,-149,10
1742099641.578133,36,2,14
1742099641.6131332,-53,-25,-95
1742099641.648133,-7,-31,38
1742099641.684133,-23,8,-49
1742099641.720133,-39,48,-3
1742099641.7551332,34,-105,-87
1742099641.7911332,-91,32,-61
1742099641.826133,0,-1,-35
1742099641.861133,130,28,-77
1742099641.8961332,32,40,-3
1742099641.9321332,-67,-104,-89
1742099641.968133,72,-82,-61
1742099642.003133,-33,-72,-113
1742099642.039133,98,56,-41
1742099642.0741332,32,12,28
1742099642.109133,6,44,-99
1742099642.144133,10,36,114
1742099642.180133,8,58,-131
1742099642.216133,78,-41,-115
1742099642.251133,14,-1,-51
1742099642.287133,12,-47,-153
1742099642.322133,-43,-63,32
1742099642.3571332,10,-3,-33
1742099642.392133,-69,-21,-3
1742099642.428133,16,34,-99
1742099642.464133,10,2,-149
1742099642.499133,-15,-29,-45
1742099642.5351331,-3,-11,-147
1742099642.570133,52,2,-149
1742099642.605133,-77,-51,-43
1742099642.641133,-57,42,-81
1742099642.6761332,4,86,62
1742099642.7121332,36,-37,-21
1742099642.747133,8,30,-27
1742099642.783133,14,6,-121
1742099642.818133,54,68,-61
1742099642.8531332,-21,-23,4
1742099642.889133,-19,-17,20
1742099642.924133,44,-19,-13
1742099642.960133,24,-27,34
1742099642.9951332,6,-13,-8
1742099643.0311332,-19,-7,-54
1742099643.066133,-23,16,-73
1742099643.101133,-47,16,-63
1742099643.1371331,-71,66,16
1742099643.172133,34,-73,-85
1742099643.208133,-55,-49,-111
1742099643.243133,-17,24,54
1742099643.279133,76,68,-41
1742099643.3141332,16,-39,50
1742099643.349133,-69,-23,-2
1742099643.385133,2,32,-64
1742099643.420133,-67,-21,-86
1742099643.4561331,16,34,-48
1742099643.491133,-19,18,45
1742099643.527133,10,-20,-106
1742099643.562133,-23,-16,-4
1742099643.5971332,-43,16,-30
1742099643.6331332,60,-33,45
1742099643.668133,-41,-69,3
1742099643.704133,-38,20,-74
1742099643.7391331,15,-57,-74
1742099643.7751331,45,-49,-98
1742099643.810133,19,46,-30
1742099643.845133,21,28,-76
1742099643.881133,59,34,-2
1742099643.9161332,-2,-31,-70
1742099643.9521332,-82,48,-162
1742099643.987133,-11,-43,-60
1742099644.023133,-11,14,67
1742099644.0581331,29,-9,-8
1742099644.093133,7,12,-44
1742099644.129133,-31,4,-38
1742099644.164133,-7,20,-76
1742099644.200133,-15,32,27
1742099644.2351332,70,4,-80
1742099644.2711332,58,58,7
1742099644.306133,52,26,-30
1742099644.341133,-11,-25,-94
1742099644.3771331,-21,-19,-82
1742099644.412133,20,32,19
1742099644.448133,24,42,-66
1742099644.483133,-8,54,-74
1742099644.519133,106,50,-20
1742099644.5541332,-62,-27,-48
1742099644.589133,-10,-25,-130
1742099644.625133,-6,64,-54
1742099644.6601331,-36,-53,-48
1742099644.6961331,58,2,-8
1742099644.731133,110,54,-110
1742099644.767133,-49,-97,-134
1742099644.802133,-8,30,-58
1742099644.8371332,-45,-55,25
1742099644.8731332,12,-85,39
1742099644.908133,2,-49,-64
1742099644.944133,37,28,-200
1742099644.9791331,-46,-31,-56
1742099645.014133,13,10,-20
1742099645.049133,-68,46,-12
1742099645.085133,155,-65,-4
1742099645.121133,19,10,-42
1742099645.1561332,-54,30,-98
1742099645.1921332,61,-16,-104
1742099645.227133,47,11,-60
1742099645.2621331,-18,-16,-110
1742099645.297133,25,-15,-12
1742099645.333133,-42,-33,-52
1742099645.369133,79,-11,-20
1742099645.404133,41,-23,-56
1742099645.440133,-6,-35,-80
1742099645.4751332,79,12,-42
1742099645.510133,-4,32,-20
1742099645.545133,-8,-39,-90
1742099645.5811331,9,-11,-58
1742099645.6171331,65,14,-62
1742099645.652133,-104,-27,-142
1742099645.688133,65,-9,-116
1742099645.723133,7,18,71
1742099645.7581332,17,58,-88
1742099645.793133,-50,12,-56
1742099645.829133,-42,-7,39
1742099645.865133,123,-43,-82
1742099645.9001331,47,-27,-8
1742099645.9361331,-52,-9,59
1742099645.971133,11,8,41
1742099646.006133,3,30,11
1742099646.0411332,-82,74,-4
1742099646.0771332,35,-19,-26
1742099646.1131332,-10,-9,41
1742099646.148133,109,-31,-16
1742099646.184133,-14,42,-60
1742099646.2191331,1,52,-154
1742099646.254133,-58,-31,-40
1742099646.289133,-38,32,-186
1742099646.325133,25,27,-18
1742099646.361133,103,48,-28
1742099646.3961332,13,-49,-24
1742099646.4321332,-89,-33,-2
1742099646.467133,2,-31,-92
1742099646.5021331,-58,0,37
1742099646.537133,6,-25,9
1742099646.573133,-71,-67,-98
1742099646.609133,-101,-35,3
1742099646.644133,18,-25,-134
1742099646.680133,-47,12,-22
1742099646.7151332,108,22,-114
1742099646.750133,6,32,17
1742099646.793133,104,-43,31
1742099646.829133,58,76,-24
1742099646.865133,40,60,-94
1742099646.9001331,-13,-11,75
1742099646.9361331,4,50,-40
1742099646.971133,92,-31,-159
1742099647.006133,-19,68,30
1742099647.0411332,12,-24,40
1742099647.0771332,-13,-6,6
1742099647.1131332,22,-87,-169
1742099647.148133,-13,-72,-33
1742099647.184133,-77,-105,-3
1742099647.2191331,-5,-20,-31
1742099647.254133,36,26,-101
1742099647.289133,0,56,-83
1742099647.325133,2,43,-57
1742099647.361133,-11,-33,-49
1742099647.3961332,22,-53,14
1742099647.4321332,24,-21,-87
1742099647.467133,44,-23,8
1742099647.5021331,-49,12,-41
1742099647.537133,-57,36,-53
1742099647.573133,46,48,62
1742099647.609133,34,-41,-51
1742099647.644133,-33,-5,-163
1742099647.680133,-5,-51,-53
1742099647.7151332,14,-13,-123
1742099647.750133,-1,-85,-81
1742099647.7851331,-49,-43,-21
1742099647.8211331,-43,-23,74
1742099647.8571332,-17,1,122
1742099647.892133,-73,-16,34
1742099647.928133,-25,-50,-139
1742099647.963133,86,39,-133
1742099647.9981332,28,11,-3
1742099648.033133,-57,-80,-77
1742099648.069133,24,3,6
1742099648.105133,-69,41,84
1742099648.1401331,-55,43,-45
1742099648.1761332,-81,-26,12
1742099648.211133,24,-32,-157
1742099648.246133,-29,0,74
1742099648.2811332,-57,46,-73
1742099648.3171332,8,63,-41
1742099648.3531332,26,-15,-81
1742099648.388133,8,2,38
1742099648.424133,62,-3,-129
1742099648.4591331,18,-3,-89
1742099648.494133,-23,16,-99
1742099648.529133,-53,22,42
1742099648.565133,6,-29,-41
1742099648.601133,-23,-23,4
1742099648.6361332,-27,-57,18
1742099648.672133,12,10,98
1742099648.707133,-23,14,-131
1742099648.7421331,12,50,16
1742099648.777133,102,-21,-115
1742099648.813133,-19,-15,40
1742099648.849133,-41,18,-101
1742099648.884133,62,-5,-105
1742099648.920133,-29,2,-41
1742099648.9551332,12,6,0
1742099648.990133,-15,-83,-147
1742099649.0251331,18,68,-43
1742099649.0611331,-11,-49,-105
1742099649.0971332,88,-32,-143
1742099649.132133,6,17,-83
1742099649.168133,10,30,-73
1742099649.203133,48,-15,48
1742099649.2381332,34,21,34
1742099649.274133,-15,-62,8
1742099649.309133,2,9,-27
1742099649.345133,-61,44,-57
1742099649.3801332,-75,-10,28
1742099649.4161332,-115,-14,-109
1742099649.451133,12,-14,50
1742099649.486133,-9,39,-45
1742099649.522133,60,29,-125
1742099649.5571332,82,-8,14
1742099649.593133,8,35,-95
1742099649.628133,34,0,-61
1742099649.664133,94,-70,-35
1742099649.6991332,-35,5,-41
1742099649.734133,60,-26,44
1742099649.770133,-7,-40,22
1742099649.805133,20,-49,-109
1742099649.841133,58,16,-49
1742099649.876133,-57,10,6
1742099649.912133,-43,-9,-57
1742099649.947133,54,-43,-86
1742099649.9821332,-62,-9,-34
1742099650.0181332,-48,-45,-12
1742099650.053133,35,-29,31
1742099650.089133,-78,-32,-66
1742099650.124133,31,71,-57
1742099650.1601331,-30,-19,82
1742099650.195133,-34,19,-12
1742099650.230133,9,-45,31
1742099650.266133,-31,18,-30
1742099650.3011332,60,-53,-112
1742099650.3371332,26,14,-52
1742099650.372133,14,-3,-26
1742099650.408133,52,-31,-74
1742099650.443133,-33,-62,-8
1742099650.4781332,-75,-8,-174
1742099650.514133,-47,-48,-200
1742099650.549133,-117,1,-46
1742099650.585133,64,-1,-142
1742099650.6201332,12,-92,-32
1742099650.6561332,-29,-36,33
1742099650.691133,30,35,33
1742099650.726133,-53,3,-160
1742099650.7621331,-13,0,-130
1742099650.797133,26,-68,-28
1742099650.833133,34,11,3
1742099650.868133,34,21,-20
1742099650.904133,10,23,-62
1742099650.9391332,-25,-26,33
1742099650.974133,14,53,-218
1742099651.010133,-57,-28,-12
1742099651.045133,22,35,-40
1742099651.0811331,44,59,-180
1742099651.116133,-7,37,-18
1742099651.152133,-31,31,-28
1742099651.187133,54,-20,-106
1742099651.2221332,13,27,7
1742099651.2581332,1,1,-54
1742099651.293133,26,-26,-46
1742099651.329133,-15,-64,-22
1742099651.3641331,16,-36,-38
1742099651.4001331,-7,-44,-68
1742099651.435133,-15,-44,-96
1742099651.470133,-19,3,11
1742099651.506133,36,-18,3
1742099651.5411332,-79,5,7
1742099651.5771332,42,3,-136
1742099651.612133,-7,-2,-10
1742099651.648133,-35,-34,117
1742099651.684133,18,15,33
1742099651.7191331,0,43,-74
1742099651.754133,10,-62,-40
1742099651.790133,54,39,-24
1742099651.826133,24,-10,-80
1742099651.861133,-17,75,-112
1742099651.897133,88,-10,11
1742099651.9321332,2,7,9
1742099651.967133,78,23,-178
1742099652.0021331,-1,3,21
1742099652.0381331,46,-20,-138
1742099652.0741332,26,41,-24
1742099652.109133,-121,-68,-76
1742099652.145133,56,5,-54
1742099652.180133,-83,-74,-52
1742099652.2151332,30,29,-46
1742099652.250133,4,-82,-8
1742099652.286133,8,-30,-54
1742099652.322133,22,-10,-72
1742099652.3571332,54,-50,-108
1742099652.3931332,-33,59,-70
1742099652.428133,-9,13,11
1742099652.463133,26,-34,-158
1742099652.4981332,-49,-2,0
1742099652.5341332,-13,0,-154
1742099652.570133,80,1,-64
1742099652.605133,-11,49,-58
1742099652.641133,-9,13,-54
1742099652.6761332,64,55,-168
1742099652.711133,62,31,-70
1742099652.746133,12,-36,-48
1742099652.782133,70,5,-72
1742099652.818133,22,33,-240
1742099652.8531332,40,-44,-64
1742099652.889133,-1,99,-86
1742099652.924133,-67,0,-70
1742099652.9591331,-43,35,-90
1742099652.994133,-39,-20,-134
1742099653.030133,-23,1,-98
1742099653.066133,36,-42,-42
1742099653.101133,-75,93,0
1742099653.1371331,102,-54,-48
1742099653.172133,28,-40,-54
1742099653.207133,-5,37,-16
1742099653.2421331,-25,-60,5
1742099653.2781332,-17,15,-38
1742099653.3141332,-145,-34,-40
1742099653.349133,-29,39,1
1742099653.385133,-127,-48,-28
1742099653.420133,36,-34,1
1742099653.4551332,60,43,-88
1742099653.490133,-117,15,-2
1742099653.526133,32,-48,-52
1742099653.562133,-5,-62,-42
1742099653.5971332,-67,77,-14
1742099653.6331332,14,43,15
1742099653.668133,-15,61,35
1742099653.703133,-37,31,-208
1742099653.7381332,156,37,9
1742099653.774133,-61,-36,-144
1742099653.810133,36,9,-2
1742099653.845133,-17,-26,-58
1742099653.881133,-105,-52,-64
1742099653.9161332,24,1,-186
1742099653.951133,-95,35,-32
1742099653.986133,48,-34,51
1742099654.022133,104,19,-32
1742099654.0581331,-13,5,21
1742099654.093133,6,31,-24
1742099654.129133,122,-8,41
1742099654.164133,-13,49,11
1742099654.1991332,2,-14,0
1742099654.234133,8,83,-58
1742099654.270133,-41,21,-6
1742099654.306133,6,55,47
1742099654.341133,-19,-106,-76
1742099654.3771331,-40,92,54
1742099654.412133,31,68,-73
1742099654.447133,-11,45,-153
1742099654.4821332,-30,-27,-113
1742099654.5181332,-72,80,-15
1742099654.5541332,35,76,-89
1742099654.589133,-86,7,-105
1742099654.625133,28,13,22
1742099654.6601331,60,61,-85
1742099654.695133,30,41,-127
1742099654.730133,4,39,-135
1742099654.766133,10,9,-57
1742099654.802133,-23,-18,-179
1742099654.8371332,-45,1,-29
1742099654.8731332,-65,-16,14
1742099654.908133,38,1,20
1742099654.943133,-61,-14,12
1742099654.9781332,-81,31,-133
1742099655.014133,-31,17,-7
1742099655.050133,10,3,66
1742099655.085133,-51,69,-47
1742099655.121133,-13,3,-135
1742099655.1561332,-49,31,-7
1742099655.191133,2,-54,12
1742099655.226133,118,-58,-43
1742099655.2621331,-87,53,-61
1742099655.2981331,16,27,-103
1742099655.333133,22,35,-59
1742099655.369133,4,-46,-83
1742099655.404133,50,-62,-93
1742099655.4391332,-13,-2,-117
1742099655.474133,4,81,-125
1742099655.510133,-31,39,0
1742099655.546133,2,19,0
1742099655.5811331,88,-14,46
1742099655.6171331,-42,-34,-63
1742099655.652133,-20,-107,-51
1742099655.687133,-39,7,-35
1742099655.723133,72,1,-13
1742099655.7581332,67,41,-87
1742099655.7941332,79,55,-95
1742099655.829133,-20,-18,-57
1742099655.865133,11,-32,-77
1742099655.9001331,-6,9,-195
1742099655.935133,30,75,44
1742099655.971133,-13,27,-11
1742099656.006133,-33,25,-81
1742099656.042133,-79,59,-79
1742099656.0771332,-91,-38,-91
1742099656.1131332,17,-7,-93
1742099656.148133,9,-15,-45
1742099656.1831331,41,-3,-131
1742099656.2191331,-112,46,-185
1742099656.254133,-42,90,-85
1742099656.290133,53,38,-17
1742099656.325133,-44,34,-95
1742099656.361133,-40,32,22
1742099656.3961332,37,8,-45
1742099656.431133,25,-77,-47
1742099656.467133,-58,-33,-81
1742099656.5021331,35,-45,-33
1742099656.5381331,-14,-29,-35
1742099656.573133,-19,-84,30
1742099656.609133,-19,-6,-103
1742099656.644133,84,-38,-83
1742099656.6791332,34,-88,-155
1742099656.7151332,58,5,-31
1742099656.750133,8,-10,-97
1742099656.786133,6,-8,-43
1742099656.828133,8,11,56
1742099656.865133,-29,19,26
1742099656.9001331,12,65,-129
1742099656.935133,62,23,-67
1742099656.971133,-25,-55,-187
1742099657.006133,36,28,-55
1742099657.042133,6,-80,-126
1742099657.0771332,-19,65,-26
1742099657.1131332,4,-43,-91
1742099657.148133,10,5,-40
1742099657.1831331,34,-26,-42
1742099657.2191331,8,-20,-89
1742099657.254133,-15,9,4
1742099657.290133,-23,-35,-71
1742099657.325133,26,-44,16
1742099657.361133,-37,-48,-65
1742099657.3961332,76,31,-108
1742099657.431133,50,25,-96
1742099657.467133,10,49,-67
1742099657.5021331,56,5,-155
1742099657.5381331,-48,42,-47
1742099657.573133,69,-17,0
1742099657.609133,-1,-46,-37
1742099657.645133,-53,65,-139
1742099657.681133,54,-38,-39
1742099657.716133,-19,-48,-55
1742099657.751133,-1,45,-25
1742099657.787133,-53,0,-57
1742099657.822133,-45,21,12
1742099657.858133,72,0,-49
1742099657.8931332,0,-12,-91
1742099657.9291332,28,-78,10
1742099657.964133,-63,-76,2
1742099657.999133,8,23,-152
1742099658.0351331,-21,19,-98
1742099658.070133,8,-66,-88
1742099658.106133,-15,1,-32
1742099658.141133,-33,9,-34
1742099658.1761332,-61,-47,51
1742099658.211133,58,-101,-58
1742099658.247133,0,0,-22
1742099658.283133,-89,11,-78
1742099658.318133,-19,-26,25
1742099658.3541331,34,-14,11
1742099658.389133,4,1,-50
1742099658.424133,-13,-32,-38
1742099658.4591331,-17,14,-108
1742099658.4951332,96,40,-124
1742099658.5311332,110,18,-102
1742099658.566133,-5,0,-18
1742099658.602133,112,4,-29
1742099658.6371331,20,-51,-73
1742099658.672133,54,-43,-81
1742099658.707133,40,-11,-15
1742099658.743133,-55,-49,-153
1742099658.779133,-67,-25,-55
1742099658.8141332,64,72,-59
1742099658.8501332,-73,12,-79
1742099658.885133,58,-67,-3
1742099658.920133,68,30,-43
1742099658.9551332,56,6,-73
1742099658.991133,22,-49,8
1742099659.027133,72,-41,-29
1742099659.062133,6,-41,-81
1742099659.098133,8,-7,16
1742099659.1331332,-25,-27,-41
1742099659.168133,-29,-35,-11
1742099659.203133,78,30,-121
1742099659.2391331,-21,12,136
1742099659.2751331,-23,-99,-119
1742099659.310133,30,68,-21
1742099659.346133,52,-25,-173
1742099659.381133,22,-37,12
1742099659.4161332,-55,-53,-49
1742099659.451133,66,6,0
1742099659.487133,22,-39,-19
1742099659.523133,50,52,74
1742099659.5581331,80,48,-199
1742099659.5941331,-55,-15,-35
1742099659.629133,70,10,-99
1742099659.664133,-41,-27,-80
1742099659.6991332,-37,26,-129
1742099659.7351332,20,54,-52
1742099659.7711332,-25,66,-76
1742099659.806133,40,-39,-14
1742099659.842133,-17,-7,-9
1742099659.8771331,38,-43,-69
1742099659.912133,28,-41,-64
1742099659.947133,18,60,-112
1742099659.983133,-57,-53,33
1742099660.019133,44,36,43
1742099660.0541332,-43,-59,-54
1742099660.0901332,40,34,-160
1742099660.125133,114,-95,-90
1742099660.1601331,-5,10,19
1742099660.195133,20,70,-18
1742099660.231133,30,6,-24
1742099660.267133,-7,-9,-30
1742099660.302133,36,-21,-70
1742099660.338133,-25,-9,-160
1742099660.3731332,-21,18,-80
1742099660.408133,-7,-7,-252
1742099660.443133,-51,-5,-46
1742099660.4791331,-3,40,-86
1742099660.5151331,20,42,-28
1742099660.550133,-7,40,37
1742099660.586133,38,20,3
1742099660.621133,20,-53,-56
1742099660.6561332,58,-21,-122
1742099660.691133,-7,24,-108
1742099660.727133,-3,-41,-56
1742099660.763133,-17,-34,49
1742099660.7981331,-5,-6,-170
1742099660.8341331,74,-68,45
1742099660.869133,-19,-6,-82
1742099660.904133,-29,27,23
1742099660.9391332,-25,41,-46
1742099660.9751332,-47,95,-98
1742099661.0111332,-31,-68,11
1742099661.046133,-9,-60,-76
1742099661.082133,26,-50,29
1742099661.1171331,-5,53,-116
1742099661.152133,6,32,17
1742099661.187133,-1,-14,3
1742099661.223133,-1,97,19
1742099661.259133,-41,77,-2
1742099661.2941332,4,35,-72
1742099661.3301332,18,-2,-32
1742099661.365133,-63,5,-106
1742099661.4001331,-7,19,19
1742099661.435133,32,-34,-54
1742099661.471133,-61,17,0
1742099661.507133,-19,-12,-132
1742099661.542133,-55,-60,-30
1742099661.578133,-49,13,-48
1742099661.6131332,-11,7,-52
1742099661.648133,-31,-42,-36
1742099661.6831331,2,0,-120
1742099661.7191331,-25,5,-6
1742099661.7551332,20,-92,-80
1742099661.790133,-71,-14,-188
1742099661.826133,84,49,-116
1742099661.861133,64,63,-120
1742099661.8961332,8,0,-54
1742099661.931133,-1,5,-106
1742099661.967133,54,-4,95
1742099662.003133,-45,25,-192
1742099662.0381331,30,47,-120
1742099662.0741332,-75,25,-54
1742099662.109133,-45,-34,-172
1742099662.144133,6,-16,-36
1742099662.1791332,40,-6,-132
1742099662.2151332,-43,-60,-110
1742099662.251133,12,1,-46
1742099662.286133,42,39,-40
1742099662.322133,66,-48,-52
1742099662.3571332,-37,89,-16
1742099662.392133,22,7,27
1742099662.428133,-21,-18,91
1742099662.463133,-11,-28,25
1742099662.499133,-21,-122,1
1742099662.5341332,58,45,-130
1742099662.570133,-29,-8,-92
1742099662.605133,-95,-72,57
1742099662.6401331,50,-62,-94
1742099662.6761332,-17,-60,-94
1742099662.711133,78,-64,-58
1742099662.747133,28,35,-110
1742099662.782133,-11,31,-26
1742099662.818133,18,-100,-144
1742099662.8531332,66,47,77
1742099662.888133,-47,-52,-68
1742099662.924133,-33,-20,-72
1742099662.9591331,-131,-86,-48
1742099662.9951332,30,25,-94
1742099663.030133,-1,-96,-102
1742099663.066133,-13,-46,-88
1742099663.101133,86,0,-18
1742099663.1361332,54,-18,-88
1742099663.172133,48,-22,-92
1742099663.207133,-77,31,-4
1742099663.243133,-75,83,-112
1742099663.2781332,-25,-34,-64
1742099663.3141332,-51,29,-76
1742099663.349133,30,-84,-46
1742099663.384133,-7,11,-80
1742099663.420133,-3,49,11
1742099663.4551332,20,-8,33
1742099663.491133,8,21,-28
1742099663.526133,-25,55,-32
1742099663.562133,20,17,-74
1742099663.598133,2,61,-92
1742099663.634133,62,-74,-12
1742099663.6691332,34,-46,-64
1742099663.704133,4,-108,-38
1742099663.740133,-107,31,-210
1742099663.7751331,-23,-4,-72
1742099663.8111331,4,47,-92
1742099663.846133,16,-40,-108
1742099663.882133,-49,39,17
1742099663.917133,-49,31,9
1742099663.9521332,-23,21,-144
1742099663.9881332,-51,1,-84
1742099664.023133,-93,-16,-116
1742099664.059133,-37,-32,-92
1742099664.0941331,56,-6,-42
1742099664.1301332,-1,-12,-148
1742099664.165133,6,9,-112
1742099664.200133,-21,-44,-63
1742099664.236133,20,71,-65
1742099664.2711332,50,11,-101
1742099664.3071332,60,11,-39
1742099664.342133,-37,-30,-45
1742099664.378133,-83,-28,-103
1742099664.4131331,-65,53,-131
1742099664.448133,-67,113,-33
1742099664.484133,32,-50,-77
1742099664.519133,0,17,86
1742099664.555133,-105,-16,-111
1742099664.5901332,4,-12,96
1742099664.626133,-9,-40,-71
1742099664.662133,-79,-12,16
1742099664.697133,-39,19,-63
1742099664.7321332,68,61,-13
1742099664.7681332,46,-32,-115
1742099664.8041332,-7,-30,-27
1742099664.839133,2,-56,-45
1742099664.875133,4,0,-1
1742099664.9101331,-47,-20,-147
1742099664.945133,8,15,-1
1742099664.980133,-37,-70,70
1742099665.016133,-33,-22,-65
1742099665.052133,60,5,-167
1742099665.0871332,-37,61,-23
1742099665.1231332,-17,33,-47
1742099665.158133,-31,-36,-79
1742099665.193133,16,35,-9
1742099665.2281332,94,71,-41
1742099665.264133,-19,43,2
1742099665.300133,46,-20,-125
1742099665.335133,0,-6,-43
1742099665.371133,4,17,-161
1742099665.4061332,-3,5,-87
1742099665.441133,40,-68,-7
1742099665.476133,18,-76,-91
1742099665.5121331,-43,-80,-25
1742099665.5481331,-45,7,30
1742099665.583133,-45,-92,6
1742099665.619133,48,3,-39
1742099665.654133,12,0,-117
1742099665.6891332,-17,-4,-13
1742099665.724133,-43,-18,54
1742099665.760133,42,-24,-143
1742099665.796133,-3,33,-93
1742099665.8311331,24,45,28
1742099665.8671331,-13,55,-69
1742099665.902133,-25,47,-53
1742099665.937133,20,71,-57
1742099665.9721332,-83,-16,-47
1742099666.0081332,28,-4,-43
1742099666.0441332,-23,17,-79
1742099666.079133,12,-38,-37
1742099666.115133,-21,37,-147
1742099666.1501331,-61,39,-75
1742099666.185133,-9,-58,68
1742099666.220133,26,-32,-35
1742099666.256133,-9,0,-89
1742099666.292133,-31,-50,36
1742099666.3271332,-43,67,-15
1742099666.3631332,52,51,-25
1742099666.398133,-9,-48,24
1742099666.4331331,44,13,14
1742099666.468133,32,9,-17
1742099666.504133,28,-54,-101
1742099666.540133,18,-62,18
1742099666.575133,-11,-28,-95
1742099666.611133,-39,-30,-219
1742099666.6461332,-21,17,-35
1742099666.681133,55,-10,124
1742099666.716133,-16,-78,-29
1742099666.7521331,-46,5,4
1742099666.7881331,-124,35,-123
1742099666.8301332,-44,-10,-65
1742099666.8671331,45,19,-45
1742099666.902133,40,133,-57
1742099666.937133,-8,-44,-23
1742099666.9721332,-19,-32,-49
1742099667.0081332,2,-30,4
1742099667.0441332,-27,67,-45
1742099667.079133,-53,-10,-121
1742099667.115133,-13,-70,12
1742099667.1501331,30,25,-7
1742099667.185133,-10,97,-39
1742099667.220133,-6,27,-67
1742099667.256133,-82,-8,-47
1742099667.292133,15,-40,92
1742099667.3271332,-35,7,-41
1742099667.3631332,0,46,-201
1742099667.398133,-15,-53,-29
1742099667.4331331,2,-25,-149
1742099667.468133,12,-41,12
1742099667.504133,-33,-7,-99
1742099667.540133,-15,52,-33
1742099667.575133,44,14,-115
1742099667.611133,-79,-32,-45
1742099667.6461332,8,39,18
1742099667.681133,-15,-4,-163
1742099667.716133,-9,23,-13
1742099667.7521331,28,27,104
1742099667.7881331,-13,13,-65
1742099667.823133,26,-2,52
1742099667.859133,-29,-5,-83
1742099667.894133,-39,-20,-31
1742099667.9291332,-1,0,-59
1742099667.964133,24,-28,32
1742099668.000133,-85,1,-111
1742099668.036133,-85,49,12
1742099668.0711331,40,53,-45
1742099668.1071332,-29,17,40
1742099668.142133,-51,40,-77
1742099668.177133,-9,53,16
1742099668.2121332,12,9,-39
1742099668.2481332,8,73,-1
1742099668.2841332,42,33,-115
1742099668.319133,-11,-34,-89
1742099668.355133,6,11,-75
1742099668.3901331,44,66,-15
1742099668.425133,-25,39,12
1742099668.460133,70,22,-21
1742099668.496133,26,-28,30
1742099668.532133,10,57,-23
1742099668.5671332,-47,-24,-19
1742099668.6031332,-43,20,-115
1742099668.638133,-11,-17,-65
1742099668.6731331,-85,-1,-99
1742099668.708133,-1,102,-95
1742099668.744133,-13,-9,18
1742099668.780133,-1,22,-37
1742099668.815133,14,26,-41
1742099668.851133,10,46,-35
1742099668.8861332,62,-23,52
1742099668.921133,22,-29,-51
1742099668.957133,-1,-21,44
1742099668.9921331,-7,-71,-113
1742099669.0281332,38,-18,-123
1742099669.063133,12,-26,-39
1742099669.099133,22,97,-85
1742099669.134133,20,1,-135
1742099669.1691332,18,-6,-95
1742099669.2051332,24,-10,-117
1742099669.240133,0,-30,-245
1742099669.276133,32,57,-71
1742099669.3111331,28,-68,-101
1742099669.3471332,-13,-24,-51
1742099669.382133,-1,13,-109
1742099669.417133,36,-8,-183
1742099669.453133,22,-40,4
1742099669.4881332,-3,-16,36
1742099669.524133,-55,-66,-39
1742099669.559133,-13,55,28
1742099669.595133,50,39,-81
1742099669.6301332,16,87,-117
1742099669.665133,42,-22,14
1742099669.701133,74,-56,-63
1742099669.736133,78,-12,134
1742099669.772133,-75,-70,-51
1742099669.8071332,0,1,-139
1742099669.843133,92,-8,-131
1742099669.878133,16,-34,60
1742099669.9131331,26,-12,-61
1742099669.9491332,-69,-6,-79
1742099669.984133,-88,-112,106
1742099670.020133,4,41,-37
1742099670.055133,14,5,-149
1742099670.091133,-45,0,-93
1742099670.126133,-111,5,2
1742099670.161133,-1,5,36
1742099670.197133,-71,11,-33
1742099670.2321332,-9,51,-55
1742099670.2681332,4,27,-5
1742099670.303133,-9,1,-125
1742099670.339133,-27,-16,-23
1742099670.374133,4,21,2
1742099670.4091332,34,-18,-41
1742099670.445133,-5,13,-49
1742099670.480133,60,0,-37
1742099670.516133,-15,-28,-19
1742099670.5511332,2,-20,-87
1742099670.5871332,54,31,-57
1742099670.622133,-39,29,-15
1742099670.657133,42,-30,10
1742099670.693133,-15,17,-47
1742099670.7281332,-42,89,-45
1742099670.764133,-19,-26,-115
1742099670.799133,36,13,66
1742099670.835133,75,67,-59
1742099670.8701332,10,25,-27
1742099670.905133,-9,-28,-101
1742099670.941133,9,39,-81
1742099670.976133,2,-28,12
1742099671.0121331,24,-56,-117
1742099671.047133,-51,-26,54
1742099671.083133,-67,23,-117
1742099671.119133,40,15,-3
1742099671.154133,22,11,-65
1742099671.1891332,-79,59,-97
1742099671.2251332,-97,-28,-35
1742099671.2611332,20,-2,-47
1742099671.296133,-3,21,-95
1742099671.332133,-69,1,-71
1742099671.3671331,72,23,12
1742099671.402133,20,23,-159
1742099671.437133,36,-44,-19
1742099671.473133,-61,3,-17
1742099671.509133,-23,27,-75
1742099671.5441332,66,-32,-143
1742099671.5801332,-7,-28,-11
1742099671.615133,-5,-92,-73
1742099671.6501331,2,-36,-97
1742099671.685133,-23,-12,-145
1742099671.721133,51,9,-123
1742099671.757133,87,-39,-37
1742099671.792133,1,-1,16
1742099671.828133,33,19,-89
1742099671.8631332,-24,27,38
1742099671.898133,73,-41,-9
1742099671.9331331,-10,-43,44
1742099671.9691331,24,-28,-95
1742099672.0051332,-1,63,-77
1742099672.040133,20,-2,-13
1742099672.076133,-7,36,-15
1742099672.111133,10,-23,2
1742099672.1461332,6,48,84
1742099672.181133,-15,-43,28
1742099672.217133,28,6,-91
1742099672.253133,-45,16,98
1742099672.2881331,-27,20,64
1742099672.3241332,65,-65,-45
1742099672.359133,0,62,0
1742099672.394133,-66,-35,-75
1742099672.4291332,-42,10,4
1742099672.4651332,9,-23,84
1742099672.501133,-28,-65,-111
1742099672.536133,41,2,-13
1742099672.572133,-68,-39,-197
1742099672.6071332,55,-25,-27
1742099672.642133,-19,-27,-123
1742099672.677133,-7,22,-47
1742099672.713133,63,10,-1
1742099672.749133,32,-43,4
1742099672.7841332,-21,32,-135
1742099672.820133,58,-23,-23
1742099672.855133,14,54,2
1742099672.8901331,-41,52,24
1742099672.925133,52,-17,-9
1742099672.961133,-31,8,4
1742099672.997133,34,8,-109
1742099673.032133,60,-31,-107
1742099673.068133,-61,56,-27
1742099673.1031332,-21,22,-147
1742099673.138133,0,-35,0
1742099673.1731331,-20,-19,-33
1742099673.2091331,3,78,-85
1742099673.2451332,8,-47,-53
1742099673.280133,42,-59,-53
1742099673.316133,40,-7,-15
1742099673.351133,-63,-45,58
1742099673.3861332,76,38,-129
1742099673.422133,48,-23,-103
1742099673.458133,-27,-19,-65
1742099673.493133,28,-1,-123
1742099673.529133,-7,38,22
1742099673.565133,-45,-1,-95
1742099673.6001332,-11,2,30
1742099673.6361332,4,6,-67
1742099673.671133,-19,22,-45
1742099673.7061331,43,-59,-61
1742099673.741133,46,-51,-31
1742099673.777133,43,-21,-17
1742099673.813133,7,34,-21
1742099673.848133,1,-13,-155
1742099673.884133,47,-51,4
1742099673.9191332,-14,-27,-17
1742099673.954133,-58,-25,-133
1742099673.9891331,27,32,-15
1742099674.0251331,29,-25,-65
1742099674.0611331,-8,26,-109
1742099674.096133,65,-19,-139
1742099674.132133,0,-5,0
1742099674.167133,29,-63,-17
1742099674.2021332,25,14,-135
1742099674.237133,13,42,-44
1742099674.273133,-32,58,-126
1742099674.309133,23,64,-92
1742099674.3441331,47,-5,-130
1742099674.3801332,11,22,0
1742099674.415133,15,16,107
1742099674.450133,-19,-13,-8
1742099674.4851332,10,-73,-100
1742099674.5211332,-60,-53,-62
1742099674.5571332,16,24,-60
1742099674.592133,-1,22,-98
1742099674.628133,8,78,-74
1742099674.6631331,36,-27,-20
1742099674.698133,-69,104,-34
1742099674.733133,54,-61,25
1742099674.769133,-11,-39,-50
1742099674.805133,2,41,-56
1742099674.8401332,6,-27,-42
1742099674.876133,-13,32,-38
1742099674.911133,0,-9,-12
1742099674.9461331,6,10,63
1742099674.981133,36,-1,3
1742099675.017133,-3,-41,-128
1742099675.053133,-41,-91,53
1742099675.088133,106,-37,-6
1742099675.124133,-1,56,1
1742099675.1591332,-1,26,-92
1742099675.194133,56,-69,-112
1742099675.230133,6,-49,-118
1742099675.2651331,4,32,-28
1742099675.3011332,-63,70,47
1742099675.336133,12,30,-82
1742099675.372133,52,-1,-96
1742099675.407133,74,-45,-78
1742099675.4421332,112,-93,63
1742099675.4781332,20,-17,-84
1742099675.513133,88,-1,27
1742099675.549133,64,-9,7
1742099675.5841331,-109,-48,13
1742099675.6201332,30,43,-10
1742099675.655133,4,-12,-120
1742099675.690133,-25,29,67
1742099675.726133,6,33,-64
1742099675.7611332,4,39,-68
1742099675.797133,62,27,-112
1742099675.832133,16,-22,-124
1742099675.868133,-9,-62,-58
1742099675.9031332,-51,25,-36
1742099675.938133,30,27,-24
1742099675.974133,-3,65,-2
1742099676.009133,-3,33,-164
1742099676.045133,-37,-10,-192
1742099676.0801332,-33,-80,-18
1742099676.116133,-51,99,-38
1742099676.151133,86,5,-70
1742099676.1861331,32,-26,-74
1742099676.2221332,-53,25,-114
1742099676.257133,-13,53,-192
1742099676.293133,12,-44,-62
1742099676.328133,-13,-2,-48
1742099676.3641331,14,13,-32
1742099676.399133,-33,29,-86
1742099676.434133,-33,89,-60
1742099676.470133,-35,3,23
1742099676.5051332,-39,3,-12
1742099676.5411332,-11,-30,-38
1742099676.576133,108,-48,6
1742099676.612133,16,9,-108
1742099676.647133,-35,-24,-168
1742099676.6821332,34,27,13
1742099676.718133,-61,-132,-46
1742099676.753133,38,11,-108
1742099676.789133,52,49,-168
1742099676.8311331,-18,-12,-44
1742099676.868133,-51,-58,-26
1742099676.9031332,29,29,-150
1742099676.938133,-10,-4,-76
1742099676.974133,-37,-36,28
1742099677.009133,-25,67,-35
1742099677.045133,58,-14,30
1742099677.0801332,-55,3,48
1742099677.116133,-11,-2,-67
1742099677.151133,-32,-13,-15
1742099677.1861331,5,27,-137
1742099677.2221332,-52,-11,-81
1742099677.257133,-44,49,-11
1742099677.293133,29,33,-23
1742099677.328133,17,56,-73
1742099677.3641331,37,2,-105
1742099677.399133,-76,0,32
1742099677.434133,53,-57,-55
1742099677.470133,-2,40,-51
1742099677.5051332,13,24,6
1742099677.5411332,-116,-25,-53
1742099677.576133,-70,-73,-65
1742099677.612133,-18,-73,36
1742099677.648133,47,66,8
1742099677.6831331,-42,-20,-17
1742099677.718133,59,-58,-59
1742099677.754133,25,-42,-5
1742099677.790133,-2,-58,-5
1742099677.825133,-50,49,-109
1742099677.861133,47,25,12
1742099677.8961332,-3,53,-19
1742099677.931133,-22,-26,-21
1742099677.966133,-54,-51,-173
1742099678.0021331,0,54,-171
1742099678.0381331,17,50,-19
1742099678.073133,-34,-59,-15
1742099678.109133,91,52,26
1742099678.144133,0,-1,-67
1742099678.1791332,-120,34,52
1742099678.214133,29,22,-159
1742099678.250133,-66,36,-81
1742099678.286133,77,14,-33
1742099678.3211331,63,4,-33
1742099678.3571332,15,4,-29
1742099678.392133,13,-15,-41
1742099678.427133,63,31,-95
1742099678.4621332,5,6,10
1742099678.4981332,-10,28,42
1742099678.5341332,29,-79,-83
1742099678.569133,-60,-1,-133
1742099678.605133,-86,30,-139
1742099678.6401331,19,-27,-39
1742099678.675133,-22,48,10
1742099678.710133,59,-3,22
1742099678.747133,17,24,-141
1742099678.782133,30,-11,-77
1742099678.818133,61,46,-109
1742099678.8541331,48,12,-135
1742099678.889133,-61,-1,58
1742099678.925133,-20,-15,-133
1742099678.960133,-3,46,-73
1742099678.9951332,58,38,68
1742099679.030133,18,-47,22
1742099679.066133,-75,0,-9
1742099679.102133,4,-15,38
1742099679.1371331,72,-23,-19
1742099679.1731331,28,-45,-43
1742099679.208133,0,-43,-167
1742099679.243133,-43,48,-13
1742099679.2781332,-5,25,-135
1742099679.3141332,-47,13,22
1742099679.3501332,32,-20,-77
1742099679.385133,-23,-6,-61
1742099679.421133,-55,43,-169
1742099679.4561331,52,1,-55
1742099679.491133,42,59,-71
1742099679.526133,18,91,26
1742099679.562133,-39,3,-97
1742099679.598133,24,12,-3
1742099679.6331332,2,39,-73
1742099679.6691332,-13,56,-59
1742099679.704133,54,-106,-69
1742099679.7391331,12,9,-53
1742099679.774133,8,-4,-77
1742099679.810133,-31,53,-97
1742099679.846133,26,34,-97
1742099679.881133,-11,-23,-97
1742099679.917133,-13,-31,-21
1742099679.9521332,32,-15,-71
1742099679.987133,-31,60,-111
1742099680.022133,4,62,76
1742099680.0581331,-39,-5,24
1742099680.0941331,6,40,-101
1742099680.129133,30,10,-67
1742099680.165133,6,-49,-87
1742099680.200133,24,-73,-57
1742099680.2351332,24,-59,-101
1742099680.270133,-23,16,-35
1742099680.306133,82,48,-63
1742099680.342133,-29,-31,-55
1742099680.3771331,26,46,-127
1742099680.4131331,48,24,-51
1742099680.448133,40,10,-99
1742099680.483133,4,48,14
1742099680.5181332,2,24,-31
1742099680.5541332,-5,50,-39
1742099680.5901332,26,4,-57
1742099680.625133,-21,18,-55
1742099680.661133,78,-35,-19
1742099680.6961331,-23,-51,16
1742099680.731133,-23,26,-45
1742099680.766133,102,-15,-116
1742099680.802133,-37,2,-50
1742099680.838133,62,-67,-30
1742099680.8731332,2,-15,-16
1742099680.9091332,-17,-15,-135
1742099680.944133,-27,12,38
1742099680.9791331,86,30,-75
1742099681.014133,22,-13,-35
1742099681.050133,84,36,-93
1742099681.086133,-41,-111,64
1742099681.121133,-5,2,-35
1742099681.157133,-1,2,-17
1742099681.1921332,138,-33,-61
1742099681.227133,4,-15,-29
1742099681.2621331,38,-21,-81
1742099681.2981331,60,40,-151
1742099681.3341331,86,-1,10
1742099681.369133,-35,-7,-31
1742099681.405133,14,14,-39
1742099681.440133,-57,16,-11
1742099681.4751332,-13,6,-59
1742099681.510133,-61,-3,-105
1742099681.546133,8,38,-73
1742099681.582133,-11,66,2
1742099681.6171331,6,22,-119
1742099681.6531332,-3,-3,16
1742099681.688133,-15,40,-41
1742099681.723133,22,-39,-25
1742099681.759133,6,4,66
1742099681.7941332,-27,2,-123
1742099681.8301332,-33,12,-5
1742099681.865133,-25,8,-35
1742099681.901133,24,36,-9
1742099681.9361331,106,-49,-53
1742099681.971133,-17,22,-121
1742099682.007133,16,12,-23
1742099682.042133,-37,-23,-137
1742099682.078133,-17,-7,-57
1742099682.1131332,20,10,-55
1742099682.149133,16,-23,-161
1742099682.184133,-21,70,-15
1742099682.2191331,-65,-51,-49
1742099682.2551332,-83,48,-65
1742099682.290133,-75,24,-51
1742099682.326133,56,12,54
1742099682.361133,0,-31,-43
1742099682.397133,42,-27,-95
1742099682.4321332,-33,58,-61
1742099682.467133,68,-3,-73
1742099682.503133,18,52,-97
1742099682.5381331,-23,60,-149
1742099682.5741332,-21,-97,-33
1742099682.609133,-17,24,-37
1742099682.645133,-61,-31,-19
1742099682.680133,-21,-15,-53
1742099682.7151332,20,16,-221
1742099682.751133,0,-45,-159
1742099682.786133,38,36,-63
1742099682.822133,0,-13,-93
1742099682.8571332,26,-19,30
1742099682.8931332,-47,58,-3
1742099682.928133,16,42,-135
1742099682.963133,94,78,8
1742099682.999133,12,-25,90
1742099683.0341332,2,-8,-51
1742099683.070133,30,19,-45
1742099683.105133,-105,-77,66
1742099683.141133,-27,2,-87
1742099683.1761332,-69,6,-55
1742099683.211133,30,8,124
1742099683.247133,46,52,-165
1742099683.282133,-51,0,12
1742099683.318133,-27,-35,0
1742099683.3531332,20,-3,-109
1742099683.389133,28,-67,-41
1742099683.424133,-77,-15,14
1742099683.4591331,-25,46,-167
1742099683.4951332,-9,-5,-53
1742099683.530133,20,24,-55
1742099683.566133,8,-21,-23
1742099683.601133,-5,2,-77
1742099683.6371331,98,12,70
1742099683.672133,8,40,-11
1742099683.707133,-5,-73,-113
1742099683.743133,4,-35,-131
1742099683.7781332,18,-1,-73
1742099683.8141332,-29,52,-67
1742099683.849133,-3,-55,-79
1742099683.885133,16,44,-67
1742099683.920133,50,-47,-109
1742099683.9551332,24,28,-61
1742099683.991133,-19,62,-169
1742099684.026133,-23,-53,-49
1742099684.062133,76,10,-27
1742099684.0971332,76,7,22
1742099684.1331332,30,11,40
1742099684.1691332,8,-66,-63
1742099684.204133,56,34,-1
1742099684.2391331,-27,-7,2
1742099684.2751331,-19,20,-17
1742099684.3111331,8,-77,-151
1742099684.346133,114,22,-69
1742099684.382133,16,-9,60
1742099684.417133,46,-95,58
1742099684.4521332,32,0,44
1742099684.487133,-5,-27,-93
1742099684.523133,-1,42,-125
1742099684.559133,-47,32,-45
1742099684.5941331,-51,66,-111
1742099684.6301332,-25,-55,-33
1742099684.665133,-5,32,-91
1742099684.700133,34,-19,-63
1742099684.7351332,-41,-15,-51
1742099684.7711332,12,-29,-5
1742099684.8071332,18,42,-1
1742099684.842133,-63,24,-65
1742099684.878133,-115,-7,-69
1742099684.9131331,-25,-35,-93
1742099684.948133,24,62,44
1742099684.983133,-1,-31,-147
1742099685.019133,-23,4,-11
1742099685.055133,16,14,-15
1742099685.0901332,34,18,-27
1742099685.126133,6,2,-109
1742099685.161133,0,-31,-85
1742099685.1961331,2,14,-41
1742099685.231133,-59,16,10
1742099685.267133,30,75,18
1742099685.303133,-57,37,-125
1742099685.338133,8,33,-61
1742099685.374133,0,41,112
1742099685.4091332,-37,-30,-51
1742099685.444133,10,13,-117
1742099685.4791331,-27,31,0
1742099685.5151331,-17,81,-67
1742099685.5511332,18,11,-147
1742099685.586133,88,-4,-9
1742099685.622133,-1,-18,-69
1742099685.657133,-71,-48,-101
1742099685.6921332,-7,57,-51
1742099685.727133,0,-24,-1
1742099685.763133,2,39,-63
1742099685.799133,-53,31,-151
1742099685.8341331,-25,69,-135
1742099685.8701332,-25,-38,16
1742099685.905133,90,11,-73
1742099685.940133,68,21,32
1742099685.9751332,-71,1,24
1742099686.0111332,-7,9,-75
1742099686.047133,-77,41,50
1742099686.082133,6,-10,-55
1742099686.118133,-33,-26,-63
1742099686.1531332,-49,9,20
1742099686.188133,-1,55,-99
1742099686.223133,-11,-6,-13
1742099686.259133,-17,-37,-9
1742099686.295133,-35,78,-94
1742099686.3301332,-45,2,-124
1742099686.366133,-139,44,-12
1742099686.401133,30,-19,-14
1742099686.4361331,-25,36,61
1742099686.471133,52,48,-4
1742099686.507133,54,6,-54
1742099686.543133,-29,-33,95
1742099686.578133,-19,-26,39
1742099686.6141331,-33,-22,-120
1742099686.649133,-119,-2,45
1742099686.684133,6,-48,-88
1742099686.7191331,-117,-18,-42
1742099686.7551332,-55,10,-60
1742099686.7911332,-51,91,-22
1742099686.833133,0,11,-100
1742099686.8701332,18,9,87
1742099686.905133,-17,-76,55
1742099686.940133,22,-41,-22
1742099686.9751332,-29,-89,-68
1742099687.0111332,30,5,1
1742099687.047133,-43,47,-28
1742099687.082133,28,58,-94
1742099687.118133,64,35,-144
1742099687.1531332,20,21,-72
1742099687.188133,70,7,-84
1742099687.223133,72,-29,-100
1742099687.259133,-43,4,-62
1742099687.295133,-37,-11,-42
1742099687.3301332,-47,14,-12
1742099687.366133,-49,2,15
1742099687.401133,-19,-35,-82
1742099687.4361331,-17,7,-24
1742099687.471133,0,-20,-140
1742099687.507133,0,-18,-40
1742099687.543133,-67,15,-112
1742099687.578133,-27,0,-10
1742099687.6141331,12,75,-10
1742099687.649133,-11,23,21
1742099687.684133,-33,5,-18
1742099687.7191331,-7,-86,-16
1742099687.7551332,84,1,-52
1742099687.7911332,-39,-22,-122
1742099687.826133,44,-12,-60
1742099687.862133,-31,-8,37
1742099687.897133,2,-12,-170
1742099687.9321332,-61,25,-18
1742099687.968133,-77,-4,-148
1742099688.003133,-63,-72,-36
1742099688.039133,-3,-34,23
1742099688.0741332,72,-43,-76
1742099688.1101332,-15,78,-44
1742099688.145133,88,42,-2
1742099688.180133,36,-27,-58
1742099688.216133,-45,-1,-32
1742099688.251133,44,-25,-148
1742099688.287133,-3,50,13
1742099688.322133,32,36,-22
1742099688.358133,98,44,-36
1742099688.3931332,88,88,-130
1742099688.428133,-7,0,-12
1742099688.464133,52,-33,-14
1742099688.499133,12,-1,45
1742099688.5351331,-51,22,-72
1742099688.570133,8,-63,-50
1742099688.606133,-33,-31,-146
1742099688.641133,-41,-63,-106
1742099688.6761332,-37,70,-150
1742099688.7121332,54,-25,5
1742099688.747133,-67,8,-102
1742099688.783133,-48,-23,-148
1742099688.818133,9,32,-56
1742099688.8541331,-35,-21,-16
1742099688.889133,2,-31,-50
1742099688.924133,-52,-2,81
1742099688.960133,-92,17,-36
1742099688.9951332,-78,13,-82
1742099689.0311332,25,-76,-116
1742099689.066133,4,-38,55
1742099689.102133,0,0,1
1742099689.1371331,100,39,-90
1742099689.172133,-7,-8,-30
1742099689.208133,-29,-38,-54
1742099689.243133,-11,-56,-112
1742099689.279133,44,-14,-16
1742099689.3141332,64,1,-70
1742099689.3501332,-43,-6,23
1742099689.385133,-9,-28,-120
1742099689.420133,40,-8,0
1742099689.4561331,76,21,-120
1742099689.491133,50,17,-32
1742099689.527133,-49,55,10
1742099689.562133,44,-30,-4
1742099689.598133,42,-2,7
1742099689.6331332,72,48,-29
1742099689.668133,-79,55,-23
1742099689.704133,-15,-31,-57
1742099689.7391331,16,-29,-133
1742099689.7751331,-45,-5,-87
1742099689.810133,-23,12,-155
1742099689.846133,-55,-3,-249
1742099689.881133,40,74,-51
1742099689.9161332,0,8,-155
1742099689.9521332,72,28,6
1742099689.987133,28,40,-111
1742099690.023133,0,52,-173
1742099690.0581331,6,18,-87
1742099690.0941331,-7,16,28
1742099690.129133,-25,32,-133
1742099690.164133,22,-83,-51
1742099690.200133,2,48,-81
1742099690.2351332,24,-59,-41
1742099690.2711332,-33,20,172
1742099690.306133,30,64,-33
1742099690.342133,-45,0,-123
1742099690.3771331,-55,-1,-117
1742099690.412133,50,62,-87
1742099690.448133,-49,6,-63
1742099690.483133,48,72,24
1742099690.519133,-9,-43,32
1742099690.5541332,10,-21,62
1742099690.5901332,-131,10,-57
1742099690.626133,-77,28,-55
1742099690.661133,52,39,-33
1742099690.6961331,-31,10,76
1742099690.7321332,38,-58,-95
1742099690.7681332,32,16,-69
1742099690.803133,44,36,-121
1742099690.839133,38,58,-47
1742099690.874133,-23,-43,-93
1742099690.9091332,32,60,-91
1742099690.944133,0,-49,36
1742099690.980133,-11,64,-27
1742099691.016133,58,-29,-91
1742099691.0511332,50,-40,-157
1742099691.0871332,-39,-46,-155
1742099691.122133,-19,35,-57
1742099691.157133,-59,4,-7
1742099691.1921332,-13,68,-99
1742099691.2281332,46,-59,-83
1742099691.264133,-63,4,-75
1742099691.299133,-13,18,-55
1742099691.335133,40,89,-43
1742099691.3701332,-21,22,12
1742099691.405133,-55,-50,-123
1742099691.440133,2,1,-25
1742099691.476133,-3,-66,-61
1742099691.5121331,24,1,-131
1742099691.547133,48,-42,-35
1742099691.583133,-21,5,-87
1742099691.618133,-5,85,-139
1742099691.6531332,12,38,4
1742099691.688133,12,16,-51
1742099691.724133,82,102,-121
1742099691.760133,-19,-9,-63
1742099691.795133,54,34,16
1742099691.8311331,-27,-8,-23
1742099691.866133,18,48,-17
1742099691.901133,-5,2,-85
1742099691.9361331,64,-71,-5
1742099691.9721332,10,-19,-19
1742099692.0081332,-37,70,50
1742099692.043133,-21,64,24
1742099692.079133,33,-43,-5
1742099692.1141331,-42,-5,28
1742099692.149133,23,-29,-51
1742099692.184133,10,34,36
1742099692.220133,0,32,-217
1742099692.256133,2,-23,-89
1742099692.2911332,76,-15,-7
1742099692.3271332,-5,-11,-47
1742099692.362133,8,-17,-77
1742099692.397133,50,72,-93
1742099692.4321332,-16,-7,-107
1742099692.468133,10,-47,-13
1742099692.504133,28,-10,-55
1742099692.539133,-89,-58,-187
1742099692.575133,51,11,-133
1742099692.6101332,29,-37,-51
1742099692.645133,-47,40,-153
1742099692.680133,-46,-35,-113
1742099692.716133,34,-39,42
1742099692.7521331,-41,-23,-39
1742099692.787133,4,9,4
1742099692.823133,-49,31,-179
1742099692.858133,10,-31,42
1742099692.8931332,40,72,-59
1742099692.928133,82,-91,-65
1742099692.964133,-51,-9,-89
1742099693.000133,-33,-85,-29
1742099693.0351331,38,-33,60
1742099693.0711331,17,26,-133
1742099693.106133,17,114,104
1742099693.141133,61,8,18
1742099693.1761332,-28,-65,-85
1742099693.2121332,-6,32,-1
1742099693.2481332,25,-15,-35
1742099693.283133,-63,-61,-33
1742099693.319133,14,-21,-29
1742099693.3541331,16,20,-79
1742099693.389133,-39,-59,-87
1742099693.424133,6,-9,-221
1742099693.460133,88,-29,-159
1742099693.496133,-57,-15,-5
1742099693.5311332,-53,4,98
1742099693.5671332,12,-9,78
1742099693.602133,-5,-27,-185
1742099693.6371331,62,116,-53
1742099693.672133,59,-93,-107
1742099693.708133,9,-33,-213
1742099693.744133,-51,42,-129
1742099693.779133,-1,-85,78
1742099693.815133,20,4,-13
1742099693.8501332,59,12,-41
1742099693.885133,28,26,-199
1742099693.920133,72,4,-141
1742099693.9561331,20,42,118
1742099693.9921331,-59,-25,34
1742099694.027133,-33,-9,-15
1742099694.063133,-77,24,-45
1742099694.098133,34,36,104
1742099694.1331332,-85,-35,16
1742099694.168133,-63,-13,80
1742099694.204133,-43,88,-13
1742099694.240133,-1,62,66
1742099694.2751331,-75,78,-109
1742099694.3111331,30,32,-37
1742099694.346133,-27,26,-125
1742099694.381133,-29,32,-83
1742099694.4161332,-37,24,-213
1742099694.4521332,-19,70,-59
1742099694.4881332,-19,58,-3
1742099694.523133,72,50,-81
1742099694.559133,28,16,-11
1742099694.5941331,38,26,-47
1742099694.629133,28,-17,-85
1742099694.664133,-1,40,-113
1742099694.700133,-51,-11,-169
1742099694.736133,78,-96,16
1742099694.7711332,-13,-48,-29
1742099694.8071332,-17,64,-9
1742099694.842133,-71,10,-31
1742099694.8771331,-53,-39,6
1742099694.9131331,-47,-7,-103
1742099694.948133,8,-3,6
1742099694.984133,34,52,-41
1742099695.019133,-67,82,-117
1742099695.055133,28,-25,66
1742099695.0901332,16,-9,-51
1742099695.125133,-133,6,18
1742099695.161133,-35,12,-51
1742099695.1961331,-65,46,-63
1742099695.2321332,-17,76,30
1742099695.267133,-75,88,-39
1742099695.303133,-125,-47,-37
1742099695.338133,24,50,-173
1742099695.3731332,46,-37,-89
1742099695.4091332,64,-69,-29
1742099695.444133,54,12,2
1742099695.480133,12,-37,2
1742099695.5151331,-57,34,134
1742099695.5511332,2,48,0
1742099695.586133,12,-43,-3
1742099695.621133,-61,42,-105
1742099695.657133,-35,26,-43
1742099695.6921332,-41,-9,78
1742099695.7281332,12,-37,4
1742099695.763133,26,-67,-91
1742099695.799133,42,26,-83
1742099695.8341331,-33,-13,-47
1742099695.869133,58,16,-125
1742099695.905133,-111,64,-39
1742099695.940133,-113,-30,-95
1742099695.976133,34,-29,-15
1742099696.0111332,32,19,-38
1742099696.047133,2,31,-116
1742099696.082133,66,65,-40
1742099696.1171331,-21,19,-99
1742099696.1531332,-27,0,-23
1742099696.188133,52,-33,-131
1742099696.224133,-21,-15,-13
1742099696.259133,-61,-78,34
1742099696.295133,-27,27,-13
1742099696.3301332,40,15,-130
1742099696.365133,16,-18,-59
1742099696.401133,-45,38,-57
1742099696.4361331,-55,20,24
1742099696.4721332,10,-81,-55
1742099696.507133,-47,-21,32
1742099696.543133,-69,-7,32
1742099696.578133,-67,-37,-19
1742099696.6131332,-1,0,11
1742099696.649133,-53,-69,-24
1742099696.684133,-17,14,-4
1742099696.720133,32,2,-22
1742099696.7551332,-3,29,5
1742099696.7911332,48,66,-98
1742099696.826133,-39,23,-16
1742099696.868133,64,-113,-62
1742099696.905133,8,42,65
1742099696.940133,34,-62,15
1742099696.976133,-11,35,41
1742099697.0111332,-73,-30,-48
1742099697.047133,-11,-85,-76
1742099697.083133,0,-101,-22
1742099697.119133,-15,-15,-164
1742099697.155133,2,-35,-116
1742099697.191133,8,38,-136
1742099697.227133,-45,74,-46
1742099697.2621331,4,38,-166
1742099697.297133,-109,-67,-48
1742099697.333133,-5,58,14
1742099697.369133,-3,8,-41
1742099697.404133,22,-9,-49
1742099697.440133,-1,22,-97
1742099697.4751332,40,-45,-71
1742099697.510133,-53,-19,0
1742099697.545133,6,66,-91
1742099697.5811331,10,58,-59
1742099697.6171331,-83,-61,72
1742099697.652133,56,36,50
1742099697.688133,-31,-95,-61
1742099697.723133,-39,-73,-161
1742099697.7581332,46,-31,-189
1742099697.793133,-69,18,22
1742099697.829133,4,2,-5
1742099697.865133,-79,-15,-77
1742099697.9001331,46,-41,114
1742099697.9361331,-95,24,-91
1742099697.971133,14,-61,-143
1742099698.006133,-53,-53,14
1742099698.0411332,-7,12,22
1742099698.0771332,34,-81,-73
1742099698.1131332,72,16,-71
1742099698.148133,96,-49,-73
1742099698.184133,20,38,-147
1742099698.2191331,-19,10,-7
1742099698.254133,34,-13,-83
1742099698.289133,82,26,-107
1742099698.325133,8,26,-25
1742099698.361133,44,44,-67
1742099698.3961332,6,24,4
1742099698.4321332,6,14,-65
1742099698.467133,-13,12,-71
1742099698.5021331,30,12,-35
1742099698.537133,-19,-21,-31
1742099698.573133,-35,-3,-141
1742099698.609133,10,14,16
1742099698.644133,-17,-56,-75
1742099698.680133,4,0,-57
1742099698.7151332,-33,-16,-3
1742099698.750133,-59,-15,-107
1742099698.7851331,-11,44,54
1742099698.8211331,-17,34,-67
1742099698.8571332,-7,-3,-47
1742099698.892133,-57,4,-183
1742099698.928133,2,-11,-37
1742099698.963133,-21,28,92
1742099698.9981332,44,44,-57
1742099699.033133,-13,-49,-51
1742099699.069133,-39,-53,44
1742099699.105133,14,24,-39
1742099699.1401331,-81,12,-37
1742099699.1761332,16,34,-93
1742099699.211133,-87,-9,-118
1742099699.246133,-47,10,-42
1742099699.2811332,120,58,65
1742099699.3171332,-23,-5,-24
1742099699.3531332,-31,-21,-60
1742099699.388133,50,-47,27
1742099699.424133,10,4,-2
1742099699.4591331,34,-63,39
1742099699.494133,-9,14,-58
1742099699.529133,24,84,-24
1742099699.565133,-23,-51,-40
1742099699.601133,38,56,-50
1742099699.6361332,44,4,17
1742099699.672133,6,-19,31
1742099699.707133,-43,-15,-20
1742099699.7421331,-67,52,-24
1742099699.777133,94,20,-64
1742099699.813133,-45,-33,-6
1742099699.849133,48,-3,45
1742099699.884133,58,-23,41
1742099699.920133,-63,6,-54
1742099699.9551332,30,-15,-92
1742099699.990133,14,2,-20
1742099700.0251331,-41,-37,-32
1742099700.0611331,-33,22,-52
1742099700.0971332,32,-1,-28
1742099700.132133,-19,-39,23
1742099700.168133,20,-39,3
1742099700.203133,-85,-9,-90
1742099700.2381332,-69,-9,-46
1742099700.273133,-51,-17,5
1742099700.309133,4,-6,-74
1742099700.345133,96,-57,-70
1742099700.3801332,14,-51,-118
1742099700.4161332,-3,0,9
1742099700.451133,50,-90,-38
1742099700.486133,-37,41,-86
1742099700.5211332,84,-30,-78
1742099700.5571332,8,9,9
1742099700.593133,-13,-29,-78
1742099700.628133,-41,46,-52
1742099700.664133,6,-12,17
1742099700.6991332,12,0,-36
1742099700.734133,-107,-72,-46
1742099700.769133,78,5,-68
1742099700.805133,18,-25,-14
1742099700.841133,72,-5,-10
1742099700.876133,-23,55,23
1742099700.912133,-25,17,-58
1742099700.947133,-3,-8,1
1742099700.9821332,-29,11,-10
1742099701.017133,-41,-24,89
1742099701.053133,-15,-44,-114
1742099701.089133,50,-74,-18
1742099701.124133,14,-10,-88
1742099701.1601331,14,49,-12
1742099701.195133,20,-8,-142
1742099701.230133,-1,-36,-118
1742099701.266133,-101,-70,-80
1742099701.3011332,-33,59,-48
1742099701.3371332,-15,25,-64
1742099701.372133,12,37,-2
1742099701.408133,2,-108,41
1742099701.443133,60,-1,25
1742099701.4781332,-31,43,-108
1742099701.514133,16,-28,-124
1742099701.549133,22,-61,-30
1742099701.585133,68,22,-18
1742099701.6201332,10,-61,-112
1742099701.6561332,-47,-23,-6
1742099701.691133,30,56,-68
1742099701.726133,6,-21,-8
1742099701.7621331,-53,-48,-16
1742099701.797133,-59,-20,100
1742099701.833133,36,-52,-127
1742099701.868133,12,6,-99
1742099701.904133,10,-2,-199
1742099701.9391332,14,-14,-65
1742099701.974133,-71,-42,-101
1742099702.010133,18,1,-19
1742099702.045133,38,9,92
1742099702.0811331,-65,85,44
1742099702.116133,50,31,-123
1742099702.152133,22,-14,-33
1742099702.187133,-33,0,-77
1742099702.2221332,32,45,-103
1742099702.2581332,2,-4,-83
1742099702.293133,-19,45,-31
1742099702.329133,-19,13,-57
1742099702.3641331,78,15,-103
1742099702.4001331,-33,-6,-57
1742099702.435133,-15,-44,-85
1742099702.470133,-11,-2,2
1742099702.506133,4,-64,68
1742099702.5411332,36,39,4
1742099702.5771332,22,0,-65
1742099702.612133,64,67,-23
1742099702.648133,-43,-20,-47
1742099702.6831331,-29,-46,-85
1742099702.718133,42,-8,10
1742099702.754133,24,1,-25
1742099702.789133,4,-32,-129
1742099702.825133,64,9,0
1742099702.8601332,-9,0,-31
1742099702.8961332,56,1,-47
1742099702.931133,32,7,-143
1742099702.966133,-53,11,46
1742099703.0021331,-23,9,4
1742099703.037133,13,4,16
1742099703.073133,-50,-86,-157
1742099703.108133,5,-40,-41
1742099703.144133,41,49,66
1742099703.1791332,-13,-72,-123
1742099703.214133,-55,-18,-113
1742099703.250133,-37,-61,-19
1742099703.2851331,26,-29,-9
1742099703.3211331,6,46,-55
1742099703.356133,-23,40,-29
1742099703.392133,20,74,-39
1742099703.427133,-55,10,-1
1742099703.4621332,-127,8,-33
1742099703.4981332,50,16,56
1742099703.533133,-5,78,-59
1742099703.569133,-37,-41,24
1742099703.6041331,4,6,30
1742099703.6401331,12,5,-83
1742099703.6761332,-71,23,60
1742099703.711133,-39,-59,-105
1742099703.746133,-27,32,-45
1742099703.782133,-45,-33,-43
1742099703.818133,26,30,14
1742099703.8531332,-25,68,22
1742099703.889133,2,52,16
1742099703.924133,6,62,-213
1742099703.9591331,-27,48,-17
1742099703.994133,-45,-43,-85
1742099704.030133,-3,-5,-45
1742099704.066133,-95,34,-49
1742099704.101133,20,-67,-85
1742099704.1371331,-23,-55,80
1742099704.172133,66,58,46
1742099704.207133,-25,24,-47
1742099704.2421331,16,32,-71
1742099704.2781332,2,14,4
1742099704.3141332,4,16,-17
1742099704.349133,-51,-15,18
1742099704.385133,-53,9,-81
1742099704.420133,-79,-6,-71
1742099704.4551332,100,-16,10
1742099704.490133,-57,-18,60
1742099704.526133,70,-10,-55
1742099704.562133,-63,-18,-19
1742099704.5971332,-7,37,-35
1742099704.6331332,36,35,4
1742099704.668133,14,33,-95
1742099704.703133,42,-8,-71
1742099704.7381332,40,9,-93
1742099704.774133,-23,39,-127
1742099704.810133,6,57,-111
1742099704.845133,-37,69,-101
1742099704.881133,4,-20,34
1742099704.9161332,44,33,112
1742099704.951133,-27,43,-27
1742099704.986133,-39,71,-177
1742099705.022133,-39,3,40
1742099705.0581331,-3,-28,-113
1742099705.093133,-5,3,-103
1742099705.129133,-7,41,-83
1742099705.164133,36,21,-21
1742099705.1991332,-21,25,100
1742099705.234133,-7,-2,-153
1742099705.270133,2,-30,-151
1742099705.306133,42,65,18
1742099705.341133,-49,77,-41
1742099705.3771331,-41,11,24
1742099705.412133,34,-22,-25
1742099705.447133,-43,-6,4
1742099705.4821332,-19,1,28
1742099705.5181332,-13,-2,-177
1742099705.5541332,-45,41,-23
1742099705.589133,8,-14,-155
1742099705.625133,82,27,-17
1742099705.6601331,66,-50,-49
1742099705.695133,-55,-42,-15
1742099705.730133,-29,9,-15
1742099705.766133,0,-20,-77
1742099705.802133,-1,59,-139
1742099705.8371332,72,23,42
1742099705.8731332,-43,-4,-115
1742099705.908133,2,15,-135
1742099705.943133,76,29,54
1742099705.9781332,-27,-24,-83
1742099706.014133,40,-50,-159
1742099706.050133,-17,-52,-89
1742099706.085133,-33,35,-109
1742099706.121133,-89,-78,-175
1742099706.1561332,4,43,-85
1742099706.191133,-59,-8,123
1742099706.226133,-1,5,163
1742099706.2621331,-9,77,-20
1742099706.2981331,-19,59,49
1742099706.333133,-13,27,25
1742099706.369133,4,57,41
1742099706.404133,85,59,-112
1742099706.4391332,-48,55,17
1742099706.474133,51,51,9
1742099706.510133,-12,93,-62
1742099706.546133,21,-36,-26
1742099706.5811331,-16,-64,-58
1742099706.6171331,-122,-6,-22
1742099706.652133,71,-22,-54
1742099706.687133,-2,-16,13
1742099706.7221332,13,-2,-48
1742099706.7581332,-2,117,-34
1742099706.7941332,13,-24,-110
1742099706.829133,21,-20,-38
1742099706.872133,47,67,97
1742099706.908133,-11,-40,-132
1742099706.943133,-47,31,-90
1742099706.9781332,154,24,-12
1742099707.014133,-3,-47,-4
1742099707.050133,-19,36,-182
1742099707.085133,58,40,-106
1742099707.121133,20,-23,-96
1742099707.1561332,-15,-69,-156
1742099707.191133,-55,-41,-64
1742099707.226133,70,-51,87
1742099707.2621331,-3,13,27
1742099707.2981331,40,1,-150
1742099707.333133,-57,29,-58
1742099707.369133,-43,-64,57
1742099707.404133,-83,24,-88
1742099707.4391332,22,-19,33
1742099707.474133,-11,24,-28
1742099707.510133,-3,34,-10
1742099707.546133,24,-41,-140
1742099707.5811331,-7,16,19
1742099707.6171331,-49,-37,65
1742099707.652133,14,52,-78
1742099707.687133,64,-35,-96
1742099707.723133,24,30,-126
1742099707.7581332,90,4,-70
1742099707.7941332,48,30,-104
1742099707.829133,-27,-13,0
1742099707.865133,108,12,57
1742099707.9001331,-79,-33,-68
1742099707.935133,28,36,81
1742099707.971133,90,-41,-122
1742099708.006133,36,16,19
1742099708.042133,62,1,-68
1742099708.0771332,-61,46,-116
1742099708.1131332,26,-69,-68
1742099708.148133,26,-13,-42
1742099708.1831331,52,28,77
1742099708.2191331,-3,48,-52
1742099708.254133,28,-31,-104
1742099708.290133,-67,-3,25
1742099708.325133,-59,-31,-150
1742099708.361133,28,34,-158
1742099708.3961332,-15,-55,3
1742099708.431133,-59,2,-230
1742099708.467133,48,-9,31
1742099708.5021331,30,-37,-150
1742099708.5381331,30,-10,-116
1742099708.573133,-5,69,-100
1742099708.609133,-13,-48,5
1742099708.644133,-65,2,11
1742099708.6791332,-79,-85,-30
1742099708.7151332,8,-9,31
1742099708.750133,-37,-45,-30
1742099708.786133,26,38,125
1742099708.8211331,44,-33,71
1742099708.8571332,-11,-21,-56
1742099708.892133,6,-17,137
1742099708.927133,-21,24,-178
1742099708.963133,-77,6,-46
1742099708.9981332,-25,-3,-132
1742099709.0341332,-11,32,-30
1742099709.069133,-7,-33,-134
1742099709.105133,-13,48,-184
1742099709.1401331,38,-11,7
1742099709.175133,-63,-37,43
1742099709.211133,58,-17,11
1742099709.246133,-21,-73,-96
1742099709.282133,46,12,-54
1742099709.3171332,-21,68,-108
1742099709.3531332,42,-109,-24
1742099709.388133,-69,-73,-60
1742099709.4231331,110,0,-10
1742099709.4591331,54,-51,-112
1742099709.494133,-17,18,-162
1742099709.530133,-43,8,-20
1742099709.565133,78,-29,-48
1742099709.601133,24,-57,-118
1742099709.6361332,62,50,-112
1742099709.671133,-93,-5,-136
1742099709.707133,-3,20,-84
1742099709.7421331,-85,90,89
1742099709.7781332,-45,-33,-22
1742099709.813133,-15,-9,-74
1742099709.849133,-31,-71,-22
1742099709.884133,-47,26,-172
1742099709.9191332,22,-13,-16
1742099709.9551332,-17,-31,63
1742099709.990133,-61,52,-151
1742099710.026133,-75,-3,84
1742099710.0611331,-21,-49,-77
1742099710.096133,64,-61,-29
1742099710.131133,38,20,-39
1742099710.167133,46,-33,-71
1742099710.203133,12,-23,-23
1742099710.2381332,-9,30,-3
1742099710.274133,-77,-51,-79
1742099710.309133,22,-17,-41
1742099710.3441331,30,-43,-49
1742099710.379133,-29,8,-17
1742099710.415133,8,-3,-47
1742099710.451133,20,0,-27
1742099710.486133,2,30,-141
1742099710.522133,54,26,-131
1742099710.5571332,-77,34,-139
1742099710.592133,28,36,-59
1742099710.6271331,-69,-33,76
1742099710.6631331,18,26,-85
1742099710.6991332,30,-1,-67
1742099710.734133,-17,22,-73
1742099710.770133,18,6,-83
1742099710.805133,-15,0,-97
1742099710.8401332,-39,-57,-41
1742099710.875133,-71,38,-179
1742099710.911133,84,12,-65
1742099710.947133,-51,40,0
1742099710.9821332,8,-21,-67
1742099711.0181332,2,46,-11
1742099711.053133,-31,18,-71
1742099711.088133,46,55,6
1742099711.1231332,20,-59,-87
1742099711.1591332,50,-27,-137
1742099711.195133,44,10,-97
1742099711.230133,-29,-81,20
1742099711.266133,34,4,-73
1742099711.3011332,24,-7,18
1742099711.336133,-43,-21,-83
1742099711.371133,54,59,-43
1742099711.407133,-3,-43,-251
1742099711.443133,-25,-17,-171
1742099711.4781332,8,3,-31
1742099711.514133,-55,7,-9
1742099711.549133,28,-10,72
1742099711.5841331,42,-82,-99
1742099711.619133,12,29,26
1742099711.655133,-19,53,-147
1742099711.691133,-17,41,-15
1742099711.726133,68,3,138
1742099711.7621331,-41,13,-81
1742099711.797133,94,17,50
1742099711.832133,46,-11,-43
1742099711.8671331,-25,-38,-81
1742099711.9031332,68,49,-93
1742099711.9391332,-61,49,-75
1742099711.974133,56,-70,-57
1742099712.010133,32,35,-33
1742099712.045133,-1,59,-75
1742099712.0801332,48,-42,-29
1742099712.115133,8,13,18
1742099712.151133,-15,11,-87
1742099712.187133,34,82,46
1742099712.2221332,20,-39,26
1742099712.2581332,56,-91,-59
1742099712.293133,-49,13,30
1742099712.328133,42,-2,-27
1742099712.3631332,8,-30,-41
1742099712.399133,-21,47,28
1742099712.435133,-13,-9,-17
1742099712.470133,34,50,68
1742099712.506133,-7,16,46
1742099712.5411332,-9,22,0
1742099712.576133,-21,-47,-29
1742099712.611133,42,9,-85
1742099712.647133,-37,-5,-13
1742099712.6831331,8,64,-103
1742099712.718133,38,-23,-57
1742099712.754133,-7,6,24
1742099712.789133,-33,-19,16
1742099712.8241332,-29,-63,-89
1742099712.859133,52,-35,-21
1742099712.895133,48,-1,-59
1742099712.931133,-51,-35,-47
1742099712.966133,-25,4,-125
1742099713.0021331,-33,-31,-119
1742099713.037133,2,-39,98
1742099713.072133,-35,8,4
1742099713.1071332,-29,38,-29
1742099713.1431332,-23,16,-33
1742099713.1791332,-5,20,-21
1742099713.214133,-83,2,-11
1742099713.250133,54,-7,-69
1742099713.2851331,68,50,-33
1742099713.320133,-33,62,-24
1742099713.355133,-5,28,-48
1742099713.391133,-23,-53,-82
1742099713.427133,-69,18,-12
1742099713.4621332,34,-31,71
1742099713.4981332,-9,14,95
1742099713.533133,-11,12,-72
1742099713.568133,92,-1,-66
1742099713.6031332,84,-47,-28
1742099713.639133,-5,-13,-142
1742099713.675133,14,30,3
1742099713.710133,48,-23,-36
1742099713.746133,48,50,-58
1742099713.7811332,-31,-9,25
1742099713.816133,-11,70,-60
1742099713.851133,30,18,-20
1742099713.8871331,12,14,-106
1742099713.9231331,-21,-21,95
1742099713.958133,-27,6,-26
1742099713.994133,-53,24,-84
1742099714.029133,42,14,-110
1742099714.0641332,46,34,-12
1742099714.099133,46,44,-100
1742099714.135133,12,-7,29
1742099714.171133,-5,-51,-170
1742099714.2061331,42,-75,-14
1742099714.2421331,-77,-5,-72
1742099714.277133,-11,-37,-44
1742099714.312133,6,-19,-32
1742099714.348133,-13,2,83
1742099714.3831332,20,24,-32
1742099714.4191332,118,-53,-42
1742099714.454133,-21,10,127
1742099714.490133,30,-3,-48
1742099714.5251331,-53,-36,37
1742099714.560133,-1,22,-34
1742099714.596133,38,24,17
1742099714.631133,22,-79,-28
1742099714.667133,-55,-53,-32
1742099714.7021332,-19,-53,87
1742099714.7381332,-9,6,-30
1742099714.773133,-77,-25,-42
1742099714.8081331,-11,-31,-42
1742099714.8441331,66,50,-30
1742099714.879133,46,-19,-92
1742099714.915133,4,22,-104
1742099714.950133,46,34,-6
1742099714.986133,-15,88,49
1742099715.0211332,-13,-3,-54
1742099715.056133,50,-13,13
1742099715.092133,20,-41,45
1742099715.1271331,-19,32,-72
1742099715.1631331,-43,0,-112
1742099715.198133,-37,-18,-8
1742099715.234133,24,24,-144
1742099715.269133,70,40,-102
1742099715.3041332,38,46,-80
1742099715.3401332,50,24,-24
1742099715.375133,4,34,-108
1742099715.411133,-47,60,-118
1742099715.4461331,-59,-7,-44
1742099715.4821332,-5,-37,-112
1742099715.517133,-31,36,-78
1742099715.552133,64,30,-2
1742099715.588133,-75,-1,-226
1742099715.6231332,10,-7,-82
1742099715.6591332,-5,14,-178
1742099715.694133,-41,32,-56
1742099715.730133,-49,3,-70
1742099715.7651331,34,47,-106
1742099715.800133,10,7,-56
1742099715.836133,32,-22,-164
1742099715.871133,-41,15,-30
1742099715.907133,54,0,-126
1742099715.9421332,30,37,-150
1742099715.9781332,-3,-60,29
1742099716.013133,-73,-42,-64
1742099716.0481331,-35,13,-58
1742099716.0841331,-37,27,-40
1742099716.119133,-23,25,-80
1742099716.155133,34,-30,33
1742099716.190133,86,-12,-80
1742099716.226133,-7,29,-12
1742099716.2611332,40,7,-88
1742099716.296133,24,-34,-104
1742099716.332133,20,-8,1
1742099716.3671331,-57,11,-42
1742099716.4031332,-69,3,11
1742099716.438133,-15,-40,-86
1742099716.474133,-53,-16,-96
1742099716.510133,0,-32,-46
1742099716.546133,-49,79,-132
1742099716.582133,6,27,-84
1742099716.6171331,52,-36,-66
1742099716.652133,24,13,-14
1742099716.688133,-51,57,-86
1742099716.724133,-55,13,-24
1742099716.759133,-57,15,11
1742099716.795133,28,-24,-46
1742099716.8301332,88,33,-78
1742099716.872133,30,-14,21
1742099716.908133,-99,13,-152
1742099716.944133,-57,-28,-28
1742099716.980133,16,-92,-123
1742099717.0151331,-107,47,-33
1742099717.0511332,-5,-48,-11
1742099717.086133,-109,-46,38
1742099717.121133,-5,15,-73
1742099717.1561332,-19,-60,-59
1742099717.1921332,30,7,-25
1742099717.2281332,54,-52,-13
1742099717.263133,26,35,-73
1742099717.299133,16,85,26
1742099717.3341331,-41,-114,-45
1742099717.369133,24,19,-61
1742099717.404133,-5,-36,-129
1742099717.440133,-9,29,-123
1742099717.476133,-1,5,-17
1742099717.5111332,56,-12,-129
1742099717.547133,38,95,24
1742099717.582133,-69,41,-35
1742099717.6171331,16,13,-69
1742099717.652133,26,-78,-153
1742099717.688133,-19,31,-71
1742099717.724133,48,23,-29
1742099717.759133,-59,0,56
1742099717.795133,10,-18,-125
1742099717.8301332,34,21,-79
1742099717.865133,-11,-36,12
1742099717.9001331,-35,-30,-63
1742099717.9361331,-13,-2,14
1742099717.9721332,30,1,-195
1742099718.007133,24,5,-39
1742099718.043133,188,-50,-101
1742099718.078133,-25,45,-61
1742099718.1131332,2,-44,-83
1742099718.148133,46,59,28
1742099718.184133,68,31,-105
1742099718.220133,-79,29,-57
1742099718.2551332,-71,-38,24
1742099718.2911332,0,-32,-11
1742099718.326133,16,25,-81
1742099718.361133,-29,33,-39
1742099718.3961332,-21,13,-107
1742099718.4321332,-37,-58,16
1742099718.468133,-15,15,-69
1742099718.503133,-19,-58,-79
1742099718.539133,-9,-20,-63
1742099718.5741332,64,-16,-129
1742099718.609133,-9,57,-81
1742099718.644133,12,45,24
1742099718.680133,-81,77,-109
1742099718.716133,-35,19,-93
1742099718.751133,8,37,-93
1742099718.787133,-21,-18,-15
1742099718.822133,20,81,120
1742099718.8571332,26,13,-81
1742099718.892133,-63,-66,-39
1742099718.928133,-1,-78,-33
1742099718.964133,-31,9,22
1742099718.999133,50,15,-55
1742099719.0351331,-43,33,12
1742099719.070133,-61,35,-71
1742099719.105133,-23,-12,18
1742099719.1401331,56,-14,-73
1742099719.1761332,18,13,-81
1742099719.2121332,40,-10,20
1742099719.247133,18,-24,-53
1742099719.283133,98,-124,-53
1742099719.318133,16,49,-125
1742099719.3531332,-9,-64,-37
1742099719.388133,22,47,-201
1742099719.424133,54,47,48
1742099719.460133,16,53,-45
1742099719.4951332,-27,19,-148
1742099719.5311332,50,-20,34
1742099719.566133,0,-40,-49
1742099719.601133,32,-34,-15
1742099719.6361332,-11,19,-54
1742099719.672133,-19,-62,51
1742099719.708133,-17,-21,-164
1742099719.743133,12,14,-62
1742099719.779133,4,14,-18
1742099719.8141332,6,-41,141
1742099719.849133,-15,-1,-152
1742099719.884133,-69,-14,-58
1742099719.920133,-19,-68,-44
1742099719.9561331,6,-14,-28
1742099719.991133,48,-1,9
1742099720.027133,-9,-41,61
1742099720.062133,-89,6,-10
1742099720.0971332,-45,-13,-88
1742099720.132133,-41,-65,37
1742099720.168133,18,-37,-68
1742099720.204133,-39,4,0
1742099720.2391331,4,6,-14
1742099720.2751331,4,52,63
1742099720.310133,6,9,-60
1742099720.345133,36,-9,-48
1742099720.3801332,0,20,-96
1742099720.4161332,-35,-45,-74
1742099720.4521332,-7,-19,-190
1742099720.487133,4,-37,-96
1742099720.523133,62,-49,3
1742099720.5581331,-37,4,13
1742099720.593133,-47,10,-8
1742099720.628133,82,12,-110
1742099720.664133,8,-4,13
1742099720.700133,38,-34,61
1742099720.7351332,-75,55,-112
1742099720.7711332,-29,61,-8
1742099720.806133,14,17,-112
1742099720.841133,8,49,-14
1742099720.8771331,50,-84,17
1742099720.912133,38,2,-56
1742099720.948133,0,51,-48
1742099720.983133,0,-28,25
1742099721.019133,-101,-14,-128
1742099721.0541332,-17,-38,-226
1742099721.089133,18,-4,-52
1742099721.125133,-27,-12,-58
1742099721.1601331,68,50,17
1742099721.1961331,-1,-46,-54
1742099721.231133,-27,61,55
1742099721.267133,-55,-70,23
1742099721.302133,34,5,7
1742099721.3371332,-221,-28,-106
1742099721.3731332,2,59,-130
1742099721.408133,34,11,5
1742099721.444133,12,15,-84
1742099721.4791331,-65,0,81
1742099721.5151331,-25,-8,-54
1742099721.550133,-43,-22,-12
1742099721.585133,-21,11,-6
1742099721.621133,-41,-30,33
1742099721.6561332,-7,27,-72
1742099721.6921332,4,-24,-28
1742099721.727133,-7,0,51
1742099721.763133,28,-58,-48
1742099721.7981331,26,-12,-32
1742099721.833133,92,67,-34
1742099721.869133,6,47,19
1742099721.904133,-55,-44,-146
1742099721.940133,6,-7,-90
1742099721.9751332,-10,-51,-166
1742099722.0111332,25,-31,-42
1742099722.046133,-53,-41,-32
1742099722.0811331,-23,20,-4
1742099722.1171331,-109,-1,-112
1742099722.152133,-11,-41,-150
1742099722.188133,-3,66,-148
1742099722.223133,84,22,39
1742099722.259133,-57,-29,-112
1742099722.2941332,-33,-35,-36
1742099722.329133,42,50,-264
1742099722.365133,-23,-101,115
1742099722.4001331,-7,14,-58
1742099722.4361331,2,14,-50
1742099722.471133,-19,-11,78
1742099722.507133,-7,-29,-31
1742099722.542133,-25,-31,-52
1742099722.5771332,56,-5,49
1742099722.6131332,-19,-23,-78
1742099722.648133,-75,-3,-83
1742099722.684133,26,-47,-53
1742099722.7191331,8,0,-87
1742099722.7551332,-25,10,-29
1742099722.790133,26,2,0
1742099722.825133,48,3,44
1742099722.861133,-25,33,112
1742099722.8961332,56,25,-21
1742099722.9321332,74,-40,-43
1742099722.967133,12,5,24
1742099723.003133,-5,37,-11
1742099723.039133,-27,41,92
1742099723.075133,10,-32,-9
1742099723.111133,66,37,-61
1742099723.1461332,-41,-14,50
1742099723.181133,4,71,-121
1742099723.217133,2,-54,-123
1742099723.253133,-13,-14,4
1742099723.2881331,-19,-38,22
1742099723.3241332,52,-20,72
1742099723.359133,36,25,-47
1742099723.394133,-5,5,-45
1742099723.4291332,102,47,-39
1742099723.4651332,-27,-6,-141
1742099723.501133,24,25,8
1742099723.536133,86,-4,-111
1742099723.572133,-19,49,-99
1742099723.6071332,-27,11,-41
1742099723.642133,-10,-48,-129
1742099723.677133,25,-36,16
1742099723.713133,-56,63,-159
1742099723.749133,-82,-18,-81
1742099723.7841332,-34,85,-127
1742099723.820133,-44,19,-23
1742099723.855133,25,-10,-67
1742099723.8901331,11,27,14
1742099723.925133,61,0,-161
1742099723.961133,-22,67,-145
1742099723.997133,5,-62,-57
1742099724.032133,-8,-2,20
1742099724.068133,-74,29,-33
1742099724.1031332,26,13,20
1742099724.138133,-2,55,-107
1742099724.1731331,-45,-48,-59
1742099724.2091331,45,-4,10
1742099724.2451332,32,1,-67
1742099724.280133,-24,33,-107
1742099724.316133,-48,-13,-201
1742099724.351133,54,-25,-39
1742099724.3861332,130,-45,44
1742099724.421133,-9,16,-31
1742099724.457133,-11,-17,-117
1742099724.493133,3,7,-11
1742099724.5281332,0,-12,-158
1742099724.5641332,-76,7,-80
1742099724.599133,1,27,-188
1742099724.634133,-38,43,63
1742099724.6691332,-34,25,-150
1742099724.7051332,-8,-22,59
1742099724.741133,3,-32,-134
1742099724.776133,-6,-14,23
1742099724.812133,-20,-18,-68
1742099724.8471332,35,-46,-150
1742099724.882133,-2,37,-78
1742099724.917133,67,-40,-114
1742099724.953133,-48,101,-34
1742099724.9891331,-18,73,7
1742099725.024133,-58,-34,-84
1742099725.060133,-26,-2,-8
1742099725.095133,-4,-90,-60
1742099725.1301332,-2,-20,-8
1742099725.165133,47,-28,-80
1742099725.201133,5,39,11
1742099725.237133,79,-88,-10
1742099725.272133,-28,-2,-70
1742099725.3081331,-43,7,-104
1742099725.343133,-37,33,99
1742099725.378133,-43,63,-76
1742099725.4131331,-95,17,0
1742099725.4491332,80,-46,-66
1742099725.4851332,-61,17,5
1742099725.520133,-51,-2,-116
1742099725.556133,52,9,39
1742099725.591133,-49,-10,7
1742099725.626133,20,13,-104
1742099725.661133,54,-12,39
1742099725.697133,-67,35,-50
1742099725.733133,38,40,-104
1742099725.7681332,-17,20,-106
1742099725.8041332,14,55,21
1742099725.839133,-93,35,-28
1742099725.874133,-1,51,-22
1742099725.9091332,-135,15,-42
1742099725.945133,-1,71,-42
1742099725.981133,2,-26,-28
1742099726.016133,-93,-87,37
1742099726.052133,-19,-1,-248
1742099726.0871332,-15,0,37
1742099726.122133,26,-45,-102
1742099726.157133,138,92,-138
1742099726.193133,22,26,-122
1742099726.2291331,56,-35,11
1742099726.264133,24,-11,-4
1742099726.300133,-37,10,-44
1742099726.335133,4,-43,-30
1742099726.3701332,128,-7,-90
1742099726.405133,-45,58,-20
1742099726.441133,1,-19,-130
1742099726.477133,-9,42,-48
1742099726.5121331,-43,-15,83
1742099726.5481331,-73,-33,95
1742099726.583133,-15,9,-18
1742099726.618133,18,11,-186
1742099726.6531332,22,34,-16
1742099726.6891332,-75,-85,-26
1742099726.7251332,60,-129,-118
1742099726.760133,-51,30,17
1742099726.796133,-11,-57,-68
1742099726.8311331,46,42,-86
1742099726.8731332,-1,-17,43
1742099726.9091332,-85,-1,-66
1742099726.945133,-55,6,-80
1742099726.981133,0,-41,105
1742099727.016133,-33,24,43
1742099727.052133,-9,46,-100
1742099727.0871332,0,-9,63
1742099727.122133,64,18,-144
1742099727.158133,-37,-5,-116
1742099727.193133,2,-103,-136
1742099727.2291331,12,2,19
1742099727.264133,18,54,-190
1742099727.300133,36,-61,-148
1742099727.335133,108,-17,-42
1742099727.3701332,18,14,-34
1742099727.4061332,-37,-85,-125
1742099727.441133,-23,-23,104
1742099727.477133,-1,-45,81
1742099727.5121331,6,124,165
1742099727.5481331,76,-55,-52
1742099727.583133,34,34,-62
1742099727.618133,10,-82,-108
1742099727.654133,-77,25,-36
1742099727.6891332,-49,52,17
1742099727.7251332,-35,5,-44
1742099727.760133,-101,-12,3
1742099727.796133,2,13,-12
1742099727.8311331,0,-14,-114
1742099727.866133,30,0,-12
1742099727.902133,30,4,-28
1742099727.937133,-81,19,3
1742099727.973133,58,-59,-108
1742099728.0081332,36,-11,19
1742099728.0441332,26,-63,-26
1742099728.079133,12,-29,-108
1742099728.1141331,-29,-53,-136
1742099728.1501331,4,54,1
1742099728.185133,38,37,-96
1742099728.221133,-31,-43,-8
1742099728.256133,-71,-45,1
1742099728.292133,-57,66,45
1742099728.3271332,-3,-23,-72
1742099728.362133,-35,8,103
1742099728.398133,26,28,5
1742099728.4331331,-19,5,-32
1742099728.4691331,-9,-57,-54
1742099728.504133,42,-34,-98
1742099728.540133,-65,29,-3
1742099728.575133,-7,21,-49
1742099728.6101332,-39,5,20
1742099728.6461332,-7,-20,-108
1742099728.681133,22,-10,-40
1742099728.717133,24,-24,-128
1742099728.7521331,-79,-46,-14
1742099728.7881331,8,-8,-60
1742099728.823133,48,13,15
1742099728.858133,6,35,-62
1742099728.894133,-37,5,-64
1742099728.9291332,-37,-76,-56
1742099728.9651332,106,37,-43
1742099729.000133,-61,-42,-14
1742099729.036133,-23,1,-102
1742099729.0711331,40,31,47
1742099729.106133,86,-46,37
1742099729.142133,6,87,-23
1742099729.177133,40,-32,0
1742099729.213133,-79,-14,-45
1742099729.2481332,4,-6,-65
1742099729.2841332,24,11,122
1742099729.319133,68,49,-53
1742099729.3541331,64,-47,-31
1742099729.3901331,-25,-10,-167
1742099729.425133,-25,-26,-41
1742099729.461133,24,-10,20
1742099729.496133,10,13,4
1742099729.532133,14,-30,-97
1742099729.568133,-59,61,-7
1742099729.6031332,46,11,-37
1742099729.638133,-3,8,-133
1742099729.674133,28,12,-67
1742099729.710133,6,54,12
1742099729.7451332,-43,-37,-137
1742099729.7811332,12,-53,44
1742099729.816133,-15,-25,-135
1742099729.851133,84,-6,48
1742099729.8861332,-51,30,-159
1742099729.922133,-37,16,-59
1742099729.958133,-33,-27,-21
1742099729.993133,-57,32,-109
1742099730.029133,-23,-9,-97
1742099730.0641332,-57,-37,-33
1742099730.099133,26,-71,-15
1742099730.134133,-17,-11,-89
1742099730.170133,4,76,-153
1742099730.2061331,-9,-25,-23
1742099730.241133,-11,-85,8
1742099730.277133,34,-35,-147
1742099730.312133,22,-37,-111
1742099730.3471332,74,-93,-35
1742099730.382133,2,-47,-51
1742099730.418133,44,-47,-49
1742099730.454133,2,1,-125
1742099730.4891331,-65,-60,-75
1742099730.5251331,-1,35,-173
1742099730.560133,-11,-2,-5
1742099730.595133,10,-36,-17
1742099730.6301332,-37,-22,-71
1742099730.6661332,-15,6,0
1742099730.7021332,36,-59,-81
1742099730.737133,18,-55,26
1742099730.773133,42,-49,-79
1742099730.8081331,-9,18,-65
1742099730.843133,34,14,-101
1742099730.878133,8,76,-33
1742099730.914133,34,4,-137
1742099730.950133,8,-39,0
1742099730.9851332,12,-19,46
1742099731.0211332,26,32,-273
1742099731.056133,48,-33,-25
1742099731.091133,58,8,8
1742099731.126133,64,2,-203
1742099731.162133,34,-56,-67
1742099731.198133,34,-16,-73
1742099731.233133,-69,13,-87
1742099731.269133,76,-24,68
1742099731.3041332,-31,31,18
1742099731.339133,-27,-32,18
1742099731.374133,-53,16,-51
1742099731.4101331,32,57,-7
1742099731.4461331,40,1,-67
1742099731.481133,-15,7,-27
1742099731.517133,-59,21,98
1742099731.552133,-23,-42,-9
1742099731.5871332,-5,43,-47
1742099731.622133,-11,65,-55
1742099731.658133,42,-4,-157
1742099731.694133,-39,-76,-221
1742099731.7291331,4,-42,-35
1742099731.7651331,58,-16,-33
1742099731.800133,92,-2,-151
1742099731.835133,30,-50,-127
1742099731.8701332,56,67,-85
1742099731.9061332,-49,5,-97
1742099731.9421332,-13,3,-31
1742099731.977133,80,-10,-109
1742099732.013133,-1,-22,18
1742099732.0481331,14,-20,30
1742099732.083133,20,-25,-47
1742099732.118133,36,4,-83
1742099732.154133,-35,76,-183
1742099732.190133,-19,2,-137
1742099732.2251332,40,-1,60
1742099732.2611332,14,-37,-71
1742099732.296133,-21,-119,-37
1742099732.3311331,-59,-17,-89
1742099732.366133,84,48,-13
1742099732.402133,38,36,-1
1742099732.438133,36,98,-25
1742099732.473133,10,-29,-53
1742099732.510133,8,24,4
1742099732.545133,-23,16,-9
1742099732.5811331,-65,68,-157
1742099732.616133,-7,16,-33
1742099732.651133,-55,-44,-115
1742099732.6861331,-1,-48,-107
1742099732.7221332,-9,-12,-137
1742099732.7581332,-57,-4,-15
1742099732.793133,-3,15,-81
1742099732.829133,-51,-2,-25
1742099732.8641331,-41,26,86
1742099732.899133,18,-52,-179
1742099732.934133,24,-50,-23
1742099732.970133,-43,-13,-47
1742099733.006133,-41,10,-111
1742099733.0411332,16,-11,-23
1742099733.0771332,24,-45,-137
1742099733.112133,52,84,-27
1742099733.147133,-13,32,6
1742099733.1821332,70,24,-15
1742099733.218133,20,22,0
1742099733.254133,80,-21,-19
1742099733.289133,32,16,-27
1742099733.325133,12,-34,-11
1742099733.3601332,-45,45,32
1742099733.395133,0,-49,54
1742099733.430133,-1,-77,-19
1742099733.466133,80,26,-37
1742099733.5021331,30,0,4
1742099733.537133,-1,-73,-65
1742099733.573133,32,4,-51
1742099733.608133,34,-31,16
1742099733.6431332,2,26,-17
1742099733.6791332,-7,2,-135
1742099733.714133,-79,24,28
1742099733.750133,-41,-13,-21
1742099733.7851331,-95,-17,56
1742099733.8211331,-13,-33,-147
1742099733.856133,-31,-1,-11
1742099733.891133,-105,-13,-89
1742099733.927133,-11,54,50
1742099733.9621332,-27,68,-43
1742099733.9981332,30,-83,-29
1742099734.033133,20,86,34
1742099734.069133,8,-19,4
1742099734.1041331,-57,-9,-29
1742099734.139133,-41,30,-35
1742099734.175133,70,90,-19
1742099734.210133,62,14,-89
1742099734.246133,14,-73,-9
1742099734.2811332,-1,88,14
1742099734.3171332,-49,4,-177
1742099734.352133,32,-1,-46
1742099734.3871331,18,26,-40
1742099734.4231331,66,22,51
1742099734.458133,-1,8,-38
1742099734.494133,8,32,-51
1742099734.529133,42,-23,-52
1742099734.565133,70,-23,-16
1742099734.6001332,-97,-9,-124
1742099734.635133,-81,22,-22
1742099734.671133,52,-35,-48
1742099734.7061331,86,-19,-40
1742099734.7421331,-11,10,-86
1742099734.777133,38,-35,17
1742099734.813133,-59,-1,-22
1742099734.848133,26,-13,43
1742099734.8831332,-67,21,-30
1742099734.9191332,4,-64,21
1742099734.954133,38,19,-54
1742099734.990133,12,94,29
1742099735.0251331,56,-35,-46
1742099735.0611331,-31,22,59
1742099735.096133,-99,2,-98
1742099735.131133,-45,-25,17
1742099735.167133,86,16,5
1742099735.2021332,32,12,-144
1742099735.2381332,-25,-93,-62
1742099735.274133,-15,80,-72
1742099735.310133,-63,10,33
1742099735.345133,24,2,19
1742099735.381133,-37,26,31
1742099735.4161332,-17,38,-80
1742099735.451133,-47,-17,-52
1742099735.487133,68,40,9
1742099735.522133,60,-27,-52
1742099735.5581331,76,36,-40
1742099735.593133,-5,88,-108
1742099735.629133,46,16,-6
1742099735.664133,14,40,3
1742099735.6991332,-9,-31,47
1742099735.7351332,-21,8,15
1742099735.770133,94,-25,-24
1742099735.806133,-27,10,-46
1742099735.841133,-31,-5,-42
1742099735.8771331,54,-21,9
1742099735.912133,30,34,-158
1742099735.947133,-1,-29,23
1742099735.983133,12,12,-90
1742099736.0181332,-7,-69,-74
1742099736.0541332,-9,84,-162
1742099736.089133,-59,30,29
1742099736.124133,-5,-17,65
1742099736.1591332,38,-25,-158
1742099736.195133,80,4,-12
1742099736.231133,28,-7,-70
1742099736.266133,-33,14,-158
1742099736.302133,14,-11,53
1742099736.3371332,36,-13,-126
1742099736.372133,8,22,-82
1742099736.407133,-21,-9,-46
1742099736.443133,-23,6,-40
1742099736.4791331,-45,-1,29
1742099736.514133,-5,12,69
1742099736.550133,6,-57,61
1742099736.585133,18,-17,-32
1742099736.6201332,36,-21,-46
1742099736.655133,-13,8,-48
1742099736.691133,24,92,-118
1742099736.727133,-35,-47,-108
1742099736.7621331,-1,-37,-94
1742099736.7981331,16,-13,-50
1742099736.833133,38,38,-70
1742099736.875133,-17,32,-12
1742099736.911133,-5,-49,-48
1742099736.947133,74,34,-42
1742099736.983133,32,-23,63
1742099737.0181332,-9,-27,-146
1742099737.0541332,20,-15,-50
1742099737.089133,-61,-19,-44
1742099737.124133,38,10,-16
1742099737.1591332,76,22,-58
1742099737.195133,-19,-27,-18
1742099737.231133,0,-37,1
1742099737.266133,-33,-47,-18
1742099737.302133,-11,20,7
1742099737.3371332,4,-15,-34
1742099737.372133,70,10,-176
1742099737.407133,-65,-55,29
1742099737.443133,-49,50,-48
1742099737.4791331,-65,12,0
1742099737.514133,-1,-15,-10
1742099737.550133,34,-11,-168
1742099737.585133,-7,-49,-224
1742099737.6201332,-17,18,-86
1742099737.655133,-5,-27,-78
1742099737.691133,-15,20,-76
1742099737.727133,36,30,-70
1742099737.7621331,-39,-79,-122
1742099737.7981331,-19,-7,7
1742099737.833133,-51,64,-58
1742099737.868133,-3,-23,-28
1742099737.9031332,-55,-3,-18
1742099737.9391332,74,58,-46
1742099737.9751332,-3,-23,-66
1742099738.010133,20,42,-94
1742099738.046133,-17,-17,-46
1742099738.0811331,-5,-33,-68
1742099738.116133,-59,-3,-44
1742099738.151133,-41,-53,-150
1742099738.187133,32,-23,55
1742099738.223133,8,48,-6
1742099738.2581332,112,136,23
1742099738.2941332,22,-55,-44
1742099738.329133,-35,30,7
1742099738.3641331,40,-43,61
1742099738.399133,14,-79,-86
1742099738.435133,18,-67,-70
1742099738.471133,-55,4,-50
1742099738.506133,14,-33,-66
1742099738.542133,-55,100,-134
1742099738.5771332,-9,-49,31
1742099738.612133,28,10,-124
1742099738.647133,82,0,-18
1742099738.6831331,4,-13,-8
1742099738.7191331,62,46,-92
1742099738.754133,-5,4,-136
1742099738.790133,-65,14,-22
1742099738.825133,-29,10,-66
1742099738.8601332,-21,-85,-138
1742099738.895133,76,-61,-142
1742099738.931133,22,28,-124
1742099738.967133,-39,-39,57
1742099739.0021331,-95,90,-98
1742099739.0381331,-71,-17,-24
1742099739.073133,54,40,-44
1742099739.108133,30,-17,-50
1742099739.1431332,-17,18,-72
1742099739.1791332,-1,-43,-124
1742099739.2151332,48,-35,41
1742099739.250133,14,-51,-6
1742099739.286133,16,18,55
1742099739.3211331,10,-5,73
1742099739.356133,-31,66,-120
1742099739.391133,-45,28,-144
1742099739.427133,18,50,-60
1742099739.463133,-19,-35,63
1742099739.4981332,54,-3,31
1742099739.5341332,52,16,-52
1742099739.569133,28,-47,-86
1742099739.6041331,-55,-55,-87
1742099739.639133,28,42,-38
1742099739.675133,-5,-13,-50
1742099739.711133,8,22,-129
1742099739.746133,-97,52,-2
1742099739.782133,-31,-21,-69
1742099739.8171332,-41,-89,-19
1742099739.852133,-1,10,-81
1742099739.8871331,32,-3,-59
1742099739.9231331,2,-47,-125
1742099739.9591331,54,-21,-33
1742099739.994133,8,32,-171
1742099740.030133,16,-3,-83
1742099740.065133,46,24,-51
1742099740.1001332,-57,-15,-49
1742099740.1361332,92,18,-47
1742099740.171133,-37,-9,-21
1742099740.207133,86,-33,-79
1742099740.2421331,-19,-13,-93
1742099740.2781332,-59,38,12
1742099740.313133,-1,62,-91
1742099740.348133,98,2,22
1742099740.384133,-59,-33,-35
1742099740.4191332,16,6,-69
1742099740.4551332,-55,-59,62
1742099740.490133,-101,-13,86
1742099740.526133,-19,38,-55
1742099740.5611331,-41,-11,-87
1742099740.596133,-91,-37,-81
1742099740.632133,-15,16,-21
1742099740.667133,-23,5,-47
1742099740.703133,-167,-8,4
1742099740.7381332,-49,43,-107
1742099740.774133,-47,50,38
1742099740.809133,-23,8,54
1742099740.8441331,-23,4,-37
1742099740.8801332,14,-22,-93
1742099740.915133,-59,-100,-91
1742099740.951133,14,51,-31
1742099740.986133,-59,25,-47
1742099741.022133,-39,-22,-43
1742099741.0571332,4,77,-47
1742099741.092133,-11,-34,-19
1742099741.128133,-77,43,-49
1742099741.1631331,-49,-21,-79
1742099741.1991332,-23,34,-35
1742099741.234133,4,16,-55
1742099741.270133,0,26,-19
1742099741.305133,0,103,-175
1742099741.3401332,24,-61,-5
1742099741.376133,54,-49,-67
1742099741.411133,30,-61,-21
1742099741.447133,-1,41,-75
1742099741.4821332,-27,21,-147
1742099741.5181332,-45,-5,-91
1742099741.553133,5,65,-105
1742099741.588133,28,34,34
1742099741.624133,-47,35,-43
1742099741.6591332,32,17,-181
1742099741.695133,-1,-20,-45
1742099741.730133,-21,-16,-45
1742099741.766133,-117,-10,16
1742099741.8011332,18,1,-111
1742099741.836133,26,-3,-87
1742099741.872133,-49,34,30
1742099741.907133,-85,40,-35
1742099741.943133,-13,-47,-111
1742099741.9781332,-69,-15,-29
1742099742.014133,-17,2,22
1742099742.049133,124,-71,42
1742099742.0841331,-81,22,-23
1742099742.1201332,-5,22,4
1742099742.155133,-43,-1,-1
1742099742.191133,-139,66,-40
1742099742.226133,16,6,-30
1742099742.2621331,10,-33,-52
1742099742.297133,18,-15,-18
1742099742.332133,-23,-79,-4
1742099742.368133,-19,38,-98
1742099742.4031332,-17,-35,-38
1742099742.4391332,-5,-22,15
1742099742.474133,-61,6,-90
1742099742.510133,0,-15,-170
1742099742.546133,-17,0,49
1742099742.5811331,-9,-13,-96
1742099742.616133,-89,10,13
1742099742.652133,10,24,17
1742099742.688133,-53,2,-100
1742099742.723133,54,10,-22
1742099742.759133,54,8,-104
1742099742.7941332,-47,10,-4
1742099742.829133,-25,14,-116
1742099742.8641331,-7,28,73
1742099742.9001331,26,-9,-100
1742099742.9361331,16,-27,45
1742099742.971133,2,25,-20
1742099743.007133,-5,23,-98
1742099743.042133,-59,27,-24
1742099743.0771332,-5,-43,-122
1742099743.112133,34,14,-38
1742099743.148133,42,47,17
1742099743.184133,24,85,-10
1742099743.2191331,-31,5,-58
1742099743.2551332,-69,-60,-46
1742099743.290133,-1,11,0
1742099743.325133,-25,19,-46
1742099743.3601332,-33,63,-120
1742099743.3961332,-37,-2,-94
1742099743.4321332,54,-30,5
1742099743.467133,-73,-42,0
1742099743.503133,72,-22,-8
1742099743.5381331,-19,51,-3
1742099743.573133,86,-10,16
1742099743.608133,-5,33,-73
1742099743.644133,22,3,-157
1742099743.680133,34,9,-27
1742099743.7151332,-35,-13,-181
1742099743.751133,-21,6,20
1742099743.786133,46,-19,-19
1742099743.8211331,-11,0,-47
1742099743.856133,-65,-17,-187
1742099743.892133,-17,13,18
1742099743.928133,78,41,-65
1742099743.963133,46,3,40
1742099743.999133,-25,-6,-65
1742099744.0341332,64,-30,10
1742099744.069133,-25,-28,-65
1742099744.1041331,-81,-71,-97
1742099744.1401331,-37,6,-63
1742099744.1761332,-3,-19,92
1742099744.211133,-37,15,-133
1742099744.247133,-33,-21,-33
1742099744.282133,26,-19,-63
1742099744.3171332,2,52,-133
1742099744.352133,-43,26,-59
1742099744.388133,76,34,2
1742099744.424133,-29,-65,-83
1742099744.4591331,-103,30,-113
1742099744.4951332,96,0,-183
1742099744.530133,56,-19,-139
1742099744.565133,12,-13,-65
1742099744.6001332,-11,52,-101
1742099744.6361332,-55,-67,126
1742099744.672133,-47,-25,20
1742099744.707133,-9,70,46
1742099744.743133,-53,4,-47
1742099744.7781332,42,42,-65
1742099744.813133,-17,-57,-27
1742099744.848133,82,-7,-125
1742099744.884133,-5,40,18
1742099744.920133,36,-37,-67
1742099744.9551332,42,126,-119
1742099744.991133,36,-55,22
1742099745.026133,-25,-19,-77
1742099745.0611331,18,34,-75
1742099745.096133,134,50,54
1742099745.132133,-3,-29,-159
1742099745.168133,20,28,-37
1742099745.203133,-65,30,14
1742099745.2391331,-7,-17,-77
1742099745.274133,-71,104,62
1742099745.309133,88,-15,-87
1742099745.3441331,-33,-23,14
1742099745.3801332,10,48,-115
1742099745.4161332,60,22,-45
1742099745.451133,42,-3,-77
1742099745.487133,18,28,2
1742099745.522133,-43,-11,-57
1742099745.5571332,0,-1,-21
1742099745.592133,-35,-81,-31
1742099745.628133,-9,64,-87
1742099745.664133,46,52,-63
1742099745.6991332,27,26,-31
1742099745.7351332,-6,6,-71
1742099745.770133,-10,36,-63
1742099745.805133,24,6,-23
1742099745.8401332,29,12,-61
1742099745.876133,68,66,70
1742099745.912133,-1,48,-37
1742099745.947133,-71,18,-2
1742099745.983133,-61,38,-45
1742099746.0181332,-19,-55,-6
1742099746.053133,52,-5,-30
1742099746.088133,-51,-9,15
1742099746.124133,-71,44,-89
1742099746.1601331,4,42,32
1742099746.195133,106,-75,54
1742099746.231133,16,-61,-67
1742099746.266133,-1,0,-39
1742099746.3011332,-23,34,16
1742099746.336133,-7,-19,-61
1742099746.372133,-39,-17,-41
1742099746.408133,56,0,34
1742099746.443133,12,-33,-99
1742099746.4791331,0,20,-63
1742099746.514133,4,-79,-127
1742099746.549133,-53,22,-71
1742099746.5841331,-21,6,-25
1742099746.6201332,-31,4,-51
1742099746.6561332,-13,-81,-111
1742099746.691133,-37,-55,-23
1742099746.727133,-15,-7,32
1742099746.7621331,-53,-41,8
1742099746.797133,-17,54,-133
1742099746.833133,-31,12,-73
1742099746.868133,2,52,-37
1742099746.911133,-15,-53,-53
1742099746.947133,71,26,0
1742099746.983133,-49,-17,-121
1742099747.0181332,-15,70,-103
1742099747.053133,-17,-13,-29
1742099747.089133,22,-56,-77
1742099747.124133,-15,113,30
1742099747.1601331,60,-44,-7
1742099747.195133,-27,-32,-117
1742099747.231133,-63,0,-119
1742099747.266133,36,-4,-37
1742099747.3011332,28,-38,-8
1742099747.3371332,-21,93,-29
1742099747.372133,4,-68,-35
1742099747.408133,-7,-18,-61
1742099747.443133,1,69,-63
1742099747.4791331,-29,25,-13
1742099747.514133,-47,18,-237
1742099747.549133,-13,20,45
1742099747.585133,-27,-47,-28
1742099747.6201332,-51,-34,17
1742099747.6561332,28,-31,55
1742099747.691133,0,-25,-116
1742099747.727133,-33,102,-82
1742099747.7621331,-45,4,-128
1742099747.797133,56,-3,-38
1742099747.833133,78,28,-102
1742099747.868133,20,43,51
1742099747.904133,0,22,-80
1742099747.9391332,52,-13,41
1742099747.9751332,48,26,-88
1742099748.010133,18,-39,-34
1742099748.045133,-89,-35,-22
1742099748.0811331,36,-11,-20
1742099748.116133,34,70,-24
1742099748.152133,70,64,-56
1742099748.187133,-59,36,43
1742099748.223133,42,-47,-166
1742099748.2581332,8,14,-32
1742099748.293133,-39,44,-72
1742099748.329133,-3,-29,-68
1742099748.3641331,18,-41,57
1742099748.4001331,-37,12,-148
1742099748.435133,8,10,-116
1742099748.471133,-39,-5,63
1742099748.506133,14,-19,-34
1742099748.5411332,24,-5,-74
1742099748.5771332,70,24,-84
1742099748.612133,-37,-73,-190
1742099748.648133,-17,90,7
1742099748.6831331,-97,-3,-104
1742099748.7191331,30,28,-42
1742099748.754133,-21,92,-46
1742099748.789133,32,-49,-76
1742099748.825133,-55,52,-82
1742099748.8601332,118,-13,1
1742099748.8961332,52,58,-88
1742099748.931133,22,-111,-80
1742099748.967133,52,18,-10
1742099749.003133,18,10,-110
1742099749.0381331,20,-43,-68
1742099749.073133,-53,0,-96
1742099749.109133,40,-39,-202
1742099749.145133,-73,-53,-8
1742099749.180133,32,4,-78
1742099749.216133,60,-51,-172
1742099749.251133,26,66,-120
1742099749.286133,52,-7,-54
1742099749.3211331,32,24,-166
1742099749.3571332,10,8,-78
1742099749.3931332,48,-19,1
1742099749.428133,32,-71,-52
1742099749.464133,38,-43,39
1742099749.499133,-3,-55,-64
1742099749.5341332,22,8,-74
1742099749.569133,-49,20,3
1742099749.605133,2,-11,-164
1742099749.641133,-75,-31,-54
1742099749.6761332,-1,-55,-28
1742099749.7121332,-53,0,-148
1742099749.747133,-97,-11,45
1742099749.782133,-55,117,-40
1742099749.8171332,-15,-18,17
1742099749.8531332,28,-28,-54
1742099749.889133,-29,-12,31
1742099749.924133,-91,5,-94
1742099749.960133,40,21,-34
1742099749.9951332,-21,15,-138
1742099750.030133,-15,-32,-70
1742099750.065133,16,45,-116
1742099750.101133,-43,-18,-162
1742099750.1371331,18,59,-156
1742099750.172133,-15,-62,17
1742099750.208133,4,7,-72
1742099750.243133,46,63,-160
1742099750.2781332,-75,27,-44
1742099750.313133,-27,0,-72
1742099750.349133,-25,-12,-132
1742099750.385133,0,49,-52
1742099750.420133,48,47,-20
1742099750.4561331,36,61,63
1742099750.491133,48,55,-48
1742099750.526133,56,15,-6
1742099750.5611331,52,-46,-228
1742099750.5971332,-51,53,-82
1742099750.6331332,-71,-14,13
1742099750.668133,-9,-2,-2
1742099750.704133,-7,-6,-130
1742099750.7391331,-31,9,-64
1742099750.774133,-95,-26,-86
1742099750.809133,50,43,-118
1742099750.845133,80,43,-194
1742099750.881133,28,25,-126
1742099750.9161332,32,-30,-44
1742099750.9521332,54,-96,-66
1742099750.987133,-35,-30,-86
1742099751.022133,48,-22,-58
1742099751.0571332,-35,-24,53
1742099751.093133,6,25,-34
1742099751.129133,-9,9,-136
1742099751.164133,38,-12,-16
1742099751.200133,-27,-24,-74
1742099751.2351332,-49,-10,-18
1742099751.270133,2,25,-50
1742099751.305133,-15,43,-32
1742099751.341133,-87,-22,-86
1742099751.3771331,62,-4,-58
1742099751.412133,50,-60,47
1742099751.448133,-37,-24,-56
1742099751.483133,-31,-56,1
1742099751.5181332,12,29,-64
1742099751.553133,-13,-40,-4
1742099751.589133,38,-24,-100
1742099751.625133,-5,-52,-81
1742099751.6601331,6,-20,-227
1742099751.6961331,56,59,-71
1742099751.731133,-23,11,-75
1742099751.766133,16,63,12
1742099751.8011332,72,32,-9
1742099751.8371332,-9,-15,-101
1742099751.8731332,-39,-31,10
1742099751.908133,20,12,2
1742099751.944133,-51,-51,-143
1742099751.9791331,6,30,-155
1742099752.014133,18,34,-29
1742099752.049133,-21,34,-131
1742099752.085133,-13,-17,-73
1742099752.121133,18,-9,-19
1742099752.1561332,-33,-11,72
1742099752.1921332,92,-41,16
1742099752.227133,30,-40,-7
1742099752.2621331,-55,-44,-45
1742099752.297133,-43,13,-51
1742099752.333133,8,35,138
1742099752.369133,18,11,-93
1742099752.404133,40,11,-71
1742099752.440133,-67,-12,38
1742099752.4751332,-115,39,-79
1742099752.510133,64,-6,-5
1742099752.545133,-7,-20,-67
1742099752.5811331,-59,99,-5
1742099752.6171331,42,6,-127
1742099752.652133,-17,56,-105
1742099752.688133,6,-23,-51
1742099752.723133,-75,-65,34
1742099752.7581332,-15,-33,-81
1742099752.793133,-85,48,-27
1742099752.829133,14,34,-67
1742099752.865133,22,20,74
1742099752.9001331,4,4,-21
1742099752.9361331,-81,-17,30
1742099752.971133,-1,-73,2
1742099753.006133,4,-23,-51
1742099753.042133,20,-7,-13
1742099753.0771332,50,26,12
1742099753.1131332,-41,-21,-101
1742099753.148133,78,34,-55
1742099753.184133,-77,-47,40
1742099753.2191331,-65,44,-45
1742099753.254133,6,-47,-51
1742099753.290133,44,-7,-103
1742099753.325133,0,26,-71
1742099753.361133,2,-33,-5
1742099753.3961332,-7,-1,-13
1742099753.4321332,-55,-27,-43
1742099753.467133,12,32,-17
1742099753.5021331,56,8,6
1742099753.5381331,-9,-47,-153
1742099753.573133,26,8,-19
1742099753.609133,-29,11,-62
1742099753.644133,-21,-91,-179
1742099753.680133,18,26,-37
1742099753.7151332,-59,-3,-12
1742099753.750133,100,28,-102
1742099753.786133,-25,48,-34
1742099753.8211331,-75,46,-50
1742099753.8571332,73,-21,-52
1742099753.892133,-21,42,-46
1742099753.928133,-15,52,-68
1742099753.963133,-13,32,-52
1742099753.9981332,74,2,-48
1742099754.0341332,16,-35,-29
1742099754.069133,4,-115,-3
1742099754.105133,54,-33,-103
1742099754.1401331,36,3,-81
1742099754.1761332,-69,43,-129
1742099754.211133,-37,-7,-47
1742099754.246133,-45,73,-93
1742099754.282133,18,-3,-63
1742099754.3171332,80,3,-13
1742099754.3531332,34,11,-79
1742099754.388133,144,-62,-55
1742099754.424133,36,-82,-97
1742099754.4591331,44,-69,-107
1742099754.494133,2,-1,-27
1742099754.530133,-23,58,-53
1742099754.565133,22,52,74
1742099754.601133,28,20,-85
1742099754.6361332,-19,6,46
1742099754.672133,100,-27,-63
1742099754.707133,54,106,-157
1742099754.7421331,16,-3,100
1742099754.7781332,-29,-43,40
1742099754.813133,-9,4,-53
1742099754.849133,-41,-73,-161
1742099754.884133,116,26,-11
1742099754.920133,46,38,0
1742099754.9551332,4,8,-73
1742099754.990133,30,-27,-37
1742099755.026133,16,30,-149
1742099755.0611331,-1,-39,90
1742099755.0971332,47,-23,-40
1742099755.132133,49,0,-56
1742099755.168133,-30,-8,-74
1742099755.203133,-73,-28,-28
1742099755.2381332,102,-1,-32
1742099755.274133,9,-35,-8
1742099755.309133,-28,5,-124
1742099755.345133,3,11,-52
1742099755.3801332,-76,27,-20
1742099755.4161332,3,-23,-104
1742099755.4521332,81,-65,-6
1742099755.4881332,115,64,69
1742099755.524133,18,10,-56
1742099755.559133,58,2,39
1742099755.5941331,-41,26,87
1742099755.6301332,12,-23,-146
1742099755.6661332,-35,118,-188
1742099755.701133,-17,4,-84
1742099755.737133,54,14,-30
1742099755.772133,-1,-1,-34
1742099755.8071332,48,6,-20
1742099755.842133,40,52,-24
1742099755.878133,-59,-29,-14
1742099755.914133,-47,86,13
1742099755.9491332,86,-19,25
1742099755.9851332,18,52,67
1742099756.020133,-29,-17,-2
1742099756.055133,10,-17,-78
1742099756.0901332,4,18,-46
1742099756.126133,-77,16,-86
1742099756.162133,58,76,-66
1742099756.197133,38,61,35
1742099756.233133,-31,-6,9
1742099756.2681332,-59,-71,-4
1742099756.303133,38,-5,-42
1742099756.338133,-7,-40,-86
1742099756.374133,42,24,39
1742099756.4101331,-53,-27,-64
1742099756.445133,26,-16,-38
1742099756.481133,12,3,-62
1742099756.516133,10,-14,-90
1742099756.5511332,-15,21,5
1742099756.586133,-81,3,-62
1742099756.622133,16,38,-20
1742099756.658133,-13,-104,-36
1742099756.693133,-31,15,-56
1742099756.7291331,52,43,-10
1742099756.764133,32,9,0
1742099756.799133,14,53,-108
1742099756.8341331,-85,-6,-76
1742099756.8701332,40,-64,3
1742099756.9131331,-23,-1,-30
1742099756.9491332,-41,-7,-42
1742099756.9851332,12,-43,-28
1742099757.020133,-15,13,-24
1742099757.055133,-13,9,-100
1742099757.0901332,28,26,-8
1742099757.126133,-39,-32,3
1742099757.162133,-7,27,-82
1742099757.197133,-29,-6,-58
1742099757.233133,-15,55,-26
1742099757.2681332,50,-20,25
1742099757.303133,-33,33,-90
1742099757.338133,26,-20,-54
1742099757.374133,0,-18,-122
1742099757.4101331,28,-56,42
1742099757.445133,-83,31,-62
1742099757.481133,0,31,-7
1742099757.516133,-13,21,23
1742099757.5511332,-5,-28,-34
1742099757.586133,22,-64,-26
1742099757.622133,-35,133,47
1742099757.658133,16,-26,-140
1742099757.693133,-25,-74,-54
1742099757.7291331,6,27,-2
1742099757.764133,-3,-76,-66
1742099757.799133,-73,-4,-70
1742099757.8341331,8,-8,-24
1742099757.8701332,-71,-40,73
1742099757.9061332,-49,-8,-10
1742099757.941133,-47,33,-47
1742099757.977133,106,81,-43
1742099758.0121331,4,17,-179
1742099758.047133,40,-20,14
1742099758.082133,62,25,-133
1742099758.118133,-45,7,-151
1742099758.154133,18,17,8
1742099758.1891332,-17,17,-65
1742099758.2251332,62,11,-109
1742099758.260133,22,65,-123
1742099758.295133,-39,-12,-203
1742099758.3301332,24,5,0
1742099758.366133,-41,-58,-75
1742099758.402133,-59,43,60
1742099758.437133,20,53,-111
1742099758.473133,26,-16,-137
1742099758.5081332,-7,-58,-79
1742099758.543133,18,25,-85
1742099758.578133,4,81,64
1742099758.6141331,38,49,-41
1742099758.6501331,-1,15,14
1742099758.685133,-73,-50,24
1742099758.721133,-3,-66,-59
1742099758.756133,22,23,-93
1742099758.7911332,36,-6,-133
1742099758.826133,22,1,-9
1742099758.862133,-71,61,-53
1742099758.898133,10,7,-175
1742099758.9331331,26,25,-103
1742099758.9691331,34,29,-109
1742099759.004133,-67,-40,-177
1742099759.039133,52,-18,-15
1742099759.0741332,-29,-8,-63
1742099759.1101332,14,61,-133
1742099759.1461332,-37,64,14
1742099759.181133,-13,28,28
1742099759.217133,-23,-9,-33
1742099759.2521331,-45,18,-19
1742099759.287133,-49,-21,-127
1742099759.322133,-5,-13,-91
1742099759.358133,-41,76,12
1742099759.394133,20,46,64
1742099759.4291332,-43,32,-57
1742099759.4651332,-65,-59,30
1742099759.500133,12,-113,2
1742099759.5351331,-17,34,16
1742099759.5711331,8,12,-111
1742099759.606133,46,24,-89
1742099759.642133,-67,-13,2
1742099759.677133,-35,40,-113
1742099759.713133,-13,16,-121
1742099759.7481332,-15,-41,-57
1742099759.783133,18,62,-127
1742099759.819133,64,20,-27
1742099759.8541331,-11,-41,-69
1742099759.8901331,24,38,36
1742099759.925133,-41,-101,-71
1742099759.961133,130,16,24
1742099759.996133,60,-3,24
1742099760.0311332,-45,-37,80
1742099760.0671332,-3,-17,-111
1742099760.102133,-33,42,-79
1742099760.138133,8,32,-93
1742099760.1731331,-27,-33,-95
1742099760.2091331,-17,8,-65
1742099760.244133,24,154,-75
1742099760.279133,-45,-61,0
1742099760.315133,-63,0,-57
1742099760.3501332,-59,-85,-7
1742099760.3861332,34,26,2
1742099760.421133,108,-29,10
1742099760.457133,-9,46,-67
1742099760.4921331,-5,16,-135
1742099760.527133,48,-37,-37
1742099760.563133,30,-65,-1
1742099760.598133,24,-5,-27
1742099760.634133,42,46,-95
1742099760.6691332,78,42,62
1742099760.7051332,-15,-91,-71
1742099760.740133,-9,-59,-33
1742099760.7751331,44,-44,-21
1742099760.8111331,-19,17,-65
1742099760.846133,42,-70,-97
1742099760.882133,-75,-47,-113
1742099760.917133,26,-48,-89
1742099760.953133,46,77,-117
1742099760.9881332,16,14,122
1742099761.023133,24,-11,20
1742099761.059133,-83,-33,34
1742099761.0941331,-29,-27,-45
1742099761.1301332,36,54,-135
1742099761.165133,-37,27,-179
1742099761.201133,-25,28,-107
1742099761.236133,-39,3,-75
1742099761.2711332,-1,-26,8
1742099761.3071332,14,-94,-67
1742099761.342133,32,-57,54
1742099761.378133,20,42,-76
1742099761.4131331,-27,42,-22
1742099761.4491332,-3,32,-138
1742099761.484133,22,-41,-102
1742099761.519133,88,92,-26
1742099761.555133,42,-29,-30
1742099761.5901332,-13,-11,-84
1742099761.626133,-27,0,11
1742099761.661133,12,93,-110
1742099761.697133,22,61,-112
1742099761.7321332,-41,7,-148
1742099761.767133,-107,-54,21
1742099761.803133,2,-8,-120
1742099761.838133,-37,-2,-56
1742099761.874133,6,15,63
1742099761.9091332,-17,29,-28
1742099761.945133,-3,39,-88
1742099761.981133,-19,-34,-70
1742099762.016133,12,-28,51
1742099762.0511332,34,-40,15
1742099762.0871332,-67,-5,-14
1742099762.1231332,62,-53,-48
1742099762.158133,-83,-9,1
1742099762.194133,-97,74,-2
1742099762.2291331,50,34,-136
1742099762.264133,8,22,-84
1742099762.299133,-43,10,-26
1742099762.335133,-43,12,-146
1742099762.371133,30,6,-104
1742099762.4061332,-5,-41,-92
1742099762.4421332,-3,86,-14
1742099762.477133,-7,0,-26
1742099762.5121331,-81,-53,1
1742099762.547133,-59,-11,23
1742099762.583133,8,-81,35
1742099762.619133,-17,-21,-154
1742099762.654133,38,20,-6
1742099762.690133,38,-17,-90
1742099762.7251332,28,-11,-208
1742099762.760133,-19,34,55
1742099762.795133,0,-65,-92
1742099762.8311331,-47,-13,-98
1742099762.8671331,82,34,-72
1742099762.902133,22,20,43
1742099762.938133,-41,-37,-106
1742099762.973133,-59,18,-40
1742099763.0081332,2,-55,-166
1742099763.043133,10,-17,-66
1742099763.079133,-73,-17,-60
1742099763.115133,-15,-65,-118
1742099763.1501331,-21,26,43
1742099763.1861331,42,-55,-120
1742099763.221133,84,12,-114
1742099763.256133,66,20,-32
1742099763.2911332,-17,30,-32
1742099763.3271332,-33,66,-96
1742099763.3631332,6,48,-72
1742099763.398133,20,0,-32
1742099763.434133,-11,22,-142
1742099763.4691331,28,-23,1
1742099763.504133,-101,-71,-32
1742099763.539133,-5,14,-74
1742099763.575133,-91,-5,-60
1742099763.611133,-13,-45,49
1742099763.6461332,-87,-51,59
1742099763.6821332,58,-3,-32
1742099763.717133,-113,-6,-86
1742099763.7521331,34,5,-118
1742099763.787133,26,0,-36
1742099763.823133,18,-6,51
1742099763.859133,8,-4,-52
1742099763.894133,72,7,-136
1742099763.930133,-39,-6,-104
1742099763.9651332,-19,7,-22
1742099764.000133,-35,-52,25
1742099764.0351331,28,29,-6
1742099764.0711331,14,-50,-108
1742099764.1071332,48,-68,-118
1742099764.142133,36,25,49
1742099764.178133,4,-26,-64
1742099764.213133,40,13,25
1742099764.2481332,32,-16,11
1742099764.283133,20,91,-122
1742099764.319133,15,39,-74
1742099764.355133,11,-2,125
1742099764.3901331,-40,29,-108
1742099764.4261332,35,-51,-80
1742099764.461133,89,6,-70
1742099764.496133,27,78,-32
1742099764.5311332,13,4,-144
1742099764.5671332,27,0,-8
1742099764.6031332,78,10,41
1742099764.638133,36,26,-114
1742099764.674133,40,-71,-28
1742099764.7091331,15,4,13
1742099764.744133,-24,-15,-12
1742099764.779133,13,20,-136
1742099764.815133,7,2,-110
1742099764.851133,29,22,-184
1742099764.8861332,19,-13,71
1742099764.922133,43,26,-94
1742099764.957133,23,42,-126
1742099764.9921331,-18,18,59
1742099765.027133,-28,-81,-10
1742099765.063133,55,-69,3
1742099765.099133,43,36,-10
1742099765.134133,93,70,-46
1742099765.170133,-76,-11,-64
1742099765.2051332,-82,42,-98
1742099765.240133,9,-29,-124
1742099765.2751331,-26,-7,3
1742099765.3111331,-32,54,67
1742099765.3471332,-32,-25,65
1742099765.382133,-10,34,-112
1742099765.418133,87,12,-62
1742099765.453133,21,-31,-132
1742099765.4881332,21,32,-140
1742099765.523133,-22,-19,-62
1742099765.559133,27,90,-62
1742099765.595133,-52,-65,-44
1742099765.6301332,73,-3,-88
1742099765.6661332,-2,30,-66
1742099765.701133,1,80,-102
1742099765.736133,37,48,-150
1742099765.7711332,-18,4,-22
1742099765.8071332,31,50,-42
1742099765.843133,33,54,15
1742099765.878133,11,-15,5
1742099765.914133,27,-7,25
1742099765.9491332,31,32,-128
1742099765.984133,13,94,-114
1742099766.019133,-34,-3,-34
1742099766.055133,35,-25,-42
1742099766.091133,-16,-21,-58
1742099766.126133,31,18,-130
1742099766.162133,21,12,-64
1742099766.197133,-88,-19,53
1742099766.2321332,-8,-7,3
1742099766.2681332,41,26,-114
1742099766.303133,-40,0,-40
1742099766.339133,-34,-3,-18
1742099766.374133,21,62,-84
1742099766.4101331,77,42,-8
1742099766.445133,11,21,-126
1742099766.480133,49,-22,-34
1742099766.516133,81,43,5
1742099766.5511332,-68,21,-8
1742099766.5871332,-52,-2,-130
1742099766.622133,-4,-8,0
1742099766.658133,-38,-50,-86
1742099766.693133,-22,-74,-138
1742099766.7281332,21,-10,-112
1742099766.764133,103,61,-122
1742099766.799133,-74,-2,-104
1742099766.835133,19,-80,-82
1742099766.8701332,49,25,-138
1742099766.9061332,47,-42,-14
1742099766.948133,-86,-14,-114
1742099766.984133,-32,-20,-144
1742099767.020133,101,-34,81
1742099767.055133,91,10,-44
1742099767.091133,-118,-49,-76
1742099767.126133,-50,-47,113
1742099767.162133,57,80,-80
1742099767.197133,30,-13,23
1742099767.2321332,0,-23,-46
1742099767.2681332,-24,-61,91
1742099767.303133,-55,66,-82
1742099767.339133,2,18,-23
1742099767.374133,-63,39,81
1742099767.4101331,21,52,-164
1742099767.445133,20,-10,-98
1742099767.480133,29,14,7
1742099767.516133,-14,-1,-58
1742099767.5511332,81,68,-29
1742099767.5871332,-46,84,-151
1742099767.622133,-12,-1,-119
1742099767.658133,33,-45,-42
1742099767.693133,67,-35,-10
1742099767.7281332,-10,66,-134
1742099767.764133,-30,-5,-30
1742099767.799133,-84,36,7
1742099767.835133,-34,12,-16
1742099767.8701332,59,-53,-72
1742099767.9061332,25,-29,-12
1742099767.941133,2,28,-84
1742099767.976133,-32,26,-100
1742099768.0121331,-44,-47,-115
1742099768.047133,39,24,-21
1742099768.083133,75,18,-67
1742099768.118133,-20,-43,-83
1742099768.154133,-12,16,4
1742099768.1891332,1,-39,-79
1742099768.224133,-14,24,-103
1742099768.260133,1,-39,-49
1742099768.295133,-24,12,-45
1742099768.3311331,-56,62,-69
1742099768.366133,0,66,-97
1742099768.402133,81,-103,-135
1742099768.438133,35,66,58
1742099768.473133,-71,-37,-91
1742099768.5081332,-21,-67,-163
1742099768.5441332,-11,14,-187
1742099768.5801332,-35,-15,-27
1742099768.615133,30,20,-99
1742099768.651133,22,54,-83
1742099768.6861331,38,-65,-87
1742099768.721133,50,20,64
1742099768.756133,-5,-19,-59
1742099768.792133,-17,-55,-175
1742099768.828133,64,36,-147
1742099768.8631332,106,-69,26
1742099768.899133,-51,28,-25
1742099768.934133,-87,-17,-23
1742099768.9691331,22,-49,-59
1742099769.004133,-15,-15,-71
1742099769.040133,8,54,-135
1742099769.076133,98,-48,-145
1742099769.111133,67,4,8
1742099769.147133,1,63,-73
1742099769.1821332,-16,68,-159
1742099769.217133,-4,12,-31
1742099769.2521331,-44,11,-103
1742099769.2881331,27,7,44
1742099769.3241332,89,29,-187
1742099769.359133,0,40,-21
1742099769.395133,-142,-44,16
1742099769.430133,-62,9,-71
1742099769.4651332,11,-52,28
1742099769.500133,-62,-17,4
1742099769.536133,-56,2,4
1742099769.572133,-24,-57,-97
1742099769.6071332,-106,32,-161
1742099769.6431332,-44,-85,-27
1742099769.678133,-38,35,-69
1742099769.713133,-34,73,-83
1742099769.7481332,-42,-89,-37
1742099769.7841332,13,18,-9
1742099769.820133,-2,26,-7
1742099769.855133,-8,-7,-53
1742099769.891133,11,-5,-21
1742099769.9261332,51,-37,-89
1742099769.961133,1,48,-11
1742099769.996133,27,46,-67
1742099770.032133,37,-9,-117
1742099770.068133,31,0,-87
1742099770.1031332,19,-3,-53
1742099770.139133,-14,40,-83
1742099770.174133,53,-4,-45
1742099770.2091331,-18,35,-43
1742099770.244133,-6,97,-69
1742099770.280133,9,-12,-157
1742099770.316133,35,1,-69
1742099770.351133,-46,0,-73
1742099770.3871331,69,33,-23
1742099770.422133,-24,-42,16
1742099770.457133,45,35,-19
1742099770.4921331,41,7,-91
1742099770.5281332,-6,95,-133
1742099770.5641332,-24,-62,-51
1742099770.599133,73,-28,-69
1742099770.635133,-30,-4,-87
1742099770.670133,41,5,22
1742099770.7051332,15,-34,-133
1742099770.740133,-74,49,42
1742099770.776133,1,13,-57
1742099770.812133,-11,1,-93
1742099770.8471332,50,-14,-31
1742099770.8831332,4,-4,-41
1742099770.918133,-15,-36,50
1742099770.953133,50,-84,-27
1742099770.9881332,-13,-4,-15
1742099771.024133,62,11,-209
1742099771.060133,-5,75,44
1742099771.095133,62,45,22
1742099771.131133,-75,33,-69
1742099771.1661332,102,17,-125
1742099771.201133,-1,33,-5
1742099771.236133,20,-8,-83
1742099771.272133,-7,52,-193
1742099771.3081331,78,-23,2
1742099771.343133,14,112,-73
1742099771.379133,52,18,-51
1742099771.414133,-55,-39,-99
1742099771.4491332,-27,-23,108
1742099771.484133,-31,40,-9
1742099771.520133,8,4,-11
1742099771.556133,-49,-9,20
1742099771.591133,-35,-39,-57
1742099771.6271331,-43,14,-95
1742099771.662133,46,14,-41
1742099771.697133,-23,10,-37
1742099771.7321332,-15,50,-67
1742099771.7681332,46,26,12
1742099771.8041332,2,38,-141
1742099771.839133,-63,-73,-5
1742099771.875133,-3,24,22
1742099771.9101331,24,-65,-15
1742099771.945133,-31,-15,-159
1742099771.980133,16,-13,-193
1742099772.016133,16,-59,16
1742099772.052133,-81,-67,-31
1742099772.0871332,28,-45,-29
1742099772.1231332,26,-67,-153
1742099772.158133,-109,18,-127
1742099772.193133,-11,-5,10
1742099772.2281332,-23,-23,-157
1742099772.264133,-65,60,40
1742099772.300133,-41,-71,-111
1742099772.335133,16,-27,-1
1742099772.371133,-19,40,-33
1742099772.4061332,-71,16,-41
1742099772.441133,52,-41,-85
1742099772.476133,-10,4,46
1742099772.5121331,-36,5,-21
1742099772.5481331,-58,-64,36
1742099772.583133,-40,-20,-5
1742099772.619133,-4,-74,-67
1742099772.654133,57,133,-5
1742099772.6891332,-6,1,-121
1742099772.7251332,81,-34,-67
1742099772.760133,-53,11,-15
1742099772.796133,61,-50,36
1742099772.8311331,44,-118,-5
1742099772.8671331,-28,-30,-131
1742099772.902133,-34,19,4
1742099772.937133,-86,55,28
1742099772.973133,-28,-70,50
1742099773.0081332,41,0,-97
1742099773.0441332,29,58,-47
1742099773.079133,-4,-51,68
1742099773.115133,19,-119,16
1742099773.1501331,-8,-61,-127
1742099773.185133,-30,50,-69
1742099773.221133,23,26,-55
1742099773.256133,103,-75,-21
1742099773.292133,-60,-29,14
1742099773.3271332,23,-5,-41
1742099773.3631332,-10,32,-29
1742099773.398133,-32,0,-13
1742099773.4331331,-16,4,-29
1742099773.4691331,-18,12,-15
1742099773.504133,-20,-25,-97
1742099773.540133,21,-13,16
1742099773.575133,43,4,-99
1742099773.611133,-34,-39,-111
1742099773.6461332,4,-7,-81
1742099773.681133,-36,-9,-105
1742099773.717133,-14,-73,-13
1742099773.7521331,7,28,-169
1742099773.7881331,-8,-1,-41
1742099773.823133,-23,16,-97
1742099773.859133,31,-33,-15
1742099773.894133,5,-3,-139
1742099773.9291332,17,42,-45
1742099773.9651332,7,-3,-139
1742099774.000133,0,-9,-151
1742099774.036133,9,22,-81
1742099774.0711331,-34,0,-63
1742099774.1071332,83,84,-59
1742099774.142133,28,40,-93
1742099774.177133,-51,64,-75
1742099774.213133,-31,20,-61
1742099774.2481332,24,-2,-25
1742099774.2841332,102,-72,-127
1742099774.319133,-5,0,-23
1742099774.3541331,72,-49,-85
1742099774.389133,2,30,-55
1742099774.425133,8,-25,26
1742099774.461133,-61,38,-79
1742099774.496133,-53,34,-105
1742099774.532133,-23,-2,-29
1742099774.5671332,-19,-9,-93
1742099774.6031332,-3,-99,-163
1742099774.638133,-17,-53,-43
1742099774.6731331,-25,-37,-97
1742099774.7091331,-41,6,-69
1742099774.744133,-19,-27,-105
1742099774.780133,-53,6,2
1742099774.815133,38,-17,-71
1742099774.851133,8,-13,-13
1742099774.8871331,8,-27,-65
1742099774.9231331,102,-37,116
1742099774.9591331,80,10,6
1742099774.994133,35,-69,-15
1742099775.029133,-26,12,-59
1742099775.065133,43,8,-77
1742099775.101133,-42,-63,2
1742099775.1361332,-4,44,-53
1742099775.172133,43,-45,-49
1742099775.207133,-12,6,42
1742099775.2421331,99,-15,-175
1742099775.277133,-8,20,-67
1742099775.313133,0,16,-89
1742099775.349133,16,-25,-65
1742099775.384133,102,-5,-123
1742099775.420133,-25,-47,-67
1742099775.4551332,21,22,-117
1742099775.490133,-39,18,-105
1742099775.5251331,-17,-43,118
1742099775.5611331,48,12,-65
1742099775.5971332,-35,22,-77
1742099775.632133,42,-13,-47
1742099775.668133,-44,-61,-135
1742099775.703133,15,-43,-25
1742099775.7381332,69,14,-45
1742099775.773133,-4,-1,-101
1742099775.809133,89,68,-87
1742099775.845133,1,-63,-145
1742099775.8801332,-6,-41,-101
1742099775.9161332,0,82,-13
1742099775.951133,29,14,-43
1742099775.986133,-80,-5,-65
1742099776.0211332,-20,30,-37
1742099776.0571332,-2,40,-71
1742099776.093133,-28,-21,30
1742099776.128133,17,-19,-71
1742099776.164133,-10,0,6
1742099776.1991332,41,0,-73
1742099776.234133,-22,58,-21
1742099776.269133,-40,0,42
1742099776.305133,-36,-37,64
1742099776.341133,1,2,-109
1742099776.376133,11,-7,-193
1742099776.412133,-36,16,-5
1742099776.447133,-2,58,-141
1742099776.4821332,15,16,-41
1742099776.517133,55,8,18
1742099776.553133,-32,-11,-21
1742099776.589133,-26,-3,-95
1742099776.624133,39,-5,0
1742099776.6601331,29,2,-59
1742099776.695133,-29,-49,32
1742099776.730133,-9,32,-41
1742099776.7651331,-22,34,-79
1742099776.8011332,105,52,-27
1742099776.8371332,11,-29,-75
1742099776.872133,-10,18,-81
1742099776.908133,38,-77,98
1742099776.950133,15,14,-11
1742099776.986133,39,14,-41
1742099777.0211332,8,62,-149
1742099777.0571332,0,-1,42
1742099777.093133,20,-17,-45
1742099777.128133,-31,26,4
1742099777.164133,22,-11,20
1742099777.1991332,-15,-47,-91
1742099777.234133,38,2,-155
1742099777.269133,16,-13,102
1742099777.305133,2,48,-27
1742099777.341133,-35,-53,8
1742099777.376133,-19,-67,-75
1742099777.412133,0,-15,12
1742099777.447133,38,-23,-161
1742099777.4821332,26,-1,12
1742099777.517133,30,-11,-71
1742099777.553133,30,22,6
1742099777.589133,24,-17,76
1742099777.624133,-91,28,-59
1742099777.6601331,112,30,-45
1742099777.695133,8,60,48
1742099777.730133,-15,18,-1
1742099777.7651331,-39,-27,-41
1742099777.8011332,28,2,-81
1742099777.8371332,12,-55,-87
1742099777.872133,44,14,-45
1742099777.908133,84,6,-95
1742099777.943133,106,-1,-5
1742099777.9781332,-43,-55,-9
1742099778.013133,0,8,32
1742099778.049133,-51,-3,-43
1742099778.085133,-11,-23,-141
1742099778.1201332,70,-21,-129
1742099778.1561332,-57,-11,-127
1742099778.191133,-25,14,-9
1742099778.226133,30,-1,2
1742099778.2621331,-49,-51,40
1742099778.297133,18,-55,80
1742099778.333133,34,-79,-215
1742099778.368133,28,-45,30
1742099778.404133,-25,14,30
1742099778.4391332,20,46,-61
1742099778.474133,76,-13,50
1742099778.509133,4,-9,-75
1742099778.545133,-45,-29,-27
1742099778.5811331,-25,-79,-49
1742099778.616133,30,60,-171
1742099778.652133,56,83,-37
1742099778.687133,44,-48,4
1742099778.7221332,18,39,16
1742099778.757133,40,-6,-89
1742099778.793133,44,79,-44
1742099778.829133,-57,-70,-136
1742099778.8641331,60,-20,5
1742099778.9001331,8,-28,-54
1742099778.935133,58,-38,-42
1742099778.970133,54,-8,-122
1742099779.006133,10,13,-134
1742099779.0411332,-9,37,-40
1742099779.0771332,26,-40,-150
1742099779.112133,-61,-46,-68
1742099779.148133,-17,35,-18
1742099779.1831331,-31,0,-22
1742099779.218133,-9,-14,69
1742099779.254133,0,-32,3
1742099779.289133,-35,117,-158
1742099779.325133,-81,-16,-102
1742099779.3601332,-65,-34,-106
1742099779.3961332,-7,65,7
1742099779.431133,-55,19,-24
1742099779.466133,-5,17,-100
1742099779.5021331,-21,57,-114
1742099779.537133,12,-54,-62
1742099779.573133,86,3,-94
1742099779.608133,-33,75,43
1742099779.644133,-65,25,-30
1742099779.6791332,-29,26,-60
1742099779.714133,-45,48,-194
1742099779.750133,-23,-33,21
1742099779.7851331,-23,-49,-20
1742099779.8211331,8,-31,-26
1742099779.856133,-69,-15,-74
1742099779.892133,10,-23,-58
1742099779.927133,12,-3,-36
1742099779.9621332,28,0,-66
1742099779.9981332,-1,2,-16
1742099780.033133,64,-1,-136
1742099780.069133,40,64,-170
1742099780.1041331,22,-1,-54
1742099780.1401331,-29,18,-88
1742099780.175133,-39,-29,-68
1742099780.210133,-123,4,-110
1742099780.246133,30,-45,29
1742099780.2811332,-43,12,-86
1742099780.3171332,10,36,-100
1742099780.352133,12,6,-130
1742099780.388133,-33,42,-62
1742099780.4231331,44,-45,-100
1742099780.458133,-43,10,-64
1742099780.494133,-53,58,-106
1742099780.529133,10,56,53
1742099780.565133,24,18,7
1742099780.6001332,-33,-11,47
1742099780.6361332,11,8,-128
1742099780.671133,-41,0,3
1742099780.7061331,10,10,11
1742099780.7421331,2,-37,41
1742099780.777133,28,-29,-48
1742099780.813133,-12,-7,33
1742099780.848133,-2,10,-82
1742099780.884133,-3,-39,49
1742099780.9191332,30,-28,83
1742099780.954133,38,53,-119
1742099780.990133,42,36,-47
1742099781.0251331,26,-19,-165
1742099781.0611331,56,6,-79
1742099781.096133,-17,-81,2
1742099781.132133,48,14,8
1742099781.167133,36,-53,-27
1742099781.2021332,-39,6,48
1742099781.2381332,44,-47,-149
1742099781.273133,38,2,10
1742099781.309133,50,6,-99
1742099781.3441331,42,-87,2
1742099781.3801332,12,50,-7
1742099781.4161332,66,60,26
1742099781.4521332,-35,-17,-107
1742099781.4881332,-7,-9,-143
1742099781.523133,86,42,54
1742099781.5581331,18,-57,-69
1742099781.5941331,18,68,-59
1742099781.6301332,-65,50,40
1742099781.665133,60,84,-85
1742099781.701133,-13,-91,-15
1742099781.736133,30,-32,22
1742099781.7711332,6,-36,-37
1742099781.806133,-69,105,38
1742099781.842133,52,-4,-19
1742099781.878133,0,-80,30
1742099781.9131331,-69,-16,-43
1742099781.9491332,62,21,-99
1742099781.984133,22,51,30
1742099782.019133,-73,53,-51
1742099782.0541332,-25,-42,22
1742099782.0901332,-7,-8,-191
1742099782.126133,66,-50,-63
1742099782.161133,88,12,-127
1742099782.197133,72,24,-11
1742099782.2321332,72,22,-27
1742099782.267133,-47,-15,-7
1742099782.302133,20,-55,-125
1742099782.338133,68,4,-79
1742099782.374133,60,40,-11
1742099782.4091332,-37,16,148
1742099782.445133,66,-77,-65
1742099782.480133,58,18,58
1742099782.5151331,-45,64,78
1742099782.550133,36,-9,-57
1742099782.586133,-3,10,-105
1742099782.622133,-69,2,18
1742099782.657133,-57,-33,-77
1742099782.693133,-17,6,-101
1742099782.7281332,-1,90,-157
1742099782.763133,74,44,-95
1742099782.7981331,-35,14,-87
1742099782.8341331,68,52,44
1742099782.8701332,62,-39,-27
1742099782.905133,32,-5,-113
1742099782.941133,50,0,-31
1742099782.976133,2,22,12
1742099783.0111332,-91,-19,-39
1742099783.046133,44,32,4
1742099783.082133,-53,-67,-101
1742099783.118133,-139,56,44
1742099783.1531332,62,12,-221
1742099783.1891332,16,-13,-67
1742099783.224133,100,-73,12
1742099783.259133,-7,28,-59
1742099783.2941332,-49,-25,-85
1742099783.3301332,-15,-47,64
1742099783.366133,50,-53,-105
1742099783.401133,-83,18,-123
1742099783.437133,94,-19,-43
1742099783.4721332,18,-3,-95
1742099783.507133,-15,58,48
1742099783.542133,12,54,-59
1742099783.578133,-9,-15,-125
1742099783.6141331,-3,10,-79
1742099783.649133,34,-9,-33
1742099783.685133,82,8,40
1742099783.720133,-29,-97,14
1742099783.7551332,22,-45,-37
1742099783.790133,-11,40,-117
1742099783.826133,8,-51,-171
1742099783.862133,-17,58,14
1742099783.897133,8,-35,-133
1742099783.9331331,-43,14,-25
1742099783.968133,12,74,-83
1742099784.003133,-73,-35,-49
1742099784.0381331,20,-13,-19
1742099784.0741332,72,-11,52
1742099784.1101332,62,72,-148
1742099784.145133,-55,16,41
1742099784.181133,33,34,-166
1742099784.216133,-8,24,-122
1742099784.251133,-34,34,-93
1742099784.286133,-30,24,-24
1742099784.322133,29,-19,103
1742099784.358133,-34,68,-86
1742099784.3931332,11,-31,54
1742099784.4291332,35,-55,32
1742099784.464133,13,28,-151
1742099784.499133,51,44,-71
1742099784.5341332,-38,-23,28
1742099784.570133,-10,8,-104
1742099784.606133,-36,8,-20
1742099784.641133,-96,18,-28
1742099784.677133,25,28,-62
1742099784.7121332,-42,10,37
1742099784.747133,31,12,0
1742099784.782133,-28,6,31
1742099784.818133,-2,-47,-96
1742099784.8541331,25,-33,-44
1742099784.889133,-12,-21,-74
1742099784.925133,31,34,57
1742099784.960133,-76,64,-142
1742099784.9951332,11,-49,-74
1742099785.030133,-28,-13,-48
1742099785.066133,27,66,-184
1742099785.102133,-36,-19,-144
1742099785.1371331,-52,-3,7
1742099785.1731331,23,42,-40
1742099785.208133,-84,-33,-100
1742099785.243133,57,-43,21
1742099785.2781332,29,56,39
1742099785.3141332,-76,-9,53
1742099785.3501332,35,94,-112
1742099785.385133,-44,14,69
1742099785.421133,-13,6,-42
1742099785.4561331,-37,-5,-34
1742099785.491133,75,-17,-48
1742099785.527133,-12,14,-54
1742099785.562133,55,58,-152
1742099785.598133,25,24,-20
1742099785.6331332,3,14,73
1742099785.6691332,45,-21,1
1742099785.704133,105,28,-156
1742099785.7391331,-50,-5,-10
1742099785.7751331,107,6,17
1742099785.810133,9,18,-50
1742099785.846133,-4,-5,13
1742099785.881133,113,56,-188
1742099785.917133,3,0,11
1742099785.9521332,-27,6,-66
1742099785.987133,58,-33,-204
1742099786.023133,42,-7,-94
1742099786.0581331,-51,4,-116
1742099786.0941331,1,12,-78
1742099786.129133,41,-3,43
1742099786.165133,34,10,129
1742099786.200133,-7,32,-44
1742099786.2351332,108,6,17
1742099786.2711332,111,18,-40
1742099786.306133,22,11,37
1742099786.342133,-15,-1,-144
1742099786.3771331,66,-109,-6
1742099786.4131331,-27,10,-18
1742099786.448133,4,-35,47
1742099786.483133,-19,44,-2
1742099786.519133,82,-14,-34
1742099786.5541332,8,25,-64
1742099786.5901332,2,-48,-56
1742099786.625133,-27,5,-100
1742099786.661133,2,-34,-44
1742099786.6961331,-17,-4,-96
1742099786.731133,50,29,-82
1742099786.767133,12,-12,-8
1742099786.802133,96,0,-104
1742099786.838133,-25,-20,-158
1742099786.8731332,26,-42,-130
1742099786.9091332,-1,71,-114
1742099786.951133,-71,-38,-32
1742099786.987133,30,23,0
1742099787.023133,-31,23,-10
1742099787.0581331,28,-6,-104
1742099787.0941331,68,-38,-66
1742099787.129133,-25,41,-14
1742099787.165133,-17,-46,-130
1742099787.200133,-47,-22,-82
1742099787.2351332,38,-12,-52
1742099787.2711332,32,-26,-20
1742099787.306133,-115,11,-76
1742099787.342133,6,25,-72
1742099787.3771331,-33,15,11
1742099787.4131331,-39,19,-154
1742099787.448133,44,17,-108
1742099787.483133,60,99,-26
1742099787.519133,-31,-28,-142
1742099787.5541332,-7,-40,-76
1742099787.5901332,10,37,-46
1742099787.625133,26,79,33
1742099787.661133,-73,0,-86
1742099787.6961331,54,29,-54
1742099787.731133,-29,-4,-62
1742099787.767133,-13,13,15
1742099787.802133,-35,95,49
1742099787.838133,-5,-38,-30
1742099787.8731332,-11,77,-36
1742099787.9091332,-15,53,47
1742099787.945133,4,-22,11
1742099787.980133,88,-2,13
1742099788.0151331,-9,-6,-96
1742099788.0511332,-47,5,-80
1742099788.0871332,-53,0,-66
1742099788.122133,66,-32,-12
1742099788.158133,-13,41,-16
1742099788.193133,-53,19,-12
1742099788.2281332,-11,-14,-146
1742099788.263133,-31,29,-6
1742099788.299133,40,25,-78
1742099788.335133,-21,-24,-102
1742099788.3701332,26,-48,-66
1742099788.4061332,-30,51,-88
1742099788.441133,11,3,-52
1742099788.476133,35,-52,-102
1742099788.5111332,-46,55,5
1742099788.547133,-36,49,-16
1742099788.583133,-2,-36,15
1742099788.618133,-112,-16,-28
1742099788.654133,59,9,-2
1742099788.6891332,-28,-44,13
1742099788.724133,-86,-12,-50
1742099788.759133,-29,87,-72
1742099788.795133,14,3,-46
1742099788.8311331,-21,39,-58
1742099788.866133,-27,-10,-36
1742099788.902133,-65,65,45
1742099788.937133,-17,-84,-86
1742099788.9721332,44,-16,-82
1742099789.007133,-39,21,-132
1742099789.043133,18,-70,21
1742099789.079133,-61,-44,5
1742099789.1141331,-13,73,-102
1742099789.1501331,-27,31,-112
1742099789.185133,-9,3,27
1742099789.220133,12,0,-104
1742099789.2551332,-20,-28,-22
1742099789.2911332,-47,-4,5
1742099789.3271332,30,-2,-122
1742099789.362133,-7,-10,-2
1742099789.398133,28,-48,-78
1742099789.4331331,12,9,17
1742099789.468133,-5,-60,-80
1742099789.503133,-39,-80,-30
1742099789.539133,-47,-14,-54
1742099789.575133,-77,-16,-62
1742099789.6101332,38,75,-40
1742099789.6461332,-7,-16,-108
1742099789.681133,-13,-42,-86
1742099789.716133,28,57,-28
1742099789.751133,-35,-22,-124
1742099789.787133,24,-4,-32
1742099789.823133,-45,45,-35
1742099789.858133,-17,85,90
1742099789.894133,26,-56,16
1742099789.9291332,2,3,-67
1742099789.964133,30,-50,-89
1742099789.999133,24,31,-127
1742099790.0351331,55,55,-99
1742099790.0711331,59,33,-21
1742099790.106133,15,49,-43
1742099790.142133,41,-12,-141
1742099790.177133,-33,55,-27
1742099790.2121332,57,-14,-23
1742099790.247133,13,-2,-59
1742099790.283133,17,75,-65
1742099790.319133,56,29,-59
1742099790.3541331,-23,6,98
1742099790.3901331,19,11,-77
1742099790.425133,16,-10,-87
1742099790.460133,17,21,30
1742099790.4951332,-58,-8,-101
1742099790.5311332,-47,-42,-1
1742099790.5671332,-5,3,8
1742099790.602133,30,-62,-203
1742099790.638133,45,9,-103
1742099790.6731331,5,-12,-66
1742099790.708133,19,19,-61
1742099790.743133,18,33,29
1742099790.779133,-35,9,-128
1742099790.815133,48,7,-52
1742099790.8501332,26,-28,-106
1742099790.8861332,-1,-62,-108
1742099790.921133,54,61,-98
1742099790.9561331,-35,-32,35
1742099790.991133,-10,49,109
1742099791.027133,-83,9,39
1742099791.063133,-13,19,-104
1742099791.098133,-26,0,-34
1742099791.134133,-64,-4,17
1742099791.1691332,-56,121,-52
1742099791.204133,-26,35,-18
1742099791.2391331,43,-46,81
1742099791.2751331,0,61,-118
1742099791.3111331,36,31,-62
1742099791.346133,-53,-38,-110
1742099791.382133,-23,39,-186
1742099791.417133,-71,-48,-52
1742099791.4521332,-33,-18,-70
1742099791.487133,-49,-56,-124
1742099791.523133,20,1,39
1742099791.559133,-65,47,67
1742099791.5941331,14,-42,-118
1742099791.6301332,-29,-12,-74
1742099791.665133,-29,-6,-90
1742099791.700133,-27,9,-96
1742099791.7351332,-7,0,-16
1742099791.7711332,-13,-55,-132
1742099791.8071332,-31,50,-20
1742099791.842133,-45,-19,-8
1742099791.878133,46,10,-18
1742099791.9131331,56,-3,-98
1742099791.948133,-23,82,-158
1742099791.984133,-29,-3,17
1742099792.019133,-17,-21,-144
1742099792.055133,-69,-77,-74
1742099792.0901332,6,8,-128
1742099792.126133,-17,14,-80
1742099792.161133,-11,-37,59
1742099792.1961331,50,-61,-112
1742099792.2321332,-47,28,-148
1742099792.267133,-45,46,-42
1742099792.303133,-25,10,-80
1742099792.338133,10,100,75
1742099792.374133,-47,18,53
1742099792.4091332,-35,-5,-16
1742099792.444133,26,30,-60
1742099792.480133,-71,-35,-64
1742099792.5151331,-5,32,-102
1742099792.5511332,26,36,78
1742099792.586133,76,-21,126
1742099792.622133,-11,40,-59
1742099792.657133,92,-57,-215
1742099792.6921332,-31,-13,-23
1742099792.7281332,84,46,18
1742099792.763133,74,-41,-131
1742099792.799133,38,20,-117
1742099792.8341331,-13,28,34
1742099792.8701332,2,54,-37
1742099792.905133,-27,-37,-131
1742099792.940133,-3,11,22
1742099792.976133,-35,-18,-13
1742099793.0111332,24,-63,-61
1742099793.047133,22,18,-111
1742099793.082133,54,-47,-57
1742099793.118133,-27,14,38
1742099793.1531332,-45,34,78
1742099793.188133,74,-55,-21
1742099793.224133,-31,13,36
1742099793.259133,60,26,-11
1742099793.295133,66,37,-55
1742099793.3301332,52,-19,-77
1742099793.366133,-59,17,-7
1742099793.401133,-51,22,-1
1742099793.4361331,16,-53,-109
1742099793.4721332,0,-31,-119
1742099793.507133,-27,-32,-89
1742099793.543133,-37,4,-7
1742099793.578133,74,-103,6
1742099793.6141331,12,-13,-47
1742099793.649133,56,34,-123
1742099793.684133,16,18,-57
1742099793.720133,4,18,-91
1742099793.7551332,70,-7,82
1742099793.7911332,18,-29,8
1742099793.826133,-45,-67,-145
1742099793.862133,42,70,-77
1742099793.897133,-33,4,20
1742099793.9321332,-21,28,-7
1742099793.968133,-49,18,18
1742099794.003133,80,-32,-47
1742099794.039133,6,77,-49
1742099794.0741332,6,-22,-7
1742099794.1101332,6,-8,-33
1742099794.145133,16,-50,-95
1742099794.180133,-3,-24,-59
1742099794.216133,2,89,-5
1742099794.251133,4,29,-83
1742099794.287133,-11,-52,30
1742099794.322133,-19,-2,66
1742099794.358133,-5,-28,6
1742099794.394133,36,60,-23
1742099794.4291332,4,35,-65
1742099794.464133,-69,-40,-73
1742099794.500133,70,15,-15
1742099794.536133,70,1,32
1742099794.5711331,8,-38,-119
1742099794.6071332,-69,19,-71
1742099794.642133,-39,25,-41
1742099794.677133,78,59,-33
1742099794.7121332,-95,29,18
1742099794.7481332,-37,19,-113
1742099794.7841332,4,35,-17
1742099794.819133,14,-90,-105
1742099794.855133,80,13,106
1742099794.8901331,-31,39,-107
1742099794.925133,-41,9,-35
1742099794.960133,-65,-8,-45
1742099794.996133,9,-62,58
1742099795.032133,-19,41,-89
1742099795.0671332,-45,19,-77
1742099795.1031332,36,11,-31
1742099795.138133,34,-56,-51
1742099795.1731331,26,-28,30
1742099795.208133,42,0,-45
1742099795.244133,12,-30,-27
1742099795.280133,0,45,-27
1742099795.315133,42,15,74
1742099795.351133,-27,-80,-125
1742099795.3861332,4,35,-145
1742099795.421133,98,-18,-1
1742099795.4561331,-39,55,-63
1742099795.4921331,4,21,34
1742099795.5281332,-27,-10,-147
1742099795.563133,-119,29,138
1742099795.599133,0,59,84
1742099795.634133,-70,20,86
1742099795.6691332,35,-1,-43
1742099795.704133,-26,-9,-265
1742099795.740133,3,-57,-27
1742099795.776133,-38,-71,-73
1742099795.8111331,-62,-5,-51
1742099795.8471332,-26,4,-17
1742099795.882133,5,58,-259
1742099795.917133,0,58,-31
1742099795.9521332,5,-5,46
1742099795.9881332,-55,38,-7
1742099796.024133,-55,-29,-135
1742099796.059133,-11,-57,-113
1742099796.095133,-29,36,-89
1742099796.1301332,-45,-65,-7
1742099796.165133,-11,-21,-141
1742099796.200133,34,-21,-39
1742099796.236133,-117,88,-67
1742099796.272133,-87,-41,36
1742099796.3071332,12,-25,-11
1742099796.343133,-43,46,-61
1742099796.378133,-77,-31,-37
1742099796.4131331,20,-37,64
1742099796.448133,-31,-27,-81
1742099796.484133,-79,-37,26
1742099796.520133,18,-85,-35
1742099796.555133,18,-33,-103
1742099796.591133,-75,30,-97
1742099796.626133,-15,-21,-77
1742099796.661133,62,12,-129
1742099796.6961331,4,-53,-81
1742099796.7321332,-47,-17,-13
1742099796.7681332,26,-25,-35
1742099796.803133,-35,-41,-15
1742099796.839133,-9,30,12
1742099796.874133,-41,-29,-169
1742099796.9091332,-23,-17,-47
1742099796.944133,16,-7,6
1742099796.987133,60,34,-41
1742099797.024133,-43,-25,14
1742099797.059133,-87,68,-71
1742099797.095133,-7,-71,-77
1742099797.1301332,42,60,-155
1742099797.165133,-25,29,-87
1742099797.200133,2,21,-23
1742099797.236133,-19,17,-77
1742099797.272133,-3,35,26
1742099797.3071332,-79,37,4
1742099797.343133,16,63,-13
1742099797.378133,-23,31,-47
1742099797.4131331,12,-32,-93
1742099797.448133,-23,-14,-57
1742099797.484133,62,-12,-1
1742099797.520133,40,46,24
1742099797.555133,24,-7,-91
1742099797.591133,74,8,-15
1742099797.626133,-123,-47,-119
1742099797.661133,-17,30,-97
1742099797.6961331,42,14,-3
1742099797.7321332,10,-101,22
1742099797.7681332,-43,-43,-81
1742099797.803133,-41,-19,-73
1742099797.839133,10,26,-55
1742099797.874133,-69,-31,34
1742099797.9091332,-9,36,-7
1742099797.944133,-3,26,-31
1742099797.980133,-67,-67,28
1742099798.016133,-5,-105,52
1742099798.0511332,50,2,-119
1742099798.0871332,-17,26,-141
1742099798.122133,31,44,-99
1742099798.157133,-36,40,-131
1742099798.1921332,67,10,-111
1742099798.2281332,-59,8,30
1742099798.264133,80,-1,-55
1742099798.299133,-23,-43,-43
1742099798.335133,20,-53,-99
1742099798.3701332,-53,-23,-67
1742099798.405133,-17,-11,-11
1742099798.441133,-21,-10,-43
1742099798.476133,22,61,-139
1742099798.5121331,-63,73,-71
1742099798.547133,66,-16,-125
1742099798.583133,-5,-5,-75
1742099798.618133,8,-7,-107
1742099798.6531332,-93,6,0
1742099798.6891332,-1,-24,-51
1742099798.724133,42,75,-159
1742099798.760133,52,41,-169
1742099798.795133,18,-8,-29
1742099798.8311331,-13,-20,-26
1742099798.866133,-11,-15,11
1742099798.901133,14,-25,-26
1742099798.937133,-5,-55,-70
1742099798.9721332,-39,-73,-34
1742099799.0081332,34,8,-94
1742099799.043133,-7,-8,-32
1742099799.079133,8,27,-14
1742099799.1141331,-63,-33,-95
1742099799.149133,-41,0,-9
1742099799.185133,26,21,-61
1742099799.220133,-45,-50,-64
1742099799.256133,90,-12,-50
1742099799.2911332,24,15,-60
1742099799.3271332,50,79,-18
1742099799.362133,-35,-14,-40
1742099799.397133,68,-48,-8
1742099799.4331331,-37,11,-19
1742099799.468133,-21,-44,-107
1742099799.504133,-35,27,-41
1742099799.539133,10,51,-163
1742099799.575133,10,11,38
1742099799.6101332,-59,-28,-19
1742099799.645133,-71,11,-99
1742099799.681133,10,41,-69
1742099799.716133,-45,73,-19
1742099799.7521331,-61,13,-35
1742099799.787133,-7,-48,-71
1742099799.823133,84,-66,22
1742099799.858133,46,21,-85
1742099799.8931332,114,31,-147
1742099799.9291332,-13,1,-101
1742099799.964133,50,-46,-23
1742099800.000133,-47,-34,-78
1742099800.0351331,-59,-46,-20
1742099800.0711331,46,1,-148
1742099800.106133,-5,-50,-100
1742099800.141133,-5,-46,-24
1742099800.177133,4,43,7
1742099800.2121332,66,23,-16
1742099800.2481332,50,-14,55
1742099800.283133,-55,89,-48
1742099800.319133,-19,-36,-44
1742099800.3541331,-15,-14,-178
1742099800.389133,-3,-26,-120
1742099800.425133,-15,-54,11
1742099800.460133,-39,79,-96
1742099800.496133,-37,55,-40
1742099800.5311332,-11,17,29
1742099800.5671332,10,33,-92
1742099800.602133,18,31,9
1742099800.6371331,32,21,-170
1742099800.6731331,50,21,-76
1742099800.708133,0,9,-12
1742099800.744133,24,-18,53
1742099800.779133,-33,-22,-46
1742099800.815133,-93,-18,-60
1742099800.851133,36,69,15
1742099800.8871331,-25,5,-74
1742099800.9231331,-47,43,-42
1742099800.958133,-31,47,-86
1742099800.993133,-35,-28,-110
1742099801.029133,-9,-32,-136
1742099801.065133,-23,19,-86
1742099801.1001332,90,-11,19
1742099801.1361332,92,8,-86
1742099801.171133,58,43,-194
1742099801.2061331,-25,-1,63
1742099801.241133,28,16,-96
1742099801.277133,8,32,73
1742099801.313133,16,16,-18
1742099801.348133,82,-27,-18
1742099801.384133,10,23,-38
1742099801.4191332,-63,79,-212
1742099801.454133,16,7,-110
1742099801.4891331,2,-14,-12
1742099801.5251331,-21,-20,-134
1742099801.5611331,-101,-50,-106
1742099801.596133,14,5,-28
1742099801.632133,-37,9,11
1742099801.667133,-25,-28,-4
1742099801.7021332,10,-14,-76
1742099801.737133,76,9,-48
1742099801.773133,10,-32,-146
1742099801.809133,-67,-14,-82
1742099801.8441331,-11,27,-60
1742099801.8801332,-41,-53,-36
1742099801.915133,78,81,-86
1742099801.950133,-7,47,77
1742099801.9851332,-87,-67,-64
1742099802.0211332,-49,-1,-8
1742099802.0571332,40,-9,-52
1742099802.092133,98,12,-106
1742099802.128133,8,-1,21
1742099802.1631331,-19,-1,43
1742099802.198133,44,6,3
1742099802.233133,22,-69,-70
1742099802.269133,16,-27,-136
1742099802.305133,-15,-43,-92
1742099802.3401332,-7,-9,-74
1742099802.376133,12,18,-160
1742099802.411133,-53,-43,-16
1742099802.4461331,-5,26,-60
1742099802.481133,12,-13,63
1742099802.517133,28,2,-76
1742099802.553133,-39,-31,-60
1742099802.588133,28,76,-74
1742099802.624133,-31,-49,-20
1742099802.6591332,-43,-29,-200
1742099802.694133,-35,-33,-84
1742099802.7291331,8,32,-92
1742099802.7651331,-33,-15,-88
1742099802.8011332,-1,-41,-46
1742099802.836133,16,-15,-106
1742099802.872133,-21,44,-32
1742099802.907133,16,-43,-26
1742099802.9421332,-67,8,45
1742099802.977133,44,-47,-96
1742099803.013133,72,50,109
1742099803.049133,-7,42,-42
1742099803.0841331,-3,86,-132
1742099803.1201332,-15,-51,-56
1742099803.155133,-51,-1,111
1742099803.190133,-21,-3,9
1742099803.2251332,2,-75,-56
1742099803.2611332,44,40,41
1742099803.297133,-25,-37,31
1742099803.332133,-7,-1,-84
1742099803.368133,-59,102,-48
1742099803.4031332,-3,2,-112
1742099803.438133,-13,-23,-20
1742099803.473133,-45,20,-128
1742099803.509133,18,-77,-46
1742099803.545133,-69,102,-28
1742099803.5801332,-69,-55,135
1742099803.616133,64,-85,-94
1742099803.651133,-27,-9,-40
1742099803.6861331,70,-51,-4
1742099803.721133,-73,70,-60
1742099803.757133,14,-5,25
1742099803.793133,-1,26,-44
1742099803.828133,-19,6,-104
1742099803.8641331,62,38,-106
1742099803.899133,38,-5,9
1742099803.934133,46,28,3
1742099803.9691331,-5,52,-70
1742099804.0051332,-1,8,-16
1742099804.0411332,64,2,-14
1742099804.076133,22,-7,-40
1742099804.112133,-49,18,-30
1742099804.147133,-35,46,17
1742099804.1821332,12,-21,103
1742099804.217133,6,84,49
1742099804.253133,-45,-75,1
1742099804.289133,80,-39,-100
1742099804.3241332,-1,40,-54
1742099804.3601332,6,0,-152
1742099804.395133,2,-49,-178
1742099804.430133,-11,-31,-234
1742099804.4651332,-63,-9,-36
1742099804.501133,8,42,-72
1742099804.537133,41,2,-150
1742099804.572133,29,10,-26
1742099804.608133,-30,11,-12
1742099804.6431332,1,32,-130
1742099804.678133,-64,-27,-62
1742099804.713133,-20,-7,-76
1742099804.749133,9,0,-170
1742099804.7851331,9,-19,-42
1742099804.820133,-126,-21,-54
1742099804.856133,9,42,9
1742099804.891133,-86,34,5
1742099804.9261332,55,68,-96
1742099804.9621332,37,2,-44
1742099804.997133,-10,36,-64
1742099805.033133,15,-1,-154
1742099805.068133,-64,22,-62
1742099805.1041331,19,-21,-156
1742099805.139133,-44,-5,-2
1742099805.174133,21,72,-16
1742099805.210133,-72,30,3
1742099805.2451332,-6,-23,-105
1742099805.2811332,19,6,32
1742099805.316133,-6,-35,-57
1742099805.352133,-80,-1,-91
1742099805.3871331,-44,54,2
1742099805.422133,25,-15,54
1742099805.458133,-36,2,-51
1742099805.493133,-38,70,-91
1742099805.529133,-36,-3,-89
1742099805.5641332,3,22,-63
1742099805.6001332,51,68,-109
1742099805.635133,55,62,-61
1742099805.670133,-80,32,-1
1742099805.7061331,37,18,-109
1742099805.741133,-22,1,-57
1742099805.777133,25,3,-23
1742099805.812133,53,7,-187
1742099805.848133,-52,75,-157
1742099805.8831332,-16,5,-7
1742099805.918133,13,0,-19
1742099805.954133,3,2,26
1742099805.9891331,-28,29,-107
1742099806.0251331,-54,-24,16
1742099806.060133,9,-47,-37
1742099806.096133,-18,4,-19
1742099806.131133,-22,10,-45
1742099806.1661332,23,25,-53
1742099806.2021332,-14,-22,-39
1742099806.237133,-4,35,-125
1742099806.273133,-44,13,-1
1742099806.3081331,3,-2,-9
1742099806.3441331,-96,5,-67
1742099806.379133,29,55,-49
1742099806.414133,15,-38,44
1742099806.450133,-72,63,-39
1742099806.4851332,13,-6,-39
1742099806.5211332,-26,69,-23
1742099806.556133,21,41,-115
1742099806.592133,-50,6,36
1742099806.6271331,13,62,-49
1742099806.662133,-72,0,-85
1742099806.698133,66,70,8
1742099806.733133,-23,56,-83
1742099806.769133,-31,-9,-43
1742099806.8041332,18,30,-67
1742099806.8401332,28,-5,-1
1742099806.875133,14,-29,-87
1742099806.9101331,10,42,-61
1742099806.9461331,12,36,-3
1742099806.9881332,22,-5,60
1742099807.0251331,-15,-23,-31
1742099807.060133,92,6,-203
1742099807.096133,38,38,-105
1742099807.131133,-11,60,82
1742099807.1661332,124,30,-9
1742099807.2021332,24,64,-33
1742099807.237133,-25,48,-43
1742099807.273133,-27,40,-49
1742099807.3081331,-35,-3,-69
1742099807.343133,-33,3,34
1742099807.378133,50,24,62
1742099807.414133,52,12,26
1742099807.450133,-15,26,-79
1742099807.4851332,-31,10,16
1742099807.5211332,-23,-27,-63
1742099807.556133,-21,-31,28
1742099807.591133,-79,-49,34
1742099807.626133,24,-9,-83
1742099807.662133,-31,8,-79
1742099807.698133,-3,-21,-57
1742099807.733133,8,58,-73
1742099807.769133,6,-25,-39
1742099807.8041332,-27,38,-91
1742099807.839133,28,-31,-73
1742099807.874133,-65,-27,-81
1742099807.9101331,-13,2,-77
1742099807.9461331,-25,24,-79
1742099807.981133,48,-17,60
1742099808.017133,-1,-35,54
1742099808.052133,-37,4,-5
1742099808.0871332,-11,-11,-113
1742099808.122133,-13,6,-131
1742099808.158133,12,32,-89
1742099808.194133,-39,-7,-33
1742099808.2291331,-39,4,-67
1742099808.2651331,66,60,-31
1742099808.300133,10,-53,-17
1742099808.335133,56,12,90
1742099808.3701332,-11,-1,-129
1742099808.4061332,12,-9,-27
1742099808.4421332,8,16,-55
1742099808.477133,-121,50,-35
1742099808.513133,106,2,-51
1742099808.5481331,38,-1,-15
1742099808.583133,78,52,-3
1742099808.618133,18,-71,-99
1742099808.654133,-45,-29,-85
1742099808.690133,-83,30,-1
1742099808.7251332,6,-7,-157
1742099808.7611332,-81,2,-5
1742099808.796133,74,-9,-45
1742099808.8311331,0,-15,-75
1742099808.866133,-31,-11,-27
1742099808.902133,2,17,-73
1742099808.938133,-103,47,-57
1742099808.973133,-9,-34,-3
1742099809.009133,-7,-70,-63
1742099809.0441332,8,24,-11
1742099809.079133,-5,-5,-171
1742099809.1141331,-43,12,-99
1742099809.1501331,-5,-17,10
1742099809.1861331,-1,30,-59
1742099809.221133,-121,32,-53
1742099809.257133,-7,2,-37
1742099809.292133,-33,56,-81
1742099809.3271332,2,-23,-25
1742099809.362133,-31,-17,-135
1742099809.398133,2,50,-21
1742099809.434133,-21,22,16
1742099809.4691331,-29,-29,62
1742099809.5051332,4,22,42
1742099809.540133,-17,14,-43
1742099809.575133,-101,54,-27
1742099809.6101332,25,34,-33
1742099809.6461332,-40,-25,-191
1742099809.6821332,-72,74,-103
1742099809.717133,51,4,-9
1742099809.753133,29,24,-69
1742099809.7881331,-24,39,-133
1742099809.825133,6,-32,-61
1742099809.8601332,-55,-68,-37
1742099809.895133,22,7,6
1742099809.930133,-29,-18,-1
1742099809.966133,-11,27,-99
1742099810.0021331,18,41,-71
1742099810.037133,-37,-34,-135
1742099810.073133,34,5,-73
1742099810.108133,-25,43,-51
1742099810.1431332,8,-10,-179
1742099810.178133,-13,55,-65
1742099810.214133,74,-90,-81
1742099810.250133,6,-8,-107
1742099810.2851331,-51,21,-1
1742099810.3211331,-47,11,54
1742099810.356133,30,-50,-65
1742099810.391133,44,-29,-61
1742099810.4261332,62,57,38
1742099810.4621332,-119,26,-1
1742099810.4981332,8,50,-153
1742099810.533133,42,2,-75
1742099810.569133,26,-16,-101
1742099810.6041331,-69,54,-29
1742099810.639133,14,0,44
1742099810.674133,0,44,-91
1742099810.710133,-3,14,4
1742099810.746133,18,-41,-109
1742099810.7811332,74,-43,-57
1742099810.8171332,40,44,-55
1742099810.852133,-27,16,-111
1742099810.8871331,34,2,-165
1742099810.922133,60,-43,-105
1742099810.958133,0,-15,-57
1742099810.994133,30,8,-71
1742099811.029133,12,-11,50
1742099811.065133,72,-83,-165
1742099811.1001332,-13,-38,50
1742099811.135133,42,-25,-59
1742099811.170133,-73,86,86
1742099811.2061331,-55,48,22
1742099811.2421331,-25,32,-37
1742099811.277133,10,-39,104
1742099811.313133,-95,-4,18
1742099811.348133,34,30,-35
1742099811.3831332,24,22,20
1742099811.4191332,-79,20,-145
1742099811.454133,18,20,-29
1742099811.490133,86,-29,-51
1742099811.5251331,-43,28,-43
1742099811.5611331,-1,54,-113
1742099811.596133,52,28,-31
1742099811.631133,38,-21,-77
1742099811.667133,-59,0,-107
1742099811.7021332,-21,45,12
1742099811.7381332,4,-22,48
1742099811.773133,8,22,-81
1742099811.809133,0,11,-35
1742099811.8441331,14,-69,-117
1742099811.879133,-49,-55,-95
1742099811.915133,36,-53,0
1742099811.950133,18,8,-61
1742099811.986133,40,26,-173
1742099812.0211332,2,-35,-43
1742099812.0571332,-43,38,20
1742099812.092133,10,22,-35
1742099812.1271331,-15,20,-129
1742099812.1631331,-25,48,-93
1742099812.198133,72,-47,2
1742099812.234133,58,77,-127
1742099812.269133,-51,37,6
1742099812.305133,-3,20,-69
1742099812.3401332,22,23,18
1742099812.375133,69,3,-121
1742099812.411133,47,-54,-67
1742099812.4461331,10,55,-127
1742099812.4821332,38,33,-61
1742099812.517133,64,23,-67
1742099812.553133,46,-56,-85
1742099812.589133,-15,21,60
1742099812.625133,-39,-90,-67
1742099812.6601331,38,27,-143
1742099812.695133,-1,-30,-103
1742099812.731133,16,5,-73
1742099812.766133,56,-14,-87
1742099812.802133,-14,-62,-51
1742099812.8371332,-26,75,0
1742099812.8731332,37,19,-79
1742099812.908133,-62,-14,-11
1742099812.943133,-6,1,10
1742099812.9791331,-18,-58,76
1742099813.014133,-42,1,-19
1742099813.050133,-26,23,-65
1742099813.085133,-46,37,-33
1742099813.121133,17,37,12
1742099813.1561332,-68,26,-53
1742099813.191133,23,-36,-70
1742099813.227133,-8,-17,-8
1742099813.2621331,5,-19,-14
1742099813.2981331,40,-10,-140
1742099813.333133,26,-6,-70
1742099813.369133,152,48,-96
1742099813.404133,-9,23,41
1742099813.4391332,-77,48,7
1742099813.4751332,-45,-17,73
1742099813.510133,20,40,-38
1742099813.546133,-64,-31,-34
1742099813.5811331,13,24,-102
1742099813.6171331,2,-71,-124
1742099813.652133,-21,32,33
1742099813.687133,90,8,-52
1742099813.723133,110,-11,7
1742099813.7581332,22,58,-70
1742099813.7941332,0,-19,-98
1742099813.829133,-15,-5,-130
1742099813.8641331,-71,-27,-42
1742099813.899133,-85,38,-242
1742099813.935133,14,-19,-42
1742099813.971133,76,-73,-50
1742099814.006133,32,-55,-58
1742099814.042133,30,18,-116
1742099814.0771332,-33,44,-106
1742099814.112133,-39,36,-64
1742099814.147133,-103,-10,-68
1742099814.1831331,22,-22,-30
1742099814.2191331,0,-52,-44
1742099814.254133,-85,-17,37
1742099814.290133,16,37,-46
1742099814.325133,-43,-30,-60
1742099814.3601332,72,55,-12
1742099814.395133,40,-4,-54
1742099814.431133,-23,-88,-46
1742099814.467133,-29,7,53
1742099814.5021331,51,-32,-80
1742099814.5381331,-15,13,-100
1742099814.573133,17,-28,-68
1742099814.608133,-88,9,-6
1742099814.6431332,-13,-62,-114
1742099814.6791332,-31,-34,-20
1742099814.7151332,-89,35,27
1742099814.750133,24,17,-22
1742099814.786133,-33,-26,-60
1742099814.8211331,0,-2,-38
1742099814.856133,-7,51,-62
1742099814.891133,38,59,-14
1742099814.927133,16,37,-102
1742099814.963133,-7,-26,27
1742099814.9981332,40,45,7
1742099815.0341332,44,-28,-8
1742099815.069133,-7,-38,-36
1742099815.1041331,-19,21,105
1742099815.139133,-17,-32,-150
1742099815.175133,74,-84,-62
1742099815.211133,-71,39,15
1742099815.246133,56,27,-88
1742099815.282133,84,13,85
1742099815.3171332,-67,-8,-14
1742099815.352133,-65,-28,-130
1742099815.3871331,-45,5,47
1742099815.4231331,38,-52,-76
1742099815.4591331,16,29,-56
1742099815.494133,32,-14,-86
1742099815.530133,24,47,-28
1742099815.565133,52,-12,-40
1742099815.6001332,32,7,-26
1742099815.635133,-25,21,-194
1742099815.671133,-19,9,-72
1742099815.707133,10,7,7
1742099815.7421331,22,-78,29
1742099815.7781332,22,53,-54
1742099815.813133,-1,-16,-44
1742099815.848133,-57,27,39
1742099815.8831332,10,-6,13
1742099815.9191332,18,48,-34
1742099815.9551332,-142,5,49
1742099815.990133,-29,-8,-8
1742099816.026133,3,75,3
1742099816.0611331,-1,-74,-128
1742099816.096133,-61,-72,-62
1742099816.131133,69,-30,41
1742099816.167133,-13,-38,-30
1742099816.203133,44,35,-160
1742099816.2381332,-25,-36,52
1742099816.274133,16,43,0
1742099816.309133,-91,79,-75
1742099816.3441331,-33,31,-153
1742099816.379133,4,57,88
1742099816.415133,48,0,-105
1742099816.451133,-89,-48,-152
1742099816.486133,-47,49,-8
1742099816.522133,50,-102,-74
1742099816.5571332,26,-22,5
1742099816.592133,-87,-30,-32
1742099816.6271331,-32,23,-37
1742099816.6631331,-2,-80,21
1742099816.6991332,-58,11,-59
1742099816.734133,63,-46,-145
1742099816.770133,19,-14,-79
1742099816.805133,-30,7,-61
1742099816.8401332,57,-24,-21
1742099816.875133,-9,37,-97
1742099816.911133,-17,-2,-139
1742099816.947133,-20,-20,-81
1742099816.9891331,47,17,-1
1742099817.026133,-70,41,-75
1742099817.0611331,55,-12,-67
1742099817.096133,-26,57,82
1742099817.131133,-18,-6,30
1742099817.167133,43,53,-15
1742099817.203133,-2,45,-105
1742099817.2381332,13,-14,-43
1742099817.274133,-24,81,-89
1742099817.309133,41,5,-11
1742099817.3441331,-82,-28,-7
1742099817.379133,-32,37,-85
1742099817.415133,-84,-42,-153
1742099817.451133,-30,47,20
1742099817.486133,3,103,-239
1742099817.522133,-74,-76,-21
1742099817.5571332,51,47,-155
1742099817.592133,39,25,60
1742099817.6271331,-2,0,-65
1742099817.6631331,-64,15,-3
1742099817.6991332,119,-10,10
1742099817.734133,-14,-108,-89
1742099817.770133,73,-30,4
1742099817.805133,-12,137,-35
1742099817.8401332,31,15,36
1742099817.876133,-24,43,-111
1742099817.911133,-44,-25,-75
1742099817.947133,47,-34,-39
1742099817.9821332,-26,-54,-81
1742099818.0181332,33,44,-15
1742099818.053133,-4,27,26
1742099818.088133,-58,-32,-13
1742099818.124133,-25,-14,-159
1742099818.1591332,44,-2,-125
1742099818.195133,-33,33,-151
1742099818.230133,53,-26,-65
1742099818.266133,34,-28,16
1742099818.3011332,-61,5,20
1742099818.336133,4,-24,26
1742099818.372133,74,47,2
1742099818.407133,50,5,44
1742099818.443133,-55,31,-129
1742099818.4781332,44,-32,10
1742099818.514133,36,19,-133
1742099818.549133,34,-50,38
1742099818.5841331,34,5,112
1742099818.6201332,32,33,-91
1742099818.655133,-47,63,-85
1742099818.691133,18,31,-89
1742099818.726133,52,-84,-129
1742099818.7621331,-13,71,-7
1742099818.797133,-32,1,6
1742099818.832133,36,29,-83
1742099818.868133,-9,-84,-201
1742099818.9031332,28,-28,-33
1742099818.9391332,16,-36,-27
1742099818.974133,36,37,32
1742099819.010133,-37,-56,-117
1742099819.045133,12,-30,-41
1742099819.0801332,-49,37,26
1742099819.116133,-31,31,-77
1742099819.151133,-25,27,-29
1742099819.187133,34,47,-63
1742099819.2221332,-71,1,-77
1742099819.2581332,-3,1,-59
1742099819.2941332,14,23,-2
1742099819.3301332,-3,15,-76
1742099819.365133,48,-30,-121
1742099819.4001331,8,-54,13
1742099819.4361331,-5,19,1
1742099819.471133,24,-16,-54
1742099819.507133,6,85,-126
1742099819.542133,-21,3,-40
1742099819.578133,0,-40,57
1742099819.6131332,64,19,-40
1742099819.648133,-45,35,-76
1742099819.684133,-55,29,-70
1742099819.7191331,-18,-36,115
1742099819.7551332,27,-35,-44
1742099819.790133,-32,-27,-152
1742099819.826133,19,35,11
1742099819.861133,-52,-15,-126
1742099819.8961332,-56,85,-64
1742099819.9321332,-26,49,-50
1742099819.967133,19,-27,-18
1742099820.003133,-20,-51,-70
1742099820.0381331,-90,-125,-38
1742099820.0741332,-26,-15,-118
1742099820.109133,0,2,-16
1742099820.144133,59,-31,27
1742099820.180133,-52,26,-62
1742099820.2151332,89,-75,-94
1742099820.251133,-14,-53,19
1742099820.286133,-14,-23,-56
1742099820.322133,47,-7,-26
1742099820.358133,31,54,-76
1742099820.3931332,37,4,19
1742099820.428133,39,26,-82
1742099820.464133,53,-17,-80
1742099820.500133,-33,-31,-66
1742099820.5351331,-35,20,-32
1742099820.5711331,-43,30,-24
1742099820.606133,-121,90,-34
1742099820.641133,-1,-59,33
1742099820.6761332,-101,-43,-50
1742099820.7121332,-1,-51,-88
1742099820.7481332,22,38,39
1742099820.783133,40,31,-164
1742099820.819133,8,0,-190
1742099820.8541331,46,14,-76
1742099820.889133,4,24,9
1742099820.924133,-83,-81,-29
1742099820.960133,-113,-83,-87
1742099820.996133,36,-30,10
1742099821.0311332,-1,0,48
1742099821.0671332,34,57,-41
1742099821.102133,-17,11,-43
1742099821.1371331,-109,23,-117
1742099821.172133,-43,13,-51
1742099821.208133,67,19,-39
1742099821.244133,-63,11,-87
1742099821.279133,-41,47,-85
1742099821.315133,67,-34,-37
1742099821.3501332,55,-32,-105
1742099821.385133,-55,5,-45
1742099821.420133,40,57,-103
1742099821.4561331,28,-14,54
1742099821.4921331,-30,-12,0
1742099821.527133,-29,-36,-3
1742099821.563133,-17,11,10
1742099821.598133,-27,-68,-37
1742099821.6331332,-41,82,-83
1742099821.668133,-33,25,-27
1742099821.704133,0,-19,-65
1742099821.740133,44,72,-77
1742099821.7751331,0,10,-103
1742099821.8111331,-11,10,-5
1742099821.846133,40,52,52
1742099821.881133,-9,30,-77
1742099821.9161332,-123,-139,-39
1742099821.9521332,-63,104,-77
1742099821.9881332,48,-12,-19
1742099822.023133,-15,2,-77
1742099822.059133,-99,73,-99
1742099822.0941331,-3,39,-127
1742099822.129133,102,95,-27
1742099822.164133,-55,-46,-17
1742099822.200133,36,61,-53
1742099822.236133,-13,-18,-15
1742099822.2711332,60,-8,36
1742099822.3071332,60,-40,-111
1742099822.342133,58,-8,-1
1742099822.3771331,140,-24,-43
1742099822.412133,30,-34,-1
1742099822.448133,-31,-16,2
1742099822.484133,-5,-42,-61
1742099822.519133,-3,51,-83
1742099822.555133,0,71,52
1742099822.5901332,-63,38,-15
1742099822.625133,-9,-75,-37
1742099822.6601331,12,-11,-119
1742099822.6961331,14,70,-31
1742099822.7321332,32,-61,78
1742099822.767133,-45,-3,-28
1742099822.803133,-27,-107,-104
1742099822.838133,78,-3,-10
1742099822.8731332,-29,30,-34
1742099822.908133,-63,-93,-68
1742099822.944133,4,36,-122
1742099822.980133,60,20,-102
1742099823.0151331,-39,24,-28
1742099823.0511332,-69,-35,-114
1742099823.086133,-81,90,-64
1742099823.121133,-49,29,-48
1742099823.1561332,-19,-67,-58
1742099823.1921332,54,-27,-134
1742099823.2281332,-25,-21,-58
1742099823.263133,-111,-9,-32
1742099823.299133,4,6,5
1742099823.3341331,11,-17,13
1742099823.369133,37,-11,-6
1742099823.404133,-4,2,-66
1742099823.440133,0,-51,-90
1742099823.476133,95,60,39
1742099823.5111332,-30,-35,3
1742099823.547133,5,0,143
1742099823.582133,-4,66,1
1742099823.6171331,-6,-35,-42
1742099823.6531332,-22,-79,-108
1742099823.688133,17,8,-50
1742099823.724133,23,0,-38
1742099823.759133,5,-76,-88
1742099823.795133,-56,6,-92
1742099823.8301332,36,20,5
1742099823.865133,-1,28,5
1742099823.9001331,90,36,-20
1742099823.9361331,-68,73,-24
1742099823.9721332,-17,44,-116
1742099824.007133,-5,-9,-46
1742099824.043133,-93,-15,-62
1742099824.078133,44,28,-8
1742099824.1131332,-5,14,-154
1742099824.148133,50,56,-118
1742099824.184133,-23,8,77
1742099824.220133,10,-51,-70
1742099824.2551332,38,50,-75
1742099824.2911332,9,124,-85
1742099824.326133,37,24,-49
1742099824.361133,111,-9,12
1742099824.397133,-28,68,-53
1742099824.4321332,-34,-70,-75
1742099824.468133,-8,-15,88
1742099824.503133,-85,-41,6
1742099824.539133,-55,50,-23
1742099824.5741332,54,34,-13
1742099824.609133,-15,-39,-181
1742099824.645133,12,-9,-79
1742099824.680133,26,-45,22
1742099824.716133,42,-45,-59
1742099824.751133,84,62,36
1742099824.787133,-62,-27,-25
1742099824.822133,-75,-33,2
1742099824.8571332,0,-31,-181
1742099824.8931332,-49,38,-61
1742099824.928133,-81,-45,-311
1742099824.964133,42,-41,22
1742099824.999133,-15,-7,-107
1742099825.0351331,70,30,-55
1742099825.070133,-129,2,-33
1742099825.105133,88,104,-155
1742099825.141133,-27,-42,18
1742099825.1761332,-23,0,-63
1742099825.2121332,26,-8,2
1742099825.247133,-15,25,-33
1742099825.283133,14,55,-101
1742099825.318133,72,-46,0
1742099825.3531332,-79,45,-45
1742099825.389133,-3,61,48
1742099825.424133,56,49,78
1742099825.460133,130,0,-41
1742099825.4951332,-3,17,-129
1742099825.5311332,30,17,-83
1742099825.566133,-59,29,90
1742099825.601133,18,33,18
1742099825.6371331,-43,-48,-151
1742099825.672133,10,-76,-141
1742099825.708133,-111,-94,-41
1742099825.743133,-55,-34,-109
1742099825.779133,12,-14,-31
1742099825.8141332,50,-44,-41
1742099825.849133,-5,-4,-67
1742099825.885133,-9,23,-33
1742099825.920133,24,21,-17
1742099825.9561331,32,19,-55
1742099825.991133,70,27,8
1742099826.027133,-75,-52,50
1742099826.062133,26,-28,-49
1742099826.0971332,-15,-50,-75
1742099826.1331332,42,21,-33
1742099826.168133,-21,-42,-65
1742099826.204133,4,9,-21
1742099826.2391331,92,39,94
1742099826.2751331,20,51,-37
1742099826.310133,42,101,18
1742099826.345133,-5,-34,-107
1742099826.381133,-47,-28,24
1742099826.4161332,-71,63,52
1742099826.4521332,-51,3,-47
1742099826.487133,-11,-36,-101
1742099826.523133,50,-10,-3
1742099826.5581331,58,123,-147
1742099826.593133,-25,43,-31
1742099826.629133,-21,23,-19
1742099826.664133,-35,17,-27
1742099826.700133,60,-98,-7
1742099826.7351332,66,-22,-181
1742099826.770133,6,-34,-53
1742099826.805133,36,33,-127
1742099826.841133,26,-34,-79
1742099826.8771331,12,-60,-113
1742099826.912133,-79,3,-21
1742099826.948133,-25,-21,66
1742099826.990133,-13,-20,-97
1742099827.026133,44,31,-105
1742099827.0611331,12,-6,-61
1742099827.0971332,76,-12,26
1742099827.1331332,44,-34,10
1742099827.168133,-7,-20,-169
1742099827.204133,-11,2,-75
1742099827.2391331,-113,-33,-87
1742099827.274133,-31,48,-117
1742099827.309133,32,4,8
1742099827.345133,46,-37,-99
1742099827.381133,42,34,-71
1742099827.4161332,16,-33,-93
1742099827.4521332,6,0,10
1742099827.487133,-29,-45,-81
1742099827.522133,-5,-21,-125
1742099827.5571332,-15,-15,78
1742099827.593133,-5,-13,-31
1742099827.629133,-27,-29,-175
1742099827.664133,44,-7,-49
1742099827.700133,-47,-9,-61
1742099827.7351332,-13,-23,-55
1742099827.770133,6,-29,-17
1742099827.805133,-1,10,-11
1742099827.841133,24,66,-43
1742099827.8771331,38,-95,-11
1742099827.912133,-51,-63,64
1742099827.948133,-15,30,-103
1742099827.983133,20,-53,-83
1742099828.0181332,-11,-49,52
1742099828.053133,-3,32,-7
1742099828.089133,-91,16,-61
1742099828.125133,-93,104,-93
1742099828.1601331,-33,-111,6
1742099828.1961331,34,0,36
1742099828.231133,30,38,-77
1742099828.266133,60,42,-101
1742099828.3011332,5,64,-113
1742099828.3371332,33,2,4
1742099828.3731332,-73,-1,-5
1742099828.408133,-5,36,-57
1742099828.444133,68,-1,82
1742099828.4791331,32,28,-27
1742099828.514133,-11,34,-11
1742099828.549133,70,-57,-61
1742099828.585133,8,18,-151
1742099828.621133,8,40,-43
1742099828.6561332,-57,-69,45
1742099828.6921332,-17,-19,4
1742099828.727133,-7,24,-87
1742099828.7621331,10,28,-69
1742099828.797133,24,84,-135
1742099828.833133,14,-55,40
1742099828.869133,-23,0,-161
1742099828.904133,0,8,-71
1742099828.940133,22,44,-136
1742099828.9751332,15,-23,-156
1742099829.010133,44,38,-38
1742099829.045133,-8,-37,-126
1742099829.0811331,49,-17,-220
1742099829.1171331,67,-47,-110
1742099829.152133,-28,-15,-40
1742099829.188133,-80,32,-10
1742099829.223133,37,-57,-24
1742099829.2581332,-67,32,-42
1742099829.293133,-24,64,-80
1742099829.329133,-17,-1,-18
1742099829.365133,-60,20,-84
1742099829.4001331,-22,50,-112
1742099829.4361331,21,24,-36
1742099829.471133,23,0,5
1742099829.506133,0,50,-100
1742099829.5411332,20,26,-259
1742099829.5771332,-39,2,-57
1742099829.6131332,-39,-51,-35
1742099829.648133,20,20,21
1742099829.684133,26,68,-129
1742099829.7191331,30,-15,16
1742099829.754133,2,36,-56
1742099829.789133,-19,24,-62
1742099829.825133,-11,43,-84
1742099829.861133,-7,-25,-12
1742099829.8961332,56,-19,-38
1742099829.9321332,78,24,-152
1742099829.967133,-13,0,-138
1742099830.0021331,30,46,-50
1742099830.037133,-65,-35,-52
1742099830.073133,-51,-49,-47
1742099830.109133,-79,-15,-146
1742099830.144133,-63,-19,-42
1742099830.180133,40,40,-62
1742099830.2151332,51,-29,-182
1742099830.250133,17,-23,-32
1742099830.2851331,-26,-39,-56
1742099830.3211331,-10,22,-90
1742099830.3571332,59,60,7
1742099830.392133,-20,-33,-65
1742099830.428133,-60,46,30
1742099830.463133,-42,14,-29
1742099830.4981332,-88,0,-63
1742099830.533133,-26,12,-43
1742099830.569133,-10,4,-47
1742099830.605133,1,6,-141
1742099830.6401331,-104,-59,-85
1742099830.6761332,-30,-21,-11
1742099830.711133,11,-9,-19
1742099830.746133,-4,-11,-105
1742099830.7811332,-22,6,-137
1742099830.8171332,29,34,-119
1742099830.8531332,2,20,64
1742099830.888133,-15,16,-135
1742099830.924133,4,40,-97
1742099830.9591331,-13,14,-65
1742099830.994133,67,-53,-75
1742099831.030133,-67,-47,-99
1742099831.065133,-21,-71,-21
1742099831.101133,-29,22,-29
1742099831.1361332,-3,-15,-29
1742099831.172133,-23,-13,-161
1742099831.207133,2,-45,22
1742099831.2421331,-35,32,-185
1742099831.2781332,-45,48,114
1742099831.313133,52,6,6
1742099831.349133,40,4,-59
1742099831.384133,12,28,-133
1742099831.420133,18,-67,-149
1742099831.4551332,24,-13,100
1742099831.490133,-27,34,-51
1742099831.526133,36,-37,32
1742099831.5611331,-51,48,-77
1742099831.5971332,-117,36,-111
1742099831.632133,-13,-51,-65
1742099831.668133,10,26,-85
1742099831.703133,-77,58,-41
1742099831.7381332,-81,-13,-15
1742099831.774133,40,18,-23
1742099831.809133,-15,32,-23
1742099831.845133,-15,-5,-23
1742099831.8801332,-21,32,-93
1742099831.9161332,-47,-33,-35
1742099831.951133,-21,20,64
1742099831.986133,-65,12,-29
1742099832.022133,76,-7,-29
1742099832.0571332,134,-53,-87
1742099832.093133,-19,30,-59
1742099832.128133,26,-3,-29
1742099832.164133,14,76,-1
1742099832.1991332,-17,26,30
1742099832.234133,-5,30,-11
1742099832.270133,-67,-95,-15
1742099832.305133,-23,-19,-89
1742099832.341133,-113,-33,-110
1742099832.376133,-33,42,-64
1742099832.412133,-37,60,11
1742099832.447133,-23,24,-74
1742099832.4821332,-37,138,-72
1742099832.5181332,-47,-21,77
1742099832.553133,40,-25,-52
1742099832.589133,-11,18,-174
1742099832.624133,-1,0,-100
1742099832.6601331,102,24,-52
1742099832.695133,-47,42,-42
1742099832.730133,18,-47,-46
1742099832.766133,-69,6,23
1742099832.8011332,-39,-13,-118
1742099832.8371332,24,-22,33
1742099832.872133,96,-9,-22
1742099832.908133,12,30,-172
1742099832.943133,30,-31,-30
1742099832.9781332,-51,22,-76
1742099833.014133,52,-29,-74
1742099833.049133,0,4,-92
1742099833.085133,-43,-39,-152
1742099833.1201332,56,20,-94
1742099833.1561332,-111,24,11
1742099833.1921332,14,-7,5
1742099833.227133,18,-23,-174
1742099833.2621331,-61,-61,-122
1742099833.2981331,22,62,-6
1742099833.3341331,-17,4,-2
1742099833.369133,-11,28,-136
1742099833.405133,-69,0,-28
1742099833.440133,20,-21,-44
1742099833.4751332,-83,-3,37
1742099833.510133,32,12,63
1742099833.546133,-103,2,-92
1742099833.582133,18,36,33
1742099833.6171331,66,4,-50
1742099833.6531332,64,18,-88
1742099833.688133,-55,-67,-60
1742099833.723133,0,16,31
1742099833.7581332,74,4,1
1742099833.7941332,-55,30,-124
1742099833.8301332,-11,46,-108
1742099833.865133,-23,20,-154
1742099833.901133,-33,8,-8
1742099833.9361331,70,-5,-62
1742099833.971133,-49,34,-18
1742099834.006133,-15,-61,-26
1742099834.042133,-51,28,-110
1742099834.078133,70,-19,-68
1742099834.1131332,12,-43,-88
1742099834.149133,-43,16,9
1742099834.184133,74,-19,57
1742099834.2191331,24,-27,9
1742099834.254133,-3,96,-34
1742099834.290133,-23,-15,-128
1742099834.326133,-25,10,31
1742099834.361133,-9,24,41
1742099834.397133,-17,-33,-125
1742099834.4321332,64,-77,-145
1742099834.467133,0,18,51
1742099834.5021331,-1,40,-47
1742099834.5381331,-31,48,-63
1742099834.5741332,-23,56,-33
1742099834.609133,-93,-3,18
1742099834.645133,-67,77,56
1742099834.680133,-47,20,-45
1742099834.7151332,92,51,-13
1742099834.750133,90,-58,-47
1742099834.786133,-23,25,-51
1742099834.822133,-69,21,-99
1742099834.8571332,-35,-20,58
1742099834.8931332,80,37,-99
1742099834.928133,-1,41,-85
1742099834.963133,44,-58,-33
1742099834.9981332,-59,35,4
1742099835.0341332,-23,-50,-85
1742099835.070133,-21,-20,4
1742099835.105133,-55,63,-21
1742099835.141133,74,13,-185
1742099835.1761332,62,-24,-13
1742099835.211133,36,-6,-115
1742099835.246133,42,-70,8
1742099835.282133,-7,33,-85
1742099835.318133,96,113,-79
1742099835.3531332,16,53,-9
1742099835.389133,18,-2,-81
1742099835.425133,-67,37,-71
1742099835.461133,-19,3,-45
1742099835.496133,42,-15,-81
1742099835.5311332,40,27,-13
1742099835.566133,64,-6,-19
1742099835.602133,36,-97,-25
1742099835.638133,-79,-21,-109
1742099835.6731331,74,114,78
1742099835.7091331,-29,24,-21
1742099835.744133,-19,-27,-107
1742099835.779133,-9,28,-73
1742099835.8141332,-3,-3,-181
1742099835.8501332,-33,-25,-41
1742099835.8861332,-87,-41,-33
1742099835.921133,-9,-69,-65
1742099835.957133,-53,-59,-107
1742099835.9921331,-8,-17,-47
1742099836.027133,0,8,20
1742099836.062133,34,-1,-177
1742099836.098133,8,20,-117
1742099836.134133,18,-1,-45
1742099836.1691332,8,-21,-87
1742099836.2051332,16,-25,96
1742099836.240133,0,50,-101
1742099836.2751331,54,38,8
1742099836.310133,-19,-3,-35
1742099836.346133,4,-27,-25
1742099836.382133,-25,0,8
1742099836.417133,30,38,-129
1742099836.453133,72,24,38
1742099836.4881332,18,12,-61
1742099836.523133,18,-23,-129
1742099836.5581331,-23,-9,-7
1742099836.5941331,-27,16,-117
1742099836.6301332,36,-41,-81
1742099836.665133,106,-45,-79
1742099836.701133,10,96,-43
1742099836.736133,-19,-45,0
1742099836.7711332,66,-9,-45
1742099836.806133,-25,-3,-139
1742099836.842133,24,46,-105
1742099836.878133,8,60,-99
1742099836.9131331,134,4,-19
1742099836.9491332,8,2,-71
1742099836.991133,-9,-11,-109
1742099837.027133,8,34,34
1742099837.062133,34,-7,-3
1742099837.098133,-25,26,22
1742099837.134133,2,-5,-19
1742099837.1691332,66,-73,-115
1742099837.2051332,-35,-3,-53
1742099837.240133,-19,-3,-189
1742099837.2751331,12,16,-107
1742099837.3111331,-3,56,-23
1742099837.346133,50,30,-5
1742099837.382133,-65,-45,2
1742099837.417133,8,4,-93
1742099837.453133,10,-55,-26
1742099837.4881332,32,18,-62
1742099837.523133,4,-23,-102
1742099837.559133,-51,48,-162
1742099837.5941331,48,-25,9
1742099837.6301332,30,22,1
1742099837.665133,8,7,-27
1742099837.701133,-77,-32,-74
1742099837.736133,6,21,-74
1742099837.7711332,-67,15,9
1742099837.8071332,-13,-6,-26
1742099837.842133,-31,-52,-116
1742099837.878133,-19,7,-56
1742099837.9131331,-59,9,-104
1742099837.9491332,6,21,25
1742099837.984133,-53,-11,-22
1742099838.019133,8,52,-154
1742099838.055133,66,18,-146
1742099838.0901332,30,8,9
1742099838.126133,-7,20,-34
1742099838.161133,12,-19,-100
1742099838.197133,48,-13,115
1742099838.2321332,44,-41,-92
1742099838.267133,-61,-59,-80
1742099838.303133,-23,-29,-134
1742099838.338133,-5,2,3
1742099838.374133,12,54,-132
1742099838.4091332,-29,16,-100
1742099838.445133,-11,42,-78
1742099838.480133,-11,24,33
1742099838.5151331,40,52,-58
1742099838.5511332,-37,0,71
1742099838.586133,-21,32,43
1742099838.622133,-85,28,-192
1742099838.657133,-29,10,17
1742099838.693133,-9,28,-2
1742099838.7281332,26,38,-28
1742099838.763133,-23,-1,19
1742099838.799133,84,-51,-194
1742099838.8341331,-17,64,-146
1742099838.8701332,-5,94,17
1742099838.905133,84,-5,-98
1742099838.941133,-49,-5,-48
1742099838.976133,52,26,-42
1742099839.0111332,34,-5,-60
1742099839.047133,-1,22,-24
1742099839.082133,6,-21,-6
1742099839.118133,92,-15,-44
1742099839.1531332,4,-1,-60
1742099839.1891332,-5,0,-112
1742099839.224133,10,-27,-20
1742099839.259133,-67,-9,-24
1742099839.295133,8,-5,-54
1742099839.3301332,-57,30,-46
1742099839.366133,4,7,-66
1742099839.401133,-5,29,-160
1742099839.437133,14,65,-14
1742099839.4721332,-25,-7,-60
1742099839.507133,-15,-45,-14
1742099839.543133,106,-42,-192
1742099839.578133,76,15,-10
1742099839.6141331,-5,-46,-20
1742099839.649133,24,55,0
1742099839.684133,-57,-44,67
1742099839.7191331,-31,55,-50
1742099839.7551332,-7,-10,-4
1742099839.7911332,-49,21,-126
1742099839.826133,28,-30,-46
1742099839.862133,-29,45,-46
1742099839.897133,38,-10,-88
1742099839.9321332,26,-20,-30
1742099839.967133,-5,5,27
1742099840.003133,22,57,7
1742099840.039133,76,-54,46
1742099840.0741332,-87,37,72
1742099840.1101332,70,-48,-25
1742099840.145133,-19,53,-37
1742099840.180133,36,-20,58
1742099840.2151332,-1,40,-41
1742099840.251133,-9,27,-113
1742099840.287133,52,47,-29
1742099840.322133,-17,-92,-59
1742099840.358133,-29,-10,-97
1742099840.3931332,2,-54,-57
1742099840.428133,28,21,24
1742099840.463133,36,19,-199
1742099840.499133,60,-28,-85
1742099840.5351331,86,-12,-7
1742099840.570133,-11,-48,-35
1742099840.606133,16,53,-39
1742099840.641133,30,-30,22
1742099840.6761332,-47,-18,-101
1742099840.711133,-37,11,-115
1742099840.747133,-41,-38,-111
1742099840.783133,32,-4,-213
1742099840.818133,6,5,-127
1742099840.8541331,26,25,62
1742099840.889133,8,-44,-83
1742099840.924133,2,43,-163
1742099840.9591331,-63,-78,-113
1742099840.9951332,-77,-28,-13
1742099841.0311332,-25,21,20
1742099841.066133,-51,41,-1
1742099841.102133,-9,23,-27
1742099841.1371331,18,-2,-41
1742099841.172133,-59,71,-35
1742099841.207133,32,7,-23
1742099841.243133,14,-62,-141
1742099841.279133,-9,-73,-11
1742099841.3141332,40,-35,-11
1742099841.3501332,68,7,-111
1742099841.385133,-35,-27,2
1742099841.420133,-29,4,-95
1742099841.4551332,-57,24,-87
1742099841.491133,-15,-15,76
1742099841.527133,58,84,-155
1742099841.562133,90,34,-83
1742099841.598133,38,-17,-13
1742099841.6331332,40,22,-45
1742099841.668133,-7,-1,-173
1742099841.703133,-25,40,-73
1742099841.7391331,-19,-21,-133
1742099841.7751331,-37,-7,-27
1742099841.810133,-69,25,0
1742099841.846133,72,1,-101
1742099841.881133,-47,-5,-87
1742099841.9161332,50,-105,-45
1742099841.951133,-83,28,-45
1742099841.987133,137,-37,-123
1742099842.023133,-21,48,-43
1742099842.0581331,66,16,-85
1742099842.0941331,-61,10,-11
1742099842.129133,26,-59,-37
1742099842.164133,-39,-36,-37
1742099842.1991332,21,43,-39
1742099842.2351332,8,-13,-61
1742099842.2711332,22,-23,-51
1742099842.306133,28,26,-67
1742099842.342133,-89,96,-85
1742099842.3771331,-31,4,-75
1742099842.412133,4,10,-121
1742099842.447133,-77,-61,-181
1742099842.483133,20,12,-57
1742099842.519133,54,30,-65
1742099842.5541332,-37,18,-67
1742099842.5901332,-67,32,-233
1742099842.625133,8,28,14
1742099842.6601331,32,8,-59
1742099842.695133,74,28,-137
1742099842.731133,-49,16,-79
1742099842.767133,-3,68,-31
1742099842.802133,-27,40,24
1742099842.838133,-25,18,-73
1742099842.8731332,-11,-7,-19
1742099842.908133,-13,-43,0
1742099842.943133,0,68,-11
1742099842.9791331,14,-19,-129
1742099843.0151331,-51,-17,-1
1742099843.050133,-9,-33,-7
1742099843.086133,-63,98,-23
1742099843.121133,18,4,-229
1742099843.1561332,-37,-13,-151
1742099843.191133,-3,-11,-113
1742099843.227133,2,34,-17
1742099843.263133,-35,14,-67
1742099843.2981331,-35,-47,80
1742099843.3341331,-7,8,-95
1742099843.369133,14,-43,10
1742099843.404133,22,10,-47
1742099843.4391332,66,-59,-113
1742099843.4751332,52,20,74
1742099843.5111332,68,-23,-17
1742099843.546133,50,0,-81
1742099843.582133,-9,-81,-163
1742099843.6171331,-55,-39,-15
1742099843.652133,-19,32,-117
1742099843.688133,-13,4,-117
1742099843.723133,50,-9,-23
1742099843.759133,18,32,-109
1742099843.7941332,56,0,-181
1742099843.8301332,16,-35,62
1742099843.865133,-31,28,48
1742099843.9001331,-73,4,-5
1742099843.9361331,12,-25,56
1742099843.971133,70,2,48
1742099844.007133,-22,-14,-1
1742099844.042133,66,-9,-89
1742099844.078133,-79,-55,-119
1742099844.1131332,-47,-15,-45
1742099844.148133,70,-53,-139
1742099844.184133,64,16,-15
1742099844.2191331,48,28,-119
1742099844.2551332,76,-15,26
1742099844.290133,-33,12,-87
1742099844.326133,-7,-41,-77
1742099844.361133,-49,-29,-21
1742099844.3961332,-35,6,-15
1742099844.4321332,24,26,-57
1742099844.467133,-1,-19,-43
1742099844.503133,-45,28,-71
1742099844.539133,-41,54,-145
1742099844.575133,30,-19,-41
1742099844.6101332,-69,18,-139
1742099844.6461332,-39,48,-48
1742099844.681133,-21,26,-18
1742099844.716133,-27,-21,19
1742099844.7521331,-61,54,27
1742099844.787133,-13,40,-58
1742099844.823133,-43,4,55
1742099844.858133,26,-1,-104
1742099844.894133,38,20,-54
1742099844.9291332,-21,146,-100
1742099844.964133,16,-15,-52
1742099845.000133,-19,-47,-78
1742099845.0351331,-11,18,-88
1742099845.0711331,-65,-77,67
1742099845.106133,32,4,-60
1742099845.142133,6,-63,-60
1742099845.177133,-9,-22,-82
1742099845.2121332,54,22,-114
1742099845.2481332,60,-85,-116
1742099845.283133,-29,22,-66
1742099845.319133,48,-29,0
1742099845.3541331,-29,14,-16
1742099845.3901331,32,-91,-14
1742099845.425133,46,8,-54
1742099845.460133,-63,-33,-92
1742099845.496133,4,50,-60
1742099845.5311332,62,-7,-6
1742099845.5671332,62,-25,11
1742099845.602133,14,76,-210
1742099845.638133,2,28,-90
1742099845.6731331,6,-41,41
1742099845.708133,0,1,-38
1742099845.744133,22,14,63
1742099845.779133,-35,59,-66
1742099845.815133,-99,42,-112
1742099845.8501332,52,62,-128
1742099845.8861332,-7,-31,-28
1742099845.921133,-7,-57,-92
1742099845.9561331,-51,84,-8
1742099845.9921331,-19,38,-136
1742099846.027133,46,12,-22
1742099846.063133,-13,-7,-66
1742099846.098133,-11,-45,-100
1742099846.134133,24,26,-40
1742099846.170133,64,-24,-68
1742099846.2051332,-27,-1,65
1742099846.240133,-25,20,-70
1742099846.276133,-45,-77,-76
1742099846.312133,-15,12,-38
1742099846.3471332,122,-83,7
1742099846.3831332,-65,-55,-68
1742099846.418133,-59,-10,-92
1742099846.453133,-35,-66,37
1742099846.4881332,-35,-20,0
1742099846.524133,62,-26,-76
1742099846.560133,-49,-26,-18
1742099846.595133,2,19,-96
1742099846.631133,-21,-74,-96
1742099846.6661332,86,35,-34
1742099846.701133,-85,63,-42
1742099846.736133,4,-6,-74
1742099846.772133,52,3,83
1742099846.8081331,91,1,-20
1742099846.843133,93,-10,-22
1742099846.879133,-3,15,-28
1742099846.914133,30,33,-70
1742099846.9491332,-57,21,-12
1742099846.984133,30,1,-66
1742099847.026133,92,-28,-38
1742099847.063133,-31,39,-92
1742099847.098133,20,39,-4
1742099847.1331332,14,9,-50
1742099847.168133,6,-64,-28
1742099847.204133,-35,81,-20
1742099847.240133,-15,-34,-52
1742099847.2751331,-44,0,-58
1742099847.3111331,86,-12,-96
1742099847.346133,-72,-20,-2
1742099847.381133,27,35,-30
1742099847.4161332,19,-80,-34
1742099847.4521332,41,-52,25
1742099847.4881332,-22,19,-18
1742099847.523133,11,13,-10
1742099847.559133,51,27,-98
1742099847.5941331,63,11,-100
1742099847.629133,-16,29,-86
1742099847.664133,-6,0,-16
1742099847.700133,0,-60,-82
1742099847.736133,-18,-20,19
1742099847.7711332,21,-20,-162
1742099847.8071332,-62,-24,21
1742099847.842133,29,-52,-78
1742099847.8771331,-60,-8,45
1742099847.912133,39,-58,45
1742099847.948133,-18,-46,-30
1742099847.984133,-62,0,-102
1742099848.019133,37,3,5
1742099848.055133,-4,-94,-124
1742099848.0901332,11,-26,-78
1742099848.125133,-14,7,-90
1742099848.1601331,-58,-34,-148
1742099848.1961331,1,-8,-134
1742099848.2321332,-66,49,-8
1742099848.267133,11,17,-6
1742099848.303133,25,-36,-92
1742099848.338133,-8,-36,-78
1742099848.3731332,25,-3,-42
1742099848.408133,-42,-2,-118
1742099848.444133,25,7,-6
1742099848.480133,24,25,0
1742099848.5151331,-34,-48,-42
1742099848.5511332,-129,-13,-86
1742099848.586133,-17,-43,-18
1742099848.621133,-73,24,-6
1742099848.6561332,84,-41,-60
1742099848.6921332,-31,16,-76
1742099848.7281332,26,-1,-24
1742099848.763133,8,-19,-60
1742099848.799133,6,64,-12
1742099848.8341331,20,-93,-38
1742099848.869133,-3,4,-90
1742099848.904133,10,-63,-132
1742099848.940133,76,-11,-118
1742099848.976133,52,32,-122
1742099849.0111332,-9,16,-22
1742099849.047133,40,-29,-52
1742099849.082133,-5,-23,-114
1742099849.1171331,-17,-81,-90
1742099849.152133,30,62,-82
1742099849.188133,-9,12,7
1742099849.224133,44,28,-40
1742099849.259133,-43,-39,107
1742099849.295133,-53,18,67
1742099849.3301332,12,18,-42
1742099849.365133,0,-83,-130
1742099849.4001331,-97,-45,29
1742099849.4361331,-57,54,-62
1742099849.4721332,24,-27,-184
1742099849.507133,0,-9,21
1742099849.543133,52,0,-198
1742099849.578133,2,-13,-64
1742099849.6131332,-27,58,-126
1742099849.648133,-7,76,-96
1742099849.684133,90,44,-98
1742099849.720133,-63,50,-8
1742099849.7551332,-19,-29,5
1742099849.7911332,-23,-27,73
1742099849.826133,44,10,-58
1742099849.861133,-43,-7,-96
1742099849.8961332,64,72,-104
1742099849.9321332,2,-53,5
1742099849.968133,-31,-60,57
1742099850.003133,128,55,-72
1742099850.039133,-11,15,-130
1742099850.0741332,14,-21,-84
1742099850.109133,-93,40,-182
1742099850.144133,2,-14,61
1742099850.180133,-23,27,49
1742099850.216133,-73,-8,-78
1742099850.251133,32,-4,105
1742099850.287133,-51,5,-140
1742099850.322133,-47,13,-6
1742099850.3571332,52,-1,-88
1742099850.3931332,40,-58,-92
1742099850.428133,-29,1,87
1742099850.464133,32,8,-52
1742099850.499133,-69,-1,-48
1742099850.5351331,42,-83,-90
1742099850.570133,48,-75,-122
1742099850.605133,-37,-5,-14
1742099850.641133,42,-9,-88
1742099850.6761332,-71,12,-136
1742099850.7121332,70,-4,-54
1742099850.747133,40,-40,-148
1742099850.783133,2,23,-104
1742099850.818133,-45,30,-95
1742099850.8531332,18,24,-69
1742099850.889133,44,34,-17
1742099850.924133,-33,-11,-67
1742099850.960133,-86,-28,-2
1742099850.9951332,17,-4,-97
1742099851.0311332,-10,-86,-97
1742099851.066133,-60,0,-23
1742099851.101133,6,13,96
1742099851.1371331,4,-41,-3
1742099851.172133,-53,-157,-57
1742099851.208133,26,-46,6
1742099851.243133,22,6,-35
1742099851.279133,76,-17,-113
1742099851.3141332,44,60,-63
1742099851.349133,-35,-1,-21
1742099851.385133,14,-35,-43
1742099851.420133,20,-27,-6
1742099851.4561331,-19,40,-21
1742099851.491133,-7,16,-81
1742099851.527133,-63,18,14
1742099851.562133,2,63,18
1742099851.5971332,-3,17,-39
1742099851.6331332,6,0,58
1742099851.668133,-33,29,-177
1742099851.704133,78,31,-125
1742099851.7391331,54,11,-89
1742099851.7751331,-21,-60,-37
1742099851.810133,74,39,-27
1742099851.845133,50,9,-167
1742099851.881133,0,9,-3
1742099851.9161332,68,-78,-125
1742099851.9521332,72,33,-43
1742099851.987133,-43,19,-8
1742099852.023133,-49,-46,-73
1742099852.0581331,24,-56,2
1742099852.093133,-35,21,0
1742099852.129133,-1,69,-22
1742099852.164133,-59,3,-78
1742099852.200133,-59,11,-32
1742099852.2351332,18,-8,-24
1742099852.2711332,-9,-40,-63
1742099852.306133,-17,61,-31
1742099852.341133,-23,-16,31
1742099852.3771331,76,-8,-146
1742099852.412133,-27,-28,-54
1742099852.448133,-31,0,-52
1742099852.483133,-37,-2,-92
1742099852.519133,-77,19,14
1742099852.555133,2,-18,-17
1742099852.591133,38,-18,4
1742099852.6271331,0,-8,28
1742099852.662133,32,53,0
1742099852.697133,20,-12,-51
1742099852.733133,34,-20,-19
1742099852.769133,26,15,-93
1742099852.8041332,18,27,-181
1742099852.8401332,-31,-14,-87
1742099852.875133,2,-12,-107
1742099852.9101331,28,53,-127
1742099852.945133,-47,-52,-35
1742099852.981133,6,-20,-107
1742099853.017133,72,27,26
1742099853.052133,2,-52,-83
1742099853.088133,10,-8,-93
1742099853.1231332,20,31,-115
1742099853.158133,28,-50,-57
1742099853.193133,38,-80,34
1742099853.2291331,0,-42,-19
1742099853.2651331,-1,-36,10
1742099853.300133,30,17,-41
1742099853.336133,-71,-30,-171
1742099853.371133,-27,83,-161
1742099853.4061332,-37,-60,6
1742099853.441133,16,-66,-125
1742099853.477133,-9,41,-206
1742099853.513133,6,67,-208
1742099853.5481331,68,-62,-64
1742099853.5841331,-5,-36,-68
1742099853.619133,26,-8,-168
1742099853.654133,-43,-68,-10
1742099853.6891332,42,-4,-192
1742099853.7251332,-9,-6,-6
1742099853.7611332,0,-48,-190
1742099853.796133,90,-28,-90
1742099853.832133,38,43,-110
1742099853.8671331,16,-6,-42
1742099853.902133,-25,21,1
1742099853.937133,6,-36,-18
1742099853.973133,-49,43,-162
1742099854.009133,56,21,15
1742099854.0441332,6,-18,23
1742099854.0801332,58,45,-38
1742099854.115133,-29,0,-70
1742099854.1501331,68,61,-114
1742099854.185133,-7,-2,-41
1742099854.221133,-27,-20,-59
1742099854.257133,40,-4,-124
1742099854.292133,-1,3,-61
1742099854.328133,-51,19,-29
1742099854.3631332,50,-26,-71
1742099854.398133,12,-14,-84
1742099854.4331331,-64,-12,-48
1742099854.4691331,25,-70,116
1742099854.5051332,-22,7,-178
1742099854.540133,-2,1,-15
1742099854.576133,-86,25,-7
1742099854.611133,-24,0,-173
1742099854.6461332,-22,31,-7
1742099854.681133,-27,83,-5
1742099854.717133,27,13,-161
1742099854.753133,72,-46,-61
1742099854.7881331,-75,5,20
1742099854.8241332,-17,93,-69
1742099854.859133,-91,-62,-25
1742099854.894133,38,-14,-23
1742099854.9291332,82,-2,-55
1742099854.9651332,-51,25,18
1742099855.001133,32,-48,-3
1742099855.036133,-37,-10,-91
1742099855.072133,78,-16,42
1742099855.1071332,-15,3,22
1742099855.142133,-5,-18,-61
1742099855.177133,-25,15,-63
1742099855.213133,-17,-84,-159
1742099855.249133,-9,53,-9
1742099855.2841332,8,-60,-117
1742099855.320133,10,35,-123
1742099855.355133,-19,23,-163
1742099855.3901331,18,3,-59
1742099855.425133,-35,69,70
1742099855.461133,-1,25,-105
1742099855.497133,-69,-32,16
1742099855.532133,0,49,24
1742099855.568133,-9,-12,-59
1742099855.6031332,56,-58,78
1742099855.638133,12,51,-121
1742099855.6731331,-55,51,-15
1742099855.7091331,-41,-6,-85
1742099855.7451332,76,29,-27
1742099855.780133,28,15,-49
1742099855.816133,-55,3,-143
1742099855.851133,-17,-68,16
1742099855.8861332,2,35,-151
1742099855.921133,8,-6,70
1742099855.957133,-13,-52,-183
1742099855.993133,36,83,-89
1742099856.0281332,22,21,-71
1742099856.0641332,-21,-12,-79
1742099856.099133,-3,-100,26
1742099856.134133,2,33,-51
1742099856.1691332,28,63,-69
1742099856.2051332,-55,63,-23
1742099856.241133,12,1,-7
1742099856.276133,-11,25,-231
1742099856.312133,-47,-4,-63
1742099856.3471332,-27,0,-45
1742099856.382133,-15,31,-213
1742099856.417133,-23,-28,-7
1742099856.453133,-3,-24,-33
1742099856.4891331,30,-15,30
1742099856.524133,-67,40,-19
1742099856.560133,34,14,-19
1742099856.595133,0,-5,-81
1742099856.6301332,20,58,22
1742099856.6661332,36,-81,46
1742099856.701133,20,-51,-51
1742099856.737133,32,-5,-123
1742099856.772133,-31,8,14
1742099856.8081331,-1,48,-129
1742099856.843133,2,-27,46
1742099856.878133,-35,20,-113
1742099856.914133,-9,38,-31
1742099856.9491332,-37,8,-11
1742099856.9851332,-39,-47,20
1742099857.027133,-81,94,-93
1742099857.0641332,-7,-43,-5
1742099857.099133,46,-37,-115
1742099857.134133,-11,30,-11
1742099857.170133,76,-33,134
1742099857.2051332,-55,10,-55
1742099857.241133,48,-47,18
1742099857.276133,14,-45,-25
1742099857.312133,52,-23,64
1742099857.3471332,-37,-28,58
1742099857.382133,64,-16,-61
1742099857.418133,-45,47,-43
1742099857.453133,-9,43,-145
1742099857.4891331,34,35,50
1742099857.524133,-39,7,-51
1742099857.560133,-37,14,10
1742099857.595133,16,-47,-67
1742099857.6301332,26,28,-5
1742099857.6661332,8,-17,22
1742099857.701133,36,-11,-15
1742099857.737133,52,-37,32
1742099857.772133,22,-25,-127
1742099857.8081331,6,49,-39
1742099857.843133,30,27,8
1742099857.878133,32,-5,36
1742099857.914133,30,-15,-107
1742099857.9491332,-9,-61,-97
1742099857.9851332,74,-77,-95
1742099858.020133,38,34,-61
1742099858.056133,-11,-53,-69
1742099858.091133,-109,14,-111
1742099858.126133,-21,8,-35
1742099858.162133,68,-3,28
1742099858.197133,-15,-39,-137
1742099858.233133,-3,-27,-101
1742099858.2681332,40,-9,4
1742099858.303133,68,-39,40
1742099858.338133,-7,-25,-127
1742099858.374133,30,-63,-19
1742099858.4101331,-11,6,10
1742099858.445133,46,-1,-47
1742099858.481133,-49,4,-49
1742099858.516133,20,-33,-51
1742099858.552133,94,-85,-61
1742099858.5871332,-3,-45,-73
1742099858.622133,-73,-73,-47
1742099858.658133,-23,-25,-49
1742099858.693133,6,-87,16
1742099858.7291331,6,46,-69
1742099858.764133,-11,-21,-85
1742099858.800133,2,16,-11
1742099858.835133,-19,22,-43
1742099858.8701332,44,42,66
1742099858.9061332,68,20,-113
1742099858.941133,18,-27,-27
1742099858.977133,-17,50,-41
1742099859.0121331,-55,80,-147
1742099859.0481331,-11,34,16
1742099859.0841331,52,-45,-43
1742099859.119133,-21,-37,-49
1742099859.154133,-91,34,-79
1742099859.190133,94,28,-115
1742099859.226133,-33,10,-151
1742099859.2611332,-35,42,-31
1742099859.297133,-11,-25,-51
1742099859.332133,-45,-17,-27
1742099859.3671331,-27,32,-191
1742099859.402133,-7,72,-41
1742099859.438133,-11,4,-89
1742099859.474133,-61,46,-123
1742099859.509133,-43,-31,-65
1742099859.545133,-25,-31,20
1742099859.5801332,-17,-43,-27
1742099859.615133,-39,14,-37
1742099859.6501331,-31,24,-81
1742099859.6861331,56,-19,38
1742099859.7221332,56,60,78
1742099859.757133,26,6,28
1742099859.793133,6,66,-37
1742099859.828133,60,46,-117
1742099859.8631332,-57,10,-45
1742099859.898133,32,2,-65
1742099859.934133,58,-5,-95
1742099859.970133,-81,-15,-23
1742099860.0051332,-39,-111,-1
1742099860.0411332,2,60,-49
1742099860.076133,-59,-31,-99
1742099860.111133,-31,-14,-6
1742099860.1461332,46,22,-16
1742099860.1821332,-15,-35,1
1742099860.218133,26,-45,-32
1742099860.253133,-37,2,-74
1742099860.289133,44,34,49
1742099860.3241332,64,-61,-32
1742099860.359133,-9,-51,-88
1742099860.394133,30,-5,17
1742099860.430133,-9,6,-140
1742099860.466133,-23,-23,-2
1742099860.501133,-25,50,-128
1742099860.537133,0,16,-62
1742099860.572133,-7,20,-22
1742099860.6071332,38,-21,-174
1742099860.642133,-39,-27,-38
1742099860.678133,-25,28,-98
1742099860.714133,-49,36,33
1742099860.749133,54,-7,-54
1742099860.7851331,-15,-21,-66
1742099860.820133,-19,80,-72
1742099860.855133,14,15,-86
1742099860.8901331,-31,29,-50
1742099860.9261332,-71,29,-34
1742099860.9621332,16,-44,-40
1742099860.997133,-77,21,-148
1742099861.033133,58,13,-70
1742099861.068133,54,137,1
1742099861.1031332,78,25,-116
1742099861.138133,2,9,5
1742099861.174133,58,-6,-26
1742099861.210133,90,-6,-54
1742099861.2451332,94,37,-2
1742099861.2811332,6,-18,-82
1742099861.316133,-13,11,-24
1742099861.351133,-3,5,-40
1742099861.3861332,74,9,-22
1742099861.422133,-71,-20,57
1742099861.458133,18,-34,-32
1742099861.493133,-21,29,-180
1742099861.529133,8,0,-66
1742099861.5641332,-15,-8,-28
1742099861.599133,92,2,-48
1742099861.634133,56,-43,-36
1742099861.670133,-17,-11,-162
1742099861.7061331,58,-61,-32
1742099861.741133,10,-1,-92
1742099861.777133,-21,-8,-140
1742099861.812133,-63,57,-76
1742099861.8471332,12,5,-24
1742099861.882133,-5,28,-122
1742099861.918133,36,-29,-130
1742099861.954133,-25,6,9
1742099861.9891331,10,34,-99
1742099862.0251331,4,-47,-37
1742099862.060133,6,-3,-19
1742099862.095133,-19,12,28
1742099862.1301332,36,-91,-79
1742099862.1661332,40,42,-79
1742099862.2021332,-51,2,-1
1742099862.237133,-23,54,-11
1742099862.273133,-43,-1,-101
1742099862.3081331,52,-65,-35
1742099862.343133,46,-28,-77
1742099862.378133,-37,-18,-47
1742099862.414133,20,-130,-85
1742099862.450133,12,45,26
1742099862.4851332,30,67,-83
1742099862.5211332,-43,51,-71
1742099862.556133,-19,33,-197
1742099862.591133,-11,53,-49
1742099862.626133,64,25,24
1742099862.662133,38,-8,-7
1742099862.698133,24,71,-113
1742099862.733133,-111,-92,18
1742099862.769133,-43,-28,-139
1742099862.8041332,24,-62,-41
1742099862.839133,-53,11,-13
1742099862.874133,-17,21,-123
1742099862.9101331,-35,-10,-19
1742099862.9461331,-31,81,-59
1742099862.981133,2,55,-93
1742099863.017133,70,-34,-145
1742099863.052133,12,-22,-23
1742099863.0871332,-37,71,-77
1742099863.122133,66,-20,-43
1742099863.158133,4,-2,-231
1742099863.194133,-21,-18,-57
1742099863.2291331,-47,41,-97
1742099863.2651331,-9,31,-13
1742099863.300133,40,-26,-25
1742099863.335133,-75,29,-135
1742099863.371133,-7,-28,-15
1742099863.4061332,-29,-48,40
1742099863.4421332,58,31,-7
1742099863.477133,-45,-18,-129
1742099863.513133,-27,43,14
1742099863.5481331,-9,-56,-3
1742099863.583133,10,23,-31
1742099863.619133,10,-50,-93
1742099863.654133,4,67,-115
1742099863.690133,9,1,10
1742099863.7251332,-36,35,-29
1742099863.7611332,11,13,-83
1742099863.796133,-56,-32,-49
1742099863.8311331,-12,43,66
1742099863.8671331,-37,23,-13
1742099863.902133,56,-36,6
1742099863.938133,-17,1,-17
1742099863.973133,-1,-34,-9
1742099864.009133,59,-16,-107
1742099864.0441332,59,5,-17
1742099864.079133,60,-2,-37
1742099864.115133,20,17,34
1742099864.1501331,-95,53,-83
1742099864.1861331,-74,41,-49
1742099864.221133,42,23,20
1742099864.257133,70,13,52
1742099864.292133,0,-20,10
1742099864.3271332,-35,-62,-99
1742099864.3631332,-71,-8,-43
1742099864.398133,32,-64,-73
1742099864.434133,0,-10,12
1742099864.4691331,22,1,-31
1742099864.5051332,-21,-8,-17
1742099864.540133,-41,13,-113
1742099864.575133,28,11,64
1742099864.611133,-77,27,-107
1742099864.6461332,-81,-10,-113
1742099864.6821332,-41,-22,-109
1742099864.717133,68,-4,-95
1742099864.753133,-63,-12,-61
1742099864.7881331,36,53,48
1742099864.823133,58,13,-93
1742099864.859133,30,37,0
1742099864.894133,42,33,-79
1742099864.930133,68,11,-113
1742099864.9651332,6,-16,8
1742099865.001133,20,-24,0
1742099865.036133,56,7,-23
1742099865.0711331,-75,-48,-77
1742099865.1071332,20,24,-41
1742099865.142133,12,26,46
1742099865.178133,-49,2,-7
1742099865.213133,8,-25,-217
1742099865.249133,-31,30,50
1742099865.2841332,-7,-3,-73
1742099865.319133,-13,4,-3
1742099865.355133,2,-55,-91
1742099865.3901331,38,34,22
1742099865.4261332,-71,10,-61
1742099865.461133,34,-27,-57
1742099865.497133,18,-11,-123
1742099865.533133,-11,-1,8
1742099865.568133,-55,36,-67
1742099865.6031332,-9,8,-13
1742099865.639133,70,22,-67
1742099865.675133,-15,-35,-63
1742099865.710133,-17,-19,-67
1742099865.746133,-13,-55,-69
1742099865.7811332,-15,-23,62
1742099865.816133,-25,10,-65
1742099865.851133,34,-33,-97
1742099865.8871331,-101,-47,-35
1742099865.9231331,8,-107,20
1742099865.958133,-1,36,-103
1742099865.994133,-21,66,-25
1742099866.029133,-65,28,-133
1742099866.0641332,14,-25,-69
1742099866.099133,-51,20,82
1742099866.135133,-11,-19,-103
1742099866.171133,14,70,-141
1742099866.2061331,68,-1,-45
1742099866.2421331,6,6,-103
1742099866.277133,-83,46,-19
1742099866.312133,-13,22,-27
1742099866.3471332,4,32,-35
1742099866.3831332,16,32,14
1742099866.4191332,-19,-37,-73
1742099866.454133,2,42,-83
1742099866.490133,-19,-87,-93
1742099866.5251331,-19,-63,-173
1742099866.560133,-7,-31,-59
1742099866.595133,-13,-57,78
1742099866.631133,-59,-97,-117
1742099866.667133,-111,-45,-83
1742099866.7021332,-7,-3,-51
1742099866.7381332,2,0,-15
1742099866.773133,-53,-5,-79
1742099866.8081331,0,56,-211
1742099866.843133,60,16,-29
1742099866.879133,30,12,6
1742099866.915133,74,34,-5
1742099866.950133,94,2,-61
1742099866.986133,-11,-15,-49
1742099867.0281332,-31,28,36
1742099867.0641332,-19,58,56
1742099867.099133,92,-43,-44
1742099867.135133,-5,-35,29
1742099867.171133,94,-13,-82
1742099867.2061331,26,-55,5
1742099867.2421331,18,-21,-116
1742099867.277133,-139,-25,89
1742099867.312133,-51,-7,-124
1742099867.3471332,-1,24,-44
1742099867.3831332,-79,-11,-130
1742099867.4191332,30,-3,-6
1742099867.454133,-43,30,-80
1742099867.490133,16,-17,-36
1742099867.5251331,22,-37,-70
1742099867.560133,92,24,-82
1742099867.595133,26,28,35
1742099867.631133,6,-43,-96
1742099867.667133,-19,22,-80
1742099867.7021332,-5,-25,-58
1742099867.7381332,46,-13,7
1742099867.773133,32,58,-60
1742099867.8081331,78,-9,-4
1742099867.843133,0,-7,105
1742099867.879133,-47,52,-144
1742099867.915133,-29,18,-142
1742099867.950133,-51,42,-52
1742099867.986133,66,2,7
1742099868.0211332,92,-33,53
1742099868.056133,-3,-51,-60
1742099868.091133,-31,-9,-34
1742099868.1271331,-39,4,-100
1742099868.1631331,82,-61,-72
1742099868.198133,26,-25,-168
1742099868.234133,24,-9,-58
1742099868.269133,-5,62,51
1742099868.3041332,-59,-49,85
1742099868.339133,-15,24,-128
1742099868.375133,44,-51,-146
1742099868.411133,68,26,-114
1742099868.4461331,-65,20,-86
1742099868.4821332,12,84,23
1742099868.517133,-67,-9,51
1742099868.552133,-41,58,0
1742099868.5871332,-43,-39,-58
1742099868.6231332,18,42,59
1742099868.6591332,22,-15,-96
1742099868.694133,-57,12,-160
1742099868.730133,-85,6,-88
1742099868.7651331,-13,-15,-4
1742099868.800133,-1,6,33
1742099868.835133,8,42,-38
1742099868.871133,58,-45,-8
1742099868.907133,-21,24,-62
1742099868.9421332,54,-57,-146
1742099868.9781332,-11,52,-174
1742099869.013133,132,-39,19
1742099869.0481331,-17,-25,-76
1742099869.083133,20,-11,-78
1742099869.119133,-35,0,-96
1742099869.155133,-13,24,-24
1742099869.190133,54,-11,-130
1742099869.226133,-43,-76,-32
1742099869.2611332,4,-16,77
1742099869.296133,-1,-32,-16
1742099869.3311331,-3,9,25
1742099869.3671331,-137,7,-42
1742099869.4031332,2,27,-68
1742099869.438133,-3,-50,5
1742099869.474133,6,37,-70
1742099869.509133,-71,-10,-26
1742099869.5441332,0,23,79
1742099869.579133,0,23,-42
1742099869.615133,4,7,19
1742099869.651133,-15,-14,3
1742099869.6861331,-59,-8,67
1742099869.7221332,-7,-4,-38
1742099869.757133,-29,-90,-76
1742099869.792133,36,-10,29
1742099869.828133,-31,-20,-62
1742099869.8631332,60,69,-64
1742099869.899133,50,41,-56
1742099869.934133,-35,29,-52
1742099869.970133,-1,-14,-58
1742099870.0051332,56,-2,-14
1742099870.040133,-5,13,0
1742099870.076133,-1,25,-242
1742099870.111133,0,95,-78
1742099870.147133,78,13,-6
1742099870.1821332,-13,5,-42
1742099870.218133,-3,-120,-134
1742099870.253133,0,-58,-58
1742099870.2881331,-3,27,-96
1742099870.3241332,-39,-92,-8
1742099870.359133,-15,46,-100
1742099870.395133,-45,16,-68
1742099870.430133,-17,-13,-134
1742099870.466133,72,4,-82
1742099870.501133,64,19,5
1742099870.536133,-9,43,5
1742099870.572133,10,-4,43
1742099870.6071332,-15,-7,9
1742099870.6431332,10,-41,-40
1742099870.678133,-69,-15,-44
1742099870.714133,20,-45,39
1742099870.749133,-39,-11,-104
1742099870.7841332,-9,32,-18
1742099870.820133,-27,4,-98
1742099870.855133,0,40,-68
1742099870.891133,-49,-13,75
1742099870.9261332,-73,16,-60
1742099870.9621332,-31,6,-16
1742099870.997133,-1,-51,-168
1742099871.032133,6,-45,-32
1742099871.068133,24,30,-16
1742099871.1031332,18,-69,-10
1742099871.139133,-51,-75,-47
1742099871.174133,-5,-25,-151
1742099871.210133,-51,-13,-227
1742099871.2451332,-17,-5,-9
1742099871.280133,48,-29,-39
1742099871.316133,34,-13,-61
1742099871.351133,-89,-35,-25
1742099871.3871331,-1,38,-27
1742099871.422133,40,18,-35
1742099871.458133,46,-5,-17
1742099871.493133,0,-13,74
1742099871.5281332,46,16,-41
1742099871.5641332,-33,-27,-61
1742099871.599133,-59,-17,-115
1742099871.635133,96,-29,8
1742099871.670133,30,20,4
1742099871.7061331,-67,42,2
1742099871.741133,-9,-43,-31
1742099871.776133,92,-23,-77
1742099871.812133,6,50,-5
1742099871.8471332,40,42,-39
1742099871.8831332,-23,-15,-57
1742099871.918133,16,46,2
1742099871.954133,-33,-29,30
1742099871.990133,60,26,20
1742099872.0251331,44,-11,-157
1742099872.060133,30,24,-23
1742099872.096133,-27,-1,0
1742099872.132133,-85,-43,20
1742099872.167133,-65,-29,-67
1742099872.203133,12,-79,-119
1742099872.2381332,-25,86,58
1742099872.273133,-75,-39,148
1742099872.3081331,-13,82,-17
1742099872.3441331,-55,18,-17
1742099872.3801332,-17,2,-47
1742099872.415133,36,54,34
1742099872.451133,42,14,-99
1742099872.486133,-27,-39,-119
1742099872.5211332,-31,-29,56
1742099872.556133,-9,-7,-77
1742099872.592133,58,74,-39
1742099872.628133,60,-59,-99
1742099872.6631331,10,-27,-47
1742099872.6991332,84,-27,50
1742099872.734133,-19,50,-111
1742099872.769133,48,-83,18
1742099872.8041332,-39,46,-77
1742099872.8401332,90,18,14
1742099872.876133,-17,44,-79
1742099872.911133,-11,16,30
1742099872.947133,24,44,-91
1742099872.9821332,114,20,-127
1742099873.017133,-43,18,10
1742099873.052133,-3,94,-53
1742099873.088133,-35,-21,-41
1742099873.124133,14,-33,-99
1742099873.1591332,12,-33,-193
1742099873.195133,-15,-55,-57
1742099873.230133,12,-5,26
1742099873.2651331,-17,6,-59
1742099873.300133,-9,62,-43
1742099873.336133,8,10,-75
1742099873.372133,-15,-5,-145
1742099873.407133,46,14,-171
1742099873.443133,-91,8,-51
1742099873.4781332,6,44,-121
1742099873.513133,-19,-39,-107
1742099873.5481331,-83,-37,-123
1742099873.5841331,-19,-33,-5
1742099873.6201332,-11,-65,-173
1742099873.655133,70,-37,-57
1742099873.691133,24,-71,-83
1742099873.726133,44,-27,-111
1742099873.7611332,0,-91,-93
1742099873.796133,16,-25,-167
1742099873.832133,56,-61,-15
1742099873.868133,-33,-41,-165
1742099873.9031332,-25,0,6
1742099873.9391332,-29,-7,-51
1742099873.974133,-61,-19,-15
1742099874.009133,146,8,-151
1742099874.0441332,8,-45,-139
1742099874.0801332,82,18,44
1742099874.116133,12,4,58
1742099874.151133,-21,24,-41
1742099874.187133,40,26,52
1742099874.2221332,58,30,-95
1742099874.257133,-39,-9,-81
1742099874.292133,0,66,-49
1742099874.328133,-49,84,-117
1742099874.3641331,-39,-39,-109
1742099874.399133,42,18,-43
1742099874.435133,-29,52,16
1742099874.470133,2,-89,-125
1742099874.5051332,-1,20,-87
1742099874.540133,-7,-39,-185
1742099874.576133,8,8,86
1742099874.612133,-39,-9,-25
1742099874.647133,-9,-19,-59
1742099874.6831331,-77,42,-61
1742099874.718133,40,-83,-129
1742099874.753133,-27,-29,24
1742099874.7881331,-65,50,54
1742099874.8241332,-19,50,52
1742099874.8601332,-57,6,-93
1742099874.895133,68,-35,-15
1742099874.931133,32,4,24
1742099874.966133,-53,30,-53
1742099875.001133,-19,2,12
1742099875.036133,54,-19,-29
1742099875.072133,56,16,-93
1742099875.108133,-11,-19,-131
1742099875.1431332,40,-59,-73
1742099875.1791332,-87,2,74
1742099875.214133,-9,36,-105
1742099875.249133,68,34,-115
1742099875.2841332,76,6,-113
1742099875.320133,-43,-15,-25
1742099875.356133,-5,-63,-111
1742099875.391133,-13,-31,-51
1742099875.427133,46,36,-11
1742099875.4621332,16,-43,-63
1742099875.497133,24,-35,-69
1742099875.532133,-21,72,-29
1742099875.568133,66,0,20
1742099875.6041331,50,52,92
1742099875.639133,74,-31,-61
1742099875.675133,14,70,-109
1742099875.710133,-41,-47,-183
1742099875.7451332,-35,-29,-2
1742099875.780133,44,-53,27
1742099875.816133,8,-35,-42
1742099875.852133,14,7,57
1742099875.8871331,-47,-8,-2
1742099875.9231331,66,61,-14
1742099875.958133,32,-4,47
1742099875.993133,-3,-4,-70
1742099876.0281332,30,-70,-140
1742099876.0641332,-71,21,-74
1742099876.1001332,10,-40,-46
1742099876.135133,40,-10,-144
1742099876.171133,-11,95,29
1742099876.2061331,26,0,13
1742099876.241133,100,51,-108
1742099876.277133,-49,23,-72
1742099876.312133,36,58,-46
1742099876.348133,-69,-3,-58
1742099876.3831332,-1,-60,-18
1742099876.4191332,-51,29,-126
1742099876.454133,-5,-12,47
1742099876.4891331,42,51,-112
1742099876.5251331,-85,21,-68
1742099876.560133,-35,-14,-120
1742099876.596133,4,-76,5
1742099876.631133,-33,-46,15
1742099876.667133,-63,81,-144
1742099876.7021332,26,-30,-194
1742099876.737133,24,53,-128
1742099876.773133,-55,-78,-72
1742099876.8081331,48,-22,-136
1742099876.8441331,76,-62,-78
1742099876.879133,20,13,-72
1742099876.915133,0,-26,-78
1742099876.950133,2,19,-64
1742099876.9851332,-17,-24,-40
1742099877.0211332,12,27,51
1742099877.063133,24,5,-50
1742099877.1001332,-27,39,-88
1742099877.135133,4,11,-76
1742099877.171133,20,-13,-18
1742099877.2061331,66,62,7
1742099877.241133,18,50,11
1742099877.277133,44,16,-44
1742099877.312133,36,6,-102
1742099877.348133,-57,-21,-78
1742099877.3831332,-83,-3,-128
1742099877.4191332,28,18,-20
1742099877.454133,-23,30,43
1742099877.4891331,24,42,-56
1742099877.5251331,0,34,45
1742099877.560133,16,2,35
1742099877.596133,26,-55,-146
1742099877.631133,28,44,-266
1742099877.667133,48,-43,-8
1742099877.7021332,-95,-21,75
1742099877.737133,58,26,-18
1742099877.773133,54,-35,-34
1742099877.8081331,-23,-97,-98
1742099877.8441331,10,84,3
1742099877.879133,32,16,-34
1742099877.915133,-1,92,3
1742099877.950133,50,-47,-30
1742099877.9851332,-12,6,9
1742099878.0211332,73,22,-44
1742099878.056133,-14,24,-42
1742099878.092133,-91,8,-92
1742099878.1271331,7,16,-38
1742099878.1631331,71,24,-10
1742099878.198133,9,12,-54
1742099878.233133,66,20,-156
1742099878.269133,-34,18,71
1742099878.3041332,31,-3,-40
1742099878.3401332,-65,6,-2
1742099878.375133,-19,20,-60
1742099878.411133,34,-21,-120
1742099878.447133,10,-2,-16
1742099878.483133,-21,6,47
1742099878.519133,64,-85,5
1742099878.5541332,68,-117,13
1742099878.589133,-13,-31,7
1742099878.625133,-33,-29,-12
1742099878.661133,4,20,-6
1742099878.6961331,52,10,-122
1742099878.7321332,34,-5,-184
1742099878.767133,44,2,1
1742099878.802133,26,4,-78
1742099878.8371332,-3,-17,41
1742099878.8731332,54,-121,-64
1742099878.9091332,-51,-15,-78
1742099878.944133,-43,12,-130
1742099878.980133,-35,-7,-20
1742099879.0151331,-3,35,-124
1742099879.050133,-73,27,-18
1742099879.085133,70,-20,5
1742099879.121133,14,11,-60
1742099879.157133,32,-134,-22
1742099879.1921332,10,31,11
1742099879.2281332,61,-30,-8
1742099879.263133,30,-61,41
1742099879.2981331,32,-15,-58
1742099879.333133,14,2,-104
1742099879.369133,22,-31,-38
1742099879.405133,26,-67,-104
1742099879.440133,68,64,-166
1742099879.476133,46,38,-8
1742099879.5111332,10,-1,15
1742099879.546133,84,-17,-78
1742099879.5811331,-45,-33,27
1742099879.6171331,-45,36,-2
1742099879.6531332,-9,18,-4
1742099879.688133,32,62,-6
1742099879.724133,22,64,63
1742099879.759133,26,64,-4
1742099879.7941332,6,28,-66
1742099879.829133,-3,-79,-134
1742099879.865133,50,46,-66
1742099879.901133,47,-19,-28
1742099879.9361331,57,30,-48
1742099879.9721332,-11,-35,-118
1742099880.007133,-57,24,-32
1742099880.042133,-126,-17,-142
1742099880.0771332,1,-17,-14
1742099880.1131332,-52,-23,-72
1742099880.149133,-66,2,-58
1742099880.184133,15,-5,-122
1742099880.220133,9,-43,47
1742099880.2551332,99,-25,67
1742099880.290133,69,40,-108
1742099880.325133,11,-13,-26
1742099880.361133,81,-33,89
1742099880.397133,-16,14,-88
1742099880.4321332,75,-7,75
1742099880.468133,-10,-15,-82
1742099880.503133,-118,-27,41
1742099880.5381331,-38,-33,17
1742099880.573133,9,-49,-34
1742099880.609133,-34,-13,-32
1742099880.645133,-86,54,27
1742099880.680133,-38,-1,-26
1742099880.716133,-36,12,-66
1742099880.751133,37,22,75
1742099880.786133,-12,-47,-198
1742099880.8211331,55,-3,-60
1742099880.8571332,57,-9,-92
1742099880.8931332,-20,-69,-36
1742099880.928133,65,88,81
1742099880.964133,-66,16,-68
1742099880.999133,-26,29,-122
1742099881.0341332,-18,35,-68
1742099881.069133,-24,-25,-56
1742099881.105133,-58,14,-86
1742099881.141133,7,10,41
1742099881.1761332,-60,-5,-30
1742099881.2121332,-2,-9,-112
1742099881.247133,-72,-63,-60
1742099881.282133,10,-39,-78
1742099881.3171332,-6,-83,-204
1742099881.3531332,23,-11,-48
1742099881.389133,3,-51,67
1742099881.424133,-24,62,-90
1742099881.460133,39,-21,-66
1742099881.4951332,-51,6,-146
1742099881.530133,-17,4,89
1742099881.565133,-47,38,-58
1742099881.601133,4,-31,-30
1742099881.6371331,-41,-7,-56
1742099881.672133,-29,30,-86
1742099881.708133,58,12,35
1742099881.743133,-19,-25,77
1742099881.7781332,-3,-41,-42
1742099881.8141332,0,18,-78
1742099881.8501332,-45,30,-120
1742099881.885133,54,16,-102
1742099881.921133,18,-13,15
1742099881.957133,-9,-2,45
1742099881.9921331,20,-8,-64
1742099882.0281332,38,45,-86
1742099882.063133,26,35,-66
1742099882.098133,40,-16,-44
1742099882.1331332,20,-24,9
1742099882.1691332,14,57,-100
1742099882.2051332,60,0,-46
1742099882.240133,-25,23,21
1742099882.276133,-43,13,33
1742099882.3111331,94,-42,9
1742099882.346133,42,1,-101
1742099882.381133,50,-54,89
1742099882.417133,-21,0,-74
1742099882.453133,-99,-56,-115
1742099882.4881332,-9,80,-140
1742099882.524133,-105,5,-16
1742099882.559133,-23,35,8
1742099882.5941331,90,-58,-59
1742099882.6301332,50,-72,-69
1742099882.665133,88,-30,-5
1742099882.701133,-107,-42,-21
1742099882.736133,8,31,-79
1742099882.772133,17,49,24
1742099882.8071332,-16,1,-79
1742099882.842133,-30,-12,-215
1742099882.878133,-40,49,-51
1742099882.9131331,-6,-28,-111
1742099882.9491332,-118,71,-27
1742099882.984133,35,-32,-29
1742099883.020133,13,5,-81
1742099883.055133,15,75,-105
1742099883.0901332,13,29,-121
1742099883.126133,-56,47,-65
1742099883.161133,81,31,-111
1742099883.197133,-16,7,-13
1742099883.2321332,21,13,-41
1742099883.2681332,37,63,12
1742099883.303133,11,-14,6
1742099883.338133,21,-22,16
1742099883.374133,-18,-52,6
1742099883.4091332,-58,-50,-83
1742099883.445133,-2,-18,-69
1742099883.480133,-8,31,-57
1742099883.516133,-19,-2,-55
1742099883.5511332,-19,45,-101
1742099883.586133,16,-50,-159
1742099883.622133,16,-28,-95
1742099883.657133,18,-40,-17
1742099883.693133,-41,-36,110
1742099883.7281332,48,-8,-103
1742099883.764133,-37,-74,-33
1742099883.799133,-21,15,-73
1742099883.8341331,26,-22,-15
1742099883.8701332,88,-54,42
1742099883.905133,2,-30,120
1742099883.941133,90,9,4
1742099883.976133,26,-76,-83
1742099884.0121331,51,15,-65
1742099884.047133,-24,-54,-31
1742099884.082133,-56,-36,-15
1742099884.118133,28,-36,-149
1742099884.1531332,-33,-24,-147
1742099884.1891332,-42,73,64
1742099884.224133,0,15,-175
1742099884.260133,-47,23,-109
1742099884.295133,-5,23,-153
1742099884.3301332,44,-16,-147
1742099884.366133,-71,13,-23
1742099884.401133,56,19,-89
1742099884.437133,-16,-10,-37
1742099884.4721332,59,11,-27
1742099884.5081332,41,43,76
1742099884.543133,-60,31,-113
1742099884.578133,90,63,6
1742099884.6141331,-5,-20,-71
1742099884.649133,-70,1,-31
1742099884.685133,-3,-14,-32
1742099884.720133,58,-14,-114
1742099884.756133,-23,5,-96
1742099884.7911332,-29,13,-142
1742099884.826133,-15,27,-80
1742099884.862133,16,5,-60
1742099884.897133,30,-2,57
1742099884.9331331,-5,-16,-62
1742099884.968133,38,75,37
1742099885.003133,24,7,-30
1742099885.0381331,-67,-20,-122
1742099885.0741332,6,-20,-16
1742099885.1101332,-17,-64,59
1742099885.145133,-33,97,-44
1742099885.181133,-31,-4,-38
1742099885.216133,26,39,-88
1742099885.251133,-9,-20,-102
1742099885.286133,-53,45,-48
1742099885.322133,34,29,-78
1742099885.358133,-69,-32,23
1742099885.3931332,-65,113,-52
1742099885.4291332,-9,5,-234
1742099885.464133,2,3,-50
1742099885.499133,52,7,-112
1742099885.5341332,12,-76,31
1742099885.570133,0,63,-6
1742099885.606133,-35,-12,-70
1742099885.641133,-23,29,-62
1742099885.677133,8,-8,37
1742099885.7121332,-45,25,27
1742099885.747133,22,55,-68
1742099885.782133,-13,17,-80
1742099885.818133,-103,-34,23
1742099885.8541331,-81,-8,47
1742099885.889133,24,-8,-160
1742099885.925133,-5,7,-76
1742099885.960133,-65,39,11
1742099885.9951332,42,-26,-28
1742099886.030133,14,51,47
1742099886.066133,-65,-10,-6
1742099886.102133,18,-4,-38
1742099886.1371331,74,9,-94
1742099886.1731331,-21,-50,-122
1742099886.208133,30,-8,23
1742099886.243133,84,3,-130
1742099886.2781332,12,17,-74
1742099886.3141332,10,31,-18
1742099886.3501332,-71,45,11
1742099886.385133,-81,23,81
1742099886.421133,10,51,-44
1742099886.4561331,56,-6,-66
1742099886.491133,0,-10,-36
1742099886.526133,-5,51,49
1742099886.562133,-41,-6,-170
1742099886.598133,-56,-6,-44
1742099886.6331332,-109,62,-22
1742099886.6691332,4,-83,0
1742099886.704133,-37,-73,-42
1742099886.7391331,-83,8,-18
1742099886.774133,18,0,-38
1742099886.810133,-21,28,-6
1742099886.846133,-15,68,-30
1742099886.881133,52,-11,-106
1742099886.917133,38,-27,-240
1742099886.9521332,-23,2,-44
1742099886.987133,48,20,-74
1742099887.022133,-11,-13,-24
1742099887.0641332,-39,-43,6
1742099887.101133,0,-29,16
1742099887.1361332,-1,-71,-9
1742099887.171133,10,26,-13
1742099887.2061331,-63,49,-33
1742099887.2421331,-41,49,-65
1742099887.2781332,26,-2,-1
1742099887.313133,-13,-70,-71
1742099887.349133,-109,-36,-17
1742099887.384133,-19,-46,-5
1742099887.4191332,42,-24,46
1742099887.454133,-71,7,54
1742099887.490133,-67,-8,40
1742099887.526133,8,-74,-1
1742099887.5611331,-1,-36,60
1742099887.5971332,-57,-47,-97
1742099887.632133,-9,34,-45
1742099887.667133,-49,20,-63
1742099887.7021332,22,78,-53
1742099887.7381332,8,-27,-117
1742099887.774133,40,-7,-57
1742099887.809133,84,-77,-93
1742099887.845133,-11,-65,-81
1742099887.8801332,20,-21,-137
1742099887.915133,-45,-17,-11
1742099887.950133,2,44,-91
1742099887.986133,-5,-45,-17
1742099888.022133,6,40,-49
1742099888.0571332,42,34,-53
1742099888.093133,18,-25,118
1742099888.128133,-47,60,-157
1742099888.1631331,42,-55,12
1742099888.198133,56,8,-61
1742099888.234133,-3,10,-41
1742099888.270133,50,2,-69
1742099888.305133,56,-21,-135
1742099888.341133,10,22,-129
1742099888.376133,-63,8,-15
1742099888.411133,-13,-19,-139
1742099888.4461331,62,36,26
1742099888.4821332,6,46,-117
1742099888.5181332,-27,-21,-19
1742099888.553133,-19,-5,-89
1742099888.589133,-47,-29,-97
1742099888.624133,-21,18,46
1742099888.6591332,-23,8,26
1742099888.694133,12,-25,24
1742099888.730133,36,-1,26
1742099888.766133,20,2,60
1742099888.8011332,-17,-55,-39
1742099888.8371332,-21,56,-85
1742099888.872133,-85,22,84
1742099888.907133,12,12,-49
1742099888.9421332,-29,-35,-67
1742099888.9781332,-13,16,-51
1742099889.014133,108,-21,-55
1742099889.049133,-27,-17,-101
1742099889.085133,-9,70,-56
1742099889.1201332,68,22,-21
1742099889.155133,40,86,-71
1742099889.191133,34,-1,-49
1742099889.226133,-9,-39,-121
1742099889.2621331,-23,-13,58
1742099889.297133,16,38,8
1742099889.333133,36,-23,-159
1742099889.368133,-65,-1,-71
1742099889.4031332,-35,-43,-23
1742099889.4391332,-57,72,-37
1742099889.474133,-17,20,-137
1742099889.510133,-11,22,-13
1742099889.545133,-23,-61,-51
1742099889.5811331,-65,-33,-119
1742099889.616133,-43,-21,30
1742099889.651133,-1,10,-115
1742099889.687133,6,-21,-103
1742099889.7221332,-13,-23,-53
1742099889.7581332,-17,36,-213
1742099889.793133,-43,-67,-55
1742099889.829133,-43,-51,-67
1742099889.8641331,-5,28,-31
1742099889.899133,4,22,-41
1742099889.935133,4,-33,-143
1742099889.970133,-21,18,-45
1742099890.006133,-21,-63,-19
1742099890.0411332,16,2,52
1742099890.0771332,-35,42,-35
1742099890.112133,-35,10,-57
1742099890.147133,-5,-15,-53
1742099890.1831331,134,-5,-201
1742099890.218133,4,96,142
1742099890.254133,-5,-11,36
1742099890.289133,78,-1,-101
1742099890.325133,30,-15,-79
1742099890.3601332,-62,-23,-29
1742099890.395133,-60,-59,-71
1742099890.431133,31,42,-25
1742099890.466133,16,-9,-93
1742099890.5021331,5,-15,-79
1742099890.537133,16,38,26
1742099890.573133,-21,-85,-113
1742099890.608133,-27,-43,-36
1742099890.6431332,-3,-85,-84
1742099890.6791332,52,8,-60
1742099890.714133,-9,56,83
1742099890.750133,-63,-90,-60
1742099890.7851331,-23,8,-92
1742099890.8211331,-39,-40,-32
1742099890.856133,14,35,83
1742099890.891133,-5,27,-6
1742099890.927133,40,63,-100
1742099890.9621332,-23,25,11
1742099890.9981332,-51,-20,-104
1742099891.033133,-35,-13,-22
1742099891.069133,0,0,37
1742099891.1041331,-23,21,-42
1742099891.139133,20,41,-120
1742099891.175133,46,-66,-202
1742099891.210133,82,17,-58
1742099891.246133,20,-64,-98
1742099891.2811332,44,61,-8
1742099891.3171332,-57,45,-100
1742099891.3531332,40,-6,-26
1742099891.389133,14,-50,-102
1742099891.425133,34,43,-6
1742099891.460133,-73,-2,25
1742099891.4951332,2,21,-128
1742099891.5311332,-1,-78,-32
1742099891.5671332,-3,3,-76
1742099891.602133,10,-28,11
1742099891.638133,64,25,0
1742099891.6731331,38,19,-66
1742099891.708133,4,-20,-56
1742099891.743133,-47,-23,69
1742099891.779133,-53,-17,47
1742099891.815133,-17,-5,-164
1742099891.8501332,18,30,-166
1742099891.8861332,8,6,39
1742099891.921133,2,-1,-18
1742099891.9561331,-91,-17,-26
1742099891.991133,-95,52,21
1742099892.027133,-39,-9,-218
1742099892.063133,34,56,-90
1742099892.098133,-67,-25,-146
1742099892.134133,-59,-7,-10
1742099892.1691332,-7,46,-44
1742099892.204133,34,56,-72
1742099892.2391331,-33,78,45
1742099892.2751331,-43,-65,17
1742099892.3111331,-33,-3,-116
1742099892.346133,-3,-1,-90
1742099892.382133,50,52,-12
1742099892.417133,16,-29,-124
1742099892.4521332,74,24,-174
1742099892.487133,34,-49,-22
1742099892.523133,-95,72,-40
1742099892.559133,40,62,-40
1742099892.5941331,10,-15,47
1742099892.6301332,20,-65,0
1742099892.665133,-1,22,-124
1742099892.700133,76,-67,-64
1742099892.7351332,-25,-35,-26
1742099892.7711332,-7,4,-124
1742099892.8071332,4,22,-92
1742099892.842133,16,-49,-90
1742099892.878133,68,6,3
1742099892.9131331,-19,38,-54
1742099892.948133,50,-33,-108
1742099892.983133,44,-21,-36
1742099893.019133,-35,-49,-62
1742099893.055133,-55,4,-8
1742099893.0901332,84,88,-60
1742099893.126133,44,-31,-18
1742099893.161133,30,7,-98
1742099893.1961331,22,-36,-6
1742099893.231133,-11,77,17
1742099893.267133,86,7,-144
1742099893.303133,-29,-6,-48
1742099893.338133,30,-12,-54
1742099893.374133,-5,21,-74
1742099893.4091332,40,-54,-90
1742099893.444133,-23,-10,41
1742099893.4791331,-35,0,-64
1742099893.5151331,24,-73,19
1742099893.5511332,-95,-47,-100
1742099893.586133,-37,-39,-84
1742099893.622133,-13,-81,-108
1742099893.657133,46,-23,75
1742099893.6921332,-59,62,-78
1742099893.727133,62,-41,-92
1742099893.763133,-19,-32,-174
1742099893.799133,-127,1,-138
1742099893.8341331,24,17,-96
1742099893.8701332,-31,-32,-36
1742099893.905133,-5,-5,-118
1742099893.940133,28,10,7
1742099893.9751332,18,-7,-92
1742099894.0111332,46,-47,-56
1742099894.047133,-49,-6,-90
1742099894.082133,18,10,-162
1742099894.118133,8,9,-88
1742099894.1531332,-65,47,-66
1742099894.188133,78,41,-38
1742099894.223133,34,27,-6
1742099894.259133,20,37,63
1742099894.295133,-35,-16,-144
1742099894.3301332,50,-32,-102
1742099894.366133,78,-60,-106
1742099894.401133,56,-24,39
1742099894.4361331,-17,-4,-48
1742099894.471133,14,31,41
1742099894.507133,2,15,-106
1742099894.543133,-125,85,-32
1742099894.578133,-55,-4,-30
1742099894.6141331,12,45,-80
1742099894.649133,-31,-30,51
1742099894.684133,-7,5,-72
1742099894.7191331,-29,-44,65
1742099894.7551332,-63,35,-6
1742099894.7911332,-63,22,12
1742099894.826133,-1,-55,-87
1742099894.862133,-79,-49,-121
1742099894.897133,-25,-41,-53
1742099894.9321332,-29,-41,22
1742099894.967133,34,6,-119
1742099895.003133,-17,-15,-17
1742099895.039133,-37,-47,28
1742099895.0741332,4,-37,-149
1742099895.1101332,104,32,-135
1742099895.145133,2,82,-99
1742099895.180133,78,-11,20
1742099895.2151332,-1,24,36
1742099895.251133,-41,-3,20
1742099895.287133,14,-1,-51
1742099895.322133,64,-51,-127
1742099895.358133,6,2,-13
1742099895.3931332,26,30,-31
1742099895.428133,2,-55,-81
1742099895.464133,58,-13,-91
1742099895.499133,28,29,0
1742099895.5351331,16,39,50
1742099895.570133,58,1,50
1742099895.606133,-41,1,8
1742099895.641133,-11,-18,-89
1742099895.6761332,-7,-11,-117
1742099895.7121332,-9,-9,-9
1742099895.747133,-17,-62,24
1742099895.783133,-47,25,-45
1742099895.818133,0,-16,48
1742099895.8541331,12,-20,-15
1742099895.889133,42,-8,-29
1742099895.924133,6,32,-65
1742099895.960133,-31,-11,-67
1742099895.9951332,-31,6,-125
1742099896.0311332,-15,-23,10
1742099896.066133,14,-8,-69
1742099896.102133,92,43,-53
1742099896.1371331,-81,-12,-67
1742099896.172133,130,-15,22
1742099896.208133,-61,12,16
1742099896.243133,-7,68,60
1742099896.279133,-43,4,-85
1742099896.3141332,-23,64,78
1742099896.3501332,-15,-15,-13
1742099896.385133,-25,-15,-119
1742099896.420133,-1,54,-31
1742099896.4561331,-23,4,-87
1742099896.491133,40,-53,64
1742099896.527133,-27,10,-35
1742099896.562133,-49,24,-119
1742099896.598133,8,2,-89
1742099896.6331332,-51,-5,-25
1742099896.668133,-16,-47,-67
1742099896.704133,5,-9,-93
1742099896.7391331,23,30,26
1742099896.7751331,-42,58,-195
1742099896.810133,20,-71,-169
1742099896.846133,-47,-21,-103
1742099896.881133,-23,-51,-6
1742099896.9161332,6,54,-75
1742099896.9521332,2,67,-67
1742099896.987133,22,22,-55
1742099897.023133,-79,3,25
1742099897.065133,-53,-35,-74
1742099897.102133,2,12,-132
1742099897.1371331,12,-7,-54
1742099897.172133,-81,14,9
1742099897.208133,22,-63,-40
1742099897.243133,14,50,-46
1742099897.279133,82,0,-64
1742099897.3141332,-27,-25,-84
1742099897.349133,-9,-11,-74
1742099897.384133,-3,20,95
1742099897.420133,-15,-47,-54
1742099897.4561331,-61,-23,-126
1742099897.491133,22,-21,-72
1742099897.527133,-59,42,-54
1742099897.562133,6,-5,-50
1742099897.598133,-7,6,47
1742099897.6331332,82,2,11
1742099897.668133,72,32,-46
1742099897.704133,36,0,45
1742099897.7391331,4,59,-52
1742099897.7751331,-49,-34,-126
1742099897.810133,-19,21,53
1742099897.846133,-95,-48,-58
1742099897.882133,14,-58,3
1742099897.917133,24,40,-8
1742099897.9521332,120,13,-74
1742099897.9881332,10,3,-70
1742099898.024133,-23,5,-150
1742099898.059133,-25,13,-50
1742099898.095133,-35,-42,-52
1742099898.1301332,-9,-102,-136
1742099898.165133,-97,-66,51
1742099898.200133,2,29,-26
1742099898.236133,-65,-50,-32
1742099898.272133,46,-73,-50
1742099898.3071332,-19,-1,-20
1742099898.343133,8,-35,-60
1742099898.378133,-29,10,-120
1742099898.4131331,44,-25,-66
1742099898.448133,-69,36,111
1742099898.484133,-57,16,57
1742099898.520133,6,-85,-128
1742099898.555133,-7,-47,-82
1742099898.591133,34,-31,-52
1742099898.626133,-5,58,85
1742099898.661133,-35,52,-98
1742099898.6961331,56,-77,-138
1742099898.7321332,4,38,-122
1742099898.7681332,26,-99,71
1742099898.803133,44,24,-42
1742099898.839133,-67,-23,11
1742099898.874133,6,2,-132
1742099898.9091332,-63,-5,-110
1742099898.944133,-113,-9,-24
1742099898.980133,22,38,-186
1742099899.016133,56,-51,-50
1742099899.0511332,114,28,-70
1742099899.0871332,46,-45,-58
1742099899.122133,-51,30,7
1742099899.157133,-35,4,-56
1742099899.1921332,-35,-47,-64
1742099899.2281332,-95,-31,-42
1742099899.264133,-49,-39,-22
1742099899.299133,-25,24,-20
1742099899.335133,-81,-16,0
1742099899.3701332,62,62,-64
1742099899.405133,-25,-12,-34
1742099899.440133,0,-39,-166
1742099899.476133,40,-76,13
1742099899.5121331,52,-8,-12
1742099899.547133,-75,-76,-122
1742099899.583133,4,-10,-46
1742099899.618133,6,-4,-86
1742099899.6531332,24,-6,-34
1742099899.688133,8,-16,7
1742099899.724133,-47,-52,-8
1742099899.760133,-25,9,-112
1742099899.795133,-95,3,-2
1742099899.8311331,-17,-40,-78
1742099899.866133,-57,27,-52
1742099899.901133,86,-44,-24
1742099899.9361331,50,-10,-34
1742099899.9721332,-51,-38,-54
1742099900.0081332,30,-46,-152
1742099900.043133,-27,39,-36
1742099900.079133,28,9,11
1742099900.1141331,-61,65,-100
1742099900.149133,-27,-22,43
1742099900.184133,-5,-34,-90
1742099900.220133,44,67,-130
1742099900.256133,90,-54,-24
1742099900.2911332,54,-22,-80
1742099900.3271332,34,-8,-48
1742099900.362133,-45,-8,-70
1742099900.397133,4,-49,-32
1742099900.4321332,56,-30,-20
1742099900.468133,-49,1,-24
1742099900.504133,-11,-5,-82
1742099900.539133,-9,74,-36
1742099900.575133,76,0,-62
1742099900.6101332,-11,-21,-76
1742099900.645133,40,-23,-72
1742099900.680133,-7,-17,21
1742099900.716133,32,-7,-70
1742099900.7521331,42,-66,-96
1742099900.787133,-7,-6,37
1742099900.823133,84,-6,-124
1742099900.858133,-1,0,-98
1742099900.8931332,-43,97,7
1742099900.928133,4,-36,-100
1742099900.964133,26,-28,-136
1742099901.000133,40,7,-4
1742099901.0351331,-47,-20,0
1742099901.0711331,-41,13,-80
1742099901.106133,62,21,-16
1742099901.141133,-3,36,-100
1742099901.1761332,-57,32,-158
1742099901.2121332,20,-43,-96
1742099901.2481332,34,10,-50
1742099901.283133,48,47,-56
1742099901.319133,-15,6,7
1742099901.3541331,-35,-61,-168
1742099901.389133,66,-43,-84
1742099901.424133,-10,-19,-58
1742099901.460133,67,-29,-152
1742099901.496133,41,-17,-2
1742099901.5311332,53,-29,-16
1742099901.5671332,-15,28,-120
1742099901.602133,3,-5,11
1742099901.6371331,23,10,41
1742099901.672133,-14,36,29
1742099901.708133,-48,-31,-24
1742099901.744133,-6,64,-152
1742099901.779133,13,-27,-100
1742099901.815133,110,-11,81
1742099901.8501332,12,18,-8
1742099901.885133,32,28,-58
1742099901.921133,-57,-65,-42
1742099901.9561331,-83,4,-10
1742099901.9921331,-21,4,-110
1742099902.027133,-31,-73,-154
1742099902.063133,-23,48,-16
1742099902.098133,-53,26,-44
1742099902.1331332,-67,66,-154
1742099902.1691332,-21,-9,-116
1742099902.204133,-11,-105,-130
1742099902.240133,36,-19,59
1742099902.2751331,-45,-7,-18
1742099902.3111331,68,8,11
1742099902.346133,-9,-45,99
1742099902.381133,26,40,-96
1742099902.417133,-31,-9,-14
1742099902.4521332,-51,-27,55
1742099902.4881332,-19,26,-290
1742099902.523133,54,-4,-142
1742099902.559133,-47,21,-88
1742099902.5941331,-45,33,-44
1742099902.629133,-17,-12,29
1742099902.665133,54,-3,-98
1742099902.700133,54,5,31
1742099902.736133,8,4,85
1742099902.7711332,20,-11,-116
1742099902.8071332,-25,-85,-102
1742099902.842133,16,-81,-62
1742099902.8771331,42,-33,-34
1742099902.9131331,70,-43,-34
1742099902.948133,-7,12,-154
1742099902.984133,48,-15,-140
1742099903.019133,22,-1,-62
1742099903.055133,-19,10,-128
1742099903.0901332,-35,-41,-26
1742099903.125133,26,8,85
1742099903.161133,-45,2,-10
1742099903.1961331,44,-32,-70
1742099903.2321332,42,0,-102
1742099903.267133,32,34,-90
1742099903.303133,-69,71,-94
1742099903.338133,-59,40,-102
1742099903.3731332,-29,20,-136
1742099903.4091332,-47,26,-30
1742099903.444133,-29,-61,-136
1742099903.480133,54,-71,-62
1742099903.5151331,8,-65,65
1742099903.5511332,-49,2,-46
1742099903.586133,-41,-11,-96
1742099903.621133,-13,-16,-58
1742099903.657133,30,-56,-38
1742099903.6921332,-43,29,-10
1742099903.7281332,-53,-6,-98
1742099903.763133,54,-54,-92
1742099903.799133,-81,43,-26
1742099903.8341331,68,-36,-100
1742099903.869133,-91,-8,-56
1742099903.905133,26,65,-38
1742099903.940133,32,13,31
1742099903.976133,-69,3,37
1742099904.0111332,-9,-1,-152
1742099904.047133,0,-1,-88
1742099904.082133,6,4,15
1742099904.1171331,-23,42,-124
1742099904.1531332,-13,26,-60
1742099904.188133,16,12,67
1742099904.224133,-23,-11,-98
1742099904.259133,20,-45,-88
1742099904.295133,56,-59,113
1742099904.3311331,-21,-9,77
1742099904.366133,72,-29,-76
1742099904.401133,-21,68,-106
1742099904.437133,14,-39,-38
1742099904.473133,-41,-29,-70
1742099904.5081332,16,-49,-112
1742099904.5441332,62,66,1
1742099904.579133,-1,-11,-114
1742099904.6141331,60,-55,-30
1742099904.649133,-7,62,-72
1742099904.685133,-27,6,-56
1742099904.721133,-63,28,-72
1742099904.756133,-17,-43,23
1742099904.792133,-27,26,25
1742099904.8271332,-53,-33,-32
1742099904.862133,58,-17,-134
1742099904.897133,72,-11,-68
1742099904.9331331,8,-47,-110
1742099904.9691331,-25,-15,-54
1742099905.004133,46,-9,-12
1742099905.040133,-1,-1,-80
1742099905.075133,-69,-31,-122
1742099905.1101332,20,0,-66
1742099905.145133,80,-59,-110
1742099905.181133,4,28,11
1742099905.217133,14,-61,55
1742099905.2521331,2,-7,-28
1742099905.2881331,-19,68,57
1742099905.323133,12,30,103
1742099905.358133,-23,-53,9
1742099905.3931332,16,-9,-16
1742099905.4291332,-51,-15,-122
1742099905.4651332,34,54,-160
1742099905.500133,-17,-5,-68
1742099905.536133,-21,-31,-146
1742099905.5711331,-27,-39,-14
1742099905.606133,14,-9,-124
1742099905.641133,-65,-47,-136
1742099905.677133,-9,-29,15
1742099905.713133,12,12,49
1742099905.7481332,-11,-17,7
1742099905.7841332,40,20,3
1742099905.819133,-11,18,-46
1742099905.8541331,-17,0,-18
1742099905.889133,8,-47,-2
1742099905.925133,8,2,-206
1742099905.961133,-31,2,-142
1742099905.996133,20,22,17
1742099906.032133,82,-40,5
1742099906.0671332,-59,-24,-58
1742099906.102133,8,99,-120
1742099906.1371331,-57,7,-146
1742099906.1731331,20,43,5
1742099906.2091331,-119,39,-66
1742099906.244133,-7,9,-90
1742099906.280133,22,-2,11
1742099906.315133,-67,33,-92
1742099906.3501332,-25,-36,3
1742099906.385133,-103,-112,25
1742099906.421133,2,-90,-104
1742099906.457133,44,-70,77
1742099906.4921331,90,-4,13
1742099906.5281332,-57,-60,-148
1742099906.563133,-57,27,-102
1742099906.598133,10,-27,-14
1742099906.6331332,-5,24,-116
1742099906.6691332,20,28,-56
1742099906.7051332,-65,-103,-74
1742099906.740133,60,34,-74
1742099906.776133,-33,-1,-96
1742099906.8111331,-57,-17,11
1742099906.846133,-31,-65,19
1742099906.881133,-13,36,-46
1742099906.917133,28,18,15
1742099906.953133,-9,30,-126
1742099906.9881332,76,-55,-88
1742099907.024133,-33,112,-22
1742099907.066133,-1,23,-120
1742099907.102133,-31,-6,-90
1742099907.1371331,-29,-90,-92
1742099907.1731331,-9,9,-72
1742099907.2091331,-95,32,-84
1742099907.244133,4,-37,-42
1742099907.280133,-47,-23,-94
1742099907.315133,-13,-53,-70
1742099907.3501332,-3,-63,83
1742099907.385133,26,-95,7
1742099907.421133,-15,-49,0
1742099907.457133,-1,-41,-54
1742099907.4921331,-69,-15,5
1742099907.5281332,10,-33,-176
1742099907.563133,22,-37,15
1742099907.598133,74,29,-68
1742099907.6331332,-1,39,-86
1742099907.6691332,-13,-18,-64
1742099907.7051332,138,-14,-22
1742099907.740133,-1,-64,-28
1742099907.776133,52,91,-87
1742099907.8111331,-37,-4,-20
1742099907.846133,-11,49,-34
1742099907.881133,40,-6,-96
1742099907.917133,30,-10,-66
1742099907.953133,-55,57,-158
1742099907.9881332,-33,-10,-5
1742099908.024133,14,13,-55
1742099908.059133,-5,-50,8
1742099908.0941331,12,-8,20
1742099908.129133,-21,25,54
1742099908.165133,52,41,-4
1742099908.201133,54,-34,-32
1742099908.236133,-53,-70,13
1742099908.272133,-27,-34,-67
1742099908.3071332,32,-42,-131
1742099908.342133,20,-60,-61
1742099908.3771331,-1,1,-79
1742099908.4131331,60,1,-43
1742099908.4491332,-21,15,88
1742099908.484133,-79,-20,22
1742099908.520133,-3,-40,2
1742099908.555133,-67,39,-119
1742099908.5901332,-10,-6,-155
1742099908.626133,-1,53,-41
1742099908.661133,46,31,6
1742099908.697133,8,-8,-113
1742099908.7321332,-49,-34,-103
1742099908.7681332,-5,5,-47
1742099908.803133,22,0,-5
1742099908.838133,14,0,-109
1742099908.874133,80,29,14
1742099908.9091332,-31,1,-117
1742099908.945133,82,-10,16
1742099908.980133,-65,61,-85
1742099909.016133,-47,-60,-33
1742099909.0511332,30,15,-15
1742099909.086133,34,-20,-185
1742099909.122133,38,-46,-35
1742099909.157133,9,-2,-3
1742099909.193133,-90,15,-81
1742099909.2281332,13,49,-133
1742099909.264133,-38,-18,108
1742099909.299133,7,17,28
1742099909.3341331,5,-6,-53
1742099909.3701332,97,0,12
1742099909.405133,-60,37,8
1742099909.441133,23,-82,-141
1742099909.476133,13,57,20
1742099909.5121331,15,77,16
1742099909.547133,-18,23,-93
1742099909.582133,-2,27,-71
1742099909.618133,55,69,-171
1742099909.6531332,49,3,-81
1742099909.6891332,31,7,-19
1742099909.724133,-14,-12,-23
1742099909.760133,49,-66,-100
1742099909.795133,-76,-34,-34
1742099909.8301332,-26,-58,-82
1742099909.866133,19,2,-80
1742099909.901133,1,26,-14
1742099909.937133,-112,20,-38
1742099909.9721332,11,-16,19
1742099910.0081332,-2,59,-60
1742099910.043133,-44,-26,-146
1742099910.078133,13,-34,1
1742099910.1141331,19,-58,-52
1742099910.149133,-32,31,69
1742099910.185133,85,13,-12
1742099910.220133,105,23,-58
1742099910.256133,133,47,9
1742099910.2911332,45,-14,-186
1742099910.326133,9,9,-94
1742099910.362133,105,-38,-4
1742099910.397133,27,-14,-8
1742099910.4331331,-58,31,19
1742099910.468133,-84,29,-78
1742099910.504133,3,115,-92
1742099910.539133,13,-48,-18
1742099910.5741332,49,17,-102
1742099910.6101332,-50,-26,-62
1742099910.645133,21,-38,9
1742099910.681133,-69,9,-140
1742099910.716133,36,39,-38
1742099910.7521331,-17,-22,-20
1742099910.7881331,-27,53,19
1742099910.823133,31,0,-78
1742099910.858133,5,-14,51
1742099910.894133,53,-44,-8
1742099910.930133,53,7,-12
1742099910.9651332,-70,13,-176
1742099911.001133,57,-78,-80
1742099911.036133,1,-6,-120
1742099911.0711331,-48,-34,-76
1742099911.106133,-46,3,-124
1742099911.142133,9,93,-24
1742099911.178133,27,-38,-118
1742099911.213133,31,51,19
1742099911.249133,77,1,-38
1742099911.2841332,-12,65,-30
1742099911.319133,1,5,-82
1742099911.3541331,95,-10,-6
1742099911.3901331,41,0,51
1742099911.4261332,-6,-110,121
1742099911.461133,3,1,-20
1742099911.497133,69,5,-94
1742099911.532133,109,57,43
1742099911.5671332,-82,31,-68
1742099911.602133,17,-102,-62
1742099911.638133,0,-16,-32
1742099911.674133,-4,15,-86
1742099911.7091331,-14,-66,-162
1742099911.7451332,-20,-16,-230
1742099911.780133,-120,1,-50
1742099911.815133,63,-14,-146
1742099911.8501332,13,1,-110
1742099911.8861332,23,25,0
1742099911.922133,-44,-4,-56
1742099911.957133,-30,65,29
1742099911.993133,23,-18,-36
1742099912.0281332,-24,3,-46
1742099912.063133,-84,23,-60
1742099912.098133,-86,-30,-118
1742099912.134133,-10,23,-102
1742099912.170133,25,-57,-64
1742099912.2051332,-18,5,-8
1742099912.241133,7,31,-128
1742099912.276133,69,23,36
1742099912.3111331,79,-10,14
1742099912.346133,-16,65,52
1742099912.382133,-5,-30,78
1742099912.418133,-70,-26,-55
1742099912.453133,22,89,-39
1742099912.4891331,-44,53,-101
1742099912.524133,54,3,-99
1742099912.559133,-9,7,-74
1742099912.5941331,44,-10,-90
1742099912.6301332,16,-20,-23
1742099912.6661332,-9,9,-215
1742099912.701133,-89,97,-60
1742099912.737133,-8,-22,34
1742099912.772133,47,-6,54
1742099912.8071332,-81,59,30
1742099912.842133,40,7,-39
1742099912.878133,-15,-94,6
1742099912.914133,18,11,-69
1742099912.9491332,-25,7,-2
1742099912.9851332,-111,-40,-103
1742099913.020133,44,65,-101
1742099913.055133,16,-28,-75
1742099913.0901332,6,13,-75
1742099913.126133,52,7,-125
1742099913.162133,54,19,-105
1742099913.197133,-77,47,-19
1742099913.233133,21,43,18
1742099913.2681332,-128,-36,-89
1742099913.303133,27,-54,52
1742099913.338133,71,0,-115
1742099913.374133,81,65,-31
1742099913.4101331,17,19,-215
1742099913.445133,-72,67,-85
1742099913.481133,-36,27,10
1742099913.516133,81,-36,-87
1742099913.5511332,25,59,0
1742099913.586133,-22,25,-55
1742099913.622133,41,29,54
1742099913.658133,-45,76,-127
1742099913.693133,60,-21,18
1742099913.7291331,-25,15,0
1742099913.764133,-71,-68,-191
1742099913.799133,-23,3,-25
1742099913.8341331,72,9,-77
1742099913.8701332,4,-34,-97
1742099913.9061332,50,-35,-75
1742099913.941133,-33,-12,-11
1742099913.977133,-33,-41,28
1742099914.0121331,-93,-82,-15
1742099914.047133,26,-19,-95
1742099914.082133,36,30,-17
1742099914.118133,-49,18,-17
1742099914.154133,20,-61,-73
1742099914.1891332,-35,-25,88
1742099914.2251332,-53,52,-43
1742099914.260133,-43,-37,-103
1742099914.295133,-29,-27,-85
1742099914.3301332,-5,-15,-117
1742099914.366133,4,-17,-71
1742099914.402133,-9,0,0
1742099914.437133,-70,18,-13
1742099914.473133,-60,-9,24
1742099914.5081332,21,92,-209
1742099914.543133,-6,-1,-99
1742099914.578133,87,54,10
1742099914.6141331,-20,-45,-13
1742099914.6501331,-4,-1,-41
1742099914.685133,-90,-45,-47
1742099914.721133,-7,0,0
1742099914.756133,38,13,-171
1742099914.7911332,-25,46,-19
1742099914.826133,8,7,-119
1742099914.862133,16,-28,-43
1742099914.898133,42,5,-89
1742099914.9331331,-3,-60,-45
1742099914.9691331,-45,0,-9
1742099915.004133,58,23,-63
1742099915.039133,-25,-51,-5
1742099915.075133,68,12,10
1742099915.1101332,-39,-37,-1
1742099915.1461332,70,56,-103
1742099915.181133,-55,-61,-85
1742099915.217133,-29,14,-69
1742099915.2521331,34,36,0
1742099915.287133,40,26,54
1742099915.323133,-45,34,-83
1742099915.358133,66,0,-15
1742099915.394133,44,44,-49
1742099915.4291332,24,36,-115
1742099915.4651332,10,8,-101
1742099915.500133,44,-27,-141
1742099915.5351331,15,-7,-31
1742099915.5711331,0,-57,56
1742099915.606133,-33,0,-51
1742099915.642133,80,-79,-177
1742099915.677133,-77,8,48
1742099915.713133,38,-115,-19
1742099915.7481332,-11,-69,-51
1742099915.783133,58,-73,-33
1742099915.819133,-29,-63,-23
1742099915.8541331,102,-71,-99
1742099915.8901331,20,76,-101
1742099915.925133,28,-65,-85
1742099915.961133,100,36,6
1742099915.996133,-73,46,-49
1742099916.0311332,58,32,-103
1742099916.0671332,-55,58,-53
1742099916.102133,-53,12,6
1742099916.138133,60,-23,8
1742099916.1731331,34,-45,-87
1742099916.2091331,2,8,-37
1742099916.244133,2,-1,-121
1742099916.279133,-3,-21,-93
1742099916.315133,2,16,-75
1742099916.3501332,-17,-69,-45
1742099916.3861332,27,16,-11
1742099916.421133,47,-29,-15
1742099916.457133,27,66,-141
1742099916.4921331,-24,-1,-89
1742099916.527133,25,-31,-67
1742099916.563133,7,-13,-7
1742099916.598133,-37,16,40
1742099916.634133,40,-56,-121
1742099916.6691332,4,-84,-45
1742099916.7051332,-2,28,-221
1742099916.740133,60,-3,-1
1742099916.7751331,-23,16,-47
1742099916.8111331,-81,30,-15
1742099916.846133,68,-43,-11
1742099916.882133,-33,6,-49
1742099916.917133,16,-20,-3
1742099916.953133,-37,36,74
1742099916.9881332,-57,-13,-95
1742099917.023133,14,-37,46
1742099917.059133,-14,8,-171
1742099917.101133,11,-19,-67
1742099917.138133,81,0,32
1742099917.1731331,27,60,-63
1742099917.2091331,-36,54,-127
1742099917.2451332,33,42,-153
1742099917.280133,61,18,-129
1742099917.315133,55,10,-119
1742099917.351133,-10,-39,-29
1742099917.3871331,-34,40,-9
1742099917.422133,-94,8,-159
1742099917.458133,-24,-5,-135
1742099917.493133,45,-9,-75
1742099917.5281332,-6,2,46
1742099917.563133,-12,26,-19
1742099917.599133,87,12,-29
1742099917.635133,-116,72,44
1742099917.670133,13,-59,-49
1742099917.7061331,-22,4,-119
1742099917.741133,91,-3,-67
1742099917.776133,11,-13,-115
1742099917.8111331,-35,52,14
1742099917.8471332,-7,-39,-49
1742099917.8831332,-25,-21,-133
1742099917.918133,-17,-37,4
1742099917.954133,-39,-73,-127
1742099917.9891331,76,68,-53
1742099918.024133,120,-31,38
1742099918.059133,46,-29,-63
1742099918.095133,28,28,-31
1742099918.131133,-13,42,-7
1742099918.1661332,8,50,-85
1742099918.2021332,-85,63,-13
1742099918.237133,-33,-45,-19
1742099918.272133,-29,-25,-31
1742099918.3071332,-35,-21,-83
1742099918.343133,-1,-3,66
1742099918.379133,18,72,22
1742099918.414133,70,-39,-21
1742099918.450133,24,-35,-61
1742099918.4851332,52,2,-11
1742099918.520133,106,18,-51
1742099918.555133,-41,-57,-84
1742099918.591133,-73,4,-59
1742099918.6271331,10,-79,-87
1742099918.662133,4,-27,-154
1742099918.698133,-31,-11,-67
1742099918.733133,26,-1,-85
1742099918.7681332,-25,-19,40
1742099918.803133,-13,20,-67
1742099918.839133,84,-51,-101
1742099918.875133,-97,-21,26
1742099918.9101331,-21,12,-79
1742099918.9461331,110,24,-121
1742099918.981133,56,-19,-88
1742099919.016133,78,-25,-284
1742099919.0511332,-85,18,-40
1742099919.0871332,80,-11,-52
1742099919.1231332,10,10,11
1742099919.158133,30,-45,-136
1742099919.194133,12,-34,3
1742099919.2291331,14,76,-18
1742099919.264133,-5,49,-36
1742099919.299133,44,29,27
1742099919.335133,0,-26,-44
1742099919.371133,-43,23,51
1742099919.4061332,6,-14,-16
1742099919.4421332,-3,87,-74
1742099919.477133,52,-4,39
1742099919.5121331,-29,-26,-114
1742099919.547133,-11,35,-54
1742099919.583133,6,-38,-60
1742099919.619133,-39,-2,-94
1742099919.654133,-59,-72,-12
1742099919.690133,4,-6,-62
1742099919.7251332,18,-14,-42
1742099919.760133,0,-20,21
1742099919.795133,-35,44,-134
1742099919.8311331,-1,8,-6
1742099919.8671331,30,-43,-162
1742099919.902133,-51,-26,-238
1742099919.938133,20,-14,-26
1742099919.973133,50,-37,-10
1742099920.0081332,-1,12,-86
1742099920.043133,4,90,-60
1742099920.079133,0,-43,-86
1742099920.115133,-19,-31,55
1742099920.1501331,38,14,-142
1742099920.1861331,38,0,-92
1742099920.221133,4,12,-42
1742099920.256133,8,6,15
1742099920.292133,34,12,-76
1742099920.3271332,-61,-35,9
1742099920.3631332,-55,-21,-42
1742099920.398133,26,-57,-58
1742099920.434133,12,-59,7
1742099920.4691331,-25,34,-68
1742099920.504133,-3,-25,27
1742099920.539133,-59,28,-124
1742099920.575133,12,-84,75
1742099920.611133,18,-38,0
1742099920.6461332,14,-11,-88
1742099920.6821332,-19,12,-66
1742099920.717133,-65,52,-84
1742099920.7521331,-7,56,13
1742099920.787133,30,-37,-166
1742099920.823133,38,58,-32
1742099920.859133,52,-59,-40
1742099920.894133,28,18,-128
1742099920.930133,-31,8,-12
1742099920.9651332,-85,-35,-162
1742099921.000133,-77,68,-42
1742099921.0351331,-33,-7,-136
1742099921.0711331,-27,86,25
1742099921.1071332,-15,40,-96
1742099921.142133,-3,-19,35
1742099921.178133,-55,-29,-228
1742099921.213133,-41,-33,-160
1742099921.2481332,-47,-7,-204
1742099921.283133,4,-50,-148
1742099921.319133,-69,103,-108
1742099921.355133,-29,-49,-136
1742099921.3901331,-59,27,-40
1742099921.4261332,-7,43,-178
1742099921.461133,34,57,-82
1742099921.496133,26,107,-40
1742099921.532133,-23,-16,-162
1742099921.5671332,-33,-10,-86
1742099921.6031332,10,35,-72
1742099921.638133,22,31,-68
1742099921.674133,26,23,-86
1742099921.7091331,20,-40,-114
1742099921.744133,10,-64,9
1742099921.780133,78,21,-46
1742099921.815133,-11,-12,-100
1742099921.851133,44,5,-36
1742099921.8861332,38,15,135
1742099921.922133,28,5,-10
1742099921.957133,17,41,-124
1742099921.9921331,-95,-12,-146
1742099922.0281332,74,43,-160
1742099922.063133,-15,-40,-58
1742099922.099133,-115,-30,-94
1742099922.134133,-1,-100,-92
1742099922.170133,-3,9,45
1742099922.2051332,50,-42,-4
1742099922.240133,20,39,-138
1742099922.276133,-35,5,45
1742099922.3111331,-9,-60,-64
1742099922.3471332,54,-62,-62
1742099922.382133,-39,-16,-166
1742099922.418133,-67,-66,51
1742099922.453133,-11,-26,-60
1742099922.4881332,2,-22,-2
1742099922.524133,22,-18,41
1742099922.559133,8,67,63
1742099922.595133,6,21,-2
1742099922.6301332,-43,37,-66
1742099922.6661332,10,19,-188
1742099922.701133,-50,-30,-86
1742099922.736133,66,-22,0
1742099922.772133,-41,-30,-22
1742099922.8071332,60,-20,-24
1742099922.843133,13,37,15
1742099922.878133,67,5,-94
1742099922.914133,19,11,-72
1742099922.9491332,26,-58,23
1742099922.984133,-18,91,0
1742099923.020133,42,-6,17
1742099923.055133,-51,17,-72
1742099923.091133,36,-80,33
1742099923.126133,-35,77,-54
1742099923.162133,20,-4,93
1742099923.197133,-15,-32,95
1742099923.2321332,-13,55,-166
1742099923.2681332,10,29,-150
1742099923.303133,2,-50,-36
1742099923.339133,-19,43,-162
1742099923.374133,-17,-30,49
1742099923.4101331,-13,11,-14
1742099923.445133,30,13,-18
1742099923.480133,26,33,67
1742099923.516133,-41,-38,-92
1742099923.5511332,-73,1,93
1742099923.5871332,-35,-126,-138
1742099923.622133,-3,-34,-64
1742099923.658133,66,21,9
1742099923.694133,18,-42,-32
1742099923.730133,40,-16,-20
1742099923.766133,24,-24,-132
1742099923.8011332,4,29,91
1742099923.836133,60,49,-36
1742099923.872133,-3,-22,-68
1742099923.908133,72,-26,-164
1742099923.943133,66,-54,-148
1742099923.9791331,-35,-26,-106
1742099924.014133,58,-46,-12
1742099924.049133,-13,49,-26
1742099924.0841331,-5,85,-84
1742099924.1201332,2,79,-36
1742099924.1561332,-87,8,27
1742099924.191133,-31,-72,0
1742099924.227133,-119,-36,23
1742099924.2621331,-7,-12,-34
1742099924.297133,52,-60,-2
1742099924.332133,-37,41,-32
1742099924.368133,-7,-52,-28
1742099924.404133,24,13,-18
1742099924.4391332,6,25,-120
1742099924.4751332,-9,-22,101
1742099924.510133,24,23,-56
1742099924.545133,24,-3,-78
1742099924.5801332,-11,20,-102
1742099924.616133,78,8,-50
1742099924.652133,0,-15,-20
1742099924.687133,64,14,37
1742099924.723133,-11,34,-140
1742099924.7581332,36,-5,13
1742099924.793133,20,2,-84
1742099924.828133,-53,26,-158
1742099924.8641331,102,56,-68
1742099924.9001331,-37,-21,-122
1742099924.935133,6,-67,-38
1742099924.971133,-85,4,-30
1742099925.006133,-35,15,-172
1742099925.0411332,0,-41,-154
1742099925.076133,-23,32,-56
1742099925.112133,14,14,-72
1742099925.148133,-27,8,-74
1742099925.1831331,44,-1,-10
1742099925.2191331,-7,-63,-64
1742099925.254133,-67,18,-38
1742099925.289133,10,46,-104
1742099925.3241332,18,4,-92
1742099925.3601332,86,10,-24
1742099925.3961332,60,72,-66
1742099925.431133,-21,-27,-90
1742099925.467133,-1,-9,-136
1742099925.5021331,28,-27,-86
1742099925.537133,-41,8,-72
1742099925.572133,19,2,-106
1742099925.608133,33,12,-100
1742099925.644133,-42,-27,1
1742099925.6791332,-48,14,-28
1742099925.7151332,-49,-51,-56
1742099925.750133,65,-49,29
1742099925.7851331,19,10,-68
1742099925.820133,74,-19,13
1742099925.856133,56,2,-146
1742099925.892133,-91,-23,-20
1742099925.927133,36,-33,14
1742099925.963133,52,16,-65
1742099925.9981332,16,38,-110
1742099926.033133,64,-17,-28
1742099926.068133,52,26,-76
1742099926.1041331,66,-35,-88
1742099926.1401331,4,20,-34
1742099926.175133,-9,-89,-122
1742099926.211133,76,6,0
1742099926.246133,12,-38,-16
1742099926.2811332,-53,-34,-214
1742099926.316133,4,-40,-74
1742099926.352133,48,-44,-117
1742099926.388133,88,31,-15
1742099926.4231331,42,-6,-115
1742099926.4591331,34,-14,95
1742099926.494133,-29,43,-13
1742099926.529133,30,-6,-93
1742099926.5641332,14,-42,-129
1742099926.6001332,35,-64,-39
1742099926.6361332,18,-10,-119
1742099926.671133,-3,-24,-45
1742099926.707133,-91,17,-151
1742099926.7421331,16,-12,-84
1742099926.777133,116,-36,-180
1742099926.812133,0,41,-44
1742099926.848133,72,13,-64
1742099926.884133,-13,25,-54
1742099926.9191332,-79,-16,-94
1742099926.9551332,-29,-2,61
1742099926.990133,52,-32,-96
1742099927.0251331,14,6,51
1742099927.060133,-25,-56,-154
1742099927.102133,-29,1,-38
1742099927.139133,-49,19,-20
1742099927.174133,88,31,-60
1742099927.2091331,8,-2,-64
1742099927.244133,42,-34,-34
1742099927.280133,38,9,-192
1742099927.316133,26,15,-44
1742099927.351133,-39,3,57
1742099927.3871331,24,-42,-86
1742099927.422133,44,-38,-18
1742099927.457133,118,71,-14
1742099927.4921331,4,-20,-58
1742099927.5281332,4,21,-106
1742099927.5641332,-53,64,13
1742099927.599133,52,22,-106
1742099927.635133,-43,-3,-126
1742099927.670133,-31,17,-50
1742099927.7051332,54,-10,-104
1742099927.741133,66,75,-116
1742099927.776133,106,7,-74
1742099927.812133,12,18,-76
1742099927.8471332,42,-40,20
1742099927.8831332,-117,-22,-45
1742099927.918133,60,-6,-90
1742099927.953133,16,27,59
1742099927.9891331,8,-78,-44
1742099928.024133,48,12,-85
1742099928.060133,-3,53,-79
1742099928.095133,10,-44,-12
1742099928.131133,-23,53,-22
1742099928.1661332,92,-6,-39
1742099928.201133,-27,67,-74
1742099928.237133,-37,-6,-20
1742099928.272133,32,79,-98
1742099928.3081331,-25,127,21
1742099928.343133,-55,-30,-31
1742099928.379133,-1,-8,-111
1742099928.414133,22,-4,-13
1742099928.4491332,-39,23,-61
1742099928.4851332,32,3,-139
1742099928.520133,-9,45,-75
1742099928.556133,-77,-40,-69
1742099928.591133,-35,-16,60
1742099928.6271331,-43,-54,-135
1742099928.662133,-13,-8,-51
1742099928.697133,-9,89,-135
1742099928.733133,-11,41,-75
1742099928.7681332,78,9,-53
1742099928.8041332,2,-24,-81
1742099928.839133,-50,0,-65
1742099928.875133,-27,45,-51
1742099928.9101331,6,47,2
1742099928.945133,-51,5,-57
1742099928.981133,-5,-18,-91
1742099929.016133,18,41,-83
1742099929.052133,-39,-26,-123
1742099929.0871332,-55,-64,-65
1742099929.1231332,66,47,-65
1742099929.158133,-73,-20,30
1742099929.193133,-1,-67,16
1742099929.2291331,-27,-25,24
1742099929.264133,34,-7,-35
1742099929.300133,0,13,36
1742099929.335133,44,13,-29
1742099929.371133,-83,-20,42
1742099929.4061332,10,23,-15
1742099929.441133,-17,-30,-123
1742099929.477133,-79,-18,-109
1742099929.5121331,-103,-44,-55
1742099929.5481331,32,-24,54
1742099929.583133,16,-36,16
1742099929.619133,-1,-92,42
1742099929.654133,-35,-60,-75
1742099929.6891332,50,7,-57
1742099929.7251332,-69,-22,-19
1742099929.760133,100,21,88
1742099929.796133,36,-24,-49
1742099929.8311331,20,53,-75
1742099929.8671331,62,-80,-71
1742099929.902133,-3,-32,20
1742099929.937133,36,-38,-47
1742099929.973133,-23,-58,58
1742099930.0081332,68,31,-55
1742099930.0441332,20,-34,-5
1742099930.079133,-109,-48,-53
1742099930.115133,-25,39,-109
1742099930.151133,12,-2,-45
1742099930.1861331,6,75,-9
1742099930.221133,-45,-32,-37
1742099930.257133,42,85,50
1742099930.293133,6,-96,-169
1742099930.328133,64,39,-123
1742099930.3641331,-1,-16,-95
1742099930.399133,28,-10,-131
1742099930.434133,30,37,-115
1742099930.4691331,24,-60,-121
1742099930.5051332,32,37,-119
1742099930.5411332,-29,75,-75
1742099930.576133,-43,29,-95
1742099930.612133,-25,-28,56
1742099930.647133,-43,-48,-113
1742099930.6821332,-3,-12,-151
1742099930.717133,6,25,-55
1742099930.753133,-23,63,-93
1742099930.789133,4,-72,-67
1742099930.8241332,-61,29,-13
1742099930.8601332,54,-4,-15
1742099930.895133,-37,-44,70
1742099930.930133,0,-4,-59
1742099930.9651332,8,3,-3
1742099931.001133,-23,-85,-89
1742099931.037133,-81,-40,-29
1742099931.072133,-10,-24,-111
1742099931.108133,-29,-8,-95
1742099931.1431332,0,-32,-163
1742099931.178133,30,-14,24
1742099931.213133,-21,14,-127
1742099931.249133,-95,37,-71
1742099931.2851331,18,-44,-13
1742099931.320133,80,-16,-75
1742099931.356133,8,-36,-89
1742099931.391133,-13,87,-125
1742099931.4261332,2,65,84
1742099931.461133,17,29,11
1742099931.497133,37,-38,17
1742099931.533133,-1,-24,-66
1742099931.568133,-3,-86,103
1742099931.6041331,4,-36,-112
1742099931.639133,-23,17,-112
1742099931.674133,22,9,-52
1742099931.7091331,-5,19,-127
1742099931.7451332,-41,4,-8
1742099931.7811332,-37,35,-78
1742099931.816133,-27,53,-90
1742099931.852133,-31,35,1
1742099931.8871331,-37,-54,35
1742099931.922133,56,-11,47
1742099931.957133,104,-31,-216
1742099931.993133,10,-28,-114
1742099932.029133,60,63,-80
1742099932.0641332,60,35,-72
1742099932.1001332,44,1,-106
1742099932.135133,-69,3,-68
1742099932.170133,6,25,25
1742099932.2051332,-29,-40,-52
1742099932.241133,40,-8,-82
1742099932.277133,-49,-32,11
1742099932.312133,-59,-72,79
1742099932.348133,12,9,57
1742099932.3831332,-25,-2,-86
1742099932.418133,-17,45,75
1742099932.453133,66,3,83
1742099932.4891331,-27,-38,-150
1742099932.5251331,6,-46,23
1742099932.560133,-29,-40,-34
1742099932.596133,-59,-30,-48
1742099932.631133,-37,5,-82
1742099932.6661332,-25,43,-40
1742099932.701133,-43,11,-2
1742099932.737133,-19,87,-96
1742099932.773133,-97,-35,-60
1742099932.8081331,-49,46,3
1742099932.8441331,-57,-3,-124
1742099932.879133,-47,-25,3
1742099932.914133,28,-31,-56
1742099932.9491332,28,-2,-16
1742099932.9851332,-23,-16,-66
1742099933.0211332,-15,-80,-14
1742099933.056133,-3,5,27
1742099933.092133,-15,57,37
1742099933.1271331,40,-30,-82
1742099933.162133,10,-34,-114
1742099933.197133,-127,31,3
1742099933.233133,-3,-40,-8
1742099933.269133,0,-66,-16
1742099933.3041332,-85,11,-12
1742099933.3401332,10,-62,-200
1742099933.375133,-7,-46,10
1742099933.4101331,10,45,-57
1742099933.445133,30,-22,-24
1742099933.481133,-55,61,-16
1742099933.517133,-67,-52,-77
1742099933.552133,100,-18,-123
1742099933.588133,-53,-6,-65
1742099933.6231332,-13,-28,-51
1742099933.658133,-75,25,-99
1742099933.693133,-61,39,-11
1742099933.7291331,22,19,-9
1742099933.7651331,-11,31,-9
1742099933.800133,-45,35,-79
1742099933.836133,28,29,-23
1742099933.871133,-35,7,-71
1742099933.9061332,-69,-1,-131
1742099933.941133,48,-9,-69
1742099933.977133,-59,-55,16
1742099934.013133,-50,-3,-137
1742099934.0481331,-28,-7,-5
1742099934.0841331,49,-17,82
1742099934.119133,75,-25,-135
1742099934.154133,-26,-39,-39
1742099934.1891332,-100,46,-165
1742099934.2251332,47,14,-19
1742099934.2611332,-22,-33,-187
1742099934.296133,17,-21,-57
1742099934.332133,3,28,30
1742099934.3671331,-24,-71,4
1742099934.402133,1,-61,84
1742099934.438133,-36,42,-131
1742099934.473133,-4,22,-171
1742099934.509133,109,32,0
1742099934.5441332,17,34,-61
1742099934.5801332,57,6,-83
1742099934.615133,-20,-7,-129
1742099934.6501331,-97,25,-69
1742099934.6861331,34,48,14
1742099934.721133,-23,54,-93
1742099934.757133,0,10,14
1742099934.792133,0,-77,-75
1742099934.828133,19,-77,-87
1742099934.8631332,51,-37,-77
1742099934.898133,-8,48,-100
1742099934.934133,-10,14,11
1742099934.9691331,35,30,-94
1742099935.0051332,13,81,-46
1742099935.040133,-118,53,-8
1742099935.076133,37,93,-74
1742099935.111133,-33,79,-60
1742099935.1461332,-79,-54,-130
1742099935.1821332,9,73,-66
1742099935.217133,-46,37,-40
1742099935.253133,-82,-48,-50
1742099935.2881331,-12,-30,-26
1742099935.3241332,53,-34,27
1742099935.359133,-82,53,-124
1742099935.394133,1,35,69
1742099935.430133,7,-26,-42
1742099935.4651332,85,-52,19
1742099935.501133,65,27,-14
1742099935.536133,-84,27,1
1742099935.572133,-42,103,-82
1742099935.6071332,39,-30,-48
1742099935.642133,37,43,-82
1742099935.678133,7,7,-50
1742099935.713133,-62,5,173
1742099935.749133,27,-21,-14
1742099935.7841332,47,59,-40
1742099935.820133,-30,-62,-72
1742099935.855133,-40,16,45
1742099935.8901331,-22,-33,-26
1742099935.9261332,57,-27,65
1742099935.961133,-22,-33,25
1742099935.997133,35,-24,-106
1742099936.032133,-58,17,-44
1742099936.068133,-20,-30,1
1742099936.1031332,0,50,-46
1742099936.138133,13,-41,-66
1742099936.174133,-3,-47,-86
1742099936.2091331,20,-25,-128
1742099936.2451332,-19,-1,39
1742099936.280133,-29,14,-158
1742099936.316133,48,70,-138
1742099936.351133,13,-37,-86
1742099936.3861332,1,0,-38
1742099936.422133,19,10,-96
1742099936.457133,-8,-15,-30
1742099936.493133,-46,12,-30
1742099936.5281332,-4,16,81
1742099936.5641332,-31,-81,-118
1742099936.6001332,-46,-45,-26
1742099936.6361332,1,-43,-128
1742099936.672133,53,-79,-2
1742099936.707133,1,-63,-88
1742099936.7421331,-42,-45,-264
1742099936.7781332,-6,-11,-26
1742099936.8141332,-10,-29,-74
1742099936.849133,5,28,25
1742099936.885133,37,-29,-86
1742099936.920133,-68,56,-14
1742099936.9551332,-65,-1,-128
1742099936.990133,66,2,-150
1742099937.026133,46,26,-12
1742099937.062133,-23,-45,-44
1742099937.1041331,-37,-37,-40
1742099937.141133,7,-39,5
1742099937.1761332,-7,108,-56
1742099937.211133,-23,16,-24
1742099937.246133,5,-35,-14
1742099937.282133,42,40,-200
1742099937.318133,37,-11,73
1742099937.3531332,-6,10,-72
1742099937.389133,97,92,-60
1742099937.424133,-36,28,-6
1742099937.4591331,-24,-9,15
1742099937.494133,19,18,-104
1742099937.530133,-48,6,-62
1742099937.566133,-44,48,-96
1742099937.601133,8,10,25
1742099937.6371331,14,38,-20
1742099937.672133,36,-71,-38
1742099937.707133,28,46,-18
1742099937.7421331,32,-15,-2
1742099937.7781332,16,8,-178
1742099937.8141332,-45,-15,-10
1742099937.849133,50,-29,9
1742099937.885133,72,6,-42
1742099937.920133,104,2,17
1742099937.9551332,2,40,-134
1742099937.990133,64,-7,-126
1742099938.026133,-19,-11,-48
1742099938.062133,-59,-49,-8
1742099938.0971332,-67,-39,-256
1742099938.1331332,24,-39,-140
1742099938.168133,62,36,-212
1742099938.203133,-17,-17,-138
1742099938.2381332,16,-15,-14
1742099938.274133,26,-55,-36
1742099938.310133,50,20,-110
1742099938.345133,20,-55,33
1742099938.381133,6,18,33
1742099938.4161332,-55,-19,-61
1742099938.451133,8,-33,-95
1742099938.486133,-47,80,44
1742099938.522133,34,10,16
1742099938.5581331,14,14,-49
1742099938.593133,12,19,-149
1742099938.629133,-49,53,0
1742099938.664133,-23,69,-115
1742099938.6991332,-7,-40,-135
1742099938.734133,78,-46,-107
1742099938.770133,54,7,-31
1742099938.806133,-63,-44,-111
1742099938.841133,0,35,-7
1742099938.8771331,-93,-10,10
1742099938.912133,-15,-72,4
1742099938.947133,-29,-54,-29
1742099938.9821332,-13,-32,-45
1742099939.0181332,-35,-8,-81
1742099939.0541332,16,-58,10
1742099939.089133,-77,1,-139
1742099939.125133,66,0,-161
1742099939.1601331,28,-76,-179
1742099939.195133,20,-16,92
1742099939.230133,-15,-16,-171
1742099939.266133,64,-2,-71
1742099939.302133,14,-8,-99
1742099939.3371332,38,-26,-129
1742099939.3731332,64,37,-89
1742099939.408133,32,-62,38
1742099939.443133,-43,-20,-115
1742099939.4781332,-79,-2,-55
1742099939.514133,-3,-14,-187
1742099939.550133,80,5,-79
1742099939.585133,34,33,-67
1742099939.621133,-43,13,28
1742099939.6561332,22,-24,54
1742099939.691133,-49,-8,-21
1742099939.726133,-55,91,-7
1742099939.7621331,28,-4,-59
1742099939.7981331,66,-6,-45
1742099939.833133,-123,23,0
1742099939.869133,34,60,-57
1742099939.904133,36,30,-91
1742099939.9391332,68,-51,-103
1742099939.974133,-41,-59,106
1742099940.010133,-55,-5,-19
1742099940.046133,-39,64,-103
1742099940.0811331,22,-17,-15
1742099940.1171331,-1,-23,-59
1742099940.152133,-21,-15,-27
1742099940.187133,-25,-17,-3
1742099940.2221332,64,-83,-101
1742099940.2581332,12,-87,-111
1742099940.2941332,52,-13,-199
1742099940.329133,-69,2,-57
1742099940.365133,-15,-21,-17
1742099940.4001331,132,22,-49
1742099940.435133,114,-55,12
1742099940.470133,72,-43,-33
1742099940.506133,0,4,-53
1742099940.542133,84,-67,-95
1742099940.5771332,52,-9,-1
1742099940.6131332,-29,-85,-201
1742099940.648133,-79,24,18
1742099940.6831331,38,-31,-233
1742099940.7191331,20,10,16
1742099940.754133,62,6,-13
1742099940.790133,-9,-53,-145
1742099940.825133,64,7,-117
1742099940.861133,38,-12,-7
1742099940.8961332,-9,65,-31
1742099940.931133,-101,33,-19
1742099940.967133,-37,0,-87
1742099941.0021331,-71,-39,-115
1742099941.0381331,-51,50,-81
1742099941.073133,94,16,-108
1742099941.109133,18,66,-86
1742099941.144133,-35,-5,-64
1742099941.1791332,-7,38,-98
1742099941.2151332,-25,-41,-70
1742099941.250133,54,-25,-62
1742099941.286133,52,-35,-54
1742099941.3211331,-29,-55,-166
1742099941.3571332,-45,18,-122
1742099941.392133,74,-15,-138
1742099941.427133,-53,70,11
1742099941.463133,56,50,-128
1742099941.4981332,52,14,-90
1742099941.5341332,16,-21,-106
1742099941.569133,2,30,-176
1742099941.605133,24,74,-96
1742099941.6401331,-2,8,11
1742099941.675133,-26,-41,-96
1742099941.711133,51,-59,59
1742099941.746133,19,-35,-38
1742099941.782133,5,16,-84
1742099941.8171332,41,-55,31
1742099941.8531332,3,-23,-22
1742099941.888133,-46,9,-100
1742099941.9231331,-18,23,19
1742099941.9591331,39,-50,-156
1742099941.994133,-10,-54,-40
1742099942.030133,-40,-11,33
1742099942.065133,1,78,-134
1742099942.101133,-56,-14,-26
1742099942.1361332,45,-23,-66
1742099942.171133,9,23,-82
1742099942.207133,0,73,-62
1742099942.2421331,-22,-113,29
1742099942.2781332,-10,-24,-66
1742099942.313133,57,36,-66
1742099942.349133,21,4,-86
1742099942.384133,-56,-3,13
1742099942.4191332,-32,78,-8
1742099942.4551332,-39,-17,-62
1742099942.490133,68,-15,-64
1742099942.526133,10,-75,-42
1742099942.5611331,-23,20,-112
1742099942.5971332,-7,-17,3
1742099942.632133,-61,40,59
1742099942.667133,-11,-43,-30
1742099942.703133,-9,-37,-122
1742099942.7381332,-9,-37,-38
1742099942.774133,-9,-33,-90
1742099942.809133,22,34,-58
1742099942.845133,38,-23,-80
1742099942.8801332,-61,32,-42
1742099942.915133,12,18,-58
1742099942.951133,106,-60,0
1742099942.986133,-101,-84,-8
1742099943.022133,38,7,-22
1742099943.0571332,-31,-6,31
1742099943.093133,-45,15,-132
1742099943.129133,-57,69,-200
1742099943.165133,-21,45,-66
1742099943.201133,12,-16,-64
1742099943.236133,58,55,-38
1742099943.2711332,-33,-16,-96
1742099943.3071332,-79,-40,-124
1742099943.343133,84,-72,-160
1742099943.378133,-51,5,5
1742099943.414133,26,-8,-66
1742099943.4491332,-3,103,0
1742099943.484133,-17,-4,-32
1742099943.519133,-95,-62,-124
1742099943.555133,18,21,-116
1742099943.591133,-19,-34,39
1742099943.626133,-15,22,-88
1742099943.662133,-17,-27,0
1742099943.697133,26,-27,-42
1742099943.7321332,56,6,-64
1742099943.767133,86,40,25
1742099943.803133,-27,-1,-34
1742099943.839133,-89,60,-22
1742099943.874133,-69,-9,-112
1742099943.9101331,-7,-7,-74
1742099943.945133,10,-51,-124
1742099943.980133,-109,25,-70
1742099944.0151331,102,-30,49
1742099944.0511332,-53,-20,5
1742099944.0871332,44,39,-88
1742099944.122133,40,-52,-16
1742099944.158133,-21,-94,-68
1742099944.193133,-1,-78,-122
1742099944.2281332,32,1,-98
1742099944.263133,-20,83,-54
1742099944.299133,-66,11,-50
1742099944.335133,104,-92,-82
1742099944.3701332,20,41,-106
1742099944.4061332,64,-14,-4
1742099944.441133,30,35,157
1742099944.476133,18,-14,-14
1742099944.5111332,-83,-4,-80
1742099944.547133,30,-12,-92
1742099944.583133,-61,-64,-50
1742099944.618133,4,19,-2
1742099944.654133,-67,-4,-40
1742099944.6891332,-41,-42,-64
1742099944.724133,-37,-56,-46
1742099944.759133,78,57,39
1742099944.795133,60,-4,-28
1742099944.8311331,-17,14,25
1742099944.866133,-27,-89,-52
1742099944.902133,50,16,43
1742099944.937133,30,-81,-48
1742099944.9721332,22,-15,-54
1742099945.007133,20,40,-82
1742099945.043133,52,62,-18
1742099945.079133,-11,26,-8
1742099945.1141331,60,-17,-26
1742099945.1501331,18,22,29
1742099945.185133,-35,-3,39
1742099945.220133,4,-23,-110
1742099945.2551332,16,44,-60
1742099945.2911332,2,12,-116
1742099945.3271332,-39,8,101
1742099945.362133,-1,-33,-210
1742099945.398133,12,-35,-66
1742099945.4331331,0,-11,35
1742099945.468133,26,-43,33
1742099945.503133,62,-35,-98
1742099945.539133,14,0,29
1742099945.575133,28,-11,-4
1742099945.6101332,-41,64,-128
1742099945.6461332,2,31,-156
1742099945.681133,-9,43,23
1742099945.716133,-3,-11,3
1742099945.751133,-49,-69,-144
1742099945.787133,22,2,-102
1742099945.823133,12,-117,37
1742099945.858133,-85,50,-102
1742099945.894133,4,-35,-69
1742099945.9291332,32,30,-125
1742099945.964133,62,-18,-71
1742099945.999133,8,-3,-41
1742099946.0351331,33,-13,-71
1742099946.0711331,-86,24,-81
1742099946.106133,-66,36,-15
1742099946.142133,53,56,-103
1742099946.177133,51,10,-87
1742099946.2121332,-12,84,-43
1742099946.247133,9,30,57
1742099946.283133,-49,-31,-14
1742099946.319133,-15,38,141
1742099946.3541331,-55,34,-78
1742099946.3901331,-34,-23,-52
1742099946.425133,19,42,-162
1742099946.460133,2,-33,-182
1742099946.4951332,4,42,-32
1742099946.5311332,-35,14,-16
1742099946.5671332,36,-7,-76
1742099946.602133,-37,80,-140
1742099946.638133,70,-60,-32
1742099946.6731331,-13,10,-64
1742099946.708133,12,17,43
1742099946.743133,-62,-16,-92
1742099946.779133,5,17,107
1742099946.815133,25,-2,-6
1742099946.8501332,-2,69,-72
1742099946.8861332,-14,67,-44
1742099946.921133,11,-28,5
1742099946.9561331,35,13,-76
1742099946.991133,-14,21,-16
1742099947.027133,-26,21,3
1742099947.063133,7,-50,-88
1742099947.105133,-46,-32,-94
1742099947.142133,-20,43,-218
1742099947.177133,-42,-56,-120
1742099947.2121332,-32,-10,-108
1742099947.2481332,25,-34,37
1742099947.283133,-25,41,-94
1742099947.319133,35,68,-22
1742099947.3541331,16,-47,-50
1742099947.3901331,-27,10,-20
1742099947.425133,24,-107,-150
1742099947.460133,62,-7,-62
1742099947.496133,-7,72,3
1742099947.5311332,10,-13,-106
1742099947.5671332,14,12,-28
1742099947.602133,0,-2,35
1742099947.638133,30,-86,-48
1742099947.6731331,-1,-34,19
1742099947.708133,96,-22,-50
1742099947.744133,-39,-58,-74
1742099947.779133,22,-60,23
1742099947.815133,-5,27,-44
1742099947.8501332,60,-4,-76
1742099947.8861332,-5,53,-166
1742099947.921133,90,-20,-154
1742099947.9561331,-29,-14,-34
1742099947.9921331,-23,-44,-48
1742099948.027133,28,-82,21
1742099948.063133,-11,-38,79
1742099948.098133,-15,23,-136
1742099948.134133,44,3,-42
1742099948.1691332,26,13,-220
1742099948.204133,-9,29,-98
1742099948.240133,-51,37,13
1742099948.2751331,20,17,-62
1742099948.3111331,-25,-10,-60
1742099948.346133,-1,-44,-38
1742099948.382133,38,-31,-6
1742099948.417133,64,-27,-24
1742099948.4521332,-37,78,-44
1742099948.4881332,-17,58,-162
1742099948.523133,-5,-5,20
1742099948.559133,18,-89,-35
1742099948.5941331,44,112,8
1742099948.6301332,-45,62,-127
1742099948.665133,58,70,146
1742099948.700133,-21,-99,-97
1742099948.736133,16,22,-129
1742099948.7711332,-33,-5,-81
1742099948.8071332,-37,18,-169
1742099948.842133,-31,71,46
1742099948.878133,28,-49,-35
1742099948.9131331,-15,100,-37
1742099948.948133,2,-19,-124
1742099948.984133,-21,20,-48
1742099949.019133,22,14,-128
1742099949.055133,70,6,-58
1742099949.0901332,94,33,-99
1742099949.126133,-17,13,-35
1742099949.161133,32,-21,-35
1742099949.1961331,-13,32,54
1742099949.2321332,48,70,14
1742099949.267133,46,10,6
1742099949.303133,-1,-15,-135
1742099949.338133,16,-57,4
1742099949.374133,10,-59,18
1742099949.4091332,-51,-31,-25
1742099949.444133,-55,0,-21
1742099949.480133,28,-35,-39
1742099949.5151331,14,-49,22
1742099949.5511332,-67,-11,-19
1742099949.586133,-41,-89,-83
1742099949.621133,-41,-9,6
1742099949.6561332,-9,92,-59
1742099949.6921332,-73,-5,2
1742099949.7281332,-35,46,-73
1742099949.763133,4,-53,-101
1742099949.799133,22,-42,-77
1742099949.8341331,-11,74,-17
1742099949.869133,-21,0,-9
1742099949.904133,-33,46,-51
1742099949.940133,46,-19,22
1742099949.976133,30,-44,-131
1742099950.0111332,-9,11,-63
1742099950.047133,-53,-94,-103
1742099950.082133,8,-4,-83
1742099950.1171331,-1,-26,8
1742099950.152133,-43,23,76
1742099950.188133,-41,-18,-75
1742099950.224133,26,37,6
1742099950.259133,-73,-8,-111
1742099950.295133,-83,-26,-19
1742099950.3301332,-59,-10,-45
1742099950.365133,82,29,100
1742099950.4001331,54,13,-57
1742099950.4361331,-39,17,24
1742099950.4721332,14,-22,68
1742099950.507133,-153,-4,44
1742099950.543133,14,-14,-17
1742099950.578133,-63,0,-73
1742099950.6131332,-1,-8,8
1742099950.648133,10,1,-129
1742099950.684133,-1,7,-47
1742099950.720133,20,31,-101
1742099950.7551332,30,-32,-137
1742099950.7911332,-41,17,-3
1742099950.826133,-59,25,-81
1742099950.861133,-31,-38,-169
1742099950.8961332,-7,-28,-167
1742099950.9321332,10,-94,-17
1742099950.968133,64,53,-13
1742099951.003133,38,-5,-263
1742099951.039133,54,78,26
1742099951.0741332,14,34,-35
1742099951.109133,-7,8,96
1742099951.144133,32,38,-89
1742099951.180133,-69,-73,-21
1742099951.216133,80,-28,-45
1742099951.251133,-53,-105,-29
1742099951.287133,-57,50,-21
1742099951.322133,32,34,24
1742099951.3571332,62,22,50
1742099951.392133,-27,-93,-147
1742099951.428133,-5,-53,8
1742099951.464133,72,69,-95
1742099951.499133,-5,77,-3
1742099951.5351331,36,34,42
1742099951.570133,-5,54,-7
1742099951.605133,-13,-7,18
1742099951.6401331,22,18,-21
1742099951.6761332,58,22,-157
1742099951.7121332,28,-37,-115
1742099951.747133,6,-25,-97
1742099951.783133,-3,66,0
1742099951.818133,18,112,-47
1742099951.8531332,48,12,-127
1742099951.888133,-43,-49,-15
1742099951.924133,20,53,10
1742099951.960133,-13,-19,-11
1742099951.9951332,-7,88,-71
1742099952.0311332,9,-35,34
1742099952.066133,36,-33,-77
1742099952.101133,100,30,-159
1742099952.1361332,-71,-9,-55
1742099952.172133,-63,-27,-55
1742099952.208133,80,-3,-75
1742099952.243133,56,-47,118
1742099952.279133,-9,-9,-211
1742099952.3141332,26,-49,50
1742099952.349133,-13,30,-93
1742099952.384133,4,60,-29
1742099952.420133,92,-37,0
1742099952.4561331,-29,20,-141
1742099952.491133,-11,14,-225
1742099952.527133,-61,-17,-73
1742099952.562133,-21,-29,-89
1742099952.5971332,4,-31,-7
1742099952.632133,-43,-73,-3
1742099952.668133,12,-25,122
1742099952.704133,20,-17,-93
1742099952.7391331,-33,10,16
1742099952.7751331,22,-33,-47
1742099952.810133,-47,-9,44
1742099952.845133,56,18,-77
1742099952.8801332,-21,28,-25
1742099952.9161332,92,-41,66
1742099952.9521332,-12,-3,-23
1742099952.987133,37,-7,-187
1742099953.023133,17,-3,-25
1742099953.0581331,-68,-93,64
1742099953.093133,35,34,44
1742099953.128133,51,2,-71
1742099953.164133,23,0,20
1742099953.200133,53,-9,-35
1742099953.2351332,7,-9,132
1742099953.2711332,19,-27,-49
1742099953.306133,63,16,-37
1742099953.341133,63,-21,-165
1742099953.376133,-56,66,-59
1742099953.412133,41,64,-87
1742099953.448133,39,14,-71
1742099953.483133,-20,66,-163
1742099953.519133,31,-9,-75
1742099953.5541332,42,-7,64
1742099953.589133,-33,-11,-79
1742099953.625133,-78,34,-89
1742099953.6601331,-6,-37,-159
1742099953.6961331,-17,46,28
1742099953.731133,-49,3,-5
1742099953.767133,8,-38,-41
1742099953.802133,14,35,-69
1742099953.8371332,-31,63,-125
1742099953.8731332,26,7,-87
1742099953.908133,40,-30,-69
1742099953.944133,8,-66,18
1742099953.9791331,0,43,-79
1742099954.0151331,40,27,54
1742099954.050133,-41,5,18
1742099954.085133,84,-8,-83
1742099954.121133,48,-40,4
1742099954.1561332,-27,29,4
1742099954.1921332,-1,1,-7
1742099954.227133,22,1,-95
1742099954.263133,104,25,10
1742099954.2981331,-17,7,28
1742099954.333133,4,101,38
1742099954.369133,-11,-52,6
1742099954.404133,-9,57,-65
1742099954.440133,8,-108,-1
1742099954.4751332,-55,43,-118
1742099954.5111332,-41,59,-58
1742099954.546133,86,23,-158
1742099954.5811331,92,-100,13
1742099954.6171331,-6,15,-116
1742099954.652133,8,-44,-56
1742099954.688133,38,47,13
1742099954.723133,-19,81,-70
1742099954.759133,30,49,-84
1742099954.7941332,24,17,-44
1742099954.829133,-43,13,-10
1742099954.865133,18,21,61
1742099954.9001331,42,-18,-70
1742099954.9361331,-7,31,-160
1742099954.971133,28,-52,93
1742099955.007133,10,105,-52
1742099955.042133,2,11,-134
1742099955.0771332,63,39,-78
1742099955.1131332,7,43,-6
1742099955.148133,-4,83,43
1742099955.184133,36,-58,-120
1742099955.2191331,68,61,-58
1742099955.2551332,-10,21,-88
1742099955.290133,3,-6,-64
1742099955.325133,27,3,-30
1742099955.361133,-6,-14,-126
1742099955.3961332,-92,-56,-84
1742099955.4321332,-59,-16,35
1742099955.467133,42,19,-32
1742099955.503133,16,5,9
1742099955.5381331,-1,-44,-146
1742099955.573133,-57,77,-220
1742099955.609133,84,47,-124
1742099955.644133,-34,13,7
1742099955.680133,-25,76,-134
1742099955.7151332,18,73,-84
1742099955.751133,24,-2,-62
1742099955.786133,45,-36,-36
1742099955.8211331,-13,53,-2
1742099955.8571332,-39,3,7
1742099955.892133,-69,-32,-74
1742099955.928133,24,5,-8
1742099955.963133,37,27,-140
1742099955.9981332,-22,-38,-64
1742099956.033133,-52,45,-80
1742099956.069133,-28,95,-100
1742099956.105133,-44,15,-20
1742099956.1401331,1,17,17
1742099956.1761332,11,-34,-76
1742099956.211133,-28,-14,-48
1742099956.246133,-14,-26,-104
1742099956.2811332,93,9,-122
1742099956.3171332,-6,53,-38
1742099956.3531332,-34,-42,-42
1742099956.388133,-24,57,-104
1742099956.424133,-12,15,-160
1742099956.4591331,0,-52,-88
1742099956.494133,-4,-24,-48
1742099956.529133,75,-8,-116
1742099956.565133,57,-30,-124
1742099956.601133,-48,9,-80
1742099956.6361332,35,-86,-38
1742099956.672133,57,21,-120
1742099956.707133,55,-4,-40
1742099956.7421331,-9,15,19
1742099956.777133,29,-24,-16
1742099956.813133,45,-26,-30
1742099956.849133,5,17,-206
1742099956.884133,44,-6,-48
1742099956.920133,15,35,-72
1742099956.9551332,70,-36,-70
1742099956.990133,-51,-60,-97
1742099957.0251331,-59,-44,34
1742099957.0611331,-29,5,-127
1742099957.0971332,-25,1,-57
1742099957.139133,38,-66,-25
1742099957.1761332,76,-14,-87
1742099957.211133,6,19,-23
1742099957.246133,6,1,-7
1742099957.2811332,58,-10,-97
1742099957.3171332,34,59,-71
1742099957.3531332,-18,13,-157
1742099957.388133,25,15,-59
1742099957.424133,101,-12,44
1742099957.4591331,57,29,-15
1742099957.494133,-32,-12,-71
1742099957.529133,-32,-24,-19
1742099957.565133,-16,-48,-189
1742099957.601133,91,-26,164
1742099957.6361332,7,53,34
1742099957.672133,-46,3,-41
1742099957.707133,-70,-18,-99
1742099957.7421331,2,-68,-11
1742099957.777133,32,-24,-9
1742099957.813133,-35,-30,-111
1742099957.849133,-3,93,-49
1742099957.884133,100,-14,-17
1742099957.920133,-7,47,-69
1742099957.9551332,-19,17,-69
1742099957.990133,-1,-28,-159
1742099958.0251331,20,-2,-55
1742099958.0611331,-11,53,-97
1742099958.0971332,-71,-24,-25
1742099958.132133,-19,63,-5
1742099958.168133,26,1,-63
1742099958.203133,-39,33,-69
1742099958.2381332,8,67,-45
1742099958.273133,0,1,-29
1742099958.309133,-53,15,-3
1742099958.345133,20,-12,-99
1742099958.3801332,-27,-28,64
1742099958.4161332,14,27,14
1742099958.451133,-13,-18,-91
1742099958.486133,8,45,-43
1742099958.5211332,60,49,-25
1742099958.5571332,-57,-52,8
1742099958.593133,8,-28,-103
1742099958.628133,-19,53,6
1742099958.664133,48,23,16
1742099958.6991332,38,29,28
1742099958.734133,-7,27,-89
1742099958.769133,-33,-20,-153
1742099958.805133,-19,65,-93
1742099958.841133,-39,-12,6
1742099958.876133,38,25,-59
1742099958.912133,-65,-8,6
1742099958.947133,8,1,12
1742099958.9821332,78,49,28
1742099959.017133,-99,-18,-37
1742099959.053133,46,35,8
1742099959.089133,-13,-18,-121
1742099959.124133,-33,-12,-29
1742099959.1601331,-73,-26,-63
1742099959.195133,-45,-10,-115
1742099959.230133,-9,3,-39
1742099959.2651331,12,19,-75
1742099959.3011332,-47,9,-105
1742099959.3371332,-1,65,-47
1742099959.372133,40,-8,-95
1742099959.408133,20,49,40
1742099959.443133,-11,-12,-95
1742099959.4781332,-5,-86,36
1742099959.513133,36,5,-57
1742099959.549133,-21,-6,-19
1742099959.585133,-5,73,-127
1742099959.6201332,-11,-22,-43
1742099959.6561332,14,51,-109
1742099959.691133,98,5,28
1742099959.726133,38,-82,-65
1742099959.7611332,-79,-36,-127
1742099959.797133,-15,-36,18
1742099959.833133,16,-26,-31
1742099959.868133,14,59,-79
1742099959.904133,-35,-62,-33
1742099959.9391332,-35,0,-19
1742099959.974133,18,33,-83
1742099960.009133,-27,7,-73
1742099960.045133,-41,-34,-159
1742099960.0811331,-45,97,-45
1742099960.116133,60,-12,-81
1742099960.152133,42,15,-25
1742099960.187133,10,-40,42
1742099960.2221332,12,41,-109
1742099960.2581332,2,-110,-11
1742099960.293133,70,3,-69
1742099960.329133,-53,-58,18
1742099960.3641331,-63,79,-141
1742099960.4001331,24,13,-79
1742099960.435133,66,-34,-137
1742099960.470133,-21,-54,70
1742099960.506133,32,7,-7
1742099960.5411332,-7,61,-67
1742099960.5771332,4,19,-131
1742099960.612133,42,-1,-35
1742099960.648133,-65,47,-41
1742099960.6831331,-71,-24,-136
1742099960.718133,32,37,15
1742099960.754133,0,-2,-62
1742099960.789133,-47,-18,-12
1742099960.825133,64,-44,7
1742099960.8601332,-95,39,-32
1742099960.8961332,24,-20,-2
1742099960.931133,-29,-16,23
1742099960.966133,56,-18,-106
1742099961.0021331,-25,-108,-76
1742099961.037133,-1,125,-54
1742099961.073133,-23,-14,-106
1742099961.108133,40,-68,3
1742099961.144133,78,-34,-146
1742099961.1791332,44,-32,-92
1742099961.214133,8,19,-84
1742099961.250133,-25,55,-194
1742099961.2851331,-43,-62,-166
1742099961.3211331,16,-40,-72
1742099961.356133,10,-2,-46
1742099961.392133,-15,-24,79
1742099961.427133,28,-28,-48
1742099961.4621332,-89,-40,-8
1742099961.4981332,6,-18,-98
1742099961.533133,24,-46,-118
1742099961.569133,38,-54,35
1742099961.6041331,70,-56,-24
1742099961.6401331,8,17,39
1742099961.675133,-51,73,-52
1742099961.710133,-9,13,-60
1742099961.746133,-49,-2,87
1742099961.7811332,-19,-26,-38
1742099961.8171332,-55,5,55
1742099961.852133,30,49,-122
1742099961.888133,42,64,-114
1742099961.9231331,24,-36,-194
1742099961.958133,24,4,21
1742099961.994133,66,11,159
1742099962.029133,-21,3,7
1742099962.065133,20,-32,-44
1742099962.1001332,14,0,-22
1742099962.1361332,-3,13,7
1742099962.171133,30,-18,-70
1742099962.2061331,-71,51,-30
1742099962.2421331,44,-76,17
1742099962.277133,8,-2,29
1742099962.313133,-43,51,-136
1742099962.348133,-47,11,-78
1742099962.3831332,-5,-22,49
1742099962.418133,12,-30,-58
1742099962.454133,58,-12,-92
1742099962.490133,66,53,-82
1742099962.5251331,-39,-100,-8
1742099962.5611331,22,-48,67
1742099962.596133,-15,17,-96
1742099962.631133,-1,-22,-36
1742099962.6661332,48,13,15
1742099962.7021332,-11,35,35
1742099962.7381332,-27,-36,-72
1742099962.773133,96,-44,-70
1742099962.809133,-39,-6,-8
1742099962.8441331,12,-36,37
1742099962.879133,26,45,7
1742099962.914133,44,-46,-54
1742099962.950133,-13,-8,21
1742099962.986133,12,21,-72
1742099963.0211332,22,-26,-36
1742099963.0571332,56,-48,17
1742099963.092133,-43,37,1
1742099963.1271331,68,27,-130
1742099963.162133,56,5,-38
1742099963.198133,10,-38,49
1742099963.234133,-31,65,73
1742099963.269133,-71,9,-62
1742099963.305133,-37,73,13
1742099963.3401332,-87,-18,53
1742099963.375133,18,-20,-94
1742099963.4101331,12,33,39
1742099963.4461331,28,-36,-128
1742099963.4821332,38,-26,-192
1742099963.517133,-39,-38,-76
1742099963.553133,-51,0,47
1742099963.588133,24,11,-52
1742099963.6231332,-51,15,31
1742099963.658133,-1,-2,-28
1742099963.694133,26,67,-22
1742099963.730133,28,0,5
1742099963.7651331,-61,-16,-138
1742099963.8011332,12,31,-20
1742099963.836133,-26,19,17
1742099963.871133,-7,-28,-98
1742099963.9061332,-37,-52,-18
1742099963.9421332,8,37,-72
1742099963.9781332,12,69,-132
1742099964.013133,75,27,-38
1742099964.049133,-20,53,-46
1742099964.0841331,45,3,-96
1742099964.119133,-20,-26,-18
1742099964.154133,-6,-36,-26
1742099964.190133,41,59,31
1742099964.226133,-4,-2,-54
1742099964.2611332,-50,19,-48
1742099964.297133,37,-12,-10
1742099964.332133,41,27,-48
1742099964.3671331,9,-18,-96
1742099964.402133,59,33,-88
1742099964.438133,-12,15,-78
1742099964.474133,-16,-48,73
1742099964.509133,47,-26,5
1742099964.545133,39,83,-96
1742099964.5801332,-2,27,-76
1742099964.615133,9,41,-136
1742099964.6501331,25,-8,-114
1742099964.6861331,-35,-22,-122
1742099964.7221332,75,7,-106
1742099964.757133,15,-50,-138
1742099964.793133,45,-94,-112
1742099964.828133,0,-18,21
1742099964.8631332,-12,19,-4
1742099964.898133,0,-2,-52
1742099964.934133,4,59,-48
1742099964.970133,-1,-58,-134
1742099965.0051332,68,7,-169
1742099965.0411332,32,-34,-58
1742099965.076133,-69,11,-4
1742099965.111133,-39,73,-102
1742099965.1461332,22,7,-165
1742099965.1821332,-7,-24,-47
1742099965.218133,-39,63,-147
1742099965.253133,-35,-6,-117
1742099965.289133,26,-28,-213
1742099965.3241332,58,51,24
1742099965.359133,-47,25,-125
1742099965.394133,16,13,-159
1742099965.430133,-9,1,-37
1742099965.466133,26,-44,-23
1742099965.501133,-13,29,-25
1742099965.537133,-21,87,-101
1742099965.572133,-121,39,-77
1742099965.6071332,22,-62,60
1742099965.642133,41,-6,-63
1742099965.678133,-27,-26,-101
1742099965.714133,-18,0,-40
1742099965.749133,-32,75,-108
1742099965.7851331,21,-32,-29
1742099965.820133,1,-52,12
1742099965.855133,-44,7,-53
1742099965.8901331,-14,89,-125
1742099965.9261332,17,81,-69
1742099965.9621332,-34,27,-165
1742099965.997133,-10,-4,-21
1742099966.033133,-24,29,46
1742099966.068133,13,-16,-127
1742099966.1031332,-20,-6,8
1742099966.138133,59,-18,-253
1742099966.174133,-60,-52,24
1742099966.210133,15,-4,54
1742099966.2451332,-44,9,-63
1742099966.2811332,-12,-36,22
1742099966.316133,1,17,-93
1742099966.351133,-34,-24,-75
1742099966.3861332,67,-18,-31
1742099966.422133,-12,33,-25
1742099966.458133,-31,27,-91
1742099966.493133,56,-40,-17
1742099966.529133,2,25,-63
1742099966.5641332,62,1,-1
1742099966.599133,40,5,-67
1742099966.635133,-17,33,-161
1742099966.670133,-35,31,46
1742099966.7061331,66,-22,-37
1742099966.741133,40,14,-131
1742099966.777133,-27,53,-23
1742099966.812133,18,50,-101
1742099966.8471332,24,-85,-37
1742099966.8831332,44,20,-101
1742099966.918133,-65,70,100
1742099966.954133,38,26,-55
1742099966.9891331,34,-18,-147
1742099967.0251331,-45,13,22
1742099967.060133,34,33,-59
1742099967.095133,-29,1,-101
1742099967.131133,-27,5,-49
1742099967.1731331,16,6,-7
1742099967.210133,-111,24,-53
1742099967.2451332,32,0,-69
1742099967.2811332,-9,46,-103
1742099967.316133,-13,0,24
1742099967.351133,-1,-15,-139
1742099967.3871331,-35,40,-75
1742099967.422133,-45,-1,-71
1742099967.458133,-41,-31,0
1742099967.493133,-59,-35,22
1742099967.529133,-47,-16,-95
1742099967.5641332,-43,-34,-21
1742099967.599133,8,5,6
1742099967.635133,20,29,-161
1742099967.670133,-71,-64,10
1742099967.7061331,-111,3,42
1742099967.741133,16,6,2
1742099967.777133,-11,69,-121
1742099967.812133,-109,-70,0
1742099967.8471332,52,67,-103
1742099967.8831332,8,-15,-155
1742099967.918133,-41,-2,-47
1742099967.954133,-1,15,88
1742099967.9891331,22,-32,-139
1742099968.0251331,-17,-18,-63
1742099968.060133,-43,-16,14
1742099968.095133,4,23,52
1742099968.131133,-37,71,16
1742099968.1661332,0,3,-11
1742099968.2021332,-19,27,0
1742099968.237133,-69,15,-179
1742099968.273133,-41,-74,6
1742099968.3081331,-9,77,-91
1742099968.343133,34,47,-203
1742099968.379133,-47,-16,22
1742099968.414133,-31,-12,36
1742099968.450133,-79,57,-11
1742099968.4851332,6,-16,-103
1742099968.5211332,-9,0,80
1742099968.556133,-91,-16,-37
1742099968.591133,72,-6,-77
1742099968.6271331,-33,-34,-33
1742099968.662133,-37,13,14
1742099968.698133,60,31,-63
1742099968.733133,42,-54,74
1742099968.769133,36,91,-141
1742099968.8041332,4,59,-67
1742099968.839133,-5,33,40
1742099968.875133,-7,-40,-41
1742099968.9101331,62,-10,-77
1742099968.9461331,80,49,-81
1742099968.981133,-17,71,-171
1742099969.016133,-19,35,-77
1742099969.0511332,-79,21,24
1742099969.0871332,22,21,-107
1742099969.1231332,84,39,22
1742099969.158133,22,15,126
1742099969.194133,4,-58,-77
1742099969.2291331,-49,29,-81
1742099969.264133,-5,9,-33
1742099969.299133,6,19,-23
1742099969.335133,18,53,30
1742099969.371133,14,-8,-31
1742099969.4061332,-55,-9,22
1742099969.4421332,-11,-33,-83
1742099969.477133,-43,58,-103
1742099969.5121331,22,-59,-17
1742099969.547133,70,-35,-63
1742099969.583133,2,-7,-7
1742099969.619133,-41,-5,-97
1742099969.654133,-43,0,-65
1742099969.690133,10,2,-163
1742099969.7251332,-55,24,-127
1742099969.760133,32,-61,-5
1742099969.795133,40,4,4
1742099969.8311331,-9,58,36
1742099969.8671331,0,22,-109
1742099969.902133,22,-65,-28
1742099969.938133,92,-13,51
1742099969.973133,20,-5,-190
1742099970.0081332,2,86,-76
1742099970.043133,-11,-23,-38
1742099970.079133,-45,12,-10
1742099970.115133,-39,62,-36
1742099970.1501331,-67,-37,-126
1742099970.1861331,-17,-43,-126
1742099970.221133,-45,16,-40
1742099970.256133,-43,-23,-20
1742099970.2911332,26,-16,43
1742099970.3271332,50,-31,-54
1742099970.3631332,52,26,-2
1742099970.398133,-21,-7,-80
1742099970.434133,-17,31,-120
1742099970.4691331,66,-20,-60
1742099970.504133,48,-44,17
1742099970.539133,-19,-12,-74
1742099970.575133,32,-82,-26
1742099970.611133,-3,-32,-60
1742099970.6461332,-11,-32,15
1742099970.6821332,4,0,-90
1742099970.717133,68,46,-130
1742099970.7521331,28,7,-12
1742099970.787133,-15,-34,-34
1742099970.823133,-25,1,-136
1742099970.859133,-9,29,-188
1742099970.894133,50,51,-86
1742099970.930133,-49,35,3
1742099970.9651332,88,3,155
1742099971.000133,-3,31,-94
1742099971.0351331,-5,3,-76
1742099971.0711331,-61,3,31
1742099971.1071332,-27,-47,21
1742099971.142133,28,-31,-88
1742099971.178133,-25,-43,41
1742099971.213133,-41,-55,-82
1742099971.2481332,90,0,-86
1742099971.283133,56,6,-12
1742099971.319133,54,-23,-14
1742099971.355133,-45,-3,11
1742099971.3901331,-65,-111,-38
1742099971.4261332,-81,-45,-70
1742099971.461133,-100,66,-38
1742099971.496133,30,38,-10
1742099971.5311332,-1,58,-8
1742099971.5671332,-67,-1,39
1742099971.6031332,-41,-7,-18
1742099971.638133,2,-69,-50
1742099971.674133,80,-51,37
1742099971.7091331,-31,32,-118
1742099971.744133,64,110,-74
1742099971.779133,60,-73,29
1742099971.815133,-99,-29,1
1742099971.851133,-15,36,-46
1742099971.8861332,-35,2,-74
1742099971.922133,44,-25,-58
1742099971.957133,-17,30,7
1742099971.9921331,6,50,-56
1742099972.0281332,-5,30,-82
1742099972.063133,-133,12,17
1742099972.099133,-61,-25,-46
1742099972.134133,-39,0,-36
1742099972.170133,20,-69,-64
1742099972.2051332,38,-3,-256
1742099972.240133,-11,14,-150
1742099972.2751331,4,-15,-62
1742099972.3111331,-21,-63,-64
1742099972.3471332,14,22,-10
1742099972.382133,-51,28,83
1742099972.418133,-17,-77,5
1742099972.453133,49,-13,-63
1742099972.4881332,19,4,7
1742099972.523133,-65,-25,-54
1742099972.559133,34,27,-73
1742099972.595133,-5,57,-63
1742099972.6301332,62,15,-37
1742099972.6661332,-95,7,-11
1742099972.701133,-35,-19,-13
1742099972.736133,42,21,-119
1742099972.7711332,24,-72,126
1742099972.8071332,42,29,-113
1742099972.843133,38,-50,-47
1742099972.878133,105,-20,-35
1742099972.914133,-17,-54,2
1742099972.9491332,-43,-68,-53
1742099972.984133,6,15,-111
1742099973.020133,12,7,-107
1742099973.056133,32,73,-47
1742099973.092133,2,2,78
1742099973.1271331,-21,22,-21
1742099973.1631331,12,-19,-159
1742099973.198133,18,62,-245
1742099973.234133,-83,8,-1
1742099973.269133,-13,-4,-61
1742099973.3041332,-63,59,-123
1742099973.3401332,36,-46,2
1742099973.375133,24,-2,-44
1742099973.411133,-23,-44,-114
1742099973.4461331,-17,7,-70
1742099973.4821332,-91,-36,-32
1742099973.517133,-51,-16,-15
1742099973.552133,-59,-7,5
1742099973.588133,22,-13,-42
1742099973.6231332,42,-19,-48
1742099973.6591332,-71,0,-106
1742099973.694133,-59,-59,-40
1742099973.730133,16,-1,3
1742099973.7651331,82,-27,-46
1742099973.800133,5,54,-72
1742099973.836133,16,21,-86
1742099973.871133,28,48,-91
1742099973.907133,-79,90,-9
1742099973.9421332,16,-15,-55
1742099973.9781332,20,14,0
1742099974.013133,-1,-13,64
1742099974.0481331,-13,28,-36
1742099974.0841331,-39,18,-54
1742099974.119133,-21,35,-34
1742099974.155133,20,5,-58
1742099974.190133,54,5,-17
1742099974.226133,0,-8,-62
1742099974.2611332,30,15,-27
1742099974.296133,-27,1,-7
1742099974.332133,-11,-68,-61
1742099974.3671331,-33,-128,-49
1742099974.4031332,-37,35,-15
1742099974.438133,-61,41,-61
1742099974.474133,40,7,16
1742099974.509133,-23,-40,52
1742099974.5441332,-47,-10,-69
1742099974.5801332,-27,37,76
1742099974.615133,-39,-24,-47
1742099974.651133,-21,11,-141
1742099974.6861331,-27,7,-27
1742099974.7221332,70,-40,-47
1742099974.757133,56,-14,32
1742099974.792133,60,-34,-35
1742099974.828133,94,-62,-65
1742099974.8631332,36,-8,-71
1742099974.899133,42,-26,-37
1742099974.934133,86,7,-89
1742099974.970133,14,-32,34
1742099975.0051332,12,-24,-169
1742099975.040133,30,21,8
1742099975.076133,-17,-84,-15
1742099975.111133,-49,27,-61
1742099975.147133,-1,-12,-57
1742099975.1821332,74,-14,-31
1742099975.218133,-27,-2,-11
1742099975.253133,100,-16,-9
1742099975.2881331,-19,1,-127
1742099975.3241332,-5,23,-169
1742099975.359133,12,45,32
1742099975.395133,-1,-10,-67
1742099975.430133,0,-10,-29
1742099975.4651332,18,21,-139
1742099975.500133,-1,33,2
1742099975.536133,-19,11,-131
1742099975.572133,13,-40,-27
1742099975.6071332,18,37,-117
1742099975.6431332,40,1,-91
1742099975.678133,19,3,-59
1742099975.713133,-24,143,-19
1742099975.7481332,-43,-28,-77
1742099975.7841332,30,51,-23
1742099975.820133,-17,-16,-101
1742099975.855133,-12,0,44
1742099975.891133,18,49,-135
1742099975.9261332,38,9,-67
1742099975.961133,-39,23,-49
1742099975.996133,-39,-56,-25
1742099976.032133,-79,0,-139
1742099976.068133,66,35,-81
1742099976.1031332,-29,11,-69
1742099976.139133,-29,-100,-115
1742099976.174133,52,5,-75
1742099976.2091331,-5,0,0
1742099976.244133,-17,-14,-155
1742099976.280133,-63,-58,-37
1742099976.316133,-11,31,-91
1742099976.351133,-9,0,-107
1742099976.3871331,10,-60,58
1742099976.422133,-33,94,-39
1742099976.457133,26,11,26
1742099976.4921331,-37,11,26
1742099976.5281332,-25,3,-19
1742099976.5641332,112,-60,-57
1742099976.599133,12,13,74
1742099976.635133,8,7,-51
1742099976.670133,30,17,-79
1742099976.7051332,-71,-90,-115
1742099976.740133,-19,-26,-183
1742099976.776133,-69,-10,-101
1742099976.812133,0,77,-63
1742099976.8471332,-1,83,-45
1742099976.8831332,-65,73,-27
1742099976.918133,-55,15,-77
1742099976.953133,-5,0,-97
1742099976.9881332,10,57,-101
1742099977.024133,-57,17,28
1742099977.060133,-3,2,-179
1742099977.095133,-69,-21,6
1742099977.131133,-33,82,-31
1742099977.1661332,44,-27,16
1742099977.208133,10,52,40
1742099977.244133,6,92,-125
1742099977.280133,-11,-61,-39
1742099977.316133,104,16,-61
1742099977.351133,50,6,-43
1742099977.3871331,-79,-71,34
1742099977.422133,-19,-41,-107
1742099977.457133,8,-32,40
1742099977.4921331,10,-52,-157
1742099977.5281332,60,0,-11
1742099977.5641332,-31,42,-154
1742099977.599133,26,72,37
1742099977.635133,16,-7,38
1742099977.670133,60,-23,-85
1742099977.7051332,-17,30,-27
1742099977.740133,-29,-13,-133
1742099977.776133,18,20,-95
1742099977.812133,44,8,-5
1742099977.8471332,20,16,-126
1742099977.8831332,56,32,53
1742099977.918133,-5,40,-40
1742099977.953133,-13,22,3
1742099977.9881332,24,6,-86
1742099978.024133,74,4,-120
1742099978.060133,42,40,-62
1742099978.095133,0,-37,49
1742099978.131133,-29,19,33
1742099978.1661332,-57,75,-58
1742099978.201133,-45,41,-54
1742099978.236133,22,33,-74
1742099978.272133,38,13,-102
1742099978.3081331,-65,60,59
1742099978.343133,70,-63,69
1742099978.379133,-53,4,1
1742099978.414133,44,-27,-20
1742099978.4491332,-23,-35,-24
1742099978.484133,-17,34,-8
1742099978.520133,2,8,-146
1742099978.556133,-9,-17,-74
1742099978.591133,-19,-15,-2
1742099978.6271331,-37,-67,-60
1742099978.662133,-25,10,-136
1742099978.697133,0,-5,47
1742099978.7321332,4,-67,-10
1742099978.7681332,48,38,-36
1742099978.8041332,14,32,-122
1742099978.839133,40,-89,-162
1742099978.875133,56,-41,-34
1742099978.9101331,16,-15,-50
1742099978.945133,82,15,-154
1742099978.980133,-15,-26,0
1742099979.016133,-33,-6,-128
1742099979.052133,8,50,-178
1742099979.0871332,-13,17,-70
1742099979.1231332,48,19,-130
1742099979.158133,30,-34,-30
1742099979.193133,-5,-34,-84
1742099979.2281332,-31,-22,-86
1742099979.264133,12,15,-152
1742099979.300133,-53,17,-46
1742099979.335133,22,85,-40
1742099979.371133,-47,77,11
1742099979.4061332,-61,-48,-142
1742099979.441133,14,-50,75
1742099979.477133,-53,56,-82
1742099979.5121331,-39,28,-96
1742099979.5481331,-15,18,-168
1742099979.583133,20,-23,-94
1742099979.619133,48,-51,-84
1742099979.654133,-45,50,-58
1742099979.6891332,-61,-47,-73
1742099979.7251332,60,-35,-49
1742099979.760133,-21,20,38
1742099979.796133,34,50,-56
1742099979.8311331,12,62,-45
1742099979.8671331,-27,-1,-89
1742099979.902133,46,-36,16
1742099979.937133,94,31,-79
1742099979.973133,-83,-48,-161
1742099980.0081332,-63,23,-101
1742099980.0441332,-37,-16,-57
1742099980.079133,18,12,-37
1742099980.115133,18,30,-67
1742099980.1501331,-25,11,-21
1742099980.185133,-57,96,-47
1742099980.221133,40,40,-81
1742099980.256133,-31,48,-115
1742099980.292133,-9,-63,66
1742099980.3271332,34,0,-27
1742099980.3631332,48,16,-81
1742099980.398133,-61,-11,-45
1742099980.4331331,-17,-13,-91
1742099980.4691331,-29,0,-113
1742099980.504133,-69,-97,-57
1742099980.540133,-33,2,20
1742099980.575133,-39,-45,16
1742099980.611133,12,-31,-97
1742099980.6461332,-3,44,-59
1742099980.681133,0,48,-21
1742099980.717133,-43,94,-155
1742099980.7521331,-19,-21,34
1742099980.7881331,-57,-23,44
1742099980.823133,14,-9,-113
1742099980.859133,6,-7,18
1742099980.894133,8,-39,-139
1742099980.9291332,-103,8,20
1742099980.9651332,-31,66,-173
1742099981.000133,106,18,-19
1742099981.036133,-23,-1,12
1742099981.0711331,82,36,8
1742099981.1071332,64,-79,72
1742099981.142133,100,16,-31
1742099981.177133,8,-67,-83
1742099981.213133,-1,50,-3
1742099981.2481332,-53,-70,-111
1742099981.2841332,46,-46,-75
1742099981.319133,-15,-49,-61
1742099981.355133,-11,69,-127
1742099981.3901331,56,-38,-31
1742099981.425133,32,11,-187
1742099981.461133,16,23,-3
1742099981.496133,36,69,62
1742099981.532133,-33,-8,118
1742099981.5671332,40,-46,24
1742099981.6031332,38,67,-69
1742099981.638133,68,39,90
1742099981.6731331,14,5,26
1742099981.7091331,6,-42,-65
1742099981.744133,58,-58,-155
1742099981.780133,10,15,-65
1742099981.815133,32,-8,-137
1742099981.8501332,-1,81,54
1742099981.885133,-63,-94,34
1742099981.921133,-25,13,-257
1742099981.957133,-27,-44,-65
1742099981.9921331,-29,53,4
1742099982.0281332,88,-80,126
1742099982.063133,-61,-30,-69
1742099982.098133,-77,-10,20
1742099982.1331332,18,-9,4
1742099982.1691332,-13,38,-43
1742099982.2051332,-21,48,-57
1742099982.240133,4,-1,-101
1742099982.276133,86,-27,-101
1742099982.3111331,32,-11,-145
1742099982.346133,-57,17,-191
1742099982.381133,-81,-38,-33
1742099982.417133,-41,-30,-77
1742099982.453133,0,-3,-167
1742099982.4881332,-67,38,-31
1742099982.524133,-31,54,-33
1742099982.559133,28,56,16
1742099982.5941331,-39,-34,14
1742099982.629133,60,26,70
1742099982.665133,-23,-23,-79
1742099982.701133,-21,-16,-45
1742099982.736133,32,-76,-153
1742099982.772133,-35,-56,-59
1742099982.8071332,0,9,-95
1742099982.842133,-34,-22,26
1742099982.8771331,-34,45,-121
1742099982.9131331,-26,-21,56
1742099982.9491332,-12,44,64
1742099982.984133,-32,-13,-167
1742099983.020133,-52,-51,160
1742099983.055133,-32,14,-23
1742099983.0901332,45,12,-19
1742099983.125133,-6,2,12
1742099983.161133,71,-19,-87
1742099983.197133,25,-3,40
1742099983.2321332,-22,-11,-11
1742099983.2681332,25,14,-27
1742099983.303133,9,0,-27
1742099983.338133,111,68,-71
1742099983.3731332,-40,18,-177
1742099983.4091332,5,-15,-103
1742099983.445133,105,-27,-27
1742099983.480133,27,36,0
1742099983.516133,-32,126,-61
1742099983.5511332,111,-35,-95
1742099983.586133,53,-41,18
1742099983.621133,-91,-14,-37
1742099983.657133,0,-31,-51
1742099983.693133,-76,0,4
1742099983.7281332,72,-74,-65
1742099983.764133,8,39,-65
1742099983.799133,8,-29,-19
1742099983.8341331,54,-47,-27
1742099983.869133,24,55,-175
1742099983.905133,-101,-65,-67
1742099983.941133,-57,62,-25
1742099983.976133,8,48,-133
1742099984.0121331,68,-15,-81
1742099984.047133,-53,-5,-189
1742099984.082133,92,-63,-191
1742099984.1171331,78,-17,-63
1742099984.1531332,50,34,-125
1742099984.1891332,-87,-9,-47
1742099984.224133,-89,93,-75
1742099984.260133,-5,-25,-67
1742099984.295133,14,8,10
1742099984.3301332,-63,40,28
1742099984.365133,20,-19,-7
1742099984.401133,-23,-13,-117
1742099984.437133,-39,-65,-215
1742099984.4721332,-9,18,40
1742099984.5081332,-43,-17,-61
1742099984.543133,-41,6,-101
1742099984.578133,26,-53,-89
1742099984.6131332,2,-51,-41
1742099984.649133,4,0,-13
1742099984.685133,-75,6,-95
1742099984.720133,54,28,-103
1742099984.756133,-39,22,24
1742099984.7911332,84,70,-55
1742099984.826133,104,-13,-121
1742099984.861133,24,50,64
1742099984.897133,32,-35,-141
1742099984.9331331,33,-23,-115
1742099984.968133,-15,24,-63
1742099985.004133,-29,22,-99
1742099985.039133,-69,-7,54
1742099985.0741332,-7,-25,46
1742099985.109133,78,72,-163
1742099985.145133,-19,-25,-129
1742099985.181133,53,-37,-119
1742099985.216133,51,48,6
1742099985.2521331,23,6,-11
1742099985.287133,47,104,-73
1742099985.322133,45,10,-73
1742099985.3571332,23,-75,-11
1742099985.3931332,72,20,-65
1742099985.4291332,-43,-27,-89
1742099985.464133,10,-3,-15
1742099985.500133,22,-55,-69
1742099985.5351331,36,-69,-65
1742099985.570133,-23,-7,-39
1742099985.605133,18,48,12
1742099985.641133,-41,-25,46
1742099985.677133,8,0,-91
1742099985.7121332,-43,46,8
1742099985.7481332,-1,38,18
1742099985.783133,54,24,-39
1742099985.818133,-5,-2,6
1742099985.8531332,48,14,78
1742099985.889133,-21,-31,-109
1742099985.925133,-43,-7,10
1742099985.960133,-79,14,-73
1742099985.996133,-39,-29,4
1742099986.0311332,-27,22,-15
1742099986.066133,-21,82,-105
1742099986.102133,48,-3,-127
1742099986.1371331,-17,32,4
1742099986.1731331,62,-17,30
1742099986.208133,36,-19,-21
1742099986.244133,38,78,-115
1742099986.279133,70,-5,106
1742099986.3141332,8,40,-225
1742099986.3501332,-25,-35,-35
1742099986.385133,14,-31,-145
1742099986.421133,20,50,12
1742099986.4561331,-45,-29,-25
1742099986.4921331,-45,-23,-35
1742099986.527133,24,14,-145
1742099986.562133,-25,58,-187
1742099986.598133,-93,26,-27
1742099986.6331332,-15,12,-85
1742099986.6691332,-65,-5,14
1742099986.704133,38,40,44
1742099986.740133,-41,18,-123
1742099986.7751331,-99,6,-153
1742099986.810133,34,-15,-55
1742099986.846133,22,42,22
1742099986.881133,22,-37,-227
1742099986.917133,-35,-29,-95
1742099986.9521332,-47,-27,-71
1742099986.9881332,16,-17,-209
1742099987.023133,56,12,-69
1742099987.0581331,-113,-3,-109
1742099987.0941331,114,16,-51
1742099987.129133,90,54,-91
1742099987.165133,32,-45,-167
1742099987.200133,82,60,0
1742099987.2421331,-1,8,8
1742099987.2781332,0,-13,-34
1742099987.3141332,-21,12,0
1742099987.3501332,-23,-61,-7
1742099987.385133,40,24,-37
1742099987.421133,26,40,14
1742099987.4561331,-11,32,-1
1742099987.4921331,96,-57,-59
1742099987.527133,6,-5,-19
1742099987.562133,44,14,-101
1742099987.598133,-13,24,-127
1742099987.6331332,34,-45,-51
1742099987.6691332,-5,24,-128
1742099987.704133,52,32,-61
1742099987.740133,66,-39,-18
1742099987.7751331,40,-7,-118
1742099987.810133,-55,4,-166
1742099987.846133,-27,52,41
1742099987.881133,46,34,-28
1742099987.917133,28,-41,-52
1742099987.9521332,88,1,-40
1742099987.9881332,6,-16,-96
1742099988.023133,-33,-72,-30
1742099988.0581331,-13,-44,0
1742099988.0941331,-53,37,-40
1742099988.129133,0,-5,-106
1742099988.165133,-7,40,-134
1742099988.200133,-11,-55,-132
1742099988.236133,-21,-23,75
1742099988.272133,-15,43,-58
1742099988.3071332,-103,38,55
1742099988.342133,6,0,-140
1742099988.378133,-23,16,-58
1742099988.414133,-3,-15,-18
1742099988.4491332,-13,70,37
1742099988.4851332,-13,-51,25
1742099988.520133,-1,12,-248
1742099988.555133,0,-73,-44
1742099988.5901332,22,-19,9
1742099988.626133,16,-55,-62
1742099988.662133,-71,-43,-28
1742099988.697133,40,-9,-166
1742099988.733133,-45,54,-162
1742099988.7681332,-19,48,5
1742099988.803133,46,-5,15
1742099988.838133,-67,-47,-60
1742099988.874133,22,84,-32
1742099988.9101331,-5,64,-28
1742099988.945133,-67,-4,13
1742099988.981133,-77,15,-66
1742099989.016133,0,-16,-30
1742099989.0511332,-3,63,-146
1742099989.086133,38,83,89
1742099989.122133,24,4,15
1742099989.158133,8,-33,-84
1742099989.193133,-25,-11,-102
1742099989.2291331,20,-9,125
1742099989.264133,10,38,-18
1742099989.299133,68,0,-52
1742099989.3341331,74,-31,-28
1742099989.3701332,-33,88,19
1742099989.4061332,26,-41,67
1742099989.441133,12,-35,-8
1742099989.477133,-35,-96,-66
1742099989.5121331,46,-27,-74
1742099989.547133,-1,-12,-30
1742099989.582133,-31,21,-36
1742099989.618133,112,1,-66
1742099989.654133,44,25,-100
1742099989.6891332,30,-30,-66
1742099989.7251332,-40,-10,17
1742099989.760133,-26,86,21
1742099989.795133,36,-9,21
1742099989.8301332,-89,-55,-28
1742099989.866133,12,33,33
1742099989.902133,32,23,-100
1742099989.937133,-37,32,-96
1742099989.973133,82,8,-132
1742099990.0081332,10,-22,-6
1742099990.043133,56,-18,-20
1742099990.078133,0,35,9
1742099990.1141331,-71,13,-56
1742099990.1501331,24,31,-90
1742099990.185133,-39,-10,7
1742099990.221133,16,10,-66
1742099990.256133,24,-57,-122
1742099990.2911332,-23,19,7
1742099990.326133,-13,-21,-22
1742099990.362133,16,13,-2
1742099990.398133,60,-120,-50
1742099990.4331331,38,-20,-172
1742099990.4691331,-15,-52,-26
1742099990.504133,50,7,-40
1742099990.539133,-149,-24,-54
1742099990.5741332,-39,41,13
1742099990.6101332,66,0,-172
1742099990.6461332,68,7,-134
1742099990.681133,-11,-14,45
1742099990.717133,-37,-26,-44
1742099990.7521331,18,7,-68
1742099990.787133,-47,47,75
1742099990.822133,-23,65,-140
1742099990.858133,-73,-6,-44
1742099990.894133,20,8,-48
1742099990.9291332,28,-49,-32
1742099990.9651332,-27,48,-20
1742099991.000133,58,54,-12
1742099991.0351331,-37,2,-86
1742099991.070133,-23,-3,33
1742099991.106133,-61,-27,27
1742099991.142133,-19,-1,-98
1742099991.177133,26,-35,19
1742099991.213133,-37,70,-66
1742099991.2481332,-15,43,41
1742099991.283133,42,-66,-168
1742099991.318133,40,-25,-22
1742099991.3541331,-1,-44,-100
1742099991.3901331,34,-82,-176
1742099991.425133,-51,-36,13
1742099991.461133,-35,-20,-82
1742099991.496133,-39,21,-90
1742099991.5311332,20,-14,-72
1742099991.566133,32,63,-8
1742099991.602133,-81,15,-98
1742099991.638133,-43,-10,-58
1742099991.6731331,-59,-38,11
1742099991.7091331,46,-94,15
1742099991.744133,-41,7,75
1742099991.779133,-33,-2,-104
1742099991.8141332,-29,0,-156
1742099991.8501332,62,-86,-36
1742099991.8861332,16,13,-26
1742099991.921133,10,19,-70
1742099991.957133,-97,33,-182
1742099991.9921331,4,-44,-16
1742099992.027133,-35,33,-76
1742099992.062133,32,13,55
1742099992.098133,-49,21,-30
1742099992.134133,36,-82,-160
1742099992.1691332,-15,-2,-118
1742099992.2051332,-27,35,-90
1742099992.240133,-57,-26,-94
1742099992.2751331,-67,-32,-26
1742099992.310133,18,45,0
1742099992.346133,8,37,-60
1742099992.382133,52,-28,-62
1742099992.417133,-19,-2,-62
1742099992.453133,62,19,-100
1742099992.4881332,-48,-8,-66
1742099992.523133,56,-34,-112
1742099992.559133,57,53,-76
1742099992.5941331,-26,1,-12
1742099992.6301332,-5,-12,-58
1742099992.665133,-1,53,-60
1742099992.701133,-36,-70,-24
1742099992.736133,28,32,-82
1742099992.7711332,-18,-21,-168
1742099992.8071332,-79,-47,-210
1742099992.842133,40,-89,-154
1742099992.878133,78,-45,27
1742099992.9131331,-17,-53,-34
1742099992.9491332,-41,38,-142
1742099992.984133,-9,-45,-126
1742099993.019133,-55,18,-50
1742099993.055133,-7,-13,-32
1742099993.0901332,78,-1,-22
1742099993.126133,-7,-29,87
1742099993.161133,-15,26,-20
1742099993.197133,22,-11,-164
1742099993.2321332,26,-51,-166
1742099993.267133,-33,-11,-122
1742099993.303133,-39,-35,23
1742099993.338133,-59,-25,-66
1742099993.374133,-13,8,-86
1742099993.4091332,124,-27,-29
1742099993.445133,26,-7,-94
1742099993.480133,-33,24,-75
1742099993.5151331,-17,-79,20
1742099993.5511332,-43,-45,28
1742099993.586133,-49,-41,-33
1742099993.622133,-69,-53,-25
1742099993.657133,-45,-17,-62
1742099993.693133,12,-33,-183
1742099993.7281332,28,34,110
1742099993.763133,38,34,-23
1742099993.799133,-55,-11,60
1742099993.8341331,20,-5,-109
1742099993.8701332,2,14,-9
1742099993.905133,-21,-19,6
1742099993.941133,12,10,-133
1742099993.976133,64,14,-57
1742099994.0111332,20,0,4
1742099994.047133,-7,6,80
1742099994.082133,-19,8,-3
1742099994.118133,28,45,4
1742099994.1531332,-7,16,-55
1742099994.1891332,24,31,-79
1742099994.224133,22,23,2
1742099994.259133,6,34,-51
1742099994.295133,36,4,-29
1742099994.3301332,32,-73,-101
1742099994.366133,10,12,-43
1742099994.401133,10,2,-25
1742099994.437133,-17,-7,-7
1742099994.4721332,4,-23,-37
1742099994.507133,-19,22,44
1742099994.543133,-63,6,-13
1742099994.578133,60,-33,-1
1742099994.6141331,24,20,-59
1742099994.649133,34,14,-39
1742099994.685133,120,54,-93
1742099994.721133,-7,-45,-51
1742099994.756133,8,4,-121
1742099994.7911332,22,32,6
1742099994.8271332,46,-9,-31
1742099994.8631332,38,46,-33
1742099994.898133,52,78,2
1742099994.934133,20,-22,-95
1742099994.9691331,-63,-10,-217
1742099995.004133,-7,-16,16
1742099995.039133,-29,-84,2
1742099995.075133,28,-43,-155
1742099995.111133,0,70,42
1742099995.1461332,4,-61,52
1742099995.1821332,8,-62,-19
1742099995.217133,58,-8,-139
1742099995.2521331,-67,-30,-105
1742099995.287133,-67,11,60
1742099995.323133,-7,-66,-113
1742099995.359133,-49,11,-1
1742099995.394133,42,-34,-99
1742099995.430133,-11,56,-107
1742099995.4651332,68,-1,20
1742099995.500133,4,43,38
1742099995.5351331,-41,51,-67
1742099995.5711331,34,6,-77
1742099995.6071332,-33,-7,58
1742099995.642133,-69,-71,-147
1742099995.678133,-15,-21,38
1742099995.713133,10,39,-11
1742099995.7481332,-15,73,-29
1742099995.783133,14,-4,-79
1742099995.819133,-23,-16,36
1742099995.855133,44,67,-97
1742099995.8901331,-27,-82,-3
1742099995.9261332,-41,75,68
1742099995.961133,-63,69,50
1742099995.996133,52,9,-11
1742099996.0311332,-47,0,0
1742099996.0671332,-21,-12,4
1742099996.1031332,-7,-28,38
1742099996.138133,20,69,-129
1742099996.174133,30,39,20
1742099996.2091331,-5,-54,62
1742099996.244133,-7,59,68
1742099996.279133,-53,-26,-81
1742099996.315133,-39,-54,-65
1742099996.351133,58,22,-127
1742099996.3861332,-45,-26,-113
1742099996.422133,-45,-26,68
1742099996.457133,32,-29,-77
1742099996.4921331,-65,1,-93
1742099996.527133,26,-29,-17
1742099996.563133,32,76,-23
1742099996.599133,-23,-81,36
1742099996.634133,-15,-27,-41
1742099996.670133,-43,39,-121
1742099996.7051332,22,-16,-119
1742099996.740133,24,-38,18
1742099996.7751331,60,-40,46
1742099996.8111331,46,7,-41
1742099996.8471332,-19,15,74
1742099996.882133,-3,21,-49
1742099996.918133,24,-50,-47
1742099996.953133,4,-4,10
1742099996.9881332,-13,-64,-35
1742099997.023133,-31,13,-29
1742099997.059133,-19,-2,-29
1742099997.095133,56,-32,-69
1742099997.1301332,46,-6,-149
1742099997.1661332,-27,-42,-119
1742099997.201133,50,23,-11
1742099997.243133,6,-12,-75
1742099997.279133,-9,-42,-43
1742099997.315133,50,41,-91
1742099997.351133,-65,-56,-173
1742099997.3861332,-45,51,-67
1742099997.422133,-31,45,-69
1742099997.457133,-17,59,-105
1742099997.4921331,-55,-48,-47
1742099997.527133,38,1,-35
1742099997.563133,-111,3,2
1742099997.599133,-31,1,-23
1742099997.634133,90,-18,-49
1742099997.670133,-7,-12,-37
1742099997.7051332,-5,-44,-33
1742099997.740133,-71,29,-187
1742099997.7751331,78,-10,-111
1742099997.8111331,-29,29,-81
1742099997.8471332,-35,3,-25
1742099997.882133,-55,11,-117
1742099997.918133,-37,-82,-21
1742099997.953133,-3,51,-163
1742099997.9881332,58,-132,-61
1742099998.023133,-3,-32,-113
1742099998.059133,-17,39,-49
1742099998.095133,66,-26,-41
1742099998.1301332,-35,-8,-99
1742099998.1661332,6,-12,-33
1742099998.201133,38,-60,-29
1742099998.236133,22,-48,-71
1742099998.2711332,-59,-40,-95
1742099998.3071332,-57,-30,-15
1742099998.343133,-27,-30,-81
1742099998.378133,4,-56,-103
1742099998.414133,20,9,44
1742099998.4491332,36,-58,-67
1742099998.484133,-33,1,8
1742099998.519133,-31,15,-29
1742099998.555133,-13,-2,-93
1742099998.591133,74,5,-45
1742099998.626133,10,-10,-45
1742099998.662133,-45,25,-101
1742099998.697133,16,-46,-91
1742099998.7321332,-67,65,-95
1742099998.7681332,-25,-56,42
1742099998.803133,18,-54,-29
1742099998.839133,6,-6,-59
1742099998.874133,-45,-46,34
1742099998.9101331,34,21,-75
1742099998.945133,-43,45,-133
1742099998.980133,-39,-44,28
1742099999.016133,4,21,-145
1742099999.0511332,-65,-34,-201
1742099999.0871332,-95,11,-21
1742099999.122133,62,-16,-87
1742099999.158133,-27,41,-23
1742099999.193133,12,13,-53
1742099999.2281332,34,-38,0
1742099999.264133,64,-60,90
1742099999.299133,-59,35,-87
1742099999.335133,2,-16,14
1742099999.3701332,-15,11,-17
1742099999.4061332,72,5,-59
1742099999.441133,-13,-46,-65
1742099999.476133,14,-12,-5
1742099999.5121331,28,5,-59
1742099999.547133,10,19,-1
1742099999.583133,-1,-4,-9
1742099999.618133,-77,37,24
1742099999.654133,-25,-84,46
1742099999.6891332,40,-38,-70
1742099999.724133,88,19,-62
1742099999.760133,-13,-46,-10
1742099999.795133,-81,-42,-48
1742099999.8311331,14,-52,111
1742099999.866133,-29,17,5
1742099999.902133,-9,15,-107
1742099999.937133,23,-10,-101
1742099999.9721332,58,17,-25
1742100000.0081332,-51,13,-49
1742100000.043133,-63,-18,-132
1742100000.079133,-15,5,-255
1742100000.1141331,63,79,70
1742100000.1501331,0,-34,-31
1742100000.185133,1,77,-41
1742100000.220133,4,35,44
1742100000.256133,-9,9,-51
1742100000.2911332,20,1,-19
1742100000.3271332,-33,-8,-49
1742100000.362133,106,-46,-67
1742100000.398133,-43,1,6
1742100000.4331331,22,-56,-23
1742100000.468133,-7,47,-117
1742100000.504133,44,9,-103
1742100000.539133,-7,-4,-45
1742100000.575133,-5,3,-43
1742100000.6101332,-27,-28,-3
1742100000.6461332,78,-6,31
1742100000.681133,6,5,-126
1742100000.716133,60,1,-114
1742100000.7521331,-57,-36,63
1742100000.787133,-29,19,-12
1742100000.823133,6,-28,-194
1742100000.858133,56,-44,17
1742100000.894133,-29,29,-52
1742100000.9291332,-55,-6,-144
1742100000.964133,10,1,-206
1742100001.000133,-45,-8,87
1742100001.0351331,14,3,-8
1742100001.0711331,28,-46,-34
1742100001.106133,52,13,-54
1742100001.142133,106,35,-48
1742100001.178133,-49,5,-84
1742100001.213133,-53,-4,7
1742100001.2481332,-55,-18,-110
1742100001.2841332,-61,42,-80
1742100001.320133,54,-19,-28
1742100001.355133,-23,-12,-120
1742100001.391133,-11,-12,-18
1742100001.4261332,38,23,9
1742100001.461133,26,-77,-46
1742100001.496133,18,-68,-26
1742100001.532133,34,21,-128
1742100001.568133,6,-4,-48
1742100001.6031332,46,-12,-44
1742100001.639133,24,12,-58
1742100001.674133,30,-11,-46
1742100001.7091331,44,17,75
1742100001.744133,54,56,-248
1742100001.780133,-65,-1,31
1742100001.816133,36,-23,-48
1742100001.851133,-77,11,71
1742100001.8871331,82,65,-100
1742100001.922133,20,65,-38
1742100001.957133,6,-22,-138
1742100001.9921331,-9,5,-104
1742100002.0281332,60,36,-2
1742100002.0641332,8,18,71
1742100002.099133,-3,-43,81
1742100002.135133,16,20,-60
1742100002.170133,14,-47,-218
1742100002.2051332,2,-23,-54
1742100002.240133,-65,46,-80
1742100002.276133,-37,64,-40
1742100002.312133,60,-29,-12
1742100002.3471332,26,10,-32
1742100002.3831332,4,12,-118
1742100002.418133,-13,16,-48
1742100002.453133,10,-33,-66
1742100002.4881332,-15,34,-94
1742100002.524133,-33,-9,-122
1742100002.560133,-65,-3,-14
1742100002.595133,-71,10,-100
1742100002.631133,40,22,-46
1742100002.6661332,-25,42,-42
1742100002.701133,48,-35,19
1742100002.736133,-59,72,-42
1742100002.772133,-1,8,-20
1742100002.8081331,4,36,-137
1742100002.843133,24,50,-157
1742100002.879133,-55,2,2
1742100002.914133,-15,18,-129
1742100002.9491332,-1,84,-128
1742100002.984133,128,8,-122
1742100003.020133,-5,-27,21
1742100003.056133,-15,16,45
1742100003.091133,-27,-69,-6
1742100003.1271331,50,-13,11
1742100003.162133,2,10,-6
1742100003.197133,96,2,-62
1742100003.2321332,-3,30,-72
1742100003.2681332,46,19,67
1742100003.3041332,92,72,17
1742100003.339133,12,33,-32
1742100003.375133,-49,15,-46
1742100003.4101331,4,33,81
1742100003.445133,18,0,-100
1742100003.480133,16,58,-176
1742100003.516133,14,-37,-10
1742100003.552133,4,0,-134
1742100003.5871332,26,-1,-184
1742100003.6231332,-13,64,9
1742100003.658133,58,33,-58
1742100003.693133,-33,1,-152
1742100003.7281332,-103,-30,-86
1742100003.764133,-21,-17,11
1742100003.800133,-49,-105,-182
1742100003.835133,-27,22,-36
1742100003.871133,-5,44,-36
1742100003.9061332,-43,-27,-132
1742100003.941133,6,-101,-24
1742100003.976133,-25,-83,-120
1742100004.0121331,38,30,13
1742100004.0481331,-15,-23,-4
1742100004.083133,-27,-29,25
1742100004.119133,-51,40,-90
1742100004.154133,-65,62,-120
1742100004.1891332,-35,11,-56
1742100004.224133,-23,45,-18
1742100004.260133,60,-40,-82
1742100004.296133,-43,-60,25
1742100004.3311331,-29,-52,-112
1742100004.3671331,-7,-10,13
1742100004.402133,50,-39,-134
1742100004.437133,-15,-2,-148
1742100004.4721332,-27,-70,-68
1742100004.5081332,12,-50,-92
1742100004.5441332,-73,-40,31
1742100004.579133,84,-4,-40
1742100004.615133,-31,25,-128
1742100004.6501331,26,-32,-166
1742100004.685133,46,9,-6
1742100004.720133,4,-34,-60
1742100004.756133,89,5,-4
1742100004.792133,-23,-22,13
1742100004.8271332,-7,10,-52
1742100004.8631332,-25,-47,-112
1742100004.898133,-69,-13,-132
1742100004.9331331,48,-25,-4
1742100004.968133,-79,-32,-66
1742100005.004133,28,91,-98
1742100005.040133,-59,25,7
1742100005.075133,30,-30,-76
1742100005.111133,-17,48,21
1742100005.1461332,-21,-21,-20
1742100005.181133,26,46,-18
1742100005.217133,-33,-13,-56
1742100005.2521331,-25,90,6
1742100005.2881331,2,-21,-122
1742100005.323133,-67,2,-2
1742100005.359133,66,8,-16
1742100005.394133,54,-39,20
1742100005.4291332,68,14,-75
1742100005.4651332,42,-29,-85
1742100005.500133,30,32,-10
1742100005.536133,-25,-43,-66
1742100005.5711331,-49,52,-20
1742100005.6071332,-3,-49,-172
1742100005.642133,-47,-11,13
1742100005.677133,68,-31,-37
1742100005.713133,14,-5,-111
1742100005.7481332,-43,-55,9
1742100005.7841332,72,-22,-91
1742100005.819133,0,6,-13
1742100005.855133,-19,11,-9
1742100005.8901331,28,72,-79
1742100005.925133,42,20,-67
1742100005.961133,-19,15,-77
1742100005.996133,24,-54,4
1742100006.032133,32,19,-115
1742100006.0671332,-43,-78,54
1742100006.1031332,102,31,-53
1742100006.138133,-51,-28,20
1742100006.1731331,76,0,-35
1742100006.2091331,54,11,-99
1742100006.244133,-49,-40,54
1742100006.280133,22,1,-133
1742100006.315133,-55,-12,-111
1742100006.351133,2,1,-131
1742100006.3861332,-65,15,-69
1742100006.421133,24,-14,10
1742100006.457133,-19,-26,-129
1742100006.4921331,-23,-14,60
1742100006.5281332,-63,-26,30
1742100006.563133,-7,0,-127
1742100006.599133,22,25,82
1742100006.634133,62,-38,-61
1742100006.6691332,-43,-20,42
1742100006.7051332,16,13,-103
1742100006.740133,-137,9,-17
1742100006.776133,16,39,-29
1742100006.8111331,36,5,82
1742100006.8471332,8,-28,-15
1742100006.882133,8,51,-47
1742100006.917133,30,47,-139
1742100006.953133,-31,35,-21
1742100006.9881332,-41,31,-57
1742100007.024133,-103,-32,-183
1742100007.059133,-17,9,-211
1742100007.095133,40,13,-175
1742100007.1301332,78,9,-67
1742100007.165133,-9,-2,-137
1742100007.201133,32,63,4
1742100007.236133,44,-75,-81
1742100007.279133,-75,13,-267
1742100007.315133,-21,-6,6
1742100007.351133,18,71,-131
1742100007.3861332,-39,-44,-23
1742100007.421133,36,24,-75
1742100007.457133,-67,52,-89
1742100007.4921331,36,-67,24
1742100007.5281332,-11,40,-61
1742100007.563133,-45,-75,-31
1742100007.599133,100,-11,-73
1742100007.635133,-17,26,-29
1742100007.670133,130,-15,-141
1742100007.7051332,38,-17,-131
1742100007.741133,54,-47,-79
1742100007.777133,-53,-3,-27
1742100007.812133,82,36,-63
1742100007.848133,-81,-7,-37
1742100007.8831332,26,-27,-71
1742100007.918133,58,17,-121
1742100007.953133,-57,11,-95
1742100007.9891331,-13,5,-43
1742100008.0251331,28,-93,-69
1742100008.060133,-97,-19,-119
1742100008.096133,34,34,-71
1742100008.131133,-3,-79,-69
1742100008.1661332,38,-45,-153
1742100008.201133,-17,-43,-99
1742100008.237133,12,68,-103
1742100008.273133,-57,-81,-103
1742100008.3081331,-59,42,-113
1742100008.3441331,122,41,20
1742100008.379133,-59,-54,-129
1742100008.414133,-79,16,-37
1742100008.4491332,-17,-25,-145
1742100008.4851332,14,4,34
1742100008.5211332,44,12,-113
1742100008.556133,-11,-23,-65
1742100008.592133,48,-19,14
1742100008.6271331,48,8,-31
1742100008.662133,34,26,-119
1742100008.697133,-5,-57,28
1742100008.733133,-121,66,-73
1742100008.769133,-49,36,-173
1742100008.8041332,-9,20,10
1742100008.8401332,66,-3,58
1742100008.875133,-11,6,-159
1742100008.9101331,-47,-55,-113
1742100008.945133,-37,56,-97
1742100008.981133,-103,10,-51
1742100009.017133,22,14,-153
1742100009.052133,2,-17,-27
1742100009.088133,126,28,-107
1742100009.1231332,-25,-25,-97
1742100009.158133,64,-89,-101
1742100009.193133,54,22,-77
1742100009.2291331,32,-33,-27
1742100009.2651331,2,-13,16
1742100009.300133,16,50,-55
1742100009.336133,2,8,-99
1742100009.371133,-47,-13,72
1742100009.4061332,20,-41,-93
1742100009.441133,-27,-7,-1
1742100009.477133,-29,-65,-27
1742100009.513133,-51,50,-177
1742100009.5481331,22,38,-31
1742100009.5841331,-27,-51,-97
1742100009.619133,60,46,-97
1742100009.654133,-63,-17,70
1742100009.6891332,-57,-61,-118
1742100009.7251332,-19,30,-54
1742100009.7611332,82,-3,-140
1742100009.796133,78,56,-70
1742100009.832133,24,-13,-34
1742100009.8671331,-39,-9,-48
1742100009.902133,6,36,-16
1742100009.937133,36,-25,-30
1742100009.973133,38,0,-110
1742100010.009133,-55,26,-58
1742100010.0441332,18,-7,-90
1742100010.0801332,-11,18,-44
1742100010.115133,-87,62,1
1742100010.1501331,6,-15,-196
1742100010.185133,-25,52,23
1742100010.221133,-6,112,-90
1742100010.257133,51,-17,-34
1742100010.292133,9,-51,-106
1742100010.328133,-65,-53,-74
1742100010.3631332,20,8,-28
1742100010.398133,26,-59,7
1742100010.4331331,-27,9,-228
1742100010.4691331,-7,-66,-42
1742100010.5051332,24,3,-26
1742100010.540133,26,-36,-16
1742100010.576133,22,-49,9
1742100010.611133,22,-21,-134
1742100010.6461332,4,32,-60
1742100010.681133,-9,64,-28
1742100010.717133,66,-11,-116
1742100010.753133,-13,48,-18
1742100010.7881331,-71,22,-22
1742100010.8241332,16,-7,-220
1742100010.859133,-43,12,11
1742100010.894133,40,36,-52
1742100010.9291332,44,30,57
1742100010.9651332,-57,26,-80
1742100011.001133,-43,-21,-14
1742100011.036133,0,4,-150
1742100011.072133,42,-29,-172
1742100011.1071332,20,8,31
1742100011.142133,-15,-15,-16
1742100011.177133,2,54,15
1742100011.213133,40,38,-54
1742100011.249133,-65,8,-88
1742100011.2841332,-81,-13,-194
1742100011.320133,-1,6,-28
1742100011.355133,-7,-45,17
1742100011.3901331,-25,4,-52
1742100011.425133,-21,30,23
1742100011.461133,4,0,25
1742100011.497133,-47,26,-50
1742100011.532133,8,38,19
1742100011.568133,-17,-49,5
1742100011.6031332,76,-47,-108
1742100011.638133,60,-40,-70
1742100011.6731331,-63,4,25
1742100011.7091331,72,32,77
1742100011.7451332,4,32,-178
1742100011.780133,24,12,-56
1742100011.816133,-37,20,-114
1742100011.851133,16,-83,-148
1742100011.8861332,-15,-60,-74
1742100011.922133,-7,56,-10
1742100011.957133,50,63,-82
1742100011.993133,22,85,-68
1742100012.0281332,-19,9,-68
1742100012.0641332,-15,15,-120
1742100012.099133,-71,-64,-44
1742100012.134133,30,-12,-52
1742100012.170133,-41,87,-92
1742100012.2051332,34,-26,-60
1742100012.241133,6,7,-38
1742100012.276133,16,45,-158
1742100012.312133,26,-16,-46
1742100012.3471332,-7,33,-24
1742100012.382133,50,57,-54
1742100012.418133,-43,-4,-40
1742100012.453133,22,15,7
1742100012.4891331,-81,13,27
1742100012.524133,-23,9,-130
1742100012.560133,48,87,59
1742100012.595133,16,25,17
1742100012.6301332,-15,3,-76
1742100012.6661332,24,19,-40
1742100012.701133,-19,-8,-4
1742100012.737133,-5,-22,-12
1742100012.772133,66,17,-110
1742100012.8081331,-45,-20,-54
1742100012.843133,-7,-22,-62
1742100012.878133,32,19,-46
1742100012.914133,-43,-10,-44
1742100012.9491332,-15,11,-68
1742100012.9851332,32,-40,-72
1742100013.020133,-33,9,-38
1742100013.056133,-13,-2,-72
1742100013.091133,-25,-12,55
1742100013.126133,48,15,-42
1742100013.162133,54,59,-96
1742100013.197133,-15,-2,-38
1742100013.233133,24,13,-44
1742100013.2681332,84,-38,-84
1742100013.3041332,-7,15,-88
1742100013.339133,-29,63,-68
1742100013.374133,48,41,-68
1742100013.4101331,-37,-10,-46
1742100013.445133,30,-62,13
1742100013.481133,0,9,57
1742100013.516133,-49,11,35
1742100013.552133,-57,5,-98
1742100013.5871332,-19,13,-38
1742100013.622133,-23,-56,-2
1742100013.658133,26,-40,43
1742100013.693133,32,-14,-126
1742100013.7291331,12,17,31
1742100013.764133,-3,-6,-116
1742100013.800133,52,7,-100
1742100013.835133,-59,49,-104
1742100013.8701332,-11,-94,-82
1742100013.9061332,-3,-46,-42
1742100013.941133,24,9,-128
1742100013.977133,70,-32,-80
1742100014.0121331,66,-54,-24
1742100014.0481331,18,13,-48
1742100014.0841331,12,19,23
1742100014.121133,-61,-62,-16
1742100014.1561332,32,19,-32
1742100014.191133,-47,31,-130
1742100014.226133,-33,-34,1
1742100014.2621331,0,-24,-38
1742100014.2981331,-125,46,-68
1742100014.333133,-47,20,-118
1742100014.369133,66,52,7
1742100014.404133,-23,-8,-158
1742100014.4391332,72,4,-50
1742100014.474133,-65,28,53
1742100014.510133,2,-13,-76
1742100014.546133,-5,-55,-36
1742100014.5811331,-27,21,-4
1742100014.6171331,-75,-6,-122
1742100014.652133,-61,-32,-102
1742100014.687133,-71,17,-156
1742100014.7221332,-23,29,11
1742100014.7581332,52,13,-156
1742100014.7941332,54,0,-52
1742100014.829133,-13,19,-68
1742100014.865133,16,-46,-108
1742100014.9001331,-79,3,29
1742100014.935133,-51,-28,-54
1742100014.970133,28,-16,87
1742100015.006133,52,-6,31
1742100015.042133,28,63,-84
1742100015.0771332,-23,-4,-22
1742100015.1131332,50,29,-60
1742100015.148133,4,-39,-74
1742100015.1831331,34,-7,-44
1742100015.218133,6,-20,-71
1742100015.254133,0,39,24
1742100015.290133,-61,21,-93
1742100015.325133,-39,9,-93
1742100015.361133,54,-10,-245
1742100015.3961332,58,39,-15
1742100015.431133,84,-22,60
1742100015.466133,-65,-16,-109
1742100015.5021331,52,63,-129
1742100015.5381331,-35,-12,2
1742100015.573133,6,-28,-33
1742100015.609133,8,-12,-23
1742100015.644133,-99,-28,-51
1742100015.6791332,-59,1,-135
1742100015.714133,-107,-4,-5
1742100015.750133,76,-36,-113
1742100015.786133,-19,11,-55
1742100015.8211331,-47,-18,-45
1742100015.8571332,-73,-78,-69
1742100015.892133,98,-2,-17
1742100015.927133,30,-68,-81
1742100015.9621332,-43,-44,-9
1742100015.9981332,-19,43,30
1742100016.0341332,24,-58,-63
1742100016.069133,30,0,-89
1742100016.105133,-45,9,-3
1742100016.1401331,-57,5,-115
1742100016.175133,16,15,-39
1742100016.210133,-91,21,70
1742100016.246133,-59,-28,-55
1742100016.282133,-29,-6,-1
1742100016.3171332,40,7,32
1742100016.3531332,14,-20,6
1742100016.388133,14,47,-3
1742100016.4231331,-19,1,-39
1742100016.458133,36,-12,-133
1742100016.494133,-17,-18,-91
1742100016.530133,68,11,-45
1742100016.565133,-105,-14,10
1742100016.601133,4,7,-33
1742100016.6361332,-5,-50,-127
1742100016.671133,2,53,-143
1742100016.7061331,18,-46,-47
1742100016.7421331,8,-28,30
1742100016.7781332,68,18,44
1742100016.813133,-5,15,-15
1742100016.849133,-51,71,-55
1742100016.884133,46,51,-99
1742100016.9191332,-41,-17,-69
1742100016.954133,48,40,-135
1742100016.990133,-5,4,96
1742100017.026133,46,-65,-43
1742100017.0611331,-29,-53,-3
1742100017.0971332,-23,18,-113
1742100017.132133,10,-43,0
1742100017.167133,30,24,-43
1742100017.2021332,-13,40,-21
1742100017.2381332,-35,6,-129
1742100017.2811332,-5,-5,-17
1742100017.3171332,-39,-43,-17
1742100017.3531332,-57,68,-53
1742100017.388133,-31,-43,-33
1742100017.4231331,-47,26,-23
1742100017.458133,4,24,-119
1742100017.494133,42,-3,-55
1742100017.530133,52,10,68
1742100017.565133,34,76,-33
1742100017.601133,-9,50,-189
1742100017.6361332,32,40,56
1742100017.671133,62,68,-125
1742100017.7061331,14,-23,32
1742100017.7421331,8,-27,-55
1742100017.7781332,50,58,-71
1742100017.813133,-21,54,-111
1742100017.849133,-87,-45,-167
1742100017.884133,-69,-41,-23
1742100017.9191332,-17,6,6
1742100017.954133,6,-23,-97
1742100017.990133,8,-24,2
1742100018.026133,-17,-56,-129
1742100018.0611331,-19,1,-85
1742100018.0971332,56,49,46
1742100018.132133,50,-45,-125
1742100018.167133,-55,-51,-45
1742100018.203133,-51,-57,-109
1742100018.2381332,-3,46,28
1742100018.274133,-5,-44,-135
1742100018.309133,-31,-16,-101
1742100018.345133,-53,47,-85
1742100018.3801332,24,0,-101
1742100018.415133,-75,-26,-23
1742100018.451133,-7,-96,44
1742100018.486133,-7,45,72
1742100018.522133,-105,-4,-77
1742100018.5571332,-47,14,-41
1742100018.593133,-55,-42,-37
1742100018.628133,60,-21,-17
1742100018.6631331,-35,59,-57
1742100018.6991332,-1,17,-63
1742100018.734133,-45,-28,-11
1742100018.770133,-7,-38,-83
1742100018.805133,-47,-36,-7
1742100018.841133,-1,23,-223
1742100018.876133,-1,1,-229
1742100018.911133,42,2,-147
1742100018.947133,-77,6,10
1742100018.9821332,50,-21,24
1742100019.0181332,78,-9,26
1742100019.053133,-37,-33,-61
1742100019.089133,22,44,-41
1742100019.124133,42,20,-15
1742100019.1591332,2,-69,-127
1742100019.195133,6,-88,-19
1742100019.230133,68,-37,4
1742100019.266133,18,-81,-143
1742100019.3011332,-35,-43,-121
1742100019.3371332,-19,-33,40
1742100019.372133,-71,0,-37
1742100019.407133,-25,50,-53
1742100019.443133,16,-18,4
1742100019.4781332,16,22,-99
1742100019.514133,70,8,70
1742100019.549133,10,24,-147
1742100019.585133,-57,28,-29
1742100019.6201332,-23,17,-135
1742100019.655133,-73,-2,-111
1742100019.691133,-79,22,-33
1742100019.726133,-13,40,-29
1742100019.7621331,0,16,-3
1742100019.797133,-9,18,-63
1742100019.833133,-45,86,-105
1742100019.868133,112,-65,-151
1742100019.9031332,78,78,-41
1742100019.9391332,6,28,-41
1742100019.974133,-29,8,12
1742100020.010133,56,-121,-91
1742100020.045133,38,-1,-7
1742100020.0811331,52,-41,-107
1742100020.116133,-17,-63,-41
1742100020.151133,-29,16,-113
1742100020.187133,60,-9,-95
1742100020.2221332,-15,-17,-43
1742100020.2581332,26,-79,-125
1742100020.293133,-59,-15,-133
1742100020.329133,-11,40,82
1742100020.3641331,28,-29,-91
1742100020.399133,42,-45,2
1742100020.435133,-51,40,-85
1742100020.470133,-21,-23,-27
1742100020.506133,-3,-29,84
1742100020.5411332,106,30,-67
1742100020.576133,-21,26,-41
1742100020.611133,20,22,-65
1742100020.647133,32,-17,-25
1742100020.6831331,18,22,-5
1742100020.718133,-5,4,16
1742100020.754133,-31,-67,-65
1742100020.789133,60,-55,-13
1742100020.8241332,-3,-55,16
1742100020.859133,-19,0,-87
1742100020.895133,-11,-1,-11
1742100020.931133,78,24,-45
1742100020.966133,6,-29,2
1742100021.0021331,76,18,-9
1742100021.037133,16,-11,-60
1742100021.072133,24,54,-42
1742100021.1071332,38,8,-122
1742100021.1431332,-31,-19,-64
1742100021.1791332,56,12,-170
1742100021.214133,-49,0,-84
1742100021.250133,-61,23,-94
1742100021.2851331,-1,-52,-24
1742100021.320133,-33,29,-22
1742100021.355133,60,-19,-126
1742100021.391133,-15,-10,-40
1742100021.427133,-43,51,17
1742100021.4621332,-19,23,-82
1742100021.4981332,20,61,29
1742100021.533133,-15,-4,-16
1742100021.568133,-51,11,-192
1742100021.6031332,-3,-22,-6
1742100021.639133,-41,31,-54
1742100021.675133,-63,9,-76
1742100021.710133,-71,-6,-56
1742100021.746133,68,-34,-20
1742100021.7811332,-11,33,-110
1742100021.816133,46,-32,-56
1742100021.851133,70,13,71
1742100021.8871331,-76,9,-70
1742100021.9231331,2,-52,-40
1742100021.958133,-46,29,-20
1742100021.994133,-24,-18,39
1742100022.029133,-12,33,21
1742100022.0641332,25,-16,-44
1742100022.099133,19,-28,-62
1742100022.135133,-30,79,-2
1742100022.171133,-50,-96,-88
1742100022.2061331,-24,-8,9
1742100022.2421331,0,73,-64
1742100022.277133,-60,1,-62
1742100022.312133,-10,-28,-50
1742100022.3471332,0,63,-72
1742100022.3831332,-43,-62,-88
1742100022.4191332,-89,23,11
1742100022.454133,-40,-18,31
1742100022.490133,-12,19,27
1742100022.5251331,63,-28,-106
1742100022.560133,-4,5,-98
1742100022.595133,-42,91,15
1742100022.631133,17,-4,-64
1742100022.667133,-6,-34,-26
1742100022.7021332,17,-70,-54
1742100022.7381332,-89,39,25
1742100022.773133,20,-52,-76
1742100022.8081331,-29,5,-92
1742100022.843133,32,69,-90
1742100022.879133,62,-35,-34
1742100022.915133,-29,-63,-78
1742100022.950133,88,48,-84
1742100022.986133,-49,24,-58
1742100023.0211332,58,4,-146
1742100023.056133,40,-107,7
1742100023.091133,-83,10,-66
1742100023.1271331,48,-53,-108
1742100023.1631331,-25,30,-148
1742100023.198133,-19,-14,-40
1742100023.234133,-7,35,-42
1742100023.269133,-57,45,27
1742100023.3041332,-21,-8,-86
1742100023.339133,10,-44,13
1742100023.375133,-17,-6,-168
1742100023.411133,-11,-50,-66
1742100023.4461331,14,15,-116
1742100023.4821332,10,23,55
1742100023.517133,26,27,-82
1742100023.552133,-9,-10,-16
1742100023.5871332,-85,81,-46
1742100023.6231332,28,-42,11
1742100023.6591332,-63,29,-130
1742100023.694133,16,-28,-54
1742100023.730133,-43,-30,-10
1742100023.7651331,22,17,-140
1742100023.800133,13,3,-112
1742100023.835133,67,53,-164
1742100023.871133,-31,77,41
1742100023.907133,7,35,-98
1742100023.9421332,-39,-10,-88
1742100023.9781332,-89,-18,-58
1742100024.013133,54,35,-40
1742100024.0481331,38,-52,93
1742100024.083133,66,-32,33
1742100024.119133,-115,-18,71
1742100024.155133,-3,15,13
1742100024.190133,-15,-46,0
1742100024.226133,42,-74,87
1742100024.2611332,60,-24,-20
1742100024.296133,34,7,57
1742100024.3311331,22,5,-124
1742100024.3671331,-35,31,-100
1742100024.4031332,-61,-14,-36
1742100024.438133,62,-26,-138
1742100024.474133,8,31,-76
1742100024.509133,-75,26,-106
1742100024.5441332,56,-33,-2
1742100024.5801332,-17,54,-4
1742100024.615133,26,-1,-166
1742100024.651133,-31,-15,-58
1742100024.6861331,40,28,-154
1742100024.7221332,34,-47,17
1742100024.757133,-1,-25,-40
1742100024.792133,10,32,-38
1742100024.828133,34,-13,-60
1742100024.8631332,20,-19,7
1742100024.899133,-33,6,-48
1742100024.934133,-37,-37,-92
1742100024.970133,8,24,-70
1742100025.0051332,-3,2,-124
1742100025.040133,-7,8,0
1742100025.076133,-29,-3,-64
1742100025.111133,-31,-43,-40
1742100025.147133,-25,-45,-46
1742100025.1821332,20,-19,-64
1742100025.218133,16,-21,-108
1742100025.253133,-45,-3,-84
1742100025.2881331,24,-41,-38
1742100025.3241332,10,-29,-4
1742100025.359133,-23,-19,-104
1742100025.395133,38,42,-58
1742100025.430133,-25,-29,-186
1742100025.466133,-45,-19,-60
1742100025.501133,32,-7,-84
1742100025.536133,-37,22,-18
1742100025.572133,10,-49,11
1742100025.6071332,-105,-25,27
1742100025.6431332,2,62,-24
1742100025.678133,-15,-25,-112
1742100025.714133,-145,-83,-34
1742100025.749133,6,-23,-74
1742100025.7841332,-29,64,-40
1742100025.820133,-47,32,21
1742100025.855133,-37,-7,33
1742100025.891133,74,22,-108
1742100025.9261332,64,-25,-48
1742100025.9621332,-17,-1,87
1742100025.997133,-20,-39,-32
1742100026.032133,20,16,17
1742100026.068133,-26,44,9
1742100026.1031332,-90,30,1
1742100026.139133,-14,4,-118
1742100026.174133,9,-77,-26
1742100026.210133,-128,-5,-78
1742100026.2451332,-44,-51,-4
1742100026.280133,-24,30,15
1742100026.316133,71,-57,-12
1742100026.351133,8,26,31
1742100026.3871331,34,26,-56
1742100026.422133,19,0,-118
1742100026.458133,135,49,51
1742100026.493133,-26,-53,-102
1742100026.5281332,1,-77,-12
1742100026.5641332,5,80,-114
1742100026.599133,5,-75,-68
1742100026.635133,-44,-1,21
1742100026.670133,15,70,-98
1742100026.7061331,25,26,-38
1742100026.741133,-2,50,-138
1742100026.776133,15,-7,-130
1742100026.812133,-14,-43,-152
1742100026.8471332,-72,-19,-104
1742100026.8831332,-52,-9,-154
1742100026.918133,27,32,-128
1742100026.953133,3,-5,-150
1742100026.9881332,73,-1,-126
1742100027.024133,-102,12,-12
1742100027.060133,-72,18,-74
1742100027.095133,110,-33,-64
1742100027.131133,-9,-25,37
1742100027.1661332,8,-101,-94
1742100027.201133,66,14,-36
1742100027.236133,-15,-9,-138
1742100027.272133,14,4,-76
1742100027.315133,32,-63,-10
1742100027.351133,21,-15,-72
1742100027.3871331,3,-73,5
1742100027.422133,-102,24,-114
1742100027.457133,-32,-77,-40
1742100027.4921331,-32,-7,95
1742100027.5281332,49,-81,1
1742100027.5641332,-20,8,-56
1742100027.599133,-64,12,-140
1742100027.635133,23,-65,-134
1742100027.670133,-18,64,-110
1742100027.7051332,-62,-27,-120
1742100027.740133,-22,-33,-104
1742100027.776133,17,64,-102
1742100027.812133,53,40,-22
1742100027.8471332,21,12,-62
1742100027.8831332,-58,24,-46
1742100027.918133,75,12,-136
1742100027.953133,25,-27,-100
1742100027.9881332,-6,54,-94
1742100028.024133,65,-11,-110
1742100028.060133,-60,8,13
1742100028.095133,43,-81,-116
1742100028.131133,37,24,-72
1742100028.1661332,14,38,-108
1742100028.201133,49,4,-156
1742100028.236133,-46,-79,-16
1742100028.272133,-70,0,-78
1742100028.3081331,17,26,-138
1742100028.343133,-72,22,-96
1742100028.379133,-26,-19,-92
1742100028.414133,-42,50,-128
1742100028.4491332,-12,36,-42
1742100028.484133,15,36,-42
1742100028.520133,-4,100,-50
1742100028.556133,-46,-59,-50
1742100028.591133,-24,14,9
1742100028.6271331,-36,24,-82
1742100028.662133,19,6,0
1742100028.697133,2,-23,-58
1742100028.7321332,2,46,-112
1742100028.7681332,-30,-111,3
1742100028.8041332,15,-27,-12
1742100028.839133,5,101,-62
1742100028.875133,61,4,11
1742100028.9101331,19,18,-138
1742100028.945133,-8,26,-18
1742100028.980133,26,-29,11
1742100029.016133,-29,-27,-62
1742100029.052133,-29,-49,-16
1742100029.0871332,-59,0,-46
1742100029.1231332,-33,20,-28
1742100029.158133,74,24,-24
1742100029.193133,2,54,-66
1742100029.2281332,-23,104,-130
1742100029.264133,0,-1,-2
1742100029.300133,-11,-11,-4
1742100029.335133,-27,56,-44
1742100029.371133,74,6,-124
1742100029.4061332,14,18,-164
1742100029.441133,-17,-53,-98
1742100029.476133,-47,16,-16
1742100029.5121331,28,-27,-110
1742100029.5481331,-3,-53,5
1742100029.583133,-53,36,-14
1742100029.619133,-103,0,-54
1742100029.654133,0,-39,37
1742100029.6891332,-61,96,53
1742100029.724133,82,30,13
1742100029.760133,-23,90,-70
1742100029.796133,-45,-19,-22
1742100029.8311331,30,-45,-28
1742100029.8671331,16,100,-18
1742100029.902133,-15,50,-176
1742100029.937133,22,52,-152
1742100029.9721332,-23,-13,-96
1742100030.0081332,-71,32,-76
1742100030.0441332,52,-31,-54
1742100030.079133,16,-19,-6
1742100030.115133,10,-1,-76
1742100030.1501331,-11,10,-68
1742100030.185133,-37,10,-42
1742100030.220133,98,-15,31
1742100030.256133,-21,18,103
1742100030.292133,8,100,61
1742100030.3271332,100,-1,57
1742100030.3631332,-23,14,-112
1742100030.398133,20,-89,37
1742100030.4331331,38,44,-66
1742100030.468133,-67,-57,63
1742100030.504133,58,22,-112
1742100030.540133,40,16,-78
1742100030.575133,58,-45,-204
1742100030.611133,-35,-49,21
1742100030.6461332,36,-35,-56
1742100030.681133,60,6,-40
1742100030.716133,18,42,37
1742100030.7521331,70,6,29
1742100030.7881331,-17,-33,-176
1742100030.823133,41,20,-30
1742100030.859133,37,-5,-36
1742100030.894133,9,14,-168
1742100030.9291332,15,-9,-34
1742100030.964133,-50,24,-136
1742100031.000133,-44,-59,-4
1742100031.036133,22,-33,47
1742100031.0711331,-19,12,-58
1742100031.1071332,72,66,-26
1742100031.142133,-39,-22,-46
1742100031.177133,-75,-2,67
1742100031.213133,-31,-49,55
1742100031.2481332,-3,-7,-12
1742100031.2841332,54,18,-18
1742100031.319133,-7,2,-78
1742100031.355133,-27,16,-140
1742100031.3901331,-35,96,12
1742100031.425133,0,-17,-9
1742100031.461133,-1,0,-61
1742100031.496133,-5,-45,-65
1742100031.532133,-9,-101,20
1742100031.5671332,-11,70,-41
1742100031.6031332,18,10,-55
1742100031.638133,-41,0,-93
1742100031.6731331,-63,28,-69
1742100031.7091331,-1,30,-73
1742100031.744133,-43,13,-57
1742100031.780133,26,-11,2
1742100031.815133,-39,-23,-63
1742100031.851133,16,-57,-45
1742100031.8861332,-29,-13,-19
1742100031.921133,4,-29,-41
1742100031.957133,-3,-1,-29
1742100031.9921331,28,-9,48
1742100032.0281332,10,4,22
1742100032.063133,-9,-17,-69
1742100032.099133,6,-25,-147
1742100032.134133,58,-55,4
1742100032.1691332,-3,8,-127
1742100032.2051332,-27,2,-89
1742100032.240133,12,6,-23
1742100032.276133,50,-5,-71
1742100032.3111331,-27,-7,-105
1742100032.3471332,32,-37,-69
1742100032.382133,6,20,-21
1742100032.417133,0,-35,-111
1742100032.453133,40,-15,30
1742100032.4881332,30,-33,96
1742100032.524133,-9,20,-23
1742100032.559133,6,-109,76
1742100032.595133,64,28,-141
1742100032.6301332,54,-55,-89
1742100032.665133,6,22,-95
1742100032.701133,-9,84,-9
1742100032.736133,-15,-13,-117
1742100032.772133,24,-7,-21
1742100032.8071332,46,-31,-61
1742100032.843133,-45,78,42
1742100032.878133,36,-67,-69
1742100032.9131331,-43,-113,-143
1742100032.9491332,-11,20,-53
1742100032.984133,46,30,-95
1742100033.020133,-9,-37,-95
1742100033.055133,-5,-71,10
1742100033.091133,8,50,-163
1742100033.126133,-77,-63,44
1742100033.161133,-53,4,-191
1742100033.197133,-13,20,-87
1742100033.2321332,36,112,104
1742100033.2681332,-5,87,24
1742100033.303133,-57,54,-97
1742100033.339133,-7,-7,-95
1742100033.375133,30,-55,-59
1742100033.4101331,44,2,-79
1742100033.445133,4,-25,-53
1742100033.481133,-35,-23,-63
1742100033.517133,32,-50,-5
1742100033.552133,-5,21,-41
1742100033.588133,-49,45,16
1742100033.6231332,-87,-51,32
1742100033.658133,-25,22,90
1742100033.693133,-85,-15,-57
1742100033.7291331,-39,-29,6
1742100033.7651331,26,6,-169
1742100033.800133,8,-21,-35
1742100033.836133,-73,-11,-73
1742100033.871133,76,-35,-91
1742100033.9061332,-7,0,-139
1742100033.941133,-13,4,-39
1742100033.977133,-61,-93,-5
1742100034.013133,-15,42,-161
1742100034.0481331,-61,28,2
1742100034.0841331,-39,4,-103
1742100034.119133,-65,-27,168
1742100034.154133,-19,6,-23
1742100034.1891332,-59,-9,4
1742100034.2251332,-7,59,-7
1742100034.2611332,-61,141,-17
1742100034.296133,54,19,-37
1742100034.332133,32,-46,28
1742100034.3671331,-39,37,30
1742100034.402133,52,-20,-193
1742100034.437133,-27,33,-121
1742100034.473133,78,55,-43
1742100034.509133,6,-60,-55
1742100034.5441332,42,7,-81
1742100034.5801332,46,33,-131
1742100034.615133,-55,0,-71
1742100034.6501331,42,-80,-17
1742100034.685133,-9,-22,-57
1742100034.721133,-57,-28,-115
1742100034.757133,28,-36,-49
1742100034.792133,-23,15,-135
1742100034.828133,-57,-58,12
1742100034.8631332,90,-5,-125
1742100034.898133,-14,-19,-55
1742100034.9331331,53,100,-31
1742100034.9691331,79,20,-43
1742100035.0051332,-33,-31,72
1742100035.040133,-8,60,-89
1742100035.076133,76,10,2
1742100035.111133,97,32,-77
1742100035.1461332,-32,-9,-87
1742100035.181133,-30,-77,-65
1742100035.217133,32,-11,-97
1742100035.253133,-13,-35,-153
1742100035.2881331,0,-53,12
1742100035.3241332,60,2,-143
1742100035.359133,-7,-13,-169
1742100035.394133,-3,46,-65
1742100035.4291332,58,-37,80
1742100035.4651332,30,-9,26
1742100035.501133,-5,0,-65
1742100035.536133,48,26,-3
1742100035.572133,-21,42,76
1742100035.6071332,-15,12,0
1742100035.642133,-69,-59,-137
1742100035.677133,-89,-29,22
1742100035.713133,-53,-69,-57
1742100035.749133,4,24,4
1742100035.7841332,4,-1,-37
1742100035.820133,34,-5,-87
1742100035.855133,72,12,-57
1742100035.8901331,50,60,-11
1742100035.925133,0,-33,-12
1742100035.961133,-11,-33,-98
1742100035.997133,20,-59,93
1742100036.032133,-31,-77,-22
1742100036.068133,76,-18,-82
1742100036.1031332,2,0,-122
1742100036.138133,32,-24,-60
1742100036.1731331,50,-28,45
1742100036.2091331,-76,0,-54
1742100036.2451332,-8,-42,49
1742100036.280133,-22,67,-112
1742100036.316133,-34,-6,-50
1742100036.351133,-44,-30,-106
1742100036.3861332,7,21,-40
1742100036.421133,-34,-18,-28
1742100036.457133,-64,57,-98
1742100036.493133,-40,21,-138
1742100036.5281332,13,61,-32
1742100036.5641332,45,-22,-10
1742100036.599133,-20,0,-96
1742100036.634133,3,-4,-86
1742100036.6691332,-56,17,-46
1742100036.7051332,45,9,-72
1742100036.741133,-46,65,-74
1742100036.776133,21,43,-6
1742100036.812133,27,-18,-70
1742100036.8471332,11,49,71
1742100036.882133,-9,-22,-32
1742100036.917133,34,55,-76
1742100036.953133,-45,-24,-86
1742100036.9891331,28,41,-48
1742100037.024133,-7,41,43
1742100037.060133,4,5,-42
1742100037.095133,4,-26,-66
1742100037.1301332,-109,11,-108
1742100037.165133,24,39,-84
1742100037.201133,-47,17,-58
1742100037.237133,-33,-24,123
1742100037.272133,30,-12,41
1742100037.3081331,34,57,-56
1742100037.3501332,-3,25,5
1742100037.3861332,-11,-28,-104
1742100037.422133,56,-8,-58
1742100037.457133,-62,-56,-116
1742100037.493133,-16,5,-10
1742100037.5281332,5,-106,17
1742100037.5641332,23,-90,-84
1742100037.599133,-21,69,-104
1742100037.634133,-86,-20,-32
1742100037.670133,49,19,-102
1742100037.7051332,93,-34,-132
1742100037.741133,-45,-14,-96
1742100037.776133,-73,13,43
1742100037.812133,-23,19,-78
1742100037.8471332,-9,13,-106
1742100037.882133,4,-18,3
1742100037.918133,-38,15,5
1742100037.953133,-60,73,23
1742100037.9891331,31,25,-160
1742100038.024133,80,35,27
1742100038.060133,-40,45,3
1742100038.095133,21,-50,3
1742100038.1301332,5,-60,19
1742100038.1661332,-86,45,-120
1742100038.201133,15,11,-150
1742100038.237133,-67,55,-2
1742100038.272133,-8,-24,31
1742100038.3081331,-21,29,-70
1742100038.343133,-81,17,-70
1742100038.378133,30,23,-44
1742100038.414133,28,-26,3
1742100038.4491332,-17,3,-32
1742100038.4851332,54,11,33
1742100038.520133,-3,-18,-162
1742100038.556133,-41,-24,-78
1742100038.591133,36,33,-124
1742100038.626133,-19,-12,-134
1742100038.662133,30,53,-38
1742100038.697133,-71,57,-26
1742100038.733133,-57,-40,-66
1742100038.7681332,26,43,-64
1742100038.8041332,-1,23,-78
1742100038.839133,-109,-32,73
1742100038.874133,10,11,-32
1742100038.9101331,-25,-20,-24
1742100038.945133,56,91,-42
1742100038.981133,54,-4,63
1742100039.016133,-41,-84,-58
1742100039.052133,4,43,-10
1742100039.0871332,34,-8,-76
1742100039.122133,-1,3,5
1742100039.158133,28,37,-12
1742100039.193133,-41,39,-64
1742100039.2291331,-17,23,-64
1742100039.264133,-14,-10,-222
1742100039.300133,-97,109,-4
1742100039.335133,-31,-14,-116
1742100039.3701332,-7,67,-68
1742100039.4061332,-11,-16,-38
1742100039.441133,-57,-32,-156
1742100039.477133,20,-21,-24
1742100039.5121331,38,-23,-64
1742100039.5481331,14,34,-78
1742100039.583133,8,40,-40
1742100039.618133,-21,-31,-38
1742100039.654133,18,-24,-2
1742100039.6891332,-9,-2,-170
1742100039.7251332,0,41,-76
1742100039.760133,-7,1,-54
1742100039.796133,40,65,-50
1742100039.832133,46,93,-134
1742100039.8671331,-71,-14,43
1742100039.902133,20,-4,-28
1742100039.938133,18,-18,-38
1742100039.974133,-3,-22,-150
1742100040.009133,2,-22,11
1742100040.045133,4,5,27
1742100040.0801332,82,3,31
1742100040.115133,-7,38,-26
1742100040.1501331,-33,12,-7
1742100040.1861331,-21,-41,14
1742100040.2221332,40,-15,-33
1742100040.257133,-19,82,-169
1742100040.293133,27,-69,-96
1742100040.328133,-99,-79,9
1742100040.3631332,10,-21,-104
1742100040.398133,-55,55,-45
1742100040.434133,-27,-10,-63
1742100040.470133,78,36,-117
1742100040.5051332,-55,57,-3
1742100040.5411332,140,-14,-45
1742100040.576133,54,57,-69
1742100040.611133,78,28,-91
1742100040.6461332,74,24,-91
1742100040.6821332,78,-6,-43
1742100040.718133,44,-39,-53
1742100040.753133,8,16,-87
1742100040.789133,62,14,0
1742100040.8241332,36,80,-29
1742100040.859133,22,-49,-161
1742100040.894133,-45,26,-69
1742100040.930133,20,26,8
1742100040.966133,-9,-58,-65
1742100041.001133,-17,5,-37
1742100041.037133,52,35,-193
1742100041.072133,36,-6,6
1742100041.1071332,20,-40,-63
1742100041.142133,-21,91,-127
1742100041.178133,6,0,-67
1742100041.214133,20,9,-21
1742100041.249133,42,15,-129
1742100041.2851331,-47,69,-13
1742100041.320133,-69,29,4
1742100041.355133,10,-40,8
1742100041.3901331,-63,-22,-109
1742100041.4261332,-13,-8,32
1742100041.4621332,22,19,-41
1742100041.497133,80,73,-127
1742100041.533133,-7,-26,-101
1742100041.568133,78,-18,-190
1742100041.6031332,2,-14,-78
1742100041.638133,84,-20,-20
1742100041.674133,60,31,93
1742100041.710133,16,-18,-126
1742100041.7451332,-31,-16,-40
1742100041.7811332,14,113,0
1742100041.816133,-61,-32,3
1742100041.851133,82,-66,-74
1742100041.8861332,-85,71,-20
1742100041.922133,-67,63,-90
1742100041.958133,-17,83,-9
1742100041.993133,-3,51,-29
1742100042.029133,-25,9,-47
1742100042.0641332,60,-8,-100
1742100042.099133,16,-18,-77
1742100042.134133,-45,-52,-86
1742100042.170133,-45,-82,-64
1742100042.2061331,44,-32,-170
1742100042.241133,40,43,-216
1742100042.277133,62,13,-180
1742100042.312133,10,45,-110
1742100042.3471332,62,-13,31
1742100042.382133,34,-10,-81
1742100042.418133,22,-34,-105
1742100042.454133,-39,10,-21
1742100042.4891331,-15,-22,-127
1742100042.5251331,20,1,-103
1742100042.560133,40,7,-24
1742100042.595133,2,-28,-123
1742100042.6301332,58,-82,24
1742100042.6661332,-69,0,44
1742100042.7021332,-7,-77,76
1742100042.737133,14,-1,-33
1742100042.773133,22,-83,-131
1742100042.8081331,-35,-19,-45
1742100042.843133,-93,-61,-71
1742100042.878133,52,-39,-100
1742100042.914133,-1,-77,-96
1742100042.950133,-5,-3,-130
1742100042.9851332,48,-37,-46
1742100043.0211332,60,14,-29
1742100043.056133,32,27,-85
1742100043.091133,-7,11,62
1742100043.126133,-31,-6,36
1742100043.162133,-129,19,122
1742100043.198133,2,-26,-159
1742100043.233133,-67,35,44
1742100043.269133,-27,17,-31
1742100043.3041332,24,-42,-187
1742100043.339133,10,-21,-47
1742100043.374133,34,15,-39
1742100043.4101331,66,-38,-119
1742100043.4461331,-7,-51,-43
1742100043.481133,6,24,-31
1742100043.517133,66,-43,-145
1742100043.552133,58,26,-73
1742100043.5871332,-38,-13,-31
1742100043.622133,105,-27,-67
1742100043.658133,-42,36,38
1742100043.694133,-6,-65,-23
1742100043.7291331,17,-19,-13
1742100043.7651331,21,-27,-49
1742100043.800133,-26,3,-57
1742100043.835133,81,-47,-91
1742100043.871133,-26,-6,-57
1742100043.9061332,-109,-30,-83
1742100043.9421332,11,-13,-21
1742100043.977133,-8,-33,-21
1742100044.013133,-73,36,-55
1742100044.0481331,-41,24,-119
1742100044.083133,-23,-15,6
1742100044.119133,-7,90,-97
1742100044.154133,-45,26,-281
1742100044.190133,20,18,-129
1742100044.2251332,-23,-25,-15
1742100044.2611332,10,-102,-99
1742100044.296133,-83,29,-9
1742100044.3311331,48,-19,-7
1742100044.3671331,-5,46,-3
1742100044.402133,-11,-18,-49
1742100044.438133,-73,49,-29
1742100044.473133,0,-30,-107
1742100044.509133,-33,23,-45
1742100044.5441332,68,21,6
1742100044.579133,70,-79,-117
1742100044.615133,-11,-13,16
1742100044.6501331,-73,-19,-73
1742100044.6861331,18,32,50
1742100044.721133,-29,-76,-49
1742100044.757133,24,24,-167
1742100044.792133,86,22,-75
1742100044.8271332,-63,19,-23
1742100044.8631332,-7,67,-25
1742100044.898133,-33,33,-115
1742100044.934133,-113,-44,-87
1742100044.9691331,-45,9,-73
1742100045.0051332,-61,-2,0
1742100045.040133,12,3,48
1742100045.075133,76,-42,18
1742100045.111133,-17,53,-141
1742100045.1461332,6,-14,-153
1742100045.1821332,12,-76,-27
1742100045.217133,-31,17,-153
1742100045.253133,-13,19,-7
1742100045.2881331,-67,9,-15
1742100045.323133,-3,-26,-75
1742100045.359133,-29,-2,-91
1742100045.394133,24,31,-155
1742100045.430133,20,-42,20
1742100045.4651332,-15,-44,-71
1742100045.501133,-36,11,-89
1742100045.536133,3,17,52
1742100045.5711331,82,3,-135
1742100045.6071332,-20,-44,-57
1742100045.642133,-36,31,-47
1742100045.678133,-106,-42,82
1742100045.713133,12,71,-89
1742100045.749133,-27,-18,-129
1742100045.7841332,4,29,-33
1742100045.819133,2,55,-51
1742100045.855133,24,-8,2
1742100045.8901331,-11,-48,-29
1742100045.9261332,52,-38,-105
1742100045.961133,-29,-56,-41
1742100045.997133,68,-22,-93
1742100046.032133,-20,-14,-103
1742100046.0671332,-20,-50,-3
1742100046.1031332,-98,-2,-61
1742100046.138133,29,-50,-49
1742100046.174133,-52,33,46
1742100046.2091331,1,0,2
1742100046.2451332,21,21,-161
1742100046.2811332,-16,5,102
1742100046.316133,-6,29,-67
1742100046.351133,-42,3,-39
1742100046.3871331,-60,15,-97
1742100046.4231331,-24,-10,-29
1742100046.458133,5,-8,-99
1742100046.494133,-8,27,62
1742100046.529133,39,-10,66
1742100046.5641332,18,-118,20
1742100046.599133,32,35,-19
1742100046.635133,-15,-52,-103
1742100046.671133,3,-70,-27
1742100046.7061331,-16,-56,-1
1742100046.7421331,65,61,-87
1742100046.777133,-74,-42,-1
1742100046.812133,-50,75,-165
1742100046.8471332,-62,115,-19
1742100046.8831332,-22,-5,-107
1742100046.9191332,-36,16,-51
1742100046.954133,33,64,-111
1742100046.990133,59,-35,-65
1742100047.0251331,21,40,-131
1742100047.060133,-12,8,-73
1742100047.095133,39,0,-131
1742100047.131133,33,8,-21
1742100047.167133,27,-39,8
1742100047.2021332,-62,46,-115
1742100047.2381332,46,75,13
1742100047.273133,10,41,-40
1742100047.3081331,78,1,-76
1742100047.343133,2,-22,-136
1742100047.385133,-117,-36,-22
1742100047.422133,-20,5,-100
1742100047.457133,-84,-6,-84
1742100047.4921331,45,61,-26
1742100047.527133,-62,43,-50
1742100047.563133,-64,-8,-136
1742100047.599133,-54,-18,-222
1742100047.634133,-35,-76,63
1742100047.670133,45,5,-58
1742100047.7051332,29,99,-142
1742100047.740133,-10,29,99
1742100047.7751331,-18,-34,-48
1742100047.8111331,59,3,-72
1742100047.8471332,37,-4,-74
1742100047.882133,17,-38,-84
1742100047.918133,2,-12,-56
1742100047.953133,-31,-12,-158
1742100047.9881332,8,19,-194
1742100048.023133,-21,21,-106
1742100048.059133,0,53,-176
1742100048.095133,-17,25,-200
1742100048.1301332,-114,1,-96
1742100048.1661332,57,-12,0
1742100048.201133,-51,-18,-8
1742100048.236133,-19,0,-27
1742100048.2711332,-23,19,-107
1742100048.3071332,84,55,154
1742100048.343133,-7,19,15
1742100048.378133,-17,-2,33
1742100048.414133,106,-44,-67
1742100048.4491332,-33,-28,-96
1742100048.484133,114,-30,-83
1742100048.519133,52,-31,-89
1742100048.555133,94,6,-225
1742100048.591133,-57,13,-71
1742100048.626133,16,13,-46
1742100048.662133,92,4,-74
1742100048.697133,24,-8,-32
1742100048.7321332,32,9,-84
1742100048.767133,-17,37,52
1742100048.803133,-47,0,40
1742100048.839133,-1,-22,-40
1742100048.874133,114,-24,-58
1742100048.9101331,34,25,-60
1742100048.945133,40,31,-4
1742100048.980133,-31,0,-12
1742100049.0151331,-15,61,-69
1742100049.0511332,6,-48,-3
1742100049.0871332,-9,79,54
1742100049.122133,12,-6,-71
1742100049.158133,22,57,-79
1742100049.193133,-85,-22,-77
1742100049.2281332,28,67,-15
1742100049.263133,-43,65,-134
1742100049.299133,-5,21,-26
1742100049.335133,-97,13,-62
1742100049.3701332,-19,51,-162
1742100049.4061332,2,-6,15
1742100049.441133,16,29,-80
1742100049.476133,-105,-2,-112
1742100049.5111332,-13,-54,-120
1742100049.547133,44,-11,25
1742100049.583133,-51,-20,103
1742100049.618133,86,22,17
1742100049.654133,-5,-34,-4
1742100049.6891332,44,-20,-54
1742100049.724133,-39,33,39
1742100049.759133,-7,75,-78
1742100049.795133,-43,19,-20
1742100049.8311331,4,71,-50
1742100049.866133,-67,93,-20
1742100049.902133,-29,-6,-24
1742100049.937133,-5,-24,-8
1742100049.9721332,-43,-18,81
1742100050.007133,-5,15,13
1742100050.043133,-41,5,51
1742100050.079133,12,-36,-38
1742100050.1141331,-7,-94,-60
1742100050.1501331,-9,-34,1
1742100050.185133,-39,7,25
1742100050.220133,10,-60,-76
1742100050.2551332,6,-16,53
1742100050.2911332,-35,-28,0
1742100050.3271332,-53,27,-26
1742100050.362133,-49,-29,35
1742100050.398133,7,-70,-106
1742100050.4331331,-39,53,-102
1742100050.468133,66,-86,-162
1742100050.504133,15,-22,61
1742100050.539133,-36,27,-44
1742100050.575133,63,27,-88
1742100050.6101332,9,-48,21
1742100050.6461332,-6,-68,-74
1742100050.681133,-6,12,33
1742100050.716133,32,8,37
1742100050.7521331,-17,56,43
1742100050.787133,36,42,25
1742100050.823133,52,76,-44
1742100050.858133,-13,-61,49
1742100050.894133,-63,-21,-104
1742100050.9291332,-71,9,-138
1742100050.964133,30,54,-26
1742100051.000133,-5,10,-38
1742100051.0351331,-19,-7,-66
1742100051.0711331,16,-47,-36
1742100051.106133,-63,36,-82
1742100051.142133,76,54,63
1742100051.177133,-63,0,-50
1742100051.2121332,-37,2,37
1742100051.2481332,-93,2,-32
1742100051.283133,18,28,-30
1742100051.319133,80,19,-52
1742100051.3541331,-99,105,-100
1742100051.3901331,-7,55,-26
1742100051.425133,52,69,-52
1742100051.460133,30,60,-22
1742100051.496133,-33,-19,-110
1742100051.5311332,38,-39,-54
1742100051.5671332,-69,-5,35
1742100051.602133,64,-33,-104
1742100051.638133,42,-45,-60
1742100051.6731331,26,56,-102
1742100051.708133,56,30,29
1742100051.744133,-25,-61,-76
1742100051.779133,18,48,-38
1742100051.815133,16,-73,65
1742100051.8501332,-9,0,-16
1742100051.8861332,-33,-37,9
1742100051.921133,-37,-5,-34
1742100051.9561331,22,-9,-65
1742100051.9921331,118,-89,-57
1742100052.027133,68,-63,-159
1742100052.063133,8,-27,-79
1742100052.098133,-65,-3,32
1742100052.134133,102,6,68
1742100052.1691332,4,-29,-135
1742100052.204133,8,-39,-111
1742100052.240133,24,-55,-105
1742100052.2751331,14,76,28
1742100052.3111331,-75,-67,-101
1742100052.346133,8,-13,-61
1742100052.382133,-39,-23,-69
1742100052.417133,82,4,-141
1742100052.4521332,-35,74,-17
1742100052.4881332,8,-29,-5
1742100052.523133,-45,-32,-137
1742100052.559133,36,21,-55
1742100052.5941331,32,-76,-73
1742100052.6301332,-3,21,-79
1742100052.6661332,-117,-56,-43
1742100052.7021332,-37,-70,10
1742100052.7381332,-15,21,-171
1742100052.773133,-37,-79,2
1742100052.8081331,-69,28,-123
1742100052.8441331,80,-63,-49
1742100052.8801332,26,0,-89
1742100052.915133,6,-61,-197
1742100052.951133,4,-36,60
1742100052.986133,64,39,-73
1742100053.0211332,8,-2,-71
1742100053.056133,-3,19,-115
1742100053.092133,-29,-62,-121
1742100053.128133,-56,-22,-87
1742100053.1631331,-94,-37,-179
1742100053.1991332,-19,-6,-23
1742100053.234133,-25,-18,-11
1742100053.269133,26,49,-65
1742100053.3041332,18,25,-81
1742100053.3401332,-27,-16,-67
1742100053.376133,-21,-14,-91
1742100053.411133,-15,-72,16
1742100053.447133,12,-42,24
1742100053.4821332,14,37,-123
1742100053.517133,-33,-38,20
1742100053.552133,74,19,26
1742100053.588133,38,23,-31
1742100053.624133,-47,-48,-131
1742100053.6591332,-37,49,-99
1742100053.695133,18,103,-43
1742100053.730133,-5,29,-99
1742100053.7651331,-3,5,-115
1742100053.800133,-61,-56,26
1742100053.836133,-5,35,-23
1742100053.872133,4,-14,-87
1742100053.907133,14,-102,-89
1742100053.943133,-75,-52,-171
1742100053.9781332,60,-12,-7
1742100054.013133,84,-36,76
1742100054.0481331,-23,-78,-17
1742100054.0841331,6,15,24
1742100054.1201332,58,3,-111
1742100054.155133,48,25,52
1742100054.191133,-17,9,12
1742100054.226133,-23,-16,-125
1742100054.2611332,0,83,-79
1742100054.296133,-37,-10,-47
1742100054.332133,32,-24,-1
1742100054.368133,-53,-28,-135
1742100054.4031332,14,-34,14
1742100054.4391332,-65,31,44
1742100054.474133,6,-10,-123
1742100054.509133,-47,-58,-33
1742100054.5441332,12,27,-5
1742100054.5801332,-39,13,-221
1742100054.616133,44,77,192
1742100054.651133,40,-64,-165
1742100054.687133,-39,131,-31
1742100054.7221332,6,-16,-181
1742100054.757133,-35,-10,-45
1742100054.792133,-15,25,8
1742100054.828133,-75,-20,-87
1742100054.8641331,0,-40,-67
1742100054.899133,-43,63,-83
1742100054.935133,90,-32,-27
1742100054.970133,-51,-36,-53
1742100055.0051332,34,-2,-57
1742100055.040133,14,0,-17
1742100055.076133,2,-42,-65
1742100055.112133,18,-44,-31
1742100055.147133,-13,-36,-85
1742100055.1831331,-99,31,-17
1742100055.218133,36,-8,-55
1742100055.253133,2,-56,-105
1742100055.2881331,-103,67,-7
1742100055.3241332,-55,-22,-91
1742100055.3601332,-39,89,-119
1742100055.395133,-3,-14,2
1742100055.431133,66,15,-51
1742100055.466133,110,-66,-17
1742100055.501133,36,27,-125
1742100055.536133,-9,-22,-15
1742100055.572133,-27,1,-15
1742100055.608133,-81,-2,-72
1742100055.6431332,26,109,66
1742100055.6791332,-73,-6,38
1742100055.714133,-3,-68,-92
1742100055.749133,-53,-38,95
1742100055.7841332,-65,51,-134
1742100055.820133,-79,42,-132
1742100055.856133,-5,-27,-32
1742100055.891133,10,10,-20
1742100055.927133,-47,48,-38
1742100055.9621332,4,7,-72
1742100055.997133,54,7,-122
1742100056.032133,-25,113,-198
1742100056.068133,-16,15,-220
1742100056.1041331,-30,35,83
1742100056.139133,-30,-42,53
1742100056.175133,-12,-12,-18
1742100056.210133,-20,-16,-72
1742100056.2451332,5,-34,-64
1742100056.280133,3,-13,107
1742100056.316133,1,6,-138
1742100056.352133,-72,8,-64
1742100056.3871331,34,-3,27
1742100056.4231331,-37,0,-62
1742100056.458133,58,28,-26
1742100056.493133,32,4,-100
1742100056.5281332,16,-27,-32
1742100056.5641332,-18,-22,49
1742100056.6001332,51,13,23
1742100056.635133,15,-15,-60
1742100056.671133,-57,20,-82
1742100056.7061331,6,16,41
1742100056.741133,-37,-49,91
1742100056.776133,-3,60,-18
1742100056.812133,-35,-25,-66
1742100056.848133,-63,-63,43
1742100056.8831332,-9,60,-8
1742100056.9191332,10,70,-160
1742100056.954133,-25,26,-90
1742100056.9891331,4,-47,-14
1742100057.0251331,-27,74,-140
1742100057.060133,10,-95,-106
1742100057.096133,-7,50,-122
1742100057.131133,54,-15,-102
1742100057.167133,20,-17,25
1742100057.2021332,-53,-11,-25
1742100057.237133,44,-3,-89
1742100057.273133,8,-27,80
1742100057.3081331,6,80,42
1742100057.3441331,-51,20,-99
1742100057.3861332,-21,-19,-89
1742100057.4231331,22,-29,36
1742100057.458133,47,-25,-17
1742100057.493133,-35,-15,-11
1742100057.529133,44,100,-17
1742100057.5641332,-60,-1,-137
1742100057.6001332,71,48,-95
1742100057.635133,65,-65,-103
1742100057.671133,-55,-117,-15
1742100057.7061331,-24,12,-83
1742100057.741133,-10,12,-31
1742100057.777133,-38,-19,-77
1742100057.812133,-36,26,-11
1742100057.848133,-58,-49,-103
1742100057.8831332,28,-49,-47
1742100057.9191332,60,-40,-83
1742100057.954133,-1,-33,-91
1742100057.9891331,42,-26,-35
1742100058.0251331,-12,-60,-95
1742100058.060133,-48,4,-117
1742100058.096133,-22,-30,32
1742100058.131133,20,16,-45
1742100058.167133,12,2,-39
1742100058.2021332,-33,26,46
1742100058.237133,-9,14,-45
1742100058.273133,42,-7,-123
1742100058.3081331,2,-11,-55
1742100058.3441331,-56,-2,-145
1742100058.379133,-24,-59,-139
1742100058.414133,26,-77,-99
1742100058.4491332,15,-79,-155
1742100058.4851332,55,-21,-5
1742100058.5211332,5,12,-81
1742100058.556133,7,-17,-109
1742100058.592133,47,42,-129
1742100058.6271331,21,24,4
1742100058.6631331,103,-19,-49
1742100058.698133,11,-81,-157
1742100058.733133,-13,-25,-33
1742100058.769133,28,-52,-155
1742100058.8041332,-17,-45,-127
1742100058.8401332,-93,-71,-79
1742100058.875133,-9,-3,20
1742100058.911133,36,72,-65
1742100058.9461331,-27,-7,30
1742100058.981133,97,58,-143
1742100059.017133,55,10,42
1742100059.052133,15,-1,86
1742100059.088133,-38,82,-19
1742100059.1231332,43,32,38
1742100059.1591332,45,36,-69
1742100059.195133,49,-29,-147
1742100059.231133,10,44,-165
1742100059.267133,-59,34,-117
1742100059.302133,-1,-19,-63
1742100059.3371332,20,-93,-73
1742100059.3731332,36,-43,-63
1742100059.4091332,-40,-7,-51
1742100059.444133,-29,24,-7
1742100059.480133,-3,-17,-21
1742100059.5151331,-27,24,-21
1742100059.550133,17,22,-63
1742100059.585133,-80,32,-3
1742100059.621133,71,24,-71
1742100059.657133,20,12,-113
1742100059.6921332,-8,-55,-109
1742100059.7281332,-22,32,-127
1742100059.763133,-68,-13,-43
1742100059.7981331,33,46,-117
1742100059.833133,19,-1,-19
1742100059.869133,-16,28,-31
1742100059.905133,3,-51,-87
1742100059.940133,31,-11,-123
1742100059.976133,-8,24,120
1742100060.0111332,69,48,-77
1742100060.046133,-7,44,-17
1742100060.0811331,47,-81,-93
1742100060.1171331,31,-39,-223
1742100060.1531332,-17,72,-35
1742100060.188133,-3,-31,-109
1742100060.224133,70,-3,-55
1742100060.259133,-17,-13,32
1742100060.2941332,120,-85,-79
1742100060.329133,-71,-33,-3
1742100060.365133,60,-93,-55
1742100060.401133,72,-35,-37
1742100060.4361331,4,-7,-27
1742100060.4721332,-39,-53,20
1742100060.507133,8,-1,112
1742100060.542133,-127,6,-55
1742100060.5771332,58,74,20
1742100060.6131332,18,36,98
1742100060.649133,14,56,-109
1742100060.684133,70,44,-41
1742100060.720133,38,46,-85
1742100060.7551332,-25,-5,-5
1742100060.790133,2,26,102
1742100060.825133,58,-53,-7
1742100060.861133,18,-41,-45
1742100060.897133,-29,-3,-53
1742100060.9321332,82,-3,-47
1742100060.968133,-77,-27,6
1742100061.003133,16,-63,60
1742100061.0381331,-1,-17,-43
1742100061.073133,34,-41,-71
1742100061.109133,-3,58,-97
1742100061.145133,22,-7,-46
1742100061.180133,20,-7,-68
1742100061.216133,-19,14,47
1742100061.251133,10,6,17
1742100061.286133,24,-3,-72
1742100061.3211331,138,-39,-84
1742100061.3571332,-15,-5,-118
1742100061.3931332,-1,-37,-16
1742100061.428133,42,86,25
1742100061.464133,12,26,-140
1742100061.499133,4,60,43
1742100061.5341332,118,-13,-206
1742100061.569133,6,-23,-70
1742100061.605133,-5,-19,13
1742100061.641133,4,16,-8
1742100061.6761332,16,-21,-74
1742100061.7121332,38,2,-46
1742100061.747133,-19,14,-42
1742100061.782133,-61,-81,-114
1742100061.8171332,64,-7,-182
1742100061.8531332,-29,-15,-62
1742100061.889133,-7,-1,-96
1742100061.924133,-18,-62,-84
1742100061.960133,92,6,-12
1742100061.9951332,-52,-24,-200
1742100062.030133,-12,0,-34
1742100062.065133,-79,13,-58
1742100062.101133,-10,19,-30
1742100062.1371331,-70,69,-126
1742100062.172133,31,-14,-70
1742100062.208133,43,17,-36
1742100062.243133,-78,-26,1
1742100062.2781332,24,-10,15
1742100062.313133,62,37,-6
1742100062.349133,-39,-38,-36
1742100062.385133,-107,31,0
1742100062.420133,100,-28,-44
1742100062.4561331,36,-2,-44
1742100062.491133,-3,-30,-36
1742100062.526133,-37,75,-124
1742100062.5611331,12,-12,-71
1742100062.5971332,-55,3,-65
1742100062.6331332,0,33,-95
1742100062.668133,-27,33,-51
1742100062.704133,0,-70,-37
1742100062.7391331,-23,-16,10
1742100062.774133,-37,19,-17
1742100062.810133,-7,-82,-37
1742100062.845133,72,-26,60
1742100062.881133,-45,35,-55
1742100062.9161332,54,15,-95
1742100062.9521332,62,-72,110
1742100062.987133,82,31,-85
1742100063.022133,64,-6,-93
1742100063.0571332,6,33,-153
1742100063.093133,64,11,-97
1742100063.129133,-53,-36,-11
1742100063.164133,18,-18,-135
1742100063.200133,-57,31,-131
1742100063.2351332,82,39,-123
1742100063.270133,-27,25,-77
1742100063.306133,14,-50,-115
1742100063.341133,-59,-20,-124
1742100063.3771331,-20,15,-33
1742100063.412133,15,-8,-179
1742100063.448133,39,59,-33
1742100063.483133,-44,-36,-49
1742100063.5181332,-10,45,-111
1742100063.5541332,23,5,-79
1742100063.589133,31,-40,20
1742100063.625133,-46,45,31
1742100063.6601331,47,-12,-42
1742100063.6961331,-22,63,-38
1742100063.731133,25,19,-192
1742100063.766133,43,-22,29
1742100063.802133,7,-28,21
1742100063.8371332,67,-22,-78
1742100063.8731332,15,-20,-100
1742100063.908133,23,19,-52
1742100063.944133,-14,-30,31
1742100063.9791331,-42,49,-50
1742100064.014133,17,-26,-64
1742100064.050133,-28,-12,-70
1742100064.085133,49,-4,5
1742100064.121133,-58,-62,-82
1742100064.1561332,-30,-6,31
1742100064.1921332,-26,-76,-44
1742100064.227133,-10,23,7
1742100064.2621331,-2,23,-200
1742100064.2981331,-4,25,13
1742100064.333133,63,45,-58
1742100064.369133,59,-48,-234
1742100064.404133,21,21,-100
1742100064.440133,1,-106,-40
1742100064.4751332,15,-14,-122
1742100064.510133,3,1,21
1742100064.546133,13,-8,1
1742100064.5811331,-60,-36,-64
1742100064.6171331,-10,-54,-28
1742100064.652133,-76,-48,-40
1742100064.688133,21,-68,-38
1742100064.723133,-52,-6,15
1742100064.7581332,-36,15,-66
1742100064.7941332,-6,33,-2
1742100064.829133,13,53,-74
1742100064.865133,5,11,-28
1742100064.9001331,41,11,-158
1742100064.9361331,69,-38,-126
1742100064.971133,-24,15,-166
1742100065.006133,33,-16,-36
1742100065.042133,-50,27,-58
1742100065.0771332,-10,41,-6
1742100065.1131332,21,-34,-76
1742100065.148133,29,5,33
1742100065.184133,-76,-30,61
1742100065.2191331,57,13,-34
1742100065.254133,13,31,-58
1742100065.290133,83,5,7
1742100065.325133,-10,49,-98
1742100065.361133,48,-42,-40
1742100065.3961332,6,17,-46
1742100065.4321332,24,-10,-126
1742100065.467133,8,-12,-54
1742100065.5021331,50,-72,-78
1742100065.5381331,60,3,45
1742100065.573133,-106,17,-66
1742100065.609133,53,15,-90
1742100065.644133,-24,15,-146
1742100065.6791332,34,-14,-48
1742100065.714133,52,-12,57
1742100065.750133,20,-100,-36
1742100065.786133,2,13,-14
1742100065.8211331,-79,1,-76
1742100065.8571332,42,-32,-16
1742100065.892133,62,-6,-70
1742100065.927133,-29,11,-40
1742100065.9621332,-3,-7,-148
1742100065.9981332,-3,47,-56
1742100066.0341332,42,-48,-46
1742100066.069133,-17,70,77
1742100066.105133,20,106,-118
1742100066.1401331,-69,-59,-144
1742100066.175133,-63,-65,49
1742100066.210133,0,-18,-76
1742100066.246133,50,-54,53
1742100066.282133,14,49,-28
1742100066.3171332,-15,7,-10
1742100066.3531332,-1,-48,7
1742100066.388133,14,-26,-72
1742100066.4231331,2,27,-98
1742100066.458133,8,-6,-16
1742100066.494133,0,0,3
1742100066.530133,140,9,0
1742100066.565133,4,25,119
1742100066.601133,-11,-44,-114
1742100066.6361332,12,21,-110
1742100066.671133,2,-12,-70
1742100066.7061331,-43,31,-48
1742100066.7421331,-69,-26,-16
1742100066.7781332,34,-94,-164
1742100066.813133,40,-60,-88
1742100066.849133,5,15,-60
1742100066.884133,42,-22,-68
1742100066.9191332,64,-36,-140
1742100066.954133,80,-16,-42
1742100066.990133,12,-34,-58
1742100067.026133,38,13,-66
1742100067.0611331,-35,-72,-98
1742100067.0971332,42,1,-56
1742100067.132133,-49,-48,-86
1742100067.167133,-51,-68,-58
1742100067.2021332,-31,-18,73
1742100067.2381332,62,33,-110
1742100067.274133,16,38,-40
1742100067.309133,64,-6,-88
1742100067.345133,86,-42,-146
1742100067.3871331,-93,-36,-58
1742100067.4231331,8,99,35
1742100067.458133,76,-62,-86
1742100067.494133,14,31,-20
1742100067.530133,-11,64,107
1742100067.565133,12,-67,-6
1742100067.601133,-25,-9,31
1742100067.6361332,4,-33,-30
1742100067.671133,40,10,-16
1742100067.7061331,8,2,-146
1742100067.7421331,12,78,-166
1742100067.7781332,93,-7,53
1742100067.813133,26,18,-62
1742100067.849133,-67,-97,79
1742100067.884133,-21,18,0
1742100067.9191332,-25,-43,-66
1742100067.954133,-21,24,-84
1742100067.990133,-87,-27,43
1742100068.026133,-93,-17,-132
1742100068.0611331,52,54,-48
1742100068.0971332,-13,63,-128
1742100068.132133,-11,17,1
1742100068.167133,16,-48,-108
1742100068.2021332,-13,-13,-48
1742100068.2381332,36,12,-158
1742100068.274133,0,-5,-94
1742100068.309133,-103,-24,47
1742100068.345133,10,-18,-22
1742100068.3801332,-51,-52,81
1742100068.415133,2,-34,-70
1742100068.450133,18,-8,-20
1742100068.486133,-33,-10,-42
1742100068.522133,-29,0,-50
1742100068.5571332,68,-24,-130
1742100068.593133,8,-52,11
1742100068.628133,-61,-42,-82
1742100068.6631331,6,11,75
1742100068.698133,-33,19,11
1742100068.734133,44,31,-112
1742100068.770133,-25,7,-78
1742100068.805133,-23,-86,-32
1742100068.841133,-4,-36,-36
1742100068.876133,33,-106,-134
1742100068.911133,-60,95,-50
1742100068.9461331,52,42,-92
1742100068.9821332,11,-8,-122
1742100069.0181332,-25,47,-10
1742100069.053133,46,59,-80
1742100069.089133,60,25,-76
1742100069.124133,-43,1,-128
1742100069.1591332,40,35,-6
1742100069.194133,-59,53,-94
1742100069.230133,-7,-50,-50
1742100069.266133,-61,-69,-12
1742100069.3011332,44,-35,-122
1742100069.3371332,24,-5,-16
1742100069.372133,-19,8,-42
1742100069.407133,66,-23,-8
1742100069.4421332,56,-77,-80
1742100069.4781332,10,10,-120
1742100069.514133,44,-1,11
1742100069.549133,58,-13,-136
1742100069.585133,22,-25,-136
1742100069.6201332,12,8,-138
1742100069.655133,-45,-15,5
1742100069.691133,4,62,1
1742100069.726133,136,-57,-42
1742100069.7621331,-49,-33,39
1742100069.797133,-47,30,-82
1742100069.833133,54,48,-82
1742100069.868133,48,16,-6
1742100069.9031332,28,8,-68
1742100069.9391332,-31,20,-142
1742100069.974133,34,24,-126
1742100070.010133,-5,8,-130
1742100070.045133,-5,-39,-88
1742100070.0811331,58,-45,21
1742100070.116133,-25,38,11
1742100070.151133,-1,34,-94
1742100070.187133,-37,-3,-28
1742100070.2221332,34,-44,59
1742100070.2581332,-35,3,-16
1742100070.293133,-37,-48,23
1742100070.329133,-21,19,-92
1742100070.3641331,18,19,-22
1742100070.399133,42,-28,-96
1742100070.435133,-45,29,-20
1742100070.470133,84,-30,-94
1742100070.506133,-1,-90,-78
1742100070.5411332,26,34,-98
1742100070.5771332,11,-16,9
1742100070.612133,12,63,-38
1742100070.647133,78,61,11
1742100070.6831331,-85,35,-70
1742100070.718133,-17,19,-24
1742100070.754133,16,3,5
1742100070.789133,24,20,-162
1742100070.825133,46,2,-16
1742100070.8601332,54,-12,-110
1742100070.895133,-97,-44,-154
1742100070.931133,-53,7,-104
1742100070.966133,-87,-42,-78
1742100071.0021331,-31,91,31
1742100071.037133,16,69,-116
1742100071.073133,-62,0,23
1742100071.108133,-23,29,-64
1742100071.1431332,-85,29,-52
1742100071.1791332,80,81,-74
1742100071.214133,-17,-14,-68
1742100071.250133,2,-18,5
1742100071.2851331,76,15,-14
1742100071.3211331,-103,-10,-32
1742100071.356133,-53,-34,-32
1742100071.391133,-23,31,-120
1742100071.427133,-55,-30,73
1742100071.4621332,-9,-64,-32
1742100071.4981332,-91,-26,-36
1742100071.533133,54,29,-32
1742100071.569133,-95,53,-170
1742100071.6041331,66,-24,19
1742100071.639133,-33,-12,-92
1742100071.675133,6,-98,-150
1742100071.710133,40,-16,-86
1742100071.746133,28,21,-58
1742100071.7811332,-9,-112,-98
1742100071.8171332,36,-14,-88
1742100071.852133,56,0,-58
1742100071.8871331,24,51,15
1742100071.9231331,6,19,-84
1742100071.958133,-31,39,-50
1742100071.994133,40,37,21
1742100072.029133,-41,-40,-206
1742100072.0641332,48,-52,-154
1742100072.099133,72,-39,-76
1742100072.135133,-69,-70,1
1742100072.171133,90,1,-16
1742100072.2061331,6,-72,-40
1742100072.2421331,-17,3,-68
1742100072.277133,14,3,-118
1742100072.312133,0,51,35
1742100072.3471332,-23,-12,-12
1742100072.3831332,14,45,-22
1742100072.4191332,-75,75,-16
1742100072.454133,-32,11,-156
1742100072.490133,-15,23,-94
1742100072.5251331,-53,67,11
1742100072.560133,-23,39,-128
1742100072.595133,38,-44,-6
1742100072.631133,18,-4,-186
1742100072.667133,-53,-82,-56
1742100072.7021332,92,-43,135
1742100072.7381332,-61,-31,-58
1742100072.773133,-15,64,-68
1742100072.8081331,2,11,-38
1742100072.843133,-35,-20,-58
1742100072.879133,4,15,95
1742100072.915133,-27,-68,-2
1742100072.950133,-55,-20,-86
1742100072.986133,44,-88,-74
1742100073.0211332,8,21,-24
1742100073.056133,22,33,-240
1742100073.091133,22,71,-94
1742100073.1271331,14,-8,27
1742100073.1631331,12,-6,-172
1742100073.198133,50,59,33
1742100073.234133,20,-4,-22
1742100073.269133,-43,-30,-18
1742100073.3041332,-17,3,-130
1742100073.339133,-47,-12,49
1742100073.375133,-17,23,-42
1742100073.411133,-15,-16,19
1742100073.4461331,-3,79,-86
1742100073.4821332,-15,-66,-206
1742100073.517133,32,55,-64
1742100073.552133,-25,-38,85
1742100073.5871332,14,-20,-126
1742100073.6231332,44,11,-114
1742100073.6591332,32,-24,-55
1742100073.694133,42,29,-83
1742100073.730133,66,-34,30
1742100073.7651331,2,-36,-59
1742100073.800133,44,-28,-99
1742100073.835133,54,7,-11
1742100073.871133,122,-10,-57
1742100073.907133,56,49,-65
1742100073.9421332,-7,37,-58
1742100073.9781332,-7,-9,-99
1742100074.013133,-25,-23,-37
1742100074.0481331,-55,44,-43
1742100074.083133,-33,-17,-65
1742100074.119133,-65,-27,-123
1742100074.155133,22,-3,-119
1742100074.190133,-39,50,8
1742100074.226133,10,10,0
1742100074.2611332,-7,-9,-67
1742100074.296133,-71,-3,-77
1742100074.3311331,20,-21,-157
1742100074.3671331,-29,8,-35
1742100074.4031332,44,-13,-73
1742100074.438133,36,-29,12
1742100074.474133,8,2,-87
1742100074.509133,-1,2,54
1742100074.5441332,-65,39,-41
1742100074.579133,-75,-60,-55
1742100074.615133,80,-27,-119
1742100074.651133,6,38,-117
1742100074.6861331,-3,6,49
1742100074.7221332,50,-25,-34
1742100074.757133,-17,-25,-192
1742100074.792133,54,74,63
1742100074.8271332,0,-39,-84
1742100074.8631332,42,-47,-116
1742100074.899133,-21,84,-56
1742100074.934133,20,-15,-16
1742100074.970133,38,-55,-28
1742100075.0051332,-11,80,23
1742100075.040133,44,16,-88
1742100075.075133,-13,90,29
1742100075.111133,-97,-31,-108
1742100075.147133,-7,28,5
1742100075.1821332,48,-13,-42
1742100075.218133,-37,8,-20
1742100075.253133,-49,10,-162
1742100075.2881331,22,2,-8
1742100075.323133,-67,30,-122
1742100075.359133,12,6,17
1742100075.395133,-61,26,-32
1742100075.430133,-19,20,-4
1742100075.466133,40,24,-24
1742100075.501133,60,-49,-148
1742100075.536133,-19,10,-36
1742100075.5711331,0,-63,-12
1742100075.6071332,-31,2,-42
1742100075.6431332,-29,6,-60
1742100075.678133,-17,-73,27
1742100075.714133,34,58,-60
1742100075.749133,34,-27,-78
1742100075.7841332,32,14,29
1742100075.819133,-29,-41,-6
1742100075.855133,-13,60,23
1742100075.891133,-19,32,-149
1742100075.9261332,-1,-23,-65
1742100075.9621332,22,12,-39
1742100075.997133,8,-11,-119
1742100076.032133,18,-22,-27
1742100076.0671332,24,53,-141
1742100076.1031332,-9,59,54
1742100076.139133,16,-39,-7
1742100076.174133,22,-37,2
1742100076.210133,36,14,-75
1742100076.2451332,-25,24,-27
1742100076.280133,-29,-5,6
1742100076.316133,-1,0,2
1742100076.351133,-19,-31,6
1742100076.3871331,10,28,-69
1742100076.422133,-23,8,4
1742100076.458133,-75,70,-25
1742100076.493133,66,-19,106
1742100076.5281332,-5,21,-13
1742100076.5641332,22,14,-9
1742100076.599133,104,-32,-65
1742100076.635133,-35,-12,-137
1742100076.670133,22,23,-17
1742100076.7061331,-25,17,-33
1742100076.741133,50,-32,-87
1742100076.776133,-55,11,-21
1742100076.812133,10,25,24
1742100076.8471332,30,5,-1
1742100076.8831332,62,-35,-133
1742100076.918133,-11,-11,36
1742100076.954133,-61,30,-97
1742100076.9891331,32,52,-37
1742100077.024133,0,-23,-9
1742100077.060133,28,36,-67
1742100077.095133,-43,-53,-91
1742100077.131133,-45,-1,-59
1742100077.1661332,36,72,-101
1742100077.2021332,66,6,-59
1742100077.237133,-55,0,-7
1742100077.272133,-1,-43,-49
1742100077.3081331,-7,42,28
1742100077.343133,-13,6,-49
1742100077.379133,-47,-14,-81
1742100077.421133,0,33,-47
1742100077.458133,26,37,-49
1742100077.493133,44,-44,-17
1742100077.5281332,52,28,-5
1742100077.5641332,-23,0,-87
1742100077.599133,34,-6,-13
1742100077.635133,66,62,36
1742100077.670133,10,58,-95
1742100077.7061331,8,-35,28
1742100077.741133,-99,10,-37
1742100077.776133,-91,-55,-23
1742100077.812133,16,-55,-49
1742100077.8471332,98,-9,-23
1742100077.8831332,0,14,-113
1742100077.918133,76,-9,-95
1742100077.954133,-51,-35,-89
1742100077.9891331,14,88,74
1742100078.024133,-47,-37,-137
1742100078.060133,-83,-47,-13
1742100078.095133,4,-9,-135
1742100078.131133,20,-27,-120
1742100078.1661332,-25,-67,-79
1742100078.2021332,18,-3,57
1742100078.237133,-7,8,-188
1742100078.272133,40,-17,-64
1742100078.3081331,-63,-25,-24
1742100078.343133,-3,-83,0
1742100078.379133,38,-6,-50
1742100078.414133,-31,15,-158
1742100078.450133,-33,49,-98
1742100078.486133,-21,20,-162
1742100078.522133,-3,-53,27
1742100078.5581331,4,-121,-160
1742100078.593133,56,8,-30
1742100078.628133,-19,-23,-70
1742100078.664133,-121,-19,-60
1742100078.700133,-23,80,-184
1742100078.7351332,2,-41,38
1742100078.7711332,-35,27,-76
1742100078.806133,60,-9,20
1742100078.841133,-39,20,-49
1742100078.876133,-99,-100,38
1742100078.912133,24,73,-29
1742100078.948133,-45,93,-45
1742100078.983133,2,5,-59
1742100079.019133,28,9,50
1742100079.0541332,-33,-24,-11
1742100079.089133,-75,27,42
1742100079.124133,54,-52,-57
1742100079.1601331,-5,61,-77
1742100079.1961331,-45,3,26
1742100079.231133,40,58,-117
1742100079.267133,50,7,-19
1742100079.302133,24,-2,-113
1742100079.3371332,36,37,-37
1742100079.372133,-25,-20,-99
1742100079.408133,-59,63,-99
1742100079.444133,38,43,-90
1742100079.4791331,-69,-18,-135
1742100079.5151331,-23,-24,-11
1742100079.550133,-17,-20,-40
1742100079.585133,-69,35,-30
1742100079.6201332,-89,0,-106
1742100079.6561332,18,4,-116
1742100079.6921332,2,6,51
1742100079.727133,52,26,-94
1742100079.763133,22,40,-66
1742100079.7981331,-23,20,-178
1742100079.833133,12,-1,37
1742100079.868133,66,-19,-98
1742100079.904133,2,-21,-62
1742100079.940133,-23,44,69
1742100079.9751332,34,-49,13
1742100080.0111332,-53,46,33
1742100080.046133,26,-35,15
1742100080.0811331,6,-5,-184
1742100080.116133,10,-33,-62
1742100080.152133,10,-41,33
1742100080.188133,12,40,-124
1742100080.223133,-13,26,-38
1742100080.259133,0,32,-46
1742100080.2941332,-9,-119,25
1742100080.329133,-55,-17,-78
1742100080.3641331,20,36,-98
1742100080.4001331,-27,-33,-166
1742100080.4361331,-33,6,27
1742100080.471133,32,-79,-156
1742100080.507133,-23,-9,11
1742100080.542133,8,6,-112
1742100080.5771332,-3,-17,-28
1742100080.612133,-13,12,39
1742100080.648133,-21,30,-6
1742100080.684133,-17,66,-146
1742100080.7191331,16,20,-14
1742100080.7551332,-39,36,7
1742100080.790133,18,-61,-24
1742100080.825133,-69,-29,-10
1742100080.8601332,-13,40,1
1742100080.8961332,26,-33,-50
1742100080.9321332,-65,-33,-50
1742100080.967133,-43,-51,-152
1742100081.003133,-35,-9,-84
1742100081.0381331,-21,-33,-52
1742100081.073133,40,-13,-18
1742100081.108133,-5,-8,-52
1742100081.144133,-9,-43,31
1742100081.180133,-27,26,49
1742100081.2151332,36,20,-48
1742100081.251133,-31,-41,-54
1742100081.286133,-45,0,-82
1742100081.3211331,2,-41,-12
1742100081.356133,12,6,-108
1742100081.392133,-38,28,-162
1742100081.428133,-11,-15,37
1742100081.463133,14,-76,-106
1742100081.499133,36,1,-34
1742100081.5341332,-5,-14,33
1742100081.569133,-19,-20,61
1742100081.6041331,-1,5,-96
1742100081.6401331,32,56,-50
1742100081.6761332,14,-79,-8
1742100081.711133,10,-35,-58
1742100081.747133,16,6,31
1742100081.782133,20,-21,17
1742100081.8171332,22,-15,-106
1742100081.852133,-81,12,-8
1742100081.888133,-37,18,-44
1742100081.924133,24,-31,21
1742100081.9591331,30,-43,-90
1742100081.9951332,14,-59,-84
1742100082.030133,56,-35,31
1742100082.065133,26,26,-52
1742100082.1001332,54,4,5
1742100082.1361332,-17,-59,-190
1742100082.172133,-39,28,-48
1742100082.207133,-79,-67,89
1742100082.243133,-19,30,-98
1742100082.2781332,-31,-49,-38
1742100082.313133,10,-7,7
1742100082.348133,8,-47,-34
1742100082.384133,94,34,-20
1742100082.420133,-47,28,-50
1742100082.4551332,48,0,-84
1742100082.491133,10,-54,-52
1742100082.526133,-55,-30,-92
1742100082.5611331,74,-38,-128
1742100082.5971332,28,-12,-12
1742100082.632133,-69,11,-130
1742100082.668133,34,-26,-78
1742100082.703133,-25,-92,1
1742100082.7391331,-15,-28,-36
1742100082.774133,112,-38,-42
1742100082.809133,4,-20,77
1742100082.845133,14,-22,-134
1742100082.8801332,14,67,-6
1742100082.9161332,50,-32,-76
1742100082.951133,-67,-8,-56
1742100082.987133,70,-3,-48
1742100083.022133,44,5,77
1742100083.0571332,4,29,-34
1742100083.093133,-39,-50,-28
1742100083.128133,30,23,1
1742100083.164133,16,28,-74
1742100083.1991332,40,-15,-128
1742100083.2351332,-7,-57,53
1742100083.270133,-1,-51,19
1742100083.305133,-27,56,-36
1742100083.341133,-41,-15,51
1742100083.376133,-13,30,3
1742100083.412133,30,28,11
1742100083.447133,4,2,-90
1742100083.483133,42,-99,41
1742100083.5181332,24,-7,41
1742100083.553133,0,-19,-80
1742100083.589133,-3,-39,-18
1742100083.624133,-9,-27,-76
1742100083.6601331,14,10,-174
1742100083.695133,-13,-39,-26
1742100083.731133,-69,56,-112
1742100083.766133,-39,-57,39
1742100083.8011332,78,-80,-72
1742100083.8371332,34,-40,-90
1742100083.872133,-63,-45,-90
1742100083.908133,12,2,-104
1742100083.943133,16,19,-148
1742100083.9791331,60,133,-18
1742100084.014133,-5,-16,-54
1742100084.049133,-81,9,119
1742100084.085133,-91,8,-100
1742100084.1201332,104,-19,-80
1742100084.1561332,22,-49,-30
1742100084.191133,16,16,-24
1742100084.227133,-13,40,0
1742100084.2621331,32,-39,23
1742100084.297133,34,32,55
1742100084.333133,-107,6,-31
1742100084.368133,56,-31,-155
1742100084.404133,12,22,-109
1742100084.4391332,-33,-27,46
1742100084.4751332,18,14,-117
1742100084.510133,16,42,-75
1742100084.545133,68,-15,-87
1742100084.5811331,20,-25,2
1742100084.616133,-45,-33,28
1742100084.652133,38,-7,-173
1742100084.687133,42,8,-55
1742100084.723133,24,44,-17
1742100084.7581332,-1,48,-63
1742100084.793133,-55,0,12
1742100084.829133,0,-17,-17
1742100084.8641331,2,6,-101
1742100084.9001331,-39,-7,-75
1742100084.935133,86,-15,22
1742100084.971133,-39,26,-59
1742100085.007133,-33,-21,-55
1742100085.042133,39,64,-61
1742100085.0771332,17,-15,-31
1742100085.1131332,-134,34,92
1742100085.149133,96,16,-21
1742100085.184133,58,92,-93
1742100085.220133,44,-19,-59
1742100085.2551332,46,-39,-37
1742100085.290133,42,-29,-253
1742100085.325133,-43,0,-99
1742100085.361133,-5,6,38
1742100085.397133,-31,-7,-147
1742100085.4321332,0,0,-149
1742100085.468133,-11,6,-53
1742100085.503133,80,-74,122
1742100085.5381331,-1,31,-113
1742100085.573133,58,45,58
1742100085.609133,-9,-42,-49
1742100085.645133,-3,29,-161
1742100085.680133,12,9,-45
1742100085.716133,-47,-79,-89
1742100085.751133,14,-15,-27
1742100085.786133,82,61,-81
1742100085.8211331,-45,-23,64
1742100085.8571332,-123,37,-49
1742100085.8931332,28,-53,-33
1742100085.928133,2,-57,-9
1742100085.964133,20,-60,80
1742100085.999133,-21,69,-115
1742100086.0341332,78,33,0
1742100086.069133,-33,3,12
1742100086.105133,72,-14,124
1742100086.141133,-39,9,-83
1742100086.1761332,10,17,-69
1742100086.2121332,-13,-20,-81
1742100086.247133,-5,19,-49
1742100086.282133,-33,3,-27
1742100086.3171332,-27,50,-19
1742100086.3531332,102,-33,-9
1742100086.389133,22,-78,-23
1742100086.424133,-47,-38,8
1742100086.460133,-5,55,-121
1742100086.4951332,-53,-66,74
1742100086.530133,-11,-95,-29
1742100086.565133,-43,-3,-185
1742100086.601133,-69,-9,40
1742100086.6371331,56,-25,-9
1742100086.672133,64,10,-33
1742100086.708133,-23,40,-117
1742100086.743133,-45,18,2
1742100086.7781332,14,24,-3
1742100086.813133,24,46,-131
1742100086.849133,28,-9,-31
1742100086.885133,42,2,-201
1742100086.920133,34,-53,-71
1742100086.9561331,-27,50,-113
1742100086.991133,24,-39,-39
1742100087.026133,12,-47,-23
1742100087.0611331,68,30,-145
1742100087.0971332,-11,-7,-119
1742100087.1331332,48,-3,6
1742100087.168133,58,34,-107
1742100087.204133,-93,-35,6
1742100087.2391331,6,-35,-3
1742100087.274133,58,32,14
1742100087.309133,-53,-3,-105
1742100087.345133,-39,16,-25
1742100087.381133,14,-49,-9
1742100087.4231331,-33,12,-117
1742100087.460133,-45,84,40
1742100087.4951332,30,-63,32
1742100087.530133,-15,-7,-73
1742100087.565133,6,54,-105
1742100087.601133,32,10,-25
1742100087.6371331,40,-35,16
1742100087.672133,-19,-15,-17
1742100087.708133,44,30,-55
1742100087.743133,12,42,16
1742100087.7781332,2,-51,-99
1742100087.813133,-75,-17,-95
1742100087.849133,20,78,50
1742100087.885133,22,58,-73
1742100087.920133,-7,-77,8
1742100087.9561331,52,14,-65
1742100087.991133,74,-29,-129
1742100088.026133,-15,4,84
1742100088.0611331,4,28,-213
1742100088.0971332,126,-45,-39
1742100088.1331332,-19,-71,-17
1742100088.168133,38,34,-47
1742100088.204133,-13,-7,4
1742100088.2391331,28,-11,-27
1742100088.274133,102,-13,-23
1742100088.309133,10,-37,-65
1742100088.345133,-75,-37,-25
1742100088.381133,22,14,24
1742100088.4161332,36,-61,-23
1742100088.4521332,18,80,-75
1742100088.487133,64,-29,-39
1742100088.522133,50,26,-7
1742100088.5571332,36,40,-65
1742100088.593133,22,34,-21
1742100088.629133,-15,-53,-203
1742100088.664133,-1,-39,-57
1742100088.700133,20,6,-67
1742100088.7351332,40,-1,-189
1742100088.770133,66,-29,-21
1742100088.805133,4,0,-73
1742100088.841133,8,32,-55
1742100088.8771331,12,44,-87
1742100088.912133,-1,-83,-63
1742100088.948133,-5,8,-27
1742100088.983133,20,24,-29
1742100089.0181332,4,-65,-85
1742100089.0541332,-39,-3,-21
1742100089.089133,-3,60,-31
1742100089.125133,-31,-69,18
1742100089.1601331,15,11,-67
1742100089.1961331,-49,-47,-11
1742100089.231133,16,-73,-65
1742100089.266133,-5,-9,-81
1742100089.302133,-13,-29,54
1742100089.3371332,-9,20,-95
1742100089.3731332,30,50,-71
1742100089.408133,2,36,-41
1742100089.444133,80,34,34
1742100089.4791331,-15,20,-31
1742100089.514133,39,-11,-91
1742100089.550133,-44,-39,-23
1742100089.585133,-84,-29,-47
1742100089.621133,37,7,-39
1742100089.6561332,83,-26,-21
1742100089.6921332,-6,-22,-5
1742100089.727133,-50,53,-91
1742100089.7621331,-22,-12,-121
1742100089.7981331,-23,-18,-95
1742100089.833133,-74,47,44
1742100089.869133,-28,-96,50
1742100089.904133,46,14,26
1742100089.940133,2,-27,-15
1742100089.9751332,-50,49,-57
1742100090.010133,18,74,-55
1742100090.046133,6,24,-135
1742100090.0811331,-29,40,-57
1742100090.1171331,-11,26,-25
1742100090.152133,7,-45,-155
1742100090.188133,-2,44,16
1742100090.223133,-58,2,-1
1742100090.2581332,5,-40,-1
1742100090.2941332,129,5,-37
1742100090.329133,67,21,-55
1742100090.365133,13,31,-57
1742100090.4001331,74,48,-61
1742100090.4361331,46,-49,-55
1742100090.471133,42,92,-33
1742100090.506133,-83,48,28
1742100090.542133,14,76,-29
1742100090.5771332,18,-17,32
1742100090.6131332,-49,14,30
1742100090.648133,-24,45,-29
1742100090.684133,87,57,10
1742100090.7191331,-28,-36,-153
1742100090.754133,59,-54,-89
1742100090.790133,-60,-40,-43
1742100090.825133,-48,-56,0
1742100090.861133,43,5,4
1742100090.8961332,-22,49,22
1742100090.9321332,75,-46,-51
1742100090.967133,-18,-4,-173
1742100091.0021331,93,-18,38
1742100091.0381331,-4,15,-27
1742100091.073133,-40,19,8
1742100091.109133,1,-6,-51
1742100091.144133,-4,-14,-9
1742100091.180133,-70,25,22
1742100091.2151332,-72,-10,2
1742100091.250133,-8,-4,-89
1742100091.286133,-44,-2,-93
1742100091.3211331,-30,83,-35
1742100091.3571332,7,9,-131
1742100091.392133,-40,55,-53
1742100091.427133,-13,0,-199
1742100091.4621332,-55,45,-53
1742100091.4981332,85,-56,-103
1742100091.5341332,3,-46,-157
1742100091.569133,-36,-96,74
1742100091.605133,53,0,-107
1742100091.6401331,63,-30,-111
1742100091.675133,-24,7,-3
1742100091.710133,-2,21,-109
1742100091.746133,-2,-14,-81
1742100091.782133,-36,33,0
1742100091.8171332,-24,-38,-107
1742100091.8531332,-48,33,-103
1742100091.888133,-82,-18,-87
1742100091.9231331,15,-4,-45
1742100091.958133,73,57,0
1742100091.994133,-46,57,-49
1742100092.030133,83,45,-75
1742100092.065133,15,27,-13
1742100092.101133,69,37,-99
1742100092.1361332,-4,-6,-23
1742100092.171133,85,-88,54
1742100092.2061331,-36,-100,34
1742100092.2421331,-12,-56,-7
1742100092.2781332,-92,67,8
1742100092.313133,-20,3,-61
1742100092.349133,-56,-70,-133
1742100092.384133,-36,69,6
1742100092.4191332,-6,-28,-5
1742100092.454133,25,-40,36
1742100092.490133,-20,-48,-137
1742100092.526133,-61,-4,8
1742100092.5611331,-7,-2,-25
1742100092.5971332,54,69,-145
1742100092.632133,-4,-40,-123
1742100092.667133,51,-22,-87
1742100092.7021332,42,-4,-98
1742100092.7381332,35,-8,-6
1742100092.774133,17,45,-58
1742100092.809133,115,73,-146
1742100092.845133,-5,1,51
1742100092.8801332,-67,-26,-38
1742100092.915133,-11,-39,-62
1742100092.950133,40,15,-38
1742100092.986133,22,-12,-100
1742100093.022133,-13,7,-82
1742100093.0571332,-9,25,-74
1742100093.093133,36,59,-102
1742100093.128133,44,29,-20
1742100093.1631331,6,113,-68
1742100093.198133,-27,73,-82
1742100093.234133,14,11,-116
1742100093.270133,-5,-30,27
1742100093.305133,4,27,-74
1742100093.341133,-15,-8,73
1742100093.376133,82,13,-146
1742100093.411133,-41,11,69
1742100093.4461331,86,49,-2
1742100093.483133,-13,-74,-22
1742100093.5181332,88,-10,-164
1742100093.5541332,-37,-4,17
1742100093.5901332,-7,-6,-68
1742100093.625133,106,-24,-52
1742100093.661133,0,-34,-182
1742100093.6961331,42,-9,-124
1742100093.731133,42,8,-176
1742100093.766133,-25,37,-16
1742100093.802133,-3,-31,-182
1742100093.838133,-23,40,-150
1742100093.8731332,-67,2,-10
1742100093.9091332,-89,36,-108
1742100093.944133,0,22,-96
1742100093.9791331,-19,26,-90
1742100094.014133,33,-98,-130
1742100094.050133,28,-4,-54
1742100094.086133,-39,-7,-122
1742100094.121133,24,3,-34
1742100094.157133,-23,-52,-182
1742100094.1921332,-45,-6,-16
1742100094.227133,0,-6,-102
1742100094.2621331,12,27,-34
1742100094.2981331,44,77,51
1742100094.3341331,-67,-4,-76
1742100094.369133,34,33,35
1742100094.405133,-57,-38,-64
1742100094.440133,-25,1,35
1742100094.4751332,14,42,-56
1742100094.510133,12,-15,-112
1742100094.546133,28,-43,-186
1742100094.582133,-23,0,-54
1742100094.6171331,46,66,-118
1742100094.6531332,58,4,-34
1742100094.688133,-29,-79,-106
1742100094.723133,-39,-16,-30
1742100094.7581332,-15,-43,-88
1742100094.7941332,26,-45,-38
1742100094.8301332,-29,-35,-142
1742100094.865133,42,-12,-186
1742100094.901133,44,1,-144
1742100094.9361331,80,-66,-68
1742100094.971133,-59,-98,-58
1742100095.006133,-3,7,-12
1742100095.042133,24,13,-24
1742100095.078133,-65,-21,-70
1742100095.1131332,60,64,75
1742100095.149133,-1,-21,9
1742100095.184133,-59,8,-28
1742100095.2191331,36,28,-62
1742100095.254133,22,-67,73
1742100095.290133,-1,44,-76
1742100095.326133,-1,10,17
1742100095.361133,38,-25,-20
1742100095.397133,14,24,-10
1742100095.4321332,-57,8,-108
1742100095.467133,0,6,-38
1742100095.503133,-21,-81,45
1742100095.5381331,-41,-19,-116
1742100095.5741332,-29,30,-82
1742100095.609133,-11,-47,-116
1742100095.645133,-9,-45,73
1742100095.680133,34,-13,-56
1742100095.7151332,-53,-75,-78
1742100095.751133,44,-51,17
1742100095.786133,-87,-5,-66
1742100095.822133,-15,2,-90
1742100095.8571332,-17,100,-46
1742100095.8931332,-31,38,-158
1742100095.928133,-13,32,-66
1742100095.963133,84,-49,-50
1742100095.999133,-15,-29,-10
1742100096.0341332,12,52,-178
1742100096.070133,-59,12,-14
1742100096.105133,-43,-13,-66
1742100096.141133,-55,-3,79
1742100096.1761332,52,60,-24
1742100096.211133,-35,45,-156
1742100096.247133,62,23,-50
1742100096.282133,82,-28,-90
1742100096.318133,-57,15,-18
1742100096.3531332,-17,41,-100
1742100096.389133,10,-102,-172
1742100096.424133,10,23,25
1742100096.4591331,-11,7,-154
1742100096.4951332,-71,-8,-24
1742100096.530133,30,-78,-64
1742100096.566133,60,-4,-84
1742100096.601133,22,-8,55
1742100096.6371331,74,-8,113
1742100096.672133,-41,25,33
1742100096.707133,10,-58,-50
1742100096.743133,-17,103,-54
1742100096.7781332,24,37,-126
1742100096.8141332,-45,43,-52
1742100096.849133,-53,-12,-204
1742100096.885133,-9,21,-34
1742100096.920133,-61,-60,49
1742100096.9551332,-53,-16,-64
1742100096.991133,-1,-6,1
1742100097.026133,14,1,-2
1742100097.062133,38,-80,-54
1742100097.0971332,6,-26,113
1742100097.1331332,-19,5,-38
1742100097.168133,-21,-28,-106
1742100097.203133,-1,-52,-121
1742100097.2391331,-7,-2,9
1742100097.274133,-95,3,-168
1742100097.310133,60,55,-124
1742100097.345133,4,-23,37
1742100097.381133,12,-43,-42
1742100097.4161332,-47,-29,-32
1742100097.458133,-5,21,-29
1742100097.4951332,-21,5,-117
1742100097.530133,-47,-55,-27
1742100097.566133,38,-21,-41
1742100097.601133,-13,-39,-16
1742100097.6371331,-11,-35,-103
1742100097.672133,-5,-5,-103
1742100097.707133,-25,-57,-65
1742100097.743133,40,-11,-39
1742100097.7781332,-7,100,60
1742100097.8141332,36,-5,-73
1742100097.849133,24,60,-35
1742100097.884133,4,152,-97
1742100097.9191332,-41,24,-59
1742100097.9551332,-5,30,-105
1742100097.991133,-63,28,-187
1742100098.026133,102,82,-21
1742100098.062133,-61,-111,-101
1742100098.0971332,-1,-9,-45
1742100098.132133,4,54,32
1742100098.167133,-3,-47,-83
1742100098.203133,36,70,56
1742100098.2391331,50,-9,-115
1742100098.274133,84,6,-17
1742100098.310133,38,-29,-173
1742100098.345133,16,-3,-105
1742100098.3801332,34,-39,-31
1742100098.415133,2,38,-143
1742100098.451133,-21,-29,-95
1742100098.487133,48,-9,-41
1742100098.522133,48,-49,104
1742100098.5581331,-25,-24,10
1742100098.593133,18,-58,112
1742100098.628133,14,-14,-47
1742100098.6631331,46,31,-67
1742100098.6991332,16,43,-49
1742100098.7351332,14,-44,-109
1742100098.770133,-115,9,-109
1742100098.806133,-11,45,86
1742100098.841133,0,29,-98
1742100098.876133,-11,63,-76
1742100098.911133,50,39,13
1742100098.947133,26,59,-88
1742100098.983133,8,-12,1
1742100099.0181332,8,-4,-40
1742100099.0541332,-5,17,-99
1742100099.089133,-9,21,-3
1742100099.124133,14,-66,-59
1742100099.1591332,64,-70,18
1742100099.195133,-5,9,-119
1742100099.231133,29,-4,-103
1742100099.266133,1,53,8
1742100099.302133,16,57,106
1742100099.3371332,-45,-42,-15
1742100099.372133,26,35,-155
1742100099.407133,38,0,-99
1742100099.443133,12,26,-157
1742100099.4791331,-107,-69,-83
1742100099.514133,26,20,106
1742100099.550133,22,-35,-223
1742100099.585133,-69,-11,-1
1742100099.6201332,8,14,-9
1742100099.655133,-61,-45,-29
1742100099.691133,-75,-92,-145
1742100099.727133,0,-49,-55
1742100099.7621331,58,108,-59
1742100099.7981331,8,4,-157
1742100099.833133,84,-19,100
1742100099.868133,-21,-15,-49
1742100099.9031332,-19,18,-71
1742100099.9391332,-67,-79,-83
1742100099.9751332,-35,76,2
1742100100.010133,44,-33,-5
1742100100.046133,-1,-17,-61
1742100100.0811331,-3,10,56
1742100100.116133,-7,-35,-107
1742100100.151133,-31,14,-57
1742100100.187133,12,-33,-107
1742100100.223133,-11,-9,-49
1742100100.2581332,-45,-46,-43
1742100100.2941332,-47,-46,-41
1742100100.329133,26,11,2
1742100100.3641331,-19,15,-61
1742100100.399133,-31,-10,-15
1742100100.435133,-7,25,-51
1742100100.471133,8,31,-41
1742100100.506133,-45,1,-117
1742100100.542133,-7,-58,-65
1742100100.5771332,14,-30,-195
1742100100.612133,-19,-14,8
1742100100.647133,10,31,50
1742100100.6831331,-5,-28,-157
1742100100.7191331,74,-32,16
1742100100.754133,-89,-16,102
1742100100.790133,22,-42,-41
1742100100.825133,22,-6,-63
1742100100.8601332,130,-74,-137
1742100100.895133,58,-36,-87
1742100100.931133,-33,21,-79
1742100100.967133,-53,-26,-129
1742100101.0021331,-11,-2,-7
1742100101.0381331,-35,-24,172
1742100101.073133,-13,-46,-55
1742100101.108133,58,-40,-35
1742100101.1431332,-21,-42,-7
1742100101.1791332,58,-49,-19
1742100101.2151332,-51,72,52
1742100101.250133,-9,-11,-161
1742100101.286133,26,34,-67
1742100101.3211331,60,20,-51
1742100101.356133,-87,-25,94
1742100101.391133,-9,28,-7
1742100101.427133,-69,32,-111
1742100101.463133,10,-45,80
1742100101.4981332,-47,-13,-7
1742100101.5341332,-3,63,-31
1742100101.569133,-13,-3,-57
1742100101.6041331,62,13,90
1742100101.639133,-25,59,-27
1742100101.675133,64,-2,-71
1742100101.711133,32,-16,-43
1742100101.746133,-113,55,-117
1742100101.782133,-65,-70,-175
1742100101.8171332,-5,31,-143
1742100101.852133,-17,-36,-67
1742100101.888133,-5,9,-51
1742100101.9231331,-7,18,-97
1742100101.9591331,-59,-24,-23
1742100101.994133,28,-18,-183
1742100102.030133,-33,3,-117
1742100102.065133,4,-20,-171
1742100102.1001332,-61,-18,-93
1742100102.1361332,-79,-44,-99
1742100102.171133,-59,-55,-77
1742100102.207133,2,40,-7
1742100102.2421331,22,-7,-77
1742100102.2781332,-1,-69,-81
1742100102.313133,-31,-19,-21
1742100102.348133,-21,40,-111
1742100102.384133,-40,20,40
1742100102.4191332,-41,-43,-73
1742100102.4551332,-26,-17,-125
1742100102.490133,-48,-1,-7
1742100102.526133,-30,-9,-57
1742100102.5611331,-28,-33,-83
1742100102.598133,31,-23,-15
1742100102.6331332,65,-3,-133
1742100102.668133,-31,42,-91
1742100102.704133,20,-57,-11
1742100102.7391331,-73,58,-123
1742100102.7751331,48,34,-87
1742100102.810133,30,6,40
1742100102.846133,-71,-17,-107
1742100102.881133,44,22,-139
1742100102.9161332,-49,-31,-107
1742100102.9521332,20,8,-19
1742100102.987133,54,-31,-103
1742100103.023133,14,8,-31
1742100103.0581331,-41,58,-86
1742100103.0941331,-1,-33,-59
1742100103.129133,-17,56,-29
1742100103.164133,-1,10,-107
1742100103.200133,34,10,-35
1742100103.2351332,18,-19,-119
1742100103.2711332,-39,-5,-109
1742100103.306133,8,0,-99
1742100103.342133,-15,-31,-21
1742100103.3771331,60,-29,-141
1742100103.412133,-5,-17,-57
1742100103.448133,2,16,-95
1742100103.483133,-1,-25,-193
1742100103.519133,-1,-49,-81
1742100103.5541332,58,-1,-121
1742100103.5901332,62,36,46
1742100103.625133,-55,-7,-107
1742100103.6601331,4,-87,-157
1742100103.6961331,-73,34,-106
1742100103.731133,-51,32,-30
1742100103.767133,-53,4,-152
1742100103.802133,36,20,-36
1742100103.838133,-27,36,41
1742100103.8731332,24,108,-38
1742100103.908133,6,78,33
1742100103.944133,4,-45,-20
1742100103.9791331,-55,80,-76
1742100104.0151331,-83,-29,-198
1742100104.050133,6,-19,-54
1742100104.086133,8,66,-64
1742100104.121133,2,-29,19
1742100104.1561332,4,44,31
1742100104.1921332,-39,-49,-118
1742100104.227133,14,0,-14
1742100104.263133,18,20,-78
1742100104.2981331,54,-21,-60
1742100104.333133,44,-15,-64
1742100104.368133,4,-13,41
1742100104.404133,50,-13,-12
1742100104.440133,26,-25,-46
1742100104.4751332,72,-45,-188
1742100104.5111332,-9,-9,45
1742100104.546133,62,-21,-100
1742100104.5811331,-79,-75,-146
1742100104.616133,0,72,-8
1742100104.652133,30,-53,-38
1742100104.688133,16,34,-120
1742100104.723133,-17,30,-16
1742100104.759133,16,10,9
1742100104.7941332,0,44,-80
1742100104.829133,-73,-21,5
1742100104.8641331,-1,48,13
1742100104.9001331,-29,6,-56
1742100104.9361331,6,24,-70
1742100104.971133,-55,28,-70
1742100105.007133,-79,0,-10
1742100105.042133,-39,8,-90
1742100105.0771332,68,-25,-106
1742100105.112133,114,56,-128
1742100105.148133,48,10,-64
1742100105.184133,-85,12,-54
1742100105.2191331,6,8,-62
1742100105.2551332,-11,-63,23
1742100105.290133,30,22,-26
1742100105.325133,12,4,-14
1742100105.3601332,-23,20,0
1742100105.3961332,42,60,-158
1742100105.4321332,22,-51,-44
1742100105.467133,0,-45,-36
1742100105.503133,-13,24,53
1742100105.5381331,82,-23,-116
1742100105.573133,20,30,-32
1742100105.608133,-47,-33,-58
1742100105.644133,58,68,-68
1742100105.680133,58,10,-208
1742100105.7151332,-19,2,-128
1742100105.751133,-65,32,-104
1742100105.786133,-45,48,5
1742100105.8211331,4,32,-58
1742100105.856133,30,-17,-26
1742100105.892133,-97,30,-38
1742100105.928133,96,0,7
1742100105.963133,30,30,-142
1742100105.999133,62,-31,-90
1742100106.0341332,-15,-67,-18
1742100106.069133,28,-33,-44
1742100106.1041331,62,-51,-42
1742100106.1401331,-27,-31,-72
1742100106.1761332,-41,-125,59
1742100106.211133,-11,8,-132
1742100106.247133,62,-23,-122
1742100106.282133,-23,-41,-28
1742100106.3171332,-27,-15,97
1742100106.352133,-67,-13,-114
1742100106.388133,26,14,-70
1742100106.424133,14,-3,41
1742100106.4591331,46,-5,-42
1742100106.4951332,-31,-47,-94
1742100106.530133,12,0,-150
1742100106.565133,-27,-25,-86
1742100106.6001332,94,-65,1
1742100106.6361332,-7,-43,-4
1742100106.672133,-51,20,-20
1742100106.707133,-9,-51,-38
1742100106.743133,74,24,-18
1742100106.7781332,60,38,-142
1742100106.813133,34,-45,-172
1742100106.848133,-13,-11,37
1742100106.884133,8,-43,-64
1742100106.920133,8,26,-152
1742100106.9551332,0,63,-36
1742100106.991133,-1,-27,-134
1742100107.026133,-39,-53,-126
1742100107.0611331,54,68,-8
1742100107.096133,-27,-19,-112
1742100107.132133,-9,-9,-88
1742100107.168133,-15,-15,-24
1742100107.203133,44,50,-56
1742100107.2391331,2,-49,0
1742100107.274133,106,20,0
1742100107.309133,-63,0,-36
1742100107.3441331,32,14,27
1742100107.3801332,42,-73,-62
1742100107.4161332,43,-31,-38
1742100107.451133,-33,-11,-92
1742100107.494133,62,-19,-94
1742100107.530133,-13,30,-134
1742100107.565133,8,-69,-136
1742100107.6001332,-71,20,21
1742100107.6361332,-3,2,-16
1742100107.672133,68,4,-60
1742100107.707133,-31,34,-96
1742100107.743133,31,16,-34
1742100107.7781332,79,-47,-132
1742100107.813133,21,-15,-64
1742100107.848133,1,52,-56
1742100107.884133,-64,24,17
1742100107.920133,-21,-9,19
1742100107.9551332,46,22,-6
1742100107.991133,43,93,-88
1742100108.026133,1,-73,-154
1742100108.0611331,37,-44,73
1742100108.096133,41,-8,-58
1742100108.132133,-87,69,-96
1742100108.168133,86,-12,-56
1742100108.203133,-5,31,-14
1742100108.2391331,-73,-34,-94
1742100108.274133,34,-84,-50
1742100108.309133,4,7,-54
1742100108.345133,44,5,-148
1742100108.3801332,0,35,-6
1742100108.4161332,58,-54,-30
1742100108.451133,56,-8,-82
1742100108.487133,47,-8,-216
1742100108.522133,-10,37,-48
1742100108.5571332,23,21,-56
1742100108.593133,-40,9,-68
1742100108.628133,0,11,61
1742100108.664133,29,-12,-92
1742100108.6991332,56,15,-58
1742100108.7351332,-123,35,-56
1742100108.770133,16,-18,-184
1742100108.805133,36,23,-2
1742100108.841133,-11,-24,-24
1742100108.876133,-37,19,51
1742100108.912133,16,45,51
1742100108.947133,-13,41,43
1742100108.983133,4,-34,45
1742100109.0181332,30,71,-56
1742100109.053133,-70,-68,-8
1742100109.089133,67,21,-92
1742100109.124133,-8,57,19
1742100109.1601331,-106,29,41
1742100109.195133,-12,69,-32
1742100109.231133,13,33,-86
1742100109.266133,-12,-64,-86
1742100109.3011332,-80,-12,-96
1742100109.3371332,-32,59,-44
1742100109.372133,-68,7,-74
1742100109.408133,-64,11,-60
1742100109.443133,73,35,-72
1742100109.4791331,-12,-38,-54
1742100109.514133,9,17,-44
1742100109.549133,40,53,-128
1742100109.585133,-29,-72,-162
1742100109.6201332,-32,5,-78
1742100109.6561332,-52,29,-176
1742100109.691133,2,23,-146
1742100109.727133,-58,-62,-2
1742100109.7621331,1,31,-16
1742100109.797133,3,-6,-54
1742100109.833133,49,31,73
1742100109.868133,-11,-74,-184
1742100109.904133,-35,-14,-72
1742100109.9391332,46,61,-72
1742100109.9751332,-25,5,-14
1742100110.010133,-25,43,-90
1742100110.045133,6,9,-94
1742100110.0811331,54,9,-56
1742100110.116133,-41,-20,35
1742100110.152133,-77,37,-124
1742100110.187133,-13,-58,-56
1742100110.223133,56,-4,-82
1742100110.2581332,54,-46,-122
1742100110.293133,-7,53,67
1742100110.329133,-33,-76,-34
1742100110.3641331,-29,-60,-96
1742100110.4001331,-101,-32,-36
1742100110.435133,-23,9,-70
1742100110.471133,-43,35,-50
1742100110.506133,-33,-42,-126
1742100110.5411332,62,-40,117
1742100110.5771332,-43,25,-102
1742100110.612133,74,-20,-108
1742100110.648133,-29,17,-26
1742100110.6831331,-9,-18,-10
1742100110.718133,0,28,-22
1742100110.753133,-16,-2,-50
1742100110.789133,-3,17,-16
1742100110.825133,33,-2,-100
1742100110.8601332,-81,21,-124
1742100110.8961332,-30,-14,-50
1742100110.931133,-6,-98,45
1742100110.966133,46,37,-40
1742100111.001133,-16,-85,9
1742100111.037133,-101,-3,7
1742100111.073133,-47,-64,-4
1742100111.108133,2,-26,-52
1742100111.144133,23,-31,-96
1742100111.1791332,9,-82,-102
1742100111.214133,-62,-52,-64
1742100111.249133,-44,27,-20
1742100111.2851331,23,-58,-114
1742100111.3211331,1,-36,9
1742100111.356133,-84,-26,-60
1742100111.392133,-37,-30,-66
1742100111.427133,-4,21,-60
1742100111.4621332,-12,-37,67
1742100111.497133,-28,2,-40
1742100111.533133,49,14,65
1742100111.569133,12,-25,3
1742100111.6041331,10,-5,49
1742100111.6401331,0,34,-56
1742100111.675133,-29,-1,-80
1742100111.710133,20,-11,-82
1742100111.7451332,34,78,-98
1742100111.7811332,-17,38,-124
1742100111.8171332,-43,-73,27
1742100111.852133,22,-15,19
1742100111.888133,-33,20,-36
1742100111.9231331,-19,-43,7
1742100111.958133,88,-29,-54
1742100111.993133,-43,-33,-16
1742100112.029133,10,-33,-136
1742100112.065133,8,24,-20
1742100112.1001332,-43,6,-6
1742100112.1361332,-21,-23,-102
1742100112.171133,4,-11,61
1742100112.2061331,30,50,-56
1742100112.241133,0,-17,-84
1742100112.277133,26,-25,-2
1742100112.313133,-51,78,9
1742100112.348133,-45,2,11
1742100112.384133,-5,26,-50
1742100112.4191332,2,34,-150
1742100112.454133,-17,16,5
1742100112.4891331,22,-47,-82
1742100112.5251331,8,16,-62
1742100112.5611331,-25,-23,-152
1742100112.596133,-5,24,29
1742100112.632133,56,16,-32
1742100112.667133,56,34,-72
1742100112.7021332,44,20,-28
1742100112.737133,-123,26,-58
1742100112.773133,-5,-27,-126
1742100112.809133,-21,-15,-52
1742100112.8441331,-3,-59,-88
1742100112.8801332,-25,-23,-160
1742100112.915133,24,-27,-2
1742100112.950133,4,16,-44
1742100112.9851332,-43,-19,-172
1742100113.0211332,-11,-19,39
1742100113.0571332,-7,32,-136
1742100113.092133,-51,-41,-128
1742100113.128133,0,-51,-36
1742100113.1631331,-1,46,-46
1742100113.198133,44,-11,-22
1742100113.233133,-59,50,-128
1742100113.269133,16,-49,-8
1742100113.305133,96,-11,-128
1742100113.3401332,-1,-13,-60
1742100113.376133,0,-31,-56
1742100113.411133,24,-39,-102
1742100113.4461331,62,-38,-60
1742100113.481133,10,11,47
1742100113.517133,-37,13,-240
1742100113.553133,-91,-50,-56
1742100113.588133,-29,-8,-26
1742100113.624133,-35,51,-148
1742100113.6591332,6,-6,1
1742100113.694133,10,15,-114
1742100113.7291331,18,-40,-44
1742100113.7651331,26,17,-64
1742100113.8011332,-26,-48,-20
1742100113.836133,-54,-6,-130
1742100113.872133,14,-14,63
1742100113.907133,-1,-82,75
1742100113.9421332,58,23,-124
1742100113.977133,-19,25,135
1742100114.013133,6,83,-184
1742100114.049133,-23,-42,0
1742100114.0841331,24,-6,-78
1742100114.1201332,-26,-11,-2
1742100114.155133,5,60,-176
1742100114.190133,-34,-84,-154
1742100114.2251332,-56,27,-10
1742100114.2611332,27,-4,-60
1742100114.297133,-1,-90,-126
1742100114.332133,-5,-52,29
1742100114.368133,-27,-36,-30
1742100114.4031332,-67,19,-114
1742100114.438133,-53,-48,-182
1742100114.473133,42,-68,-114
1742100114.509133,46,70,-92
1742100114.545133,-39,-28,-108
1742100114.5801332,22,43,-10
1742100114.616133,-13,-14,-162
1742100114.651133,2,47,5
1742100114.6861331,-27,-4,-40
1742100114.7221332,-47,53,15
1742100114.757133,2,-2,73
1742100114.793133,40,31,-48
1742100114.828133,-55,25,-24
1742100114.8641331,110,-12,-88
1742100114.899133,40,-60,9
1742100114.934133,-75,25,-28
1742100114.970133,78,-22,21
1742100115.0051332,84,-30,-8
1742100115.0411332,-67,7,-50
1742100115.076133,-93,-62,-174
1742100115.112133,-37,19,-4
1742100115.147133,-9,-52,-46
1742100115.1821332,36,-55,19
1742100115.218133,-67,12,-106
1742100115.253133,36,-44,67
1742100115.289133,42,19,-42
1742100115.3241332,96,-22,51
1742100115.3601332,-7,3,-200
1742100115.395133,24,-6,-32
1742100115.430133,2,-26,-92
1742100115.466133,110,50,-70
1742100115.501133,-143,-10,-70
1742100115.537133,52,-10,-96
1742100115.572133,-13,1,-66
1742100115.608133,2,11,1
1742100115.6431332,-21,57,-86
1742100115.678133,-89,39,-38
1742100115.714133,8,42,-32
1742100115.749133,-35,-47,-66
1742100115.7851331,-47,60,-126
1742100115.820133,68,22,-112
1742100115.856133,56,6,-58
1742100115.891133,-63,-29,-64
1742100115.9261332,52,38,-120
1742100115.9621332,-83,-43,-22
1742100115.997133,74,62,-8
1742100116.033133,82,40,-96
1742100116.068133,26,44,-54
1742100116.1041331,64,40,-44
1742100116.139133,-35,-21,29
1742100116.174133,12,48,-82
1742100116.210133,-55,4,-146
1742100116.2451332,4,-25,47
1742100116.2811332,18,2,-132
1742100116.316133,64,4,3
1742100116.352133,-1,-43,-32
1742100116.3871331,-21,20,-80
1742100116.422133,42,34,-28
1742100116.458133,42,-5,55
1742100116.493133,60,-15,-66
1742100116.529133,-17,-47,-64
1742100116.5641332,-81,4,-34
1742100116.6001332,16,46,-22
1742100116.635133,6,34,-114
1742100116.670133,-59,16,-38
1742100116.7061331,24,-3,-76
1742100116.741133,8,-5,-4
1742100116.777133,18,10,5
1742100116.812133,-45,-21,-46
1742100116.848133,72,-33,-26
1742100116.8831332,-27,10,-148
1742100116.918133,-41,68,-184
1742100116.954133,4,20,-24
1742100116.9891331,-13,-15,-62
1742100117.0251331,-1,-31,-16
1742100117.060133,-69,30,-44
1742100117.096133,30,-3,-168
1742100117.132133,56,54,-20
1742100117.167133,94,-55,-54
1742100117.2021332,22,20,-70
1742100117.2381332,-51,30,123
1742100117.274133,-27,-5,-56
1742100117.309133,30,48,-38
1742100117.345133,46,36,-118
1742100117.3801332,10,74,-30
1742100117.415133,-91,-29,-154
1742100117.450133,6,-71,-32
1742100117.486133,38,-13,-36
1742100117.529133,-33,-69,18
1742100117.565133,28,-55,-47
1742100117.601133,90,18,-127
1742100117.6361332,-14,-21,-33
1742100117.671133,0,26,-1
1742100117.7061331,-19,-3,22
1742100117.7421331,48,-51,-59
1742100117.7781332,6,46,-89
1742100117.813133,-9,12,36
1742100117.849133,36,-9,-35
1742100117.884133,16,68,-59
1742100117.9191332,68,-21,-107
1742100117.954133,4,10,-123
1742100117.990133,18,10,-119
1742100118.026133,-37,-35,-111
1742100118.0611331,2,60,-137
1742100118.0971332,-19,80,16
1742100118.132133,12,44,-129
1742100118.167133,6,-77,-123
1742100118.2021332,-9,76,-19
1742100118.2381332,24,-35,-145
1742100118.274133,16,-11,-5
1742100118.309133,60,68,62
1742100118.345133,-29,-9,20
1742100118.3801332,128,-37,14
1742100118.415133,50,32,-21
1742100118.450133,-57,-43,10
1742100118.486133,2,-29,-181
1742100118.522133,40,-51,4
1742100118.5571332,-47,20,-79
1742100118.593133,28,18,-77
1742100118.628133,32,-29,26
1742100118.6631331,96,-19,-101
1742100118.698133,-41,58,18
1742100118.734133,10,6,-129
1742100118.770133,-85,-5,-107
1742100118.805133,22,50,-63
1742100118.841133,-51,50,-95
1742100118.876133,46,16,-161
1742100118.911133,82,-85,-33
1742100118.9461331,46,-47,-61
1742100118.9821332,-55,-13,-88
1742100119.0181332,6,40,7
1742100119.053133,-53,48,-128
1742100119.089133,40,-22,-24
1742100119.124133,78,-47,-66
1742100119.1591332,-33,22,-194
1742100119.194133,52,2,-160
1742100119.230133,-23,4,-50
1742100119.266133,-37,-68,-42
1742100119.3011332,26,-4,-30
1742100119.3371332,-4,64,0
1742100119.372133,36,-36,-8
1742100119.407133,-19,-32,-6
1742100119.4421332,-73,14,-86
1742100119.4781332,10,25,-54
1742100119.514133,-33,-23,-72
1742100119.549133,28,-57,-66
1742100119.585133,20,-25,-18
1742100119.6201332,-21,-33,-76
1742100119.655133,6,38,-42
1742100119.690133,4,46,-88
1742100119.726133,80,2,-98
1742100119.7621331,58,-20,-62
1742100119.797133,16,75,-162
1742100119.833133,-3,-10,-118
1742100119.868133,-37,-68,-204
1742100119.9031332,-35,1,-116
1742100119.938133,48,15,-76
1742100119.974133,14,-30,49
1742100120.010133,-29,-42,47
1742100120.045133,0,1,-80
1742100120.0811331,24,-24,-138
1742100120.116133,46,-6,-24
1742100120.151133,28,15,-64
1742100120.1861331,60,-66,-6
1742100120.2221332,36,37,-116
1742100120.2581332,-1,-2,7
1742100120.293133,80,14,-14
1742100120.329133,38,35,-110
1742100120.3641331,-17,-3,-118
1742100120.399133,0,30,-22
1742100120.434133,2,-7,-138
1742100120.470133,-23,2,-72
1742100120.506133,-1,18,-42
1742100120.5411332,-13,-19,-84
1742100120.5771332,0,22,-36
1742100120.612133,22,-21,-64
1742100120.647133,-1,-29,-126
1742100120.6821332,-83,70,-142
1742100120.718133,50,-55,-62
1742100120.754133,6,-23,0
1742100120.789133,-73,-49,-21
1742100120.825133,0,-29,-38
1742100120.8601332,-19,82,-150
1742100120.895133,-69,-27,61
1742100120.930133,-11,4,-34
1742100120.966133,76,20,11
1742100121.0021331,-9,-11,-32
1742100121.037133,-7,0,-88
1742100121.073133,36,-41,-64
1742100121.108133,-23,-21,20
1742100121.1431332,-79,22,6
1742100121.1791332,8,-21,-53
1742100121.214133,-39,-33,-69
1742100121.250133,-35,16,-45
1742100121.2851331,-21,0,-33
1742100121.3211331,-25,4,-141
1742100121.356133,-35,46,-65
1742100121.391133,-55,50,-79
1742100121.427133,35,16,-73
1742100121.4621332,-3,0,-59
1742100121.4981332,56,46,-29
1742100121.533133,24,-53,16
1742100121.569133,-79,-3,-43
1742100121.6041331,-5,-49,12
1742100121.639133,24,4,-159
1742100121.675133,-5,8,-37
1742100121.710133,44,56,-127
1742100121.746133,-13,-31,-73
1742100121.7811332,-17,12,-49
1742100121.8171332,54,-37,-171
1742100121.852133,28,18,-47
1742100121.8871331,58,-27,22
1742100121.9231331,38,62,-99
1742100121.958133,18,-9,60
1742100121.994133,52,54,-33
1742100122.029133,-39,52,-7
1742100122.065133,24,36,-35
1742100122.1001332,-27,8,-131
1742100122.135133,12,-69,-35
1742100122.171133,-47,-47,-35
1742100122.2061331,14,30,-89
1742100122.2421331,92,4,-39
1742100122.277133,-17,30,-227
1742100122.313133,14,-54,-49
1742100122.348133,-85,-52,120
1742100122.3831332,68,-18,-131
1742100122.4191332,-27,15,-75
1742100122.454133,-45,-52,-9
1742100122.490133,34,-42,-31
1742100122.5251331,-33,33,-115
1742100122.5611331,6,-2,-53
1742100122.596133,-59,59,-27
1742100122.631133,-3,37,-105
1742100122.667133,-49,113,26
1742100122.7021332,10,-26,-99
1742100122.7381332,-23,-66,-27
1742100122.773133,12,-78,10
1742100122.809133,-49,-32,-43
1742100122.8441331,-39,-10,-119
1742100122.879133,4,-58,-101
1742100122.915133,-1,5,-67
1742100122.950133,-7,0,4
1742100122.986133,-3,-40,-87
1742100123.0211332,-11,-60,-217
1742100123.0571332,30,13,-99
1742100123.092133,-7,47,-35
1742100123.1271331,74,-8,-43
1742100123.1631331,-77,-6,-77
1742100123.198133,22,73,-101
1742100123.234133,10,-24,-21
1742100123.269133,0,-8,-49
1742100123.305133,-24,-50,-129
1742100123.3401332,-25,-56,-1
1742100123.375133,52,-70,-39
1742100123.411133,10,13,10
1742100123.4461331,6,33,-185
1742100123.4821332,-21,-30,0
1742100123.517133,-59,21,10
1742100123.553133,36,-24,-5
1742100123.589133,56,-86,-17
1742100123.624133,-59,-12,-95
1742100123.6591332,-5,35,-115
1742100123.695133,-51,0,-113
1742100123.731133,-37,39,-145
1742100123.766133,8,27,30
1742100123.802133,22,9,22
1742100123.8371332,14,43,-141
1742100123.872133,60,-40,-25
1742100123.907133,22,7,4
1742100123.943133,-29,-62,-49
1742100123.9791331,82,-30,-107
1742100124.014133,4,-20,0
1742100124.050133,0,3,-21
1742100124.085133,0,7,-1
1742100124.1201332,-51,91,-91
1742100124.155133,68,11,10
1742100124.191133,-35,-28,-139
1742100124.227133,36,-50,-111
1742100124.2621331,-39,39,-35
1742100124.2981331,54,21,-85
1742100124.333133,-39,7,-73
1742100124.368133,-59,-16,-35
1742100124.4031332,-15,0,6
1742100124.4391332,-41,39,-23
1742100124.4751332,-57,35,-23
1742100124.510133,24,43,-73
1742100124.546133,-45,49,-187
1742100124.5811331,54,31,-5
1742100124.616133,58,51,-117
1742100124.651133,-3,21,-41
1742100124.687133,10,47,-31
1742100124.723133,6,-32,68
1742100124.7581332,56,39,-105
1742100124.7941332,-17,5,-31
1742100124.829133,-31,-36,-161
1742100124.8641331,-57,-30,-89
1742100124.899133,-19,21,-21
1742100124.935133,-25,-116,-71
1742100124.971133,-25,17,-71
1742100125.006133,6,9,37
1742100125.042133,56,61,-11
1742100125.0771332,-81,13,-36
1742100125.112133,-9,-46,-32
1742100125.147133,24,33,-50
1742100125.1831331,-11,-2,-76
1742100125.2191331,38,11,-146
1742100125.254133,42,53,-144
1742100125.290133,12,-22,-102
1742100125.325133,-73,9,-79
1742100125.3601332,8,16,-95
1742100125.395133,-69,-39,-61
1742100125.431133,42,24,55
1742100125.467133,-7,8,-18
1742100125.5021331,20,28,25
1742100125.5381331,80,-36,27
1742100125.573133,12,-16,-14
1742100125.608133,42,-70,-24
1742100125.6431332,-63,81,-92
1742100125.6791332,6,21,-42
1742100125.7151332,22,16,-40
1742100125.750133,-25,82,-68
1742100125.786133,28,48,-92
1742100125.8211331,-19,-3,-56
1742100125.856133,-31,-13,-12
1742100125.891133,-9,14,13
1742100125.927133,-29,28,-96
1742100125.963133,26,26,93
1742100125.9981332,2,28,-212
1742100126.0341332,-23,-23,-36
1742100126.069133,44,58,-40
1742100126.1041331,-9,54,-74
1742100126.139133,-9,28,-8
1742100126.175133,10,26,25
1742100126.211133,-31,-25,-76
1742100126.246133,-49,12,1
1742100126.282133,38,-5,-42
1742100126.3171332,12,12,-78
1742100126.352133,114,-21,-118
1742100126.3871331,0,40,-104
1742100126.4231331,32,48,9
1742100126.4591331,-43,-13,-96
1742100126.494133,-71,-23,-4
1742100126.530133,-37,-1,-86
1742100126.565133,-37,-13,-168
1742100126.6001332,-37,-9,-82
1742100126.635133,-11,-23,27
1742100126.671133,-59,-5,23
1742100126.707133,-129,-29,-78
1742100126.7421331,6,-67,73
1742100126.7781332,-101,74,-112
1742100126.813133,-57,-15,-118
1742100126.848133,96,0,-24
1742100126.8831332,-53,-79,-58
1742100126.9191332,-9,2,-10
1742100126.9551332,78,0,-54
1742100126.990133,-39,-30,-58
1742100127.026133,2,-26,-122
1742100127.0611331,41,-11,-134
1742100127.096133,-32,62,-54
1742100127.131133,-42,-1,-132
1742100127.167133,-6,4,27
1742100127.203133,27,16,-118
1742100127.2381332,31,-22,-86
1742100127.274133,-18,-49,0
1742100127.309133,78,18,-206
1742100127.3441331,-65,-63,-62
1742100127.379133,7,34,23
1742100127.415133,-82,-23,-48
1742100127.451133,-44,-30,-40
1742100127.486133,68,51,-24
1742100127.522133,46,-82,-94
1742100127.5641332,50,67,-56
1742100127.6001332,68,-58,-4
1742100127.6361332,40,-37,-62
1742100127.671133,-13,-7,-4
1742100127.707133,34,26,-48
1742100127.7421331,-73,-7,-66
1742100127.7781332,-35,-27,-122
1742100127.813133,-77,-75,-72
1742100127.848133,8,14,15
1742100127.884133,-37,4,-74
1742100127.9191332,-31,24,-30
1742100127.9551332,6,-37,-106
1742100127.990133,-63,6,-64
1742100128.026133,32,-53,-30
1742100128.0611331,-63,-83,-56
1742100128.096133,-157,64,-68
1742100128.132133,-75,-49,-84
1742100128.167133,28,-9,-34
1742100128.203133,-35,-45,-20
1742100128.2381332,28,2,-60
1742100128.274133,-25,-7,41
1742100128.309133,-47,8,-84
1742100128.3441331,66,-75,-74
1742100128.3801332,10,24,-46
1742100128.415133,-31,-59,-64
1742100128.451133,86,68,105
1742100128.486133,-13,28,-102
1742100128.522133,42,34,73
1742100128.5571332,70,60,-106
1742100128.592133,-47,-25,7
1742100128.628133,36,12,43
1742100128.6631331,-61,-27,-16
1742100128.6991332,26,-63,17
1742100128.734133,26,14,-128
1742100128.770133,8,24,-86
1742100128.805133,-41,44,25
1742100128.8401332,0,78,-116
1742100128.876133,16,34,-10
1742100128.911133,20,-15,-4
1742100128.947133,-9,36,25
1742100128.9821332,-23,42,-34
1742100129.0181332,-59,4,123
1742100129.053133,-7,-37,-112
1742100129.088133,54,12,-42
1742100129.124133,-27,-11,23
1742100129.1591332,12,-5,-62
1742100129.195133,46,18,-80
1742100129.230133,-1,-25,-68
1742100129.266133,-99,6,-4
1742100129.3011332,-1,30,-12
1742100129.336133,56,-1,61
1742100129.372133,52,46,-94
1742100129.407133,22,28,-5
1742100129.443133,-61,-3,-193
1742100129.4781332,-29,26,68
1742100129.514133,-75,-33,-9
1742100129.549133,18,90,-119
1742100129.5841331,-85,-25,-1
1742100129.6201332,10,54,-81
1742100129.655133,-5,-29,-117
1742100129.691133,-13,-13,54
1742100129.726133,38,14,78
1742100129.7621331,-23,-79,38
1742100129.797133,34,38,-27
1742100129.832133,-9,28,-231
1742100129.868133,16,46,-229
1742100129.9031332,10,14,24
1742100129.9391332,64,8,40
1742100129.974133,-35,2,-55
1742100130.009133,68,-25,0
1742100130.0441332,-27,-19,50
1742100130.0801332,-3,-19,-15
1742100130.116133,14,50,-125
1742100130.151133,-21,-13,22
1742100130.187133,-1,66,-149
1742100130.2221332,14,-9,2
1742100130.257133,10,-83,-117
1742100130.292133,-21,-15,-39
1742100130.328133,-25,52,-37
1742100130.3641331,-14,34,78
1742100130.399133,-28,-75,14
1742100130.435133,87,-73,-101
1742100130.470133,19,46,-85
1742100130.5051332,25,-9,-141
1742100130.540133,-20,96,-157
1742100130.576133,-58,-53,-57
1742100130.612133,-14,12,-77
1742100130.647133,-1,18,-37
1742100130.6831331,68,34,-109
1742100130.718133,-19,-23,-49
1742100130.753133,-1,-23,-75
1742100130.7881331,32,44,-45
1742100130.8241332,26,-27,-55
1742100130.8601332,26,12,-193
1742100130.895133,72,48,-49
1742100130.931133,-29,80,-29
1742100130.966133,-3,-91,-55
1742100131.001133,-45,-1,-63
1742100131.036133,16,-7,-73
1742100131.072133,106,12,48
1742100131.108133,-59,-43,-43
1742100131.1431332,30,-5,28
1742100131.1791332,4,2,-27
1742100131.214133,96,2,14
1742100131.249133,46,0,-215
1742100131.2841332,55,-37,-33
1742100131.320133,38,-91,-147
1742100131.356133,-31,14,-65
1742100131.391133,24,24,-99
1742100131.427133,98,-7,0
1742100131.4621332,-27,-19,-69
1742100131.497133,-47,-25,-53
1742100131.532133,54,12,-103
1742100131.568133,-71,-3,-121
1742100131.6041331,22,54,-1
1742100131.639133,-53,-37,-35
1742100131.675133,48,42,-135
1742100131.710133,16,-21,-55
1742100131.7451332,-47,24,-25
1742100131.780133,58,-17,56
1742100131.816133,-23,-23,26
1742100131.852133,38,-33,-17
1742100131.8871331,40,12,-133
1742100131.9231331,14,-7,52
1742100131.958133,102,18,-25
1742100131.993133,20,-1,-67
1742100132.0281332,64,60,42
1742100132.0641332,-23,58,46
1742100132.1001332,-21,-45,-9
1742100132.135133,-11,10,-99
1742100132.171133,-59,70,-129
1742100132.2061331,70,18,-65
1742100132.241133,-7,44,-141
1742100132.276133,20,50,62
1742100132.312133,-91,16,-29
1742100132.348133,52,-4,-49
1742100132.3831332,-9,-65,76
1742100132.4191332,14,52,-57
1742100132.454133,26,-13,-41
1742100132.4891331,44,14,-59
1742100132.524133,-73,34,-77
1742100132.560133,28,16,0
1742100132.596133,6,2,-107
1742100132.631133,-45,-13,-49
1742100132.667133,52,34,-81
1742100132.7021332,-75,36,-103
1742100132.737133,-13,92,-125
1742100132.772133,-35,8,-89
1742100132.8081331,-25,-39,-79
1742100132.8441331,-13,-11,-133
1742100132.879133,4,-49,-125
1742100132.915133,32,-8,6
1742100132.950133,-3,-25,36
1742100132.9851332,64,70,-37
1742100133.020133,-41,18,120
1742100133.056133,70,18,-125
1742100133.092133,28,-25,-127
1742100133.1271331,-13,-13,-5
1742100133.1631331,-45,8,-73
1742100133.198133,24,36,-95
1742100133.233133,-61,-3,42
1742100133.2681332,-41,-11,14
1742100133.3041332,8,-35,-7
1742100133.3401332,20,8,-73
1742100133.375133,26,-65,-77
1742100133.411133,48,30,58
1742100133.4461331,48,16,-119
1742100133.481133,28,-67,-105
1742100133.516133,32,-47,-71
1742100133.552133,48,50,-29
1742100133.588133,-109,22,-47
1742100133.6231332,48,-3,-13
1742100133.6591332,2,14,-121
1742100133.694133,-61,8,-65
1742100133.7291331,58,52,-63
1742100133.764133,66,-51,-17
1742100133.800133,38,-3,-79
1742100133.836133,-11,14,62
1742100133.871133,-145,92,-161
1742100133.907133,64,28,14
1742100133.9421332,-3,-15,-25
1742100133.977133,-49,16,-9
1742100134.013133,-21,0,-57
1742100134.0481331,-69,4,38
1742100134.0841331,-57,-71,-61
1742100134.119133,110,30,-51
1742100134.155133,-81,4,16
1742100134.190133,18,-19,-10
1742100134.2251332,38,-45,-127
1742100134.2611332,92,-9,4
1742100134.296133,-47,-17,-124
1742100134.332133,-79,-37,-104
1742100134.3671331,-7,-55,-82
1742100134.4031332,-25,-31,-97
1742100134.438133,-37,32,-82
1742100134.473133,56,-71,-50
1742100134.509133,-27,-59,18
1742100134.5441332,20,8,-92
1742100134.5801332,34,52,-79
1742100134.615133,-3,20,36
1742100134.651133,-29,6,-123
1742100134.6861331,-19,68,70
1742100134.721133,-25,74,16
1742100134.757133,82,-53,10
1742100134.792133,20,-71,-29
1742100134.828133,2,-55,-153
1742100134.8631332,38,17,-15
1742100134.899133,64,83,-93
1742100134.934133,78,-34,2
1742100134.9691331,-23,9,-101
1742100135.0051332,54,-40,-59
1742100135.040133,-79,31,-25
1742100135.076133,24,45,-151
1742100135.111133,6,-48,-95
1742100135.147133,24,-17,60
1742100135.1821332,100,26,-73
1742100135.217133,12,22,31
1742100135.253133,128,6,-19
1742100135.2881331,-67,46,-5
1742100135.3241332,-41,50,-115
1742100135.359133,84,-53,-119
1742100135.395133,76,-71,-37
1742100135.430133,-21,-52,-3
1742100135.4651332,-1,63,-101
1742100135.501133,-29,47,-117
1742100135.536133,16,5,-65
1742100135.572133,8,-82,-138
1742100135.6071332,54,36,-8
1742100135.6431332,16,-43,-82
1742100135.678133,74,13,-146
1742100135.713133,-45,7,-124
1742100135.749133,-7,-6,-94
1742100135.7841332,62,36,-102
1742100135.820133,-79,-98,-152
1742100135.855133,-35,-49,33
1742100135.891133,-26,18,-151
1742100135.9261332,-37,-51,-35
1742100135.961133,-30,16,-18
1742100135.997133,-52,72,-160
1742100136.032133,41,64,-2
1742100136.068133,-74,-25,51
1742100136.1031332,5,44,-6
1742100136.139133,-37,6,13
1742100136.174133,36,20,-46
1742100136.2091331,-49,-33,-10
1742100136.2451332,30,-53,0
1742100136.280133,24,-37,7
1742100136.316133,-75,22,33
1742100136.351133,22,-23,-72
1742100136.3871331,-15,-71,-46
1742100136.4231331,-39,-23,-114
1742100136.4591331,14,-39,-100
1742100136.4951332,-37,-25,-8
1742100136.530133,12,2,3
1742100136.565133,38,26,-14
1742100136.601133,36,16,-152
1742100136.6371331,80,30,-150
1742100136.672133,44,-3,-44
1742100136.708133,48,-111,15
1742100136.743133,-25,26,47
1742100136.7781332,-47,24,7
1742100136.813133,28,-55,-70
1742100136.849133,-25,8,-64
1742100136.885133,54,38,-74
1742100136.920133,54,34,-28
1742100136.9561331,28,66,-20
1742100136.991133,-47,-59,7
1742100137.026133,-13,-21,-98
1742100137.0611331,80,40,1
1742100137.0971332,-41,-36,-76
1742100137.1331332,14,64,-44
1742100137.168133,66,16,-32
1742100137.204133,-50,42,-32
1742100137.2391331,-67,9,-56
1742100137.274133,48,10,-50
1742100137.309133,-56,6,-74
1742100137.345133,36,-35,-8
1742100137.381133,78,0,-24
1742100137.4161332,-52,-29,-114
1742100137.4521332,86,-37,-96
1742100137.487133,30,102,-200
1742100137.522133,2,16,-20
1742100137.5571332,46,48,-56
1742100137.6001332,-25,30,-36
1742100137.6371331,32,-63,-46
1742100137.672133,50,-37,-144
1742100137.708133,25,12,0
1742100137.743133,63,6,-154
1742100137.7781332,-68,-31,-90
1742100137.813133,-64,56,39
1742100137.849133,1,4,-62
1742100137.885133,-64,-5,15
1742100137.920133,35,20,-60
1742100137.9561331,-10,56,-44
1742100137.991133,1,-8,37
1742100138.026133,-75,9,1
1742100138.0611331,6,15,5
1742100138.0971332,36,-60,45
1742100138.1331332,-29,47,-32
1742100138.168133,-46,-37,-114
1742100138.204133,44,61,-78
1742100138.2391331,-52,89,-54
1742100138.274133,7,-28,-40
1742100138.309133,75,0,0
1742100138.345133,31,57,-98
1742100138.381133,-70,-27,-106
1742100138.4161332,-6,-11,-142
1742100138.4521332,-16,-17,-48
1742100138.487133,-2,106,-72
1742100138.522133,-92,-31,-10
1742100138.5571332,21,80,-162
1742100138.593133,-76,-12,41
1742100138.629133,-52,33,-32
1742100138.664133,3,-30,-36
1742100138.700133,-34,7,-86
1742100138.7351332,-87,5,-66
1742100138.770133,-41,0,-126
1742100138.805133,26,-56,-100
1742100138.841133,44,-24,-88
1742100138.8771331,0,41,-14
1742100138.912133,-7,-28,-100
1742100138.948133,-7,-60,57
1742100138.983133,24,-12,-56
1742100139.0181332,30,-20,-70
1742100139.053133,-17,-70,-20
1742100139.089133,32,-12,-46
1742100139.125133,64,43,27
1742100139.1601331,-95,-54,15
1742100139.1961331,-75,23,-52
1742100139.231133,-11,57,-36
1742100139.266133,-35,45,-4
1742100139.3011332,32,25,-70
1742100139.3371332,-139,27,-10
1742100139.3731332,18,-58,-110
1742100139.408133,4,-46,123
1742100139.444133,6,37,-146
1742100139.4791331,38,21,-104
1742100139.514133,8,-12,-122
1742100139.549133,26,-26,-36
1742100139.585133,-37,17,-130
1742100139.621133,14,41,83
1742100139.6561332,-43,51,0
1742100139.6921332,-1,-8,-94
1742100139.727133,-23,5,59
1742100139.7621331,122,0,125
1742100139.797133,-19,-6,-22
1742100139.833133,-27,-30,-28
1742100139.869133,34,-54,-50
1742100139.904133,34,-48,-204
1742100139.940133,10,43,-104
1742100139.9751332,38,21,75
1742100140.010133,10,-34,29
1742100140.045133,52,-2,-10
1742100140.0811331,52,19,-60
1742100140.1171331,-29,25,-92
1742100140.152133,54,-12,-84
1742100140.188133,20,-44,-28
1742100140.223133,62,23,-140
1742100140.2581332,-7,-12,-46
1742100140.293133,8,-56,-52
1742100140.329133,54,9,-80
1742100140.365133,-43,0,53
1742100140.4001331,-11,7,-30
1742100140.4361331,-9,-102,-2
1742100140.471133,58,-90,-152
1742100140.506133,0,13,83
1742100140.542133,-21,9,-32
1742100140.5771332,-87,53,-76
1742100140.6131332,-5,15,-8
1742100140.648133,-15,-48,-58
1742100140.684133,52,-10,-122
1742100140.7191331,-143,27,31
1742100140.754133,54,21,-142
1742100140.790133,-19,23,-28
1742100140.825133,-5,29,-92
1742100140.861133,40,23,-62
1742100140.8961332,-7,5,-34
1742100140.9321332,58,21,-52
1742100140.967133,-19,49,-58
1742100141.0021331,-25,55,-118
1742100141.0381331,-29,11,-120
1742100141.073133,6,12,-52
1742100141.109133,-101,18,-11
1742100141.144133,-47,15,-11
1742100141.180133,-11,-41,-109
1742100141.2151332,-65,17,-53
1742100141.250133,12,-49,46
1742100141.286133,-5,-26,54
1742100141.3211331,-49,22,-127
1742100141.3571332,0,-76,-125
1742100141.392133,-21,33,34
1742100141.428133,20,59,-69
1742100141.463133,84,57,-65
1742100141.4981332,12,65,4
1742100141.5341332,-29,7,-73
1742100141.569133,-25,-22,-11
1742100141.605133,-11,-12,80
1742100141.6401331,80,-44,-1
1742100141.6761332,10,45,-57
1742100141.711133,14,13,-123
1742100141.746133,-15,-102,-129
1742100141.782133,-41,-8,12
1742100141.8171332,50,42,-123
1742100141.8531332,-47,40,62
1742100141.888133,56,-47,-85
1742100141.924133,-25,50,-105
1742100141.9591331,38,2,-53
1742100141.994133,4,-47,-85
1742100142.030133,-15,-27,-15
1742100142.065133,-67,-9,26
1742100142.101133,36,20,-57
1742100142.1361332,-47,-57,-95
1742100142.172133,74,54,-61
1742100142.207133,32,-33,100
1742100142.2421331,30,-7,-1
1742100142.2781332,62,-5,82
1742100142.313133,12,4,-49
1742100142.349133,20,4,-155
1742100142.384133,22,-15,8
1742100142.420133,28,78,18
1742100142.4551332,-99,-23,22
1742100142.490133,0,-5,-75
1742100142.526133,22,114,46
1742100142.5611331,-35,-81,-116
1742100142.5971332,28,-83,-130
1742100142.632133,32,-21,-92
1742100142.668133,12,-25,-63
1742100142.703133,56,-29,-63
1742100142.7381332,-5,20,40
1742100142.774133,-1,-27,86
1742100142.809133,114,-57,-16
1742100142.845133,52,-81,-168
1742100142.8801332,-35,0,-10
1742100142.915133,104,36,-152
1742100142.950133,-79,8,-70
1742100142.986133,-79,8,-104
1742100143.022133,24,-71,15
1742100143.0571332,-7,-15,19
1742100143.093133,-4,-6,-226
1742100143.128133,27,-19,-112
1742100143.1631331,-16,24,3
1742100143.198133,-35,-34,63
1742100143.234133,39,-15,-60
1742100143.270133,-13,43,-46
1742100143.305133,40,3,-10
1742100143.341133,33,41,71
1742100143.376133,-56,-18,-60
1742100143.411133,-40,-44,-14
1742100143.4461331,-14,17,41
1742100143.4821332,-56,15,-50
1742100143.5181332,-16,-86,39
1742100143.553133,51,35,51
1742100143.589133,39,-10,-44
1742100143.624133,-4,83,-54
1742100143.6591332,-60,-59,-86
1742100143.694133,23,105,-112
1742100143.730133,28,55,139
1742100143.766133,-7,-52,-128
1742100143.8011332,-11,-18,-44
1742100143.8371332,29,27,-30
1742100143.872133,-35,-48,-94
1742100143.907133,-22,-12,-56
1742100143.9421332,-4,-36,41
1742100143.9781332,-40,-56,-116
1742100144.014133,39,11,-42
1742100144.049133,-12,-18,-84
1742100144.085133,-48,-38,-76
1742100144.1201332,71,5,-118
1742100144.155133,-102,-24,-12
1742100144.190133,45,51,-48
1742100144.226133,22,-76,27
1742100144.2621331,-56,62,-178
1742100144.297133,46,51,51
1742100144.333133,-85,30,-14
1742100144.368133,-21,-81,-18
1742100144.4031332,-47,-65,171
1742100144.438133,2,-9,-36
1742100144.474133,-41,-29,-110
1742100144.510133,22,18,-104
1742100144.545133,-19,-5,-34
1742100144.5811331,32,28,-42
1742100144.616133,4,-5,-56
1742100144.651133,-57,-19,-30
1742100144.6861331,32,-25,-22
1742100144.7221332,-37,82,-40
1742100144.7581332,52,28,-28
1742100144.793133,48,-1,-184
1742100144.829133,-37,-39,-34
1742100144.8641331,-69,90,-80
1742100144.899133,-35,24,-106
1742100144.934133,-67,6,-110
1742100144.970133,40,-9,9
1742100145.006133,-13,-53,23
1742100145.0411332,-59,42,61
1742100145.0771332,22,-5,-106
1742100145.112133,86,-31,19
1742100145.147133,-1,6,15
1742100145.1821332,-27,-5,-36
1742100145.218133,16,8,-100
1742100145.254133,48,-31,0
1742100145.289133,70,28,-18
1742100145.325133,22,62,-16
1742100145.3601332,52,-47,0
1742100145.395133,-81,-19,-166
1742100145.430133,2,-51,-112
1742100145.466133,-53,-19,-122
1742100145.5021331,74,66,-180
1742100145.537133,-1,-35,35
1742100145.573133,26,18,5
1742100145.608133,-79,-9,-148
1742100145.6431332,72,58,-100
1742100145.678133,-5,18,-196
1742100145.714133,94,8,-26
1742100145.750133,8,20,11
1742100145.7851331,20,-27,-172
1742100145.8211331,-57,2,-64
1742100145.856133,38,16,-48
1742100145.891133,-5,6,79
1742100145.9261332,-37,40,-110
1742100145.9621332,58,-13,-118
1742100145.9981332,-25,-15,-12
1742100146.033133,76,-43,-118
1742100146.069133,-11,74,35
1742100146.1041331,26,2,-168
1742100146.139133,44,62,-122
1742100146.174133,8,6,53
1742100146.210133,-15,-13,7
1742100146.246133,88,18,-66
1742100146.2811332,102,-45,71
1742100146.3171332,32,-21,-4
1742100146.352133,48,2,-102
1742100146.3871331,40,2,27
1742100146.422133,74,-73,-56
1742100146.458133,4,-13,21
1742100146.494133,56,-7,-78
1742100146.529133,2,14,-56
1742100146.565133,-7,-29,-142
1742100146.6001332,-49,50,-50
1742100146.635133,-19,8,63
1742100146.670133,10,10,-40
1742100146.7061331,-23,-59,29
1742100146.7421331,72,44,-18
1742100146.777133,-29,6,47
1742100146.813133,38,62,-34
1742100146.848133,-25,-61,-64
1742100146.8831332,-51,0,-166
1742100146.9191332,36,24,-6
1742100146.954133,-5,-23,-68
1742100146.990133,12,-57,-32
1742100147.0251331,-7,34,-46
1742100147.0611331,-3,12,-26
1742100147.096133,58,-11,-30
1742100147.131133,12,-5,-80
1742100147.167133,-15,-1,-46
1742100147.2021332,-3,12,-124
1742100147.2381332,-2,28,75
1742100147.273133,51,-25,-34
1742100147.309133,11,28,-172
1742100147.3441331,-57,32,-108
1742100147.379133,-57,-25,-84
1742100147.415133,32,-19,-78
1742100147.450133,46,-27,0
1742100147.486133,-21,-5,-112
1742100147.5211332,50,-5,23
1742100147.5571332,-31,22,21
1742100147.592133,-97,60,13
1742100147.634133,-33,36,77
1742100147.671133,-41,-31,-80
1742100147.7061331,-9,-47,-62
1742100147.7421331,-3,-19,-8
1742100147.777133,48,4,-146
1742100147.813133,-35,18,-100
1742100147.848133,32,18,-24
1742100147.8831332,-87,-27,-84
1742100147.9191332,18,-65,13
1742100147.954133,-77,-51,-68
1742100147.990133,66,-13,21
1742100148.0251331,-5,16,31
1742100148.0611331,-23,34,25
1742100148.096133,-63,-7,-184
1742100148.131133,-79,-25,-56
1742100148.167133,2,100,63
1742100148.2021332,-27,42,-74
1742100148.2381332,-49,-53,-210
1742100148.273133,28,38,-28
1742100148.309133,8,-35,-76
1742100148.3441331,-17,-65,19
1742100148.379133,-21,64,-128
1742100148.415133,-13,26,-138
1742100148.450133,74,-83,13
1742100148.486133,-7,-41,-110
1742100148.5211332,-1,-5,-28
1742100148.5571332,-9,24,-108
1742100148.592133,12,-47,-76
1742100148.6271331,-5,0,-50
1742100148.6631331,44,18,47
1742100148.698133,-63,8,11
1742100148.734133,-85,32,81
1742100148.769133,26,-36,17
1742100148.805133,-63,-80,-104
1742100148.8401332,-9,44,-20
1742100148.875133,38,4,-120
1742100148.911133,8,-25,29
1742100148.9461331,-27,16,0
1742100148.9821332,4,-3,-106
1742100149.017133,14,10,-100
1742100149.053133,-69,-27,-52
1742100149.088133,24,-14,-204
1742100149.1231332,-25,-14,151
1742100149.1591332,44,84,-22
1742100149.194133,20,24,1
1742100149.230133,-41,68,-160
1742100149.2651331,54,20,-116
1742100149.300133,-59,-55,-8
1742100149.335133,-13,6,-20
1742100149.371133,66,-7,-166
1742100149.407133,-27,-35,0
1742100149.4421332,-69,5,-224
1742100149.4781332,12,29,-110
1742100149.513133,14,-39,-2
1742100149.5481331,93,24,-68
1742100149.583133,38,28,-70
1742100149.619133,16,7,13
1742100149.655133,-97,39,-68
1742100149.690133,4,-8,-24
1742100149.726133,20,-2,-82
1742100149.7611332,60,-27,-62
1742100149.796133,14,4,-102
1742100149.8311331,124,-9,-106
1742100149.8671331,-71,98,-44
1742100149.9031332,62,-33,-160
1742100149.938133,22,0,-150
1742100149.974133,10,69,-74
1742100150.010133,46,-22,-68
1742100150.046133,-5,7,-108
1742100150.0811331,12,51,-112
1742100150.116133,78,19,-128
1742100150.151133,-9,-38,-94
1742100150.187133,-29,-36,-66
1742100150.223133,-17,-4,-18
1742100150.2581332,-26,-38,-62
1742100150.2941332,-41,29,-58
1742100150.329133,8,-20,-110
1742100150.3641331,24,23,51
1742100150.399133,-62,-14,81
1742100150.435133,45,8,-56
1742100150.471133,43,-71,-16
1742100150.506133,53,4,-2
1742100150.542133,17,-49,-52
1742100150.5771332,37,14,-2
1742100150.612133,-104,2,-182
1742100150.647133,-64,28,-112
1742100150.6831331,30,-15,-84
1742100150.7191331,60,-11,31
1742100150.754133,-106,10,-28
1742100150.790133,-41,-55,15
1742100150.825133,8,-41,-136
1742100150.8601332,18,12,-170
1742100150.895133,-39,-25,-92
1742100150.931133,-25,14,-66
1742100150.967133,26,-33,-182
1742100151.0021331,-13,58,-148
1742100151.0381331,12,-35,-88
1742100151.073133,52,38,41
1742100151.108133,-23,-19,-30
1742100151.1431332,46,2,-86
1742100151.1791332,-1,16,5
1742100151.2151332,48,32,103
1742100151.250133,54,-13,37
1742100151.286133,42,30,-16
1742100151.3211331,-22,52,9
1742100151.356133,118,-35,-140
1742100151.391133,-3,50,-96
1742100151.427133,44,-17,17
1742100151.463133,-11,8,-94
1742100151.4981332,40,2,-30
1742100151.5341332,4,72,-20
1742100151.569133,46,82,-74
1742100151.6041331,-9,-29,-176
1742100151.639133,-15,-17,-30
1742100151.675133,60,24,51
1742100151.711133,0,10,-58
1742100151.746133,-1,-57,17
1742100151.782133,-61,2,-108
1742100151.8171332,-7,-21,7
1742100151.852133,80,6,-102
1742100151.8871331,82,-91,-98
1742100151.9231331,52,-29,57
1742100151.9591331,24,-37,67
1742100151.994133,-13,48,-54
1742100152.030133,38,30,-62
1742100152.065133,34,-17,-70
1742100152.1001332,62,-71,-74
1742100152.135133,64,-55,31
1742100152.171133,64,22,-36
1742100152.207133,108,4,-134
1742100152.2421331,16,2,-84
1742100152.2781332,4,48,-180
1742100152.313133,-79,-103,-61
1742100152.348133,-21,-9,-23
1742100152.3831332,-7,20,-45
1742100152.4191332,22,0,6
1742100152.4551332,-103,-7,-61
1742100152.490133,-21,-11,-1
1742100152.526133,-41,22,128
1742100152.5611331,34,-23,-91
1742100152.596133,-49,-59,2
1742100152.631133,62,60,52
1742100152.667133,70,-89,-133
1742100152.703133,37,-17,-101
1742100152.7381332,65,76,-71
1742100152.774133,29,-11,44
1742100152.809133,49,42,-15
1742100152.8441331,-1,6,0
1742100152.879133,-39,-31,116
1742100152.915133,31,14,-5
1742100152.951133,60,-49,-95
1742100152.986133,54,6,-79
1742100153.022133,27,-19,-35
1742100153.0571332,124,-9,-47
1742100153.092133,16,-17,30
1742100153.1271331,6,38,-37
1742100153.1631331,18,-51,-7
1742100153.1991332,22,12,-33
1742100153.234133,-31,-37,-97
1742100153.270133,16,104,-107
1742100153.305133,-23,50,-83
1742100153.3401332,154,8,0
1742100153.376133,-25,28,8
1742100153.411133,8,-21,20
1742100153.447133,0,14,78
1742100153.4821332,-32,-67,-63
1742100153.5181332,-16,63,82
1742100153.553133,29,-22,-49
1742100153.588133,-64,73,-53
1742100153.624133,23,49,-115
1742100153.6591332,35,-20,-91
1742100153.695133,-58,-6,-97
1742100153.730133,17,-88,-11
1742100153.766133,-18,-16,-39
1742100153.8011332,23,-24,-171
1742100153.836133,59,37,-3
1742100153.872133,0,29,-35
1742100153.907133,7,-6,-83
1742100153.943133,31,3,-119
1742100153.9781332,-50,0,-35
1742100154.014133,3,-52,-51
1742100154.049133,3,-4,-95
1742100154.0841331,-46,41,26
1742100154.1201332,74,49,-237
1742100154.155133,-3,47,-43
1742100154.191133,-25,-58,-51
1742100154.226133,-35,23,2
1742100154.2621331,0,9,-41
1742100154.297133,10,19,-35
1742100154.332133,-33,5,28
1742100154.368133,10,1,-179
1742100154.4031332,-13,83,84
1742100154.4391332,-77,63,-123
1742100154.474133,18,11,7
1742100154.510133,4,-70,-127
1742100154.545133,20,-32,12
1742100154.5801332,-37,21,58
1742100154.616133,52,9,-51
1742100154.651133,-11,-44,-58
1742100154.687133,-19,53,-49
1742100154.7221332,10,25,-61
1742100154.7581332,44,71,-47
1742100154.793133,-49,47,-61
1742100154.828133,-85,17,-122
1742100154.8641331,-17,45,-4
1742100154.899133,-55,-10,9
1742100154.935133,30,-22,-96
1742100154.970133,32,25,39
1742100155.006133,-15,5,33
1742100155.0411332,-1,31,-138
1742100155.076133,18,-2,-10
1742100155.112133,82,37,-66
1742100155.147133,2,43,-24
1742100155.1831331,8,3,-42
1742100155.218133,-17,-60,-32
1742100155.254133,-31,19,-104
1742100155.289133,-59,17,-142
1742100155.3241332,80,-2,-6
1742100155.3601332,-73,-34,25
1742100155.395133,44,33,15
1742100155.431133,-17,11,-22
1742100155.466133,-7,-2,-152
1742100155.5021331,-42,21,-54
1742100155.537133,-41,1,-48
1742100155.572133,-31,11,-154
1742100155.608133,-19,-50,-54
1742100155.6431332,12,-68,-26
1742100155.6791332,-53,-36,-106
1742100155.714133,36,-56,-82
1742100155.749133,4,-28,17
1742100155.7841332,-51,21,-58
1742100155.820133,-21,53,-120
1742100155.856133,-83,31,1
1742100155.891133,-8,-4,-124
1742100155.927133,59,17,33
1742100155.9621332,3,61,-74
1742100155.997133,31,9,-62
1742100156.032133,-41,87,-58
1742100156.068133,41,-28,1
1742100156.1041331,-28,-4,-66
1742100156.139133,0,-36,-132
1742100156.175133,16,-70,-84
1742100156.210133,-15,-26,51
1742100156.2451332,34,15,3
1742100156.280133,-39,21,89
1742100156.316133,2,-32,95
1742100156.352133,-35,99,-130
1742100156.3871331,4,-4,15
1742100156.4231331,40,-6,-86
1742100156.458133,-5,0,-152
1742100156.493133,-65,-24,-94
1742100156.5281332,34,25,27
1742100156.5641332,70,-63,67
1742100156.6001332,-34,-17,-110
1742100156.635133,-24,30,51
1742100156.671133,43,52,51
1742100156.7061331,1,-37,-107
1742100156.741133,52,-39,-97
1742100156.776133,63,27,-29
1742100156.812133,-46,61,86
1742100156.848133,-62,8,30
1742100156.8831332,-3,-3,18
1742100156.9191332,6,16,42
1742100156.954133,-29,12,-83
1742100156.9891331,60,-33,-13
1742100157.024133,-1,-43,-127
1742100157.060133,82,-21,18
1742100157.096133,-35,8,-45
1742100157.131133,70,-29,-157
1742100157.167133,-135,18,-111
1742100157.2021332,16,-11,-29
1742100157.237133,30,-43,-21
1742100157.272133,-41,-41,-47
1742100157.3081331,98,14,-39
1742100157.3441331,8,44,-55
1742100157.379133,-75,24,-43
1742100157.415133,10,-45,-161
1742100157.450133,10,64,-17
1742100157.4851332,-91,-5,-63
1742100157.520133,92,76,-99
1742100157.556133,-11,8,-51
1742100157.592133,38,-33,-9
1742100157.6271331,54,-27,-85
1742100157.670133,-51,-9,68
1742100157.7061331,-153,38,-25
1742100157.741133,-39,-1,-105
1742100157.776133,46,28,24
1742100157.812133,-51,-39,90
1742100157.848133,4,60,-35
1742100157.8831332,50,-53,-73
1742100157.9191332,30,-17,-43
1742100157.954133,-11,74,-109
1742100157.9891331,-19,-25,-55
1742100158.024133,52,-9,-59
1742100158.060133,40,-25,-29
1742100158.096133,22,-41,-87
1742100158.131133,32,2,-111
1742100158.167133,24,6,-103
1742100158.2021332,34,24,-99
1742100158.237133,-27,2,-51
1742100158.272133,-41,-33,-17
1742100158.3081331,8,-5,-31
1742100158.3441331,24,58,-133
1742100158.379133,-27,-67,-89
1742100158.415133,46,14,-33
1742100158.450133,44,36,0
1742100158.4851332,36,12,-71
1742100158.520133,6,26,-17
1742100158.556133,-75,-11,-63
1742100158.592133,-25,-15,-10
1742100158.6271331,112,-17,-14
1742100158.6631331,8,8,-14
1742100158.698133,-71,-21,21
1742100158.733133,15,6,-88
1742100158.7681332,-94,-19,7
1742100158.8041332,-21,-81,-180
1742100158.8401332,6,18,-54
1742100158.875133,40,50,-58
1742100158.911133,30,-17,-16
1742100158.9461331,-15,-23,-50
1742100158.981133,2,-29,-20
1742100159.016133,20,44,-140
1742100159.052133,54,64,-90
1742100159.088133,-67,-17,-86
1742100159.124133,-21,-63,-48
1742100159.1601331,0,-7,-20
1742100159.195133,-8,-37,1
1742100159.231133,40,-47,-16
1742100159.266133,-11,-91,-46
1742100159.3011332,-11,-17,-8
1742100159.336133,-61,18,-118
1742100159.372133,52,74,-40
1742100159.408133,-23,74,29
1742100159.443133,76,104,-6
1742100159.4791331,46,-19,-52
1742100159.514133,42,48,-70
1742100159.549133,-87,8,51
1742100159.5841331,-1,-55,-24
1742100159.6201332,-41,-21,-22
1742100159.6561332,84,46,-44
1742100159.691133,6,6,9
1742100159.727133,-63,62,-88
1742100159.7621331,-83,-35,-64
1742100159.797133,-73,-25,-10
1742100159.833133,5,80,-178
1742100159.868133,22,28,-158
1742100159.904133,56,32,-150
1742100159.9391332,16,78,-98
1742100159.9751332,18,-43,-122
1742100160.010133,-17,-13,-48
1742100160.045133,-55,14,19
1742100160.0811331,40,38,-104
1742100160.116133,56,64,-22
1742100160.152133,37,-41,-166
1742100160.187133,-64,-7,49
1742100160.223133,17,-13,-2
1742100160.2581332,-32,-78,-12
1742100160.293133,37,-30,-146
1742100160.329133,-36,-18,17
1742100160.3641331,9,5,-52
1742100160.4001331,-63,-18,-72
1742100160.435133,-7,77,-39
1742100160.471133,-109,-45,-127
1742100160.506133,-49,78,-95
1742100160.5411332,-13,-43,-129
1742100160.5771332,-29,-47,-37
1742100160.612133,-37,-43,-47
1742100160.648133,-23,-49,-61
1742100160.6831331,-15,18,-143
1742100160.7191331,-73,38,58
1742100160.754133,40,68,-33
1742100160.789133,32,28,-125
1742100160.825133,-39,34,-109
1742100160.8601332,18,30,-67
1742100160.8961332,42,24,-17
1742100160.931133,-53,-3,-107
1742100160.967133,-15,12,-85
1742100161.0021331,-15,-21,-125
1742100161.037133,62,-1,-57
1742100161.073133,-15,44,-29
1742100161.108133,16,-37,-15
1742100161.144133,-23,24,24
1742100161.1791332,70,4,-19
1742100161.2151332,-67,-3,-147
1742100161.250133,-39,-9,42
1742100161.2851331,46,-73,-27
1742100161.3211331,4,-21,-217
1742100161.356133,54,136,-145
1742100161.392133,46,40,42
1742100161.427133,52,-15,-109
1742100161.463133,74,36,-63
1742100161.4981332,86,-25,-25
1742100161.533133,-33,18,-23
1742100161.569133,-35,28,-63
1742100161.6041331,-35,100,12
1742100161.6401331,16,-69,-49
1742100161.675133,38,-19,-11
1742100161.711133,-53,56,24
1742100161.746133,-3,-13,-91
1742100161.7811332,-61,-7,10
1742100161.8171332,-39,12,-127
1742100161.852133,-59,54,-63
1742100161.888133,94,-27,-13
1742100161.9231331,-55,26,-83
1742100161.9591331,80,24,4
1742100161.9951332,12,-87,-73
1742100162.0311332,12,16,-133
1742100162.0671332,-35,38,12
1742100162.1031332,-29,-3,-73
1742100162.138133,6,32,26
1742100162.1731331,0,48,-21
1742100162.2091331,-21,20,30
1742100162.244133,36,24,102
1742100162.280133,30,-9,-179
1742100162.315133,-7,-43,62
1742100162.3501332,-69,-43,-45
1742100162.385133,22,6,-57
1742100162.421133,34,-25,-39
1742100162.457133,-31,26,50
1742100162.4921331,-15,0,-85
1742100162.5281332,-23,-5,80
1742100162.563133,40,20,-53
1742100162.598133,48,-21,-237
1742100162.6331332,48,10,-3
1742100162.6691332,-51,52,-125
1742100162.7051332,-5,-1,-65
1742100162.740133,0,92,-1
1742100162.776133,86,26,-69
1742100162.8111331,-7,-93,16
1742100162.846133,-53,-33,41
1742100162.881133,24,6,-62
1742100162.917133,-15,20,65
1742100162.953133,-73,-13,-74
1742100162.9881332,-27,12,-90
1742100163.024133,-53,-37,-46
1742100163.059133,16,50,-205
1742100163.0941331,-11,-15,-87
1742100163.129133,74,-59,42
1742100163.165133,-15,-21,-103
1742100163.201133,28,26,-61
1742100163.236133,-55,-3,-129
1742100163.272133,48,8,6
1742100163.3071332,-37,-95,-90
1742100163.342133,-47,-9,-40
1742100163.3771331,-47,30,-16
1742100163.4131331,-19,-17,73
1742100163.4491332,14,84,-44
1742100163.484133,16,-87,-4
1742100163.520133,36,-125,-146
1742100163.555133,72,0,98
1742100163.5901332,-17,2,-25
1742100163.625133,24,36,-53
1742100163.661133,20,58,66
1742100163.697133,110,68,-259
1742100163.7321332,4,50,-97
1742100163.7681332,40,-43,-53
1742100163.803133,8,-27,-93
1742100163.838133,-63,-23,-32
1742100163.8731332,10,-35,-48
1742100163.9091332,50,-19,-122
1742100163.945133,-97,-1,-126
1742100163.980133,12,-33,-16
1742100164.016133,84,-19,-80
1742100164.0511332,-23,-55,-42
1742100164.086133,-17,-6,133
1742100164.121133,66,86,-50
1742100164.157133,-57,1,25
1742100164.193133,24,-14,-44
1742100164.2281332,-11,11,-128
1742100164.264133,-29,-14,-172
1742100164.299133,24,51,-102
1742100164.3341331,24,-14,-134
1742100164.369133,-11,13,-44
1742100164.405133,2,-28,-64
1742100164.441133,2,9,-6
1742100164.476133,-57,-16,-100
1742100164.5121331,2,17,59
1742100164.547133,44,-50,99
1742100164.582133,88,3,-100
1742100164.6171331,44,45,-80
1742100164.6531332,-21,27,-82
1742100164.6891332,-9,-2,39
1742100164.724133,-27,3,-10
1742100164.760133,-61,17,-40
1742100164.795133,68,-38,-24
1742100164.8301332,-7,-28,43
1742100164.865133,-23,0,-66
1742100164.901133,-11,3,-48
1742100164.937133,-35,3,-176
1742100164.9721332,22,23,55
1742100165.0081332,38,41,-58
1742100165.043133,-3,-40,-216
1742100165.078133,8,-36,27
1742100165.1131332,-33,-16,-84
1742100165.149133,46,-26,-110
1742100165.185133,46,91,-76
1742100165.220133,-29,61,-140
1742100165.256133,-27,-68,-90
1742100165.2911332,-17,-36,-82
1742100165.326133,22,1,-48
1742100165.361133,-59,-22,-68
1742100165.397133,54,-40,5
1742100165.4331331,46,29,-12
1742100165.468133,18,-2,-64
1742100165.504133,-1,51,-28
1742100165.539133,64,-20,49
1742100165.5741332,58,25,-40
1742100165.609133,16,45,-214
1742100165.645133,-75,27,-38
1742100165.681133,50,19,9
1742100165.716133,4,-46,-30
1742100165.7521331,-29,-24,3
1742100165.787133,-17,-8,13
1742100165.822133,-49,-52,-12
1742100165.8571332,-91,-15,47
1742100165.8931332,26,44,-64
1742100165.9291332,-67,14,-28
1742100165.964133,-42,-1,-33
1742100166.000133,27,-21,-145
1742100166.0351331,9,-43,-13
1742100166.070133,-31,-15,-81
1742100166.105133,8,-69,-81
1742100166.141133,-23,-15,-43
1742100166.177133,32,22,2
1742100166.2121332,80,-1,-103
1742100166.2481332,10,80,40
1742100166.283133,-9,-59,2
1742100166.318133,-65,8,0
1742100166.3541331,-1,40,-183
1742100166.389133,-25,13,-127
1742100166.425133,8,37,-49
1742100166.460133,-93,-11,-63
1742100166.496133,-121,36,-39
1742100166.5311332,-79,32,-197
1742100166.566133,26,-3,-121
1742100166.602133,-37,28,-115
1742100166.6371331,62,-55,-75
1742100166.6731331,104,-9,-133
1742100166.708133,-9,46,-11
1742100166.744133,-37,-55,-97
1742100166.779133,-29,68,-29
1742100166.8141332,-3,-43,-51
1742100166.8501332,-37,2,-73
1742100166.885133,78,50,-53
1742100166.921133,-47,-37,-123
1742100166.9561331,-9,-29,-137
1742100166.9921331,44,76,22
1742100167.027133,-27,-43,24
1742100167.062133,-49,-9,-55
1742100167.098133,-27,-23,-27
1742100167.1331332,12,-67,-93
1742100167.1691332,-57,-81,-103
1742100167.204133,48,-19,6
1742100167.240133,-3,40,-85
1742100167.2751331,8,60,-11
1742100167.310133,-11,32,-3
1742100167.346133,32,-47,-219
1742100167.381133,14,-55,-5
1742100167.417133,22,14,6
1742100167.4521332,36,34,-63
1742100167.4881332,44,-25,-89
1742100167.523133,22,36,32
1742100167.5581331,2,-21,-63
1742100167.5941331,18,-77,72
1742100167.629133,-41,-63,-125
1742100167.672133,-63,-71,-7
1742100167.708133,-21,48,-45
1742100167.743133,-1,30,-25
1742100167.7781332,24,22,-71
1742100167.8141332,4,-109,-73
1742100167.8501332,31,4,-63
1742100167.885133,5,28,-29
1742100167.921133,-78,-3,-93
1742100167.9561331,25,-7,-89
1742100167.9921331,-48,-39,-165
1742100168.027133,3,-5,-37
1742100168.062133,-6,32,-47
1742100168.098133,6,-7,-47
1742100168.1331332,20,-13,-71
1742100168.1691332,-1,16,-95
1742100168.204133,-45,10,-67
1742100168.240133,2,-21,-91
1742100168.2751331,-15,-39,2
1742100168.310133,27,22,-81
1742100168.346133,46,-43,-95
1742100168.381133,100,-4,-13
1742100168.417133,-15,-14,-163
1742100168.4521332,36,33,-55
1742100168.4881332,6,29,-127
1742100168.524133,-37,11,26
1742100168.560133,8,45,-135
1742100168.596133,24,-39,-75
1742100168.631133,-49,10,-48
1742100168.6661332,26,40,-48
1742100168.7021332,-65,8,-16
1742100168.7381332,-9,24,19
1742100168.773133,20,-49,-67
1742100168.809133,-1,-2,-3
1742100168.8441331,6,74,-126
1742100168.879133,-3,-4,-48
1742100168.914133,16,-51,-137
1742100168.950133,-13,-27,-87
1742100168.986133,30,28,18
1742100169.0211332,24,-15,-15
1742100169.0571332,-13,76,-45
1742100169.092133,-51,8,22
1742100169.1271331,-9,18,-97
1742100169.162133,36,12,-27
1742100169.198133,-61,8,-219
1742100169.234133,76,-23,-134
1742100169.269133,-37,30,-84
1742100169.305133,8,56,-128
1742100169.3401332,-5,30,-6
1742100169.375133,54,20,-16
1742100169.4101331,58,18,-130
1742100169.4461331,20,-39,-98
1742100169.4821332,-25,10,-120
1742100169.517133,-55,6,-39
1742100169.553133,66,-31,-12
1742100169.588133,20,-11,4
1742100169.6231332,12,-1,-151
1742100169.658133,19,38,-56
1742100169.694133,7,34,-30
1742100169.730133,45,8,24
1742100169.7651331,49,-41,-115
1742100169.8011332,-52,12,-113
1742100169.836133,5,-23,-123
1742100169.871133,-46,-11,-123
1742100169.9061332,0,-11,-30
1742100169.9421332,-84,50,-62
1742100169.9781332,39,6,-8
1742100170.013133,-150,36,-18
1742100170.049133,43,44,55
1742100170.0841331,3,42,-72
1742100170.119133,81,42,-94
1742100170.154133,-8,28,-50
1742100170.190133,43,28,-42
1742100170.226133,0,86,21
1742100170.2611332,-16,90,-112
1742100170.297133,-32,-57,-62
1742100170.332133,-6,-60,-40
1742100170.3671331,-2,-32,-68
1742100170.402133,-32,-6,-130
1742100170.438133,-26,33,33
1742100170.474133,-20,-2,51
1742100170.509133,67,46,-122
1742100170.545133,41,-59,-24
1742100170.5801332,49,-43,-80
1742100170.615133,-18,88,-122
1742100170.6501331,-52,-97,15
1742100170.6861331,-30,100,-140
1742100170.7221332,-94,-21,-24
1742100170.757133,47,-3,-94
1742100170.793133,11,66,35
1742100170.828133,63,-99,-112
1742100170.8631332,25,34,-144
1742100170.898133,-18,52,-48
1742100170.934133,-38,2,-56
1742100170.970133,19,10,33
1742100171.0051332,-40,-30,-28
1742100171.0411332,-2,-15,-104
1742100171.076133,-52,46,-36
1742100171.111133,13,-5,-210
1742100171.1461332,-30,27,-70
1742100171.1821332,1,97,-30
1742100171.218133,-56,-22,-56
1742100171.253133,0,2,-110
1742100171.289133,7,-33,63
1742100171.3241332,37,42,11
1742100171.359133,-42,20,-60
1742100171.394133,15,-3,-64
1742100171.430133,-50,14,-28
1742100171.466133,-13,-53,53
1742100171.501133,0,24,-52
1742100171.537133,-71,20,-104
1742100171.572133,56,-49,-156
1742100171.6071332,68,-25,-106
1742100171.642133,-5,-47,-18
1742100171.678133,-24,-1,-8
1742100171.714133,-16,-51,-86
1742100171.749133,97,-3,-22
1742100171.7851331,34,-21,105
1742100171.820133,-37,4,-212
1742100171.855133,4,70,-26
1742100171.8901331,40,-55,-22
1742100171.9261332,-40,6,13
1742100171.9621332,0,-59,43
1742100171.997133,-70,18,-132
1742100172.033133,31,4,-146
1742100172.068133,8,-39,-102
1742100172.1031332,-13,-4,-118
1742100172.139133,-53,5,11
1742100172.174133,-56,-38,93
1742100172.210133,9,17,13
1742100172.2451332,-10,-24,37
1742100172.2811332,5,-15,-88
1742100172.316133,72,-5,39
1742100172.351133,53,16,105
1742100172.3861332,-57,4,-2
1742100172.422133,50,-5,45
1742100172.458133,-39,-7,-14
1742100172.493133,16,-61,-138
1742100172.529133,16,-23,-192
1742100172.5641332,32,6,19
1742100172.599133,-27,-9,-98
1742100172.635133,23,-39,-14
1742100172.670133,24,-15,45
1742100172.7061331,22,38,25
1742100172.741133,-15,28,-140
1742100172.777133,-3,36,-176
1742100172.812133,-17,-47,-66
1742100172.8471332,26,34,-148
1742100172.8831332,40,46,-28
1742100172.918133,-37,28,13
1742100172.954133,72,20,-124
1742100172.9891331,-61,-41,-130
1742100173.0251331,-33,14,13
1742100173.060133,-19,-91,35
1742100173.095133,-59,-45,-122
1742100173.131133,-45,36,-174
1742100173.1661332,-11,2,-80
1742100173.2021332,26,8,-74
1742100173.237133,12,-21,-32
1742100173.273133,54,4,-132
1742100173.3081331,66,-37,-32
1742100173.343133,-77,-25,35
1742100173.379133,-73,-61,-64
1742100173.414133,62,-55,-90
1742100173.450133,-85,30,5
1742100173.4851332,44,-57,-124
1742100173.5211332,17,34,-104
1742100173.556133,-5,-85,29
1742100173.591133,-7,10,-12
1742100173.6271331,-25,22,-162
1742100173.662133,-45,10,7
1742100173.698133,102,24,-24
1742100173.733133,-69,12,-148
1742100173.769133,-5,-33,89
1742100173.8041332,-34,-59,-100
1742100173.839133,-103,30,-46
1742100173.875133,-88,-27,9
1742100173.9101331,62,-23,84
1742100173.9461331,115,-13,-79
1742100173.981133,-2,28,-102
1742100174.017133,-22,-35,53
1742100174.052133,-48,4,35
1742100174.0871332,3,-53,-56
1742100174.1231332,61,42,-96
1742100174.158133,-72,-11,-48
1742100174.194133,-48,-21,-22
1742100174.2291331,7,72,-176
1742100174.2651331,-40,50,-162
1742100174.300133,0,46,-122
1742100174.335133,53,18,-32
1742100174.371133,-26,-19,-12
1742100174.4061332,13,-69,35
1742100174.4421332,55,-31,41
1742100174.477133,-46,-35,-107
1742100174.513133,-12,24,-27
1742100174.5481331,49,-109,-13
1742100174.583133,23,-29,-221
1742100174.619133,25,-25,-111
1742100174.654133,-28,-51,-93
1742100174.690133,-70,-31,-89
1742100174.7251332,-78,-57,-117
1742100174.7611332,-8,84,-77
1742100174.796133,-6,-47,-37
1742100174.8311331,25,-37,-109
1742100174.8671331,-22,12,-79
1742100174.902133,-6,64,-157
1742100174.938133,-40,-47,-35
1742100174.973133,45,40,-201
1742100175.009133,9,10,-83
1742100175.045133,-66,-45,-113
1742100175.0801332,-16,54,20
1742100175.115133,47,-53,-95
1742100175.151133,11,66,0
1742100175.187133,-44,38,24
1742100175.2221332,-48,4,-85
1742100175.2581332,-46,-41,0
1742100175.293133,27,62,-53
1742100175.328133,-60,48,-13
1742100175.3631332,-24,16,56
1742100175.399133,57,-61,-25
1742100175.435133,-52,-95,-21
1742100175.470133,-122,26,-19
1742100175.506133,-14,2,-61
1742100175.5411332,155,-9,-83
1742100175.576133,27,44,16
1742100175.611133,43,-17,-13
1742100175.647133,23,14,-39
1742100175.6831331,49,8,-164
1742100175.718133,-58,22,1
1742100175.754133,3,-75,3
1742100175.789133,0,11,1
1742100175.8241332,-47,21,-82
1742100175.859133,12,-44,-59
1742100175.895133,16,82,12
1742100175.931133,64,4,-61
1742100175.966133,-17,-61,12
1742100176.0021331,4,40,-3
1742100176.037133,-91,38,-73
1742100176.072133,26,-53,-41
1742100176.1071332,66,-9,12
1742100176.1431332,4,26,-67
1742100176.1791332,-13,-3,-71
1742100176.214133,86,-47,-23
1742100176.250133,-29,-21,-99
1742100176.2851331,-67,2,-1
1742100176.320133,-17,-9,-93
1742100176.355133,0,52,-73
1742100176.391133,26,24,-23
1742100176.427133,-11,28,-43
1742100176.4621332,44,-49,-67
1742100176.4981332,24,-53,18
1742100176.533133,-47,32,-59
1742100176.568133,-27,26,-171
1742100176.6031332,28,-7,-15
1742100176.639133,6,-13,-43
1742100176.675133,12,-33,-71
1742100176.710133,4,30,-121
1742100176.746133,40,44,-137
1742100176.7811332,10,46,-39
1742100176.816133,-41,-75,-57
1742100176.851133,-9,2,-127
1742100176.8871331,-23,36,-3
1742100176.9231331,-37,-9,-47
1742100176.958133,-11,42,-25
1742100176.994133,56,34,-21
1742100177.029133,-53,-29,-29
1742100177.0641332,-43,60,-89
1742100177.099133,-11,-117,-17
1742100177.135133,-51,0,52
1742100177.171133,38,-21,-85
1742100177.2061331,-21,52,2
1742100177.2421331,52,52,-139
1742100177.277133,14,-71,-145
1742100177.312133,-65,-7,-157
1742100177.3471332,10,-51,-147
1742100177.3831332,-63,46,-19
1742100177.4191332,52,14,-63
1742100177.454133,98,36,-77
1742100177.490133,66,-59,-121
1742100177.5251331,46,70,-117
1742100177.560133,66,6,32
1742100177.595133,-11,-73,-21
1742100177.631133,-45,72,4
1742100177.674133,-19,6,-95
1742100177.710133,56,-9,-145
1742100177.746133,82,-9,-153
1742100177.7811332,12,46,-63
1742100177.816133,-17,-53,-43
1742100177.851133,-33,-25,-65
1742100177.8871331,-17,52,-47
1742100177.9231331,-29,38,20
1742100177.958133,44,8,22
1742100177.994133,-19,-15,36
1742100178.029133,12,-13,-73
1742100178.0641332,2,-27,-127
1742100178.099133,-9,-31,-35
1742100178.135133,64,-3,-187
1742100178.171133,26,-49,-171
1742100178.2061331,46,36,28
1742100178.2421331,26,12,6
1742100178.277133,72,0,-197
1742100178.312133,27,-19,-139
1742100178.3471332,-38,58,-51
1742100178.3831332,3,-26,-61
1742100178.4191332,-29,25,-69
1742100178.454133,-31,-4,-41
1742100178.490133,-31,5,-31
1742100178.5251331,-23,45,-131
1742100178.560133,72,49,-29
1742100178.595133,92,53,-89
1742100178.631133,-39,12,-85
1742100178.667133,-71,-14,64
1742100178.7021332,12,2,-103
1742100178.7381332,-111,-23,-143
1742100178.773133,46,32,-55
1742100178.8081331,8,8,-7
1742100178.843133,-7,1,-29
1742100178.879133,22,-46,-71
1742100178.915133,20,-46,-10
1742100178.950133,32,-10,-122
1742100178.986133,-23,111,-16
1742100179.0211332,-75,-62,-130
1742100179.056133,18,-12,-50
1742100179.092133,-27,-7,-32
1742100179.1271331,26,49,-30
1742100179.1631331,-109,9,-62
1742100179.198133,-89,-8,-44
1742100179.234133,30,-18,27
1742100179.269133,-19,27,27
1742100179.3041332,-15,-60,-76
1742100179.3401332,-23,-45,-60
1742100179.375133,24,-40,-94
1742100179.411133,44,12,-60
1742100179.4461331,-35,59,10
1742100179.4821332,34,37,-73
1742100179.517133,-31,-84,-81
1742100179.552133,-11,41,-203
1742100179.588133,48,-8,-33
1742100179.6231332,32,26,-13
1742100179.6591332,14,-36,-53
1742100179.694133,94,-33,-139
1742100179.730133,-5,-54,32
1742100179.7651331,6,59,-21
1742100179.800133,12,0,-35
1742100179.836133,24,-22,-16
1742100179.871133,-31,39,-126
1742100179.907133,-13,-59,-84
1742100179.9421332,-43,21,-148
1742100179.9781332,76,-54,-24
1742100180.013133,-9,-46,-42
1742100180.0481331,2,-36,-50
1742100180.0841331,106,-6,-42
1742100180.119133,-61,-86,-20
1742100180.155133,48,91,-98
1742100180.190133,46,47,61
1742100180.226133,-83,31,-8
1742100180.2611332,46,79,53
1742100180.296133,-9,-52,-98
1742100180.332133,-1,-41,-64
1742100180.3671331,8,-21,-130
1742100180.4031332,18,-71,-124
1742100180.438133,-27,-84,-42
1742100180.474133,-59,2,-34
1742100180.509133,-41,-9,-134
1742100180.5441332,4,-3,-128
1742100180.5801332,0,-21,-126
1742100180.615133,-25,-9,45
1742100180.651133,-27,1,-116
1742100180.6861331,20,-18,-92
1742100180.7221332,-37,33,-102
1742100180.757133,4,2,-18
1742100180.792133,-49,-1,-150
1742100180.828133,-53,6,5
1742100180.8631332,-59,20,-146
1742100180.899133,36,12,-102
1742100180.934133,130,-99,33
1742100180.970133,6,32,-76
1742100181.0051332,-167,-119,13
1742100181.040133,12,-13,-66
1742100181.076133,42,70,-62
1742100181.111133,-19,-21,-60
1742100181.147133,-12,-57,45
1742100181.1821332,-7,22,5
1742100181.217133,-23,-21,-16
1742100181.2521331,32,8,-94
1742100181.2881331,28,-35,75
1742100181.3241332,34,-33,-2
1742100181.359133,30,-39,-120
1742100181.395133,76,-13,49
1742100181.430133,-17,-39,-76
1742100181.4651332,-17,22,-78
1742100181.500133,38,-45,-32
1742100181.536133,4,-87,-202
1742100181.572133,26,6,-200
1742100181.6071332,-7,-17,-160
1742100181.6431332,10,4,-116
1742100181.678133,-11,26,73
1742100181.713133,-15,-9,-8
1742100181.7481332,10,-47,-140
1742100181.7841332,-53,-21,-102
1742100181.820133,-109,-3,-38
1742100181.855133,-5,38,-146
1742100181.891133,-51,-79,-92
1742100181.9261332,36,12,-72
1742100181.961133,-33,-45,-8
1742100181.996133,14,-21,23
1742100182.032133,110,50,-84
1742100182.068133,-97,-58,-204
1742100182.1031332,-13,-44,-30
1742100182.139133,-41,47,-72
1742100182.174133,124,-26,-129
1742100182.2091331,-27,17,63
1742100182.244133,-57,-25,-116
1742100182.280133,40,0,-84
1742100182.316133,-13,-61,-72
1742100182.351133,6,-25,-160
1742100182.3871331,-5,-5,-102
1742100182.422133,30,0,-22
1742100182.457133,6,-15,-88
1742100182.4921331,-11,-5,-28
1742100182.5281332,-61,-83,-14
1742100182.5641332,-3,-16,57
1742100182.599133,12,34,-178
1742100182.635133,22,-21,11
1742100182.670133,24,46,0
1742100182.7051332,-41,12,-196
1742100182.740133,-12,6,-124
1742100182.776133,18,58,-86
1742100182.812133,109,-14,3
1742100182.8471332,-88,-23,21
1742100182.8831332,19,-33,25
1742100182.918133,30,2,17
1742100182.953133,18,-65,-72
1742100182.9881332,-45,-59,-28
1742100183.024133,26,-37,21
1742100183.060133,-51,14,21
1742100183.095133,30,-53,76
1742100183.131133,-61,30,-175
1742100183.1661332,18,-27,-93
1742100183.201133,-39,-55,54
1742100183.236133,-43,60,-67
1742100183.272133,4,-53,24
1742100183.3081331,52,-87,-89
1742100183.343133,12,26,-1
1742100183.379133,-35,80,-45
1742100183.414133,114,-35,10
1742100183.4491332,-73,32,-87
1742100183.484133,-17,-41,22
1742100183.520133,20,36,34
1742100183.556133,-13,36,-77
1742100183.591133,-35,76,60
1742100183.6271331,-11,18,4
1742100183.662133,26,-15,-47
1742100183.697133,-73,-31,-117
1742100183.7321332,60,-29,-111
1742100183.7681332,6,18,-103
1742100183.8041332,-25,-59,12
1742100183.839133,-73,2,-101
1742100183.875133,8,-49,-27
1742100183.9101331,-23,-37,-143
1742100183.945133,20,2,-69
1742100183.980133,32,-53,60
1742100184.016133,-3,47,-35
1742100184.052133,-15,65,-265
1742100184.0871332,46,-92,-35
1742100184.1231332,-75,-13,-71
1742100184.158133,-9,2,-33
1742100184.193133,-35,-55,-37
1742100184.2281332,-5,-25,-61
1742100184.264133,48,-9,-77
1742100184.300133,-21,-43,-155
1742100184.335133,52,16,-11
1742100184.371133,-71,14,-55
1742100184.4061332,-21,-57,-45
1742100184.441133,-1,-5,-123
1742100184.476133,-15,-35,-195
1742100184.5121331,-77,6,-91
1742100184.5481331,52,19,-51
1742100184.583133,64,26,-125
1742100184.619133,-55,-29,30
1742100184.654133,43,-15,-49
1742100184.6891332,-38,2,14
1742100184.724133,29,28,-121
1742100184.760133,-6,-17,-117
1742100184.796133,85,2,-107
1742100184.8311331,-25,-21,-31
1742100184.8671331,5,-23,10
1742100184.902133,-44,80,-35
1742100184.937133,31,-67,-85
1742100184.9721332,-31,28,-71
1742100185.0081332,54,52,-65
1742100185.0441332,-49,-33,-17
1742100185.079133,26,28,-57
1742100185.115133,26,-23,-119
1742100185.1501331,-13,-37,44
1742100185.185133,44,0,22
1742100185.220133,-13,22,-97
1742100185.256133,18,54,30
1742100185.292133,62,-3,-77
1742100185.3271332,8,46,-53
1742100185.3631332,46,-39,-143
1742100185.398133,38,18,-139
1742100185.4331331,-25,1,-69
1742100185.4691331,-57,-72,-205
1742100185.504133,-21,-25,-177
1742100185.540133,66,-2,-191
1742100185.575133,12,1,-93
1742100185.611133,46,-14,-59
1742100185.6461332,-51,-68,-17
1742100185.681133,-15,1,-81
1742100185.717133,-59,25,-13
1742100185.7521331,-25,7,-19
1742100185.7881331,20,51,-21
1742100185.823133,-9,13,-69
1742100185.859133,-67,-30,-59
1742100185.894133,14,8,4
1742100185.9291332,-39,-37,-43
1742100185.9651332,42,-33,-1
1742100186.000133,90,10,-209
1742100186.036133,-55,-27,-79
1742100186.0711331,-3,22,-69
1742100186.1071332,-9,-9,-79
1742100186.142133,-71,38,-53
1742100186.177133,16,-45,-13
1742100186.213133,44,36,-7
1742100186.2481332,68,26,-15
1742100186.2841332,84,-15,-39
1742100186.319133,-13,-19,-37
1742100186.355133,-67,-41,156
1742100186.3901331,-23,10,-125
1742100186.425133,58,16,70
1742100186.461133,64,-13,-113
1742100186.496133,70,24,80
1742100186.532133,-17,32,-89
1742100186.5671332,106,-45,-47
1742100186.6031332,-43,-11,-123
1742100186.638133,10,80,-25
1742100186.6731331,-31,6,-81
1742100186.7091331,-5,-67,-65
1742100186.744133,-19,-21,-49
1742100186.780133,-55,91,-75
1742100186.815133,-1,74,-111
1742100186.851133,74,-9,-95
1742100186.8861332,42,23,-43
1742100186.921133,-9,31,-103
1742100186.957133,24,15,-123
1742100186.9921331,-73,-4,-5
1742100187.0281332,-41,33,40
1742100187.063133,2,-22,10
1742100187.099133,10,0,36
1742100187.134133,-17,21,-81
1742100187.1691332,30,-20,-85
1742100187.2051332,-47,3,-153
1742100187.240133,40,57,-53
1742100187.276133,-93,47,-15
1742100187.3111331,-23,1,40
1742100187.3471332,-97,7,-77
1742100187.382133,64,33,-11
1742100187.417133,-31,1,-59
1742100187.453133,-39,-2,-21
1742100187.4881332,28,5,-31
1742100187.524133,82,-22,-15
1742100187.559133,22,-60,-23
1742100187.5941331,-61,0,-51
1742100187.629133,10,15,98
1742100187.665133,56,3,-87
1742100187.708133,0,7,88
1742100187.744133,14,6,-139
1742100187.780133,-3,-31,68
1742100187.815133,34,-15,6
1742100187.851133,22,24,-79
1742100187.8871331,-85,-21,-27
1742100187.922133,-7,2,-39
1742100187.957133,16,-51,-93
1742100187.993133,-3,34,-109
1742100188.029133,16,-3,-59
1742100188.0641332,34,-25,-13
1742100188.1001332,26,-39,-85
1742100188.135133,6,32,-59
1742100188.170133,-24,-41,-105
1742100188.2051332,-56,4,-113
1742100188.241133,38,-3,-5
1742100188.277133,20,-49,-99
1742100188.312133,12,52,20
1742100188.348133,38,-25,18
1742100188.3831332,34,30,28
1742100188.418133,2,18,-181
1742100188.453133,40,50,16
1742100188.4891331,-19,-37,16
1742100188.5251331,10,38,-51
1742100188.560133,-27,6,-77
1742100188.596133,79,26,-23
1742100188.631133,-10,58,32
1742100188.6661332,-20,18,-215
1742100188.701133,-2,-63,-187
1742100188.737133,1,8,-43
1742100188.773133,33,13,-85
1742100188.8081331,-28,-73,-31
1742100188.8441331,-16,10,-5
1742100188.879133,71,-49,-135
1742100188.914133,-50,42,-85
1742100188.9491332,-30,18,-43
1742100188.9851332,55,-75,6
1742100189.0211332,11,-39,-97
1742100189.056133,-14,14,-19
1742100189.092133,79,8,8
1742100189.1271331,17,-3,2
1742100189.162133,-19,-9,-125
1742100189.197133,-83,44,-137
1742100189.233133,6,-3,-13
1742100189.269133,18,-37,10
1742100189.3041332,32,-15,-49
1742100189.3401332,86,-33,8
1742100189.375133,-47,26,-31
1742100189.4101331,-71,36,-129
1742100189.445133,8,-5,-9
1742100189.481133,-29,20,56
1742100189.517133,-17,82,-63
1742100189.552133,44,-63,86
1742100189.588133,36,14,-39
1742100189.6231332,4,18,-81
1742100189.658133,56,80,-99
1742100189.693133,-11,-77,-83
1742100189.7291331,32,-71,-101
1742100189.7651331,22,101,-181
1742100189.800133,42,12,-67
1742100189.836133,-37,-25,40
1742100189.871133,-15,-13,74
1742100189.9061332,-27,-14,-9
1742100189.941133,-67,-32,-21
1742100189.977133,-3,-34,-31
1742100190.013133,-87,-4,-75
1742100190.0481331,64,0,-34
1742100190.0841331,-7,-12,-68
1742100190.119133,-87,47,-62
1742100190.154133,-21,25,131
1742100190.1891332,14,-36,-86
1742100190.2251332,90,34,-90
1742100190.2611332,-55,-9,-46
1742100190.296133,28,-27,-28
1742100190.332133,-91,22,-138
1742100190.3671331,-95,42,-62
1742100190.402133,-15,-19,-42
1742100190.437133,-17,56,-46
1742100190.473133,80,-71,-6
1742100190.509133,54,46,-34
1742100190.5441332,-43,8,-176
1742100190.5801332,-35,-1,-80
1742100190.615133,7,66,81
1742100190.6501331,57,10,-42
1742100190.685133,1,38,-84
1742100190.721133,-25,0,-30
1742100190.757133,6,-15,-34
1742100190.792133,-39,112,-48
1742100190.828133,32,18,-8
1742100190.8631332,-87,-79,-86
1742100190.898133,-77,-7,49
1742100190.9331331,58,48,-80
1742100190.9691331,-5,80,-168
1742100191.0051332,-15,4,9
1742100191.040133,-51,78,-38
1742100191.076133,-3,22,49
1742100191.111133,0,-23,-46
1742100191.1461332,75,76,-68
1742100191.181133,-3,-57,-64
1742100191.217133,-21,34,-64
1742100191.253133,-17,-1,-86
1742100191.2881331,38,20,-134
1742100191.3241332,-7,-15,3
1742100191.359133,12,-19,-144
1742100191.394133,-121,11,-28
1742100191.4291332,-2,-50,-98
1742100191.4651332,-13,-2,-32
1742100191.501133,14,3,23
1742100191.536133,14,29,3
1742100191.572133,19,47,23
1742100191.6071332,13,49,-100
1742100191.642133,-62,31,-114
1742100191.677133,-14,-18,1
1742100191.713133,92,47,-28
1742100191.749133,74,17,3
1742100191.7841332,-47,3,-138
1742100191.820133,-7,23,-26
1742100191.855133,-65,-36,25
1742100191.8901331,30,65,-34
1742100191.9261332,-9,-26,-20
1742100191.961133,-35,55,-148
1742100191.997133,-37,7,-36
1742100192.032133,36,-41,-64
1742100192.068133,-65,34,-96
1742100192.1031332,-17,-103,-40
1742100192.138133,50,28,-70
1742100192.174133,-1,56,-76
1742100192.2091331,130,-27,-124
1742100192.2451332,94,-4,-20
1742100192.280133,44,5,-10
1742100192.316133,0,29,-166
1742100192.351133,-45,-32,-52
1742100192.3861332,56,38,-36
1742100192.422133,68,-21,-130
1742100192.457133,-75,74,-102
1742100192.493133,-43,-39,-4
1742100192.5281332,20,10,-57
1742100192.5641332,-27,-11,-145
1742100192.599133,-81,-75,-153
1742100192.634133,2,-125,-141
1742100192.670133,20,-41,-71
1742100192.7051332,-17,-53,-43
1742100192.741133,40,6,42
1742100192.776133,-3,-25,32
1742100192.812133,10,6,56
1742100192.8471332,2,-9,-99
1742100192.882133,54,12,-93
1742100192.918133,98,-13,-41
1742100192.953133,-19,-39,-19
1742100192.9891331,-43,-23,-183
1742100193.024133,6,-53,-102
1742100193.060133,-37,27,78
1742100193.095133,-21,-9,54
1742100193.1301332,72,36,-13
1742100193.1661332,38,-59,-49
1742100193.201133,-7,-45,-103
1742100193.237133,-15,-21,-53
1742100193.272133,-3,98,-84
1742100193.3081331,-51,-29,-38
1742100193.343133,-49,18,-122
1742100193.378133,6,26,29
1742100193.414133,4,14,-2
1742100193.4491332,-9,28,-80
1742100193.4851332,-153,-81,39
1742100193.520133,46,-25,-49
1742100193.556133,8,-23,-75
1742100193.591133,-51,22,-19
1742100193.626133,-43,-37,-41
1742100193.662133,-55,4,-139
1742100193.697133,-73,-35,-57
1742100193.733133,-23,-9,-43
1742100193.7681332,8,46,-119
1742100193.8041332,26,42,-167
1742100193.839133,54,56,74
1742100193.874133,4,44,-11
1742100193.9101331,-83,-27,-77
1742100193.945133,52,44,56
1742100193.981133,24,58,32
1742100194.016133,16,-67,-185
1742100194.052133,130,10,38
1742100194.0871332,-7,6,18
1742100194.122133,-7,-3,-121
1742100194.158133,40,14,2
1742100194.193133,-25,86,-143
1742100194.2291331,44,46,26
1742100194.264133,-9,10,-47
1742100194.300133,2,4,0
1742100194.336133,-9,6,-7
1742100194.371133,-27,34,-21
1742100194.4061332,14,-63,-81
1742100194.4421332,-43,6,-97
1742100194.4781332,20,6,-29
1742100194.513133,-103,-13,-161
1742100194.549133,44,6,2
1742100194.5841331,-33,-25,-201
1742100194.619133,6,-47,4
1742100194.654133,-3,-9,-131
1742100194.690133,12,-75,-57
1742100194.726133,-67,-13,-5
1742100194.7611332,-21,52,-121
1742100194.797133,8,70,-33
1742100194.832133,-13,-33,-129
1742100194.8671331,-57,0,-95
1742100194.902133,-53,-48,-103
1742100194.938133,-73,-9,4
1742100194.974133,20,86,-3
1742100195.009133,18,36,-83
1742100195.045133,-24,-10,-169
1742100195.0801332,62,18,-55
1742100195.115133,-15,-66,-9
1742100195.1501331,88,-20,-157
1742100195.1861331,-33,27,-35
1742100195.2221332,30,19,-31
1742100195.257133,-17,-34,-43
1742100195.293133,30,-32,-27
1742100195.328133,46,0,-105
1742100195.3631332,6,13,-101
1742100195.398133,-41,-34,-93
1742100195.434133,8,-6,-83
1742100195.470133,38,-58,72
1742100195.5051332,68,-28,-21
1742100195.5411332,30,-28,-77
1742100195.576133,-17,103,-39
1742100195.611133,22,-86,-71
1742100195.6461332,18,3,-103
1742100195.6821332,-37,28,-57
1742100195.718133,-15,-23,-69
1742100195.753133,-17,28,-63
1742100195.789133,28,-71,-67
1742100195.8241332,-25,4,-31
1742100195.859133,20,-33,-59
1742100195.894133,20,-91,-163
1742100195.930133,-21,-1,-63
1742100195.966133,8,46,-87
1742100196.001133,-9,-11,-3
1742100196.037133,6,40,-93
1742100196.072133,28,-35,4
1742100196.1071332,26,-11,-119
1742100196.142133,50,-45,-63
1742100196.178133,20,28,10
1742100196.214133,16,-31,-17
1742100196.249133,-69,44,-65
1742100196.2851331,58,-15,-93
1742100196.320133,4,28,-47
1742100196.355133,48,36,-167
1742100196.3901331,-3,46,-53
1742100196.4261332,-1,8,-21
1742100196.4621332,-7,-55,-144
1742100196.497133,40,-75,-140
1742100196.533133,-9,-21,-156
1742100196.568133,-9,-23,49
1742100196.6031332,-9,38,-36
1742100196.638133,34,34,-20
1742100196.674133,-67,4,-76
1742100196.710133,-25,50,-78
1742100196.7451332,98,46,-54
1742100196.7811332,-49,6,-130
1742100196.816133,76,-3,-202
1742100196.851133,8,-41,-82
1742100196.8861332,30,-29,-108
1742100196.922133,-15,-13,39
1742100196.958133,-37,6,-16
1742100196.993133,48,2,-98
1742100197.029133,44,-73,0
1742100197.0641332,38,26,91
1742100197.099133,38,14,27
1742100197.134133,60,34,-150
1742100197.170133,-3,-25,1
1742100197.2061331,-57,-31,-178
1742100197.241133,-33,6,57
1742100197.277133,-69,-59,115
1742100197.312133,0,-27,-4
1742100197.3471332,-7,36,-64
1742100197.382133,-23,-103,-36
1742100197.418133,24,-27,-128
1742100197.454133,-45,-45,-127
1742100197.4891331,44,-33,-37
1742100197.5251331,-9,-29,-45
1742100197.560133,-1,26,38
1742100197.595133,-31,10,-99
1742100197.6301332,66,58,-51
1742100197.6661332,-57,-5,-53
1742100197.7091331,54,-39,-91
1742100197.7451332,38,-57,16
1742100197.7811332,-61,0,12
1742100197.816133,14,50,-139
1742100197.851133,22,-47,-67
1742100197.8861332,-13,-57,36
1742100197.922133,52,40,-93
1742100197.958133,44,-1,2
1742100197.993133,6,-27,-21
1742100198.029133,-17,-5,-125
1742100198.0641332,-13,-29,-61
1742100198.099133,24,-15,4
1742100198.134133,58,-11,18
1742100198.170133,4,-1,-69
1742100198.2061331,-41,-27,6
1742100198.241133,-31,-51,-135
1742100198.277133,10,14,-99
1742100198.312133,78,-75,-201
1742100198.3471332,-9,-21,58
1742100198.3831332,88,-27,-105
1742100198.418133,40,-25,-11
1742100198.454133,-21,58,46
1742100198.4891331,56,-15,-63
1742100198.5251331,22,40,-77
1742100198.560133,-29,-23,46
1742100198.595133,12,2,120
1742100198.631133,-27,-63,-117
1742100198.6661332,-91,-39,-133
1742100198.7021332,6,-21,-53
1742100198.737133,-3,16,-45
1742100198.773133,6,-11,-55
1742100198.8081331,-9,-37,0
1742100198.843133,-11,28,2
1742100198.879133,6,-1,-131
1742100198.914133,-9,-9,-137
1742100198.950133,-9,0,82
1742100198.9851332,-39,-35,20
1742100199.0211332,4,8,6
1742100199.056133,-27,2,-47
1742100199.091133,64,78,-165
1742100199.1271331,-25,56,-61
1742100199.162133,2,28,-107
1742100199.198133,12,28,-101
1742100199.233133,24,-9,-185
1742100199.269133,24,-11,-35
1742100199.3041332,28,124,-59
1742100199.339133,4,-23,-99
1742100199.375133,-39,-41,-11
1742100199.4101331,-85,-22,-91
1742100199.4461331,4,-45,-155
1742100199.481133,26,-13,-49
1742100199.517133,78,4,-23
1742100199.552133,50,-21,-107
1742100199.5871332,-22,-55,-113
1742100199.6231332,-20,-11,-107
1742100199.658133,51,-31,-157
1742100199.694133,27,-19,-235
1742100199.7291331,37,0,-17
1742100199.7651331,23,36,-49
1742100199.800133,-66,58,4
1742100199.835133,-48,0,12
1742100199.871133,21,72,-85
1742100199.9061332,13,-39,-29
1742100199.9421332,3,26,-3
1742100199.977133,-110,-1,-127
1742100200.013133,11,40,-71
1742100200.0481331,15,94,-77
1742100200.083133,-26,-35,28
1742100200.119133,51,-25,22
1742100200.154133,31,44,-135
1742100200.190133,-56,-49,-72
1742100200.2251332,48,42,-42
1742100200.2611332,10,-25,-34
1742100200.296133,-11,-1,47
1742100200.3311331,-29,20,-88
1742100200.3671331,8,2,-86
1742100200.402133,36,-7,-12
1742100200.438133,-17,12,-84
1742100200.473133,62,-23,-34
1742100200.509133,10,50,-96
1742100200.5441332,66,-7,57
1742100200.579133,30,18,-88
1742100200.615133,74,28,-38
1742100200.6501331,-31,10,-90
1742100200.6861331,-9,18,113
1742100200.721133,72,-49,-126
1742100200.756133,4,16,3
1742100200.7911332,62,-81,-68
1742100200.8271332,22,-11,-132
1742100200.8631332,14,70,-48
1742100200.898133,14,-11,-36
1742100200.934133,-33,2,-8
1742100200.9691331,-53,40,15
1742100201.004133,-11,18,17
1742100201.039133,76,30,-44
1742100201.075133,24,64,-92
1742100201.111133,-65,-33,7
1742100201.1461332,-39,-25,27
1742100201.1821332,-19,27,-128
1742100201.217133,34,-18,-28
1742100201.2521331,44,68,-144
1742100201.287133,26,-29,-50
1742100201.323133,-43,2,-64
1742100201.359133,-31,40,-178
1742100201.394133,-7,-31,-16
1742100201.430133,22,52,69
1742100201.4651332,72,72,-40
1742100201.500133,-3,-45,-62
1742100201.5351331,40,-27,-102
1742100201.5711331,2,16,37
1742100201.6071332,6,-37,-72
1742100201.642133,50,-1,-22
1742100201.678133,-85,-37,-170
1742100201.713133,-23,4,-40
1742100201.7481332,32,-31,19
1742100201.783133,-69,-105,-257
1742100201.819133,4,-5,-13
1742100201.855133,4,-79,-93
1742100201.8901331,12,8,-117
1742100201.9261332,24,38,-101
1742100201.961133,6,-1,40
1742100201.996133,14,96,-39
1742100202.0311332,-93,24,-69
1742100202.0671332,60,32,20
1742100202.1031332,64,94,-81
1742100202.138133,34,5,2
1742100202.174133,14,-38,-91
1742100202.2091331,-17,86,-41
1742100202.244133,22,-68,-95
1742100202.279133,38,-15,-33
1742100202.315133,26,-33,-7
1742100202.351133,70,4,-153
1742100202.3861332,68,-107,20
1742100202.422133,68,0,-5
1742100202.457133,-59,12,-55
1742100202.4921331,-39,90,0
1742100202.527133,-39,-29,-57
1742100202.563133,84,-3,-29
1742100202.599133,44,-7,44
1742100202.634133,56,2,-111
1742100202.670133,36,-1,-13
1742100202.7051332,-11,22,-25
1742100202.740133,4,0,-71
1742100202.7751331,-59,-9,-67
1742100202.8111331,28,24,-93
1742100202.8471332,58,16,-154
1742100202.882133,10,52,3
1742100202.918133,60,14,10
1742100202.953133,24,50,-111
1742100202.9881332,62,-11,-35
1742100203.023133,-5,-11,-157
1742100203.059133,38,72,-65
1742100203.095133,-39,22,-61
1742100203.1301332,-15,-3,-81
1742100203.1661332,44,-97,-103
1742100203.201133,48,47,-53
1742100203.236133,56,7,-49
1742100203.2711332,70,-3,-81
1742100203.3071332,34,-63,-65
1742100203.343133,28,48,4
1742100203.378133,66,-73,-95
1742100203.414133,-31,112,-207
1742100203.4491332,-3,-45,-73
1742100203.484133,88,-59,-93
1742100203.519133,10,22,-29
1742100203.555133,-25,-25,-33
1742100203.591133,-5,-17,-99
1742100203.626133,0,14,-85
1742100203.662133,78,20,-59
1742100203.697133,-23,44,-21
1742100203.7321332,-43,42,-41
1742100203.767133,54,-97,-55
1742100203.803133,74,28,-49
1742100203.839133,-31,-17,28
1742100203.874133,-27,14,-17
1742100203.9101331,62,2,-25
1742100203.945133,-19,-61,86
1742100203.980133,-15,-65,-15
1742100204.0151331,52,-33,-53
1742100204.0511332,-65,-41,-101
1742100204.0871332,-81,-5,-161
1742100204.122133,-3,-69,-111
1742100204.158133,-27,7,10
1742100204.193133,-1,-1,-121
1742100204.2281332,-7,44,-29
1742100204.263133,26,-21,-51
1742100204.299133,-37,-31,-23
1742100204.335133,24,64,-19
1742100204.3701332,-95,-41,-43
1742100204.4061332,22,16,-119
1742100204.441133,36,-1,-75
1742100204.476133,-15,38,-27
1742100204.5111332,16,8,34
1742100204.547133,2,30,30
1742100204.583133,-15,-17,-151
1742100204.618133,-7,34,-3
1742100204.654133,36,-13,70
1742100204.6891332,-43,50,-53
1742100204.724133,-25,0,-139
1742100204.760133,24,20,-47
1742100204.795133,50,64,-67
1742100204.8311331,-31,-31,-71
1742100204.866133,52,0,-55
1742100204.902133,-25,10,-183
1742100204.937133,-23,22,-3
1742100204.9721332,16,-23,-21
1742100205.0081332,92,-9,-31
1742100205.043133,-71,-17,-37
1742100205.079133,-52,-43,-117
1742100205.1141331,122,-5,7
1742100205.1501331,-1,-37,-25
1742100205.185133,-29,36,-107
1742100205.220133,-81,24,-4
1742100205.256133,22,34,-134
1742100205.2911332,46,46,25
1742100205.3271332,-41,0,-34
1742100205.362133,16,-11,-32
1742100205.398133,-33,20,-6
1742100205.4331331,36,-29,-60
1742100205.468133,8,26,-48
1742100205.504133,-23,50,-42
1742100205.539133,-11,-91,-154
1742100205.575133,30,-67,-48
1742100205.6101332,0,-59,-130
1742100205.6461332,8,-11,55
1742100205.681133,64,12,29
1742100205.716133,-29,-21,-180
1742100205.7521331,-35,32,-108
1742100205.787133,18,-47,-158
1742100205.823133,58,-17,-16
1742100205.858133,-1,2,-82
1742100205.894133,-39,42,-28
1742100205.9291332,44,16,-36
1742100205.964133,-47,-41,11
1742100206.000133,36,-79,-54
1742100206.0351331,-59,18,-30
1742100206.0711331,22,18,-40
1742100206.106133,-25,-27,-24
1742100206.142133,86,58,69
1742100206.177133,10,-19,-172
1742100206.2121332,-73,56,-74
1742100206.2481332,-37,26,27
1742100206.283133,-57,-59,-194
1742100206.319133,8,-3,-176
1742100206.3541331,74,2,-130
1742100206.3901331,28,-43,-94
1742100206.425133,16,36,-116
1742100206.460133,96,-47,-6
1742100206.496133,28,-65,7
1742100206.5311332,47,4,-22
1742100206.5671332,-25,6,-38
1742100206.602133,58,10,-20
1742100206.638133,17,-41,15
1742100206.6731331,49,-21,-102
1742100206.708133,-68,-1,-52
1742100206.744133,7,22,-76
1742100206.779133,19,70,-38
1742100206.815133,-49,46,-76
1742100206.8501332,-23,-15,27
1742100206.8861332,-29,-15,-142
1742100206.921133,-75,28,-106
1742100206.9561331,20,-49,-18
1742100206.9921331,78,-31,-16
1742100207.027133,20,40,-116
1742100207.063133,46,10,-54
1742100207.098133,-21,24,-80
1742100207.134133,34,-67,59
1742100207.170133,-91,10,-116
1742100207.2051332,82,-3,-140
1742100207.240133,-78,42,-12
1742100207.276133,5,-52,-12
1742100207.312133,-26,25,-154
1742100207.3471332,-38,-71,-104
1742100207.3831332,-2,-13,-48
1742100207.418133,2,46,-174
1742100207.453133,-12,-39,35
1742100207.4881332,71,-95,65
1742100207.524133,-50,42,47
1742100207.560133,13,-1,59
1742100207.595133,-56,-31,7
1742100207.631133,37,2,-38
1742100207.6661332,-54,-35,-18
1742100207.701133,19,-25,-84
1742100207.744133,-16,-49,-96
1742100207.780133,85,-7,-48
1742100207.816133,5,34,-178
1742100207.851133,47,66,-110
1742100207.8871331,51,-19,-115
1742100207.922133,0,32,-113
1742100207.957133,57,-81,-51
1742100207.9921331,49,62,-151
1742100208.0281332,53,8,-1
1742100208.0641332,35,26,-85
1742100208.099133,23,38,-111
1742100208.135133,-24,12,122
1742100208.170133,35,50,-95
1742100208.2051332,35,-21,-17
1742100208.240133,91,32,60
1742100208.276133,25,28,-69
1742100208.312133,53,10,-93
1742100208.3471332,27,30,0
1742100208.3831332,15,-33,52
1742100208.418133,69,28,-17
1742100208.453133,-8,-61,-109
1742100208.4881332,71,84,-77
1742100208.524133,-92,-21,-63
1742100208.560133,-104,-11,34
1742100208.595133,-10,-41,-141
1742100208.631133,23,-73,5
1742100208.6661332,41,-45,-50
1742100208.701133,-20,-5,-30
1742100208.736133,29,46,-87
1742100208.772133,5,88,100
1742100208.8081331,-10,-77,2
1742100208.843133,7,60,14
1742100208.879133,-35,50,39
1742100208.914133,4,-1,-168
1742100208.9491332,68,48,-2
1742100208.984133,-76,-29,-11
1742100209.020133,-72,78,-36
1742100209.056133,8,56,-88
1742100209.091133,-49,54,-43
1742100209.1271331,43,-33,54
1742100209.162133,63,12,-31
1742100209.197133,-16,-15,26
1742100209.2321332,42,70,-165
1742100209.2681332,-61,50,96
1742100209.3041332,52,38,-27
1742100209.339133,65,24,-89
1742100209.375133,11,30,14
1742100209.4101331,-94,58,-3
1742100209.445133,61,-41,-25
1742100209.480133,59,-19,-34
1742100209.516133,-60,-13,-30
1742100209.552133,59,-5,17
1742100209.5871332,-6,-49,23
1742100209.6231332,-52,22,-12
1742100209.658133,-34,-21,-118
1742100209.693133,65,-19,-78
1742100209.7281332,27,-59,-36
1742100209.764133,49,58,-76
1742100209.800133,-26,-79,67
1742100209.835133,65,-71,-38
1742100209.871133,7,-5,-100
1742100209.9061332,9,-19,-234
1742100209.941133,61,2,62
1742100209.976133,42,-1,38
1742100210.0121331,24,28,-59
1742100210.0481331,-67,-5,28
1742100210.083133,22,48,-57
1742100210.119133,26,50,-209
1742100210.154133,24,-17,-175
1742100210.1891332,12,28,6
1742100210.224133,74,22,4
1742100210.260133,34,22,-131
1742100210.296133,10,-39,44
1742100210.3311331,8,-45,-109
1742100210.3671331,-19,32,-69
1742100210.402133,-13,-31,-121
1742100210.437133,32,10,12
1742100210.4721332,-39,16,-55
1742100210.5081332,48,42,-7
1742100210.5441332,-41,18,12
1742100210.579133,52,-25,90
1742100210.615133,-3,-61,-103
1742100210.6501331,-23,32,-37
1742100210.685133,-23,34,-39
1742100210.720133,8,-19,-47
1742100210.756133,4,-37,-87
1742100210.792133,-15,-115,-131
1742100210.8271332,32,-57,-89
1742100210.8631332,84,11,-133
1742100210.898133,-24,48,-53
1742100210.9331331,22,-32,-27
1742100210.968133,-31,-63,-27
1742100211.004133,-15,-17,-107
1742100211.040133,48,42,-5
1742100211.075133,32,-21,-73
1742100211.111133,-9,112,-185
1742100211.1461332,56,70,-43
1742100211.181133,-39,-11,-21
1742100211.217133,2,4,-7
1742100211.2521331,30,-81,-31
1742100211.2881331,-97,-85,92
1742100211.323133,-93,-17,-17
1742100211.359133,-13,-39,-5
1742100211.394133,-47,-27,-81
1742100211.4291332,-19,40,-51
1742100211.4651332,52,60,-33
1742100211.500133,2,-59,-129
1742100211.536133,22,-59,-57
1742100211.5711331,20,36,-49
1742100211.6071332,-47,-21,50
1742100211.642133,-3,-35,-71
1742100211.677133,4,16,-129
1742100211.713133,2,-35,-63
1742100211.7481332,-13,14,-73
1742100211.7841332,24,38,-89
1742100211.819133,76,80,42
1742100211.855133,58,-7,-129
1742100211.8901331,-15,64,-31
1742100211.925133,-61,6,-43
1742100211.961133,-15,-13,-23
1742100211.996133,54,-91,-53
1742100212.032133,94,36,-143
1742100212.0671332,62,34,-59
1742100212.1031332,-17,-23,-67
1742100212.138133,-39,-7,-75
1742100212.1731331,0,44,-87
1742100212.2091331,-31,0,-105
1742100212.244133,66,-35,-143
1742100212.280133,-69,-45,-21
1742100212.315133,22,12,-73
1742100212.351133,111,14,-63
1742100212.3861332,-34,56,38
1742100212.421133,-24,-3,36
1742100212.457133,-37,0,-71
1742100212.4921331,-7,-29,-111
1742100212.5281332,-3,132,-113
1742100212.563133,-21,-19,-27
1742100212.599133,84,-29,-23
1742100212.634133,129,26,-63
1742100212.6691332,7,-25,106
1742100212.7051332,-26,104,-85
1742100212.740133,62,38,58
1742100212.776133,-16,34,10
1742100212.8111331,-5,-33,-121
1742100212.8471332,-6,-41,-59
1742100212.882133,58,-1,-121
1742100212.917133,10,-25,-101
1742100212.953133,-25,-23,-129
1742100212.9881332,11,0,-45
1742100213.024133,-80,-15,-17
1742100213.059133,-65,8,56
1742100213.095133,0,98,-81
1742100213.1301332,59,-91,22
1742100213.165133,20,-31,-13
1742100213.201133,-39,14,26
1742100213.236133,-5,-47,-123
1742100213.272133,4,-51,-37
1742100213.3071332,6,2,-57
1742100213.343133,60,8,-105
1742100213.378133,52,52,-103
1742100213.4131331,12,-41,-35
1742100213.4491332,-75,82,36
1742100213.484133,-21,-5,-135
1742100213.520133,-1,-107,-169
1742100213.555133,20,30,-67
1742100213.591133,24,-1,58
1742100213.6271331,-25,-31,10
1742100213.662133,-63,-15,-145
1742100213.697133,66,52,-43
1742100213.733133,64,74,-193
1742100213.769133,24,10,-11
1742100213.8041332,-13,0,-24
1742100213.8401332,64,10,-58
1742100213.875133,18,-77,-50
1742100213.9101331,12,32,-82
1742100213.945133,-5,-37,49
1742100213.981133,-39,66,-110
1742100214.017133,-63,38,-76
1742100214.052133,8,8,51
1742100214.088133,12,0,-36
1742100214.1231332,36,-1,-74
1742100214.158133,88,0,-26
1742100214.193133,-19,20,19
1742100214.2291331,30,-57,0
1742100214.2651331,46,-7,-58
1742100214.300133,14,-39,43
1742100214.336133,2,58,-72
1742100214.371133,56,78,-180
1742100214.4061332,-1,2,-60
1742100214.441133,39,20,-36
1742100214.477133,-12,-21,-108
1742100214.513133,7,38,-62
1742100214.5481331,55,-3,51
1742100214.5841331,-32,-61,-128
1742100214.619133,-2,-15,-26
1742100214.654133,-4,36,-82
1742100214.6891332,37,18,-94
1742100214.7251332,47,-3,-100
1742100214.7611332,47,-61,-96
1742100214.796133,25,27,-80
1742100214.832133,25,-9,-24
1742100214.8671331,19,-63,-6
1742100214.902133,63,-65,-104
1742100214.937133,7,-15,-18
1742100214.973133,-44,12,-38
1742100215.009133,117,50,-36
1742100215.0441332,30,-13,-148
1742100215.0801332,-20,-29,-138
1742100215.115133,41,-31,69
1742100215.1501331,9,24,0
1742100215.185133,13,4,-140
1742100215.221133,-14,52,-132
1742100215.257133,31,91,-80
1742100215.292133,33,3,-104
1742100215.328133,91,-50,-44
1742100215.3631332,10,25,-114
1742100215.398133,-5,13,1
1742100215.4331331,-85,43,-52
1742100215.4691331,20,-20,-42
1742100215.5051332,52,17,-74
1742100215.540133,14,17,-10
1742100215.576133,-13,-90,-198
1742100215.611133,10,-30,-208
1742100215.6461332,32,-88,-80
1742100215.681133,17,1,-4
1742100215.717133,-16,-30,67
1742100215.753133,-33,-34,0
1742100215.7881331,72,37,-102
1742100215.8241332,-15,43,-118
1742100215.859133,16,27,-52
1742100215.894133,-77,-58,-272
1742100215.9291332,36,-56,-74
1742100215.9651332,-37,-20,-20
1742100216.001133,-41,0,-116
1742100216.036133,76,43,-150
1742100216.072133,28,-64,-92
1742100216.1071332,-3,-2,13
1742100216.142133,-19,-6,-40
1742100216.177133,8,-4,-84
1742100216.213133,-53,35,21
1742100216.249133,16,-34,-92
1742100216.2841332,44,1,9
1742100216.320133,14,5,-64
1742100216.355133,-61,43,-30
1742100216.3901331,-27,-2,-40
1742100216.425133,38,3,-134
1742100216.461133,-43,-30,-60
1742100216.497133,-5,17,71
1742100216.532133,-11,-52,-6
1742100216.568133,-41,-22,-108
1742100216.6031332,14,-8,-82
1742100216.638133,-55,-58,3
1742100216.6731331,20,-2,57
1742100216.7091331,92,21,-10
1742100216.7451332,-25,-24,-82
1742100216.780133,62,-80,-72
1742100216.816133,-9,35,-22
1742100216.851133,-57,-6,9
1742100216.8861332,-43,59,-16
1742100216.921133,8,-4,-84
1742100216.957133,-17,71,-84
1742100216.993133,-63,71,-164
1742100217.0281332,-5,-72,49
1742100217.0641332,58,-84,-76
1742100217.099133,20,-55,-120
1742100217.134133,-49,-58,-96
1742100217.1691332,24,26,1
1742100217.2051332,36,73,-126
1742100217.241133,-13,-43,-72
1742100217.276133,84,-39,-170
1742100217.312133,50,-21,-6
1742100217.3471332,4,-1,-86
1742100217.382133,34,-15,-24
1742100217.417133,16,-7,41
1742100217.453133,4,-31,71
1742100217.4891331,18,56,-10
1742100217.524133,-33,8,-111
1742100217.560133,-47,10,-97
1742100217.595133,-39,72,-109
1742100217.6301332,-49,-59,-69
1742100217.6661332,-41,-59,34
1742100217.701133,2,0,-11
1742100217.737133,84,-35,-33
1742100217.779133,-5,-35,42
1742100217.816133,-49,27,-25
1742100217.851133,2,-56,-111
1742100217.8861332,20,15,-3
1742100217.922133,-47,-62,-97
1742100217.957133,44,9,-29
1742100217.993133,28,23,0
1742100218.0281332,36,47,-81
1742100218.0641332,-7,47,-139
1742100218.099133,-39,-40,-89
1742100218.134133,-11,-16,26
1742100218.170133,-71,8,-149
1742100218.2051332,12,10,-79
1742100218.241133,72,-29,-79
1742100218.276133,26,-19,-49
1742100218.312133,16,32,34
1742100218.3471332,46,22,-15
1742100218.382133,-21,-21,-95
1742100218.418133,-15,-35,-25
1742100218.453133,6,-57,22
1742100218.4891331,-51,-5,-65
1742100218.524133,-41,-11,-31
1742100218.560133,-17,-19,-81
1742100218.595133,-65,-29,-79
1742100218.6301332,-59,0,0
1742100218.6661332,40,40,-37
1742100218.701133,2,-15,-77
1742100218.737133,76,-40,18
1742100218.772133,36,0,-103
1742100218.8081331,-11,31,-95
1742100218.843133,8,111,-83
1742100218.878133,-25,45,-157
1742100218.914133,-49,0,36
1742100218.9491332,-37,63,-89
1742100218.9851332,62,-30,-105
1742100219.020133,-53,39,-25
1742100219.056133,-87,19,-147
1742100219.091133,16,88,-57
1742100219.126133,4,-40,-151
1742100219.162133,100,19,-133
1742100219.197133,14,-14,34
1742100219.233133,82,-38,-41
1742100219.2681332,12,13,-147
1742100219.3041332,8,-60,6
1742100219.339133,-1,-6,-59
1742100219.374133,-45,-20,-85
1742100219.4101331,-25,33,28
1742100219.445133,92,29,-53
1742100219.481133,28,-34,-47
1742100219.516133,62,77,-45
1742100219.552133,-25,-8,-45
1742100219.5871332,44,-22,19
1742100219.622133,12,-72,-8
1742100219.658133,-9,-46,-12
1742100219.693133,25,47,-50
1742100219.7291331,1,-14,-20
1742100219.764133,28,25,-16
1742100219.800133,46,-46,-68
1742100219.835133,-9,41,-130
1742100219.8701332,-64,-46,-64
1742100219.9061332,10,-28,-94
1742100219.941133,-61,35,-62
1742100219.977133,-81,-4,-50
1742100220.0121331,-81,-20,-18
1742100220.0481331,34,11,25
1742100220.0841331,30,-30,57
1742100220.119133,-77,0,39
1742100220.154133,-33,35,-52
1742100220.190133,32,-52,-76
1742100220.226133,-5,13,-130
1742100220.2611332,62,19,5
1742100220.297133,10,-132,-40
1742100220.332133,22,1,-98
1742100220.3671331,30,37,-50
1742100220.402133,-25,15,-84
1742100220.438133,-37,65,-128
1742100220.474133,26,63,-16
1742100220.509133,-81,31,45
1742100220.545133,28,-12,-22
1742100220.5801332,-25,59,93
1742100220.615133,-2,-82,-8
1742100220.6501331,19,27,5
1742100220.6861331,-40,69,-188
1742100220.7221332,-16,27,-26
1742100220.757133,75,33,-94
1742100220.793133,61,-36,-146
1742100220.828133,-26,-10,-18
1742100220.8631332,-40,3,-64
1742100220.898133,-40,73,-122
1742100220.934133,-8,0,-48
1742100220.970133,47,25,-40
1742100221.0051332,149,45,-58
1742100221.0411332,-64,-100,-142
1742100221.076133,49,-54,-30
1742100221.111133,29,33,83
1742100221.1461332,19,-44,-22
1742100221.1821332,-54,19,-80
1742100221.218133,-16,5,-24
1742100221.253133,23,11,-166
1742100221.289133,0,-40,-80
1742100221.3241332,-32,-14,-8
1742100221.359133,23,-70,-76
1742100221.394133,15,3,17
1742100221.430133,-12,-10,91
1742100221.466133,8,81,-21
1742100221.501133,52,28,-51
1742100221.537133,-31,14,-169
1742100221.572133,-37,50,-83
1742100221.6071332,-33,10,10
1742100221.642133,44,-15,-45
1742100221.678133,-7,52,-59
1742100221.714133,-17,6,-67
1742100221.749133,-23,8,30
1742100221.7851331,14,-73,-55
1742100221.820133,62,14,-129
1742100221.855133,-17,8,-55
1742100221.8901331,22,24,-1
1742100221.9261332,-27,-89,22
1742100221.9621332,8,14,36
1742100221.997133,-29,-15,74
1742100222.033133,16,-21,-59
1742100222.068133,8,12,-141
1742100222.1031332,58,-23,-177
1742100222.138133,28,2,-145
1742100222.174133,-81,-19,-51
1742100222.210133,32,0,-79
1742100222.2451332,22,-29,-131
1742100222.2811332,14,-7,-151
1742100222.316133,-55,-65,-31
1742100222.351133,10,-7,-147
1742100222.3861332,46,-61,-17
1742100222.422133,-97,2,-149
1742100222.458133,48,-66,-97
1742100222.493133,44,13,-89
1742100222.529133,32,44,-127
1742100222.5641332,36,0,-13
1742100222.599133,62,38,-15
1742100222.634133,94,14,-33
1742100222.670133,46,-31,-39
1742100222.7061331,-47,4,78
1742100222.741133,-23,-41,-29
1742100222.777133,94,-85,-89
1742100222.812133,12,-15,8
1742100222.8471332,24,14,-123
1742100222.882133,16,-35,-67
1742100222.918133,8,6,27
1742100222.954133,-37,-61,-48
1742100222.9891331,54,46,25
1742100223.0251331,28,-21,-82
1742100223.060133,12,6,-102
1742100223.095133,20,-21,-54
1742100223.1301332,24,0,99
1742100223.1661332,-7,30,31
1742100223.2021332,28,118,-20
1742100223.237133,60,38,-4
1742100223.273133,42,-75,-94
1742100223.3081331,-11,6,-94
1742100223.343133,-27,32,-28
1742100223.378133,50,-81,-22
1742100223.414133,-23,-17,13
1742100223.450133,-33,46,-158
1742100223.4851332,-5,-5,3
1742100223.5211332,22,4,-148
1742100223.556133,54,52,-10
1742100223.591133,-19,-33,-18
1742100223.626133,-25,-67,39
1742100223.662133,-37,-61,-142
1742100223.698133,-19,28,-64
1742100223.733133,16,-27,-40
1742100223.769133,48,-49,-74
1742100223.8041332,52,-45,-108
1742100223.839133,-13,-13,-18
1742100223.875133,24,6,-12
1742100223.9101331,4,-69,-36
1742100223.9461331,-67,22,-84
1742100223.981133,-71,-17,-42
1742100224.017133,-63,10,-24
1742100224.052133,38,-63,-36
1742100224.0871332,6,100,-76
1742100224.1231332,-23,-37,17
1742100224.158133,6,12,57
1742100224.194133,-65,-57,7
1742100224.2291331,12,62,-84
1742100224.2651331,-33,-39,-20
1742100224.300133,-27,40,-114
1742100224.335133,-75,-39,-148
1742100224.371133,38,-29,-80
1742100224.4061332,62,42,-36
1742100224.4421332,18,8,-28
1742100224.477133,-33,-13,-68
1742100224.513133,-81,-3,23
1742100224.5481331,66,-3,25
1742100224.583133,-59,18,-92
1742100224.619133,-51,-19,-64
1742100224.654133,10,0,83
1742100224.690133,64,-31,73
1742100224.7251332,-9,8,-58
1742100224.7611332,-25,26,-174
1742100224.796133,-37,2,-74
1742100224.8311331,-9,4,57
1742100224.8671331,-85,44,-138
1742100224.902133,-7,14,1
1742100224.938133,-39,-13,-44
1742100224.973133,22,52,-102
1742100225.009133,-5,58,-160
1742100225.0441332,-85,-1,-48
1742100225.079133,38,-47,31
1742100225.115133,-43,-23,67
1742100225.1501331,-3,-17,-54
1742100225.1861331,42,4,-70
1742100225.221133,-39,-31,-2
1742100225.257133,-9,16,-66
1742100225.292133,-47,14,-14
1742100225.3271332,-17,-113,23
1742100225.3631332,18,-47,-102
1742100225.398133,24,26,-58
1742100225.434133,-57,72,-46
1742100225.4691331,2,0,-40
1742100225.5051332,94,104,-68
1742100225.540133,-35,-59,-40
1742100225.575133,44,11,-111
1742100225.611133,44,25,-136
1742100225.6461332,-1,4,-6
1742100225.6821332,-5,-51,-26
1742100225.717133,-47,-24,-34
1742100225.753133,-59,-7,9
1742100225.7881331,-67,4,-90
1742100225.823133,-17,-11,-72
1742100225.859133,-13,16,-96
1742100225.894133,18,-21,-34
1742100225.930133,-29,11,-62
1742100225.9651332,-1,21,25
1742100226.001133,10,-11,-62
1742100226.036133,32,64,34
1742100226.0711331,-63,89,49
1742100226.1071332,-29,33,-76
1742100226.142133,-49,-117,-156
1742100226.178133,92,8,31
1742100226.213133,-33,46,-122
1742100226.249133,-75,-15,51
1742100226.2841332,-7,-23,-46
1742100226.319133,61,124,-54
1742100226.355133,-117,-5,-42
1742100226.3901331,26,2,-56
1742100226.4261332,4,90,-40
1742100226.461133,126,-69,-10
1742100226.496133,-3,76,-20
1742100226.5311332,24,72,27
1742100226.5671332,51,-17,-120
1742100226.6031332,-36,0,-28
1742100226.638133,3,14,-130
1742100226.674133,-24,40,-208
1742100226.7091331,87,-75,-46
1742100226.744133,45,-39,-12
1742100226.779133,11,4,-108
1742100226.815133,-12,-21,37
1742100226.851133,-18,-7,-40
1742100226.8861332,-78,16,-34
1742100226.922133,9,-17,-100
1742100226.957133,47,42,-26
1742100226.9921331,35,-13,-158
1742100227.027133,73,-3,21
1742100227.063133,79,28,-40
1742100227.099133,37,16,9
1742100227.134133,3,50,-64
1742100227.170133,-32,-49,5
1742100227.2051332,45,54,-64
1742100227.240133,-4,-103,-10
1742100227.2751331,-20,44,-66
1742100227.3111331,-44,26,-14
1742100227.3471332,-2,-115,-30
1742100227.382133,49,36,-88
1742100227.418133,55,-15,-32
1742100227.453133,-24,38,0
1742100227.4881332,-2,52,-26
1742100227.523133,23,62,-50
1742100227.559133,-22,-49,-30
1742100227.595133,29,96,-72
1742100227.6301332,5,-5,-52
1742100227.6661332,67,-51,-20
1742100227.701133,21,24,-120
1742100227.736133,1,-25,-34
1742100227.7711332,-32,-61,-100
1742100227.813133,19,-81,46
1742100227.8501332,7,-21,-73
1742100227.885133,-28,32,-209
1742100227.920133,-8,-35,20
1742100227.9551332,23,32,-21
1742100227.991133,31,-29,-29
1742100228.027133,39,30,-111
1742100228.062133,67,36,-67
1742100228.098133,37,32,-181
1742100228.1331332,-20,56,-127
1742100228.168133,35,52,-63
1742100228.203133,-34,44,-27
1742100228.2391331,61,-51,-147
1742100228.2751331,23,-5,30
1742100228.310133,-96,8,-17
1742100228.346133,-16,-29,-61
1742100228.381133,47,-35,-249
1742100228.4161332,47,12,-95
1742100228.451133,-6,24,46
1742100228.487133,17,53,96
1742100228.523133,-50,-8,-59
1742100228.5581331,-30,59,-1
1742100228.5941331,21,2,-45
1742100228.629133,-16,-63,-193
1742100228.664133,-116,-41,-89
1742100228.6991332,-22,94,-17
1742100228.7351332,-14,-41,-49
1742100228.7711332,17,6,-27
1742100228.806133,23,10,8
1742100228.842133,-96,-51,-51
1742100228.8771331,-18,58,-111
1742100228.912133,39,-53,-1
1742100228.947133,3,-28,54
1742100228.983133,31,5,-49
1742100229.019133,23,-13,-141
1742100229.0541332,53,4,-25
1742100229.0901332,9,12,-99
1742100229.125133,0,24,-5
1742100229.1601331,-70,-31,10
1742100229.195133,69,12,-57
1742100229.231133,-52,-40,132
1742100229.267133,-110,-7,-23
1742100229.302133,-24,50,-51
1742100229.338133,-68,29,-179
1742100229.3731332,-6,18,-107
1742100229.408133,73,32,-55
1742100229.443133,47,-38,-9
1742100229.4791331,-8,-39,-145
1742100229.5151331,-54,0,-33
1742100229.550133,-48,38,-117
1742100229.586133,23,-15,-77
1742100229.621133,33,2,-107
1742100229.6561332,-4,0,88
1742100229.691133,5,58,-161
1742100229.727133,45,-33,0
1742100229.763133,-78,-13,-137
1742100229.7981331,31,5,-27
1742100229.8341331,7,57,50
1742100229.869133,41,33,-93
1742100229.904133,43,-72,-65
1742100229.9391332,45,29,-11
1742100229.9751332,39,-14,-51
1742100230.0111332,5,-2,-67
1742100230.046133,-46,-56,-85
1742100230.082133,55,9,-135
1742100230.1171331,-54,0,-117
1742100230.152133,45,63,-113
1742100230.187133,-16,-5,-15
1742100230.223133,-1,-33,98
1742100230.259133,-47,24,8
1742100230.2941332,-10,40,-19
1742100230.3301332,15,22,-71
1742100230.365133,-40,22,-1
1742100230.4001331,13,-15,-111
1742100230.435133,3,-21,-25
1742100230.471133,-86,-45,22
1742100230.507133,-10,28,-38
1742100230.542133,3,50,-90
1742100230.578133,51,32,-10
1742100230.6131332,0,26,15
1742100230.648133,42,68,-38
1742100230.684133,42,16,-80
1742100230.7191331,-29,-53,-128
1742100230.7551332,4,42,-72
1742100230.790133,34,-63,-46
1742100230.826133,-83,-71,-118
1742100230.861133,56,-29,-64
1742100230.8961332,-71,2,3
1742100230.9321332,-12,-5,-110
1742100230.967133,49,-43,51
1742100231.003133,38,-17,-196
1742100231.0381331,66,20,-2
1742100231.0741332,32,6,27
1742100231.109133,26,24,-38
1742100231.144133,30,-35,-120
1742100231.180133,28,38,-36
1742100231.2151332,-1,-35,-182
1742100231.251133,-31,-1,-126
1742100231.286133,52,-3,-82
1742100231.322133,-67,-76,17
1742100231.3571332,-57,-12,-148
1742100231.392133,114,69,59
1742100231.428133,-23,23,-144
1742100231.463133,42,-72,-74
1742100231.499133,-7,27,-72
1742100231.5341332,70,9,-88
1742100231.570133,-35,8,-102
1742100231.605133,20,20,-86
1742100231.6401331,76,-6,-46
1742100231.6761332,56,25,-86
1742100231.711133,30,-48,-62
1742100231.747133,-51,29,-32
1742100231.782133,12,-12,5
1742100231.818133,90,19,-84
1742100231.8531332,-51,-12,-10
1742100231.888133,54,-34,-132
1742100231.924133,-14,31,51
1742100231.9591331,-67,-22,-96
1742100231.9951332,-23,17,33
1742100232.030133,10,-32,-156
1742100232.066133,30,9,-94
1742100232.101133,0,25,-134
1742100232.1361332,46,-6,-108
1742100232.172133,-13,7,-224
1742100232.207133,-49,9,-42
1742100232.243133,-11,59,-54
1742100232.2781332,-15,-6,47
1742100232.3141332,-45,11,-38
1742100232.349133,-37,-9,-38
1742100232.384133,12,16,-58
1742100232.420133,18,84,11
1742100232.4551332,-13,-31,-70
1742100232.491133,17,-19,-4
1742100232.526133,-12,6,-14
1742100232.562133,-46,-33,-16
1742100232.5971332,0,-69,-82
1742100232.632133,-34,-51,-116
1742100232.668133,-60,-11,-2
1742100232.703133,43,16,-40
1742100232.7391331,-40,-13,-116
1742100232.774133,57,28,-58
1742100232.810133,6,-41,-8
1742100232.846133,12,94,-186
1742100232.882133,27,10,63
1742100232.918133,-68,-47,45
1742100232.953133,55,-19,73
1742100232.9881332,12,10,-70
1742100233.024133,-26,84,-28
1742100233.060133,29,-51,-58
1742100233.095133,-38,-31,-58
1742100233.131133,-40,62,-178
1742100233.1661332,35,14,-14
1742100233.201133,-52,42,105
1742100233.236133,-26,-3,16
1742100233.272133,-43,50,-75
1742100233.3081331,83,24,-113
1742100233.343133,-36,56,-149
1742100233.379133,42,-17,-155
1742100233.414133,16,-49,-39
1742100233.4491332,10,68,-51
1742100233.484133,84,54,-79
1742100233.520133,38,-13,-67
1742100233.556133,20,44,-47
1742100233.591133,56,-15,-53
1742100233.6271331,16,18,2
1742100233.662133,-15,32,-17
1742100233.697133,-77,-21,-45
1742100233.7321332,-33,8,-93
1742100233.7681332,-1,6,-43
1742100233.8041332,34,-71,-135
1742100233.839133,152,40,-39
1742100233.875133,24,40,6
1742100233.9101331,54,74,-107
1742100233.945133,64,28,-103
1742100233.980133,-17,-65,-159
1742100234.016133,60,-3,-171
1742100234.052133,68,-9,-59
1742100234.0871332,-1,24,-117
1742100234.1231332,4,8,-71
1742100234.158133,46,-25,-69
1742100234.193133,-79,-33,-129
1742100234.2281332,-35,46,-145
1742100234.264133,32,-63,-117
1742100234.300133,-59,6,0
1742100234.335133,-7,-67,-17
1742100234.371133,52,16,96
1742100234.4061332,-17,70,-43
1742100234.441133,-47,-43,-75
1742100234.476133,18,34,-103
1742100234.5121331,20,4,-109
1742100234.5481331,40,0,-41
1742100234.583133,34,58,20
1742100234.619133,-5,-17,-29
1742100234.654133,44,16,-109
1742100234.6891332,-35,-43,-73
1742100234.724133,32,12,-97
1742100234.760133,36,22,-53
1742100234.796133,-35,65,-73
1742100234.8311331,48,-8,10
1742100234.8671331,-45,-14,2
1742100234.902133,58,-52,-95
1742100234.937133,10,37,48
1742100234.9721332,12,-8,-65
1742100235.0081332,68,-23,24
1742100235.0441332,-5,-43,-89
1742100235.079133,4,-17,-81
1742100235.115133,18,-29,-95
1742100235.1501331,40,-57,-81
1742100235.185133,-17,-35,-59
1742100235.220133,-15,-21,82
1742100235.256133,-67,-77,-143
1742100235.292133,12,-51,-143
1742100235.3271332,-35,-29,20
1742100235.3631332,58,10,-219
1742100235.398133,22,-9,-53
1742100235.4331331,8,-13,-45
1742100235.468133,22,-19,-77
1742100235.504133,-43,-23,-83
1742100235.540133,-29,110,-81
1742100235.575133,122,-21,34
1742100235.611133,-91,80,-3
1742100235.6461332,4,-29,-161
1742100235.681133,-25,36,-11
1742100235.716133,-66,-73,-117
1742100235.7521331,64,30,-103
1742100235.7881331,-9,2,-49
1742100235.823133,-39,-67,-53
1742100235.859133,42,-25,-30
1742100235.894133,-7,74,11
1742100235.9291332,2,-9,-38
1742100235.964133,-9,46,-26
1742100236.000133,-61,4,-128
1742100236.036133,8,34,-76
1742100236.0711331,28,46,93
1742100236.1071332,10,-71,-158
1742100236.142133,6,-55,-16
1742100236.177133,-35,-35,-14
1742100236.2121332,32,28,-36
1742100236.2481332,-61,-57,-90
1742100236.2841332,74,22,-72
1742100236.319133,18,-43,-86
1742100236.355133,-47,55,-54
1742100236.3901331,-23,-10,-78
1742100236.425133,48,-64,-34
1742100236.460133,0,-5,-78
1742100236.496133,4,-15,-166
1742100236.532133,-21,-17,-12
1742100236.5671332,-21,18,-114
1742100236.6031332,72,48,-54
1742100236.638133,8,56,-32
1742100236.6731331,-7,78,-62
1742100236.708133,-14,-37,-64
1742100236.744133,-14,74,-38
1742100236.780133,-56,24,-36
1742100236.815133,-13,-27,67
1742100236.851133,1,10,99
1742100236.8861332,5,-19,-24
1742100236.921133,25,-15,-74
1742100236.957133,68,-11,-78
1742100236.9921331,25,56,23
1742100237.0281332,30,-13,-180
1742100237.063133,-35,-49,-24
1742100237.099133,2,-21,-122
1742100237.134133,-47,34,-58
1742100237.1691332,62,-27,-126
1742100237.2051332,-7,0,-48
1742100237.240133,-71,24,69
1742100237.276133,67,-25,-112
1742100237.3111331,24,22,-50
1742100237.3471332,-50,-53,-110
1742100237.382133,48,50,-118
1742100237.417133,-61,26,-78
1742100237.453133,-17,-31,-10
1742100237.4881332,14,-71,1
1742100237.524133,44,-65,71
1742100237.559133,-37,0,-62
1742100237.595133,-103,-35,-80
1742100237.6301332,34,-31,-8
1742100237.665133,-23,-23,-48
1742100237.701133,22,32,-46
1742100237.736133,-29,16,-74
1742100237.772133,-29,-51,11
1742100237.8141332,-91,38,3
1742100237.851133,-115,38,-60
1742100237.8861332,32,90,-98
1742100237.921133,18,-27,-150
1742100237.957133,-37,-13,-86
1742100237.9921331,-27,8,-32
1742100238.0281332,-7,70,17
1742100238.063133,-45,-73,-20
1742100238.099133,56,-35,-96
1742100238.134133,46,-51,99
1742100238.1691332,22,82,-32
1742100238.2051332,-55,12,29
1742100238.240133,-1,-33,-136
1742100238.276133,-115,-45,-16
1742100238.3111331,6,-15,23
1742100238.3471332,101,14,-98
1742100238.382133,-92,12,131
1742100238.417133,89,-19,-112
1742100238.453133,47,-49,-104
1742100238.4881332,-17,-3,-108
1742100238.524133,-60,26,-43
1742100238.559133,41,12,-47
1742100238.595133,16,70,-77
1742100238.6301332,-33,-23,-15
1742100238.665133,-11,44,-151
1742100238.701133,-1,-37,-51
1742100238.736133,10,-35,-83
1742100238.772133,-23,56,44
1742100238.8071332,80,-69,-143
1742100238.843133,22,58,-135
1742100238.878133,-35,-31,-165
1742100238.9131331,72,-35,-155
1742100238.9491332,-27,-25,-37
1742100238.984133,4,6,-235
1742100239.020133,16,116,-55
1742100239.055133,-47,18,-43
1742100239.0901332,-59,74,34
1742100239.125133,16,-39,24
1742100239.161133,50,18,28
1742100239.197133,30,16,6
1742100239.2321332,-5,30,10
1742100239.2681332,8,8,0
1742100239.303133,64,11,-77
1742100239.338133,-21,-31,-143
1742100239.3731332,6,-19,-63
1742100239.4091332,-88,35,-121
1742100239.445133,59,85,-57
1742100239.480133,0,8,4
1742100239.516133,3,-8,-63
1742100239.5511332,-50,9,-31
1742100239.586133,15,-4,-183
1742100239.621133,9,5,-35
1742100239.657133,-46,-44,-105
1742100239.693133,7,-96,-65
1742100239.7281332,27,39,2
1742100239.764133,19,-10,-13
1742100239.799133,93,39,-39
1742100239.8341331,-10,15,-157
1742100239.869133,14,-22,0
1742100239.905133,-46,97,-179
1742100239.941133,71,45,-149
1742100239.976133,-70,-36,-143
1742100240.0121331,19,29,-165
1742100240.047133,-10,79,-165
1742100240.082133,-22,-24,-109
1742100240.1171331,77,-86,-227
1742100240.1531332,-20,19,-11
1742100240.1891332,69,-2,-9
1742100240.224133,37,21,-75
1742100240.260133,-34,-6,-99
1742100240.295133,-36,-24,-61
1742100240.3301332,-46,71,-109
1742100240.365133,-10,-2,-57
1742100240.401133,49,1,-85
1742100240.437133,21,0,48
1742100240.4721332,-64,-14,-67
1742100240.5081332,-24,-24,48
1742100240.543133,15,-24,-119
1742100240.578133,-14,49,-145
1742100240.6131332,-92,-52,-105
1742100240.649133,53,21,24
1742100240.685133,2,-48,-5
1742100240.720133,-3,55,-49
1742100240.756133,40,-26,-51
1742100240.7911332,-63,63,-31
1742100240.826133,48,-8,18
1742100240.861133,25,61,-125
1742100240.897133,46,87,10
1742100240.9331331,85,41,-25
1742100240.968133,-38,-38,-7
1742100241.004133,-42,-68,-76
1742100241.039133,-18,85,-56
1742100241.0741332,-60,87,-162
1742100241.109133,21,73,-102
1742100241.145133,35,33,-82
1742100241.181133,-22,3,-64
1742100241.216133,-10,9,-132
1742100241.2521331,-52,41,-112
1742100241.287133,25,11,-76
1742100241.322133,3,21,-62
1742100241.3571332,9,-68,45
1742100241.3931332,-72,73,1
1742100241.4291332,15,-14,-152
1742100241.464133,-28,7,-22
1742100241.500133,45,12,73
1742100241.5351331,99,82,-62
1742100241.570133,41,46,-110
1742100241.605133,-18,-33,-64
1742100241.641133,11,45,-80
1742100241.677133,-48,-26,-44
1742100241.7121332,-74,-32,-96
1742100241.7481332,-48,-11,-26
1742100241.783133,-66,18,-72
1742100241.818133,-50,-49,-10
1742100241.8531332,0,47,-106
1742100241.889133,43,-30,-132
1742100241.925133,73,79,17
1742100241.960133,-4,43,7
1742100241.996133,-6,-52,-2
1742100242.0311332,-36,-32,7
1742100242.066133,-30,23,-58
1742100242.101133,-6,-10,-144
1742100242.1371331,-54,-40,45
1742100242.1731331,-41,19,-68
1742100242.208133,-39,-34,127
1742100242.244133,-15,1,-2
1742100242.279133,-59,11,-100
1742100242.3141332,-28,-76,21
1742100242.349133,-83,13,-34
1742100242.385133,9,-26,-108
1742100242.421133,-94,15,-32
1742100242.4561331,-107,-14,25
1742100242.4921331,-15,11,-14
1742100242.527133,-5,-12,-114
1742100242.562133,37,5,-2
1742100242.5971332,-43,-34,-114
1742100242.6331332,-65,-46,-116
1742100242.6691332,-27,73,-106
1742100242.704133,-11,3,-38
1742100242.740133,-5,13,-2
1742100242.7751331,46,-2,-100
1742100242.810133,-23,45,-34
1742100242.845133,-1,30,-20
1742100242.881133,-3,-29,7
1742100242.917133,40,-29,61
1742100242.9521332,38,-1,-106
1742100242.9881332,-27,-23,-12
1742100243.023133,-43,42,-56
1742100243.0581331,77,-43,35
1742100243.093133,-6,14,-122
1742100243.129133,-20,-11,-10
1742100243.165133,5,38,21
1742100243.200133,13,22,1
1742100243.236133,-130,44,-122
1742100243.2711332,29,34,-80
1742100243.306133,-66,-59,-116
1742100243.342133,-24,-31,-82
1742100243.3771331,5,-25,-44
1742100243.4131331,-4,-71,-72
1742100243.448133,25,-51,-94
1742100243.484133,49,22,-130
1742100243.519133,21,-51,-62
1742100243.5541332,17,34,-54
1742100243.5901332,-64,-37,71
1742100243.625133,33,-22,-72
1742100243.661133,-64,-4,-54
1742100243.6961331,23,-70,17
1742100243.7321332,-36,-28,-60
1742100243.767133,-52,151,-68
1742100243.802133,-48,-12,-16
1742100243.838133,7,99,-88
1742100243.8731332,-30,5,-24
1742100243.9091332,37,-50,-156
1742100243.944133,17,-6,5
1742100243.980133,55,5,17
1742100244.0151331,-76,7,-38
1742100244.050133,-19,1,-130
1742100244.086133,40,-14,-8
1742100244.121133,-43,-16,5
1742100244.157133,-45,0,-166
1742100244.1921332,80,41,-108
1742100244.2281332,112,25,-44
1742100244.263133,34,23,-22
1742100244.2981331,34,-4,3
1742100244.3341331,12,17,-62
1742100244.369133,14,-16,-84
1742100244.405133,42,-22,-16
1742100244.440133,-31,-54,-68
1742100244.476133,-23,-18,-90
1742100244.5111332,-83,0,-76
1742100244.546133,-39,-16,-70
1742100244.582133,-7,-24,3
1742100244.6171331,-69,11,-46
1742100244.6531332,74,9,7
1742100244.688133,32,-4,15
1742100244.724133,18,-14,-62
1742100244.759133,-17,-36,-91
1742100244.7941332,-27,-80,-63
1742100244.8301332,50,-4,68
1742100244.865133,24,15,44
1742100244.901133,32,23,-111
1742100244.9361331,42,-46,-109
1742100244.9721332,-59,-14,-91
1742100245.007133,124,33,-11
1742100245.042133,-13,25,-67
1742100245.078133,40,22,-5
1742100245.1131332,20,0,-81
1742100245.149133,-43,-30,-89
1742100245.184133,-17,-15,-121
1742100245.220133,-7,-35,-65
1742100245.2551332,54,16,-65
1742100245.290133,16,17,56
1742100245.326133,-43,-32,-81
1742100245.361133,-5,-20,14
1742100245.397133,-51,-4,-79
1742100245.4321332,60,-4,6
1742100245.468133,92,60,-141
1742100245.503133,-33,-43,-71
1742100245.5381331,-63,-19,62
1742100245.5741332,8,68,6
1742100245.609133,34,-11,-71
1742100245.645133,-37,2,-47
1742100245.680133,56,-67,22
1742100245.7151332,-27,-43,-65
1742100245.750133,-29,-3,-75
1742100245.786133,4,-33,-125
1742100245.822133,112,-19,14
1742100245.8571332,42,-79,-59
1742100245.8931332,72,0,0
1742100245.928133,44,36,-67
1742100245.963133,14,54,-169
1742100245.9981332,-3,-8,-95
1742100246.0341332,48,-14,-27
1742100246.070133,12,-2,-167
1742100246.105133,-17,-22,-127
1742100246.141133,28,-3,-33
1742100246.1761332,-9,2,-47
1742100246.211133,-5,-25,-71
1742100246.246133,-67,48,30
1742100246.282133,-27,6,-43
1742100246.318133,-9,44,-145
1742100246.3531332,0,-15,-87
1742100246.389133,10,12,-141
1742100246.424133,-29,-25,-73
1742100246.4591331,-27,28,-5
1742100246.494133,-21,16,-42
1742100246.530133,46,-65,-7
1742100246.566133,22,-61,-70
1742100246.601133,-19,32,-37
1742100246.6371331,-9,-3,-51
1742100246.672133,-41,48,-71
1742100246.707133,-17,-49,-113
1742100246.7421331,40,92,-171
1742100246.7781332,-81,-45,16
1742100246.8141332,-33,32,-129
1742100246.849133,-53,50,180
1742100246.885133,26,18,-93
1742100246.920133,-75,14,78
1742100246.9551332,8,-39,-47
1742100246.990133,54,66,-159
1742100247.026133,46,20,-65
1742100247.062133,44,-43,-83
1742100247.0971332,16,-11,-41
1742100247.1331332,-91,-27,-51
1742100247.168133,-119,-39,-87
1742100247.203133,-49,-15,-165
1742100247.2381332,18,-29,0
1742100247.274133,-19,-39,10
1742100247.310133,44,44,68
1742100247.345133,24,-3,-95
1742100247.381133,32,18,-173
1742100247.4161332,-1,34,0
1742100247.451133,-53,-9,4
1742100247.486133,-15,-23,-153
1742100247.522133,0,30,-167
1742100247.5581331,-45,-65,-19
1742100247.593133,10,72,60
1742100247.629133,-41,34,-97
1742100247.664133,68,-37,-63
1742100247.6991332,-53,-67,-143
1742100247.734133,-3,-29,-63
1742100247.770133,-35,14,-123
1742100247.806133,0,-17,-11
1742100247.848133,56,5,-117
1742100247.885133,44,-63,-45
1742100247.920133,-51,32,-63
1742100247.9551332,16,30,-61
1742100247.990133,-21,48,-43
1742100248.026133,-57,23,-118
1742100248.062133,-55,61,-80
1742100248.0971332,-63,10,-48
1742100248.1331332,66,108,-114
1742100248.168133,-43,-61,-54
1742100248.203133,12,-27,-42
1742100248.2381332,-29,62,13
1742100248.274133,8,-43,77
1742100248.310133,24,-3,-108
1742100248.345133,-3,28,-12
1742100248.381133,-71,-27,-70
1742100248.4161332,34,84,-178
1742100248.451133,-47,-23,49
1742100248.486133,20,10,9
1742100248.522133,-3,4,-26
1742100248.5581331,-2,54,-54
1742100248.593133,23,16,-70
1742100248.629133,-9,-19,-24
1742100248.664133,3,6,-2
1742100248.6991332,-41,4,-88
1742100248.734133,14,-19,-70
1742100248.770133,46,0,-86
1742100248.806133,90,6,-50
1742100248.841133,-13,-27,-160
1742100248.8771331,12,-31,-122
1742100248.912133,-39,-7,-60
1742100248.947133,-3,-21,-4
1742100248.9821332,60,58,-16
1742100249.0181332,28,48,27
1742100249.0541332,-41,24,21
1742100249.089133,-25,-31,-140
1742100249.125133,-3,10,-84
1742100249.1601331,0,54,9
1742100249.195133,-63,-3,-100
1742100249.230133,-101,-27,-90
1742100249.266133,4,34,-70
1742100249.302133,-21,26,-172
1742100249.3371332,-97,20,-56
1742100249.3731332,70,20,-70
1742100249.408133,32,-9,-68
1742100249.443133,-63,2,-66
1742100249.4781332,-9,10,-30
1742100249.514133,-81,-47,23
1742100249.550133,-21,-77,-14
1742100249.585133,22,44,-60
1742100249.621133,26,4,11
1742100249.6561332,-11,11,-36
1742100249.691133,-19,-14,-54
1742100249.727133,-23,-35,-16
1742100249.7621331,-21,-35,75
1742100249.7981331,14,-69,47
1742100249.833133,2,12,15
1742100249.869133,58,60,3
1742100249.904133,24,-5,-4
1742100249.9391332,36,62,-154
1742100249.9751332,10,-11,-132
1742100250.010133,50,-45,-20
1742100250.046133,32,-13,75
1742100250.0811331,-5,26,-88
1742100250.1171331,114,-51,-164
1742100250.152133,24,46,59
1742100250.187133,42,66,-68
1742100250.223133,76,-61,-58
1742100250.2581332,54,6,-122
1742100250.2941332,46,40,19
1742100250.329133,90,-25,-52
1742100250.365133,0,22,-26
1742100250.4001331,-61,-53,-52
1742100250.435133,-43,114,-78
1742100250.471133,10,44,-44
1742100250.506133,76,-9,0
1742100250.542133,-1,24,-26
1742100250.5771332,-147,18,37
1742100250.6131332,-9,-39,-92
1742100250.648133,30,-17,-220
1742100250.6831331,26,20,-40
1742100250.7191331,-63,-7,31
1742100250.754133,84,-125,-30
1742100250.790133,2,46,7
1742100250.825133,34,-1,-84
1742100250.861133,-19,4,-28
1742100250.8961332,-65,12,-66
1742100250.931133,-15,-1,-138
1742100250.967133,-9,-75,-112
1742100251.0021331,36,-31,1
1742100251.0381331,-23,0,-22
1742100251.073133,-21,-33,-72
1742100251.109133,24,-7,125
1742100251.144133,44,22,61
1742100251.1791332,26,36,-16
1742100251.2151332,-21,-49,47
1742100251.250133,8,-39,0
1742100251.286133,38,0,-94
1742100251.3211331,-17,-31,-96
1742100251.3571332,-27,32,-32
1742100251.392133,74,-37,-38
1742100251.427133,12,22,-130
1742100251.463133,-7,26,-118
1742100251.4981332,68,12,-22
1742100251.5341332,-39,-11,-46
1742100251.569133,32,-67,47
1742100251.605133,-41,-103,-50
1742100251.6401331,-103,-23,8
1742100251.675133,76,-3,-85
1742100251.711133,-43,6,-75
1742100251.746133,52,-17,-81
1742100251.782133,30,-1,-55
1742100251.8171332,-13,-43,-11
1742100251.8531332,-29,32,-33
1742100251.888133,77,-39,34
1742100251.9231331,-3,14,-67
1742100251.9591331,6,-27,-15
1742100251.994133,37,-13,-61
1742100252.030133,65,32,-233
1742100252.065133,-29,-3,110
1742100252.101133,-59,20,4
1742100252.1371331,14,-41,-43
1742100252.172133,-21,-5,-45
1742100252.207133,-27,-3,-203
1742100252.243133,40,32,-17
1742100252.279133,-19,2,0
1742100252.3141332,106,-13,-85
1742100252.3501332,26,32,-95
1742100252.385133,36,86,18
1742100252.420133,-11,76,-55
1742100252.4551332,26,60,-93
1742100252.491133,-33,50,-79
1742100252.527133,64,4,-87
1742100252.562133,12,-77,-105
1742100252.598133,46,-91,-183
1742100252.6331332,-27,-83,44
1742100252.668133,-31,36,-141
1742100252.703133,38,46,-153
1742100252.7391331,10,-5,-49
1742100252.7751331,52,54,-107
1742100252.810133,20,68,-76
1742100252.846133,-49,-33,-100
1742100252.881133,30,20,-96
1742100252.9161332,-41,-19,-28
1742100252.951133,-69,-59,-22
1742100252.987133,14,-39,121
1742100253.023133,-29,-5,27
1742100253.0581331,-11,-17,-244
1742100253.0941331,-83,-69,-130
1742100253.129133,88,-19,-140
1742100253.164133,54,-11,-70
1742100253.1991332,14,-55,-98
1742100253.2351332,6,-11,-40
1742100253.2711332,62,10,-160
1742100253.306133,86,-35,-24
1742100253.342133,26,0,-230
1742100253.3771331,-13,10,-108
1742100253.412133,2,-7,-88
1742100253.447133,-65,14,-174
1742100253.483133,0,-75,-18
1742100253.519133,-57,42,-60
1742100253.5541332,82,-21,-2
1742100253.5901332,-19,48,61
1742100253.625133,14,18,91
1742100253.6601331,140,-25,-60
1742100253.695133,-63,48,-60
1742100253.731133,-25,16,-112
1742100253.767133,-9,10,-88
1742100253.802133,32,-31,-58
1742100253.838133,-71,-7,-78
1742100253.8731332,-44,54,-22
1742100253.908133,-38,44,-144
1742100253.943133,54,-54,-12
1742100253.9791331,44,-45,75
1742100254.0151331,-45,-103,-250
1742100254.050133,-17,14,-34
1742100254.086133,24,-19,-54
1742100254.121133,-35,-55,-48
1742100254.1561332,-35,-11,-26
1742100254.191133,-7,14,-15
1742100254.227133,102,28,98
1742100254.263133,52,32,17
1742100254.2981331,40,14,-94
1742100254.3341331,-39,-1,-30
1742100254.369133,-43,40,-78
1742100254.404133,-115,36,-118
1742100254.4391332,-69,16,7
1742100254.4751332,30,-27,-72
1742100254.5111332,-37,16,23
1742100254.546133,-63,-19,-96
1742100254.582133,4,2,-110
1742100254.6171331,-89,18,-14
1742100254.652133,10,14,16
1742100254.687133,6,32,-27
1742100254.723133,62,42,-21
1742100254.759133,6,26,-73
1742100254.7941332,12,-29,-127
1742100254.8301332,-39,12,-155
1742100254.865133,70,14,-77
1742100254.9001331,-63,0,-79
1742100254.935133,-71,46,-41
1742100254.971133,70,16,-105
1742100255.007133,-43,-37,-55
1742100255.042133,2,-3,22
1742100255.078133,20,-45,18
1742100255.1131332,20,8,-5
1742100255.148133,52,-13,-71
1742100255.1831331,-21,30,12
1742100255.2191331,-13,-11,-17
1742100255.2551332,42,18,-109
1742100255.290133,-45,34,62
1742100255.326133,18,12,-67
1742100255.361133,-9,-31,0
1742100255.3961332,12,53,-55
1742100255.431133,28,43,-51
1742100255.467133,126,25,0
1742100255.503133,-25,-50,-67
1742100255.5381331,24,17,-71
1742100255.5741332,8,-6,-61
1742100255.609133,70,3,62
1742100255.644133,36,-8,-67
1742100255.6791332,-21,-72,-111
1742100255.7151332,4,65,-139
1742100255.751133,-28,-84,-79
1742100255.786133,-41,-41,-131
1742100255.822133,22,-27,-81
1742100255.8571332,18,-19,38
1742100255.892133,-19,52,-115
1742100255.927133,18,-47,-115
1742100255.963133,44,30,-143
1742100255.999133,26,-45,-93
1742100256.0341332,42,62,-107
1742100256.070133,80,-43,-33
1742100256.105133,76,-13,56
1742100256.1401331,26,58,-39
1742100256.1761332,10,64,-1
1742100256.211133,22,-73,18
1742100256.247133,-43,4,-49
1742100256.282133,12,8,10
1742100256.318133,6,12,-31
1742100256.3531332,-39,26,62
1742100256.388133,30,-7,16
1742100256.424133,88,-61,-109
1742100256.4591331,-67,-19,-15
1742100256.4951332,32,0,-25
1742100256.530133,52,-13,98
1742100256.566133,62,-46,-69
1742100256.601133,-15,-8,-31
1742100256.6361332,46,-6,36
1742100256.672133,-25,29,-39
1742100256.707133,2,29,-175
1742100256.743133,0,9,0
1742100256.7781332,14,5,34
1742100256.8141332,-33,68,-41
1742100256.849133,-39,18,24
1742100256.884133,-39,30,38
1742100256.920133,-17,60,-53
1742100256.9551332,-5,68,-35
1742100256.991133,14,-13,-55
1742100257.026133,2,28,-53
1742100257.062133,8,58,-35
1742100257.0971332,36,-47,-29
1742100257.132133,-43,-55,108
1742100257.168133,-16,-29,-61
1742100257.203133,-39,-41,-53
1742100257.2391331,-81,-11,64
1742100257.274133,34,18,-107
1742100257.310133,-62,70,-75
1742100257.345133,1,22,42
1742100257.3801332,-60,18,-55
1742100257.4161332,70,-19,-65
1742100257.451133,58,-61,-25
1742100257.487133,17,-31,26
1742100257.522133,28,-13,-157
1742100257.5581331,58,-73,-83
1742100257.593133,-13,72,-215
1742100257.628133,-7,20,-105
1742100257.664133,-1,-132,-33
1742100257.6991332,106,6,-11
1742100257.7351332,8,9,-51
1742100257.770133,-1,0,-95
1742100257.806133,-31,35,-13
1742100257.841133,50,-14,-125
1742100257.8831332,-37,-12,6
1742100257.920133,-13,-41,-115
1742100257.9551332,8,-32,-113
1742100257.991133,-19,33,-51
1742100258.026133,-3,42,16
1742100258.062133,46,-81,-95
1742100258.0971332,-101,60,-147
1742100258.132133,-31,-37,32
1742100258.168133,-89,-61,-49
1742100258.203133,8,-47,9
1742100258.2391331,-53,-19,33
1742100258.274133,8,22,-90
1742100258.310133,22,-37,-61
1742100258.345133,22,-45,-16
1742100258.3801332,-41,24,-115
1742100258.4161332,46,-63,-117
1742100258.451133,40,-29,-63
1742100258.487133,26,4,-105
1742100258.522133,2,-25,-1
1742100258.5581331,20,-83,-21
1742100258.593133,-5,36,-67
1742100258.628133,54,46,-51
1742100258.664133,12,6,-16
1742100258.6991332,34,-45,-142
1742100258.7351332,-23,-43,-92
1742100258.770133,18,-65,35
1742100258.805133,10,-1,-240
1742100258.8401332,48,-13,37
1742100258.876133,8,18,33
1742100258.912133,-15,20,-20
1742100258.947133,124,34,29
1742100258.983133,28,4,-4
1742100259.0181332,-39,-37,-66
1742100259.053133,-47,52,-94
1742100259.088133,16,-71,-82
1742100259.124133,-27,26,-20
1742100259.1601331,-33,68,0
1742100259.195133,-27,70,116
1742100259.231133,84,-11,-177
1742100259.266133,6,-33,-79
1742100259.3011332,27,24,-14
1742100259.336133,57,58,-100
1742100259.372133,33,34,-40
1742100259.408133,1,8,-100
1742100259.443133,-30,-81,-40
1742100259.4791331,-74,54,-76
1742100259.514133,-62,-27,-82
1742100259.549133,35,-39,-30
1742100259.5841331,7,30,57
1742100259.6201332,21,-17,-124
1742100259.6561332,-62,-11,-34
1742100259.691133,-10,14,-138
1742100259.727133,-18,-49,47
1742100259.7621331,99,2,-16
1742100259.797133,-2,84,-198
1742100259.832133,-18,-53,-94
1742100259.868133,5,-7,-32
1742100259.904133,25,-75,-92
1742100259.9391332,21,18,-68
1742100259.9751332,-56,10,21
1742100260.010133,83,-18,-78
1742100260.045133,7,-4,-52
1742100260.0801332,125,13,-146
1742100260.116133,49,-54,-40
1742100260.152133,71,-52,-172
1742100260.187133,49,-34,-98
1742100260.223133,25,-60,-30
1742100260.2581332,41,7,-70
1742100260.293133,3,3,0
1742100260.328133,-22,13,-14
1742100260.3641331,-30,7,-158
1742100260.4001331,-56,85,-114
1742100260.435133,69,-2,-82
1742100260.471133,-6,17,-14
1742100260.506133,17,-10,-234
1742100260.5411332,-28,17,0
1742100260.576133,-82,-28,-8
1742100260.612133,-44,11,-110
1742100260.648133,-2,-24,-26
1742100260.6831331,55,23,-82
1742100260.7191331,-15,71,-50
1742100260.754133,54,-38,-32
1742100260.789133,82,-67,-76
1742100260.8241332,-9,-51,-126
1742100260.8601332,26,-11,5
1742100260.8961332,32,-28,-96
1742100260.931133,-23,-48,-126
1742100260.967133,22,-20,-40
1742100261.0021331,-45,-53,-90
1742100261.037133,-81,-31,-106
1742100261.072133,98,-134,-48
1742100261.108133,12,11,-16
1742100261.144133,-20,-64,-150
1742100261.1791332,73,15,-94
1742100261.2151332,25,-36,5
1742100261.250133,15,-46,45
1742100261.2851331,-28,-6,-210
1742100261.320133,-101,5,89
1742100261.356133,68,9,-136
1742100261.392133,-5,-52,-66
1742100261.427133,-91,23,-44
1742100261.463133,-51,-10,43
1742100261.4981332,-13,-4,-50
1742100261.533133,-1,19,-78
1742100261.568133,-37,-106,-104
1742100261.6041331,-17,101,-8
1742100261.6401331,-3,5,-76
1742100261.675133,6,-42,-70
1742100261.711133,58,37,-154
1742100261.746133,-59,-40,-52
1742100261.7811332,-11,-52,41
1742100261.816133,-21,-78,31
1742100261.852133,128,29,-92
1742100261.888133,-1,9,-63
1742100261.9231331,-123,35,-131
1742100261.9591331,58,39,-173
1742100261.994133,70,39,-81
1742100262.029133,34,29,-79
1742100262.0641332,92,-42,-73
1742100262.1001332,22,-54,-23
1742100262.1361332,-25,-34,2
1742100262.171133,-39,49,-125
1742100262.207133,-13,0,-171
1742100262.2421331,-29,-46,-39
1742100262.277133,-63,1,-5
1742100262.312133,-53,47,56
1742100262.348133,-13,-7,-9
1742100262.384133,16,3,18
1742100262.4191332,4,21,32
1742100262.4551332,38,-19,-141
1742100262.490133,10,4,6
1742100262.5251331,-37,58,-71
1742100262.560133,2,-35,-79
1742100262.596133,4,24,-83
1742100262.632133,-31,12,-45
1742100262.667133,-8,-55,-109
1742100262.703133,40,80,-161
1742100262.7381332,48,-45,-55
1742100262.773133,-27,110,34
1742100262.809133,-73,-7,-149
1742100262.8441331,-1,30,-45
1742100262.8801332,-65,-15,-91
1742100262.915133,52,-5,-91
1742100262.951133,52,8,-55
1742100262.986133,34,11,-93
1742100263.0211332,-51,17,-29
1742100263.0571332,62,28,-101
1742100263.092133,-7,-89,-99
1742100263.128133,44,69,-55
1742100263.1631331,42,-41,-49
1742100263.1991332,44,26,40
1742100263.234133,30,-33,-37
1742100263.269133,-41,-7,-161
1742100263.305133,-1,-14,-25
1742100263.3401332,6,-26,-13
1742100263.376133,-47,-46,-45
1742100263.411133,0,9,-75
1742100263.447133,48,-26,-27
1742100263.4821332,-89,25,-43
1742100263.517133,-69,-20,-33
1742100263.553133,-17,-42,-95
1742100263.588133,36,31,-43
1742100263.624133,28,-18,10
1742100263.6591332,60,40,-19
1742100263.695133,80,-27,6
1742100263.730133,46,32,-193
1742100263.7651331,-71,-64,-81
1742100263.8011332,-13,-77,-67
1742100263.836133,-5,25,-107
1742100263.872133,-17,-6,-59
1742100263.907133,28,55,-21
1742100263.943133,2,73,-63
1742100263.9781332,44,-4,-165
1742100264.013133,-51,13,-171
1742100264.049133,52,-82,-71
1742100264.0841331,-25,1,-127
1742100264.1201332,10,15,-7
1742100264.155133,-19,-38,-47
1742100264.191133,34,-79,-67
1742100264.226133,74,-31,-163
1742100264.2611332,-43,0,-95
1742100264.297133,0,15,-127
1742100264.332133,116,-12,-138
1742100264.368133,-7,-66,-59
1742100264.4031332,-65,-8,-88
1742100264.4391332,28,-80,-128
1742100264.474133,-41,-12,-11
1742100264.509133,-3,-54,-8
1742100264.545133,150,5,-150
1742100264.5801332,-33,13,-28
1742100264.616133,10,51,-84
1742100264.651133,-41,-18,13
1742100264.687133,46,-4,-26
1742100264.7221332,10,15,-68
1742100264.757133,8,-30,-60
1742100264.793133,22,-10,67
1742100264.828133,-25,33,-25
1742100264.8641331,72,-76,-44
1742100264.899133,-17,-32,-44
1742100264.935133,-83,-20,-78
1742100264.971133,-31,17,9
1742100265.007133,-29,27,29
1742100265.043133,-85,-22,-46
1742100265.078133,-23,-58,-108
1742100265.1131332,18,-34,-88
1742100265.149133,52,1,-132
1742100265.185133,-3,5,-106
1742100265.220133,80,7,-112
1742100265.256133,14,31,-24
1742100265.2911332,-13,65,-136
1742100265.326133,-83,25,37
1742100265.361133,-47,7,-100
1742100265.397133,26,105,-126
1742100265.4331331,30,-80,-16
1742100265.468133,-41,11,-52
1742100265.504133,60,-20,45
1742100265.539133,14,-48,-106
1742100265.5741332,70,-3,-58
1742100265.609133,14,29,-48
1742100265.645133,-45,0,-144
1742100265.681133,-17,33,-150
1742100265.716133,-57,-16,-70
1742100265.7521331,32,23,7
1742100265.787133,16,-16,-146
1742100265.822133,6,23,-164
1742100265.8571332,20,-65,-6
1742100265.8931332,-11,-7,-130
1742100265.9291332,-45,-33,3
1742100265.964133,0,20,61
1742100266.000133,-3,-3,41
1742100266.0351331,28,24,-120
1742100266.070133,-31,-37,-108
1742100266.105133,22,-103,-54
1742100266.141133,34,-23,-62
1742100266.177133,30,14,-26
1742100266.2121332,6,18,-34
1742100266.2481332,100,30,-48
1742100266.283133,58,18,-80
1742100266.318133,44,-55,27
1742100266.3531332,92,-45,-34
1742100266.389133,-45,12,-48
1742100266.425133,98,12,-46
1742100266.460133,-9,28,67
1742100266.496133,-25,48,-200
1742100266.5311332,-5,-43,-66
1742100266.566133,-41,23,-14
1742100266.601133,10,82,-118
1742100266.6371331,-11,-59,13
1742100266.6731331,40,-87,-10
1742100266.708133,-53,-43,-34
1742100266.744133,72,12,-166
1742100266.779133,-65,-55,-184
1742100266.8141332,20,12,-68
1742100266.849133,0,52,-150
1742100266.885133,-25,14,-12
1742100266.921133,-63,-77,-62
1742100266.9561331,-51,-37,-132
1742100266.9921331,-17,-9,-52
1742100267.027133,54,52,-18
1742100267.062133,6,-75,-76
1742100267.0971332,-37,12,-130
1742100267.1331332,5,32,-52
1742100267.1691332,2,14,-92
1742100267.204133,24,-5,-16
1742100267.240133,-13,98,-126
1742100267.2751331,28,-11,-78
1742100267.310133,-17,-31,-110
1742100267.345133,94,-29,-36
1742100267.381133,64,28,-104
1742100267.417133,-13,80,-16
1742100267.4521332,18,-16,19
1742100267.4881332,-5,-52,-74
1742100267.523133,-31,-1,77
1742100267.5581331,6,62,33
1742100267.593133,68,-45,-120
1742100267.629133,30,13,-76
1742100267.665133,-23,21,-92
1742100267.700133,-25,4,-98
1742100267.736133,-49,-65,-8
1742100267.7711332,-15,22,-68
1742100267.806133,34,54,-18
1742100267.841133,-93,-5,67
1742100267.8771331,34,22,-52
1742100267.920133,70,-12,-76
1742100267.9561331,16,21,57
1742100267.9921331,10,11,-122
1742100268.027133,56,26,-32
1742100268.062133,-23,10,-112
1742100268.0971332,-29,-25,43
1742100268.1331332,-7,-5,-98
1742100268.1691332,-31,42,69
1742100268.204133,70,4,-56
1742100268.240133,-87,-24,-46
1742100268.2751331,28,24,-114
1742100268.310133,10,-25,17
1742100268.345133,-37,22,3
1742100268.381133,18,-1,-20
1742100268.417133,-54,-19,-20
1742100268.4521332,37,14,-54
1742100268.4881332,-20,-5,-52
1742100268.523133,-2,-103,3
1742100268.5581331,17,40,13
1742100268.593133,-138,6,-162
1742100268.629133,79,-35,-8
1742100268.665133,13,-59,21
1742100268.700133,21,2,-96
1742100268.736133,-4,102,-54
1742100268.7711332,-38,-25,-28
1742100268.806133,5,-31,-94
1742100268.841133,51,30,-88
1742100268.8771331,7,68,-162
1742100268.9131331,-54,6,-76
1742100268.948133,49,34,-18
1742100268.984133,45,-5,61
1742100269.019133,28,2,-96
1742100269.0541332,71,-9,-28
1742100269.0901332,2,22,-58
1742100269.125133,-47,-39,-8
1742100269.161133,-87,-21,-70
1742100269.1961331,-35,-23,-48
1742100269.2321332,0,40,-40
1742100269.267133,13,-25,-30
1742100269.302133,5,-35,-101
1742100269.338133,23,10,-48
1742100269.3731332,-18,-61,-48
1742100269.4091332,15,44,116
1742100269.444133,-20,-1,-133
1742100269.480133,-24,-47,-65
1742100269.5151331,43,-29,-19
1742100269.550133,17,12,-57
1742100269.586133,-12,24,-45
1742100269.621133,-57,-55,-41
1742100269.657133,42,-7,-55
1742100269.6921332,-69,-67,-25
1742100269.7281332,28,-25,-145
1742100269.763133,-5,10,30
1742100269.7981331,52,-25,-125
1742100269.8341331,127,64,-145
1742100269.869133,-6,-13,-5
1742100269.905133,63,-17,-85
1742100269.940133,0,18,-73
1742100269.976133,-96,50,-131
1742100270.0111332,49,-11,-15
1742100270.046133,-2,18,-73
1742100270.082133,-24,72,-111
1742100270.1171331,3,24,48
1742100270.1531332,-10,4,-23
1742100270.188133,71,4,-83
1742100270.224133,-14,0,-1
1742100270.259133,-28,6,-37
1742100270.2941332,-60,56,14
1742100270.3301332,-48,-7,36
1742100270.365133,83,2,-13
1742100270.401133,51,-41,-243
1742100270.437133,65,24,-53
1742100270.473133,79,70,-91
1742100270.5081332,41,18,22
1742100270.5441332,25,-39,78
1742100270.579133,-54,-69,46
1742100270.6141331,-16,16,-141
1742100270.6501331,-28,12,-75
1742100270.685133,69,52,40
1742100270.721133,-6,-19,-19
1742100270.756133,-28,-61,-11
1742100270.792133,21,-51,-75
1742100270.8271332,-52,-27,42
1742100270.862133,-18,-15,-99
1742100270.898133,-12,-63,-61
1742100270.9331331,-18,-51,-29
1742100270.9691331,-54,41,-5
1742100271.004133,-18,8,-91
1742100271.040133,29,14,-27
1742100271.075133,-28,-32,-17
1742100271.1101332,27,-17,-85
1742100271.1461332,-14,48,-67
1742100271.181133,-12,-17,-120
1742100271.217133,-102,86,-10
1742100271.2521331,-28,42,1
1742100271.2881331,1,42,-31
1742100271.3241332,-36,53,-99
1742100271.359133,53,-6,-65
1742100271.394133,-78,-50,24
1742100271.430133,-44,-44,-97
1742100271.466133,-64,16,120
1742100271.501133,23,0,-3
1742100271.537133,111,12,-81
1742100271.572133,5,-79,-108
1742100271.6071332,131,28,-81
1742100271.642133,-70,8,-40
1742100271.678133,5,-17,33
1742100271.714133,-6,-61,-80
1742100271.749133,7,-21,-64
1742100271.7851331,47,18,-88
1742100271.820133,-36,-67,-74
1742100271.855133,11,-51,-44
1742100271.8901331,43,-33,-12
1742100271.9261332,21,-63,-90
1742100271.9621332,-74,14,-44
1742100271.997133,47,-25,-48
1742100272.033133,-24,2,-50
1742100272.068133,-44,-9,-132
1742100272.1031332,-18,64,-48
1742100272.138133,-56,22,29
1742100272.174133,-27,-1,69
1742100272.210133,-45,16,-142
1742100272.2451332,-29,18,-108
1742100272.2811332,-5,48,-80
1742100272.316133,-60,-23,47
1742100272.351133,3,38,-66
1742100272.3861332,-15,-29,-126
1742100272.422133,-28,-105,-80
1742100272.458133,-7,-5,-50
1742100272.493133,-1,62,-36
1742100272.529133,14,-93,-52
1742100272.5641332,-49,-67,-74
1742100272.599133,2,28,-110
1742100272.634133,66,-21,-4
1742100272.670133,-43,40,-4
1742100272.7061331,38,10,3
1742100272.741133,-81,22,-108
1742100272.777133,102,-7,-88
1742100272.812133,26,-13,-18
1742100272.8471332,44,4,-28
1742100272.882133,-55,-13,-22
1742100272.918133,-31,2,-20
1742100272.954133,42,-23,-46
1742100272.9891331,-11,-45,-22
1742100273.0251331,32,10,-14
1742100273.060133,-23,46,-8
1742100273.095133,-15,24,57
1742100273.1301332,62,52,77
1742100273.1661332,-47,16,-192
1742100273.2021332,92,32,11
1742100273.2381332,63,-23,-94
1742100273.274133,39,-23,-18
1742100273.309133,-70,20,-44
1742100273.345133,85,10,-10
1742100273.3801332,-48,-21,-24
1742100273.415133,39,46,15
1742100273.450133,-86,52,40
1742100273.486133,43,38,-66
1742100273.522133,13,-5,-177
1742100273.5571332,35,-29,24
1742100273.593133,-60,54,-126
1742100273.628133,11,-5,-74
1742100273.6631331,-21,52,-183
1742100273.698133,-26,-37,-125
1742100273.734133,84,-31,108
1742100273.770133,-67,-23,-109
1742100273.805133,2,-13,-33
1742100273.841133,-59,38,-39
1742100273.876133,62,-55,-69
1742100273.911133,26,-9,-75
1742100273.9461331,-7,-45,-45
1742100273.9821332,28,-45,-117
1742100274.0181332,47,-79,-3
1742100274.053133,-24,-11,-107
1742100274.089133,-64,12,2
1742100274.124133,45,-117,-181
1742100274.1591332,7,8,-111
1742100274.194133,-86,-47,-21
1742100274.230133,-26,36,20
1742100274.266133,23,8,-21
1742100274.3011332,-36,-13,-35
1742100274.3371332,-38,-13,-83
1742100274.372133,51,-63,-81
1742100274.407133,5,-25,-41
1742100274.4421332,-1,26,-57
1742100274.4781332,-12,34,-71
1742100274.514133,125,-25,-63
1742100274.549133,11,38,-127
1742100274.585133,85,44,-161
1742100274.6201332,39,26,-11
1742100274.655133,-8,32,-53
1742100274.690133,-32,-53,54
1742100274.726133,15,-33,-62
1742100274.7621331,0,74,-102
1742100274.797133,-70,33,-34
1742100274.833133,11,-19,-26
1742100274.868133,9,-57,-160
1742100274.9031332,25,-39,3
1742100274.938133,11,42,-24
1742100274.974133,5,4,17
1742100275.010133,-12,-13,-38
1742100275.045133,68,54,-90
1742100275.0811331,56,36,-56
1742100275.116133,28,35,57
1742100275.151133,2,-28,-100
1742100275.1861331,6,-12,-44
1742100275.2221332,-67,43,5
1742100275.2581332,-1,-76,-14
1742100275.293133,-93,-10,-88
1742100275.329133,28,-75,-30
1742100275.3641331,-19,20,-90
1742100275.399133,-115,-30,-88
1742100275.434133,-39,29,-30
1742100275.470133,24,5,-160
1742100275.506133,-18,21,21
1742100275.5411332,38,-32,-62
1742100275.5771332,-14,35,-40
1742100275.612133,-32,15,-178
1742100275.647133,-18,-30,0
1742100275.6831331,31,47,-10
1742100275.718133,0,-6,-38
1742100275.754133,-62,0,27
1742100275.789133,-10,33,-14
1742100275.825133,45,3,37
1742100275.8601332,11,-36,-276
1742100275.895133,-38,61,0
1742100275.931133,45,51,-76
1742100275.966133,59,-30,-78
1742100276.0021331,100,37,-54
1742100276.037133,0,21,-84
1742100276.073133,55,-6,-46
1742100276.108133,82,25,-42
1742100276.1431332,-19,-24,-54
1742100276.1791332,29,11,-122
1742100276.214133,60,-10,-242
1742100276.250133,68,-44,3
1742100276.2851331,-54,51,-66
1742100276.3211331,-4,-34,-8
1742100276.356133,-20,83,25
1742100276.391133,-8,-22,-90
1742100276.427133,21,27,63
1742100276.4621332,19,-26,31
1742100276.4981332,88,43,-46
1742100276.533133,22,9,-44
1742100276.569133,-79,61,17
1742100276.6041331,-45,43,-176
1742100276.639133,-60,-2,67
1742100276.675133,7,-32,17
1742100276.710133,-20,-5,37
1742100276.746133,61,32,-44
1742100276.7811332,21,2,-62
1742100276.8171332,7,4,-40
1742100276.852133,45,100,-122
1742100276.8871331,-40,-49,-30
1742100276.9231331,46,14,-44
1742100276.958133,16,46,-62
1742100276.994133,-3,-15,-30
1742100277.029133,-7,18,-6
1742100277.065133,78,-45,-38
1742100277.1001332,-117,-14,55
1742100277.135133,-39,-22,-216
1742100277.171133,86,5,-36
1742100277.2061331,20,39,-100
1742100277.2421331,12,23,5
1742100277.277133,-3,-40,7
1742100277.313133,-3,41,-96
1742100277.348133,-11,-24,39
1742100277.3831332,-53,-24,17
1742100277.4191332,14,9,21
1742100277.454133,4,29,23
1742100277.490133,4,-19,-114
1742100277.5251331,-61,15,-74
1742100277.560133,20,-18,-130
1742100277.595133,46,-11,-60
1742100277.631133,62,36,-90
1742100277.667133,76,-5,-90
1742100277.7021332,0,21,-12
1742100277.7381332,-41,-38,-28
1742100277.773133,50,39,-58
1742100277.809133,6,31,-56
1742100277.845133,-21,-13,-46
1742100277.8801332,-33,-33,-40
1742100277.9231331,40,40,67
1742100277.9591331,58,12,-154
1742100277.9951332,0,14,-38
1742100278.030133,-19,16,-10
1742100278.066133,-61,-47,17
1742100278.101133,10,0,-60
1742100278.1361332,24,52,57
1742100278.171133,-31,54,-96
1742100278.207133,72,40,-32
1742100278.243133,34,17,-92
1742100278.2781332,10,-2,-2
1742100278.3141332,-15,17,-104
1742100278.349133,12,-22,5
1742100278.384133,-7,-8,-24
1742100278.4191332,-7,15,-50
1742100278.4551332,100,-35,-134
1742100278.491133,-19,61,-42
1742100278.527133,-93,18,-20
1742100278.563133,-37,80,-80
1742100278.598133,0,28,-44
1742100278.634133,46,-19,-120
1742100278.6691332,-67,-33,-110
1742100278.704133,60,30,-148
1742100278.7391331,-35,-17,-70
1742100278.7751331,28,0,1
1742100278.8111331,42,38,-144
1742100278.846133,40,-19,-2
1742100278.882133,-29,-17,-40
1742100278.917133,0,2,-42
1742100278.9521332,-61,-45,39
1742100278.987133,-29,76,-102
1742100279.023133,-87,54,-40
1742100279.059133,-25,-1,-66
1742100279.0941331,14,-13,70
1742100279.1301332,10,28,-79
1742100279.165133,-17,32,70
1742100279.200133,10,18,-99
1742100279.2351332,10,52,-75
1742100279.2711332,22,-11,-85
1742100279.3071332,-65,70,-117
1742100279.342133,28,-45,-87
1742100279.378133,-77,16,-87
1742100279.4131331,-95,86,60
1742100279.448133,-53,20,-41
1742100279.483133,-63,4,-131
1742100279.519133,-49,-67,6
1742100279.555133,20,16,-104
1742100279.5901332,0,-5,-23
1742100279.626133,-35,24,-163
1742100279.661133,62,-5,-1
1742100279.6961331,36,-7,-93
1742100279.731133,42,-9,-81
1742100279.767133,10,-82,-81
1742100279.803133,-24,-22,-119
1742100279.838133,-76,14,-29
1742100279.874133,46,21,-139
1742100279.9091332,-53,-44,-55
1742100279.944133,70,-8,-27
1742100279.9791331,6,33,8
1742100280.0151331,62,14,-117
1742100280.0511332,-35,28,-77
1742100280.086133,-133,10,6
1742100280.122133,50,65,-81
1742100280.157133,-27,-9,-29
1742100280.1921332,64,12,-52
1742100280.227133,36,-29,-23
1742100280.263133,-71,6,-98
1742100280.299133,0,50,-15
1742100280.3341331,-27,-21,-47
1742100280.3701332,-3,28,98
1742100280.405133,62,-51,-19
1742100280.440133,18,-17,-137
1742100280.4751332,-33,66,-87
1742100280.5111332,12,-75,12
1742100280.547133,-43,-37,-15
1742100280.582133,-3,10,-79
1742100280.618133,-27,10,-51
1742100280.6531332,-31,-35,8
1742100280.688133,68,-25,-23
1742100280.723133,-35,4,-119
1742100280.759133,-3,-39,-33
1742100280.795133,-29,68,-1
1742100280.8301332,-77,-61,-39
1742100280.866133,26,28,-57
1742100280.901133,-45,8,-127
1742100280.9361331,-69,-1,-105
1742100280.971133,16,14,-51
1742100281.007133,69,50,-87
1742100281.043133,6,-49,12
1742100281.078133,30,12,-65
1742100281.1141331,-49,-109,-87
1742100281.149133,4,-35,14
1742100281.184133,34,-55,126
1742100281.2191331,-19,-41,-95
1742100281.2551332,60,-35,-53
1742100281.2911332,76,42,-7
1742100281.326133,70,-45,-7
1742100281.362133,14,26,-83
1742100281.397133,72,-83,-103
1742100281.4321332,-47,-5,-75
1742100281.468133,-37,48,6
1742100281.503133,-47,-26,-53
1742100281.539133,48,22,-71
1742100281.5741332,2,-2,54
1742100281.6101332,58,-4,-145
1742100281.645133,10,-88,16
1742100281.680133,-31,-62,-81
1742100281.7151332,92,120,-145
1742100281.751133,-29,-13,68
1742100281.787133,12,56,-119
1742100281.822133,12,-43,88
1742100281.858133,-49,-10,-39
1742100281.8931332,28,41,-77
1742100281.928133,60,0,-143
1742100281.964133,10,-18,-17
1742100281.999133,-61,-55,-77
1742100282.0351331,-39,-26,-3
1742100282.070133,-13,25,-43
1742100282.106133,66,8,-89
1742100282.141133,-93,-3,-61
1742100282.1761332,4,74,-27
1742100282.2121332,-91,-55,-57
1742100282.247133,-23,-88,-27
1742100282.283133,-29,52,-85
1742100282.318133,-49,-35,18
1742100282.3541331,-31,-1,-113
1742100282.389133,64,-13,-67
1742100282.424133,-29,31,-13
1742100282.460133,48,-8,14
1742100282.4951332,70,37,2
1742100282.5311332,68,-41,64
1742100282.566133,32,7,-183
1742100282.602133,-15,-11,-51
1742100282.6371331,-37,14,-43
1742100282.672133,14,-30,-63
1742100282.708133,38,12,20
1742100282.743133,10,-1,33
1742100282.779133,6,50,-48
1742100282.8141332,14,-3,-23
1742100282.8501332,18,12,-30
1742100282.885133,6,-3,-100
1742100282.920133,38,0,-94
1742100282.9561331,32,26,-48
1742100282.991133,8,-39,-94
1742100283.027133,-25,-28,-98
1742100283.062133,6,81,145
1742100283.098133,24,-40,-60
1742100283.1331332,86,3,-44
1742100283.168133,-11,57,-70
1742100283.204133,-111,39,-140
1742100283.2391331,-23,27,-100
1742100283.2751331,4,-16,-110
1742100283.310133,-41,1,17
1742100283.346133,28,18,-52
1742100283.381133,94,90,-6
1742100283.4161332,-27,60,21
1742100283.4521332,-43,-13,-28
1742100283.487133,38,28,-80
1742100283.523133,-59,28,-346
1742100283.5581331,14,2,-66
1742100283.5941331,44,108,-190
1742100283.629133,4,-27,-32
1742100283.664133,-29,-57,-6
1742100283.700133,10,2,-44
1742100283.7351332,-11,-31,17
1742100283.7711332,-39,-7,-126
1742100283.806133,-15,108,-54
1742100283.842133,16,-25,-48
1742100283.8771331,56,-3,167
1742100283.912133,40,4,19
1742100283.948133,-39,86,-154
1742100283.983133,20,-55,-136
1742100284.019133,2,-56,-106
1742100284.0541332,38,-15,-126
1742100284.0901332,20,-55,-28
1742100284.126133,-37,10,-56
1742100284.162133,26,32,-26
1742100284.198133,-1,54,-22
1742100284.234133,42,-20,35
1742100284.270133,80,23,-44
1742100284.305133,-31,-60,-20
1742100284.3401332,-27,-28,-128
1742100284.376133,-7,-53,-80
1742100284.412133,-13,32,-72
1742100284.447133,30,-74,-38
1742100284.483133,-6,-62,-50
1742100284.5181332,26,8,-46
1742100284.553133,-34,82,-44
1742100284.588133,-20,24,-8
1742100284.624133,22,-49,-23
1742100284.6601331,50,8,-143
1742100284.695133,-31,-25,-79
1742100284.731133,10,-29,-129
1742100284.766133,24,-51,-29
1742100284.8011332,50,24,56
1742100284.836133,-13,104,-31
1742100284.872133,20,-17,-97
1742100284.908133,-3,12,-23
1742100284.943133,-47,50,-15
1742100284.9791331,-37,0,-125
1742100285.014133,54,38,-75
1742100285.049133,-35,-53,-91
1742100285.0841331,-105,-1,-91
1742100285.1201332,16,56,-29
1742100285.1561332,4,-1,-7
1742100285.191133,16,24,-79
1742100285.227133,36,-67,-65
1742100285.2621331,-7,40,-53
1742100285.297133,-25,8,-23
1742100285.332133,-5,-25,-1
1742100285.368133,6,44,40
1742100285.404133,-41,-37,-109
1742100285.4391332,38,48,40
1742100285.4751332,30,54,-37
1742100285.510133,-49,16,-63
1742100285.545133,74,4,-23
1742100285.5801332,-47,-25,-63
1742100285.616133,-47,50,-61
1742100285.652133,-59,-13,-97
1742100285.687133,-67,-115,4
1742100285.723133,22,-5,-21
1742100285.7581332,18,18,-89
1742100285.793133,-5,22,28
1742100285.828133,-59,-27,-83
1742100285.8641331,82,30,-121
1742100285.9001331,92,46,-57
1742100285.9361331,18,-35,-13
1742100285.9721332,-59,56,-11
1742100286.007133,-65,28,-115
1742100286.043133,30,51,-139
1742100286.078133,-21,25,-51
1742100286.1131332,-23,-2,-95
1742100286.148133,-3,-14,86
1742100286.184133,14,24,-11
1742100286.220133,-45,8,-117
1742100286.2551332,-21,0,2
1742100286.2911332,54,18,-117
1742100286.326133,86,-59,-5
1742100286.361133,54,22,-181
1742100286.3961332,50,-40,-127
1742100286.4321332,-65,-2,38
1742100286.468133,-3,-38,-81
1742100286.503133,52,21,-75
1742100286.539133,-71,-4,63
1742100286.5741332,12,-47,-62
1742100286.609133,60,-38,-72
1742100286.644133,-9,-62,-44
1742100286.680133,36,-30,-110
1742100286.716133,-43,-18,-32
1742100286.751133,38,-2,-70
1742100286.787133,-14,35,-22
1742100286.822133,75,-40,-156
1742100286.8571332,-16,5,-36
1742100286.892133,19,-114,-108
1742100286.928133,53,1,1
1742100286.964133,-23,-34,-98
1742100286.999133,2,-2,77
1742100287.0351331,44,13,-96
1742100287.070133,-17,41,-16
1742100287.105133,-77,3,39
1742100287.1401331,18,-48,-144
1742100287.1761332,-9,-40,-38
1742100287.2121332,56,35,-60
1742100287.247133,60,-14,7
1742100287.283133,-1,39,-206
1742100287.318133,-47,21,-78
1742100287.3531332,-3,11,-70
1742100287.388133,26,-44,-114
1742100287.424133,-25,-40,-104
1742100287.460133,-21,0,-4
1742100287.4951332,64,37,-20
1742100287.5311332,10,3,-34
1742100287.566133,-1,-46,-12
1742100287.601133,2,-64,-24
1742100287.6361332,-27,-60,-42
1742100287.672133,-1,39,-62
1742100287.708133,4,33,-82
1742100287.743133,-13,-22,-70
1742100287.779133,34,9,-6
1742100287.8141332,-41,-34,-24
1742100287.849133,10,-8,-82
1742100287.884133,-47,-36,-174
1742100287.9261332,10,-4,-122
1742100287.963133,50,19,-8
1742100287.9981332,-25,49,45
1742100288.033133,66,62,-136
1742100288.068133,74,-66,-30
1742100288.1041331,-17,-34,-40
1742100288.1401331,-23,-6,-42
1742100288.175133,-57,-66,-136
1742100288.211133,-13,6,-82
1742100288.246133,-85,-12,-18
1742100288.2811332,-1,-36,-70
1742100288.3171332,34,33,-72
1742100288.352133,-65,11,-84
1742100288.388133,14,4,-96
1742100288.4231331,-27,-7,39
1742100288.4591331,12,10,39
1742100288.494133,14,-33,-90
1742100288.529133,-3,-71,-54
1742100288.565133,39,-1,-142
1742100288.6001332,75,40,-64
1742100288.6361332,-27,-35,-58
1742100288.671133,-47,20,-62
1742100288.707133,-11,4,-46
1742100288.7421331,14,-23,-110
1742100288.777133,62,28,-70
1742100288.813133,36,-45,-118
1742100288.848133,58,12,-204
1742100288.884133,-47,46,-86
1742100288.9191332,2,58,-74
1742100288.9551332,-5,36,-64
1742100288.990133,66,-29,47
1742100289.0251331,-5,-31,-24
1742100289.0611331,68,-9,-142
1742100289.096133,8,-11,-184
1742100289.132133,40,28,-110
1742100289.167133,110,18,-142
1742100289.203133,50,114,-126
1742100289.2381332,-93,2,143
1742100289.273133,10,-15,55
1742100289.309133,-51,-19,-22
1742100289.3441331,74,26,9
1742100289.3801332,-73,36,-36
1742100289.415133,-37,-49,-68
1742100289.451133,-13,-72,-140
1742100289.486133,-17,13,-90
1742100289.5211332,-20,14,-68
1742100289.5571332,-45,-49,23
1742100289.592133,58,56,0
1742100289.628133,24,36,-90
1742100289.6631331,-1,-21,-34
1742100289.6991332,-27,34,27
1742100289.734133,70,34,-20
1742100289.769133,-27,56,-126
1742100289.805133,-9,-13,-14
1742100289.8401332,-53,-63,85
1742100289.876133,-15,60,-32
1742100289.911133,26,28,-82
1742100289.947133,-99,-59,-16
1742100289.9821332,-77,8,-108
1742100290.017133,-61,-63,-116
1742100290.053133,10,14,-64
1742100290.088133,-45,20,0
1742100290.124133,48,38,-47
1742100290.1591332,33,-31,14
1742100290.195133,-15,21,7
1742100290.230133,-29,16,-32
1742100290.2651331,18,-37,-126
1742100290.3011332,17,-17,-108
1742100290.336133,-58,-9,-6
1742100290.372133,-50,18,29
1742100290.407133,25,110,-116
1742100290.443133,-10,6,-88
1742100290.4781332,-30,-9,-10
1742100290.513133,-38,10,-158
1742100290.549133,-44,44,-84
1742100290.5841331,0,-47,-68
1742100290.6201332,-92,-19,43
1742100290.655133,-22,42,29
1742100290.691133,-14,-29,-142
1742100290.727133,29,4,-132
1742100290.7621331,51,-11,-186
1742100290.797133,-14,0,-176
1742100290.833133,-28,10,-32
1742100290.869133,-34,30,51
1742100290.904133,-10,26,-14
1742100290.940133,-106,104,-98
1742100290.9751332,0,22,-38
1742100291.010133,-50,4,49
1742100291.045133,35,-1,-82
1742100291.0811331,71,74,-140
1742100291.1171331,41,76,-36
1742100291.152133,-31,8,-124
1742100291.188133,-31,-31,-68
1742100291.223133,13,-37,-12
1742100291.2581332,-4,4,-106
1742100291.293133,63,32,-218
1742100291.329133,-68,-5,-82
1742100291.365133,-24,-21,-64
1742100291.4001331,-64,-95,-118
1742100291.4361331,21,-109,-40
1742100291.471133,19,-33,-20
1742100291.506133,19,-17,-110
1742100291.5411332,-12,-35,-170
1742100291.5771332,-16,-3,-64
1742100291.6131332,29,-3,85
1742100291.648133,13,18,15
1742100291.684133,-4,52,-138
1742100291.7191331,27,-3,11
1742100291.754133,53,-67,-48
1742100291.789133,17,-9,3
1742100291.825133,27,-7,-246
1742100291.861133,-20,-49,-46
1742100291.8961332,-2,-53,19
1742100291.9321332,47,-35,-88
1742100291.967133,-22,-7,25
1742100292.0021331,55,-5,-50
1742100292.037133,13,32,-60
1742100292.073133,-16,-39,-96
1742100292.109133,-20,-3,-18
1742100292.144133,-18,68,-96
1742100292.180133,-6,30,37
1742100292.2151332,3,-15,-48
1742100292.250133,-50,58,-206
1742100292.2851331,-8,68,3
1742100292.3211331,21,28,-84
1742100292.3571332,81,44,-64
1742100292.392133,9,-9,-166
1742100292.428133,85,-9,17
1742100292.463133,21,24,15
1742100292.4981332,9,-53,-30
1742100292.533133,-28,2,-50
1742100292.569133,89,-11,29
1742100292.605133,-30,-63,-42
1742100292.6401331,-58,-71,-24
1742100292.6761332,-6,34,-66
1742100292.711133,59,-1,-64
1742100292.746133,3,-65,-84
1742100292.7811332,47,36,-132
1742100292.8171332,33,-31,-24
1742100292.8531332,37,-31,-108
1742100292.888133,-54,44,15
1742100292.924133,23,30,-194
1742100292.9591331,-82,-27,-30
1742100292.994133,-2,92,-90
1742100293.029133,-14,-41,-84
1742100293.065133,123,46,51
1742100293.101133,47,26,-8
1742100293.1361332,-10,-47,39
1742100293.172133,-22,34,-116
1742100293.207133,-20,10,-94
1742100293.2421331,-76,-33,-30
1742100293.277133,95,-21,-100
1742100293.313133,62,38,-134
1742100293.349133,73,-4,13
1742100293.384133,20,7,23
1742100293.420133,-39,-1,-34
1742100293.4551332,-73,-10,-22
1742100293.490133,1,29,-94
1742100293.5251331,88,76,-68
1742100293.5611331,26,-16,-2
1742100293.5971332,-21,37,-30
1742100293.632133,-45,-18,-136
1742100293.668133,28,25,-98
1742100293.703133,2,-73,-48
1742100293.7381332,45,78,-28
1742100293.773133,41,-19,-62
1742100293.809133,-19,2,-26
1742100293.845133,-53,38,-70
1742100293.8801332,116,-41,41
1742100293.9161332,-35,-67,-55
1742100293.951133,-91,-45,-61
1742100293.986133,-17,-19,-5
1742100294.0211332,-23,-9,39
1742100294.0571332,102,-23,-98
1742100294.093133,48,-19,-104
1742100294.128133,44,2,21
1742100294.164133,-9,52,9
1742100294.1991332,82,-25,-13
1742100294.234133,0,-75,-55
1742100294.269133,62,22,20
1742100294.305133,-27,-13,-75
1742100294.341133,4,-43,-93
1742100294.376133,-73,8,-89
1742100294.412133,-41,52,-61
1742100294.447133,53,-64,4
1742100294.4821332,-15,63,-49
1742100294.517133,26,-38,-115
1742100294.553133,-49,-8,-31
1742100294.589133,-29,41,-41
1742100294.624133,-17,-2,-7
1742100294.6601331,-75,-97,-31
1742100294.695133,-21,42,76
1742100294.730133,-25,-81,-33
1742100294.766133,-43,-13,34
1742100294.8011332,-59,-47,-3
1742100294.8371332,-25,0,-85
1742100294.872133,6,-29,-59
1742100294.908133,34,-19,-15
1742100294.943133,19,-15,10
1742100294.9781332,4,64,-95
1742100295.014133,-28,26,-79
1742100295.050133,12,12,64
1742100295.086133,16,-49,-95
1742100295.121133,22,78,-69
1742100295.157133,-25,74,-3
1742100295.1921332,10,50,-163
1742100295.2281332,-19,-13,-27
1742100295.263133,11,32,2
1742100295.2981331,-2,-15,68
1742100295.3341331,0,50,-23
1742100295.369133,-19,-33,100
1742100295.405133,-17,60,-161
1742100295.440133,8,50,146
1742100295.476133,36,26,-77
1742100295.5111332,-17,10,-233
1742100295.546133,50,-113,-109
1742100295.582133,-13,-48,40
1742100295.6171331,10,3,-113
1742100295.6531332,36,34,-113
1742100295.688133,-61,34,-43
1742100295.724133,-9,-19,-21
1742100295.759133,10,-47,-83
1742100295.7941332,-35,-47,-25
1742100295.8301332,-85,48,-51
1742100295.865133,166,12,18
1742100295.901133,-35,-33,-29
1742100295.9361331,-21,-29,-71
1742100295.9721332,2,-23,-135
1742100296.007133,-47,36,82
1742100296.042133,-3,-19,106
1742100296.078133,122,106,-121
1742100296.1131332,-49,2,-9
1742100296.149133,-37,-33,-35
1742100296.184133,-67,-15,-109
1742100296.220133,38,72,-1
1742100296.2551332,6,-11,2
1742100296.290133,4,-5,-43
1742100296.326133,44,-15,-37
1742100296.361133,2,-71,-25
1742100296.397133,16,42,-137
1742100296.4321332,2,-17,126
1742100296.468133,-33,-1,-83
1742100296.503133,40,16,8
1742100296.5381331,-49,-55,-95
1742100296.5741332,50,-11,-31
1742100296.609133,50,18,-75
1742100296.645133,-15,4,-103
1742100296.680133,-29,-53,-51
1742100296.716133,38,-5,-39
1742100296.751133,26,-41,-35
1742100296.786133,18,-29,-147
1742100296.822133,-31,-5,-83
1742100296.8571332,10,-1,-37
1742100296.8931332,-49,-9,66
1742100296.928133,36,-39,4
1742100296.964133,2,18,-63
1742100297.000133,28,-25,-43
1742100297.036133,-49,-39,-75
1742100297.072133,-11,-59,-53
1742100297.108133,-49,58,-39
1742100297.144133,22,-11,-23
1742100297.1791332,6,-52,-7
1742100297.214133,2,-37,-75
1742100297.250133,38,16,-147
1742100297.286133,59,-5,-23
1742100297.3211331,9,0,34
1742100297.3571332,-10,26,62
1742100297.392133,3,-53,-65
1742100297.427133,-3,50,38
1742100297.4621332,-3,-9,-15
1742100297.4981332,-5,-63,-101
1742100297.5341332,116,76,-71
1742100297.569133,36,42,14
1742100297.605133,-29,78,-111
1742100297.6401331,20,4,4
1742100297.675133,30,36,-121
1742100297.710133,24,-31,-53
1742100297.746133,20,38,-175
1742100297.782133,4,-29,-57
1742100297.8171332,-101,20,-33
1742100297.8531332,5,28,30
1742100297.888133,18,-47,-73
1742100297.930133,-51,2,-37
1742100297.966133,49,-29,-69
1742100298.0021331,-14,54,54
1742100298.0381331,14,24,-41
1742100298.073133,-41,36,44
1742100298.109133,42,26,-89
1742100298.144133,-19,-41,-147
1742100298.1791332,-17,-17,-53
1742100298.214133,-43,10,32
1742100298.250133,-9,-31,-29
1742100298.286133,-13,48,44
1742100298.3211331,-39,32,-95
1742100298.3571332,30,6,-69
1742100298.392133,-25,34,18
1742100298.427133,86,-55,-135
1742100298.4621332,-31,-7,0
1742100298.4981332,-21,-5,-77
1742100298.5341332,14,41,-55
1742100298.569133,-25,-30,-7
1742100298.605133,34,31,-4
1742100298.6401331,16,-30,-60
1742100298.675133,-45,9,41
1742100298.710133,62,30,-108
1742100298.746133,16,-3,-22
1742100298.782133,50,18,-20
1742100298.8171332,22,12,-176
1742100298.8531332,96,22,-68
1742100298.888133,-3,-37,-94
1742100298.9231331,24,50,-82
1742100298.958133,-21,-43,-94
1742100298.994133,24,14,-56
1742100299.030133,76,-75,58
1742100299.065133,-23,12,-35
1742100299.101133,10,10,6
1742100299.1361332,-41,0,-12
1742100299.171133,2,-33,-61
1742100299.2061331,-16,44,-107
1742100299.2421331,45,30,-23
1742100299.2781332,-62,-31,60
1742100299.313133,-8,54,-53
1742100299.349133,39,10,-83
1742100299.384133,-14,-9,-217
1742100299.4191332,-20,78,114
1742100299.454133,45,-33,-65
1742100299.490133,-48,37,-173
1742100299.526133,45,50,-107
1742100299.5611331,-42,38,-109
1742100299.5971332,19,58,14
1742100299.632133,41,-7,-45
1742100299.667133,-8,-17,-105
1742100299.7021332,23,28,-130
1742100299.7381332,13,24,-14
1742100299.774133,19,-79,55
1742100299.809133,-18,64,-44
1742100299.845133,69,-23,-250
1742100299.8801332,25,22,-7
1742100299.915133,19,-13,-22
1742100299.950133,49,-13,-1
1742100299.986133,-22,34,-8
1742100300.022133,29,-7,-28
1742100300.0571332,21,14,-54
1742100300.093133,-44,-9,-4
1742100300.128133,7,48,-166
1742100300.1631331,166,-41,-104
1742100300.198133,70,30,37
1742100300.234133,16,76,-188
1742100300.270133,-105,30,-54
1742100300.305133,18,-17,-66
1742100300.341133,38,-11,-4
1742100300.376133,20,34,35
1742100300.411133,-49,-7,-172
1742100300.4461331,30,-39,-40
1742100300.4821332,14,-37,-178
1742100300.5181332,34,-93,-84
1742100300.553133,50,-93,-96
1742100300.589133,-1,10,-60
1742100300.624133,64,40,-164
1742100300.6591332,-21,-77,-190
1742100300.694133,-61,-59,-210
1742100300.730133,56,-3,-172
1742100300.766133,-21,-29,-192
1742100300.8011332,-31,85,-82
1742100300.8371332,-85,-16,-94
1742100300.872133,18,-3,-182
1742100300.907133,-47,17,-80
1742100300.9421332,-77,25,-92
1742100300.9781332,-23,-54,-68
1742100301.014133,10,-39,35
1742100301.049133,16,-53,-128
1742100301.085133,-67,98,-94
1742100301.1201332,-17,-33,-168
1742100301.155133,-37,-15,13
1742100301.191133,-19,7,-60
1742100301.226133,-79,11,-26
1742100301.2621331,-13,14,-24
1742100301.297133,96,70,-6
1742100301.333133,66,24,-102
1742100301.368133,-41,-17,-16
1742100301.4031332,20,20,17
1742100301.4391332,-1,-41,-42
1742100301.474133,-3,-12,-38
1742100301.510133,28,-34,17
1742100301.545133,-121,-16,-122
1742100301.5811331,-9,65,-122
1742100301.616133,56,39,-60
1742100301.651133,48,-72,-10
1742100301.687133,-11,-40,-12
1742100301.7221332,-31,-52,-36
1742100301.7581332,68,19,-18
1742100301.793133,-3,-26,89
1742100301.829133,30,25,-10
1742100301.8641331,-3,13,-100
1742100301.899133,-15,57,-74
1742100301.935133,-1,21,91
1742100301.970133,-29,-14,-24
1742100302.006133,4,-34,-58
1742100302.0411332,112,33,-158
1742100302.0771332,-37,71,-46
1742100302.112133,-43,72,-176
1742100302.147133,24,-1,-40
1742100302.1831331,-59,36,55
1742100302.218133,8,-25,-112
1742100302.254133,-19,-27,45
1742100302.289133,-1,32,-60
1742100302.325133,94,16,13
1742100302.3601332,-35,-64,-78
1742100302.395133,-45,-34,11
1742100302.431133,-27,-48,-14
1742100302.466133,-55,23,-42
1742100302.5021331,4,-42,-2
1742100302.537133,40,33,-108
1742100302.573133,-35,1,-74
1742100302.608133,14,-12,7
1742100302.6431332,-7,75,-104
1742100302.6791332,-67,65,-114
1742100302.714133,-21,-46,-103
1742100302.750133,-37,27,-53
1742100302.7851331,-41,21,-81
1742100302.8211331,20,-44,-79
1742100302.856133,18,9,2
1742100302.891133,75,-22,-2
1742100302.927133,-10,37,-144
1742100302.9621332,-24,-26,-38
1742100302.9981332,28,-10,-17
1742100303.033133,6,59,-33
1742100303.069133,16,55,-183
1742100303.1041331,0,43,-63
1742100303.139133,-47,61,-47
1742100303.175133,-11,13,-41
1742100303.210133,-31,-49,-103
1742100303.246133,0,12,12
1742100303.2811332,8,-45,-109
1742100303.3171332,66,72,-97
1742100303.352133,68,4,-45
1742100303.3871331,18,-4,-75
1742100303.4231331,-7,73,-17
1742100303.458133,8,32,-1
1742100303.494133,-23,12,2
1742100303.529133,-53,28,58
1742100303.5641332,110,-37,-65
1742100303.599133,-29,89,-59
1742100303.635133,-61,5,-79
1742100303.671133,76,-60,-143
1742100303.7061331,-3,39,-35
1742100303.7421331,-39,29,-35
1742100303.777133,-57,-14,-11
1742100303.812133,-5,-16,34
1742100303.8471332,-15,-20,-91
1742100303.8831332,46,-22,-145
1742100303.9191332,16,-78,-97
1742100303.954133,-9,-16,-51
1742100303.990133,-45,-22,-149
1742100304.0251331,-43,-54,-127
1742100304.060133,-1,-60,-11
1742100304.095133,14,45,10
1742100304.131133,72,27,-83
1742100304.167133,22,25,-47
1742100304.2021332,6,39,-13
1742100304.2381332,44,15,-157
1742100304.273133,22,101,-55
1742100304.3081331,-75,21,-35
1742100304.343133,6,0,-23
1742100304.379133,-39,-56,-137
1742100304.415133,16,-10,-125
1742100304.450133,52,-6,-89
1742100304.486133,35,23,-47
1742100304.5211332,-78,5,58
1742100304.556133,47,-26,-95
1742100304.591133,-48,37,-75
1742100304.6271331,-26,11,-75
1742100304.6631331,61,-64,-17
1742100304.698133,-32,0,-65
1742100304.734133,15,11,-83
1742100304.769133,-4,15,-37
1742100304.8041332,57,-74,-75
1742100304.839133,-42,-10,-73
1742100304.875133,5,-8,-7
1742100304.911133,-47,35,-5
1742100304.9461331,61,35,-195
1742100304.9821332,-38,22,-81
1742100305.017133,35,100,-1
1742100305.052133,-14,-31,-103
1742100305.0871332,-35,4,0
1742100305.1231332,10,2,-95
1742100305.1591332,34,80,-43
1742100305.194133,-19,40,78
1742100305.230133,68,-27,-35
1742100305.2651331,0,10,-139
1742100305.300133,-33,16,102
1742100305.335133,-81,-37,-13
1742100305.371133,-49,-85,88
1742100305.407133,-115,82,-147
1742100305.4421332,-11,-21,-5
1742100305.4781332,99,-9,-55
1742100305.513133,-114,58,24
1742100305.5481331,-20,-75,-95
1742100305.583133,-38,-20,-145
1742100305.619133,61,54,-65
1742100305.655133,-48,-39,-13
1742100305.690133,13,7,-19
1742100305.726133,-30,21,-71
1742100305.7611332,3,49,-103
1742100305.796133,13,35,-75
1742100305.8311331,-26,-50,-27
1742100305.8671331,69,-32,-23
1742100305.9031332,-100,-6,-40
1742100305.938133,9,41,-59
1742100305.974133,1,33,-41
1742100306.009133,-85,-66,-25
1742100306.0441332,-37,-76,-113
1742100306.079133,24,-38,-81
1742100306.115133,2,-16,-117
1742100306.151133,50,-42,-31
1742100306.1861331,64,13,138
1742100306.2221332,88,13,-75
1742100306.257133,-11,23,4
1742100306.292133,14,0,12
1742100306.3271332,-11,47,-69
1742100306.3631332,-5,-52,-31
1742100306.399133,-61,-90,-1
1742100306.434133,-75,3,-45
1742100306.470133,0,-74,4
1742100306.5051332,12,-19,-151
1742100306.540133,-9,-60,-15
1742100306.575133,-29,-9,-63
1742100306.611133,-63,1,-215
1742100306.647133,-15,10,-63
1742100306.6821332,8,-31,-215
1742100306.718133,2,-17,-49
1742100306.753133,-67,-57,-27
1742100306.7881331,-61,34,-37
1742100306.823133,48,-13,44
1742100306.859133,-29,50,-115
1742100306.895133,24,-25,18
1742100306.930133,-11,-107,-127
1742100306.966133,-49,-41,-121
1742100307.001133,12,-5,46
1742100307.036133,74,32,38
1742100307.0711331,6,14,-1
1742100307.1071332,-9,12,-111
1742100307.1431332,36,4,22
1742100307.178133,36,-41,-39
1742100307.214133,-71,36,-189
1742100307.249133,32,-48,-69
1742100307.2841332,40,-9,-59
1742100307.319133,18,-49,-51
1742100307.355133,-77,3,-41
1742100307.391133,12,-61,42
1742100307.4261332,30,8,-45
1742100307.4621332,4,62,38
1742100307.497133,0,26,-93
1742100307.532133,-51,52,-171
1742100307.568133,-57,72,-95
1742100307.6031332,82,36,-65
1742100307.639133,6,-37,-25
1742100307.674133,20,-5,-27
1742100307.710133,-25,18,-75
1742100307.7451332,32,-11,74
1742100307.780133,56,8,-171
1742100307.816133,14,-25,-3
1742100307.851133,-15,-13,-99
1742100307.8871331,52,-15,-93
1742100307.922133,16,30,-125
1742100307.964133,-51,-81,24
1742100308.000133,-5,64,-13
1742100308.036133,-89,-7,-173
1742100308.072133,62,22,-149
1742100308.1071332,18,-9,-117
1742100308.1431332,-11,74,-37
1742100308.178133,84,18,-201
1742100308.214133,60,14,-61
1742100308.249133,28,2,-196
1742100308.2841332,30,8,-183
1742100308.320133,-13,-37,96
1742100308.355133,26,2,-55
1742100308.391133,-15,36,-53
1742100308.4261332,-15,-19,-59
1742100308.4621332,14,-51,-173
1742100308.497133,-37,20,-105
1742100308.532133,76,30,2
1742100308.568133,60,46,-101
1742100308.6031332,-65,-5,-165
1742100308.639133,-19,-23,-105
1742100308.674133,-57,-21,-111
1742100308.710133,-1,-3,-113
1742100308.7451332,22,-79,-91
1742100308.780133,44,8,-133
1742100308.816133,14,-5,-71
1742100308.851133,-96,14,-85
1742100308.8871331,7,66,-16
1742100308.922133,-4,-15,-40
1742100308.958133,93,16,-125
1742100308.993133,-38,-39,54
1742100309.0281332,9,62,-124
1742100309.0641332,15,-46,15
1742100309.099133,-44,-16,25
1742100309.135133,47,-65,-200
1742100309.170133,11,15,-14
1742100309.2061331,43,-41,-146
1742100309.241133,61,-31,17
1742100309.276133,-52,60,69
1742100309.312133,1,44,23
1742100309.3471332,77,44,-34
1742100309.3831332,-40,-11,-26
1742100309.418133,41,30,-65
1742100309.454133,-10,32,-52
1742100309.4891331,20,62,-12
1742100309.524133,-5,-27,-34
1742100309.560133,33,-7,-96
1742100309.595133,-60,32,51
1742100309.631133,-30,14,-60
1742100309.6661332,7,20,-106
1742100309.7021332,-96,-5,-96
1742100309.737133,39,-49,-92
1742100309.772133,-16,-61,-134
1742100309.8081331,97,54,-28
1742100309.843133,28,24,-38
1742100309.879133,-34,38,-90
1742100309.914133,63,0,-154
1742100309.9491332,-6,-3,-28
1742100309.984133,-56,-9,-22
1742100310.020133,-8,6,5
1742100310.056133,-40,86,-20
1742100310.091133,15,-33,-92
1742100310.1271331,4,64,-64
1742100310.162133,24,20,35
1742100310.197133,-29,-5,-98
1742100310.2321332,0,-19,-2
1742100310.2681332,-43,92,-118
1742100310.3041332,17,-75,-112
1742100310.339133,41,-1,5
1742100310.375133,77,4,13
1742100310.4101331,5,8,-66
1742100310.445133,-67,-39,-68
1742100310.480133,91,16,-88
1742100310.516133,-8,58,-122
1742100310.552133,-43,-33,49
1742100310.5871332,-24,0,-66
1742100310.6231332,35,22,-52
1742100310.658133,39,-33,-88
1742100310.693133,-14,34,-18
1742100310.7281332,-40,-1,-34
1742100310.764133,8,-39,-50
1742100310.800133,18,18,-34
1742100310.835133,-55,18,29
1742100310.871133,0,16,-70
1742100310.9061332,-43,-41,37
1742100310.941133,-57,-13,-70
1742100310.976133,-34,-3,-122
1742100311.0121331,40,6,-60
1742100311.0481331,110,-47,-148
1742100311.083133,-67,38,-56
1742100311.119133,6,-105,-14
1742100311.154133,8,6,-12
1742100311.1891332,-43,44,-146
1742100311.224133,56,-37,-46
1742100311.260133,19,-45,-28
1742100311.296133,-66,14,29
1742100311.3311331,5,36,-52
1742100311.3671331,-44,-3,-64
1742100311.402133,13,-5,-68
1742100311.437133,23,-39,-188
1742100311.4721332,-98,16,-66
1742100311.5081332,53,-29,57
1742100311.5441332,67,-15,-30
1742100311.579133,-17,-4,-72
1742100311.615133,-61,17,21
1742100311.6501331,-40,29,-98
1742100311.685133,7,14,-56
1742100311.720133,-60,-15,-144
1742100311.756133,-32,-29,-90
1742100311.792133,-10,36,-80
1742100311.8271332,-28,58,-32
1742100311.8631332,-32,-21,27
1742100311.898133,25,-23,-76
1742100311.9331331,-48,28,-8
1742100311.968133,0,-11,21
1742100312.004133,7,32,-4
1742100312.040133,-20,10,-102
1742100312.075133,-70,-11,-28
1742100312.111133,0,-58,-56
1742100312.1461332,50,45,-192
1742100312.181133,-13,15,-172
1742100312.216133,28,-60,3
1742100312.2521331,-69,-38,-58
1742100312.2881331,28,-14,-2
1742100312.323133,-17,-2,15
1742100312.359133,52,-44,65
1742100312.394133,18,-8,-106
1742100312.4291332,6,3,131
1742100312.464133,6,-32,-70
1742100312.500133,-13,47,-6
1742100312.536133,-11,-32,-66
1742100312.5711331,-81,-65,-66
1742100312.6071332,2,0,-66
1742100312.642133,-77,-43,103
1742100312.677133,-51,14,-20
1742100312.7121332,-41,8,-42
1742100312.7481332,-81,-39,-14
1742100312.7841332,36,86,5
1742100312.819133,66,-65,-130
1742100312.855133,-33,40,-58
1742100312.8901331,38,28,-8
1742100312.925133,46,24,-50
1742100312.960133,42,-15,-64
1742100312.996133,3,-55,0
1742100313.032133,-14,-11,-84
1742100313.0671332,-47,48,-146
1742100313.1031332,42,32,29
1742100313.138133,-47,14,17
1742100313.1731331,18,22,-40
1742100313.208133,-35,22,-42
1742100313.244133,-47,-25,-104
1742100313.280133,-9,16,-110
1742100313.315133,-77,50,-112
1742100313.351133,8,50,19
1742100313.3861332,18,34,5
1742100313.421133,34,-1,-232
1742100313.4561331,-35,70,-80
1742100313.4921331,30,-19,-66
1742100313.5281332,26,-51,-78
1742100313.563133,26,35,-70
1742100313.599133,-1,-13,-130
1742100313.634133,-47,-61,27
1742100313.6691332,54,-27,-48
1742100313.704133,-1,-31,-142
1742100313.740133,-23,-69,-36
1742100313.776133,-71,-23,-48
1742100313.8111331,-49,-49,-90
1742100313.8471332,2,-19,-60
1742100313.882133,20,-47,33
1742100313.917133,-45,-25,-120
1742100313.953133,0,22,9
1742100313.9881332,18,14,-24
1742100314.024133,-1,0,-36
1742100314.059133,28,-27,-2
1742100314.095133,-77,62,-78
1742100314.1301332,-13,56,-150
1742100314.165133,-39,-21,-90
1742100314.201133,2,-15,-158
1742100314.236133,68,12,-126
1742100314.272133,-47,58,-26
1742100314.3071332,-9,60,-26
1742100314.343133,44,-5,109
1742100314.378133,4,2,-64
1742100314.4131331,41,0,-82
1742100314.4491332,24,-113,-120
1742100314.484133,0,4,3
1742100314.520133,66,-53,7
1742100314.555133,-35,-13,-100
1742100314.591133,-2,-59,-2
1742100314.626133,-59,-69,-70
1742100314.661133,-55,-17,-22
1742100314.697133,112,56,-102
1742100314.7321332,12,-75,-22
1742100314.7681332,-39,-3,-110
1742100314.803133,-49,46,-90
1742100314.839133,34,2,-74
1742100314.874133,-45,22,-190
1742100314.9091332,-33,-67,-56
1742100314.945133,40,16,29
1742100314.980133,-87,52,30
1742100315.016133,-3,-21,-113
1742100315.0511332,26,8,-57
1742100315.0871332,-31,50,-81
1742100315.122133,66,28,-97
1742100315.157133,2,-3,-85
1742100315.193133,44,6,-57
1742100315.2281332,-9,-5,-1
1742100315.264133,44,-47,-121
1742100315.299133,-81,50,4
1742100315.335133,-11,-31,-99
1742100315.3701332,-17,-31,-145
1742100315.405133,58,34,-97
1742100315.441133,-27,38,-23
1742100315.476133,16,74,-45
1742100315.5121331,-71,-55,20
1742100315.547133,-19,-37,-13
1742100315.583133,0,-1,-65
1742100315.618133,40,-21,-77
1742100315.6531332,10,-19,-71
1742100315.6891332,-3,16,-75
1742100315.724133,6,17,50
1742100315.760133,-13,-22,-151
1742100315.795133,-59,67,-25
1742100315.8311331,-33,-68,86
1742100315.866133,30,55,16
1742100315.901133,-11,10,-69
1742100315.937133,-71,22,-95
1742100315.9721332,-67,-57,50
1742100316.0081332,-21,-5,-59
1742100316.043133,-35,-41,-129
1742100316.079133,-5,-27,-17
1742100316.1141331,-33,-91,-37
1742100316.149133,38,34,-19
1742100316.185133,42,-31,-43
1742100316.220133,-105,-61,-115
1742100316.256133,-65,34,-119
1742100316.2911332,-5,-65,26
1742100316.3271332,-29,-47,-7
1742100316.3631332,-5,-71,-83
1742100316.398133,-1,44,48
1742100316.4331331,2,-49,-23
1742100316.4691331,-63,-11,-167
1742100316.5051332,-11,-31,-29
1742100316.540133,22,-23,-91
1742100316.576133,30,-53,-163
1742100316.611133,-11,40,-91
1742100316.6461332,2,-23,-57
1742100316.681133,-51,-19,-41
1742100316.717133,-29,6,12
1742100316.753133,-13,-11,-115
1742100316.7881331,16,124,-57
1742100316.8241332,-77,72,-57
1742100316.859133,16,-15,-119
1742100316.894133,22,-7,-65
1742100316.9291332,-39,-51,-119
1742100316.9651332,-41,-27,-13
1742100317.001133,82,-45,-81
1742100317.036133,-13,-91,40
1742100317.072133,26,10,-95
1742100317.1071332,10,60,-125
1742100317.142133,72,-55,-157
1742100317.177133,70,-29,-107
1742100317.213133,30,2,-21
1742100317.249133,-29,-119,14
1742100317.2841332,-33,-67,-27
1742100317.320133,-49,-15,-37
1742100317.355133,0,-7,-161
1742100317.3901331,-39,-15,-109
1742100317.425133,6,-33,-29
1742100317.461133,-33,60,-91
1742100317.497133,-11,8,52
1742100317.532133,18,-11,-11
1742100317.568133,-5,11,-87
1742100317.6031332,-43,62,28
1742100317.638133,-11,2,12
1742100317.6731331,54,-35,-175
1742100317.7091331,86,50,-181
1742100317.7451332,-1,24,30
1742100317.780133,36,-27,-41
1742100317.816133,84,0,58
1742100317.851133,74,-26,38
1742100317.8861332,22,25,34
1742100317.921133,42,33,-7
1742100317.957133,-17,33,-101
1742100318.000133,-21,47,92
1742100318.036133,81,53,86
1742100318.072133,3,45,-145
1742100318.1071332,-38,3,-137
1742100318.142133,-24,25,-105
1742100318.177133,75,18,-151
1742100318.213133,23,-55,-111
1742100318.249133,27,42,-135
1742100318.2841332,-68,-83,-117
1742100318.320133,41,54,32
1742100318.355133,-46,-19,44
1742100318.3901331,-12,-19,-37
1742100318.425133,11,18,-41
1742100318.461133,-78,-13,-81
1742100318.497133,5,46,-69
1742100318.532133,41,-3,-49
1742100318.568133,51,10,-49
1742100318.6031332,23,24,82
1742100318.638133,-22,-33,-19
1742100318.6731331,-2,-53,-151
1742100318.7091331,19,42,26
1742100318.7451332,33,20,-13
1742100318.780133,-30,8,-277
1742100318.816133,-13,14,94
1742100318.851133,40,-113,-173
1742100318.8861332,-5,0,-3
1742100318.921133,34,28,4
1742100318.957133,-9,-49,-29
1742100318.993133,14,106,-59
1742100319.0281332,-35,-63,20
1742100319.0641332,-69,22,-79
1742100319.099133,26,24,-85
1742100319.134133,12,-41,-97
1742100319.1691332,-29,26,-11
1742100319.2051332,20,-25,-97
1742100319.241133,32,-53,-3
1742100319.276133,14,-45,-33
1742100319.312133,-25,30,-91
1742100319.3471332,-29,58,-119
1742100319.382133,12,-23,-169
1742100319.417133,-5,-25,-41
1742100319.453133,-15,-11,28
1742100319.4891331,-53,52,-57
1742100319.524133,-53,48,9
1742100319.560133,-3,-77,-24
1742100319.595133,-31,14,-130
1742100319.6301332,-11,-11,-54
1742100319.665133,-9,50,27
1742100319.701133,28,-13,-48
1742100319.737133,12,-25,-36
1742100319.772133,-3,28,13
1742100319.8081331,22,18,17
1742100319.843133,-37,-83,-162
1742100319.878133,36,-17,-54
1742100319.9131331,-39,-17,-110
1742100319.9491332,10,-1,-126
1742100319.9851332,6,-51,-20
1742100320.020133,44,-11,-138
1742100320.056133,-21,-2,-14
1742100320.091133,108,0,-50
1742100320.126133,-63,53,-18
1742100320.161133,32,41,-70
1742100320.197133,30,-88,31
1742100320.233133,-107,29,-262
1742100320.2681332,-57,-55,-108
1742100320.3041332,82,12,0
1742100320.339133,-45,-7,-24
1742100320.374133,92,-41,7
1742100320.4091332,-61,36,-90
1742100320.445133,36,20,-16
1742100320.481133,-43,24,-92
1742100320.516133,-47,14,-32
1742100320.552133,-9,48,-126
1742100320.5871332,9,-35,-134
1742100320.622133,-40,-19,-156
1742100320.658133,-68,-7,-86
1742100320.693133,-24,-113,-86
1742100320.7291331,43,26,-6
1742100320.764133,7,-21,-76
1742100320.800133,-38,48,-84
1742100320.835133,-6,-19,-62
1742100320.8701332,-52,-65,-142
1742100320.9061332,-20,-1,-46
1742100320.941133,5,28,-38
1742100320.977133,-22,-1,-74
1742100321.0121331,3,2,-106
1742100321.0481331,-18,-41,-114
1742100321.083133,-30,-31,25
1742100321.118133,45,46,-132
1742100321.154133,3,2,131
1742100321.1891332,105,-57,-40
1742100321.2251332,21,-7,-74
1742100321.260133,45,-16,-86
1742100321.296133,67,-28,-46
1742100321.3311331,47,-24,35
1742100321.366133,57,39,-46
1742100321.402133,45,-60,-86
1742100321.437133,59,0,-98
1742100321.473133,-66,-14,-108
1742100321.5081332,-46,23,-190
1742100321.5441332,-58,-81,3
1742100321.579133,-12,-13,43
1742100321.6141331,-6,28,35
1742100321.6501331,25,54,-34
1742100321.685133,-70,-52,-114
1742100321.721133,-2,41,85
1742100321.756133,-12,-35,11
1742100321.792133,0,-65,-44
1742100321.8271332,-30,32,-82
1742100321.862133,43,-15,-50
1742100321.898133,-30,-83,-112
1742100321.9331331,-14,22,-88
1742100321.9691331,1,-11,13
1742100322.004133,-44,-31,-18
1742100322.040133,-14,4,-24
1742100322.075133,33,2,-86
1742100322.1101332,135,-27,-100
1742100322.1461332,1,-13,-50
1742100322.181133,-8,36,-114
1742100322.217133,19,-35,33
1742100322.2521331,-60,-61,-124
1742100322.2881331,25,4,-38
1742100322.323133,17,-1,-142
1742100322.358133,45,80,1
1742100322.394133,13,4,-92
1742100322.4291332,15,56,-14
1742100322.4651332,25,8,-18
1742100322.500133,21,-5,7
1742100322.536133,-114,12,-16
1742100322.5711331,-49,-49,-82
1742100322.606133,31,4,-68
1742100322.642133,-19,0,-30
1742100322.677133,-37,60,-78
1742100322.713133,-23,34,-96
1742100322.7481332,0,-29,-146
1742100322.783133,-29,2,-76
1742100322.818133,-31,16,-10
1742100322.8541331,-19,26,21
1742100322.8901331,-1,-5,1
1742100322.925133,-9,16,-8
1742100322.961133,28,-61,-106
1742100322.996133,-13,-81,-10
1742100323.0311332,0,-21,73
1742100323.066133,-15,36,27
1742100323.102133,34,-15,119
1742100323.138133,78,48,-48
1742100323.1731331,-31,58,-92
1742100323.2091331,-21,-11,-32
1742100323.244133,-61,-9,-34
1742100323.279133,28,48,-94
1742100323.3141332,4,-39,-108
1742100323.3501332,40,-47,-22
1742100323.3861332,74,0,-52
1742100323.421133,-75,-17,-14
1742100323.457133,26,-11,-68
1742100323.4921331,58,-1,-30
1742100323.527133,22,10,63
1742100323.562133,-47,20,-92
1742100323.598133,16,-57,-4
1742100323.634133,58,12,-24
1742100323.6691332,-69,-27,-124
1742100323.7051332,2,26,-102
1742100323.740133,98,-1,-6
1742100323.7751331,-73,-3,-138
1742100323.810133,-53,-85,-128
1742100323.846133,2,-43,-204
1742100323.882133,20,24,-32
1742100323.917133,-57,22,-132
1742100323.953133,100,-25,-72
1742100323.9881332,-11,4,-70
1742100324.023133,40,-7,45
1742100324.0581331,40,26,-4
1742100324.0941331,4,-35,-118
1742100324.1301332,66,-81,-136
1742100324.165133,-57,-55,-20
1742100324.201133,67,-39,-96
1742100324.236133,61,-43,-64
1742100324.2711332,19,8,-34
1742100324.306133,5,62,-33
1742100324.342133,77,6,32
1742100324.378133,77,32,-82
1742100324.4131331,-36,-37,-33
1742100324.4491332,17,64,-77
1742100324.484133,20,-6,-27
1742100324.519133,52,-4,-53
1742100324.5541332,-109,-84,-121
1742100324.5901332,-67,-74,-159
1742100324.626133,-38,-52,-33
1742100324.661133,41,33,-20
1742100324.697133,35,-24,39
1742100324.7321332,15,-20,-12
1742100324.767133,49,-50,19
1742100324.802133,43,95,12
1742100324.838133,-14,-18,48
1742100324.874133,-46,101,-97
1742100324.9091332,23,-38,-123
1742100324.945133,-12,3,-101
1742100324.980133,53,69,-11
1742100325.0151331,-38,-12,-63
1742100325.050133,-14,57,28
1742100325.086133,-60,-47,-81
1742100325.122133,-18,-64,-19
1742100325.157133,71,5,-187
1742100325.193133,33,-14,-83
1742100325.2281332,-96,15,-77
1742100325.263133,-20,-6,-33
1742100325.2981331,-68,-57,-13
1742100325.3341331,-38,21,-43
1742100325.3701332,59,5,-215
1742100325.405133,-40,-76,-69
1742100325.441133,33,-6,-41
1742100325.476133,33,-30,-61
1742100325.5111332,27,-56,-209
1742100325.546133,-2,33,-101
1742100325.582133,1,-12,-63
1742100325.618133,-62,21,-71
1742100325.6531332,-80,21,-53
1742100325.6891332,31,-18,-149
1742100325.724133,-32,-40,-85
1742100325.759133,65,15,-53
1742100325.7941332,1,41,74
1742100325.8301332,83,3,-79
1742100325.866133,-90,51,-31
1742100325.901133,17,79,-59
1742100325.937133,-38,-28,56
1742100325.9721332,3,55,-103
1742100326.007133,-44,-9,-161
1742100326.042133,-4,-15,-99
1742100326.078133,-34,62,-99
1742100326.1141331,-10,-27,-47
1742100326.149133,-12,-11,-17
1742100326.185133,41,42,-175
1742100326.220133,0,94,-55
1742100326.2551332,-52,-35,-177
1742100326.290133,19,-47,-49
1742100326.326133,-14,-67,-117
1742100326.362133,0,4,54
1742100326.397133,37,32,-59
1742100326.4331331,-46,-3,-89
1742100326.468133,31,-57,-67
1742100326.503133,-22,-17,-47
1742100326.5381331,37,10,-61
1742100326.5741332,-24,2,-71
1742100326.6101332,75,18,-3
1742100326.645133,39,-49,-57
1742100326.681133,85,28,-53
1742100326.716133,3,-39,-21
1742100326.751133,99,2,-187
1742100326.786133,35,78,-97
1742100326.822133,-44,-49,14
1742100326.858133,-26,64,-159
1742100326.8931332,37,-63,-133
1742100326.9291332,61,22,-1
1742100326.964133,-50,-71,-33
1742100326.999133,-8,18,-63
1742100327.0351331,-62,-19,-63
1742100327.070133,-42,-43,-71
1742100327.106133,1,50,-101
1742100327.141133,49,-13,-7
1742100327.177133,-22,16,-39
1742100327.2121332,17,-49,36
1742100327.247133,45,20,-123
1742100327.283133,-6,32,108
1742100327.318133,29,20,-141
1742100327.3541331,71,8,-47
1742100327.389133,13,68,-195
1742100327.425133,-6,-11,-67
1742100327.460133,69,-7,-115
1742100327.4951332,73,10,-89
1742100327.5311332,-56,-37,-123
1742100327.566133,-56,-53,-203
1742100327.602133,51,-13,-65
1742100327.6371331,-8,-31,-85
1742100327.6731331,25,12,-139
1742100327.708133,27,-17,-147
1742100327.743133,-45,-42,-137
1742100327.779133,64,-24,-133
1742100327.8141332,-75,-24,-69
1742100327.8501332,42,41,-11
1742100327.885133,-17,-12,-33
1742100327.921133,98,55,18
1742100327.9561331,-19,-104,-57
1742100327.991133,-59,37,44
1742100328.0341332,-9,-44,-63
1742100328.070133,14,-60,-11
1742100328.106133,-101,-2,-95
1742100328.141133,2,9,30
1742100328.177133,-3,25,-5
1742100328.2121332,54,-20,-115
1742100328.247133,-21,36,-43
1742100328.283133,-95,4,-199
1742100328.318133,4,76,-53
1742100328.3541331,-41,-1,-143
1742100328.389133,-23,39,-27
1742100328.425133,-9,-93,58
1742100328.460133,-11,82,-43
1742100328.4951332,118,0,-105
1742100328.5311332,16,8,-91
1742100328.566133,52,-1,58
1742100328.602133,84,20,4
1742100328.6371331,-95,-1,-19
1742100328.6731331,-37,-43,-29
1742100328.708133,-27,60,-21
1742100328.743133,6,114,-93
1742100328.779133,24,-101,-33
1742100328.8141332,-23,14,-31
1742100328.8501332,26,-23,-47
1742100328.885133,56,0,-61
1742100328.921133,14,-37,2
1742100328.9561331,10,-29,-139
1742100328.991133,76,28,10
1742100329.027133,20,14,-13
1742100329.062133,32,20,42
1742100329.098133,36,38,-67
1742100329.1331332,-51,0,-3
1742100329.1691332,18,-47,-97
1742100329.2051332,-15,34,-115
1742100329.240133,38,12,-51
1742100329.2751331,34,-19,-123
1742100329.3111331,36,22,-201
1742100329.3471332,-31,55,-137
1742100329.382133,-43,9,-81
1742100329.418133,-5,-14,-37
1742100329.453133,2,33,-35
1742100329.4881332,-11,-27,-35
1742100329.523133,-73,-79,-107
1742100329.559133,-19,86,6
1742100329.595133,20,-50,-55
1742100329.6301332,-33,71,-99
1742100329.6661332,-51,14,-35
1742100329.701133,50,25,-161
1742100329.736133,-11,9,-61
1742100329.7711332,-57,-13,-145
1742100329.8071332,-27,12,14
1742100329.843133,-11,-20,-39
1742100329.878133,36,-3,-71
1742100329.914133,40,-25,-75
1742100329.9491332,54,-23,-5
1742100329.984133,-39,-24,-5
1742100330.019133,20,87,-1
1742100330.055133,64,119,-115
1742100330.091133,6,-17,-155
1742100330.126133,76,31,32
1742100330.162133,12,-24,-51
1742100330.197133,-1,-60,-41
1742100330.2321332,-48,-6,56
1742100330.267133,51,12,-29
1742100330.303133,11,-76,-101
1742100330.339133,-64,-30,-31
1742100330.374133,39,-4,-23
1742100330.4101331,19,9,-155
1742100330.445133,0,23,20
1742100330.480133,-42,29,40
1742100330.5151331,11,-50,-17
1742100330.5511332,-12,43,32
1742100330.5871332,-10,-44,-47
1742100330.622133,39,3,-11
1742100330.658133,-10,-76,-91
1742100330.693133,-55,47,12
1742100330.7281332,-75,45,18
1742100330.763133,34,7,-65
1742100330.799133,72,1,-45
1742100330.835133,73,7,-39
1742100330.8701332,13,11,-85
1742100330.9061332,-31,37,-11
1742100330.941133,30,115,-45
1742100330.976133,-45,-28,-79
1742100331.0111332,-30,14,14
1742100331.047133,-130,6,18
1742100331.083133,-43,-47,-19
1742100331.118133,16,42,-227
1742100331.154133,-15,-43,-113
1742100331.1891332,48,-93,-33
1742100331.224133,10,38,-95
1742100331.259133,-39,-39,-19
1742100331.295133,-5,40,-17
1742100331.3311331,-15,2,-27
1742100331.366133,32,24,48
1742100331.402133,18,-17,-27
1742100331.437133,-25,16,-25
1742100331.4721332,6,-5,-133
1742100331.507133,-65,16,-31
1742100331.543133,16,4,-87
1742100331.579133,-41,0,60
1742100331.6141331,-7,-67,62
1742100331.6501331,28,16,-73
1742100331.685133,32,12,-155
1742100331.720133,-13,2,-61
1742100331.7551332,16,-65,-57
1742100331.7911332,30,0,4
1742100331.8271332,44,16,-37
1742100331.862133,54,34,-21
1742100331.898133,32,150,-171
1742100331.9331331,38,8,-19
1742100331.968133,-81,-27,-15
1742100332.003133,-9,-25,-141
1742100332.039133,-27,6,-149
1742100332.075133,-23,-17,-1
1742100332.1101332,2,32,-93
1742100332.1461332,16,26,-95
1742100332.181133,6,-17,-133
1742100332.216133,-31,14,-35
1742100332.251133,-29,-59,-113
1742100332.287133,-45,-63,16
1742100332.323133,50,54,-91
1742100332.358133,78,62,-19
1742100332.394133,-5,36,-37
1742100332.4291332,-11,-21,-65
1742100332.464133,-31,-27,48
1742100332.499133,-41,-83,-21
1742100332.5351331,-1,18,-131
1742100332.5711331,78,-2,20
1742100332.606133,16,-17,-47
1742100332.642133,-65,-11,-25
1742100332.677133,-23,-57,26
1742100332.7121332,-7,52,-107
1742100332.747133,52,18,32
1742100332.783133,-39,-3,-11
1742100332.819133,-65,4,-35
1742100332.8541331,14,-57,-105
1742100332.8901331,4,-29,-129
1742100332.925133,0,46,-45
1742100332.960133,-33,30,-1
1742100332.9951332,-13,-13,-117
1742100333.0311332,94,-7,-47
1742100333.0671332,-5,-87,-17
1742100333.102133,-67,0,42
1742100333.138133,36,54,48
1742100333.1731331,2,-25,34
1742100333.208133,66,-29,-161
1742100333.243133,12,-17,104
1742100333.279133,66,-13,-57
1742100333.315133,0,54,-97
1742100333.3501332,42,4,28
1742100333.3861332,10,28,-63
1742100333.421133,14,-51,-71
1742100333.4561331,78,-5,-19
1742100333.4921331,-65,-15,-264
1742100333.527133,-37,52,-10
1742100333.563133,62,-17,-82
1742100333.598133,16,-73,31
1742100333.634133,-21,-19,21
1742100333.6691332,-35,8,-158
1742100333.704133,32,-47,-98
1742100333.740133,90,-31,49
1742100333.7751331,44,4,-108
1742100333.8111331,70,-63,-106
1742100333.846133,16,74,-43
1742100333.882133,0,52,48
1742100333.917133,34,8,40
1742100333.9521332,22,6,10
1742100333.9881332,-57,16,90
1742100334.023133,58,16,42
1742100334.059133,17,-3,-131
1742100334.0941331,21,-9,-121
1742100334.1301332,27,-45,-53
1742100334.165133,-32,2,-69
1742100334.200133,-36,-13,28
1742100334.236133,5,-13,0
1742100334.2711332,45,-45,-105
1742100334.3071332,-16,104,-85
1742100334.342133,-2,-95,-21
1742100334.378133,79,44,2
1742100334.4131331,1,-35,-97
1742100334.448133,19,4,88
1742100334.484133,48,-69,14
1742100334.519133,-21,8,-69
1742100334.555133,83,-31,-135
1742100334.5901332,-20,34,-99
1742100334.626133,12,-27,-51
1742100334.661133,60,58,-129
1742100334.6961331,-39,10,-101
1742100334.7321332,32,12,18
1742100334.767133,20,38,-208
1742100334.803133,-5,-47,-14
1742100334.838133,62,24,-8
1742100334.874133,120,56,-120
1742100334.9091332,72,68,-58
1742100334.944133,-49,-27,83
1742100334.980133,-11,-21,85
1742100335.0151331,20,18,-62
1742100335.0511332,62,36,25
1742100335.086133,12,16,-36
1742100335.122133,8,-3,-86
1742100335.157133,-67,10,-42
1742100335.1921332,54,-29,49
1742100335.2281332,-25,24,-78
1742100335.263133,36,-51,-94
1742100335.299133,118,-23,-40
1742100335.3341331,44,112,1
1742100335.369133,56,-43,13
1742100335.404133,88,-22,-82
1742100335.440133,-15,-26,-60
1742100335.476133,-39,19,-30
1742100335.5111332,-19,-10,-44
1742100335.547133,2,-23,-108
1742100335.582133,-25,66,-66
1742100335.618133,18,38,-22
1742100335.654133,34,43,-70
1742100335.6891332,0,25,9
1742100335.724133,66,-62,-62
1742100335.760133,16,3,-98
1742100335.796133,20,65,-12
1742100335.8311331,40,-28,-26
1742100335.8671331,-29,-46,-102
1742100335.902133,56,23,79
1742100335.937133,-49,35,-20
1742100335.9721332,82,25,-38
1742100336.0081332,40,-1,-4
1742100336.0441332,-51,-114,-28
1742100336.079133,12,-17,-70
1742100336.115133,-7,60,-64
1742100336.1501331,-15,-1,-114
1742100336.185133,-51,-5,33
1742100336.220133,-51,0,-116
1742100336.256133,-67,-9,-84
1742100336.292133,16,-47,-176
1742100336.3271332,-37,-5,-108
1742100336.3631332,-7,30,-116
1742100336.398133,50,-30,-116
1742100336.4331331,20,54,-34
1742100336.468133,-7,48,-78
1742100336.504133,-113,26,39
1742100336.540133,-57,-57,-68
1742100336.575133,32,0,43
1742100336.611133,-3,56,-44
1742100336.6461332,-27,54,-118
1742100336.681133,-27,-39,-68
1742100336.716133,-39,-51,-110
1742100336.7521331,-5,-13,-104
1742100336.7881331,-61,10,-130
1742100336.823133,56,-99,-50
1742100336.859133,54,-65,-68
1742100336.894133,-95,6,29
1742100336.9291332,108,-53,-50
1742100336.964133,0,40,13
1742100337.000133,24,-43,47
1742100337.036133,22,-68,-93
1742100337.0711331,-63,29,-75
1742100337.1071332,-55,-38,-29
1742100337.142133,-89,-32,-41
1742100337.177133,-1,-2,-85
1742100337.2121332,-59,-30,-123
1742100337.2481332,-75,-2,-95
1742100337.2841332,4,-20,-27
1742100337.319133,24,11,-111
1742100337.355133,10,-34,0
1742100337.3901331,94,-16,-27
1742100337.425133,-27,53,-5
1742100337.460133,28,-56,-117
1742100337.496133,-41,-62,32
1742100337.532133,-37,-8,-87
1742100337.5671332,28,-6,-39
1742100337.6031332,0,7,-43
1742100337.638133,82,5,-21
1742100337.6731331,-57,17,-111
1742100337.708133,-25,-4,24
1742100337.744133,-115,23,-199
1742100337.780133,76,-36,48
1742100337.815133,14,-42,-61
1742100337.851133,6,15,-115
1742100337.8861332,-11,-4,-41
1742100337.921133,-19,41,-97
1742100337.9561331,-81,-38,-3
1742100337.9921331,-37,55,-51
1742100338.0351331,-45,65,30
1742100338.0711331,18,62,14
1742100338.1071332,132,-60,-85
1742100338.142133,-39,11,-39
1742100338.177133,-13,-22,52
1742100338.2121332,34,-4,-131
1742100338.2481332,-11,-39,-13
1742100338.2841332,-25,26,-81
1742100338.319133,24,18,-93
1742100338.355133,-45,10,-189
1742100338.3901331,-31,-17,52
1742100338.425133,22,14,-125
1742100338.460133,0,14,-95
1742100338.496133,-55,-39,-11
1742100338.532133,20,-96,-57
1742100338.5671332,-45,-44,64
1742100338.6031332,14,-48,-37
1742100338.638133,52,7,-63
1742100338.6731331,3,-38,-111
1742100338.708133,64,-42,-39
1742100338.744133,-31,-54,-39
1742100338.780133,-3,-4,104
1742100338.815133,-119,26,-143
1742100338.851133,34,-1,-87
1742100338.8861332,-13,-1,-107
1742100338.921133,26,-25,14
1742100338.9561331,-85,-1,-30
1742100338.9921331,-7,22,-155
1742100339.0281332,0,-23,-21
1742100339.063133,8,17,-47
1742100339.099133,-75,79,-120
1742100339.134133,54,48,-52
1742100339.1691332,-23,-111,13
1742100339.204133,18,-7,-36
1742100339.240133,58,-63,-52
1742100339.276133,-49,54,55
1742100339.3111331,82,52,-25
1742100339.3471332,-62,66,-57
1742100339.382133,-102,6,-83
1742100339.417133,-23,12,-133
1742100339.4521332,-2,18,-93
1742100339.4881332,-26,-35,-45
1742100339.524133,-28,-65,-143
1742100339.559133,-38,-63,-139
1742100339.595133,45,58,-61
1742100339.6301332,52,-85,36
1742100339.665133,-48,-53,-83
1742100339.701133,0,-21,50
1742100339.736133,16,-35,50
1742100339.772133,0,-71,-85
1742100339.8071332,18,-17,-131
1742100339.843133,32,76,-95
1742100339.878133,-63,50,-77
1742100339.9131331,-119,-13,-119
1742100339.9491332,-31,34,-37
1742100339.984133,29,-17,28
1742100340.020133,31,-1,-115
1742100340.055133,-64,20,-64
1742100340.091133,17,68,-106
1742100340.126133,11,-83,3
1742100340.161133,35,-3,-178
1742100340.197133,0,86,-110
1742100340.2321332,33,-47,61
1742100340.2681332,-32,38,-60
1742100340.303133,-20,-35,-16
1742100340.339133,-46,38,-88
1742100340.374133,-17,0,-90
1742100340.4091332,16,20,51
1742100340.445133,-25,64,-84
1742100340.480133,-27,-21,-92
1742100340.516133,-23,22,-30
1742100340.5511332,47,-61,-64
1742100340.5871332,-6,-17,-22
1742100340.622133,-58,8,-120
1742100340.657133,75,-23,-80
1742100340.693133,33,-27,-30
1742100340.7281332,119,10,-54
1742100340.764133,-58,-3,-138
1742100340.799133,73,-5,-70
1742100340.835133,29,-4,-40
1742100340.8701332,-30,-20,-8
1742100340.905133,43,42,-148
1742100340.941133,51,-29,23
1742100340.976133,21,-35,-50
1742100341.0121331,39,58,67
1742100341.047133,-62,-71,-66
1742100341.083133,61,0,-60
1742100341.118133,-76,-57,-102
1742100341.1531332,29,-91,-22
1742100341.1891332,-84,-59,-6
1742100341.224133,-30,-51,31
1742100341.260133,55,-11,23
1742100341.295133,99,-29,-62
1742100341.3311331,13,54,-52
1742100341.366133,-16,-37,-22
1742100341.401133,-2,50,35
1742100341.437133,-16,40,-10
1742100341.4721332,89,2,-82
1742100341.5081332,-4,56,5
1742100341.543133,59,-21,-126
1742100341.579133,-20,68,5
1742100341.6141331,0,-65,-30
1742100341.649133,-24,-5,17
1742100341.685133,-45,36,-56
1742100341.720133,-17,-33,75
1742100341.756133,-49,-21,-32
1742100341.7911332,-31,-5,5
1742100341.8271332,26,82,-62
1742100341.862133,-17,34,-82
1742100341.897133,-61,2,-12
1742100341.9331331,-21,2,-26
1742100341.968133,82,38,-108
1742100342.004133,52,-27,-22
1742100342.039133,48,-103,-20
1742100342.0741332,-9,60,-172
1742100342.109133,44,6,43
1742100342.145133,-43,42,-54
1742100342.181133,-25,38,147
1742100342.216133,66,0,-14
1742100342.2521331,-63,40,-64
1742100342.287133,8,126,-136
1742100342.322133,28,6,-78
1742100342.3571332,54,-19,-18
1742100342.3931332,4,-31,-48
1742100342.4291332,-25,2,-166
1742100342.464133,-53,-55,-78
1742100342.500133,0,42,-128
1742100342.5351331,-56,36,-24
1742100342.570133,6,10,-32
1742100342.605133,2,-17,-168
1742100342.641133,-39,-31,25
1742100342.677133,56,68,-90
1742100342.7121332,2,-9,21
1742100342.7481332,-9,0,-26
1742100342.783133,-9,-15,-82
1742100342.818133,-15,12,-44
1742100342.8531332,-59,14,-118
1742100342.889133,-41,-3,-92
1742100342.925133,6,28,-64
1742100342.960133,-99,48,-82
1742100342.996133,-19,-55,13
1742100343.0311332,-3,14,-142
1742100343.066133,-56,52,-128
1742100343.101133,-20,54,63
1742100343.1371331,31,74,-86
1742100343.1731331,26,-31,-10
1742100343.208133,28,50,-106
1742100343.244133,-61,74,3
1742100343.279133,-32,16,0
1742100343.3141332,97,8,59
1742100343.349133,63,86,0
1742100343.385133,-62,-101,-2
1742100343.421133,37,46,-156
1742100343.4561331,9,4,-98
1742100343.4921331,-22,74,-112
1742100343.527133,-30,82,-56
1742100343.562133,-20,28,25
1742100343.5971332,13,16,-256
1742100343.6331332,45,28,97
1742100343.6691332,-62,36,-84
1742100343.704133,61,56,37
1742100343.740133,3,-79,-150
1742100343.7751331,9,-3,-7
1742100343.810133,59,-35,-59
1742100343.845133,-30,98,-9
1742100343.881133,7,-19,-27
1742100343.917133,37,-13,-119
1742100343.9521332,-18,14,-51
1742100343.9881332,19,-87,-105
1742100344.023133,-112,48,-39
1742100344.0581331,49,60,-69
1742100344.093133,9,12,-65
1742100344.129133,-2,-73,-53
1742100344.165133,9,8,-37
1742100344.200133,21,8,-3
1742100344.236133,3,26,0
1742100344.2711332,77,-77,-127
1742100344.306133,27,-35,14
1742100344.341133,7,2,-107
1742100344.3771331,29,-33,-53
1742100344.4131331,-50,-21,0
1742100344.448133,35,6,-77
1742100344.484133,-44,8,-113
1742100344.519133,41,2,50
1742100344.5541332,67,-11,-101
1742100344.589133,-24,8,24
1742100344.625133,57,8,-25
1742100344.661133,-16,-1,-57
1742100344.6961331,59,42,-95
1742100344.7321332,-26,38,-59
1742100344.767133,-18,2,-59
1742100344.802133,13,-21,50
1742100344.8371332,-16,76,-41
1742100344.8731332,4,-51,40
1742100344.9091332,-25,-1,-203
1742100344.944133,-27,108,-171
1742100344.980133,52,20,-107
1742100345.0151331,79,5,-27
1742100345.050133,-91,5,-25
1742100345.085133,-7,-24,-87
1742100345.121133,10,19,-61
1742100345.157133,-33,107,-31
1742100345.1921332,16,33,-5
1742100345.2281332,18,-14,10
1742100345.263133,-43,21,40
1742100345.2981331,78,29,-3
1742100345.333133,-33,-32,-35
1742100345.369133,32,89,-63
1742100345.405133,8,33,10
1742100345.440133,8,14,-161
1742100345.476133,2,-23,80
1742100345.5111332,16,-48,-91
1742100345.546133,42,-38,14
1742100345.5811331,-23,-11,-77
1742100345.6171331,-25,44,-67
1742100345.6531332,18,38,28
1742100345.688133,-25,-5,-79
1742100345.724133,-43,-21,24
1742100345.759133,-8,-23,-69
1742100345.7941332,9,88,-121
1742100345.829133,-18,-23,-49
1742100345.865133,49,-81,-29
1742100345.901133,33,-5,-43
1742100345.9361331,-38,-9,-141
1742100345.9721332,1,-31,-27
1742100346.007133,-16,-37,68
1742100346.042133,-8,-15,-41
1742100346.0771332,-36,-3,-75
1742100346.1131332,55,24,14
1742100346.149133,59,-31,-77
1742100346.184133,27,-15,-7
1742100346.220133,33,-61,-91
1742100346.2551332,-24,95,-111
1742100346.290133,-12,6,24
1742100346.326133,15,40,-71
1742100346.361133,-22,-21,-19
1742100346.397133,-48,-25,40
1742100346.4321332,131,-13,-35
1742100346.468133,29,2,-111
1742100346.503133,-10,36,-40
1742100346.5381331,-28,-17,-127
1742100346.5741332,-30,14,-7
1742100346.609133,-13,34,-118
1742100346.645133,8,16,55
1742100346.680133,-11,24,-58
1742100346.716133,24,0,3
1742100346.751133,20,33,-80
1742100346.786133,12,-6,-56
1742100346.822133,10,13,-36
1742100346.8571332,-29,7,-79
1742100346.8931332,20,-26,-42
1742100346.928133,6,-20,-78
1742100346.964133,14,29,-154
1742100346.999133,-13,13,-82
1742100347.0341332,-13,-8,-10
1742100347.070133,-53,59,0
1742100347.105133,14,50,-30
1742100347.141133,-3,-48,-136
1742100347.1761332,-19,-46,37
1742100347.2121332,-3,-5,-81
1742100347.247133,-53,-52,-37
1742100347.282133,4,52,-27
1742100347.318133,-79,-41,8
1742100347.3531332,94,-19,-68
1742100347.389133,-65,-73,43
1742100347.424133,-65,-73,-83
1742100347.460133,88,-79,-52
1742100347.4951332,8,84,77
1742100347.530133,-5,-81,-134
1742100347.566133,-47,-71,-82
1742100347.601133,86,65,-88
1742100347.6371331,4,-86,-44
1742100347.672133,-45,-32,-196
1742100347.708133,-39,27,-22
1742100347.743133,-17,45,-72
1742100347.7781332,-21,-32,21
1742100347.8141332,74,-8,-44
1742100347.849133,50,0,-42
1742100347.885133,-10,69,47
1742100347.920133,30,35,19
1742100347.9561331,-50,69,-96
1742100347.991133,-6,-6,-36
1742100348.026133,0,81,33
1742100348.069133,-60,-44,-144
1742100348.105133,39,-44,-74
1742100348.141133,81,-16,-84
1742100348.1761332,-4,-34,-16
1742100348.2121332,0,33,27
1742100348.247133,13,-38,-30
1742100348.282133,57,-10,37
1742100348.318133,-14,-18,-100
1742100348.3531332,51,-18,-28
1742100348.389133,39,-27,-32
1742100348.424133,-8,-3,-60
1742100348.4591331,-34,16,-46
1742100348.494133,105,73,-180
1742100348.530133,-46,33,-82
1742100348.566133,-26,35,-54
1742100348.601133,15,-5,-50
1742100348.6371331,-14,24,-60
1742100348.672133,39,-47,-44
1742100348.707133,29,-6,-84
1742100348.7421331,-170,-42,-38
1742100348.7781332,43,23,-170
1742100348.8141332,-60,-85,-74
1742100348.849133,53,50,-58
1742100348.885133,119,25,-114
1742100348.920133,-16,-30,-86
1742100348.9551332,-24,-40,37
1742100348.990133,-4,-62,-108
1742100349.026133,-18,32,37
1742100349.062133,-66,72,29
1742100349.0971332,-36,0,-162
1742100349.1331332,113,-15,-62
1742100349.168133,-26,0,75
1742100349.203133,-90,98,9
1742100349.2381332,9,38,-80
1742100349.274133,-48,26,-28
1742100349.310133,1,44,-26
1742100349.345133,-44,18,-30
1742100349.381133,25,-17,13
1742100349.4161332,67,77,29
1742100349.451133,15,70,-78
1742100349.486133,-56,17,27
1742100349.522133,-36,0,51
1742100349.5581331,-22,66,-108
1742100349.593133,77,-23,-32
1742100349.629133,29,-61,-82
1742100349.664133,9,-14,85
1742100349.6991332,73,1,9
1742100349.734133,-12,-20,-118
1742100349.770133,33,3,5
1742100349.806133,33,6,-106
1742100349.841133,25,6,-108
1742100349.8771331,11,2,11
1742100349.912133,27,66,-138
1742100349.947133,101,14,-164
1742100349.9821332,29,-8,-128
1742100350.0181332,35,-4,-32
1742100350.0541332,9,-80,-100
1742100350.089133,-10,49,-14
1742100350.125133,-56,31,-78
1742100350.1601331,-42,59,-30
1742100350.195133,47,23,-72
1742100350.230133,-20,-34,-54
1742100350.266133,-41,29,-128
1742100350.302133,-88,23,-50
1742100350.3371332,-44,-12,-66
1742100350.3731332,10,31,0
1742100350.408133,-8,-22,-58
1742100350.443133,-5,-28,-4
1742100350.4781332,16,-46,-156
1742100350.514133,2,39,-72
1742100350.550133,-83,29,-64
1742100350.585133,-37,-36,-4
1742100350.621133,7,49,-20
1742100350.6561332,-68,15,-96
1742100350.691133,117,33,-138
1742100350.726133,-18,47,29
1742100350.7621331,3,-22,-50
1742100350.7981331,27,31,-66
1742100350.833133,35,25,91
1742100350.869133,-24,25,-134
1742100350.904133,-40,-30,-14
1742100350.9391332,-30,27,-58
1742100350.974133,-10,-15,-72
1742100351.010133,17,48,-104
1742100351.046133,39,24,43
1742100351.0811331,-74,30,-128
1742100351.1171331,18,-10,-156
1742100351.152133,38,59,-34
1742100351.187133,58,-80,33
1742100351.2221332,60,0,-66
1742100351.2581332,49,-14,23
1742100351.2941332,-69,31,-104
1742100351.329133,-21,-52,-62
1742100351.365133,16,-14,-12
1742100351.4001331,0,-2,-25
1742100351.435133,22,-8,6
1742100351.470133,54,135,-31
1742100351.506133,64,49,-105
1742100351.542133,-7,55,-33
1742100351.5771332,18,63,-25
1742100351.6131332,-3,3,-73
1742100351.648133,-39,31,-9
1742100351.6831331,-23,-20,-117
1742100351.718133,0,21,-59
1742100351.754133,-100,73,-5
1742100351.790133,7,-6,-105
1742100351.825133,53,1,-105
1742100351.861133,45,57,-91
1742100351.8961332,17,57,-108
1742100351.931133,1,45,-110
1742100351.966133,-1,-8,-60
1742100352.0021331,-144,0,-37
1742100352.0381331,-46,-42,-166
1742100352.073133,18,9,36
1742100352.109133,-17,-2,-91
1742100352.144133,16,3,-3
1742100352.1791332,30,-50,-156
1742100352.214133,12,-58,3
1742100352.250133,-31,33,-91
1742100352.286133,-23,11,-90
1742100352.3211331,128,-58,-50
1742100352.3571332,34,-4,-82
1742100352.392133,18,33,-106
1742100352.427133,6,17,7
1742100352.4621332,-27,-76,-62
1742100352.4981332,-3,81,0
1742100352.5341332,32,-68,-62
1742100352.569133,-3,-40,-10
1742100352.605133,-69,17,-42
1742100352.6401331,78,-68,-118
1742100352.675133,16,-38,-34
1742100352.711133,-105,-44,-6
1742100352.746133,22,95,-18
1742100352.782133,14,15,7
1742100352.8171332,-31,-48,-56
1742100352.8531332,8,-14,-158
1742100352.888133,6,-78,-130
1742100352.9231331,12,-76,-4
1742100352.9591331,32,13,95
1742100352.994133,14,37,-56
1742100353.030133,-81,19,-92
1742100353.065133,-6,-4,-46
1742100353.101133,-17,-2,-14
1742100353.1361332,33,21,-112
1742100353.171133,-4,51,-40
1742100353.207133,-52,3,-18
1742100353.2421331,-8,0,-84
1742100353.2781332,-14,-56,-2
1742100353.313133,-28,-122,-112
1742100353.349133,-62,-35,-188
1742100353.384133,-64,9,-174
1742100353.4191332,-62,-71,-110
1742100353.4551332,37,62,-28
1742100353.490133,57,-25,-61
1742100353.526133,-58,6,-85
1742100353.5611331,-88,4,-4
1742100353.5971332,7,10,-116
1742100353.632133,-72,-21,-18
1742100353.667133,-96,28,50
1742100353.703133,-52,23,-32
1742100353.7381332,55,46,-32
1742100353.774133,99,-21,-10
1742100353.809133,-22,8,-76
1742100353.845133,-12,26,-110
1742100353.8801332,43,31,-50
1742100353.915133,-100,-5,-42
1742100353.951133,-8,84,31
1742100353.986133,7,-26,-126
1742100354.022133,35,42,-119
1742100354.0571332,13,-23,-19
1742100354.093133,17,-87,-11
1742100354.128133,-46,-21,108
1742100354.1631331,-12,4,-15
1742100354.1991332,-114,18,-97
1742100354.234133,-18,-1,-1
1742100354.270133,-8,16,-47
1742100354.305133,41,-51,-32
1742100354.341133,-34,62,-66
1742100354.376133,-2,38,56
1742100354.411133,19,26,-165
1742100354.447133,-36,63,-18
1742100354.4821332,19,3,-112
1742100354.5181332,13,119,45
1742100354.553133,13,-52,-178
1742100354.589133,73,-14,-141
1742100354.624133,-34,-18,-54
1742100354.6591332,-18,-28,-88
1742100354.695133,5,35,-5
1742100354.730133,-47,21,-22
1742100354.766133,-40,-48,-70
1742100354.8011332,99,59,-76
1742100354.8371332,7,-32,7
1742100354.8731332,-2,-28,3
1742100354.9091332,71,49,-82
1742100354.945133,-2,13,-48
1742100354.981133,81,65,-140
1742100355.017133,-66,-54,3
1742100355.052133,39,-66,-50
1742100355.0871332,-12,23,-150
1742100355.1231332,53,-32,-136
1742100355.1591332,-20,-42,-28
1742100355.194133,69,95,-17
1742100355.230133,3,41,-162
1742100355.2651331,-22,13,-116
1742100355.300133,-18,63,15
1742100355.335133,17,69,63
1742100355.371133,-18,19,-171
1742100355.407133,-44,3,-22
1742100355.4421332,-18,25,-39
1742100355.4781332,-30,5,-101
1742100355.513133,-30,11,-89
1742100355.5481331,1,79,-13
1742100355.583133,15,31,12
1742100355.619133,39,17,-29
1742100355.655133,14,67,-21
1742100355.690133,-26,-8,-85
1742100355.726133,21,99,-147
1742100355.7611332,-52,-30,-33
1742100355.796133,-58,-12,50
1742100355.8311331,31,72,68
1742100355.8671331,-8,-23,-137
1742100355.9031332,47,68,50
1742100355.938133,16,24,142
1742100355.974133,-35,-13,12
1742100356.009133,-4,54,4
1742100356.0441332,94,-40,-93
1742100356.079133,40,-34,-113
1742100356.115133,38,3,76
1742100356.151133,22,-30,-151
1742100356.1861331,0,0,-51
1742100356.2221332,14,-68,-94
1742100356.257133,20,-28,-162
1742100356.292133,8,9,-64
1742100356.3271332,-31,53,-85
1742100356.3631332,-33,-18,-33
1742100356.399133,33,23,-111
1742100356.434133,45,-42,-95
1742100356.470133,69,45,10
1742100356.5051332,-6,-20,-63
1742100356.540133,17,-10,-159
1742100356.575133,101,-13,-87
1742100356.611133,1,14,-233
1742100356.647133,-54,-3,-125
1742100356.6821332,-4,6,-147
1742100356.718133,-22,-5,-103
1742100356.753133,1,32,-49
1742100356.7881331,-29,-55,-47
1742100356.823133,9,-17,44
1742100356.859133,-21,-43,42
1742100356.895133,50,42,24
1742100356.930133,-39,28,-71
1742100356.966133,48,18,2
1742100357.001133,-67,-39,-144
1742100357.036133,0,-11,-43
1742100357.0711331,-23,4,30
1742100357.1071332,78,-33,-115
1742100357.1431332,-9,24,-1
1742100357.178133,18,34,-14
1742100357.214133,0,-43,50
1742100357.249133,0,-61,-85
1742100357.2841332,-41,-5,34
1742100357.319133,-13,12,80
1742100357.355133,48,-13,-41
1742100357.391133,30,84,-69
1742100357.4261332,4,-29,-73
1742100357.4621332,16,-27,34
1742100357.497133,38,22,66
1742100357.532133,16,20,-69
1742100357.5671332,2,-51,-143
1742100357.6031332,-51,-17,-63
1742100357.639133,40,-15,-71
1742100357.674133,-23,-9,30
1742100357.710133,12,-81,20
1742100357.7451332,4,32,-5
1742100357.780133,4,-19,116
1742100357.815133,57,-5,-115
1742100357.851133,69,-49,22
1742100357.8871331,35,-27,-29
1742100357.922133,-2,-37,22
1742100357.958133,-2,-15,-77
1742100357.993133,25,48,70
1742100358.0281332,-16,-97,4
1742100358.0711331,61,-49,-65
1742100358.1071332,-20,44,-15
1742100358.1431332,-62,24,-63
1742100358.178133,45,-54,-111
1742100358.214133,35,-24,-33
1742100358.249133,-14,-35,-69
1742100358.2841332,17,-23,-97
1742100358.319133,61,5,-23
1742100358.355133,23,23,-165
1742100358.391133,51,-21,2
1742100358.4261332,-16,-17,-75
1742100358.4621332,-34,-2,-51
1742100358.497133,125,-17,12
1742100358.532133,59,76,-61
1742100358.5671332,-74,-45,-73
1742100358.6031332,-12,-41,-53
1742100358.639133,43,-24,12
1742100358.674133,43,21,-31
1742100358.710133,7,-40,-15
1742100358.7451332,-50,81,-13
1742100358.780133,9,27,-11
1742100358.815133,-43,-6,-29
1742100358.851133,-25,-26,8
1742100358.8871331,-17,53,-97
1742100358.922133,30,-28,32
1742100358.958133,11,-106,-47
1742100358.993133,-67,-48,-55
1742100359.0281332,-17,-17,-69
1742100359.0641332,-12,11,-60
1742100359.099133,-27,-29,97
1742100359.135133,-25,48,-62
1742100359.170133,77,27,-76
1742100359.2061331,-16,33,25
1742100359.241133,-24,-58,-58
1742100359.276133,35,64,17
1742100359.312133,21,-16,75
1742100359.3471332,-2,-38,53
1742100359.3831332,33,1,-96
1742100359.418133,79,-26,-86
1742100359.454133,65,-18,-44
1742100359.4891331,-40,21,-144
1742100359.524133,-28,-13,-63
1742100359.560133,45,-22,-41
1742100359.595133,31,12,54
1742100359.631133,-20,-50,-139
1742100359.6661332,-32,13,-95
1742100359.7021332,13,-30,-57
1742100359.737133,5,35,-51
1742100359.772133,25,-80,-23
1742100359.8081331,37,-16,-35
1742100359.843133,-22,45,-19
1742100359.879133,-18,-96,-74
1742100359.914133,-56,3,-139
1742100359.950133,3,9,-14
1742100359.9851332,-66,-36,-159
1742100360.020133,-76,-78,-37
1742100360.056133,-16,7,-63
1742100360.091133,15,-26,88
1742100360.1271331,15,-4,-107
1742100360.162133,-4,-56,-36
1742100360.198133,60,13,-100
1742100360.233133,60,0,-60
1742100360.2681332,-11,-26,-4
1742100360.3041332,-12,-34,-6
1742100360.339133,72,-28,-136
1742100360.375133,-24,-26,-68
1742100360.4101331,-36,-14,-68
1742100360.4461331,9,20,-122
1742100360.481133,5,20,-14
1742100360.516133,-4,90,49
1742100360.552133,-3,7,45
1742100360.5871332,15,-26,-170
1742100360.6231332,27,-9,-68
1742100360.658133,79,-49,-86
1742100360.694133,37,7,-96
1742100360.7291331,-10,-70,29
1742100360.764133,31,-72,-106
1742100360.800133,-66,-38,-150
1742100360.835133,13,5,31
1742100360.871133,29,-34,-26
1742100360.9061332,19,13,-58
1742100360.9421332,7,-6,-104
1742100360.977133,27,-12,-59
1742100361.0121331,-62,53,-81
1742100361.0481331,19,-28,-59
1742100361.083133,17,-20,102
1742100361.119133,-22,31,-166
1742100361.154133,29,17,75
1742100361.190133,-22,-22,-12
1742100361.2251332,-44,-62,-8
1742100361.260133,-28,6,-64
1742100361.296133,61,-88,-52
1742100361.3311331,-6,32,57
1742100361.3671331,-84,30,-48
1742100361.402133,-8,-71,-118
1742100361.437133,-58,14,75
1742100361.4721332,53,-9,-28
1742100361.5081332,-20,-73,-4
1742100361.5441332,-20,-79,-110
1742100361.579133,17,-45,-80
1742100361.615133,17,-1,35
1742100361.6501331,-36,-77,-56
1742100361.685133,-66,-1,-54
1742100361.720133,-18,-1,-64
1742100361.756133,47,-23,5
1742100361.792133,-24,-31,-96
1742100361.8271332,67,10,-66
1742100361.8631332,7,2,17
1742100361.898133,-7,12,-58
1742100361.9331331,-12,26,9
1742100361.968133,66,-7,-54
1742100362.004133,-57,22,17
1742100362.040133,50,-9,-90
1742100362.075133,18,36,-46
1742100362.111133,28,-31,-2
1742100362.1461332,46,-43,-6
1742100362.181133,10,26,-172
1742100362.216133,70,-41,43
1742100362.2521331,-66,-20,-26
1742100362.2881331,-17,-21,-132
1742100362.323133,30,-6,43
1742100362.359133,-108,-30,-124
1742100362.394133,-73,17,-70
1742100362.4291332,6,-18,-140
1742100362.464133,46,-14,-80
1742100362.500133,-57,-40,-36
1742100362.536133,24,70,59
1742100362.5711331,-5,29,-40
1742100362.6071332,-9,30,-4
1742100362.642133,18,36,-130
1742100362.677133,66,-25,-96
1742100362.7121332,28,3,-38
1742100362.7481332,-9,-73,5
1742100362.7841332,-75,-31,-4
1742100362.819133,36,20,7
1742100362.855133,-21,-17,-50
1742100362.8901331,36,-83,21
1742100362.925133,-85,-19,-66
1742100362.960133,24,-1,49
1742100362.996133,64,-1,-66
1742100363.032133,-69,-7,25
1742100363.0671332,44,16,-8
1742100363.1031332,0,44,-33
1742100363.138133,30,4,-19
1742100363.1731331,-45,62,-37
1742100363.208133,98,-11,-69
1742100363.244133,-1,-23,-69
1742100363.280133,1,10,-7
1742100363.315133,-10,-1,-145
1742100363.351133,-86,-65,-91
1742100363.3861332,1,10,-83
1742100363.421133,6,-93,-9
1742100363.4561331,56,16,-165
1742100363.4921331,18,46,-45
1742100363.5281332,-15,-29,-99
1742100363.563133,-61,-19,8
1742100363.599133,74,30,-41
1742100363.634133,12,-71,-35
1742100363.6691332,-59,20,-63
1742100363.704133,-47,34,-63
1742100363.740133,-51,-57,-115
1742100363.776133,13,6,-114
1742100363.8111331,86,14,-48
1742100363.8471332,56,10,-56
1742100363.882133,-13,-51,24
1742100363.917133,50,-11,11
1742100363.9521332,-5,30,-40
1742100363.9881332,6,-33,11
1742100364.024133,34,46,-72
1742100364.059133,-83,20,-172
1742100364.095133,34,32,-2
1742100364.1301332,-31,36,-130
1742100364.165133,22,6,-60
1742100364.200133,72,-23,-2
1742100364.236133,-7,-9,-32
1742100364.272133,12,30,-36
1742100364.3071332,-22,-11,-80
1742100364.343133,26,48,-102
1742100364.378133,46,-45,17
1742100364.4131331,-5,42,-70
1742100364.448133,44,-1,-98
1742100364.484133,14,24,-226
1742100364.520133,-45,8,-42
1742100364.555133,148,-17,61
1742100364.591133,-53,-109,29
1742100364.626133,28,40,-50
1742100364.661133,14,-7,-134
1742100364.6961331,16,100,-70
1742100364.7321332,2,10,-78
1742100364.7681332,80,-37,-188
1742100364.803133,104,48,19
1742100364.839133,-5,30,-108
1742100364.874133,-21,22,-168
1742100364.9091332,8,2,-98
1742100364.944133,-57,-59,-64
1742100364.980133,6,8,-68
1742100365.016133,-23,-2,-50
1742100365.0511332,-43,-28,9
1742100365.0871332,-35,-22,-24
1742100365.122133,-3,25,-82
1742100365.157133,-7,-86,-168
1742100365.1921332,-55,5,9
1742100365.2281332,112,-54,-8
1742100365.264133,80,5,-34
1742100365.299133,22,-46,-90
1742100365.335133,-41,65,-18
1742100365.3701332,26,69,-10
1742100365.405133,-75,-28,-64
1742100365.441133,-83,79,-38
1742100365.476133,36,47,-58
1742100365.5121331,-13,-20,-118
1742100365.547133,10,-20,63
1742100365.583133,-21,47,-68
1742100365.618133,-9,13,-32
1742100365.6531332,26,1,-70
1742100365.6891332,-1,-20,-36
1742100365.724133,-53,5,-6
1742100365.760133,-35,-4,-60
1742100365.795133,59,80,-146
1742100365.8311331,9,-1,1
1742100365.866133,5,17,-40
1742100365.901133,-55,43,27
1742100365.937133,-30,26,-154
1742100365.9721332,77,49,-134
1742100366.0081332,-60,-45,-90
1742100366.043133,27,24,-109
1742100366.079133,117,-27,-115
1742100366.1141331,19,-71,14
1742100366.149133,-46,-35,84
1742100366.185133,-8,4,-121
1742100366.220133,-62,-65,-95
1742100366.256133,-4,-21,-92
1742100366.2911332,-56,-47,-153
1742100366.3271332,95,48,-193
1742100366.362133,69,16,-56
1742100366.397133,-30,34,-16
1742100366.4331331,-28,-35,-76
1742100366.468133,-4,-25,-145
1742100366.504133,45,5,-10
1742100366.539133,8,29,-126
1742100366.575133,-30,-34,-152
1742100366.6101332,-72,-26,-54
1742100366.645133,55,-72,-180
1742100366.681133,-10,21,-16
1742100366.716133,103,-66,-42
1742100366.7521331,-74,21,-88
1742100366.787133,55,11,0
1742100366.823133,-10,61,-150
1742100366.858133,-6,-36,-26
1742100366.8931332,-51,37,-18
1742100366.9291332,-69,25,-6
1742100366.964133,42,-6,-172
1742100367.000133,30,3,-26
1742100367.0351331,-7,-6,77
1742100367.0711331,4,25,71
1742100367.106133,0,0,31
1742100367.141133,46,33,17
1742100367.177133,4,35,-52
1742100367.2121332,-27,-74,-106
1742100367.2481332,24,1,13
1742100367.283133,-11,29,-44
1742100367.319133,0,-20,-44
1742100367.3541331,-9,-24,-36
1742100367.389133,36,-2,-44
1742100367.425133,-45,1,-52
1742100367.460133,6,19,-74
1742100367.496133,12,91,28
1742100367.5311332,-13,-8,24
1742100367.5671332,-55,-66,-91
1742100367.602133,34,-76,16
1742100367.6371331,-43,-10,-225
1742100367.6731331,44,-2,-71
1742100367.708133,-63,-22,-60
1742100367.744133,8,97,17
1742100367.779133,-5,23,-74
1742100367.8141332,-11,8,-178
1742100367.849133,2,70,40
1742100367.885133,-5,4,-127
1742100367.921133,36,36,10
1742100367.9561331,-29,30,-41
1742100367.9921331,-7,42,-21
1742100368.0281332,28,-59,-31
1742100368.0641332,-9,4,-41
1742100368.106133,-21,48,-31
1742100368.142133,56,-29,72
1742100368.177133,-21,48,32
1742100368.213133,60,4,-111
1742100368.249133,12,20,-39
1742100368.2841332,22,52,-193
1742100368.320133,26,68,-61
1742100368.355133,-1,4,-21
1742100368.3901331,-99,-86,-15
1742100368.425133,42,-49,84
1742100368.461133,-61,29,-93
1742100368.497133,-35,-81,-9
1742100368.532133,-61,62,28
1742100368.568133,-23,-37,-37
1742100368.6031332,18,-7,-41
1742100368.638133,4,10,-1
1742100368.6731331,-21,-21,-49
1742100368.7091331,-35,32,-23
1742100368.7451332,10,-23,22
1742100368.780133,6,-5,-173
1742100368.816133,2,0,32
1742100368.851133,20,10,-135
1742100368.8861332,-13,-3,70
1742100368.921133,20,16,24
1742100368.957133,50,34,-169
1742100368.993133,44,18,-9
1742100369.0281332,-31,-5,-45
1742100369.0641332,24,-29,-143
1742100369.099133,44,-61,-151
1742100369.134133,36,-25,-117
1742100369.1691332,20,26,64
1742100369.2051332,-73,-31,8
1742100369.241133,34,34,-181
1742100369.276133,-11,20,-195
1742100369.312133,6,6,-7
1742100369.3471332,-3,-23,-107
1742100369.382133,2,70,-103
1742100369.417133,26,-1,-171
1742100369.453133,0,40,-115
1742100369.4891331,28,22,-59
1742100369.524133,-9,26,-149
1742100369.560133,96,-19,12
1742100369.595133,52,18,-117
1742100369.6301332,0,80,-137
1742100369.665133,-43,32,-95
1742100369.701133,34,56,-3
1742100369.737133,-7,86,24
1742100369.772133,60,86,-63
1742100369.8081331,30,30,-71
1742100369.843133,24,-1,-131
1742100369.878133,-67,68,-39
1742100369.9131331,-23,-9,-111
1742100369.9491332,42,0,-73
1742100369.9851332,-9,-35,8
1742100370.020133,0,48,-123
1742100370.056133,50,82,-63
1742100370.091133,70,20,-17
1742100370.126133,-85,-87,-87
1742100370.161133,28,74,82
1742100370.197133,32,-31,-119
1742100370.233133,-21,-36,-19
1742100370.2681332,38,-26,-37
1742100370.3041332,8,0,-113
1742100370.339133,-35,-48,-61
1742100370.374133,82,18,-133
1742100370.4091332,10,-11,-17
1742100370.445133,60,-33,-139
1742100370.481133,-21,32,-163
1742100370.516133,32,94,36
1742100370.552133,-21,-37,106
1742100370.5871332,28,26,-77
1742100370.622133,84,73,-25
1742100370.657133,-65,14,-57
1742100370.693133,64,24,8
1742100370.7291331,6,-11,-5
1742100370.764133,46,36,-121
1742100370.800133,18,20,-179
1742100370.835133,10,-69,-13
1742100370.8701332,80,-19,-133
1742100370.905133,-19,4,-5
1742100370.941133,-37,-49,8
1742100370.977133,32,-1,-237
1742100371.0121331,0,12,-149
1742100371.0481331,-39,10,68
1742100371.083133,-9,68,-51
1742100371.118133,-45,-1,-127
1742100371.1531332,58,-7,-169
1742100371.1891332,-13,6,-13
1742100371.2251332,22,6,-25
1742100371.260133,-19,48,24
1742100371.296133,80,34,54
1742100371.3311331,24,-69,-9
1742100371.366133,0,-5,-115
1742100371.401133,40,20,-71
1742100371.437133,98,34,-169
1742100371.473133,-11,0,-131
1742100371.5081332,64,-53,-161
1742100371.5441332,78,-13,-39
1742100371.579133,-41,-19,-11
1742100371.6141331,-3,118,-107
1742100371.649133,6,-55,-159
1742100371.685133,12,2,-107
1742100371.721133,-17,-13,-91
1742100371.756133,86,-15,-67
1742100371.792133,42,-5,-23
1742100371.8271332,-19,-27,-139
1742100371.862133,-7,16,-77
1742100371.898133,-17,-43,-61
1742100371.9331331,78,8,-81
1742100371.9691331,64,-65,-101
1742100372.004133,-49,56,-97
1742100372.040133,-37,58,-89
1742100372.075133,-25,-19,-39
1742100372.1101332,-55,-59,-1
1742100372.1461332,18,-1,136
1742100372.181133,-15,-17,-101
1742100372.217133,-1,-29,-119
1742100372.2521331,-7,-29,-129
1742100372.2881331,-13,50,22
1742100372.323133,-17,6,-167
1742100372.358133,-55,-1,-83
1742100372.394133,93,-37,-133
1742100372.4291332,-28,-61,-51
1742100372.4651332,-12,-9,-93
1742100372.500133,-4,36,-37
1742100372.536133,17,0,-71
1742100372.5711331,-12,-61,-60
1742100372.606133,15,-15,-17
1742100372.642133,42,-31,32
1742100372.677133,66,4,-27
1742100372.713133,46,42,-29
1742100372.7481332,-45,-9,-103
1742100372.7841332,-3,18,-67
1742100372.819133,14,-37,-110
1742100372.8541331,38,80,39
1742100372.8901331,40,112,5
1742100372.925133,-9,-33,-124
1742100372.961133,10,12,-34
1742100372.996133,-1,-45,-72
1742100373.032133,-53,6,-160
1742100373.0671332,8,110,-182
1742100373.102133,70,-33,-18
1742100373.138133,44,8,-72
1742100373.1731331,-125,36,-154
1742100373.2091331,-1,-3,-150
1742100373.244133,-5,32,-24
1742100373.280133,26,68,-18
1742100373.315133,-25,-61,-52
1742100373.3501332,6,-21,-158
1742100373.3861332,18,-13,-210
1742100373.421133,32,-73,-64
1742100373.457133,2,20,-122
1742100373.4921331,-27,-39,-84
1742100373.5281332,22,4,-72
1742100373.563133,-19,14,-46
1742100373.598133,-37,-15,-122
1742100373.634133,-75,-23,25
1742100373.6691332,-19,-26,0
1742100373.7051332,106,25,-34
1742100373.740133,-37,-6,0
1742100373.776133,38,-40,-10
1742100373.8111331,16,9,-162
1742100373.846133,-53,-26,29
1742100373.882133,-7,6,-64
1742100373.917133,-63,-35,-174
1742100373.953133,28,38,-110
1742100373.9881332,34,18,-70
1742100374.024133,50,-8,1
1742100374.059133,-41,13,-170
1742100374.0941331,-3,-34,-110
1742100374.1301332,22,87,5
1742100374.165133,-19,-54,-66
1742100374.201133,-15,3,-106
1742100374.236133,-87,-13,-92
1742100374.272133,-11,-3,3
1742100374.3081331,24,-59,-56
1742100374.343133,-3,-31,-22
1742100374.378133,-67,74,-38
1742100374.414133,2,-21,-2
1742100374.450133,20,15,89
1742100374.4851332,80,-28,-8
1742100374.5211332,38,-13,-108
1742100374.556133,-9,-21,-76
1742100374.591133,-77,-75,-44
1742100374.626133,80,52,-88
1742100374.662133,-45,52,101
1742100374.698133,32,16,-24
1742100374.733133,-31,70,-8
1742100374.769133,-25,6,-72
1742100374.8041332,22,14,-122
1742100374.839133,-19,36,-48
1742100374.874133,44,6,-98
1742100374.9101331,-55,-23,-22
1742100374.9461331,44,18,-6
1742100374.981133,34,2,-26
1742100375.017133,74,32,-142
1742100375.052133,-33,2,-136
1742100375.0871332,-15,40,-114
1742100375.122133,-5,-15,-130
1742100375.158133,4,18,-18
1742100375.194133,68,40,-78
1742100375.2291331,78,-67,-118
1742100375.2651331,-27,-10,-56
1742100375.300133,16,-28,19
1742100375.335133,28,47,27
1742100375.3701332,-9,47,-98
1742100375.4061332,20,-49,-20
1742100375.4421332,6,21,-6
1742100375.477133,-15,-23,-20
1742100375.513133,-107,-139,-26
1742100375.5481331,0,-21,-12
1742100375.583133,-35,8,-108
1742100375.618133,0,48,27
1742100375.654133,-39,22,-54
1742100375.690133,14,-37,-54
1742100375.7251332,-41,-3,17
1742100375.7611332,66,26,-38
1742100375.796133,-13,-21,-104
1742100375.8311331,58,38,81
1742100375.866133,-53,50,21
1742100375.902133,40,-25,-171
1742100375.938133,-59,36,-25
1742100375.973133,32,46,-61
1742100376.009133,20,86,-79
1742100376.0441332,-37,-13,-169
1742100376.079133,-61,-21,-55
1742100376.1141331,34,-5,20
1742100376.1501331,26,36,30
1742100376.1861331,28,34,36
1742100376.221133,28,38,-149
1742100376.257133,-21,40,-53
1742100376.292133,38,2,48
1742100376.3271332,54,-53,-81
1742100376.362133,-5,52,-75
1742100376.398133,48,-25,-85
1742100376.434133,-15,88,18
1742100376.4691331,48,-57,10
1742100376.5051332,-1,6,14
1742100376.540133,12,4,36
1742100376.575133,18,-9,-161
1742100376.6101332,26,-55,-101
1742100376.6461332,22,-47,24
1742100376.6821332,-19,-11,-39
1742100376.717133,-57,-15,-69
1742100376.753133,26,-1,-49
1742100376.7881331,50,38,48
1742100376.823133,30,50,-165
1742100376.858133,-67,39,-25
1742100376.894133,-17,32,-15
1742100376.930133,0,8,-79
1742100376.9651332,30,8,-79
1742100377.001133,56,-51,-9
1742100377.036133,-65,2,-67
1742100377.0711331,-9,-1,38
1742100377.106133,-47,16,-85
1742100377.142133,-13,-1,-175
1742100377.178133,-45,12,-157
1742100377.213133,-43,8,54
1742100377.249133,20,-29,-161
1742100377.2841332,32,-3,-41
1742100377.319133,-41,-21,-45
1742100377.3541331,-57,25,-65
1742100377.3901331,-27,-8,110
1742100377.4261332,-67,2,-49
1742100377.461133,36,-69,-19
1742100377.497133,-1,-11,-131
1742100377.532133,20,-1,-69
1742100377.5671332,24,12,8
1742100377.602133,112,68,-23
1742100377.638133,10,-27,-175
1742100377.674133,50,-62,14
1742100377.7091331,-63,-32,-159
1742100377.7451332,-7,-20,-57
1742100377.780133,-23,-2,-171
1742100377.815133,4,-10,-169
1742100377.8501332,-127,-49,-53
1742100377.8861332,-11,44,-133
1742100377.922133,-91,6,70
1742100377.957133,40,-54,-109
1742100377.993133,-49,19,0
1742100378.0281332,60,23,-141
1742100378.063133,4,-12,-59
1742100378.098133,8,16,-51
1742100378.141133,-21,80,-101
1742100378.178133,-71,35,-37
1742100378.213133,-29,-23,-121
1742100378.249133,20,-12,-153
1742100378.2841332,82,-44,-111
1742100378.319133,6,-18,-69
1742100378.355133,-17,14,-6
1742100378.3901331,-103,-87,-54
1742100378.4261332,26,-11,21
1742100378.461133,10,-29,-171
1742100378.497133,-3,-39,-159
1742100378.532133,-89,46,-37
1742100378.5671332,42,-27,-87
1742100378.6031332,92,-27,-17
1742100378.638133,16,34,32
1742100378.674133,28,18,-51
1742100378.7091331,16,-37,40
1742100378.7451332,6,-3,-44
1742100378.780133,12,0,25
1742100378.815133,-19,10,-242
1742100378.851133,-5,-13,-32
1742100378.8861332,-9,-35,-36
1742100378.922133,0,20,0
1742100378.957133,76,30,-34
1742100378.993133,32,-69,-8
1742100379.0281332,-17,64,-102
1742100379.063133,104,14,-192
1742100379.099133,-87,-35,-100
1742100379.134133,28,-47,-34
1742100379.170133,-17,26,29
1742100379.2051332,32,2,-70
1742100379.241133,17,29,-22
1742100379.276133,80,17,7
1742100379.3111331,58,-36,-46
1742100379.3471332,-22,-52,-64
1742100379.382133,-28,-70,-68
1742100379.418133,-78,-12,-22
1742100379.453133,1,33,-60
1742100379.4891331,-6,-50,-36
1742100379.524133,35,-40,-24
1742100379.559133,23,23,55
1742100379.595133,33,-46,-104
1742100379.6301332,39,-20,-24
1742100379.6661332,100,18,-116
1742100379.701133,72,-43,-110
1742100379.737133,10,-17,-114
1742100379.772133,-45,6,15
1742100379.8071332,20,14,-142
1742100379.843133,-33,-3,-108
1742100379.878133,-61,-51,21
1742100379.914133,-3,-41,61
1742100379.9491332,56,-5,-16
1742100379.9851332,46,74,-150
1742100380.020133,12,44,-94
1742100380.055133,-37,32,-6
1742100380.091133,-5,10,-10
1742100380.126133,4,-19,81
1742100380.162133,20,25,43
1742100380.197133,-5,57,-140
1742100380.233133,-109,-26,-28
1742100380.2681332,-39,-37,-84
1742100380.303133,-39,12,59
1742100380.339133,-21,-57,-180
1742100380.374133,36,56,-58
1742100380.4101331,36,-57,-36
1742100380.445133,-55,-21,-68
1742100380.481133,-41,66,-88
1742100380.517133,-71,-21,-92
1742100380.553133,26,34,25
1742100380.589133,40,-1,-19
1742100380.624133,-5,10,-89
1742100380.6591332,36,32,-59
1742100380.695133,-5,0,14
1742100380.731133,58,-11,60
1742100380.766133,54,-57,-35
1742100380.802133,-31,20,-23
1742100380.8371332,30,-49,-17
1742100380.872133,80,-39,18
1742100380.907133,-17,-55,50
1742100380.943133,-53,22,-121
1742100380.9791331,10,-7,-121
1742100381.014133,-1,-31,-77
1742100381.050133,10,36,-143
1742100381.085133,10,0,34
1742100381.1201332,-69,28,-73
1742100381.155133,34,52,-1
1742100381.191133,0,44,-51
1742100381.227133,30,54,-73
1742100381.2621331,-13,32,-73
1742100381.2981331,-39,-7,-130
1742100381.333133,-51,-21,39
1742100381.368133,40,34,-22
1742100381.4031332,-57,-47,-134
1742100381.4391332,18,26,-40
1742100381.4751332,42,18,-18
1742100381.510133,98,-7,-16
1742100381.546133,12,14,-28
1742100381.5811331,-13,64,37
1742100381.616133,82,-27,-40
1742100381.651133,-41,-27,19
1742100381.687133,-37,18,22
1742100381.723133,-11,-5,21
1742100381.7581332,-69,-3,25
1742100381.7941332,-7,98,-17
1742100381.829133,-7,-73,-165
1742100381.8641331,-21,-65,-51
1742100381.899133,4,-11,-125
1742100381.935133,100,-5,-13
1742100381.971133,-37,38,-55
1742100382.006133,82,-67,-79
1742100382.042133,-43,-11,-31
1742100382.0771332,-49,-52,-45
1742100382.112133,-43,-28,26
1742100382.147133,14,15,-101
1742100382.1831331,0,47,-25
1742100382.2191331,0,-24,-123
1742100382.254133,0,41,66
1742100382.290133,20,7,104
1742100382.325133,32,87,10
1742100382.3601332,-69,-50,-67
1742100382.395133,-47,-6,-61
1742100382.431133,-35,9,-177
1742100382.467133,-93,-36,-85
1742100382.503133,-11,17,-65
1742100382.539133,18,9,18
1742100382.5741332,0,27,66
1742100382.6101332,22,23,-157
1742100382.645133,62,-30,-121
1742100382.680133,-53,-60,-133
1742100382.7151332,-9,-4,-151
1742100382.751133,8,-90,-17
1742100382.787133,-11,-44,-125
1742100382.822133,-23,15,-31
1742100382.858133,18,-54,-31
1742100382.8931332,70,0,-109
1742100382.928133,64,29,-99
1742100382.963133,-51,0,-149
1742100382.999133,70,55,44
1742100383.0351331,10,5,-35
1742100383.070133,-41,3,-127
1742100383.106133,80,7,-109
1742100383.141133,-49,-8,-97
1742100383.1761332,-29,71,-29
1742100383.211133,10,-48,14
1742100383.247133,2,27,-87
1742100383.283133,-24,89,-165
1742100383.318133,11,45,34
1742100383.3541331,51,33,-5
1742100383.389133,31,23,-79
1742100383.424133,-88,-38,16
1742100383.4591331,5,-30,-81
1742100383.4951332,9,-48,-139
1742100383.5311332,-68,7,-5
1742100383.566133,-66,65,-133
1742100383.602133,-126,-72,-69
1742100383.6371331,31,35,-125
1742100383.672133,25,-34,-109
1742100383.707133,25,22,-183
1742100383.743133,-34,37,-53
1742100383.779133,-5,56,-165
1742100383.8141332,50,58,0
1742100383.8501332,37,34,-75
1742100383.885133,18,-59,-55
1742100383.920133,4,32,-85
1742100383.9551332,0,34,-97
1742100383.991133,-7,-87,-3
1742100384.027133,-31,-59,-41
1742100384.062133,-31,-15,20
1742100384.098133,-67,-65,-27
1742100384.1331332,-53,-81,-55
1742100384.168133,-53,108,-19
1742100384.203133,-41,14,-101
1742100384.2391331,50,6,-45
1742100384.2751331,28,52,-67
1742100384.310133,6,-23,-53
1742100384.346133,-69,-23,26
1742100384.381133,-37,-25,-33
1742100384.4161332,-45,8,-73
1742100384.4521332,-9,-21,12
1742100384.487133,46,-17,-1
1742100384.523133,-49,-19,-87
1742100384.5581331,10,60,-11
1742100384.5941331,-11,28,-51
1742100384.629133,-7,18,32
1742100384.664133,24,84,-31
1742100384.700133,-31,44,-75
1742100384.7351332,-135,4,-95
1742100384.7711332,20,60,-93
1742100384.806133,32,64,-7
1742100384.842133,-41,22,-35
1742100384.8771331,-75,10,4
1742100384.912133,-59,50,-65
1742100384.948133,80,30,-105
1742100384.983133,-69,76,-111
1742100385.019133,60,8,-11
1742100385.0541332,30,68,-85
1742100385.0901332,10,-3,32
1742100385.125133,26,20,12
1742100385.1601331,30,18,-57
1742100385.1961331,-37,56,-167
1742100385.231133,-63,4,-45
1742100385.267133,-21,16,106
1742100385.302133,-57,-81,-21
1742100385.338133,-21,-33,-83
1742100385.3731332,28,56,-105
1742100385.408133,14,-37,2
1742100385.444133,-35,24,-81
1742100385.4791331,-47,28,2
1742100385.5151331,6,106,0
1742100385.550133,10,4,-37
1742100385.586133,14,-71,-65
1742100385.621133,12,-21,-37
1742100385.6561332,-19,56,-197
1742100385.6921332,24,10,-69
1742100385.727133,-7,46,-129
1742100385.763133,14,22,-65
1742100385.7981331,22,50,22
1742100385.8341331,-9,38,-131
1742100385.869133,58,16,-143
1742100385.904133,0,18,-89
1742100385.940133,22,0,-121
1742100385.9751332,2,96,-124
1742100386.0111332,-23,-31,55
1742100386.046133,16,-17,57
1742100386.082133,28,-55,-22
1742100386.1171331,122,54,-126
1742100386.152133,-23,-39,-84
1742100386.188133,-9,-23,11
1742100386.223133,-7,2,-60
1742100386.259133,14,74,-40
1742100386.2941332,-59,32,-90
1742100386.3301332,-19,-29,-84
1742100386.365133,-25,-17,-48
1742100386.4001331,-43,66,24
1742100386.4361331,-59,-53,40
1742100386.471133,-17,32,-92
1742100386.507133,74,14,-97
1742100386.542133,64,-3,-111
1742100386.578133,-9,50,-93
1742100386.6131332,44,38,-27
1742100386.648133,4,2,-143
1742100386.684133,0,-15,-61
1742100386.7191331,-3,-11,-155
1742100386.7551332,-9,48,-45
1742100386.790133,112,102,-15
1742100386.826133,50,14,28
1742100386.861133,0,56,-25
1742100386.8961332,-19,34,-93
1742100386.9321332,35,32,-85
1742100386.967133,66,44,-103
1742100387.003133,-41,16,-125
1742100387.0381331,16,30,-57
1742100387.0741332,28,-35,2
1742100387.1101332,34,34,5
1742100387.145133,0,-3,-54
1742100387.180133,-44,-33,-108
1742100387.216133,23,-19,-72
1742100387.2521331,-2,70,-28
1742100387.287133,57,4,-22
1742100387.323133,41,10,21
1742100387.358133,-22,8,-48
1742100387.3931332,-3,-15,-46
1742100387.428133,-1,-17,-39
1742100387.464133,-13,-23,-50
1742100387.500133,-63,-43,-96
1742100387.5351331,59,38,-24
1742100387.5711331,29,-33,-22
1742100387.606133,45,12,-1
1742100387.641133,-14,62,-2
1742100387.6761332,-28,-27,-145
1742100387.7121332,43,26,18
1742100387.7481332,21,6,-91
1742100387.783133,13,26,-11
1742100387.819133,79,-7,18
1742100387.8541331,47,0,105
1742100387.889133,1,8,3
1742100387.924133,59,36,-78
1742100387.960133,-10,-43,13
1742100387.996133,35,8,-114
1742100388.0311332,52,4,-44
1742100388.0671332,-41,-43,-102
1742100388.102133,12,-23,47
1742100388.144133,-1,-34,17
1742100388.180133,-33,19,-110
1742100388.216133,2,0,2
1742100388.2521331,-17,49,-26
1742100388.287133,22,5,-64
1742100388.323133,-53,-44,-100
1742100388.358133,-73,51,-38
1742100388.3931332,-145,-20,-90
1742100388.428133,20,-32,-50
1742100388.464133,-7,-24,3
1742100388.500133,-9,-14,-56
1742100388.5351331,38,-44,-104
1742100388.5711331,-53,-106,-98
1742100388.606133,-73,-16,-14
1742100388.641133,8,-26,-42
1742100388.6761332,14,-6,-8
1742100388.7121332,40,-12,31
1742100388.7481332,14,-2,-132
1742100388.783133,18,5,-30
1742100388.819133,-35,19,-20
1742100388.8541331,-61,-44,-52
1742100388.889133,-11,-12,-108
1742100388.924133,34,13,-52
1742100388.960133,-3,59,-178
1742100388.996133,4,-54,-30
1742100389.0311332,34,-2,-46
1742100389.0671332,-63,-20,-70
1742100389.102133,22,0,1
1742100389.1371331,37,59,-28
1742100389.172133,79,43,-48
1742100389.208133,31,31,-134
1742100389.244133,32,41,9
1742100389.279133,-20,37,-114
1742100389.315133,-10,65,-18
1742100389.3501332,35,19,-16
1742100389.385133,-6,-74,-76
1742100389.420133,27,21,-42
1742100389.4561331,-2,-54,-40
1742100389.4921331,79,-4,-44
1742100389.527133,-88,-54,-40
1742100389.563133,-18,5,-30
1742100389.598133,55,35,-108
1742100389.6331332,39,35,-54
1742100389.668133,-72,-94,-62
1742100389.704133,11,-10,49
1742100389.740133,23,-30,5
1742100389.7751331,-64,-32,-124
1742100389.8111331,47,91,-92
1742100389.846133,-70,23,-12
1742100389.881133,-78,77,-8
1742100389.9161332,27,-50,-140
1742100389.9521332,23,85,-120
1742100389.9881332,-64,-6,49
1742100390.023133,-39,-60,-160
1742100390.059133,-83,-21,11
1742100390.0941331,-29,30,-20
1742100390.129133,-21,-11,-132
1742100390.164133,-63,-3,-138
1742100390.200133,0,27,-104
1742100390.236133,50,16,-70
1742100390.2711332,-11,-61,-64
1742100390.3071332,44,-29,-96
1742100390.342133,-63,-101,-202
1742100390.3771331,-61,-13,35
1742100390.412133,-5,-68,63
1742100390.448133,50,-63,-86
1742100390.484133,-43,-15,-76
1742100390.519133,34,-47,-26
1742100390.555133,14,86,-102
1742100390.5901332,44,8,-18
1742100390.625133,2,-87,-54
1742100390.6601331,-75,32,-40
1742100390.6961331,50,62,-52
1742100390.7321332,-49,0,-112
1742100390.767133,8,-39,-94
1742100390.803133,-29,-21,25
1742100390.838133,26,-21,-78
1742100390.8731332,-3,-37,27
1742100390.908133,2,-9,19
1742100390.944133,-13,-17,-18
1742100390.980133,1,-45,-6
1742100391.0151331,29,-39,-98
1742100391.0511332,-70,-55,-12
1742100391.086133,52,8,3
1742100391.121133,4,12,-126
1742100391.157133,-11,-11,-12
1742100391.1921332,-45,66,-112
1742100391.2281332,-11,-1,9
1742100391.263133,58,-5,-162
1742100391.299133,66,32,-20
1742100391.3341331,-87,-48,-154
1742100391.369133,-33,14,-122
1742100391.405133,14,-39,-34
1742100391.440133,70,123,11
1742100391.476133,-11,-48,-144
1742100391.5111332,-15,-2,-38
1742100391.547133,-17,-48,-142
1742100391.582133,-99,13,-12
1742100391.6171331,-29,55,-168
1742100391.6531332,-13,23,-16
1742100391.688133,48,-32,45
1742100391.724133,-33,43,-22
1742100391.759133,8,-78,-56
1742100391.795133,-9,-24,-170
1742100391.8301332,28,17,33
1742100391.865133,-17,-18,-76
1742100391.901133,-23,17,-118
1742100391.9361331,18,-16,-128
1742100391.9721332,-49,-14,-108
1742100392.007133,12,55,-102
1742100392.043133,8,39,39
1742100392.078133,44,-8,-178
1742100392.1131332,-51,32,-36
1742100392.149133,-75,-45,-40
1742100392.184133,-59,30,17
1742100392.220133,4,-45,-6
1742100392.2551332,-63,-19,-170
1742100392.2911332,15,-25,-92
1742100392.326133,-54,-41,-114
1742100392.361133,-50,14,-50
1742100392.397133,3,56,-44
1742100392.4321332,30,0,-124
1742100392.468133,-71,34,-170
1742100392.503133,12,-53,-58
1742100392.539133,-11,54,-130
1742100392.5741332,30,-73,-84
1742100392.609133,-173,4,-2
1742100392.645133,-5,-45,-66
1742100392.680133,18,6,11
1742100392.716133,-25,6,-44
1742100392.751133,-43,4,-42
1742100392.787133,134,-9,-60
1742100392.822133,40,-11,-162
1742100392.8571332,-33,50,-154
1742100392.8931332,34,56,-22
1742100392.928133,28,-9,-58
1742100392.964133,40,-49,5
1742100392.999133,64,-37,-98
1742100393.0351331,0,19,-98
1742100393.070133,22,-15,-70
1742100393.105133,-25,24,-8
1742100393.141133,4,18,49
1742100393.1761332,98,-15,-32
1742100393.2121332,-1,-7,-116
1742100393.247133,-1,84,-38
1742100393.283133,-21,56,-40
1742100393.318133,-49,-71,29
1742100393.3531332,30,-31,-74
1742100393.389133,-69,118,-162
1742100393.424133,-15,26,-130
1742100393.460133,-77,-67,-114
1742100393.4951332,56,-29,-13
1742100393.530133,30,44,-81
1742100393.565133,-11,34,-179
1742100393.601133,18,10,32
1742100393.6371331,10,-19,6
1742100393.672133,-3,16,-61
1742100393.708133,-25,10,-155
1742100393.743133,18,42,-63
1742100393.7781332,-37,40,-105
1742100393.813133,-15,-27,-123
1742100393.849133,-15,-35,10
1742100393.885133,-71,34,86
1742100393.920133,16,-47,-99
1742100393.9561331,24,-5,-137
1742100393.991133,2,-73,-47
1742100394.026133,-47,-3,-7
1742100394.0611331,-29,-41,-41
1742100394.0971332,-49,44,58
1742100394.1331332,-11,-69,-79
1742100394.168133,60,-3,4
1742100394.204133,60,24,-9
1742100394.2391331,18,-25,-49
1742100394.274133,2,-37,-83
1742100394.309133,-21,-23,84
1742100394.345133,38,-39,-17
1742100394.381133,14,0,-97
1742100394.4161332,6,-31,-3
1742100394.4521332,-3,56,136
1742100394.487133,20,14,-55
1742100394.522133,-9,12,-35
1742100394.5571332,-9,-9,-59
1742100394.593133,60,-45,10
1742100394.629133,66,14,-39
1742100394.664133,-1,-1,-43
1742100394.700133,-29,24,-25
1742100394.7351332,96,28,-23
1742100394.770133,42,64,-5
1742100394.805133,-105,-11,66
1742100394.841133,52,-31,-81
1742100394.8771331,66,-23,-11
1742100394.912133,-29,-29,-55
1742100394.948133,-55,-5,-37
1742100394.983133,18,56,18
1742100395.0181332,-3,-23,12
1742100395.053133,-97,-49,-101
1742100395.089133,48,-7,-37
1742100395.125133,2,26,16
1742100395.1601331,-35,-43,12
1742100395.1961331,-35,-23,-109
1742100395.231133,-35,-47,-23
1742100395.266133,38,-19,-35
1742100395.3011332,14,-13,6
1742100395.3371332,-45,-11,-211
1742100395.3731332,-35,14,62
1742100395.408133,52,-7,-177
1742100395.444133,-27,-57,186
1742100395.4791331,-31,-9,-75
1742100395.514133,70,20,64
1742100395.549133,10,24,-205
1742100395.585133,-61,12,-75
1742100395.621133,-31,22,-95
1742100395.6561332,-35,46,34
1742100395.6921332,16,-1,-139
1742100395.727133,68,-45,-125
1742100395.7621331,-19,-33,-143
1742100395.797133,-23,44,8
1742100395.833133,8,-21,-119
1742100395.869133,-19,-43,58
1742100395.904133,-15,0,-157
1742100395.940133,-1,-45,-171
1742100395.9751332,22,-29,-63
1742100396.010133,26,0,-115
1742100396.045133,-77,2,8
1742100396.0811331,26,12,-205
1742100396.1171331,-55,-6,-39
1742100396.152133,-111,34,-79
1742100396.188133,-13,18,-75
1742100396.223133,-69,40,-19
1742100396.2581332,10,47,-31
1742100396.293133,86,1,-135
1742100396.329133,52,-14,62
1742100396.365133,100,33,-87
1742100396.4001331,-15,39,-75
1742100396.4361331,36,-8,0
1742100396.471133,0,29,-69
1742100396.506133,-47,-4,-173
1742100396.5411332,34,-22,-21
1742100396.5771332,-61,39,-53
1742100396.6131332,10,47,-21
1742100396.648133,116,5,-49
1742100396.684133,-11,54,-87
1742100396.7191331,24,-15,32
1742100396.754133,-47,48,21
1742100396.789133,-33,12,65
1742100396.825133,50,-19,-148
1742100396.861133,-35,22,-184
1742100396.8961332,-45,-27,3
1742100396.9321332,2,3,-40
1742100396.967133,-83,75,-68
1742100397.0021331,86,50,-76
1742100397.037133,-55,-47,-50
1742100397.073133,34,-29,-114
1742100397.109133,-51,8,-148
1742100397.144133,10,-9,-4
1742100397.180133,-23,-19,-64
1742100397.2151332,-19,34,-34
1742100397.250133,-35,-25,-42
1742100397.2851331,12,0,-134
1742100397.3211331,50,14,-34
1742100397.3571332,34,-11,-162
1742100397.392133,56,36,-92
1742100397.428133,18,16,-62
1742100397.463133,10,-33,-156
1742100397.4981332,80,-47,-142
1742100397.5341332,66,62,-72
1742100397.569133,50,-9,-136
1742100397.605133,-43,-27,-30
1742100397.6401331,42,-27,-72
1742100397.6761332,54,44,-120
1742100397.711133,-69,-7,-48
1742100397.746133,-17,-21,0
1742100397.782133,14,-1,-144
1742100397.8171332,-87,-49,-4
1742100397.8531332,4,-7,-208
1742100397.888133,-1,-15,11
1742100397.924133,62,-5,-20
1742100397.9591331,32,-41,-10
1742100397.994133,-9,-65,69
1742100398.030133,22,-7,27
1742100398.065133,70,-27,-108
1742100398.101133,48,-29,-12
1742100398.1361332,6,-35,-96
1742100398.178133,6,62,-104
1742100398.214133,-17,-23,21
1742100398.250133,-3,42,-168
1742100398.286133,6,-19,-20
1742100398.3211331,-55,66,47
1742100398.3571332,56,20,-38
1742100398.392133,-15,36,-98
1742100398.428133,80,26,-76
1742100398.463133,32,10,-136
1742100398.4981332,-21,92,-4
1742100398.5341332,-7,-1,-138
1742100398.569133,2,88,9
1742100398.605133,54,-41,-30
1742100398.6401331,32,-23,21
1742100398.6761332,-15,-33,3
1742100398.711133,12,10,-52
1742100398.746133,42,-5,-6
1742100398.782133,-45,8,-114
1742100398.8171332,-31,48,9
1742100398.8531332,-19,-29,-78
1742100398.888133,-59,-27,-58
1742100398.924133,-49,0,-76
1742100398.9591331,-14,-5,-66
1742100398.994133,-56,26,-38
1742100399.030133,21,-75,-32
1742100399.065133,-38,-69,49
1742100399.101133,-32,-61,5
1742100399.1361332,-2,-5,-4
1742100399.172133,-44,48,-162
1742100399.207133,-65,30,67
1742100399.2421331,40,12,45
1742100399.2781332,28,-25,-100
1742100399.313133,44,-51,-66
1742100399.349133,-45,40,-68
1742100399.384133,76,-21,25
1742100399.420133,70,8,-4
1742100399.4551332,8,26,-30
1742100399.490133,10,-51,-50
1742100399.526133,-23,-63,-22
1742100399.5611331,32,-1,75
1742100399.5971332,66,-71,-70
1742100399.632133,6,-15,-118
1742100399.668133,4,24,0
1742100399.703133,-41,-13,7
1742100399.7381332,72,58,-52
1742100399.774133,6,6,-36
1742100399.809133,8,35,-80
1742100399.845133,0,-39,25
1742100399.8801332,-15,-17,-116
1742100399.9161332,-21,9,-44
1742100399.9521332,4,59,-154
1742100399.987133,-31,-78,19
1742100400.022133,-35,-34,-126
1742100400.0581331,-31,27,-92
1742100400.0941331,-1,21,-56
1742100400.129133,-67,37,-164
1742100400.165133,-13,-16,-4
1742100400.200133,-59,71,-102
1742100400.2351332,26,-22,-46
1742100400.270133,-75,37,37
1742100400.306133,-3,69,-32
1742100400.342133,-19,-66,57
1742100400.3771331,-5,-12,-80
1742100400.4131331,-31,-22,55
1742100400.448133,12,43,25
1742100400.483133,-27,57,-30
1742100400.5181332,-61,1,6
1742100400.5541332,-59,-14,-6
1742100400.5901332,-27,10,-32
1742100400.625133,46,-3,-86
1742100400.661133,-25,25,-76
1742100400.6961331,-23,6,-112
1742100400.731133,-5,30,-54
1742100400.766133,-33,-3,-16
1742100400.802133,-49,-11,-136
1742100400.838133,-19,-1,-112
1742100400.8731332,66,-77,-100
1742100400.9091332,24,40,-40
1742100400.944133,-59,8,87
1742100400.9791331,88,34,-118
1742100401.014133,-77,16,-82
1742100401.050133,52,40,-12
1742100401.086133,58,-19,-38
1742100401.121133,44,28,9
1742100401.157133,-37,28,-42
1742100401.1921332,14,-15,3
1742100401.227133,-61,-95,87
1742100401.2621331,6,-23,-87
1742100401.2981331,-11,92,-45
1742100401.3341331,-13,-29,-89
1742100401.369133,-85,-9,-31
1742100401.405133,14,12,12
1742100401.440133,-79,-15,-21
1742100401.4751332,16,38,-45
1742100401.510133,94,2,-81
1742100401.546133,56,2,-17
1742100401.582133,36,40,-83
1742100401.6171331,-17,-57,-145
1742100401.6531332,22,-47,-141
1742100401.688133,0,0,-131
1742100401.723133,-1,-29,-49
1742100401.7581332,46,32,-19
1742100401.7941332,-27,-7,-129
1742100401.8301332,-45,32,-41
1742100401.865133,-39,56,6
1742100401.901133,34,2,-65
1742100401.9361331,37,8,62
1742100401.971133,35,16,-15
1742100402.006133,11,40,18
1742100402.042133,-86,32,-155
1742100402.078133,55,58,70
1742100402.1131332,-94,-25,-207
1742100402.149133,-24,2,-119
1742100402.184133,-47,-3,-17
1742100402.2191331,-37,-11,-117
1742100402.254133,-41,60,-135
1742100402.290133,-43,66,-83
1742100402.326133,-29,52,-79
1742100402.361133,24,-18,-21
1742100402.397133,-3,7,-57
1742100402.4321332,-21,23,-151
1742100402.467133,-89,-16,-123
1742100402.5021331,-43,21,-65
1742100402.5381331,-61,-8,-73
1742100402.5741332,12,29,-129
1742100402.609133,-35,81,-11
1742100402.645133,120,-62,-141
1742100402.680133,2,34,-85
1742100402.7151332,-25,28,-147
1742100402.750133,10,-61,8
1742100402.786133,-107,106,-67
1742100402.822133,26,-67,-27
1742100402.8571332,-15,22,-59
1742100402.8931332,70,104,-3
1742100402.928133,32,6,-73
1742100402.963133,86,32,8
1742100402.999133,-69,72,-15
1742100403.0341332,124,-15,-147
1742100403.070133,-29,8,8
1742100403.105133,-37,76,-83
1742100403.141133,-43,8,-137
1742100403.1761332,-85,-19,-99
1742100403.211133,-31,6,-63
1742100403.246133,30,26,-115
1742100403.282133,28,-31,4
1742100403.318133,20,-1,-97
1742100403.3531332,-25,54,-113
1742100403.389133,26,-7,136
1742100403.424133,-67,54,-113
1742100403.4591331,-27,-61,-161
1742100403.494133,20,-35,-89
1742100403.530133,48,52,-55
1742100403.566133,76,-65,-131
1742100403.601133,-45,-59,-35
1742100403.6371331,-11,20,-13
1742100403.672133,-9,-91,74
1742100403.707133,40,0,-175
1742100403.7421331,96,-63,-63
1742100403.7781332,28,-7,-31
1742100403.8141332,50,48,-43
1742100403.849133,-37,-101,-139
1742100403.885133,38,64,-133
1742100403.920133,48,64,-113
1742100403.9551332,16,26,-67
1742100403.991133,28,-43,-67
1742100404.026133,10,-85,-153
1742100404.062133,-59,-43,-71
1742100404.0971332,26,36,24
1742100404.1331332,23,-43,-139
1742100404.168133,11,15,-47
1742100404.203133,7,73,-67
1742100404.2391331,7,-19,44
1742100404.274133,41,-1,-57
1742100404.310133,-15,20,-31
1742100404.345133,-29,64,-43
1742100404.381133,10,-45,46
1742100404.4161332,-33,-61,69
1742100404.451133,-21,48,-174
1742100404.487133,6,-37,6
1742100404.522133,24,-91,-190
1742100404.5581331,-169,26,1
1742100404.593133,78,6,-150
1742100404.629133,54,17,-38
1742100404.664133,40,23,109
1742100404.6991332,-33,30,-89
1742100404.7351332,38,6,-21
1742100404.770133,-41,-3,-33
1742100404.806133,-33,-9,-29
1742100404.841133,26,-47,32
1742100404.8771331,2,-77,-1
1742100404.912133,32,23,-67
1742100404.947133,-21,54,-143
1742100404.983133,22,14,-51
1742100405.0181332,-33,-67,6
1742100405.0541332,-23,-9,-91
1742100405.089133,-25,-7,-37
1742100405.125133,44,84,67
1742100405.1601331,30,38,-12
1742100405.195133,14,42,-48
1742100405.231133,-3,46,55
1742100405.266133,-63,-47,-104
1742100405.302133,-39,-39,-92
1742100405.3371332,-44,-35,-12
1742100405.3731332,7,2,-10
1742100405.408133,23,28,-62
1742100405.443133,0,6,-90
1742100405.4791331,11,-1,5
1742100405.514133,-22,-1,-40
1742100405.550133,-106,-27,-100
1742100405.585133,47,112,-52
1742100405.621133,-6,6,31
1742100405.6561332,31,28,-8
1742100405.691133,-39,2,-134
1742100405.727133,32,10,-134
1742100405.7621331,-69,-53,-54
1742100405.7981331,-37,-17,-54
1742100405.833133,-35,-19,-94
1742100405.869133,12,-9,-72
1742100405.904133,38,47,105
1742100405.9391332,24,-46,-128
1742100405.9751332,-89,65,-84
1742100406.010133,8,57,-30
1742100406.046133,-53,-10,3
1742100406.0811331,22,-4,-126
1742100406.1171331,-25,1,-38
1742100406.152133,-73,-38,-122
1742100406.187133,-15,-12,-70
1742100406.223133,-23,37,-80
1742100406.2581332,36,-30,-24
1742100406.2941332,48,-34,-176
1742100406.329133,-5,-74,-38
1742100406.3641331,-23,-62,-154
1742100406.399133,-43,67,-66
1742100406.435133,16,3,45
1742100406.471133,-6,19,-56
1742100406.506133,6,-8,-150
1742100406.542133,-20,19,13
1742100406.5771332,43,35,-14
1742100406.612133,-62,110,-32
1742100406.647133,-12,40,-58
1742100406.6831331,19,48,9
1742100406.7191331,-48,46,-58
1742100406.754133,-50,-1,-20
1742100406.790133,71,-15,-12
1742100406.825133,3,14,-130
1742100406.8601332,19,32,-12
1742100406.895133,71,-43,-40
1742100406.931133,8,-19,25
1742100406.967133,41,96,15
1742100407.0021331,65,22,-66
1742100407.0381331,-74,-85,-104
1742100407.073133,-1,-25,63
1742100407.108133,-45,-51,-198
1742100407.1431332,30,58,-130
1742100407.1791332,-77,38,-12
1742100407.2151332,4,40,-84
1742100407.250133,-37,122,-58
1742100407.286133,44,-53,-92
1742100407.3211331,-25,12,-64
1742100407.356133,74,-9,5
1742100407.391133,52,22,-194
1742100407.427133,8,18,-32
1742100407.463133,10,14,-78
1742100407.4981332,-3,-11,-16
1742100407.5341332,56,-25,73
1742100407.569133,30,-35,-38
1742100407.6041331,-21,-21,-18
1742100407.639133,24,8,-72
1742100407.675133,70,1,21
1742100407.711133,18,64,-92
1742100407.746133,10,64,-60
1742100407.782133,4,-17,0
1742100407.8171332,42,66,-102
1742100407.852133,-7,8,-44
1742100407.8871331,30,-29,-34
1742100407.9231331,52,22,-160
1742100407.9591331,-5,-47,43
1742100407.994133,54,-9,-116
1742100408.030133,-35,64,-70
1742100408.065133,-77,34,-58
1742100408.1001332,-57,-63,-26
1742100408.135133,-89,-65,21
1742100408.171133,-37,-7,35
1742100408.214133,44,12,39
1742100408.250133,-9,0,-108
1742100408.286133,-69,50,-79
1742100408.3211331,80,-14,-39
1742100408.356133,80,-20,-97
1742100408.391133,-11,-3,-125
1742100408.427133,4,-11,-13
1742100408.463133,26,48,-9
1742100408.4981332,26,26,-81
1742100408.5341332,-63,0,-85
1742100408.569133,26,-41,-37
1742100408.6041331,-9,-43,-79
1742100408.639133,88,10,-95
1742100408.675133,84,-49,-49
1742100408.711133,-31,-13,-143
1742100408.746133,-9,14,-138
1742100408.782133,-51,-13,-128
1742100408.8171332,-45,-61,-79
1742100408.852133,-17,54,-68
1742100408.8871331,-33,-53,-132
1742100408.9231331,24,-27,-102
1742100408.9591331,-51,36,-19
1742100408.994133,-1,50,30
1742100409.030133,60,50,-119
1742100409.065133,6,50,-185
1742100409.1001332,66,24,-115
1742100409.135133,48,6,-23
1742100409.171133,62,-85,-61
1742100409.207133,-25,-39,-145
1742100409.2421331,-33,52,-33
1742100409.2781332,2,-47,-57
1742100409.313133,-27,28,-71
1742100409.348133,-21,24,-161
1742100409.3831332,-33,4,-161
1742100409.4191332,-53,54,-31
1742100409.4551332,-1,32,-75
1742100409.490133,8,-37,-65
1742100409.526133,-63,-17,-27
1742100409.5611331,-45,32,-37
1742100409.596133,42,28,-31
1742100409.631133,120,6,-93
1742100409.667133,8,18,32
1742100409.703133,46,10,-111
1742100409.7381332,-47,0,-107
1742100409.774133,30,42,-27
1742100409.809133,-3,-1,-59
1742100409.8441331,22,8,-101
1742100409.879133,-23,-49,-43
1742100409.915133,7,-65,-73
1742100409.951133,29,13,-113
1742100409.986133,-48,-70,116
1742100410.022133,53,61,-79
1742100410.0571332,-80,17,-113
1742100410.092133,51,69,-115
1742100410.1271331,6,18,-93
1742100410.1631331,34,20,-129
1742100410.1991332,-33,4,-97
1742100410.234133,-13,-18,2
1742100410.270133,54,-39,-145
1742100410.305133,66,-79,-105
1742100410.3401332,-41,70,-39
1742100410.376133,-27,-35,-27
1742100410.411133,126,24,-101
1742100410.447133,1,14,-3
1742100410.4821332,-63,-15,-53
1742100410.5181332,98,-29,14
1742100410.553133,89,-21,-103
1742100410.588133,-58,8,-57
1742100410.624133,101,-5,-149
1742100410.6591332,-50,-103,-3
1742100410.695133,-26,50,28
1742100410.730133,5,-85,-31
1742100410.766133,-68,70,-125
1742100410.8011332,-42,-93,-57
1742100410.836133,41,52,-11
1742100410.872133,37,28,-53
1742100410.907133,-61,34,-41
1742100410.943133,22,12,-1
1742100410.9781332,-10,44,-57
1742100411.014133,75,-33,-49
1742100411.049133,-2,-13,-129
1742100411.0841331,-26,-23,-181
1742100411.1201332,13,-11,-135
1742100411.155133,29,-15,-101
1742100411.191133,41,6,-51
1742100411.226133,-78,-49,-171
1742100411.2621331,-32,-3,-165
1742100411.297133,7,10,-3
1742100411.332133,-48,68,-65
1742100411.368133,33,32,-21
1742100411.4031332,-54,-23,-63
1742100411.4391332,25,98,-127
1742100411.474133,29,-11,-123
1742100411.510133,-68,12,-53
1742100411.545133,-18,-93,70
1742100411.5801332,3,10,116
1742100411.616133,-4,14,-50
1742100411.651133,29,-13,19
1742100411.687133,69,-53,-66
1742100411.7221332,19,-11,-30
1742100411.7581332,19,-35,-86
1742100411.793133,-12,6,-8
1742100411.828133,21,-5,-124
1742100411.8641331,-46,-37,-118
1742100411.899133,-68,-81,-28
1742100411.935133,-18,26,51
1742100411.970133,91,-61,-28
1742100412.006133,-16,44,55
1742100412.0411332,77,10,-122
1742100412.076133,27,30,-28
1742100412.112133,19,20,-50
1742100412.147133,1,-53,-24
1742100412.1831331,0,-27,7
1742100412.218133,35,-45,-12
1742100412.254133,-10,-47,-62
1742100412.289133,-22,-45,-88
1742100412.3241332,59,-11,-94
1742100412.3601332,-1,-9,79
1742100412.395133,38,-15,-36
1742100412.431133,22,-85,55
1742100412.466133,0,39,-32
1742100412.5021331,50,-37,-68
1742100412.537133,-59,-16,-124
1742100412.572133,-17,-50,-206
1742100412.608133,-1,-14,-72
1742100412.6431332,-21,54,-122
1742100412.6791332,-7,-47,-108
1742100412.714133,18,13,-2
1742100412.750133,-16,3,-34
1742100412.786133,41,53,-66
1742100412.8211331,29,33,-16
1742100412.856133,68,-40,-24
1742100412.892133,-31,-64,-28
1742100412.928133,4,-62,-48
1742100412.963133,64,-18,-80
1742100412.999133,16,-54,-146
1742100413.0341332,-29,87,-18
1742100413.069133,-53,7,27
1742100413.1041331,4,-26,-22
1742100413.1401331,47,-48,-22
1742100413.1761332,15,79,-36
1742100413.211133,51,-18,-82
1742100413.247133,-16,-24,-124
1742100413.282133,21,35,69
1742100413.3171332,5,57,-112
1742100413.352133,5,31,-150
1742100413.388133,25,-56,-46
1742100413.424133,16,39,-4
1742100413.4591331,-60,-2,105
1742100413.4951332,-17,31,-68
1742100413.530133,9,-24,-114
1742100413.565133,46,-10,-108
1742100413.6001332,-45,-52,-150
1742100413.6361332,44,-74,-72
1742100413.672133,98,-26,-64
1742100413.707133,-15,21,31
1742100413.743133,-27,35,-82
1742100413.7781332,-27,9,-66
1742100413.813133,2,49,1
1742100413.848133,20,-32,21
1742100413.884133,-47,49,-40
1742100413.920133,20,-32,63
1742100413.9551332,4,-26,-40
1742100413.991133,-39,-8,-124
1742100414.026133,22,-110,-190
1742100414.0611331,-43,-18,-36
1742100414.096133,98,-28,57
1742100414.132133,-93,-32,-90
1742100414.168133,4,5,-144
1742100414.203133,64,13,-106
1742100414.2391331,-45,-36,-36
1742100414.274133,6,-90,-84
1742100414.309133,-15,27,-38
1742100414.3441331,-41,3,-54
1742100414.3801332,-11,3,1
1742100414.4161332,70,53,31
1742100414.451133,-17,-24,31
1742100414.487133,-49,1,-138
1742100414.522133,-65,-6,-40
1742100414.5571332,16,0,-28
1742100414.592133,-27,45,-144
1742100414.628133,0,-8,-22
1742100414.664133,-41,-100,-70
1742100414.6991332,12,-12,-128
1742100414.7351332,-29,-30,-44
1742100414.770133,-9,15,-22
1742100414.805133,64,-10,-56
1742100414.8401332,36,21,-54
1742100414.876133,52,9,67
1742100414.912133,-17,-42,-126
1742100414.947133,-15,37,-60
1742100414.983133,6,73,-48
1742100415.0181332,10,41,-8
1742100415.053133,74,11,-80
1742100415.088133,-65,23,-28
1742100415.124133,16,33,-86
1742100415.1601331,-51,33,-2
1742100415.195133,-3,-18,-58
1742100415.231133,64,10,41
1742100415.266133,24,-58,-110
1742100415.3011332,-27,-84,-64
1742100415.336133,2,109,-88
1742100415.372133,-57,6,-88
1742100415.408133,14,-53,21
1742100415.443133,42,8,-136
1742100415.4791331,-59,-39,-66
1742100415.514133,-13,34,-92
1742100415.549133,60,16,-12
1742100415.5841331,72,32,-138
1742100415.6201332,-11,-5,-94
1742100415.6561332,42,20,-86
1742100415.691133,-21,-68,17
1742100415.727133,112,-3,-58
1742100415.7621331,-25,-1,-110
1742100415.797133,32,-2,-98
1742100415.832133,68,0,-76
1742100415.868133,14,5,29
1742100415.904133,-17,-54,-16
1742100415.9391332,28,53,-2
1742100415.9751332,-27,-64,-150
1742100416.010133,-71,-36,9
1742100416.045133,-64,-26,-64
1742100416.0801332,-46,7,69
1742100416.116133,-36,-44,-125
1742100416.152133,-13,-4,-35
1742100416.187133,-33,-40,-5
1742100416.223133,22,29,-15
1742100416.2581332,14,23,-11
1742100416.293133,-49,7,6
1742100416.328133,-7,39,-75
1742100416.3641331,6,27,6
1742100416.4001331,5,-10,-101
1742100416.435133,-14,17,-45
1742100416.471133,-62,45,-3
1742100416.506133,9,-12,34
1742100416.5411332,43,39,-85
1742100416.576133,-34,9,18
1742100416.612133,31,-24,-101
1742100416.648133,-18,75,-97
1742100416.6831331,-4,33,-57
1742100416.7191331,-30,107,-59
1742100416.754133,55,-28,-89
1742100416.789133,1,-14,-165
1742100416.8241332,-16,-16,-47
1742100416.8601332,37,35,-21
1742100416.8961332,-38,-20,-49
1742100416.931133,-26,-66,-25
1742100416.967133,-46,19,-13
1742100417.0021331,41,71,-47
1742100417.037133,-28,41,-19
1742100417.073133,41,-23,-29
1742100417.108133,48,-49,82
1742100417.144133,46,-55,-61
1742100417.1791332,62,-29,-125
1742100417.2151332,26,-21,-77
1742100417.250133,84,-15,-83
1742100417.2851331,-15,52,10
1742100417.3211331,-49,18,22
1742100417.356133,-23,-25,10
1742100417.392133,-17,26,6
1742100417.427133,-55,-69,-75
1742100417.463133,-47,50,-169
1742100417.4981332,24,12,-133
1742100417.533133,32,42,-79
1742100417.569133,-43,-7,36
1742100417.6041331,-17,28,22
1742100417.6401331,-37,-37,-129
1742100417.675133,-49,26,-17
1742100417.711133,-3,16,-77
1742100417.746133,-29,-19,-85
1742100417.7811332,-19,-23,-129
1742100417.8171332,14,30,114
1742100417.852133,22,22,-2
1742100417.888133,-37,-85,-62
1742100417.9231331,26,22,1
1742100417.9591331,62,4,-226
1742100417.994133,64,-53,-14
1742100418.029133,-9,-71,-34
1742100418.065133,-49,8,-130
1742100418.1001332,48,-57,-64
1742100418.1361332,26,46,89
1742100418.171133,-5,48,-102
1742100418.207133,0,-41,-12
1742100418.249133,-33,-39,-118
1742100418.2851331,68,16,-6
1742100418.3211331,104,26,-86
1742100418.356133,-29,32,-40
1742100418.392133,44,72,35
1742100418.427133,24,-3,-108
1742100418.463133,44,70,-86
1742100418.4981332,64,66,-94
1742100418.533133,-23,42,-96
1742100418.569133,-7,-11,77
1742100418.6041331,50,-1,-52
1742100418.6401331,2,14,-74
1742100418.675133,64,-29,-152
1742100418.711133,-39,-69,25
1742100418.746133,98,-59,-42
1742100418.7811332,18,50,-56
1742100418.8171332,64,36,7
1742100418.852133,-13,-51,37
1742100418.888133,-63,-3,-118
1742100418.9231331,-91,-33,-148
1742100418.9591331,-31,22,3
1742100418.994133,114,-31,15
1742100419.029133,-47,8,-28
1742100419.065133,-87,-35,-6
1742100419.1001332,6,90,13
1742100419.1361332,-27,-57,-48
1742100419.171133,-18,64,-44
1742100419.2061331,6,24,-30
1742100419.241133,-19,-1,-116
1742100419.277133,8,-11,-40
1742100419.313133,-35,62,1
1742100419.348133,24,36,-92
1742100419.384133,6,-91,-56
1742100419.4191332,-17,-59,-92
1742100419.454133,14,-21,-80
1742100419.4891331,-5,-33,0
1742100419.5251331,38,48,-4
1742100419.5611331,-55,-13,-112
1742100419.596133,-35,2,39
1742100419.632133,30,56,-124
1742100419.667133,-49,32,15
1742100419.7021332,48,-107,-112
1742100419.737133,-11,-23,-104
1742100419.773133,-33,10,31
1742100419.809133,-53,26,-68
1742100419.8441331,-71,50,-34
1742100419.8801332,32,-5,-32
1742100419.915133,28,-43,25
1742100419.950133,118,14,39
1742100419.9851332,-17,24,-48
1742100420.0211332,-39,-25,43
1742100420.0571332,4,40,-138
1742100420.092133,-75,-81,-78
1742100420.128133,4,-1,-142
1742100420.1631331,-71,32,-20
1742100420.198133,-55,16,-44
1742100420.233133,-37,-43,-40
1742100420.269133,-35,-39,-138
1742100420.305133,-15,-81,-94
1742100420.3401332,62,14,-104
1742100420.376133,-73,84,-28
1742100420.411133,20,12,-64
1742100420.4461331,-47,42,-30
1742100420.481133,20,8,-122
1742100420.517133,22,-75,35
1742100420.553133,16,28,-116
1742100420.588133,-13,-3,35
1742100420.624133,-41,12,53
1742100420.6591332,-5,-11,-92
1742100420.694133,-51,18,-176
1742100420.7291331,20,-15,39
1742100420.7651331,-59,-9,-122
1742100420.8011332,40,-1,-6
1742100420.836133,40,-17,-58
1742100420.872133,-7,8,-46
1742100420.907133,36,4,-78
1742100420.9421332,-7,80,-72
1742100420.977133,16,28,1
1742100421.013133,-81,-13,-96
1742100421.049133,96,-85,-80
1742100421.0841331,90,20,-106
1742100421.1201332,-25,2,-40
1742100421.155133,60,-1,-54
1742100421.190133,-9,-35,-22
1742100421.2251332,-45,44,93
1742100421.2611332,51,32,-126
1742100421.297133,31,0,-12
1742100421.332133,45,-95,-150
1742100421.368133,-46,-15,-4
1742100421.4031332,1,2,33
1742100421.438133,-46,26,55
1742100421.473133,15,0,27
1742100421.509133,9,36,43
1742100421.545133,21,-3,33
1742100421.5801332,-96,16,-46
1742100421.616133,17,-57,-110
1742100421.651133,0,4,-74
1742100421.6861331,-18,-13,-198
1742100421.721133,-16,-67,9
1742100421.757133,-32,-5,-122
1742100421.793133,-32,38,-62
1742100421.828133,31,48,-138
1742100421.8641331,11,66,-14
1742100421.899133,-46,-41,11
1742100421.934133,-78,8,32
1742100421.9691331,30,56,8
1742100422.0051332,27,-79,-119
1742100422.0411332,-64,-1,-115
1742100422.076133,3,78,-36
1742100422.112133,33,-3,-145
1742100422.147133,-2,16,-76
1742100422.1821332,11,-61,-31
1742100422.217133,-110,-1,-55
1742100422.253133,-8,-3,5
1742100422.289133,47,-11,-99
1742100422.3241332,0,2,-39
1742100422.3601332,-16,-11,-3
1742100422.395133,45,-97,-15
1742100422.430133,35,-15,-131
1742100422.4651332,5,106,-61
1742100422.501133,-92,0,20
1742100422.537133,-8,-35,-69
1742100422.572133,45,-23,-15
1742100422.608133,-46,-33,38
1742100422.6431332,57,6,-77
1742100422.678133,-12,34,-81
1742100422.713133,41,-49,102
1742100422.749133,-4,89,-21
1742100422.7851331,31,65,-25
1742100422.820133,-32,-24,-153
1742100422.856133,-74,3,-183
1742100422.891133,-10,15,-77
1742100422.9261332,-4,-18,-53
1742100422.961133,47,-64,-121
1742100422.997133,-28,13,-75
1742100423.033133,15,59,18
1742100423.068133,-68,81,-63
1742100423.1041331,-4,-22,-5
1742100423.139133,11,-8,-53
1742100423.174133,21,67,-59
1742100423.210133,7,38,-69
1742100423.2451332,-40,-13,-71
1742100423.2811332,91,-99,-65
1742100423.316133,71,48,-79
1742100423.352133,-30,0,-89
1742100423.3871331,-12,88,-31
1742100423.422133,22,-19,76
1742100423.458133,-1,-42,-41
1742100423.493133,-23,21,-123
1742100423.529133,46,39,-85
1742100423.5641332,-49,-20,-31
1742100423.6001332,6,-30,-97
1742100423.635133,-37,0,4
1742100423.670133,82,75,-63
1742100423.7061331,-31,33,-93
1742100423.741133,-21,33,-63
1742100423.777133,-59,85,-93
1742100423.812133,18,19,-71
1742100423.848133,20,-72,32
1742100423.8831332,-11,29,-121
1742100423.918133,-49,0,-45
1742100423.954133,-87,41,-47
1742100423.9891331,2,-16,-149
1742100424.0251331,-15,25,-11
1742100424.060133,2,-98,-51
1742100424.096133,16,-38,-103
1742100424.131133,4,21,-69
1742100424.1661332,64,-58,-131
1742100424.2021332,38,-18,-73
1742100424.237133,20,-22,-49
1742100424.273133,8,37,-19
1742100424.3081331,16,53,-79
1742100424.3441331,-15,-40,-69
1742100424.379133,6,41,30
1742100424.414133,-9,35,-89
1742100424.450133,-29,-35,-19
1742100424.4851332,-31,49,-57
1742100424.5211332,-19,-46,-79
1742100424.556133,66,9,14
1742100424.592133,18,79,-1
1742100424.6271331,-8,19,-39
1742100424.662133,5,23,-79
1742100424.698133,18,-36,-11
1742100424.733133,43,-70,-39
1742100424.769133,17,27,-97
1742100424.8041332,107,-24,56
1742100424.8401332,-14,-30,18
1742100424.875133,-10,-4,-45
1742100424.9101331,-30,-14,-169
1742100424.9461331,5,0,-29
1742100424.981133,5,9,-4
1742100425.017133,29,41,-141
1742100425.052133,47,-38,-159
1742100425.088133,-24,-20,-46
1742100425.1231332,-16,67,7
1742100425.158133,-96,19,-118
1742100425.194133,11,-4,27
1742100425.2291331,37,-6,-20
1742100425.2651331,-12,-80,-86
1742100425.300133,-30,-14,13
1742100425.336133,-46,15,-132
1742100425.371133,-80,95,21
1742100425.4061332,-20,61,25
1742100425.4421332,65,1,55
1742100425.477133,67,9,-128
1742100425.513133,3,-92,11
1742100425.5481331,73,13,-76
1742100425.5841331,43,21,-60
1742100425.6201332,41,77,-44
1742100425.655133,-10,-56,-94
1742100425.690133,-50,-30,-34
1742100425.726133,11,-48,-116
1742100425.7621331,29,-16,-32
1742100425.797133,-10,-44,61
1742100425.833133,-82,-20,7
1742100425.868133,-50,7,-8
1742100425.9031332,-2,-104,15
1742100425.938133,-18,39,-28
1742100425.974133,75,-8,-36
1742100426.010133,-14,27,-74
1742100426.045133,33,-6,59
1742100426.0811331,43,67,-80
1742100426.116133,-92,-86,-76
1742100426.151133,-78,-31,-56
1742100426.1861331,-6,14,33
1742100426.2221332,131,-37,-26
1742100426.2581332,7,-35,27
1742100426.293133,-46,-1,-96
1742100426.329133,29,-31,-112
1742100426.3641331,-34,38,-138
1742100426.399133,0,6,21
1742100426.434133,-52,-75,-82
1742100426.470133,47,-25,-78
1742100426.506133,-38,20,13
1742100426.5411332,51,-5,-38
1742100426.5771332,37,0,111
1742100426.612133,-84,55,-102
1742100426.647133,-18,-8,-66
1742100426.6821332,-42,-4,-90
1742100426.718133,-44,9,5
1742100426.754133,43,85,-30
1742100426.789133,31,-38,19
1742100426.825133,-9,-30,-54
1742100426.8601332,-87,36,-116
1742100426.895133,8,78,-16
1742100426.930133,26,12,-64
1742100426.966133,14,-33,-72
1742100427.0021331,74,19,-100
1742100427.037133,0,-8,-74
1742100427.073133,-32,-45,-54
1742100427.108133,-37,-107,7
1742100427.1431332,-11,-5,3
1742100427.178133,8,6,-72
1742100427.214133,2,-25,-106
1742100427.250133,58,12,-84
1742100427.2851331,64,-3,-5
1742100427.3211331,-1,44,52
1742100427.356133,-1,46,-165
1742100427.391133,-13,32,-255
1742100427.4261332,-51,0,-61
1742100427.4621332,-53,-12,-55
1742100427.4981332,-25,25,-123
1742100427.533133,-31,14,-67
1742100427.569133,86,12,-47
1742100427.6041331,-47,-9,-79
1742100427.639133,-73,-17,-47
1742100427.674133,-9,8,-75
1742100427.710133,76,43,-75
1742100427.746133,-5,-24,8
1742100427.7811332,-21,42,-95
1742100427.8171332,80,65,-47
1742100427.852133,-45,77,-9
1742100427.8871331,6,-9,-143
1742100427.922133,28,-71,30
1742100427.958133,2,4,18
1742100427.994133,-15,84,-123
1742100428.029133,18,-9,-79
1742100428.065133,-1,3,-91
1742100428.1001332,2,7,-63
1742100428.135133,-23,66,-81
1742100428.170133,-25,11,-49
1742100428.2061331,34,-24,50
1742100428.2421331,-35,95,-67
1742100428.2841332,-19,-62,-15
1742100428.3211331,48,20,-17
1742100428.356133,-27,19,-41
1742100428.391133,-59,65,-83
1742100428.4261332,-77,47,-53
1742100428.4621332,34,-50,-131
1742100428.4981332,-57,-34,-33
1742100428.533133,-101,9,-113
1742100428.569133,-21,-54,24
1742100428.6041331,48,16,13
1742100428.639133,-49,-59,-20
1742100428.674133,32,6,-22
1742100428.710133,68,16,-8
1742100428.746133,-95,44,-108
1742100428.7811332,16,2,67
1742100428.8171332,-63,2,-116
1742100428.852133,-17,60,79
1742100428.8871331,-20,-77,-164
1742100428.922133,-33,8,-206
1742100428.958133,50,68,-132
1742100428.994133,-1,-61,51
1742100429.029133,26,-69,-76
1742100429.065133,-99,22,-106
1742100429.1001332,-25,18,-38
1742100429.135133,-9,-59,39
1742100429.170133,-7,-31,33
1742100429.2061331,40,12,51
1742100429.2421331,-9,42,-86
1742100429.277133,-49,26,-162
1742100429.313133,-15,-67,-76
1742100429.348133,-5,-9,-80
1742100429.3831332,-35,-69,-34
1742100429.418133,88,-39,-4
1742100429.454133,-19,12,60
1742100429.490133,-27,-25,-17
1742100429.5251331,24,30,-57
1742100429.5611331,10,-7,-66
1742100429.596133,-61,10,-96
1742100429.631133,4,-25,-6
1742100429.667133,-13,-7,-70
1742100429.7021332,-67,18,-142
1742100429.7381332,12,-25,-133
1742100429.773133,-66,14,36
1742100429.809133,23,-59,-77
1742100429.8441331,13,36,0
1742100429.881133,73,-23,6
1742100429.9161332,2,38,24
1742100429.951133,6,30,-33
1742100429.987133,20,-23,-33
1742100430.022133,-7,52,10
1742100430.0581331,-47,-67,26
1742100430.093133,-31,12,-3
1742100430.129133,-1,17,-153
1742100430.164133,14,-22,-101
1742100430.1991332,62,39,-41
1742100430.2351332,-45,67,-27
1742100430.270133,58,-1,8
1742100430.306133,26,16,-57
1742100430.341133,-47,-71,58
1742100430.3771331,-53,20,-83
1742100430.412133,64,-23,31
1742100430.447133,-27,-33,65
1742100430.483133,-55,34,-52
1742100430.5181332,74,52,-38
1742100430.5541332,46,-11,19
1742100430.589133,-9,64,-20
1742100430.625133,60,32,-10
1742100430.6601331,-67,22,-70
1742100430.695133,-31,-25,-14
1742100430.731133,-43,16,4
1742100430.766133,48,-77,-160
1742100430.802133,17,-31,-129
1742100430.8371332,39,-39,-76
1742100430.8731332,13,-17,-9
1742100430.908133,34,-109,-1
1742100430.943133,83,62,4
1742100430.9791331,-35,12,-47
1742100431.014133,52,-25,-85
1742100431.050133,-2,44,-13
1742100431.085133,33,14,62
1742100431.121133,42,-7,-67
1742100431.1561332,56,12,-67
1742100431.191133,16,10,-129
1742100431.227133,10,64,-83
1742100431.2621331,-59,36,-29
1742100431.2981331,0,6,-53
1742100431.333133,-4,4,-21
1742100431.369133,82,-41,-99
1742100431.404133,-23,-39,0
1742100431.4391332,68,-15,-101
1742100431.4751332,10,-37,52
1742100431.510133,-43,-19,-101
1742100431.546133,38,-1,-23
1742100431.5811331,-13,-39,-75
1742100431.6171331,-27,10,-13
1742100431.652133,-45,72,-95
1742100431.687133,10,-7,184
1742100431.723133,0,4,-71
1742100431.7581332,-167,22,28
1742100431.7941332,58,34,-105
1742100431.829133,104,-25,-51
1742100431.865133,0,-21,-87
1742100431.9001331,12,-25,-39
1742100431.935133,82,-31,2
1742100431.971133,98,-13,-115
1742100432.006133,98,-17,60
1742100432.042133,82,-75,-177
1742100432.0771332,-51,-7,-31
1742100432.112133,28,32,-121
1742100432.147133,-55,38,-161
1742100432.1831331,-37,-9,-47
1742100432.2191331,4,30,-127
1742100432.254133,-35,-37,-21
1742100432.290133,-25,-105,-115
1742100432.325133,0,-79,-77
1742100432.3601332,80,76,-9
1742100432.395133,10,41,-95
1742100432.431133,22,-20,0
1742100432.467133,0,-12,14
1742100432.5021331,-15,0,4
1742100432.5381331,40,3,-35
1742100432.573133,0,-54,-69
1742100432.608133,52,95,2
1742100432.6431332,-77,-13,-97
1742100432.6791332,76,-47,20
1742100432.7151332,6,38,-61
1742100432.750133,22,16,-65
1742100432.786133,18,-55,46
1742100432.8211331,12,-49,-7
1742100432.856133,42,44,-33
1742100432.891133,16,-15,-101
1742100432.927133,-57,40,-213
1742100432.963133,70,-3,78
1742100432.9981332,32,-17,-185
1742100433.0341332,34,84,-137
1742100433.069133,-69,-39,-109
1742100433.1041331,-7,90,-157
1742100433.139133,20,-37,-69
1742100433.175133,26,-27,-205
1742100433.211133,4,-41,-13
1742100433.246133,16,20,-187
1742100433.282133,12,44,28
1742100433.3171332,-41,10,-239
1742100433.352133,-25,14,-101
1742100433.3871331,8,-58,-19
1742100433.4231331,148,4,-127
1742100433.4591331,42,-31,-25
1742100433.494133,60,60,-95
1742100433.530133,-29,84,-47
1742100433.565133,-13,-17,-71
1742100433.6001332,30,-32,-91
1742100433.635133,-47,2,-83
1742100433.671133,130,6,-69
1742100433.707133,78,148,-211
1742100433.7421331,-69,34,-155
1742100433.7781332,12,4,-51
1742100433.813133,24,34,-21
1742100433.848133,-51,77,-87
1742100433.8831332,-7,-25,-149
1742100433.9191332,28,82,-47
1742100433.9551332,30,-13,12
1742100433.990133,-75,22,-29
1742100434.026133,70,26,-91
1742100434.0611331,-47,64,-11
1742100434.096133,42,34,-79
1742100434.131133,12,-15,-119
1742100434.167133,-19,-9,-17
1742100434.203133,-11,84,-1
1742100434.2381332,-13,-17,-27
1742100434.274133,-35,0,-137
1742100434.309133,16,-73,26
1742100434.3441331,-13,20,-49
1742100434.379133,-39,-33,-29
1742100434.415133,46,0,82
1742100434.451133,82,4,-67
1742100434.486133,-9,18,-51
1742100434.522133,48,28,-117
1742100434.5571332,-41,14,50
1742100434.592133,-19,0,-75
1742100434.6271331,36,14,-81
1742100434.6631331,-49,-33,6
1742100434.6991332,-1,54,-81
1742100434.734133,-79,8,-23
1742100434.770133,50,-7,-51
1742100434.805133,-27,70,-33
1742100434.8401332,26,18,-149
1742100434.875133,-99,-1,-39
1742100434.911133,-81,86,110
1742100434.947133,-3,46,-45
1742100434.9821332,-53,26,6
1742100435.0181332,22,-14,-39
1742100435.053133,4,11,-109
1742100435.088133,-75,41,-33
1742100435.1231332,76,-19,38
1742100435.1591332,-37,32,-71
1742100435.195133,62,18,-75
1742100435.230133,34,48,-87
1742100435.266133,0,24,-87
1742100435.3011332,40,102,-35
1742100435.336133,40,12,-79
1742100435.371133,-2,-1,-49
1742100435.407133,24,-35,-75
1742100435.443133,-19,8,100
1742100435.4781332,22,-71,-63
1742100435.514133,-31,106,-69
1742100435.549133,-57,22,-151
1742100435.5841331,6,-31,-69
1742100435.619133,16,-1,-177
1742100435.655133,-3,16,-23
1742100435.691133,-31,-49,-119
1742100435.726133,74,-23,-127
1742100435.7621331,2,36,-129
1742100435.797133,-46,54,-112
1742100435.832133,3,-49,135
1742100435.8671331,-46,-21,-150
1742100435.9031332,19,-31,-14
1742100435.9391332,76,-18,-54
1742100435.974133,0,18,-118
1742100436.010133,-32,-68,-62
1742100436.045133,-74,-40,-50
1742100436.0801332,-94,8,-38
1742100436.116133,-20,-24,-68
1742100436.151133,-44,-12,-106
1742100436.187133,6,25,-92
1742100436.2221332,-1,95,-74
1742100436.2581332,4,-23,-40
1742100436.293133,20,-47,-86
1742100436.328133,10,10,61
1742100436.3641331,-27,-59,-136
1742100436.399133,-13,-15,-34
1742100436.435133,72,12,-8
1742100436.470133,12,-63,-82
1742100436.506133,54,-83,-80
1742100436.5411332,2,90,-34
1742100436.576133,50,-9,-14
1742100436.612133,-101,-15,-62
1742100436.647133,-9,-11,-78
1742100436.6831331,-25,32,61
1742100436.718133,92,-23,-20
1742100436.754133,0,-47,-46
1742100436.789133,-11,30,0
1742100436.8241332,-29,-64,29
1742100436.8601332,-1,25,-36
1742100436.895133,-39,10,-78
1742100436.931133,-25,72,23
1742100436.966133,-67,-9,-84
1742100437.0021331,-9,-37,-66
1742100437.037133,56,0,-80
1742100437.072133,23,78,-88
1742100437.108133,35,54,-44
1742100437.1431332,-27,85,-50
1742100437.1791332,-1,-6,21
1742100437.214133,-15,21,107
1742100437.250133,32,-14,27
1742100437.2851331,-27,13,-66
1742100437.320133,28,-76,-132
1742100437.356133,-11,-6,85
1742100437.391133,-63,-46,57
1742100437.427133,32,-8,-120
1742100437.4621332,-73,81,-68
1742100437.4981332,-11,13,-92
1742100437.533133,-35,-40,-44
1742100437.568133,-7,3,-16
1742100437.6041331,-25,-40,-104
1742100437.639133,-1,-10,-24
1742100437.675133,-33,-16,-88
1742100437.710133,8,-1,-38
1742100437.746133,86,-65,-56
1742100437.7811332,52,-5,47
1742100437.816133,44,64,-66
1742100437.852133,88,18,-80
1742100437.8871331,54,-29,-82
1742100437.9231331,-5,54,-22
1742100437.958133,-9,-57,-116
1742100437.994133,56,46,-16
1742100438.029133,16,10,-300
1742100438.0641332,12,50,23
1742100438.1001332,-53,25,19
1742100438.135133,38,-68,-58
1742100438.171133,24,-53,-146
1742100438.2061331,-69,-81,-46
1742100438.2421331,8,-39,161
1742100438.277133,-111,82,-146
1742100438.319133,-9,-10,-102
1742100438.356133,2,-57,-16
1742100438.391133,-3,-41,11
1742100438.427133,-65,18,-128
1742100438.4621332,64,20,-92
1742100438.497133,28,72,-58
1742100438.532133,30,-37,-118
1742100438.568133,28,10,-78
1742100438.6041331,6,18,19
1742100438.639133,18,34,-9
1742100438.675133,6,-31,-75
1742100438.710133,-49,-31,-49
1742100438.7451332,2,6,-1
1742100438.780133,-49,48,-97
1742100438.816133,-51,-27,-57
1742100438.852133,-1,28,-143
1742100438.8871331,48,-41,-53
1742100438.9231331,-39,40,-93
1742100438.958133,-81,-23,-47
1742100438.9951332,0,-11,-99
1742100439.030133,4,-15,0
1742100439.065133,24,40,60
1742100439.1001332,4,-37,12
1742100439.1361332,44,20,-147
1742100439.172133,-69,-7,-109
1742100439.207133,8,20,4
1742100439.243133,24,54,-93
1742100439.2781332,124,-25,-125
1742100439.313133,-18,-57,-59
1742100439.348133,5,50,-113
1742100439.384133,13,-17,-1
1742100439.420133,47,-21,-113
1742100439.4551332,3,-41,-57
1742100439.491133,121,24,66
1742100439.526133,43,2,-23
1742100439.5611331,-40,-3,-65
1742100439.596133,29,-53,-57
1742100439.632133,9,35,-23
1742100439.668133,-22,45,-123
1742100439.703133,83,27,-99
1742100439.7391331,-4,17,-105
1742100439.774133,27,-16,8
1742100439.809133,-14,-41,-144
1742100439.8441331,-30,-33,-77
1742100439.8801332,-62,-18,-194
1742100439.9161332,-28,-34,-34
1742100439.951133,4,17,-6
1742100439.987133,60,-25,-93
1742100440.022133,-45,-11,-1
1742100440.0571332,2,-5,-163
1742100440.092133,12,20,-83
1742100440.128133,10,24,2
1742100440.164133,26,34,-51
1742100440.1991332,34,40,-38
1742100440.2351332,32,-7,-44
1742100440.270133,108,34,1
1742100440.305133,70,20,-156
1742100440.3401332,38,-17,-72
1742100440.376133,-29,6,-96
1742100440.412133,46,-49,3
1742100440.447133,-21,-33,-112
1742100440.483133,28,-19,-14
1742100440.5181332,52,-7,-106
1742100440.553133,6,-49,-112
1742100440.588133,-44,32,-74
1742100440.624133,39,6,-148
1742100440.6601331,-10,-93,7
1742100440.695133,-50,22,-62
1742100440.731133,31,83,-82
1742100440.766133,-26,-17,-42
1742100440.8011332,-14,18,-58
1742100440.836133,85,-29,-66
1742100440.872133,59,-29,-138
1742100440.908133,11,32,-124
1742100440.943133,-70,-69,-122
1742100440.9791331,-18,-48,-36
1742100441.014133,15,28,39
1742100441.049133,-40,32,-72
1742100441.0841331,-36,14,-78
1742100441.1201332,-6,-21,-72
1742100441.1561332,-108,16,-96
1742100441.191133,7,61,-118
1742100441.227133,43,90,97
1742100441.2621331,-64,62,-108
1742100441.297133,-84,68,-130
1742100441.332133,-26,-67,-140
1742100441.368133,-32,10,53
1742100441.404133,-26,-27,-64
1742100441.4391332,-56,-51,-30
1742100441.4751332,35,12,-104
1742100441.510133,1,58,-38
1742100441.545133,41,46,-136
1742100441.5801332,1,-53,5
1742100441.616133,1,-31,-178
1742100441.652133,1,0,-41
1742100441.687133,-62,-77,40
1742100441.723133,-74,2,-81
1742100441.7581332,81,2,-53
1742100441.793133,25,66,-103
1742100441.828133,-6,-102,-105
1742100441.8641331,-60,32,-53
1742100441.9001331,43,12,-39
1742100441.935133,27,60,-81
1742100441.971133,-46,30,-29
1742100442.006133,-60,18,-57
1742100442.0411332,37,-1,-127
1742100442.076133,-18,-17,-9
1742100442.112133,-8,-29,-97
1742100442.148133,57,78,-147
1742100442.1831331,-8,46,-23
1742100442.2191331,5,-43,2
1742100442.254133,-4,106,-157
1742100442.289133,-26,4,-51
1742100442.3241332,17,-63,-101
1742100442.3601332,39,13,-51
1742100442.3961332,71,71,-69
1742100442.431133,35,53,-85
1742100442.467133,27,-77,-9
1742100442.5021331,-28,-3,-69
1742100442.537133,-55,-45,-19
1742100442.573133,12,54,10
1742100442.608133,-53,-43,12
1742100442.644133,40,-35,4
1742100442.6791332,-25,-67,-123
1742100442.7151332,-17,-75,36
1742100442.750133,-77,-45,-59
1742100442.7851331,42,50,-59
1742100442.8211331,-47,8,-43
1742100442.856133,-59,12,14
1742100442.892133,-9,20,76
1742100442.927133,-11,40,-7
1742100442.963133,-7,8,-95
1742100442.9981332,-25,28,-55
1742100443.033133,4,-33,-9
1742100443.069133,20,-45,-61
1742100443.1041331,75,62,26
1742100443.1401331,-3,33,-153
1742100443.175133,-39,0,-101
1742100443.211133,2,11,-95
1742100443.246133,30,-30,52
1742100443.2811332,52,65,-17
1742100443.3171332,16,67,-41
1742100443.352133,60,-80,-9
1742100443.388133,28,55,6
1742100443.4231331,30,37,-11
1742100443.4591331,4,-34,-1
1742100443.494133,-63,11,-25
1742100443.529133,-1,-86,-123
1742100443.565133,46,-50,-65
1742100443.6001332,38,-12,-5
1742100443.6361332,18,49,-45
1742100443.671133,-61,-54,-213
1742100443.707133,40,3,-29
1742100443.7421331,30,53,-47
1742100443.777133,16,-4,-53
1742100443.813133,60,-54,6
1742100443.848133,-45,5,-71
1742100443.884133,54,59,-175
1742100443.9191332,-53,-20,12
1742100443.9551332,-25,23,-43
1742100443.990133,32,-26,-79
1742100444.0251331,-15,47,-33
1742100444.0611331,20,-6,-51
1742100444.096133,30,-20,48
1742100444.132133,6,15,-21
1742100444.167133,72,-62,-87
1742100444.203133,-27,-38,-67
1742100444.2381332,16,23,-45
1742100444.273133,0,-48,-49
1742100444.309133,-45,79,-77
1742100444.3441331,-33,-58,-145
1742100444.3801332,-31,-22,-39
1742100444.415133,-39,-36,-85
1742100444.451133,30,65,8
1742100444.486133,14,-74,106
1742100444.5211332,-3,25,18
1742100444.5571332,-39,0,-117
1742100444.592133,26,13,-15
1742100444.628133,8,-20,-47
1742100444.6631331,56,29,38
1742100444.6991332,12,-3,-91
1742100444.734133,4,93,-141
1742100444.769133,-35,0,-5
1742100444.805133,24,-17,54
1742100444.8401332,4,-4,26
1742100444.876133,12,25,4
1742100444.911133,-53,33,-121
1742100444.9461331,-31,39,6
1742100444.981133,112,-24,-83
1742100445.017133,-1,51,-139
1742100445.053133,-7,37,-55
1742100445.088133,-65,-14,30
1742100445.124133,50,-32,-17
1742100445.1591332,16,33,-73
1742100445.194133,-95,1,-83
1742100445.2291331,-47,59,52
1742100445.2651331,64,-8,-107
1742100445.3011332,128,57,79
1742100445.336133,-45,3,-2
1742100445.372133,34,35,-152
1742100445.407133,-23,-30,-88
1742100445.4421332,22,5,-86
1742100445.477133,-55,-14,-88
1742100445.513133,-9,37,-70
1742100445.549133,12,-46,-20
1742100445.5841331,-25,-24,67
1742100445.6201332,-17,-14,-52
1742100445.655133,-47,-60,-80
1742100445.690133,-1,25,-114
1742100445.7251332,-93,-4,-114
1742100445.7611332,-3,27,49
1742100445.797133,100,31,-60
1742100445.832133,-35,-26,53
1742100445.868133,16,27,-56
1742100445.9031332,-6,33,-10
1742100445.938133,16,-10,-100
1742100445.973133,-20,44,-6
1742100446.009133,12,-38,-78
1742100446.045133,90,11,29
1742100446.0801332,-41,-44,45
1742100446.116133,46,-58,-24
1742100446.151133,-2,-28,-124
1742100446.1861331,54,36,-140
1742100446.221133,30,-60,-96
1742100446.257133,-10,-52,-78
1742100446.293133,22,-56,-164
1742100446.328133,-22,4,-38
1742100446.3641331,-12,28,-60
1742100446.399133,-38,26,-12
1742100446.434133,126,6,-148
1742100446.4691331,-10,-16,-40
1742100446.5051332,60,-4,-62
1742100446.5411332,68,4,-20
1742100446.576133,-98,22,-80
1742100446.612133,77,-30,39
1742100446.647133,-12,24,-98
1742100446.6821332,-8,-4,-94
1742100446.717133,-26,0,-144
1742100446.753133,38,26,-36
1742100446.789133,6,-50,-46
1742100446.8241332,24,40,45
1742100446.8601332,16,35,-74
1742100446.895133,8,23,-22
1742100446.930133,-24,-36,-30
1742100446.9651332,-34,51,-64
1742100447.001133,99,-58,-96
1742100447.037133,0,32,-34
1742100447.072133,-29,23,1
1742100447.108133,46,19,-60
1742100447.1431332,22,-18,-124
1742100447.178133,66,-54,-2
1742100447.213133,16,-82,79
1742100447.249133,52,13,-76
1742100447.2851331,94,7,-110
1742100447.320133,60,-46,9
1742100447.356133,16,23,27
1742100447.391133,-59,-38,-128
1742100447.4261332,-35,-4,-10
1742100447.461133,-21,-62,-96
1742100447.497133,-7,31,-142
1742100447.533133,-5,-15,-98
1742100447.568133,-47,10,-114
1742100447.6041331,-3,-11,-2
1742100447.639133,18,-95,-20
1742100447.674133,-9,-21,35
1742100447.7091331,2,-9,13
1742100447.7451332,48,-73,-22
1742100447.7811332,104,-43,-98
1742100447.816133,40,62,-24
1742100447.852133,-39,-11,-116
1742100447.8871331,-45,42,-116
1742100447.922133,88,-3,-144
1742100447.957133,-69,36,-142
1742100447.993133,-77,14,-27
1742100448.029133,24,-39,-74
1742100448.0641332,8,-11,-79
1742100448.1001332,-19,-43,-25
1742100448.135133,54,-17,-45
1742100448.170133,20,-51,-89
1742100448.2051332,58,-25,-25
1742100448.241133,28,64,14
1742100448.277133,34,-15,-103
1742100448.312133,-1,18,-25
1742100448.355133,48,-45,-135
1742100448.391133,24,2,-135
1742100448.4261332,4,-13,-73
1742100448.461133,68,-31,54
1742100448.497133,48,18,-55
1742100448.533133,-37,-7,-161
1742100448.568133,4,38,104
1742100448.6041331,66,41,-79
1742100448.639133,32,-13,-61
1742100448.674133,0,6,-137
1742100448.7091331,24,-18,-37
1742100448.7451332,8,-18,20
1742100448.7811332,2,12,-65
1742100448.816133,-11,-17,-75
1742100448.852133,-43,-25,-25
1742100448.8871331,38,44,-93
1742100448.922133,16,78,-49
1742100448.958133,104,94,-87
1742100448.993133,84,-15,-41
1742100449.029133,-47,42,-11
1742100449.0641332,14,2,32
1742100449.1001332,32,-69,-31
1742100449.135133,0,64,-51
1742100449.170133,72,-39,-51
1742100449.2061331,26,22,-21
1742100449.241133,64,10,-29
1742100449.277133,22,81,-38
1742100449.312133,34,20,-64
1742100449.348133,48,14,52
1742100449.3831332,-13,-113,27
1742100449.418133,-11,-13,36
1742100449.454133,44,-35,6
1742100449.4891331,-67,-33,-107
1742100449.5251331,-1,-17,-41
1742100449.560133,-19,-11,-33
1742100449.596133,24,-9,-177
1742100449.631133,6,38,-103
1742100449.6661332,-85,48,-73
1742100449.7021332,-41,-11,-133
1742100449.737133,18,-29,-141
1742100449.773133,0,2,2
1742100449.8081331,-5,-33,-39
1742100449.8441331,-123,-67,-125
1742100449.879133,24,-69,-159
1742100449.914133,28,19,-13
1742100449.950133,20,63,-83
1742100449.9851332,-19,-71,-13
1742100450.0211332,14,-82,28
1742100450.056133,-11,-36,-57
1742100450.092133,-29,-63,-93
1742100450.1271331,-9,-61,-81
1742100450.162133,46,24,-77
1742100450.198133,-21,0,-103
1742100450.233133,-25,38,-143
1742100450.269133,-51,-43,-79
1742100450.3041332,18,-3,-49
1742100450.339133,-57,2,-107
1742100450.374133,50,28,-101
1742100450.4101331,58,-23,-27
1742100450.4461331,28,18,-29
1742100450.481133,52,38,50
1742100450.517133,-14,-85,-103
1742100450.552133,-65,25,-21
1742100450.588133,28,0,-119
1742100450.6231332,18,-41,-57
1742100450.658133,6,-31,-51
1742100450.694133,-31,-21,-23
1742100450.7291331,-5,-3,74
1742100450.7651331,52,2,-131
1742100450.800133,-29,12,34
1742100450.836133,4,72,86
1742100450.871133,-39,1,-89
1742100450.9061332,52,56,-79
1742100450.9421332,4,-5,94
1742100450.977133,26,-21,26
1742100451.013133,-21,56,-77
1742100451.0481331,-53,31,-105
1742100451.0841331,6,8,2
1742100451.119133,6,1,-29
1742100451.154133,-7,21,-27
1742100451.190133,-35,-18,-3
1742100451.2251332,48,9,-35
1742100451.2611332,96,99,-89
1742100451.296133,18,17,-75
1742100451.3311331,-11,-16,-21
1742100451.366133,-67,23,-27
1742100451.402133,-65,-6,48
1742100451.438133,-19,113,118
1742100451.473133,44,0,-95
1742100451.509133,32,-32,-141
1742100451.5441332,8,-8,-53
1742100451.579133,66,23,44
1742100451.6141331,-69,7,0
1742100451.6501331,-11,-5,-19
1742100451.6861331,2,-35,-9
1742100451.721133,-63,-10,-129
1742100451.757133,-17,33,-161
1742100451.792133,76,25,-11
1742100451.8271332,-1,-4,-33
1742100451.862133,-17,-17,-43
1742100451.898133,-23,-33,-21
1742100451.934133,-125,8,-169
1742100451.9691331,22,10,-67
1742100452.0051332,26,22,44
1742100452.040133,76,18,-91
1742100452.075133,60,38,-83
1742100452.1101332,-37,55,-49
1742100452.1461332,92,-20,-67
1742100452.1821332,36,64,-143
1742100452.217133,50,48,-101
1742100452.253133,-65,39,-115
1742100452.2881331,8,-39,-119
1742100452.323133,24,2,-129
1742100452.358133,68,-34,-171
1742100452.394133,30,-26,72
1742100452.430133,82,-42,-51
1742100452.4651332,54,13,130
1742100452.501133,56,-4,-53
1742100452.536133,-1,17,-9
1742100452.5711331,-11,51,-25
1742100452.606133,-43,-21,-173
1742100452.642133,18,-51,-83
1742100452.678133,44,12,-17
1742100452.713133,-21,34,-115
1742100452.749133,24,-85,64
1742100452.7841332,10,-1,-97
1742100452.819133,48,73,-153
1742100452.8541331,4,-32,18
1742100452.8901331,-45,7,-135
1742100452.9261332,-43,-72,-81
1742100452.961133,50,-14,-57
1742100452.997133,-37,-8,-9
1742100453.032133,-27,-32,-7
1742100453.0671332,72,-2,-97
1742100453.102133,8,13,26
1742100453.138133,-5,-18,6
1742100453.174133,20,-36,-69
1742100453.2091331,68,3,12
1742100453.2451332,14,27,-63
1742100453.280133,62,-20,-109
1742100453.315133,-5,-52,-33
1742100453.3501332,-27,-28,-83
1742100453.3861332,116,-79,6
1742100453.422133,-5,-34,-101
1742100453.457133,2,37,-33
1742100453.493133,34,105,32
1742100453.5281332,56,61,-81
1742100453.563133,54,50,16
1742100453.598133,6,62,-25
1742100453.634133,52,-37,-33
1742100453.670133,-5,-17,-93
1742100453.7051332,4,62,-115
1742100453.741133,-51,48,-113
1742100453.776133,55,-53,-57
1742100453.8111331,-7,8,-13
1742100453.846133,12,68,-37
1742100453.882133,-81,-33,-129
1742100453.918133,-77,54,-35
1742100453.953133,20,22,-149
1742100453.9891331,58,-21,2
1742100454.024133,8,-59,-21
1742100454.059133,46,-49,84
1742100454.0941331,6,-47,-53
1742100454.1301332,40,-21,-105
1742100454.1661332,34,42,-98
1742100454.201133,10,68,81
1742100454.237133,-33,-13,-26
1742100454.272133,16,-27,-78
1742100454.3071332,-65,-9,-28
1742100454.342133,-3,-59,-94
1742100454.378133,18,2,-26
1742100454.414133,-14,10,-24
1742100454.4491332,-28,2,-74
1742100454.4851332,53,42,45
1742100454.520133,-26,8,-40
1742100454.555133,-72,-17,-68
1742100454.5901332,11,-42,-60
1742100454.626133,107,-47,-44
1742100454.662133,63,2,-120
1742100454.697133,31,-45,-58
1742100454.733133,47,98,-38
1742100454.7681332,-64,-23,-18
1742100454.803133,-16,-15,-104
1742100454.838133,69,10,-68
1742100454.874133,41,18,-6
1742100454.9101331,37,6,-42
1742100454.945133,15,-1,39
1742100454.981133,55,32,31
1742100455.016133,-6,-25,-54
1742100455.0511332,-60,34,-2
1742100455.086133,-32,-3,0
1742100455.122133,-38,52,-68
1742100455.158133,37,104,-56
1742100455.193133,-48,-21,35
1742100455.2291331,27,16,-12
1742100455.264133,59,62,-150
1742100455.299133,3,-5,-54
1742100455.3341331,17,-45,51
1742100455.3701332,57,-19,-18
1742100455.4061332,-20,-35,-122
1742100455.441133,-2,6,-66
1742100455.477133,27,-111,-24
1742100455.5121331,-38,-91,-116
1742100455.547133,7,-25,-24
1742100455.583133,-8,8,-46
1742100455.618133,-44,-21,-38
1742100455.654133,7,4,19
1742100455.6891332,-58,50,-8
1742100455.7251332,53,28,37
1742100455.760133,65,-23,-2
1742100455.795133,77,-1,37
1742100455.8311331,-26,-39,-88
1742100455.866133,-76,6,-32
1742100455.902133,-20,48,-122
1742100455.937133,-78,-23,-2
1742100455.973133,-2,14,-70
1742100456.0081332,63,-81,-8
1742100456.043133,55,68,-6
1742100456.079133,7,0,-100
1742100456.1141331,-38,-41,-38
1742100456.1501331,-18,-23,-50
1742100456.185133,-26,60,-10
1742100456.221133,-42,28,-6
1742100456.256133,47,-53,-64
1742100456.2911332,73,26,-78
1742100456.3271332,23,26,-126
1742100456.362133,-48,-33,-72
1742100456.398133,41,-21,-112
1742100456.4331331,65,28,23
1742100456.4691331,37,24,-50
1742100456.5051332,-40,-21,15
1742100456.5411332,55,4,-114
1742100456.576133,49,18,-10
1742100456.611133,-52,22,-130
1742100456.647133,-70,4,-18
1742100456.6821332,7,8,-154
1742100456.718133,27,34,-62
1742100456.753133,9,56,-36
1742100456.789133,67,42,-2
1742100456.8241332,-94,-21,71
1742100456.859133,-20,30,-104
1742100456.895133,23,76,-94
1742100456.930133,23,14,-78
1742100456.966133,-54,24,-62
1742100457.001133,-28,18,-44
1742100457.037133,23,71,-82
1742100457.072133,-6,-52,-44
1742100457.1071332,-2,59,-86
1742100457.1431332,5,-36,-84
1742100457.178133,-14,15,71
1742100457.214133,39,68,5
1742100457.249133,47,11,-64
1742100457.2851331,63,-96,-66
1742100457.320133,-14,-61,-172
1742100457.355133,21,-30,9
1742100457.391133,5,-76,-90
1742100457.4261332,-16,17,-114
1742100457.4621332,63,-6,-158
1742100457.497133,-68,27,-60
1742100457.533133,-16,-28,-66
1742100457.568133,31,19,-110
1742100457.6031332,-24,61,-30
1742100457.639133,73,-21,-84
1742100457.674133,-68,34,-164
1742100457.710133,-2,17,-26
1742100457.7451332,55,-5,-22
1742100457.780133,-38,50,-68
1742100457.815133,-58,-65,-20
1742100457.851133,-8,47,-74
1742100457.8871331,-10,1,-50
1742100457.922133,41,25,-222
1742100457.958133,37,23,-84
1742100457.993133,-90,25,9
1742100458.0281332,7,-24,25
1742100458.063133,-16,-24,-106
1742100458.099133,-22,-16,-30
1742100458.135133,-12,59,-54
1742100458.170133,67,-20,-30
1742100458.2061331,-2,-24,-110
1742100458.241133,7,47,-88
1742100458.276133,-36,-7,-86
1742100458.3111331,51,37,-32
1742100458.3471332,33,29,-10
1742100458.3901331,27,-42,-116
1742100458.4261332,19,-94,-30
1742100458.4621332,-38,31,-90
1742100458.497133,5,-56,-80
1742100458.532133,29,5,41
1742100458.5671332,54,47,-34
1742100458.6031332,-8,-26,-86
1742100458.639133,-39,20,-70
1742100458.674133,42,-19,29
1742100458.710133,-19,-63,-114
1742100458.7451332,104,-51,-40
1742100458.780133,-91,10,-88
1742100458.815133,-35,38,-132
1742100458.851133,-47,-39,-34
1742100458.8871331,27,50,13
1742100458.922133,-50,-37,-102
1742100458.958133,-2,-5,-24
1742100458.993133,53,4,-106
1742100459.0281332,-90,26,7
1742100459.063133,0,-35,-44
1742100459.099133,3,4,-36
1742100459.135133,-100,38,-6
1742100459.170133,25,-21,-48
1742100459.2061331,65,56,-98
1742100459.241133,-32,-29,-46
1742100459.276133,-50,-15,21
1742100459.3111331,49,84,-60
1742100459.3471332,107,76,0
1742100459.3831332,-74,66,81
1742100459.418133,-50,20,-14
1742100459.454133,-30,-5,-94
1742100459.4891331,49,8,-106
1742100459.524133,63,56,-136
1742100459.559133,81,30,-32
1742100459.595133,57,-45,55
1742100459.631133,-108,-53,-22
1742100459.6661332,32,4,-34
1742100459.7021332,27,-25,-98
1742100459.737133,13,-25,-28
1742100459.772133,-72,-19,-104
1742100459.8071332,-12,12,-27
1742100459.843133,45,-17,-119
1742100459.879133,15,44,-103
1742100459.914133,-52,4,-73
1742100459.950133,47,-20,-19
1742100459.9851332,51,17,-43
1742100460.020133,-84,-20,-155
1742100460.055133,9,-46,-105
1742100460.091133,-8,21,-11
1742100460.1271331,-37,11,-11
1742100460.162133,44,29,-91
1742100460.198133,42,33,-91
1742100460.233133,32,69,24
1742100460.2681332,19,11,-43
1742100460.303133,-87,-16,-107
1742100460.339133,45,1,-31
1742100460.375133,0,-6,-39
1742100460.4101331,50,-62,-23
1742100460.4461331,-51,-34,-159
1742100460.481133,61,29,94
1742100460.516133,-56,-22,-15
1742100460.5511332,-8,21,-33
1742100460.5871332,82,13,-65
1742100460.6231332,-5,-36,-125
1742100460.658133,2,95,-61
1742100460.694133,10,-30,-37
1742100460.7291331,24,-44,-15
1742100460.764133,0,-66,-153
1742100460.799133,-14,-28,0
1742100460.835133,27,-80,-35
1742100460.871133,23,-4,-23
1742100460.9061332,25,-44,-73
1742100460.9421332,39,-28,-81
1742100460.977133,-94,47,-36
1742100461.0121331,-52,-50,-40
1742100461.047133,-48,-10,-64
1742100461.083133,0,-10,-68
1742100461.119133,6,-60,-60
1742100461.154133,34,-30,27
1742100461.190133,4,59,-22
1742100461.2251332,50,7,-96
1742100461.260133,64,33,-76
1742100461.295133,52,-54,-94
1742100461.3311331,36,-12,-16
1742100461.3671331,-101,-13,-164
1742100461.402133,14,-63,-60
1742100461.438133,30,20,-124
1742100461.473133,6,-27,7
1742100461.5081332,12,-8,-84
1742100461.543133,0,53,-200
1742100461.579133,70,-6,101
1742100461.615133,-43,-52,-124
1742100461.6501331,-17,70,-12
1742100461.6861331,-29,47,-54
1742100461.721133,56,-10,-40
1742100461.756133,2,-4,-136
1742100461.792133,18,-16,-142
1742100461.8271332,-39,-29,-112
1742100461.8631332,-53,-51,-58
1742100461.898133,-13,-17,-124
1742100461.934133,80,65,-116
1742100461.9691331,72,49,-140
1742100462.004133,-33,-76,-214
1742100462.040133,-45,3,-62
1742100462.075133,72,-31,-58
1742100462.111133,-45,32,7
1742100462.1461332,6,-23,-44
1742100462.1821332,72,8,-60
1742100462.217133,-89,22,-94
1742100462.2521331,-19,-29,-36
1742100462.2881331,50,-33,-79
1742100462.323133,34,-9,5
1742100462.359133,-55,-73,-20
1742100462.394133,6,-19,37
1742100462.430133,-13,-29,44
1742100462.4651332,-51,-51,-145
1742100462.500133,66,-31,-173
1742100462.536133,12,1,40
1742100462.5711331,12,-80,-165
1742100462.6071332,-35,65,-117
1742100462.642133,76,53,4
1742100462.678133,-9,29,26
1742100462.713133,-37,-15,-39
1742100462.7481332,-9,48,-87
1742100462.7841332,20,63,-23
1742100462.819133,72,-47,-1
1742100462.855133,16,116,-119
1742100462.8901331,68,38,-43
1742100462.9261332,-15,21,-107
1742100462.961133,-65,27,-31
1742100462.996133,12,33,-211
1742100463.032133,16,8,-65
1742100463.0671332,-23,47,-55
1742100463.1031332,4,-22,-119
1742100463.138133,16,51,-103
1742100463.174133,-20,61,0
1742100463.2091331,53,29,-133
1742100463.244133,-56,-52,2
1742100463.280133,-46,-32,-9
1742100463.315133,3,-68,-91
1742100463.351133,17,-60,48
1742100463.3861332,-30,61,-91
1742100463.422133,-6,-20,-95
1742100463.457133,41,-10,-103
1742100463.4921331,-4,41,2
1742100463.5281332,60,-72,46
1742100463.563133,-43,67,-159
1742100463.599133,-9,-46,-49
1742100463.634133,-33,15,-131
1742100463.670133,0,-60,-159
1742100463.7051332,-75,49,-41
1742100463.740133,40,-63,-87
1742100463.776133,-45,30,-73
1742100463.8111331,-9,44,-51
1742100463.8471332,-17,2,-11
1742100463.882133,-29,5,-27
1742100463.918133,-63,-31,-23
1742100463.953133,-23,-40,-121
1742100463.9881332,30,54,100
1742100464.024133,14,34,58
1742100464.059133,14,-14,-66
1742100464.095133,-9,-66,-31
1742100464.1301332,26,-7,115
1742100464.165133,-9,-57,-124
1742100464.200133,34,70,-90
1742100464.236133,-29,-67,-36
1742100464.272133,70,68,-28
1742100464.3071332,34,8,-60
1742100464.343133,32,-19,97
1742100464.378133,-29,4,-40
1742100464.4131331,-1,-59,-82
1742100464.448133,-25,-35,-44
1742100464.484133,-37,39,-48
1742100464.520133,30,-17,-184
1742100464.555133,-107,14,-116
1742100464.591133,-29,-25,-16
1742100464.626133,8,-47,-24
1742100464.661133,2,-37,-20
1742100464.6961331,14,-21,-42
1742100464.7321332,12,42,-114
1742100464.7681332,12,30,-130
1742100464.803133,40,-1,-94
1742100464.839133,62,-3,-192
1742100464.874133,-29,-19,-58
1742100464.9091332,-59,-3,-20
1742100464.944133,26,-9,-2
1742100464.980133,62,32,-68
1742100465.016133,-19,64,-60
1742100465.0511332,12,10,-14
1742100465.0871332,74,24,-96
1742100465.122133,-3,-75,109
1742100465.157133,-21,-9,-112
1742100465.1921332,18,-23,-150
1742100465.2281332,38,58,-170
1742100465.264133,42,18,-60
1742100465.299133,-21,50,17
1742100465.335133,64,-29,-34
1742100465.3701332,22,-67,-98
1742100465.405133,-93,-29,-166
1742100465.440133,-73,-29,-24
1742100465.476133,-7,44,-70
1742100465.5121331,12,88,-100
1742100465.547133,-5,-33,11
1742100465.583133,-25,-37,-64
1742100465.619133,-5,-19,-116
1742100465.655133,-71,-53,-106
1742100465.690133,38,-9,-76
1742100465.7251332,6,4,-74
1742100465.760133,-5,6,-34
1742100465.796133,36,-23,-20
1742100465.832133,-47,30,15
1742100465.8671331,-17,20,15
1742100465.9031332,-7,12,-114
1742100465.938133,-47,-35,-40
1742100465.973133,-45,-19,-152
1742100466.0081332,28,38,39
1742100466.0441332,20,2,-52
1742100466.0801332,24,6,7
1742100466.115133,34,-27,-72
1742100466.151133,6,-5,-86
1742100466.1861331,10,-33,-46
1742100466.221133,8,-11,-58
1742100466.256133,18,38,-158
1742100466.292133,-67,42,-54
1742100466.328133,-35,-63,-134
1742100466.3631332,-23,-27,-78
1742100466.399133,100,-7,-74
1742100466.434133,-3,70,53
1742100466.4691331,-45,-33,99
1742100466.504133,-7,-41,0
1742100466.540133,-41,4,-52
1742100466.576133,52,54,-96
1742100466.611133,70,0,-68
1742100466.647133,-29,36,11
1742100466.6821332,24,50,-68
1742100466.717133,-25,2,-76
1742100466.7521331,82,16,-86
1742100466.7881331,-13,-9,-84
1742100466.8241332,22,-45,-120
1742100466.859133,-9,-35,13
1742100466.895133,-25,-13,-172
1742100466.930133,-17,-5,-102
1742100466.9651332,64,102,-162
1742100467.000133,-61,-31,-112
1742100467.036133,-57,-9,-50
1742100467.072133,-87,-3,-60
1742100467.1071332,-19,-55,-2
1742100467.1431332,-19,46,-10
1742100467.178133,94,-7,15
1742100467.213133,-1,-1,13
1742100467.2481332,-25,-87,11
1742100467.2841332,-65,-33,5
1742100467.320133,-3,38,-72
1742100467.355133,-57,27,-60
1742100467.391133,-57,31,-86
1742100467.4261332,38,-62,-40
1742100467.461133,14,12,-22
1742100467.496133,94,-70,-112
1742100467.532133,-38,46,-14
1742100467.568133,-11,-42,-40
1742100467.6031332,-21,-62,-24
1742100467.639133,48,31,-98
1742100467.674133,-71,39,-28
1742100467.7091331,38,7,-44
1742100467.744133,18,-40,-126
1742100467.780133,-43,-56,-54
1742100467.816133,20,-33,-60
1742100467.851133,42,-15,-142
1742100467.8871331,62,-39,5
1742100467.922133,18,0,-86
1742100467.957133,12,2,-114
1742100467.9921331,36,2,-62
1742100468.0281332,-47,-65,-142
1742100468.0641332,-3,60,-104
1742100468.099133,-5,-53,53
1742100468.135133,-25,56,9
1742100468.170133,16,-49,-104
1742100468.2051332,54,-5,-92
1742100468.241133,-15,44,-12
1742100468.276133,92,56,-70
1742100468.312133,-39,-83,-146
1742100468.3471332,-7,64,1
1742100468.3831332,12,70,0
1742100468.425133,-19,22,-128
1742100468.461133,-56,-23,-92
1742100468.497133,-111,-47,1
1742100468.532133,-57,-105,-54
1742100468.568133,58,-51,-198
1742100468.6031332,-21,-5,11
1742100468.639133,62,12,9
1742100468.674133,-31,0,-80
1742100468.7091331,16,-21,-20
1742100468.7451332,20,48,-50
1742100468.780133,-35,-27,-192
1742100468.816133,-19,118,-80
1742100468.851133,52,8,-92
1742100468.8871331,-73,18,43
1742100468.922133,68,42,49
1742100468.957133,-33,-23,-100
1742100468.993133,-125,-35,-120
1742100469.0281332,-15,24,19
1742100469.0641332,-51,-19,31
1742100469.099133,-83,36,-86
1742100469.135133,-127,20,-60
1742100469.170133,24,-11,-42
1742100469.2051332,-37,-29,-70
1742100469.241133,-13,-41,31
1742100469.276133,-15,44,77
1742100469.312133,-86,18,37
1742100469.3471332,21,-31,27
1742100469.3831332,19,-10,-6
1742100469.418133,-34,-30,-54
1742100469.453133,10,19,-54
1742100469.4891331,8,-31,-80
1742100469.524133,36,3,63
1742100469.560133,18,55,-82
1742100469.595133,8,73,-184
1742100469.631133,68,21,-72
1742100469.6661332,-42,-18,-130
1742100469.701133,59,40,-14
1742100469.737133,67,-7,-132
1742100469.772133,107,-17,-116
1742100469.8081331,0,10,-68
1742100469.843133,6,77,-52
1742100469.879133,70,-10,-100
1742100469.914133,-15,-56,73
1742100469.9491332,-45,63,145
1742100469.9851332,-50,-116,9
1742100470.020133,62,-54,19
1742100470.056133,157,-58,25
1742100470.091133,-44,-3,-38
1742100470.1271331,-120,-87,-16
1742100470.162133,69,54,-78
1742100470.197133,53,-43,-76
1742100470.233133,-34,8,33
1742100470.2681332,29,-21,-46
1742100470.3041332,44,0,0
1742100470.339133,4,32,-82
1742100470.375133,-17,43,-18
1742100470.4101331,-23,99,-118
1742100470.445133,128,-20,-66
1742100470.481133,44,64,-72
1742100470.516133,-51,5,-54
1742100470.552133,-7,4,-8
1742100470.5871332,8,2,-52
1742100470.622133,-31,10,-86
1742100470.657133,-43,-49,17
1742100470.693133,50,-35,113
1742100470.7291331,22,-11,-60
1742100470.764133,-28,66,-168
1742100470.800133,37,-23,-40
1742100470.835133,-2,46,39
1742100470.8701332,27,64,-76
1742100470.905133,-56,-1,-4
1742100470.941133,-25,14,-12
1742100470.977133,-41,-33,-16
1742100471.0121331,43,-3,-112
1742100471.0481331,-16,30,-30
1742100471.083133,-23,8,-118
1742100471.118133,6,10,-56
1742100471.1531332,6,28,-16
1742100471.1891332,4,-1,-186
1742100471.2251332,-15,76,-142
1742100471.260133,34,78,-104
1742100471.296133,-65,-25,-34
1742100471.3311331,-29,24,-24
1742100471.366133,-1,-41,-2
1742100471.401133,-79,14,-74
1742100471.437133,30,42,-38
1742100471.473133,6,2,-23
1742100471.5081332,2,-47,-67
1742100471.5441332,-85,-9,-35
1742100471.579133,-3,40,-63
1742100471.6141331,-63,-29,-175
1742100471.649133,-57,0,-37
1742100471.685133,-11,12,-21
1742100471.721133,6,84,-51
1742100471.756133,-49,-13,2
1742100471.792133,-3,-59,16
1742100471.8271332,-25,2,-137
1742100471.862133,38,22,0
1742100471.897133,0,60,-15
1742100471.9331331,3,24,-5
1742100471.9691331,-24,56,6
1742100472.004133,-13,16,-55
1742100472.040133,-29,50,-77
1742100472.075133,-35,-25,-83
1742100472.1101332,-15,-9,-1
1742100472.145133,-67,30,-87
1742100472.181133,-27,50,-17
1742100472.217133,44,0,-9
1742100472.2521331,66,8,-143
1742100472.2881331,-47,14,-159
1742100472.323133,-21,-35,-89
1742100472.358133,24,42,66
1742100472.3931332,-15,14,-73
1742100472.4291332,-3,6,38
1742100472.4651332,-15,24,-187
1742100472.500133,16,38,34
1742100472.536133,18,24,-41
1742100472.5711331,6,8,-1
1742100472.606133,24,-55,-3
1742100472.641133,-27,-53,-45
1742100472.677133,-9,-47,24
1742100472.713133,38,-81,-69
1742100472.7481332,24,-7,18
1742100472.7841332,-3,46,-135
1742100472.819133,-15,-21,-107
1742100472.8541331,46,-3,-81
1742100472.889133,34,-5,-65
1742100472.925133,-3,-97,-65
1742100472.961133,-15,-63,-195
1742100472.996133,-31,23,-91
1742100473.032133,2,-24,-133
1742100473.0671332,-45,-68,-83
1742100473.102133,-55,3,-89
1742100473.1371331,34,1,-119
1742100473.1731331,-29,-101,-61
1742100473.2091331,12,82,-57
1742100473.244133,-23,-7,142
1742100473.280133,2,25,-65
1742100473.315133,56,11,-45
1742100473.3501332,-3,71,-85
1742100473.385133,20,-2,-39
1742100473.421133,-55,-34,-19
1742100473.457133,-25,-59,22
1742100473.4921331,-57,-21,-105
1742100473.5281332,34,-11,-109
1742100473.563133,38,46,10
1742100473.598133,-19,-5,-83
1742100473.6331332,-77,50,-75
1742100473.6691332,8,-25,-121
1742100473.7051332,20,32,-29
1742100473.740133,16,-39,-111
1742100473.776133,48,68,-99
1742100473.8111331,-45,52,-103
1742100473.846133,50,44,-72
1742100473.881133,-105,96,-68
1742100473.917133,30,20,-16
1742100473.953133,66,-73,-10
1742100473.9881332,-17,6,-58
1742100474.024133,46,-11,-42
1742100474.059133,-35,-19,21
1742100474.0941331,-15,-75,-144
1742100474.129133,-15,-45,-50
1742100474.165133,-3,-51,33
1742100474.201133,54,-39,9
1742100474.236133,10,-35,-76
1742100474.272133,0,-29,7
1742100474.3071332,2,-19,3
1742100474.342133,-31,-9,-72
1742100474.3771331,8,-13,-40
1742100474.4131331,-25,16,69
1742100474.4491332,-21,104,-162
1742100474.484133,-19,20,-114
1742100474.520133,-33,-45,41
1742100474.555133,-115,106,59
1742100474.5901332,42,-53,-232
1742100474.626133,-18,22,-88
1742100474.661133,70,-45,17
1742100474.697133,50,-110,77
1742100474.733133,-13,-25,-90
1742100474.769133,28,94,-22
1742100474.8041332,32,-49,-40
1742100474.8401332,-11,0,-138
1742100474.875133,-33,-63,67
1742100474.9101331,68,0,-48
1742100474.9461331,-35,20,-112
1742100474.981133,42,-31,-144
1742100475.017133,12,32,-142
1742100475.052133,-49,-5,-82
1742100475.088133,-21,-9,-12
1742100475.1231332,18,-59,-52
1742100475.158133,94,82,51
1742100475.194133,30,-15,-98
1742100475.2291331,44,-45,-84
1742100475.2651331,-15,-25,-8
1742100475.300133,-15,-41,19
1742100475.336133,32,30,-98
1742100475.371133,-73,-21,-18
1742100475.4061332,-49,-29,-150
1742100475.4421332,-95,-11,-30
1742100475.477133,-11,54,-48
1742100475.513133,-15,16,-104
1742100475.5481331,10,18,-86
1742100475.5841331,11,-19,61
1742100475.619133,-50,-69,19
1742100475.654133,-10,64,-148
1742100475.690133,69,-45,-64
1742100475.7251332,63,-1,23
1742100475.7611332,53,-55,11
1742100475.796133,-60,-55,-32
1742100475.832133,-42,14,-48
1742100475.8671331,28,-15,-14
1742100475.902133,-45,-43,-130
1742100475.938133,-85,-53,-100
1742100475.973133,-52,-99,5
1742100476.009133,42,-19,-94
1742100476.0441332,-48,-21,-12
1742100476.0801332,-23,-3,-44
1742100476.115133,-23,18,-146
1742100476.1501331,92,-19,3
1742100476.1861331,8,28,-104
1742100476.221133,62,-43,-32
1742100476.257133,48,-31,41
1742100476.292133,-77,-31,-62
1742100476.328133,48,-43,51
1742100476.3631332,-57,4,-26
1742100476.398133,78,-23,-116
1742100476.434133,4,-28,-96
1742100476.4691331,-77,-90,-90
1742100476.5051332,-79,54,-46
1742100476.540133,86,-33,15
1742100476.576133,20,-11,0
1742100476.611133,0,24,-56
1742100476.6461332,98,114,-62
1742100476.6821332,15,12,-14
1742100476.717133,0,48,-164
1742100476.753133,35,56,-92
1742100476.7881331,0,-35,-34
1742100476.8241332,33,72,7
1742100476.859133,53,-11,-74
1742100476.894133,-32,-3,-86
1742100476.930133,-104,48,-86
1742100476.9651332,0,12,-70
1742100477.001133,19,-5,45
1742100477.036133,35,66,33
1742100477.072133,-86,36,-120
1742100477.108133,7,-51,33
1742100477.1431332,27,-93,-40
1742100477.178133,75,38,15
1742100477.214133,75,6,-176
1742100477.250133,-42,-61,-22
1742100477.2851331,-68,16,-22
1742100477.3211331,-28,80,-88
1742100477.356133,-94,-59,-58
1742100477.391133,-42,-25,-8
1742100477.4261332,51,0,-76
1742100477.4621332,5,6,-128
1742100477.4981332,-30,-55,-116
1742100477.533133,-74,-39,-20
1742100477.569133,-42,28,-40
1742100477.6041331,-30,-41,-88
1742100477.639133,111,38,-100
1742100477.674133,-22,-47,-212
1742100477.710133,-36,-43,1
1742100477.746133,13,30,-94
1742100477.7811332,-46,76,-114
1742100477.8171332,47,-69,-115
1742100477.852133,39,22,-25
1742100477.8871331,45,42,-32
1742100477.922133,9,68,-72
1742100477.958133,11,-47,-28
1742100477.994133,-38,-74,-70
1742100478.029133,49,33,-174
1742100478.065133,-2,15,-126
1742100478.1001332,59,99,19
1742100478.135133,31,-46,-130
1742100478.170133,33,-42,-74
1742100478.2061331,-16,49,-89
1742100478.2421331,42,12,-37
1742100478.277133,42,10,-53
1742100478.313133,-1,-35,-5
1742100478.348133,43,49,66
1742100478.3831332,10,-17,-13
1742100478.418133,74,-30,-45
1742100478.461133,-38,43,-97
1742100478.4981332,-47,-58,2
1742100478.533133,5,25,-47
1742100478.569133,-44,-54,-47
1742100478.6041331,-45,39,56
1742100478.639133,0,7,-59
1742100478.674133,-67,21,-23
1742100478.710133,-51,-11,-97
1742100478.746133,42,-1,-109
1742100478.7811332,96,-17,-47
1742100478.8171332,-19,-27,-153
1742100478.852133,28,2,-201
1742100478.8871331,-7,24,-69
1742100478.922133,86,-5,-25
1742100478.958133,-21,42,-105
1742100478.994133,-87,-45,-29
1742100479.029133,8,-37,-73
1742100479.065133,-35,44,-11
1742100479.1001332,-23,40,-43
1742100479.135133,44,28,18
1742100479.170133,-1,-59,-65
1742100479.2061331,14,70,-123
1742100479.2421331,-31,-23,-43
1742100479.277133,-45,-131,-59
1742100479.313133,-7,57,-9
1742100479.348133,28,-2,-63
1742100479.3831332,62,22,-95
1742100479.418133,14,-19,-115
1742100479.454133,-32,-11,-59
1742100479.490133,-10,-11,-67
1742100479.5251331,-20,44,36
1742100479.5611331,47,40,-79
1742100479.596133,-56,12,-81
1742100479.631133,-2,-49,-85
1742100479.6661332,19,-31,-65
1742100479.7021332,3,20,-13
1742100479.7381332,37,-27,-71
1742100479.773133,17,30,-83
1742100479.809133,5,-77,-101
1742100479.8441331,28,0,-77
1742100479.879133,-3,100,-123
1742100479.914133,18,-25,-147
1742100479.950133,106,80,-61
1742100479.986133,-51,24,82
1742100480.0211332,54,-25,-51
1742100480.0571332,-47,104,8
1742100480.092133,-87,-9,-193
1742100480.1271331,94,-5,-89
1742100480.162133,32,-9,50
1742100480.198133,58,90,-61
1742100480.234133,-8,-30,-19
1742100480.269133,-18,30,0
1742100480.305133,-12,-111,-12
1742100480.3401332,-54,86,-64
1742100480.375133,47,0,-2
1742100480.4101331,-68,18,-47
1742100480.4461331,73,8,-103
1742100480.4821332,-38,-35,-50
1742100480.517133,19,8,-230
1742100480.553133,-38,50,-68
1742100480.588133,-26,-1,-120
1742100480.6231332,0,-93,-86
1742100480.658133,-117,-13,-62
1742100480.694133,-5,-107,7
1742100480.730133,-87,-1,21
1742100480.7651331,1,52,-76
1742100480.8011332,12,14,-50
1742100480.836133,2,22,5
1742100480.871133,-59,18,-64
1742100480.9061332,-19,62,-78
1742100480.9421332,-95,32,-40
1742100480.9781332,-17,72,-118
1742100481.013133,-43,0,-52
1742100481.049133,48,-5,-32
1742100481.0841331,38,-147,-80
1742100481.119133,19,-1,-50
1742100481.155133,-72,-77,1
1742100481.190133,-34,16,-84
1742100481.226133,-80,-31,-34
1742100481.2611332,13,-45,-2
1742100481.297133,29,42,-20
1742100481.332133,31,20,-194
1742100481.3671331,51,2,-10
1742100481.4031332,-18,-13,-40
1742100481.438133,19,36,-144
1742100481.474133,-22,-69,-56
1742100481.509133,118,-41,-92
1742100481.545133,-72,54,-174
1742100481.5801332,68,56,19
1742100481.615133,0,-27,-64
1742100481.651133,10,-51,53
1742100481.6861331,-17,56,-168
1742100481.7221332,-33,-37,-132
1742100481.757133,6,-3,-102
1742100481.793133,-69,-41,-56
1742100481.828133,-4,-9,-6
1742100481.8631332,-42,-39,-50
1742100481.899133,13,-33,-52
1742100481.934133,7,12,-86
1742100481.970133,-70,-25,-34
1742100482.0051332,-6,12,-56
1742100482.0411332,67,-5,-116
1742100482.076133,-68,-57,-42
1742100482.111133,-32,-23,38
1742100482.147133,61,14,12
1742100482.1821332,19,-9,-5
1742100482.218133,-58,-55,22
1742100482.253133,18,-39,-51
1742100482.289133,17,-9,-76
1742100482.3241332,-10,-67,-98
1742100482.359133,33,20,-137
1742100482.395133,-62,-21,-55
1742100482.430133,-22,-53,-23
1742100482.466133,-2,28,-11
1742100482.501133,-28,-21,-61
1742100482.537133,55,72,-211
1742100482.572133,63,-77,-97
1742100482.6071332,29,92,-85
1742100482.6431332,0,22,-87
1742100482.678133,1,-29,-89
1742100482.714133,-4,-13,-49
1742100482.749133,25,42,-17
1742100482.7851331,61,-33,32
1742100482.820133,-54,36,-43
1742100482.855133,-36,42,20
1742100482.891133,83,-65,48
1742100482.9261332,1,70,-67
1742100482.9621332,-58,-29,0
1742100482.997133,0,-23,116
1742100483.033133,-78,22,-111
1742100483.068133,18,28,-25
1742100483.1031332,20,28,-19
1742100483.139133,4,38,26
1742100483.174133,-12,-75,-99
1742100483.210133,32,-1,-171
1742100483.2451332,48,70,12
1742100483.2811332,40,28,-123
1742100483.316133,-15,-23,28
1742100483.351133,-8,2,-5
1742100483.3871331,-49,-19,-49
1742100483.422133,-38,-16,50
1742100483.458133,18,28,-81
1742100483.493133,78,6,-89
1742100483.5281332,-69,13,-77
1742100483.563133,-23,53,-57
1742100483.599133,-17,24,-121
1742100483.635133,26,-13,-161
1742100483.670133,2,-81,28
1742100483.7061331,7,-31,-39
1742100483.741133,-10,66,-15
1742100483.776133,15,-107,-3
1742100483.8111331,-94,-35,-5
1742100483.8471332,33,-21,-91
1742100483.8831332,-29,28,-17
1742100483.918133,60,-7,-73
1742100483.954133,60,-69,-137
1742100483.9891331,44,-35,-25
1742100484.024133,-43,-31,-81
1742100484.059133,0,-43,-45
1742100484.095133,-10,-47,-37
1742100484.131133,-15,-17,-5
1742100484.1661332,-37,18,102
1742100484.2021332,-37,-3,36
1742100484.237133,-57,18,18
1742100484.272133,36,-29,50
1742100484.3071332,4,-41,-21
1742100484.343133,4,-37,-55
1742100484.379133,-73,-1,-5
1742100484.414133,36,19,-151
1742100484.450133,2,47,-73
1742100484.4851332,-3,71,22
1742100484.520133,-49,9,-112
1742100484.555133,8,35,17
1742100484.591133,66,-48,-262
1742100484.6271331,-17,63,-43
1742100484.662133,-63,-30,-121
1742100484.698133,86,-16,-52
1742100484.733133,-49,3,-24
1742100484.7681332,-69,10,67
1742100484.803133,-35,-54,-20
1742100484.839133,8,61,-38
1742100484.875133,60,45,17
1742100484.9101331,-86,11,-40
1742100484.9461331,-56,6,-108
1742100484.981133,-63,20,-52
1742100485.016133,-13,-33,-40
1742100485.0511332,-51,4,-64
1742100485.0871332,6,44,-4
1742100485.1231332,76,94,79
1742100485.158133,46,-65,-94
1742100485.194133,-11,28,79
1742100485.2291331,-31,4,-152
1742100485.264133,76,-85,-134
1742100485.299133,46,-19,-46
1742100485.335133,-64,-11,-40
1742100485.371133,12,-3,-100
1742100485.4061332,-57,-45,-52
1742100485.4421332,72,-3,-66
1742100485.477133,-15,-25,-56
1742100485.5121331,-15,-15,-44
1742100485.547133,-7,40,15
1742100485.583133,-1,-3,11
1742100485.619133,30,24,-110
1742100485.654133,10,8,-72
1742100485.690133,20,-63,-182
1742100485.7251332,2,0,-12
1742100485.760133,-25,-27,-142
1742100485.795133,-37,-41,-14
1742100485.8311331,12,-57,-36
1742100485.8671331,26,-29,-54
1742100485.902133,-27,-31,-76
1742100485.938133,-31,44,-107
1742100485.973133,-39,-33,-19
1742100486.0081332,4,-9,-25
1742100486.043133,10,-7,-29
1742100486.079133,-13,-23,18
1742100486.115133,-73,-33,-5
1742100486.1501331,58,-27,0
1742100486.1861331,-17,46,-171
1742100486.221133,-85,-85,0
1742100486.256133,82,-45,-47
1742100486.2911332,-3,98,-93
1742100486.3271332,78,14,-111
1742100486.3631332,86,20,16
1742100486.398133,40,-25,-93
1742100486.434133,10,-7,-123
1742100486.4691331,24,38,-27
1742100486.504133,12,-53,6
1742100486.539133,-7,-3,-83
1742100486.575133,30,-15,40
1742100486.611133,0,8,-161
1742100486.6461332,24,-53,-47
1742100486.6821332,-39,50,-3
1742100486.717133,10,36,-45
1742100486.7521331,10,-47,-141
1742100486.787133,-83,-23,-45
1742100486.823133,-35,68,46
1742100486.859133,8,-23,-89
1742100486.894133,-25,22,-55
1742100486.930133,14,-41,-5
1742100486.9651332,-1,8,-73
1742100487.000133,-119,-19,-113
1742100487.0351331,-57,-25,-113
1742100487.0711331,94,-7,-83
1742100487.1071332,-19,6,-163
1742100487.142133,-49,54,-173
1742100487.178133,-43,42,-57
1742100487.213133,20,-25,-75
1742100487.2481332,66,-1,-17
1742100487.283133,-23,-3,-89
1742100487.319133,26,-15,14
1742100487.355133,-13,72,5
1742100487.3901331,46,44,-126
1742100487.4261332,-13,8,-19
1742100487.461133,18,-31,39
1742100487.496133,-19,-5,-94
1742100487.532133,-41,50,-32
1742100487.5671332,-14,6,-10
1742100487.6031332,-4,-33,-78
1742100487.638133,0,24,-116
1742100487.674133,18,20,-70
1742100487.7091331,2,-83,-26
1742100487.744133,24,20,-136
1742100487.780133,42,18,37
1742100487.815133,11,-25,-46
1742100487.851133,21,72,-4
1742100487.8861332,3,-25,-60
1742100487.922133,4,16,-132
1742100487.957133,28,8,53
1742100487.9921331,-15,-83,-84
1742100488.0281332,-137,82,35
1742100488.063133,-29,-27,-56
1742100488.099133,-25,0,-70
1742100488.134133,36,34,11
1742100488.170133,-11,-32,-122
1742100488.2051332,56,-71,15
1742100488.240133,-5,4,39
1742100488.276133,-5,-103,-4
1742100488.3111331,-25,4,-88
1742100488.3471332,8,18,11
1742100488.382133,19,-49,97
1742100488.418133,26,6,-156
1742100488.453133,-37,6,-26
1742100488.4951332,-81,34,-110
1742100488.532133,-33,-45,-82
1742100488.5671332,-19,50,-68
1742100488.6031332,51,16,-4
1742100488.638133,-34,-5,161
1742100488.674133,0,134,-28
1742100488.7091331,-10,-25,-40
1742100488.744133,-16,14,-136
1742100488.780133,31,-5,41
1742100488.815133,51,58,-96
1742100488.851133,39,-35,-110
1742100488.8861332,-68,-31,-60
1742100488.922133,-30,28,-2
1742100488.957133,-28,12,3
1742100488.9921331,7,-85,-144
1742100489.0281332,21,-61,-12
1742100489.063133,67,18,57
1742100489.099133,-30,-33,-140
1742100489.134133,-86,24,-104
1742100489.170133,-24,24,-56
1742100489.2051332,-22,-41,57
1742100489.240133,29,52,-72
1742100489.276133,1,-11,15
1742100489.3111331,19,-1,-14
1742100489.3471332,37,-57,-74
1742100489.382133,-18,10,23
1742100489.418133,75,-5,-40
1742100489.453133,17,10,-62
1742100489.4881332,59,98,19
1742100489.524133,21,-55,23
1742100489.559133,-46,4,-66
1742100489.595133,83,-7,-8
1742100489.6301332,15,-33,-164
1742100489.6661332,17,-35,-18
1742100489.701133,21,-27,-84
1742100489.736133,-10,-37,-16
1742100489.772133,-24,-45,45
1742100489.8071332,-38,30,-126
1742100489.843133,-26,-5,-70
1742100489.878133,39,-5,-28
1742100489.9131331,-44,34,44
1742100489.948133,-66,10,-56
1742100489.984133,-42,22,-55
1742100490.020133,15,10,88
1742100490.055133,-18,-39,-111
1742100490.091133,-16,-29,-161
1742100490.126133,-56,1,60
1742100490.161133,33,10,10
1742100490.1961331,-12,50,-105
1742100490.2321332,29,-35,-71
1742100490.2681332,22,-7,-135
1742100490.303133,-76,20,-73
1742100490.339133,57,22,-148
1742100490.374133,-6,-79,-52
1742100490.4091332,1,-43,-65
1742100490.444133,15,4,-5
1742100490.480133,-16,104,-39
1742100490.516133,-31,-38,-81
1742100490.5511332,-22,-6,14
1742100490.5871332,13,49,-75
1742100490.622133,39,101,-53
1742100490.657133,11,11,-117
1742100490.6921332,11,-66,12
1742100490.7281332,-46,7,16
1742100490.764133,-54,-6,-45
1742100490.799133,-40,-38,-131
1742100490.835133,-28,-36,40
1742100490.8701332,-32,31,32
1742100490.905133,-4,41,-31
1742100490.940133,-120,55,116
1742100490.976133,49,-50,-149
1742100491.0121331,-12,21,186
1742100491.047133,61,-40,8
1742100491.083133,23,3,-147
1742100491.118133,15,-52,-47
1742100491.1531332,3,21,-221
1742100491.188133,-60,-28,-119
1742100491.224133,-24,-6,32
1742100491.260133,-68,53,14
1742100491.295133,21,-30,-151
1742100491.3311331,1,59,-143
1742100491.366133,3,-44,-79
1742100491.401133,-4,25,12
1742100491.4361331,13,-10,-63
1742100491.4721332,47,5,-9
1742100491.5081332,1,19,-43
1742100491.543133,17,-50,-55
1742100491.579133,119,25,-117
1742100491.6141331,5,-48,-203
1742100491.649133,35,0,-75
1742100491.684133,127,69,-65
1742100491.720133,147,11,-67
1742100491.756133,-32,-98,-87
1742100491.7911332,133,73,-1
1742100491.8271332,61,-30,-167
1742100491.862133,54,59,-35
1742100491.897133,6,-8,-17
1742100491.9321332,38,15,-64
1742100491.968133,-29,27,-98
1742100492.004133,-29,-46,-21
1742100492.039133,-47,-14,-103
1742100492.075133,24,95,-4
1742100492.1101332,-29,19,27
1742100492.145133,26,-72,-45
1742100492.180133,-3,-54,32
1742100492.216133,-29,-58,42
1742100492.2521331,58,-12,28
1742100492.287133,14,5,-43
1742100492.323133,-65,55,26
1742100492.358133,50,-18,12
1742100492.3931332,16,-54,-133
1742100492.428133,-139,-16,-107
1742100492.464133,-51,-82,16
1742100492.500133,-3,-4,-119
1742100492.5351331,-25,-34,-67
1742100492.5711331,-55,7,-115
1742100492.606133,4,25,-35
1742100492.641133,29,-12,74
1742100492.6761332,35,-10,-34
1742100492.7121332,0,47,123
1742100492.7481332,48,-8,-14
1742100492.783133,-27,65,-104
1742100492.819133,-52,1,-24
1742100492.8541331,-24,3,83
1742100492.889133,45,-62,-4
1742100492.924133,-34,35,11
1742100492.960133,-16,-12,-42
1742100492.996133,-78,-18,-30
1742100493.0311332,-38,57,-92
1742100493.0671332,-50,-28,-140
1742100493.102133,26,24,-37
1742100493.1371331,56,-5,-45
1742100493.172133,0,-31,12
1742100493.208133,0,14,78
1742100493.244133,-11,3,-85
1742100493.279133,114,-4,14
1742100493.315133,-59,-20,-55
1742100493.3501332,-19,-36,-69
1742100493.385133,66,11,-63
1742100493.420133,-5,25,73
1742100493.4561331,-45,37,-6
1742100493.4921331,-115,-46,-128
1742100493.527133,-9,-30,-44
1742100493.563133,-45,15,-156
1742100493.598133,-19,69,-110
1742100493.6331332,60,51,-90
1742100493.668133,-3,-24,-68
1742100493.704133,-29,31,31
1742100493.740133,-65,-18,-40
1742100493.7751331,-9,-88,55
1742100493.8111331,86,-46,-36
1742100493.846133,18,-32,-160
1742100493.881133,8,5,-38
1742100493.917133,28,21,-114
1742100493.9521332,26,-34,-4
1742100493.9881332,-105,33,69
1742100494.023133,0,23,-44
1742100494.059133,-9,6,-62
1742100494.0941331,48,-21,-18
1742100494.129133,-95,54,-38
1742100494.165133,60,-37,-88
1742100494.200133,0,-7,27
1742100494.236133,-11,-15,-44
1742100494.2711332,31,-5,21
1742100494.3071332,31,50,-88
1742100494.342133,29,-9,-80
1742100494.3771331,27,-47,-84
1742100494.4131331,-44,-23,17
1742100494.448133,49,44,-40
1742100494.484133,24,-45,-6
1742100494.519133,-10,-49,-88
1742100494.555133,31,96,-136
1742100494.5901332,-31,-11,3
1742100494.625133,-21,38,-52
1742100494.661133,-17,4,-94
1742100494.6961331,-109,-21,-106
1742100494.7321332,-8,16,-62
1742100494.767133,-95,-17,-4
1742100494.803133,-101,-43,41
1742100494.838133,-25,22,-48
1742100494.8731332,78,36,-90
1742100494.9091332,-123,0,87
1742100494.944133,44,57,-166
1742100494.980133,-79,72,-120
1742100495.0151331,34,-38,-122
1742100495.0511332,66,7,-38
1742100495.086133,-53,-32,-10
1742100495.121133,54,23,-14
1742100495.157133,30,-60,11
1742100495.1921332,-21,-88,29
1742100495.2281332,-35,7,-72
1742100495.263133,-9,-34,-82
1742100495.299133,54,5,-124
1742100495.3341331,-9,31,-106
1742100495.369133,-55,31,-60
1742100495.405133,-29,49,-90
1742100495.440133,-3,-42,-36
1742100495.476133,4,0,-140
1742100495.5111332,-15,71,-38
1742100495.547133,66,-14,11
1742100495.582133,-25,-78,27
1742100495.6171331,42,-56,-2
1742100495.6531332,-41,-76,-42
1742100495.688133,-2,27,-112
1742100495.724133,5,-20,-22
1742100495.759133,42,-7,-64
1742100495.795133,39,-21,-164
1742100495.8301332,-51,-5,-112
1742100495.865133,-67,-57,-60
1742100495.901133,59,49,55
1742100495.9361331,5,-64,-110
1742100495.9721332,81,7,-100
1742100496.007133,5,0,-148
1742100496.043133,8,-48,-102
1742100496.078133,-27,-12,-30
1742100496.1131332,-45,-2,-50
1742100496.149133,0,-102,-68
1742100496.184133,-61,9,-126
1742100496.220133,6,-18,-90
1742100496.2551332,2,95,-30
1742100496.2911332,-27,17,-24
1742100496.3271332,-53,25,-34
1742100496.3631332,62,23,-110
1742100496.399133,46,33,-84
1742100496.434133,39,-78,-38
1742100496.4691331,-18,3,-48
1742100496.5051332,-9,49,-64
1742100496.5411332,-1,27,-106
1742100496.576133,-25,-44,-26
1742100496.612133,-85,1,-130
1742100496.647133,16,-30,15
1742100496.6821332,70,-38,-4
1742100496.717133,44,27,-104
1742100496.753133,-73,57,52
1742100496.789133,-7,25,60
1742100496.8241332,0,-18,-151
1742100496.8601332,52,-34,-83
1742100496.895133,-79,17,0
1742100496.930133,-7,-58,10
1742100496.9651332,36,3,-69
1742100497.001133,-45,13,98
1742100497.037133,-37,-56,-13
1742100497.072133,16,39,4
1742100497.108133,-31,-58,-103
1742100497.1431332,-21,21,-135
1742100497.178133,-7,75,-59
1742100497.213133,-23,-16,-53
1742100497.249133,-11,-14,102
1742100497.2851331,-9,-28,-63
1742100497.320133,-23,20,-57
1742100497.356133,8,-15,-25
1742100497.391133,60,0,-17
1742100497.4261332,82,6,-59
1742100497.461133,-53,-20,-1
1742100497.497133,0,-75,32
1742100497.533133,-47,67,-23
1742100497.569133,-41,10,-15
1742100497.605133,-59,-73,50
1742100497.6401331,88,-57,-67
1742100497.6761332,-1,88,-67
1742100497.711133,-29,34,-69
1742100497.746133,-17,-62,6
1742100497.7811332,38,25,-73
1742100497.8171332,0,-44,-199
1742100497.8531332,82,-26,-21
1742100497.888133,8,3,-145
1742100497.924133,-95,15,-17
1742100497.9591331,40,55,-23
1742100497.994133,-37,85,-43
1742100498.029133,-65,-26,0
1742100498.065133,40,-50,-103
1742100498.101133,24,-40,-107
1742100498.1361332,-17,-10,-195
1742100498.172133,84,41,8
1742100498.207133,-43,27,-25
1742100498.2421331,-7,-22,-61
1742100498.277133,64,15,-61
1742100498.313133,18,-6,-27
1742100498.349133,46,6,-95
1742100498.384133,20,-42,-7
1742100498.420133,2,53,-45
1742100498.4551332,16,33,-9
1742100498.497133,-5,-48,-121
1742100498.533133,-5,17,-55
1742100498.569133,-53,-63,-3
1742100498.605133,8,108,-45
1742100498.6401331,40,-46,-9
1742100498.6761332,14,-32,-185
1742100498.711133,50,-20,-23
1742100498.746133,6,-84,10
1742100498.7811332,-53,-96,16
1742100498.8171332,-33,15,-6
1742100498.8531332,98,-58,-18
1742100498.888133,-15,0,-90
1742100498.924133,18,-58,72
1742100498.9591331,-23,3,79
1742100498.994133,0,11,-126
1742100499.029133,56,-28,-39
1742100499.065133,-1,-10,-132
1742100499.101133,26,-52,9
1742100499.1361332,-29,-34,-72
1742100499.172133,-9,-70,-96
1742100499.207133,-55,35,65
1742100499.2421331,-37,-56,-130
1742100499.277133,-13,17,-8
1742100499.313133,38,-6,-30
1742100499.349133,24,57,-34
1742100499.384133,14,97,-62
1742100499.420133,-31,-26,-92
1742100499.4551332,-101,-6,-88
1742100499.490133,6,23,-42
1742100499.5251331,20,21,-16
1742100499.5611331,42,-36,-118
1742100499.5971332,36,5,-48
1742100499.632133,16,81,-24
1742100499.668133,20,28,-36
1742100499.703133,-57,50,-146
1742100499.7381332,-59,28,-4
1742100499.773133,76,18,-86
1742100499.809133,-47,2,-124
1742100499.845133,-11,-35,37
1742100499.8801332,-43,8,27
1742100499.9161332,50,48,-22
1742100499.951133,8,-31,-2
1742100499.986133,34,-15,-62
1742100500.0211332,56,-13,5
1742100500.0571332,-65,10,-198
1742100500.093133,-45,-23,-66
1742100500.128133,0,8,-18
1742100500.164133,40,9,-116
1742100500.1991332,44,39,61
1742100500.234133,10,7,59
1742100500.269133,0,49,7
1742100500.305133,6,-14,49
1742100500.341133,-43,-20,-42
1742100500.376133,24,-14,-44
1742100500.412133,38,23,-132
1742100500.447133,-85,-32,13
1742100500.4821332,-1,-26,-88
1742100500.5181332,6,-16,-14
1742100500.553133,-43,-85,3
1742100500.589133,-49,-18,-34
1742100500.624133,53,-30,3
1742100500.6601331,21,19,-64
1742100500.695133,-30,0,-96
1742100500.730133,51,-20,-41
1742100500.766133,-56,-12,-71
1742100500.8011332,-84,53,-93
1742100500.8371332,56,-8,-76
1742100500.872133,40,35,43
1742100500.908133,-31,3,-195
1742100500.943133,50,17,44
1742100500.9781332,-35,-30,-95
1742100501.014133,14,23,-47
1742100501.049133,52,-6,26
1742100501.085133,30,-6,-227
1742100501.1201332,108,-6,-69
1742100501.1561332,-69,11,-9
1742100501.191133,2,-2,0
1742100501.226133,-27,9,-49
1742100501.2621331,10,31,-51
1742100501.297133,-17,-78,50
1742100501.333133,-35,27,-151
1742100501.368133,-3,11,-113
1742100501.404133,20,-18,-21
1742100501.4391332,10,-14,-53
1742100501.474133,-57,-28,-47
1742100501.510133,16,57,-95
1742100501.545133,-63,39,-113
1742100501.5811331,-5,39,-19
1742100501.616133,-23,-2,-117
1742100501.652133,84,81,-119
1742100501.687133,12,75,-29
1742100501.7221332,14,-30,-3
1742100501.7581332,80,20,-49
1742100501.793133,-17,-53,-43
1742100501.829133,20,-11,-5
1742100501.8641331,54,-41,-97
1742100501.9001331,-14,90,-89
1742100501.935133,-14,8,-53
1742100501.970133,85,16,-37
1742100502.006133,-30,24,-93
1742100502.0411332,53,14,-15
1742100502.0771332,-32,-35,-13
1742100502.112133,-14,-11,-153
1742100502.148133,-22,30,-21
1742100502.1831331,3,-7,10
1742100502.218133,7,24,-154
1742100502.254133,-108,-41,-50
1742100502.289133,-10,-9,-26
1742100502.325133,-10,-15,-130
1742100502.3601332,7,-15,-36
1742100502.3961332,73,20,95
1742100502.431133,-14,-29,-14
1742100502.466133,-94,52,-74
1742100502.5021331,-10,36,-72
1742100502.537133,-10,48,37
1742100502.573133,67,-11,-6
1742100502.608133,-28,-29,-18
1742100502.644133,21,-51,-82
1742100502.680133,51,-5,-100
1742100502.716133,4,12,-24
1742100502.7521331,10,40,-128
1742100502.7881331,-1,22,-44
1742100502.8241332,-77,-9,-108
1742100502.859133,-39,6,77
1742100502.894133,10,10,-76
1742100502.930133,28,30,-82
1742100502.966133,34,-17,3
1742100503.001133,7,-11,-78
1742100503.037133,82,-21,19
1742100503.072133,14,56,-138
1742100503.1071332,-55,-17,-38
1742100503.142133,-57,-46,19
1742100503.178133,-57,-99,-26
1742100503.214133,-1,16,-94
1742100503.249133,32,0,-80
1742100503.2851331,42,18,-70
1742100503.320133,60,-17,-226
1742100503.355133,-45,14,-178
1742100503.3901331,64,-19,-72
1742100503.4261332,2,-21,-24
1742100503.4621332,4,86,-94
1742100503.497133,-19,22,-10
1742100503.533133,-65,-51,-58
1742100503.568133,36,38,-92
1742100503.6031332,-23,-34,-114
1742100503.638133,0,17,-114
1742100503.674133,-51,-28,-46
1742100503.710133,-71,23,-74
1742100503.7451332,-7,0,-18
1742100503.7811332,-15,-6,-56
1742100503.816133,-87,-22,-28
1742100503.851133,8,-10,-10
1742100503.8861332,18,0,5
1742100503.922133,-53,65,39
1742100503.958133,-9,-39,-80
1742100503.993133,0,39,9
1742100504.029133,46,-30,29
1742100504.0641332,38,21,-2
1742100504.099133,-5,-14,-12
1742100504.134133,-135,43,-40
1742100504.170133,-29,15,-34
1742100504.2061331,12,-22,47
1742100504.241133,46,-22,-58
1742100504.277133,72,-18,-50
1742100504.312133,-97,-10,-146
1742100504.3471332,60,-42,-40
1742100504.382133,24,25,7
1742100504.418133,-69,-3,67
1742100504.454133,-41,-68,11
1742100504.4891331,4,47,-130
1742100504.5251331,-38,34,7
1742100504.560133,37,32,55
1742100504.595133,1,-17,-84
1742100504.6301332,20,-11,-64
1742100504.6661332,18,-23,-42
1742100504.7021332,-61,-105,-28
1742100504.737133,-17,4,-82
1742100504.773133,-23,-33,-248
1742100504.8081331,-31,42,-94
1742100504.843133,-53,-153,-186
1742100504.878133,-2,-73,-98
1742100504.914133,-28,32,-14
1742100504.950133,-70,56,-130
1742100504.9851332,-122,98,-106
1742100505.0211332,75,-65,15
1742100505.056133,-94,-27,-84
1742100505.091133,33,18,-48
1742100505.126133,-16,26,-4
1742100505.162133,27,38,-114
1742100505.198133,-12,-77,81
1742100505.233133,11,-1,-76
1742100505.269133,17,-9,73
1742100505.3041332,-20,46,-144
1742100505.339133,25,62,-40
1742100505.374133,27,48,-10
1742100505.4101331,-10,-69,-18
1742100505.4461331,7,-15,-110
1742100505.481133,0,14,-56
1742100505.517133,-35,36,-40
1742100505.552133,46,-21,-130
1742100505.5871332,-2,6,57
1742100505.622133,3,-65,-14
1742100505.6591332,31,6,-102
1742100505.694133,-56,0,-100
1742100505.730133,-27,24,-120
1742100505.766133,30,36,-70
1742100505.8011332,42,26,-100
1742100505.8371332,-17,-17,-90
1742100505.872133,-19,-35,65
1742100505.907133,42,-33,-2
1742100505.9421332,4,-68,-42
1742100505.9781332,36,-2,-58
1742100506.014133,-37,43,11
1742100506.049133,-73,13,-4
1742100506.085133,36,68,-136
1742100506.1201332,-27,36,-46
1742100506.155133,-5,62,-78
1742100506.190133,76,-99,-78
1742100506.226133,24,18,5
1742100506.2621331,36,70,-60
1742100506.297133,-31,30,-48
1742100506.333133,-9,30,-10
1742100506.368133,78,-13,-98
1742100506.4031332,2,-25,-64
1742100506.438133,-5,44,-28
1742100506.474133,12,40,-38
1742100506.510133,-31,-41,-8
1742100506.545133,0,-31,-48
1742100506.5811331,98,-17,-50
1742100506.616133,18,-35,-44
1742100506.651133,-45,8,-10
1742100506.6861331,-11,12,-62
1742100506.7221332,-55,60,19
1742100506.7581332,-1,16,-26
1742100506.793133,14,-7,-128
1742100506.829133,-23,-31,19
1742100506.8641331,84,4,-2
1742100506.899133,14,-41,-10
1742100506.935133,56,-57,-112
1742100506.970133,-27,2,-30
1742100507.006133,62,2,53
1742100507.0411332,-95,-37,-56
1742100507.0771332,20,-27,-22
1742100507.112133,-93,-95,-44
1742100507.147133,-67,4,-24
1742100507.1831331,30,24,-14
1742100507.218133,2,-37,-40
1742100507.254133,30,10,-64
1742100507.289133,14,-81,-158
1742100507.325133,-27,26,-42
1742100507.3601332,-7,-47,-28
1742100507.395133,50,6,13
1742100507.431133,-35,-61,-32
1742100507.466133,14,-53,15
1742100507.5021331,52,22,-136
1742100507.537133,36,-26,11
1742100507.573133,52,-60,-18
1742100507.608133,34,0,-48
1742100507.6431332,-9,-26,-42
1742100507.6791332,58,-54,-96
1742100507.714133,-67,-58,-126
1742100507.750133,-55,25,17
1742100507.7851331,-45,56,33
1742100507.8211331,24,62,7
1742100507.856133,-9,-1,13
1742100507.891133,-31,-11,-10
1742100507.927133,0,-25,-90
1742100507.9621332,106,-55,-100
1742100507.9981332,68,30,-6
1742100508.033133,106,-59,-124
1742100508.069133,-1,64,-88
1742100508.1041331,148,-7,-152
1742100508.139133,42,-13,-76
1742100508.175133,-9,-21,-160
1742100508.210133,66,24,-72
1742100508.246133,6,-45,-44
1742100508.2811332,8,-63,23
1742100508.3171332,-23,-25,-42
1742100508.352133,10,-95,-188
1742100508.3871331,-135,-17,-77
1742100508.4231331,40,-7,-57
1742100508.458133,-51,-49,14
1742100508.501133,64,82,-157
1742100508.537133,-43,58,-62
1742100508.573133,0,-55,-125
1742100508.608133,33,-7,66
1742100508.6431332,24,6,-57
1742100508.6791332,-12,-47,-61
1742100508.714133,42,-39,-105
1742100508.750133,40,-37,-121
1742100508.7851331,-1,24,-85
1742100508.8211331,56,-51,-31
1742100508.856133,-61,48,-41
1742100508.891133,50,8,-75
1742100508.927133,38,-9,-51
1742100508.9621332,74,-5,-75
1742100508.9981332,16,-3,-126
1742100509.033133,-3,18,-30
1742100509.069133,42,30,-26
1742100509.1041331,120,-57,-52
1742100509.139133,-37,-49,-134
1742100509.175133,70,-15,-108
1742100509.210133,-7,14,41
1742100509.246133,-55,-40,73
1742100509.2811332,70,-31,-44
1742100509.316133,-45,-2,-74
1742100509.351133,40,-74,-96
1742100509.3871331,-19,51,-18
1742100509.4231331,36,-52,5
1742100509.458133,18,-2,31
1742100509.494133,14,-24,-26
1742100509.529133,66,13,-162
1742100509.5641332,-85,-9,-24
1742100509.599133,-7,4,-42
1742100509.635133,48,22,-10
1742100509.671133,-15,-29,-104
1742100509.7061331,-13,2,-82
1742100509.7421331,-17,-10,53
1742100509.777133,-21,-2,-24
1742100509.812133,-33,11,-32
1742100509.8471332,-93,29,29
1742100509.8831332,34,25,-64
1742100509.9191332,56,-50,-98
1742100509.954133,76,59,-16
1742100509.990133,46,13,-56
1742100510.0251331,-41,-6,-52
1742100510.060133,6,17,-114
1742100510.095133,40,0,-14
1742100510.131133,22,-23,-100
1742100510.167133,-61,21,-100
1742100510.2021332,-77,4,-98
1742100510.2381332,-79,30,3
1742100510.273133,40,-43,-106
1742100510.3081331,22,-5,23
1742100510.343133,-45,-21,-90
1742100510.379133,-33,7,-38
1742100510.415133,-57,-62,-10
1742100510.450133,4,52,-14
1742100510.486133,-5,-38,31
1742100510.5211332,-33,-20,-10
1742100510.556133,6,-24,-100
1742100510.591133,-25,31,-68
1742100510.6271331,94,-58,-126
1742100510.6631331,20,-41,-84
1742100510.698133,-41,30,-44
1742100510.734133,-65,54,53
1742100510.769133,-11,11,-62
1742100510.8041332,-1,-38,-84
1742100510.839133,-35,-23,-14
1742100510.875133,32,42,25
1742100510.911133,14,32,-64
1742100510.9461331,-49,8,-36
1742100510.9821332,-29,-29,133
1742100511.017133,26,2,7
1742100511.052133,58,20,-102
1742100511.0871332,12,6,-48
1742100511.1231332,-41,64,-76
1742100511.1591332,18,22,-22
1742100511.194133,62,-31,-70
1742100511.230133,-57,6,-40
1742100511.2651331,2,66,-154
1742100511.300133,-17,40,-146
1742100511.335133,-21,-25,-16
1742100511.371133,12,-19,-78
1742100511.407133,10,-25,-18
1742100511.4421332,44,-5,-86
1742100511.4781332,36,28,-234
1742100511.513133,54,-47,-50
1742100511.5481331,76,0,-18
1742100511.583133,-37,42,-54
1742100511.619133,16,-41,-138
1742100511.655133,4,-7,11
1742100511.690133,24,-21,-24
1742100511.726133,36,17,-38
1742100511.7611332,46,-43,-82
1742100511.796133,8,-2,-68
1742100511.8311331,-31,-40,-14
1742100511.8671331,-35,-26,-78
1742100511.9031332,40,-3,-63
1742100511.938133,0,64,2
1742100511.974133,-31,49,-23
1742100512.009133,-25,-20,14
1742100512.0441332,-43,-26,86
1742100512.079133,46,21,-95
1742100512.115133,76,23,-101
1742100512.151133,-31,-14,-73
1742100512.1861331,-61,-34,-121
1742100512.2221332,36,33,-13
1742100512.257133,4,14,36
1742100512.292133,-33,-8,14
1742100512.328133,-29,42,-15
1742100512.3631332,-1,26,-49
1742100512.399133,4,6,-17
1742100512.434133,-15,-19,0
1742100512.470133,80,8,2
1742100512.5051332,-65,8,40
1742100512.540133,-43,18,-3
1742100512.575133,20,-27,-37
1742100512.611133,-25,16,64
1742100512.647133,-13,16,-33
1742100512.6821332,-25,54,-69
1742100512.718133,-3,37,-67
1742100512.753133,2,106,-125
1742100512.7881331,8,13,-61
1742100512.823133,-25,47,-29
1742100512.859133,-45,14,20
1742100512.895133,34,24,-17
1742100512.930133,56,36,-55
1742100512.966133,-21,26,10
1742100513.001133,70,32,-115
1742100513.036133,-48,18,-139
1742100513.0711331,-38,-12,40
1742100513.1071332,25,24,-29
1742100513.1431332,-16,15,-101
1742100513.178133,-20,-76,-35
1742100513.214133,11,-44,44
1742100513.249133,-18,-44,-15
1742100513.2841332,19,-44,-117
1742100513.320133,-24,-6,-11
1742100513.355133,-42,-56,-271
1742100513.391133,-26,-58,-17
1742100513.4261332,39,11,-73
1742100513.4621332,49,-28,-119
1742100513.497133,41,75,32
1742100513.532133,27,-80,0
1742100513.568133,77,-56,-53
1742100513.6031332,-6,35,6
1742100513.639133,55,-42,-1
1742100513.674133,5,9,-179
1742100513.710133,9,25,-49
1742100513.7451332,35,41,-25
1742100513.780133,91,13,-61
1742100513.816133,1,-34,-33
1742100513.851133,-54,13,-73
1742100513.8871331,-8,-2,-1
1742100513.922133,40,7,-69
1742100513.958133,82,45,-107
1742100513.993133,6,61,-55
1742100514.0281332,41,-102,-79
1742100514.0641332,42,13,-43
1742100514.099133,-107,-22,-133
1742100514.135133,-16,-34,-43
1742100514.170133,43,-32,-75
1742100514.2061331,-10,63,-109
1742100514.241133,51,0,-163
1742100514.276133,-48,44,-115
1742100514.312133,11,27,-181
1742100514.3471332,-12,-38,-195
1742100514.3831332,53,-28,-109
1742100514.418133,-22,1,6
1742100514.454133,45,-70,26
1742100514.4891331,37,35,-147
1742100514.524133,-14,21,-107
1742100514.560133,11,-50,-29
1742100514.595133,59,-58,-73
1742100514.631133,27,-14,18
1742100514.6661332,-50,23,-49
1742100514.7021332,-29,53,48
1742100514.737133,24,19,-71
1742100514.772133,-69,41,-133
1742100514.8081331,-3,55,-163
1742100514.843133,-65,45,20
1742100514.879133,-37,-48,-149
1742100514.914133,26,-6,-7
1742100514.950133,14,-22,-95
1742100514.9851332,90,49,-81
1742100515.020133,-15,27,-113
1742100515.056133,58,37,-123
1742100515.091133,14,-14,-125
1742100515.1271331,-29,-42,16
1742100515.162133,-7,3,-43
1742100515.198133,-5,81,6
1742100515.233133,-7,-6,38
1742100515.2681332,-19,5,-25
1742100515.3041332,-61,59,-163
1742100515.339133,-31,-4,18
1742100515.375133,42,23,-66
1742100515.4101331,7,-24,-2
1742100515.4461331,51,-52,-8
1742100515.481133,0,-12,-68
1742100515.516133,7,15,-88
1742100515.552133,-74,-60,-132
1742100515.5871332,19,-8,-62
1742100515.6231332,-40,45,-178
1742100515.658133,13,-36,55
1742100515.694133,29,-20,-28
1742100515.730133,-74,-40,-20
1742100515.7651331,-28,55,-48
1742100515.800133,-6,31,15
1742100515.836133,-54,-88,-80
1742100515.872133,-44,-18,-78
1742100515.907133,85,-22,-102
1742100515.943133,61,-36,-78
1742100515.9781332,17,-14,-36
1742100516.013133,35,1,5
1742100516.0481331,-47,-10,65
1742100516.0841331,0,23,-78
1742100516.1201332,46,7,-40
1742100516.155133,-12,-4,-18
1742100516.191133,91,17,0
1742100516.226133,19,19,157
1742100516.2611332,33,-24,-70
1742100516.296133,-23,67,-94
1742100516.332133,42,-41,-218
1742100516.368133,-31,19,-34
1742100516.4031332,84,0,-78
1742100516.4391332,84,-93,-100
1742100516.474133,-19,82,-140
1742100516.509133,-67,-39,33
1742100516.5441332,36,10,111
1742100516.5801332,44,-45,-78
1742100516.616133,-73,29,21
1742100516.651133,22,16,-42
1742100516.687133,-71,-27,-118
1742100516.7221332,8,-49,-50
1742100516.757133,36,-13,-34
1742100516.792133,-51,55,-60
1742100516.828133,30,-44,-168
1742100516.8641331,20,19,-26
1742100516.899133,8,21,-94
1742100516.935133,100,0,-32
1742100516.970133,-113,-36,-20
1742100517.0051332,-3,55,25
1742100517.040133,2,81,-82
1742100517.076133,-97,-12,21
1742100517.112133,26,39,43
1742100517.147133,38,5,-88
1742100517.1831331,-55,-30,-44
1742100517.218133,86,0,11
1742100517.253133,-13,9,-150
1742100517.2881331,22,-82,-42
1742100517.3241332,18,-42,-122
1742100517.3601332,-53,27,-128
1742100517.395133,41,-8,-150
1742100517.431133,-33,27,-82
1742100517.466133,-62,-38,-40
1742100517.501133,-6,59,-78
1742100517.536133,39,-4,17
1742100517.572133,-36,-30,-60
1742100517.608133,-34,21,-30
1742100517.6431332,-23,29,-112
1742100517.6791332,4,27,9
1742100517.714133,-36,-34,0
1742100517.749133,23,53,-52
1742100517.7841332,80,11,-90
1742100517.820133,10,-6,-46
1742100517.856133,6,12,-39
1742100517.891133,66,-45,-153
1742100517.927133,14,59,-26
1742100517.9621332,-3,-8,-16
1742100517.997133,18,-10,5
1742100518.032133,70,-74,-12
1742100518.068133,34,-56,-82
1742100518.1041331,-49,-22,-154
1742100518.139133,-15,3,-52
1742100518.175133,-51,49,-134
1742100518.210133,16,-69,-37
1742100518.2451332,30,-51,-1
1742100518.280133,-43,-33,-55
1742100518.316133,74,2,-57
1742100518.352133,24,-67,11
1742100518.3871331,8,42,-155
1742100518.4231331,12,62,-59
1742100518.458133,2,32,-71
1742100518.493133,-19,-27,-41
1742100518.536133,-63,-61,-195
1742100518.572133,34,46,-69
1742100518.608133,24,44,-1
1742100518.6431332,18,24,-125
1742100518.6791332,-57,-59,-11
1742100518.714133,22,44,-95
1742100518.749133,-1,-32,-113
1742100518.7841332,26,-14,-123
1742100518.820133,80,15,-119
1742100518.856133,-33,3,-113
1742100518.891133,34,-28,-77
1742100518.927133,50,7,-51
1742100518.9621332,10,25,-49
1742100518.997133,16,-38,-7
1742100519.032133,44,-26,-131
1742100519.068133,10,5,-23
1742100519.1041331,4,-22,-127
1742100519.139133,-41,-4,-101
1742100519.175133,-27,-50,-261
1742100519.210133,44,-46,-159
1742100519.2451332,24,19,30
1742100519.280133,-23,17,-71
1742100519.316133,76,25,-89
1742100519.352133,-29,53,-137
1742100519.3871331,-3,15,-73
1742100519.4231331,30,0,4
1742100519.458133,-53,83,-60
1742100519.493133,-17,20,-48
1742100519.5281332,-13,-11,-20
1742100519.5641332,-67,76,-56
1742100519.6001332,4,-58,91
1742100519.635133,-19,41,-88
1742100519.671133,-71,-14,-30
1742100519.7061331,42,-26,-34
1742100519.741133,44,-46,-28
1742100519.777133,4,-34,-28
1742100519.812133,32,-6,-66
1742100519.848133,-53,-43,-34
1742100519.8831332,-63,-29,-154
1742100519.9191332,-43,32,-22
1742100519.954133,-103,-25,-14
1742100519.9891331,52,-45,-38
1742100520.0251331,-27,80,-16
1742100520.060133,-5,8,31
1742100520.096133,-7,33,-102
1742100520.131133,-11,-45,63
1742100520.167133,8,8,-44
1742100520.2021332,-53,-17,-2
1742100520.237133,-35,32,-38
1742100520.273133,-29,-105,-60
1742100520.3081331,42,-5,-90
1742100520.3441331,60,4,-80
1742100520.379133,42,-13,-44
1742100520.415133,28,-11,49
1742100520.450133,-51,21,123
1742100520.4851332,2,-12,-78
1742100520.5211332,24,32,-22
1742100520.556133,-65,-31,-4
1742100520.592133,18,-61,-50
1742100520.6271331,48,-11,63
1742100520.6631331,-17,-23,-88
1742100520.698133,64,22,-126
1742100520.733133,-71,-79,101
1742100520.769133,-3,-39,-38
1742100520.8041332,48,-7,13
1742100520.8401332,-49,76,-4
1742100520.875133,-27,-23,29
1742100520.911133,-13,26,-176
1742100520.9461331,-21,28,-68
1742100520.981133,12,118,-76
1742100521.017133,-35,-9,-90
1742100521.052133,-47,28,-26
1742100521.088133,-57,31,-28
1742100521.1231332,-9,38,-116
1742100521.1591332,30,22,-62
1742100521.194133,-25,-27,-4
1742100521.2291331,40,-1,-82
1742100521.2651331,-17,74,-84
1742100521.300133,4,-31,-98
1742100521.336133,-29,-13,-56
1742100521.371133,60,-27,-78
1742100521.407133,-27,12,-118
1742100521.4421332,8,14,-44
1742100521.477133,36,30,-45
1742100521.513133,20,46,-45
1742100521.5481331,6,26,26
1742100521.5841331,10,-61,-99
1742100521.619133,-29,4,-157
1742100521.655133,46,-55,-91
1742100521.690133,-89,-23,-123
1742100521.7251332,10,-23,-53
1742100521.7611332,64,44,-111
1742100521.796133,0,-29,-59
1742100521.832133,74,48,-65
1742100521.8671331,-65,-7,-63
1742100521.9031332,10,40,-65
1742100521.9391332,-11,54,-49
1742100521.9751332,-5,-32,-169
1742100522.0111332,-61,-8,-159
1742100522.047133,2,-48,-65
1742100522.083133,-3,26,40
1742100522.118133,44,38,-141
1742100522.1531332,-3,10,-125
1742100522.1891332,40,4,-239
1742100522.2251332,50,-17,-5
1742100522.260133,-59,4,-79
1742100522.296133,-19,-25,-79
1742100522.3311331,-37,69,-7
1742100522.366133,36,18,-155
1742100522.401133,18,30,-19
1742100522.437133,78,-21,-233
1742100522.473133,42,-35,-85
1742100522.5081332,-27,-45,-145
1742100522.5441332,-105,50,-79
1742100522.579133,-15,-1,-127
1742100522.6141331,50,60,-11
1742100522.649133,8,94,-117
1742100522.685133,44,20,-172
1742100522.721133,-33,8,-61
1742100522.756133,42,8,-27
1742100522.792133,26,-47,28
1742100522.8271332,-43,-43,-173
1742100522.862133,-51,12,-7
1742100522.897133,26,-7,-71
1742100522.9331331,56,-11,46
1742100522.9691331,28,58,-115
1742100523.004133,10,20,-125
1742100523.040133,30,-75,-105
1742100523.075133,8,-55,-57
1742100523.1101332,-35,-11,-155
1742100523.145133,-25,-7,-119
1742100523.181133,80,22,-137
1742100523.217133,2,18,-33
1742100523.2521331,4,-11,14
1742100523.2881331,-35,32,-157
1742100523.323133,58,-69,6
1742100523.358133,-51,-75,-211
1742100523.3931332,-9,26,-39
1742100523.4291332,4,-25,-31
1742100523.4651332,20,-69,-83
1742100523.500133,-15,6,-69
1742100523.536133,-31,-21,-163
1742100523.5711331,76,-17,-25
1742100523.606133,28,88,-179
1742100523.641133,4,0,-65
1742100523.677133,36,-7,-89
1742100523.713133,24,4,-109
1742100523.7481332,-115,51,10
1742100523.7841332,-2,33,-79
1742100523.819133,54,15,-67
1742100523.8541331,-24,-18,-91
1742100523.889133,-6,32,-99
1742100523.925133,57,-75,-17
1742100523.961133,-66,42,-147
1742100523.996133,-34,-15,-87
1742100524.032133,-30,10,-127
1742100524.0671332,51,6,-95
1742100524.102133,-56,-15,0
1742100524.1371331,-35,30,-15
1742100524.1731331,26,-11,-191
1742100524.2091331,-1,10,-59
1742100524.244133,52,-15,-25
1742100524.280133,-29,16,-91
1742100524.315133,23,68,-25
1742100524.3501332,82,-79,-125
1742100524.385133,74,18,-177
1742100524.421133,70,-15,-87
1742100524.457133,-79,42,-39
1742100524.4921331,-21,23,-93
1742100524.5281332,10,3,12
1742100524.563133,26,-47,-69
1742100524.598133,-17,-15,-1
1742100524.6331332,-89,-33,-13
1742100524.6691332,-33,-17,72
1742100524.7051332,24,86,-89
1742100524.740133,-81,-65,-13
1742100524.776133,-29,28,-151
1742100524.8111331,-47,-81,12
1742100524.846133,22,64,-33
1742100524.881133,14,-43,-41
1742100524.917133,26,68,-21
1742100524.953133,-9,76,-107
1742100524.9881332,20,-9,-179
1742100525.024133,52,90,-79
1742100525.059133,26,56,-5
1742100525.0941331,10,30,54
1742100525.129133,12,-11,-51
1742100525.165133,-125,-47,-27
1742100525.201133,38,-21,-51
1742100525.236133,69,-33,6
1742100525.272133,27,20,24
1742100525.3071332,-22,-29,-75
1742100525.342133,-84,4,-109
1742100525.3771331,51,-1,124
1742100525.4131331,14,-21,-137
1742100525.4491332,41,12,-105
1742100525.484133,8,-65,-89
1742100525.520133,20,48,-81
1742100525.555133,-39,76,-17
1742100525.5901332,-17,-37,-73
1742100525.625133,6,28,-63
1742100525.661133,46,-9,-141
1742100525.697133,6,-57,-113
1742100525.7321332,-35,4,-89
1742100525.7681332,30,22,-43
1742100525.803133,-55,18,-167
1742100525.838133,-19,30,34
1742100525.8731332,8,-29,-41
1742100525.9091332,-107,40,26
1742100525.945133,64,16,-65
1742100525.980133,-47,-31,-65
1742100526.016133,76,-45,-87
1742100526.0511332,6,-47,2
1742100526.086133,58,-18,-149
1742100526.122133,-3,-28,-29
1742100526.157133,-25,33,-17
1742100526.193133,70,-20,-73
1742100526.2281332,-45,-22,-23
1742100526.264133,-35,-80,-137
1742100526.299133,-55,3,-105
1742100526.3341331,-53,-16,32
1742100526.3701332,36,-58,-111
1742100526.405133,-45,-34,-47
1742100526.441133,-49,57,-49
1742100526.476133,-11,13,26
1742100526.5121331,-5,3,-69
1742100526.547133,-11,37,-53
1742100526.582133,78,1,2
1742100526.618133,-65,0,11
1742100526.6531332,-13,2,-146
1742100526.6891332,30,24,-72
1742100526.724133,-35,23,-46
1742100526.760133,-72,-28,99
1742100526.795133,-49,59,-42
1742100526.8301332,31,-12,-106
1742100526.866133,34,9,-74
1742100526.901133,36,37,-76
1742100526.937133,-5,23,-110
1742100526.9721332,8,-74,-82
1742100527.0081332,32,57,-98
1742100527.043133,-75,-56,-8
1742100527.078133,-39,-24,-162
1742100527.1141331,24,-72,-74
1742100527.149133,-47,-20,93
1742100527.185133,-43,-68,-56
1742100527.220133,16,-73,-66
1742100527.256133,-55,-29,-62
1742100527.2911332,-7,-89,-58
1742100527.326133,20,81,-32
1742100527.362133,-9,-27,-140
1742100527.397133,24,50,-86
1742100527.4331331,-29,-5,-154
1742100527.468133,44,-63,-42
1742100527.504133,-19,28,31
1742100527.539133,-1,-23,-80
1742100527.5741332,28,8,-20
1742100527.6101332,18,-47,23
1742100527.645133,20,54,-136
1742100527.681133,46,-1,53
1742100527.716133,20,51,37
1742100527.7521331,-61,-38,-76
1742100527.787133,60,-1,61
1742100527.822133,-95,-43,-144
1742100527.858133,-15,-89,-112
1742100527.8931332,14,6,-2
1742100527.9291332,22,6,-56
1742100527.964133,48,-11,-234
1742100528.000133,58,-71,-36
1742100528.0351331,20,50,13
1742100528.070133,-13,10,-90
1742100528.106133,80,36,-4
1742100528.141133,36,-9,-168
1742100528.177133,-21,-13,15
1742100528.2121332,2,14,-16
1742100528.2481332,-23,2,-76
1742100528.283133,38,-9,-98
1742100528.318133,30,-75,-174
1742100528.3541331,4,-63,-122
1742100528.389133,22,-61,-28
1742100528.425133,14,-27,-82
1742100528.460133,64,-31,-72
1742100528.496133,-97,-7,-60
1742100528.5381331,-12,-69,-144
1742100528.5741332,-35,-21,47
1742100528.6101332,-49,58,-14
1742100528.645133,-7,-29,-82
1742100528.681133,36,-15,-104
1742100528.716133,32,-1,15
1742100528.751133,8,38,-76
1742100528.786133,-23,-67,-106
1742100528.822133,-51,-9,-8
1742100528.858133,42,80,43
1742100528.8931332,-19,56,-22
1742100528.9291332,-17,30,43
1742100528.964133,80,10,-10
1742100528.999133,28,6,-20
1742100529.0341332,42,26,-116
1742100529.070133,34,-43,29
1742100529.106133,8,-7,-68
1742100529.141133,-83,2,-48
1742100529.177133,-27,14,45
1742100529.2121332,66,46,-68
1742100529.247133,32,-19,-108
1742100529.282133,34,4,-152
1742100529.318133,-95,69,-56
1742100529.3541331,22,-11,-94
1742100529.389133,4,68,-44
1742100529.425133,-11,2,39
1742100529.460133,38,12,27
1742100529.4951332,-15,6,-14
1742100529.530133,-57,-56,-30
1742100529.566133,-21,-17,87
1742100529.602133,2,36,-6
1742100529.6371331,48,26,-64
1742100529.6731331,16,-1,-154
1742100529.708133,30,68,39
1742100529.743133,80,-29,27
1742100529.7781332,-17,-67,-156
1742100529.8141332,-3,-1,-56
1742100529.8501332,58,83,107
1742100529.885133,-11,45,-164
1742100529.921133,8,35,-18
1742100529.9561331,4,25,-32
1742100529.991133,-1,-32,-120
1742100530.026133,13,35,-24
1742100530.062133,-21,-2,-42
1742100530.098133,-8,-24,-52
1742100530.1331332,130,-6,-78
1742100530.1691332,-15,-86,-132
1742100530.204133,14,-8,-130
1742100530.2391331,-27,11,-134
1742100530.274133,-77,52,-28
1742100530.310133,-117,0,31
1742100530.346133,70,-37,-178
1742100530.381133,-41,-59,-54
1742100530.417133,45,-15,-126
1742100530.4521332,60,-9,-48
1742100530.487133,-65,-29,-36
1742100530.522133,-25,-41,0
1742100530.5581331,-13,10,-64
1742100530.5941331,12,-49,33
1742100530.629133,-19,-35,-132
1742100530.665133,-3,-37,5
1742100530.700133,-27,24,-64
1742100530.7351332,-65,-17,-40
1742100530.770133,45,30,-140
1742100530.806133,-19,-35,-96
1742100530.842133,-20,6,3
1742100530.8771331,5,26,-58
1742100530.9131331,34,-53,-16
1742100530.948133,-60,-3,-72
1742100530.983133,68,-40,-48
1742100531.0181332,16,22,-80
1742100531.0541332,38,-98,-74
1742100531.0901332,64,-22,-24
1742100531.125133,-47,66,-18
1742100531.161133,-21,-57,53
1742100531.1961331,26,-39,63
1742100531.231133,-31,-15,-62
1742100531.266133,-31,38,-88
1742100531.302133,9,-35,-16
1742100531.338133,-82,-10,-46
1742100531.3731332,-1,-45,-72
1742100531.4091332,-4,4,-152
1742100531.444133,76,-70,55
1742100531.4791331,38,8,-126
1742100531.514133,-13,-47,-126
1742100531.550133,90,-45,-22
1742100531.586133,6,46,-24
1742100531.621133,-17,-49,-42
1742100531.657133,50,-39,-36
1742100531.6921332,12,-19,7
1742100531.727133,58,-33,-80
1742100531.7621331,4,-23,-56
1742100531.7981331,22,0,-112
1742100531.8341331,20,-13,-120
1742100531.869133,10,56,93
1742100531.905133,-31,-31,-166
1742100531.940133,52,-25,-64
1742100531.9751332,22,-23,-70
1742100532.010133,-19,-19,-98
1742100532.046133,18,-103,19
1742100532.082133,4,50,-6
1742100532.1171331,-17,-3,-146
1742100532.1531332,56,-27,41
1742100532.188133,20,-78,81
1742100532.223133,4,-7,13
1742100532.2581332,40,-15,-18
1742100532.2941332,112,-40,-8
1742100532.3301332,-35,3,-38
1742100532.365133,-7,33,-104
1742100532.401133,14,-8,11
1742100532.4361331,-59,13,-80
1742100532.471133,-7,17,-32
1742100532.506133,6,55,-34
1742100532.542133,-5,55,-70
1742100532.578133,-29,-18,-50
1742100532.6131332,0,-24,-72
1742100532.649133,6,50,-98
1742100532.684133,-79,-45,-66
1742100532.7191331,40,38,-54
1742100532.7551332,4,-17,-112
1742100532.790133,44,-27,-2
1742100532.826133,8,-7,-28
1742100532.861133,72,33,-94
1742100532.897133,-33,-27,-2
1742100532.9321332,-31,-71,-168
1742100532.967133,-5,24,-106
1742100533.003133,-23,56,0
1742100533.0381331,-85,2,-36
1742100533.0741332,-39,-33,-90
1742100533.109133,24,22,55
1742100533.145133,-17,-33,-118
1742100533.180133,36,-21,-18
1742100533.2151332,-25,-34,-6
1742100533.251133,42,-9,-44
1742100533.286133,24,-41,-8
1742100533.322133,22,-73,-52
1742100533.3571332,-55,29,-52
1742100533.3931332,-37,29,17
1742100533.428133,-23,5,23
1742100533.463133,-65,49,-12
1742100533.499133,-71,52,-52
1742100533.5341332,-29,-5,-124
1742100533.570133,-11,42,-40
1742100533.605133,4,-27,-84
1742100533.641133,-1,-12,-42
1742100533.6761332,32,-30,-100
1742100533.711133,12,77,-64
1742100533.747133,-33,25,-178
1742100533.782133,28,88,-56
1742100533.818133,128,29,-46
1742100533.8531332,-51,25,-50
1742100533.889133,-9,3,-54
1742100533.924133,58,-48,13
1742100533.9591331,-21,-6,27
1742100533.9951332,100,67,-56
1742100534.030133,32,-34,-22
1742100534.066133,4,-37,59
1742100534.101133,68,48,-4
1742100534.1371331,24,-31,-56
1742100534.172133,44,35,-72
1742100534.207133,42,-49,-29
1742100534.243133,32,3,-129
1742100534.2781332,2,37,-105
1742100534.3141332,-27,43,-47
1742100534.349133,-17,-22,-73
1742100534.385133,-17,-52,126
1742100534.420133,70,7,-7
1742100534.4551332,-5,-80,-65
1742100534.491133,6,-32,-233
1742100534.526133,8,-26,-125
1742100534.562133,70,44,-87
1742100534.5971332,-5,11,-35
1742100534.6331332,-17,16,-29
1742100534.668133,-29,32,-95
1742100534.703133,74,27,-53
1742100534.7391331,48,14,-145
1742100534.774133,4,14,100
1742100534.810133,28,-49,-23
1742100534.845133,46,-22,-75
1742100534.881133,26,-8,-89
1742100534.917133,-3,-56,-1
1742100534.9521332,-23,33,-71
1742100534.987133,-27,3,-19
1742100535.023133,36,15,-71
1742100535.059133,0,-54,-167
1742100535.0941331,-49,27,-69
1742100535.1301332,32,40,-39
1742100535.165133,14,-33,-45
1742100535.200133,16,4,-15
1742100535.2351332,-47,-18,-19
1742100535.2711332,-41,23,4
1742100535.3071332,-65,37,-109
1742100535.342133,-7,9,14
1742100535.378133,-35,-4,64
1742100535.4131331,-65,41,42
1742100535.448133,2,-42,48
1742100535.483133,-55,11,-163
1742100535.519133,-43,55,36
1742100535.555133,-15,3,14
1742100535.5901332,-21,54,-133
1742100535.626133,70,-29,-15
1742100535.661133,-9,-23,-81
1742100535.6961331,-19,32,-121
1742100535.731133,14,-1,-117
1742100535.767133,40,-33,-11
1742100535.803133,22,-21,-187
1742100535.838133,58,12,-87
1742100535.874133,-25,-61,-25
1742100535.9091332,52,24,44
1742100535.944133,78,8,-85
1742100535.9791331,4,-21,-71
1742100536.0151331,-55,31,-77
1742100536.0511332,50,43,-123
1742100536.086133,34,45,-25
1742100536.122133,-39,9,-117
1742100536.157133,-7,19,-77
1742100536.1921332,-17,39,-45
1742100536.227133,-83,-8,-7
1742100536.263133,-1,59,-71
1742100536.299133,16,-56,-105
1742100536.3341331,-45,-88,-105
1742100536.3701332,-1,5,-31
1742100536.405133,66,-34,24
1742100536.440133,54,-56,-87
1742100536.4751332,18,5,-59
1742100536.5111332,52,-74,4
1742100536.547133,4,37,-69
1742100536.582133,-11,-39,108
1742100536.618133,48,-47,-29
1742100536.6531332,-5,14,-11
1742100536.688133,34,-57,-9
1742100536.723133,-5,-81,-75
1742100536.759133,32,-15,-21
1742100536.795133,28,8,30
1742100536.8301332,8,-29,-57
1742100536.866133,-5,-41,-61
1742100536.901133,68,-25,4
1742100536.9361331,20,-87,44
1742100536.971133,8,-11,-61
1742100537.007133,4,36,-71
1742100537.043133,-19,-31,-77
1742100537.078133,-9,-75,-125
1742100537.1141331,-43,-85,-135
1742100537.149133,22,32,-157
1742100537.184133,-15,-79,72
1742100537.2191331,46,12,-42
1742100537.2551332,58,22,-150
1742100537.2911332,-59,2,-52
1742100537.326133,48,20,-22
1742100537.362133,26,32,99
1742100537.397133,-5,42,-96
1742100537.4321332,0,33,-100
1742100537.467133,8,-36,-12
1742100537.503133,-15,-56,-36
1742100537.539133,6,-39,21
1742100537.5741332,-5,5,-132
1742100537.6101332,-19,-28,-10
1742100537.645133,-14,-34,-26
1742100537.680133,-8,28,51
1742100537.7151332,-12,37,-156
1742100537.751133,-74,36,-22
1742100537.787133,23,59,-112
1742100537.822133,-4,47,-186
1742100537.858133,27,-47,-22
1742100537.8931332,-68,29,-24
1742100537.928133,29,31,-100
1742100537.963133,35,35,-96
1742100537.999133,-32,19,-38
1742100538.0351331,21,-8,21
1742100538.070133,-44,-20,-86
1742100538.106133,-36,6,7
1742100538.141133,15,-20,-84
1742100538.1761332,-46,25,79
1742100538.211133,48,-4,-108
1742100538.247133,-101,85,0
1742100538.283133,-87,-46,7
1742100538.318133,-63,-21,-6
1742100538.3541331,22,0,3
1742100538.389133,37,86,-136
1742100538.424133,-22,-11,45
1742100538.4591331,3,32,-68
1742100538.4951332,-52,-19,-68
1742100538.5311332,47,-7,-6
1742100538.573133,9,42,-2
1742100538.6101332,32,62,-46
1742100538.645133,-53,-77,25
1742100538.680133,30,38,71
1742100538.7151332,80,32,-74
1742100538.751133,-31,-3,101
1742100538.787133,-11,-63,-36
1742100538.822133,-13,-57,-164
1742100538.858133,34,-3,13
1742100538.8931332,13,-1,-44
1742100538.928133,11,38,-16
1742100538.963133,23,-15,-68
1742100538.999133,71,-35,3
1742100539.0351331,116,6,39
1742100539.070133,-17,-15,-116
1742100539.106133,-73,-25,-64
1742100539.141133,68,-11,33
1742100539.1761332,32,8,-52
1742100539.2121332,90,-1,3
1742100539.247133,60,-27,0
1742100539.283133,4,-29,3
1742100539.318133,-23,-63,-160
1742100539.3541331,36,18,-162
1742100539.389133,30,4,3
1742100539.424133,-87,20,-33
1742100539.460133,-11,66,-61
1742100539.4951332,-21,56,-81
1742100539.5311332,26,-83,-63
1742100539.566133,12,44,48
1742100539.602133,-51,30,-142
1742100539.6371331,62,-21,-57
1742100539.672133,62,16,-80
1742100539.708133,-70,-17,-55
1742100539.743133,35,-23,-89
1742100539.779133,62,24,-121
1742100539.8141332,34,-127,-57
1742100539.8501332,58,-7,-167
1742100539.885133,-68,-17,-49
1742100539.920133,21,54,-13
1742100539.9561331,-38,-63,-23
1742100539.991133,0,-1,-139
1742100540.027133,98,-7,26
1742100540.062133,40,-23,-33
1742100540.098133,26,15,-39
1742100540.1331332,-17,13,50
1742100540.168133,-67,-32,50
1742100540.204133,-1,-80,96
1742100540.2391331,62,11,-65
1742100540.2751331,62,33,-75
1742100540.310133,28,-78,0
1742100540.346133,10,3,-93
1742100540.381133,-61,-16,-17
1742100540.4161332,48,-76,-127
1742100540.4521332,78,5,-13
1742100540.487133,16,-2,-51
1742100540.523133,26,-36,-7
1742100540.5581331,60,27,-117
1742100540.5941331,-1,-2,-33
1742100540.629133,6,-26,54
1742100540.664133,88,-50,-97
1742100540.700133,-35,-62,-197
1742100540.7351332,8,-28,-45
1742100540.7711332,-51,-58,-71
1742100540.806133,70,-79,-17
1742100540.842133,-73,14,-7
1742100540.878133,68,32,-87
1742100540.914133,-83,36,-127
1742100540.9491332,-17,26,-99
1742100540.984133,12,52,-5
1742100541.020133,26,-1,-49
1742100541.055133,46,28,-23
1742100541.091133,-37,24,-90
1742100541.126133,106,4,-92
1742100541.162133,-71,-5,-76
1742100541.198133,-9,-7,-73
1742100541.234133,2,-51,-109
1742100541.270133,-71,14,-78
1742100541.306133,2,-31,1
1742100541.342133,-3,-13,-60
1742100541.3771331,-7,-39,-142
1742100541.412133,16,14,-98
1742100541.448133,-17,-17,-44
1742100541.484133,0,-83,-18
1742100541.519133,43,-7,5
1742100541.555133,-36,-61,-72
1742100541.5901332,-4,-5,-102
1742100541.625133,-104,-41,-134
1742100541.6601331,-50,-9,-62
1742100541.6961331,-4,-83,-10
1742100541.7321332,43,-1,-76
1742100541.767133,25,-23,-70
1742100541.803133,17,-14,-112
1742100541.838133,2,73,-30
1742100541.8731332,4,47,-86
1742100541.908133,-27,-6,-48
1742100541.944133,-27,27,-6
1742100541.980133,-21,-7,-38
1742100542.0151331,20,-23,27
1742100542.0511332,30,20,39
1742100542.086133,40,-30,-102
1742100542.121133,68,-56,-104
1742100542.1561332,58,67,-68
1742100542.1921332,-95,-12,-44
1742100542.2281332,-47,71,51
1742100542.263133,44,11,-184
1742100542.299133,-17,21,-88
1742100542.3341331,-31,-4,-84
1742100542.369133,-49,-36,-142
1742100542.404133,96,33,0
1742100542.440133,-37,7,-54
1742100542.476133,20,-20,-36
1742100542.5111332,-5,69,-2
1742100542.547133,-35,101,-122
1742100542.582133,32,5,-120
1742100542.6171331,38,-60,0
1742100542.652133,-19,-38,-230
1742100542.688133,0,-5,-56
1742100542.724133,2,8,29
1742100542.759133,-35,50,-142
1742100542.795133,-17,0,-62
1742100542.8301332,28,21,-40
1742100542.865133,-57,-66,-26
1742100542.9001331,-5,-6,-144
1742100542.9361331,-61,-42,67
1742100542.9721332,-31,-10,-58
1742100543.007133,-49,39,-124
1742100543.043133,-87,-36,-144
1742100543.078133,28,31,-100
1742100543.1131332,8,29,-130
1742100543.148133,-1,-29,-114
1742100543.184133,-29,-25,-88
1742100543.220133,-77,-107,25
1742100543.2551332,36,-51,-98
1742100543.2911332,58,50,-38
1742100543.326133,14,24,17
1742100543.361133,6,64,-56
1742100543.3961332,72,-45,-57
1742100543.4321332,32,-41,78
1742100543.468133,-19,-17,-58
1742100543.503133,-25,94,-21
1742100543.539133,-31,34,-113
1742100543.5741332,40,46,-81
1742100543.609133,-77,50,-107
1742100543.644133,36,-17,-57
1742100543.680133,-49,22,-77
1742100543.716133,76,8,56
1742100543.751133,42,40,-129
1742100543.787133,-29,64,-125
1742100543.822133,28,-93,-55
1742100543.8571332,62,-83,-7
1742100543.892133,38,-7,-27
1742100543.928133,22,-83,10
1742100543.964133,-7,-49,-85
1742100543.999133,-81,12,-41
1742100544.0351331,-25,-31,-25
1742100544.070133,34,46,-23
1742100544.105133,-41,70,86
1742100544.1401331,40,-5,-45
1742100544.1761332,52,-49,-87
1742100544.2121332,30,28,-51
1742100544.247133,8,10,-17
1742100544.283133,-19,28,-11
1742100544.318133,-27,-65,-45
1742100544.3531332,-7,14,-67
1742100544.388133,8,82,-115
1742100544.424133,28,-47,-1
1742100544.460133,18,-9,-151
1742100544.4951332,56,-79,-71
1742100544.5311332,63,26,-55
1742100544.566133,-13,-13,62
1742100544.601133,14,-65,2
1742100544.6361332,1,70,-133
1742100544.672133,-26,66,-61
1742100544.708133,58,-3,-15
1742100544.743133,-36,4,-97
1742100544.779133,63,44,-91
1742100544.8141332,-52,72,-103
1742100544.849133,47,26,-111
1742100544.884133,31,16,-3
1742100544.920133,-86,30,-107
1742100544.9561331,-66,-35,-45
1742100544.991133,5,34,-85
1742100545.027133,-56,46,-23
1742100545.062133,41,40,-41
1742100545.0971332,21,-3,-53
1742100545.132133,15,-19,-133
1742100545.168133,93,62,-11
1742100545.204133,-38,-41,-169
1742100545.2391331,-2,42,-165
1742100545.2751331,-56,-27,12
1742100545.310133,45,-45,-119
1742100545.345133,-50,-33,-79
1742100545.381133,-32,-7,-65
1742100545.4161332,5,-33,-113
1742100545.4521332,101,-31,-25
1742100545.487133,-50,18,-85
1742100545.523133,-24,42,-35
1742100545.5581331,-32,30,-147
1742100545.593133,9,2,-121
1742100545.629133,3,18,-57
1742100545.664133,-34,-63,50
1742100545.700133,69,66,-33
1742100545.7351332,-32,22,-129
1742100545.7711332,25,2,-11
1742100545.806133,15,82,6
1742100545.841133,-16,-49,-79
1742100545.8771331,77,34,-119
1742100545.912133,51,4,34
1742100545.948133,100,66,-33
1742100545.983133,8,-33,-17
1742100546.019133,56,-3,-13
1742100546.0541332,-26,4,12
1742100546.089133,13,-63,-77
1742100546.125133,0,6,-51
1742100546.1601331,39,16,-171
1742100546.1961331,-27,-13,30
1742100546.231133,-10,10,16
1742100546.267133,-5,56,-71
1742100546.302133,24,26,-27
1742100546.3371332,-35,58,30
1742100546.3731332,18,-31,-13
1742100546.408133,-35,72,-15
1742100546.444133,-61,22,-107
1742100546.4791331,40,-40,8
1742100546.5151331,16,9,-15
1742100546.550133,0,-33,-61
1742100546.585133,-59,6,-53
1742100546.621133,-5,41,-149
1742100546.6561332,-25,59,-3
1742100546.6921332,50,13,-33
1742100546.727133,-13,43,-39
1742100546.763133,88,-34,2
1742100546.7981331,-29,-54,-87
1742100546.833133,-43,-22,-145
1742100546.869133,-19,24,-61
1742100546.904133,6,-6,-175
1742100546.940133,112,56,-89
1742100546.9751332,128,-10,44
1742100547.0111332,6,49,-3
1742100547.046133,28,-40,-63
1742100547.0811331,-7,1,-71
1742100547.1171331,44,-30,-129
1742100547.152133,-41,-14,-49
1742100547.188133,-23,61,-37
1742100547.223133,-37,-12,106
1742100547.259133,-53,-1,-89
1742100547.2941332,-39,-5,-65
1742100547.329133,-67,10,-79
1742100547.365133,-35,-15,-65
1742100547.4001331,-51,-37,-125
1742100547.4361331,6,32,-37
1742100547.471133,4,9,-40
1742100547.507133,50,27,44
1742100547.542133,-83,69,-55
1742100547.5771332,6,69,-24
1742100547.6131332,-23,25,-122
1742100547.648133,-33,5,-150
1742100547.684133,66,47,-206
1742100547.7191331,40,45,-78
1742100547.7551332,24,-20,-4
1742100547.7911332,64,-46,-82
1742100547.826133,-37,21,-2
1742100547.861133,86,-16,-6
1742100547.897133,0,-14,13
1742100547.9331331,88,-34,-162
1742100547.968133,0,-40,-94
1742100548.004133,0,-38,-56
1742100548.039133,-39,9,-34
1742100548.0741332,-21,79,7
1742100548.109133,-19,11,83
1742100548.145133,-39,-18,-82
1742100548.181133,50,-22,-110
1742100548.216133,-31,-50,47
1742100548.2521331,-57,29,0
1742100548.287133,46,-48,-50
1742100548.322133,12,-38,-24
1742100548.3571332,-11,5,-120
1742100548.3931332,104,-10,31
1742100548.4291332,28,-132,-194
1742100548.464133,-51,39,-108
1742100548.500133,-31,-62,-10
1742100548.5351331,88,-38,-118
1742100548.5771332,-39,19,-162
1742100548.6131332,18,-19,-50
1742100548.649133,-21,-1,-87
1742100548.685133,14,40,-18
1742100548.720133,26,-53,-46
1742100548.756133,40,6,-64
1742100548.7911332,-22,48,-38
1742100548.826133,23,0,-54
1742100548.861133,-51,16,-8
1742100548.897133,12,-33,-70
1742100548.9331331,-33,38,-66
1742100548.968133,-31,130,-52
1742100549.004133,32,-19,-130
1742100549.039133,-9,0,-90
1742100549.0741332,12,12,-52
1742100549.109133,56,-49,-82
1742100549.145133,24,-75,-100
1742100549.181133,-27,82,-124
1742100549.216133,24,26,-106
1742100549.2521331,30,10,-150
1742100549.287133,22,-3,71
1742100549.322133,76,-59,-66
1742100549.3571332,10,-11,-148
1742100549.3931332,12,-1,-214
1742100549.4291332,50,42,37
1742100549.464133,-1,31,-88
1742100549.500133,-5,5,49
1742100549.5351331,-1,61,-114
1742100549.570133,52,25,-70
1742100549.605133,54,22,-53
1742100549.641133,12,83,8
1742100549.677133,-63,2,-52
1742100549.7121332,-3,22,74
1742100549.7481332,-9,6,32
1742100549.783133,-5,-33,36
1742100549.818133,14,-62,-69
1742100549.8531332,-27,5,-29
1742100549.889133,-39,79,-97
1742100549.925133,44,-21,-175
1742100549.960133,-117,27,-61
1742100549.996133,4,0,-191
1742100550.0311332,60,57,18
1742100550.066133,60,53,-117
1742100550.101133,26,-58,-31
1742100550.1371331,20,-8,-59
1742100550.1731331,58,9,-83
1742100550.208133,-77,79,-117
1742100550.244133,-49,37,-73
1742100550.279133,16,97,-157
1742100550.3141332,-13,61,-39
1742100550.349133,38,-40,-161
1742100550.385133,22,39,-137
1742100550.421133,-37,1,-75
1742100550.4561331,8,-18,-35
1742100550.4921331,16,-98,-19
1742100550.527133,52,1,-87
1742100550.562133,-43,-32,2
1742100550.5971332,-27,-8,-33
1742100550.6331332,54,-22,-69
1742100550.6691332,36,-34,-121
1742100550.704133,-27,-80,-61
1742100550.740133,-36,-36,-31
1742100550.7751331,7,-98,-35
1742100550.810133,76,-52,-31
1742100550.845133,27,15,-119
1742100550.881133,45,-22,-91
1742100550.917133,63,23,-41
1742100550.9521332,-48,51,6
1742100550.9881332,-52,-2,-95
1742100551.023133,-22,-58,-209
1742100551.0581331,11,49,-23
1742100551.093133,-78,0,78
1742100551.129133,31,5,-99
1742100551.165133,-34,9,6
1742100551.200133,-10,-52,8
1742100551.236133,75,32,69
1742100551.2711332,97,-12,-136
1742100551.306133,5,-78,97
1742100551.341133,-26,-64,-94
1742100551.3771331,15,-12,-20
1742100551.4131331,1,61,-84
1742100551.448133,63,33,-84
1742100551.484133,-120,-8,-112
1742100551.519133,39,15,-120
1742100551.5541332,23,11,-14
1742100551.589133,-15,-7,1
1742100551.625133,10,-61,-40
1742100551.661133,35,-11,-16
1742100551.6961331,-43,48,-42
1742100551.7321332,-15,22,-80
1742100551.767133,26,-39,-108
1742100551.802133,-21,4,-114
1742100551.8371332,-13,78,21
1742100551.8731332,12,-61,-8
1742100551.9091332,18,-49,-112
1742100551.944133,30,28,-10
1742100551.980133,30,32,11
1742100552.0151331,-63,-21,-96
1742100552.050133,-71,38,33
1742100552.086133,20,-19,-62
1742100552.121133,78,2,-82
1742100552.157133,-19,36,-106
1742100552.1921332,-38,-1,-46
1742100552.2281332,7,-36,0
1742100552.263133,25,-34,-90
1742100552.2981331,89,-48,-118
1742100552.3341331,27,17,-72
1742100552.369133,7,29,-94
1742100552.405133,-68,-14,-20
1742100552.440133,-23,1,-90
1742100552.476133,23,-36,-40
1742100552.5111332,-64,25,7
1742100552.546133,28,-36,-4
1742100552.582133,-3,-2,-154
1742100552.6171331,14,33,-96
1742100552.6531332,14,41,-102
1742100552.688133,40,-24,-34
1742100552.724133,2,17,-20
1742100552.759133,14,-18,-48
1742100552.7941332,8,-2,35
1742100552.8301332,-7,-8,-28
1742100552.865133,24,0,-130
1742100552.901133,-31,23,-50
1742100552.9361331,26,-44,-18
1742100552.9721332,-11,5,15
1742100553.007133,10,-58,-66
1742100553.042133,0,-74,-22
1742100553.078133,10,37,7
1742100553.1131332,36,-46,29
1742100553.149133,-19,35,-106
1742100553.184133,-63,95,-52
1742100553.220133,-67,23,-146
1742100553.2551332,40,27,-44
1742100553.290133,64,79,27
1742100553.326133,90,7,89
1742100553.361133,14,55,-50
1742100553.397133,-17,83,-60
1742100553.4321332,-11,-32,-12
1742100553.468133,-17,-28,3
1742100553.503133,-50,51,-12
1742100553.5381331,111,-43,-86
1742100553.5741332,-24,20,-48
1742100553.609133,-78,-1,-71
1742100553.645133,0,14,-11
1742100553.680133,-38,-37,-169
1742100553.716133,-56,-35,-121
1742100553.751133,-16,-29,-43
1742100553.786133,-26,32,-37
1742100553.822133,-34,0,28
1742100553.8571332,-62,18,-145
1742100553.8931332,-44,16,-11
1742100553.928133,-108,-91,0
1742100553.964133,-8,43,-65
1742100553.999133,-4,-52,-25
1742100554.0341332,9,17,-97
1742100554.070133,-24,-32,-5
1742100554.105133,3,-12,76
1742100554.141133,-42,-37,34
1742100554.1761332,-76,-27,56
1742100554.2121332,-54,-7,-39
1742100554.2481332,107,6,-55
1742100554.283133,-56,32,-79
1742100554.318133,-56,-35,-73
1742100554.3541331,-16,-3,-115
1742100554.3901331,-16,62,-91
1742100554.425133,81,30,-133
1742100554.461133,53,2,-7
1742100554.496133,-98,40,-71
1742100554.5311332,-26,34,-57
1742100554.566133,0,-33,-97
1742100554.602133,-22,-85,-47
1742100554.638133,-55,-11,-41
1742100554.6731331,1,-69,-119
1742100554.7091331,-32,4,-99
1742100554.744133,-16,-3,-131
1742100554.779133,-70,20,-119
1742100554.8141332,-74,20,-13
1742100554.8501332,47,70,16
1742100554.8861332,15,80,-21
1742100554.921133,-4,-5,-69
1742100554.957133,71,-7,-105
1742100554.9921331,-22,-19,-27
1742100555.027133,39,-59,-67
1742100555.062133,-52,-3,50
1742100555.098133,3,10,-87
1742100555.134133,-50,12,-89
1742100555.1691332,-34,-31,34
1742100555.2051332,13,-3,24
1742100555.240133,-15,-19,-55
1742100555.2751331,-31,18,6
1742100555.310133,18,-25,-125
1742100555.346133,18,30,-71
1742100555.382133,56,-58,-73
1742100555.417133,-1,3,-97
1742100555.453133,-7,-3,-25
1742100555.4881332,-63,-15,32
1742100555.523133,-41,20,-91
1742100555.5581331,-5,52,-123
1742100555.5941331,-19,42,-91
1742100555.6301332,68,-27,-159
1742100555.665133,26,-1,-107
1742100555.701133,-71,12,-3
1742100555.736133,-9,36,122
1742100555.7711332,-79,-45,10
1742100555.806133,20,88,-121
1742100555.842133,-7,62,-117
1742100555.878133,-75,-41,-9
1742100555.9131331,54,16,-5
1742100555.9491332,-1,56,-41
1742100555.984133,-15,10,-195
1742100556.019133,-41,10,-139
1742100556.0541332,44,58,-47
1742100556.0901332,8,-31,-37
1742100556.126133,34,42,-15
1742100556.161133,60,-47,26
1742100556.197133,82,54,-79
1742100556.2321332,-12,-4,-35
1742100556.267133,-116,-10,78
1742100556.302133,28,6,-17
1742100556.338133,32,50,44
1742100556.374133,-3,30,-21
1742100556.4091332,44,-9,-147
1742100556.445133,-89,16,-117
1742100556.480133,80,6,-11
1742100556.5151331,14,-93,-49
1742100556.550133,66,52,-21
1742100556.586133,90,18,-91
1742100556.622133,8,44,-145
1742100556.657133,0,-41,-11
1742100556.693133,-47,-39,-57
1742100556.7281332,16,-71,-43
1742100556.763133,28,-9,66
1742100556.7981331,-77,-51,-41
1742100556.8341331,-9,8,-109
1742100556.8701332,-13,-36,-77
1742100556.905133,46,-20,-33
1742100556.941133,-39,70,-113
1742100556.976133,40,-50,-15
1742100557.0111332,30,-54,14
1742100557.046133,-25,-15,-45
1742100557.082133,-61,-27,-71
1742100557.118133,36,14,-17
1742100557.1531332,-11,90,-23
1742100557.1891332,-89,30,-31
1742100557.224133,28,-37,-87
1742100557.259133,0,68,-87
1742100557.2941332,60,-27,-41
1742100557.3301332,14,28,-37
1742100557.366133,62,18,-41
1742100557.401133,-27,-3,-185
1742100557.437133,-75,14,-119
1742100557.4721332,-17,-69,-39
1742100557.507133,-75,7,-53
1742100557.542133,54,-39,-5
1742100557.578133,-45,-21,-63
1742100557.6141331,20,48,-109
1742100557.649133,-47,-21,22
1742100557.685133,-15,2,-117
1742100557.720133,70,0,-61
1742100557.7551332,-13,62,42
1742100557.790133,-41,26,-19
1742100557.826133,-25,-29,86
1742100557.862133,-41,-23,30
1742100557.897133,12,36,-143
1742100557.9331331,-31,-49,86
1742100557.968133,56,12,18
1742100558.003133,-83,26,-111
1742100558.0381331,116,-36,-15
1742100558.0741332,-85,66,92
1742100558.1101332,-13,2,20
1742100558.145133,2,22,28
1742100558.181133,-17,128,-111
1742100558.216133,18,-7,-137
1742100558.251133,-67,-5,-25
1742100558.286133,26,30,-161
1742100558.322133,6,-17,-81
1742100558.358133,22,-11,-35
1742100558.3931332,-23,-65,6
1742100558.4291332,34,50,-146
1742100558.464133,-1,46,-124
1742100558.499133,32,82,-24
1742100558.5351331,108,52,-114
1742100558.570133,46,-3,39
1742100558.6131332,12,2,-70
1742100558.649133,-20,16,57
1742100558.685133,11,-27,5
1742100558.720133,9,6,-26
1742100558.7551332,-12,-21,3
1742100558.7911332,31,-43,-26
1742100558.826133,43,-5,17
1742100558.862133,-54,38,-82
1742100558.897133,39,20,-88
1742100558.9331331,-8,34,-146
1742100558.968133,-42,24,-78
1742100559.003133,65,-34,-150
1742100559.039133,17,32,-106
1742100559.0741332,-32,-25,-54
1742100559.1101332,-22,8,65
1742100559.145133,-38,44,-78
1742100559.181133,-16,-21,-32
1742100559.216133,-70,38,-108
1742100559.251133,19,55,-94
1742100559.287133,37,50,5
1742100559.322133,63,36,-36
1742100559.358133,-62,2,-104
1742100559.3931332,187,-59,-94
1742100559.4291332,137,-37,-16
1742100559.464133,49,-1,-42
1742100559.499133,-14,14,25
1742100559.5351331,-34,38,3
1742100559.570133,-22,-77,27
1742100559.606133,31,20,5
1742100559.641133,-88,106,-100
1742100559.677133,82,-25,-60
1742100559.7121332,52,10,141
1742100559.747133,65,-21,-144
1742100559.783133,-40,10,-68
1742100559.818133,19,-29,-64
1742100559.8541331,-22,20,-68
1742100559.889133,9,54,-100
1742100559.925133,-76,-3,-80
1742100559.960133,-32,30,51
1742100559.9951332,-44,-5,-48
1742100560.0311332,-18,8,-51
1742100560.066133,57,-75,-79
1742100560.102133,107,-15,-131
1742100560.1371331,-30,14,-44
1742100560.1731331,-26,8,-116
1742100560.208133,-6,-1,-62
1742100560.243133,-8,4,-59
1742100560.279133,3,16,-66
1742100560.3141332,-34,18,-96
1742100560.3501332,-54,-15,-45
1742100560.385133,49,-15,2
1742100560.421133,-34,-9,-47
1742100560.4561331,-30,-45,94
1742100560.491133,-8,38,-99
1742100560.527133,-22,28,-95
1742100560.562133,-6,-27,40
1742100560.598133,37,8,-105
1742100560.6331332,-6,22,-121
1742100560.668133,17,-31,60
1742100560.703133,32,-33,0
1742100560.7391331,-11,6,-23
1742100560.7751331,-15,-65,-64
1742100560.810133,9,-49,-79
1742100560.846133,-12,-29,-159
1742100560.881133,21,64,-89
1742100560.9161332,7,-35,-81
1742100560.951133,1,-1,26
1742100560.987133,-109,-1,-25
1742100561.023133,13,-27,8
1742100561.0581331,-38,20,-9
1742100561.0941331,-57,8,38
1742100561.129133,2,-51,-133
1742100561.164133,29,36,-83
1742100561.1991332,14,40,-141
1742100561.2351332,114,-23,-71
1742100561.2711332,76,-43,-103
1742100561.306133,-5,42,-97
1742100561.342133,-1,32,-81
1742100561.3771331,-3,-37,-65
1742100561.412133,56,-7,-187
1742100561.447133,110,12,50
1742100561.483133,-57,-1,30
1742100561.519133,0,-13,-101
1742100561.5541332,20,32,-101
1742100561.5901332,24,6,-23
1742100561.625133,-57,-43,-63
1742100561.6601331,-9,-77,-107
1742100561.695133,-68,56,-67
1742100561.731133,-20,-16,-9
1742100561.767133,68,7,20
1742100561.802133,-49,-53,-13
1742100561.838133,62,-19,-73
1742100561.8731332,-45,-13,-43
1742100561.908133,-2,106,-155
1742100561.943133,14,0,-17
1742100561.9791331,16,22,-89
1742100562.0151331,-12,-36,-157
1742100562.050133,-27,-55,28
1742100562.086133,26,24,-97
1742100562.121133,35,13,-59
1742100562.1561332,-28,-66,14
1742100562.191133,8,-42,-37
1742100562.227133,60,-42,-15
1742100562.263133,-26,16,-143
1742100562.2981331,-51,3,-19
1742100562.3341331,-23,0,-83
1742100562.369133,138,-10,-83
1742100562.404133,-33,17,-31
1742100562.4391332,24,-2,-141
1742100562.4751332,22,-28,-165
1742100562.5111332,98,31,-57
1742100562.546133,20,-14,-37
1742100562.582133,-5,23,4
1742100562.6171331,2,25,30
1742100562.652133,22,85,-9
1742100562.687133,28,-10,-31
1742100562.723133,-47,13,-69
1742100562.759133,58,33,-23
1742100562.7941332,12,-15,10
1742100562.8301332,-47,-25,-35
1742100562.865133,32,-55,4
1742100562.9001331,44,52,-89
1742100562.935133,-3,56,14
1742100562.971133,-47,-25,-129
1742100563.007133,58,14,-95
1742100563.042133,30,-47,4
1742100563.078133,-65,20,-45
1742100563.1131332,-27,20,-43
1742100563.148133,-63,50,-43
1742100563.1831331,122,-69,-44
1742100563.2191331,36,14,-37
1742100563.2551332,-37,-41,107
1742100563.290133,66,-1,-32
1742100563.326133,-1,18,-177
1742100563.361133,102,64,-9
1742100563.3961332,36,-7,-1
1742100563.431133,66,50,-60
1742100563.467133,-47,16,-106
1742100563.503133,14,34,-26
1742100563.5381331,8,28,0
1742100563.5741332,-21,-9,-144
1742100563.609133,26,-15,5
1742100563.644133,-99,0,-184
1742100563.6791332,-13,-23,1
1742100563.7151332,48,-9,9
1742100563.751133,-67,-37,-8
1742100563.786133,-31,12,-76
1742100563.822133,-41,-11,-20
1742100563.8571332,58,28,-142
1742100563.892133,38,12,-92
1742100563.927133,26,12,-12
1742100563.963133,-25,-27,17
1742100563.999133,-11,-27,-64
1742100564.0341332,10,-85,-136
1742100564.070133,-15,-3,-156
1742100564.105133,-15,30,109
1742100564.1401331,-77,15,-12
1742100564.175133,68,-2,-100
1742100564.211133,-1,9,21
1742100564.247133,-49,83,5
1742100564.282133,58,-7,-124
1742100564.318133,36,77,-132
1742100564.3531332,114,28,-134
1742100564.388133,-23,20,-160
1742100564.4231331,60,12,15
1742100564.4591331,-3,110,-10
1742100564.4951332,42,54,-6
1742100564.530133,42,78,3
1742100564.566133,60,-41,-28
1742100564.601133,-19,28,-244
1742100564.6361332,20,14,-50
1742100564.671133,-67,-7,11
1742100564.707133,-1,-65,-104
1742100564.743133,-55,34,-170
1742100564.7781332,-45,-19,1
1742100564.8141332,-20,70,-94
1742100564.849133,-21,54,-46
1742100564.884133,0,0,9
1742100564.920133,-18,30,-80
1742100564.9551332,-33,24,-176
1742100564.991133,-52,-17,-188
1742100565.026133,-24,-99,11
1742100565.062133,-29,0,-16
1742100565.0971332,-1,3,-82
1742100565.132133,18,-2,-62
1742100565.168133,22,47,-70
1742100565.203133,22,-12,27
1742100565.2391331,-69,43,57
1742100565.274133,50,17,-72
1742100565.310133,-40,5,13
1742100565.345133,12,-4,-78
1742100565.3801332,10,6,-4
1742100565.4161332,44,-36,-30
1742100565.451133,-85,-64,-28
1742100565.487133,-61,12,-1
1742100565.522133,-15,-5,4
1742100565.5581331,33,-7,-65
1742100565.593133,21,10,-69
1742100565.628133,-3,-91,-57
1742100565.664133,-1,-17,-51
1742100565.6991332,-25,78,4
1742100565.7351332,10,28,-75
1742100565.770133,14,-31,-13
1742100565.806133,84,-39,-135
1742100565.841133,-5,-11,-105
1742100565.876133,2,-3,-37
1742100565.912133,24,50,-131
1742100565.947133,40,-95,-15
1742100565.983133,-33,0,-45
1742100566.0181332,86,-40,-133
1742100566.0541332,-5,33,20
1742100566.089133,44,-2,-181
1742100566.124133,26,-8,-23
1742100566.1601331,-31,-58,-99
1742100566.195133,18,-16,-49
1742100566.231133,-11,41,-17
1742100566.266133,40,-8,62
1742100566.302133,-5,43,-21
1742100566.3371332,-43,-82,-141
1742100566.372133,-73,79,-199
1742100566.408133,2,-54,46
1742100566.443133,46,1,-81
1742100566.4791331,24,-140,-49
1742100566.514133,54,-52,-35
1742100566.550133,-77,37,-55
1742100566.585133,2,61,-65
1742100566.6201332,-66,-18,-99
1742100566.6561332,4,3,-91
1742100566.691133,2,-34,-139
1742100566.727133,-27,37,-37
1742100566.7621331,-29,23,-117
1742100566.7981331,46,-24,-97
1742100566.833133,-25,-12,-53
1742100566.868133,52,-14,-123
1742100566.904133,46,5,-129
1742100566.9391332,-31,51,-47
1742100566.9751332,32,29,-47
1742100567.010133,-95,-14,-109
1742100567.046133,-19,-96,78
1742100567.082133,-15,-2,-33
1742100567.118133,-55,-67,-129
1742100567.154133,10,-23,-15
1742100567.1891332,-17,12,-11
1742100567.224133,0,-37,-87
1742100567.260133,30,-1,-59
1742100567.296133,60,6,-33
1742100567.3311331,-35,59,-79
1742100567.3671331,54,25,14
1742100567.402133,22,-25,-15
1742100567.437133,54,-26,46
1742100567.4721332,16,5,-113
1742100567.5081332,-7,47,-93
1742100567.5441332,-19,1,-29
1742100567.579133,14,35,-57
1742100567.615133,16,69,-62
1742100567.6501331,72,21,-42
1742100567.685133,2,11,99
1742100567.720133,-39,23,41
1742100567.756133,100,51,-102
1742100567.792133,-19,23,5
1742100567.8271332,-17,-54,-12
1742100567.8631332,-13,-2,7
1742100567.898133,-9,61,-22
1742100567.9331331,-103,-18,-122
1742100567.968133,62,21,-70
1742100568.004133,52,-8,-140
1742100568.040133,82,31,-24
1742100568.075133,-29,13,-140
1742100568.111133,116,-14,-118
1742100568.1461332,60,1,-86
1742100568.181133,20,-34,-32
1742100568.216133,-83,-14,39
1742100568.2521331,62,45,-34
1742100568.2881331,54,51,11
1742100568.323133,-42,-1,-54
1742100568.359133,-96,25,-76
1742100568.394133,-18,21,-36
1742100568.4291332,-56,-6,29
1742100568.464133,23,17,45
1742100568.500133,-2,13,-60
1742100568.536133,123,33,-36
1742100568.5711331,-22,-72,-64
1742100568.6141331,-47,-80,53
1742100568.6501331,18,-28,-34
1742100568.685133,-15,-50,-28
1742100568.720133,-3,-8,7
1742100568.756133,52,-8,-20
1742100568.792133,16,-40,-8
1742100568.8271332,-35,-84,17
1742100568.8631332,56,23,19
1742100568.898133,-3,-90,-126
1742100568.9331331,44,-14,-48
1742100568.968133,6,-14,-102
1742100569.004133,-5,-2,57
1742100569.040133,-77,-68,45
1742100569.075133,-13,42,-94
1742100569.111133,54,13,7
1742100569.1461332,-15,-57,-136
1742100569.181133,38,58,-72
1742100569.216133,-32,39,-130
1742100569.2521331,18,19,-98
1742100569.2881331,-61,11,-50
1742100569.323133,2,47,-98
1742100569.359133,58,-6,-107
1742100569.394133,-73,53,-29
1742100569.4291332,74,15,-37
1742100569.464133,36,7,-119
1742100569.500133,-3,-6,-45
1742100569.536133,-11,5,14
1742100569.5711331,-51,0,-55
1742100569.6071332,72,15,-29
1742100569.642133,-53,19,-71
1742100569.677133,-33,-34,-29
1742100569.7121332,-37,-36,-37
1742100569.7481332,0,-46,-45
1742100569.7841332,-9,13,-81
1742100569.819133,48,37,-35
1742100569.855133,-59,5,-59
1742100569.8901331,-13,-42,-9
1742100569.925133,-3,-38,56
1742100569.960133,42,-22,-113
1742100569.996133,-69,5,-51
1742100570.032133,38,-14,6
1742100570.0671332,-13,3,-181
1742100570.1031332,-33,19,38
1742100570.138133,-67,-12,-77
1742100570.1731331,16,-63,-49
1742100570.208133,8,-35,-69
1742100570.244133,30,-15,32
1742100570.280133,84,-5,18
1742100570.315133,-21,-19,34
1742100570.351133,8,32,-25
1742100570.3861332,62,-11,-57
1742100570.421133,-3,-21,-43
1742100570.4561331,-1,-1,-49
1742100570.4921331,32,-103,18
1742100570.5281332,-85,50,-43
1742100570.563133,28,6,-21
1742100570.599133,-25,-51,-71
1742100570.634133,64,16,4
1742100570.6691332,12,30,22
1742100570.704133,-29,-17,42
1742100570.740133,-39,-59,-25
1742100570.776133,-62,-65,-77
1742100570.8111331,16,-25,-69
1742100570.8471332,-35,-31,-91
1742100570.882133,15,-61,76
1742100570.917133,0,-33,-13
1742100570.9521332,100,-1,-119
1742100570.9881332,38,-24,-81
1742100571.024133,-22,-58,-39
1742100571.059133,20,83,-33
1742100571.095133,-52,23,62
1742100571.1301332,19,-26,-57
1742100571.165133,0,-5,-123
1742100571.201133,-23,60,-125
1742100571.236133,31,48,-3
1742100571.272133,-45,-71,-29
1742100571.3071332,-11,58,12
1742100571.343133,-21,16,-65
1742100571.378133,48,-41,-65
1742100571.4131331,52,82,-221
1742100571.4491332,-27,56,-45
1742100571.484133,6,9,-23
1742100571.520133,-9,-47,-67
1742100571.555133,-71,45,-101
1742100571.591133,38,58,-41
1742100571.626133,42,-15,12
1742100571.661133,38,-65,-55
1742100571.697133,-9,13,-59
1742100571.7321332,-45,-43,-63
1742100571.7681332,-1,-37,-69
1742100571.803133,98,63,-29
1742100571.839133,-17,-38,-15
1742100571.874133,-141,-18,-171
1742100571.9091332,-35,-4,-25
1742100571.945133,-1,-24,-57
1742100571.980133,-15,45,70
1742100572.016133,36,-44,-23
1742100572.0511332,-3,-24,-147
1742100572.0871332,-13,19,-109
1742100572.122133,28,-114,-67
1742100572.157133,-119,11,-65
1742100572.193133,-3,-82,-103
1742100572.2281332,28,41,2
1742100572.264133,26,-6,-169
1742100572.299133,-27,61,74
1742100572.335133,-57,47,52
1742100572.3701332,-7,35,-137
1742100572.405133,6,-86,-23
1742100572.441133,46,-48,-61
1742100572.476133,22,54,-121
1742100572.5121331,-39,36,-107
1742100572.547133,-59,-82,-51
1742100572.583133,76,44,-119
1742100572.618133,-61,28,36
1742100572.6531332,-17,-1,18
1742100572.6891332,-5,0,-47
1742100572.724133,52,58,-63
1742100572.760133,2,39,-33
1742100572.795133,38,46,-53
1742100572.8311331,13,-91,-63
1742100572.866133,42,66,6
1742100572.901133,4,20,-71
1742100572.937133,38,-55,-23
1742100572.9721332,26,26,84
1742100573.0081332,35,68,-193
1742100573.043133,-84,-95,-139
1742100573.079133,-35,6,-81
1742100573.1141331,-75,8,-97
1742100573.149133,-7,-15,-41
1742100573.185133,48,-81,-117
1742100573.220133,-37,1,-27
1742100573.256133,106,-24,-117
1742100573.2911332,-75,11,-81
1742100573.3271332,20,1,-67
1742100573.3631332,-15,-10,-83
1742100573.399133,-53,5,-21
1742100573.435133,-19,21,-5
1742100573.471133,0,-12,-147
1742100573.507133,50,91,-37
1742100573.543133,30,-2,-97
1742100573.579133,37,-32,-55
1742100573.6141331,-98,-10,-67
1742100573.649133,-16,21,-21
1742100573.685133,-2,-12,-57
1742100573.721133,-97,-4,34
1742100573.756133,-25,47,-59
1742100573.792133,-33,-38,-29
1742100573.8271332,-33,-8,-151
1742100573.862133,26,-25,-59
1742100573.897133,-39,12,-13
1742100573.9331331,-97,-17,-139
1742100573.9691331,22,6,-93
1742100574.004133,30,18,-1
1742100574.040133,12,12,-137
1742100574.075133,52,40,-85
1742100574.1101332,54,8,-51
1742100574.145133,-79,-1,-99
1742100574.181133,-55,-41,-97
1742100574.217133,-21,52,58
1742100574.2521331,40,32,16
1742100574.2881331,-3,-1,-77
1742100574.323133,2,-11,-43
1742100574.358133,22,-45,-19
1742100574.3931332,-9,18,-93
1742100574.4291332,12,-13,52
1742100574.4651332,-37,0,-29
1742100574.500133,-27,20,-157
1742100574.536133,28,-21,-205
1742100574.5711331,-47,-13,0
1742100574.606133,-17,-51,-223
1742100574.641133,-75,22,-157
1742100574.677133,-9,12,22
1742100574.713133,-27,26,-43
1742100574.7481332,14,-3,-51
1742100574.7841332,-19,-55,-81
1742100574.819133,-17,-57,-73
1742100574.8541331,-71,20,-113
1742100574.889133,14,-11,-115
1742100574.925133,8,-120,38
1742100574.961133,-41,-82,38
1742100574.996133,-29,7,0
1742100575.032133,108,-66,-61
1742100575.0671332,16,19,14
1742100575.102133,-77,-28,-97
1742100575.1371331,26,-54,-82
1742100575.1731331,-3,-64,-75
1742100575.2091331,60,62,-189
1742100575.244133,-63,-40,-19
1742100575.280133,-49,11,-297
1742100575.315133,68,-16,-116
1742100575.3501332,84,-2,-93
1742100575.385133,-61,83,-153
1742100575.421133,22,61,-43
1742100575.457133,-27,17,62
1742100575.4921331,64,43,-31
1742100575.5281332,-63,7,-117
1742100575.563133,6,23,-99
1742100575.598133,-87,-24,-105
1742100575.6331332,110,-68,-21
1742100575.6691332,22,5,-107
1742100575.7051332,40,-14,-77
1742100575.740133,38,21,-127
1742100575.776133,16,-42,-73
1742100575.8111331,48,19,-103
1742100575.846133,46,-68,-37
1742100575.881133,-41,1,-103
1742100575.917133,-7,15,-203
1742100575.953133,-95,-44,-105
1742100575.9881332,30,-28,-19
1742100576.024133,-31,-11,78
1742100576.059133,14,28,2
1742100576.0941331,-3,-15,-61
1742100576.129133,-3,-15,-65
1742100576.165133,-39,12,36
1742100576.201133,66,-47,-35
1742100576.236133,62,-21,-59
1742100576.272133,-7,-63,-167
1742100576.3071332,14,-46,52
1742100576.342133,22,5,-103
1742100576.3771331,-13,13,-87
1742100576.4131331,106,53,-21
1742100576.4491332,22,-86,-183
1742100576.484133,-41,-26,-55
1742100576.520133,36,-18,48
1742100576.555133,-13,69,94
1742100576.5901332,17,15,-77
1742100576.625133,49,-37,-9
1742100576.661133,40,24,-3
1742100576.697133,-33,2,-91
1742100576.7321332,-63,22,-87
1742100576.7681332,-3,24,-95
1742100576.803133,20,-2,-117
1742100576.838133,46,31,-9
1742100576.8731332,-1,36,-135
1742100576.9091332,-43,-11,-123
1742100576.945133,38,-55,-95
1742100576.980133,66,6,-113
1742100577.016133,0,-61,-59
1742100577.0511332,62,-41,-51
1742100577.086133,-59,24,4
1742100577.121133,-25,-41,-101
1742100577.157133,-25,-2,36
1742100577.193133,68,-13,-15
1742100577.2281332,-19,73,-57
1742100577.264133,-81,-39,30
1742100577.299133,-51,-8,-25
1742100577.3341331,20,24,-87
1742100577.369133,-28,-27,74
1742100577.405133,-46,56,-152
1742100577.441133,-38,20,-107
1742100577.476133,33,14,-75
1742100577.5121331,23,1,6
1742100577.547133,-36,-47,-107
1742100577.582133,9,14,-163
1742100577.618133,-40,2,30
1742100577.6531332,-20,-9,10
1742100577.6891332,73,-61,18
1742100577.724133,95,-49,-171
1742100577.760133,1,52,6
1742100577.795133,-62,-42,-49
1742100577.8301332,7,49,-65
1742100577.866133,-44,-53,-79
1742100577.901133,95,6,-87
1742100577.937133,25,26,-233
1742100577.9721332,-30,16,-57
1742100578.0081332,61,6,24
1742100578.043133,137,-83,36
1742100578.078133,61,14,-55
1742100578.1141331,0,21,-52
1742100578.149133,-90,9,-76
1742100578.185133,-36,-52,-60
1742100578.220133,7,-47,-142
1742100578.256133,-26,-119,-74
1742100578.2911332,33,-68,-56
1742100578.326133,77,7,-39
1742100578.362133,-19,85,18
1742100578.397133,14,-8,-105
1742100578.4331331,46,-66,-39
1742100578.468133,34,19,-104
1742100578.504133,24,-14,-53
1742100578.539133,-9,-12,58
1742100578.5741332,-77,-36,-261
1742100578.6171331,40,11,-169
1742100578.6531332,-51,-20,-1
1742100578.6891332,-1,-50,-147
1742100578.724133,-83,-76,108
1742100578.760133,-25,71,-66
1742100578.795133,-29,41,-205
1742100578.8301332,-35,-48,-27
1742100578.866133,22,-24,-99
1742100578.901133,-95,-10,-121
1742100578.937133,16,13,26
1742100578.9721332,44,-2,-91
1742100579.0081332,-11,-4,2
1742100579.043133,48,-68,-105
1742100579.078133,22,-12,-123
1742100579.1141331,22,-16,-49
1742100579.149133,-3,61,-179
1742100579.1861331,10,-70,-1
1742100579.221133,84,0,30
1742100579.257133,-73,0,-93
1742100579.292133,-37,25,-105
1742100579.328133,-31,19,-93
1742100579.3631332,16,-78,-65
1742100579.398133,34,45,-135
1742100579.434133,-95,37,-87
1742100579.4691331,6,-50,-49
1742100579.5051332,-79,-12,-59
1742100579.540133,48,-10,-125
1742100579.576133,46,27,-75
1742100579.611133,28,-10,-139
1742100579.6461332,2,-14,-63
1742100579.6821332,28,-58,-113
1742100579.717133,-37,-16,-115
1742100579.753133,4,29,-131
1742100579.7881331,-45,-14,-97
1742100579.8241332,34,-36,-65
1742100579.859133,-32,17,-7
1742100579.894133,-24,21,-3
1742100579.930133,0,-94,-49
1742100579.9651332,-55,-28,-71
1742100580.001133,-11,-16,4
1742100580.036133,-45,9,-93
1742100580.0711331,-29,-46,-43
1742100580.106133,20,87,-133
1742100580.142133,32,-34,42
1742100580.178133,-107,0,-157
1742100580.213133,-53,3,30
1742100580.249133,14,-10,-165
1742100580.2841332,-81,-36,-11
1742100580.319133,46,39,-25
1742100580.3541331,36,52,-101
1742100580.3901331,60,14,-131
1742100580.4261332,-57,10,-59
1742100580.461133,-17,12,-55
1742100580.497133,-65,34,-99
1742100580.532133,-8,18,52
1742100580.5671332,-82,0,-73
1742100580.602133,65,18,-43
1742100580.638133,-30,56,8
1742100580.674133,-16,-110,-15
1742100580.7091331,73,-62,-121
1742100580.7451332,-16,1,-63
1742100580.780133,7,25,-77
1742100580.815133,27,0,-37
1742100580.8501332,95,35,-17
1742100580.8861332,-4,107,-91
1742100580.922133,-58,-93,-35
1742100580.957133,-56,8,80
1742100580.993133,63,10,64
1742100581.0281332,-28,-19,-73
1742100581.063133,13,-5,12
1742100581.098133,41,-9,84
1742100581.134133,9,-41,-101
1742100581.170133,-14,0,72
1742100581.2051332,19,-21,38
1742100581.241133,-42,38,-83
1742100581.276133,21,-77,-73
1742100581.3111331,-10,6,-65
1742100581.346133,27,-1,-79
1742100581.382133,3,2,-127
1742100581.418133,7,-27,-75
1742100581.453133,53,34,-55
1742100581.4891331,47,4,50
1742100581.524133,-34,16,0
1742100581.559133,-29,-7,-37
1742100581.5941331,6,-17,-7
1742100581.6301332,32,78,-57
1742100581.6661332,2,-85,-107
1742100581.701133,-13,-29,-3
1742100581.737133,64,28,28
1742100581.772133,36,12,-13
1742100581.8071332,18,-20,-15
1742100581.842133,-47,-55,44
1742100581.878133,52,-9,-91
1742100581.914133,-3,-57,-115
1742100581.9491332,50,14,-103
1742100581.9851332,-5,46,-137
1742100582.020133,10,-23,16
1742100582.055133,39,-34,178
1742100582.0901332,-27,-80,16
1742100582.126133,-49,-6,-141
1742100582.162133,34,9,-161
1742100582.197133,40,-18,-21
1742100582.233133,6,29,-47
1742100582.2681332,52,51,-11
1742100582.303133,-31,109,-195
1742100582.338133,-31,1,40
1742100582.374133,4,-108,-73
1742100582.4101331,-33,11,-119
1742100582.445133,16,15,-77
1742100582.481133,-43,22,-123
1742100582.516133,12,26,4
1742100582.5511332,44,-73,-61
1742100582.586133,-43,-25,-29
1742100582.622133,2,98,-7
1742100582.658133,20,67,-25
1742100582.693133,-21,18,-145
1742100582.7291331,-1,6,-87
1742100582.764133,52,-9,-73
1742100582.799133,80,-43,-83
1742100582.8341331,-10,-29,-19
1742100582.8701332,45,28,-93
1742100582.9061332,-30,40,-108
1742100582.941133,1,-11,-84
1742100582.977133,60,-1,53
1742100583.0121331,125,18,-76
1742100583.047133,37,-1,-232
1742100583.082133,-4,-59,-84
1742100583.118133,3,-3,-50
1742100583.154133,43,-77,19
1742100583.1891332,-18,78,-86
1742100583.2251332,65,32,-104
1742100583.260133,-18,22,-28
1742100583.295133,79,28,-48
1742100583.3301332,39,26,-92
1742100583.366133,-24,-31,3
1742100583.402133,-34,40,-104
1742100583.437133,63,46,-68
1742100583.473133,31,24,-126
1742100583.5081332,-24,6,-88
1742100583.543133,73,-37,-10
1742100583.578133,6,8,-160
1742100583.6141331,-21,-29,-162
1742100583.6501331,38,82,-50
1742100583.685133,38,16,-150
1742100583.721133,102,-57,-14
1742100583.756133,53,60,-36
1742100583.7911332,0,-7,-4
1742100583.826133,-74,-71,-76
1742100583.862133,27,2,39
1742100583.898133,49,-35,-100
1742100583.9331331,82,-3,-68
1742100583.9691331,-15,12,87
1742100584.004133,-23,52,-32
1742100584.039133,28,-1,-40
1742100584.075133,14,16,-124
1742100584.1101332,54,8,-80
1742100584.1461332,76,-15,-154
1742100584.181133,17,-31,-50
1742100584.217133,114,-21,29
1742100584.2521331,12,28,27
1742100584.287133,-1,52,-34
1742100584.323133,-33,-61,47
1742100584.358133,-7,-15,-86
1742100584.394133,-15,32,19
1742100584.4291332,-59,10,-132
1742100584.4651332,20,48,59
1742100584.500133,-12,-33,-120
1742100584.5351331,5,22,-196
1742100584.5711331,-28,36,-88
1742100584.606133,93,38,-205
1742100584.642133,106,-21,56
1742100584.677133,-4,-45,-103
1742100584.713133,21,-7,36
1742100584.7481332,-20,40,-55
1742100584.783133,-11,-35,-103
1742100584.819133,10,2,-137
1742100584.8541331,-39,-17,-9
1742100584.8901331,-53,76,-85
1742100584.925133,-22,12,-29
1742100584.961133,101,-21,-79
1742100584.996133,-42,-81,-29
1742100585.0311332,-16,-11,-255
1742100585.0671332,-41,64,-151
1742100585.102133,-34,-29,-129
1742100585.138133,1,16,-79
1742100585.1731331,-44,84,-69
1742100585.2091331,1,20,6
1742100585.244133,41,2,-17
1742100585.279133,-16,-19,14
1742100585.315133,57,46,-41
1742100585.3501332,-28,48,-93
1742100585.3861332,67,12,-31
1742100585.421133,1,0,-145
1742100585.457133,1,4,-107
1742100585.4921331,-90,72,-57
1742100585.527133,-20,-55,60
1742100585.563133,21,12,-165
1742100585.598133,29,17,-15
1742100585.634133,-12,-53,42
1742100585.6691332,-50,-65,-77
1742100585.7051332,-42,-19,-25
1742100585.740133,79,-19,-71
1742100585.7751331,-82,-36,-49
1742100585.8111331,55,56,64
1742100585.846133,-42,20,-7
1742100585.882133,9,-29,-133
1742100585.917133,-14,49,-7
1742100585.953133,-76,28,-107
1742100585.9881332,35,32,-53
1742100586.023133,0,-13,-47
1742100586.059133,57,58,112
1742100586.0941331,-18,-37,-5
1742100586.1301332,-66,-11,-169
1742100586.165133,85,-77,-233
1742100586.201133,-78,-75,-67
1742100586.236133,-32,-17,-111
1742100586.2711332,-108,87,-47
1742100586.3071332,53,53,42
1742100586.342133,-102,-12,-1
1742100586.378133,81,21,-107
1742100586.4131331,89,21,-101
1742100586.448133,47,-26,-55
1742100586.483133,48,61,-51
1742100586.519133,132,3,-77
1742100586.555133,-8,15,20
1742100586.5901332,-28,-30,-17
1742100586.626133,11,41,-173
1742100586.661133,-12,-16,26
1742100586.6961331,-4,3,-121
1742100586.731133,75,19,-10
1742100586.767133,-60,-18,-155
1742100586.803133,7,-34,-119
1742100586.838133,11,7,22
1742100586.874133,78,-8,65
1742100586.9091332,39,27,66
1742100586.944133,9,31,-86
1742100586.9791331,-4,25,-37
1742100587.0151331,-30,41,-29
1742100587.0511332,1,-54,-93
1742100587.086133,63,5,22
1742100587.122133,-22,5,-30
1742100587.157133,41,19,-10
1742100587.1921332,-58,-6,-26
1742100587.227133,-1,-88,-76
1742100587.263133,47,-98,-78
1742100587.299133,-80,-20,-72
1742100587.3341331,1,-42,-122
1742100587.3701332,-38,39,-22
1742100587.405133,-69,43,-106
1742100587.440133,10,-12,-110
1742100587.4751332,-15,13,-156
1742100587.5111332,-85,-32,-62
1742100587.547133,18,-18,-118
1742100587.582133,64,-46,75
1742100587.618133,10,15,11
1742100587.6531332,0,-32,-28
1742100587.688133,-13,3,-156
1742100587.723133,-13,-15,59
1742100587.759133,34,-9,-84
1742100587.795133,-23,-31,7
1742100587.8301332,-23,-20,-102
1742100587.866133,-15,17,-12
1742100587.901133,-37,-40,-16
1742100587.9361331,4,-19,29
1742100587.971133,-11,0,33
1742100588.007133,-9,58,-72
1742100588.043133,50,-9,-24
1742100588.078133,-61,-41,-48
1742100588.1141331,-61,-40,-90
1742100588.149133,-17,-22,-58
1742100588.184133,10,43,-6
1742100588.2191331,-31,2,-88
1742100588.2551332,14,-33,-32
1742100588.2911332,-33,-49,71
1742100588.326133,86,-4,-114
1742100588.362133,-61,18,-52
1742100588.397133,-9,40,33
1742100588.4321332,12,20,-10
1742100588.467133,-51,26,-88
1742100588.503133,-37,-83,-4
1742100588.539133,32,30,15
1742100588.5741332,28,69,-34
1742100588.6101332,-21,0,-32
1742100588.652133,-33,68,-96
1742100588.688133,-81,12,13
1742100588.723133,-41,-41,1
1742100588.759133,32,4,11
1742100588.795133,6,14,85
1742100588.8301332,2,-7,-132
1742100588.866133,-25,39,5
1742100588.901133,-9,-26,-246
1742100588.9361331,0,48,17
1742100588.971133,10,-1,-132
1742100589.007133,-9,34,-68
1742100589.043133,0,46,-134
1742100589.078133,-29,-5,-84
1742100589.1141331,104,10,73
1742100589.149133,-7,-37,-100
1742100589.184133,-45,-119,-50
1742100589.2191331,12,-5,39
1742100589.2551332,0,-57,-84
1742100589.2911332,36,34,60
1742100589.326133,82,-17,-72
1742100589.362133,-77,-41,-80
1742100589.397133,-91,-31,-129
1742100589.4321332,52,-17,4
1742100589.467133,52,-28,4
1742100589.503133,-39,-5,-99
1742100589.539133,44,-38,-137
1742100589.5741332,2,5,4
1742100589.6101332,24,-6,-155
1742100589.645133,84,39,34
1742100589.680133,68,45,-51
1742100589.7151332,-1,-36,-101
1742100589.751133,-15,-77,18
1742100589.787133,-3,-61,-131
1742100589.822133,-3,-41,-45
1742100589.858133,-51,-17,-55
1742100589.8931332,-82,-3,-61
1742100589.928133,35,-2,-63
1742100589.963133,5,-77,-25
1742100589.999133,-26,67,-43
1742100590.0351331,33,13,-47
1742100590.070133,7,-38,38
1742100590.106133,-22,7,-105
1742100590.141133,29,-2,22
1742100590.1761332,84,-58,-61
1742100590.211133,-29,82,-131
1742100590.247133,-65,10,-95
1742100590.283133,-31,34,-97
1742100590.318133,34,-9,72
1742100590.3541331,40,16,-131
1742100590.389133,18,-3,-5
1742100590.424133,52,14,-57
1742100590.460133,-65,-35,-45
1742100590.4951332,-9,-19,-5
1742100590.5311332,4,-117,26
1742100590.566133,-83,-9,-103
1742100590.602133,-31,24,-61
1742100590.6371331,-67,0,44
1742100590.672133,40,50,-51
1742100590.708133,28,-23,-159
1742100590.743133,26,-73,-43
1742100590.779133,-37,0,-47
1742100590.8141332,44,70,-85
1742100590.8501332,68,-81,-107
1742100590.885133,-41,-3,-95
1742100590.920133,74,46,-213
1742100590.9561331,76,26,-7
1742100590.991133,-15,24,-113
1742100591.027133,-27,76,10
1742100591.062133,-83,-69,40
1742100591.098133,-21,-9,-63
1742100591.1331332,56,-53,-99
1742100591.168133,6,-1,-55
1742100591.204133,18,-4,-51
1742100591.2391331,62,1,-177
1742100591.2751331,-19,-66,-95
1742100591.310133,-39,23,-191
1742100591.346133,96,-6,-139
1742100591.381133,6,1,-145
1742100591.4161332,98,35,-99
1742100591.4521332,-45,-66,-53
1742100591.487133,-61,31,-115
1742100591.523133,26,-18,-37
1742100591.5581331,40,-20,37
1742100591.5941331,12,0,-152
1742100591.629133,4,7,31
1742100591.664133,44,-16,-118
1742100591.700133,8,33,-74
1742100591.7351332,26,35,-64
1742100591.7711332,8,-76,23
1742100591.806133,72,-36,-36
1742100591.842133,74,9,-6
1742100591.8771331,30,-26,-106
1742100591.912133,30,9,-44
1742100591.948133,4,-64,-110
1742100591.983133,56,27,-32
1742100592.019133,72,17,-4
1742100592.0541332,-47,-28,-28
1742100592.0901332,56,-38,-58
1742100592.125133,-3,-32,-6
1742100592.1601331,-29,-28,13
1742100592.1961331,52,63,-106
1742100592.231133,78,13,-130
1742100592.267133,4,-56,-78
1742100592.302133,-37,-30,-156
1742100592.338133,60,51,-10
1742100592.3731332,30,33,-156
1742100592.408133,-21,-34,-70
1742100592.444133,28,-44,-158
1742100592.4791331,20,-16,-252
1742100592.5151331,-29,0,-62
1742100592.550133,32,-90,-56
1742100592.586133,-79,6,-152
1742100592.621133,-11,-1,-16
1742100592.6561332,-1,-38,-214
1742100592.6921332,80,-6,-28
1742100592.727133,-27,19,-130
1742100592.763133,-19,-34,-34
1742100592.7981331,32,41,81
1742100592.833133,12,27,-110
1742100592.868133,30,-28,27
1742100592.904133,-19,19,23
1742100592.940133,-13,-18,-30
1742100592.9751332,74,-30,-50
1742100593.0111332,56,-22,83
1742100593.046133,69,-32,-91
1742100593.0811331,49,1,-177
1742100593.116133,-12,5,-1
1742100593.152133,75,57,-3
1742100593.188133,33,23,-83
1742100593.223133,-33,-12,-181
1742100593.259133,-54,-44,-83
1742100593.2941332,-10,25,-29
1742100593.329133,31,31,-53
1742100593.3641331,-12,9,-29
1742100593.4001331,-32,-8,-107
1742100593.4361331,-50,-20,-21
1742100593.471133,-64,15,-39
1742100593.507133,0,-38,-109
1742100593.542133,39,45,-53
1742100593.5771332,47,-56,-85
1742100593.612133,91,55,-53
1742100593.648133,55,41,-97
1742100593.684133,31,89,-171
1742100593.7191331,61,95,48
1742100593.7551332,35,-30,-33
1742100593.790133,89,-4,-73
1742100593.825133,-15,13,-119
1742100593.8601332,2,31,-43
1742100593.8961332,-3,75,-83
1742100593.9321332,50,39,52
1742100593.967133,66,19,38
1742100594.003133,32,-144,-7
1742100594.0381331,28,-22,-37
1742100594.073133,80,33,0
1742100594.108133,40,11,52
1742100594.144133,-61,11,124
1742100594.180133,-47,-12,-225
1742100594.2151332,78,1,-129
1742100594.251133,48,-16,-151
1742100594.286133,-58,-6,66
1742100594.3211331,28,8,-135
1742100594.356133,-29,-37,-141
1742100594.392133,46,62,-107
1742100594.428133,-77,-95,-17
1742100594.463133,24,62,-28
1742100594.499133,46,-19,83
1742100594.5341332,26,-45,-132
1742100594.569133,18,2,-120
1742100594.6041331,72,52,19
1742100594.6401331,-35,68,47
1742100594.6761332,80,2,15
1742100594.711133,24,-72,-18
1742100594.747133,-23,31,-210
1742100594.782133,-25,7,-116
1742100594.8171332,-53,-34,-64
1742100594.852133,4,-30,33
1742100594.888133,-55,-28,-32
1742100594.924133,105,-16,-88
1742100594.9591331,7,5,-110
1742100594.9951332,49,-19,-74
1742100595.030133,81,-15,11
1742100595.065133,67,-51,-92
1742100595.1001332,-26,62,-162
1742100595.1361332,-14,-39,-50
1742100595.172133,35,6,-14
1742100595.207133,41,34,-50
1742100595.243133,27,14,-126
1742100595.2781332,-8,84,-10
1742100595.313133,1,70,-92
1742100595.348133,7,-7,-18
1742100595.384133,3,27,-88
1742100595.420133,43,-30,-60
1742100595.4551332,-18,-16,-78
1742100595.491133,35,0,-52
1742100595.526133,-30,-9,-124
1742100595.5611331,-64,-52,25
1742100595.596133,-5,-16,79
1742100595.632133,0,-34,-10
1742100595.668133,38,-60,-74
1742100595.703133,34,-10,-50
1742100595.7391331,-17,-28,13
1742100595.774133,-67,59,-50
1742100595.809133,-3,9,15
1742100595.8441331,10,-32,151
1742100595.8801332,-51,-8,-74
1742100595.9161332,38,12,-148
1742100595.951133,51,4,-126
1742100595.987133,-64,-11,0
1742100596.022133,-48,-19,1
1742100596.0571332,65,-43,-140
1742100596.092133,10,-9,-54
1742100596.128133,-27,-39,-62
1742100596.164133,4,-21,-8
1742100596.1991332,42,-25,-70
1742100596.2351332,48,20,-38
1742100596.270133,-7,14,-26
1742100596.305133,-51,-9,-58
1742100596.3401332,-107,24,-54
1742100596.376133,108,38,-4
1742100596.412133,30,-98,-104
1742100596.447133,-34,-10,19
1742100596.483133,4,-50,-36
1742100596.5181332,-19,5,5
1742100596.553133,30,-6,-80
1742100596.588133,109,-4,-108
1742100596.624133,-54,81,-48
1742100596.6601331,29,-12,-110
1742100596.6961331,51,-8,-22
1742100596.7321332,-37,51,-34
1742100596.767133,-63,-52,-148
1742100596.803133,-4,-17,-54
1742100596.838133,38,0,-66
1742100596.8731332,5,-52,-2
1742100596.9091332,-53,-20,-216
1742100596.944133,-33,-4,-44
1742100596.980133,93,-4,-106
1742100597.0151331,66,41,-124
1742100597.0511332,75,-64,-46
1742100597.086133,-44,11,55
1742100597.121133,-12,-26,-44
1742100597.157133,-28,10,-108
1742100597.1921332,0,-4,-156
1742100597.2281332,35,-14,-54
1742100597.263133,99,49,-114
1742100597.299133,13,-6,21
1742100597.3341331,59,-32,-26
1742100597.369133,69,37,-70
1742100597.405133,43,27,-34
1742100597.440133,-33,-32,-62
1742100597.476133,-15,31,-88
1742100597.5111332,80,-50,-124
1742100597.547133,-35,69,-16
1742100597.582133,64,-40,-50
1742100597.6171331,-3,0,47
1742100597.6531332,-113,-66,-108
1742100597.688133,-49,-38,-38
1742100597.724133,50,-54,-22
1742100597.759133,44,31,-32
1742100597.795133,-19,-14,-122
1742100597.8301332,-3,2,67
1742100597.865133,-3,-112,-154
1742100597.901133,-51,14,-56
1742100597.9361331,124,-29,15
1742100597.9721332,20,-61,-22
1742100598.007133,4,-75,25
1742100598.043133,-51,68,-64
1742100598.078133,18,20,-2
1742100598.1131332,-1,36,-28
1742100598.149133,68,-47,47
1742100598.184133,24,32,-23
1742100598.220133,-35,-21,-137
1742100598.2551332,16,64,-74
1742100598.2911332,-31,-1,-102
1742100598.326133,24,12,-42
1742100598.361133,-23,-1,-30
1742100598.397133,20,4,24
1742100598.4321332,-135,30,-175
1742100598.468133,-67,0,-100
1742100598.503133,26,8,-84
1742100598.539133,-21,28,-74
1742100598.5741332,-77,-99,-80
1742100598.609133,10,18,-136
1742100598.645133,-1,6,-126
1742100598.687133,-19,-39,-100
1742100598.724133,62,12,-89
1742100598.759133,-29,-37,-84
1742100598.795133,-13,4,-84
1742100598.8301332,74,46,-112
1742100598.865133,-3,18,-22
1742100598.901133,130,-45,-10
1742100598.9361331,-65,62,-56
1742100598.9721332,-5,20,-40
1742100599.007133,-71,8,-94
1742100599.043133,72,40,67
1742100599.078133,26,-3,-70
1742100599.1131332,40,30,-58
1742100599.149133,42,-11,-68
1742100599.184133,12,-11,33
1742100599.220133,32,12,-98
1742100599.2551332,32,34,3
1742100599.2911332,94,56,-47
1742100599.3271332,28,62,22
1742100599.362133,-5,10,-107
1742100599.397133,8,-11,2
1742100599.4331331,148,-9,-143
1742100599.4691331,78,-35,56
1742100599.504133,32,-49,-75
1742100599.540133,94,36,-13
1742100599.575133,-81,14,-53
1742100599.6101332,-39,-45,-141
1742100599.645133,18,4,-89
1742100599.681133,114,-39,-91
1742100599.717133,6,-41,-3
1742100599.7521331,-27,36,-59
1742100599.7881331,12,30,-173
1742100599.823133,-65,-51,-17
1742100599.858133,76,28,-71
1742100599.8931332,-11,75,34
1742100599.9291332,18,13,-43
1742100599.9651332,32,49,-5
1742100600.000133,-69,-14,-23
1742100600.036133,6,-10,-127
1742100600.0711331,40,21,-27
1742100600.106133,-3,-42,-97
1742100600.141133,-123,-18,-69
1742100600.177133,-5,1,-99
1742100600.213133,24,-44,-111
1742100600.2481332,36,31,-203
1742100600.2841332,33,39,-69
1742100600.319133,67,9,66
1742100600.3541331,33,-12,-25
1742100600.389133,-20,-6,50
1742100600.425133,-10,-40,-99
1742100600.461133,61,-14,-55
1742100600.496133,57,17,-67
1742100600.532133,-22,-72,-131
1742100600.5671332,5,-10,-178
1742100600.602133,33,-38,-32
1742100600.6371331,-116,13,-30
1742100600.6731331,-46,-50,73
1742100600.7091331,45,5,-28
1742100600.744133,-26,-43,-28
1742100600.780133,-18,-18,-18
1742100600.815133,-56,24,-128
1742100600.8501332,31,44,-96
1742100600.885133,-12,38,-20
1742100600.921133,17,78,-94
1742100600.957133,15,-14,71
1742100600.9921331,-12,6,-114
1742100601.0281332,-34,62,-24
1742100601.063133,-19,12,-12
1742100601.098133,20,-63,-104
1742100601.1331332,-19,-61,-18
1742100601.1691332,34,-29,-160
1742100601.2051332,84,-75,-152
1742100601.240133,2,-77,-188
1742100601.276133,46,85,-92
1742100601.3111331,-65,11,-88
1742100601.346133,-15,20,-100
1742100601.381133,-25,-45,-22
1742100601.417133,-87,-19,25
1742100601.453133,-17,-9,37
1742100601.4881332,-5,-21,-42
1742100601.524133,10,-92,77
1742100601.559133,-39,-63,-2
1742100601.5941331,-27,38,-12
1742100601.629133,-3,-7,-6
1742100601.665133,60,-53,33
1742100601.701133,-7,114,-80
1742100601.736133,-53,92,-6
1742100601.772133,-33,20,-94
1742100601.8071332,22,10,-50
1742100601.842133,-69,50,-24
1742100601.8771331,14,-16,-110
1742100601.9131331,14,-35,-122
1742100601.9491332,-57,-28,-102
1742100601.984133,0,5,69
1742100602.020133,53,-114,-20
1742100602.055133,72,91,23
1742100602.0901332,6,37,-66
1742100602.125133,-5,-22,-118
1742100602.161133,86,21,-24
1742100602.197133,2,73,-1
1742100602.2321332,6,29,-95
1742100602.2681332,-17,73,75
1742100602.303133,84,1,-188
1742100602.338133,-83,9,-24
1742100602.3731332,28,61,-102
1742100602.4091332,14,-44,-60
1742100602.445133,-13,-28,13
1742100602.480133,16,-34,-44
1742100602.516133,20,-10,-56
1742100602.5511332,2,73,-92
1742100602.586133,14,5,53
1742100602.622133,-31,-2,47
1742100602.657133,16,97,-22
1742100602.693133,-39,21,-3
1742100602.7281332,32,-40,-3
1742100602.764133,10,23,62
1742100602.799133,-21,-14,-59
1742100602.8341331,-7,45,-125
1742100602.869133,72,-16,78
1742100602.905133,-55,7,-179
1742100602.941133,28,-28,-79
1742100602.976133,-43,21,-1
1742100603.0121331,-71,-20,-51
1742100603.047133,2,-42,-53
1742100603.082133,16,-4,-163
1742100603.1171331,-19,-14,-27
1742100603.1531332,-33,-10,40
1742100603.1891332,16,-28,-63
1742100603.224133,26,47,-63
1742100603.260133,-25,-22,-35
1742100603.295133,-1,9,-35
1742100603.3301332,24,0,-23
1742100603.366133,-25,53,36
1742100603.401133,6,21,8
1742100603.437133,0,21,-157
1742100603.4721332,-5,-72,-77
1742100603.5081332,92,-70,-98
1742100603.543133,-23,-14,143
1742100603.578133,53,18,-108
1742100603.6141331,5,22,-72
1742100603.649133,77,58,-118
1742100603.685133,33,18,-78
1742100603.720133,51,66,-52
1742100603.756133,-28,-71,-23
1742100603.7911332,23,-73,46
1742100603.826133,-16,72,-69
1742100603.862133,-100,-17,-203
1742100603.897133,-28,18,106
1742100603.9331331,-44,64,-116
1742100603.968133,-8,-13,-18
1742100604.004133,55,14,7
1742100604.039133,-18,84,-113
1742100604.0741332,61,30,-75
1742100604.1101332,-3,-13,32
1742100604.145133,-15,-25,-29
1742100604.181133,30,-23,3
1742100604.216133,68,-51,-94
1742100604.2521331,60,6,-52
1742100604.287133,-19,0,-102
1742100604.322133,102,76,61
1742100604.358133,4,-33,27
1742100604.3931332,-5,8,-60
1742100604.4291332,-11,19,-102
1742100604.464133,54,38,1
1742100604.500133,-50,32,-184
1742100604.5351331,19,-13,-136
1742100604.570133,70,-33,-30
1742100604.606133,32,-29,37
1742100604.641133,54,150,-54
1742100604.677133,26,-31,-60
1742100604.7121332,-17,-15,-134
1742100604.7481332,12,-21,-72
1742100604.783133,-45,48,-14
1742100604.818133,-7,-73,-12
1742100604.8541331,30,38,-43
1742100604.889133,56,-11,-145
1742100604.925133,-47,18,-175
1742100604.960133,28,22,-79
1742100604.996133,86,8,22
1742100605.0311332,84,-3,-49
1742100605.066133,2,40,-47
1742100605.102133,-61,-9,4
1742100605.1371331,22,32,12
1742100605.1731331,20,-37,-21
1742100605.208133,12,-5,52
1742100605.244133,-1,36,-141
1742100605.279133,28,-15,-99
1742100605.3141332,-9,-151,56
1742100605.3501332,-5,-43,-31
1742100605.385133,-1,10,-129
1742100605.421133,-95,-65,-129
1742100605.4561331,-7,14,-79
1742100605.4921331,20,0,-209
1742100605.527133,-9,-13,-77
1742100605.562133,10,54,-143
1742100605.598133,24,40,30
1742100605.6331332,-27,22,-95
1742100605.6691332,4,-3,-63
1742100605.704133,34,16,52
1742100605.7391331,6,-6,-101
1742100605.774133,2,-8,-39
1742100605.810133,-63,19,-179
1742100605.846133,50,6,-91
1742100605.881133,24,18,-87
1742100605.917133,-71,4,-247
1742100605.9521332,84,-11,-35
1742100605.987133,-69,-17,64
1742100606.022133,18,52,-127
1742100606.0581331,16,-54,-49
1742100606.0941331,50,18,-35
1742100606.129133,-19,-107,-97
1742100606.165133,62,5,-81
1742100606.200133,70,13,10
1742100606.2351332,-9,-50,-55
1742100606.270133,-29,20,-13
1742100606.306133,-9,20,-13
1742100606.342133,2,-21,-71
1742100606.3771331,48,40,-35
1742100606.4131331,-59,-23,-177
1742100606.448133,-54,-24,-231
1742100606.483133,-8,-40,-25
1742100606.5181332,-27,21,12
1742100606.5541332,6,-17,-147
1742100606.5901332,32,-19,-195
1742100606.625133,54,-13,-125
1742100606.661133,58,28,-173
1742100606.6961331,70,-15,-87
1742100606.731133,64,33,-47
1742100606.766133,6,51,-85
1742100606.802133,-29,49,24
1742100606.838133,50,17,44
1742100606.8731332,-39,-4,-129
1742100606.9091332,-3,-3,-105
1742100606.944133,-25,20,-57
1742100606.9791331,-37,38,-113
1742100607.014133,6,-23,-115
1742100607.050133,4,-38,-49
1742100607.086133,-25,-14,-39
1742100607.121133,24,-48,-39
1742100607.157133,60,-40,28
1742100607.1921332,20,53,10
1742100607.227133,25,-47,-111
1742100607.2621331,77,-9,80
1742100607.2981331,-47,-102,-51
1742100607.3341331,-89,7,50
1742100607.369133,-31,3,-43
1742100607.405133,-23,87,-1
1742100607.440133,2,41,-49
1742100607.4751332,126,23,-117
1742100607.510133,78,-34,-29
1742100607.546133,92,35,6
1742100607.582133,14,67,39
1742100607.6171331,-23,-20,-82
1742100607.6531332,-9,27,-68
1742100607.688133,22,9,-88
1742100607.723133,-39,39,1
1742100607.7581332,-15,5,69
1742100607.7941332,-89,-26,1
1742100607.8301332,-31,19,-8
1742100607.865133,37,-23,-115
1742100607.901133,43,46,-61
1742100607.9361331,31,-17,-37
1742100607.971133,-70,-49,-100
1742100608.006133,76,7,-30
1742100608.042133,-29,38,-2
1742100608.078133,80,0,0
1742100608.1131332,-43,-15,-52
1742100608.149133,2,46,-96
1742100608.184133,22,-45,5
1742100608.2191331,16,-19,-104
1742100608.254133,26,-29,-180
1742100608.290133,-29,32,-54
1742100608.326133,32,-77,-134
1742100608.361133,-47,16,9
1742100608.397133,62,-20,-42
1742100608.4321332,92,-28,-20
1742100608.467133,-25,-64,-20
1742100608.5021331,-15,-16,19
1742100608.5381331,27,58,-48
1742100608.5741332,-45,30,31
1742100608.609133,-37,8,-18
1742100608.645133,-69,31,-110
1742100608.680133,-45,-27,-50
1742100608.7221332,-33,7,-98
1742100608.7581332,-27,1,17
1742100608.7941332,0,-44,-44
1742100608.8301332,40,55,-30
1742100608.865133,86,43,5
1742100608.901133,62,69,-86
1742100608.9361331,-49,-68,-146
1742100608.971133,-19,-32,67
1742100609.006133,30,60,-126
1742100609.042133,-49,80,-2
1742100609.078133,34,4,-94
1742100609.1131332,-37,-103,-126
1742100609.149133,26,2,-70
1742100609.184133,4,13,-104
1742100609.2191331,44,-80,-216
1742100609.254133,-19,11,-80
1742100609.290133,0,-46,-104
1742100609.326133,-7,3,-92
1742100609.361133,-41,-22,1
1742100609.397133,58,-6,-112
1742100609.4321332,-15,49,-114
1742100609.467133,20,-48,-70
1742100609.5021331,-15,-14,-138
1742100609.5381331,-9,17,15
1742100609.5741332,12,0,-170
1742100609.609133,16,36,-168
1742100609.645133,-103,-10,-28
1742100609.680133,8,-52,-112
1742100609.7151332,38,-77,-14
1742100609.750133,-13,28,-158
1742100609.786133,28,-19,-30
1742100609.822133,-57,19,-4
1742100609.8571332,-103,15,-56
1742100609.8931332,32,21,-84
1742100609.928133,48,-46,-148
1742100609.963133,40,-18,7
1742100609.999133,88,-66,3
1742100610.0341332,58,55,-102
1742100610.070133,-5,-18,17
1742100610.105133,20,21,-122
1742100610.141133,30,-15,-84
1742100610.1761332,-21,2,73
1742100610.211133,-1,-3,-172
1742100610.247133,30,-17,-104
1742100610.282133,46,2,-36
1742100610.318133,30,-71,-92
1742100610.3531332,22,-29,-106
1742100610.389133,-13,78,-110
1742100610.424133,-23,-10,101
1742100610.4591331,-45,26,-48
1742100610.4951332,-35,-20,-202
1742100610.530133,32,-32,-136
1742100610.566133,-55,0,5
1742100610.601133,-51,21,-8
1742100610.6371331,44,39,-4
1742100610.672133,-1,9,-54
1742100610.707133,64,25,-186
1742100610.743133,12,-10,37
1742100610.7781332,62,-80,-6
1742100610.8141332,-7,-16,-120
1742100610.849133,46,-84,15
1742100610.885133,34,-31,55
1742100610.920133,-13,-47,-16
1742100610.9551332,28,0,-78
1742100610.991133,102,-4,-86
1742100611.026133,-31,-8,-10
1742100611.062133,58,41,-58
1742100611.0971332,-53,35,-40
1742100611.1331332,5,-40,-58
1742100611.168133,7,-34,43
1742100611.203133,-50,37,-90
1742100611.2391331,-34,43,-84
1742100611.274133,57,-6,37
1742100611.310133,-14,5,-60
1742100611.345133,7,-66,5
1742100611.381133,-14,7,-6
1742100611.4161332,41,-90,-6
1742100611.451133,-74,-42,-114
1742100611.487133,-84,-4,-152
1742100611.522133,41,63,-26
1742100611.5581331,-32,11,-42
1742100611.593133,29,7,-118
1742100611.629133,3,17,-20
1742100611.664133,-34,5,-66
1742100611.6991332,-20,33,-48
1742100611.7351332,11,-12,-154
1742100611.770133,109,-4,-170
1742100611.806133,-84,17,-36
1742100611.841133,23,27,-74
1742100611.8771331,-18,29,107
1742100611.912133,-42,19,-48
1742100611.947133,103,33,81
1742100611.983133,1,3,-176
1742100612.0181332,19,-34,-126
1742100612.0541332,59,65,9
1742100612.089133,-22,7,-26
1742100612.125133,29,-28,-60
1742100612.161133,9,15,-34
1742100612.1961331,17,-50,1
1742100612.231133,-34,-26,-136
1742100612.267133,-8,-60,-116
1742100612.303133,7,-12,9
1742100612.338133,-60,47,-90
1742100612.374133,7,3,-80
1742100612.4091332,17,-6,-34
1742100612.444133,41,-36,-16
1742100612.4791331,105,0,67
1742100612.5151331,17,-14,-40
1742100612.5511332,-34,15,-86
1742100612.586133,9,35,-14
1742100612.622133,57,0,61
1742100612.657133,-40,-34,3
1742100612.6921332,-52,33,-102
1742100612.727133,-60,-46,-156
1742100612.763133,-12,-4,-124
1742100612.799133,-26,3,-30
1742100612.8341331,15,0,-152
1742100612.8701332,37,45,-78
1742100612.905133,-8,-94,-158
1742100612.940133,-76,-66,-22
1742100612.9751332,37,-62,-128
1742100613.0111332,41,32,-72
1742100613.047133,-54,-63,1
1742100613.082133,1,-8,-28
1742100613.118133,2,3,-12
1742100613.1531332,-17,-24,-98
1742100613.188133,2,-14,-96
1742100613.223133,-87,39,25
1742100613.259133,38,-16,-86
1742100613.295133,60,37,45
1742100613.3301332,10,-10,-94
1742100613.366133,34,-10,-70
1742100613.401133,-49,37,-68
1742100613.4361331,36,-10,1
1742100613.471133,-29,-4,-50
1742100613.507133,20,15,-40
1742100613.543133,21,13,-66
1742100613.578133,-28,33,-74
1742100613.6141331,-100,37,-60
1742100613.649133,23,45,-6
1742100613.684133,93,67,0
1742100613.7191331,29,29,-174
1742100613.7551332,-4,57,-62
1742100613.7911332,-13,49,17
1742100613.826133,0,9,21
1742100613.862133,34,83,59
1742100613.897133,-7,-82,-94
1742100613.9321332,-13,-38,-36
1742100613.967133,50,15,-174
1742100614.003133,-51,-84,-152
1742100614.039133,-51,-6,-46
1742100614.0741332,-1,53,-62
1742100614.1101332,6,-38,-52
1742100614.145133,-75,7,-42
1742100614.180133,60,-66,-106
1742100614.2151332,-30,-20,-166
1742100614.251133,-47,-28,-130
1742100614.287133,2,45,-102
1742100614.322133,56,25,-166
1742100614.358133,22,9,27
1742100614.3931332,-11,-18,-96
1742100614.428133,44,21,-18
1742100614.463133,-77,-40,-56
1742100614.499133,-52,-70,-116
1742100614.5351331,42,-9,-74
1742100614.570133,-3,22,-40
1742100614.606133,18,16,10
1742100614.641133,-3,-51,-9
1742100614.6761332,-23,-63,-111
1742100614.711133,46,-41,-43
1742100614.747133,-69,-7,20
1742100614.783133,-63,-5,-21
1742100614.818133,-1,-35,-173
1742100614.8541331,-75,-47,0
1742100614.889133,16,-15,-67
1742100614.924133,4,70,52
1742100614.9591331,-33,22,-181
1742100614.9951332,66,-25,-29
1742100615.0311332,40,18,18
1742100615.066133,-49,28,30
1742100615.102133,12,0,106
1742100615.1371331,68,-53,-147
1742100615.172133,38,16,-137
1742100615.207133,56,11,-93
1742100615.243133,-63,-8,-13
1742100615.279133,50,-66,16
1742100615.3141332,-65,-29,-83
1742100615.3501332,88,-43,26
1742100615.385133,-25,-49,50
1742100615.420133,50,31,-75
1742100615.4551332,40,-28,-147
1742100615.491133,10,13,28
1742100615.527133,4,65,-179
1742100615.562133,-39,33,-91
1742100615.598133,-39,-58,-99
1742100615.6331332,-45,-16,-191
1742100615.668133,-41,-90,-3
1742100615.703133,16,-20,-56
1742100615.7391331,34,-65,-78
1742100615.7751331,-27,-33,21
1742100615.810133,10,-47,-134
1742100615.846133,16,-26,-16
1742100615.881133,52,-30,-62
1742100615.9161332,26,15,-140
1742100615.951133,24,-68,-14
1742100615.987133,56,-20,-66
1742100616.023133,40,11,-112
1742100616.0581331,2,69,-72
1742100616.0941331,70,-20,-52
1742100616.129133,38,-56,-84
1742100616.164133,-3,9,-102
1742100616.200133,-27,53,-212
1742100616.2351332,22,-42,-64
1742100616.2711332,4,65,-4
1742100616.306133,82,-38,15
1742100616.342133,18,15,-18
1742100616.3771331,62,-10,-32
1742100616.412133,-29,0,-84
1742100616.448133,36,19,-72
1742100616.483133,-15,-60,-52
1742100616.519133,-69,0,-70
1742100616.5541332,-1,-24,1
1742100616.5901332,-63,35,-36
1742100616.625133,-13,-62,35
1742100616.6601331,-105,-62,-146
1742100616.6961331,-1,7,7
1742100616.731133,-39,-91,77
1742100616.767133,-19,-4,-122
1742100616.802133,-45,-29,-32
1742100616.838133,24,-38,-8
1742100616.8731332,82,34,79
1742100616.908133,48,-51,-50
1742100616.944133,-57,-33,-64
1742100616.9791331,0,-23,-110
1742100617.0151331,-25,-15,-126
1742100617.050133,16,-59,-92
1742100617.086133,90,-3,-134
1742100617.121133,10,-33,-156
1742100617.1561332,6,62,-102
1742100617.1921332,0,-21,-168
1742100617.227133,-27,64,-50
1742100617.263133,-87,42,71
1742100617.2981331,14,20,83
1742100617.3341331,30,8,-10
1742100617.369133,38,-5,-164
1742100617.404133,14,18,-113
1742100617.440133,-45,46,22
1742100617.4751332,-83,32,-129
1742100617.5111332,-81,-5,-3
1742100617.546133,-127,34,-117
1742100617.582133,-3,-59,-23
1742100617.6171331,-111,-36,-79
1742100617.652133,10,-43,-15
1742100617.688133,-15,8,-13
1742100617.723133,-9,-3,-163
1742100617.759133,36,48,-77
1742100617.7941332,0,24,-87
1742100617.8301332,-51,-77,-91
1742100617.865133,8,-48,50
1742100617.9001331,76,-34,-115
1742100617.9361331,44,6,-97
1742100617.971133,24,32,60
1742100618.007133,-9,-29,-155
1742100618.042133,-33,44,-113
1742100618.078133,102,50,-87
1742100618.1131332,56,68,40
1742100618.148133,70,80,28
1742100618.184133,80,6,34
1742100618.2191331,-29,28,8
1742100618.2551332,14,6,66
1742100618.290133,-11,-3,-11
1742100618.326133,-35,4,-93
1742100618.361133,42,-25,-111
1742100618.3961332,-39,-47,-123
1742100618.4321332,0,-1,-49
1742100618.467133,-41,22,-185
1742100618.503133,32,-25,-129
1742100618.5381331,-11,-79,-149
1742100618.5741332,60,86,-195
1742100618.6101332,-29,-17,16
1742100618.6461332,-67,46,-127
1742100618.6821332,4,22,88
1742100618.724133,18,18,-47
1742100618.760133,6,-3,-125
1742100618.796133,-23,54,-13
1742100618.832133,42,6,30
1742100618.8671331,34,-11,0
1742100618.9031332,82,60,-35
1742100618.938133,-53,37,38
1742100618.973133,28,-88,-41
1742100619.0081332,28,29,-217
1742100619.0441332,68,-14,-57
1742100619.0801332,-41,-74,6
1742100619.115133,-53,-22,-129
1742100619.151133,-17,51,-121
1742100619.1861331,48,-34,-125
1742100619.221133,52,9,-103
1742100619.256133,-111,-8,-111
1742100619.292133,8,25,6
1742100619.328133,46,-22,-109
1742100619.3631332,74,41,-43
1742100619.399133,20,31,-37
1742100619.434133,78,-38,38
1742100619.4691331,-63,-16,-65
1742100619.504133,76,-32,-81
1742100619.540133,-39,-14,8
1742100619.576133,-5,-14,20
1742100619.611133,-57,0,-101
1742100619.647133,-11,-4,0
1742100619.6821332,-29,5,-173
1742100619.717133,6,13,4
1742100619.7521331,-57,35,-147
1742100619.7881331,-35,-18,-101
1742100619.8241332,46,-28,-125
1742100619.859133,24,-42,-27
1742100619.895133,-31,21,-25
1742100619.930133,50,-62,-53
1742100619.9651332,-29,37,-55
1742100620.000133,-15,29,-57
1742100620.036133,50,19,-37
1742100620.072133,-7,39,-41
1742100620.1071332,60,45,-91
1742100620.1431332,58,-40,-39
1742100620.178133,46,59,-81
1742100620.213133,-33,-40,-125
1742100620.249133,24,-72,-25
1742100620.2851331,18,25,76
1742100620.320133,12,-60,-95
1742100620.356133,92,-14,-83
1742100620.392133,-31,11,-91
1742100620.427133,108,0,-159
1742100620.463133,34,-22,-43
1742100620.4981332,-117,-9,-55
1742100620.533133,30,-99,-39
1742100620.568133,-51,-47,-95
1742100620.6041331,-15,44,-143
1742100620.6401331,-39,-16,-24
1742100620.675133,-37,-46,-14
1742100620.711133,60,-16,-6
1742100620.746133,-1,32,-102
1742100620.7811332,-21,15,-10
1742100620.816133,-39,-26,-12
1742100620.852133,32,-31,-22
1742100620.888133,4,0,-108
1742100620.9231331,12,-77,-108
1742100620.9591331,28,-12,-18
1742100620.994133,28,-66,-44
1742100621.029133,-25,-8,-200
1742100621.0641332,-29,57,-210
1742100621.1001332,-113,49,-140
1742100621.1361332,-41,30,-50
1742100621.171133,24,0,-118
1742100621.207133,10,59,-78
1742100621.2421331,46,-84,19
1742100621.277133,72,-50,-70
1742100621.312133,-43,-22,-10
1742100621.348133,24,55,-18
1742100621.384133,8,-30,-90
1742100621.4191332,8,31,-100
1742100621.4551332,-13,0,-16
1742100621.490133,-101,1,-22
1742100621.5251331,-1,-18,5
1742100621.560133,60,75,-84
1742100621.596133,116,65,5
1742100621.632133,-57,-46,-164
1742100621.667133,-23,13,-94
1742100621.703133,26,-48,-56
1742100621.7381332,0,-72,-106
1742100621.773133,-65,-38,15
1742100621.8081331,-41,-68,-88
1742100621.8441331,-3,-10,5
1742100621.8801332,-33,1,-74
1742100621.915133,-67,9,-102
1742100621.951133,-17,-18,-2
1742100621.986133,-27,25,-18
1742100622.0211332,-23,47,13
1742100622.056133,-57,19,-84
1742100622.092133,-19,-56,35
1742100622.128133,-15,-56,-80
1742100622.1631331,-81,-18,-40
1742100622.1991332,4,17,-198
1742100622.234133,100,35,-8
1742100622.269133,-89,-34,-52
1742100622.3041332,2,0,-46
1742100622.3401332,-57,21,-16
1742100622.376133,22,43,29
1742100622.411133,26,9,-42
1742100622.447133,10,-68,-16
1742100622.4821332,-51,-12,-104
1742100622.517133,20,-20,65
1742100622.552133,-53,11,-70
1742100622.588133,72,27,35
1742100622.624133,42,-78,3
1742100622.6591332,-27,11,-54
1742100622.695133,-9,61,23
1742100622.730133,0,61,-44
1742100622.7651331,52,-40,-40
1742100622.8011332,23,53,-138
1742100622.836133,30,13,-98
1742100622.872133,14,11,-88
1742100622.907133,15,-54,-8
1742100622.943133,10,109,-122
1742100622.9781332,7,83,-54
1742100623.013133,-64,34,21
1742100623.049133,9,-56,-92
1742100623.0841331,-30,-12,1
1742100623.1201332,7,-8,0
1742100623.155133,55,0,-58
1742100623.191133,81,-23,-152
1742100623.226133,-2,9,-26
1742100623.2611332,-2,-52,-126
1742100623.297133,-54,-20,-6
1742100623.332133,-22,43,-20
1742100623.368133,-12,11,-42
1742100623.4031332,-84,-33,0
1742100623.4391332,41,-76,-28
1742100623.474133,-60,-31,-96
1742100623.509133,-10,-7,-44
1742100623.545133,-52,-54,-116
1742100623.5801332,71,-57,-158
1742100623.616133,57,54,-62
1742100623.651133,-20,-29,-34
1742100623.687133,0,-21,55
1742100623.7221332,-10,36,-132
1742100623.757133,21,56,-50
1742100623.793133,15,-75,-76
1742100623.828133,58,-9,-32
1742100623.8641331,-75,-31,-72
1742100623.899133,52,30,-6
1742100623.935133,48,-21,54
1742100623.970133,-39,30,-91
1742100624.0051332,76,2,-73
1742100624.0411332,4,12,-59
1742100624.076133,2,-17,-151
1742100624.112133,36,6,-27
1742100624.147133,20,-31,-123
1742100624.1831331,30,-5,-61
1742100624.218133,-31,28,-35
1742100624.253133,80,-11,10
1742100624.289133,46,-31,-31
1742100624.3241332,-7,-47,70
1742100624.3601332,-95,18,-129
1742100624.395133,56,12,-29
1742100624.431133,14,-83,-83
1742100624.466133,-31,-23,-11
1742100624.501133,2,28,-83
1742100624.537133,-49,-45,-35
1742100624.572133,-89,0,-33
1742100624.608133,66,-34,8
1742100624.6431332,-27,4,-7
1742100624.6791332,-9,-4,18
1742100624.714133,-9,-27,68
1742100624.749133,-51,24,-45
1742100624.7851331,10,102,-15
1742100624.820133,-23,42,-203
1742100624.856133,37,0,-63
1742100624.891133,139,74,-29
1742100624.927133,-18,16,-93
1742100624.963133,21,24,-69
1742100624.999133,-25,-26,-33
1742100625.0351331,-61,6,-165
1742100625.070133,-37,40,-105
1742100625.105133,52,33,-71
1742100625.141133,38,-23,-85
1742100625.177133,-53,-55,14
1742100625.2121332,6,39,-37
1742100625.2481332,-45,-38,-77
1742100625.283133,34,-80,-139
1742100625.318133,-105,-46,-15
1742100625.3531332,-41,-36,-71
1742100625.389133,-15,-55,-191
1742100625.425133,8,-20,-112
1742100625.460133,78,-38,24
1742100625.496133,78,4,-79
1742100625.5311332,-77,45,-104
1742100625.566133,-21,-71,16
1742100625.601133,-23,16,-23
1742100625.6371331,30,-9,-161
1742100625.6731331,-93,-63,-72
1742100625.708133,-15,-5,-74
1742100625.744133,-25,22,-63
1742100625.779133,52,2,-21
1742100625.8141332,32,-49,-193
1742100625.849133,46,-15,-9
1742100625.885133,40,-49,-87
1742100625.921133,80,52,-53
1742100625.9561331,4,-7,114
1742100625.9921331,28,0,2
1742100626.027133,20,-3,122
1742100626.062133,40,7,-63
1742100626.0971332,26,-28,-9
1742100626.1331332,-47,81,-207
1742100626.1691332,-27,45,-59
1742100626.204133,66,51,-51
1742100626.240133,-43,-10,10
1742100626.2751331,0,22,-28
1742100626.310133,-35,31,-24
1742100626.345133,22,-8,-110
1742100626.381133,20,-16,-18
1742100626.417133,28,29,-76
1742100626.4521332,-17,9,-60
1742100626.4881332,-27,89,-94
1742100626.523133,54,17,69
1742100626.5581331,-33,-8,-74
1742100626.593133,-15,3,-76
1742100626.629133,-72,-50,-134
1742100626.665133,-19,17,-18
1742100626.700133,-25,45,-46
1742100626.736133,72,-10,-22
1742100626.7711332,-79,13,-2
1742100626.806133,-91,7,-118
1742100626.841133,62,41,-54
1742100626.8771331,20,-17,-140
1742100626.9131331,26,31,-84
1742100626.948133,72,20,-68
1742100626.984133,-51,-1,-28
1742100627.019133,-13,40,-26
1742100627.0541332,30,110,-138
1742100627.089133,-1,4,63
1742100627.125133,24,29,-174
1742100627.161133,-41,-86,-60
1742100627.1961331,58,19,-66
1742100627.2321332,-13,-18,-118
1742100627.267133,44,29,-108
1742100627.302133,70,31,3
1742100627.3371332,-19,-72,31
1742100627.3731332,56,11,-54
1742100627.4091332,-29,16,-68
1742100627.444133,-79,-26,-214
1742100627.480133,-13,2,-52
1742100627.5151331,60,42,-142
1742100627.550133,38,16,33
1742100627.585133,-67,20,-78
1742100627.622133,83,-21,-56
1742100627.657133,25,58,-140
1742100627.693133,-35,-3,-4
1742100627.7291331,21,-17,-12
1742100627.764133,-8,50,-42
1742100627.800133,-32,-31,57
1742100627.835133,43,26,-106
1742100627.8701332,-8,-111,-20
1742100627.905133,-48,-87,-130
1742100627.941133,-12,-13,-64
1742100627.977133,27,-9,51
1742100628.0121331,39,18,-52
1742100628.0481331,19,-17,-84
1742100628.083133,-62,-5,-126
1742100628.118133,75,26,47
1742100628.1531332,-60,-41,55
1742100628.1891332,13,18,-88
1742100628.2251332,-37,6,-72
1742100628.260133,-26,2,-114
1742100628.296133,44,4,87
1742100628.3311331,-29,6,-6
1742100628.366133,64,34,-66
1742100628.401133,7,-51,-152
1742100628.437133,-35,-73,-44
1742100628.473133,-43,37,-142
1742100628.5081332,72,-10,-78
1742100628.5441332,-21,-49,-80
1742100628.579133,24,-21,-136
1742100628.6141331,-77,44,-144
1742100628.649133,46,36,-76
1742100628.685133,-51,-29,-134
1742100628.7281332,-79,34,-30
1742100628.764133,4,-21,-16
1742100628.800133,28,50,-60
1742100628.835133,-7,20,-44
1742100628.8701332,-11,10,-64
1742100628.905133,-3,10,-64
1742100628.941133,18,-41,-44
1742100628.977133,18,8,-26
1742100629.0121331,32,74,-94
1742100629.0481331,-13,52,-12
1742100629.083133,12,48,-118
1742100629.118133,54,0,23
1742100629.154133,24,-1,-136
1742100629.1891332,66,-63,-110
1742100629.2251332,-1,22,-102
1742100629.260133,-27,-31,-156
1742100629.296133,-25,-3,-118
1742100629.3311331,24,62,-60
1742100629.366133,10,76,-86
1742100629.402133,56,-53,-112
1742100629.437133,42,-5,-206
1742100629.473133,12,-19,53
1742100629.5081332,8,12,-116
1742100629.5441332,46,-55,63
1742100629.579133,39,-19,-32
1742100629.6141331,45,28,-78
1742100629.6501331,35,-17,-162
1742100629.685133,-50,48,-126
1742100629.721133,17,-29,-22
1742100629.756133,5,16,-60
1742100629.792133,45,-19,-62
1742100629.8271332,33,28,87
1742100629.862133,53,-83,-234
1742100629.898133,39,-41,-56
1742100629.9331331,11,68,-210
1742100629.9691331,41,-15,55
1742100630.004133,-55,86,-76
1742100630.040133,24,-73,-104
1742100630.075133,24,-15,-30
1742100630.1101332,14,12,27
1742100630.1461332,126,38,79
1742100630.181133,123,6,49
1742100630.217133,-26,30,-92
1742100630.2521331,19,2,-4
1742100630.2881331,61,-9,-80
1742100630.323133,-69,-59,25
1742100630.358133,9,-6,-38
1742100630.394133,-70,-25,-16
1742100630.4291332,1,-43,-44
1742100630.4651332,37,68,-48
1742100630.500133,-14,18,25
1742100630.536133,31,-35,-22
1742100630.5711331,33,-89,49
1742100630.606133,75,-6,-162
1742100630.642133,-44,-60,-15
1742100630.677133,67,-50,-77
1742100630.713133,37,28,-47
1742100630.7481332,29,-47,-19
1742100630.7841332,-45,-33,40
1742100630.819133,10,-7,-79
1742100630.8541331,-45,18,-95
1742100630.8901331,-89,-7,-73
1742100630.925133,32,-13,24
1742100630.961133,107,-27,-47
1742100630.996133,-16,-51,-65
1742100631.032133,11,-17,48
1742100631.0671332,-2,58,-119
1742100631.102133,41,-29,-171
1742100631.138133,-50,10,-23
1742100631.1731331,47,-37,-25
1742100631.2091331,-84,-73,-133
1742100631.244133,87,-89,54
1742100631.280133,47,16,-125
1742100631.315133,27,60,-103
1742100631.3501332,17,16,-63
1742100631.3861332,-68,36,-109
1742100631.421133,23,-31,-99
1742100631.457133,29,20,-117
1742100631.4921331,21,-3,-107
1742100631.5281332,-74,10,-93
1742100631.5641332,-20,50,-83
1742100631.599133,-16,-79,-107
1742100631.634133,27,-53,-55
1742100631.670133,9,-25,-129
1742100631.7061331,5,-39,16
1742100631.741133,-6,-3,-81
1742100631.777133,-20,-77,-19
1742100631.812133,25,-51,6
1742100631.8471332,-2,-83,-5
1742100631.882133,-78,0,120
1742100631.918133,121,68,14
1742100631.954133,-106,-41,-117
1742100631.9891331,-28,0,-75
1742100632.0251331,-38,42,-95
1742100632.060133,-34,-19,-15
1742100632.095133,44,-115,-131
1742100632.1301332,56,82,8
1742100632.1661332,-22,14,6
1742100632.2021332,27,-63,22
1742100632.237133,9,-45,-13
1742100632.273133,-53,-37,-53
1742100632.3081331,-39,37,8
1742100632.343133,18,19,-108
1742100632.378133,63,68,53
1742100632.414133,-8,24,-8
1742100632.450133,-6,6,-12
1742100632.4851332,-51,32,33
1742100632.5211332,17,-13,0
1742100632.556133,-64,32,43
1742100632.591133,0,12,-34
1742100632.626133,21,48,-72
1742100632.662133,-52,48,55
1742100632.698133,-62,-61,7
1742100632.733133,-43,8,-92
1742100632.769133,-5,22,-80
1742100632.8041332,14,64,-130
1742100632.839133,-9,42,97
1742100632.874133,22,26,-94
1742100632.9101331,2,132,-20
1742100632.9461331,50,-7,-54
1742100632.981133,-73,-19,-130
1742100633.017133,46,-6,-134
1742100633.052133,-71,-61,-100
1742100633.0871332,-111,-63,-164
1742100633.122133,-45,-11,-190
1742100633.158133,-3,-47,19
1742100633.194133,80,-29,-56
1742100633.2291331,-33,48,-62
1742100633.2651331,64,18,-26
1742100633.300133,-37,70,-128
1742100633.335133,-37,44,-40
1742100633.3701332,-33,-1,-62
1742100633.4061332,10,20,-180
1742100633.4421332,34,68,-172
1742100633.477133,26,14,35
1742100633.513133,10,54,-24
1742100633.5481331,20,58,-66
1742100633.583133,4,-15,-76
1742100633.618133,-31,-6,-74
1742100633.654133,42,-37,-2
1742100633.690133,70,-16,-104
1742100633.7251332,52,31,-8
1742100633.7611332,-19,-44,-18
1742100633.796133,-73,-4,39
1742100633.8311331,2,37,-88
1742100633.866133,22,-4,9
1742100633.902133,-25,33,-120
1742100633.938133,-5,-58,31
1742100633.973133,-23,-8,31
1742100634.009133,16,13,-144
1742100634.0441332,78,53,-48
1742100634.079133,24,63,-22
1742100634.1141331,24,-82,-136
1742100634.1501331,34,55,-114
1742100634.1861331,46,65,47
1742100634.221133,-25,-60,-88
1742100634.257133,-77,55,-54
1742100634.292133,40,27,21
1742100634.3271332,46,-16,3
1742100634.362133,32,-12,-130
1742100634.398133,60,1,-20
1742100634.434133,-35,9,-120
1742100634.4691331,74,-14,-131
1742100634.5051332,10,0,-49
1742100634.540133,34,73,-84
1742100634.575133,-65,-62,-102
1742100634.6101332,-39,-8,-52
1742100634.6461332,60,69,-24
1742100634.6821332,68,-50,-122
1742100634.717133,34,63,-46
1742100634.753133,-61,-24,-110
1742100634.7881331,22,-56,-67
1742100634.823133,16,-34,-133
1742100634.858133,-13,17,-20
1742100634.894133,-23,11,-37
1742100634.930133,16,0,-1
1742100634.9651332,12,5,17
1742100635.001133,-13,-8,-28
1742100635.036133,16,-6,76
1742100635.0711331,20,23,-21
1742100635.106133,-63,11,22
1742100635.142133,-61,35,-69
1742100635.178133,-33,31,-69
1742100635.213133,-107,29,10
1742100635.249133,46,37,-107
1742100635.2841332,25,-39,-61
1742100635.319133,7,26,-195
1742100635.3541331,-64,87,20
1742100635.3901331,39,29,-97
1742100635.4261332,55,23,12
1742100635.461133,37,80,-107
1742100635.497133,-32,32,8
1742100635.532133,1,2,-85
1742100635.5671332,-1,-67,-33
1742100635.6031332,-15,22,92
1742100635.638133,-1,8,-119
1742100635.674133,-69,-29,-65
1742100635.7091331,-37,60,-7
1742100635.7451332,44,46,-95
1742100635.780133,-17,-77,-95
1742100635.815133,84,-35,-115
1742100635.851133,-73,-45,12
1742100635.8861332,-147,33,-9
1742100635.922133,-39,7,-105
1742100635.957133,14,-58,-15
1742100635.993133,-65,-4,-129
1742100636.0281332,-33,-26,21
1742100636.063133,-37,5,-64
1742100636.099133,22,15,-106
1742100636.134133,-27,31,-22
1742100636.170133,80,-42,1
1742100636.2051332,-29,-90,-38
1742100636.241133,50,3,31
1742100636.276133,-57,-23,-10
1742100636.3111331,28,25,-132
1742100636.3471332,-27,24,-34
1742100636.382133,-57,0,-110
1742100636.418133,24,-9,-18
1742100636.453133,88,54,-46
1742100636.4891331,-19,46,97
1742100636.524133,-53,-25,-52
1742100636.559133,20,74,-46
1742100636.595133,64,-17,-168
1742100636.6301332,-19,-105,-60
1742100636.6661332,12,6,-110
1742100636.701133,44,-23,0
1742100636.737133,30,-1,-62
1742100636.772133,-3,52,-24
1742100636.8071332,-91,-29,-2
1742100636.843133,-105,-11,-26
1742100636.878133,34,26,-166
1742100636.914133,-15,-23,-30
1742100636.9491332,8,8,57
1742100636.9851332,38,-27,-74
1742100637.020133,26,0,-56
1742100637.055133,4,14,-162
1742100637.091133,22,-59,33
1742100637.126133,4,-29,-90
1742100637.162133,26,-23,-40
1742100637.197133,-37,34,-136
1742100637.233133,16,-51,-54
1742100637.2681332,6,4,-130
1742100637.303133,-35,-63,-10
1742100637.339133,64,28,-52
1742100637.374133,-69,52,-42
1742100637.4101331,-39,66,-64
1742100637.445133,14,-71,-128
1742100637.481133,26,-43,29
1742100637.516133,-53,28,-78
1742100637.5511332,40,-27,-124
1742100637.5871332,2,52,-42
1742100637.622133,6,30,23
1742100637.658133,60,-65,-110
1742100637.693133,4,-59,-67
1742100637.7291331,-35,24,-56
1742100637.764133,10,94,-94
1742100637.799133,76,-31,37
1742100637.835133,-13,18,-109
1742100637.8701332,54,-71,-98
1742100637.9061332,62,-20,-16
1742100637.941133,56,38,-104
1742100637.976133,-5,-4,-127
1742100638.0111332,14,-10,-57
1742100638.047133,-15,11,-57
1742100638.083133,40,-18,-69
1742100638.118133,14,-32,-43
1742100638.154133,50,-10,-51
1742100638.1891332,-23,45,-103
1742100638.224133,-21,72,-129
1742100638.259133,2,-19,0
1742100638.295133,-73,22,10
1742100638.3311331,42,-59,-26
1742100638.366133,-5,42,-36
1742100638.402133,90,-3,-80
1742100638.437133,4,-5,-104
1742100638.4721332,34,-3,63
1742100638.507133,42,-29,115
1742100638.543133,-61,-17,15
1742100638.579133,-41,16,23
1742100638.6141331,-79,72,-124
1742100638.6501331,26,12,-52
1742100638.685133,-7,-4,5
1742100638.720133,-17,31,-138
1742100638.763133,56,15,-34
1742100638.799133,-23,-78,-110
1742100638.835133,-37,19,-12
1742100638.8701332,22,49,11
1742100638.9061332,22,-44,-56
1742100638.941133,84,-2,-32
1742100638.976133,40,-1,-20
1742100639.0111332,30,-4,-64
1742100639.047133,-6,-2,119
1742100639.083133,37,-8,3
1742100639.118133,-36,-30,-38
1742100639.154133,43,1,-58
1742100639.1891332,65,-32,-34
1742100639.224133,-58,29,-94
1742100639.259133,-74,7,-14
1742100639.295133,45,-38,25
1742100639.3311331,-32,31,-84
1742100639.366133,-18,23,-158
1742100639.402133,-50,-6,-60
1742100639.437133,101,13,97
1742100639.4721332,7,-26,-12
1742100639.507133,31,-50,-66
1742100639.543133,-16,-10,-44
1742100639.579133,35,-14,-88
1742100639.6141331,27,-10,61
1742100639.6501331,-14,25,-116
1742100639.685133,-40,-30,-54
1742100639.720133,-6,-68,41
1742100639.7551332,-70,35,31
1742100639.7911332,21,-34,15
1742100639.8271332,-4,9,-20
1742100639.862133,59,25,-104
1742100639.898133,33,27,29
1742100639.9331331,65,-28,-88
1742100639.968133,43,-36,-126
1742100640.003133,13,49,-74
1742100640.039133,-48,-84,-66
1742100640.075133,-34,-32,25
1742100640.1101332,-6,69,35
1742100640.1461332,76,-38,-68
1742100640.181133,-51,-38,-60
1742100640.216133,-25,0,-18
1742100640.251133,-3,-12,-92
1742100640.287133,34,-12,-142
1742100640.323133,12,43,-152
1742100640.358133,40,9,-98
1742100640.394133,-63,-36,-40
1742100640.4291332,32,41,-114
1742100640.464133,2,-34,-66
1742100640.499133,12,-32,45
1742100640.5351331,-45,-2,-170
1742100640.5711331,24,-44,75
1742100640.606133,26,-56,-88
1742100640.642133,10,23,113
1742100640.677133,-25,-70,-12
1742100640.7121332,-15,27,-116
1742100640.747133,24,-76,-82
1742100640.783133,-92,-38,-164
1742100640.819133,-2,-30,5
1742100640.8541331,0,5,-59
1742100640.8901331,13,23,6
1742100640.925133,-76,47,-117
1742100640.960133,7,21,-59
1742100640.9951332,-50,99,-79
1742100641.0311332,-14,-50,132
1742100641.0671332,-46,5,-97
1742100641.102133,-2,21,30
1742100641.138133,25,13,-77
1742100641.1731331,79,17,-151
1742100641.208133,69,-36,-83
1742100641.243133,-56,45,36
1742100641.279133,-56,25,-3
1742100641.315133,23,-42,-95
1742100641.3501332,21,-6,-27
1742100641.3861332,-28,-82,-71
1742100641.421133,-4,53,-1
1742100641.4561331,8,1,-97
1742100641.491133,-5,-26,-159
1742100641.527133,50,-12,-63
1742100641.563133,-47,13,-19
1742100641.598133,-19,-50,-67
1742100641.634133,40,25,-71
1742100641.6691332,-76,13,-23
1742100641.704133,-38,-2,18
1742100641.7391331,-44,23,-51
1742100641.7751331,9,35,-105
1742100641.8111331,-12,-42,-147
1742100641.846133,109,21,-29
1742100641.882133,43,-70,-75
1742100641.917133,-46,-14,-67
1742100641.9521332,-134,-10,-89
1742100641.9881332,49,-30,-49
1742100642.023133,3,11,-109
1742100642.059133,-26,-28,-37
1742100642.0941331,-54,7,-123
1742100642.1301332,33,-6,-63
1742100642.165133,19,15,-5
1742100642.200133,-82,-40,-99
1742100642.236133,0,-70,-47
1742100642.2711332,9,29,-41
1742100642.3071332,-44,-34,-96
1742100642.342133,77,-12,-43
1742100642.378133,-25,50,-32
1742100642.4131331,-41,16,72
1742100642.448133,62,42,-9
1742100642.484133,-36,-16,-175
1742100642.519133,-22,-70,-29
1742100642.555133,-38,-12,0
1742100642.5901332,29,21,-51
1742100642.626133,-68,-58,-119
1742100642.661133,-44,-8,-1
1742100642.6961331,7,-46,8
1742100642.7321332,67,-20,-135
1742100642.767133,1,3,-152
1742100642.803133,53,-16,-49
1742100642.838133,-40,-16,-80
1742100642.874133,13,-40,57
1742100642.9091332,-32,-46,-82
1742100642.944133,43,-48,-112
1742100642.980133,73,-14,-136
1742100643.0151331,-2,51,-94
1742100643.0511332,-54,-72,72
1742100643.086133,-30,-40,-71
1742100643.122133,-54,-84,-181
1742100643.157133,55,61,0
1742100643.1921332,-70,-12,-119
1742100643.2281332,43,-57,-38
1742100643.263133,29,25,-58
1742100643.299133,-86,47,11
1742100643.3341331,37,33,-102
1742100643.3701332,-16,-28,-160
1742100643.405133,19,27,-28
1742100643.440133,69,79,-14
1742100643.476133,17,-54,-148
1742100643.5111332,-12,-36,-48
1742100643.547133,-42,-86,-94
1742100643.582133,15,-48,-128
1742100643.6171331,5,31,9
1742100643.652133,53,-12,-154
1742100643.688133,71,-34,31
1742100643.724133,53,-26,-46
1742100643.759133,-46,83,21
1742100643.795133,41,-14,-80
1742100643.8301332,41,45,-98
1742100643.866133,-68,35,33
1742100643.901133,-6,-22,-26
1742100643.9361331,0,27,-52
1742100643.9721332,5,-40,-112
1742100644.007133,-102,-26,-72
1742100644.043133,23,-16,-76
1742100644.078133,67,3,-70
1742100644.1131332,59,17,65
1742100644.148133,-18,-40,-58
1742100644.184133,43,-14,-214
1742100644.220133,58,1,-2
1742100644.2551332,34,-14,-78
1742100644.2911332,-61,-24,-118
1742100644.326133,-75,1,-90
1742100644.362133,38,-18,37
1742100644.398133,42,-39,-170
1742100644.4331331,-59,-42,-40
1742100644.468133,54,0,-222
1742100644.504133,4,37,-56
1742100644.540133,-51,-2,-34
1742100644.575133,-27,15,-22
1742100644.611133,-51,5,-20
1742100644.6461332,8,3,-70
1742100644.681133,-27,-76,-82
1742100644.716133,10,35,-68
1742100644.7521331,20,71,-26
1742100644.7881331,76,-42,-18
1742100644.823133,-19,-28,-60
1742100644.859133,2,-10,-64
1742100644.894133,-19,5,75
1742100644.9291332,46,-22,-96
1742100644.964133,-67,59,-90
1742100645.000133,-9,15,-24
1742100645.036133,28,-26,7
1742100645.0711331,-5,9,-56
1742100645.1071332,24,19,95
1742100645.142133,-47,3,-92
1742100645.177133,18,5,43
1742100645.2121332,16,-20,69
1742100645.2481332,-60,38,-2
1742100645.2841332,-49,47,-82
1742100645.319133,-113,-12,-36
1742100645.355133,-62,-29,0
1742100645.3901331,7,32,-58
1742100645.425133,33,-3,-22
1742100645.460133,41,38,-68
1742100645.496133,-10,0,-78
1742100645.532133,53,56,-42
1742100645.5671332,-56,10,-38
1742100645.6031332,41,-7,-134
1742100645.638133,17,-67,53
1742100645.6731331,-18,-35,-124
1742100645.708133,43,-43,-34
1742100645.744133,-6,-35,-188
1742100645.780133,-32,2,-22
1742100645.815133,5,12,-218
1742100645.851133,-14,2,61
1742100645.8861332,-64,-63,-6
1742100645.921133,-68,-43,-26
1742100645.9561331,15,24,-122
1742100645.9921331,-38,-15,-56
1742100646.0281332,29,-71,17
1742100646.063133,5,26,45
1742100646.099133,-94,-15,-16
1742100646.134133,-14,-9,-102
1742100646.1691332,21,16,-84
1742100646.204133,-4,-45,-114
1742100646.240133,99,-75,-114
1742100646.276133,-44,-15,-132
1742100646.3111331,-18,-29,-22
1742100646.3471332,-20,-7,-42
1742100646.382133,-18,-21,-16
1742100646.417133,53,-43,-80
1742100646.4521332,23,104,21
1742100646.4881332,23,0,-108
1742100646.524133,51,6,-122
1742100646.559133,-34,44,-102
1742100646.595133,59,34,-64
1742100646.6301332,6,26,-38
1742100646.665133,27,8,-46
1742100646.700133,-2,-1,13
1742100646.736133,129,-19,-86
1742100646.772133,37,-11,-130
1742100646.8071332,-12,28,-24
1742100646.843133,69,28,-62
1742100646.878133,3,16,-104
1742100646.9131331,-122,-5,-30
1742100646.948133,62,20,-10
1742100646.984133,42,48,-50
1742100647.020133,10,-29,49
1742100647.055133,0,24,-64
1742100647.091133,8,-21,-26
1742100647.126133,-79,12,-2
1742100647.161133,58,28,11
1742100647.1961331,-49,30,-118
1742100647.2321332,94,-15,5
1742100647.2681332,0,-19,-16
1742100647.303133,46,-11,-82
1742100647.339133,68,-40,-118
1742100647.374133,-73,-24,-128
1742100647.4091332,-21,-41,-56
1742100647.444133,100,-44,-184
1742100647.480133,36,19,-92
1742100647.516133,-1,7,-138
1742100647.5511332,56,36,-102
1742100647.5871332,20,7,-120
1742100647.622133,-67,-30,-74
1742100647.657133,-25,-18,43
1742100647.6921332,-23,-12,-124
1742100647.7281332,28,48,-206
1742100647.764133,12,-21,-104
1742100647.799133,46,-9,1
1742100647.835133,4,18,0
1742100647.8701332,14,-3,-78
1742100647.905133,-55,41,-48
1742100647.940133,-41,73,-96
1742100647.976133,48,-15,-92
1742100648.0121331,-31,-35,-76
1742100648.047133,-29,-18,-12
1742100648.083133,-65,15,-42
1742100648.118133,-21,25,43
1742100648.1531332,-3,-120,7
1742100648.188133,-99,1,-164
1742100648.224133,-65,-36,-10
1742100648.260133,-85,-50,-100
1742100648.295133,-57,-8,-72
1742100648.3311331,-5,0,-122
1742100648.366133,70,-6,-56
1742100648.401133,28,27,113
1742100648.437133,-39,-4,-180
1742100648.4721332,30,35,-28
1742100648.5081332,7,-42,-44
1742100648.543133,-33,5,-64
1742100648.579133,20,-10,-36
1742100648.6141331,30,17,73
1742100648.649133,50,13,-4
1742100648.685133,12,-9,-7
1742100648.720133,-19,23,-43
1742100648.756133,80,7,-19
1742100648.7981331,48,3,-175
1742100648.835133,106,-96,-27
1742100648.8701332,32,-10,-55
1742100648.905133,-77,-12,18
1742100648.941133,-73,-32,12
1742100648.976133,24,-90,-37
1742100649.0121331,-43,-2,-25
1742100649.047133,-11,3,60
1742100649.083133,0,45,-85
1742100649.118133,34,-30,-11
1742100649.1531332,-15,35,-105
1742100649.1891332,-121,-44,-15
1742100649.224133,-21,15,-47
1742100649.260133,-49,13,-67
1742100649.295133,68,-10,-209
1742100649.3311331,-65,71,78
1742100649.366133,30,-4,-146
1742100649.401133,-21,-4,-70
1742100649.437133,0,60,-128
1742100649.4721332,-91,20,-77
1742100649.5081332,-1,32,-11
1742100649.543133,62,-39,-11
1742100649.579133,-91,21,-27
1742100649.6141331,50,-39,-83
1742100649.649133,44,22,-75
1742100649.685133,26,0,-91
1742100649.720133,26,58,-113
1742100649.756133,34,40,-71
1742100649.7911332,22,-25,-43
1742100649.8271332,32,40,-129
1742100649.862133,-15,-6,-115
1742100649.897133,-47,75,-147
1742100649.9331331,-18,-5,-25
1742100649.968133,-26,-41,-47
1742100650.004133,-6,4,-19
1742100650.039133,7,-89,-25
1742100650.075133,-38,56,-89
1742100650.1101332,-54,14,-37
1742100650.145133,53,-49,-77
1742100650.181133,-30,-39,-73
1742100650.216133,-24,32,-181
1742100650.2521331,77,28,-133
1742100650.287133,1,-79,34
1742100650.323133,17,-23,-27
1742100650.358133,7,68,-35
1742100650.3931332,-20,0,22
1742100650.4291332,-60,-13,-39
1742100650.464133,74,27,8
1742100650.500133,7,72,-121
1742100650.5351331,-78,-63,-145
1742100650.5711331,1,14,-149
1742100650.606133,-12,46,-141
1742100650.641133,-30,4,-101
1742100650.677133,-51,-36,-11
1742100650.7121332,28,-32,8
1742100650.7481332,36,-6,-51
1742100650.783133,-43,-26,-31
1742100650.818133,48,-41,-99
1742100650.8531332,0,-33,6
1742100650.889133,24,36,-131
1742100650.925133,-5,-29,-27
1742100650.960133,-21,-6,-145
1742100650.996133,48,-62,-105
1742100651.0311332,4,-68,-79
1742100651.066133,-19,0,-55
1742100651.101133,-29,-21,-103
1742100651.1371331,32,94,-133
1742100651.1731331,0,-7,-9
1742100651.208133,54,0,-165
1742100651.244133,-41,-3,106
1742100651.279133,66,54,-97
1742100651.3141332,-37,60,-109
1742100651.349133,22,46,-121
1742100651.385133,92,-7,-199
1742100651.421133,16,-8,-67
1742100651.4561331,20,-19,-165
1742100651.4921331,16,52,-55
1742100651.527133,-24,30,-41
1742100651.562133,33,-17,-107
1742100651.5971332,58,28,-133
1742100651.6331332,-17,-5,-119
1742100651.6691332,-7,27,8
1742100651.704133,-5,-10,-27
1742100651.740133,-7,16,-37
1742100651.7751331,12,-8,-81
1742100651.810133,20,-8,-103
1742100651.845133,6,23,-81
1742100651.881133,-11,85,-65
1742100651.917133,-53,15,48
1742100651.9521332,-27,-52,-73
1742100651.9881332,16,27,30
1742100652.023133,46,23,18
1742100652.0581331,8,37,-107
1742100652.093133,16,-18,-113
1742100652.129133,-9,73,-61
1742100652.165133,16,3,-47
1742100652.200133,-41,-68,-63
1742100652.236133,-1,43,90
1742100652.2711332,-75,-90,58
1742100652.306133,50,21,-25
1742100652.341133,-35,-26,-59
1742100652.3771331,-41,-2,-113
1742100652.4131331,-11,77,-93
1742100652.448133,18,-54,8
1742100652.484133,28,5,-33
1742100652.519133,24,7,-47
1742100652.5541332,70,-12,-87
1742100652.589133,-47,-12,-91
1742100652.625133,16,39,-17
1742100652.661133,-21,-24,50
1742100652.6961331,20,-22,40
1742100652.7321332,96,15,-133
1742100652.767133,-11,-50,-35
1742100652.802133,80,-70,-101
1742100652.8371332,-61,13,-197
1742100652.8731332,18,57,54
1742100652.9091332,47,-11,-51
1742100652.944133,-16,-41,28
1742100652.980133,-56,18,114
1742100653.0151331,57,40,24
1742100653.050133,-53,70,6
1742100653.085133,73,-41,-107
1742100653.121133,-9,-84,-39
1742100653.157133,16,5,-47
1742100653.1921332,-39,33,-125
1742100653.2281332,-15,5,-59
1742100653.263133,36,-36,-39
1742100653.2981331,66,-31,-73
1742100653.333133,-69,-6,-91
1742100653.369133,-7,-4,46
1742100653.405133,-17,13,-1
1742100653.440133,-81,57,-65
1742100653.476133,28,-56,40
1742100653.5111332,-33,23,-11
1742100653.546133,38,25,-125
1742100653.5811331,22,21,-131
1742100653.6171331,54,-44,-67
1742100653.6531332,-35,5,4
1742100653.688133,38,-34,-57
1742100653.724133,-11,25,-5
1742100653.759133,-25,-12,-111
1742100653.7941332,-35,-38,-83
1742100653.829133,2,5,-163
1742100653.865133,-3,33,-141
1742100653.901133,-1,63,-73
1742100653.9361331,-55,21,-45
1742100653.9721332,22,-18,-35
1742100654.007133,22,-16,-179
1742100654.042133,12,143,-93
1742100654.0771332,-27,-14,-79
1742100654.1131332,76,39,-87
1742100654.149133,2,71,-95
1742100654.184133,48,19,10
1742100654.220133,0,54,-111
1742100654.2551332,-17,19,-1
1742100654.290133,16,89,-61
1742100654.325133,-83,37,-53
1742100654.361133,8,-12,-155
1742100654.397133,-17,-58,-51
1742100654.4321332,-21,21,40
1742100654.468133,20,-7,-181
1742100654.503133,-41,80,-175
1742100654.5381331,6,30,-137
1742100654.573133,70,12,-163
1742100654.609133,10,-11,-25
1742100654.645133,6,28,20
1742100654.680133,72,-7,-15
1742100654.716133,46,10,-243
1742100654.751133,-51,-23,-71
1742100654.786133,-33,-53,-55
1742100654.8211331,-13,16,-87
1742100654.8571332,-43,-81,-15
1742100654.8931332,36,-11,-141
1742100654.928133,6,-21,-131
1742100654.964133,-107,2,-119
1742100654.999133,-13,-43,-149
1742100655.0341332,-35,2,-113
1742100655.070133,-45,10,-13
1742100655.105133,52,68,20
1742100655.141133,2,14,12
1742100655.1761332,2,52,-81
1742100655.2121332,-63,-45,-117
1742100655.247133,-21,-19,106
1742100655.282133,-5,-21,-65
1742100655.318133,18,-15,-127
1742100655.3531332,6,-21,-119
1742100655.389133,-19,-33,-117
1742100655.424133,-21,-15,-51
1742100655.460133,-58,66,-3
1742100655.4951332,-54,26,-73
1742100655.530133,35,20,-95
1742100655.566133,-34,32,-15
1742100655.601133,-26,-73,86
1742100655.6371331,7,-19,-3
1742100655.672133,29,-19,-43
1742100655.708133,69,6,-157
1742100655.743133,69,132,-107
1742100655.7781332,-30,94,-23
1742100655.8141332,-76,-65,-3
1742100655.849133,49,24,-83
1742100655.885133,-44,10,-33
1742100655.920133,-19,12,4
1742100655.9561331,-21,-5,-77
1742100655.991133,-22,26,-93
1742100656.026133,-60,-7,40
1742100656.062133,-20,-25,-1
1742100656.0971332,-78,-35,-13
1742100656.1331332,105,-55,-97
1742100656.168133,11,-1,-33
1742100656.204133,58,4,-55
1742100656.2391331,-15,-27,-105
1742100656.274133,2,-41,16
1742100656.310133,44,26,44
1742100656.345133,-3,12,36
1742100656.381133,20,-11,-51
1742100656.4161332,60,-45,74
1742100656.4521332,44,16,-63
1742100656.487133,-33,-25,-7
1742100656.522133,6,48,-135
1742100656.5581331,40,-51,-74
1742100656.593133,-9,53,-108
1742100656.629133,-9,-26,-104
1742100656.664133,14,-30,7
1742100656.700133,22,49,-100
1742100656.7351332,16,7,-126
1742100656.770133,50,-2,-56
1742100656.806133,38,-52,-64
1742100656.841133,-19,-52,-210
1742100656.8771331,-11,51,-92
1742100656.912133,92,25,-8
1742100656.948133,-17,-2,-24
1742100656.983133,42,35,13
1742100657.0181332,-27,-86,-96
1742100657.0541332,24,0,-58
1742100657.089133,10,35,-66
1742100657.125133,-3,-20,0
1742100657.1601331,-19,-72,-114
1742100657.1961331,-36,-34,-94
1742100657.2321332,-2,37,35
1742100657.2681332,19,9,-42
1742100657.3041332,-102,49,-34
1742100657.339133,55,-32,5
1742100657.374133,105,33,-160
1742100657.4101331,37,39,-146
1742100657.4461331,-14,-14,-58
1742100657.481133,27,-56,-76
1742100657.517133,29,-69,19
1742100657.552133,2,16,73
1742100657.5871332,-79,8,-50
1742100657.622133,-99,18,65
1742100657.658133,-36,18,-108
1742100657.694133,-58,-31,-96
1742100657.7291331,-42,106,-14
1742100657.7651331,73,40,-88
1742100657.800133,29,12,-112
1742100657.835133,17,-25,-134
1742100657.8701332,81,16,-132
1742100657.9061332,7,-67,-46
1742100657.9421332,0,12,-4
1742100657.977133,-14,-7,-176
1742100658.013133,-38,-23,-86
1742100658.0481331,91,-25,47
1742100658.083133,-4,82,-76
1742100658.118133,-6,-23,-60
1742100658.154133,107,36,-72
1742100658.190133,-92,36,7
1742100658.2251332,-64,-27,-44
1742100658.2611332,27,-15,-46
1742100658.296133,33,-25,-50
1742100658.3311331,-32,-31,29
1742100658.366133,11,48,-26
1742100658.402133,107,16,-43
1742100658.438133,-62,-97,-131
1742100658.473133,49,-37,-193
1742100658.509133,-10,-51,-173
1742100658.5441332,39,-33,-3
1742100658.579133,-92,-75,12
1742100658.6141331,-18,-57,-35
1742100658.6501331,3,22,-43
1742100658.6861331,17,-23,112
1742100658.721133,-4,-37,-47
1742100658.757133,-34,-37,-9
1742100658.799133,9,0,-51
1742100658.835133,-20,-39,-19
1742100658.8701332,39,4,-99
1742100658.9061332,-78,38,-115
1742100658.9421332,-17,28,-65
1742100658.977133,3,34,-49
1742100659.013133,-80,-19,42
1742100659.0481331,15,42,26
1742100659.083133,-81,-77,18
1742100659.118133,-69,20,-43
1742100659.154133,12,-29,-29
1742100659.190133,4,16,-11
1742100659.2251332,34,30,-47
1742100659.2611332,36,-37,-119
1742100659.296133,-83,-11,-39
1742100659.3311331,0,-35,-37
1742100659.366133,-79,-5,-127
1742100659.402133,-12,20,-25
1742100659.438133,13,-73,-91
1742100659.473133,45,12,14
1742100659.509133,51,-25,-59
1742100659.5441332,59,16,-103
1742100659.579133,-34,-19,-91
1742100659.6141331,-12,-79,8
1742100659.6501331,-40,-77,-75
1742100659.6861331,-15,35,-81
1742100659.721133,-29,33,-139
1742100659.757133,-91,-62,36
1742100659.792133,86,7,-55
1742100659.8271332,26,49,-91
1742100659.862133,-52,0,-67
1742100659.898133,-25,6,166
1742100659.934133,16,4,-253
1742100659.9691331,-7,4,-121
1742100660.0051332,2,60,14
1742100660.040133,-85,-41,-61
1742100660.075133,-49,-17,-139
1742100660.1101332,-29,-41,10
1742100660.1461332,34,-39,24
1742100660.1821332,79,-27,-113
1742100660.217133,9,-45,-49
1742100660.253133,17,-5,-15
1742100660.2881331,31,2,-79
1742100660.323133,-60,-41,-87
1742100660.358133,-54,-45,32
1742100660.394133,-40,-7,-81
1742100660.430133,57,40,-175
1742100660.4651332,-80,-57,-131
1742100660.501133,43,-1,-65
1742100660.536133,-50,-21,-29
1742100660.5711331,-36,-7,-101
1742100660.606133,117,14,-83
1742100660.642133,9,-43,-115
1742100660.678133,51,24,-123
1742100660.713133,15,32,-11
1742100660.749133,-86,2,-19
1742100660.7841332,-28,28,-29
1742100660.819133,-40,-27,-125
1742100660.8541331,-34,12,44
1742100660.8901331,-16,-24,-85
1742100660.9261332,98,22,-53
1742100660.961133,-35,12,70
1742100660.997133,60,-25,-137
1742100661.032133,0,-33,18
1742100661.0671332,-25,30,-139
1742100661.102133,-49,-11,-41
1742100661.138133,-49,-37,-113
1742100661.174133,-57,-19,-49
1742100661.2091331,-71,18,-9
1742100661.2451332,78,-3,-21
1742100661.280133,24,26,-127
1742100661.315133,-29,42,-103
1742100661.351133,6,-41,92
1742100661.3861332,100,18,-85
1742100661.422133,-41,52,-65
1742100661.457133,-49,52,120
1742100661.493133,78,-27,-139
1742100661.5281332,74,-45,-121
1742100661.563133,46,-49,-37
1742100661.599133,-41,10,48
1742100661.634133,12,2,-53
1742100661.670133,-19,23,-67
1742100661.7051332,-11,-8,-87
1742100661.741133,12,-89,-41
1742100661.776133,-7,-5,-9
1742100661.8111331,4,40,12
1742100661.8471332,-5,7,-53
1742100661.882133,-55,-34,-37
1742100661.918133,-43,-8,-129
1742100661.953133,20,19,-3
1742100661.9891331,55,-54,-5
1742100662.024133,-58,-36,-63
1742100662.059133,1,-68,-148
1742100662.095133,79,-4,0
1742100662.1301332,-28,-20,-120
1742100662.1661332,57,27,-148
1742100662.201133,13,-50,1
1742100662.237133,-26,-35,-56
1742100662.272133,75,-13,-128
1742100662.3071332,27,-117,-4
1742100662.343133,-4,40,-64
1742100662.378133,-80,60,-90
1742100662.414133,21,84,-34
1742100662.4491332,21,-35,-56
1742100662.4851332,-57,-53,-210
1742100662.520133,48,10,-56
1742100662.555133,1,36,-76
1742100662.591133,-42,-31,-151
1742100662.626133,-53,68,-85
1742100662.662133,-23,-33,32
1742100662.697133,4,-7,-158
1742100662.733133,-17,-17,43
1742100662.7681332,117,40,3
1742100662.803133,17,-61,35
1742100662.839133,1,14,-32
1742100662.874133,27,31,-140
1742100662.9101331,-7,19,37
1742100662.945133,47,-49,-114
1742100662.981133,0,-123,-202
1742100663.016133,2,42,-64
1742100663.0511332,-30,-43,9
1742100663.0871332,28,-5,-114
1742100663.122133,93,-34,-60
1742100663.158133,-48,3,55
1742100663.193133,-89,-40,-36
1742100663.2291331,-33,-42,-70
1742100663.264133,26,25,31
1742100663.299133,-17,30,-90
1742100663.335133,62,10,-18
1742100663.3701332,-15,0,-72
1742100663.4061332,20,-63,-132
1742100663.441133,-29,-13,-34
1742100663.477133,14,-30,-32
1742100663.513133,4,27,-132
1742100663.549133,144,-13,15
1742100663.585133,74,9,9
1742100663.621133,-35,-30,-94
1742100663.657133,-55,33,-116
1742100663.693133,10,-26,-74
1742100663.7291331,44,-5,-126
1742100663.764133,-79,36,89
1742100663.799133,-25,-47,9
1742100663.835133,-45,96,-94
1742100663.871133,2,-39,0
1742100663.9061332,2,22,-138
1742100663.9421332,-61,-47,-176
1742100663.977133,58,18,-198
1742100664.0121331,-45,18,-62
1742100664.047133,-27,-21,69
1742100664.083133,126,-35,-22
1742100664.119133,28,-3,-124
1742100664.154133,-65,34,-98
1742100664.190133,67,56,5
1742100664.2251332,-26,44,-8
1742100664.260133,3,-25,-22
1742100664.295133,-46,-43,3
1742100664.3311331,-38,-21,7
1742100664.3671331,6,-52,-62
1742100664.402133,47,-23,-26
1742100664.438133,-18,-11,33
1742100664.473133,-44,16,-142
1742100664.5081332,90,-90,-10
1742100664.543133,28,-23,-30
1742100664.579133,22,-17,-28
1742100664.615133,34,-75,13
1742100664.6501331,60,-33,-116
1742100664.6861331,8,36,-36
1742100664.721133,0,12,-32
1742100664.756133,16,-7,25
1742100664.7911332,-9,4,-200
1742100664.8271332,-27,76,-114
1742100664.8631332,92,-7,43
1742100664.898133,2,-21,-88
1742100664.934133,42,34,-58
1742100664.9691331,20,-9,-68
1742100665.004133,38,8,-26
1742100665.039133,-47,60,-38
1742100665.075133,-33,-61,-24
1742100665.111133,2,-7,-36
1742100665.1461332,26,38,-72
1742100665.1821332,-15,-75,-117
1742100665.217133,8,-69,-25
1742100665.2521331,-49,-35,-17
1742100665.287133,-11,-63,28
1742100665.323133,18,-77,-221
1742100665.359133,0,24,-119
1742100665.394133,-31,34,29
1742100665.430133,-51,56,-13
1742100665.4651332,-17,-3,-96
1742100665.500133,36,3,-84
1742100665.5351331,-29,17,-92
1742100665.5711331,6,-52,-14
1742100665.6071332,36,-56,-116
1742100665.642133,30,-28,-38
1742100665.678133,-25,-70,87
1742100665.713133,64,0,-130
1742100665.7481332,-57,-2,-128
1742100665.783133,50,1,-79
1742100665.819133,-89,67,-130
1742100665.855133,-77,61,-72
1742100665.8901331,-29,41,-94
1742100665.9261332,-39,-62,-118
1742100665.961133,4,-48,-136
1742100665.996133,-91,-69,-52
1742100666.0311332,-73,5,-76
1742100666.0671332,-35,-18,-84
1742100666.1031332,-15,-26,-2
1742100666.138133,-9,-24,7
1742100666.174133,22,-4,-22
1742100666.2091331,94,57,-2
1742100666.244133,77,-13,-170
1742100666.279133,-31,41,-104
1742100666.315133,45,6,-82
1742100666.351133,-16,-15,-130
1742100666.3861332,-10,-31,-58
1742100666.422133,1,20,-40
1742100666.457133,11,34,-120
1742100666.4921331,-16,12,-102
1742100666.527133,91,-65,-70
1742100666.563133,-8,-105,-124
1742100666.599133,81,-55,19
1742100666.634133,97,-23,65
1742100666.670133,-18,10,-60
1742100666.7051332,-52,66,-164
1742100666.740133,-22,-7,-101
1742100666.7751331,15,-41,-60
1742100666.8111331,133,2,-223
1742100666.8471332,-40,42,-47
1742100666.882133,69,54,-17
1742100666.918133,0,14,-23
1742100666.953133,69,-19,-57
1742100666.9881332,13,-53,-101
1742100667.023133,11,42,-105
1742100667.059133,1,38,-35
1742100667.095133,-78,-29,-13
1742100667.1301332,-16,4,-133
1742100667.1661332,35,-31,-77
1742100667.201133,29,-19,-113
1742100667.236133,-17,-1,-1
1742100667.2711332,-23,16,-111
1742100667.3071332,24,24,-3
1742100667.343133,-75,-1,-149
1742100667.378133,86,44,-87
1742100667.414133,0,-7,-111
1742100667.4491332,0,62,-111
1742100667.484133,-7,-33,36
1742100667.519133,-11,6,-125
1742100667.555133,19,2,-75
1742100667.591133,45,28,-91
1742100667.626133,-12,-61,-25
1742100667.6631331,-66,0,-101
1742100667.698133,57,84,-55
1742100667.734133,37,20,-29
1742100667.769133,-32,0,-69
1742100667.8041332,53,-1,-59
1742100667.8401332,17,-17,-51
1742100667.875133,67,34,38
1742100667.911133,91,-33,14
1742100667.9461331,29,-45,28
1742100667.9821332,-5,-40,-111
1742100668.017133,-53,19,-147
1742100668.052133,0,59,-41
1742100668.088133,40,-22,-129
1742100668.1231332,-18,33,-135
1742100668.1591332,-55,-10,6
1742100668.194133,47,13,-123
1742100668.230133,47,-34,-55
1742100668.2651331,130,49,62
1742100668.300133,-74,0,-81
1742100668.336133,-57,0,-63
1742100668.371133,38,-48,70
1742100668.407133,44,53,-63
1742100668.4421332,40,5,86
1742100668.4781332,-49,1,30
1742100668.513133,-9,57,-105
1742100668.5481331,-23,21,2
1742100668.5841331,100,75,-75
1742100668.619133,0,11,40
1742100668.655133,-27,-20,-79
1742100668.690133,-27,33,10
1742100668.726133,-1,55,-57
1742100668.7611332,-83,89,-171
1742100668.803133,-21,23,-117
1742100668.8401332,-21,105,-147
1742100668.875133,14,57,-157
1742100668.911133,-55,-22,-51
1742100668.9461331,96,-26,-123
1742100668.9821332,68,7,-27
1742100669.017133,-27,41,-51
1742100669.052133,20,55,-175
1742100669.088133,6,49,16
1742100669.1231332,-13,27,-37
1742100669.1591332,32,19,-115
1742100669.194133,-37,-54,-25
1742100669.230133,-3,-21,-97
1742100669.2651331,4,-13,-9
1742100669.300133,-67,2,118
1742100669.336133,-19,-25,-57
1742100669.371133,42,48,-49
1742100669.407133,-1,-13,-63
1742100669.4421332,-3,50,-53
1742100669.4781332,-35,-33,-135
1742100669.513133,68,54,-73
1742100669.5481331,32,-43,38
1742100669.5841331,52,36,-69
1742100669.619133,36,40,-79
1742100669.655133,-5,-25,-179
1742100669.690133,-31,20,-131
1742100669.726133,26,-11,-229
1742100669.7611332,22,-37,-45
1742100669.796133,-5,-5,-43
1742100669.832133,76,24,-77
1742100669.8671331,34,0,-83
1742100669.9031332,0,54,-111
1742100669.938133,-13,66,-45
1742100669.973133,44,18,-13
1742100670.0081332,66,24,32
1742100670.0441332,74,26,-47
1742100670.0801332,-21,-11,16
1742100670.115133,70,88,20
1742100670.151133,-5,14,-59
1742100670.1861331,8,22,-13
1742100670.2221332,-51,10,-53
1742100670.2581332,42,42,-35
1742100670.293133,-35,-31,-103
1742100670.328133,44,0,-47
1742100670.3641331,-41,-6,-113
1742100670.4001331,42,-16,-29
1742100670.435133,-121,-77,22
1742100670.471133,20,11,-95
1742100670.506133,14,-61,-87
1742100670.5411332,-43,6,-121
1742100670.576133,12,30,-85
1742100670.612133,50,24,-101
1742100670.648133,-145,46,40
1742100670.6831331,-57,-49,48
1742100670.7191331,32,34,-15
1742100670.754133,-21,-33,-99
1742100670.789133,-5,2,-71
1742100670.8241332,-41,21,-79
1742100670.8601332,26,34,-13
1742100670.8961332,38,-82,-149
1742100670.931133,18,5,-175
1742100670.967133,-15,-72,24
1742100671.0021331,-41,95,54
1742100671.037133,-41,48,-85
1742100671.072133,40,11,28
1742100671.108133,-103,-34,32
1742100671.144133,34,-16,-3
1742100671.1791332,12,25,6
1742100671.2151332,48,26,22
1742100671.250133,-3,42,-85
1742100671.2851331,44,2,-47
1742100671.320133,-41,28,-137
1742100671.356133,72,-69,-33
1742100671.392133,0,114,-39
1742100671.427133,12,-33,12
1742100671.463133,-41,-19,-55
1742100671.4981332,72,6,32
1742100671.533133,-59,-21,-61
1742100671.568133,-55,10,24
1742100671.6041331,8,6,-133
1742100671.6401331,-93,-35,24
1742100671.675133,34,-11,-97
1742100671.711133,6,38,-149
1742100671.746133,22,-25,50
1742100671.7811332,-13,16,-155
1742100671.816133,30,-39,-19
1742100671.852133,-19,28,-149
1742100671.888133,-15,-71,-41
1742100671.9231331,-12,6,-59
1742100671.9591331,-42,8,-55
1742100671.994133,97,-49,-7
1742100672.029133,-2,-20,-155
1742100672.0641332,9,-54,-61
1742100672.1001332,-12,-2,10
1742100672.1361332,1,15,16
1742100672.171133,0,-54,-105
1742100672.207133,-8,-76,-29
1742100672.2421331,-58,11,-85
1742100672.277133,-58,37,-31
1742100672.312133,-40,97,-45
1742100672.348133,0,65,-111
1742100672.384133,23,0,16
1742100672.4191332,-28,13,-45
1742100672.4551332,107,55,-73
1742100672.490133,0,17,-81
1742100672.5251331,-14,-24,-153
1742100672.560133,-84,-88,-43
1742100672.596133,27,-58,-75
1742100672.632133,-16,-18,-69
1742100672.667133,31,-58,-69
1742100672.703133,59,-34,-81
1742100672.7381332,-2,-14,-11
1742100672.773133,53,29,-89
1742100672.8081331,0,27,36
1742100672.8441331,31,-14,-175
1742100672.8801332,14,-56,-279
1742100672.915133,36,3,-221
1742100672.951133,-29,-22,100
1742100672.987133,-91,-89,-53
1742100673.023133,-29,-21,-49
1742100673.0581331,-77,-31,-203
1742100673.093133,-3,58,-191
1742100673.128133,-40,-24,-53
1742100673.164133,52,-43,-89
1742100673.200133,-21,-51,-13
1742100673.2351332,30,40,36
1742100673.2711332,24,16,-101
1742100673.306133,-18,-15,-85
1742100673.341133,39,-5,-37
1742100673.376133,-12,-1,-67
1742100673.412133,65,36,-39
1742100673.448133,41,-17,-53
1742100673.483133,15,-1,-137
1742100673.519133,59,38,24
1742100673.5541332,31,70,-69
1742100673.589133,27,-7,22
1742100673.624133,111,-56,-63
1742100673.6601331,-16,9,-45
1742100673.6961331,-22,21,-137
1742100673.731133,-6,53,-167
1742100673.767133,21,-44,10
1742100673.802133,53,21,-65
1742100673.8371332,35,87,30
1742100673.872133,-12,29,-149
1742100673.908133,81,1,-19
1742100673.944133,39,11,18
1742100673.9791331,25,-46,-115
1742100674.0151331,-24,77,-111
1742100674.050133,29,-24,-45
1742100674.085133,43,-46,6
1742100674.1201332,-14,89,42
1742100674.1561332,7,13,-115
1742100674.1921332,27,-2,-219
1742100674.227133,53,10,-17
1742100674.263133,15,-43,-145
1742100674.2981331,-78,-27,-3
1742100674.333133,1,-79,-13
1742100674.369133,67,-51,8
1742100674.404133,-10,56,-127
1742100674.440133,-10,46,4
1742100674.4751332,63,-17,-105
1742100674.5111332,39,-17,-75
1742100674.546133,-22,-67,0
1742100674.5811331,49,2,-37
1742100674.6171331,-2,-33,-61
1742100674.652133,-48,2,-21
1742100674.688133,25,-53,-79
1742100674.723133,33,28,-115
1742100674.759133,27,-45,-93
1742100674.7941332,-42,-31,-5
1742100674.829133,-28,58,-123
1742100674.865133,-94,-27,-131
1742100674.9001331,-16,14,-31
1742100674.9361331,0,-53,-151
1742100674.971133,11,68,-149
1742100675.007133,-138,-3,-43
1742100675.042133,-28,-39,-35
1742100675.0771332,-40,48,-117
1742100675.1131332,-10,26,-107
1742100675.148133,19,-13,-95
1742100675.184133,15,-47,-75
1742100675.2191331,23,-17,-27
1742100675.2551332,-22,-23,-127
1742100675.290133,-85,26,-23
1742100675.325133,-27,-31,-31
1742100675.361133,-39,24,-163
1742100675.3961332,-77,27,-11
1742100675.4321332,-19,39,-43
1742100675.467133,56,53,-211
1742100675.503133,36,-50,-33
1742100675.5381331,36,-36,-25
1742100675.573133,66,11,-73
1742100675.609133,76,-28,-25
1742100675.644133,-25,29,-27
1742100675.680133,-29,-70,-25
1742100675.7151332,29,-48,-67
1742100675.751133,66,2,-121
1742100675.786133,-85,14,-23
1742100675.8211331,2,72,-43
1742100675.8571332,16,-67,-54
1742100675.892133,-11,12,-48
1742100675.928133,-30,-59,-72
1742100675.963133,-30,60,-154
1742100675.999133,17,-19,55
1742100676.0341332,43,38,-40
1742100676.069133,-48,2,-54
1742100676.105133,83,-43,-24
1742100676.1401331,-64,-53,-88
1742100676.1761332,-18,0,-110
1742100676.211133,-31,-11,-22
1742100676.247133,16,-61,-122
1742100676.283133,-37,52,-74
1742100676.318133,16,26,33
1742100676.3531332,18,-11,-68
1742100676.389133,-69,-33,-80
1742100676.425133,-61,-25,-38
1742100676.460133,52,-21,-70
1742100676.496133,-41,58,-24
1742100676.5311332,-89,-41,-64
1742100676.5671332,52,-45,-42
1742100676.6031332,-13,-14,-18
1742100676.638133,36,1,9
1742100676.6731331,40,9,-106
1742100676.7091331,-1,-74,-24
1742100676.7451332,-81,-76,-12
1742100676.780133,-27,-54,-32
1742100676.816133,-83,13,-8
1742100676.851133,32,-12,-8
1742100676.8861332,-1,25,-50
1742100676.921133,-3,43,-39
1742100676.957133,30,-46,32
1742100676.993133,0,-12,-109
1742100677.0281332,-1,-26,-21
1742100677.0641332,24,-14,12
1742100677.099133,108,1,-123
1742100677.134133,14,-52,-27
1742100677.1691332,-45,-62,-55
1742100677.2051332,48,-60,-25
1742100677.241133,-91,51,-83
1742100677.276133,2,45,-153
1742100677.312133,72,-19,-139
1742100677.3471332,-90,4,-133
1742100677.382133,-98,14,-31
1742100677.417133,-30,-7,-83
1742100677.453133,27,-5,34
1742100677.4891331,33,-13,-35
1742100677.524133,-22,-13,-93
1742100677.560133,-18,12,0
1742100677.595133,-8,-105,-25
1742100677.6301332,63,18,-131
1742100677.665133,23,12,-83
1742100677.701133,-50,-15,-87
1742100677.737133,-30,-23,66
1742100677.772133,-98,-37,-91
1742100677.8081331,-6,17,38
1742100677.843133,7,-28,-135
1742100677.878133,19,51,-153
1742100677.9131331,-12,61,-67
1742100677.9491332,8,-76,-11
1742100677.9851332,42,11,-129
1742100678.020133,-107,-12,-121
1742100678.056133,5,11,-107
1742100678.091133,5,-50,-34
1742100678.126133,0,-16,-26
1742100678.161133,80,39,-60
1742100678.197133,-65,-42,-66
1742100678.233133,36,-84,-128
1742100678.2681332,-25,-2,43
1742100678.3041332,-75,43,-150
1742100678.339133,8,21,63
1742100678.374133,-82,83,43
1742100678.4091332,23,11,-68
1742100678.445133,-26,79,-50
1742100678.481133,-34,69,-80
1742100678.516133,31,-24,-114
1742100678.552133,55,19,-80
1742100678.5871332,-44,7,9
1742100678.622133,-38,25,-88
1742100678.657133,65,35,103
1742100678.693133,-28,-74,-74
1742100678.7291331,19,1,-2
1742100678.764133,49,9,37
1742100678.8071332,17,17,-176
1742100678.843133,-36,-26,61
1742100678.878133,-54,5,-2
1742100678.9131331,-56,-55,-62
1742100678.9491332,-46,-38,-86
1742100678.9851332,31,15,33
1742100679.020133,-38,61,-156
1742100679.056133,73,-38,-4
1742100679.091133,-2,-58,9
1742100679.126133,37,2,-122
1742100679.161133,-94,-49,105
1742100679.197133,-32,20,-82
1742100679.233133,-92,14,-38
1742100679.2681332,29,46,-174
1742100679.3041332,13,-43,-112
1742100679.339133,-4,-53,5
1742100679.374133,1,-29,75
1742100679.4091332,7,-17,-142
1742100679.445133,39,-29,-40
1742100679.481133,-44,86,-4
1742100679.516133,25,-63,-114
1742100679.552133,83,44,-20
1742100679.5871332,-20,-47,-78
1742100679.622133,-72,30,-84
1742100679.657133,-26,-3,-132
1742100679.693133,-36,31,-96
1742100679.7291331,0,59,-76
1742100679.764133,-50,5,-66
1742100679.800133,-72,19,3
1742100679.835133,-54,-8,-18
1742100679.8701332,-82,-46,-46
1742100679.905133,31,-26,11
1742100679.941133,37,5,-26
1742100679.977133,0,-64,87
1742100680.0121331,-4,5,-107
1742100680.0481331,47,67,-205
1742100680.083133,-10,-58,-13
1742100680.118133,-56,49,-123
1742100680.1531332,17,-72,-65
1742100680.1891332,3,25,-87
1742100680.2251332,95,45,30
1742100680.260133,-26,-20,-73
1742100680.296133,-16,5,-59
1742100680.3311331,81,-36,-41
1742100680.366133,0,5,-93
1742100680.401133,53,5,-73
1742100680.437133,9,-2,58
1742100680.473133,-18,-64,10
1742100680.5081332,-70,111,-101
1742100680.5441332,89,-38,-67
1742100680.579133,107,21,56
1742100680.6141331,-94,-30,68
1742100680.6501331,-2,-4,-23
1742100680.685133,-82,-32,-135
1742100680.721133,3,25,-173
1742100680.756133,-68,35,-173
1742100680.792133,54,47,-21
1742100680.8271332,-3,43,-113
1742100680.862133,-23,-38,-5
1742100680.898133,27,-10,-47
1742100680.9331331,12,11,-259
1742100680.9691331,48,3,56
1742100681.004133,20,-50,-59
1742100681.040133,22,-28,32
1742100681.075133,-17,-44,28
1742100681.1101332,-63,13,-155
1742100681.1461332,-21,-2,-87
1742100681.181133,88,53,-103
1742100681.217133,20,23,-109
1742100681.2521331,32,-100,-11
1742100681.2881331,-49,-76,36
1742100681.323133,58,1,-112
1742100681.358133,6,1,-132
1742100681.394133,-31,-10,-158
1742100681.4291332,34,15,-68
1742100681.4651332,8,11,-72
1742100681.500133,-7,-16,31
1742100681.536133,38,27,5
1742100681.5711331,4,69,67
1742100681.606133,-15,11,107
1742100681.642133,82,-14,-37
1742100681.677133,-5,3,-71
1742100681.713133,-43,33,-71
1742100681.7481332,38,13,-79
1742100681.7841332,-39,0,-85
1742100681.819133,32,-100,-45
1742100681.8541331,12,-40,-77
1742100681.8901331,-45,0,36
1742100681.925133,14,39,12
1742100681.961133,-9,-42,-9
1742100681.996133,-11,-12,-113
1742100682.032133,-19,-48,-48
1742100682.0671332,60,69,49
1742100682.102133,58,-106,-8
1742100682.138133,70,-26,-72
1742100682.1731331,38,75,19
1742100682.2091331,-39,-49,1
1742100682.244133,-3,31,-76
1742100682.280133,-13,-24,43
1742100682.315133,-63,-23,-2
1742100682.3501332,-27,111,-32
1742100682.3861332,-97,21,-86
1742100682.421133,18,40,-26
1742100682.457133,48,14,37
1742100682.4921331,-13,110,-73
1742100682.5281332,-63,-9,-47
1742100682.563133,-13,-17,-78
1742100682.598133,-3,32,-180
1742100682.634133,24,42,-48
1742100682.6691332,-49,-17,-40
1742100682.7051332,-79,-35,33
1742100682.740133,-61,-11,-30
1742100682.776133,-34,-42,-42
1742100682.8111331,0,0,-350
1742100682.846133,-32,32,-36
1742100682.882133,42,-1,15
1742100682.917133,-22,14,-80
1742100682.953133,60,-22,3
1742100682.9881332,14,-26,-40
1742100683.024133,-42,-2,-32
1742100683.060133,0,68,-92
1742100683.095133,6,36,-12
1742100683.1301332,-16,4,25
1742100683.1661332,-22,44,-20
1742100683.2021332,-4,-28,-136
1742100683.237133,-72,-34,-182
1742100683.273133,33,17,1
1742100683.3081331,-18,42,-79
1742100683.343133,44,4,-3
1742100683.378133,-58,-60,-104
1742100683.414133,-8,-48,-18
1742100683.450133,10,-5,-82
1742100683.4851332,68,-9,-30
1742100683.5211332,72,-65,-41
1742100683.556133,86,20,-55
1742100683.591133,-85,4,55
1742100683.626133,26,-25,-45
1742100683.662133,22,36,-95
1742100683.698133,14,54,10
1742100683.733133,42,-47,36
1742100683.769133,48,0,57
1742100683.8041332,58,-54,-92
1742100683.839133,-23,-10,-56
1742100683.874133,-45,19,-117
1742100683.9101331,-61,-32,-131
1742100683.9461331,-19,7,-106
1742100683.981133,-53,-10,-52
1742100684.017133,-21,-32,-90
1742100684.052133,82,-30,-144
1742100684.0871332,106,-66,-48
1742100684.122133,11,-23,23
1742100684.158133,14,-60,-115
1742100684.194133,40,-18,6
1742100684.2291331,30,59,-183
1742100684.2651331,86,21,-73
1742100684.300133,60,35,-25
1742100684.335133,58,-54,-53
1742100684.3701332,0,89,-99
1742100684.4061332,18,13,-11
1742100684.4421332,-121,-12,-75
1742100684.477133,18,-22,-13
1742100684.513133,-43,3,-47
1742100684.5481331,0,-62,-83
1742100684.583133,-59,19,-29
1742100684.618133,-49,69,34
1742100684.654133,64,-2,-45
1742100684.690133,14,-66,12
1742100684.7251332,4,3,-39
1742100684.7611332,-3,-20,-19
1742100684.796133,-27,-2,-63
1742100684.8311331,16,41,86
1742100684.866133,-53,-40,-49
1742100684.902133,20,-4,-131
1742100684.938133,10,7,-115
1742100684.973133,0,-32,-81
1742100685.009133,-49,49,-17
1742100685.0441332,-63,1,-49
1742100685.079133,-5,5,-19
1742100685.1141331,31,43,-143
1742100685.1501331,35,-36,-33
1742100685.1861331,60,21,64
1742100685.221133,-51,67,-25
1742100685.257133,16,19,-101
1742100685.292133,34,-32,-111
1742100685.3271332,-87,15,-97
1742100685.362133,66,101,-107
1742100685.398133,-41,-34,-29
1742100685.434133,-11,23,-51
1742100685.4691331,-35,13,-35
1742100685.5051332,4,-50,-47
1742100685.540133,24,-42,-29
1742100685.575133,0,-64,-85
1742100685.6101332,-49,1,-93
1742100685.6461332,14,59,-27
1742100685.6821332,4,23,38
1742100685.717133,28,71,-101
1742100685.753133,-53,-24,-201
1742100685.7881331,-31,57,-75
1742100685.823133,46,101,14
1742100685.858133,-33,-2,-139
1742100685.894133,-55,0,-1
1742100685.930133,2,-38,-117
1742100685.9651332,-23,-44,-171
1742100686.001133,-107,71,-83
1742100686.036133,-85,5,-43
1742100686.0711331,-61,-9,-99
1742100686.106133,-21,21,-169
1742100686.142133,-21,-24,-109
1742100686.178133,2,-8,-57
1742100686.213133,88,-22,-123
1742100686.249133,-1,5,30
1742100686.2841332,-11,27,-95
1742100686.319133,6,-16,-53
1742100686.3541331,-103,65,-7
1742100686.3901331,1,4,-3
1742100686.4261332,18,-46,50
1742100686.461133,-15,9,-1
1742100686.497133,-1,89,-25
1742100686.532133,2,9,-159
1742100686.5671332,-35,-81,-55
1742100686.602133,-17,41,-29
1742100686.638133,-25,-2,-103
1742100686.674133,24,-12,-41
1742100686.7091331,-9,22,30
1742100686.7451332,-121,63,-95
1742100686.780133,10,21,-63
1742100686.815133,108,-40,-83
1742100686.8501332,92,11,-147
1742100686.8861332,18,-1,-47
1742100686.922133,56,12,-143
1742100686.957133,-37,-12,-115
1742100686.993133,20,-24,-41
1742100687.0281332,12,-16,30
1742100687.063133,-47,-38,30
1742100687.099133,18,31,-99
1742100687.134133,8,29,-105
1742100687.170133,-45,-70,-43
1742100687.2051332,0,-2,-153
1742100687.241133,-45,43,-71
1742100687.276133,40,-24,-17
1742100687.3111331,20,-90,-57
1742100687.3471332,-63,39,-45
1742100687.382133,-3,25,26
1742100687.418133,42,1,-49
1742100687.453133,12,-24,-145
1742100687.4891331,-27,39,-157
1742100687.524133,-5,65,-75
1742100687.559133,2,77,48
1742100687.595133,8,71,-127
1742100687.6301332,-7,-16,-25
1742100687.6661332,70,-34,-63
1742100687.701133,-65,-38,-63
1742100687.737133,42,-44,-17
1742100687.772133,34,-22,-9
1742100687.8071332,-43,19,76
1742100687.843133,44,-10,-131
1742100687.878133,64,-20,-121
1742100687.914133,-141,-10,-21
1742100687.9491332,20,28,-15
1742100687.9851332,80,-79,12
1742100688.020133,-15,2,-87
1742100688.055133,40,-73,-83
1742100688.091133,34,-29,8
1742100688.126133,-43,-49,-9
1742100688.162133,-7,-11,-13
1742100688.197133,-15,-15,0
1742100688.233133,56,-25,-108
1742100688.2681332,20,20,-8
1742100688.303133,-57,-17,-68
1742100688.339133,-71,-45,-112
1742100688.374133,-35,14,-14
1742100688.4101331,58,-5,-18
1742100688.445133,16,48,49
1742100688.481133,-37,2,1
1742100688.516133,-37,-61,-170
1742100688.5511332,28,4,-112
1742100688.5871332,74,18,-2
1742100688.622133,12,-51,-82
1742100688.658133,18,-65,-10
1742100688.693133,32,12,-42
1742100688.7291331,12,-31,-116
1742100688.764133,24,102,-190
1742100688.799133,38,54,-76
1742100688.842133,20,10,-40
1742100688.878133,-1,-21,-112
1742100688.914133,90,16,21
1742100688.9491332,-11,74,-4
1742100688.9851332,26,50,-12
1742100689.020133,2,-8,23
1742100689.055133,30,45,-30
1742100689.091133,10,-2,-44
1742100689.126133,2,-4,-148
1742100689.162133,-1,-10,33
1742100689.197133,13,-30,-24
1742100689.233133,59,33,43
1742100689.2681332,30,-6,1
1742100689.303133,4,-12,-32
1742100689.339133,-43,17,-70
1742100689.374133,-129,31,-134
1742100689.4101331,-63,-4,-40
1742100689.445133,-49,-48,27
1742100689.481133,-39,-22,23
1742100689.517133,-53,-24,47
1742100689.552133,-6,-6,-38
1742100689.5871332,37,17,-96
1742100689.6231332,23,15,7
1742100689.6591332,-22,59,-32
1742100689.694133,-90,0,17
1742100689.730133,-16,1,-2
1742100689.7651331,17,-46,-118
1742100689.800133,23,-8,-58
1742100689.835133,43,7,-206
1742100689.871133,57,27,-60
1742100689.907133,55,7,-162
1742100689.9421332,-20,-12,-278
1742100689.9781332,-64,-66,75
1742100690.013133,-16,-46,-62
1742100690.0481331,-32,-48,-66
1742100690.083133,-60,13,-16
1742100690.119133,89,-10,-104
1742100690.155133,13,75,-74
1742100690.190133,-12,-36,-80
1742100690.226133,-82,-50,-40
1742100690.2611332,17,41,-94
1742100690.296133,-6,-16,-154
1742100690.3311331,-16,-12,-44
1742100690.3671331,-13,9,-274
1742100690.4031332,-41,55,-130
1742100690.438133,19,-16,39
1742100690.474133,0,-26,-116
1742100690.509133,-23,37,-52
1742100690.5441332,-28,43,-70
1742100690.579133,26,-30,25
1742100690.615133,-63,0,-32
1742100690.651133,9,11,17
1742100690.6861331,62,43,47
1742100690.7221332,-55,-77,25
1742100690.757133,-75,-47,-130
1742100690.792133,36,24,-46
1742100690.8271332,75,-37,23
1742100690.8631332,101,-83,-158
1742100690.899133,68,-19,-132
1742100690.934133,-1,88,-148
1742100690.970133,-43,42,-10
1742100691.0051332,17,-31,-56
1742100691.040133,-7,24,-92
1742100691.075133,80,82,-52
1742100691.111133,30,8,-48
1742100691.147133,64,-37,-126
1742100691.1821332,-19,6,-132
1742100691.218133,-111,38,-90
1742100691.253133,-57,16,-76
1742100691.2881331,-21,-43,-90
1742100691.323133,32,0,-86
1742100691.359133,-91,-59,-120
1742100691.395133,2,40,-148
1742100691.430133,52,58,-66
1742100691.466133,-1,-55,-18
1742100691.501133,0,152,-18
1742100691.536133,-37,-57,-102
1742100691.5711331,-15,39,-172
1742100691.6071332,12,31,-20
1742100691.6431332,-55,-15,125
1742100691.678133,110,36,13
1742100691.714133,-7,-39,31
1742100691.749133,32,-3,-82
1742100691.7841332,-11,-5,-36
1742100691.819133,-71,30,-76
1742100691.855133,12,-5,-124
1742100691.891133,-73,48,-32
1742100691.9261332,8,14,15
1742100691.9621332,-69,46,-54
1742100691.997133,-13,-90,-40
1742100692.032133,-5,23,-52
1742100692.0671332,-41,29,21
1742100692.1031332,-59,54,-88
1742100692.139133,-49,35,-148
1742100692.174133,4,31,-34
1742100692.210133,69,35,-68
1742100692.2451332,83,-4,55
1742100692.280133,15,11,-38
1742100692.315133,37,-60,-40
1742100692.351133,57,39,-18
1742100692.3871331,11,-10,-122
1742100692.422133,-44,-27,1
1742100692.458133,106,-67,-10
1742100692.493133,-5,44,37
1742100692.5281332,6,-23,-56
1742100692.563133,10,-49,48
1742100692.599133,-41,-95,18
1742100692.635133,0,-31,-65
1742100692.670133,12,-55,8
1742100692.7061331,-53,-5,-17
1742100692.741133,66,-19,-51
1742100692.776133,-51,36,-57
1742100692.8111331,34,0,-61
1742100692.8471332,-21,-59,-133
1742100692.8831332,36,-1,-85
1742100692.918133,-23,-43,24
1742100692.954133,54,86,-133
1742100692.9891331,58,7,-113
1742100693.024133,28,-44,-31
1742100693.059133,-13,-27,-140
1742100693.095133,-47,14,-10
1742100693.131133,-73,-17,-75
1742100693.1661332,24,-19,-111
1742100693.2021332,-87,-21,-41
1742100693.237133,-3,8,-33
1742100693.272133,16,-97,-111
1742100693.3071332,-39,4,-53
1742100693.343133,15,-21,-115
1742100693.379133,-70,-23,-165
1742100693.414133,-14,-51,-21
1742100693.450133,-40,-21,-59
1742100693.4851332,40,-7,-93
1742100693.520133,20,20,20
1742100693.555133,-22,52,-59
1742100693.591133,115,-17,-11
1742100693.6271331,19,-105,-67
1742100693.662133,41,34,-133
1742100693.698133,19,-53,-53
1742100693.733133,1,10,-25
1742100693.7681332,9,-21,30
1742100693.8041332,1,16,-59
1742100693.839133,31,-47,-75
1742100693.875133,1,74,-77
1742100693.9101331,11,-5,-119
1742100693.9461331,33,26,-103
1742100693.981133,1,50,-27
1742100694.016133,15,-69,-41
1742100694.052133,-56,44,-29
1742100694.0871332,-48,16,-163
1742100694.1231332,-48,-17,-115
1742100694.158133,-18,26,-7
1742100694.194133,-26,-59,-145
1742100694.2291331,0,-65,50
1742100694.264133,-77,30,-89
1742100694.300133,78,-31,0
1742100694.335133,-73,30,4
1742100694.371133,34,-65,-13
1742100694.4061332,-57,-35,-87
1742100694.4421332,2,-41,-111
1742100694.477133,18,-33,-59
1742100694.5121331,42,-21,-97
1742100694.5481331,4,-89,22
1742100694.583133,-7,6,-101
1742100694.619133,78,6,52
1742100694.654133,44,8,12
1742100694.690133,34,-5,-45
1742100694.7251332,56,-27,16
1742100694.760133,40,-51,22
1742100694.796133,-41,-23,-51
1742100694.8311331,108,46,-119
1742100694.8671331,30,50,34
1742100694.902133,56,-25,-59
1742100694.938133,20,-75,-35
1742100694.973133,-33,10,44
1742100695.0081332,72,-43,-139
1742100695.0441332,62,56,-111
1742100695.079133,34,28,-105
1742100695.115133,30,-91,-43
1742100695.1501331,14,-3,-123
1742100695.1861331,-61,-3,-3
1742100695.221133,-25,28,-17
1742100695.256133,-43,38,-53
1742100695.292133,-45,-1,-83
1742100695.3271332,34,12,-53
1742100695.3631332,-27,4,30
1742100695.398133,-45,-11,24
1742100695.434133,26,76,-75
1742100695.4691331,66,-47,-39
1742100695.504133,0,-15,-75
1742100695.540133,64,2,54
1742100695.575133,80,-5,-95
1742100695.611133,38,-47,-55
1742100695.6461332,34,-9,-125
1742100695.6821332,40,2,-33
1742100695.717133,-79,14,-85
1742100695.7521331,24,16,-111
1742100695.7881331,66,-15,-167
1742100695.823133,-27,12,-107
1742100695.859133,-55,-59,-207
1742100695.894133,32,-5,-103
1742100695.9291332,-29,-23,-69
1742100695.964133,24,26,-125
1742100696.000133,110,-1,-59
1742100696.036133,-57,-45,-111
1742100696.0711331,12,8,-87
1742100696.1071332,-3,5,-79
1742100696.142133,62,2,-7
1742100696.177133,-5,12,-29
1742100696.2121332,32,-19,34
1742100696.2481332,-69,-31,-77
1742100696.2841332,-33,-7,20
1742100696.319133,-49,-35,-67
1742100696.355133,24,88,-33
1742100696.3901331,66,47,-51
1742100696.425133,-29,-34,6
1742100696.460133,44,35,-1
1742100696.496133,-43,5,-9
1742100696.532133,-29,37,14
1742100696.5671332,-55,43,-35
1742100696.6031332,10,89,-113
1742100696.638133,38,-6,-161
1742100696.6731331,4,27,-43
1742100696.708133,76,-64,-45
1742100696.744133,6,-50,-181
1742100696.780133,-47,33,-5
1742100696.815133,48,-28,-125
1742100696.851133,-13,35,-97
1742100696.8861332,40,-98,-163
1742100696.921133,-15,-2,-61
1742100696.9561331,-37,73,-33
1742100696.9921331,16,37,-127
1742100697.0281332,44,-20,48
1742100697.063133,14,-8,-95
1742100697.099133,24,39,-75
1742100697.134133,56,97,-73
1742100697.1691332,-1,11,22
1742100697.204133,-15,-10,-123
1742100697.240133,34,-32,40
1742100697.276133,38,39,-135
1742100697.3111331,32,17,-55
1742100697.3471332,-33,-66,-7
1742100697.382133,16,-14,-135
1742100697.417133,18,3,-37
1742100697.4521332,16,-24,-93
1742100697.4881332,20,32,-127
1742100697.524133,-51,-15,-69
1742100697.559133,-153,-23,-149
1742100697.595133,-89,38,26
1742100697.6301332,-31,-23,-67
1742100697.665133,-47,-23,-123
1742100697.700133,-11,-19,32
1742100697.736133,-29,-32,-1
1742100697.772133,28,-73,10
1742100697.8071332,-61,-87,26
1742100697.843133,-41,-106,-129
1742100697.878133,-7,-12,-53
1742100697.9131331,56,9,-80
1742100697.948133,-27,9,-185
1742100697.984133,4,55,-44
1742100698.020133,-33,43,-88
1742100698.055133,-45,25,-58
1742100698.091133,-9,37,8
1742100698.126133,22,-4,-87
1742100698.161133,0,-12,-165
1742100698.1961331,74,-58,-21
1742100698.2321332,14,35,26
1742100698.2681332,28,11,-134
1742100698.303133,38,21,-6
1742100698.339133,-29,-36,-26
1742100698.374133,6,-42,131
1742100698.4091332,-43,17,-10
1742100698.444133,-23,43,-36
1742100698.480133,42,-20,41
1742100698.516133,-101,1,7
1742100698.5511332,-1,-18,-28
1742100698.5871332,28,-18,-98
1742100698.622133,-13,-4,-68
1742100698.657133,-23,21,-10
1742100698.6921332,58,-56,-92
1742100698.7281332,-51,-84,-35
1742100698.764133,-11,3,11
1742100698.799133,-91,-34,-126
1742100698.835133,0,-54,-68
1742100698.8771331,-31,43,-166
1742100698.9131331,-15,-36,-106
1742100698.948133,-17,-106,-68
1742100698.984133,-23,89,-64
1742100699.020133,20,43,-2
1742100699.055133,4,43,49
1742100699.091133,56,3,49
1742100699.126133,34,61,-18
1742100699.161133,6,25,23
1742100699.1961331,42,29,-22
1742100699.2321332,-31,21,-140
1742100699.2681332,40,65,-100
1742100699.303133,-71,29,-62
1742100699.339133,52,19,-48
1742100699.374133,-17,-30,37
1742100699.4091332,-21,-20,3
1742100699.444133,-44,-47,-62
1742100699.480133,-65,-33,-30
1742100699.516133,21,-107,39
1742100699.5511332,-77,-2,-36
1742100699.5871332,-19,33,-118
1742100699.622133,44,-148,-34
1742100699.657133,-43,-26,1
1742100699.6921332,-117,33,-34
1742100699.7281332,24,17,-12
1742100699.764133,38,-76,-114
1742100699.799133,-37,35,31
1742100699.835133,8,23,-62
1742100699.8701332,-27,-60,-158
1742100699.905133,-19,19,-108
1742100699.940133,88,-18,-128
1742100699.976133,-7,-22,-42
1742100700.0121331,90,41,-32
1742100700.047133,-77,-8,-30
1742100700.083133,-22,-12,-72
1742100700.118133,20,-82,-146
1742100700.1531332,-75,13,5
1742100700.1891332,54,21,-184
1742100700.224133,58,13,-64
1742100700.260133,50,41,-66
1742100700.295133,-19,-28,-204
1742100700.3311331,34,57,-8
1742100700.366133,20,9,21
1742100700.401133,-31,0,39
1742100700.437133,-25,69,-38
1742100700.4721332,60,13,-154
1742100700.5081332,-33,79,-138
1742100700.543133,-19,-24,-148
1742100700.579133,-85,-18,-92
1742100700.6141331,-29,-22,13
1742100700.649133,28,-14,-194
1742100700.685133,-55,15,-96
1742100700.720133,22,9,-102
1742100700.756133,28,-4,37
1742100700.7911332,-19,-38,41
1742100700.8271332,-23,-82,-26
1742100700.862133,-19,51,-132
1742100700.897133,-23,-14,-113
1742100700.9331331,60,-66,28
1742100700.968133,8,25,-122
1742100701.004133,-5,13,-16
1742100701.039133,36,15,-38
1742100701.075133,4,-34,-216
1742100701.1101332,32,-14,-20
1742100701.145133,-53,1,-158
1742100701.181133,-35,-22,-80
1742100701.216133,-5,5,-58
1742100701.2521331,50,-10,-82
1742100701.287133,-59,-6,53
1742100701.323133,-23,15,-96
1742100701.358133,14,-40,-101
1742100701.3931332,-45,-34,28
1742100701.4291332,24,37,-51
1742100701.464133,-41,-12,-157
1742100701.500133,-15,11,-19
1742100701.5351331,-85,-28,-33
1742100701.5711331,6,1,-65
1742100701.606133,54,-30,-9
1742100701.641133,0,29,-49
1742100701.677133,-53,-76,32
1742100701.7121332,48,-38,-125
1742100701.7481332,-47,0,24
1742100701.783133,-65,34,12
1742100701.819133,8,26,-29
1742100701.8541331,-7,0,-59
1742100701.889133,18,-69,-103
1742100701.925133,-27,-61,-55
1742100701.960133,-19,-53,48
1742100701.996133,-73,8,-103
1742100702.0311332,-27,116,-19
1742100702.0671332,126,-15,12
1742100702.102133,56,-58,-73
1742100702.1371331,66,52,-53
1742100702.1731331,-45,13,52
1742100702.208133,90,0,-127
1742100702.244133,24,40,-197
1742100702.279133,-19,36,22
1742100702.315133,60,48,-81
1742100702.351133,68,-83,-97
1742100702.3871331,-11,-3,-81
1742100702.4231331,-45,42,-105
1742100702.458133,4,-39,92
1742100702.493133,18,-39,49
1742100702.529133,-51,60,5
1742100702.565133,-13,-41,-12
1742100702.6001332,24,24,-72
1742100702.6361332,-33,-19,-200
1742100702.671133,22,18,77
1742100702.7061331,-19,36,-102
1742100702.741133,-31,28,-54
1742100702.777133,-9,8,-154
1742100702.813133,12,-14,-100
1742100702.848133,0,-48,5
1742100702.884133,-70,-6,-70
1742100702.9191332,-62,12,29
1742100702.954133,-25,-39,41
1742100702.9891331,-69,12,-70
1742100703.0251331,28,40,-90
1742100703.0611331,48,-39,-104
1742100703.096133,42,-39,-26
1742100703.132133,8,-31,-114
1742100703.167133,8,-23,53
1742100703.2021332,44,-37,-122
1742100703.237133,20,12,-60
1742100703.273133,88,-64,-78
1742100703.309133,-27,13,-36
1742100703.3441331,59,-10,-24
1742100703.3801332,-18,-12,-30
1742100703.415133,-50,27,-76
1742100703.450133,10,19,-40
1742100703.4851332,16,21,-54
1742100703.5211332,-3,-28,9
1742100703.5571332,16,-36,-122
1742100703.592133,-89,-16,-96
1742100703.628133,24,-112,-6
1742100703.6631331,-15,27,-116
1742100703.698133,38,47,-80
1742100703.733133,24,49,-44
1742100703.769133,18,13,-62
1742100703.805133,17,37,-22
1742100703.8401332,-72,-24,-156
1742100703.876133,-14,17,21
1742100703.911133,-56,-18,-106
1742100703.9461331,-76,-12,-154
1742100703.981133,-72,-32,15
1742100704.017133,-44,-2,-96
1742100704.053133,-56,65,-78
1742100704.088133,-12,51,91
1742100704.124133,13,-16,5
1742100704.1591332,-22,1,41
1742100704.194133,25,-10,3
1742100704.2291331,-28,23,-4
1742100704.2651331,-8,-28,-20
1742100704.3011332,-94,-36,37
1742100704.336133,-30,25,-120
1742100704.372133,-32,-18,-34
1742100704.407133,0,29,-48
1742100704.4421332,9,-90,-108
1742100704.477133,-58,-82,-90
1742100704.513133,-42,-30,-50
1742100704.549133,33,77,-2
1742100704.5841331,-16,-44,3
1742100704.6201332,-64,-6,-64
1742100704.655133,-10,-18,24
1742100704.690133,-16,39,-41
1742100704.7251332,-17,103,-47
1742100704.7611332,2,5,14
1742100704.797133,-43,3,-43
1742100704.832133,-2,31,-41
1742100704.868133,-6,-8,-65
1742100704.9031332,19,-26,140
1742100704.938133,-88,17,-5
1742100704.973133,-54,-38,-91
1742100705.009133,-2,1,-167
1742100705.045133,-20,-34,104
1742100705.0801332,-9,0,-17
1742100705.116133,6,-14,8
1742100705.151133,-67,31,72
1742100705.1861331,-37,-14,-95
1742100705.221133,0,39,-143
1742100705.257133,36,-52,14
1742100705.293133,38,11,-47
1742100705.328133,44,-24,-11
1742100705.3641331,50,77,-67
1742100705.399133,-11,-14,-121
1742100705.434133,-19,21,-85
1742100705.4691331,-15,27,-13
1742100705.5051332,40,-54,-21
1742100705.5411332,72,-44,-187
1742100705.576133,-19,61,-9
1742100705.612133,36,9,14
1742100705.647133,-39,-12,0
1742100705.6821332,40,65,-111
1742100705.717133,20,-60,-45
1742100705.753133,-71,-18,-113
1742100705.789133,-41,-94,-157
1742100705.8241332,2,7,-35
1742100705.8601332,-25,7,-89
1742100705.895133,-13,-12,-89
1742100705.930133,71,39,-57
1742100705.9651332,-24,31,-17
1742100706.001133,-4,69,-61
1742100706.037133,98,15,-57
1742100706.072133,-35,5,82
1742100706.108133,-3,37,-3
1742100706.1431332,-39,-40,-31
1742100706.178133,4,-8,-13
1742100706.213133,-3,-40,0
1742100706.249133,30,31,-25
1742100706.2851331,24,-79,26
1742100706.320133,-25,-7,-57
1742100706.356133,10,-5,-99
1742100706.391133,12,30,-109
1742100706.4261332,114,-7,-5
1742100706.4621332,30,86,-1
1742100706.497133,-29,-17,-25
1742100706.533133,60,-37,-17
1742100706.568133,-61,42,-197
1742100706.6041331,-73,-1,-23
1742100706.639133,30,0,-19
1742100706.674133,16,-79,-137
1742100706.710133,-7,8,-111
1742100706.7451332,48,-23,-113
1742100706.7811332,-19,-19,28
1742100706.816133,-29,-1,92
1742100706.852133,6,64,-115
1742100706.8871331,-37,46,-99
1742100706.922133,34,-21,-41
1742100706.958133,38,16,-41
1742100706.993133,-15,22,-75
1742100707.029133,10,-15,12
1742100707.0641332,58,4,-7
1742100707.1001332,-21,-5,42
1742100707.135133,86,-85,-5
1742100707.170133,49,36,-39
1742100707.2061331,-37,-45,-41
1742100707.241133,-55,-19,16
1742100707.277133,-15,-57,-63
1742100707.312133,9,-1,-27
1742100707.348133,2,-81,0
1742100707.3831332,67,42,-47
1742100707.418133,26,10,-127
1742100707.454133,-21,56,-13
1742100707.4891331,8,-55,-85
1742100707.5251331,2,62,32
1742100707.560133,-49,2,40
1742100707.596133,104,10,-9
1742100707.631133,18,78,-19
1742100707.6661332,-11,2,4
1742100707.7021332,30,-7,-51
1742100707.7381332,16,-1,-57
1742100707.774133,66,44,-63
1742100707.809133,16,-7,-27
1742100707.845133,-33,0,-97
1742100707.8801332,62,-11,68
1742100707.9161332,66,-43,-101
1742100707.951133,38,40,-31
1742100707.986133,4,52,-19
1742100708.022133,2,-21,-41
1742100708.0571332,44,8,-65
1742100708.093133,-79,-49,-63
1742100708.128133,-3,36,14
1742100708.164133,-5,-67,-65
1742100708.1991332,30,-49,-89
1742100708.234133,56,34,70
1742100708.270133,96,57,-21
1742100708.305133,38,7,-41
1742100708.341133,-7,-70,-157
1742100708.376133,60,-10,-75
1742100708.412133,26,5,-119
1742100708.447133,-7,-38,46
1742100708.4821332,20,13,-71
1742100708.5181332,-95,-24,-81
1742100708.553133,38,-22,-77
1742100708.589133,-39,-20,38
1742100708.624133,34,-36,-83
1742100708.6601331,-45,-8,36
1742100708.6961331,-13,-8,-13
1742100708.731133,-33,-18,4
1742100708.766133,12,-66,-121
1742100708.802133,14,-50,61
1742100708.838133,-41,77,-46
1742100708.8801332,64,-6,-76
1742100708.917133,-51,-14,-130
1742100708.9521332,36,-90,-24
1742100708.987133,12,37,-58
1742100709.022133,102,61,41
1742100709.0581331,-13,-24,-44
1742100709.0941331,-25,53,-62
1742100709.129133,-65,-44,-16
1742100709.165133,6,-40,-74
1742100709.200133,8,-44,-30
1742100709.2351332,4,83,-24
1742100709.270133,-7,17,2
1742100709.306133,-7,-8,-57
1742100709.342133,-27,19,-39
1742100709.3771331,-19,41,-94
1742100709.4131331,-5,-32,4
1742100709.448133,-63,-2,-109
1742100709.483133,-39,59,-95
1742100709.5181332,70,0,0
1742100709.5541332,56,-32,4
1742100709.5901332,72,15,-45
1742100709.625133,-9,19,-58
1742100709.661133,66,-22,-81
1742100709.6961331,24,29,-17
1742100709.731133,22,-3,-107
1742100709.766133,-57,-30,5
1742100709.802133,-3,-18,-54
1742100709.838133,-19,-8,-18
1742100709.8731332,28,-32,-24
1742100709.9091332,-34,1,117
1742100709.944133,78,-38,-96
1742100709.9791331,42,79,-91
1742100710.014133,5,-40,13
1742100710.050133,-6,-56,77
1742100710.086133,-56,-28,-156
1742100710.121133,-32,-36,-38
1742100710.157133,99,5,95
1742100710.1921332,49,-56,-98
1742100710.227133,23,-34,31
1742100710.2621331,11,-46,67
1742100710.2981331,-24,-80,-80
1742100710.3341331,21,-48,-152
1742100710.369133,25,-38,-96
1742100710.405133,3,23,-83
1742100710.440133,-14,51,-97
1742100710.4751332,-38,23,16
1742100710.510133,70,-56,6
1742100710.546133,4,1,-37
1742100710.582133,2,13,-79
1742100710.6171331,-57,-14,-69
1742100710.6531332,-19,15,-229
1742100710.688133,-55,-40,30
1742100710.723133,-47,25,-77
1742100710.7581332,18,61,-89
1742100710.7941332,-7,9,-21
1742100710.8301332,-23,47,-7
1742100710.865133,-83,59,-69
1742100710.901133,-25,0,-69
1742100710.9361331,6,63,23
1742100710.971133,-13,-62,-67
1742100711.006133,-55,7,-28
1742100711.042133,-35,63,-89
1742100711.078133,56,15,-86
1742100711.1131332,-47,1,-152
1742100711.149133,88,-68,-28
1742100711.184133,30,13,-62
1742100711.2191331,-73,-24,-68
1742100711.254133,0,49,-34
1742100711.290133,-25,51,0
1742100711.326133,82,1,-22
1742100711.361133,6,5,-70
1742100711.397133,-51,-4,-78
1742100711.4321332,-9,-64,-42
1742100711.467133,12,9,-68
1742100711.5021331,32,37,-6
1742100711.5381331,-79,5,85
1742100711.5741332,-31,-30,-28
1742100711.609133,-7,-36,17
1742100711.645133,18,-28,-40
1742100711.680133,20,-48,3
1742100711.7151332,4,-64,-122
1742100711.750133,32,15,-74
1742100711.786133,18,-32,-218
1742100711.822133,6,-44,-120
1742100711.8571332,-85,-6,27
1742100711.8931332,82,-76,-22
1742100711.928133,-71,-34,-42
1742100711.963133,36,-14,67
1742100711.9981332,80,-62,-34
1742100712.0341332,-31,-44,15
1742100712.070133,38,-36,3
1742100712.105133,-21,-2,-98
1742100712.141133,0,-20,-110
1742100712.1761332,-13,-4,-6
1742100712.211133,-51,-82,-80
1742100712.246133,2,41,-58
1742100712.282133,38,8,-6
1742100712.318133,-15,71,-150
1742100712.3531332,38,51,-48
1742100712.389133,14,45,-90
1742100712.424133,6,-8,37
1742100712.4591331,-13,39,-88
1742100712.494133,48,-48,-129
1742100712.530133,52,13,70
1742100712.566133,-55,-2,-67
1742100712.601133,-19,-78,-93
1742100712.6371331,-1,-74,-75
1742100712.672133,12,-34,-112
1742100712.707133,-63,-30,-79
1742100712.743133,-9,-50,24
1742100712.7781332,24,17,-65
1742100712.8141332,-5,-74,-220
1742100712.849133,-79,-46,-41
1742100712.885133,0,49,-45
1742100712.920133,-15,43,-45
1742100712.9551332,-55,-94,-123
1742100712.991133,44,55,-91
1742100713.026133,22,51,-125
1742100713.062133,68,-10,-103
1742100713.0971332,6,-68,38
1742100713.1331332,52,-10,-31
1742100713.168133,38,-2,-37
1742100713.203133,56,-42,20
1742100713.2391331,72,49,-117
1742100713.274133,40,-20,-187
1742100713.310133,22,7,-5
1742100713.345133,34,-22,-3
1742100713.381133,20,39,-61
1742100713.4161332,32,11,34
1742100713.451133,-9,-8,-61
1742100713.487133,26,-32,-79
1742100713.522133,-13,0,-89
1742100713.5581331,6,-4,-31
1742100713.593133,-23,-14,-67
1742100713.629133,4,63,-49
1742100713.664133,14,71,-33
1742100713.6991332,34,-96,-157
1742100713.7351332,58,-44,14
1742100713.770133,4,83,-65
1742100713.806133,0,-6,-55
1742100713.841133,-5,7,-17
1742100713.8771331,8,49,-9
1742100713.912133,-73,5,90
1742100713.947133,-19,29,-73
1742100713.983133,74,-2,80
1742100714.0181332,-43,-28,26
1742100714.0541332,-29,17,-101
1742100714.089133,54,5,0
1742100714.125133,-105,13,-67
1742100714.1601331,-13,-36,50
1742100714.195133,46,-14,-37
1742100714.231133,-17,-58,-185
1742100714.266133,-13,-22,20
1742100714.302133,12,7,16
1742100714.3371332,34,-18,6
1742100714.3731332,48,-12,-73
1742100714.408133,58,-6,-55
1742100714.443133,20,-14,-93
1742100714.4791331,4,62,134
1742100714.514133,58,8,-59
1742100714.550133,68,-89,-177
1742100714.585133,30,-5,-13
1742100714.621133,50,-11,-25
1742100714.6561332,-25,-71,-55
1742100714.691133,34,6,-19
1742100714.727133,38,0,-229
1742100714.7621331,-45,62,-95
1742100714.7981331,64,-7,66
1742100714.833133,0,74,-95
1742100714.869133,62,-33,-75
1742100714.904133,-23,-17,-69
1742100714.9391332,-79,-11,-13
1742100714.9751332,84,36,-117
1742100715.010133,12,14,48
1742100715.046133,44,-15,-115
1742100715.0811331,42,-9,-67
1742100715.1171331,-9,4,-89
1742100715.152133,-37,-35,2
1742100715.187133,6,-17,-33
1742100715.223133,24,80,-77
1742100715.2581332,32,44,-45
1742100715.2941332,116,-33,-45
1742100715.329133,36,-39,42
1742100715.3641331,-43,-11,-59
1742100715.399133,20,-15,-45
1742100715.435133,-53,6,-139
1742100715.471133,46,14,-7
1742100715.506133,44,-11,-35
1742100715.542133,18,-117,-57
1742100715.5771332,-23,-25,-33
1742100715.612133,40,-15,-109
1742100715.647133,-15,-85,-55
1742100715.6831331,-25,-33,-153
1742100715.7191331,42,-7,-45
1742100715.754133,20,-43,-79
1742100715.790133,100,30,56
1742100715.825133,40,104,-29
1742100715.8601332,-51,-15,-137
1742100715.895133,-15,0,-27
1742100715.931133,-9,-52,-113
1742100715.967133,46,47,116
1742100716.0021331,-69,1,32
1742100716.0381331,-16,-16,12
1742100716.073133,-53,11,-131
1742100716.108133,-91,-48,-71
1742100716.1431332,-79,44,-131
1742100716.1791332,-57,-101,4
1742100716.2151332,-67,28,-97
1742100716.250133,10,66,-135
1742100716.286133,-25,-15,-91
1742100716.3211331,98,-15,-17
1742100716.356133,-11,-9,-33
1742100716.391133,68,30,-168
1742100716.427133,62,-9,-48
1742100716.463133,-75,74,-40
1742100716.4981332,-33,14,-122
1742100716.5341332,-35,-42,-110
1742100716.569133,4,-34,33
1742100716.6041331,54,17,-60
1742100716.639133,10,24,73
1742100716.675133,-41,14,-70
1742100716.711133,-41,-43,-128
1742100716.746133,-17,-3,45
1742100716.782133,24,8,-8
1742100716.8171332,60,-23,-40
1742100716.852133,0,38,-110
1742100716.8871331,-49,84,-40
1742100716.9231331,2,-15,-90
1742100716.9591331,42,-23,0
1742100716.994133,44,-5,-65
1742100717.030133,2,22,-3
1742100717.065133,-21,10,-30
1742100717.1001332,-27,-5,-8
1742100717.135133,30,32,-48
1742100717.171133,-7,0,-74
1742100717.207133,76,6,-114
1742100717.2421331,8,0,-54
1742100717.2781332,12,20,-82
1742100717.313133,-39,-5,-18
1742100717.348133,-41,-91,-38
1742100717.3831332,-27,0,15
1742100717.4191332,48,-25,-122
1742100717.4551332,62,-9,-80
1742100717.490133,-57,-29,-20
1742100717.526133,70,-9,-88
1742100717.5611331,-41,104,27
1742100717.596133,-53,-20,-38
1742100717.631133,-31,47,-78
1742100717.667133,-19,-2,-88
1742100717.703133,-67,71,-76
1742100717.7381332,26,47,-76
1742100717.774133,34,-22,1
1742100717.809133,34,29,15
1742100717.8441331,-73,23,-48
1742100717.879133,-17,-34,-148
1742100717.915133,16,49,93
1742100717.951133,-27,-36,-68
1742100717.986133,-130,0,-86
1742100718.022133,-23,111,-108
1742100718.0571332,-2,-12,-152
1742100718.092133,14,21,-96
1742100718.1271331,-69,-30,-26
1742100718.1631331,-37,-50,-34
1742100718.1991332,36,-48,-164
1742100718.234133,-19,-26,-126
1742100718.270133,2,-46,45
1742100718.305133,10,3,-58
1742100718.3401332,34,-6,-54
1742100718.375133,122,23,-40
1742100718.411133,76,-16,-122
1742100718.447133,-27,23,63
1742100718.4821332,32,3,-144
1742100718.5181332,-37,-50,81
1742100718.553133,8,1,37
1742100718.588133,80,-30,-10
1742100718.6231332,50,-6,1
1742100718.6591332,-29,-30,-42
1742100718.695133,-41,-2,-26
1742100718.730133,-65,11,-132
1742100718.766133,10,-24,-40
1742100718.8011332,92,25,5
1742100718.836133,30,59,-126
1742100718.871133,-27,25,-40
1742100718.914133,36,-34,-38
1742100718.951133,-17,9,-88
1742100718.986133,-83,29,-120
1742100719.022133,56,-4,25
1742100719.0571332,12,-2,15
1742100719.092133,12,21,-30
1742100719.1271331,52,17,-94
1742100719.1631331,80,31,-164
1742100719.1991332,40,35,-68
1742100719.234133,74,45,15
1742100719.270133,12,75,-20
1742100719.305133,34,-26,-144
1742100719.3401332,-41,-50,-60
1742100719.376133,-47,-38,7
1742100719.412133,-57,-24,83
1742100719.448133,-31,-46,-54
1742100719.483133,20,7,-48
1742100719.519133,-19,-26,-82
1742100719.5541332,-51,27,7
1742100719.5901332,68,31,63
1742100719.625133,20,0,-122
1742100719.6601331,-9,-68,16
1742100719.6961331,28,-34,-76
1742100719.731133,-35,-8,-158
1742100719.767133,-37,-26,-20
1742100719.802133,-49,-6,-30
1742100719.838133,6,-60,-59
1742100719.8731332,34,-18,-41
1742100719.908133,-5,-6,-57
1742100719.944133,-57,11,-127
1742100719.9791331,78,51,-95
1742100720.0151331,-45,21,-47
1742100720.050133,48,0,-17
1742100720.086133,-57,-34,-55
1742100720.121133,-19,73,-113
1742100720.1561332,-5,-12,-35
1742100720.1921332,18,-44,66
1742100720.227133,-13,-60,-35
1742100720.263133,-29,-56,18
1742100720.2981331,34,49,-85
1742100720.3341331,-45,29,14
1742100720.369133,24,21,66
1742100720.404133,20,-24,-81
1742100720.440133,52,5,-53
1742100720.4751332,-91,9,-101
1742100720.5111332,0,-20,-31
1742100720.546133,-9,49,-57
1742100720.582133,-33,28,-59
1742100720.6171331,-12,-87,20
1742100720.652133,-15,49,-95
1742100720.688133,-121,17,-33
1742100720.723133,-7,51,-131
1742100720.759133,-1,51,-69
1742100720.7941332,96,-8,16
1742100720.8301332,-25,-40,-61
1742100720.865133,-43,27,-105
1742100720.9001331,38,-8,-45
1742100720.9361331,-40,49,-68
1742100720.971133,-43,39,47
1742100721.007133,-27,0,-78
1742100721.042133,-15,-58,-100
1742100721.078133,-13,21,-116
1742100721.1131332,50,-40,-84
1742100721.148133,-11,-32,-186
1742100721.184133,74,23,-122
1742100721.2191331,28,5,-18
1742100721.2551332,80,56,-12
1742100721.290133,94,55,-76
1742100721.326133,-87,-42,7
1742100721.361133,26,3,127
1742100721.3961332,-17,-4,-140
1742100721.4321332,34,-11,-90
1742100721.467133,26,-15,9
1742100721.503133,-57,-33,-16
1742100721.5381331,16,-7,-16
1742100721.5741332,40,-5,-156
1742100721.609133,72,-8,29
1742100721.644133,8,-5,-14
1742100721.680133,48,24,-100
1742100721.7151332,12,-12,-126
1742100721.751133,-45,16,-84
1742100721.786133,-7,33,25
1742100721.822133,38,-4,-178
1742100721.858133,56,21,-118
1742100721.8931332,28,56,-180
1742100721.928133,-13,-37,-78
1742100721.964133,-3,4,-104
1742100722.000133,-93,16,-76
1742100722.0351331,16,20,-30
1742100722.0711331,110,34,-238
1742100722.106133,-73,-29,53
1742100722.141133,14,-37,-72
1742100722.1761332,90,-37,-108
1742100722.2121332,-43,2,5
1742100722.2481332,-29,20,-20
1742100722.283133,40,32,-60
1742100722.319133,40,-63,101
1742100722.3541331,18,-55,-72
1742100722.389133,-9,-65,-150
1742100722.424133,-65,-79,27
1742100722.460133,-39,-5,-76
1742100722.496133,22,-3,3
1742100722.5311332,6,-41,-84
1742100722.5671332,2,36,-66
1742100722.602133,38,0,-84
1742100722.6371331,50,-13,-34
1742100722.672133,44,-49,-90
1742100722.708133,-71,-19,-36
1742100722.744133,-49,-77,-98
1742100722.779133,-5,18,-124
1742100722.815133,-53,-5,-30
1742100722.8501332,-3,-13,-22
1742100722.885133,6,-5,-68
1742100722.920133,38,32,15
1742100722.9561331,86,-19,33
1742100722.9921331,-11,-7,-136
1742100723.027133,4,13,57
1742100723.063133,32,43,1
1742100723.098133,-35,-18,-18
1742100723.1331332,36,-42,-144
1742100723.168133,0,-44,-28
1742100723.204133,0,-34,-120
1742100723.240133,4,15,-95
1742100723.2751331,50,49,-107
1742100723.3111331,72,21,26
1742100723.346133,-17,15,14
1742100723.381133,-23,25,-95
1742100723.4161332,0,33,-127
1742100723.4521332,34,-46,-13
1742100723.4881332,18,-42,-17
1742100723.523133,6,17,-83
1742100723.559133,36,-12,-53
1742100723.5941331,38,41,10
1742100723.629133,-17,39,-163
1742100723.664133,-13,3,74
1742100723.700133,16,-80,-51
1742100723.736133,82,39,-133
1742100723.7711332,-25,33,-161
1742100723.8071332,40,-36,-83
1742100723.842133,-53,5,-123
1742100723.8771331,10,-32,-55
1742100723.912133,20,-32,-85
1742100723.948133,-19,-92,-9
1742100723.984133,2,75,-81
1742100724.019133,34,-24,-13
1742100724.055133,-47,-71,-45
1742100724.0901332,-39,70,-173
1742100724.125133,38,4,-193
1742100724.1601331,36,-21,-111
1742100724.1961331,28,14,-113
1742100724.2321332,8,2,-27
1742100724.267133,-21,34,-143
1742100724.303133,0,42,-173
1742100724.338133,0,18,-13
1742100724.3731332,-13,36,-79
1742100724.408133,-17,-19,-39
1742100724.444133,44,-23,-97
1742100724.480133,-25,-71,-85
1742100724.5151331,6,-9,-95
1742100724.5511332,-125,24,-107
1742100724.586133,24,8,-67
1742100724.621133,-65,-9,56
1742100724.6561332,8,-23,-33
1742100724.6921332,-5,46,-143
1742100724.7281332,48,52,36
1742100724.763133,20,-1,-83
1742100724.799133,-57,-47,-131
1742100724.8341331,-31,-45,28
1742100724.869133,46,8,76
1742100724.904133,20,-43,0
1742100724.940133,32,82,-5
1742100724.976133,0,-31,-85
1742100725.0111332,6,-141,-169
1742100725.047133,-19,58,14
1742100725.082133,-31,52,-81
1742100725.1171331,-35,6,-61
1742100725.152133,-9,-71,-35
1742100725.188133,66,-11,12
1742100725.224133,64,-19,8
1742100725.259133,-1,-17,-111
1742100725.295133,96,-41,-43
1742100725.3301332,34,-1,-62
1742100725.365133,-7,-55,-42
1742100725.4001331,16,18,-54
1742100725.4361331,92,-1,-108
1742100725.4721332,-57,40,-80
1742100725.507133,20,-63,-16
1742100725.543133,-57,84,-40
1742100725.578133,28,8,-58
1742100725.6131332,-77,38,5
1742100725.648133,-33,-58,87
1742100725.684133,4,-34,-26
1742100725.720133,-27,-6,0
1742100725.7551332,-43,-32,-30
1742100725.7911332,-33,-68,-62
1742100725.826133,74,37,15
1742100725.861133,18,61,-32
1742100725.897133,-89,69,-46
1742100725.9321332,56,47,-126
1742100725.968133,-59,61,-18
1742100726.003133,-69,15,-52
1742100726.039133,-7,-66,-78
1742100726.0741332,-5,9,-42
1742100726.109133,-43,-36,-92
1742100726.145133,-11,49,-44
1742100726.180133,86,11,-182
1742100726.216133,-21,-56,-26
1742100726.251133,124,-40,-56
1742100726.287133,-31,13,-96
1742100726.322133,10,-70,-70
1742100726.3571332,34,-92,-2
1742100726.3931332,-39,35,-24
1742100726.428133,66,15,-4
1742100726.464133,66,61,-82
1742100726.499133,-3,13,-2
1742100726.5351331,-5,23,-32
1742100726.570133,-67,-22,39
1742100726.605133,-9,37,9
1742100726.641133,-25,-14,67
1742100726.6761332,-97,19,-100
1742100726.7121332,-89,41,-2
1742100726.747133,12,51,-5
1742100726.783133,4,35,47
1742100726.818133,-13,53,-62
1742100726.8531332,84,-14,-72
1742100726.889133,-35,-62,-44
1742100726.924133,-88,36,-12
1742100726.960133,-91,-14,-92
1742100726.9951332,-7,-7,-98
1742100727.0311332,-87,-44,-98
1742100727.066133,34,-24,-38
1742100727.101133,-55,65,11
1742100727.1371331,16,48,-122
1742100727.172133,2,24,-76
1742100727.208133,-47,-11,-146
1742100727.243133,-29,-5,-146
1742100727.279133,-75,-43,-71
1742100727.3141332,74,14,-5
1742100727.349133,-7,20,12
1742100727.385133,-3,32,-79
1742100727.420133,22,42,-125
1742100727.4561331,-9,-25,-93
1742100727.491133,2,-17,-77
1742100727.527133,-21,-39,-35
1742100727.562133,8,38,-83
1742100727.5971332,-15,-11,-75
1742100727.6331332,-5,-27,4
1742100727.668133,-13,16,-37
1742100727.704133,-1,-29,-59
1742100727.7391331,4,-17,-43
1742100727.7751331,-43,-53,-55
1742100727.810133,-37,10,-61
1742100727.845133,-57,-1,-119
1742100727.881133,-27,60,-25
1742100727.9161332,-5,26,-107
1742100727.9521332,30,54,-3
1742100727.987133,26,0,-167
1742100728.023133,14,-32,-41
1742100728.0581331,-9,-26,-73
1742100728.093133,46,-26,-11
1742100728.129133,10,-13,-205
1742100728.164133,-7,-37,-59
1742100728.200133,22,-5,-81
1742100728.2351332,-19,48,-143
1742100728.270133,-21,20,-31
1742100728.305133,-33,-7,30
1742100728.341133,-9,-75,-1
1742100728.3771331,-9,27,-99
1742100728.412133,28,-28,34
1742100728.448133,-17,39,-43
1742100728.483133,-63,-2,-77
1742100728.5181332,20,29,-87
1742100728.553133,-21,19,-103
1742100728.589133,-19,0,-65
1742100728.625133,-45,-18,-59
1742100728.6601331,10,-18,60
1742100728.6961331,54,95,-39
1742100728.731133,54,51,-53
1742100728.766133,-49,-30,26
1742100728.8011332,-31,9,-109
1742100728.8371332,34,-12,-103
1742100728.8731332,-9,23,-177
1742100728.915133,6,-12,44
1742100728.9521332,-17,15,-91
1742100728.987133,-15,3,-29
1742100729.022133,64,-84,4
1742100729.0571332,-17,9,-121
1742100729.093133,54,-10,100
1742100729.129133,-17,52,-3
1742100729.164133,114,38,-63
1742100729.200133,-57,17,-58
1742100729.2351332,-47,-16,-90
1742100729.270133,-73,-10,-94
1742100729.305133,44,50,-124
1742100729.341133,-7,24,-82
1742100729.3771331,-21,4,-46
1742100729.412133,-11,38,-108
1742100729.448133,-45,-45,-20
1742100729.483133,32,70,-42
1742100729.5181332,-15,-19,-58
1742100729.553133,16,-17,-92
1742100729.589133,68,-45,-38
1742100729.625133,24,-17,17
1742100729.6601331,-59,30,-82
1742100729.6961331,-42,-53,-34
1742100729.731133,-45,-5,-58
1742100729.766133,-9,-47,-46
1742100729.8011332,34,-7,-42
1742100729.8371332,74,0,-44
1742100729.8731332,28,-35,-4
1742100729.908133,82,-35,-150
1742100729.944133,24,-89,-74
1742100729.9791331,-33,16,-50
1742100730.014133,40,-13,-44
1742100730.049133,12,-25,-110
1742100730.085133,-37,-17,-42
1742100730.121133,-59,44,41
1742100730.1561332,20,14,-38
1742100730.1921332,-35,32,-68
1742100730.227133,36,59,-88
1742100730.2621331,30,1,-110
1742100730.297133,-13,19,-52
1742100730.333133,6,39,-116
1742100730.369133,-35,-56,-28
1742100730.404133,-43,5,-74
1742100730.440133,106,71,-82
1742100730.4751332,42,25,51
1742100730.510133,-31,-38,-124
1742100730.545133,-49,17,-60
1742100730.5811331,-31,13,-130
1742100730.6171331,-17,79,-16
1742100730.652133,-57,-30,-64
1742100730.688133,-19,-48,17
1742100730.723133,-11,-86,9
1742100730.7581332,-29,-20,-38
1742100730.793133,18,-72,7
1742100730.829133,-1,11,-4
1742100730.865133,-21,5,-162
1742100730.9001331,110,53,13
1742100730.9361331,48,37,-126
1742100730.971133,65,61,3
1742100731.006133,1,37,66
1742100731.0411332,129,109,30
1742100731.0771332,17,-22,-5
1742100731.1131332,-20,-8,2
1742100731.148133,-44,5,-37
1742100731.184133,47,-16,0
1742100731.2191331,29,-24,46
1742100731.254133,-50,-42,-127
1742100731.289133,-18,9,-71
1742100731.325133,41,-2,-51
1742100731.361133,95,11,-73
1742100731.3961332,3,23,-89
1742100731.4321332,-44,-52,-11
1742100731.467133,11,-54,-25
1742100731.5021331,-26,-12,-27
1742100731.537133,0,-70,-15
1742100731.573133,-18,-70,-73
1742100731.609133,-104,-78,-107
1742100731.644133,37,57,-11
1742100731.680133,-28,-2,-63
1742100731.7151332,85,-38,34
1742100731.750133,-42,-154,-19
1742100731.7851331,-46,-64,-89
1742100731.8211331,-57,1,-67
1742100731.8571332,-9,13,-35
1742100731.892133,34,-8,-104
1742100731.928133,36,-22,-52
1742100731.963133,26,-54,-208
1742100731.9981332,-41,55,-86
1742100732.033133,-5,11,-130
1742100732.069133,-9,71,-28
1742100732.105133,-25,-8,-108
1742100732.1401331,-21,-80,-76
1742100732.1761332,-31,7,-52
1742100732.211133,-87,0,-102
1742100732.246133,-19,57,-70
1742100732.282133,4,11,-76
1742100732.3171332,-25,17,-68
1742100732.3531332,19,-8,-90
1742100732.388133,35,83,-62
1742100732.424133,17,-36,37
1742100732.4591331,29,-14,-68
1742100732.494133,12,11,31
1742100732.530133,16,-16,-162
1742100732.565133,-55,-76,9
1742100732.601133,48,-26,33
1742100732.6361332,-39,-24,-54
1742100732.672133,5,27,23
1742100732.707133,-86,39,-86
1742100732.7421331,51,-12,21
1742100732.7781332,-55,-2,-72
1742100732.813133,-37,-62,-32
1742100732.849133,-31,-2,-78
1742100732.884133,-29,-12,47
1742100732.920133,16,67,-134
1742100732.9551332,88,-4,-60
1742100732.990133,-49,-54,-38
1742100733.026133,24,-30,73
1742100733.0611331,76,29,-82
1742100733.0971332,56,-40,-92
1742100733.132133,-21,-32,-102
1742100733.168133,-11,-48,25
1742100733.203133,-71,-30,-86
1742100733.2381332,36,-54,9
1742100733.274133,14,-6,-110
1742100733.309133,-1,63,-6
1742100733.345133,6,53,-152
1742100733.3801332,-75,71,31
1742100733.4161332,-61,13,-68
1742100733.451133,80,23,-50
1742100733.486133,-43,3,-2
1742100733.522133,-13,-8,-76
1742100733.5571332,0,-56,-108
1742100733.593133,44,67,-12
1742100733.628133,-57,41,-46
1742100733.664133,-55,33,3
1742100733.6991332,-9,-20,1
1742100733.734133,-79,27,-32
1742100733.770133,-25,23,-52
1742100733.805133,44,-14,-36
1742100733.841133,22,57,7
1742100733.876133,8,49,37
1742100733.911133,0,13,-8
1742100733.9461331,62,79,-112
1742100733.9821332,-33,37,49
1742100734.0181332,-21,17,-150
1742100734.053133,72,-40,-162
1742100734.089133,10,-34,71
1742100734.124133,-75,27,-130
1742100734.1601331,26,-4,-72
1742100734.195133,16,89,-109
1742100734.230133,50,21,65
1742100734.266133,78,69,-63
1742100734.3011332,44,-30,30
1742100734.3371332,8,15,-55
1742100734.372133,28,-38,82
1742100734.408133,6,-46,-39
1742100734.443133,-27,-32,-113
1742100734.4781332,-23,-24,2
1742100734.514133,22,-18,16
1742100734.549133,42,-40,-1
1742100734.585133,-11,-6,-93
1742100734.6201332,-37,15,92
1742100734.6561332,-27,-26,-145
1742100734.6921332,38,51,-125
1742100734.727133,-15,-56,-79
1742100734.7621331,-3,0,64
1742100734.7981331,28,-38,24
1742100734.8341331,-24,-18,-39
1742100734.869133,19,26,-1
1742100734.905133,-22,7,-93
1742100734.940133,-52,-32,-167
1742100734.9751332,21,16,-87
1742100735.010133,53,-8,10
1742100735.046133,7,-11,-11
1742100735.082133,-20,40,8
1742100735.1171331,-4,20,-95
1742100735.1531332,-44,40,-141
1742100735.188133,19,40,-125
1742100735.223133,49,-5,-41
1742100735.2581332,31,-64,-135
1742100735.2941332,-38,-26,64
1742100735.3301332,-40,-22,-57
1742100735.365133,-34,-4,-19
1742100735.401133,3,55,-45
1742100735.4361331,86,-12,-139
1742100735.471133,-7,-18,-17
1742100735.506133,74,27,-59
1742100735.542133,-43,-44,-17
1742100735.578133,20,-40,-9
1742100735.6131332,-3,-40,-93
1742100735.649133,-21,43,-122
1742100735.684133,-37,25,-54
1742100735.7191331,-5,-20,69
1742100735.754133,-29,-36,-36
1742100735.790133,-1,1,-2
1742100735.826133,82,-36,-52
1742100735.861133,24,11,5
1742100735.897133,51,83,-104
1742100735.9321332,-14,-16,-146
1742100735.967133,-28,-56,-80
1742100736.0021331,-14,-18,57
1742100736.0381331,31,-20,-4
1742100736.0741332,-62,-84,-108
1742100736.109133,-34,-12,-104
1742100736.145133,-10,-90,-228
1742100736.180133,5,-20,-54
1742100736.2151332,-26,29,-70
1742100736.250133,-34,-26,-48
1742100736.286133,37,-4,-154
1742100736.322133,-52,63,-44
1742100736.3571332,-22,-54,-54
1742100736.3931332,91,4,-16
1742100736.428133,-60,5,123
1742100736.463133,3,35,39
1742100736.4981332,21,15,9
1742100736.5341332,33,-46,-88
1742100736.570133,33,13,-96
1742100736.605133,39,-8,-94
1742100736.641133,-38,-78,-162
1742100736.6761332,-16,15,-92
1742100736.711133,-8,-48,-31
1742100736.746133,7,-58,-133
1742100736.782133,27,5,-91
1742100736.818133,7,17,-103
1742100736.8531332,-19,-32,-61
1742100736.889133,-41,-32,-25
1742100736.924133,-31,-12,56
1742100736.9591331,-33,17,-65
1742100736.994133,16,-40,64
1742100737.030133,-11,19,-93
1742100737.066133,-17,9,128
1742100737.101133,12,1,16
1742100737.1371331,26,-24,-161
1742100737.172133,-21,23,10
1742100737.207133,48,19,-69
1742100737.2421331,-11,-6,-145
1742100737.2781332,-1,13,-33
1742100737.3141332,-35,19,-41
1742100737.349133,56,-28,38
1742100737.385133,0,-18,-71
1742100737.420133,28,-14,-91
1742100737.4551332,-113,15,-113
1742100737.490133,-51,-66,-17
1742100737.526133,-7,31,-31
1742100737.562133,-53,49,-115
1742100737.5971332,38,31,-129
1742100737.6331332,52,-8,-81
1742100737.668133,38,-44,-166
1742100737.703133,90,-8,-112
1742100737.7381332,52,27,11
1742100737.774133,-21,57,-168
1742100737.810133,40,-26,-64
1742100737.845133,-21,-24,-108
1742100737.881133,-15,-30,79
1742100737.9161332,-31,15,-60
1742100737.951133,-61,-64,1
1742100737.986133,-29,65,-88
1742100738.022133,-3,-66,15
1742100738.0581331,-35,-12,-176
1742100738.093133,44,-26,67
1742100738.129133,34,19,21
1742100738.164133,-31,-48,-64
1742100738.1991332,-17,-106,-56
1742100738.234133,32,-40,5
1742100738.270133,38,35,17
1742100738.306133,38,81,-80
1742100738.341133,72,-8,-26
1742100738.3771331,60,-4,-30
1742100738.412133,-45,11,-132
1742100738.447133,-39,33,-24
1742100738.483133,-21,-36,-54
1742100738.5181332,-35,-46,-30
1742100738.5541332,14,-14,-102
1742100738.589133,-68,-52,-64
1742100738.625133,44,13,-80
1742100738.6601331,-15,39,-118
1742100738.695133,-38,59,27
1742100738.731133,-38,-16,-16
1742100738.766133,-35,11,-28
1742100738.802133,-27,9,-106
1742100738.8371332,-15,39,-34
1742100738.8731332,-1,5,-142
1742100738.908133,-12,5,-32
1742100738.950133,94,35,-82
1742100738.987133,-1,-40,-22
1742100739.022133,-18,-52,13
1742100739.0581331,11,-24,-66
1742100739.093133,-24,-88,-80
1742100739.129133,15,-30,-86
1742100739.164133,-5,-32,-164
1742100739.1991332,0,31,-146
1742100739.2351332,26,-60,-38
1742100739.270133,-33,43,-80
1742100739.306133,12,-50,-30
1742100739.341133,72,77,-64
1742100739.3771331,12,-32,-46
1742100739.412133,-3,-58,-84
1742100739.447133,30,41,-132
1742100739.483133,-19,-40,45
1742100739.5181332,6,-48,57
1742100739.5541332,-13,-32,13
1742100739.589133,64,47,-16
1742100739.625133,68,-14,-182
1742100739.6601331,-5,-14,-30
1742100739.695133,-58,81,-26
1742100739.731133,-8,-32,-48
1742100739.766133,36,-2,-100
1742100739.802133,26,77,-94
1742100739.8371332,6,-40,-140
1742100739.8731332,14,-2,-30
1742100739.908133,54,29,-46
1742100739.943133,-34,23,-70
1742100739.9791331,-26,9,-90
1742100740.014133,3,11,-104
1742100740.050133,57,25,61
1742100740.085133,9,41,195
1742100740.121133,45,1,-48
1742100740.1561332,-36,-6,-162
1742100740.191133,21,-2,-8
1742100740.227133,21,55,-140
1742100740.2621331,-6,25,-68
1742100740.2981331,69,33,-74
1742100740.333133,19,-6,-112
1742100740.369133,15,-2,-158
1742100740.404133,-25,7,17
1742100740.4391332,52,55,-88
1742100740.4751332,2,91,-34
1742100740.510133,16,-4,-96
1742100740.546133,62,41,-126
1742100740.5811331,78,-34,41
1742100740.6171331,58,3,-164
1742100740.652133,36,-52,-60
1742100740.687133,90,-46,0
1742100740.723133,74,-16,-4
1742100740.7581332,-57,39,-12
1742100740.7941332,58,29,-36
1742100740.829133,-3,0,-34
1742100740.865133,20,65,-116
1742100740.9001331,-29,0,-70
1742100740.935133,42,-42,-46
1742100740.971133,-1,-68,-156
1742100741.006133,27,55,35
1742100741.042133,40,9,19
1742100741.0771332,-29,113,81
1742100741.1131332,12,5,-26
1742100741.149133,-53,-62,-22
1742100741.184133,2,51,-44
1742100741.2191331,26,-18,-74
1742100741.2551332,-37,15,25
1742100741.2911332,-85,1,3
1742100741.326133,-1,27,-122
1742100741.362133,-1,-54,25
1742100741.397133,-19,-78,-90
1742100741.4321332,-41,39,-106
1742100741.467133,-31,23,-64
1742100741.503133,-5,-24,-12
1742100741.539133,-63,45,-186
1742100741.5741332,44,-8,-66
1742100741.6101332,2,9,-58
1742100741.645133,76,-36,-242
1742100741.680133,110,31,-106
1742100741.7151332,68,105,-60
1742100741.751133,-35,55,31
1742100741.787133,16,-8,-20
1742100741.822133,4,-14,-170
1742100741.858133,-19,-64,39
1742100741.8931332,100,-44,-34
1742100741.928133,-33,19,-174
1742100741.963133,90,17,1
1742100741.999133,44,43,-90
1742100742.0351331,-59,23,-98
1742100742.070133,-41,-2,-136
1742100742.106133,29,69,17
1742100742.141133,63,7,-124
1742100742.1761332,-22,-30,-74
1742100742.211133,47,-36,-122
1742100742.247133,-25,-14,-64
1742100742.283133,15,115,-46
1742100742.318133,5,-34,47
1742100742.3541331,11,3,-80
1742100742.389133,5,-2,23
1742100742.424133,-3,59,0
1742100742.4591331,-15,51,-12
1742100742.4951332,51,-42,-32
1742100742.5311332,-97,-26,9
1742100742.566133,-61,-14,-14
1742100742.602133,42,-18,55
1742100742.6371331,-69,59,9
1742100742.672133,18,49,5
1742100742.707133,-99,13,-80
1742100742.743133,-79,17,25
1742100742.779133,18,-30,79
1742100742.8141332,16,-32,79
1742100742.8501332,14,9,-78
1742100742.885133,-17,-2,-88
1742100742.920133,26,-26,-22
1742100742.9551332,6,45,-62
1742100742.991133,8,-20,-10
1742100743.027133,-33,31,-8
1742100743.062133,-21,-36,-122
1742100743.098133,10,-12,-74
1742100743.1331332,36,-3,41
1742100743.168133,2,12,-8
1742100743.203133,-15,22,-36
1742100743.2391331,46,-8,39
1742100743.2751331,50,39,-86
1742100743.310133,-77,-16,-88
1742100743.346133,38,31,-164
1742100743.381133,44,25,-10
1742100743.4161332,-59,-30,-104
1742100743.451133,-60,-32,-34
1742100743.487133,-18,-12,-126
1742100743.523133,2,-20,-144
1742100743.5581331,90,-24,-44
1742100743.5941331,20,11,-114
1742100743.629133,13,63,-116
1742100743.664133,-26,-24,-36
1742100743.6991332,26,19,-68
1742100743.7351332,27,115,-60
1742100743.7711332,37,-18,21
1742100743.806133,-21,-24,-86
1742100743.842133,56,21,-114
1742100743.8771331,-13,0,-46
1742100743.912133,38,-52,-190
1742100743.947133,20,-8,-122
1742100743.983133,-79,-66,5
1742100744.019133,46,-30,-74
1742100744.0541332,-27,15,83
1742100744.0901332,-5,-30,-30
1742100744.125133,-35,45,-172
1742100744.1601331,22,-18,-18
1742100744.195133,18,49,7
1742100744.231133,-22,-20,-38
1742100744.267133,23,19,-26
1742100744.302133,-2,-6,-8
1742100744.338133,-2,45,-54
1742100744.3731332,-36,-68,-42
1742100744.408133,19,-58,-68
1742100744.443133,65,7,-42
1742100744.4791331,-32,19,95
1742100744.5151331,-4,-10,-116
1742100744.550133,-22,-12,-20
1742100744.586133,35,-6,-144
1742100744.621133,-74,35,-40
1742100744.6561332,11,81,97
1742100744.691133,-80,-12,-96
1742100744.727133,-2,-58,21
1742100744.763133,53,-14,-78
1742100744.7981331,-14,-14,-48
1742100744.8341331,29,-68,-26
1742100744.869133,31,23,-40
1742100744.904133,-13,3,0
1742100744.9391332,12,18,-164
1742100744.9751332,0,-19,-124
1742100745.0111332,16,-89,151
1742100745.046133,112,28,19
1742100745.082133,8,4,131
1742100745.1171331,26,14,-68
1742100745.152133,-27,17,-96
1742100745.187133,4,-36,-148
1742100745.223133,-27,-27,-42
1742100745.259133,82,-32,-34
1742100745.2941332,-17,-4,-16
1742100745.3301332,-47,61,0
1742100745.365133,66,-10,11
1742100745.4001331,96,3,-14
1742100745.4361331,-37,107,47
1742100745.471133,36,59,27
1742100745.507133,26,51,-92
1742100745.542133,2,-18,-22
1742100745.578133,24,91,1
1742100745.6131332,30,-50,-100
1742100745.648133,36,27,-8
1742100745.684133,6,-74,-76
1742100745.7191331,34,-48,21
1742100745.7551332,10,-12,-150
1742100745.790133,2,-108,-72
1742100745.826133,51,-22,-10
1742100745.861133,-84,9,-138
1742100745.8961332,117,19,11
1742100745.9321332,-10,-36,-40
1742100745.967133,11,23,-64
1742100746.003133,34,63,-146
1742100746.0381331,10,-34,-44
1742100746.0741332,-49,-4,-128
1742100746.109133,6,-16,-4
1742100746.144133,-28,-48,41
1742100746.180133,96,71,-6
1742100746.2151332,20,13,-44
1742100746.251133,5,23,-18
1742100746.286133,5,36,-38
1742100746.322133,100,44,-36
1742100746.3571332,-9,-20,-52
1742100746.392133,34,19,-74
1742100746.428133,-89,40,-40
1742100746.463133,-12,32,-14
1742100746.499133,21,-19,-176
1742100746.5341332,-82,26,-184
1742100746.570133,-68,-20,-90
1742100746.605133,17,-70,-94
1742100746.6401331,3,-64,33
1742100746.6761332,-78,-30,-20
1742100746.711133,-78,-36,-90
1742100746.747133,-8,-32,-54
1742100746.782133,-34,-56,-86
1742100746.818133,0,-46,27
1742100746.8531332,19,51,-35
1742100746.888133,3,25,-109
1742100746.924133,-42,49,14
1742100746.9591331,-6,39,46
1742100746.9951332,-48,61,-27
1742100747.030133,-2,-4,-101
1742100747.066133,55,57,2
1742100747.101133,-32,-12,-7
1742100747.1361332,19,51,-39
1742100747.172133,33,-6,-85
1742100747.207133,-34,-20,-13
1742100747.243133,71,35,-71
1742100747.2781332,-29,15,-33
1742100747.3141332,-33,-78,-185
1742100747.349133,-19,33,-43
1742100747.384133,-28,31,-13
1742100747.420133,-29,-20,-59
1742100747.4551332,4,63,-23
1742100747.491133,28,20,4
1742100747.526133,-65,14,-113
1742100747.562133,-29,-15,-145
1742100747.598133,66,-1,-53
1742100747.6331332,-33,-45,-158
1742100747.668133,-17,18,-94
1742100747.704133,-48,-7,19
1742100747.740133,-100,24,-140
1742100747.7751331,-2,-15,-108
1742100747.8111331,12,10,65
1742100747.846133,16,18,-94
1742100747.881133,9,12,-66
1742100747.9161332,39,10,9
1742100747.9521332,39,-45,-88
1742100747.9881332,11,-5,-62
1742100748.023133,9,50,-88
1742100748.059133,-28,-69,-105
1742100748.0941331,12,26,-125
1742100748.129133,-15,-31,-65
1742100748.164133,46,-15,-77
1742100748.200133,-63,-23,-39
1742100748.236133,20,12,-27
1742100748.2711332,4,-5,-79
1742100748.3071332,-107,-25,-69
1742100748.342133,-23,3,-73
1742100748.3771331,14,64,12
1742100748.412133,20,-5,-53
1742100748.448133,-67,-19,-213
1742100748.484133,6,-27,-107
1742100748.519133,8,95,-89
1742100748.555133,29,-8,-21
1742100748.5901332,-39,-10,-55
1742100748.625133,-49,-109,-39
1742100748.6601331,22,-2,-127
1742100748.6961331,-51,-38,20
1742100748.7321332,-45,33,-55
1742100748.767133,44,40,14
1742100748.803133,10,-4,-63
1742100748.838133,-3,64,-131
1742100748.8731332,2,-55,-61
1742100748.908133,-17,-62,-177
1742100748.944133,6,-52,-62
1742100748.987133,14,9,-24
1742100749.023133,-45,0,-48
1742100749.059133,2,-34,-68
1742100749.0941331,-15,19,-26
1742100749.129133,-1,7,-26
1742100749.164133,48,57,-60
1742100749.200133,-73,-4,11
1742100749.236133,100,-2,-170
1742100749.2711332,20,-12,-6
1742100749.3071332,0,-74,-34
1742100749.342133,0,27,33
1742100749.3771331,52,37,69
1742100749.412133,-23,0,-66
1742100749.448133,26,23,-174
1742100749.484133,-39,-15,-34
1742100749.519133,-51,44,-104
1742100749.555133,38,-29,-88
1742100749.5901332,36,-63,-60
1742100749.625133,56,42,-64
1742100749.6601331,6,20,-104
1742100749.6961331,-29,-31,-154
1742100749.7321332,-73,-25,59
1742100749.767133,-17,-49,-40
1742100749.803133,-45,-97,-92
1742100749.838133,-9,20,-4
1742100749.8731332,56,-53,-76
1742100749.908133,50,24,-98
1742100749.944133,-39,24,-42
1742100749.980133,50,4,-54
1742100750.0151331,-101,-7,-20
1742100750.0511332,-83,-35,-80
1742100750.086133,52,4,-60
1742100750.121133,62,-5,-76
1742100750.1561332,-41,-9,-10
1742100750.1921332,40,8,33
1742100750.2281332,20,-9,-136
1742100750.263133,2,-19,-74
1742100750.299133,46,-25,-198
1742100750.3341331,8,-5,-88
1742100750.369133,-7,42,-78
1742100750.404133,4,-17,25
1742100750.440133,-41,10,119
1742100750.476133,6,68,-248
1742100750.5111332,66,28,-94
1742100750.547133,18,-4,11
1742100750.582133,-51,-26,-110
1742100750.6171331,-53,-7,107
1742100750.652133,36,-50,-46
1742100750.688133,30,34,-85
1742100750.724133,32,12,-66
1742100750.759133,-45,-9,-78
1742100750.795133,24,-100,-92
1742100750.8301332,-87,-6,35
1742100750.865133,-11,-9,-174
1742100750.9001331,28,-15,-92
1742100750.9361331,34,8,1
1742100750.9721332,30,2,-144
1742100751.007133,-33,36,27
1742100751.043133,-7,-31,-144
1742100751.078133,-17,52,-180
1742100751.1131332,-19,-10,-198
1742100751.148133,-65,27,-96
1742100751.184133,-43,57,-12
1742100751.220133,-53,-16,-112
1742100751.2551332,-3,-16,-28
1742100751.2911332,-39,65,-70
1742100751.326133,-37,15,-54
1742100751.361133,-51,-36,-85
1742100751.3961332,-57,-8,-189
1742100751.4321332,-13,35,-63
1742100751.468133,38,-42,-45
1742100751.503133,-9,23,-19
1742100751.539133,-9,-24,-49
1742100751.5741332,56,23,-45
1742100751.609133,28,19,-147
1742100751.644133,-53,3,-89
1742100751.680133,-53,7,-101
1742100751.716133,-11,45,-69
1742100751.751133,-25,3,-111
1742100751.787133,-43,1,30
1742100751.822133,-27,25,-107
1742100751.8571332,-17,29,-41
1742100751.8931332,-47,0,-31
1742100751.928133,-15,41,-121
1742100751.964133,62,49,-29
1742100751.999133,60,23,60
1742100752.0351331,24,65,-27
1742100752.070133,-81,-38,20
1742100752.105133,-37,-6,-55
1742100752.141133,14,-12,-115
1742100752.1761332,38,-76,-28
1742100752.2121332,26,15,-144
1742100752.247133,-71,79,-32
1742100752.283133,-41,59,-84
1742100752.318133,54,-60,-98
1742100752.3531332,-21,-34,37
1742100752.389133,-3,57,-132
1742100752.424133,30,17,-96
1742100752.460133,100,-10,-190
1742100752.4951332,8,-34,-34
1742100752.5311332,-5,-38,-112
1742100752.566133,-64,-40,-124
1742100752.601133,-11,-86,71
1742100752.6371331,21,-62,29
1742100752.672133,-27,-12,-88
1742100752.708133,-45,-64,-75
1742100752.743133,-25,115,-22
1742100752.779133,-46,15,-23
1742100752.8141332,47,17,-31
1742100752.849133,-20,0,-90
1742100752.885133,75,-2,-35
1742100752.920133,-7,67,-183
1742100752.9561331,-36,-72,-131
1742100752.991133,-42,-6,8
1742100753.027133,3,27,-49
1742100753.062133,-46,27,2
1742100753.0971332,-14,-36,-155
1742100753.1331332,-34,11,-79
1742100753.168133,9,-20,-87
1742100753.204133,-10,9,-93
1742100753.2391331,-78,0,-33
1742100753.2751331,31,29,-53
1742100753.310133,-8,11,58
1742100753.345133,21,0,-115
1742100753.381133,-30,43,-35
1742100753.4161332,15,105,-63
1742100753.4521332,25,-56,0
1742100753.487133,11,-18,-21
1742100753.523133,-40,31,16
1742100753.5581331,-8,71,-3
1742100753.593133,41,-18,-85
1742100753.629133,13,-4,70
1742100753.664133,23,-42,-93
1742100753.700133,-52,9,-121
1742100753.7351332,-27,-28,-91
1742100753.7711332,20,25,-85
1742100753.806133,78,45,-77
1742100753.841133,-21,43,-19
1742100753.8771331,-31,-20,-19
1742100753.912133,72,15,-117
1742100753.948133,-61,-22,-179
1742100753.983133,-35,23,-123
1742100754.019133,-13,9,10
1742100754.055133,-29,-22,-35
1742100754.091133,-57,69,-133
1742100754.1271331,18,-22,-99
1742100754.162133,6,87,-83
1742100754.197133,62,-46,-65
1742100754.233133,34,-62,-89
1742100754.269133,-39,-36,-77
1742100754.3041332,40,-52,-27
1742100754.3401332,14,15,-25
1742100754.375133,-17,9,12
1742100754.4101331,-87,13,-31
1742100754.445133,-11,-6,-81
1742100754.481133,-3,-44,52
1742100754.517133,-25,-37,-93
1742100754.552133,20,8,-45
1742100754.588133,-9,16,-9
1742100754.6231332,34,42,-141
1742100754.658133,-3,48,-81
1742100754.693133,-29,-43,-69
1742100754.7291331,94,42,14
1742100754.7651331,-55,0,-43
1742100754.800133,-53,33,-139
1742100754.836133,42,101,10
1742100754.871133,40,-46,-12
1742100754.9061332,-93,41,-28
1742100754.941133,60,19,-96
1742100754.977133,86,-18,-95
1742100755.013133,-25,-76,-78
1742100755.0481331,108,-12,-126
1742100755.0841331,-43,21,-100
1742100755.119133,-15,-4,83
1742100755.154133,44,-38,53
1742100755.1891332,-7,-30,-54
1742100755.2251332,-47,-96,-54
1742100755.2611332,-51,-5,-68
1742100755.296133,20,-27,-82
1742100755.332133,58,-9,-16
1742100755.3671331,-49,-13,-4
1742100755.402133,-11,-7,-180
1742100755.437133,-13,42,-52
1742100755.473133,4,-43,-106
1742100755.509133,-71,-35,-110
1742100755.5441332,28,-7,-68
1742100755.5801332,-25,-5,-12
1742100755.615133,-37,28,-144
1742100755.6501331,-35,26,-46
1742100755.685133,-23,8,-80
1742100755.721133,-39,-41,75
1742100755.757133,-15,46,-108
1742100755.792133,40,2,-92
1742100755.828133,16,34,-48
1742100755.8631332,-31,104,-52
1742100755.898133,78,34,-10
1742100755.9331331,44,-11,-76
1742100755.9691331,-3,34,-12
1742100756.0051332,-27,8,-146
1742100756.040133,50,-37,-137
1742100756.076133,20,-11,-65
1742100756.111133,12,-69,69
1742100756.1461332,0,70,-69
1742100756.181133,12,-79,-173
1742100756.217133,14,-39,-77
1742100756.253133,-23,-51,-113
1742100756.2881331,98,-43,38
1742100756.3241332,-27,62,0
1742100756.359133,38,-7,-147
1742100756.394133,100,-28,-53
1742100756.4291332,42,35,-11
1742100756.4651332,-37,-38,-153
1742100756.501133,26,3,-89
1742100756.536133,-9,62,-3
1742100756.572133,-1,-10,10
1742100756.6071332,-91,10,18
1742100756.642133,-11,-9,-129
1742100756.677133,42,50,-9
1742100756.713133,86,22,-199
1742100756.749133,-31,18,-57
1742100756.7841332,22,47,-49
1742100756.820133,0,-24,34
1742100756.855133,36,-40,58
1742100756.8901331,-23,73,-231
1742100756.925133,68,-10,-111
1742100756.961133,74,29,-123
1742100756.997133,-7,9,-63
1742100757.032133,-13,15,-13
1742100757.068133,14,58,-51
1742100757.1031332,12,-2,-73
1742100757.138133,-15,11,18
1742100757.1731331,-47,3,-65
1742100757.2091331,10,154,-99
1742100757.2451332,28,28,52
1742100757.280133,54,78,38
1742100757.316133,10,32,-139
1742100757.351133,-9,-95,40
1742100757.3861332,-9,0,-65
1742100757.421133,-29,114,-9
1742100757.457133,34,-45,32
1742100757.493133,-19,21,24
1742100757.5281332,-21,25,-89
1742100757.5641332,12,-46,-193
1742100757.599133,-21,-23,-113
1742100757.634133,44,0,-9
1742100757.6691332,-21,20,-137
1742100757.7051332,-37,-13,26
1742100757.741133,-29,56,-119
1742100757.776133,50,-9,-31
1742100757.812133,42,32,-69
1742100757.8471332,-73,22,-153
1742100757.882133,78,28,-1
1742100757.917133,6,-27,-31
1742100757.953133,-31,54,10
1742100757.9891331,-41,47,54
1742100758.024133,-27,0,-155
1742100758.060133,48,-10,-99
1742100758.095133,-25,39,-29
1742100758.1301332,-25,19,18
1742100758.1661332,50,29,74
1742100758.201133,14,1,-29
1742100758.237133,70,17,-143
1742100758.272133,46,-54,-103
1742100758.3081331,68,29,-57
1742100758.343133,-21,-22,56
1742100758.378133,46,75,-71
1742100758.414133,44,-28,-81
1742100758.4491332,-19,61,10
1742100758.4851332,-9,-66,-83
1742100758.520133,32,111,-61
1742100758.556133,38,-74,-7
1742100758.591133,52,3,-45
1742100758.626133,-45,-18,-69
1742100758.662133,-9,15,-57
1742100758.697133,-13,17,-79
1742100758.733133,-13,-10,-33
1742100758.7681332,-9,29,-27
1742100758.8041332,-3,31,-157
1742100758.839133,-23,-32,-49
1742100758.874133,-29,-34,-153
1742100758.9101331,-61,-22,-101
1742100758.945133,-51,-85,-19
1742100758.9881332,40,-30,-109
1742100759.024133,6,23,10
1742100759.060133,46,15,12
1742100759.095133,44,63,36
1742100759.1301332,-8,3,-51
1742100759.1661332,22,-40,-9
1742100759.201133,52,27,-35
1742100759.237133,18,-50,76
1742100759.272133,-17,-20,-87
1742100759.3081331,56,87,-11
1742100759.343133,-69,51,-135
1742100759.378133,38,-46,-107
1742100759.414133,-1,5,-117
1742100759.4491332,-35,-56,4
1742100759.4851332,38,5,-155
1742100759.520133,54,35,12
1742100759.556133,42,-70,-107
1742100759.591133,-73,33,-77
1742100759.626133,-49,-20,-17
1742100759.662133,4,-2,-121
1742100759.697133,6,9,-25
1742100759.733133,4,-16,-57
1742100759.7681332,-19,0,-57
1742100759.8041332,12,-22,-65
1742100759.839133,10,53,14
1742100759.874133,36,17,-73
1742100759.9101331,-23,-66,14
1742100759.945133,20,61,-165
1742100759.981133,44,29,-23
1742100760.016133,6,-2,-99
1742100760.052133,20,1,-31
1742100760.0871332,-23,9,-63
1742100760.122133,-31,5,-99
1742100760.158133,26,-86,-241
1742100760.193133,-3,-2,-25
1742100760.2291331,-19,-8,-117
1742100760.264133,34,29,-121
1742100760.300133,-57,41,-73
1742100760.335133,-51,-12,74
1742100760.3701332,34,29,-125
1742100760.4061332,14,69,-79
1742100760.441133,-45,49,-57
1742100760.477133,-67,12,20
1742100760.5121331,-65,29,-57
1742100760.547133,-57,20,2
1742100760.582133,-21,34,-3
1742100760.618133,34,52,-35
1742100760.654133,-15,-33,-45
1742100760.6891332,-61,64,-99
1742100760.7251332,16,42,-117
1742100760.760133,-13,-57,-57
1742100760.795133,42,40,74
1742100760.8301332,-13,-54,-93
1742100760.866133,68,-20,-61
1742100760.902133,-13,13,-115
1742100760.937133,-97,-11,50
1742100760.973133,-71,-24,-57
1742100761.0081332,-51,-14,-101
1742100761.043133,20,-34,-73
1742100761.078133,42,23,-35
1742100761.1141331,14,25,-51
1742100761.1501331,8,11,18
1742100761.185133,-27,-18,-119
1742100761.221133,9,21,-75
1742100761.256133,23,-6,-43
1742100761.2911332,41,21,-95
1742100761.326133,73,15,-15
1742100761.362133,-7,-16,44
1742100761.398133,18,17,-65
1742100761.4331331,37,19,-25
1742100761.4691331,-29,29,-63
1742100761.504133,20,-2,-13
1742100761.539133,78,27,-67
1742100761.5741332,-29,-16,-15
1742100761.6101332,-31,-10,-83
1742100761.6461332,16,17,-43
1742100761.681133,-31,59,58
1742100761.717133,-1,41,-73
1742100761.7521331,48,-50,108
1742100761.787133,92,-40,-55
1742100761.822133,30,-70,-43
1742100761.858133,78,3,-123
1742100761.894133,66,-12,-155
1742100761.9291332,32,27,-143
1742100761.9651332,26,7,-7
1742100762.000133,-51,-40,-137
1742100762.0351331,-11,51,-19
1742100762.070133,74,7,-29
1742100762.106133,-1,49,-17
1742100762.142133,-81,-96,-79
1742100762.177133,22,15,-125
1742100762.213133,40,59,32
1742100762.2481332,16,-30,-99
1742100762.283133,70,7,-129
1742100762.318133,-5,1,-45
1742100762.3541331,34,-2,-37
1742100762.3901331,-17,-60,2
1742100762.425133,64,-80,-25
1742100762.461133,-59,-2,-49
1742100762.496133,34,7,-167
1742100762.5311332,-33,-34,-85
1742100762.566133,20,37,-117
1742100762.602133,18,-2,-117
1742100762.638133,-13,-13,-59
1742100762.6731331,-31,55,2
1742100762.7091331,-31,37,-95
1742100762.744133,42,60,-109
1742100762.779133,-41,-42,-93
1742100762.8141332,70,-64,-73
1742100762.8501332,-59,13,-93
1742100762.8861332,50,0,-129
1742100762.921133,-41,-20,114
1742100762.957133,14,11,-209
1742100762.9921331,-35,3,-119
1742100763.027133,-7,-70,-109
1742100763.062133,4,53,54
1742100763.098133,-11,-38,-17
1742100763.134133,6,51,-191
1742100763.1691332,58,19,-29
1742100763.2051332,-33,27,0
1742100763.240133,-13,-18,62
1742100763.2751331,-1,17,46
1742100763.310133,-39,-32,42
1742100763.346133,60,9,-59
1742100763.382133,-27,9,58
1742100763.417133,20,-40,-19
1742100763.453133,-27,-30,-103
1742100763.4881332,-3,-12,-127
1742100763.523133,-3,-52,-93
1742100763.5581331,-17,55,54
1742100763.5941331,-15,23,26
1742100763.6301332,34,-26,-41
1742100763.665133,-75,-86,-73
1742100763.701133,-63,55,-15
1742100763.736133,-35,67,90
1742100763.7711332,-77,3,-85
1742100763.806133,26,-26,8
1742100763.842133,84,37,-49
1742100763.878133,16,47,-99
1742100763.9131331,36,62,-159
1742100763.9491332,-37,46,-219
1742100763.984133,102,2,-9
1742100764.019133,32,-77,-109
1742100764.0541332,22,-10,24
1742100764.0901332,58,-15,-109
1742100764.126133,-13,-51,-27
1742100764.161133,-9,41,-67
1742100764.197133,-25,7,-127
1742100764.2321332,58,13,-43
1742100764.267133,42,-72,56
1742100764.302133,0,-52,-71
1742100764.338133,32,63,-29
1742100764.374133,66,23,-67
1742100764.4091332,68,5,-49
1742100764.445133,10,89,-111
1742100764.480133,40,39,-17
1742100764.5151331,-103,3,-27
1742100764.5511332,-41,-28,8
1742100764.586133,-17,27,-101
1742100764.622133,-19,-14,-105
1742100764.657133,-55,-18,70
1742100764.693133,-67,-54,26
1742100764.7281332,-57,81,-47
1742100764.763133,30,21,60
1742100764.799133,40,15,-73
1742100764.8341331,-115,-36,-79
1742100764.8701332,0,21,58
1742100764.905133,-79,37,98
1742100764.941133,28,-34,-23
1742100764.976133,-11,27,22
1742100765.0111332,-55,-30,26
1742100765.047133,-83,13,-57
1742100765.082133,64,5,44
1742100765.118133,-57,-22,-33
1742100765.1531332,74,-8,10
1742100765.1891332,-23,85,-95
1742100765.224133,8,17,60
1742100765.259133,-67,-6,12
1742100765.295133,6,-10,36
1742100765.3301332,30,81,-141
1742100765.366133,-9,9,64
1742100765.401133,-9,37,-49
1742100765.437133,-45,-18,56
1742100765.4721332,68,-90,-13
1742100765.507133,-11,13,-7
1742100765.543133,12,41,-113
1742100765.578133,-75,-2,-13
1742100765.6141331,-21,-24,-223
1742100765.649133,16,-44,-157
1742100765.685133,6,1,-87
1742100765.720133,-77,-58,-119
1742100765.7551332,-47,-30,-13
1742100765.7911332,-37,75,-41
1742100765.826133,48,3,-69
1742100765.862133,-51,61,-123
1742100765.897133,-63,33,-67
1742100765.9331331,104,-12,28
1742100765.968133,6,-8,-127
1742100766.003133,-49,-10,-35
1742100766.039133,-67,3,-47
1742100766.0741332,8,-76,42
1742100766.1101332,0,43,-81
1742100766.145133,62,49,-95
1742100766.181133,50,-18,-85
1742100766.216133,14,29,32
1742100766.251133,24,55,-55
1742100766.287133,130,-38,-129
1742100766.322133,76,-12,-53
1742100766.358133,2,-28,-63
1742100766.3931332,-29,-6,-63
1742100766.4291332,66,41,-175
1742100766.464133,-23,15,-35
1742100766.499133,-29,23,-83
1742100766.5351331,34,61,-73
1742100766.570133,52,3,-117
1742100766.606133,50,-57,-83
1742100766.641133,4,29,40
1742100766.677133,4,-1,-21
1742100766.7121332,66,-19,-41
1742100766.747133,-19,-123,-69
1742100766.783133,-109,5,24
1742100766.818133,62,75,18
1742100766.8541331,0,66,-35
1742100766.889133,-15,42,-93
1742100766.925133,88,40,-51
1742100766.961133,-9,15,-41
1742100766.997133,50,31,-77
1742100767.033133,-55,13,-37
1742100767.068133,-9,53,-47
1742100767.1031332,4,-26,-67
1742100767.139133,42,21,2
1742100767.175133,12,-2,54
1742100767.210133,-19,29,-109
1742100767.246133,-27,51,-121
1742100767.2811332,2,-8,-173
1742100767.316133,56,-54,-5
1742100767.351133,-47,45,-129
1742100767.3871331,-13,-4,-57
1742100767.4231331,28,3,18
1742100767.458133,20,-36,-63
1742100767.494133,40,71,96
1742100767.529133,72,-23,-105
1742100767.5641332,40,-42,-123
1742100767.599133,-40,-45,14
1742100767.635133,-35,-41,-113
1742100767.671133,-1,-103,-15
1742100767.7061331,96,-23,-103
1742100767.7421331,-79,-7,-79
1742100767.777133,-32,-55,-99
1742100767.812133,-23,-29,-115
1742100767.8471332,44,56,-63
1742100767.8831332,-37,-1,-81
1742100767.9191332,62,20,14
1742100767.954133,-25,4,88
1742100767.990133,-3,-54,-41
1742100768.0251331,-33,19,-85
1742100768.060133,86,46,-121
1742100768.095133,36,-84,-7
1742100768.131133,-1,-52,-69
1742100768.167133,-33,1,-7
1742100768.2021332,-53,17,-35
1742100768.2381332,-15,-35,-31
1742100768.273133,56,-1,104
1742100768.3081331,-39,-18,-147
1742100768.343133,-1,19,-21
1742100768.379133,32,82,18
1742100768.415133,-59,9,-20
1742100768.450133,48,62,24
1742100768.486133,22,13,-53
1742100768.5211332,2,43,14
1742100768.556133,6,-64,-49
1742100768.591133,-13,4,32
1742100768.6271331,22,-2,3
1742100768.6631331,-19,33,-85
1742100768.698133,48,-48,-46
1742100768.734133,66,23,-188
1742100768.769133,-71,13,-50
1742100768.8041332,-21,91,-126
1742100768.839133,52,39,-86
1742100768.875133,12,-26,-128
1742100768.911133,-29,-29,0
1742100768.9461331,48,-14,-38
1742100768.9891331,12,-14,99
1742100769.0251331,20,54,-28
1742100769.060133,-23,16,-34
1742100769.095133,-23,2,-110
1742100769.131133,-67,14,-76
1742100769.167133,20,74,31
1742100769.2021332,10,4,-82
1742100769.2381332,-13,-1,-52
1742100769.273133,14,-5,41
1742100769.3081331,16,42,-44
1742100769.343133,-19,12,-20
1742100769.379133,-29,-89,-154
1742100769.415133,-19,48,-114
1742100769.450133,-19,18,9
1742100769.486133,-99,26,-126
1742100769.5211332,16,-55,-56
1742100769.556133,2,-73,-14
1742100769.591133,42,-7,9
1742100769.6271331,-41,4,-144
1742100769.6631331,38,52,-38
1742100769.698133,14,44,-90
1742100769.734133,38,72,-16
1742100769.769133,-11,-4,-36
1742100769.8041332,-59,-9,-106
1742100769.839133,46,-29,-108
1742100769.875133,-19,31,-58
1742100769.911133,-99,-34,-114
1742100769.9461331,-33,61,53
1742100769.9821332,-83,-58,65
1742100770.017133,-1,37,-52
1742100770.052133,-47,-24,-30
1742100770.0871332,76,-7,-150
1742100770.1231332,42,70,-50
1742100770.1591332,20,3,-86
1742100770.194133,-11,-34,-38
1742100770.230133,-57,43,-136
1742100770.2651331,-15,65,29
1742100770.300133,16,33,-66
1742100770.335133,4,35,9
1742100770.371133,32,5,-78
1742100770.407133,24,23,-110
1742100770.4421332,-75,-50,-132
1742100770.4781332,52,9,-50
1742100770.513133,-3,-4,-86
1742100770.5481331,-9,47,-98
1742100770.583133,-1,-80,-104
1742100770.619133,12,45,-80
1742100770.655133,-5,99,47
1742100770.690133,8,7,-126
1742100770.726133,-31,79,34
1742100770.7611332,-85,-66,-135
1742100770.796133,-13,-58,2
1742100770.8311331,21,1,-41
1742100770.8671331,-62,49,-87
1742100770.9031332,-45,-16,-141
1742100770.938133,6,-7,-49
1742100770.974133,-61,-11,-23
1742100771.009133,-25,10,-89
1742100771.0441332,-51,-9,28
1742100771.0801332,68,8,20
1742100771.115133,-19,4,-121
1742100771.151133,10,-32,-9
1742100771.1861331,102,29,-89
1742100771.2221332,10,0,-69
1742100771.257133,31,7,-57
1742100771.292133,-85,-18,-61
1742100771.328133,-33,-72,16
1742100771.3631332,-25,0,-21
1742100771.399133,-19,67,-55
1742100771.434133,42,15,-37
1742100771.470133,38,5,-257
1742100771.5051332,92,19,-231
1742100771.540133,0,111,-65
1742100771.576133,44,-8,-67
1742100771.611133,-61,-70,-41
1742100771.647133,0,-70,-97
1742100771.6821332,22,-50,-31
1742100771.718133,-55,-22,6
1742100771.753133,2,-20,-25
1742100771.7881331,-33,1,-63
1742100771.8241332,42,19,-21
1742100771.859133,-69,33,28
1742100771.895133,10,65,-123
1742100771.930133,4,0,-65
1742100771.966133,-57,49,30
1742100772.001133,-17,-68,-47
1742100772.036133,52,-12,-39
1742100772.072133,-5,-30,-41
1742100772.1071332,-61,-36,-1
1742100772.1431332,-49,-28,-85
1742100772.178133,-155,-3,-105
1742100772.214133,42,-27,26
1742100772.249133,30,52,-71
1742100772.2841332,8,-61,-103
1742100772.320133,10,24,-17
1742100772.355133,2,-27,-65
1742100772.391133,-11,72,-31
1742100772.4261332,58,-47,10
1742100772.4621332,-3,28,-105
1742100772.497133,-33,8,2
1742100772.532133,-65,-41,2
1742100772.568133,44,-3,-103
1742100772.6031332,-16,-63,-149
1742100772.639133,-28,8,-14
1742100772.674133,-79,48,-140
1742100772.710133,-7,-42,-132
1742100772.7451332,-9,-4,-2
1742100772.780133,50,-3,-144
1742100772.816133,-65,-11,-78
1742100772.851133,-49,-17,-108
1742100772.8871331,8,-37,-146
1742100772.922133,24,0,-12
1742100772.957133,78,52,-102
1742100772.9921331,-39,-27,23
1742100773.0281332,-145,16,-98
1742100773.0641332,-41,-69,-18
1742100773.099133,2,-91,-44
1742100773.135133,-9,-35,9
1742100773.170133,30,48,73
1742100773.2061331,6,-75,147
1742100773.241133,8,-59,-24
1742100773.276133,9,-18,-58
1742100773.312133,-44,11,-64
1742100773.3471332,-41,3,-48
1742100773.3831332,-6,21,-80
1742100773.418133,-11,31,-10
1742100773.454133,-15,1,59
1742100773.490133,20,-14,-98
1742100773.5251331,64,9,-164
1742100773.560133,-1,51,-124
1742100773.596133,-105,-60,-48
1742100773.632133,14,1,3
1742100773.667133,-35,11,-56
1742100773.703133,54,-14,-134
1742100773.7381332,40,29,-50
1742100773.773133,78,-52,-72
1742100773.8081331,-21,-36,-150
1742100773.8441331,-49,101,-78
1742100773.8801332,-1,25,41
1742100773.915133,6,9,-42
1742100773.951133,-17,-48,53
1742100773.986133,34,23,-24
1742100774.0211332,12,-76,-136
1742100774.056133,-15,-52,-60
1742100774.092133,-27,1,-148
1742100774.128133,54,-56,-34
1742100774.1631331,6,3,-14
1742100774.1991332,-21,-28,-94
1742100774.234133,42,-58,-84
1742100774.269133,-7,-50,-80
1742100774.3041332,62,7,25
1742100774.3401332,46,13,-118
1742100774.376133,10,33,-70
1742100774.411133,48,-12,-14
1742100774.447133,12,-30,-56
1742100774.4821332,-19,-10,-74
1742100774.517133,-17,11,-12
1742100774.552133,5,-46,-104
1742100774.588133,9,23,-162
1742100774.624133,-6,-70,-70
1742100774.6591332,-36,5,-28
1742100774.695133,-2,-18,-96
1742100774.730133,43,57,89
1742100774.7651331,66,0,-40
1742100774.800133,9,37,-18
1742100774.836133,66,-38,39
1742100774.872133,8,39,-132
1742100774.907133,-54,-28,-24
1742100774.943133,-24,15,-76
1742100774.9781332,-18,-28,-34
1742100775.013133,77,-28,-72
1742100775.0481331,5,-48,51
1742100775.0841331,-24,-4,-38
1742100775.1201332,-69,-18,-11
1742100775.155133,16,-20,-27
1742100775.191133,100,31,-3
1742100775.226133,20,-100,-73
1742100775.2611332,24,-54,-143
1742100775.296133,-45,11,-123
1742100775.332133,120,-24,-69
1742100775.368133,24,21,-69
1742100775.4031332,-39,-2,-51
1742100775.4391332,18,-24,104
1742100775.474133,-65,-40,40
1742100775.509133,30,49,-46
1742100775.5441332,-25,-76,-110
1742100775.5801332,-11,37,-70
1742100775.616133,-35,57,-136
1742100775.651133,-15,-32,31
1742100775.687133,-53,-66,-117
1742100775.7221332,2,7,88
1742100775.757133,-47,-30,-55
1742100775.792133,88,-40,-121
1742100775.828133,-35,1,-51
1742100775.8641331,92,7,-29
1742100775.899133,66,-6,-157
1742100775.935133,62,37,-85
1742100775.970133,-55,-14,-75
1742100776.0051332,96,-44,-89
1742100776.040133,-9,-6,-211
1742100776.076133,-23,-36,-15
1742100776.112133,-13,-80,-95
1742100776.147133,52,-56,46
1742100776.1831331,-3,7,-29
1742100776.218133,82,15,-117
1742100776.253133,-39,-44,14
1742100776.2881331,58,21,-113
1742100776.3241332,-29,41,-145
1742100776.3601332,-83,39,40
1742100776.395133,-69,-58,-7
1742100776.431133,28,11,-47
1742100776.466133,4,17,34
1742100776.501133,-51,7,-3
1742100776.536133,8,-16,0
1742100776.572133,-1,-14,-135
1742100776.608133,16,3,-69
1742100776.6431332,-3,-14,-121
1742100776.6791332,-31,31,46
1742100776.714133,-35,-6,-85
1742100776.749133,-15,-24,10
1742100776.7841332,42,0,-61
1742100776.820133,11,-6,-143
1742100776.856133,-36,21,-125
1742100776.891133,-46,-104,-59
1742100776.928133,-21,-18,-59
1742100776.963133,-23,-14,22
1742100776.999133,50,13,-101
1742100777.0341332,62,-30,-43
1742100777.069133,12,65,-29
1742100777.1041331,30,29,24
1742100777.1401331,-75,-32,-108
1742100777.1761332,-17,29,14
1742100777.211133,28,-28,-171
1742100777.247133,-17,-16,-109
1742100777.282133,10,-10,94
1742100777.3171332,30,17,0
1742100777.3531332,18,55,-87
1742100777.388133,-24,-40,2
1742100777.424133,28,21,-111
1742100777.4591331,-29,-18,-17
1742100777.4951332,-23,43,-37
1742100777.530133,-65,25,-89
1742100777.565133,66,9,-74
1742100777.601133,28,9,-14
1742100777.6361332,-7,-60,43
1742100777.672133,-31,-28,-16
1742100777.707133,0,65,-52
1742100777.743133,4,3,53
1742100777.7781332,-67,-32,-6
1742100777.813133,-27,-16,-8
1742100777.849133,4,-10,-54
1742100777.884133,68,37,-36
1742100777.920133,9,-14,-120
1742100777.9551332,-17,17,-72
1742100777.991133,-53,29,19
1742100778.026133,23,7,5
1742100778.0611331,-119,73,33
1742100778.0971332,-20,-6,28
1742100778.132133,-18,-36,-63
1742100778.168133,-120,-32,-116
1742100778.203133,43,-36,3
1742100778.2391331,-24,-12,-32
1742100778.274133,-52,-100,-30
1742100778.309133,-120,-42,-32
1742100778.345133,9,3,-122
1742100778.3801332,35,-48,63
1742100778.4161332,21,13,-114
1742100778.451133,49,-50,17
1742100778.487133,29,-10,-68
1742100778.522133,63,0,-62
1742100778.5571332,0,-8,15
1742100778.593133,21,-2,-54
1742100778.628133,55,-6,-104
1742100778.664133,-10,35,-126
1742100778.6991332,23,-18,-78
1742100778.7351332,49,-38,-68
1742100778.770133,-26,-58,-96
1742100778.805133,-90,37,-14
1742100778.841133,45,-40,53
1742100778.876133,-35,1,67
1742100778.912133,-5,-78,-68
1742100778.947133,34,-16,-88
1742100778.9891331,-59,15,-74
1742100779.0251331,-15,40,3
1742100779.0611331,24,-50,-96
1742100779.0971332,-73,-28,-34
1742100779.132133,14,3,-80
1742100779.168133,8,9,-128
1742100779.203133,46,31,9
1742100779.2391331,-47,-40,-174
1742100779.274133,-49,-37,-8
1742100779.309133,52,0,-62
1742100779.345133,-31,-81,-98
1742100779.3801332,-9,-7,-124
1742100779.4161332,-19,0,34
1742100779.451133,108,-37,0
1742100779.487133,16,58,-207
1742100779.522133,62,28,-83
1742100779.5571332,36,-9,-63
1742100779.593133,-25,12,-43
1742100779.628133,20,59,-45
1742100779.664133,44,-42,-125
1742100779.6991332,36,21,-67
1742100779.7351332,-19,-10,-23
1742100779.7711332,58,11,-97
1742100779.806133,2,-24,-81
1742100779.841133,50,-60,-21
1742100779.8771331,-25,-4,-29
1742100779.9131331,62,-6,-161
1742100779.948133,-29,-42,-49
1742100779.984133,32,-20,-43
1742100780.019133,28,19,58
1742100780.0541332,18,-2,4
1742100780.089133,-109,-8,-41
1742100780.125133,60,-28,-45
1742100780.161133,-93,47,-81
1742100780.1961331,-13,-10,22
1742100780.2321332,54,-16,-21
1742100780.267133,0,-12,-97
1742100780.302133,-1,-20,-29
1742100780.3371332,10,-6,42
1742100780.3731332,-17,-12,-55
1742100780.4091332,8,-90,-105
1742100780.444133,-11,25,34
1742100780.480133,-73,-56,50
1742100780.5151331,-1,-24,66
1742100780.550133,62,39,-167
1742100780.585133,24,45,-19
1742100780.621133,10,3,-159
1742100780.657133,14,61,66
1742100780.6921332,-85,21,30
1742100780.7281332,20,-28,-29
1742100780.763133,-67,21,30
1742100780.7981331,69,-46,14
1742100780.833133,65,-52,-115
1742100780.869133,11,-30,-141
1742100780.905133,-10,73,-1
1742100780.940133,-10,43,-93
1742100780.976133,-22,-8,-27
1742100781.0111332,75,97,-163
1742100781.046133,74,-2,-61
1742100781.0811331,40,25,-27
1742100781.1171331,-61,-32,16
1742100781.1531332,-9,3,-121
1742100781.188133,68,-18,74
1742100781.224133,0,-46,0
1742100781.259133,-53,7,-117
1742100781.2941332,17,49,-113
1742100781.329133,-24,-20,-135
1742100781.365133,-48,-30,-175
1742100781.401133,29,0,-97
1742100781.4361331,63,-16,46
1742100781.4721332,-10,35,-63
1742100781.507133,33,-44,-73
1742100781.542133,3,-36,-93
1742100781.5771332,15,-54,6
1742100781.6131332,-26,31,36
1742100781.649133,1,1,-51
1742100781.684133,-52,0,-11
1742100781.720133,-22,25,-66
1742100781.7551332,27,-4,-182
1742100781.790133,-82,33,-2
1742100781.825133,-60,31,-18
1742100781.861133,0,-52,0
1742100781.897133,-8,81,-160
1742100781.9321332,28,-38,67
1742100781.968133,13,13,-40
1742100782.003133,-19,-54,-60
1742100782.0381331,-23,-14,-66
1742100782.073133,8,25,-54
1742100782.109133,-55,-38,-72
1742100782.145133,-80,21,-48
1742100782.180133,-2,1,-28
1742100782.216133,19,3,-60
1742100782.2521331,41,-26,-42
1742100782.2881331,43,-24,71
1742100782.323133,55,33,-10
1742100782.358133,19,21,-128
1742100782.3931332,-46,37,-116
1742100782.4291332,-41,15,-26
1742100782.4651332,-67,51,-42
1742100782.500133,32,33,-100
1742100782.536133,-49,49,-58
1742100782.5711331,34,63,-44
1742100782.606133,-97,3,-150
1742100782.641133,-43,47,-74
1742100782.677133,58,-20,-70
1742100782.713133,-41,21,29
1742100782.7481332,20,119,69
1742100782.7841332,12,9,141
1742100782.819133,-33,33,-4
1742100782.8541331,-3,61,29
1742100782.889133,-101,-22,-134
1742100782.925133,-23,5,-120
1742100782.961133,-21,19,123
1742100782.996133,2,17,-6
1742100783.032133,-33,-56,23
1742100783.0671332,90,-16,17
1742100783.102133,2,-58,-146
1742100783.1371331,32,-65,-102
1742100783.1731331,-19,-29,-72
1742100783.2091331,28,22,-42
1742100783.244133,-13,16,19
1742100783.280133,-17,-47,-18
1742100783.315133,-11,-37,123
1742100783.3501332,-27,128,-74
1742100783.385133,0,32,-36
1742100783.421133,-33,84,-52
1742100783.457133,16,-81,-22
1742100783.4921331,28,74,-100
1742100783.5281332,-83,-45,-70
1742100783.563133,20,76,-96
1742100783.598133,42,-47,-58
1742100783.6331332,6,-21,-30
1742100783.6691332,-15,-9,-202
1742100783.7051332,72,-11,-188
1742100783.740133,-73,-11,-92
1742100783.776133,-5,2,-62
1742100783.8111331,2,6,-58
1742100783.846133,-15,-19,-26
1742100783.881133,-24,26,1
1742100783.917133,-59,2,-130
1742100783.953133,-67,-57,-148
1742100783.9881332,50,10,21
1742100784.024133,-13,56,-90
1742100784.059133,22,56,-100
1742100784.0941331,-44,4,-36
1742100784.1301332,-23,-9,-72
1742100784.165133,-46,-9,5
1742100784.201133,-9,84,-134
1742100784.236133,-12,-47,-178
1742100784.272133,-6,14,-48
1742100784.3071332,-38,30,-12
1742100784.342133,0,-41,-124
1742100784.378133,13,18,79
1742100784.4131331,-4,-49,-132
1742100784.4491332,55,-41,-104
1742100784.484133,-82,16,-68
1742100784.520133,49,-147,-30
1742100784.555133,-6,-13,-4
1742100784.5901332,-78,0,93
1742100784.626133,15,27,-48
1742100784.661133,69,-38,-112
1742100784.697133,52,45,-32
1742100784.7321332,24,-8,47
1742100784.7681332,6,-32,-18
1742100784.803133,8,-18,9
1742100784.838133,-29,23,37
1742100784.874133,-37,-24,-18
1742100784.9091332,-55,-44,-44
1742100784.945133,-37,7,-52
1742100784.980133,108,13,7
1742100785.016133,38,-26,-10
1742100785.0511332,-25,-66,-18
1742100785.086133,-17,25,-84
1742100785.122133,38,29,-134
1742100785.157133,16,-38,-58
1742100785.193133,-3,-50,-42
1742100785.2281332,18,33,-96
1742100785.264133,-117,-14,0
1742100785.299133,-93,9,-194
1742100785.3341331,-53,-14,-36
1742100785.3701332,2,-24,-98
1742100785.405133,28,65,-126
1742100785.441133,28,31,-58
1742100785.476133,-8,-32,13
1742100785.5121331,-17,35,-38
1742100785.547133,46,31,-52
1742100785.582133,78,61,-66
1742100785.618133,60,3,84
1742100785.6531332,-51,19,-69
1742100785.6891332,1,3,-17
1742100785.724133,-56,-46,-125
1742100785.760133,-17,9,-111
1742100785.795133,7,35,-59
1742100785.8301332,59,-50,-9
1742100785.866133,49,31,-17
1742100785.901133,-38,9,-175
1742100785.937133,64,-40,-27
1742100785.9721332,-5,27,8
1742100786.0081332,24,-46,26
1742100786.043133,76,-14,8
1742100786.078133,20,9,-1
1742100786.1141331,34,27,-67
1742100786.149133,-29,3,-13
1742100786.185133,28,5,-103
1742100786.220133,4,-30,-117
1742100786.256133,-33,-56,-1
1742100786.2911332,40,-84,-107
1742100786.326133,-13,9,-93
1742100786.362133,-1,33,-163
1742100786.397133,98,-4,-169
1742100786.4331331,76,15,-59
1742100786.468133,-29,-8,-57
1742100786.503133,-33,21,-143
1742100786.5381331,-19,43,-87
1742100786.5741332,46,21,43
1742100786.6101332,6,-10,-129
1742100786.645133,-25,17,-117
1742100786.681133,40,-82,54
1742100786.716133,-18,39,-59
1742100786.751133,-32,-10,-21
1742100786.786133,-53,-38,-19
1742100786.822133,80,27,-173
1742100786.858133,-31,31,-87
1742100786.8931332,-9,15,66
1742100786.9291332,32,23,-43
1742100786.964133,-33,23,-123
1742100786.999133,-1,63,-117
1742100787.0341332,-25,-10,-147
1742100787.070133,-21,-12,-193
1742100787.106133,20,10,4
1742100787.141133,20,30,-3
1742100787.177133,26,-29,-1
1742100787.2121332,36,23,-69
1742100787.247133,24,12,-75
1742100787.282133,-35,-51,-29
1742100787.318133,42,-7,-233
1742100787.3541331,-37,44,58
1742100787.389133,-45,-9,-91
1742100787.425133,18,40,48
1742100787.460133,-7,66,50
1742100787.4951332,-31,47,40
1742100787.530133,26,-92,-75
1742100787.566133,30,8,-65
1742100787.602133,-11,-83,-13
1742100787.6371331,28,18,-71
1742100787.6731331,30,0,0
1742100787.708133,-23,-29,0
1742100787.743133,-83,36,-39
1742100787.7781332,50,-1,-38
1742100787.8141332,-27,66,-36
1742100787.8501332,-21,38,-10
1742100787.885133,-31,30,-94
1742100787.921133,28,-13,-94
1742100787.9561331,-10,44,59
1742100787.991133,61,-1,-8
1742100788.026133,-10,6,-70
1742100788.062133,43,55,-6
1742100788.098133,-24,-24,7
1742100788.1331332,7,-6,-88
1742100788.1691332,-64,13,-70
1742100788.204133,-6,7,67
1742100788.2391331,-32,-22,-20
1742100788.274133,123,-20,-70
1742100788.310133,-18,36,-98
1742100788.346133,-44,-11,-104
1742100788.381133,-102,-54,-90
1742100788.417133,33,-13,-26
1742100788.4521332,-8,2,29
1742100788.487133,-20,-41,-236
1742100788.522133,-18,-64,-156
1742100788.5581331,-67,-4,-78
1742100788.5941331,82,-10,11
1742100788.629133,-73,0,-100
1742100788.665133,16,65,-84
1742100788.700133,6,77,-56
1742100788.7351332,6,49,13
1742100788.770133,40,50,33
1742100788.806133,-9,-26,-74
1742100788.842133,24,-64,-16
1742100788.8771331,20,-68,-132
1742100788.9131331,-37,-6,27
1742100788.948133,52,13,-2
1742100788.990133,-55,-56,23
1742100789.026133,38,-26,-87
1742100789.062133,0,5,56
1742100789.098133,12,-12,-119
1742100789.1331332,-7,-2,0
1742100789.1691332,-37,-37,82
1742100789.204133,16,18,-29
1742100789.2391331,-77,-63,50
1742100789.274133,-13,-21,20
1742100789.310133,-23,-25,-45
1742100789.346133,60,-27,-7
1742100789.381133,16,74,-29
1742100789.417133,18,-57,-85
1742100789.4521332,-3,32,-133
1742100789.487133,-46,74,-85
1742100789.522133,24,40,-51
1742100789.5581331,53,4,-9
1742100789.5941331,-54,4,44
1742100789.629133,-8,-7,-1
1742100789.665133,38,26,-19
1742100789.700133,-77,-9,-125
1742100789.7351332,35,-55,-89
1742100789.770133,53,-17,-119
1742100789.806133,1,66,-129
1742100789.842133,35,35,-29
1742100789.8771331,-8,-36,-71
1742100789.9131331,19,-14,-5
1742100789.948133,-22,-32,-9
1742100789.983133,7,1,-1
1742100790.0181332,-29,23,70
1742100790.0541332,-29,-2,72
1742100790.0901332,6,5,-131
1742100790.125133,60,-16,28
1742100790.161133,4,-56,-75
1742100790.1961331,-57,33,-53
1742100790.231133,-43,13,-193
1742100790.266133,-13,29,20
1742100790.302133,30,67,-33
1742100790.338133,10,-38,-166
1742100790.3731332,-1,-20,-97
1742100790.4091332,-19,33,4
1742100790.444133,-45,-22,-26
1742100790.4791331,54,-44,27
1742100790.5151331,-15,25,-28
1742100790.550133,104,7,-44
1742100790.586133,-95,19,-16
1742100790.621133,-127,23,49
1742100790.657133,60,41,-98
1742100790.6921332,6,-24,33
1742100790.727133,44,-11,-20
1742100790.763133,-39,72,-144
1742100790.7981331,34,-29,-88
1742100790.8341331,30,-5,-42
1742100790.869133,54,-29,-182
1742100790.905133,60,36,-134
1742100790.940133,-45,28,-92
1742100790.9751332,-7,-30,-40
1742100791.0111332,17,29,-24
1742100791.046133,-70,27,-78
1742100791.082133,-40,-16,-62
1742100791.1171331,-12,26,-6
1742100791.1531332,3,-4,-54
1742100791.188133,51,-28,-38
1742100791.223133,-44,-6,-94
1742100791.259133,-74,65,35
1742100791.2941332,-44,52,-74
1742100791.3301332,-20,14,-94
1742100791.366133,-102,-31,-2
1742100791.402133,-2,12,87
1742100791.437133,3,34,-58
1742100791.473133,3,-63,-2
1742100791.5081332,-68,24,-142
1742100791.543133,11,2,-66
1742100791.579133,-52,-15,-56
1742100791.6141331,-42,-5,-144
1742100791.6501331,11,-19,-54
1742100791.685133,29,75,-52
1742100791.721133,-74,-12,-36
1742100791.756133,55,-20,-64
1742100791.7911332,-72,-28,-44
1742100791.8271332,35,13,61
1742100791.862133,3,47,41
1742100791.898133,-114,-22,-102
1742100791.9331331,-2,-14,59
1742100791.9691331,-102,1,-4
1742100792.004133,-7,-8,-94
1742100792.039133,17,-30,-8
1742100792.075133,75,93,-36
1742100792.1101332,39,-4,-50
1742100792.1461332,-36,89,-14
1742100792.181133,-41,77,67
1742100792.217133,83,13,-62
1742100792.2521331,-87,9,-54
1742100792.287133,-30,3,13
1742100792.323133,-8,87,-30
1742100792.358133,-2,-34,-18
1742100792.394133,19,53,-120
1742100792.4291332,-1,-30,-14
1742100792.4651332,24,-52,-68
1742100792.500133,-39,83,11
1742100792.5351331,-17,-62,3
1742100792.5711331,12,65,73
1742100792.606133,72,-54,-48
1742100792.642133,10,53,-26
1742100792.677133,-21,21,-82
1742100792.713133,72,-22,71
1742100792.7481332,-27,-44,-50
1742100792.783133,-43,35,0
1742100792.819133,-3,-12,-18
1742100792.8541331,68,-4,-88
1742100792.8901331,74,7,-58
1742100792.925133,10,-28,-44
1742100792.960133,76,61,37
1742100792.9951332,54,-2,41
1742100793.0311332,-45,45,3
1742100793.0671332,-3,-74,-4
1742100793.102133,6,-58,-114
1742100793.138133,-3,1,-28
1742100793.1731331,20,-54,-20
1742100793.2091331,76,-28,-86
1742100793.2451332,64,15,-166
1742100793.280133,10,75,-10
1742100793.315133,44,65,17
1742100793.351133,16,35,-26
1742100793.3871331,-13,-44,-63
1742100793.422133,2,33,-153
1742100793.458133,28,-4,-49
1742100793.493133,6,-8,-35
1742100793.5281332,0,-38,-53
1742100793.563133,30,9,126
1742100793.599133,30,-14,-83
1742100793.635133,-17,-30,-37
1742100793.670133,-7,-4,-39
1742100793.7061331,16,33,-45
1742100793.741133,-77,0,-87
1742100793.776133,18,-54,-77
1742100793.8111331,44,-14,-143
1742100793.8471332,86,1,-87
1742100793.8831332,-25,13,-75
1742100793.918133,-41,107,-25
1742100793.954133,16,22,-87
1742100793.9891331,6,18,-111
1742100794.024133,-13,74,-169
1742100794.059133,-9,5,36
1742100794.095133,4,-43,-27
1742100794.131133,-83,28,70
1742100794.1661332,-69,30,-21
1742100794.2021332,-73,-35,-51
1742100794.237133,44,34,0
1742100794.272133,-55,-53,-165
1742100794.3071332,30,13,-29
1742100794.343133,10,23,-51
1742100794.379133,78,-19,-71
1742100794.414133,-61,22,22
1742100794.450133,4,-40,-77
1742100794.4851332,6,-88,-199
1742100794.520133,30,27,-151
1742100794.555133,-57,0,-57
1742100794.591133,6,-10,-137
1742100794.6271331,-37,41,-79
1742100794.662133,-43,27,-137
1742100794.698133,62,-74,-39
1742100794.733133,-17,-26,-61
1742100794.7681332,-1,-20,-19
1742100794.803133,-7,-46,-131
1742100794.839133,-31,-72,-53
1742100794.875133,-58,-24,52
1742100794.9101331,-32,-22,-171
1742100794.9461331,69,39,-23
1742100794.981133,-74,-66,-37
1742100795.016133,17,-22,-27
1742100795.0511332,64,33,32
1742100795.0871332,-1,-36,-93
1742100795.1231332,6,35,-127
1742100795.158133,66,23,-131
1742100795.194133,-15,41,-95
1742100795.2291331,2,105,-69
1742100795.264133,78,37,-91
1742100795.299133,-15,-26,-113
1742100795.335133,20,41,-23
1742100795.371133,-77,-62,-26
1742100795.4061332,38,-32,-105
1742100795.4421332,-7,55,25
1742100795.477133,-17,-56,-68
1742100795.5121331,-15,-20,31
1742100795.547133,-37,-4,-134
1742100795.583133,2,21,59
1742100795.619133,-11,-12,20
1742100795.654133,-71,11,-16
1742100795.690133,-83,-112,1
1742100795.7251332,-29,17,41
1742100795.760133,-1,-14,-84
1742100795.795133,66,61,-92
1742100795.8311331,46,55,25
1742100795.8671331,18,55,-100
1742100795.902133,30,-6,5
1742100795.938133,24,-38,-10
1742100795.973133,32,-54,-54
1742100796.0081332,54,-16,43
1742100796.043133,-1,17,67
1742100796.079133,-33,-8,-60
1742100796.115133,20,-50,-22
1742100796.1501331,-49,37,-58
1742100796.1861331,16,53,-96
1742100796.221133,10,-66,-96
1742100796.256133,-25,-36,-96
1742100796.2911332,76,7,-150
1742100796.3271332,0,-50,3
1742100796.3631332,8,28,-66
1742100796.398133,-25,40,-134
1742100796.434133,72,-39,79
1742100796.4691331,42,-18,103
1742100796.504133,52,-14,39
1742100796.539133,0,42,-70
1742100796.575133,52,-41,-84
1742100796.611133,-45,-5,27
1742100796.6461332,-27,-43,-140
1742100796.6821332,10,1,65
1742100796.717133,-45,-46,-160
1742100796.7521331,18,48,-62
1742100796.787133,20,-6,37
1742100796.823133,64,-30,0
1742100796.859133,76,-20,-72
1742100796.894133,6,19,41
1742100796.930133,22,43,-4
1742100796.9651332,-63,-8,-58
1742100797.000133,10,47,35
1742100797.036133,-21,9,-56
1742100797.0711331,50,33,-84
1742100797.1071332,-83,-10,15
1742100797.142133,2,-26,-66
1742100797.178133,-73,-28,-52
1742100797.213133,-93,-48,-198
1742100797.2481332,-21,-72,-102
1742100797.2841332,-23,-16,78
1742100797.319133,-15,13,-129
1742100797.355133,4,67,-151
1742100797.3901331,-5,11,-113
1742100797.4261332,1,75,-51
1742100797.461133,95,0,-35
1742100797.496133,17,57,-3
1742100797.532133,-80,5,28
1742100797.5671332,-18,17,-135
1742100797.6031332,41,9,98
1742100797.638133,77,-54,-77
1742100797.674133,25,-46,-61
1742100797.7091331,19,-82,-101
1742100797.744133,52,-4,-73
1742100797.780133,23,-10,-79
1742100797.815133,-44,23,-65
1742100797.851133,-29,17,-29
1742100797.8861332,51,-64,-23
1742100797.922133,73,-60,-65
1742100797.957133,18,-24,-37
1742100797.9921331,12,-36,-127
1742100798.0281332,36,11,-103
1742100798.063133,26,39,-5
1742100798.099133,42,-72,-67
1742100798.134133,10,-34,-227
1742100798.170133,14,27,-117
1742100798.2051332,56,-2,-13
1742100798.240133,-23,43,-23
1742100798.276133,-51,-70,-51
1742100798.3111331,20,-36,72
1742100798.3471332,-75,5,-181
1742100798.382133,-17,-44,-159
1742100798.418133,4,-26,-103
1742100798.453133,-25,-24,-53
1742100798.4881332,32,45,-67
1742100798.524133,-13,-28,-191
1742100798.559133,-31,29,-31
1742100798.595133,-27,1,-155
1742100798.6301332,-87,-6,92
1742100798.6661332,24,-18,-17
1742100798.701133,30,33,30
1742100798.736133,52,-32,-55
1742100798.772133,44,-42,-19
1742100798.8071332,-45,43,-71
1742100798.843133,-31,53,26
1742100798.878133,-47,0,-105
1742100798.914133,-55,29,-33
1742100798.9491332,34,21,-65
1742100798.991133,-41,-62,-215
1742100799.0281332,-19,-44,-91
1742100799.063133,-9,-56,-115
1742100799.099133,-47,-40,-31
1742100799.134133,68,-16,-163
1742100799.170133,56,-52,-87
1742100799.2051332,-3,71,-55
1742100799.240133,-35,25,-71
1742100799.276133,-39,-16,-9
1742100799.3111331,-3,-8,-71
1742100799.3471332,34,-80,0
1742100799.382133,-29,19,-33
1742100799.417133,12,-28,-79
1742100799.4521332,-5,-52,-19
1742100799.4881332,-49,33,-29
1742100799.524133,-27,-26,-67
1742100799.559133,-9,51,-129
1742100799.595133,24,-18,-41
1742100799.6301332,12,-54,-201
1742100799.665133,82,-30,50
1742100799.700133,54,-50,-85
1742100799.736133,48,81,-49
1742100799.772133,4,21,-187
1742100799.8071332,12,-44,-93
1742100799.843133,-111,-2,-67
1742100799.878133,-73,13,32
1742100799.9131331,-87,-14,-53
1742100799.948133,-59,-50,-57
1742100799.984133,-123,39,-1
1742100800.020133,-25,11,-121
1742100800.055133,44,-28,-3
1742100800.091133,-71,49,-45
1742100800.126133,-21,61,112
1742100800.161133,56,1,0
1742100800.1961331,-75,-2,-193
1742100800.2321332,-3,33,-63
1742100800.2681332,-23,-22,-3
1742100800.303133,-3,-40,-73
1742100800.339133,4,23,-99
1742100800.374133,-89,7,-9
1742100800.4091332,-19,13,-39
1742100800.444133,43,-56,-153
1742100800.480133,2,-10,-17
1742100800.516133,-16,23,-75
1742100800.5511332,21,-44,-117
1742100800.5871332,-13,39,76
1742100800.622133,-65,13,44
1742100800.657133,-15,39,6
1742100800.6921332,26,45,86
1742100800.7281332,28,-36,-81
1742100800.764133,44,123,-53
1742100800.799133,-35,37,-23
1742100800.835133,-31,13,28
1742100800.8701332,-89,11,8
1742100800.905133,-33,5,-23
1742100800.940133,8,13,-7
1742100800.976133,38,23,-17
1742100801.0121331,-5,-60,-111
1742100801.047133,12,45,2
1742100801.083133,-33,-60,36
1742100801.118133,60,57,-49
1742100801.1531332,-11,31,-181
1742100801.188133,-41,7,-123
1742100801.224133,-21,-24,64
1742100801.260133,26,19,-95
1742100801.295133,86,-10,-161
1742100801.3311331,8,63,-123
1742100801.366133,38,-49,-183
1742100801.401133,-3,8,-39
1742100801.4361331,70,24,16
1742100801.4721332,-25,-16,22
1742100801.5081332,-73,30,-3
1742100801.543133,10,-28,-99
1742100801.579133,14,4,-21
1742100801.6141331,78,54,20
1742100801.649133,-33,20,10
1742100801.684133,-85,-23,-165
1742100801.720133,-3,-67,-141
1742100801.756133,14,65,-59
1742100801.7911332,6,47,-5
1742100801.8271332,24,21,-101
1742100801.862133,-13,83,-157
1742100801.897133,18,51,-67
1742100801.9321332,-15,-4,-143
1742100801.968133,30,-26,-11
1742100802.004133,-37,-34,86
1742100802.039133,-59,19,38
1742100802.075133,-39,7,90
1742100802.1101332,-33,-10,-71
1742100802.145133,2,-24,-59
1742100802.180133,30,-16,-81
1742100802.216133,-13,-26,-11
1742100802.2521331,14,-68,-13
1742100802.287133,-19,-36,-147
1742100802.323133,32,19,-47
1742100802.358133,-25,37,-37
1742100802.3931332,92,-48,-183
1742100802.428133,-17,-6,-107
1742100802.464133,-45,-30,18
1742100802.500133,-49,15,-95
1742100802.5351331,-51,-50,-69
1742100802.5711331,16,11,-9
1742100802.606133,-17,11,-3
1742100802.641133,34,-24,-81
1742100802.6761332,-17,-10,-139
1742100802.7121332,-67,17,-133
1742100802.7481332,20,-34,-35
1742100802.783133,16,-12,-67
1742100802.819133,-41,-36,-73
1742100802.8541331,-25,-46,-41
1742100802.889133,14,33,-141
1742100802.924133,12,25,-9
1742100802.960133,-23,-62,-13
1742100802.996133,22,-24,-105
1742100803.0311332,32,-64,-9
1742100803.0671332,-44,27,-1
1742100803.102133,59,35,-15
1742100803.1371331,-7,-16,38
1742100803.172133,64,-38,-127
1742100803.208133,-74,71,-107
1742100803.244133,33,27,-51
1742100803.279133,-68,27,-75
1742100803.315133,13,-6,-61
1742100803.3501332,-61,-32,-33
1742100803.385133,6,0,-85
1742100803.421133,58,9,-67
1742100803.4561331,-29,57,-23
1742100803.4921331,104,51,-147
1742100803.527133,-15,-32,40
1742100803.563133,18,9,-3
1742100803.598133,56,49,-79
1742100803.6331332,32,-28,96
1742100803.6691332,-47,65,-31
1742100803.704133,30,31,30
1742100803.740133,-25,67,13
1742100803.7751331,-27,41,-16
1742100803.8111331,-69,-42,-50
1742100803.846133,-105,-40,-196
1742100803.881133,-21,-104,-102
1742100803.917133,12,13,9
1742100803.9521332,6,-38,-40
1742100803.9881332,-29,45,112
1742100804.023133,34,1,-35
1742100804.059133,0,-64,-60
1742100804.0941331,74,3,-118
1742100804.129133,-29,9,-152
1742100804.165133,39,-8,-17
1742100804.200133,63,85,-90
1742100804.236133,0,13,-115
1742100804.2711332,7,-10,-63
1742100804.3071332,-22,-64,136
1742100804.342133,-18,0,8
1742100804.3771331,-74,43,-20
1742100804.4131331,-32,25,35
1742100804.448133,-16,1,-158
1742100804.484133,-28,-4,-34
1742100804.519133,55,3,-56
1742100804.555133,-60,-26,-54
1742100804.5901332,17,25,-58
1742100804.625133,25,-40,-92
1742100804.661133,-8,-10,-18
1742100804.6961331,-18,-48,-54
1742100804.7321332,-38,7,-28
1742100804.767133,49,35,-58
1742100804.803133,85,11,-36
1742100804.838133,37,-26,-132
1742100804.8731332,43,13,7
1742100804.9091332,33,-42,-52
1742100804.944133,21,7,-80
1742100804.980133,-94,30,-26
1742100805.0151331,-78,-65,-98
1742100805.0511332,-6,-43,-164
1742100805.086133,-38,50,-2
1742100805.121133,129,-101,-84
1742100805.157133,-52,50,-26
1742100805.1921332,-4,-75,33
1742100805.2281332,27,-59,-120
1742100805.263133,-2,52,-88
1742100805.299133,37,56,-158
1742100805.3341331,127,-15,-10
1742100805.369133,-38,18,19
1742100805.405133,-10,48,-6
1742100805.440133,-62,-96,33
1742100805.476133,17,-40,-18
1742100805.5111332,37,-30,-76
1742100805.547133,51,-1,-142
1742100805.582133,15,4,-42
1742100805.6171331,1,-6,-108
1742100805.6531332,-18,48,3
1742100805.688133,-46,-19,-52
1742100805.724133,49,-71,-48
1742100805.759133,-54,-27,33
1742100805.795133,-34,-23,-148
1742100805.8311331,-58,-52,-120
1742100805.8671331,-68,81,13
1742100805.9031332,-28,-2,-34
1742100805.938133,-32,-54,-90
1742100805.973133,-6,-26,53
1742100806.009133,-22,73,-36
1742100806.045133,29,-12,-72
1742100806.0801332,19,-16,-68
1742100806.116133,-37,63,-136
1742100806.151133,0,11,39
1742100806.1861331,12,19,21
1742100806.221133,80,-46,-32
1742100806.257133,102,75,-48
1742100806.293133,-73,-70,61
1742100806.328133,44,-18,87
1742100806.3641331,56,103,-182
1742100806.399133,0,-8,-120
1742100806.434133,-29,-38,43
1742100806.4691331,-33,-26,-118
1742100806.5051332,-23,-32,-100
1742100806.5411332,-15,-12,-174
1742100806.576133,-11,9,3
1742100806.612133,-63,-34,25
1742100806.647133,0,15,-78
1742100806.6821332,80,-30,-62
1742100806.717133,-15,-34,-88
1742100806.753133,8,43,7
1742100806.789133,-35,-72,7
1742100806.8241332,-27,33,-64
1742100806.8601332,62,21,-60
1742100806.895133,94,29,-60
1742100806.930133,56,-74,-28
1742100806.9651332,-89,85,-28
1742100807.001133,50,15,-28
1742100807.037133,68,-62,-80
1742100807.072133,-29,23,-142
1742100807.108133,-73,15,115
1742100807.1431332,-93,51,89
1742100807.178133,-31,26,-144
1742100807.213133,38,37,-8
1742100807.249133,-37,38,-112
1742100807.2851331,16,88,-196
1742100807.320133,62,32,-106
1742100807.356133,30,-15,77
1742100807.391133,8,-15,-19
1742100807.4261332,18,-5,-125
1742100807.461133,40,38,-75
1742100807.497133,-27,-38,-64
1742100807.533133,28,-28,-3
1742100807.568133,-81,53,19
1742100807.6041331,-63,-34,33
1742100807.639133,70,62,-29
1742100807.674133,-23,-34,-21
1742100807.7091331,30,-54,40
1742100807.7451332,-65,-50,-87
1742100807.7811332,12,33,-113
1742100807.816133,-1,99,68
1742100807.852133,-3,-42,24
1742100807.8871331,-33,9,48
1742100807.922133,-27,39,-33
1742100807.957133,32,-20,-69
1742100807.993133,56,-58,-129
1742100808.029133,-15,-32,-43
1742100808.0641332,12,-8,-71
1742100808.1001332,18,0,-9
1742100808.135133,56,45,-49
1742100808.170133,78,-42,-197
1742100808.2051332,-25,57,-71
1742100808.241133,2,-14,-45
1742100808.277133,8,-28,-43
1742100808.312133,-5,-12,-39
1742100808.348133,10,15,26
1742100808.3831332,-27,15,-47
1742100808.418133,-31,-2,-31
1742100808.453133,-39,69,-77
1742100808.4891331,46,19,22
1742100808.5251331,34,45,-11
1742100808.560133,48,45,-19
1742100808.596133,-13,25,-47
1742100808.631133,-7,97,-119
1742100808.6661332,20,53,-89
1742100808.701133,-61,-36,-85
1742100808.737133,48,-26,-85
1742100808.773133,-13,33,-153
1742100808.8081331,-15,-2,-95
1742100808.8441331,12,31,-191
1742100808.879133,-63,-30,-73
1742100808.914133,12,-36,24
1742100808.9491332,-3,57,-57
1742100808.9851332,-43,-12,-21
1742100809.0281332,-33,-38,-49
1742100809.0641332,-31,-12,22
1742100809.1001332,-61,39,-127
1742100809.135133,-31,-2,-109
1742100809.170133,-25,23,0
1742100809.2051332,-13,1,-161
1742100809.241133,18,11,18
1742100809.277133,60,17,-71
1742100809.312133,0,17,-129
1742100809.348133,36,-46,-83
1742100809.3831332,4,55,-73
1742100809.418133,64,26,4
1742100809.453133,22,-43,54
1742100809.4891331,-31,14,-126
1742100809.5251331,-47,62,-64
1742100809.560133,9,-41,-90
1742100809.596133,-3,-63,-88
1742100809.631133,46,87,-24
1742100809.6661332,27,43,-168
1742100809.701133,65,49,-102
1742100809.737133,-42,-52,-54
1742100809.773133,87,-60,-122
1742100809.8081331,8,-50,31
1742100809.8441331,13,-38,-112
1742100809.879133,-58,3,-88
1742100809.914133,33,-100,43
1742100809.950133,55,-48,-32
1742100809.9851332,-18,-22,51
1742100810.0211332,-28,11,-148
1742100810.056133,-64,13,21
1742100810.092133,53,-24,-16
1742100810.1271331,-30,5,11
1742100810.162133,-10,13,-104
1742100810.198133,33,-40,-80
1742100810.233133,47,-42,-80
1742100810.269133,47,-11,-56
1742100810.3041332,31,5,-50
1742100810.3401332,21,16,-38
1742100810.375133,40,6,-14
1742100810.4101331,-38,52,-180
1742100810.4461331,-42,2,13
1742100810.481133,3,-111,-112
1742100810.517133,-9,11,-50
1742100810.552133,-15,-22,-46
1742100810.588133,32,-22,-188
1742100810.6231332,-9,43,-90
1742100810.658133,-43,-44,-38
1742100810.694133,28,-8,-64
1742100810.7291331,8,-8,-128
1742100810.7651331,-67,-10,-44
1742100810.800133,32,-16,-50
1742100810.836133,-3,53,-80
1742100810.871133,-15,-62,33
1742100810.9061332,50,5,-68
1742100810.9421332,-15,-60,-96
1742100810.977133,78,-6,-28
1742100811.013133,-61,43,-72
1742100811.0481331,12,19,-42
1742100811.0841331,-35,3,-44
1742100811.119133,-3,3,-64
1742100811.154133,-5,43,111
1742100811.190133,74,39,-48
1742100811.2251332,10,-28,-20
1742100811.2611332,-51,-42,-12
1742100811.296133,-39,-10,65
1742100811.332133,-3,35,-42
1742100811.3671331,8,-24,-88
1742100811.402133,-47,-24,71
1742100811.438133,-119,3,-16
1742100811.473133,4,-34,-86
1742100811.509133,-71,-44,15
1742100811.5441332,0,9,-70
1742100811.5801332,138,-41,9
1742100811.615133,-15,-2,-24
1742100811.6501331,-49,-78,83
1742100811.6861331,11,19,-40
1742100811.721133,-65,-28,-128
1742100811.757133,40,-28,-16
1742100811.792133,28,-2,-128
1742100811.828133,28,-6,-52
1742100811.8631332,2,-46,-32
1742100811.898133,-25,-10,-132
1742100811.934133,-77,39,61
1742100811.9691331,34,37,-142
1742100812.0051332,-93,19,-98
1742100812.040133,24,-6,-56
1742100812.076133,26,-11,25
1742100812.111133,2,29,-116
1742100812.1461332,112,-34,-98
1742100812.1821332,-23,30,7
1742100812.217133,-103,18,-82
1742100812.253133,34,24,-154
1742100812.2881331,-3,42,-68
1742100812.3241332,-43,20,-108
1742100812.3601332,32,32,1
1742100812.395133,58,12,-92
1742100812.430133,38,38,-192
1742100812.466133,-25,-63,59
1742100812.5021331,72,-35,99
1742100812.537133,-55,-29,-10
1742100812.573133,0,-79,-82
1742100812.608133,-3,-49,-152
1742100812.6431332,-69,27,-102
1742100812.678133,-13,-30,-68
1742100812.714133,-17,16,-96
1742100812.750133,-63,29,-42
1742100812.7851331,24,-37,-58
1742100812.8211331,-55,-45,-28
1742100812.856133,-21,-27,-116
1742100812.891133,0,-17,-54
1742100812.9261332,-13,-29,-140
1742100812.9621332,-37,-1,-76
1742100812.9981332,14,-13,-66
1742100813.033133,-43,-17,-30
1742100813.069133,56,-11,-62
1742100813.1041331,0,6,-84
1742100813.139133,16,-27,-90
1742100813.174133,34,4,-36
1742100813.210133,64,20,-74
1742100813.246133,30,-105,19
1742100813.2811332,32,-23,-86
1742100813.3171332,-69,40,-68
1742100813.352133,-29,18,77
1742100813.3871331,-3,-18,-44
1742100813.422133,-9,-50,-14
1742100813.458133,-7,31,-132
1742100813.494133,48,7,13
1742100813.529133,-25,59,79
1742100813.565133,34,13,-10
1742100813.6001332,-51,31,-114
1742100813.635133,36,-68,27
1742100813.670133,-35,41,9
1742100813.7061331,50,-44,-62
1742100813.7421331,40,93,-88
1742100813.777133,78,-60,-92
1742100813.813133,82,71,-92
1742100813.848133,-7,7,-104
1742100813.8831332,4,-2,-50
1742100813.918133,-89,65,-63
1742100813.954133,18,19,6
1742100813.990133,8,47,-9
1742100814.0251331,-47,23,22
1742100814.0611331,-19,-34,-47
1742100814.096133,-9,63,-51
1742100814.131133,44,-114,-65
1742100814.1661332,4,19,14
1742100814.2021332,56,63,10
1742100814.2381332,58,-2,-29
1742100814.273133,100,33,-145
1742100814.309133,54,69,-87
1742100814.3441331,42,-10,-27
1742100814.379133,-45,15,-15
1742100814.414133,38,25,12
1742100814.450133,-47,-16,-83
1742100814.486133,-73,29,-115
1742100814.5211332,-31,-12,-7
1742100814.5571332,40,-40,-173
1742100814.592133,-39,-58,42
1742100814.6271331,52,-6,40
1742100814.662133,-33,-12,-45
1742100814.698133,60,37,-129
1742100814.734133,16,44,-75
1742100814.769133,38,-27,-15
1742100814.805133,30,-65,-150
1742100814.8401332,40,18,-92
1742100814.875133,70,50,-30
1742100814.9101331,-87,22,-32
1742100814.9461331,8,94,-38
1742100814.9821332,90,-19,-108
1742100815.017133,-67,-43,0
1742100815.053133,38,8,-70
1742100815.088133,56,-7,25
1742100815.1231332,52,-99,-54
1742100815.158133,10,-43,29
1742100815.194133,50,18,25
1742100815.230133,-26,28,-18
1742100815.2651331,17,4,-24
1742100815.3011332,39,-21,5
1742100815.336133,-58,-15,25
1742100815.371133,-43,-64,-14
1742100815.4061332,64,-20,61
1742100815.4421332,24,-110,-124
1742100815.4781332,6,-32,-78
1742100815.513133,0,-12,-150
1742100815.549133,72,13,-66
1742100815.5841331,-25,-26,-60
1742100815.619133,29,-30,-118
1742100815.654133,17,-26,-18
1742100815.690133,-18,3,-84
1742100815.726133,-60,13,-2
1742100815.7611332,-54,3,11
1742100815.797133,-30,19,-80
1742100815.832133,-14,1,37
1742100815.8671331,25,19,-52
1742100815.902133,71,57,-80
1742100815.938133,-26,29,117
1742100815.974133,-41,47,-52
1742100816.009133,118,-32,-100
1742100816.045133,-5,-64,-96
1742100816.0801332,32,-30,-38
1742100816.115133,54,-32,-94
1742100816.1501331,-55,35,-36
1742100816.1861331,22,27,-38
1742100816.2221332,56,-34,69
1742100816.257133,-83,25,25
1742100816.293133,6,-18,-30
1742100816.328133,-73,19,-46
1742100816.3631332,-1,-52,17
1742100816.399133,4,17,-36
1742100816.434133,-39,-72,-112
1742100816.470133,-55,27,-72
1742100816.5051332,4,-72,-22
1742100816.5411332,-47,-104,-62
1742100816.576133,-39,27,-74
1742100816.611133,12,-42,29
1742100816.647133,-17,-62,-14
1742100816.6821332,0,45,-10
1742100816.718133,-15,-2,-16
1742100816.753133,16,-24,-24
1742100816.789133,-65,-20,-92
1742100816.8241332,30,49,67
1742100816.859133,28,23,-150
1742100816.895133,-25,3,-62
1742100816.930133,-47,5,19
1742100816.966133,36,-94,0
1742100817.001133,-1,27,-108
1742100817.037133,10,-58,-38
1742100817.072133,24,-10,-10
1742100817.1071332,2,-84,13
1742100817.1431332,-1,-40,-38
1742100817.178133,38,37,-90
1742100817.214133,-15,28,-12
1742100817.249133,78,-20,83
1742100817.2851331,-5,15,-52
1742100817.320133,20,63,-64
1742100817.355133,30,15,-116
1742100817.391133,-51,-44,-106
1742100817.4261332,-9,15,-17
1742100817.4621332,12,-12,-87
1742100817.497133,-57,91,-15
1742100817.533133,34,-72,-167
1742100817.568133,0,-28,-195
1742100817.6031332,-45,19,-21
1742100817.639133,6,45,-57
1742100817.674133,56,7,-35
1742100817.710133,-47,39,-1
1742100817.7451332,-53,-4,-21
1742100817.7811332,46,29,-185
1742100817.816133,-73,-123,18
1742100817.851133,54,-45,-77
1742100817.8871331,-23,-67,12
1742100817.922133,6,-27,-29
1742100817.958133,60,-41,-111
1742100817.993133,-9,-87,0
1742100818.029133,-12,18,-161
1742100818.0641332,-2,-59,16
1742100818.099133,-6,26,40
1742100818.135133,-65,36,64
1742100818.170133,48,14,10
1742100818.2061331,28,14,50
1742100818.241133,16,-49,-53
1742100818.277133,-85,6,-27
1742100818.312133,90,12,-35
1742100818.3471332,-45,-89,-109
1742100818.3831332,-65,-33,34
1742100818.418133,-19,22,-131
1742100818.454133,-33,12,-21
1742100818.4891331,108,-39,46
1742100818.5251331,-13,-87,-17
1742100818.560133,-41,-9,-96
1742100818.595133,-44,-5,-102
1742100818.631133,-8,44,-41
1742100818.6661332,-23,-59,-18
1742100818.7021332,-35,38,-56
1742100818.737133,36,-79,-214
1742100818.773133,-1,54,77
1742100818.809133,-87,28,-12
1742100818.845133,-39,20,-32
1742100818.881133,-85,28,69
1742100818.9161332,20,16,-122
1742100818.951133,-49,-13,-52
1742100818.987133,-48,40,-106
1742100819.030133,29,64,-64
1742100819.066133,-5,-21,9
1742100819.102133,-43,48,-34
1742100819.1371331,-43,-63,15
1742100819.172133,-26,-77,-68
1742100819.207133,18,20,-66
1742100819.243133,-10,2,-82
1742100819.279133,-31,-15,9
1742100819.3141332,-107,-45,-20
1742100819.3501332,-39,4,-76
1742100819.385133,58,50,-12
1742100819.420133,38,-13,163
1742100819.4551332,48,14,23
1742100819.491133,8,49,-130
1742100819.527133,-15,67,9
1742100819.562133,100,173,73
1742100819.598133,-109,-34,139
1742100819.6331332,12,67,73
1742100819.668133,-47,31,1
1742100819.703133,-43,3,-6
1742100819.7391331,10,11,29
1742100819.7751331,36,-34,-84
1742100819.810133,30,37,19
1742100819.846133,-69,27,33
1742100819.881133,38,-34,-126
1742100819.9161332,24,15,69
1742100819.951133,86,-90,-32
1742100819.987133,6,10,-170
1742100820.023133,-3,41,-22
1742100820.0581331,-67,21,-206
1742100820.0941331,-21,11,-78
1742100820.129133,24,-30,27
1742100820.164133,26,29,-144
1742100820.1991332,76,-2,-72
1742100820.2351332,2,23,-80
1742100820.2711332,74,53,39
1742100820.306133,-53,-6,27
1742100820.342133,-17,79,-60
1742100820.3771331,-13,83,-46
1742100820.412133,-55,33,-60
1742100820.447133,-27,59,9
1742100820.483133,34,73,33
1742100820.519133,-1,-62,113
1742100820.5541332,10,73,43
1742100820.5901332,-81,-42,-28
1742100820.625133,2,-48,-158
1742100820.6601331,72,-64,99
1742100820.695133,8,-34,-10
1742100820.731133,2,73,-30
1742100820.767133,2,89,-130
1742100820.802133,-37,13,-62
1742100820.838133,24,19,69
1742100820.8731332,6,-58,-118
1742100820.908133,26,39,-8
1742100820.943133,28,-26,-158
1742100820.9791331,89,51,-54
1742100821.0151331,0,23,-30
1742100821.050133,-47,-20,-92
1742100821.086133,15,43,-92
1742100821.121133,-49,-36,-14
1742100821.1561332,-17,29,-2
1742100821.191133,-33,17,-96
1742100821.227133,-41,0,-64
1742100821.263133,-101,-14,-96
1742100821.2981331,18,-12,-86
1742100821.3341331,-15,-38,-18
1742100821.369133,-3,-84,-80
1742100821.404133,-57,-70,-8
1742100821.4391332,14,0,37
1742100821.4751332,50,45,-64
1742100821.5111332,18,27,-28
1742100821.546133,74,-6,-18
1742100821.582133,12,5,-72
1742100821.6171331,-51,19,-88
1742100821.652133,-25,-18,-62
1742100821.687133,32,55,-130
1742100821.723133,46,-2,-34
1742100821.759133,-131,-20,79
1742100821.7941332,-3,-34,-84
1742100821.8301332,54,11,-96
1742100821.865133,-7,43,-206
1742100821.9001331,-17,-24,-34
1742100821.935133,102,27,-10
1742100821.971133,16,-10,73
1742100822.007133,-25,-44,-56
1742100822.042133,36,-52,-74
1742100822.078133,12,-38,-4
1742100822.1131332,-63,67,-96
1742100822.148133,64,17,-112
1742100822.1831331,-23,35,-10
1742100822.2191331,94,-64,-84
1742100822.2551332,2,17,61
1742100822.290133,-67,-16,-4
1742100822.326133,22,-14,-6
1742100822.361133,46,7,-50
1742100822.3961332,-25,-2,-84
1742100822.431133,-29,-40,19
1742100822.467133,18,-30,-162
1742100822.503133,-53,-4,-58
1742100822.5381331,-5,0,-24
1742100822.5741332,-29,19,-62
1742100822.609133,10,-16,-68
1742100822.644133,-23,61,-126
1742100822.6791332,-49,-6,23
1742100822.7151332,90,-40,7
1742100822.751133,2,-44,-34
1742100822.786133,44,37,-174
1742100822.822133,-51,23,-82
1742100822.8571332,-19,-66,-206
1742100822.892133,5,77,-68
1742100822.928133,43,67,61
1742100822.963133,-28,-28,113
1742100822.999133,9,5,79
1742100823.0341332,34,49,-86
1742100823.070133,-53,-50,-28
1742100823.105133,-13,-38,-124
1742100823.1401331,-37,35,-28
1742100823.1761332,-45,17,-136
1742100823.211133,-39,19,-140
1742100823.247133,-51,45,-84
1742100823.282133,-19,51,-54
1742100823.318133,-9,-20,43
1742100823.3531332,24,3,13
1742100823.388133,42,-4,-44
1742100823.424133,-69,83,-14
1742100823.4591331,8,19,-54
1742100823.4951332,-37,-66,-100
1742100823.530133,-35,71,-4
1742100823.566133,2,-62,-72
1742100823.601133,38,-92,-146
1742100823.6361332,-27,33,-82
1742100823.672133,-113,-64,-90
1742100823.707133,-3,-84,-164
1742100823.743133,-9,-72,-124
1742100823.7781332,54,52,-22
1742100823.8141332,-23,37,5
1742100823.849133,38,-24,-54
1742100823.884133,-15,19,-108
1742100823.920133,-25,-44,-140
1742100823.9551332,76,-30,5
1742100823.991133,-19,-52,25
1742100824.026133,-75,91,-182
1742100824.062133,28,58,-14
1742100824.0971332,4,-11,-88
1742100824.132133,44,29,5
1742100824.168133,-3,4,13
1742100824.203133,30,-56,-120
1742100824.2391331,24,31,0
1742100824.274133,-39,-4,-88
1742100824.310133,-45,11,-94
1742100824.345133,74,37,-120
1742100824.3801332,10,-44,19
1742100824.4161332,-37,1,15
1742100824.451133,66,-38,-32
1742100824.487133,62,-30,-62
1742100824.522133,46,7,1
1742100824.5581331,68,13,-20
1742100824.593133,-14,-18,-42
1742100824.628133,-1,55,-44
1742100824.664133,-45,33,-70
1742100824.6991332,116,-60,-18
1742100824.7351332,44,-78,-84
1742100824.770133,-35,51,-12
1742100824.806133,-51,23,-56
1742100824.841133,-33,-6,-26
1742100824.876133,46,-18,-38
1742100824.912133,38,-10,-76
1742100824.947133,-7,31,-50
1742100824.983133,-35,53,-64
1742100825.0181332,-19,81,-78
1742100825.0541332,6,43,-110
1742100825.089133,52,-8,-188
1742100825.124133,34,-54,13
1742100825.1601331,-75,-6,-74
1742100825.195133,56,-48,-12
1742100825.231133,6,61,-44
1742100825.266133,12,-10,-60
1742100825.302133,68,-10,-10
1742100825.338133,-44,-20,-132
1742100825.3731332,73,-42,-62
1742100825.408133,-13,44,-100
1742100825.444133,28,7,-138
1742100825.480133,-35,18,-28
1742100825.5151331,12,-36,-193
1742100825.5511332,18,-90,-130
1742100825.586133,27,-24,-73
1742100825.621133,-12,-10,-61
1742100825.6561332,23,-54,-105
1742100825.6921332,-8,54,70
1742100825.7281332,-16,65,-41
1742100825.763133,25,35,24
1742100825.799133,-66,-46,-49
1742100825.8341331,-56,-34,-83
1742100825.869133,51,75,-45
1742100825.904133,-1,9,8
1742100825.940133,5,-56,-13
1742100825.976133,-64,-56,-63
1742100826.0111332,71,31,-63
1742100826.047133,27,7,2
1742100826.082133,41,-22,20
1742100826.1171331,13,23,-19
1742100826.152133,-33,75,-5
1742100826.188133,-13,-40,10
1742100826.224133,12,51,-163
1742100826.259133,46,-60,-53
1742100826.295133,-29,33,-159
1742100826.3301332,58,-70,-19
1742100826.365133,-63,0,-127
1742100826.4001331,66,-28,-93
1742100826.4361331,12,7,-15
1742100826.4721332,0,-4,-59
1742100826.507133,-77,-38,-21
1742100826.543133,-27,-28,-59
1742100826.578133,-25,-22,-57
1742100826.6131332,18,0,-37
1742100826.648133,40,5,-127
1742100826.684133,-15,-26,-7
1742100826.720133,28,-28,-35
1742100826.7551332,-13,0,6
1742100826.7911332,-1,-4,34
1742100826.826133,6,-2,-27
1742100826.861133,50,-2,84
1742100826.8961332,2,39,-135
1742100826.9321332,4,-68,-39
1742100826.968133,-97,47,-137
1742100827.003133,76,35,-61
1742100827.039133,34,-4,28
1742100827.0741332,10,39,-113
1742100827.109133,34,-12,92
1742100827.144133,52,47,-11
1742100827.180133,-3,11,48
1742100827.216133,-32,13,-13
1742100827.251133,-1,21,-71
1742100827.287133,-11,65,-201
1742100827.322133,6,-6,4
1742100827.3571332,-43,73,-57
1742100827.392133,22,-62,6
1742100827.428133,2,89,-207
1742100827.464133,14,19,86
1742100827.499133,70,-4,-49
1742100827.5351331,-81,9,66
1742100827.570133,-57,41,-41
1742100827.605133,-118,-4,60
1742100827.6401331,43,-48,14
1742100827.6761332,-90,51,8
1742100827.7121332,-5,97,-147
1742100827.747133,-37,9,-71
1742100827.783133,-45,-68,-171
1742100827.818133,-45,-18,-67
1742100827.8531332,30,-22,118
1742100827.888133,-17,-30,-161
1742100827.924133,-89,-2,-69
1742100827.960133,12,11,-59
1742100827.9951332,36,-2,-23
1742100828.0311332,-71,-14,26
1742100828.066133,-91,19,28
1742100828.101133,0,0,-51
1742100828.1361332,24,-18,-89
1742100828.172133,-15,-24,24
1742100828.208133,22,87,28
1742100828.243133,40,42,-69
1742100828.279133,-41,-49,-51
1742100828.3141332,-37,-8,-129
1742100828.349133,-19,-8,-107
1742100828.384133,-23,-28,-87
1742100828.420133,30,19,48
1742100828.4561331,-47,7,48
1742100828.491133,6,-18,-115
1742100828.527133,20,-22,-23
1742100828.562133,6,35,-49
1742100828.5971332,-21,55,-155
1742100828.632133,-33,73,-25
1742100828.668133,90,51,-159
1742100828.704133,-11,5,-65
1742100828.7391331,42,-24,-80
1742100828.7751331,-19,0,-25
1742100828.810133,-33,79,-75
1742100828.845133,-5,61,-39
1742100828.8801332,46,43,-55
1742100828.9161332,-9,-19,-105
1742100828.9521332,-7,-51,-55
1742100828.987133,-21,-17,56
1742100829.023133,2,93,-55
1742100829.065133,-43,-45,-11
1742100829.101133,-3,-38,-91
1742100829.1361332,56,88,2
1742100829.172133,-59,-1,-159
1742100829.208133,16,15,-93
1742100829.243133,94,28,-117
1742100829.279133,60,96,-69
1742100829.3141332,-67,-7,-110
1742100829.349133,-13,-23,-11
1742100829.385133,-55,-56,-122
1742100829.420133,-39,27,37
1742100829.4561331,42,24,-36
1742100829.491133,22,53,-173
1742100829.527133,10,-97,-25
1742100829.562133,8,44,-15
1742100829.5971332,20,-37,-25
1742100829.6331332,-15,8,62
1742100829.668133,12,36,10
1742100829.704133,8,96,-97
1742100829.7391331,-9,30,-49
1742100829.7751331,22,-7,-19
1742100829.810133,19,14,18
1742100829.845133,-39,34,-43
1742100829.881133,14,44,2
1742100829.9161332,-45,-51,-63
1742100829.9521332,-16,-25,-20
1742100829.987133,-11,86,-248
1742100830.023133,-37,6,0
1742100830.0581331,102,62,-78
1742100830.093133,-29,-79,-90
1742100830.129133,-103,78,-94
1742100830.164133,24,22,-146
1742100830.200133,98,14,-48
1742100830.2351332,16,-9,-154
1742100830.2711332,-5,3,-74
1742100830.306133,70,15,-32
1742100830.341133,-3,-38,-142
1742100830.3771331,-105,-4,-80
1742100830.412133,12,33,-78
1742100830.448133,72,-44,29
1742100830.483133,58,-60,-64
1742100830.519133,-89,3,-40
1742100830.5541332,-3,1,-188
1742100830.589133,26,-22,0
1742100830.625133,38,19,-110
1742100830.6601331,-11,-2,101
1742100830.6961331,-31,37,29
1742100830.731133,10,23,-58
1742100830.767133,-11,-62,47
1742100830.802133,70,-6,-207
1742100830.8371332,-73,21,-161
1742100830.8731332,-29,-6,28
1742100830.908133,-49,17,-67
1742100830.944133,-15,-6,10
1742100830.9791331,-33,17,2
1742100831.0151331,12,27,32
1742100831.050133,-65,11,-65
1742100831.085133,42,87,40
1742100831.121133,-41,17,-35
1742100831.1561332,-19,11,-41
1742100831.1921332,33,9,-39
1742100831.227133,-33,13,12
1742100831.263133,-50,-20,-211
1742100831.2981331,-1,-46,-117
1742100831.333133,8,-52,-10
1742100831.369133,44,-38,33
1742100831.404133,8,-76,-38
1742100831.440133,40,87,-66
1742100831.4751332,70,43,-142
1742100831.5111332,2,9,0
1742100831.546133,4,9,-11
1742100831.5811331,-3,-8,-187
1742100831.6171331,42,31,-32
1742100831.652133,-23,-20,-151
1742100831.688133,-18,31,60
1742100831.723133,-36,141,-85
1742100831.759133,103,27,-79
1742100831.795133,-66,51,30
1742100831.8311331,25,3,-89
1742100831.8671331,-48,-40,38
1742100831.902133,-26,-42,-89
1742100831.937133,-46,9,22
1742100831.973133,17,21,-122
1742100832.009133,-22,17,1
1742100832.0441332,51,-94,3
1742100832.0801332,27,51,17
1742100832.115133,45,7,-94
1742100832.1501331,55,-20,-220
1742100832.185133,-14,-24,-106
1742100832.221133,-43,29,117
1742100832.257133,62,19,-72
1742100832.292133,-23,-8,31
1742100832.328133,-33,-14,-96
1742100832.3631332,32,-38,-104
1742100832.398133,14,-16,-152
1742100832.4331331,24,7,-2
1742100832.4691331,-27,-22,-40
1742100832.5051332,-19,-14,-52
1742100832.540133,44,11,5
1742100832.576133,-5,-30,-51
1742100832.611133,-5,-68,-272
1742100832.6461332,52,-18,-123
1742100832.681133,-75,45,-37
1742100832.717133,-51,-20,-29
1742100832.753133,-19,-32,-9
1742100832.7881331,-5,5,-35
1742100832.8241332,-69,-40,12
1742100832.859133,80,23,-37
1742100832.894133,-15,-2,-69
1742100832.9291332,-21,-68,-117
1742100832.9651332,-17,31,-89
1742100833.001133,-27,89,-27
1742100833.036133,-1,7,-99
1742100833.072133,34,-40,-67
1742100833.1071332,46,39,-207
1742100833.142133,18,-2,-43
1742100833.177133,-49,35,-91
1742100833.213133,-57,15,-93
1742100833.249133,26,-43,-137
1742100833.2841332,-19,-30,-41
1742100833.320133,36,-58,-85
1742100833.355133,-39,1,-45
1742100833.3901331,112,-16,-79
1742100833.425133,-21,-32,-113
1742100833.461133,88,-6,-17
1742100833.497133,-49,-48,34
1742100833.532133,8,-50,-9
1742100833.568133,-63,7,-9
1742100833.6031332,-7,-32,-167
1742100833.638133,34,-24,-11
1742100833.6731331,-83,-52,-103
1742100833.7091331,36,27,-31
1742100833.7451332,10,-27,-45
1742100833.780133,-11,56,-9
1742100833.816133,18,-24,-59
1742100833.851133,18,-36,-63
1742100833.8861332,24,7,-67
1742100833.921133,32,-17,-7
1742100833.957133,38,-19,-91
1742100833.993133,120,14,-93
1742100834.0281332,28,40,-17
1742100834.0641332,-27,63,-101
1742100834.099133,-9,-32,-75
1742100834.134133,-31,7,-41
1742100834.1691332,-19,-2,-41
1742100834.2051332,64,49,48
1742100834.241133,-63,-11,-29
1742100834.276133,-29,52,-91
1742100834.312133,-21,44,50
1742100834.3471332,-25,2,-21
1742100834.382133,-5,2,-11
1742100834.417133,-43,-51,70
1742100834.453133,-27,22,-129
1742100834.4891331,12,84,0
1742100834.524133,44,-59,-117
1742100834.560133,-165,44,-47
1742100834.595133,-85,26,-49
1742100834.6301332,-17,48,-1
1742100834.665133,9,11,-61
1742100834.701133,-11,11,-89
1742100834.737133,34,37,-55
1742100834.772133,40,-38,-39
1742100834.8081331,34,-6,-123
1742100834.843133,14,-1,-35
1742100834.878133,-25,31,-17
1742100834.9131331,8,-20,-73
1742100834.9491332,-21,-28,84
1742100834.9851332,-57,-22,-17
1742100835.020133,-33,11,-47
1742100835.056133,86,3,-95
1742100835.091133,40,13,34
1742100835.126133,26,-64,6
1742100835.161133,44,-30,104
1742100835.197133,-25,41,-93
1742100835.233133,-43,39,-19
1742100835.2681332,-17,57,14
1742100835.3041332,-41,-12,24
1742100835.339133,42,45,-29
1742100835.374133,-29,-78,-111
1742100835.4091332,-1,47,32
1742100835.445133,-23,35,-137
1742100835.481133,72,45,-103
1742100835.516133,-21,-36,-77
1742100835.552133,34,-34,-125
1742100835.5871332,-5,-58,-185
1742100835.622133,82,5,6
1742100835.657133,54,3,-9
1742100835.693133,22,-10,-67
1742100835.7291331,46,71,-43
1742100835.764133,36,-14,-163
1742100835.800133,4,-12,-3
1742100835.835133,-7,-36,-41
1742100835.8701332,44,15,-123
1742100835.9061332,-49,-60,24
1742100835.941133,26,-2,-11
1742100835.977133,-61,-16,-61
1742100836.0121331,-21,-14,36
1742100836.0481331,74,9,-107
1742100836.083133,46,-21,82
1742100836.118133,14,-36,-85
1742100836.154133,12,-12,68
1742100836.1891332,-43,15,12
1742100836.2251332,80,31,-25
1742100836.260133,-47,33,-57
1742100836.296133,24,23,-67
1742100836.3311331,-9,-8,-45
1742100836.366133,-27,-8,-5
1742100836.402133,-9,31,44
1742100836.437133,48,-58,-5
1742100836.473133,4,-46,-37
1742100836.5081332,22,-22,-177
1742100836.5441332,-7,-8,-1
1742100836.579133,-67,37,-111
1742100836.6141331,-51,19,68
1742100836.6501331,-5,-108,-89
1742100836.685133,-11,-22,-71
1742100836.721133,38,-41,96
1742100836.756133,10,54,-3
1742100836.792133,8,8,-41
1742100836.8271332,-41,-37,-115
1742100836.862133,44,124,-15
1742100836.898133,-63,-21,-113
1742100836.9331331,-81,-29,-149
1742100836.9691331,-1,-11,112
1742100837.004133,52,-21,-65
1742100837.040133,-7,-65,-143
1742100837.075133,7,8,-141
1742100837.1101332,50,-11,-193
1742100837.1461332,42,50,-43
1742100837.181133,-7,44,-35
1742100837.217133,-13,-15,-165
1742100837.2521331,54,-69,-197
1742100837.2881331,-3,-20,-91
1742100837.323133,58,-47,-131
1742100837.358133,44,-19,30
1742100837.394133,-21,40,-119
1742100837.4291332,4,-51,14
1742100837.4651332,14,-37,-27
1742100837.500133,-43,84,68
1742100837.536133,-67,34,-179
1742100837.5711331,8,96,-1
1742100837.606133,68,18,-101
1742100837.642133,22,-31,-77
1742100837.677133,14,-13,-65
1742100837.713133,-11,-99,-53
1742100837.7481332,-3,-37,78
1742100837.7841332,12,-45,28
1742100837.819133,-95,-5,-15
1742100837.8541331,2,-102,-81
1742100837.8901331,34,26,-13
1742100837.925133,-13,44,10
1742100837.961133,-17,22,14
1742100837.996133,14,-11,-117
1742100838.032133,-9,22,-55
1742100838.0671332,38,-67,-87
1742100838.102133,26,-41,-51
1742100838.138133,-49,-21,26
1742100838.1731331,38,76,10
1742100838.2091331,-39,12,-71
1742100838.244133,10,12,-51
1742100838.280133,36,4,-27
1742100838.316133,-27,10,-63
1742100838.351133,83,30,-33
1742100838.3861332,-36,-19,84
1742100838.422133,-12,-27,-107
1742100838.458133,-8,14,-83
1742100838.493133,139,-3,-163
1742100838.529133,99,-51,-5
1742100838.5641332,43,46,-111
1742100838.599133,-13,18,-81
1742100838.634133,-62,-35,-77
1742100838.670133,49,-14,-91
1742100838.7061331,21,33,-81
1742100838.741133,-82,-24,-95
1742100838.777133,75,-22,-55
1742100838.812133,-20,-52,-137
1742100838.8471332,55,43,-139
1742100838.882133,3,-54,-105
1742100838.918133,-43,7,-73
1742100838.954133,56,19,-33
1742100838.9891331,-4,3,8
1742100839.0251331,-24,13,-39
1742100839.0671332,-48,-2,84
1742100839.1031332,-31,-46,18
1742100839.138133,46,25,-133
1742100839.174133,-34,55,-69
1742100839.210133,-6,21,66
1742100839.2451332,15,-20,-9
1742100839.2811332,31,3,-13
1742100839.316133,5,41,-97
1742100839.351133,-30,-74,24
1742100839.3861332,-8,5,-53
1742100839.422133,-46,-86,16
1742100839.458133,-18,-22,-127
1742100839.493133,13,-24,-13
1742100839.529133,9,-16,-53
1742100839.5641332,-12,39,-43
1742100839.599133,-16,-18,-169
1742100839.634133,-8,-2,-161
1742100839.670133,-110,13,-25
1742100839.7061331,1,69,-75
1742100839.741133,-30,41,-81
1742100839.777133,-92,7,50
1742100839.812133,-10,21,-99
1742100839.8471332,9,-28,-53
1742100839.882133,-4,-14,-125
1742100839.918133,54,-60,-153
1742100839.954133,3,19,-89
1742100839.9891331,-41,21,-37
1742100840.0251331,2,-44,-25
1742100840.060133,34,-44,-1
1742100840.095133,30,-2,-69
1742100840.1301332,1,-82,36
1742100840.1661332,-42,18,-79
1742100840.2021332,0,-35,-1
1742100840.237133,13,-15,-165
1742100840.273133,8,18,-109
1742100840.3081331,-31,48,22
1742100840.343133,-43,12,-69
1742100840.378133,-16,44,42
1742100840.414133,35,36,-77
1742100840.450133,40,40,40
1742100840.4851332,-29,-13,-71
1742100840.5211332,-44,60,48
1742100840.556133,-24,-22,-151
1742100840.591133,6,52,-83
1742100840.626133,66,24,-37
1742100840.662133,-11,-13,-179
1742100840.698133,16,-3,-69
1742100840.733133,-31,-31,-135
1742100840.769133,64,8,78
1742100840.8041332,-41,14,-119
1742100840.839133,-5,20,-211
1742100840.874133,-7,30,-113
1742100840.9101331,-15,2,-141
1742100840.9461331,0,-7,6
1742100840.981133,66,-35,-3
1742100841.017133,12,16,-87
1742100841.052133,-17,26,-105
1742100841.0871332,-27,21,-5
1742100841.122133,-53,-34,-31
1742100841.158133,-93,-46,-7
1742100841.194133,-23,-2,56
1742100841.2291331,-45,-28,-91
1742100841.2651331,-33,-30,-3
1742100841.300133,-29,-72,-27
1742100841.335133,36,3,-73
1742100841.3701332,-31,61,-85
1742100841.4061332,-9,-46,-131
1742100841.4421332,34,-10,-67
1742100841.477133,36,-38,-11
1742100841.513133,-69,61,-53
1742100841.5481331,4,-64,-135
1742100841.583133,22,23,-35
1742100841.618133,4,15,-59
1742100841.654133,4,-48,-57
1742100841.690133,-19,11,-29
1742100841.7251332,24,53,56
1742100841.7611332,-47,3,6
1742100841.796133,-27,-44,-1
1742100841.8311331,-3,-82,-37
1742100841.866133,24,3,-23
1742100841.902133,14,-56,-67
1742100841.938133,31,-36,2
1742100841.973133,-11,73,-53
1742100842.009133,31,-36,-89
1742100842.0441332,34,-36,-131
1742100842.079133,2,-48,-7
1742100842.1141331,-91,-26,68
1742100842.1501331,-33,-52,-131
1742100842.1861331,14,45,50
1742100842.221133,-3,43,-69
1742100842.257133,4,49,-95
1742100842.292133,0,25,-27
1742100842.3271332,14,23,4
1742100842.362133,42,5,-31
1742100842.398133,-13,9,-97
1742100842.434133,-73,71,-37
1742100842.4691331,20,-36,-13
1742100842.5051332,-29,23,-97
1742100842.540133,-95,25,-49
1742100842.575133,56,-26,-19
1742100842.611133,32,3,2
1742100842.6461332,-3,-46,34
1742100842.6821332,-17,53,-55
1742100842.717133,30,41,-77
1742100842.753133,32,-11,-155
1742100842.7881331,-29,24,-85
1742100842.823133,2,6,-151
1742100842.859133,-33,-4,-145
1742100842.894133,-15,35,22
1742100842.930133,-37,32,-75
1742100842.9651332,34,34,-9
1742100843.001133,-67,45,-7
1742100843.036133,20,33,-105
1742100843.0711331,-37,41,16
1742100843.1071332,-21,51,28
1742100843.142133,104,-16,-79
1742100843.178133,-35,21,-167
1742100843.213133,-93,5,-15
1742100843.249133,-97,-14,-45
1742100843.2841332,-7,-52,-77
1742100843.319133,22,19,46
1742100843.355133,-55,-60,-81
1742100843.3901331,4,31,-159
1742100843.4261332,-23,-2,-193
1742100843.461133,12,72,-103
1742100843.497133,22,6,-13
1742100843.532133,48,-27,-11
1742100843.5671332,76,-35,-13
1742100843.6031332,20,22,-79
1742100843.638133,40,-31,-141
1742100843.674133,-49,-51,2
1742100843.7091331,100,50,-95
1742100843.7451332,44,-49,-145
1742100843.780133,38,-27,-59
1742100843.815133,58,36,-41
1742100843.851133,38,24,4
1742100843.8861332,0,34,-73
1742100843.922133,-17,-24,26
1742100843.957133,-57,83,-143
1742100843.993133,-5,-15,-89
1742100844.0281332,2,48,-19
1742100844.063133,-135,2,45
1742100844.099133,-23,-23,-155
1742100844.134133,-35,38,-48
1742100844.170133,122,2,-2
1742100844.2051332,104,26,9
1742100844.241133,26,37,-120
1742100844.276133,4,-41,-8
1742100844.3111331,30,-14,-34
1742100844.3471332,-59,-10,-36
1742100844.382133,4,6,30
1742100844.418133,92,47,-16
1742100844.453133,-51,3,-122
1742100844.4891331,44,-102,-139
1742100844.524133,-19,-40,14
1742100844.559133,-7,-12,-21
1742100844.595133,-5,-40,-17
1742100844.6301332,-105,69,-11
1742100844.6661332,10,-10,-9
1742100844.701133,-69,-26,106
1742100844.737133,46,-10,-25
1742100844.773133,38,51,-35
1742100844.8081331,58,1,38
1742100844.843133,20,-4,-59
1742100844.879133,-17,-34,-9
1742100844.915133,-35,-12,-133
1742100844.950133,-57,15,-57
1742100844.986133,2,-42,-155
1742100845.0211332,-37,11,26
1742100845.056133,-13,31,-35
1742100845.091133,-13,5,-111
1742100845.128133,66,3,-101
1742100845.1631331,6,-64,-51
1742100845.1991332,-63,35,-11
1742100845.2351332,-1,47,-63
1742100845.270133,-95,51,-99
1742100845.306133,32,-30,-27
1742100845.341133,-15,-34,-117
1742100845.376133,-101,-30,-63
1742100845.411133,62,-14,14
1742100845.447133,38,0,-179
1742100845.483133,-19,-84,26
1742100845.5181332,14,29,-171
1742100845.5541332,52,14,28
1742100845.589133,-35,60,4
1742100845.624133,-83,20,-7
1742100845.6591332,-59,-6,-171
1742100845.695133,-35,7,-103
1742100845.731133,30,-36,-55
1742100845.766133,28,-20,-93
1742100845.802133,2,65,-71
1742100845.8371332,-11,-10,-127
1742100845.872133,42,95,-229
1742100845.907133,54,-22,-59
1742100845.943133,-57,-44,36
1742100845.9791331,20,63,14
1742100846.014133,-71,37,-129
1742100846.050133,62,31,-31
1742100846.085133,38,13,4
1742100846.1201332,10,61,44
1742100846.155133,48,21,28
1742100846.191133,-17,53,-81
1742100846.227133,98,21,-137
1742100846.2621331,4,-28,-53
1742100846.2981331,-51,13,0
1742100846.333133,-69,-36,44
1742100846.368133,26,-48,62
1742100846.4031332,-71,39,-57
1742100846.4391332,-13,21,-27
1742100846.4751332,-29,-58,10
1742100846.510133,-27,-26,-43
1742100846.546133,46,-62,-121
1742100846.5811331,14,53,-25
1742100846.616133,-39,-4,-110
1742100846.651133,10,15,33
1742100846.687133,-49,-26,35
1742100846.723133,-19,13,-124
1742100846.7581332,-23,-14,39
1742100846.7941332,-26,28,-64
1742100846.829133,100,-51,3
1742100846.8641331,-5,8,11
1742100846.899133,58,-25,51
1742100846.935133,-57,-25,-196
1742100846.971133,-25,38,-184
1742100847.006133,18,40,-80
1742100847.042133,4,-57,-80
1742100847.0771332,24,-33,9
1742100847.112133,-67,33,-206
1742100847.147133,-23,55,-168
1742100847.1831331,-17,-8,-8
1742100847.2191331,-29,-66,-36
1742100847.254133,85,29,59
1742100847.290133,19,-56,-44
1742100847.325133,35,-3,-4
1742100847.3601332,-84,76,39
1742100847.395133,47,28,-54
1742100847.431133,-2,-57,-96
1742100847.467133,-45,-11,-154
1742100847.5021331,-3,-31,-174
1742100847.5381331,4,-65,-106
1742100847.573133,20,52,7
1742100847.608133,-3,22,-124
1742100847.6431332,-29,18,7
1742100847.6791332,10,-48,51
1742100847.7151332,-59,-36,-10
1742100847.750133,14,13,-10
1742100847.786133,-61,-42,33
1742100847.8211331,44,43,9
1742100847.856133,14,53,29
1742100847.891133,76,19,-64
1742100847.927133,16,-58,-76
1742100847.963133,64,-4,11
1742100847.9981332,-21,1,-50
1742100848.0341332,6,-28,-12
1742100848.069133,36,7,-70
1742100848.1041331,-27,31,-92
1742100848.139133,8,-2,-68
1742100848.175133,16,13,61
1742100848.211133,22,-54,-56
1742100848.246133,18,13,37
1742100848.282133,20,-26,-24
1742100848.3171332,32,59,-2
1742100848.352133,0,39,-2
1742100848.3871331,16,-10,-62
1742100848.4231331,0,-14,-144
1742100848.4591331,-45,37,-86
1742100848.494133,50,77,5
1742100848.530133,24,5,73
1742100848.565133,0,-130,-104
1742100848.6001332,-89,19,53
1742100848.635133,78,-12,-108
1742100848.671133,-47,-142,-26
1742100848.707133,0,1,-22
1742100848.7421331,32,-8,7
1742100848.7781332,18,-12,15
1742100848.813133,-15,49,-36
1742100848.848133,38,-56,-139
1742100848.884133,-5,-12,-77
1742100848.9191332,-39,-24,-53
1742100848.9551332,19,1,-73
1742100848.990133,-20,-8,6
1742100849.026133,-40,35,-137
1742100849.068133,-28,9,22
1742100849.1041331,7,13,-63
1742100849.1401331,-18,-4,-161
1742100849.175133,-28,0,20
1742100849.211133,89,-6,-87
1742100849.246133,35,15,-19
1742100849.282133,-76,63,-89
1742100849.3171332,-70,3,44
1742100849.352133,1,-12,-77
1742100849.388133,-44,39,-51
1742100849.4231331,51,41,72
1742100849.4591331,-6,17,-101
1742100849.494133,-22,47,-17
1742100849.530133,1,-38,-109
1742100849.565133,-16,67,54
1742100849.6001332,-36,113,-101
1742100849.6361332,-54,-14,-9
1742100849.671133,-44,61,35
1742100849.707133,-78,-52,-58
1742100849.7421331,39,-54,-74
1742100849.7781332,-106,-23,-36
1742100849.813133,-46,-21,-188
1742100849.848133,29,33,87
1742100849.884133,29,-46,-64
1742100849.9191332,-108,-22,-30
1742100849.9551332,-6,1,-126
1742100849.990133,-28,-54,-22
1742100850.026133,21,-36,-34
1742100850.0611331,83,25,-118
1742100850.096133,-6,25,-170
1742100850.132133,55,-38,17
1742100850.167133,29,-56,-86
1742100850.203133,71,59,27
1742100850.2381332,11,-66,-6
1742100850.274133,-78,-28,-120
1742100850.309133,-32,99,-18
1742100850.3441331,29,49,-42
1742100850.3801332,25,7,-34
1742100850.415133,-10,-18,-66
1742100850.451133,0,-38,-58
1742100850.486133,7,-18,-28
1742100850.522133,19,-28,25
1742100850.5571332,24,13,-84
1742100850.592133,-87,-20,15
1742100850.628133,-57,49,-56
1742100850.6631331,-27,31,-4
1742100850.6991332,32,-18,-76
1742100850.734133,-27,23,-134
1742100850.770133,-3,-26,5
1742100850.805133,28,-10,29
1742100850.8401332,-23,21,31
1742100850.876133,-87,-16,-90
1742100850.911133,-87,37,85
1742100850.947133,22,-32,-154
1742100850.9821332,-23,41,13
1742100851.0181332,118,39,15
1742100851.053133,-81,-12,-98
1742100851.088133,28,-94,63
1742100851.124133,-19,-8,7
1742100851.1591332,52,31,-2
1742100851.195133,24,-58,3
1742100851.230133,34,-8,0
1742100851.2651331,-55,49,-140
1742100851.300133,-35,-4,15
1742100851.336133,-49,29,9
1742100851.372133,-65,-26,47
1742100851.407133,-37,53,-34
1742100851.443133,-17,9,-18
1742100851.4781332,-5,37,-12
1742100851.513133,-19,45,-18
1742100851.5481331,8,-26,-26
1742100851.5841331,-159,-42,-88
1742100851.6201332,24,69,-38
1742100851.655133,-25,-56,-88
1742100851.691133,50,79,-108
1742100851.726133,40,-79,95
1742100851.7611332,58,-22,-2
1742100851.796133,18,17,75
1742100851.832133,46,83,55
1742100851.868133,8,-44,-66
1742100851.9031332,36,41,-68
1742100851.9391332,12,7,-102
1742100851.974133,-23,-24,-124
1742100852.009133,46,-24,-194
1742100852.0441332,90,-34,90
1742100852.0801332,-61,-42,14
1742100852.116133,-11,-102,-111
1742100852.151133,-23,27,74
1742100852.187133,18,-36,-37
1742100852.2221332,8,-32,8
1742100852.257133,-33,1,-21
1742100852.292133,-15,57,36
1742100852.328133,22,-56,68
1742100852.3641331,52,1,8
1742100852.399133,6,-68,-41
1742100852.435133,26,35,-69
1742100852.470133,-55,-10,48
1742100852.5051332,24,-42,28
1742100852.540133,-55,-8,-31
1742100852.576133,22,-10,-15
1742100852.612133,58,71,32
1742100852.647133,90,-18,50
1742100852.6831331,-1,-40,-11
1742100852.718133,-31,17,-11
1742100852.753133,66,-8,-57
1742100852.7881331,-3,-10,40
1742100852.8241332,-31,23,-3
1742100852.8601332,82,111,-13
1742100852.895133,-15,-58,-123
1742100852.931133,24,79,-3
1742100852.966133,86,-30,-11
1742100853.001133,-19,31,-27
1742100853.036133,58,53,-113
1742100853.072133,-59,87,-83
1742100853.108133,38,-16,-133
1742100853.1431332,68,5,-55
1742100853.1791332,28,-2,-71
1742100853.214133,-47,5,72
1742100853.249133,38,37,-175
1742100853.2841332,24,33,-19
1742100853.320133,20,99,-1
1742100853.356133,-3,55,-47
1742100853.391133,-41,23,-37
1742100853.427133,64,47,-137
1742100853.4621332,-11,-6,-167
1742100853.497133,-43,77,-55
1742100853.532133,84,51,-37
1742100853.568133,34,-44,-71
1742100853.6041331,94,13,-105
1742100853.639133,-41,-30,-35
1742100853.675133,8,-40,-57
1742100853.710133,58,-5,-107
1742100853.7451332,12,-12,-63
1742100853.780133,76,-2,-105
1742100853.816133,-27,17,-23
1742100853.852133,-17,-28,-31
1742100853.8871331,-9,-28,-49
1742100853.9231331,78,11,-63
1742100853.958133,-17,-160,-121
1742100853.993133,-37,-8,-97
1742100854.0281332,38,13,16
1742100854.0641332,22,-70,4
1742100854.1001332,-35,-32,66
1742100854.135133,42,7,-53
1742100854.171133,-81,-24,6
1742100854.2061331,26,0,-105
1742100854.243133,-13,-30,-103
1742100854.2781332,-55,39,20
1742100854.313133,-21,13,-181
1742100854.348133,4,-66,-57
1742100854.384133,-11,21,52
1742100854.420133,26,77,-129
1742100854.4551332,-55,7,-11
1742100854.491133,50,-40,-161
1742100854.526133,-21,-28,-113
1742100854.5611331,-37,13,82
1742100854.596133,16,80,-127
1742100854.632133,-131,-12,-55
1742100854.668133,-43,-24,-157
1742100854.703133,4,18,-73
1742100854.7391331,-3,3,-65
1742100854.774133,-5,-9,-31
1742100854.809133,6,44,-45
1742100854.8441331,36,68,-95
1742100854.8801332,-33,-33,-115
1742100854.9161332,36,18,4
1742100854.951133,58,-33,-75
1742100854.987133,-67,-17,46
1742100855.022133,-93,-5,-17
1742100855.0571332,-35,12,-1
1742100855.092133,30,-23,2
1742100855.128133,-23,-23,-27
1742100855.164133,-69,40,-27
1742100855.1991332,50,46,-21
1742100855.2351332,56,-3,-83
1742100855.270133,42,2,-27
1742100855.305133,-57,16,-179
1742100855.341133,-3,-3,-73
1742100855.376133,-21,-23,-135
1742100855.412133,62,48,-173
1742100855.447133,20,26,-21
1742100855.483133,-43,-71,-223
1742100855.5181332,22,58,-49
1742100855.553133,-61,16,52
1742100855.589133,-33,24,-121
1742100855.624133,34,12,-83
1742100855.6601331,-57,-15,-86
1742100855.695133,62,-5,-58
1742100855.731133,-5,24,-44
1742100855.766133,-45,34,-4
1742100855.8011332,24,6,-42
1742100855.8371332,-45,23,-96
1742100855.872133,-37,37,-32
1742100855.908133,24,75,-60
1742100855.943133,96,23,-98
1742100855.9791331,24,25,-49
1742100856.014133,-1,39,-57
1742100856.049133,22,-10,38
1742100856.085133,-13,19,-35
1742100856.1201332,-17,-22,-48
1742100856.1561332,2,-8,-36
1742100856.191133,0,29,-122
1742100856.227133,-11,19,-66
1742100856.2621331,-23,9,-138
1742100856.297133,26,13,-52
1742100856.333133,-35,-58,99
1742100856.368133,-23,-12,-204
1742100856.404133,56,-34,-118
1742100856.4391332,12,75,-79
1742100856.4751332,-19,0,-93
1742100856.510133,70,-54,19
1742100856.545133,-71,5,-11
1742100856.5811331,6,-28,-103
1742100856.616133,36,31,-141
1742100856.652133,50,-12,-71
1742100856.687133,-29,55,-73
1742100856.723133,-45,0,18
1742100856.7581332,-27,-6,-7
1742100856.793133,-17,23,10
1742100856.829133,16,0,-17
1742100856.8641331,40,-16,-7
1742100856.9001331,6,27,-39
1742100856.935133,10,-18,-101
1742100856.971133,-71,-32,-21
1742100857.006133,14,-89,-103
1742100857.0411332,14,-1,-93
1742100857.0771332,34,-5,8
1742100857.112133,-83,-33,-125
1742100857.148133,-49,0,-145
1742100857.1831331,-51,-3,-91
1742100857.2191331,4,37,-53
1742100857.254133,16,-17,-81
1742100857.289133,-23,-55,-85
1742100857.325133,154,60,-77
1742100857.3601332,-43,48,-113
1742100857.3961332,-16,64,-117
1742100857.431133,3,-25,72
1742100857.467133,-62,30,-177
1742100857.5021331,27,12,-75
1742100857.537133,-7,-29,38
1742100857.573133,-15,-55,-45
1742100857.608133,-9,20,-65
1742100857.644133,-35,52,20
1742100857.6791332,56,-3,-49
1742100857.7151332,-27,-5,-83
1742100857.751133,-61,-41,-49
1742100857.786133,116,-61,-111
1742100857.8211331,-11,-27,-149
1742100857.8571332,-25,-17,-23
1742100857.8931332,44,-18,-35
1742100857.928133,-19,-14,-105
1742100857.964133,26,89,-165
1742100857.999133,-43,31,-75
1742100858.0341332,-29,-42,-73
1742100858.069133,68,20,20
1742100858.105133,-69,0,20
1742100858.141133,-27,-29,20
1742100858.1761332,27,44,38
1742100858.2121332,35,-29,-69
1742100858.247133,-19,16,-49
1742100858.282133,17,10,-73
1742100858.3171332,-30,51,-69
1742100858.3531332,-19,-18,-77
1742100858.389133,-10,57,20
1742100858.424133,11,35,48
1742100858.460133,-10,-12,-11
1742100858.4951332,6,31,-37
1742100858.530133,0,65,20
1742100858.565133,-3,13,132
1742100858.601133,26,15,-41
1742100858.6371331,18,51,-91
1742100858.672133,28,-14,-39
1742100858.708133,28,-14,-157
1742100858.743133,-63,1,66
1742100858.7781332,8,-22,-23
1742100858.813133,-63,-46,-27
1742100858.849133,-3,99,-71
1742100858.885133,-55,13,12
1742100858.920133,-21,-38,-61
1742100858.9561331,8,-12,-21
1742100858.991133,30,-20,-37
1742100859.026133,34,-26,-135
1742100859.0611331,-20,-86,-19
1742100859.1041331,26,7,-157
1742100859.141133,-50,0,68
1742100859.1761332,-12,3,-173
1742100859.2121332,69,49,68
1742100859.247133,-30,27,-173
1742100859.282133,28,-12,-63
1742100859.3171332,70,89,-153
1742100859.3531332,24,-26,-67
1742100859.389133,24,96,-15
1742100859.424133,14,56,-61
1742100859.460133,58,-65,24
1742100859.4951332,-15,-5,-99
1742100859.530133,22,14,-49
1742100859.565133,48,-65,-145
1742100859.601133,-11,28,-105
1742100859.6371331,-53,-42,-49
1742100859.672133,106,-100,16
1742100859.708133,-29,45,-29
1742100859.743133,-77,1,2
1742100859.7781332,6,-10,-55
1742100859.813133,-107,1,-185
1742100859.849133,-51,3,-61
1742100859.885133,18,25,12
1742100859.920133,34,16,-111
1742100859.9561331,-127,50,-15
1742100859.991133,-41,-16,-179
1742100860.026133,44,-20,-25
1742100860.0611331,36,-2,-67
1742100860.0971332,-3,-16,-101
1742100860.1331332,-27,-28,-89
1742100860.168133,-1,-12,-129
1742100860.204133,22,-2,-105
1742100860.2391331,20,-40,-1
1742100860.274133,2,3,-29
1742100860.309133,-49,-62,28
1742100860.345133,48,11,60
1742100860.381133,-3,-12,-57
1742100860.4161332,-21,-146,-65
1742100860.4521332,6,-23,-11
1742100860.487133,-41,36,-55
1742100860.522133,14,3,-111
1742100860.5571332,-27,-2,40
1742100860.593133,-7,-52,-89
1742100860.629133,2,-1,28
1742100860.664133,-113,66,12
1742100860.700133,-3,20,-28
1742100860.7351332,64,-17,-76
1742100860.770133,-35,-41,-75
1742100860.805133,26,-7,-15
1742100860.841133,-5,-43,-46
1742100860.8771331,-9,42,-100
1742100860.912133,78,-49,-126
1742100860.948133,2,13,-102
1742100860.983133,58,-56,-16
1742100861.0181332,-45,3,-126
1742100861.053133,58,75,-33
1742100861.089133,-4,57,-19
1742100861.125133,-36,4,-41
1742100861.1601331,21,18,-53
1742100861.1961331,-24,80,-103
1742100861.231133,187,-7,-97
1742100861.266133,-34,36,38
1742100861.302133,53,-29,20
1742100861.3371332,-24,-9,-121
1742100861.3731332,39,-59,-37
1742100861.408133,-30,-47,-63
1742100861.444133,25,52,-19
1742100861.4791331,-70,26,-33
1742100861.514133,55,-11,-151
1742100861.549133,11,38,-123
1742100861.585133,37,-55,-25
1742100861.621133,-83,6,58
1742100861.6561332,-41,-1,-125
1742100861.6921332,-29,26,-57
1742100861.727133,82,34,-95
1742100861.7621331,4,36,-235
1742100861.7981331,-63,-47,-21
1742100861.833133,12,-33,-93
1742100861.869133,28,-25,-31
1742100861.904133,-35,48,-102
1742100861.940133,10,-79,-98
1742100861.9751332,58,60,-114
1742100862.010133,-17,56,-122
1742100862.046133,-19,30,-62
1742100862.0811331,30,12,57
1742100862.1171331,-61,14,5
1742100862.152133,46,-65,-30
1742100862.188133,12,-45,-78
1742100862.223133,-85,10,-36
1742100862.2581332,-87,-37,97
1742100862.2941332,38,-23,-72
1742100862.329133,-17,-91,-222
1742100862.365133,-23,-9,7
1742100862.4001331,-25,28,-134
1742100862.4361331,-45,-3,-38
1742100862.471133,30,0,77
1742100862.506133,14,56,-78
1742100862.542133,34,38,-114
1742100862.5771332,110,82,-40
1742100862.6131332,-9,16,-62
1742100862.648133,-85,-7,-160
1742100862.684133,32,-59,-136
1742100862.7191331,-5,1,-80
1742100862.754133,34,39,-82
1742100862.790133,40,6,-8
1742100862.825133,-77,14,-72
1742100862.861133,-27,-3,23
1742100862.8961332,-59,14,-90
1742100862.9321332,36,-17,-72
1742100862.967133,-5,-53,-152
1742100863.0021331,62,11,-84
1742100863.0381331,-1,18,-186
1742100863.073133,-11,-39,7
1742100863.109133,18,46,-46
1742100863.144133,-147,2,-6
1742100863.180133,16,-55,5
1742100863.2151332,2,-3,-58
1742100863.250133,34,6,59
1742100863.286133,70,-49,-110
1742100863.3211331,78,78,-54
1742100863.3571332,-47,-63,23
1742100863.392133,38,64,-114
1742100863.428133,48,36,-22
1742100863.463133,76,-27,119
1742100863.4981332,72,-139,0
1742100863.5341332,58,70,57
1742100863.569133,4,60,-122
1742100863.605133,10,-70,-50
1742100863.6401331,-19,33,-86
1742100863.6761332,49,8,-78
1742100863.711133,-4,63,3
1742100863.746133,-15,5,3
1742100863.782133,10,-19,31
1742100863.8171332,24,-37,-176
1742100863.8531332,62,-3,-16
1742100863.888133,56,27,33
1742100863.924133,62,45,-132
1742100863.9591331,9,-58,-54
1742100863.994133,-37,-58,-90
1742100864.030133,-68,-4,-172
1742100864.065133,-36,46,-76
1742100864.101133,-56,-47,19
1742100864.1361332,103,26,-72
1742100864.172133,13,7,-90
1742100864.208133,21,-18,65
1742100864.244133,25,15,-94
1742100864.280133,-48,-14,-60
1742100864.315133,-2,-14,-44
1742100864.3501332,27,-18,25
1742100864.3861332,-68,-58,-104
1742100864.422133,-64,-30,-46
1742100864.457133,-6,-38,-60
1742100864.493133,53,-60,-122
1742100864.5281332,11,-62,-60
1742100864.563133,-30,45,-82
1742100864.598133,25,7,-36
1742100864.634133,-10,-57,-78
1742100864.670133,9,-93,-120
1742100864.7051332,3,-29,-18
1742100864.741133,-6,38,-84
1742100864.776133,-16,-13,-10
1742100864.8111331,1,0,-56
1742100864.846133,39,-9,-20
1742100864.882133,55,-59,-32
1742100864.918133,15,46,-56
1742100864.953133,43,-123,-70
1742100864.9891331,27,-23,5
1742100865.024133,101,56,-64
1742100865.059133,-90,36,-84
1742100865.0941331,3,-45,-18
1742100865.1301332,-30,-3,-36
1742100865.1661332,38,-92,-80
1742100865.201133,-15,-54,-50
1742100865.237133,-3,117,-66
1742100865.272133,-65,55,-56
1742100865.3071332,12,7,-42
1742100865.342133,-13,-57,-132
1742100865.378133,-23,-13,-152
1742100865.414133,12,-21,-66
1742100865.4491332,-41,-73,11
1742100865.4851332,24,-8,-146
1742100865.520133,-75,6,91
1742100865.555133,4,24,-102
1742100865.5901332,44,37,-160
1742100865.626133,66,-40,-90
1742100865.662133,-57,17,-138
1742100865.697133,44,43,105
1742100865.733133,20,33,-42
1742100865.7681332,-11,51,-64
1742100865.803133,-21,19,-98
1742100865.838133,-39,31,-60
1742100865.874133,54,-48,-32
1742100865.9101331,40,67,-100
1742100865.945133,54,21,23
1742100865.981133,-45,-10,-168
1742100866.016133,-49,-40,-20
1742100866.0511332,52,-2,-58
1742100866.086133,-5,17,3
1742100866.122133,-35,-16,-98
1742100866.158133,52,33,-72
1742100866.193133,36,25,-72
1742100866.2291331,-83,-18,-76
1742100866.264133,-67,11,-70
1742100866.299133,-43,11,-130
1742100866.3341331,-40,-42,79
1742100866.3701332,-16,13,-82
1742100866.4061332,-24,-14,-72
1742100866.441133,-19,9,-36
1742100866.477133,-10,-2,25
1742100866.5121331,21,-22,-52
1742100866.547133,31,61,-88
1742100866.582133,-38,33,-42
1742100866.618133,-16,-16,-32
1742100866.654133,-20,1,-74
1742100866.6891332,-74,23,39
1742100866.7251332,9,-42,-144
1742100866.760133,-94,-6,-61
1742100866.795133,-80,-70,-18
1742100866.8301332,-24,-54,-22
1742100866.866133,-3,-6,-15
1742100866.902133,-26,-132,20
1742100866.937133,20,63,19
1742100866.973133,110,-8,35
1742100867.0081332,12,-60,-76
1742100867.043133,-83,25,-208
1742100867.078133,-13,13,-20
1742100867.1141331,12,-36,-112
1742100867.1501331,-19,-42,-74
1742100867.185133,-35,21,5
1742100867.221133,-47,-43,-2
1742100867.256133,-73,-50,-20
1742100867.2911332,-39,-6,-22
1742100867.326133,72,-32,-44
1742100867.362133,-111,-6,-68
1742100867.398133,8,-20,11
1742100867.4331331,-43,-16,-78
1742100867.4691331,80,-14,-25
1742100867.504133,20,-8,-19
1742100867.539133,-17,-12,16
1742100867.5741332,10,-10,58
1742100867.6101332,44,43,-145
1742100867.6461332,-33,13,-41
1742100867.681133,24,-4,-209
1742100867.717133,2,-22,-53
1742100867.7521331,-33,87,-23
1742100867.787133,14,-36,-163
1742100867.822133,-47,35,-51
1742100867.858133,30,9,20
1742100867.894133,52,43,-193
1742100867.9291332,8,49,-33
1742100867.9651332,146,-22,-129
1742100868.000133,28,-46,-53
1742100868.0351331,42,-68,-2
1742100868.070133,-9,-10,54
1742100868.106133,-91,37,-101
1742100868.142133,38,43,-41
1742100868.177133,-4,39,-143
1742100868.213133,5,-7,-1
1742100868.2481332,-2,54,-17
1742100868.283133,29,-19,2
1742100868.319133,-20,-65,-33
1742100868.3541331,51,-27,-7
1742100868.3901331,0,0,-117
1742100868.425133,-12,-13,-19
1742100868.461133,99,-39,14
1742100868.496133,63,-1,-37
1742100868.5311332,-50,15,46
1742100868.5671332,-74,-42,-25
1742100868.602133,-18,-38,-31
1742100868.638133,49,-122,6
1742100868.6731331,33,35,-87
1742100868.7091331,-58,-8,-67
1742100868.744133,-16,109,-87
1742100868.779133,-46,-8,-107
1742100868.815133,1,-32,10
1742100868.8501332,-30,-52,-159
1742100868.8861332,27,-24,-35
1742100868.921133,19,-15,-81
1742100868.957133,23,-61,-115
1742100868.9921331,7,4,-57
1742100869.027133,-2,-33,-87
1742100869.063133,93,-9,-49
1742100869.105133,3,7,-73
1742100869.142133,-42,26,96
1742100869.177133,7,46,-29
1742100869.213133,37,-25,-103
1742100869.2481332,37,46,50
1742100869.283133,52,-3,-73
1742100869.319133,3,-22,44
1742100869.3541331,-52,-16,10
1742100869.3901331,-17,-55,-35
1742100869.425133,11,-34,-19
1742100869.461133,-16,9,0
1742100869.496133,4,16,-87
1742100869.5311332,88,-83,-51
1742100869.5671332,78,-3,-135
1742100869.602133,-3,20,-103
1742100869.638133,31,-33,-13
1742100869.6731331,118,24,-29
1742100869.7091331,82,-33,-209
1742100869.744133,8,76,-87
1742100869.779133,88,-13,-61
1742100869.815133,-67,10,4
1742100869.8501332,54,40,-61
1742100869.8861332,80,-40,-53
1742100869.921133,-3,31,-139
1742100869.957133,6,-54,-13
1742100869.9921331,14,9,-91
1742100870.027133,-15,51,-183
1742100870.063133,-19,-66,-113
1742100870.098133,10,-48,104
1742100870.134133,12,9,-97
1742100870.1691332,-7,-36,-163
1742100870.2051332,68,7,5
1742100870.240133,0,5,-26
1742100870.2751331,2,7,-154
1742100870.3111331,14,11,-92
1742100870.346133,14,37,-34
1742100870.382133,4,29,67
1742100870.417133,-61,1,-62
1742100870.453133,34,-34,17
1742100870.4891331,54,-12,-10
1742100870.5251331,48,53,-8
1742100870.560133,-31,-64,-32
1742100870.595133,24,37,13
1742100870.631133,2,41,-52
1742100870.6661332,40,-6,35
1742100870.7021332,82,-54,-60
1742100870.737133,-19,-8,-46
1742100870.772133,-27,9,-148
1742100870.8071332,44,-92,-16
1742100870.843133,-109,-34,-34
1742100870.879133,-85,83,-124
1742100870.914133,-9,11,13
1742100870.950133,-85,25,-4
1742100870.9851332,10,-58,-186
1742100871.020133,26,0,-18
1742100871.055133,36,25,75
1742100871.091133,-11,-36,-124
1742100871.1271331,32,11,-92
1742100871.162133,30,-70,17
1742100871.198133,-15,-58,-54
1742100871.233133,-15,15,37
1742100871.2681332,-37,19,15
1742100871.303133,84,7,-80
1742100871.339133,-59,7,-60
1742100871.375133,22,-40,-54
1742100871.4101331,-43,35,-10
1742100871.4461331,-61,-14,-86
1742100871.481133,28,-128,1
1742100871.516133,-73,45,-24
1742100871.5511332,-41,-35,53
1742100871.5871332,-63,0,-12
1742100871.6231332,46,20,-102
1742100871.658133,-19,0,-128
1742100871.694133,8,-1,-68
1742100871.7291331,-5,17,33
1742100871.764133,26,8,-52
1742100871.799133,30,-19,131
1742100871.835133,-53,18,57
1742100871.871133,48,-37,-36
1742100871.9061332,14,46,-84
1742100871.9421332,8,-93,-58
1742100871.977133,-55,-49,-12
1742100872.0121331,60,20,41
1742100872.047133,-5,20,-12
1742100872.083133,-19,-29,-54
1742100872.119133,-93,-23,43
1742100872.154133,16,-54,17
1742100872.190133,48,-75,-12
1742100872.2251332,0,7,-10
1742100872.260133,-55,31,-112
1742100872.295133,-39,-32,-90
1742100872.3311331,6,12,-78
1742100872.3671331,44,20,-98
1742100872.402133,20,-1,5
1742100872.438133,-5,66,-26
1742100872.473133,46,8,49
1742100872.5081332,26,-5,9
1742100872.543133,100,14,-90
1742100872.579133,40,58,-52
1742100872.615133,14,-26,65
1742100872.6501331,6,1,-50
1742100872.6861331,4,-109,4
1742100872.721133,48,-1,-29
1742100872.756133,-13,-5,-5
1742100872.7911332,12,14,-114
1742100872.8271332,-15,0,-109
1742100872.8631332,36,20,-92
1742100872.898133,-93,-89,-144
1742100872.934133,36,-31,-74
1742100872.9691331,-27,-23,-80
1742100873.004133,-15,-3,-119
1742100873.039133,31,86,36
1742100873.075133,29,88,-111
1742100873.111133,-2,-43,-101
1742100873.1461332,49,102,-69
1742100873.1821332,-22,24,74
1742100873.217133,-72,30,-11
1742100873.2521331,5,-9,44
1742100873.287133,0,-15,14
1742100873.323133,-2,-46,-25
1742100873.359133,39,3,10
1742100873.394133,5,-42,-37
1742100873.430133,31,15,-69
1742100873.4651332,-12,47,-153
1742100873.500133,31,-38,84
1742100873.5351331,-42,23,-5
1742100873.5711331,47,27,-23
1742100873.6071332,-24,-76,-119
1742100873.642133,87,-18,-35
1742100873.678133,-98,-46,-13
1742100873.713133,-100,27,-29
1742100873.7481332,7,-86,2
1742100873.783133,-12,-56,-141
1742100873.819133,-16,-46,-17
1742100873.855133,-22,-54,-151
1742100873.8901331,-14,45,102
1742100873.9261332,-72,-24,-127
1742100873.961133,-32,-46,-93
1742100873.996133,11,35,-43
1742100874.0311332,-20,-14,-105
1742100874.0671332,3,-34,6
1742100874.1031332,-6,-32,-43
1742100874.138133,19,-6,-129
1742100874.174133,-42,23,8
1742100874.2091331,-16,5,-143
1742100874.244133,-4,-122,-23
1742100874.279133,-17,27,38
1742100874.315133,32,17,-55
1742100874.351133,-65,-10,24
1742100874.3861332,30,55,24
1742100874.422133,-111,-46,10
1742100874.457133,2,-22,-115
1742100874.4921331,-47,-20,-47
1742100874.527133,42,-26,30
1742100874.563133,-19,20,-47
1742100874.599133,12,-55,-63
1742100874.634133,-5,14,-71
1742100874.670133,8,-27,64
1742100874.7051332,42,12,-49
1742100874.740133,24,26,122
1742100874.7751331,-63,-33,-27
1742100874.8111331,12,-65,-23
1742100874.8471332,-101,72,-125
1742100874.882133,-17,56,-25
1742100874.918133,2,-46,-1
1742100874.953133,-3,-52,-1
1742100874.9881332,-81,9,-21
1742100875.024133,-31,61,24
1742100875.059133,-14,1,-85
1742100875.095133,20,13,-107
1742100875.1301332,62,39,-87
1742100875.1661332,26,-128,-115
1742100875.201133,-1,-32,-1
1742100875.236133,-41,-54,10
1742100875.272133,-45,39,-53
1742100875.3071332,-83,19,4
1742100875.343133,-47,-44,-157
1742100875.378133,-21,21,-31
1742100875.414133,38,31,28
1742100875.4491332,42,-44,-89
1742100875.484133,-1,67,0
1742100875.520133,50,35,-102
1742100875.555133,-9,-12,0
1742100875.591133,2,23,31
1742100875.626133,-57,-102,28
1742100875.662133,-53,65,-96
1742100875.697133,12,-50,-44
1742100875.7321332,-87,-24,23
1742100875.7681332,64,-6,-54
1742100875.803133,24,37,-12
1742100875.839133,-13,19,-163
1742100875.874133,-37,-48,92
1742100875.9101331,52,-50,44
1742100875.945133,-63,-94,-19
1742100875.980133,24,-36,-20
1742100876.016133,-21,-32,5
1742100876.0511332,-1,-4,-26
1742100876.0871332,74,17,11
1742100876.122133,2,-2,-46
1742100876.158133,18,-32,13
1742100876.193133,28,11,3
1742100876.2281332,-51,5,-30
1742100876.264133,-53,-4,-80
1742100876.299133,-17,13,-88
1742100876.335133,-1,35,7
1742100876.3701332,2,-30,-40
1742100876.4061332,18,-52,-62
1742100876.441133,40,53,53
1742100876.476133,-37,-44,7
1742100876.5121331,-37,51,-40
1742100876.547133,-55,-8,-228
1742100876.583133,-25,-14,-76
1742100876.618133,18,-12,-154
1742100876.654133,26,28,35
1742100876.6891332,48,-4,-60
1742100876.724133,-28,-15,35
1742100876.760133,-78,24,9
1742100876.795133,-50,43,-66
1742100876.8311331,-46,-9,-94
1742100876.866133,33,18,-32
1742100876.902133,64,-31,-8
1742100876.937133,-9,63,-44
1742100876.9721332,64,0,-122
1742100877.0081332,-23,7,-56
1742100877.043133,36,3,63
1742100877.079133,31,1,-62
1742100877.1141331,24,-28,-178
1742100877.1501331,-3,-22,-4
1742100877.1861331,-71,39,-6
1742100877.2221332,60,-30,-136
1742100877.2581332,-5,49,13
1742100877.293133,-11,-54,-46
1742100877.328133,45,-8,-34
1742100877.3641331,11,-20,-76
1742100877.4001331,-75,31,-8
1742100877.435133,-5,33,51
1742100877.471133,22,7,-50
1742100877.506133,2,-40,-20
1742100877.5411332,-33,-24,29
1742100877.576133,6,7,-122
1742100877.612133,-43,43,-80
1742100877.648133,6,-30,-120
1742100877.6831331,-9,-46,-98
1742100877.7191331,26,-65,-78
1742100877.754133,20,3,-64
1742100877.789133,-77,43,-160
1742100877.8241332,-23,57,-128
1742100877.8601332,-31,-4,-118
1742100877.8961332,90,19,-18
1742100877.931133,-9,-58,-86
1742100877.967133,20,-20,-98
1742100878.0021331,-37,-16,-18
1742100878.037133,0,-68,-68
1742100878.072133,-47,47,-18
1742100878.108133,124,-56,-90
1742100878.144133,36,23,1
1742100878.1791332,-63,5,-136
1742100878.2151332,-25,-72,-12
1742100878.250133,-19,25,-48
1742100878.2851331,16,-16,-152
1742100878.320133,50,17,-88
1742100878.356133,-21,17,1
1742100878.392133,-35,-66,27
1742100878.427133,10,13,91
1742100878.463133,-15,27,-28
1742100878.4981332,-15,-42,-42
1742100878.533133,-9,-28,-44
1742100878.568133,-11,19,3
1742100878.6041331,-23,-2,37
1742100878.6401331,-3,1,-14
1742100878.675133,32,66,-54
1742100878.711133,-35,0,-24
1742100878.746133,74,-104,0
1742100878.7811332,-5,-10,-12
1742100878.816133,-47,-12,-42
1742100878.852133,68,5,-162
1742100878.888133,-7,28,-22
1742100878.9231331,64,-42,33
1742100878.9591331,-31,4,33
1742100878.994133,-49,21,-172
1742100879.029133,-23,-47,65
1742100879.0641332,14,-37,-98
1742100879.1071332,-11,-126,-54
1742100879.144133,-3,-48,-40
1742100879.1791332,-37,0,-176
1742100879.2151332,68,0,-100
1742100879.250133,-7,45,-39
1742100879.2851331,-39,71,54
1742100879.320133,33,0,-39
1742100879.356133,-42,5,-11
1742100879.392133,51,-50,30
1742100879.427133,29,53,0
1742100879.463133,-62,11,-15
1742100879.4981332,5,23,-207
1742100879.533133,57,27,-103
1742100879.568133,-16,-41,-129
1742100879.6041331,23,82,-79
1742100879.6401331,-16,-24,-93
1742100879.675133,-86,-38,-21
1742100879.711133,-46,63,-109
1742100879.746133,-66,65,-85
1742100879.7811332,63,55,-111
1742100879.816133,43,-48,-3
1742100879.852133,3,-10,-21
1742100879.888133,67,-32,-93
1742100879.9231331,-52,-24,-55
1742100879.9591331,-95,-28,-37
1742100879.994133,50,1,108
1742100880.029133,-21,15,120
1742100880.0641332,-59,25,-105
1742100880.1001332,74,65,18
1742100880.1361332,-103,-44,-71
1742100880.171133,32,31,-33
1742100880.207133,-121,-50,-61
1742100880.2421331,-29,-19,-115
1742100880.277133,34,10,-17
1742100880.312133,-13,-11,-1
1742100880.348133,0,-31,-41
1742100880.384133,22,-17,-45
1742100880.4191332,-27,-23,-39
1742100880.4551332,-41,62,-81
1742100880.490133,44,-91,-37
1742100880.5251331,-23,-57,-97
1742100880.560133,24,20,36
1742100880.596133,-63,-37,-38
1742100880.632133,-43,56,-160
1742100880.667133,70,4,-240
1742100880.703133,24,-25,-44
1742100880.7381332,-41,0,-56
1742100880.773133,-11,36,-92
1742100880.8081331,26,-19,-170
1742100880.8441331,-9,-37,-92
1742100880.8801332,8,57,-174
1742100880.915133,-31,-16,-98
1742100880.951133,26,37,-108
1742100880.986133,-79,-6,-40
1742100881.0211332,80,-53,-158
1742100881.056133,22,83,-164
1742100881.092133,84,-30,-16
1742100881.128133,-3,0,1
1742100881.1631331,38,25,-14
1742100881.1991332,-27,-33,-40
1742100881.234133,56,-49,-88
1742100881.269133,20,-21,-128
1742100881.305133,-9,-53,35
1742100881.3401332,-33,-9,-80
1742100881.376133,6,-17,-64
1742100881.411133,42,64,-128
1742100881.447133,-41,22,43
1742100881.4821332,-15,124,-96
1742100881.517133,38,-11,-100
1742100881.553133,0,48,55
1742100881.588133,-133,54,-4
1742100881.624133,36,26,-19
1742100881.6591332,60,14,-99
1742100881.695133,8,-66,-89
1742100881.730133,16,21,6
1742100881.7651331,98,-68,-93
1742100881.8011332,14,-10,26
1742100881.836133,68,-54,-7
1742100881.872133,62,1,10
1742100881.907133,-3,9,-7
1742100881.943133,54,17,-109
1742100881.9781332,42,52,26
1742100882.013133,-59,-39,-21
1742100882.049133,12,-87,28
1742100882.0841331,26,2,74
1742100882.1201332,8,50,-91
1742100882.155133,-3,74,-69
1742100882.191133,-61,86,-25
1742100882.226133,-5,36,50
1742100882.2611332,-9,52,-77
1742100882.297133,28,-33,-11
1742100882.332133,26,48,40
1742100882.368133,20,70,-15
1742100882.4031332,20,-7,-105
1742100882.4391332,34,-5,2
1742100882.474133,64,8,-119
1742100882.509133,-35,50,-93
1742100882.545133,-69,-39,-31
1742100882.5801332,-41,-65,-3
1742100882.616133,-37,-17,-89
1742100882.651133,6,-11,-57
1742100882.687133,16,10,-101
1742100882.7221332,-25,-77,86
1742100882.757133,20,-47,10
1742100882.793133,28,38,-23
1742100882.828133,40,-1,-53
1742100882.8641331,32,-4,-19
1742100882.899133,48,-13,74
1742100882.935133,6,-17,-15
1742100882.970133,64,-1,-67
1742100883.0051332,12,22,-123
1742100883.0411332,4,11,-21
1742100883.076133,4,37,90
1742100883.112133,-27,-1,-157
1742100883.147133,-45,-37,102
1742100883.1831331,82,-29,-85
1742100883.218133,76,17,-91
1742100883.253133,-63,65,-129
1742100883.289133,-23,33,-109
1742100883.3241332,-85,-32,68
1742100883.3601332,20,43,-155
1742100883.395133,18,-30,-13
1742100883.431133,-19,-12,-21
1742100883.466133,0,-44,30
1742100883.501133,22,-12,-107
1742100883.537133,-15,-48,-71
1742100883.572133,22,11,14
1742100883.608133,14,-34,-103
1742100883.6431332,62,-14,-205
1742100883.6791332,30,-36,-1
1742100883.7151332,5,-10,-65
1742100883.750133,46,-24,30
1742100883.7851331,-112,-58,-53
1742100883.8211331,78,-38,-73
1742100883.8571332,-23,29,80
1742100883.892133,16,-22,-79
1742100883.928133,60,63,18
1742100883.963133,-67,13,-67
1742100883.9981332,-15,-96,-89
1742100884.033133,-31,-50,-209
1742100884.069133,-37,-48,-13
1742100884.105133,-3,-8,22
1742100884.1401331,-45,27,40
1742100884.1761332,38,-42,22
1742100884.211133,-73,-88,-113
1742100884.246133,-23,47,-119
1742100884.2811332,76,-40,-5
1742100884.3171332,-23,41,-75
1742100884.3531332,-33,21,-21
1742100884.388133,4,53,-97
1742100884.424133,4,55,-141
1742100884.4591331,-4,17,-123
1742100884.494133,-48,-58,-119
1742100884.529133,-68,45,-73
1742100884.565133,-35,19,-15
1742100884.601133,-13,-8,-113
1742100884.6361332,42,-2,-23
1742100884.672133,-1,-22,-19
1742100884.707133,-93,-4,-19
1742100884.7421331,54,21,-43
1742100884.777133,-43,11,48
1742100884.813133,-23,23,-61
1742100884.849133,22,23,-95
1742100884.884133,26,87,-53
1742100884.920133,18,-30,-81
1742100884.9551332,-13,-12,-13
1742100884.990133,24,49,44
1742100885.0251331,40,33,-59
1742100885.0611331,-17,41,-39
1742100885.0971332,14,41,-87
1742100885.132133,-29,-24,-113
1742100885.1691332,-55,-58,-203
1742100885.204133,70,-4,-67
1742100885.240133,-21,7,-159
1742100885.2751331,-65,-126,20
1742100885.310133,-23,-12,-3
1742100885.345133,-11,-80,104
1742100885.381133,-7,21,13
1742100885.417133,10,-10,0
1742100885.4521332,-33,-14,-58
1742100885.4881332,14,5,63
1742100885.523133,-71,43,-71
1742100885.5581331,100,5,-16
1742100885.593133,-35,20,16
1742100885.629133,-59,2,-104
1742100885.665133,-7,-77,-156
1742100885.700133,12,68,-41
1742100885.736133,8,12,-173
1742100885.7711332,96,-31,-47
1742100885.806133,-61,46,-5
1742100885.841133,26,31,134
1742100885.8771331,48,30,-43
1742100885.9131331,56,65,-51
1742100885.948133,-35,-8,22
1742100885.984133,-3,-5,-6
1742100886.019133,-1,-53,-14
1742100886.0541332,38,0,-107
1742100886.089133,-19,-7,-149
1742100886.125133,40,-26,-11
1742100886.161133,-59,45,90
1742100886.1961331,76,-54,-111
1742100886.2321332,-19,69,-77
1742100886.267133,0,-40,-95
1742100886.302133,6,-20,-79
1742100886.3371332,-6,14,-52
1742100886.3731332,16,-45,-44
1742100886.4091332,20,-25,-58
1742100886.444133,-7,38,8
1742100886.480133,18,-33,-56
1742100886.5151331,-17,11,-12
1742100886.550133,14,33,-170
1742100886.585133,0,11,-76
1742100886.621133,-25,-6,-53
1742100886.657133,38,-25,4
1742100886.6921332,-17,11,28
1742100886.7281332,0,3,-29
1742100886.763133,52,0,-91
1742100886.7981331,10,-33,-121
1742100886.833133,28,44,-131
1742100886.869133,16,-27,-112
1742100886.905133,22,8,-67
1742100886.940133,130,36,8
1742100886.976133,-7,100,-20
1742100887.0111332,-3,-29,38
1742100887.046133,-7,36,-94
1742100887.0811331,12,-39,-98
1742100887.1171331,40,-23,23
1742100887.1531332,38,-43,-63
1742100887.188133,-91,20,-67
1742100887.224133,0,44,-61
1742100887.259133,-11,6,30
1742100887.2941332,-33,8,-85
1742100887.329133,74,-1,-145
1742100887.365133,24,58,-17
1742100887.401133,12,-5,-9
1742100887.4361331,48,86,-21
1742100887.4721332,-43,-25,46
1742100887.507133,68,6,-135
1742100887.542133,24,12,66
1742100887.5771332,48,-20,-25
1742100887.6131332,-51,-20,-63
1742100887.649133,28,-100,16
1742100887.684133,-2,56,-77
1742100887.720133,9,70,-83
1742100887.7551332,40,-21,16
1742100887.790133,-77,16,-91
1742100887.826133,47,27,-59
1742100887.861133,-40,-1,38
1742100887.897133,-14,-3,-65
1742100887.9321332,42,16,-117
1742100887.968133,32,-57,-75
1742100888.003133,4,-27,-31
1742100888.0381331,-71,28,-127
1742100888.0741332,-35,22,-113
1742100888.109133,40,-39,62
1742100888.145133,16,30,-61
1742100888.180133,40,-7,-89
1742100888.216133,75,-17,-155
1742100888.251133,-22,-33,-25
1742100888.286133,-20,-20,80
1742100888.322133,88,-44,-81
1742100888.3571332,20,81,-167
1742100888.3931332,32,-10,14
1742100888.428133,44,-34,-27
1742100888.464133,93,-8,-1
1742100888.499133,26,37,-25
1742100888.5341332,-15,-6,-57
1742100888.570133,-15,5,38
1742100888.605133,56,-16,-187
1742100888.641133,62,59,-85
1742100888.6761332,56,23,-109
1742100888.7121332,88,63,-71
1742100888.747133,-121,53,-41
1742100888.782133,-37,-24,-115
1742100888.818133,56,-60,8
1742100888.8531332,-27,17,-41
1742100888.889133,-49,-24,-53
1742100888.924133,32,-8,26
1742100888.960133,-77,15,-43
1742100888.9951332,2,21,-7
1742100889.030133,-13,-30,-61
1742100889.066133,58,3,-103
1742100889.108133,34,13,4
1742100889.145133,-27,-40,12
1742100889.180133,20,-14,-13
1742100889.216133,-25,-42,-45
1742100889.251133,2,35,-97
1742100889.286133,-3,-20,34
1742100889.322133,12,17,24
1742100889.3571332,-19,55,-49
1742100889.3931332,36,-6,-125
1742100889.428133,-51,-32,-57
1742100889.464133,28,69,52
1742100889.499133,-5,-28,-25
1742100889.5341332,28,53,-59
1742100889.570133,-15,-11,-55
1742100889.605133,-17,15,-139
1742100889.641133,26,-14,-79
1742100889.6761332,-17,5,-157
1742100889.7121332,-41,3,-131
1742100889.747133,42,7,-115
1742100889.782133,-65,15,-55
1742100889.818133,-33,-44,-97
1742100889.8531332,90,116,-71
1742100889.889133,56,-25,110
1742100889.924133,-19,-25,-149
1742100889.960133,-41,16,2
1742100889.9951332,-19,-7,12
1742100890.030133,26,-5,132
1742100890.066133,-91,42,-85
1742100890.101133,50,28,-13
1742100890.1371331,42,14,-127
1742100890.172133,-37,-13,-89
1742100890.207133,-1,-41,32
1742100890.2421331,-23,66,-141
1742100890.2781332,-33,18,-67
1742100890.3141332,-3,-40,-117
1742100890.349133,-85,32,-25
1742100890.385133,-27,-9,-123
1742100890.420133,-3,70,-41
1742100890.4551332,-3,-61,-59
1742100890.490133,40,-15,-105
1742100890.526133,54,12,-1
1742100890.562133,22,-23,-101
1742100890.5971332,-19,18,-37
1742100890.6331332,100,58,-81
1742100890.668133,22,4,46
1742100890.703133,-21,-15,-91
1742100890.7381332,12,24,-17
1742100890.774133,122,-38,-61
1742100890.810133,-3,5,-27
1742100890.845133,90,-18,-27
1742100890.881133,-15,-26,75
1742100890.9161332,2,-50,17
1742100890.951133,56,-60,-42
1742100890.986133,6,41,-56
1742100891.022133,-5,41,-104
1742100891.0581331,42,37,-54
1742100891.093133,-33,0,-84
1742100891.129133,36,-72,-48
1742100891.164133,-49,71,-120
1742100891.1991332,4,-22,0
1742100891.234133,6,57,1
1742100891.270133,64,31,99
1742100891.306133,68,-66,-46
1742100891.341133,50,45,-66
1742100891.3771331,-35,35,-48
1742100891.412133,-101,-20,-20
1742100891.447133,-59,-10,-86
1742100891.4821332,0,31,-64
1742100891.5181332,-77,-18,59
1742100891.5541332,20,15,-70
1742100891.589133,-27,-44,-68
1742100891.625133,70,-26,-24
1742100891.6601331,-45,-50,1
1742100891.695133,40,27,-30
1742100891.730133,12,5,91
1742100891.766133,-3,-34,111
1742100891.802133,22,22,-16
1742100891.8371332,20,3,19
1742100891.8731332,102,5,-62
1742100891.908133,-1,25,-8
1742100891.943133,14,-21,-56
1742100891.9781332,-5,14,51
1742100892.014133,16,-38,-8
1742100892.050133,-67,83,-114
1742100892.085133,-97,52,-140
1742100892.121133,18,-1,19
1742100892.1561332,-7,52,-36
1742100892.191133,4,2,25
1742100892.226133,54,58,55
1742100892.2621331,-23,11,-90
1742100892.2981331,-1,23,5
1742100892.333133,-43,-20,-85
1742100892.369133,-9,0,94
1742100892.404133,16,11,-37
1742100892.4391332,30,-36,-29
1742100892.474133,26,29,-32
1742100892.510133,-41,-14,-19
1742100892.546133,0,51,-7
1742100892.5811331,12,7,-161
1742100892.6171331,-53,0,-115
1742100892.652133,30,-41,-93
1742100892.687133,-41,-57,-109
1742100892.7221332,-25,-43,78
1742100892.7581332,-41,-23,20
1742100892.7941332,0,2,10
1742100892.829133,38,44,-147
1742100892.865133,14,-93,28
1742100892.9001331,-57,40,-87
1742100892.935133,4,-1,-111
1742100892.970133,-35,-9,50
1742100893.006133,32,26,-119
1742100893.042133,-15,-5,38
1742100893.0771332,4,-3,-115
1742100893.1131332,-21,28,-37
1742100893.148133,8,-19,16
1742100893.1831331,28,38,46
1742100893.218133,-21,-3,-45
1742100893.254133,-7,38,-27
1742100893.290133,-17,-113,-87
1742100893.325133,54,-49,-133
1742100893.361133,16,-37,36
1742100893.3961332,-17,-17,-147
1742100893.431133,40,20,110
1742100893.466133,82,-15,-41
1742100893.5021331,-27,-99,-59
1742100893.5381331,4,84,8
1742100893.573133,24,-37,-103
1742100893.609133,-61,-39,-17
1742100893.644133,0,-5,-103
1742100893.6791332,-1,58,-71
1742100893.714133,52,-25,-1
1742100893.750133,-5,0,-81
1742100893.786133,-19,-75,12
1742100893.8211331,58,-33,-93
1742100893.8571332,-15,16,2
1742100893.892133,-43,-29,-29
1742100893.927133,-33,26,-69
1742100893.9621332,58,26,-119
1742100893.9981332,-19,-27,-87
1742100894.0341332,58,-61,-57
1742100894.069133,-35,-51,-135
1742100894.105133,90,-49,-69
1742100894.1401331,94,-107,18
1742100894.175133,4,-13,-15
1742100894.210133,-41,72,12
1742100894.246133,2,-1,18
1742100894.283133,-5,-1,-39
1742100894.318133,-75,47,46
1742100894.3541331,-17,-22,-57
1742100894.389133,82,31,-43
1742100894.425133,60,-6,118
1742100894.460133,-1,-24,-43
1742100894.4951332,-25,13,-45
1742100894.5311332,-25,-30,-51
1742100894.566133,-53,19,-63
1742100894.602133,-37,77,-103
1742100894.6371331,72,-38,-23
1742100894.6731331,-11,-22,-37
1742100894.708133,1,19,-35
1742100894.743133,-24,-16,-7
1742100894.779133,-20,-36,-57
1742100894.8141332,-62,-10,-29
1742100894.8501332,0,-40,-73
1742100894.885133,35,-24,-19
1742100894.921133,0,-64,0
1742100894.9561331,25,-24,-197
1742100894.991133,-2,55,-59
1742100895.027133,23,-46,-57
1742100895.062133,67,-5,-55
1742100895.098133,85,-19,-41
1742100895.1331332,57,-35,-69
1742100895.1691332,27,-49,-57
1742100895.204133,63,-33,-31
1742100895.2391331,59,16,22
1742100895.2751331,27,-7,-197
1742100895.310133,13,4,-171
1742100895.346133,47,-5,-81
1742100895.381133,131,-43,-45
1742100895.417133,-36,58,-183
1742100895.4521332,-32,20,40
1742100895.487133,-40,-23,-1
1742100895.523133,-14,-35,-23
1742100895.5581331,22,-31,60
1742100895.5941331,42,8,-71
1742100895.629133,1,-19,-113
1742100895.665133,0,-32,-75
1742100895.700133,15,101,12
1742100895.7351332,-24,-68,-113
1742100895.7711332,-16,-30,-167
1742100895.806133,-60,69,46
1742100895.842133,-66,-42,-121
1742100895.8771331,-88,65,-17
1742100895.9131331,95,-24,-131
1742100895.948133,-24,13,-75
1742100895.983133,49,-20,-109
1742100896.019133,-32,-26,10
1742100896.0541332,-80,-35,-57
1742100896.0901332,0,-23,-209
1742100896.125133,-66,14,-57
1742100896.161133,31,-13,-37
1742100896.1961331,27,4,-115
1742100896.231133,47,34,-77
1742100896.267133,-68,-61,-169
1742100896.302133,-13,48,2
1742100896.338133,-31,18,22
1742100896.3731332,78,28,-157
1742100896.4091332,42,66,-111
1742100896.444133,-43,-3,76
1742100896.4791331,-63,8,-5
1742100896.5151331,26,38,-93
1742100896.550133,14,12,56
1742100896.586133,-41,-33,-53
1742100896.621133,-11,14,-101
1742100896.657133,66,34,-73
1742100896.693133,-17,36,-5
1742100896.7281332,24,2,118
1742100896.763133,-19,60,-92
1742100896.799133,0,-13,-60
1742100896.835133,-27,-37,-20
1742100896.8701332,18,-27,-52
1742100896.9061332,68,-3,-48
1742100896.941133,36,4,-134
1742100896.976133,-25,-57,-84
1742100897.0111332,22,30,-190
1742100897.047133,-15,2,-10
1742100897.083133,-7,26,49
1742100897.118133,24,-15,-12
1742100897.154133,44,-36,17
1742100897.1891332,-59,-74,-18
1742100897.224133,88,13,-46
1742100897.259133,-105,-96,21
1742100897.295133,24,-12,-132
1742100897.3311331,18,9,-24
1742100897.366133,-15,11,-78
1742100897.402133,18,17,57
1742100897.437133,-41,51,-10
1742100897.4721332,32,-84,-34
1742100897.507133,-1,41,-146
1742100897.543133,34,-16,-84
1742100897.579133,38,-12,-62
1742100897.6141331,-9,-22,39
1742100897.6501331,52,-42,53
1742100897.685133,-39,-62,-58
1742100897.720133,-31,65,-10
1742100897.7551332,6,17,43
1742100897.7911332,34,1,-80
1742100897.8271332,28,-78,-280
1742100897.862133,-15,23,-166
1742100897.898133,-33,33,-110
1742100897.9331331,28,47,-32
1742100897.968133,112,69,-64
1742100898.003133,10,3,-32
1742100898.039133,18,37,-66
1742100898.075133,54,-14,-62
1742100898.1101332,-9,-26,-40
1742100898.1461332,60,31,-8
1742100898.181133,-55,9,-182
1742100898.216133,-41,-36,-52
1742100898.251133,-125,-56,-126
1742100898.287133,96,-66,-26
1742100898.323133,-19,-34,-52
1742100898.358133,-23,-8,-138
1742100898.394133,20,27,77
1742100898.4291332,70,-10,-118
1742100898.464133,-81,39,-62
1742100898.499133,60,-59,-1
1742100898.5351331,-59,-61,-89
1742100898.5711331,56,28,-15
1742100898.606133,2,2,-199
1742100898.642133,34,22,-3
1742100898.677133,68,80,-21
1742100898.7121332,0,-53,-7
1742100898.747133,-5,-33,-25
1742100898.783133,8,-13,-199
1742100898.819133,86,-15,-83
1742100898.8541331,-107,24,-31
1742100898.8901331,-19,29,56
1742100898.925133,-7,29,-103
1742100898.960133,-31,23,-45
1742100898.9951332,-77,-62,44
1742100899.0311332,22,12,-57
1742100899.0671332,50,-26,-147
1742100899.109133,58,-62,-145
1742100899.1461332,6,0,-163
1742100899.181133,-21,60,104
1742100899.216133,42,-62,-23
1742100899.251133,18,3,-39
1742100899.287133,-29,3,-1
1742100899.323133,14,-59,-53
1742100899.358133,48,-25,10
1742100899.394133,32,-4,-15
1742100899.4291332,42,-48,-29
1742100899.464133,-55,-44,34
1742100899.499133,54,71,-123
1742100899.5351331,28,-15,-99
1742100899.5711331,-37,-49,12
1742100899.6071332,-15,-43,22
1742100899.6431332,-19,-9,40
1742100899.678133,-25,-1,-7
1742100899.714133,20,-7,2
1742100899.749133,-25,8,-87
1742100899.7841332,54,-37,-97
1742100899.819133,-25,-3,-53
1742100899.855133,-37,38,48
1742100899.891133,-53,58,-82
1742100899.9261332,-9,12,37
1742100899.9621332,52,-17,-70
1742100899.997133,16,-1,49
1742100900.032133,-43,122,73
1742100900.0671332,-43,60,-46
1742100900.1031332,-57,-14,3
1742100900.139133,-23,28,-60
1742100900.174133,-21,50,-92
1742100900.210133,28,-73,69
1742100900.2451332,-41,22,-36
1742100900.280133,-71,-45,-86
1742100900.315133,24,-23,-78
1742100900.351133,30,-19,-106
1742100900.3871331,-71,2,-102
1742100900.422133,51,24,-20
1742100900.458133,29,4,1
1742100900.493133,-62,10,-104
1742100900.5281332,-4,-27,25
1742100900.563133,1,46,-74
1742100900.599133,-56,22,-66
1742100900.635133,53,-25,-22
1742100900.670133,-16,-3,-150
1742100900.7061331,27,-4,-172
1742100900.741133,-30,33,-46
1742100900.776133,-12,41,-98
1742100900.812133,-14,61,-20
1742100900.8471332,17,163,-102
1742100900.8831332,-44,40,-18
1742100900.918133,-86,8,-160
1742100900.954133,9,-53,-80
1742100900.9891331,23,-17,-82
1742100901.024133,-87,77,-32
1742100901.060133,-98,1,-16
1742100901.095133,89,9,89
1742100901.131133,23,-29,49
1742100901.1661332,-78,-18,-22
1742100901.2021332,17,35,53
1742100901.237133,27,-31,-74
1742100901.272133,-94,10,-88
1742100901.3081331,-16,-41,-34
1742100901.343133,31,25,27
1742100901.379133,47,-40,-94
1742100901.414133,-24,-35,-146
1742100901.450133,-58,-51,29
1742100901.4851332,35,14,-126
1742100901.520133,-10,-4,-136
1742100901.556133,41,21,-110
1742100901.591133,63,75,-114
1742100901.6271331,33,-58,-76
1742100901.662133,4,-54,31
1742100901.698133,28,-4,-140
1742100901.733133,-61,5,-96
1742100901.7681332,-29,55,0
1742100901.8041332,4,-2,-64
1742100901.839133,-5,-18,-106
1742100901.875133,50,39,-52
1742100901.9101331,44,97,3
1742100901.9461331,-31,-24,-26
1742100901.981133,14,-40,-58
1742100902.016133,-5,-30,-50
1742100902.052133,-25,15,-182
1742100902.0871332,28,-16,39
1742100902.1231332,36,-32,5
1742100902.158133,4,-52,-38
1742100902.194133,108,-76,-108
1742100902.2291331,21,-80,-24
1742100902.264133,-50,-36,-8
1742100902.300133,-2,23,9
1742100902.335133,-30,29,-36
1742100902.371133,-28,-20,-16
1742100902.4061332,-48,15,-8
1742100902.4421332,-60,75,-24
1742100902.477133,0,-32,-50
1742100902.5121331,15,59,-92
1742100902.5481331,-66,-18,-88
1742100902.583133,-27,0,29
1742100902.619133,7,-53,-60
1742100902.654133,-5,-37,-6
1742100902.690133,46,12,-52
1742100902.7251332,30,-3,-52
1742100902.760133,38,-7,-98
1742100902.796133,52,-25,-124
1742100902.8311331,42,-41,21
1742100902.8671331,30,36,-40
1742100902.902133,26,24,-52
1742100902.938133,78,4,-39
1742100902.973133,18,-15,-57
1742100903.0081332,18,-5,-57
1742100903.0441332,34,0,-111
1742100903.079133,-17,50,-45
1742100903.115133,-67,-11,5
1742100903.1501331,36,38,-121
1742100903.1861331,-19,28,-126
1742100903.2221332,60,-13,-49
1742100903.257133,-43,50,-35
1742100903.292133,-29,8,-122
1742100903.328133,94,60,-87
1742100903.3641331,18,6,-35
1742100903.399133,110,-35,-40
1742100903.435133,-19,28,-15
1742100903.470133,42,34,-1
1742100903.5051332,6,12,-92
1742100903.540133,46,-7,-193
1742100903.576133,-7,24,72
1742100903.612133,-57,-81,-39
1742100903.647133,-13,-9,-5
1742100903.6831331,46,-65,17
1742100903.718133,14,-33,-144
1742100903.753133,-33,-39,-174
1742100903.7881331,14,18,-53
1742100903.8241332,6,-27,-131
1742100903.8601332,52,38,-35
1742100903.895133,-51,-33,-55
1742100903.931133,42,-53,-21
1742100903.966133,18,28,-37
1742100904.001133,-45,58,-105
1742100904.036133,26,-47,48
1742100904.072133,-69,16,-95
1742100904.108133,54,-45,-57
1742100904.1431332,50,-8,-101
1742100904.1791332,-37,-22,-21
1742100904.214133,20,-28,-91
1742100904.249133,-55,69,-90
1742100904.2841332,-15,-6,1
1742100904.320133,-17,-37,-118
1742100904.356133,6,-27,-56
1742100904.391133,6,20,-20
1742100904.427133,72,-57,-76
1742100904.4621332,6,38,-72
1742100904.497133,28,52,-108
1742100904.532133,-23,90,-64
1742100904.568133,-11,-19,-160
1742100904.6041331,4,-77,101
1742100904.639133,60,32,-38
1742100904.675133,-29,4,-72
1742100904.710133,18,-85,81
1742100904.7451332,-45,-21,-144
1742100904.780133,6,-21,52
1742100904.816133,50,82,-119
1742100904.852133,66,-3,-89
1742100904.8871331,64,-3,10
1742100904.9231331,96,34,-25
1742100904.958133,-19,-67,24
1742100904.993133,-51,-1,-103
1742100905.0281332,22,-17,-201
1742100905.0641332,8,60,-5
1742100905.1001332,-19,-11,-49
1742100905.135133,-19,-25,-87
1742100905.171133,14,16,-79
1742100905.2061331,-41,72,-85
1742100905.241133,-7,-21,12
1742100905.276133,52,-79,-25
1742100905.312133,-11,4,-97
1742100905.348133,-27,-111,-59
1742100905.3831332,-35,-111,-55
1742100905.4191332,18,53,-15
1742100905.454133,-89,35,32
1742100905.4891331,26,74,-103
1742100905.524133,2,-37,-91
1742100905.560133,-25,-33,-43
1742100905.596133,70,49,10
1742100905.631133,6,-28,-105
1742100905.667133,62,-2,-151
1742100905.7021332,60,19,20
1742100905.737133,42,57,-83
1742100905.772133,98,42,-113
1742100905.8081331,38,-15,-67
1742100905.8441331,54,-65,-57
1742100905.879133,-3,-19,12
1742100905.915133,8,72,-47
1742100905.950133,-15,-69,-3
1742100905.9851332,44,120,-65
1742100906.020133,-77,4,-41
1742100906.056133,22,12,-43
1742100906.092133,-19,14,-23
1742100906.1271331,78,-25,-111
1742100906.1631331,34,-41,2
1742100906.198133,17,42,-29
1742100906.233133,37,15,-25
1742100906.2681332,-64,-67,-79
1742100906.3041332,115,33,-71
1742100906.3401332,-88,48,-79
1742100906.375133,-10,-13,-35
1742100906.411133,-58,44,-77
1742100906.4461331,37,-33,-29
1742100906.481133,-4,12,-75
1742100906.516133,55,26,8
1742100906.552133,3,102,-93
1742100906.588133,49,22,40
1742100906.6231332,15,42,-19
1742100906.6591332,3,-49,-139
1742100906.694133,-58,-1,-23
1742100906.7291331,9,-59,-79
1742100906.764133,33,44,-17
1742100906.800133,-56,51,-37
1742100906.836133,-12,-9,-13
1742100906.871133,-6,80,-63
1742100906.907133,-48,-37,-19
1742100906.9421332,-26,-5,36
1742100906.977133,-6,14,-145
1742100907.0121331,0,42,0
1742100907.0481331,7,20,-167
1742100907.0841331,41,-39,-147
1742100907.119133,35,-3,-69
1742100907.155133,11,26,-105
1742100907.190133,-48,4,-89
1742100907.2251332,79,0,-71
1742100907.260133,-20,47,-33
1742100907.296133,-24,31,21
1742100907.332133,-52,68,-141
1742100907.3671331,-50,24,48
1742100907.4031332,-8,-21,96
1742100907.438133,47,12,-115
1742100907.473133,25,-19,24
1742100907.509133,-6,-65,45
1742100907.5441332,27,-35,-62
1742100907.5801332,-82,50,-116
1742100907.615133,-26,-11,-50
1742100907.651133,75,116,23
1742100907.6861331,-18,-45,43
1742100907.721133,25,-30,-29
1742100907.757133,-38,49,-68
1742100907.792133,11,69,-106
1742100907.828133,11,-6,-108
1742100907.8631332,17,-56,-70
1742100907.899133,97,-14,-94
1742100907.934133,7,-22,0
1742100907.9691331,-18,23,-204
1742100908.0051332,-2,-70,-70
1742100908.040133,29,5,65
1742100908.076133,113,0,21
1742100908.111133,9,49,11
1742100908.147133,-42,11,-226
1742100908.1821332,-6,-14,7
1742100908.217133,-68,-41,-63
1742100908.253133,-19,9,68
1742100908.2881331,-39,-78,8
1742100908.3241332,-85,17,-55
1742100908.359133,-29,39,-60
1742100908.395133,61,24,-47
1742100908.430133,37,-65,-49
1742100908.4651332,-40,35,-67
1742100908.501133,-22,18,-11
1742100908.536133,37,22,-7
1742100908.572133,21,38,34
1742100908.6071332,73,-7,-155
1742100908.642133,-18,-33,-105
1742100908.677133,23,4,-125
1742100908.713133,37,36,60
1742100908.749133,66,40,-21
1742100908.7841332,64,20,32
1742100908.820133,-3,-19,-1
1742100908.855133,108,36,-37
1742100908.891133,-45,-15,89
1742100908.9261332,-61,48,74
1742100908.961133,-1,-59,-17
1742100908.997133,48,-121,68
1742100909.032133,50,-41,-121
1742100909.068133,12,-17,-29
1742100909.1101332,30,-85,-129
1742100909.147133,56,52,40
1742100909.1821332,106,46,-11
1742100909.217133,-27,-59,-51
1742100909.253133,-95,-5,-7
1742100909.2881331,98,-35,40
1742100909.3241332,26,-37,-65
1742100909.359133,-37,-40,-85
1742100909.395133,-17,-4,-87
1742100909.430133,34,15,76
1742100909.4651332,32,-24,-89
1742100909.501133,-3,27,90
1742100909.536133,70,-52,-39
1742100909.572133,-37,29,-31
1742100909.6071332,-3,29,-73
1742100909.6431332,6,33,-45
1742100909.6791332,-37,0,-77
1742100909.714133,-53,-50,-87
1742100909.749133,-91,57,-31
1742100909.7851331,26,0,-93
1742100909.8211331,46,-48,-87
1742100909.856133,-69,-50,42
1742100909.892133,-119,41,-31
1742100909.927133,-19,-2,-91
1742100909.9621332,-25,-78,-28
1742100909.997133,-47,23,-80
1742100910.033133,24,71,-62
1742100910.069133,32,-8,-130
1742100910.1041331,36,-54,47
1742100910.1401331,26,15,-28
1742100910.175133,-47,15,-88
1742100910.210133,-7,79,-38
1742100910.2451332,16,55,61
1742100910.2811332,28,57,-162
1742100910.3171332,56,37,-50
1742100910.352133,-15,-34,5
1742100910.388133,58,29,-44
1742100910.4231331,-25,11,-112
1742100910.458133,-13,-50,-66
1742100910.493133,-41,11,-104
1742100910.529133,-3,9,1
1742100910.565133,2,-50,15
1742100910.6001332,26,39,-38
1742100910.6361332,-61,-20,-38
1742100910.671133,-29,-68,51
1742100910.7061331,30,63,-144
1742100910.741133,-3,-28,-132
1742100910.777133,-85,5,-122
1742100910.813133,-27,5,-30
1742100910.848133,-27,-6,-56
1742100910.884133,-51,59,25
1742100910.9191332,-5,13,11
1742100910.954133,-7,29,21
1742100910.9891331,-23,-6,-2
1742100911.0251331,-5,-32,-35
1742100911.0611331,44,11,-95
1742100911.096133,28,71,-57
1742100911.132133,28,9,-19
1742100911.167133,-101,19,-24
1742100911.2021332,-101,1,-31
1742100911.237133,88,33,31
1742100911.273133,0,7,-60
1742100911.309133,-19,-43,-166
1742100911.3441331,-45,12,57
1742100911.3801332,-5,-23,-60
1742100911.415133,2,-19,-118
1742100911.450133,32,10,-80
1742100911.4851332,-27,76,-44
1742100911.5211332,32,-15,15
1742100911.5571332,-31,-39,-226
1742100911.592133,26,40,21
1742100911.628133,-13,18,-73
1742100911.6631331,0,-81,-136
1742100911.698133,38,-31,-27
1742100911.733133,-21,-55,-40
1742100911.769133,4,48,-42
1742100911.805133,-29,54,-88
1742100911.8401332,-21,-7,-176
1742100911.876133,-9,2,-152
1742100911.911133,-59,-29,-136
1742100911.9461331,26,-27,77
1742100911.981133,-21,-11,-24
1742100912.017133,-37,-37,39
1742100912.053133,-21,2,-57
1742100912.088133,98,-55,-115
1742100912.124133,26,-35,-70
1742100912.1591332,92,-75,-74
1742100912.194133,-19,20,-28
1742100912.2291331,30,-49,-8
1742100912.2651331,72,-29,-130
1742100912.3011332,6,-43,-34
1742100912.336133,118,2,53
1742100912.372133,64,44,-34
1742100912.407133,20,68,-48
1742100912.4421332,-75,4,59
1742100912.477133,44,68,-40
1742100912.513133,18,-12,53
1742100912.549133,14,32,-102
1742100912.5841331,10,-77,-74
1742100912.6201332,-13,-57,41
1742100912.655133,20,-47,-100
1742100912.690133,36,12,31
1742100912.7251332,24,28,-144
1742100912.7611332,94,-8,45
1742100912.797133,-35,-19,-80
1742100912.832133,94,71,-24
1742100912.868133,40,9,-144
1742100912.9031332,-33,-6,7
1742100912.938133,40,31,65
1742100912.973133,19,5,-84
1742100913.009133,9,19,-150
1742100913.045133,8,39,25
1742100913.0801332,-83,-2,-54
1742100913.116133,36,25,-74
1742100913.151133,-45,45,-36
1742100913.1861331,-33,-20,15
1742100913.221133,-39,-12,-110
1742100913.257133,-45,-2,-132
1742100913.293133,152,30,-32
1742100913.328133,-59,0,-14
1742100913.3641331,42,-33,-44
1742100913.399133,4,-46,-160
1742100913.434133,12,62,-10
1742100913.4691331,-103,52,-46
1742100913.5051332,78,38,-70
1742100913.5411332,-23,90,-6
1742100913.576133,-57,34,53
1742100913.612133,-95,36,-4
1742100913.647133,16,-27,-20
1742100913.6821332,64,-49,-4
1742100913.717133,74,-7,-76
1742100913.753133,22,-59,-134
1742100913.789133,-77,15,-8
1742100913.8241332,-1,40,41
1742100913.8601332,-5,-10,0
1742100913.895133,44,10,-114
1742100913.930133,44,16,-92
1742100913.966133,-19,8,-90
1742100914.001133,68,-60,-98
1742100914.037133,-27,-23,-54
1742100914.072133,88,12,61
1742100914.108133,14,-27,-24
1742100914.1431332,12,-39,-124
1742100914.178133,-15,28,-60
1742100914.214133,-19,6,-72
1742100914.249133,8,-9,-122
1742100914.2851331,60,-19,-102
1742100914.320133,-21,16,47
1742100914.356133,-3,10,25
1742100914.391133,-47,-35,-12
1742100914.4261332,-9,28,-62
1742100914.4621332,-63,-12,-50
1742100914.497133,-29,3,-46
1742100914.533133,-45,0,-44
1742100914.568133,54,35,-78
1742100914.6041331,40,29,-124
1742100914.639133,36,49,-76
1742100914.674133,44,37,103
1742100914.710133,46,-45,-70
1742100914.7451332,54,22,-60
1742100914.7811332,-39,60,-74
1742100914.816133,14,-11,9
1742100914.852133,-1,86,-122
1742100914.8871331,26,-71,35
1742100914.922133,-33,16,-50
1742100914.958133,0,38,5
1742100914.993133,4,2,-114
1742100915.029133,18,66,-106
1742100915.0641332,4,-79,49
1742100915.1001332,-131,6,-56
1742100915.135133,-5,66,-54
1742100915.170133,24,-27,-38
1742100915.2061331,-55,-97,-34
1742100915.241133,-79,18,-166
1742100915.277133,6,6,-126
1742100915.312133,68,-85,-42
1742100915.348133,70,-11,-100
1742100915.3831332,-29,42,1
1742100915.418133,28,44,29
1742100915.454133,26,-16,-118
1742100915.4891331,-41,-23,39
1742100915.5251331,3,-67,29
1742100915.560133,-6,-53,-68
1742100915.596133,54,14,-94
1742100915.631133,42,73,-70
1742100915.6661332,55,-68,-74
1742100915.7021332,11,19,-20
1742100915.737133,-6,41,-62
1742100915.773133,-24,-32,39
1742100915.8081331,-52,1,-150
1742100915.8441331,20,-64,63
1742100915.879133,48,-82,7
1742100915.914133,84,-118,-46
1742100915.950133,14,19,-40
1742100915.9851332,-7,-8,-44
1742100916.0211332,-71,-45,-176
1742100916.056133,4,-71,-62
1742100916.092133,-13,-12,-138
1742100916.128133,-1,-19,-36
1742100916.164133,26,24,-32
1742100916.200133,62,51,17
1742100916.2351332,-1,-29,-94
1742100916.270133,20,-18,-66
1742100916.306133,24,-10,-88
1742100916.342133,16,3,-38
1742100916.3771331,-5,67,-80
1742100916.4131331,-7,33,-116
1742100916.448133,20,53,9
1742100916.483133,4,16,-136
1742100916.5181332,30,-41,-82
1742100916.5541332,22,38,3
1742100916.5901332,-35,-41,49
1742100916.625133,-21,28,15
1742100916.661133,-85,65,-36
1742100916.6961331,4,15,-130
1742100916.731133,-43,37,-94
1742100916.766133,-5,89,83
1742100916.802133,-39,47,1
1742100916.838133,-85,-70,-8
1742100916.8731332,58,57,-90
1742100916.9091332,62,-8,-6
1742100916.944133,-17,35,-28
1742100916.9791331,24,-88,-14
1742100917.014133,-9,-30,-72
1742100917.050133,-9,69,-126
1742100917.086133,-13,-34,1
1742100917.121133,8,1,-26
1742100917.157133,-25,95,-72
1742100917.1921332,-57,-36,-120
1742100917.227133,-35,37,-94
1742100917.2621331,74,-4,-66
1742100917.2981331,-33,-122,-48
1742100917.3341331,-55,41,-50
1742100917.369133,6,-16,-172
1742100917.405133,-25,63,-32
1742100917.440133,-25,-58,-58
1742100917.4751332,58,-6,21
1742100917.510133,34,-20,25
1742100917.546133,34,3,3
1742100917.582133,-5,-34,-124
1742100917.6171331,-47,49,-38
1742100917.6531332,80,-32,-136
1742100917.688133,90,-44,9
1742100917.723133,-55,-68,-90
1742100917.7581332,-89,-28,-40
1742100917.7941332,20,1,-178
1742100917.8301332,-5,-40,-80
1742100917.865133,14,41,-102
1742100917.901133,22,-46,-6
1742100917.9361331,-13,-58,-14
1742100917.971133,16,-16,-72
1742100918.006133,46,-8,113
1742100918.042133,-37,-44,3
1742100918.078133,20,-24,-30
1742100918.1131332,-61,-90,-12
1742100918.149133,10,-6,-110
1742100918.184133,-45,-74,15
1742100918.2191331,2,-22,-98
1742100918.254133,56,-46,-12
1742100918.290133,-13,-35,-56
1742100918.326133,-19,87,-112
1742100918.361133,22,61,-180
1742100918.397133,-77,31,129
1742100918.4321332,0,-44,-242
1742100918.467133,64,1,-56
1742100918.5021331,12,-14,39
1742100918.5381331,-89,43,-70
1742100918.5741332,5,-69,-192
1742100918.609133,39,7,1
1742100918.645133,6,41,71
1742100918.680133,-75,-40,-14
1742100918.7151332,-5,-11,-34
1742100918.750133,-21,17,-176
1742100918.786133,-53,-56,0
1742100918.822133,74,-30,-88
1742100918.8571332,-43,0,-74
1742100918.8931332,-29,-10,-48
1742100918.928133,98,57,-72
1742100918.963133,-35,-96,-22
1742100918.9981332,-9,159,-10
1742100919.0341332,26,39,-90
1742100919.070133,-17,117,-72
1742100919.112133,-9,-90,55
1742100919.149133,-49,-6,-62
1742100919.184133,-9,21,-52
1742100919.2191331,44,53,-26
1742100919.254133,2,-18,-48
1742100919.290133,-13,0,75
1742100919.326133,-49,-44,-20
1742100919.361133,30,-10,-66
1742100919.397133,10,91,-32
1742100919.4321332,18,-12,3
1742100919.467133,-31,93,-36
1742100919.5021331,62,3,13
1742100919.5381331,-135,29,-24
1742100919.5741332,8,-34,-44
1742100919.609133,-9,7,-70
1742100919.645133,-21,-76,-20
1742100919.680133,-111,21,-82
1742100919.7151332,-39,-48,23
1742100919.750133,-3,-46,13
1742100919.786133,68,-62,-6
1742100919.822133,-17,-10,75
1742100919.8571332,-19,27,-110
1742100919.8931332,42,-34,-8
1742100919.928133,-81,59,77
1742100919.963133,-19,-104,-60
1742100919.9981332,6,51,-86
1742100920.0341332,-71,-26,13
1742100920.070133,42,-32,-88
1742100920.105133,-23,37,-16
1742100920.141133,4,31,-14
1742100920.1761332,40,57,-16
1742100920.211133,-51,21,-36
1742100920.247133,-9,-30,-94
1742100920.282133,-57,-68,-26
1742100920.318133,-1,-56,11
1742100920.3531332,24,25,-18
1742100920.389133,-1,-52,-6
1742100920.424133,-37,-24,-48
1742100920.4591331,40,25,-62
1742100920.4951332,124,-48,13
1742100920.530133,-55,43,7
1742100920.566133,-45,13,17
1742100920.601133,-73,9,-36
1742100920.6371331,98,-96,0
1742100920.672133,-9,23,-56
1742100920.707133,-29,19,103
1742100920.743133,-51,-30,-40
1742100920.7781332,-11,11,-136
1742100920.8141332,20,17,-20
1742100920.849133,-23,-92,-28
1742100920.885133,-65,-10,-114
1742100920.920133,-3,61,-130
1742100920.9551332,-17,-34,-26
1742100920.991133,-31,-16,-66
1742100921.026133,6,17,35
1742100921.062133,48,-42,-18
1742100921.0971332,-21,-12,-136
1742100921.1331332,28,-36,-28
1742100921.168133,4,-18,129
1742100921.203133,-3,3,65
1742100921.2391331,-17,19,-46
1742100921.274133,-81,39,71
1742100921.310133,-43,-46,-102
1742100921.345133,58,49,11
1742100921.381133,-35,14,-18
1742100921.4161332,46,20,-252
1742100921.451133,-53,46,-52
1742100921.487133,38,-67,-102
1742100921.522133,60,-47,53
1742100921.5581331,-59,-43,11
1742100921.593133,0,-15,-64
1742100921.629133,66,-63,-96
1742100921.664133,56,-45,-6
1742100921.6991332,-1,39,-50
1742100921.7351332,50,45,-6
1742100921.770133,-48,78,-166
1742100921.806133,-49,-68,13
1742100921.841133,18,0,3
1742100921.8771331,-17,-18,-56
1742100921.912133,28,-43,45
1742100921.947133,-41,-39,-176
1742100921.983133,-49,-23,-18
1742100922.0181332,72,2,-46
1742100922.0541332,24,-1,-62
1742100922.089133,-61,26,-72
1742100922.125133,-33,56,-84
1742100922.1601331,40,-19,-60
1742100922.195133,26,48,-28
1742100922.231133,-63,-19,3
1742100922.266133,-1,18,-80
1742100922.302133,110,-41,-36
1742100922.3371332,60,24,29
1742100922.3731332,-28,-25,-118
1742100922.408133,-42,24,45
1742100922.443133,0,16,-108
1742100922.4791331,-42,14,-44
1742100922.514133,-36,22,-146
1742100922.550133,69,22,-74
1742100922.585133,-22,-13,-166
1742100922.621133,0,-19,-112
1742100922.657133,-76,-17,-36
1742100922.6921332,-16,0,33
1742100922.727133,-18,-15,-142
1742100922.763133,-14,13,-82
1742100922.799133,9,-65,-26
1742100922.8341331,-74,14,-40
1742100922.8701332,29,-52,-122
1742100922.905133,-22,23,-70
1742100922.940133,25,-30,45
1742100922.9751332,-40,2,45
1742100923.0111332,17,28,-64
1742100923.047133,3,24,-138
1742100923.082133,-8,30,-10
1742100923.118133,5,-33,-22
1742100923.1531332,-5,-69,-70
1742100923.188133,-27,26,-94
1742100923.223133,36,-23,5
1742100923.259133,22,26,-62
1742100923.295133,56,-19,-50
1742100923.3301332,-39,16,-152
1742100923.366133,46,-15,-172
1742100923.401133,40,-21,-98
1742100923.4361331,52,59,-54
1742100923.471133,20,3,-40
1742100923.507133,60,44,0
1742100923.543133,8,2,-64
1742100923.578133,40,-48,-64
1742100923.6141331,52,5,-18
1742100923.649133,38,19,33
1742100923.684133,-63,1,91
1742100923.7191331,-7,5,-42
1742100923.7551332,-39,-64,-12
1742100923.7911332,14,-8,57
1742100923.826133,-26,-36,-36
1742100923.862133,28,36,-82
1742100923.897133,34,-28,-50
1742100923.9321332,46,26,21
1742100923.967133,-17,26,-118
1742100924.003133,8,-52,-22
1742100924.039133,24,18,-18
1742100924.0741332,-21,-33,-2
1742100924.1101332,-67,-39,9
1742100924.145133,-49,-27,-90
1742100924.180133,80,-37,-38
1742100924.2151332,-21,-25,-38
1742100924.251133,98,18,-44
1742100924.287133,4,-7,121
1742100924.322133,-31,28,-66
1742100924.358133,22,32,-132
1742100924.3931332,10,7,9
1742100924.428133,112,-20,-110
1742100924.463133,10,-42,-182
1742100924.499133,18,-77,-88
1742100924.5351331,-5,-38,-66
1742100924.570133,-55,-46,-98
1742100924.606133,18,41,0
1742100924.641133,-1,-12,5
1742100924.6761332,34,9,-262
1742100924.711133,-71,-50,-42
1742100924.747133,50,-8,-86
1742100924.783133,-43,61,-122
1742100924.818133,-37,47,-36
1742100924.8541331,10,-28,-86
1742100924.889133,32,15,-72
1742100924.924133,-43,-6,-136
1742100924.9591331,-21,-12,-58
1742100924.9951332,10,0,-11
1742100925.0311332,32,61,-37
1742100925.066133,-71,27,-3
1742100925.102133,-13,5,-15
1742100925.1371331,-47,-36,36
1742100925.172133,158,23,4
1742100925.208133,-15,0,-67
1742100925.244133,-57,21,-35
1742100925.279133,112,-8,-53
1742100925.315133,-35,19,-31
1742100925.351133,-11,29,-19
1742100925.3861332,-9,71,-37
1742100925.422133,-5,-32,-109
1742100925.457133,-37,69,2
1742100925.4921331,-19,35,-15
1742100925.527133,4,41,-65
1742100925.563133,-37,23,-55
1742100925.599133,28,13,-77
1742100925.634133,-19,45,-51
1742100925.670133,20,3,-119
1742100925.7051332,-61,9,40
1742100925.740133,36,-38,-21
1742100925.7751331,-5,0,-79
1742100925.8111331,58,32,-93
1742100925.8471332,-1,-31,-65
1742100925.882133,12,53,-189
1742100925.918133,-55,-44,-83
1742100925.953133,-35,-35,0
1742100925.9881332,-25,-62,-17
1742100926.023133,36,-39,-65
1742100926.059133,52,56,-33
1742100926.095133,60,28,20
1742100926.1301332,-111,-20,18
1742100926.1661332,18,-61,-115
1742100926.201133,-13,-29,-149
1742100926.236133,2,-3,-43
1742100926.2711332,-55,10,-51
1742100926.3071332,14,24,-79
1742100926.343133,36,48,-61
1742100926.378133,20,10,-15
1742100926.414133,34,-45,10
1742100926.4491332,-33,-19,-77
1742100926.484133,20,30,-49
1742100926.519133,-33,-5,30
1742100926.555133,50,24,58
1742100926.591133,44,14,-181
1742100926.626133,20,6,-90
1742100926.662133,0,-41,-51
1742100926.697133,-23,-49,-21
1742100926.7321332,36,4,-19
1742100926.7681332,62,-33,-37
1742100926.803133,84,42,2
1742100926.839133,22,-29,-45
1742100926.874133,32,76,-60
1742100926.9101331,54,-27,29
1742100926.945133,34,38,18
1742100926.980133,-47,38,-136
1742100927.016133,-97,-25,-122
1742100927.0511332,-3,24,17
1742100927.0871332,-19,-13,-100
1742100927.122133,-47,24,49
1742100927.158133,8,34,-4
1742100927.193133,58,6,-66
1742100927.2281332,-39,34,-60
1742100927.264133,-29,6,5
1742100927.299133,-27,-7,-124
1742100927.335133,18,-15,-36
1742100927.3701332,-17,-25,-36
1742100927.4061332,0,-27,-54
1742100927.441133,88,-21,-144
1742100927.476133,-21,10,-60
1742100927.5121331,-1,-27,1
1742100927.547133,61,10,-56
1742100927.583133,-11,-5,-136
1742100927.618133,28,4,-82
1742100927.654133,-55,50,-146
1742100927.6891332,16,24,-142
1742100927.724133,-45,2,-136
1742100927.760133,-67,62,-8
1742100927.795133,-1,16,-110
1742100927.8311331,-15,-50,-98
1742100927.866133,86,23,-82
1742100927.902133,76,0,81
1742100927.937133,46,27,-48
1742100927.9721332,30,59,-44
1742100928.0081332,32,-16,-46
1742100928.043133,-105,1,-66
1742100928.079133,-41,25,47
1742100928.1141331,60,-50,-52
1742100928.1501331,22,43,-56
1742100928.185133,-19,0,-96
1742100928.220133,-29,47,-168
1742100928.256133,4,49,-6
1742100928.2911332,4,69,1
1742100928.3271332,46,-28,-36
1742100928.362133,46,11,-62
1742100928.398133,8,-32,15
1742100928.4331331,-57,51,-4
1742100928.468133,2,96,-32
1742100928.504133,-23,11,33
1742100928.539133,-37,-51,-68
1742100928.575133,58,-1,-2
1742100928.6101332,-21,48,-120
1742100928.6461332,-2,-3,1
1742100928.681133,-10,49,-68
1742100928.716133,70,8,-48
1742100928.7521331,-19,-42,-68
1742100928.787133,-23,-26,-122
1742100928.823133,46,-39,-26
1742100928.858133,60,-15,9
1742100928.894133,44,26,-76
1742100928.9291332,0,4,15
1742100928.964133,78,14,3
1742100929.000133,-47,30,3
1742100929.0351331,-27,-41,-52
1742100929.0711331,10,30,-144
1742100929.1131332,-17,20,-90
1742100929.1501331,8,-33,-138
1742100929.1861331,50,12,-72
1742100929.221133,102,38,-32
1742100929.256133,-13,-29,19
1742100929.292133,18,-23,-70
1742100929.328133,-53,82,-112
1742100929.3631332,29,-17,-88
1742100929.399133,-17,3,-18
1742100929.434133,-29,41,-170
1742100929.4691331,24,-26,-168
1742100929.504133,14,-22,-52
1742100929.540133,26,-2,57
1742100929.576133,118,-6,47
1742100929.611133,54,-16,-4
1742100929.647133,-71,-19,-46
1742100929.6821332,-33,-7,-46
1742100929.717133,-9,22,-48
1742100929.7521331,18,10,-166
1742100929.7881331,-63,40,17
1742100929.8241332,-29,-45,67
1742100929.859133,2,106,-92
1742100929.895133,62,18,-192
1742100929.930133,70,-45,-4
1742100929.9651332,-43,-21,-166
1742100930.000133,-39,66,69
1742100930.036133,30,2,-132
1742100930.072133,-53,36,-54
1742100930.1071332,44,4,-92
1742100930.1431332,-29,-23,-110
1742100930.178133,-23,-35,-96
1742100930.213133,-33,-11,-118
1742100930.2481332,-61,58,-2
1742100930.2841332,0,-27,-166
1742100930.320133,-17,12,-60
1742100930.355133,0,-11,-190
1742100930.391133,-29,-33,-70
1742100930.4261332,22,-17,-50
1742100930.461133,42,44,-14
1742100930.496133,-29,12,-190
1742100930.533133,4,32,-26
1742100930.568133,4,32,-30
1742100930.6041331,-15,22,-52
1742100930.6401331,-11,72,51
1742100930.675133,-49,-19,23
1742100930.711133,-19,30,-96
1742100930.746133,-47,0,-80
1742100930.7811332,-11,54,57
1742100930.816133,44,22,-2
1742100930.852133,-17,-59,-56
1742100930.888133,30,34,-18
1742100930.9231331,-41,-37,-48
1742100930.9591331,-75,-3,-96
1742100930.994133,70,-29,-46
1742100931.029133,104,14,-74
1742100931.0641332,-3,24,-35
1742100931.1001332,-11,-52,18
1742100931.1361332,20,-64,-27
1742100931.171133,-11,-26,-71
1742100931.207133,20,11,-51
1742100931.2421331,52,19,-91
1742100931.277133,76,-42,0
1742100931.312133,28,13,-123
1742100931.348133,104,37,-61
1742100931.384133,-23,-18,16
1742100931.4191332,-43,63,-53
1742100931.4551332,-127,31,-195
1742100931.490133,-5,-26,18
1742100931.5251331,30,32,24
1742100931.560133,27,22,78
1742100931.596133,42,-5,2
1742100931.632133,64,-9,14
1742100931.667133,-41,9,2
1742100931.703133,84,-40,-93
1742100931.7381332,2,21,-69
1742100931.773133,62,-77,-23
1742100931.8081331,10,-86,-3
1742100931.8441331,36,15,-93
1742100931.8801332,28,-8,-99
1742100931.915133,38,-18,-77
1742100931.951133,-49,21,-15
1742100931.986133,30,-2,-59
1742100932.0211332,-27,-28,-25
1742100932.056133,-15,72,30
1742100932.092133,-21,-99,-181
1742100932.128133,78,-45,-201
1742100932.1631331,-7,34,-49
1742100932.1991332,54,18,-167
1742100932.234133,36,14,-67
1742100932.269133,20,28,-139
1742100932.3041332,6,14,-87
1742100932.3401332,28,26,-5
1742100932.376133,8,-43,-9
1742100932.411133,-23,30,-75
1742100932.447133,28,88,4
1742100932.4821332,12,-11,4
1742100932.517133,10,57,68
1742100932.552133,60,-8,-93
1742100932.588133,52,1,-45
1742100932.624133,6,109,-70
1742100932.6591332,38,33,-88
1742100932.695133,30,25,9
1742100932.730133,4,-18,21
1742100932.7651331,19,75,-28
1742100932.800133,20,-14,33
1742100932.836133,-29,-4,-104
1742100932.872133,-43,55,-82
1742100932.907133,65,-14,51
1742100932.943133,37,1,-108
1742100932.9781332,17,33,-62
1742100933.013133,-24,11,-28
1742100933.049133,57,-6,-108
1742100933.0841331,59,69,-90
1742100933.1201332,-20,51,-138
1742100933.155133,-20,27,-192
1742100933.191133,37,-14,-18
1742100933.226133,-40,13,-42
1742100933.2611332,-6,-84,-34
1742100933.296133,93,-32,105
1742100933.332133,-42,-14,-70
1742100933.368133,-22,9,-70
1742100933.4031332,51,-46,-68
1742100933.4391332,-36,3,-124
1742100933.474133,7,47,-28
1742100933.509133,-16,33,-94
1742100933.545133,-22,25,65
1742100933.5801332,9,11,-56
1742100933.616133,-76,85,-46
1742100933.651133,-40,-73,-140
1742100933.687133,43,13,0
1742100933.7221332,-62,53,-74
1742100933.757133,-6,3,0
1742100933.793133,9,-6,25
1742100933.828133,77,-15,-196
1742100933.8641331,5,-35,0
1742100933.899133,-60,30,53
1742100933.935133,71,4,-118
1742100933.970133,-8,50,63
1742100934.0051332,-50,-46,-52
1742100934.0411332,31,6,-186
1742100934.076133,-6,-30,-42
1742100934.112133,35,9,-6
1742100934.147133,-36,71,15
1742100934.1831331,35,-34,23
1742100934.218133,5,-4,5
1742100934.253133,-20,31,-92
1742100934.289133,-24,37,-116
1742100934.3241332,43,49,-160
1742100934.3601332,-14,0,-80
1742100934.395133,-10,3,-22
1742100934.431133,93,65,81
1742100934.466133,45,73,-14
1742100934.501133,61,-4,-126
1742100934.537133,-36,11,-22
1742100934.572133,13,21,-58
1742100934.608133,-44,-26,-18
1742100934.6431332,55,-20,9
1742100934.6791332,9,87,-38
1742100934.714133,-36,29,69
1742100934.749133,87,49,-130
1742100934.7851331,-44,115,-86
1742100934.820133,-60,-4,-4
1742100934.856133,69,-14,-108
1742100934.891133,-42,21,-120
1742100934.927133,23,52,-15
1742100934.9621332,15,-26,-51
1742100934.997133,80,-102,-115
1742100935.033133,-3,1,-179
1742100935.068133,4,-14,-117
1742100935.1041331,-51,-2,38
1742100935.139133,-71,-30,-113
1742100935.175133,-45,-20,-75
1742100935.210133,-61,27,-103
1742100935.2451332,22,-10,-103
1742100935.2811332,-39,-4,14
1742100935.316133,24,-32,-33
1742100935.352133,68,51,-43
1742100935.3871331,48,41,-63
1742100935.4231331,-55,-14,-133
1742100935.458133,-31,-22,-3
1742100935.493133,32,-96,-111
1742100935.529133,-59,55,-21
1742100935.5641332,2,13,18
1742100935.6001332,26,-30,-137
1742100935.635133,24,67,-73
1742100935.670133,22,19,50
1742100935.7051332,-23,-2,-23
1742100935.741133,-1,-2,-95
1742100935.777133,-47,7,-79
1742100935.812133,20,37,-23
1742100935.848133,-75,-54,-47
1742100935.8831332,-71,1,16
1742100935.918133,32,-20,34
1742100935.953133,-15,-18,-37
1742100935.9891331,20,9,-35
1742100936.0251331,-19,29,-123
1742100936.060133,34,35,-43
1742100936.096133,50,7,-91
1742100936.131133,-115,-18,-70
1742100936.1661332,2,-2,-12
1742100936.201133,16,-12,-40
1742100936.237133,-47,0,-150
1742100936.273133,-77,-114,1
1742100936.3081331,-13,31,-78
1742100936.3441331,-29,-20,-8
1742100936.379133,-29,35,-58
1742100936.414133,-11,71,-52
1742100936.4491332,44,31,19
1742100936.4851332,-75,11,-106
1742100936.5211332,30,29,-58
1742100936.556133,-39,25,7
1742100936.592133,-27,-12,9
1742100936.6271331,-1,-50,63
1742100936.662133,-47,-32,-188
1742100936.697133,48,21,-162
1742100936.733133,0,3,-142
1742100936.769133,-9,29,-44
1742100936.8041332,12,-26,37
1742100936.8401332,-5,25,-102
1742100936.875133,30,35,-154
1742100936.9101331,-71,25,49
1742100936.945133,-69,-8,-62
1742100936.981133,-47,-68,-94
1742100937.017133,34,-30,-82
1742100937.052133,-11,41,-216
1742100937.088133,-27,-16,-24
1742100937.1231332,-9,-22,-4
1742100937.158133,-31,19,-64
1742100937.193133,-53,-44,-64
1742100937.2291331,70,7,-28
1742100937.2651331,62,-28,-146
1742100937.300133,58,27,37
1742100937.336133,-5,71,-150
1742100937.371133,-47,45,-90
1742100937.4061332,-29,-30,-44
1742100937.441133,-67,27,-56
1742100937.477133,-51,-30,-110
1742100937.513133,46,-68,-134
1742100937.5481331,-12,17,-22
1742100937.5841331,-40,-8,-40
1742100937.619133,-70,53,9
1742100937.654133,21,-70,-80
1742100937.6891332,-26,19,-46
1742100937.7251332,21,17,-128
1742100937.7611332,29,7,-64
1742100937.796133,-6,11,-48
1742100937.832133,-48,51,0
1742100937.8671331,35,1,-150
1742100937.902133,57,-16,-182
1742100937.937133,-82,1,5
1742100937.973133,17,21,-44
1742100938.009133,59,-60,-142
1742100938.0441332,-46,51,-128
1742100938.0801332,-52,-20,-120
1742100938.115133,57,-16,-58
1742100938.1501331,-40,29,-88
1742100938.185133,49,19,-126
1742100938.221133,31,15,-12
1742100938.257133,-1,-42,-156
1742100938.292133,-11,-24,-56
1742100938.328133,-10,-18,7
1742100938.3631332,-24,9,-88
1742100938.398133,39,0,51
1742100938.4331331,-40,17,-18
1742100938.4691331,31,-84,-36
1742100938.5051332,93,-24,-96
1742100938.540133,11,-48,-80
1742100938.576133,-55,39,-36
1742100938.611133,42,-22,-80
1742100938.6461332,18,7,-188
1742100938.681133,74,7,-74
1742100938.717133,42,13,-26
1742100938.753133,-39,33,-112
1742100938.7881331,-41,57,-172
1742100938.8241332,40,17,19
1742100938.859133,20,15,-65
1742100938.894133,54,57,-18
1742100938.9291332,34,75,-12
1742100938.9651332,-3,-20,30
1742100939.001133,4,71,36
1742100939.036133,-11,-38,-115
1742100939.072133,-75,-8,-131
1742100939.1141331,36,31,-83
1742100939.1501331,4,37,-35
1742100939.185133,-45,3,-49
1742100939.221133,-1,-36,-141
1742100939.257133,-3,11,50
1742100939.292133,-27,29,-111
1742100939.328133,-19,59,62
1742100939.3631332,42,47,-143
1742100939.398133,-29,39,-5
1742100939.4331331,-87,-12,6
1742100939.4691331,-51,-16,66
1742100939.5051332,-19,3,-37
1742100939.540133,12,-8,-173
1742100939.576133,100,-120,-5
1742100939.611133,-19,47,-41
1742100939.6461332,-41,-18,-53
1742100939.681133,36,-54,42
1742100939.717133,42,47,-43
1742100939.753133,40,-4,-201
1742100939.7881331,-39,9,-13
1742100939.8241332,88,-22,-23
1742100939.859133,0,61,-107
1742100939.894133,-29,-40,-33
1742100939.930133,3,-8,26
1742100939.9651332,9,35,4
1742100940.001133,11,-20,40
1742100940.036133,-3,3,-79
1742100940.072133,2,-26,-79
1742100940.1071332,7,5,-55
1742100940.142133,40,-56,2
1742100940.178133,42,-68,-77
1742100940.213133,76,-2,6
1742100940.249133,0,-20,32
1742100940.2841332,50,-46,-75
1742100940.320133,24,-52,-1
1742100940.355133,-49,-52,76
1742100940.3901331,-27,53,82
1742100940.4261332,22,61,-73
1742100940.461133,24,-32,-165
1742100940.497133,-15,-98,-93
1742100940.532133,28,2,-81
1742100940.568133,78,-47,-3
1742100940.6031332,-7,61,8
1742100940.638133,90,-22,-97
1742100940.674133,-39,-68,-93
1742100940.7091331,-79,33,-47
1742100940.7451332,-11,-48,36
1742100940.780133,-105,41,-193
1742100940.816133,-31,-9,-83
1742100940.851133,-21,-51,-95
1742100940.8861332,-47,76,-49
1742100940.922133,-13,-36,20
1742100940.957133,-3,11,-31
1742100940.993133,-57,-24,-59
1742100941.0281332,-9,5,-87
1742100941.0641332,44,56,-51
1742100941.099133,-17,36,46
1742100941.134133,30,14,-111
1742100941.170133,-31,-21,-77
1742100941.2051332,2,8,-35
1742100941.241133,60,41,-121
1742100941.276133,-1,103,-85
1742100941.312133,-5,75,-87
1742100941.3471332,4,2,-95
1742100941.382133,-77,17,-29
1742100941.418133,4,-91,60
1742100941.453133,4,-63,-19
1742100941.4891331,88,-75,-49
1742100941.524133,-49,-46,-127
1742100941.560133,-35,5,-51
1742100941.595133,-1,-50,-37
1742100941.6301332,44,-20,58
1742100941.6661332,2,85,-23
1742100941.701133,64,27,-89
1742100941.737133,12,-44,-45
1742100941.772133,-17,57,-99
1742100941.8081331,6,-16,8
1742100941.843133,-11,-16,-71
1742100941.878133,-17,-10,-109
1742100941.914133,52,79,-95
1742100941.9491332,38,-28,-21
1742100941.9851332,60,39,36
1742100942.020133,30,3,-135
1742100942.056133,-25,-22,-31
1742100942.092133,10,39,-37
1742100942.1271331,88,-48,-73
1742100942.162133,-11,59,-33
1742100942.198133,70,-74,28
1742100942.234133,14,-8,28
1742100942.269133,-1,45,-123
1742100942.305133,6,47,54
1742100942.3401332,60,7,-35
1742100942.375133,40,0,-133
1742100942.4101331,-1,17,-85
1742100942.4461331,-53,15,-67
1742100942.4821332,-37,13,-33
1742100942.517133,-149,-40,-77
1742100942.553133,-17,-18,-71
1742100942.588133,-17,47,-13
1742100942.6231332,20,-12,-31
1742100942.658133,-37,-38,-35
1742100942.694133,-55,53,-53
1742100942.730133,-3,5,8
1742100942.7651331,-29,25,-137
1742100942.8011332,50,11,8
1742100942.836133,4,-52,-159
1742100942.871133,-61,-30,-147
1742100942.9061332,54,-64,-123
1742100942.9421332,0,17,-105
1742100942.9781332,-7,29,-9
1742100943.013133,-41,59,-85
1742100943.049133,-31,29,-15
1742100943.0841331,-59,-10,28
1742100943.119133,26,39,6
1742100943.154133,74,-72,-45
1742100943.190133,-15,-26,-119
1742100943.226133,18,69,-177
1742100943.2611332,-25,-26,-59
1742100943.297133,0,-18,-235
1742100943.332133,-53,41,-111
1742100943.3671331,-57,0,-135
1742100943.402133,70,-32,-37
1742100943.438133,-11,-24,60
1742100943.474133,-49,-72,120
1742100943.509133,82,-22,-47
1742100943.545133,-51,-52,-55
1742100943.5801332,-63,23,-83
1742100943.615133,-19,-74,-133
1742100943.6501331,-49,-36,52
1742100943.6861331,10,-32,60
1742100943.7221332,-9,51,-99
1742100943.757133,0,65,30
1742100943.793133,-19,33,-101
1742100943.828133,-5,39,-91
1742100943.8631332,-13,25,-103
1742100943.898133,-57,-58,-17
1742100943.934133,-17,13,-61
1742100943.970133,-23,55,-45
1742100944.0051332,32,13,-43
1742100944.0411332,-3,-12,40
1742100944.076133,-41,-14,-127
1742100944.111133,6,-52,42
1742100944.1461332,-7,41,10
1742100944.1821332,-19,-8,38
1742100944.218133,78,5,-51
1742100944.253133,58,-88,-55
1742100944.289133,-11,-68,-55
1742100944.3241332,-35,-6,-217
1742100944.359133,-91,41,-7
1742100944.394133,86,-12,-43
1742100944.430133,-19,35,-99
1742100944.466133,-73,19,-17
1742100944.501133,-47,53,-11
1742100944.537133,54,-56,58
1742100944.572133,90,-38,-93
1742100944.6071332,-23,17,52
1742100944.642133,-1,-2,32
1742100944.678133,-31,17,-125
1742100944.714133,28,23,-135
1742100944.749133,-25,-4,-31
1742100944.7851331,20,-18,-15
1742100944.820133,90,61,-83
1742100944.855133,-33,17,-108
1742100944.8901331,62,67,-24
1742100944.9261332,-15,7,121
1742100944.9621332,-25,-38,-6
1742100944.997133,72,23,-32
1742100945.033133,-45,1,-36
1742100945.068133,-25,-46,-30
1742100945.1031332,20,13,89
1742100945.138133,41,-30,-46
1742100945.174133,30,8,-190
1742100945.210133,45,15,-84
1742100945.2451332,-72,81,7
1742100945.2811332,-34,67,-24
1742100945.316133,7,51,-84
1742100945.351133,-28,9,-138
1742100945.3861332,-12,-22,-44
1742100945.422133,-16,77,-30
1742100945.458133,-10,-52,-32
1742100945.493133,2,-28,73
1742100945.529133,-49,7,-46
1742100945.5641332,35,-6,-80
1742100945.599133,-56,47,-52
1742100945.634133,-2,33,-2
1742100945.670133,-28,-8,-146
1742100945.7061331,17,57,-46
1742100945.741133,62,63,-202
1742100945.777133,-55,-6,-36
1742100945.812133,-99,17,-54
1742100945.8471332,14,19,-76
1742100945.882133,14,-20,-34
1742100945.918133,60,-20,-62
1742100945.954133,-57,-48,-108
1742100945.9891331,-17,-36,-70
1742100946.0251331,2,35,-14
1742100946.060133,-27,-12,-70
1742100946.095133,-3,-6,-90
1742100946.1301332,-87,21,-24
1742100946.1661332,50,11,-134
1742100946.2021332,2,-42,39
1742100946.237133,-5,-8,-214
1742100946.273133,70,-68,-14
1742100946.3081331,-19,-58,-152
1742100946.343133,6,29,3
1742100946.379133,-125,97,-58
1742100946.414133,-13,-4,-70
1742100946.450133,34,5,21
1742100946.4851332,-57,31,21
1742100946.5211332,74,75,-112
1742100946.556133,-95,-21,-72
1742100946.591133,22,8,-30
1742100946.6271331,-46,54,-34
1742100946.662133,20,20,-22
1742100946.698133,72,-15,-102
1742100946.733133,-17,62,-22
1742100946.769133,-35,-77,-78
1742100946.8041332,-21,-15,-14
1742100946.839133,-37,-35,-44
1742100946.875133,28,52,-44
1742100946.9101331,4,-21,-10
1742100946.9461331,12,-43,-50
1742100946.981133,-19,-39,-48
1742100947.017133,32,22,-150
1742100947.052133,-31,-83,-70
1742100947.0871332,36,-77,-156
1742100947.1231332,26,18,-124
1742100947.158133,-11,-61,-138
1742100947.194133,78,42,-16
1742100947.2291331,10,12,-46
1742100947.2651331,8,8,-128
1742100947.300133,14,-1,-106
1742100947.335133,24,46,-76
1742100947.371133,6,-29,-44
1742100947.4061332,44,-13,25
1742100947.4421332,22,58,-132
1742100947.477133,-49,28,51
1742100947.513133,38,-51,-8
1742100947.5481331,-41,-49,-84
1742100947.583133,-105,-13,-82
1742100947.619133,30,14,-12
1742100947.654133,26,0,-66
1742100947.690133,-19,12,35
1742100947.7251332,37,16,-102
1742100947.7611332,55,-19,-98
1742100947.796133,49,18,21
1742100947.8311331,29,-37,-22
1742100947.8671331,47,2,-94
1742100947.902133,-18,26,61
1742100947.938133,-76,-33,-24
1742100947.973133,2,26,-90
1742100948.009133,4,6,-6
1742100948.0441332,-15,-53,-112
1742100948.079133,18,-13,-82
1742100948.115133,26,-19,-30
1742100948.1501331,142,4,-28
1742100948.1861331,-51,48,-176
1742100948.221133,-5,-43,-58
1742100948.257133,-3,-14,-176
1742100948.292133,-99,6,-122
1742100948.3271332,8,5,5
1742100948.3631332,36,37,-136
1742100948.398133,20,25,-66
1742100948.434133,-1,-4,-238
1742100948.4691331,-29,19,37
1742100948.5051332,6,-64,-34
1742100948.540133,58,45,-130
1742100948.575133,20,-6,7
1742100948.611133,54,5,-52
1742100948.6461332,15,-10,-92
1742100948.6821332,17,0,-14
1742100948.717133,31,13,-56
1742100948.7521331,-100,23,-16
1742100948.787133,31,-26,-181
1742100948.823133,107,-30,66
1742100948.859133,-28,-28,-35
1742100948.894133,-48,-8,-46
1742100948.930133,-2,91,-77
1742100948.9651332,25,49,104
1742100949.000133,-8,-76,-113
1742100949.0351331,36,65,44
1742100949.0711331,-31,-32,-11
1742100949.1071332,24,-74,-41
1742100949.149133,28,-4,-75
1742100949.1861331,52,1,-29
1742100949.221133,38,-34,-31
1742100949.256133,-21,-14,-85
1742100949.2911332,72,-26,-45
1742100949.3271332,8,-56,-35
1742100949.3631332,24,-60,-11
1742100949.398133,20,-99,-73
1742100949.434133,18,-37,-175
1742100949.4691331,12,-63,-85
1742100949.504133,38,11,32
1742100949.539133,40,10,-137
1742100949.575133,32,36,88
1742100949.611133,-71,26,-77
1742100949.6461332,-75,78,-103
1742100949.6821332,-13,-8,-35
1742100949.717133,58,-26,-141
1742100949.7521331,10,-6,-119
1742100949.787133,-65,-50,-31
1742100949.823133,66,-50,-15
1742100949.859133,-25,-96,-123
1742100949.894133,44,-58,-147
1742100949.930133,30,-110,50
1742100949.9651332,-11,-26,-219
1742100950.000133,-76,37,-21
1742100950.0351331,-30,-22,-149
1742100950.0711331,-86,41,-71
1742100950.1071332,31,-16,-121
1742100950.142133,-4,-4,-103
1742100950.178133,39,-8,-7
1742100950.213133,17,99,-25
1742100950.2481332,115,-2,-77
1742100950.283133,58,19,-117
1742100950.319133,20,-42,-57
1742100950.355133,68,59,-107
1742100950.3901331,3,25,30
1742100950.4261332,55,5,-105
1742100950.461133,-31,-4,-85
1742100950.496133,-32,9,-123
1742100950.5311332,38,-18,60
1742100950.5671332,-19,49,-113
1742100950.6031332,56,69,-21
1742100950.638133,10,-44,-27
1742100950.674133,54,28,76
1742100950.7091331,-29,8,-89
1742100950.744133,56,-8,-87
1742100950.779133,-65,21,-29
1742100950.815133,16,13,-39
1742100950.851133,-11,-42,-43
1742100950.8861332,4,-44,-201
1742100950.922133,2,-19,-59
1742100950.957133,4,28,-85
1742100950.9921331,6,7,-37
1742100951.027133,-1,-24,-89
1742100951.063133,110,7,-35
1742100951.099133,42,-10,10
1742100951.134133,-21,-17,-11
1742100951.170133,6,-17,-57
1742100951.2051332,-47,-77,-79
1742100951.240133,68,46,-27
1742100951.2751331,0,-35,20
1742100951.3111331,151,-19,-59
1742100951.3471332,8,62,-95
1742100951.382133,-15,-13,-61
1742100951.418133,22,-63,-115
1742100951.453133,8,28,36
1742100951.4881332,38,1,-17
1742100951.523133,-27,-40,-5
1742100951.559133,32,-19,-177
1742100951.595133,-9,56,-79
1742100951.6301332,58,-23,-63
1742100951.6661332,66,-1,8
1742100951.701133,-45,-3,-19
1742100951.736133,-15,52,-13
1742100951.7711332,14,-5,-211
1742100951.8071332,-7,20,-27
1742100951.843133,52,40,-51
1742100951.878133,-39,-51,-63
1742100951.914133,54,2,-39
1742100951.9491332,-26,30,6
1742100951.984133,-18,-31,-73
1742100952.019133,-34,-17,2
1742100952.055133,-20,-79,-39
1742100952.091133,-6,-15,-39
1742100952.126133,45,12,-123
1742100952.162133,49,-5,-25
1742100952.197133,-24,8,-115
1742100952.2321332,-15,-17,-55
1742100952.267133,30,-29,-79
1742100952.303133,-11,-35,-19
1742100952.339133,94,-29,-115
1742100952.374133,-13,18,2
1742100952.4101331,-67,-13,-97
1742100952.445133,6,-15,30
1742100952.480133,-25,22,-111
1742100952.5151331,40,-55,16
1742100952.5511332,-33,-1,-23
1742100952.5871332,-55,122,-71
1742100952.622133,-59,-25,-99
1742100952.658133,-35,-1,-115
1742100952.693133,16,-43,8
1742100952.7281332,50,48,-47
1742100952.764133,24,20,0
1742100952.799133,-71,110,-47
1742100952.835133,-3,-22,-5
1742100952.8701332,0,74,-77
1742100952.9061332,-69,-91,-193
1742100952.941133,-73,14,-27
1742100952.976133,10,40,-85
1742100953.0121331,8,-4,20
1742100953.047133,-19,-54,-129
1742100953.083133,46,37,-9
1742100953.118133,42,57,-21
1742100953.154133,12,39,-165
1742100953.1891332,-23,-64,-146
1742100953.224133,-3,-22,-55
1742100953.260133,-3,1,-10
1742100953.295133,10,-76,-56
1742100953.3311331,-15,-12,-176
1742100953.366133,-45,51,-36
1742100953.402133,4,17,59
1742100953.437133,96,-7,-58
1742100953.4721332,50,39,0
1742100953.5081332,118,55,-14
1742100953.543133,4,29,-30
1742100953.579133,-29,-12,-38
1742100953.6141331,10,-12,-42
1742100953.6501331,26,-30,57
1742100953.685133,-75,-56,5
1742100953.720133,-55,27,-80
1742100953.756133,0,13,15
1742100953.7911332,-37,-75,41
1742100953.8271332,-15,20,-110
1742100953.862133,-61,32,-94
1742100953.898133,-11,11,-24
1742100953.9331331,-97,14,-110
1742100953.968133,-43,9,-58
1742100954.004133,30,-106,53
1742100954.039133,66,80,-100
1742100954.075133,-37,-48,-140
1742100954.1101332,0,-78,-2
1742100954.1461332,-39,19,-156
1742100954.181133,-5,9,-50
1742100954.216133,30,53,-20
1742100954.2521331,-29,0,-52
1742100954.287133,74,85,53
1742100954.323133,-21,9,15
1742100954.358133,22,15,-16
1742100954.394133,-35,-72,-30
1742100954.4291332,35,11,-76
1742100954.464133,-10,47,-30
1742100954.500133,-14,-44,-28
1742100954.5351331,-26,39,-62
1742100954.5711331,107,47,29
1742100954.606133,3,-2,65
1742100954.642133,0,11,-56
1742100954.677133,12,65,-146
1742100954.7121332,7,33,-32
1742100954.7481332,5,-36,-38
1742100954.783133,0,27,-126
1742100954.819133,-57,7,-158
1742100954.8541331,100,-22,31
1742100954.8901331,-53,43,-118
1742100954.925133,-21,-37,-12
1742100954.960133,8,18,98
1742100954.996133,2,64,-84
1742100955.0311332,-11,-18,-138
1742100955.0671332,4,21,39
1742100955.102133,26,15,105
1742100955.138133,8,29,-90
1742100955.174133,0,33,-76
1742100955.2091331,-45,25,-48
1742100955.244133,12,63,15
1742100955.280133,50,-38,-66
1742100955.316133,16,7,-144
1742100955.351133,44,-22,-130
1742100955.3871331,30,-36,-84
1742100955.422133,34,-66,-6
1742100955.457133,-45,41,-58
1742100955.4921331,-33,39,-140
1742100955.5281332,-17,-76,19
1742100955.5641332,-43,-6,107
1742100955.599133,-23,31,29
1742100955.635133,60,49,-48
1742100955.670133,8,-28,47
1742100955.7051332,80,7,-60
1742100955.740133,-11,-110,31
1742100955.776133,-63,-42,3
1742100955.812133,-49,75,-62
1742100955.8471332,-31,-74,-190
1742100955.8831332,-39,-38,-24
1742100955.918133,22,45,-28
1742100955.953133,58,-6,-12
1742100955.9881332,38,0,25
1742100956.024133,-45,-8,-4
1742100956.060133,40,21,-104
1742100956.095133,-37,49,-174
1742100956.131133,16,1,-105
1742100956.1661332,-85,17,-114
1742100956.201133,110,45,-84
1742100956.236133,-31,-48,-9
1742100956.272133,-85,-26,-193
1742100956.3081331,24,-10,54
1742100956.343133,-4,33,45
1742100956.379133,89,3,93
1742100956.414133,-56,79,41
1742100956.4491332,7,-16,-133
1742100956.484133,29,57,-23
1742100956.520133,-56,-28,-67
1742100956.556133,-16,-26,3
1742100956.591133,5,33,-114
1742100956.6271331,-12,-40,-46
1742100956.662133,-62,-66,-108
1742100956.697133,-10,-1,-54
1742100956.7321332,33,-56,-2
1742100956.7681332,25,13,-100
1742100956.8041332,1,0,-34
1742100956.839133,-42,-66,81
1742100956.875133,23,-68,-90
1742100956.9101331,7,-16,-30
1742100956.945133,27,-16,-154
1742100956.980133,11,-32,-60
1742100957.016133,53,-28,-114
1742100957.052133,71,7,-60
1742100957.0871332,-2,-6,-26
1742100957.1231332,28,-46,-20
1742100957.158133,-39,-18,-80
1742100957.193133,46,11,-34
1742100957.2281332,22,27,-60
1742100957.264133,-15,3,-39
1742100957.300133,26,11,58
1742100957.335133,32,80,-73
1742100957.371133,46,-103,-129
1742100957.4061332,64,-27,-25
1742100957.441133,-42,18,-37
1742100957.476133,35,-41,-131
1742100957.5121331,33,50,-45
1742100957.5481331,-22,36,-19
1742100957.583133,29,30,8
1742100957.619133,23,-5,-19
1742100957.654133,23,2,-13
1742100957.6891332,69,-43,-77
1742100957.724133,1,42,-37
1742100957.760133,-16,40,-43
1742100957.796133,-92,-15,-5
1742100957.8311331,53,-19,-3
1742100957.8671331,45,-35,-99
1742100957.902133,31,44,24
1742100957.937133,91,-31,-127
1742100957.9721332,-42,30,-78
1742100958.0081332,-20,22,-8
1742100958.0441332,-19,36,-56
1742100958.079133,60,48,-78
1742100958.115133,16,12,-88
1742100958.1501331,74,20,-48
1742100958.185133,22,-29,-20
1742100958.220133,60,-37,-27
1742100958.256133,14,-3,46
1742100958.292133,-37,-19,-86
1742100958.3271332,24,32,-144
1742100958.3631332,14,-51,-12
1742100958.398133,36,-21,-50
1742100958.4331331,-87,0,-86
1742100958.468133,-1,46,-84
1742100958.504133,-18,-34,35
1742100958.540133,-72,-8,49
1742100958.575133,-46,-70,-70
1742100958.611133,36,55,-14
1742100958.6461332,-22,14,-27
1742100958.681133,48,-7,2
1742100958.716133,-6,46,84
1742100958.7521331,-74,4,-21
1742100958.7881331,-36,-50,-51
1742100958.823133,20,-58,-57
1742100958.859133,76,-66,-43
1742100958.894133,34,-30,-119
1742100958.9291332,6,56,-47
1742100958.964133,-60,44,4
1742100959.000133,66,18,-51
1742100959.036133,7,28,60
1742100959.0711331,5,12,-113
1742100959.1071332,-94,-43,-9
1742100959.142133,57,86,-45
1742100959.184133,-48,-67,-97
1742100959.221133,34,4,-169
1742100959.256133,-69,-1,-59
1742100959.292133,95,-21,-25
1742100959.3271332,16,26,-159
1742100959.3631332,-33,-95,-47
1742100959.398133,23,-37,-63
1742100959.4331331,-27,-29,-13
1742100959.4691331,-1,29,-87
1742100959.504133,0,-57,-29
1742100959.540133,0,53,-91
1742100959.575133,26,12,-105
1742100959.611133,-23,42,-147
1742100959.6461332,-25,-65,-3
1742100959.681133,-57,-25,-43
1742100959.717133,-35,-45,-73
1742100959.7521331,38,12,2
1742100959.7881331,34,-63,-25
1742100959.823133,38,-11,62
1742100959.859133,-79,-25,-39
1742100959.894133,2,-33,-45
1742100959.9291332,66,12,-41
1742100959.9651332,-19,54,-107
1742100960.000133,72,3,-25
1742100960.036133,14,-16,-89
1742100960.0711331,6,51,-33
1742100960.1071332,-12,-64,-119
1742100960.142133,23,-4,-63
1742100960.177133,-72,9,-113
1742100960.213133,-4,25,-31
1742100960.2481332,43,21,-43
1742100960.2841332,25,-36,-55
1742100960.319133,-88,31,18
1742100960.355133,-52,-6,-63
1742100960.3901331,147,0,-7
1742100960.425133,54,17,-39
1742100960.461133,11,-26,18
1742100960.496133,-58,5,-11
1742100960.532133,-1,-36,-75
1742100960.5671332,0,-12,-23
1742100960.6031332,5,-18,-21
1742100960.638133,-51,-2,16
1742100960.6731331,-16,-8,-55
1742100960.7091331,-32,15,-63
1742100960.744133,-18,-8,-41
1742100960.780133,33,-26,6
1742100960.815133,-26,-24,-61
1742100960.851133,19,21,-1
1742100960.8861332,17,-30,-57
1742100960.921133,-32,-26,42
1742100960.957133,35,0,-1
1742100960.9921331,5,-68,-21
1742100961.0281332,-38,15,-87
1742100961.063133,57,53,-31
1742100961.099133,-2,-64,-107
1742100961.134133,31,-24,-147
1742100961.1691332,19,3,-83
1742100961.2051332,-6,-66,-143
1742100961.240133,7,-70,-21
1742100961.276133,-35,73,8
1742100961.3111331,2,17,-27
1742100961.3471332,62,49,-3
1742100961.382133,10,59,42
1742100961.417133,-77,17,-25
1742100961.453133,-13,-2,-53
1742100961.4881332,32,-44,4
1742100961.524133,-9,-70,-115
1742100961.559133,64,5,-35
1742100961.595133,20,5,-161
1742100961.631133,-25,71,-31
1742100961.667133,-11,-4,-77
1742100961.703133,26,-34,38
1742100961.7381332,8,79,-15
1742100961.773133,-13,69,-3
1742100961.809133,-7,-60,-43
1742100961.845133,-29,21,-125
1742100961.8801332,-57,11,30
1742100961.9161332,-23,21,-1
1742100961.951133,-53,17,34
1742100961.986133,-31,11,36
1742100962.0211332,-13,65,-107
1742100962.0571332,-55,-2,-45
1742100962.093133,-11,37,-57
1742100962.128133,51,-24,-161
1742100962.164133,33,15,-63
1742100962.1991332,-42,-28,-23
1742100962.234133,-11,29,-49
1742100962.269133,-30,-6,-73
1742100962.305133,3,83,-127
1742100962.341133,-8,15,-47
1742100962.376133,-40,79,-29
1742100962.412133,-59,-16,-135
1742100962.447133,71,17,-79
1742100962.484133,-30,-32,26
1742100962.519133,-66,29,-35
1742100962.5541332,-62,13,-115
1742100962.589133,-40,-6,36
1742100962.625133,-42,15,-117
1742100962.661133,-56,33,58
1742100962.6961331,5,14,-1
1742100962.7321332,-32,-8,-27
1742100962.767133,85,29,-129
1742100962.802133,-28,-15,-33
1742100962.8371332,13,-48,-89
1742100962.8731332,21,34,-137
1742100962.9091332,-22,16,-103
1742100962.944133,47,-3,-121
1742100962.980133,-18,104,-171
1742100963.0151331,23,-65,10
1742100963.050133,19,6,-19
1742100963.085133,-24,-36,-63
1742100963.121133,-92,-80,-119
1742100963.157133,-20,-50,-123
1742100963.1921332,-22,-40,-85
1742100963.2281332,53,-2,-51
1742100963.263133,-6,-42,-123
1742100963.2981331,102,69,-143
1742100963.333133,132,55,12
1742100963.369133,-107,-72,-51
1742100963.405133,44,5,-121
1742100963.440133,10,-20,-117
1742100963.476133,-1,-2,-177
1742100963.5111332,-31,-6,-3
1742100963.546133,78,-12,26
1742100963.5811331,30,-16,-61
1742100963.6171331,-23,-2,2
1742100963.6531332,12,-46,-105
1742100963.688133,-16,-12,-39
1742100963.724133,-61,71,-107
1742100963.759133,-8,-16,-25
1742100963.7941332,-5,-60,-83
1742100963.829133,8,25,-29
1742100963.865133,-15,-18,-125
1742100963.901133,44,-4,-19
1742100963.9361331,-27,0,-19
1742100963.9721332,14,23,8
1742100964.007133,0,-6,-23
1742100964.042133,-31,17,-77
1742100964.0771332,56,-22,-19
1742100964.1131332,86,61,-5
1742100964.149133,-31,41,24
1742100964.184133,18,-50,-97
1742100964.220133,18,37,-165
1742100964.2551332,22,-6,-179
1742100964.290133,23,-40,-92
1742100964.325133,38,-14,-140
1742100964.361133,64,31,3
1742100964.397133,-37,-18,-102
1742100964.4321332,28,65,33
1742100964.468133,-85,41,-108
1742100964.503133,32,23,-12
1742100964.5381331,82,-2,-126
1742100964.573133,-61,-42,-200
1742100964.609133,-41,21,-82
1742100964.645133,12,-40,-118
1742100964.680133,6,-4,-90
1742100964.716133,60,1,-88
1742100964.751133,-27,43,-84
1742100964.786133,66,-66,35
1742100964.8211331,52,-32,-66
1742100964.8571332,-79,-50,-50
1742100964.8931332,10,5,57
1742100964.928133,-71,5,-96
1742100964.964133,68,-64,-92
1742100964.999133,-17,-15,41
1742100965.0341332,-33,-19,-40
1742100965.069133,-37,54,-98
1742100965.105133,-7,-11,-78
1742100965.141133,42,56,-102
1742100965.1761332,22,52,31
1742100965.2121332,-61,-23,-76
1742100965.247133,54,-17,-94
1742100965.282133,20,-11,-44
1742100965.3171332,-3,-17,39
1742100965.3531332,-27,23,-58
1742100965.389133,-21,32,-84
1742100965.424133,18,-41,-130
1742100965.460133,-29,-39,-158
1742100965.4951332,-9,-45,-56
1742100965.530133,-29,-17,-64
1742100965.565133,26,-21,-104
1742100965.601133,-89,70,-12
1742100965.6371331,26,-43,-44
1742100965.672133,-3,10,-28
1742100965.708133,40,-51,-12
1742100965.743133,-79,-49,47
1742100965.7781332,-47,10,-84
1742100965.8141332,-93,6,-12
1742100965.849133,-91,6,-56
1742100965.885133,76,-27,-22
1742100965.920133,44,60,15
1742100965.9561331,-29,-43,-56
1742100965.991133,46,-71,79
1742100966.026133,-61,62,-40
1742100966.062133,-25,54,-52
1742100966.0971332,-63,38,39
1742100966.1331332,62,2,-46
1742100966.168133,-83,12,-80
1742100966.204133,8,10,-196
1742100966.2391331,-99,0,-58
1742100966.274133,30,8,-90
1742100966.310133,2,-17,-24
1742100966.345133,-71,-7,-6
1742100966.381133,-1,30,21
1742100966.4161332,-13,-15,-100
1742100966.4521332,20,-63,-72
1742100966.487133,30,-29,-168
1742100966.522133,40,24,-48
1742100966.5581331,96,-25,-30
1742100966.593133,-49,64,-210
1742100966.629133,-1,-29,7
1742100966.664133,30,-26,-70
1742100966.700133,97,19,-84
1742100966.7351332,-84,-74,-94
1742100966.770133,95,-6,49
1742100966.806133,77,17,27
1742100966.841133,-48,-18,-90
1742100966.8771331,41,-40,-12
1742100966.912133,-36,11,1
1742100966.948133,39,35,-136
1742100966.983133,-96,15,-228
1742100967.0181332,22,43,27
1742100967.0541332,-13,-10,-44
1742100967.089133,-19,47,-142
1742100967.125133,30,51,-64
1742100967.1601331,-51,-10,-140
1742100967.1961331,80,-8,-100
1742100967.231133,-1,81,-28
1742100967.266133,18,-60,-24
1742100967.302133,-47,21,131
1742100967.3371332,-79,47,3
1742100967.3731332,-71,23,1
1742100967.408133,-39,0,65
1742100967.444133,-43,27,-132
1742100967.4791331,-49,17,99
1742100967.514133,-65,-20,73
1742100967.550133,-59,-32,-88
1742100967.585133,-85,79,3
1742100967.621133,28,23,89
1742100967.6561332,-7,-66,-106
1742100967.6921332,-45,-14,-80
1742100967.727133,-29,-102,-120
1742100967.7621331,-15,27,-130
1742100967.7981331,46,39,-40
1742100967.833133,32,-32,23
1742100967.869133,-133,17,-90
1742100967.904133,-49,59,25
1742100967.940133,20,-90,-18
1742100967.9751332,-83,29,-114
1742100968.010133,-15,24,-86
1742100968.046133,18,18,29
1742100968.0811331,-21,61,-86
1742100968.1171331,-65,11,53
1742100968.152133,56,21,11
1742100968.187133,-71,43,-122
1742100968.2221332,-50,-18,-82
1742100968.2581332,-22,29,99
1742100968.2941332,19,3,10
1742100968.329133,31,-8,-1
1742100968.365133,53,-20,-77
1742100968.4001331,-46,-24,-88
1742100968.435133,37,-12,-37
1742100968.470133,-56,43,-113
1742100968.506133,29,35,72
1742100968.542133,-24,9,-143
1742100968.5771332,-104,7,-33
1742100968.6131332,17,29,-129
1742100968.648133,-2,15,-119
1742100968.6831331,19,-104,-79
1742100968.718133,33,23,-35
1742100968.754133,-22,-32,-77
1742100968.790133,35,23,-71
1742100968.825133,28,89,16
1742100968.861133,-72,5,-27
1742100968.8961332,-34,-4,14
1742100968.931133,-6,45,14
1742100968.966133,0,-36,-27
1742100969.0021331,9,53,-69
1742100969.0381331,1,75,-161
1742100969.073133,-86,7,-115
1742100969.109133,25,49,-85
1742100969.144133,-12,19,-51
1742100969.1861331,-66,43,0
1742100969.2221332,-21,7,-3
1742100969.2581332,-50,-16,-45
1742100969.2941332,-41,63,-237
1742100969.329133,-33,-6,0
1742100969.365133,36,-14,24
1742100969.4001331,32,35,-121
1742100969.435133,4,-20,-15
1742100969.470133,-45,-52,124
1742100969.506133,-15,-6,-261
1742100969.542133,8,13,14
1742100969.5771332,-8,147,-51
1742100969.6131332,-72,3,-23
1742100969.648133,-52,-4,-41
1742100969.6831331,13,3,-125
1742100969.718133,77,-10,-121
1742100969.754133,3,7,-83
1742100969.790133,25,39,18
1742100969.825133,36,-70,-5
1742100969.861133,-69,-6,8
1742100969.8961332,82,47,66
1742100969.931133,-9,17,-33
1742100969.966133,10,-78,-11
1742100970.0021331,24,11,-35
1742100970.0381331,42,-46,-131
1742100970.073133,38,-22,10
1742100970.109133,-15,67,-17
1742100970.144133,-13,-18,36
1742100970.1791332,46,-16,-31
1742100970.214133,10,1,-31
1742100970.250133,4,-22,6
1742100970.286133,-5,-12,-1
1742100970.3211331,56,11,-97
1742100970.3571332,2,-48,14
1742100970.392133,-71,43,-59
1742100970.427133,15,5,-199
1742100970.4621332,25,-56,-65
1742100970.4981332,31,1,-93
1742100970.5341332,0,-34,-17
1742100970.569133,-21,-68,-7
1742100970.605133,-37,3,-27
1742100970.6401331,-19,-18,-87
1742100970.675133,-19,27,-67
1742100970.710133,54,-10,-77
1742100970.746133,-69,-12,-81
1742100970.782133,-23,21,-105
1742100970.8171332,60,-12,-13
1742100970.8531332,2,23,-21
1742100970.888133,102,3,-11
1742100970.9231331,52,75,32
1742100970.958133,-85,39,28
1742100970.994133,16,33,-23
1742100971.030133,5,-46,76
1742100971.065133,-48,63,-59
1742100971.101133,-6,7,106
1742100971.1361332,-20,17,-41
1742100971.171133,-22,37,-195
1742100971.2061331,35,-38,-39
1742100971.2421331,-8,13,-129
1742100971.2781332,38,-14,-141
1742100971.313133,-20,-20,-61
1742100971.349133,30,-22,-77
1742100971.384133,-41,-34,78
1742100971.4191332,58,45,56
1742100971.454133,38,36,78
1742100971.490133,-59,31,-17
1742100971.526133,98,-66,-133
1742100971.5611331,28,4,-81
1742100971.5971332,30,28,-49
1742100971.632133,-43,34,-45
1742100971.667133,68,-61,-11
1742100971.7021332,76,42,-11
1742100971.7381332,-5,22,-67
1742100971.774133,4,47,24
1742100971.809133,0,-6,-141
1742100971.845133,30,39,-97
1742100971.8801332,34,13,18
1742100971.915133,-83,-27,-59
1742100971.950133,-17,10,-111
1742100971.986133,2,40,-87
1742100972.022133,24,44,0
1742100972.0571332,-43,78,-121
1742100972.093133,52,50,-129
1742100972.128133,34,10,-83
1742100972.1631331,-135,-7,-3
1742100972.198133,6,64,-113
1742100972.234133,62,56,20
1742100972.270133,-23,-21,-69
1742100972.305133,92,-15,-97
1742100972.341133,-11,52,-39
1742100972.376133,-23,2,20
1742100972.411133,26,14,-139
1742100972.447133,-53,14,0
1742100972.4821332,12,32,-59
1742100972.5181332,40,-15,-13
1742100972.553133,-3,-29,-175
1742100972.589133,-29,48,10
1742100972.624133,12,44,-45
1742100972.6591332,30,-43,-65
1742100972.695133,16,78,58
1742100972.730133,32,10,-61
1742100972.766133,-15,36,-113
1742100972.8011332,58,44,-49
1742100972.8371332,-69,0,4
1742100972.872133,-17,-67,-199
1742100972.907133,28,-8,-31
1742100972.943133,14,-4,-1
1742100972.9781332,-11,-43,-21
1742100973.014133,-29,-17,-143
1742100973.049133,-27,-55,-83
1742100973.085133,2,7,-43
1742100973.1201332,18,5,-101
1742100973.155133,-67,-32,-67
1742100973.191133,34,31,32
1742100973.226133,124,13,-155
1742100973.2621331,18,3,-23
1742100973.297133,-11,79,-47
1742100973.333133,60,51,-53
1742100973.368133,30,-22,62
1742100973.4031332,4,39,-109
1742100973.4391332,48,-68,4
1742100973.474133,16,19,-83
1742100973.510133,-15,-8,-79
1742100973.545133,74,29,10
1742100973.5811331,78,1,-43
1742100973.616133,-5,5,4
1742100973.651133,-17,11,-127
1742100973.687133,-53,-32,-95
1742100973.7221332,2,-80,-99
1742100973.7581332,-31,-50,0
1742100973.793133,-5,57,-119
1742100973.829133,-79,45,-225
1742100973.8641331,68,11,-89
1742100973.899133,-25,-26,-1
1742100973.935133,44,0,-25
1742100973.970133,56,9,-121
1742100974.006133,-41,41,-125
1742100974.0411332,6,25,-79
1742100974.0771332,56,7,-19
1742100974.112133,-31,67,-21
1742100974.147133,8,123,-65
1742100974.1831331,-1,-24,-21
1742100974.218133,-13,19,-55
1742100974.254133,25,97,-44
1742100974.289133,-22,27,-208
1742100974.325133,-9,-35,-60
1742100974.3601332,4,35,29
1742100974.395133,10,42,-8
1742100974.431133,-11,16,20
1742100974.466133,46,52,-164
1742100974.5021331,4,-39,-42
1742100974.537133,58,98,-20
1742100974.572133,2,4,-26
1742100974.6071332,-43,-19,-16
1742100974.6431332,88,0,11
1742100974.6791332,-13,-67,81
1742100974.714133,108,-47,-102
1742100974.750133,30,-7,-14
1742100974.7851331,-33,76,-4
1742100974.820133,10,28,-38
1742100974.855133,-11,30,-92
1742100974.891133,-25,12,-56
1742100974.927133,36,-15,-144
1742100974.9621332,26,-41,59
1742100974.9981332,12,56,-88
1742100975.033133,-11,-33,-120
1742100975.068133,-35,-13,17
1742100975.1031332,10,-49,-76
1742100975.139133,-43,48,-22
1742100975.175133,-17,62,-56
1742100975.210133,-1,-25,-18
1742100975.246133,-13,98,-8
1742100975.2811332,70,32,-44
1742100975.316133,-57,88,-64
1742100975.351133,-89,-7,-126
1742100975.3871331,-17,24,-50
1742100975.4231331,-39,-45,133
1742100975.458133,-43,-27,-106
1742100975.494133,-25,-21,-47
1742100975.529133,-17,28,-73
1742100975.5641332,-81,38,27
1742100975.599133,-13,-31,-122
1742100975.635133,-3,34,-20
1742100975.671133,38,-29,41
1742100975.7061331,78,46,37
1742100975.7421331,-13,-21,-122
1742100975.777133,-13,-5,1
1742100975.812133,56,-12,11
1742100975.8471332,8,15,-58
1742100975.8831332,-27,17,-120
1742100975.9191332,-19,77,-6
1742100975.954133,-15,-100,-62
1742100975.990133,-5,33,-36
1742100976.0251331,-75,-26,31
1742100976.060133,-25,-4,-108
1742100976.095133,-41,28,-12
1742100976.131133,68,-90,-62
1742100976.167133,-45,6,-74
1742100976.2021332,-63,7,85
1742100976.2381332,-69,-9,-62
1742100976.273133,40,-85,-150
1742100976.3081331,66,-10,-82
1742100976.343133,-1,-16,61
1742100976.379133,-13,92,-132
1742100976.415133,43,42,-64
1742100976.450133,-93,18,-102
1742100976.486133,12,128,-28
1742100976.5211332,2,-7,97
1742100976.556133,20,22,-34
1742100976.591133,6,-21,5
1742100976.6271331,-7,-74,-84
1742100976.6631331,-37,-18,-52
1742100976.698133,34,37,51
1742100976.734133,-21,53,-128
1742100976.769133,52,-28,-102
1742100976.8041332,-71,-32,-2
1742100976.839133,-15,-12,-36
1742100976.875133,12,3,-140
1742100976.911133,-27,-56,7
1742100976.9461331,-43,-66,-50
1742100976.9821332,16,7,49
1742100977.017133,64,29,-48
1742100977.052133,28,-64,-10
1742100977.0871332,-9,45,-32
1742100977.1231332,-53,-36,-42
1742100977.1591332,-29,-23,-30
1742100977.194133,14,-49,-146
1742100977.230133,10,64,-58
1742100977.2651331,46,-53,1
1742100977.300133,96,38,-27
1742100977.335133,-27,-63,74
1742100977.371133,74,-57,-47
1742100977.407133,74,10,-77
1742100977.4421332,2,-12,66
1742100977.4781332,50,0,-37
1742100977.513133,2,34,-57
1742100977.5481331,0,46,-49
1742100977.583133,-67,-43,-115
1742100977.619133,34,-45,-39
1742100977.655133,2,58,90
1742100977.690133,40,-37,-129
1742100977.726133,16,64,-73
1742100977.7611332,-3,16,42
1742100977.796133,-15,-29,-85
1742100977.8311331,10,40,-75
1742100977.8671331,-17,-55,-105
1742100977.9031332,22,-77,-63
1742100977.938133,-51,-37,-67
1742100977.974133,-37,-17,44
1742100978.009133,-15,22,28
1742100978.0441332,14,-35,-49
1742100978.079133,-37,24,-23
1742100978.115133,58,-33,-99
1742100978.151133,78,-75,-105
1742100978.1861331,24,38,-99
1742100978.2221332,-47,6,86
1742100978.257133,48,-47,-151
1742100978.292133,74,-87,-67
1742100978.3271332,-1,-3,20
1742100978.3631332,60,8,-33
1742100978.399133,-13,32,-5
1742100978.434133,10,16,-125
1742100978.470133,-33,6,-139
1742100978.5051332,-39,-13,-7
1742100978.540133,40,60,-25
1742100978.575133,0,-50,66
1742100978.611133,56,-27,-71
1742100978.647133,34,0,-23
1742100978.6821332,8,-7,-47
1742100978.718133,-51,26,-79
1742100978.753133,-29,100,26
1742100978.7881331,33,-47,-167
1742100978.8241332,43,34,34
1742100978.859133,-8,-27,-77
1742100978.895133,50,24,24
1742100978.930133,36,-8,-27
1742100978.966133,-1,-6,-137
1742100979.001133,-87,51,-57
1742100979.036133,-111,-79,-121
1742100979.072133,-43,-40,-103
1742100979.1071332,-11,-62,-19
1742100979.1431332,-17,29,-19
1742100979.178133,11,-8,6
1742100979.220133,-58,-10,-69
1742100979.256133,49,61,-161
1742100979.292133,-90,27,-55
1742100979.328133,11,27,-167
1742100979.3631332,-68,21,-125
1742100979.399133,-38,-2,-77
1742100979.434133,-50,-36,-95
1742100979.470133,-46,-36,-85
1742100979.5051332,95,15,-89
1742100979.540133,-55,39,-113
1742100979.576133,-29,45,-149
1742100979.611133,0,-8,-79
1742100979.647133,6,35,-91
1742100979.6821332,-33,7,-39
1742100979.718133,-7,-42,4
1742100979.753133,12,-26,-119
1742100979.7881331,66,53,16
1742100979.8241332,18,-90,-27
1742100979.859133,42,35,-43
1742100979.895133,40,23,-15
1742100979.930133,56,47,-105
1742100979.966133,22,75,-13
1742100980.001133,-15,-42,-151
1742100980.036133,32,13,-135
1742100980.072133,4,-18,-29
1742100980.1071332,-19,-60,-83
1742100980.1431332,-11,77,-85
1742100980.178133,-61,-58,-135
1742100980.214133,-47,5,-67
1742100980.249133,22,-6,-3
1742100980.2841332,-25,-18,-27
1742100980.320133,-73,-104,-127
1742100980.355133,-29,59,-3
1742100980.391133,20,-18,-35
1742100980.4261332,-37,11,-13
1742100980.4621332,40,21,-3
1742100980.497133,8,35,36
1742100980.532133,-27,-42,-41
1742100980.568133,17,0,-111
1742100980.6031332,-18,27,-149
1742100980.639133,-64,-34,-105
1742100980.674133,-56,-24,-45
1742100980.710133,-87,0,-149
1742100980.7451332,10,-12,-143
1742100980.780133,46,37,-47
1742100980.816133,28,-8,-35
1742100980.851133,4,-18,-41
1742100980.8871331,68,-60,-17
1742100980.922133,4,-14,-15
1742100980.958133,-7,39,-35
1742100980.993133,-31,85,-95
1742100981.0281332,-41,19,-33
1742100981.0641332,22,-28,-25
1742100981.099133,-26,-36,-111
1742100981.135133,-1,-58,-145
1742100981.170133,12,-56,36
1742100981.2051332,156,-48,102
1742100981.240133,-3,3,-73
1742100981.276133,-9,57,24
1742100981.312133,52,-24,-13
1742100981.3471332,66,-85,12
1742100981.3831332,-9,-39,-11
1742100981.418133,22,60,-39
1742100981.453133,52,-6,-71
1742100981.4881332,-51,-45,-107
1742100981.524133,8,18,-11
1742100981.560133,44,-53,-81
1742100981.595133,48,-3,-25
1742100981.631133,-11,-3,8
1742100981.6661332,-5,16,-113
1742100981.701133,62,58,-66
1742100981.736133,42,-31,-24
1742100981.772133,46,-1,31
1742100981.8081331,12,-27,91
1742100981.843133,-19,8,-44
1742100981.879133,24,-19,-48
1742100981.914133,-29,12,-104
1742100981.9491332,46,-73,17
1742100981.984133,0,2,107
1742100982.020133,86,4,-98
1742100982.056133,-1,32,-88
1742100982.091133,38,-53,-126
1742100982.1271331,34,80,55
1742100982.162133,-1,-1,-110
1742100982.197133,66,30,-172
1742100982.2321332,20,16,-152
1742100982.2681332,8,40,-22
1742100982.3041332,74,16,-102
1742100982.339133,22,4,-72
1742100982.375133,-8,-58,-168
1742100982.4101331,-44,6,19
1742100982.445133,-68,54,-80
1742100982.480133,-24,68,23
1742100982.516133,62,22,-90
1742100982.552133,-9,10,-30
1742100982.5871332,-29,-19,-10
1742100982.6231332,-28,-26,3
1742100982.658133,-12,-55,-20
1742100982.693133,-39,52,-20
1742100982.7281332,21,-21,-104
1742100982.764133,-98,-1,-84
1742100982.800133,-46,-11,-84
1742100982.835133,23,26,-46
1742100982.871133,-74,-57,-96
1742100982.9061332,-28,44,-52
1742100982.941133,-16,-1,-42
1742100982.976133,63,6,-46
1742100983.0121331,-50,12,3
1742100983.0481331,23,-39,0
1742100983.083133,93,-45,-68
1742100983.119133,45,42,-182
1742100983.154133,-28,-3,3
1742100983.1891332,-37,-49,-62
1742100983.224133,62,38,-46
1742100983.260133,36,39,-52
1742100983.296133,28,-2,-96
1742100983.3311331,-27,-68,-16
1742100983.3671331,-7,1,79
1742100983.402133,6,21,-14
1742100983.437133,46,-39,-24
1742100983.4721332,-53,-7,75
1742100983.5081332,28,44,-50
1742100983.5441332,-37,-37,-4
1742100983.579133,28,-23,15
1742100983.615133,14,14,-6
1742100983.6501331,-27,8,-28
1742100983.685133,-51,-43,-78
1742100983.720133,32,26,-118
1742100983.756133,18,-19,-60
1742100983.792133,-45,22,-12
1742100983.8271332,-39,-75,-82
1742100983.8631332,38,28,-130
1742100983.898133,42,24,-86
1742100983.9331331,6,21,-42
1742100983.968133,-31,24,15
1742100984.004133,-13,-27,41
1742100984.040133,-25,-9,-64
1742100984.075133,26,6,-8
1742100984.111133,-41,-13,-28
1742100984.1461332,16,28,15
1742100984.181133,32,0,-182
1742100984.216133,40,0,7
1742100984.2521331,72,8,39
1742100984.2881331,40,-91,-8
1742100984.323133,58,-56,-90
1742100984.359133,44,69,-100
1742100984.394133,24,21,-58
1742100984.4291332,72,-9,-72
1742100984.464133,78,32,19
1742100984.500133,-33,-5,-56
1742100984.536133,-42,-27,-184
1742100984.5711331,22,-3,-109
1742100984.6071332,-5,86,-13
1742100984.642133,-21,26,-37
1742100984.677133,54,-38,18
1742100984.7121332,-77,-25,-9
1742100984.7481332,-45,-11,-107
1742100984.7841332,-25,8,-71
1742100984.819133,-81,-57,-104
1742100984.855133,4,-15,-72
1742100984.8901331,96,-11,-72
1742100984.925133,50,24,-17
1742100984.960133,58,-17,-69
1742100984.996133,-31,-15,-47
1742100985.032133,98,-17,-59
1742100985.0671332,62,-57,-77
1742100985.1031332,0,-9,16
1742100985.138133,-49,16,24
1742100985.1731331,44,-21,-33
1742100985.208133,6,14,-9
1742100985.244133,74,-15,56
1742100985.280133,-57,6,-99
1742100985.315133,62,-53,-5
1742100985.351133,-57,86,-65
1742100985.3861332,18,-61,-159
1742100985.421133,-13,-20,-39
1742100985.457133,2,3,-73
1742100985.4921331,0,-2,-187
1742100985.5281332,28,0,-119
1742100985.563133,-69,47,-177
1742100985.599133,-25,-42,-35
1742100985.634133,-17,-42,110
1742100985.6691332,-7,43,-3
1742100985.7051332,-41,-18,-101
1742100985.740133,-37,-44,14
1742100985.776133,-97,-8,32
1742100985.8111331,17,-17,-105
1742100985.8471332,67,18,-111
1742100985.882133,5,-56,-165
1742100985.917133,-48,42,-73
1742100985.953133,-4,-55,-5
1742100985.9881332,33,16,-9
1742100986.024133,0,-32,-61
1742100986.059133,63,53,-35
1742100986.095133,45,3,-23
1742100986.1301332,25,3,2
1742100986.165133,27,3,-45
1742100986.201133,-8,5,-73
1742100986.236133,65,35,68
1742100986.272133,85,1,-93
1742100986.3071332,5,7,-33
1742100986.343133,-32,13,-3
1742100986.378133,-12,-16,-71
1742100986.4131331,93,-30,-105
1742100986.4491332,-16,-22,54
1742100986.484133,87,-4,-101
1742100986.520133,31,-14,-41
1742100986.555133,20,55,-131
1742100986.591133,114,-34,-43
1742100986.626133,28,-6,-33
1742100986.661133,30,-96,-9
1742100986.697133,-1,5,34
1742100986.7321332,-27,15,26
1742100986.7681332,-67,75,-45
1742100986.803133,-5,33,-161
1742100986.839133,8,-78,-29
1742100986.874133,-5,41,-99
1742100986.9091332,50,7,-177
1742100986.945133,2,-34,-191
1742100986.980133,14,-2,-1
1742100987.016133,12,1,-71
1742100987.0511332,30,-20,-21
1742100987.0871332,-85,33,-1
1742100987.122133,-43,17,-167
1742100987.157133,10,-24,-87
1742100987.193133,50,35,-87
1742100987.2281332,60,-48,26
1742100987.264133,-61,29,-155
1742100987.299133,42,27,-47
1742100987.335133,14,69,0
1742100987.3701332,26,-40,-21
1742100987.405133,80,75,-63
1742100987.441133,14,29,-205
1742100987.476133,36,17,-85
1742100987.5121331,-21,-76,-63
1742100987.547133,-11,-14,76
1742100987.583133,26,-36,-55
1742100987.619133,26,67,32
1742100987.655133,-15,53,-75
1742100987.691133,52,23,-31
1742100987.726133,-13,13,2
1742100987.7611332,-61,-88,-41
1742100987.797133,0,-4,18
1742100987.833133,-59,-16,-83
1742100987.868133,-3,23,-29
1742100987.904133,20,23,-3
1742100987.9391332,12,35,-137
1742100987.974133,-59,99,-61
1742100988.009133,-1,-40,-1
1742100988.045133,78,-38,-89
1742100988.0811331,-27,-34,-81
1742100988.116133,-1,0,-41
1742100988.152133,44,-10,-17
1742100988.187133,-39,23,38
1742100988.2221332,-23,-16,-1
1742100988.257133,-93,-48,-45
1742100988.293133,-53,-34,-175
1742100988.329133,-103,37,-75
1742100988.3641331,-39,1,-53
1742100988.4001331,-71,57,-39
1742100988.435133,-17,-46,-103
1742100988.470133,48,11,-15
1742100988.5051332,-31,43,-113
1742100988.5411332,102,5,-69
1742100988.5771332,-5,61,-9
1742100988.612133,-129,-86,32
1742100988.648133,50,19,-183
1742100988.6831331,-5,-6,-35
1742100988.718133,58,-17,72
1742100988.753133,-67,-71,-75
1742100988.789133,-29,-23,-65
1742100988.825133,-47,78,-91
1742100988.8601332,-55,-103,-85
1742100988.8961332,8,6,-99
1742100988.931133,68,-41,-35
1742100988.966133,-115,36,-31
1742100989.001133,74,22,-97
1742100989.037133,-41,-7,-123
1742100989.073133,80,28,116
1742100989.108133,-11,16,128
1742100989.144133,-19,-27,-139
1742100989.1791332,62,-23,-53
1742100989.221133,6,35,0
1742100989.257133,22,-14,4
1742100989.293133,-5,8,-105
1742100989.329133,-53,-19,56
1742100989.3641331,14,3,-129
1742100989.4001331,46,-5,-81
1742100989.435133,28,48,-195
1742100989.470133,-51,-13,46
1742100989.5051332,-83,22,-85
1742100989.5411332,24,30,-119
1742100989.5771332,-27,-15,-37
1742100989.612133,50,-71,-63
1742100989.648133,-9,-47,6
1742100989.6831331,82,-41,-19
1742100989.718133,-77,3,-55
1742100989.753133,-11,41,-25
1742100989.789133,44,-30,-145
1742100989.825133,-9,9,-47
1742100989.8601332,18,31,-121
1742100989.8961332,-63,73,-189
1742100989.931133,-103,-30,-115
1742100989.966133,96,1,-119
1742100990.001133,-35,35,-15
1742100990.037133,26,-24,54
1742100990.073133,-107,-52,-109
1742100990.108133,6,-30,-87
1742100990.144133,-47,-42,29
1742100990.1791332,40,0,27
1742100990.214133,-21,-16,-84
1742100990.249133,-15,-32,-138
1742100990.2851331,24,95,0
1742100990.3211331,-83,43,-84
1742100990.356133,-91,13,-170
1742100990.392133,26,-8,-52
1742100990.427133,-41,21,-86
1742100990.4621332,86,45,49
1742100990.497133,-17,67,-38
1742100990.533133,58,-60,-94
1742100990.569133,-13,35,-4
1742100990.6041331,18,57,-90
1742100990.6401331,-29,-12,-44
1742100990.675133,-13,-36,-78
1742100990.710133,-101,21,-50
1742100990.7451332,28,25,-122
1742100990.7811332,4,-4,-120
1742100990.8171332,-77,-6,15
1742100990.852133,-13,-36,69
1742100990.888133,62,-38,-44
1742100990.9231331,10,45,-94
1742100990.958133,2,15,9
1742100990.993133,-33,-24,-56
1742100991.029133,-15,5,-24
1742100991.065133,-71,-26,-38
1742100991.1001332,34,35,-4
1742100991.1361332,-3,-30,-42
1742100991.171133,-9,77,81
1742100991.2061331,10,-16,-82
1742100991.241133,-45,31,5
1742100991.277133,-45,5,-84
1742100991.313133,-49,-32,-58
1742100991.348133,78,91,-90
1742100991.384133,-27,13,-30
1742100991.4191332,14,-16,-8
1742100991.454133,4,-30,-136
1742100991.4891331,4,-12,-8
1742100991.5251331,42,77,-60
1742100991.5611331,-29,63,-24
1742100991.596133,-14,21,-16
1742100991.632133,-46,19,-118
1742100991.667133,-30,-30,-40
1742100991.7021332,55,49,-24
1742100991.7381332,11,-46,-54
1742100991.773133,-6,39,-68
1742100991.809133,-51,-24,-108
1742100991.8441331,0,-26,-50
1742100991.8801332,-154,47,7
1742100991.915133,82,-22,-8
1742100991.950133,39,19,-18
1742100991.986133,-70,-60,-14
1742100992.0211332,65,-36,-152
1742100992.0571332,70,-50,-72
1742100992.092133,4,-64,-46
1742100992.128133,0,47,-124
1742100992.1631331,-61,23,0
1742100992.198133,92,0,-70
1742100992.234133,-89,-54,-44
1742100992.269133,-1,35,-38
1742100992.305133,40,63,-26
1742100992.3401332,8,29,-132
1742100992.376133,20,45,73
1742100992.411133,-47,-10,-76
1742100992.4461331,-35,-24,41
1742100992.4821332,-75,23,-66
1742100992.517133,30,-70,115
1742100992.553133,54,-20,-72
1742100992.588133,6,37,-130
1742100992.624133,28,-40,-36
1742100992.6591332,16,17,-16
1742100992.694133,96,29,-166
1742100992.730133,-71,0,-48
1742100992.7651331,96,75,-90
1742100992.8011332,38,57,117
1742100992.836133,-19,-36,-114
1742100992.872133,8,43,-216
1742100992.907133,10,-10,-96
1742100992.9421332,2,53,-86
1742100992.9781332,-89,11,-100
1742100993.013133,46,-4,-90
1742100993.049133,32,41,15
1742100993.0841331,-17,17,27
1742100993.1201332,-5,-52,-122
1742100993.155133,18,19,41
1742100993.190133,24,-14,-66
1742100993.226133,67,-12,-2
1742100993.2611332,26,27,-20
1742100993.297133,-35,-30,-100
1742100993.332133,56,15,-22
1742100993.368133,-45,11,-170
1742100993.4031332,28,-24,-92
1742100993.438133,-15,-104,3
1742100993.474133,32,-54,-78
1742100993.509133,-9,23,41
1742100993.545133,-91,0,0
1742100993.5801332,92,21,-130
1742100993.616133,42,85,13
1742100993.651133,6,4,5
1742100993.6861331,40,21,-18
1742100993.7221332,-13,-27,-42
1742100993.757133,-23,46,-46
1742100993.793133,4,-21,-90
1742100993.828133,-29,26,141
1742100993.8641331,50,-15,33
1742100993.899133,40,36,-96
1742100993.934133,-21,65,47
1742100993.970133,-11,32,105
1742100994.0051332,12,-2,53
1742100994.0411332,52,23,16
1742100994.076133,44,-38,66
1742100994.112133,-23,-36,-81
1742100994.148133,-23,-4,-46
1742100994.184133,-9,19,-216
1742100994.220133,-15,-58,-204
1742100994.2551332,-75,47,-32
1742100994.290133,-13,9,-70
1742100994.326133,-11,9,-156
1742100994.362133,-109,-12,-250
1742100994.397133,40,23,-24
1742100994.434133,-19,19,-60
1742100994.4691331,-41,65,-64
1742100994.5051332,4,-60,29
1742100994.540133,-49,35,11
1742100994.575133,-61,-10,31
1742100994.6101332,46,39,99
1742100994.6461332,-5,-16,-124
1742100994.6821332,6,-2,-56
1742100994.717133,-11,13,-46
1742100994.753133,-61,-40,5
1742100994.7881331,-7,-14,-49
1742100994.823133,-67,-108,-51
1742100994.858133,38,-34,-59
1742100994.894133,-59,9,8
1742100994.930133,-27,-2,-117
1742100994.9651332,-1,31,-83
1742100995.001133,-67,1,-49
1742100995.036133,-41,23,-83
1742100995.0711331,74,35,-73
1742100995.106133,0,-12,46
1742100995.142133,48,-8,-125
1742100995.178133,58,-10,-103
1742100995.213133,20,-6,-27
1742100995.249133,-33,-106,24
1742100995.2841332,-55,-30,-57
1742100995.319133,-61,-42,14
1742100995.3541331,42,24,-47
1742100995.3901331,-5,38,-5
1742100995.4261332,66,70,-25
1742100995.461133,46,38,-131
1742100995.497133,43,76,62
1742100995.532133,65,38,-99
1742100995.5671332,-1,24,-59
1742100995.602133,-8,-39,-31
1742100995.638133,37,50,-39
1742100995.674133,77,10,-143
1742100995.7091331,-74,6,-19
1742100995.7451332,15,40,-109
1742100995.780133,-6,-1,104
1742100995.815133,5,60,-121
1742100995.8501332,45,16,-253
1742100995.8861332,45,90,-63
1742100995.922133,0,-37,-39
1742100995.957133,-41,-69,72
1742100995.993133,-55,32,-1
1742100996.0281332,-17,-71,94
1742100996.063133,0,20,-23
1742100996.098133,-90,-15,46
1742100996.134133,23,42,14
1742100996.170133,-12,27,12
1742100996.2051332,-40,23,-69
1742100996.241133,-86,15,-25
1742100996.276133,-48,-26,26
1742100996.3111331,77,63,4
1742100996.346133,23,3,38
1742100996.382133,41,57,-53
1742100996.418133,-6,35,92
1742100996.453133,43,9,46
1742100996.4891331,83,57,-79
1742100996.524133,67,42,-145
1742100996.559133,-80,-27,178
1742100996.5941331,-60,4,-65
1742100996.6301332,-18,-97,-5
1742100996.6661332,93,16,-101
1742100996.701133,-62,26,-135
1742100996.737133,-22,54,-11
1742100996.772133,49,-23,-75
1742100996.8071332,-4,-35,-87
1742100996.842133,-30,2,-25
1742100996.878133,143,-5,50
1742100996.914133,-58,50,-69
1742100996.9491332,31,58,-71
1742100996.9851332,-62,25,16
1742100997.020133,85,53,-17
1742100997.055133,-56,55,-35
1742100997.0901332,-40,-72,14
1742100997.126133,37,65,-103
1742100997.162133,23,-20,-123
1742100997.197133,89,103,-43
1742100997.233133,-54,85,-47
1742100997.2681332,39,39,-35
1742100997.303133,-38,47,26
1742100997.338133,-58,59,78
1742100997.374133,15,3,-83
1742100997.4101331,-18,41,-37
1742100997.445133,-5,61,-71
1742100997.481133,-53,-44,6
1742100997.516133,20,-54,-63
1742100997.5511332,-7,-58,-75
1742100997.586133,-27,-30,4
1742100997.622133,4,-42,-119
1742100997.658133,-40,53,-79
1742100997.693133,-36,9,-155
1742100997.7291331,-38,-8,74
1742100997.764133,79,15,-7
1742100997.799133,-16,-38,6
1742100997.8341331,15,61,-41
1742100997.8701332,-30,3,-19
1742100997.9061332,8,23,-45
1742100997.941133,-11,-10,-99
1742100997.977133,-29,-40,-75
1742100998.0121331,10,-26,-153
1742100998.047133,-23,27,42
1742100998.082133,34,65,52
1742100998.118133,-23,-6,10
1742100998.154133,28,27,-107
1742100998.1891332,-31,25,-15
1742100998.2251332,36,-56,-31
1742100998.260133,44,-24,-69
1742100998.295133,-48,-36,29
1742100998.3301332,0,-64,-42
1742100998.366133,-30,9,-9
1742100998.402133,-32,-20,-2
1742100998.437133,99,1,-78
1742100998.473133,19,63,-108
1742100998.5081332,89,-2,-72
1742100998.543133,101,37,-132
1742100998.579133,-72,11,-2
1742100998.6141331,-4,-12,9
1742100998.6501331,-16,-68,-96
1742100998.685133,0,115,17
1742100998.721133,7,0,-106
1742100998.756133,-2,61,35
1742100998.7911332,-76,45,-126
1742100998.8271332,-4,91,23
1742100998.862133,-62,-52,-20
1742100998.898133,7,63,-150
1742100998.9331331,-52,-26,23
1742100998.9691331,-18,-18,-148
1742100999.004133,-14,-24,37
1742100999.039133,127,31,-74
1742100999.075133,6,-58,-174
1742100999.1101332,18,17,67
1742100999.1461332,-41,-44,-212
1742100999.181133,32,13,-11
1742100999.223133,40,15,-29
1742100999.259133,-69,65,-75
1742100999.295133,10,39,-69
1742100999.3311331,-43,-26,-94
1742100999.366133,-1,34,19
1742100999.402133,74,-17,-52
1742100999.437133,0,26,-116
1742100999.473133,-65,57,21
1742100999.5081332,26,-29,-80
1742100999.543133,-107,2,63
1742100999.579133,-37,0,39
1742100999.6141331,-81,10,-44
1742100999.6501331,30,-27,-66
1742100999.685133,-9,82,-72
1742100999.721133,-5,10,-156
1742100999.756133,22,8,-36
1742100999.7911332,10,-31,-110
1742100999.8271332,-11,-42,-50
1742100999.862133,-5,-45,43
1742100999.898133,-9,-13,39
1742100999.9331331,10,-97,-170
1742100999.9691331,-15,-59,-66
1742101000.004133,16,-35,-146
1742101000.039133,-45,0,31
1742101000.075133,20,114,17
1742101000.1101332,26,48,-22
1742101000.1461332,62,10,-82
1742101000.181133,-33,-3,-60
1742101000.217133,-11,-31,40
1742101000.2521331,2,-7,-63
1742101000.287133,54,-11,0
1742101000.323133,-29,-9,-19
1742101000.358133,-37,12,-87
1742101000.394133,-3,-1,-11
1742101000.4291332,-1,-33,-43
1742101000.4651332,52,-9,-47
1742101000.500133,2,36,-57
1742101000.5351331,-25,-35,-117
1742101000.5711331,40,58,-29
1742101000.606133,52,-85,17
1742101000.642133,-7,-33,-112
1742101000.677133,-97,-75,-63
1742101000.713133,24,-7,-61
1742101000.749133,-55,-39,-179
1742101000.7841332,56,-17,-83
1742101000.819133,-85,44,12
1742101000.855133,-27,-51,-19
1742101000.891133,8,16,56
1742101000.9261332,-45,-27,-97
1742101000.9621332,-47,14,-71
1742101000.997133,32,-35,-31
1742101001.032133,10,26,-67
1742101001.0671332,-3,44,42
1742101001.1031332,-91,92,-51
1742101001.139133,64,-7,-19
1742101001.174133,-41,16,-75
1742101001.210133,-63,-47,-39
1742101001.2451332,38,56,-45
1742101001.280133,80,-17,-19
1742101001.315133,42,12,-15
1742101001.351133,-63,12,-91
1742101001.3871331,114,-47,-23
1742101001.422133,58,-41,-47
1742101001.458133,70,24,-51
1742101001.493133,30,58,146
1742101001.5281332,-35,34,-17
1742101001.563133,6,-15,-67
1742101001.599133,-13,-5,56
1742101001.635133,30,23,54
1742101001.670133,16,37,58
1742101001.7061331,-3,-74,38
1742101001.741133,-3,-42,-3
1742101001.776133,22,9,-133
1742101001.8111331,38,37,20
1742101001.8471332,-19,-74,-9
1742101001.8831332,-35,-10,-21
1742101001.918133,20,17,-37
1742101001.954133,20,-36,-63
1742101001.9891331,-23,49,72
1742101002.024133,42,16,-1
1742101002.059133,-9,0,28
1742101002.095133,-73,-3,-97
1742101002.131133,-13,-87,30
1742101002.1661332,-15,-43,-15
1742101002.2021332,82,8,8
1742101002.237133,28,52,82
1742101002.272133,-47,30,38
1742101002.3071332,4,78,58
1742101002.343133,28,-5,-161
1742101002.379133,34,-31,-91
1742101002.414133,-41,34,6
1742101002.450133,10,60,-71
1742101002.4851332,50,44,36
1742101002.520133,-5,-13,26
1742101002.555133,-8,0,-73
1742101002.591133,8,31,-167
1742101002.6271331,-6,0,-27
1742101002.662133,64,-52,24
1742101002.698133,26,12,34
1742101002.733133,-12,-40,-29
1742101002.7681332,70,30,-81
1742101002.803133,42,38,-125
1742101002.839133,-14,-42,-3
1742101002.875133,40,-86,-41
1742101002.9101331,-4,16,-97
1742101002.9461331,44,-48,-113
1742101002.981133,76,-76,24
1742101003.016133,-52,24,-83
1742101003.0511332,90,-42,-61
1742101003.0871332,50,-96,-101
1742101003.1231332,8,-62,-77
1742101003.158133,10,-58,-171
1742101003.194133,-3,-20,-33
1742101003.2291331,-27,21,-75
1742101003.264133,-79,-96,-65
1742101003.299133,76,-68,-77
1742101003.335133,16,-12,-49
1742101003.371133,38,-47,-79
1742101003.4061332,72,29,58
1742101003.4421332,-55,38,-169
1742101003.477133,66,-9,-17
1742101003.5121331,144,24,-147
1742101003.547133,-33,80,-15
1742101003.583133,-47,-17,88
1742101003.619133,34,-14,-113
1742101003.654133,58,26,-153
1742101003.690133,-41,63,-67
1742101003.7251332,-3,0,-165
1742101003.760133,-47,-65,-61
1742101003.795133,-35,57,2
1742101003.8311331,28,45,12
1742101003.8671331,-15,-32,-139
1742101003.902133,80,-11,-71
1742101003.938133,-65,12,-51
1742101003.973133,50,-77,46
1742101004.0081332,-51,-13,60
1742101004.043133,-45,30,-105
1742101004.079133,10,84,-85
1742101004.115133,102,2,-121
1742101004.1501331,-23,42,-63
1742101004.1861331,-27,46,-119
1742101004.221133,-3,24,-117
1742101004.256133,50,82,-117
1742101004.2911332,30,8,-161
1742101004.3271332,52,-25,2
1742101004.3631332,30,0,-135
1742101004.398133,46,6,30
1742101004.434133,-1,-41,4
1742101004.4691331,48,-22,-31
1742101004.504133,-97,-83,-103
1742101004.539133,-17,-1,-163
1742101004.575133,-21,14,-67
1742101004.611133,6,-5,-89
1742101004.6461332,-63,-17,-171
1742101004.6821332,10,76,-31
1742101004.717133,30,6,-25
1742101004.7521331,4,-107,-13
1742101004.7881331,36,-9,-109
1742101004.823133,16,-43,10
1742101004.859133,90,-57,-121
1742101004.894133,44,34,-73
1742101004.930133,42,-57,-55
1742101004.9651332,12,-85,50
1742101005.000133,14,-29,-19
1742101005.036133,34,-31,2
1742101005.0711331,100,78,-111
1742101005.1071332,-21,20,-83
1742101005.142133,-73,-87,-57
1742101005.178133,-5,74,-129
1742101005.213133,-10,0,-31
1742101005.2481332,-61,6,30
1742101005.2841332,-49,50,-111
1742101005.319133,-29,40,-25
1742101005.355133,44,-27,-86
1742101005.3901331,-21,-73,63
1742101005.4261332,40,0,-36
1742101005.461133,-29,32,-62
1742101005.496133,38,16,-48
1742101005.532133,20,0,-62
1742101005.5671332,-35,-35,27
1742101005.6031332,-77,32,3
1742101005.638133,-79,40,-24
1742101005.674133,24,36,-12
1742101005.7091331,-7,-107,83
1742101005.744133,2,-11,-70
1742101005.780133,-21,-25,-44
1742101005.815133,-9,-1,-28
1742101005.851133,64,46,31
1742101005.8861332,-85,-39,3
1742101005.922133,72,-27,5
1742101005.957133,54,-3,-66
1742101005.9921331,24,-7,11
1742101006.0281332,-45,4,-12
1742101006.063133,38,-73,-64
1742101006.099133,-41,-49,-50
1742101006.134133,-17,-29,11
1742101006.170133,36,26,-106
1742101006.2051332,82,-49,-20
1742101006.240133,120,-13,33
1742101006.276133,10,-32,11
1742101006.3111331,14,3,39
1742101006.3471332,-41,-54,-64
1742101006.382133,-25,7,-104
1742101006.418133,12,22,75
1742101006.453133,-25,27,-28
1742101006.4881332,60,-26,-58
1742101006.524133,0,0,-20
1742101006.559133,-25,6,-52
1742101006.595133,40,-44,-14
1742101006.6301332,70,66,-54
1742101006.6661332,90,-9,7
1742101006.701133,-19,-28,-16
1742101006.736133,-87,-48,-150
1742101006.772133,12,57,27
1742101006.8071332,-33,-48,-74
1742101006.843133,-27,-24,-12
1742101006.878133,-1,-22,-64
1742101006.914133,-5,-14,-52
1742101006.9491332,48,61,-140
1742101006.984133,96,23,-110
1742101007.020133,16,7,-130
1742101007.055133,-17,-17,-46
1742101007.091133,-21,22,-40
1742101007.126133,0,98,-20
1742101007.162133,40,0,-92
1742101007.198133,16,-77,-20
1742101007.233133,-29,56,1
1742101007.2681332,2,58,-54
1742101007.3041332,-41,-1,-122
1742101007.3401332,36,20,25
1742101007.375133,34,54,-40
1742101007.411133,-49,-19,7
1742101007.4461331,-7,-25,-24
1742101007.481133,22,14,39
1742101007.516133,32,-53,121
1742101007.552133,48,-57,-10
1742101007.588133,24,-7,9
1742101007.6231332,-9,64,-36
1742101007.6591332,-11,48,-106
1742101007.694133,50,32,-22
1742101007.7291331,-11,6,-50
1742101007.764133,32,0,-32
1742101007.800133,44,-41,31
1742101007.836133,16,-29,-38
1742101007.871133,-33,-9,-64
1742101007.907133,10,40,-70
1742101007.9421332,9,30,-46
1742101007.977133,-31,2,-56
1742101008.0121331,74,0,-38
1742101008.0481331,-11,8,-12
1742101008.0841331,-135,22,-190
1742101008.119133,70,-17,-42
1742101008.155133,-3,-11,-66
1742101008.190133,-13,-23,-4
1742101008.2251332,30,12,-42
1742101008.260133,14,114,-108
1742101008.296133,-15,-31,-92
1742101008.332133,-7,-28,-72
1742101008.3671331,10,4,-130
1742101008.4031332,-69,-12,-34
1742101008.438133,-17,45,-64
1742101008.473133,2,-62,-36
1742101008.5081332,50,20,-146
1742101008.5441332,-1,-15,-182
1742101008.5801332,-71,1,29
1742101008.615133,72,-41,-104
1742101008.651133,12,-33,-74
1742101008.6861331,36,-85,-72
1742101008.721133,18,-23,49
1742101008.756133,-33,-49,-61
1742101008.792133,-45,26,44
1742101008.828133,-9,30,16
1742101008.8631332,132,-9,-76
1742101008.899133,-7,-41,-42
1742101008.934133,12,-31,-136
1742101008.9691331,10,-25,-8
1742101009.004133,76,-9,-74
1742101009.040133,-11,50,-62
1742101009.076133,40,14,-92
1742101009.111133,-1,34,-32
1742101009.147133,-17,-137,-96
1742101009.1821332,-55,12,-48
1742101009.224133,-7,-33,-8
1742101009.260133,78,52,-58
1742101009.296133,-27,42,-148
1742101009.332133,8,3,-84
1742101009.3671331,-31,-30,27
1742101009.4031332,-81,-14,63
1742101009.438133,4,8,-36
1742101009.473133,-65,18,-92
1742101009.5081332,16,-39,-102
1742101009.5441332,20,-5,-28
1742101009.5801332,50,0,-16
1742101009.615133,32,46,-14
1742101009.651133,-13,-109,-24
1742101009.6861331,-67,-15,-152
1742101009.721133,20,-45,-38
1742101009.756133,-63,-61,77
1742101009.792133,-39,32,21
1742101009.828133,-33,-63,-32
1742101009.8631332,-41,-31,63
1742101009.899133,20,19,-69
1742101009.934133,0,-16,64
1742101009.9691331,84,-26,-97
1742101010.004133,-15,-2,14
1742101010.040133,8,-106,-105
1742101010.076133,-73,-30,-75
1742101010.111133,0,-60,-45
1742101010.147133,-15,-74,-129
1742101010.1821332,-15,20,-111
1742101010.217133,12,58,-25
1742101010.2521331,26,-53,-9
1742101010.2881331,-1,30,-73
1742101010.3241332,-1,28,-49
1742101010.359133,-9,-81,-117
1742101010.395133,-3,42,-127
1742101010.430133,-67,-15,-79
1742101010.4651332,46,56,-81
1742101010.500133,-21,-59,-89
1742101010.536133,-65,0,-29
1742101010.572133,-55,14,-17
1742101010.6071332,18,76,116
1742101010.6431332,5,30,-85
1742101010.678133,13,2,0
1742101010.713133,43,-7,-59
1742101010.7481332,-24,-19,-49
1742101010.7841332,-5,2,-73
1742101010.820133,62,-4,-3
1742101010.855133,-110,-14,-69
1742101010.891133,17,-51,-17
1742101010.9261332,61,0,6
1742101010.961133,19,-42,-61
1742101010.996133,-40,7,-41
1742101011.032133,29,-12,-57
1742101011.068133,-10,-16,-55
1742101011.1031332,22,3,-203
1742101011.139133,50,45,32
1742101011.174133,-25,-40,-33
1742101011.2091331,-21,-68,-123
1742101011.2451332,-73,21,-91
1742101011.280133,8,29,20
1742101011.316133,10,5,56
1742101011.351133,-75,21,-1
1742101011.3871331,-7,-2,14
1742101011.422133,42,-18,-149
1742101011.457133,-18,5,-145
1742101011.493133,-25,79,-17
1742101011.5281332,-17,61,31
1742101011.5641332,-107,-12,-1
1742101011.599133,-2,-62,-115
1742101011.635133,-19,21,-99
1742101011.670133,-73,-6,-87
1742101011.7051332,82,-24,13
1742101011.741133,-53,-44,-98
1742101011.776133,38,-44,9
1742101011.812133,72,47,-26
1742101011.8471332,-9,73,-44
1742101011.8831332,-9,31,-34
1742101011.918133,4,49,-40
1742101011.953133,-19,0,-16
1742101011.9891331,84,31,-92
1742101012.024133,79,-18,5
1742101012.060133,37,27,67
1742101012.095133,51,-28,97
1742101012.131133,39,-70,7
1742101012.1661332,-30,19,71
1742101012.201133,0,31,35
1742101012.237133,60,3,-74
1742101012.272133,59,51,-68
1742101012.3081331,-84,93,-48
1742101012.343133,-4,-12,-34
1742101012.379133,73,-102,55
1742101012.414133,-50,-48,-184
1742101012.4491332,-56,30,-66
1742101012.4851332,-12,-43,-42
1742101012.520133,3,-13,-128
1742101012.556133,74,-23,79
1742101012.591133,110,-37,15
1742101012.6271331,-13,12,-40
1742101012.662133,-73,-28,-30
1742101012.697133,74,-43,-10
1742101012.733133,-23,-24,-130
1742101012.7681332,98,39,-86
1742101012.8041332,28,-2,-106
1742101012.839133,16,57,3
1742101012.875133,-23,8,-38
1742101012.9101331,-47,-17,-84
1742101012.945133,2,22,-134
1742101012.981133,-8,42,13
1742101013.016133,-32,-63,-92
1742101013.052133,70,38,-192
1742101013.0871332,29,-91,-120
1742101013.1231332,-67,0,-122
1742101013.158133,22,-4,-48
1742101013.193133,-47,-12,-24
1742101013.2291331,-11,-7,-82
1742101013.264133,-35,42,77
1742101013.300133,60,-48,-88
1742101013.335133,34,-16,13
1742101013.371133,96,17,25
1742101013.4061332,-35,-78,-44
1742101013.441133,-89,-2,-170
1742101013.477133,-65,-18,-32
1742101013.5121331,-23,19,29
1742101013.5481331,-35,-10,-100
1742101013.583133,-5,1,111
1742101013.619133,-29,-30,39
1742101013.655133,50,-32,-92
1742101013.691133,88,21,-134
1742101013.727133,-99,17,-176
1742101013.7621331,2,-38,-42
1742101013.797133,6,31,-82
1742101013.833133,74,97,-92
1742101013.869133,-25,0,85
1742101013.904133,96,4,-26
1742101013.940133,-45,-36,-114
1742101013.9751332,24,-59,-56
1742101014.010133,0,22,-108
1742101014.045133,11,-24,-84
1742101014.0811331,-50,-10,-42
1742101014.1171331,33,-82,-86
1742101014.152133,1,-34,1
1742101014.188133,-76,11,3
1742101014.223133,-19,0,-70
1742101014.2581332,40,27,23
1742101014.293133,46,-83,7
1742101014.329133,0,-53,23
1742101014.365133,-39,-9,23
1742101014.4001331,-27,-9,-48
1742101014.4361331,68,-9,-94
1742101014.471133,-35,0,-164
1742101014.506133,-29,-39,-104
1742101014.5411332,38,102,33
1742101014.5771332,6,-23,27
1742101014.6131332,72,14,-48
1742101014.648133,6,47,-172
1742101014.684133,-45,-3,-148
1742101014.7191331,52,-5,-104
1742101014.754133,-9,26,-57
1742101014.789133,66,-31,2
1742101014.825133,7,60,-81
1742101014.861133,1,-5,-35
1742101014.8961332,33,42,24
1742101014.9321332,-40,-9,-53
1742101014.967133,-8,16,-77
1742101015.0021331,0,-9,-111
1742101015.037133,-40,40,22
1742101015.073133,23,20,10
1742101015.109133,65,-15,-263
1742101015.144133,89,-31,-25
1742101015.180133,23,32,-91
1742101015.2151332,89,-23,-105
1742101015.250133,53,-55,-31
1742101015.2851331,-48,-33,6
1742101015.3211331,21,-1,-61
1742101015.3571332,37,-53,-189
1742101015.392133,47,-95,-71
1742101015.428133,-10,-93,-131
1742101015.463133,-74,-7,-73
1742101015.4981332,-34,-19,38
1742101015.533133,7,-5,-87
1742101015.569133,15,-37,-77
1742101015.605133,11,32,-1
1742101015.6401331,27,34,78
1742101015.6761332,-48,-39,-89
1742101015.711133,-60,-31,-163
1742101015.746133,-2,64,12
1742101015.7811332,-44,0,-99
1742101015.8171332,67,18,-37
1742101015.8531332,-94,46,-75
1742101015.888133,55,-21,-51
1742101015.924133,12,-7,0
1742101015.9591331,64,34,76
1742101015.994133,-69,-13,40
1742101016.029133,22,-54,-87
1742101016.065133,149,39,-151
1742101016.101133,7,-34,-161
1742101016.1361332,0,-28,-61
1742101016.172133,-26,-36,-41
1742101016.207133,-10,17,-15
1742101016.2421331,4,-42,-129
1742101016.277133,-69,17,-109
1742101016.313133,-14,-42,26
1742101016.349133,-4,4,0
1742101016.384133,-31,-43,-102
1742101016.420133,46,60,-82
1742101016.4551332,-39,14,-106
1742101016.490133,78,14,-112
1742101016.5251331,-1,-37,29
1742101016.5611331,46,-42,-88
1742101016.5971332,-53,-32,77
1742101016.632133,-45,9,-210
1742101016.668133,-7,-43,-24
1742101016.703133,-43,71,9
1742101016.7381332,8,-4,-46
1742101016.773133,-15,-64,-94
1742101016.809133,-39,-3,-64
1742101016.845133,-21,6,-52
1742101016.8801332,-25,24,-34
1742101016.9161332,-1,-45,-56
1742101016.951133,26,-66,67
1742101016.986133,-35,53,-8
1742101017.0211332,32,53,-48
1742101017.0571332,34,-4,-156
1742101017.093133,-53,21,-26
1742101017.128133,64,-20,-40
1742101017.164133,0,79,-90
1742101017.1991332,-73,-18,-6
1742101017.234133,-27,1,-6
1742101017.269133,10,33,-122
1742101017.305133,8,-56,-122
1742101017.341133,42,25,73
1742101017.376133,-29,53,-46
1742101017.412133,-61,-20,-14
1742101017.447133,18,29,-12
1742101017.4821332,34,73,-56
1742101017.517133,-7,55,-58
1742101017.553133,-47,-14,-30
1742101017.589133,-33,-56,-106
1742101017.624133,-79,-34,-140
1742101017.6601331,-45,-56,-98
1742101017.695133,40,-18,-86
1742101017.730133,-87,-2,-8
1742101017.7651331,8,57,-30
1742101017.8011332,42,-26,29
1742101017.8371332,-45,47,-2
1742101017.872133,72,-66,-82
1742101017.908133,6,-52,37
1742101017.943133,-21,-22,55
1742101017.9781332,-49,-4,-82
1742101018.014133,-27,-31,33
1742101018.049133,108,47,-94
1742101018.085133,-9,0,-48
1742101018.1201332,76,31,-82
1742101018.1561332,48,79,37
1742101018.191133,-30,-24,-14
1742101018.226133,-20,-50,-46
1742101018.2621331,-6,-41,-74
1742101018.297133,-100,-15,-44
1742101018.333133,109,-33,103
1742101018.368133,36,74,-70
1742101018.404133,79,68,-68
1742101018.4391332,-49,-25,-28
1742101018.474133,62,-36,-125
1742101018.510133,-15,-36,-175
1742101018.545133,0,11,-15
1742101018.5811331,-65,-28,-111
1742101018.616133,-5,-72,-93
1742101018.652133,14,49,-47
1742101018.687133,-17,-22,-35
1742101018.7221332,-3,-60,-131
1742101018.7581332,-3,27,16
1742101018.793133,60,11,-229
1742101018.829133,-5,52,46
1742101018.8641331,14,62,-27
1742101018.9001331,8,-39,-53
1742101018.935133,56,57,60
1742101018.970133,44,-4,12
1742101019.006133,16,3,-67
1742101019.0411332,-31,71,-97
1742101019.0771332,-51,-34,46
1742101019.112133,-45,-4,14
1742101019.148133,6,1,-33
1742101019.1831331,74,23,-59
1742101019.2251332,-25,61,-85
1742101019.2621331,38,25,-139
1742101019.297133,-87,-4,-25
1742101019.333133,22,-30,-11
1742101019.368133,-23,-11,-47
1742101019.404133,30,42,-45
1742101019.4391332,20,-10,2
1742101019.474133,-19,-84,40
1742101019.510133,18,25,26
1742101019.545133,-41,55,36
1742101019.5811331,4,-4,-133
1742101019.616133,-9,41,-69
1742101019.652133,-69,37,-71
1742101019.687133,-15,-28,46
1742101019.7221332,84,29,14
1742101019.7581332,-33,1,-143
1742101019.793133,-49,27,-143
1742101019.829133,-15,-36,-29
1742101019.8641331,-39,-122,-23
1742101019.9001331,8,17,-57
1742101019.935133,34,-14,-49
1742101019.970133,18,1,-15
1742101020.006133,-11,9,-21
1742101020.0411332,-25,7,-95
1742101020.0771332,-17,45,-91
1742101020.112133,6,13,-125
1742101020.148133,-35,1,-73
1742101020.184133,-59,-10,-99
1742101020.2191331,46,-6,-73
1742101020.254133,38,51,10
1742101020.290133,0,-134,34
1742101020.326133,4,13,-49
1742101020.361133,18,-102,-79
1742101020.397133,8,3,12
1742101020.4321332,54,59,-205
1742101020.467133,-37,0,-51
1742101020.5021331,-47,-46,-41
1742101020.5381331,32,5,32
1742101020.5741332,-51,69,-45
1742101020.609133,-25,-86,-99
1742101020.645133,110,-34,-19
1742101020.680133,-19,-12,-75
1742101020.7151332,-63,15,-49
1742101020.750133,-25,-38,-81
1742101020.786133,-27,-22,-39
1742101020.822133,-5,23,-53
1742101020.8571332,-5,5,-125
1742101020.8931332,-21,0,-89
1742101020.928133,-15,29,-71
1742101020.963133,8,15,-23
1742101020.9981332,-31,25,-25
1742101021.0341332,-57,-24,-165
1742101021.070133,40,-34,8
1742101021.105133,-9,33,62
1742101021.141133,2,-66,-135
1742101021.1761332,110,-16,-193
1742101021.211133,-57,3,28
1742101021.246133,-5,37,58
1742101021.282133,-53,33,78
1742101021.318133,-11,-32,-1
1742101021.3531332,-7,55,78
1742101021.389133,120,-8,128
1742101021.424133,-61,-20,-27
1742101021.4591331,18,55,-64
1742101021.494133,-25,95,19
1742101021.530133,-51,57,-114
1742101021.566133,-7,-20,-59
1742101021.601133,6,3,37
1742101021.6371331,-25,7,-8
1742101021.672133,30,5,-16
1742101021.707133,-53,10,-56
1742101021.7421331,-21,65,13
1742101021.7781332,-1,19,87
1742101021.8141332,-29,-40,-188
1742101021.849133,-67,39,13
1742101021.885133,92,4,-30
1742101021.920133,-93,30,-32
1742101021.9551332,-15,36,-86
1742101021.990133,0,-56,-18
1742101022.026133,-23,-66,-90
1742101022.062133,32,97,-48
1742101022.0971332,12,-34,-102
1742101022.1331332,18,-2,-84
1742101022.168133,-3,-46,-74
1742101022.203133,10,35,-62
1742101022.2381332,58,-70,-106
1742101022.274133,40,7,-100
1742101022.310133,-87,55,-46
1742101022.345133,-63,-92,-80
1742101022.381133,-21,47,-130
1742101022.4161332,42,-6,-196
1742101022.451133,-45,29,-130
1742101022.486133,0,5,-154
1742101022.522133,-59,47,-12
1742101022.5581331,66,17,79
1742101022.593133,36,47,7
1742101022.629133,42,-82,-56
1742101022.664133,-53,-12,-164
1742101022.6991332,54,-78,-194
1742101022.734133,26,-18,-158
1742101022.770133,-31,35,35
1742101022.806133,-67,-52,-14
1742101022.841133,-5,3,-100
1742101022.8771331,8,47,-52
1742101022.912133,-43,-88,-96
1742101022.947133,-43,27,-6
1742101022.9821332,-11,-28,-94
1742101023.0181332,-37,53,51
1742101023.0541332,36,-26,-26
1742101023.089133,-69,-12,-40
1742101023.125133,-53,-94,41
1742101023.1601331,-71,7,-56
1742101023.195133,-55,35,1
1742101023.230133,82,-48,231
1742101023.266133,-19,-38,-110
1742101023.302133,12,55,-90
1742101023.3371332,48,-6,7
1742101023.3731332,-79,-14,-68
1742101023.408133,-3,-4,81
1742101023.443133,-3,61,-116
1742101023.4781332,-15,3,-113
1742101023.514133,28,9,-131
1742101023.550133,-61,3,-27
1742101023.585133,-49,27,-79
1742101023.621133,-29,22,-209
1742101023.6561332,2,40,-51
1742101023.691133,-53,-19,-161
1742101023.726133,18,40,62
1742101023.7621331,22,8,-111
1742101023.7981331,-47,58,-7
1742101023.833133,-7,76,-49
1742101023.869133,34,-19,-137
1742101023.904133,40,12,-47
1742101023.9391332,4,28,-125
1742101023.974133,-29,-25,-77
1742101024.010133,-19,-5,-105
1742101024.046133,74,6,30
1742101024.0811331,-45,48,8
1742101024.1171331,-81,-38,-59
1742101024.152133,14,0,-61
1742101024.187133,-35,1,-47
1742101024.2221332,10,-48,2
1742101024.2581332,-35,63,-23
1742101024.2941332,-24,-8,-33
1742101024.329133,15,-22,-67
1742101024.365133,79,57,-63
1742101024.4001331,54,-16,-31
1742101024.435133,90,7,62
1742101024.471133,-145,53,-107
1742101024.506133,56,9,-35
1742101024.542133,-25,-104,-73
1742101024.5771332,-7,51,-87
1742101024.6131332,-109,-2,2
1742101024.648133,-19,19,18
1742101024.6831331,-69,19,-151
1742101024.7191331,48,-34,-43
1742101024.754133,64,-52,-23
1742101024.790133,-93,19,-13
1742101024.825133,-27,9,-29
1742101024.861133,82,-72,-57
1742101024.8961332,-37,11,-9
1742101024.931133,-75,-7,-97
1742101024.967133,-53,-43,-47
1742101025.0021331,36,0,-11
1742101025.0381331,-67,3,-80
1742101025.073133,-7,18,-75
1742101025.109133,-9,-50,7
1742101025.144133,-37,60,-44
1742101025.1791332,52,23,-68
1742101025.2151332,-47,33,-108
1742101025.250133,-15,69,3
1742101025.286133,-37,-85,-38
1742101025.3211331,40,-23,-77
1742101025.3571332,-33,10,-155
1742101025.392133,-15,-36,-55
1742101025.427133,30,-8,-85
1742101025.463133,-45,-27,-29
1742101025.4981332,44,55,-71
1742101025.5341332,-39,-5,-95
1742101025.569133,28,8,-153
1742101025.605133,-15,2,-129
1742101025.6401331,16,38,-81
1742101025.675133,14,26,-19
1742101025.711133,0,16,-83
1742101025.746133,-53,-19,26
1742101025.782133,48,-61,-4
1742101025.8171332,-39,-42,47
1742101025.8531332,60,-23,-84
1742101025.888133,50,67,13
1742101025.9231331,-15,33,-196
1742101025.9591331,-23,8,-104
1742101025.994133,-41,-23,-40
1742101026.030133,-2,-8,-50
1742101026.065133,-32,-17,-64
1742101026.101133,-48,-65,65
1742101026.1361332,23,-47,-54
1742101026.171133,-6,-27,-44
1742101026.207133,56,24,-54
1742101026.2421331,-58,87,-6
1742101026.2781332,56,-47,-50
1742101026.313133,62,10,-48
1742101026.349133,-75,-1,-138
1742101026.384133,6,-37,-60
1742101026.4191332,28,-68,19
1742101026.4551332,10,33,-176
1742101026.490133,38,15,141
1742101026.526133,70,9,-46
1742101026.5611331,-9,59,-86
1742101026.5971332,58,27,-72
1742101026.632133,-13,19,-46
1742101026.667133,-65,-80,-130
1742101026.703133,-15,21,-130
1742101026.7381332,-9,155,-60
1742101026.774133,-5,-44,29
1742101026.809133,-19,-2,-80
1742101026.8441331,-47,-66,-62
1742101026.879133,-9,23,-92
1742101026.915133,-7,-16,-40
1742101026.951133,94,13,-94
1742101026.986133,110,-52,11
1742101027.022133,46,27,-72
1742101027.0571332,22,61,-64
1742101027.092133,-13,21,-86
1742101027.1271331,70,-50,-58
1742101027.1631331,24,63,-136
1742101027.1991332,32,-26,-24
1742101027.234133,-45,-2,-146
1742101027.270133,-5,11,-64
1742101027.305133,0,9,-54
1742101027.3401332,-9,-30,-136
1742101027.375133,22,1,5
1742101027.411133,16,-52,13
1742101027.447133,-19,-46,-54
1742101027.4821332,61,63,-76
1742101027.5181332,-36,-18,-96
1742101027.553133,0,63,-74
1742101027.588133,-38,-18,53
1742101027.6231332,15,-34,39
1742101027.6591332,14,0,-54
1742101027.695133,30,1,-60
1742101027.730133,-13,71,-140
1742101027.766133,26,-3,-80
1742101027.8011332,60,2,-58
1742101027.836133,43,30,97
1742101027.871133,-102,0,-36
1742101027.907133,-60,78,43
1742101027.943133,61,-29,-102
1742101027.9781332,3,-7,-4
1742101028.014133,43,90,-78
1742101028.049133,-30,20,-186
1742101028.0841331,-54,38,9
1742101028.119133,25,3,-126
1742101028.155133,-60,47,-4
1742101028.191133,-6,23,-60
1742101028.226133,27,15,-76
1742101028.2621331,89,-49,-14
1742101028.297133,-15,27,13
1742101028.332133,-42,85,25
1742101028.3671331,5,-42,-78
1742101028.4031332,9,-32,-42
1742101028.4391332,7,9,-70
1742101028.474133,-37,23,-30
1742101028.510133,-51,-72,-14
1742101028.545133,-7,1,-124
1742101028.5801332,-67,-64,-164
1742101028.615133,-33,-18,-52
1742101028.651133,16,51,21
1742101028.687133,-37,80,-76
1742101028.7221332,64,18,-22
1742101028.7581332,30,14,-158
1742101028.793133,12,89,-104
1742101028.828133,-67,-94,-50
1742101028.8631332,-59,42,51
1742101028.899133,32,-88,-40
1742101028.935133,4,-24,43
1742101028.970133,36,39,-94
1742101029.006133,-39,-40,-70
1742101029.0411332,-77,41,71
1742101029.076133,48,5,23
1742101029.111133,-29,-2,-50
1742101029.148133,46,-6,-54
1742101029.1831331,24,7,1
1742101029.2191331,34,-44,83
1742101029.2621331,-1,3,-42
1742101029.2981331,-9,9,-122
1742101029.3341331,52,42,-78
1742101029.369133,-39,-1,21
1742101029.404133,-47,-59,-162
1742101029.4391332,42,14,133
1742101029.4751332,-3,4,-78
1742101029.5111332,-1,60,-128
1742101029.546133,138,50,-8
1742101029.582133,14,6,-10
1742101029.6171331,72,-15,-50
1742101029.652133,26,22,31
1742101029.687133,-49,64,-20
1742101029.723133,32,2,-62
1742101029.759133,90,-41,-150
1742101029.7941332,-37,56,-48
1742101029.8301332,76,-5,-74
1742101029.865133,-23,86,-4
1742101029.9001331,86,4,-218
1742101029.935133,34,24,-42
1742101029.971133,48,0,35
1742101030.007133,30,20,-18
1742101030.042133,-47,-65,21
1742101030.078133,44,16,-94
1742101030.1131332,-21,-39,-53
1742101030.148133,-15,18,-61
1742101030.1831331,0,-71,-123
1742101030.2191331,6,-17,-65
1742101030.2551332,-75,22,5
1742101030.290133,4,2,-136
1742101030.326133,-81,-55,69
1742101030.361133,-63,33,-40
1742101030.3961332,54,-10,-80
1742101030.431133,28,-31,-140
1742101030.467133,70,-29,57
1742101030.503133,-3,-15,-162
1742101030.5381331,60,-15,-20
1742101030.5741332,-71,52,-76
1742101030.609133,12,-39,-96
1742101030.644133,-3,10,-30
1742101030.6791332,18,32,-46
1742101030.7151332,66,-3,-84
1742101030.751133,0,-13,-56
1742101030.786133,-19,24,-2
1742101030.822133,-15,-1,79
1742101030.8571332,62,-21,5
1742101030.892133,14,-41,-20
1742101030.928133,-31,-25,-12
1742101030.963133,26,62,0
1742101030.999133,82,32,-6
1742101031.0341332,20,86,-70
1742101031.070133,-27,-65,-12
1742101031.105133,48,6,55
1742101031.1401331,26,82,-88
1742101031.1761332,4,46,-140
1742101031.211133,-20,20,73
1742101031.247133,-4,38,-95
1742101031.282133,17,-29,-117
1742101031.318133,13,4,16
1742101031.3531332,45,-83,14
1742101031.388133,31,-33,-131
1742101031.424133,-64,-83,-1
1742101031.4591331,9,26,84
1742101031.4951332,38,14,-31
1742101031.530133,-7,-37,-99
1742101031.566133,-41,0,0
1742101031.601133,80,28,76
1742101031.6361332,66,-31,2
1742101031.672133,-43,-3,-15
1742101031.707133,50,34,-11
1742101031.743133,-7,44,-187
1742101031.7781332,88,-42,-9
1742101031.8141332,28,19,-3
1742101031.849133,-9,11,-51
1742101031.884133,-7,27,-5
1742101031.920133,-15,89,0
1742101031.9551332,-19,-2,-91
1742101031.991133,-55,-60,8
1742101032.026133,26,23,-23
1742101032.062133,48,24,-101
1742101032.0971332,30,38,-69
1742101032.132133,-9,-8,-107
1742101032.168133,124,-24,-5
1742101032.203133,40,49,68
1742101032.2391331,-39,-69,-137
1742101032.274133,8,2,-107
1742101032.310133,24,66,-95
1742101032.345133,12,46,66
1742101032.3801332,-61,68,-143
1742101032.4161332,28,18,-51
1742101032.451133,34,38,-157
1742101032.487133,61,-25,46
1742101032.522133,-72,-31,-3
1742101032.5581331,122,-7,-93
1742101032.593133,58,14,-9
1742101032.628133,-11,62,-21
1742101032.664133,10,-1,-63
1742101032.6991332,-34,10,4
1742101032.7351332,43,-21,-81
1742101032.770133,39,4,-53
1742101032.806133,53,86,-137
1742101032.841133,-32,4,36
1742101032.876133,-26,4,-109
1742101032.912133,-2,-26,-133
1742101032.947133,-54,18,18
1742101032.983133,19,14,-101
1742101033.0181332,-66,-37,-17
1742101033.0541332,-24,-11,-29
1742101033.0901332,55,-43,22
1742101033.126133,117,-85,-97
1742101033.162133,31,-41,-181
1742101033.198133,-18,-47,-3
1742101033.234133,-50,10,-63
1742101033.269133,29,-71,-57
1742101033.3041332,-4,2,-163
1742101033.3401332,63,2,-103
1742101033.376133,-16,-92,-113
1742101033.411133,-44,-7,-79
1742101033.447133,-43,-85,-19
1742101033.4821332,3,32,-89
1742101033.517133,5,-75,-5
1742101033.552133,65,-29,-115
1742101033.588133,-3,-3,-25
1742101033.624133,18,32,-101
1742101033.6591332,62,-95,-103
1742101033.695133,90,-33,-159
1742101033.730133,-45,4,-11
1742101033.7651331,54,-99,0
1742101033.800133,-13,80,98
1742101033.836133,-9,28,62
1742101033.872133,22,-51,-111
1742101033.907133,-11,-3,-21
1742101033.943133,34,-19,-17
1742101033.9781332,56,36,-57
1742101034.013133,-37,-5,-161
1742101034.0481331,-29,80,-15
1742101034.0841331,-85,-11,-119
1742101034.1201332,-61,0,-143
1742101034.155133,-23,8,-139
1742101034.191133,102,-19,-79
1742101034.226133,38,8,-81
1742101034.2611332,-37,26,60
1742101034.296133,8,10,-63
1742101034.332133,2,-25,-115
1742101034.368133,20,-47,-9
1742101034.4031332,-25,-37,-35
1742101034.4391332,56,-1,16
1742101034.474133,-33,4,-7
1742101034.509133,30,6,70
1742101034.5441332,58,12,54
1742101034.5801332,-25,-58,-71
1742101034.616133,62,36,0
1742101034.651133,50,13,48
1742101034.687133,-21,-24,-41
1742101034.7221332,18,55,-119
1742101034.757133,38,50,-101
1742101034.792133,40,-13,-85
1742101034.828133,10,10,44
1742101034.8641331,14,-12,-105
1742101034.899133,36,105,0
1742101034.935133,-107,32,6
1742101034.970133,-7,82,0
1742101035.0051332,-91,13,-59
1742101035.040133,50,-3,34
1742101035.076133,-9,1,-93
1742101035.112133,-105,-75,-129
1742101035.147133,6,-12,18
1742101035.1831331,8,22,-89
1742101035.218133,-15,85,-131
1742101035.253133,-11,23,-69
1742101035.2881331,62,87,-133
1742101035.3241332,74,-38,-31
1742101035.3601332,34,5,-72
1742101035.395133,79,-24,-60
1742101035.431133,-72,-15,65
1742101035.466133,-6,20,25
1742101035.501133,4,-54,-40
1742101035.536133,16,-6,-86
1742101035.572133,-31,-6,97
1742101035.608133,10,17,-2
1742101035.6431332,50,-60,33
1742101035.6791332,-15,111,5
1742101035.714133,-27,-38,-26
1742101035.749133,-89,51,-194
1742101035.7841332,88,-36,-116
1742101035.820133,25,-60,-30
1742101035.856133,59,33,-32
1742101035.891133,15,-48,-20
1742101035.927133,78,11,-106
1742101035.9621332,11,-16,19
1742101035.997133,113,-64,-116
1742101036.032133,27,-82,-44
1742101036.068133,19,-16,-84
1742101036.1041331,27,-18,-60
1742101036.139133,33,67,-72
1742101036.175133,22,-48,-14
1742101036.210133,39,-12,-28
1742101036.2451332,1,5,-78
1742101036.280133,-66,0,-144
1742101036.316133,43,19,29
1742101036.352133,63,55,-52
1742101036.3871331,39,-14,91
1742101036.4231331,-82,21,-70
1742101036.458133,-46,-40,-78
1742101036.493133,37,-52,-42
1742101036.5281332,41,7,-8
1742101036.5641332,-54,3,-174
1742101036.6001332,-28,15,-66
1742101036.635133,52,31,-30
1742101036.671133,19,-42,5
1742101036.7061331,-42,11,-30
1742101036.741133,-12,91,-94
1742101036.776133,15,-30,-84
1742101036.812133,-24,-6,49
1742101036.848133,15,-36,-84
1742101036.8831332,-40,-4,0
1742101036.9191332,3,37,-4
1742101036.954133,1,7,-64
1742101036.9891331,-28,21,51
1742101037.024133,-10,-4,-74
1742101037.060133,-76,109,-16
1742101037.096133,-30,-70,-46
1742101037.131133,0,-6,1
1742101037.167133,-20,-76,-44
1742101037.2021332,67,-40,23
1742101037.237133,-22,23,-96
1742101037.272133,-63,61,149
1742101037.3081331,40,-70,-26
1742101037.3441331,-31,31,-10
1742101037.379133,38,9,99
1742101037.415133,-5,-28,-84
1742101037.450133,11,34,-76
1742101037.4851332,-47,-60,-48
1742101037.5211332,-23,0,-11
1742101037.556133,-5,26,-93
1742101037.592133,-39,-31,-69
1742101037.6271331,20,3,-57
1742101037.6631331,38,39,-97
1742101037.698133,-63,-6,-45
1742101037.733133,31,-1,-47
1742101037.769133,34,89,-111
1742101037.8041332,-49,-10,-35
1742101037.8401332,-83,17,54
1742101037.875133,-17,-106,-79
1742101037.911133,36,31,-141
1742101037.9461331,68,1,-73
1742101037.981133,18,-24,-101
1742101038.017133,-23,15,48
1742101038.052133,-40,57,-87
1742101038.088133,-43,-6,-17
1742101038.1231332,-49,27,-237
1742101038.1591332,-17,21,2
1742101038.194133,18,-52,28
1742101038.2291331,-5,65,-65
1742101038.2651331,8,-70,-15
1742101038.300133,-67,-18,110
1742101038.336133,2,-20,46
1742101038.371133,-33,15,-23
1742101038.407133,4,-46,-77
1742101038.4421332,74,-14,-239
1742101038.477133,34,-30,-21
1742101038.513133,12,-2,46
1742101038.5481331,70,9,52
1742101038.5841331,44,21,70
1742101038.619133,54,9,-39
1742101038.655133,-39,5,-125
1742101038.690133,-7,-46,-37
1742101038.7251332,36,-34,48
1742101038.7611332,-9,17,-23
1742101038.796133,46,-34,-119
1742101038.832133,-13,69,88
1742101038.8671331,10,-28,-29
1742101038.9031332,18,8,-5
1742101038.938133,56,19,-61
1742101038.973133,-67,51,36
1742101039.009133,-61,-74,-31
1742101039.0441332,2,-40,-69
1742101039.0801332,-1,47,60
1742101039.115133,10,-54,-29
1742101039.151133,14,-24,-3
1742101039.1861331,-21,-64,-87
1742101039.221133,46,7,-19
1742101039.264133,12,0,-41
1742101039.300133,10,21,10
1742101039.336133,28,15,-89
1742101039.371133,0,-40,-23
1742101039.407133,54,-46,-29
1742101039.4421332,52,-38,-37
1742101039.477133,-23,15,-45
1742101039.513133,16,117,-164
1742101039.5481331,-15,23,-24
1742101039.5841331,-93,9,-24
1742101039.619133,104,33,5
1742101039.655133,-11,-62,-174
1742101039.691133,20,-6,-18
1742101039.727133,-55,-14,9
1742101039.763133,-41,-6,-66
1742101039.7981331,-54,17,77
1742101039.833133,-75,-6,-58
1742101039.869133,89,23,-6
1742101039.905133,-23,19,-26
1742101039.940133,34,61,25
1742101039.976133,-55,3,81
1742101040.0111332,-1,69,15
1742101040.046133,-65,-24,-26
1742101040.0811331,-37,-10,-18
1742101040.1171331,-33,-58,-46
1742101040.1531332,0,3,-96
1742101040.188133,-65,-10,-92
1742101040.224133,-25,53,33
1742101040.259133,-57,81,-76
1742101040.2941332,-47,-46,-78
1742101040.329133,-45,-62,-82
1742101040.365133,-77,-40,-124
1742101040.401133,46,-60,-4
1742101040.4361331,32,-10,-100
1742101040.4721332,-21,-16,-2
1742101040.507133,48,61,1
1742101040.542133,-29,-41,-9
1742101040.5771332,20,78,-93
1742101040.6131332,14,-1,-73
1742101040.649133,-59,-11,-25
1742101040.684133,-43,-55,-73
1742101040.720133,-43,-27,-69
1742101040.7551332,-11,-45,-93
1742101040.790133,22,-37,-79
1742101040.825133,-39,55,-201
1742101040.861133,-33,-40,-141
1742101040.897133,-97,1,-41
1742101040.9321332,42,-24,-121
1742101040.968133,24,45,-47
1742101041.003133,-43,-26,-61
1742101041.0381331,-59,35,-53
1742101041.073133,-39,109,-117
1742101041.109133,-41,-56,-111
1742101041.145133,-43,3,-65
1742101041.180133,-25,9,-41
1742101041.216133,-25,-28,-159
1742101041.251133,42,-16,-79
1742101041.286133,20,-16,-9
1742101041.3211331,-111,-20,-105
1742101041.3571332,-29,-2,30
1742101041.3931332,14,9,-105
1742101041.428133,-29,31,-71
1742101041.464133,44,15,-105
1742101041.499133,0,-8,-69
1742101041.5341332,-91,7,-36
1742101041.569133,0,-6,-28
1742101041.605133,-45,51,-62
1742101041.641133,-3,-12,-6
1742101041.6761332,4,-14,-64
1742101041.7121332,14,47,4
1742101041.747133,56,-12,-157
1742101041.782133,8,1,-23
1742101041.8171332,-29,-66,-81
1742101041.8531332,74,9,82
1742101041.889133,-97,21,28
1742101041.924133,108,25,-55
1742101041.960133,4,5,22
1742101041.9951332,6,7,4
1742101042.030133,16,-12,-23
1742101042.065133,-31,-18,-43
1742101042.101133,50,87,-33
1742101042.1371331,18,7,-63
1742101042.172133,-83,35,-35
1742101042.208133,-50,-58,80
1742101042.243133,-17,-94,-69
1742101042.2781332,-122,25,14
1742101042.313133,-72,-28,-49
1742101042.349133,-14,45,54
1742101042.385133,-34,49,42
1742101042.420133,-68,1,-33
1742101042.4561331,-18,-16,6
1742101042.491133,37,9,-45
1742101042.526133,37,45,10
1742101042.5611331,-60,-55,-75
1742101042.5971332,25,4,-129
1742101042.6331332,-120,-35,-97
1742101042.668133,21,54,0
1742101042.704133,-20,72,-43
1742101042.7391331,5,-3,-7
1742101042.774133,60,64,-49
1742101042.809133,-55,-11,30
1742101042.845133,-36,-85,-141
1742101042.881133,-16,-19,40
1742101042.9161332,-38,50,14
1742101042.9521332,-42,70,-91
1742101042.987133,15,-39,-57
1742101043.022133,41,-15,-49
1742101043.0571332,-42,-45,-77
1742101043.093133,-30,-31,-111
1742101043.129133,1,50,-63
1742101043.164133,-2,42,-141
1742101043.200133,35,24,-17
1742101043.2351332,15,-33,-97
1742101043.270133,-48,-7,-163
1742101043.305133,-26,-11,-119
1742101043.341133,9,-53,-65
1742101043.3771331,-56,24,-57
1742101043.412133,-28,8,-53
1742101043.448133,-72,-7,-3
1742101043.483133,-32,-29,-153
1742101043.5181332,-48,-15,-25
1742101043.553133,35,-53,76
1742101043.589133,-24,32,-135
1742101043.625133,11,-43,-101
1742101043.6601331,25,6,-19
1742101043.6961331,5,10,-29
1742101043.731133,1,60,-45
1742101043.766133,23,-69,-31
1742101043.802133,41,0,18
1742101043.8371332,-71,10,54
1742101043.8731332,6,-43,-65
1742101043.908133,68,-19,66
1742101043.944133,-33,-13,-193
1742101043.9791331,-7,-41,86
1742101044.014133,29,-6,-109
1742101044.050133,-68,-72,-67
1742101044.085133,107,-45,-35
1742101044.121133,123,-37,24
1742101044.1561332,-8,-29,82
1742101044.1921332,5,-25,-51
1742101044.227133,25,-21,-83
1742101044.2621331,21,-21,-123
1742101044.2981331,-28,28,66
1742101044.333133,-76,-21,74
1742101044.369133,21,44,-23
1742101044.404133,-10,78,20
1742101044.440133,-8,4,-95
1742101044.4751332,-22,18,-49
1742101044.510133,-42,18,62
1742101044.546133,-34,-8,-75
1742101044.5811331,38,-90,-35
1742101044.6171331,13,-54,-37
1742101044.652133,-77,45,-69
1742101044.688133,37,23,-145
1742101044.723133,-40,3,-27
1742101044.7581332,8,4,-39
1742101044.7941332,15,7,-93
1742101044.829133,59,-49,14
1742101044.865133,51,-10,-33
1742101044.9001331,3,-32,-179
1742101044.9361331,5,41,-51
1742101044.971133,31,43,-51
1742101045.006133,-16,3,-101
1742101045.042133,65,-3,134
1742101045.0771332,75,-63,-247
1742101045.1131332,-32,37,42
1742101045.148133,55,-34,88
1742101045.184133,59,59,68
1742101045.2191331,-7,0,38
1742101045.254133,42,101,-63
1742101045.290133,4,-2,36
1742101045.325133,62,35,-41
1742101045.361133,13,29,-3
1742101045.3961332,49,-26,-29
1742101045.4321332,79,-8,48
1742101045.467133,3,-29,-109
1742101045.5021331,-18,98,-141
1742101045.5381331,-66,-11,26
1742101045.573133,-21,34,-181
1742101045.609133,-17,9,-1
1742101045.644133,56,22,20
1742101045.680133,-15,-7,-6
1742101045.7151332,-1,42,3
1742101045.750133,86,-29,63
1742101045.786133,38,-25,57
1742101045.8211331,-55,-5,-55
1742101045.8571332,-63,-3,-20
1742101045.892133,70,40,-26
1742101045.928133,-3,23,-56
1742101045.963133,78,-46,-136
1742101045.9981332,10,0,-62
1742101046.0341332,112,9,-48
1742101046.069133,18,37,1
1742101046.105133,-91,-10,-42
1742101046.1401331,-9,-20,37
1742101046.175133,-17,23,-86
1742101046.210133,22,-42,-110
1742101046.246133,-29,-40,41
1742101046.282133,94,-4,-106
1742101046.3171332,88,36,-22
1742101046.3531332,14,-66,-68
1742101046.388133,88,-18,-56
1742101046.4231331,16,-46,-50
1742101046.458133,20,4,-86
1742101046.494133,6,-6,-84
1742101046.530133,-43,-10,-76
1742101046.565133,32,1,-66
1742101046.601133,-60,29,-34
1742101046.6361332,-52,2,-60
1742101046.671133,-22,4,-58
1742101046.7061331,47,-31,-88
1742101046.7421331,-12,-66,-104
1742101046.7781332,-40,-70,-86
1742101046.813133,-39,-6,33
1742101046.849133,-6,-10,11
1742101046.884133,89,-38,-60
1742101046.9191332,-23,-50,-8
1742101046.954133,50,25,2
1742101046.990133,-39,-24,-161
1742101047.026133,37,15,-95
1742101047.0611331,-22,-16,-74
1742101047.0971332,75,3,-32
1742101047.132133,16,37,46
1742101047.167133,88,37,-157
1742101047.2021332,-69,9,-115
1742101047.2381332,30,-4,18
1742101047.274133,-33,-2,-74
1742101047.309133,-85,-40,-4
1742101047.345133,-39,-24,-36
1742101047.3801332,-29,9,-26
1742101047.415133,-97,-48,-56
1742101047.450133,-9,101,23
1742101047.486133,-15,-2,-119
1742101047.522133,-99,27,11
1742101047.5571332,-11,37,-102
1742101047.593133,-49,-8,39
1742101047.628133,8,7,-112
1742101047.6631331,-41,23,67
1742101047.698133,26,17,3
1742101047.734133,-35,27,25
1742101047.770133,-7,-20,-62
1742101047.805133,90,-52,65
1742101047.841133,-32,14,-96
1742101047.876133,23,0,-32
1742101047.911133,67,16,25
1742101047.9461331,13,-1,-152
1742101047.9821332,21,-27,-102
1742101048.0181332,11,0,-32
1742101048.053133,49,-15,-198
1742101048.089133,31,-27,-16
1742101048.124133,-38,-78,-138
1742101048.1591332,0,-38,-34
1742101048.194133,-32,-6,-96
1742101048.230133,15,-2,-80
1742101048.266133,-50,13,33
1742101048.3011332,75,11,-62
1742101048.3371332,13,-40,-67
1742101048.372133,-38,-36,-26
1742101048.407133,-40,-104,-18
1742101048.4421332,0,-60,-6
1742101048.4781332,13,3,-106
1742101048.514133,-92,33,-24
1742101048.549133,-69,-74,-12
1742101048.585133,-17,-24,-128
1742101048.6201332,22,-56,-124
1742101048.655133,44,-60,-44
1742101048.690133,28,-18,-64
1742101048.726133,-5,7,-70
1742101048.7621331,-25,-74,-132
1742101048.797133,72,43,-40
1742101048.833133,-39,-2,30
1742101048.868133,10,-14,-135
1742101048.9031332,-21,-14,60
1742101048.938133,-17,-54,40
1742101048.974133,-61,-56,-51
1742101049.010133,-3,-50,-181
1742101049.045133,20,27,-19
1742101049.0811331,10,-40,-87
1742101049.116133,-35,-74,-11
1742101049.151133,30,107,-77
1742101049.1861331,28,-32,-139
1742101049.2221332,54,-18,-71
1742101049.2651331,58,-20,-45
1742101049.3011332,-17,-20,-79
1742101049.3371332,-41,-22,-89
1742101049.372133,-57,15,-11
1742101049.407133,-51,-12,120
1742101049.4421332,-59,-8,-143
1742101049.4781332,28,-8,-157
1742101049.514133,-83,-58,-115
1742101049.549133,64,-30,-109
1742101049.585133,60,-2,12
1742101049.6201332,16,19,-5
1742101049.655133,26,-16,18
1742101049.690133,-25,-14,-17
1742101049.726133,12,7,-53
1742101049.7621331,-13,31,-11
1742101049.797133,-37,63,-165
1742101049.833133,30,45,-61
1742101049.868133,26,29,-51
1742101049.9031332,-75,-6,-85
1742101049.938133,-61,51,-103
1742101049.974133,-67,-62,-75
1742101050.010133,-35,-8,-111
1742101050.045133,10,47,-31
1742101050.0811331,6,-2,-93
1742101050.116133,-25,-60,6
1742101050.151133,-25,19,-31
1742101050.187133,-47,-72,-55
1742101050.2221332,-29,3,-159
1742101050.2581332,-49,-14,-15
1742101050.293133,-87,33,-77
1742101050.329133,40,37,-29
1742101050.3641331,-54,9,-45
1742101050.399133,-94,-66,-15
1742101050.435133,19,-36,-155
1742101050.470133,-11,-40,-69
1742101050.506133,5,21,-123
1742101050.5411332,-60,-46,-189
1742101050.5771332,-4,47,18
1742101050.612133,79,-32,-31
1742101050.647133,0,-42,-187
1742101050.6831331,49,-101,0
1742101050.718133,33,27,-89
1742101050.754133,51,-32,-103
1742101050.789133,76,-54,-113
1742101050.825133,28,27,4
1742101050.8601332,-7,3,-49
1742101050.895133,-65,29,-65
1742101050.931133,-55,-56,-43
1742101050.966133,-5,-44,-43
1742101051.0021331,-15,-32,-141
1742101051.037133,64,59,-111
1742101051.073133,12,-26,4
1742101051.108133,-19,0,-53
1742101051.1431332,-5,17,-69
1742101051.1791332,-9,77,-33
1742101051.214133,-23,69,12
1742101051.250133,-7,-66,-21
1742101051.2851331,18,-76,48
1742101051.3211331,46,33,-61
1742101051.356133,76,19,-31
1742101051.391133,8,41,-61
1742101051.427133,18,45,-73
1742101051.4621332,48,13,60
1742101051.4981332,46,-48,-99
1742101051.533133,-11,-40,-79
1742101051.569133,-27,13,-93
1742101051.6041331,18,11,-91
1742101051.639133,-13,7,-17
1742101051.675133,-11,35,-61
1742101051.710133,10,33,-23
1742101051.746133,16,-6,-89
1742101051.7811332,-35,-10,-7
1742101051.8171332,-9,67,-27
1742101051.852133,46,69,-9
1742101051.8871331,-93,-36,-49
1742101051.9231331,-53,-6,-25
1742101051.958133,-77,47,-17
1742101051.994133,30,43,-21
1742101052.029133,26,22,-31
1742101052.065133,28,10,-87
1742101052.1001332,-75,7,-89
1742101052.135133,-51,-48,-175
1742101052.171133,-45,18,0
1742101052.2061331,-7,25,36
1742101052.2421331,4,-64,-129
1742101052.277133,-3,49,4
1742101052.313133,2,-31,-51
1742101052.348133,-53,-42,-13
1742101052.3831332,-39,-46,-27
1742101052.4191332,-71,8,-67
1742101052.454133,12,-7,32
1742101052.490133,-9,24,-47
1742101052.5251331,-27,18,-125
1742101052.5611331,47,78,-83
1742101052.596133,24,48,-31
1742101052.631133,-16,16,-11
1742101052.667133,-10,-25,2
1742101052.7021332,20,20,-21
1742101052.7381332,-81,-69,-107
1742101052.773133,-59,-73,4
1742101052.8081331,88,52,44
1742101052.843133,40,-25,-97
1742101052.879133,-7,-31,-11
1742101052.915133,84,44,-63
1742101052.950133,-59,28,-110
1742101052.986133,-81,-49,2
1742101053.0211332,-23,-25,-122
1742101053.056133,-47,-54,-12
1742101053.091133,-41,95,-41
1742101053.1271331,16,27,-83
1742101053.1631331,-37,-6,-80
1742101053.198133,-29,11,103
1742101053.234133,32,47,23
1742101053.269133,2,45,11
1742101053.3041332,-53,7,-88
1742101053.339133,-59,-36,-42
1742101053.375133,-90,3,49
1742101053.411133,11,-32,7
1742101053.4461331,27,-18,-94
1742101053.4821332,13,19,-82
1742101053.517133,42,-14,-78
1742101053.552133,62,9,-66
1742101053.5871332,-3,3,61
1742101053.6231332,42,27,37
1742101053.6591332,-7,27,5
1742101053.694133,-21,23,-106
1742101053.730133,-24,11,-128
1742101053.7651331,37,27,9
1742101053.800133,-39,-2,-38
1742101053.835133,-19,6,-130
1742101053.871133,6,21,-84
1742101053.907133,-21,-62,-104
1742101053.9421332,96,-35,-32
1742101053.9781332,-25,23,-126
1742101054.013133,92,51,61
1742101054.0481331,-7,19,-6
1742101054.083133,14,37,19
1742101054.119133,-43,75,13
1742101054.155133,22,61,-144
1742101054.190133,-81,81,-6
1742101054.226133,-47,29,-140
1742101054.2611332,-29,-10,-48
1742101054.296133,-13,-32,27
1742101054.3311331,16,-28,-154
1742101054.3671331,26,-66,-20
1742101054.4031332,-7,-2,49
1742101054.438133,-69,15,83
1742101054.474133,86,41,-150
1742101054.509133,2,19,7
1742101054.5441332,28,13,-40
1742101054.579133,18,-16,3
1742101054.615133,-39,0,71
1742101054.651133,-25,19,-114
1742101054.6861331,66,-42,-46
1742101054.7221332,40,-4,-106
1742101054.757133,-43,-64,-11
1742101054.792133,-25,-28,-114
1742101054.8271332,-47,29,-16
1742101054.8631332,-85,-12,-59
1742101054.899133,-5,43,-25
1742101054.934133,32,31,-29
1742101054.970133,-11,25,17
1742101055.0051332,4,-36,-200
1742101055.040133,20,-6,-72
1742101055.075133,-47,55,-76
1742101055.111133,26,11,0
1742101055.147133,8,-50,-84
1742101055.1821332,20,-12,23
1742101055.218133,-79,11,-88
1742101055.253133,22,37,13
1742101055.2881331,-91,-20,-22
1742101055.323133,-3,1,-22
1742101055.359133,-13,27,-82
1742101055.395133,-3,-34,-106
1742101055.430133,24,-24,53
1742101055.466133,-5,59,101
1742101055.501133,-9,-14,-2
1742101055.536133,-23,-74,-14
1742101055.5711331,-21,-72,-96
1742101055.6071332,-13,11,-104
1742101055.6431332,-19,37,13
1742101055.678133,110,0,-154
1742101055.714133,-51,-38,23
1742101055.749133,-67,-32,-206
1742101055.7841332,36,9,-82
1742101055.819133,6,0,-70
1742101055.855133,-9,83,-62
1742101055.891133,-25,29,-27
1742101055.9261332,42,-20,-31
1742101055.9621332,56,93,-55
1742101055.997133,82,-64,-145
1742101056.032133,64,-24,-101
1742101056.0671332,-25,-52,4
1742101056.1031332,-9,65,-65
1742101056.139133,49,50,-71
1742101056.174133,-49,-104,-119
1742101056.210133,-51,-116,-19
1742101056.2451332,14,47,44
1742101056.280133,-20,51,-41
1742101056.315133,-24,3,-53
1742101056.351133,-44,-14,-79
1742101056.3871331,-26,-66,-57
1742101056.422133,-6,-20,-29
1742101056.458133,-32,7,-45
1742101056.493133,-4,-38,-37
1742101056.5281332,9,-28,28
1742101056.563133,1,-30,-37
1742101056.599133,-98,9,-77
1742101056.635133,1,65,16
1742101056.670133,-8,-62,-89
1742101056.7061331,-54,-25,86
1742101056.741133,103,-45,-39
1742101056.776133,1,-11,-133
1742101056.812133,3,-33,-73
1742101056.8471332,-10,-49,-43
1742101056.8831332,41,6,-25
1742101056.918133,-34,-43,-165
1742101056.954133,43,30,-43
1742101056.9891331,31,-41,-59
1742101057.024133,-82,-11,-91
1742101057.060133,-6,42,-65
1742101057.095133,25,76,-77
1742101057.131133,-4,-39,4
1742101057.1661332,-28,10,-27
1742101057.2021332,65,-49,-83
1742101057.237133,9,18,-137
1742101057.272133,-66,60,-35
1742101057.3081331,25,90,86
1742101057.343133,85,100,-161
1742101057.379133,-24,88,-41
1742101057.414133,-80,54,-59
1742101057.450133,37,-7,-71
1742101057.4851332,-28,44,56
1742101057.520133,-27,36,70
1742101057.556133,6,-10,-96
1742101057.591133,24,-75,-26
1742101057.6271331,-29,-11,-82
1742101057.662133,-57,32,-134
1742101057.698133,-53,-69,-72
1742101057.733133,-11,-41,21
1742101057.7681332,58,58,-10
1742101057.8041332,9,-73,-13
1742101057.839133,46,30,23
1742101057.875133,-89,-63,-25
1742101057.9101331,10,34,-101
1742101057.9461331,34,88,-55
1742101057.981133,-29,-59,-51
1742101058.016133,31,8,-24
1742101058.052133,19,-81,-186
1742101058.0871332,-32,26,-50
1742101058.1231332,109,-9,-66
1742101058.158133,75,14,31
1742101058.194133,12,-5,-148
1742101058.2291331,44,-57,-150
1742101058.264133,-3,-5,-144
1742101058.300133,0,-43,-138
1742101058.335133,10,-59,-122
1742101058.371133,28,-9,-12
1742101058.4061332,-5,20,-100
1742101058.4421332,66,12,-66
1742101058.477133,-7,80,-24
1742101058.5121331,14,4,-172
1742101058.5481331,-39,-67,-8
1742101058.583133,12,-1,-82
1742101058.619133,12,23,-88
1742101058.654133,-31,-17,-78
1742101058.690133,-17,-27,-46
1742101058.7251332,-1,-20,-14
1742101058.760133,-55,-86,-250
1742101058.796133,100,31,-68
1742101058.8311331,24,31,-100
1742101058.8671331,-25,0,49
1742101058.902133,28,-14,-104
1742101058.938133,-47,-58,55
1742101058.973133,-17,15,-12
1742101059.0081332,56,-32,-106
1742101059.0441332,-15,-28,-10
1742101059.079133,-39,-54,-124
1742101059.115133,-11,-20,-40
1742101059.1501331,-75,58,-81
1742101059.1861331,4,-25,-21
1742101059.2221332,46,-51,-183
1742101059.2581332,30,52,46
1742101059.300133,22,8,-39
1742101059.336133,38,-11,-75
1742101059.372133,-11,2,-83
1742101059.407133,64,-35,-67
1742101059.443133,14,26,20
1742101059.4781332,40,-19,-15
1742101059.513133,-51,38,-23
1742101059.5481331,46,-35,-97
1742101059.5841331,16,16,-65
1742101059.6201332,-29,18,0
1742101059.655133,50,52,-163
1742101059.691133,32,24,-87
1742101059.726133,-5,-3,-109
1742101059.7611332,-11,-83,-105
1742101059.796133,22,-11,-165
1742101059.832133,36,-3,-85
1742101059.868133,-59,16,54
1742101059.9031332,42,-27,2
1742101059.9391332,62,38,-15
1742101059.974133,44,40,-49
1742101060.009133,-61,20,-23
1742101060.0441332,38,-41,-107
1742101060.0801332,-4,-35,34
1742101060.116133,-90,16,-129
1742101060.151133,45,-54,-87
1742101060.187133,-26,36,-161
1742101060.2221332,33,20,-107
1742101060.257133,0,-11,-143
1742101060.292133,53,24,-61
1742101060.328133,2,-11,-37
1742101060.3641331,30,12,-29
1742101060.399133,44,-21,-21
1742101060.435133,15,-29,-157
1742101060.470133,48,50,-91
1742101060.5051332,78,42,-17
1742101060.540133,29,-62,-77
1742101060.576133,-16,-46,-115
1742101060.612133,27,-70,-25
1742101060.647133,9,-22,-163
1742101060.6831331,-66,-12,-115
1742101060.718133,6,-16,18
1742101060.753133,0,3,-19
1742101060.7881331,155,-8,-13
1742101060.8241332,81,-5,-187
1742101060.8601332,-16,-34,12
1742101060.895133,35,48,-117
1742101060.931133,17,63,-49
1742101060.966133,23,-4,-145
1742101061.001133,25,11,24
1742101061.036133,-52,85,68
1742101061.072133,65,75,18
1742101061.108133,45,45,18
1742101061.1431332,93,-80,-19
1742101061.1791332,7,-20,24
1742101061.214133,33,33,-201
1742101061.249133,3,-54,24
1742101061.2841332,-60,33,-67
1742101061.320133,-68,-48,-23
1742101061.356133,25,83,-63
1742101061.391133,-12,15,-153
1742101061.427133,-68,-30,58
1742101061.4621332,-26,-20,-115
1742101061.497133,-56,-10,46
1742101061.532133,39,17,-47
1742101061.568133,7,3,50
1742101061.6041331,-40,-38,-128
1742101061.639133,7,13,-92
1742101061.675133,-72,-32,-118
1742101061.710133,19,7,-72
1742101061.7451332,-58,-34,-24
1742101061.780133,-14,-78,33
1742101061.816133,-22,47,-142
1742101061.852133,-10,-88,-150
1742101061.8871331,-36,-14,63
1742101061.9231331,45,9,-12
1742101061.958133,-6,-18,-8
1742101061.993133,53,3,-106
1742101062.0281332,41,3,-28
1742101062.0641332,-38,41,-40
1742101062.1001332,53,37,-120
1742101062.135133,-66,-78,-26
1742101062.171133,43,17,-36
1742101062.2061331,-30,17,-88
1742101062.241133,32,29,-66
1742101062.276133,10,-70,-16
1742101062.312133,-62,-76,-70
1742101062.348133,-44,16,-28
1742101062.3831332,-27,-27,-62
1742101062.4191332,-75,-16,-182
1742101062.454133,28,-24,-78
1742101062.4891331,48,15,-26
1742101062.524133,4,-10,23
1742101062.560133,-37,-76,-14
1742101062.596133,-37,7,-16
1742101062.631133,-49,-10,-22
1742101062.667133,38,29,-62
1742101062.7021332,-79,-16,-84
1742101062.737133,20,27,-28
1742101062.772133,-57,-60,-66
1742101062.8081331,-35,49,-228
1742101062.8441331,2,-51,-22
1742101062.879133,-27,-29,-24
1742101062.915133,54,6,-96
1742101062.950133,-37,-5,17
1742101062.9851332,-17,-75,-40
1742101063.020133,34,-55,-54
1742101063.056133,8,-66,-74
1742101063.092133,4,13,-70
1742101063.1271331,106,-50,-2
1742101063.1631331,-11,11,5
1742101063.198133,-93,5,-170
1742101063.233133,-19,35,-48
1742101063.2681332,38,-14,-164
1742101063.3041332,56,-74,-96
1742101063.3401332,12,-14,-80
1742101063.375133,74,-40,53
1742101063.411133,-39,37,-48
1742101063.4461331,46,1,-76
1742101063.481133,-45,3,13
1742101063.517133,-43,45,-2
1742101063.552133,-83,9,-26
1742101063.588133,28,-12,1
1742101063.6231332,14,-48,0
1742101063.6591332,4,-34,-8
1742101063.694133,-17,37,-110
1742101063.7291331,16,15,-56
1742101063.7651331,42,-46,13
1742101063.800133,-39,-4,-30
1742101063.836133,2,-54,-54
1742101063.871133,8,0,-34
1742101063.907133,24,47,-22
1742101063.9421332,40,7,-124
1742101063.977133,-25,25,39
1742101064.013133,28,21,71
1742101064.0481331,-17,-7,-78
1742101064.0841331,-5,10,25
1742101064.119133,-5,-13,-32
1742101064.155133,-39,74,-72
1742101064.190133,18,26,-4
1742101064.2251332,-7,-21,-74
1742101064.2611332,-45,4,-140
1742101064.296133,90,2,-158
1742101064.332133,-3,-43,-30
1742101064.3671331,0,-23,27
1742101064.4031332,-19,11,27
1742101064.438133,-5,11,33
1742101064.473133,-61,-65,33
1742101064.509133,-15,35,-65
1742101064.5441332,-3,14,4
1742101064.5801332,-47,-53,-125
1742101064.615133,-67,-28,-127
1742101064.651133,-61,-41,-93
1742101064.6861331,-11,-8,48
1742101064.721133,2,59,-115
1742101064.757133,-15,5,114
1742101064.792133,26,-58,-37
1742101064.828133,-51,-46,-35
1742101064.8631332,-51,-74,-19
1742101064.899133,60,-10,-41
1742101064.934133,10,75,-77
1742101064.9691331,16,-34,-81
1742101065.0051332,6,-14,-27
1742101065.040133,36,41,18
1742101065.076133,8,-42,28
1742101065.111133,-27,63,-39
1742101065.147133,-5,5,-29
1742101065.1821332,14,61,0
1742101065.217133,-9,-66,-51
1742101065.253133,-3,13,62
1742101065.2881331,64,-54,-11
1742101065.3241332,-17,-50,-125
1742101065.359133,-73,17,-73
1742101065.395133,24,-28,-57
1742101065.430133,-13,89,22
1742101065.4651332,102,45,54
1742101065.501133,16,55,-169
1742101065.536133,-41,-34,76
1742101065.572133,32,-27,-7
1742101065.6071332,-31,-24,-17
1742101065.6431332,72,-19,-15
1742101065.6791332,24,-49,-47
1742101065.7151332,-53,32,-45
1742101065.751133,-55,23,-131
1742101065.786133,-71,23,8
1742101065.8211331,-55,-10,-31
1742101065.8571332,58,-28,-143
1742101065.8931332,-11,-10,-47
1742101065.928133,40,-34,24
1742101065.964133,4,31,26
1742101065.999133,-27,-4,6
1742101066.0341332,-83,67,-111
1742101066.069133,40,-16,-33
1742101066.105133,16,25,-3
1742101066.141133,-19,21,-93
1742101066.1761332,26,41,72
1742101066.2121332,-3,-30,32
1742101066.247133,-47,29,-33
1742101066.282133,34,7,-93
1742101066.3171332,48,-42,-63
1742101066.3531332,-37,73,-13
1742101066.389133,-47,61,-65
1742101066.424133,-45,-38,-91
1742101066.460133,-33,-14,66
1742101066.4951332,41,77,-13
1742101066.530133,-41,9,-209
1742101066.565133,-63,-14,-103
1742101066.601133,24,23,-23
1742101066.6371331,-1,51,-43
1742101066.672133,-30,13,-165
1742101066.708133,-84,1,-67
1742101066.743133,25,-8,6
1742101066.7781332,17,43,-35
1742101066.813133,-58,27,-89
1742101066.849133,-12,35,34
1742101066.885133,-44,-62,-145
1742101066.920133,-4,-68,-91
1742101066.9561331,19,19,-9
1742101066.991133,-18,13,-161
1742101067.026133,-58,31,-107
1742101067.0611331,-2,-16,-76
1742101067.0971332,31,-30,-36
1742101067.1331332,-28,3,75
1742101067.168133,-16,43,5
1742101067.204133,-2,23,66
1742101067.2391331,-4,-4,-41
1742101067.274133,17,-22,-139
1742101067.309133,-8,-40,52
1742101067.345133,-40,29,-46
1742101067.381133,-8,-8,-79
1742101067.4161332,43,-44,-40
1742101067.4521332,27,31,2
1742101067.487133,-4,-18,-15
1742101067.522133,-10,-56,-160
1742101067.5571332,-92,-22,-96
1742101067.593133,73,59,58
1742101067.629133,-82,7,-123
1742101067.664133,22,33,-3
1742101067.700133,-16,5,-107
1742101067.7351332,-9,49,-85
1742101067.770133,32,11,64
1742101067.805133,2,-4,-45
1742101067.841133,90,29,18
1742101067.8771331,-53,7,-45
1742101067.912133,14,77,-52
1742101067.948133,-23,-38,39
1742101067.983133,6,31,39
1742101068.0181332,64,17,-100
1742101068.053133,24,-70,-94
1742101068.089133,12,37,25
1742101068.125133,64,25,-80
1742101068.1601331,-25,-12,-34
1742101068.1961331,-13,45,-10
1742101068.231133,-49,27,-98
1742101068.266133,30,55,-164
1742101068.3011332,-17,-28,35
1742101068.3371332,-51,39,-128
1742101068.3731332,-105,21,17
1742101068.408133,-59,21,-16
1742101068.444133,-1,-51,-86
1742101068.4791331,16,77,27
1742101068.514133,60,-6,-38
1742101068.549133,-83,-67,-60
1742101068.585133,-23,-13,-40
1742101068.621133,8,78,-132
1742101068.6561332,6,-35,-14
1742101068.6921332,-25,56,7
1742101068.727133,2,26,17
1742101068.7621331,-49,2,-26
1742101068.797133,-70,-23,-110
1742101068.833133,-16,-11,-84
1742101068.869133,-70,26,-76
1742101068.904133,-22,18,-40
1742101068.940133,-38,2,-106
1742101068.9751332,-11,18,63
1742101069.010133,91,-35,-36
1742101069.045133,49,40,-122
1742101069.0811331,22,20,-134
1742101069.1171331,32,26,-42
1742101069.152133,-39,-25,-48
1742101069.188133,58,20,-82
1742101069.223133,-59,-3,-18
1742101069.2581332,17,-25,117
1742101069.293133,-41,42,-116
1742101069.336133,-89,24,-98
1742101069.3731332,-20,-9,-124
1742101069.408133,11,-17,-78
1742101069.444133,-6,36,-16
1742101069.4791331,75,-23,-72
1742101069.514133,45,-13,-10
1742101069.549133,-10,-53,-52
1742101069.585133,55,46,-80
1742101069.621133,-14,72,-76
1742101069.6561332,-10,-3,-24
1742101069.6921332,-14,32,-28
1742101069.727133,-26,-49,13
1742101069.7621331,-20,47,-26
1742101069.7981331,-6,-10,-26
1742101069.833133,1,0,-42
1742101069.869133,-12,44,-80
1742101069.904133,31,27,-64
1742101069.940133,11,-34,-16
1742101069.9751332,-56,33,-124
1742101070.010133,15,67,-110
1742101070.046133,-58,-16,-34
1742101070.0811331,-28,-76,-44
1742101070.1171331,-72,-52,-162
1742101070.152133,23,43,-172
1742101070.188133,-34,-10,-14
1742101070.223133,-6,33,-50
1742101070.2581332,-58,21,-8
1742101070.2941332,7,-50,-58
1742101070.329133,51,41,-70
1742101070.365133,57,-54,87
1742101070.4001331,11,-16,0
1742101070.4361331,-42,-64,-88
1742101070.471133,-6,-66,-72
1742101070.506133,83,-52,-20
1742101070.542133,-4,11,-172
1742101070.5771332,-2,-28,-42
1742101070.6131332,11,-18,-162
1742101070.648133,-44,-22,-138
1742101070.684133,33,-22,-146
1742101070.7191331,124,-8,65
1742101070.754133,-67,-108,1
1742101070.790133,-63,53,-30
1742101070.825133,-29,29,-34
1742101070.861133,-73,-46,-56
1742101070.8961332,-15,-42,39
1742101070.9321332,20,9,3
1742101070.967133,-15,61,77
1742101071.0021331,74,-18,-122
1742101071.0381331,24,-66,-28
1742101071.073133,52,5,-50
1742101071.109133,16,23,-48
1742101071.144133,-3,-34,-47
1742101071.180133,2,-58,104
1742101071.2151332,-37,-108,-39
1742101071.250133,-25,27,-69
1742101071.286133,68,-52,-3
1742101071.3211331,-41,1,-103
1742101071.3571332,-29,5,-15
1742101071.392133,-29,111,-15
1742101071.428133,20,5,-101
1742101071.463133,30,-60,-15
1742101071.4981332,-25,41,62
1742101071.5341332,48,43,-47
1742101071.569133,-5,-12,-111
1742101071.605133,-29,-52,32
1742101071.6401331,-11,39,-137
1742101071.6761332,-11,-94,-7
1742101071.711133,-47,9,8
1742101071.746133,-65,-56,-193
1742101071.782133,28,31,-91
1742101071.8171332,30,-52,-13
1742101071.8531332,70,-16,-147
1742101071.888133,56,-66,-67
1742101071.924133,-23,17,-51
1742101071.9591331,-15,-72,34
1742101071.994133,24,-52,8
1742101072.030133,32,-6,-63
1742101072.065133,-77,45,-17
1742101072.101133,14,77,-59
1742101072.1361332,58,-56,-7
1742101072.172133,68,-6,-27
1742101072.208133,31,-26,14
1742101072.243133,-116,44,-107
1742101072.2781332,-38,16,-103
1742101072.3141332,1,0,-69
1742101072.3501332,-20,12,-133
1742101072.385133,-15,-30,-161
1742101072.421133,-30,22,18
1742101072.4561331,-5,-62,-87
1742101072.491133,-44,4,-25
1742101072.526133,-18,-37,-105
1742101072.562133,51,-19,-89
1742101072.598133,-6,36,-72
1742101072.6331332,-65,7,35
1742101072.6691332,-106,6,-110
1742101072.704133,-31,3,-74
1742101072.7391331,40,-20,-24
1742101072.774133,62,-42,-60
1742101072.810133,52,-28,-30
1742101072.846133,-37,7,-42
1742101072.881133,-1,-22,-164
1742101072.917133,-39,-52,-200
1742101072.9521332,38,37,11
1742101072.987133,16,-40,17
1742101073.022133,-19,-24,31
1742101073.0581331,50,-34,41
1742101073.0941331,71,-36,-38
1742101073.129133,57,33,7
1742101073.165133,31,-44,-96
1742101073.200133,-44,-8,-70
1742101073.2351332,0,5,-176
1742101073.270133,45,87,-82
1742101073.306133,47,-32,37
1742101073.342133,40,5,-54
1742101073.3771331,-17,-10,-38
1742101073.4131331,-79,-46,-24
1742101073.448133,39,-28,-16
1742101073.483133,-46,1,-14
1742101073.5181332,7,27,63
1742101073.5541332,-38,9,57
1742101073.5901332,21,9,-54
1742101073.625133,-2,-30,-116
1742101073.661133,-58,17,-32
1742101073.6961331,-8,-22,-12
1742101073.731133,-24,23,19
1742101073.766133,-35,-40,-10
1742101073.802133,12,1,27
1742101073.838133,-3,0,-112
1742101073.8731332,0,-30,-50
1742101073.9091332,-31,63,-3
1742101073.944133,38,17,-51
1742101073.9791331,-3,-36,-5
1742101074.014133,22,-28,-11
1742101074.050133,2,-40,-83
1742101074.086133,24,7,-95
1742101074.121133,26,-54,2
1742101074.157133,-19,-6,-80
1742101074.1921332,-3,-2,11
1742101074.227133,24,-38,-104
1742101074.2621331,-67,49,-51
1742101074.2981331,-23,-72,-50
1742101074.3341331,0,69,50
1742101074.369133,-81,-19,-133
1742101074.405133,-99,34,-89
1742101074.440133,4,8,-63
1742101074.4751332,-23,-43,-93
1742101074.510133,16,12,-13
1742101074.546133,16,-7,24
1742101074.582133,-33,12,-3
1742101074.6171331,14,48,-215
1742101074.6531332,34,48,-81
1742101074.688133,2,-33,-161
1742101074.723133,-31,26,-59
1742101074.7581332,-31,50,-27
1742101074.7941332,30,-59,0
1742101074.8301332,-19,-37,-95
1742101074.865133,-21,-41,-95
1742101074.901133,-55,20,-67
1742101074.9361331,-4,46,-55
1742101074.971133,-114,2,6
1742101075.006133,-1,40,30
1742101075.042133,44,-3,-23
1742101075.078133,-13,18,-3
1742101075.1131332,-65,14,62
1742101075.149133,58,38,44
1742101075.184133,38,6,-69
1742101075.2191331,4,-45,-27
1742101075.254133,6,-79,-137
1742101075.290133,-1,-17,-111
1742101075.326133,44,-36,-89
1742101075.361133,-73,43,-53
1742101075.397133,50,37,-17
1742101075.4321332,-27,-16,-15
1742101075.467133,-43,-32,-5
1742101075.5021331,62,-28,-47
1742101075.5381331,16,-81,-91
1742101075.5741332,54,106,14
1742101075.609133,-67,48,-7
1742101075.645133,-21,-23,26
1742101075.680133,20,-45,-77
1742101075.7151332,28,13,-39
1742101075.750133,58,25,4
1742101075.786133,-13,-81,42
1742101075.822133,-55,74,-135
1742101075.8571332,46,-85,-3
1742101075.8931332,-43,-27,-5
1742101075.928133,20,58,-25
1742101075.963133,-89,14,-27
1742101075.9981332,4,-49,-57
1742101076.0341332,-63,84,-31
1742101076.070133,24,4,-5
1742101076.105133,-17,12,-15
1742101076.141133,-25,-71,-69
1742101076.1761332,-15,-81,-1
1742101076.211133,-43,8,-45
1742101076.247133,42,-29,-23
1742101076.282133,28,22,-91
1742101076.318133,-19,6,-113
1742101076.3531332,-15,8,-37
1742101076.389133,0,6,-149
1742101076.424133,-31,-9,48
1742101076.4591331,4,28,6
1742101076.4951332,20,-6,-45
1742101076.530133,10,-32,-3
1742101076.566133,74,-1,-141
1742101076.601133,-59,7,-23
1742101076.6371331,16,-27,-118
1742101076.672133,-39,-76,-80
1742101076.707133,-15,39,-48
1742101076.743133,-15,46,-18
1742101076.7781332,8,2,89
1742101076.8141332,-43,0,-48
1742101076.849133,42,22,-188
1742101076.885133,10,-42,-52
1742101076.920133,-9,-32,33
1742101076.9551332,14,-8,11
1742101076.991133,-47,27,-50
1742101077.026133,-1,23,-6
1742101077.062133,-57,25,9
1742101077.0971332,74,-20,-172
1742101077.1331332,-29,29,-36
1742101077.168133,56,7,13
1742101077.203133,28,-16,-34
1742101077.2391331,82,17,-22
1742101077.274133,12,-6,-144
1742101077.310133,34,53,-30
1742101077.345133,-45,5,-64
1742101077.381133,4,-38,-54
1742101077.4161332,8,-78,-2
1742101077.451133,46,-24,-10
1742101077.487133,40,75,-148
1742101077.522133,-23,-2,-148
1742101077.5581331,18,19,-100
1742101077.593133,-63,-12,31
1742101077.629133,-17,-56,-140
1742101077.664133,28,-88,3
1742101077.6991332,124,33,-144
1742101077.7351332,56,69,-94
1742101077.770133,-1,-52,-4
1742101077.806133,-31,-2,1
1742101077.841133,32,-20,-94
1742101077.8771331,92,68,-98
1742101077.912133,-25,43,-10
1742101077.947133,-57,-76,-132
1742101077.983133,-3,7,-10
1742101078.0181332,-39,-22,-178
1742101078.0541332,6,-22,-64
1742101078.089133,-21,31,-24
1742101078.125133,-75,21,-12
1742101078.1601331,36,6,-38
1742101078.195133,40,-81,35
1742101078.231133,24,82,23
1742101078.266133,8,-47,-24
1742101078.302133,-29,22,-130
1742101078.3371332,24,44,-106
1742101078.3731332,50,34,-30
1742101078.408133,96,-33,-94
1742101078.443133,-19,16,115
1742101078.4791331,4,-13,-80
1742101078.514133,52,-52,41
1742101078.550133,18,-66,-112
1742101078.585133,36,-16,-94
1742101078.621133,-81,86,-56
1742101078.6561332,23,-53,-66
1742101078.691133,13,-1,1
1742101078.727133,29,86,3
1742101078.7621331,-34,46,-58
1742101078.7981331,-32,2,-96
1742101078.833133,3,18,25
1742101078.868133,-38,-91,-64
1742101078.9031332,-60,-63,-84
1742101078.9391332,-18,-41,-46
1742101078.9751332,-50,36,43
1742101079.010133,0,50,-130
1742101079.046133,63,36,-30
1742101079.0811331,-34,58,-45
1742101079.116133,-8,28,-82
1742101079.151133,37,16,0
1742101079.187133,0,-27,-101
1742101079.223133,-16,-65,-21
1742101079.2581332,17,8,-134
1742101079.2941332,-6,-62,29
1742101079.336133,99,34,-69
1742101079.372133,85,38,-147
1742101079.407133,6,-37,-65
1742101079.443133,0,-9,-57
1742101079.4791331,-31,-3,-1
1742101079.514133,-27,-65,76
1742101079.550133,-15,76,-71
1742101079.585133,-11,-7,-101
1742101079.6201332,-3,-33,-91
1742101079.655133,74,-63,160
1742101079.691133,6,-45,-5
1742101079.727133,74,-47,-5
1742101079.7621331,-7,-39,-49
1742101079.7981331,42,46,-37
1742101079.833133,-51,-7,-119
1742101079.868133,74,-37,-33
1742101079.9031332,8,-35,64
1742101079.9391332,100,-29,-57
1742101079.9751332,-41,-41,-57
1742101080.010133,-1,-77,-95
1742101080.046133,-15,4,-95
1742101080.0811331,28,22,-137
1742101080.116133,10,-95,-21
1742101080.151133,-47,57,-11
1742101080.187133,26,-52,-119
1742101080.223133,-3,-42,-99
1742101080.2581332,-9,-42,-25
1742101080.2941332,12,-12,-151
1742101080.329133,-51,63,-11
1742101080.3641331,-97,-12,-63
1742101080.399133,0,15,-161
1742101080.435133,-41,40,-167
1742101080.471133,-63,30,-81
1742101080.506133,8,30,56
1742101080.542133,-59,-29,-49
1742101080.5771332,-45,4,-67
1742101080.612133,-46,46,-19
1742101080.647133,76,18,-55
1742101080.6831331,2,-29,-59
1742101080.7191331,-6,54,-34
1742101080.754133,24,-53,-46
1742101080.790133,-53,21,-56
1742101080.825133,-39,33,-132
1742101080.8601332,24,-76,-36
1742101080.895133,-31,8,-76
1742101080.931133,74,-59,-28
1742101080.967133,-71,9,-48
1742101081.0021331,-47,9,-62
1742101081.0381331,-77,-30,93
1742101081.073133,-25,45,-186
1742101081.108133,-57,55,-68
1742101081.1431332,76,32,-124
1742101081.1791332,14,-17,-54
1742101081.2151332,-35,18,-74
1742101081.250133,-1,16,-154
1742101081.286133,-43,59,43
1742101081.3211331,-43,-73,-76
1742101081.356133,-31,36,81
1742101081.391133,28,-85,-102
1742101081.427133,36,92,-70
1742101081.463133,-37,54,-46
1742101081.4981332,-35,38,-142
1742101081.5341332,-51,-3,-56
1742101081.569133,-19,18,-46
1742101081.6041331,-27,-15,-46
1742101081.639133,-7,-45,-120
1742101081.675133,-23,0,-14
1742101081.711133,-61,12,-44
1742101081.746133,2,-85,-54
1742101081.782133,16,-51,-32
1742101081.8171332,6,38,-6
1742101081.852133,-49,42,-12
1742101081.8871331,4,-49,-224
1742101081.9231331,-9,-5,57
1742101081.9591331,-111,-91,-48
1742101081.994133,20,52,-90
1742101082.030133,32,10,37
1742101082.065133,-45,14,-20
1742101082.1001332,74,-21,-68
1742101082.135133,26,-59,-46
1742101082.171133,0,-51,-88
1742101082.207133,28,-21,-116
1742101082.2421331,-97,8,-44
1742101082.2781332,-25,20,-32
1742101082.313133,-37,6,-62
1742101082.348133,28,36,-12
1742101082.3831332,-17,-37,15
1742101082.4191332,34,-77,17
1742101082.4551332,8,27,-38
1742101082.490133,32,-22,-16
1742101082.526133,-73,33,-130
1742101082.5611331,54,-22,-80
1742101082.596133,-9,45,-110
1742101082.631133,8,43,-18
1742101082.667133,38,-49,-88
1742101082.703133,-33,14,-188
1742101082.7381332,-19,28,-47
1742101082.774133,0,44,-54
1742101082.809133,-45,-17,-2
1742101082.8441331,8,-35,-54
1742101082.8801332,36,-27,49
1742101082.915133,16,-43,-42
1742101082.951133,2,-21,-20
1742101082.986133,-9,30,-32
1742101083.022133,-19,20,-86
1742101083.0571332,10,-47,-140
1742101083.092133,38,60,-113
1742101083.128133,-59,-17,-84
1742101083.1631331,66,-47,-106
1742101083.1991332,-49,-29,10
1742101083.234133,-33,38,-19
1742101083.270133,32,-35,-91
1742101083.305133,24,-51,-29
1742101083.3401332,-29,0,-163
1742101083.376133,56,-91,-69
1742101083.411133,-23,6,-81
1742101083.447133,-47,-91,-101
1742101083.4821332,-35,-7,-46
1742101083.5181332,-5,-33,-32
1742101083.553133,0,-5,-53
1742101083.588133,30,6,46
1742101083.624133,2,-45,6
1742101083.6591332,-63,65,-93
1742101083.695133,104,-4,-51
1742101083.730133,24,21,-57
1742101083.766133,16,-28,-33
1742101083.8011332,88,-46,-89
1742101083.836133,0,-26,-179
1742101083.872133,26,29,-119
1742101083.907133,2,55,-39
1742101083.943133,-51,-92,-45
1742101083.9781332,52,-16,10
1742101084.014133,-21,-34,62
1742101084.049133,-61,17,18
1742101084.0841331,30,-6,-53
1742101084.1201332,6,-6,30
1742101084.155133,-85,23,-7
1742101084.191133,34,61,6
1742101084.226133,40,15,-167
1742101084.2621331,-55,1,24
1742101084.297133,36,-16,-39
1742101084.332133,56,-2,22
1742101084.368133,-11,-51,-111
1742101084.4031332,12,-32,-85
1742101084.4391332,-27,-84,-31
1742101084.474133,48,16,52
1742101084.510133,36,-52,-19
1742101084.545133,22,35,6
1742101084.5801332,-7,39,26
1742101084.616133,58,123,-185
1742101084.651133,14,-18,-35
1742101084.687133,-19,-42,48
1742101084.7221332,22,-38,74
1742101084.7581332,-39,91,-123
1742101084.793133,32,27,-17
1742101084.828133,34,41,72
1742101084.8641331,-35,-12,-25
1742101084.899133,-61,21,60
1742101084.935133,-57,5,-49
1742101084.970133,23,-40,-135
1742101085.006133,0,-32,-65
1742101085.0411332,7,-8,-143
1742101085.076133,26,27,-73
1742101085.112133,14,51,23
1742101085.147133,50,75,-82
1742101085.1831331,-3,29,-66
1742101085.218133,19,19,63
1742101085.254133,7,-86,-34
1742101085.290133,-74,31,-10
1742101085.325133,33,51,-6
1742101085.3601332,18,-20,29
1742101085.3961332,30,-30,29
1742101085.4321332,-9,-72,-12
1742101085.467133,-71,-4,-96
1742101085.503133,32,-32,69
1742101085.5381331,-77,9,61
1742101085.573133,10,-14,-76
1742101085.608133,44,-8,-102
1742101085.644133,-43,-20,31
1742101085.680133,60,39,-72
1742101085.7151332,-3,-24,-6
1742101085.751133,30,-44,-10
1742101085.786133,-43,33,57
1742101085.8211331,-13,5,-100
1742101085.856133,-15,-4,79
1742101085.892133,28,23,-158
1742101085.928133,-141,-4,-32
1742101085.963133,44,5,-62
1742101085.999133,26,55,-98
1742101086.0341332,-23,-48,25
1742101086.069133,44,-24,-52
1742101086.1041331,-9,39,-34
1742101086.1401331,4,39,-18
1742101086.1761332,-83,25,-90
1742101086.211133,-7,37,-20
1742101086.247133,76,17,9
1742101086.282133,-37,61,97
1742101086.3171332,40,23,-6
1742101086.352133,-13,-50,25
1742101086.388133,82,73,-70
1742101086.424133,0,26,-14
1742101086.4591331,-31,-11,-34
1742101086.4951332,36,30,-46
1742101086.530133,68,30,-32
1742101086.565133,-45,16,-126
1742101086.6001332,46,2,-138
1742101086.6361332,-29,66,-16
1742101086.672133,74,62,31
1742101086.707133,96,-5,-96
1742101086.743133,-61,-45,29
1742101086.7781332,-19,6,-104
1742101086.813133,4,24,-30
1742101086.848133,-13,-59,-46
1742101086.884133,-25,2,-146
1742101086.920133,44,-3,-40
1742101086.9551332,-89,-18,53
1742101086.991133,-15,10,-42
1742101087.026133,26,8,-60
1742101087.0611331,-45,-11,45
1742101087.096133,-13,14,-44
1742101087.132133,41,10,-48
1742101087.168133,7,32,1
1742101087.203133,23,-17,1
1742101087.2391331,23,-39,-8
1742101087.274133,31,-67,-64
1742101087.309133,-100,60,-12
1742101087.3441331,-36,-87,-134
1742101087.3801332,-38,-47,27
1742101087.4161332,-44,-43,19
1742101087.451133,-63,-7,43
1742101087.487133,4,6,-36
1742101087.522133,40,10,17
1742101087.5571332,60,20,87
1742101087.592133,0,18,65
1742101087.628133,-13,-23,-52
1742101087.664133,94,118,-122
1742101087.6991332,40,-53,-16
1742101087.7351332,22,14,19
1742101087.770133,30,40,-132
1742101087.805133,-55,44,0
1742101087.8401332,-19,36,-92
1742101087.876133,36,32,-36
1742101087.912133,32,-33,-6
1742101087.947133,4,-25,23
1742101087.983133,72,-13,-10
1742101088.0181332,-45,6,-106
1742101088.053133,26,-41,-152
1742101088.088133,38,28,-44
1742101088.124133,112,70,-40
1742101088.1601331,24,2,-36
1742101088.195133,30,-65,-96
1742101088.231133,36,-17,-12
1742101088.266133,-28,-49,-72
1742101088.3011332,15,8,-88
1742101088.336133,-48,-27,-88
1742101088.372133,-20,-36,-26
1742101088.408133,-64,44,-136
1742101088.443133,-8,63,-34
1742101088.4791331,12,-19,-26
1742101088.514133,33,-43,-84
1742101088.549133,-82,-15,17
1742101088.5841331,11,74,-113
1742101088.6201332,-54,-23,-47
1742101088.6561332,-2,-35,-259
1742101088.691133,-17,-21,0
1742101088.727133,-90,6,-59
1742101088.7621331,-18,38,-85
1742101088.797133,22,10,-63
1742101088.832133,32,18,-69
1742101088.868133,-50,-11,-141
1742101088.904133,43,46,-33
1742101088.9391332,78,-17,12
1742101088.9751332,-34,20,-85
1742101089.010133,21,-71,-85
1742101089.045133,59,-17,-43
1742101089.0801332,-38,-9,-61
1742101089.116133,-50,12,-137
1742101089.152133,65,-37,-41
1742101089.187133,53,6,18
1742101089.223133,69,70,-103
1742101089.2581332,9,22,-51
1742101089.293133,-6,-23,16
1742101089.328133,21,-9,34
1742101089.371133,-10,-1,-63
1742101089.408133,-6,-53,22
1742101089.443133,61,-3,-63
1742101089.4791331,-74,2,-39
1742101089.514133,19,-11,-23
1742101089.549133,41,-63,-11
1742101089.585133,47,-25,-120
1742101089.6201332,21,-40,-68
1742101089.6561332,55,15,-10
1742101089.691133,-60,45,-48
1742101089.727133,93,-33,45
1742101089.7621331,45,-11,38
1742101089.797133,-54,-25,33
1742101089.833133,-44,66,-122
1742101089.868133,-54,-87,-16
1742101089.904133,-34,-7,-34
1742101089.9391332,21,-9,1
1742101089.9751332,47,48,-8
1742101090.010133,-28,16,-116
1742101090.045133,3,-15,-26
1742101090.0811331,89,-67,-84
1742101090.116133,0,58,-12
1742101090.152133,-98,36,-46
1742101090.187133,5,24,121
1742101090.223133,47,6,-12
1742101090.2581332,75,-9,-72
1742101090.293133,45,22,11
1742101090.329133,21,-64,-34
1742101090.3641331,-46,-20,-74
1742101090.4001331,30,-101,-88
1742101090.435133,-23,50,-74
1742101090.471133,-23,-47,-48
1742101090.506133,60,22,-84
1742101090.5411332,3,-55,-186
1742101090.5771332,-30,-27,-64
1742101090.612133,44,74,-94
1742101090.648133,-113,26,7
1742101090.6831331,30,-50,-92
1742101090.7191331,22,-39,-78
1742101090.754133,16,54,-94
1742101090.789133,41,0,57
1742101090.825133,-32,68,5
1742101090.8601332,41,22,-86
1742101090.8961332,37,10,49
1742101090.931133,-24,-23,-48
1742101090.967133,-8,8,-130
1742101091.0021331,31,-17,-78
1742101091.037133,13,-5,-216
1742101091.073133,-18,-107,-74
1742101091.108133,71,7,-74
1742101091.144133,-2,-32,-148
1742101091.1791332,23,13,-6
1742101091.2151332,17,21,15
1742101091.250133,3,1,-30
1742101091.2851331,-44,-48,-118
1742101091.3211331,31,-38,-64
1742101091.356133,105,-72,-52
1742101091.392133,-4,-14,-40
1742101091.427133,19,-46,-4
1742101091.463133,-16,-80,-141
1742101091.4981332,3,-42,-45
1742101091.533133,-96,-23,20
1742101091.569133,21,-29,-55
1742101091.6041331,5,-27,-91
1742101091.6401331,11,-33,-19
1742101091.675133,-28,-29,-25
1742101091.711133,-98,40,2
1742101091.747133,-92,-53,108
1742101091.782133,-10,-5,-89
1742101091.8171332,-36,18,-79
1742101091.8531332,15,26,-13
1742101091.889133,-54,64,30
1742101091.924133,27,-81,78
1742101091.960133,17,28,10
1742101091.9951332,51,2,-33
1742101092.030133,19,32,92
1742101092.065133,-36,32,-59
1742101092.101133,-50,-37,-1
1742101092.1371331,-6,-65,4
1742101092.172133,73,-15,-23
1742101092.208133,43,-7,-97
1742101092.243133,-36,40,-121
1742101092.2781332,-62,-5,-89
1742101092.313133,25,62,-49
1742101092.349133,23,8,-43
1742101092.385133,5,46,-63
1742101092.420133,67,-21,4
1742101092.4561331,25,-3,-81
1742101092.491133,31,40,-86
1742101092.526133,-42,24,-90
1742101092.5611331,21,14,-66
1742101092.5971332,53,16,-90
1742101092.6331332,25,-95,21
1742101092.668133,37,82,-180
1742101092.704133,1,66,-126
1742101092.7391331,123,-15,-86
1742101092.774133,13,-39,-58
1742101092.809133,-34,14,-92
1742101092.845133,51,10,-98
1742101092.881133,61,-19,-122
1742101092.9161332,-42,-27,-128
1742101092.9521332,25,-27,17
1742101092.987133,8,-9,-36
1742101093.022133,76,-41,21
1742101093.0571332,78,-19,1
1742101093.093133,-23,22,-30
1742101093.129133,53,-81,21
1742101093.164133,39,-19,-38
1742101093.200133,43,72,-146
1742101093.2351332,-10,-23,75
1742101093.270133,9,-21,-50
1742101093.305133,-61,50,-94
1742101093.341133,-8,28,-78
1742101093.3771331,-35,-35,-132
1742101093.412133,91,52,21
1742101093.448133,51,-13,-48
1742101093.483133,-70,-103,-14
1742101093.5181332,-49,-9,-20
1742101093.553133,62,12,-10
1742101093.589133,78,-49,19
1742101093.625133,-31,-19,-6
1742101093.6601331,50,-5,-8
1742101093.6961331,-39,-67,27
1742101093.731133,8,-37,47
1742101093.766133,-13,62,-88
1742101093.8011332,-39,15,55
1742101093.8371332,16,-71,-4
1742101093.8731332,-79,44,-4
1742101093.908133,-1,-59,-70
1742101093.944133,12,-4,-170
1742101093.9791331,-9,-47,49
1742101094.014133,-45,61,-108
1742101094.049133,-41,-36,-88
1742101094.085133,0,23,-18
1742101094.121133,-9,55,-8
1742101094.1561332,54,-78,73
1742101094.1921332,-89,31,-50
1742101094.227133,-2,-22,-30
1742101094.2621331,61,23,-122
1742101094.297133,33,-54,53
1742101094.333133,44,-60,-18
1742101094.369133,-19,-12,-24
1742101094.404133,-3,33,83
1742101094.440133,-14,-22,-86
1742101094.4751332,-34,-32,-62
1742101094.510133,-37,5,-42
1742101094.545133,-55,-16,-16
1742101094.5811331,29,21,-40
1742101094.6171331,-40,-4,-10
1742101094.652133,-20,17,-46
1742101094.688133,33,-80,-136
1742101094.723133,43,13,-76
1742101094.7581332,0,42,-94
1742101094.793133,33,-44,61
1742101094.829133,41,-68,-44
1742101094.865133,3,22,-184
1742101094.9001331,-96,-39,-42
1742101094.9361331,-84,-37,51
1742101094.971133,65,71,-106
1742101095.006133,35,25,35
1742101095.0411332,25,22,-90
1742101095.0771332,23,65,9
1742101095.1131332,-16,51,-68
1742101095.148133,-48,18,75
1742101095.184133,-32,-3,-24
1742101095.2191331,-46,90,33
1742101095.254133,0,-55,-12
1742101095.289133,49,28,21
1742101095.325133,-18,-5,59
1742101095.361133,-4,9,-144
1742101095.3961332,7,-2,-32
1742101095.4321332,89,-7,-184
1742101095.467133,29,24,-56
1742101095.5021331,86,34,-38
1742101095.537133,16,12,-74
1742101095.573133,-33,44,29
1742101095.609133,32,-23,21
1742101095.644133,-4,46,-24
1742101095.680133,37,-49,-84
1742101095.7151332,17,98,-86
1742101095.750133,-58,38,-130
1742101095.7851331,41,14,-108
1742101095.8211331,3,44,42
1742101095.8571332,67,24,-71
1742101095.892133,-30,-49,-74
1742101095.928133,-32,10,7
1742101095.963133,17,46,-101
1742101095.9981332,19,10,26
1742101096.0341332,-62,-31,-11
1742101096.069133,97,-69,-83
1742101096.105133,-26,0,-31
1742101096.1401331,47,10,-1
1742101096.1761332,-20,-27,-155
1742101096.211133,-6,38,14
1742101096.246133,143,-11,-162
1742101096.282133,-16,-158,46
1742101096.3171332,40,-8,-131
1742101096.3531332,-73,40,-67
1742101096.388133,44,-56,-39
1742101096.424133,30,-36,-5
1742101096.4591331,-4,-8,68
1742101096.494133,21,57,-80
1742101096.530133,-4,-18,0
1742101096.565133,77,-46,-2
1742101096.601133,3,-30,-14
1742101096.6361332,48,33,-24
1742101096.672133,40,37,-75
1742101096.707133,2,-18,82
1742101096.7421331,-29,-38,-81
1742101096.7781332,72,-28,-41
1742101096.813133,6,-4,-145
1742101096.849133,2,39,14
1742101096.884133,-1,-44,-13
1742101096.920133,26,1,-113
1742101096.9551332,62,17,-15
1742101096.990133,-25,43,-93
1742101097.026133,76,31,56
1742101097.0611331,-33,-24,-47
1742101097.0971332,12,-40,-83
1742101097.132133,-73,15,16
1742101097.168133,-5,29,-59
1742101097.203133,16,-32,-217
1742101097.2381332,56,-94,22
1742101097.274133,30,-30,82
1742101097.309133,42,-32,18
1742101097.345133,-1,-39,14
1742101097.3801332,30,-35,10
1742101097.4161332,-21,14,-165
1742101097.451133,26,-5,-33
1742101097.486133,46,4,-139
1742101097.522133,-39,-15,-93
1742101097.5571332,-7,-97,-55
1742101097.593133,-73,14,22
1742101097.628133,46,20,-13
1742101097.664133,-29,66,-63
1742101097.6991332,58,6,-101
1742101097.734133,-29,-35,78
1742101097.770133,-73,-77,-105
1742101097.805133,-37,-9,-47
1742101097.841133,8,-19,14
1742101097.876133,-53,-22,-53
1742101097.912133,72,-39,-23
1742101097.947133,-31,-15,-79
1742101097.9821332,0,-14,-88
1742101098.0181332,60,26,-74
1742101098.053133,20,28,-141
1742101098.089133,28,-48,-140
1742101098.124133,0,-30,-5
1742101098.1601331,8,-36,-109
1742101098.195133,0,-26,-93
1742101098.230133,-31,-40,2
1742101098.266133,93,8,26
1742101098.3011332,-12,17,-63
1742101098.3371332,-29,-67,-59
1742101098.3731332,-53,-79,-129
1742101098.4091332,88,18,-125
1742101098.444133,40,-19,-51
1742101098.4791331,-81,4,26
1742101098.514133,12,29,-29
1742101098.550133,32,33,28
1742101098.586133,8,-8,-63
1742101098.621133,-17,-12,-79
1742101098.657133,0,0,-81
1742101098.6921332,28,21,-94
1742101098.727133,16,57,-106
1742101098.7621331,42,39,-92
1742101098.7981331,70,-8,-216
1742101098.8341331,-49,81,-112
1742101098.869133,104,37,-16
1742101098.905133,-69,-2,0
1742101098.940133,14,19,65
1742101098.9751332,110,-32,-142
1742101099.010133,-29,-60,-154
1742101099.046133,-23,22,107
1742101099.082133,20,-24,-142
1742101099.1171331,30,-2,95
1742101099.1531332,-23,-22,-52
1742101099.188133,-9,43,-54
1742101099.223133,44,13,-122
1742101099.2581332,42,-24,81
1742101099.2941332,0,1,-26
1742101099.3301332,-43,25,19
1742101099.372133,0,-44,69
1742101099.4091332,-49,71,-44
1742101099.444133,-95,-38,13
1742101099.4791331,104,-112,-44
1742101099.514133,20,-60,-24
1742101099.550133,-1,-34,107
1742101099.586133,52,19,-110
1742101099.621133,-73,-18,-116
1742101099.657133,22,-46,-34
1742101099.6921332,-21,-6,0
1742101099.727133,-23,-12,-50
1742101099.7621331,10,48,-78
1742101099.7981331,-41,6,-90
1742101099.8341331,-29,29,-10
1742101099.869133,-23,39,-90
1742101099.905133,-33,27,111
1742101099.940133,24,-26,-6
1742101099.9751332,-37,3,-136
1742101100.010133,4,19,65
1742101100.046133,22,81,-8
1742101100.082133,12,-65,-200
1742101100.1171331,-47,-17,-74
1742101100.1531332,-31,2,73
1742101100.188133,26,8,83
1742101100.223133,-97,-15,11
1742101100.2581332,-11,-3,-142
1742101100.2941332,-35,28,-36
1742101100.3301332,14,48,-152
1742101100.365133,32,-9,-140
1742101100.401133,10,6,-120
1742101100.4361331,24,-37,-158
1742101100.471133,64,26,-194
1742101100.506133,44,54,-110
1742101100.542133,28,-9,-132
1742101100.578133,-79,-1,-102
1742101100.6131332,70,-99,-8
1742101100.649133,-3,8,0
1742101100.684133,86,-10,-100
1742101100.7191331,-43,-39,-38
1742101100.754133,-49,48,-126
1742101100.790133,36,34,-66
1742101100.826133,-22,-23,-92
1742101100.861133,2,2,5
1742101100.897133,-53,23,-38
1742101100.9321332,43,19,-40
1742101100.967133,33,-18,-88
1742101101.0021331,-16,5,-66
1742101101.0381331,1,31,-134
1742101101.0741332,1,-19,1
1742101101.109133,-40,50,-46
1742101101.145133,-30,-1,35
1742101101.180133,43,66,-130
1742101101.2151332,19,44,53
1742101101.250133,27,104,-18
1742101101.286133,-58,-89,-160
1742101101.322133,31,18,-62
1742101101.3571332,-34,-35,-40
1742101101.3931332,-34,26,19
1742101101.428133,5,-35,55
1742101101.463133,-10,-27,-14
1742101101.4981332,5,46,-130
1742101101.5341332,33,-43,0
1742101101.570133,87,12,-34
1742101101.605133,51,-77,-152
1742101101.641133,-54,32,27
1742101101.6761332,-80,34,-118
1742101101.711133,-38,60,-58
1742101101.746133,61,68,-8
1742101101.782133,21,-41,-22
1742101101.818133,-20,-13,-96
1742101101.8531332,-34,-13,-32
1742101101.889133,-12,-87,-92
1742101101.924133,-26,20,-38
1742101101.9591331,25,-49,-58
1742101101.994133,25,-5,-118
1742101102.030133,-40,2,-38
1742101102.066133,-70,16,-40
1742101102.101133,-86,56,9
1742101102.1371331,-92,56,-143
1742101102.172133,1,16,-39
1742101102.207133,19,24,-109
1742101102.2421331,17,12,-59
1742101102.2781332,-4,8,-73
1742101102.3141332,-14,2,-109
1742101102.349133,13,-55,100
1742101102.385133,3,24,-11
1742101102.420133,-48,26,52
1742101102.4551332,35,-29,-47
1742101102.491133,61,68,-58
1742101102.526133,55,-13,-150
1742101102.562133,7,-23,40
1742101102.5971332,-10,26,-231
1742101102.6331332,65,33,-47
1742101102.668133,7,-4,-45
1742101102.703133,1,-36,12
1742101102.7391331,73,59,-107
1742101102.774133,-18,-38,-102
1742101102.810133,-14,31,41
1742101102.845133,-12,43,-64
1742101102.881133,43,-94,-154
1742101102.9161332,-20,-11,-83
1742101102.951133,11,28,15
1742101102.987133,-4,56,54
1742101103.022133,-22,-33,34
1742101103.0581331,-48,-27,-110
1742101103.093133,35,40,-26
1742101103.129133,-50,-33,55
1742101103.164133,44,-10,-46
1742101103.1991332,-103,9,-70
1742101103.2351332,68,8,-10
1742101103.270133,8,42,-140
1742101103.306133,0,0,-86
1742101103.341133,-6,8,-160
1742101103.3771331,13,-39,-42
1742101103.412133,9,10,-139
1742101103.447133,3,-43,-95
1742101103.483133,39,-13,-87
1742101103.5181332,-100,22,-23
1742101103.5541332,29,-29,-99
1742101103.589133,-36,2,-85
1742101103.625133,-148,-3,-11
1742101103.6601331,22,-18,-47
1742101103.695133,74,-20,-69
1742101103.731133,28,-46,-231
1742101103.766133,-69,0,40
1742101103.802133,-71,-10,-99
1742101103.8371332,-15,33,16
1742101103.872133,-29,63,-49
1742101103.907133,-55,-15,8
1742101103.943133,52,-97,0
1742101103.9791331,5,52,-121
1742101104.014133,-30,20,-11
1742101104.050133,45,-87,-41
1742101104.085133,-39,-91,-5
1742101104.121133,5,48,-107
1742101104.1561332,-12,-21,104
1742101104.191133,-61,2,-115
1742101104.227133,-51,-69,-3
1742101104.2621331,-79,0,-7
1742101104.2981331,42,-37,52
1742101104.333133,30,12,-65
1742101104.369133,60,104,-135
1742101104.404133,26,52,-23
1742101104.4391332,-78,3,-37
1742101104.4751332,13,-23,-133
1742101104.510133,-74,14,-51
1742101104.546133,-74,12,56
1742101104.5811331,-1,44,96
1742101104.6171331,-25,-35,-1
1742101104.652133,19,-39,80
1742101104.687133,-8,20,-37
1742101104.723133,18,-53,54
1742101104.7581332,-63,-95,-121
1742101104.7941332,-1,90,-13
1742101104.829133,98,2,-181
1742101104.865133,8,-19,-173
1742101104.901133,66,38,-141
1742101104.937133,48,-17,-113
1742101104.973133,28,34,-83
1742101105.0081332,40,-9,-99
1742101105.043133,-30,0,-69
1742101105.079133,-32,4,-125
1742101105.115133,31,-1,-5
1742101105.1501331,-8,62,-87
1742101105.1861331,-4,2,-17
1742101105.221133,-26,30,-51
1742101105.256133,25,-49,-77
1742101105.2911332,-48,-67,-99
1742101105.3271332,43,-29,-91
1742101105.3631332,11,4,-141
1742101105.398133,17,24,-193
1742101105.434133,12,36,-75
1742101105.4691331,9,12,54
1742101105.504133,7,-31,42
1742101105.539133,3,-27,-31
1742101105.575133,13,4,64
1742101105.611133,-70,6,-45
1742101105.6461332,1,-23,-89
1742101105.6821332,3,-37,-11
1742101105.717133,41,64,-41
1742101105.7521331,-34,-45,-25
1742101105.787133,23,-1,-125
1742101105.823133,27,-27,-49
1742101105.859133,-76,-13,-45
1742101105.894133,-12,30,16
1742101105.930133,0,-57,12
1742101105.9651332,31,30,-15
1742101106.000133,-101,26,-77
1742101106.0351331,-6,-19,-59
1742101106.0711331,95,28,-191
1742101106.1071332,-55,-47,58
1742101106.142133,34,-11,-45
1742101106.178133,54,34,-97
1742101106.213133,-9,-37,-143
1742101106.2481332,32,-5,-77
1742101106.283133,26,-16,-69
1742101106.319133,-65,-7,84
1742101106.355133,92,-7,10
1742101106.3901331,20,56,-157
1742101106.4261332,24,24,-151
1742101106.461133,82,-31,-51
1742101106.496133,-19,18,-13
1742101106.5311332,24,40,-49
1742101106.5671332,-19,-25,-27
1742101106.6031332,12,-59,90
1742101106.638133,48,54,14
1742101106.674133,6,-68,-41
1742101106.7091331,10,-48,8
1742101106.744133,114,-34,6
1742101106.779133,-39,-27,-39
1742101106.815133,-7,-35,-102
1742101106.851133,26,-7,84
1742101106.8861332,-59,42,-108
1742101106.922133,10,-5,-28
1742101106.957133,-21,-9,-98
1742101106.9921331,-29,72,-111
1742101107.027133,-29,10,-42
1742101107.063133,28,-3,1
1742101107.099133,2,46,-74
1742101107.134133,6,36,81
1742101107.170133,0,-7,-186
1742101107.2051332,-51,-17,5
1742101107.240133,90,-91,-30
1742101107.2751331,-19,-63,-26
1742101107.3111331,12,-61,-50
1742101107.3471332,-23,22,-146
1742101107.382133,-25,50,-74
1742101107.418133,4,-31,75
1742101107.453133,-15,2,-74
1742101107.4881332,-7,-17,-128
1742101107.523133,50,10,35
1742101107.559133,78,-23,-190
1742101107.595133,-65,46,17
1742101107.6301332,-101,-27,-210
1742101107.6661332,28,54,-100
1742101107.701133,-21,16,-108
1742101107.736133,88,-63,-190
1742101107.7711332,24,-17,-108
1742101107.8071332,0,-91,-12
1742101107.843133,-51,52,-96
1742101107.878133,6,-17,-128
1742101107.914133,12,28,-68
1742101107.9491332,28,6,-58
1742101107.984133,-29,42,69
1742101108.019133,56,6,-80
1742101108.055133,2,-45,-126
1742101108.091133,-93,-43,-270
1742101108.126133,70,-5,-68
1742101108.162133,36,54,-140
1742101108.197133,-37,38,-72
1742101108.2321332,-27,62,-94
1742101108.2681332,-27,-51,-92
1742101108.303133,-7,-3,-94
1742101108.339133,12,50,9
1742101108.374133,6,88,61
1742101108.4101331,-19,58,-6
1742101108.445133,34,48,-138
1742101108.480133,14,18,31
1742101108.5151331,-17,-69,0
1742101108.5511332,-3,-11,-14
1742101108.5871332,-9,18,-138
1742101108.622133,-31,21,31
1742101108.658133,52,9,-28
1742101108.693133,34,54,-26
1742101108.7281332,-27,75,59
1742101108.763133,-25,-24,35
1742101108.799133,52,37,-70
1742101108.835133,-35,3,-24
1742101108.8701332,-89,-22,-44
1742101108.9061332,-41,-22,-118
1742101108.941133,-93,26,-92
1742101108.976133,-91,72,-38
1742101109.0121331,-41,-21,-62
1742101109.047133,-3,17,-44
1742101109.083133,60,-49,-44
1742101109.118133,-19,-11,-34
1742101109.154133,16,-19,-18
1742101109.1891332,45,72,-98
1742101109.224133,73,-57,15
1742101109.260133,53,-1,-28
1742101109.295133,75,-15,-100
1742101109.3311331,84,-49,-4
1742101109.3731332,-23,-15,-220
1742101109.4101331,-97,2,43
1742101109.445133,64,28,-52
1742101109.480133,-19,-33,9
1742101109.516133,28,-63,-194
1742101109.5511332,-53,64,-19
1742101109.5871332,-67,-23,44
1742101109.622133,-127,-33,-27
1742101109.658133,26,28,4
1742101109.693133,45,-49,-25
1742101109.7281332,31,-25,-17
1742101109.764133,-33,40,-45
1742101109.799133,-18,-11,-89
1742101109.835133,86,-9,-81
1742101109.8701332,42,-11,-23
1742101109.9061332,-13,60,-115
1742101109.941133,104,44,-119
1742101109.976133,54,-5,-47
1742101110.0121331,30,-39,28
1742101110.047133,-23,40,6
1742101110.083133,76,-21,-55
1742101110.118133,60,26,-89
1742101110.154133,84,40,-161
1742101110.1891332,-7,16,0
1742101110.224133,78,-63,-61
1742101110.260133,18,-67,28
1742101110.295133,56,-31,-159
1742101110.3311331,-65,-29,-121
1742101110.366133,82,72,-63
1742101110.402133,22,-7,-21
1742101110.437133,-35,22,46
1742101110.4721332,34,2,-121
1742101110.5081332,-23,66,-69
1742101110.543133,-9,-43,-11
1742101110.579133,48,18,-117
1742101110.6141331,60,-33,-25
1742101110.6501331,-67,-21,-15
1742101110.685133,74,18,-53
1742101110.720133,22,22,52
1742101110.756133,8,-23,-113
1742101110.7911332,-33,20,-17
1742101110.8271332,-25,114,-27
1742101110.862133,68,-41,46
1742101110.898133,-39,-13,-89
1742101110.9331331,-53,0,-101
1742101110.968133,22,-75,16
1742101111.004133,-27,-53,-71
1742101111.039133,12,22,-5
1742101111.075133,-65,20,68
1742101111.1101332,-53,-69,-33
1742101111.1461332,-5,36,8
1742101111.181133,70,12,-127
1742101111.216133,2,-25,-107
1742101111.2521331,12,38,-65
1742101111.287133,28,-19,-117
1742101111.323133,42,-5,-51
1742101111.358133,-1,1,-109
1742101111.394133,40,-64,-41
1742101111.430133,-53,27,-149
1742101111.4651332,-4,-30,26
1742101111.500133,-43,-6,-91
1742101111.536133,71,-66,-17
1742101111.572133,19,71,-49
1742101111.6071332,-40,-12,-21
1742101111.6431332,-4,61,-93
1742101111.678133,-118,75,30
1742101111.713133,-14,27,-81
1742101111.7481332,-8,27,84
1742101111.7841332,3,11,-69
1742101111.820133,-30,-12,-111
1742101111.855133,-68,-30,-211
1742101111.891133,19,-2,-77
1742101111.9261332,-28,55,74
1742101111.961133,-62,83,-125
1742101111.996133,-40,-12,-11
1742101112.032133,0,75,-97
1742101112.068133,19,41,-129
1742101112.1031332,-18,-30,-119
1742101112.139133,0,45,-65
1742101112.174133,11,73,-61
1742101112.2091331,87,-26,-133
1742101112.244133,-62,1,-53
1742101112.280133,43,4,4
1742101112.316133,51,-37,-59
1742101112.351133,87,30,-119
1742101112.3871331,109,-27,-123
1742101112.422133,-26,-49,80
1742101112.457133,-34,-61,35
1742101112.4921331,29,-75,41
1742101112.5281332,9,-35,-76
1742101112.5641332,-28,-55,45
1742101112.599133,69,-15,-90
1742101112.635133,15,6,-76
1742101112.670133,17,24,-20
1742101112.7051332,-33,72,-148
1742101112.740133,-20,-11,-12
1742101112.776133,23,46,-136
1742101112.812133,-18,18,-32
1742101112.848133,-18,-47,-128
1742101112.884133,-42,22,-90
1742101112.9191332,21,60,-8
1742101112.9551332,53,38,-94
1742101112.990133,57,32,-80
1742101113.0251331,91,-39,-100
1742101113.060133,71,-1,-70
1742101113.096133,13,-13,-14
1742101113.132133,-16,70,-102
1742101113.167133,7,100,-32
1742101113.203133,3,-55,-84
1742101113.2381332,27,80,53
1742101113.273133,19,0,-72
1742101113.3081331,-34,-1,-54
1742101113.3441331,75,-125,-57
1742101113.3801332,7,-47,-3
1742101113.415133,-26,8,-68
1742101113.451133,69,-13,-95
1742101113.486133,-78,24,18
1742101113.5211332,-6,-41,-55
1742101113.556133,-38,-35,12
1742101113.592133,-6,94,52
1742101113.628133,-10,-13,-39
1742101113.6631331,-4,-5,-173
1742101113.6991332,17,20,-89
1742101113.734133,78,68,28
1742101113.769133,-49,14,-65
1742101113.8041332,14,0,-77
1742101113.8401332,-71,14,-41
1742101113.876133,4,-81,-67
1742101113.911133,8,117,-67
1742101113.947133,26,10,2
1742101113.9821332,68,0,60
1742101114.017133,-49,-25,-17
1742101114.052133,22,14,-47
1742101114.088133,-33,-5,-231
1742101114.124133,-91,3,-7
1742101114.1591332,10,-52,-25
1742101114.195133,24,0,8
1742101114.230133,-5,-16,-37
1742101114.2651331,70,39,-11
1742101114.300133,20,-16,-103
1742101114.336133,16,89,-229
1742101114.372133,-1,121,-87
1742101114.407133,-21,73,60
1742101114.443133,-75,-2,-65
1742101114.4781332,3,79,-181
1742101114.513133,27,41,-51
1742101114.5481331,-57,33,-19
1742101114.5841331,0,-4,-107
1742101114.6201332,-3,11,-47
1742101114.655133,14,95,-69
1742101114.691133,-18,-4,-119
1742101114.726133,-7,21,-97
1742101114.7611332,-35,-6,-113
1742101114.796133,-111,-18,80
1742101114.832133,-77,-52,-137
1742101114.868133,30,9,-59
1742101114.9031332,-5,27,-147
1742101114.9391332,-7,-66,-11
1742101114.974133,34,-54,-131
1742101115.009133,0,-70,8
1742101115.0441332,-11,-42,-11
1742101115.0801332,12,-70,-196
1742101115.116133,80,42,-54
1742101115.151133,64,10,-20
1742101115.187133,-43,-28,27
1742101115.2221332,70,57,1
1742101115.257133,-35,-26,-182
1742101115.292133,42,69,-8
1742101115.328133,10,27,-28
1742101115.3641331,-27,-75,61
1742101115.399133,-13,-45,-34
1742101115.435133,-43,71,17
1742101115.470133,0,-28,9
1742101115.5051332,32,43,-54
1742101115.5411332,20,-14,-40
1742101115.576133,60,51,-100
1742101115.612133,16,11,-84
1742101115.647133,6,-22,47
1742101115.6831331,-5,-24,-68
1742101115.718133,2,8,-12
1742101115.753133,20,-41,23
1742101115.789133,-53,40,-106
1742101115.8241332,-19,-35,-22
1742101115.8601332,-115,-71,1
1742101115.895133,-57,34,-104
1742101115.931133,66,-31,-8
1742101115.966133,58,-81,-102
1742101116.001133,-11,6,-122
1742101116.037133,70,-12,-6
1742101116.072133,-32,30,-76
1742101116.108133,-25,20,-96
1742101116.1431332,0,-47,-74
1742101116.1791332,-9,52,21
1742101116.214133,-27,-21,-86
1742101116.249133,-49,-25,-94
1742101116.2851331,-11,-7,29
1742101116.320133,34,16,-100
1742101116.356133,-25,7,-104
1742101116.391133,4,59,-98
1742101116.427133,-7,-28,-96
1742101116.4621332,42,-22,-14
1742101116.497133,-7,71,29
1742101116.533133,-7,-20,-28
1742101116.568133,14,-28,-62
1742101116.6041331,-77,11,-112
1742101116.639133,12,39,-68
1742101116.675133,14,-52,-2
1742101116.710133,24,79,119
1742101116.7451332,28,-41,-78
1742101116.7811332,5,38,9
1742101116.816133,62,32,-218
1742101116.852133,32,38,-48
1742101116.8871331,17,74,-96
1742101116.9231331,19,-10,39
1742101116.958133,-24,6,-84
1742101116.993133,19,68,-72
1742101117.029133,-42,-15,-96
1742101117.0641332,1,46,-140
1742101117.1001332,91,16,-96
1742101117.135133,-20,34,-62
1742101117.171133,39,-37,-109
1742101117.2061331,0,-17,-100
1742101117.241133,-36,-29,-136
1742101117.277133,13,4,50
1742101117.312133,39,-99,62
1742101117.348133,-124,60,-73
1742101117.3831332,71,-27,-95
1742101117.4191332,5,-8,-61
1742101117.454133,131,-4,-47
1742101117.4891331,-26,1,-109
1742101117.5251331,1,87,-158
1742101117.560133,41,9,-90
1742101117.596133,23,11,-109
1742101117.631133,-48,33,-161
1742101117.667133,-30,7,-111
1742101117.7021332,-14,-82,-97
1742101117.737133,21,-26,-37
1742101117.773133,71,8,54
1742101117.8081331,-24,40,-5
1742101117.8441331,41,-45,-73
1742101117.879133,31,-65,82
1742101117.914133,45,54,18
1742101117.9491332,-52,48,-47
1742101117.9851332,7,30,34
1742101118.0211332,-92,29,-37
1742101118.056133,-26,-42,74
1742101118.092133,-26,-2,-15
1742101118.1271331,91,-43,-57
1742101118.162133,-15,17,20
1742101118.197133,-19,82,-33
1742101118.233133,-27,72,-29
1742101118.269133,-3,-27,-175
1742101118.3041332,0,16,-47
1742101118.3401332,-53,26,-133
1742101118.375133,0,32,-129
1742101118.4101331,28,0,-13
1742101118.445133,-7,84,-125
1742101118.481133,36,10,-81
1742101118.517133,76,-61,-77
1742101118.552133,-96,-87,-51
1742101118.588133,7,48,-137
1742101118.6231332,113,-21,66
1742101118.658133,68,90,-37
1742101118.693133,4,24,-139
1742101118.7291331,-87,13,-55
1742101118.7651331,84,0,74
1742101118.800133,-21,-42,-65
1742101118.836133,-5,-3,-69
1742101118.871133,36,24,-53
1742101118.9061332,-103,-18,-21
1742101118.941133,-27,21,-101
1742101118.977133,10,-42,-97
1742101119.013133,12,-18,-93
1742101119.0481331,6,9,-56
1742101119.0841331,14,-30,-138
1742101119.119133,24,65,-112
1742101119.154133,-13,31,55
1742101119.1891332,-9,31,53
1742101119.2251332,26,-14,-106
1742101119.2611332,-75,13,-92
1742101119.296133,-45,43,-82
1742101119.332133,-13,-26,-8
1742101119.374133,46,-48,37
1742101119.4101331,2,45,-26
1742101119.445133,-17,-10,-86
1742101119.481133,-67,-34,-100
1742101119.517133,16,27,-56
1742101119.552133,-73,-22,3
1742101119.588133,46,-36,-6
1742101119.6231332,-19,45,-78
1742101119.658133,50,65,-12
1742101119.693133,20,21,-18
1742101119.7291331,56,53,-110
1742101119.7651331,-55,25,-68
1742101119.800133,-9,-10,-64
1742101119.836133,-49,25,-172
1742101119.871133,-99,-108,-190
1742101119.9061332,-79,-52,-60
1742101119.941133,-113,-4,-34
1742101119.977133,-13,14,23
1742101120.013133,60,2,-44
1742101120.0481331,-51,-26,-140
1742101120.0841331,-1,-8,-138
1742101120.119133,20,-36,-44
1742101120.154133,6,-24,-80
1742101120.1891332,-43,-54,33
1742101120.2251332,-1,9,35
1742101120.2611332,18,-22,-54
1742101120.296133,-25,19,-8
1742101120.332133,-69,-34,-44
1742101120.3671331,20,3,-94
1742101120.402133,4,-12,-200
1742101120.437133,30,17,-16
1742101120.473133,-31,-16,-40
1742101120.509133,22,-3,21
1742101120.5441332,82,16,-60
1742101120.5801332,20,-7,-90
1742101120.615133,0,40,-84
1742101120.6501331,114,-19,-78
1742101120.685133,14,53,-128
1742101120.721133,96,-36,-90
1742101120.757133,-55,-22,-40
1742101120.792133,70,37,-61
1742101120.828133,-5,71,-111
1742101120.8631332,16,-22,-51
1742101120.898133,-75,15,-85
1742101120.9331331,-23,-16,-93
1742101120.9691331,72,39,-85
1742101121.0051332,-13,5,30
1742101121.040133,52,-50,0
1742101121.076133,-7,63,-65
1742101121.111133,96,-36,-93
1742101121.1461332,-29,53,40
1742101121.181133,10,5,78
1742101121.217133,44,-18,-147
1742101121.253133,26,79,-89
1742101121.2881331,28,59,-31
1742101121.3241332,-41,27,-5
1742101121.359133,-93,-62,-9
1742101121.394133,2,-18,-130
1742101121.4291332,-73,-12,-103
1742101121.4651332,22,-6,-71
1742101121.501133,-97,-20,-91
1742101121.536133,-21,17,-193
1742101121.572133,-35,-14,-39
1742101121.6071332,-21,-56,10
1742101121.642133,78,49,-70
1742101121.677133,10,-12,-10
1742101121.713133,46,21,-72
1742101121.749133,102,-8,-72
1742101121.7841332,-29,-28,-38
1742101121.820133,-17,-10,-130
1742101121.855133,4,-30,-86
1742101121.8901331,88,-14,-30
1742101121.9261332,24,0,-162
1742101121.9621332,-21,13,-120
1742101121.9981332,14,9,23
1742101122.033133,-45,71,-62
1742101122.069133,-27,35,29
1742101122.1041331,12,-38,41
1742101122.1401331,50,5,113
1742101122.175133,50,23,-50
1742101122.210133,-115,87,-34
1742101122.246133,12,-66,-28
1742101122.2811332,-93,0,-108
1742101122.3171332,22,-2,135
1742101122.352133,18,55,-126
1742101122.388133,70,-2,-42
1742101122.4231331,-19,-58,17
1742101122.458133,22,-18,53
1742101122.494133,-47,17,-130
1742101122.529133,-1,0,-120
1742101122.565133,38,29,-110
1742101122.6001332,-47,-40,-142
1742101122.6361332,38,71,-154
1742101122.671133,54,0,-176
1742101122.7061331,-21,-160,-10
1742101122.7421331,52,63,-16
1742101122.777133,30,33,-14
1742101122.813133,45,-6,-146
1742101122.848133,-52,-42,-162
1742101122.884133,-46,41,-106
1742101122.9191332,-12,47,7
1742101122.954133,-9,-52,-56
1742101122.990133,56,-24,-4
1742101123.0251331,42,3,-84
1742101123.0611331,55,-62,-88
1742101123.096133,-28,0,27
1742101123.132133,-41,5,-6
1742101123.167133,0,31,-46
1742101123.2021332,-17,23,95
1742101123.2381332,6,39,-60
1742101123.273133,22,41,-50
1742101123.309133,-13,-24,-120
1742101123.3441331,-51,-20,-50
1742101123.3801332,-13,69,15
1742101123.415133,-5,27,-154
1742101123.450133,-49,47,-18
1742101123.486133,-17,41,-34
1742101123.5211332,26,-12,63
1742101123.5571332,-40,91,-180
1742101123.592133,29,-36,-108
1742101123.628133,39,-18,-26
1742101123.6631331,-16,-70,-44
1742101123.698133,3,51,-26
1742101123.734133,-36,29,101
1742101123.769133,-18,19,19
1742101123.805133,-24,-40,-102
1742101123.8401332,-36,35,67
1742101123.876133,-69,28,28
1742101123.911133,-43,14,-63
1742101123.9461331,1,-30,-34
1742101123.9821332,55,-4,18
1742101124.017133,41,-33,-123
1742101124.053133,-4,6,6
1742101124.088133,29,-51,-195
1742101124.124133,-10,7,-5
1742101124.1591332,-84,-14,4
1742101124.194133,21,-44,-127
1742101124.230133,31,-38,-23
1742101124.2651331,67,-29,-35
1742101124.3011332,27,-72,-125
1742101124.336133,23,-18,-53
1742101124.371133,17,19,-141
1742101124.4061332,-30,-53,-109
1742101124.4421332,-55,-30,-187
1742101124.4781332,11,-2,94
1742101124.513133,25,-130,46
1742101124.549133,3,25,-9
1742101124.5841331,17,59,-133
1742101124.619133,39,29,26
1742101124.654133,-4,31,-67
1742101124.690133,11,-57,86
1742101124.726133,53,33,-121
1742101124.7611332,23,41,-39
1742101124.797133,31,-22,-87
1742101124.832133,29,9,-111
1742101124.8671331,-52,15,-61
1742101124.902133,-28,-34,-75
1742101124.938133,27,53,-3
1742101124.974133,39,23,-99
1742101125.009133,7,-24,-69
1742101125.045133,111,1,-27
1742101125.0801332,25,27,-71
1742101125.115133,9,37,-17
1742101125.1501331,-22,75,-65
1742101125.1861331,-88,15,-55
1742101125.2221332,-22,39,-63
1742101125.257133,11,-28,16
1742101125.293133,-22,13,-83
1742101125.328133,-30,-30,-47
1742101125.3631332,33,19,18
1742101125.398133,-24,-52,-67
1742101125.434133,103,-31,-91
1742101125.470133,5,-2,-57
1742101125.5051332,-30,-44,36
1742101125.5411332,0,23,-45
1742101125.576133,-24,31,-56
1742101125.611133,-45,-56,-102
1742101125.6461332,13,20,-58
1742101125.6821332,13,-44,-117
1742101125.718133,-38,17,5
1742101125.753133,32,-68,-60
1742101125.789133,-35,-48,47
1742101125.8241332,3,-19,3
1742101125.859133,-81,-12,-52
1742101125.894133,61,-24,93
1742101125.930133,-56,-10,-136
1742101125.966133,28,37,-64
1742101126.001133,-62,3,1
1742101126.037133,-7,1,-88
1742101126.072133,81,-114,-66
1742101126.1071332,-11,-14,-46
1742101126.142133,14,-4,89
1742101126.178133,65,-34,-98
1742101126.214133,17,-14,-130
1742101126.249133,85,73,-70
1742101126.2851331,1,61,27
1742101126.320133,-12,-14,-22
1742101126.355133,-42,19,65
1742101126.3901331,-70,13,-68
1742101126.4261332,1,-38,-8
1742101126.4621332,7,7,-34
1742101126.497133,-34,15,-42
1742101126.533133,-44,-32,-106
1742101126.568133,21,15,-114
1742101126.6031332,115,27,-2
1742101126.638133,-24,13,-14
1742101126.674133,0,-7,-168
1742101126.710133,27,-25,-148
1742101126.7451332,9,-9,5
1742101126.7811332,-82,98,-40
1742101126.816133,-30,8,9
1742101126.851133,3,4,-164
1742101126.8861332,79,-67,-38
1742101126.922133,73,22,-24
1742101126.958133,-28,-1,-16
1742101126.993133,-125,-23,3
1742101127.029133,14,-31,29
1742101127.0641332,-35,60,-111
1742101127.099133,-23,-57,-27
1742101127.134133,-6,0,-91
1742101127.170133,45,16,-11
1742101127.2061331,-16,-45,-19
1742101127.241133,27,-15,-3
1742101127.277133,-40,-29,-111
1742101127.312133,39,-45,32
1742101127.3471332,18,-39,-125
1742101127.382133,42,46,-25
1742101127.418133,-13,48,2
1742101127.454133,50,-45,-83
1742101127.4891331,-65,-3,-42
1742101127.5251331,-5,14,-32
1742101127.560133,12,-39,-54
1742101127.595133,48,22,-98
1742101127.6301332,-44,104,-138
1742101127.6661332,36,10,99
1742101127.7021332,2,-43,1
1742101127.737133,-3,8,-70
1742101127.773133,36,42,-144
1742101127.8081331,-35,32,-18
1742101127.843133,-67,38,-54
1742101127.878133,48,78,-132
1742101127.914133,-64,-17,-74
1742101127.950133,9,-43,-58
1742101127.9851332,17,-41,-83
1742101128.0211332,-8,-19,-59
1742101128.056133,-36,-23,-11
1742101128.091133,13,40,-36
1742101128.126133,63,-21,37
1742101128.162133,-16,2,-162
1742101128.198133,129,0,-95
1742101128.233133,19,16,-13
1742101128.269133,65,74,-33
1742101128.3041332,-24,-37,42
1742101128.339133,-61,-59,-165
1742101128.374133,-33,-41,-177
1742101128.4101331,8,26,8
1742101128.4461331,26,-87,58
1742101128.481133,32,36,-87
1742101128.517133,-67,-3,-21
1742101128.552133,24,-31,-15
1742101128.5871332,76,-59,-95
1742101128.6231332,-43,-19,22
1742101128.658133,-121,-93,56
1742101128.694133,-17,-31,-103
1742101128.7291331,-3,-55,-67
1742101128.7651331,-57,-47,-77
1742101128.800133,-107,18,-113
1742101128.835133,-1,-77,-11
1742101128.871133,30,-25,14
1742101128.9061332,98,0,-171
1742101128.9421332,-34,0,-33
1742101128.977133,-78,4,20
1742101129.013133,-18,-23,-131
1742101129.0481331,3,40,-53
1742101129.083133,7,-39,-67
1742101129.119133,29,78,74
1742101129.154133,-32,-25,-17
1742101129.190133,67,-61,-67
1742101129.2251332,5,2,-53
1742101129.2611332,-32,-27,-69
1742101129.296133,-36,14,-153
1742101129.3311331,-28,22,-93
1742101129.3671331,5,8,-93
1742101129.4091332,-48,-1,50
1742101129.4461331,-58,8,34
1742101129.481133,30,0,-49
1742101129.517133,10,36,-103
1742101129.552133,-16,12,-91
1742101129.5871332,63,-41,-127
1742101129.6231332,-44,44,51
1742101129.658133,-10,52,-62
1742101129.694133,4,-20,-68
1742101129.7291331,16,34,87
1742101129.7651331,9,-31,-128
1742101129.800133,15,-61,-118
1742101129.835133,-26,8,-82
1742101129.871133,27,22,-110
1742101129.9061332,-42,-16,13
1742101129.9421332,-32,-49,-88
1742101129.977133,-12,-36,-134
1742101130.013133,79,-63,27
1742101130.0481331,57,-9,-4
1742101130.083133,-32,-11,-42
1742101130.119133,79,-32,-66
1742101130.154133,41,19,-24
1742101130.190133,-24,-14,9
1742101130.2251332,27,-13,-38
1742101130.2611332,-18,46,-128
1742101130.296133,79,-51,-40
1742101130.3311331,-2,-93,-56
1742101130.3671331,31,60,-72
1742101130.402133,-34,-27,-20
1742101130.438133,-42,70,-94
1742101130.473133,-78,-139,-72
1742101130.509133,1,44,-34
1742101130.5441332,-54,-59,-102
1742101130.579133,-36,60,1
1742101130.615133,3,66,-116
1742101130.6501331,3,-51,-54
1742101130.6861331,53,38,-72
1742101130.721133,-82,-29,-56
1742101130.757133,23,-47,-62
1742101130.792133,53,-27,-166
1742101130.8271332,19,50,-84
1742101130.8631332,-104,4,23
1742101130.898133,13,4,-32
1742101130.934133,-16,38,-14
1742101130.9691331,21,60,-12
1742101131.004133,3,26,3
1742101131.039133,21,-49,-30
1742101131.075133,-8,43,-26
1742101131.111133,115,-12,-60
1742101131.1461332,87,29,-30
1742101131.1821332,55,-56,-110
1742101131.217133,-58,-6,23
1742101131.2521331,7,-36,-154
1742101131.287133,-56,69,-86
1742101131.323133,-24,-4,-18
1742101131.359133,39,-46,-74
1742101131.394133,13,-70,-60
1742101131.430133,15,-30,-46
1742101131.4651332,53,21,-78
1742101131.500133,0,-76,-40
1742101131.5351331,27,-40,-158
1742101131.5711331,35,-50,-154
1742101131.6071332,-36,47,-96
1742101131.642133,-48,-62,-50
1742101131.678133,-84,-6,-2
1742101131.713133,43,-2,-82
1742101131.7481332,7,-44,67
1742101131.783133,-22,-46,-66
1742101131.819133,13,-20,-180
1742101131.855133,62,-80,67
1742101131.8901331,-34,36,29
1742101131.9261332,29,8,5
1742101131.961133,-68,-23,-72
1742101131.996133,-4,-3,-82
1742101132.0311332,-34,77,-32
1742101132.0671332,-28,18,-100
1742101132.1031332,7,-6,-156
1742101132.138133,35,5,-34
1742101132.174133,33,-28,-82
1742101132.2091331,-50,-50,-50
1742101132.244133,61,52,-42
1742101132.279133,35,-1,-66
1742101132.315133,-4,0,-34
1742101132.351133,1,-63,-174
1742101132.3861332,11,-31,49
1742101132.422133,-106,7,-62
1742101132.457133,-50,58,-34
1742101132.4921331,33,-57,-82
1742101132.527133,-12,2,-24
1742101132.563133,-45,-17,-116
1742101132.599133,-35,-13,-72
1742101132.634133,-55,-29,-114
1742101132.670133,68,-11,-88
1742101132.7051332,-91,70,-16
1742101132.740133,52,34,-114
1742101132.7751331,-5,-7,-132
1742101132.8111331,76,-31,-110
1742101132.8471332,30,44,27
1742101132.882133,32,24,-52
1742101132.918133,-33,-31,35
1742101132.953133,-87,14,9
1742101132.9881332,18,62,-8
1742101133.023133,-53,18,13
1742101133.059133,2,-4,-58
1742101133.095133,-47,-6,-92
1742101133.1301332,-43,-58,103
1742101133.1661332,138,-10,-48
1742101133.201133,-5,-28,-178
1742101133.236133,43,-24,19
1742101133.2711332,-11,-31,-128
1742101133.3071332,-75,-59,-78
1742101133.343133,12,12,79
1742101133.378133,20,12,-16
1742101133.414133,14,4,77
1742101133.4491332,2,42,-96
1742101133.484133,20,42,3
1742101133.519133,-49,24,-102
1742101133.555133,106,-17,-84
1742101133.591133,18,8,-94
1742101133.626133,12,-5,-4
1742101133.662133,-13,-27,-16
1742101133.697133,2,34,-188
1742101133.7321332,-53,-37,-16
1742101133.767133,-47,-3,25
1742101133.803133,-21,40,-42
1742101133.839133,-55,-3,-122
1742101133.874133,-115,62,-108
1742101133.9101331,-11,3,27
1742101133.945133,96,25,-32
1742101133.980133,14,-31,33
1742101134.0151331,42,-32,-2
1742101134.0511332,0,-33,-36
1742101134.0871332,16,-13,-50
1742101134.122133,2,22,-152
1742101134.158133,10,-7,11
1742101134.193133,82,-37,-22
1742101134.2281332,-19,20,97
1742101134.263133,-13,52,-18
1742101134.299133,-51,-41,33
1742101134.335133,0,-49,-118
1742101134.3701332,36,20,-76
1742101134.4061332,44,46,21
1742101134.441133,66,24,-34
1742101134.476133,-7,50,-110
1742101134.5111332,-43,-49,-32
1742101134.547133,-99,18,-68
1742101134.583133,-19,-67,-172
1742101134.618133,-45,-51,-72
1742101134.654133,-23,-5,-44
1742101134.6891332,2,-21,-94
1742101134.724133,102,-11,101
1742101134.759133,46,-19,-166
1742101134.795133,136,-9,-70
1742101134.8311331,66,-15,-12
1742101134.866133,-23,22,-38
1742101134.902133,68,-74,-70
1742101134.937133,0,-2,-136
1742101134.9721332,-17,25,47
1742101135.0081332,-7,12,-52
1742101135.043133,-3,10,-192
1742101135.079133,2,0,-26
1742101135.1141331,-43,-44,-54
1742101135.1501331,4,75,21
1742101135.185133,4,32,-100
1742101135.220133,-37,70,-82
1742101135.256133,20,24,-128
1742101135.2911332,-43,5,-144
1742101135.3271332,-9,29,-94
1742101135.362133,30,17,67
1742101135.398133,36,-32,-60
1742101135.4331331,-33,33,-54
1742101135.468133,-51,35,-96
1742101135.504133,-1,-36,-60
1742101135.539133,4,-12,-64
1742101135.575133,24,-2,-66
1742101135.6101332,-35,-4,3
1742101135.6461332,54,-72,35
1742101135.681133,-13,-30,-272
1742101135.716133,2,60,-82
1742101135.7521331,-27,-11,-64
1742101135.787133,-11,30,-106
1742101135.823133,20,-11,-52
1742101135.858133,4,20,-78
1742101135.894133,-23,14,-90
1742101135.9291332,52,-31,-132
1742101135.964133,-71,-103,-60
1742101136.000133,-83,38,-62
1742101136.0351331,-7,56,-36
1742101136.0711331,32,26,-54
1742101136.106133,36,-19,-84
1742101136.142133,-5,4,69
1742101136.177133,22,72,-52
1742101136.2121332,2,-35,-78
1742101136.2481332,22,32,-62
1742101136.283133,30,32,-114
1742101136.319133,74,34,-114
1742101136.3541331,12,-27,-260
1742101136.3901331,74,20,-108
1742101136.425133,-21,-49,-10
1742101136.460133,-61,4,159
1742101136.496133,-79,-40,5
1742101136.5311332,-13,-60,-8
1742101136.5671332,26,-21,-42
1742101136.602133,-59,26,23
1742101136.638133,14,57,-92
1742101136.6731331,-11,-4,-62
1742101136.708133,-7,-42,-18
1742101136.744133,-1,73,-88
1742101136.779133,-9,33,27
1742101136.815133,-33,59,-138
1742101136.8501332,-9,45,-62
1742101136.8861332,-51,7,-96
1742101136.921133,-7,-24,29
1742101136.9561331,-41,8,57
1742101136.9921331,-29,-19,-108
1742101137.027133,-47,-21,-114
1742101137.063133,6,18,-178
1742101137.098133,-33,20,-18
1742101137.134133,54,22,-148
1742101137.1691332,-59,22,69
1742101137.204133,76,46,93
1742101137.240133,-65,35,3
1742101137.2751331,42,5,-76
1742101137.3111331,-39,47,-134
1742101137.346133,16,61,49
1742101137.382133,66,69,-28
1742101137.418133,-17,17,-26
1742101137.453133,30,-4,-68
1742101137.4881332,142,11,25
1742101137.524133,-20,3,-120
1742101137.560133,28,-20,-98
1742101137.595133,-1,29,-72
1742101137.631133,4,-30,-66
1742101137.6661332,-3,-43,-4
1742101137.701133,-53,19,-62
1742101137.736133,68,-9,1
1742101137.772133,28,-37,33
1742101137.8081331,-11,23,-12
1742101137.843133,64,21,-14
1742101137.879133,16,55,23
1742101137.914133,38,97,-79
1742101137.9491332,-91,31,14
1742101137.984133,-23,87,-81
1742101138.020133,8,-12,-41
1742101138.056133,-49,13,-101
1742101138.091133,-41,29,-39
1742101138.1271331,-17,-22,8
1742101138.162133,18,3,-59
1742101138.197133,-55,-52,-43
1742101138.2321332,46,-22,-131
1742101138.2681332,-17,-122,-3
1742101138.3041332,-33,11,-41
1742101138.339133,2,23,-7
1742101138.375133,-43,17,14
1742101138.4101331,22,-42,-171
1742101138.445133,52,29,18
1742101138.480133,0,-36,-27
1742101138.516133,10,-39,-7
1742101138.552133,134,47,-85
1742101138.5871332,20,-51,54
1742101138.6231332,18,10,-33
1742101138.658133,62,30,30
1742101138.693133,-29,5,32
1742101138.7281332,22,29,-109
1742101138.764133,-17,-16,-41
1742101138.800133,-7,71,-119
1742101138.835133,-43,14,-7
1742101138.871133,-19,-6,-157
1742101138.9061332,-13,-2,-39
1742101138.941133,74,-56,53
1742101138.976133,-43,-8,-30
1742101139.0121331,62,-40,-110
1742101139.0481331,-11,-18,-38
1742101139.083133,16,-10,-80
1742101139.119133,14,-16,93
1742101139.154133,8,-6,-40
1742101139.1891332,-35,-34,0
1742101139.224133,-21,-4,-74
1742101139.260133,-5,-31,-88
1742101139.296133,-53,-1,-18
1742101139.3311331,-87,6,-10
1742101139.3671331,-9,20,-64
1742101139.402133,62,84,-42
1742101139.444133,-79,46,-26
1742101139.480133,-29,-7,69
1742101139.516133,64,60,-28
1742101139.552133,-37,-7,-32
1742101139.5871332,-57,14,-22
1742101139.6231332,60,14,-124
1742101139.658133,54,40,-52
1742101139.693133,-59,40,35
1742101139.7281332,54,40,-54
1742101139.764133,124,14,-28
1742101139.800133,46,2,-114
1742101139.835133,-29,-11,-2
1742101139.871133,-39,-27,-118
1742101139.9061332,-43,16,-180
1742101139.941133,6,63,-116
1742101139.976133,90,-15,-60
1742101140.0121331,14,-70,-46
1742101140.0481331,2,-94,-20
1742101140.083133,42,-50,-44
1742101140.119133,-61,-2,-96
1742101140.154133,22,-44,23
1742101140.1891332,-5,-24,-54
1742101140.224133,-21,-24,3
1742101140.260133,58,-16,-2
1742101140.296133,-13,24,-28
1742101140.3311331,-5,-10,-26
1742101140.3671331,-87,24,-34
1742101140.402133,30,26,-78
1742101140.437133,-1,-7,-96
1742101140.4721332,4,-1,-158
1742101140.5081332,14,-7,3
1742101140.5441332,52,-40,-94
1742101140.579133,-1,23,-44
1742101140.615133,12,-17,-39
1742101140.6501331,12,-31,-83
1742101140.685133,26,-39,-49
1742101140.720133,44,-42,-129
1742101140.756133,-43,3,-77
1742101140.792133,14,-6,-65
1742101140.8271332,-83,38,-89
1742101140.8631332,-25,78,-41
1742101140.898133,-11,-29,-51
1742101140.9331331,18,-71,20
1742101140.9691331,-43,22,-5
1742101141.004133,10,-21,-69
1742101141.040133,58,-17,-61
1742101141.075133,116,32,-15
1742101141.111133,42,16,10
1742101141.1461332,32,14,62
1742101141.181133,66,-45,-15
1742101141.216133,-79,6,-47
1742101141.2521331,-41,24,-61
1742101141.2881331,-39,12,-79
1742101141.323133,12,-9,-111
1742101141.359133,-35,24,-21
1742101141.394133,44,26,40
1742101141.4291332,2,40,-47
1742101141.464133,-28,2,-99
1742101141.500133,3,96,-67
1742101141.536133,16,-25,-85
1742101141.5711331,-29,16,-49
1742101141.6071332,-17,-41,-81
1742101141.642133,76,30,39
1742101141.677133,46,10,-36
1742101141.713133,-35,22,-96
1742101141.7481332,22,24,5
1742101141.7841332,-57,-1,-160
1742101141.819133,0,36,111
1742101141.855133,29,-59,-26
1742101141.8901331,-47,-49,-120
1742101141.925133,30,56,37
1742101141.961133,28,-13,-66
1742101141.996133,15,110,-84
1742101142.032133,18,-9,-107
1742101142.0671332,82,74,92
1742101142.1031332,-81,14,-13
1742101142.138133,36,-41,-79
1742101142.1731331,-55,14,-23
1742101142.2091331,18,-15,-16
1742101142.244133,12,-115,-38
1742101142.280133,32,-19,-114
1742101142.315133,60,-27,-198
1742101142.351133,-17,14,75
1742101142.3861332,6,52,-156
1742101142.421133,16,-19,-24
1742101142.457133,-7,-37,-20
1742101142.4921331,-45,2,-52
1742101142.5281332,70,12,31
1742101142.563133,56,0,-34
1742101142.599133,-7,-49,-38
1742101142.634133,-51,14,11
1742101142.6691332,36,-26,-96
1742101142.7051332,-47,-37,-188
1742101142.740133,9,22,-126
1742101142.776133,3,-42,47
1742101142.8111331,-11,-70,13
1742101142.8471332,-17,-44,-84
1742101142.882133,-78,-96,-54
1742101142.917133,32,55,-106
1742101142.953133,24,29,-36
1742101142.9881332,48,27,-116
1742101143.024133,8,-28,15
1742101143.059133,-43,19,-202
1742101143.095133,-8,-47,-42
1742101143.1301332,-74,-2,-67
1742101143.165133,87,-36,-57
1742101143.201133,13,55,-101
1742101143.236133,-44,0,-117
1742101143.272133,7,5,54
1742101143.3071332,-42,-18,0
1742101143.343133,-76,-36,0
1742101143.378133,-44,51,54
1742101143.4131331,31,-46,-53
1742101143.4491332,-7,31,86
1742101143.484133,12,19,-136
1742101143.520133,24,57,-77
1742101143.555133,68,56,49
1742101143.591133,-10,32,-32
1742101143.626133,-44,-30,-160
1742101143.661133,-40,-56,-10
1742101143.697133,3,-57,-120
1742101143.7321332,-6,-70,-26
1742101143.7681332,-86,79,-74
1742101143.803133,43,3,-95
1742101143.839133,-16,45,-17
1742101143.874133,9,13,-69
1742101143.9091332,-2,55,-169
1742101143.945133,67,-8,-67
1742101143.980133,-70,-4,44
1742101144.016133,-12,-44,-61
1742101144.0511332,9,-66,-41
1742101144.086133,-42,-32,-177
1742101144.121133,41,25,-99
1742101144.157133,-30,33,76
1742101144.193133,-26,-78,-73
1742101144.2281332,-46,-2,-7
1742101144.264133,-78,1,-61
1742101144.299133,3,-4,-47
1742101144.3341331,-42,-16,-111
1742101144.369133,-22,21,-51
1742101144.405133,29,-34,14
1742101144.441133,55,-56,-135
1742101144.476133,3,67,-57
1742101144.5121331,7,67,-103
1742101144.547133,-98,-60,-5
1742101144.582133,7,-32,-33
1742101144.6171331,13,47,130
1742101144.6531332,7,17,-13
1742101144.6891332,-44,37,82
1742101144.724133,-70,0,100
1742101144.760133,-8,7,-3
1742101144.795133,-44,-18,-73
1742101144.8301332,-6,73,36
1742101144.865133,7,-18,-3
1742101144.901133,-16,-12,-43
1742101144.937133,-24,45,-11
1742101144.9721332,0,-14,-13
1742101145.0081332,27,3,-15
1742101145.043133,12,-38,18
1742101145.078133,-39,-28,-67
1742101145.1131332,5,19,-47
1742101145.149133,57,-92,-13
1742101145.185133,3,35,22
1742101145.220133,71,-72,-65
1742101145.256133,-51,-68,-199
1742101145.2911332,9,-8,-145
1742101145.326133,-22,-54,-105
1742101145.361133,17,27,46
1742101145.397133,14,-42,96
1742101145.4331331,59,21,-35
1742101145.468133,-24,39,24
1742101145.504133,-17,-12,-41
1742101145.539133,23,55,-73
1742101145.5741332,1,43,-19
1742101145.609133,39,61,-127
1742101145.645133,-9,33,-49
1742101145.681133,-39,11,-1
1742101145.716133,-58,-34,-45
1742101145.7521331,-96,81,-61
1742101145.787133,53,79,-69
1742101145.822133,-21,-36,-24
1742101145.8571332,-8,-22,-187
1742101145.8931332,72,-118,-219
1742101145.9291332,87,21,-45
1742101145.964133,-84,25,-57
1742101146.000133,13,89,-19
1742101146.0351331,15,9,20
1742101146.070133,56,53,12
1742101146.105133,-25,-36,80
1742101146.141133,-60,53,-73
1742101146.177133,-54,-38,28
1742101146.2121332,29,-54,-158
1742101146.2481332,-16,-6,-56
1742101146.283133,-44,39,-122
1742101146.318133,-60,-16,-214
1742101146.3531332,-20,45,41
1742101146.389133,31,9,-16
1742101146.425133,-7,13,3
1742101146.460133,4,73,-31
1742101146.496133,32,15,-108
1742101146.5311332,-39,25,-101
1742101146.566133,47,-32,10
1742101146.601133,33,31,-1
1742101146.6371331,-16,-24,-79
1742101146.6731331,3,15,-71
1742101146.708133,0,79,-103
1742101146.744133,1,23,-61
1742101146.779133,5,-40,-15
1742101146.8141332,41,-20,-109
1742101146.849133,-44,115,-27
1742101146.885133,9,25,-57
1742101146.921133,-80,31,-43
1742101146.9561331,0,57,4
1742101146.9921331,-79,43,4
1742101147.027133,-63,-12,-19
1742101147.062133,10,-50,-51
1742101147.0971332,-83,25,-167
1742101147.1331332,-53,31,-1
1742101147.1691332,-53,41,-59
1742101147.204133,-29,-17,-113
1742101147.240133,26,-39,-95
1742101147.2751331,36,-39,-31
1742101147.310133,10,2,-51
1742101147.345133,18,42,-87
1742101147.381133,-101,38,34
1742101147.417133,40,29,6
1742101147.4521332,102,-26,8
1742101147.4881332,-13,19,-37
1742101147.523133,44,15,-113
1742101147.5581331,18,65,8
1742101147.593133,2,-56,-31
1742101147.629133,-3,-28,-89
1742101147.665133,54,13,24
1742101147.700133,-15,-22,-115
1742101147.736133,-19,-46,24
1742101147.7711332,46,35,0
1742101147.806133,76,15,-15
1742101147.841133,4,41,30
1742101147.8771331,42,59,10
1742101147.9131331,8,31,-121
1742101147.948133,-72,50,86
1742101147.984133,-46,-11,-79
1742101148.019133,-26,-7,-177
1742101148.0541332,-31,-34,-17
1742101148.0901332,35,25,26
1742101148.125133,-68,35,-107
1742101148.161133,23,-42,-13
1742101148.1961331,-34,-35,-21
1742101148.2321332,31,-6,-35
1742101148.267133,39,25,-157
1742101148.302133,9,23,10
1742101148.338133,-86,-46,-145
1742101148.3731332,-4,27,74
1742101148.4091332,-96,0,-71
1742101148.444133,-16,7,-95
1742101148.480133,-36,-59,-171
1742101148.5151331,0,38,-27
1742101148.552133,68,-33,-99
1742101148.5871332,14,34,-19
1742101148.622133,6,-55,98
1742101148.658133,-17,41,-111
1742101148.693133,76,72,-119
1742101148.7291331,4,25,-3
1742101148.764133,-35,-4,-15
1742101148.800133,6,-64,-161
1742101148.835133,-31,95,-103
1742101148.8701332,42,-28,143
1742101148.9061332,-29,21,-37
1742101148.941133,48,43,-146
1742101148.977133,-11,17,-4
1742101149.0121331,48,17,-46
1742101149.0481331,-11,-24,-92
1742101149.083133,-17,-2,-124
1742101149.118133,-21,-24,-94
1742101149.154133,38,43,-10
1742101149.1891332,56,7,-16
1742101149.2251332,-11,-38,-22
1742101149.260133,22,15,-168
1742101149.296133,-41,-44,-68
1742101149.3311331,60,41,-34
1742101149.366133,36,-6,-62
1742101149.402133,-11,-16,-24
1742101149.437133,-77,-80,-144
1742101149.480133,46,-16,7
1742101149.516133,0,51,-128
1742101149.552133,-43,63,21
1742101149.5871332,-57,-33,-48
1742101149.622133,40,51,-138
1742101149.658133,-25,-12,-60
1742101149.693133,104,34,-40
1742101149.7291331,34,-57,-86
1742101149.764133,-19,25,-86
1742101149.800133,42,7,-98
1742101149.835133,30,17,-68
1742101149.8701332,40,-23,-102
1742101149.9061332,40,-23,-138
1742101149.941133,-7,33,-38
1742101149.977133,-55,25,-100
1742101150.0121331,-5,7,-106
1742101150.0481331,68,2,25
1742101150.083133,-33,-71,-10
1742101150.118133,36,-9,-66
1742101150.154133,-37,32,13
1742101150.1891332,38,-65,-59
1742101150.2251332,86,-37,24
1742101150.260133,-15,38,0
1742101150.296133,92,-13,64
1742101150.3311331,32,-1,8
1742101150.366133,86,40,-117
1742101150.402133,-53,-33,-33
1742101150.437133,-59,-13,-53
1742101150.473133,-31,-45,-61
1742101150.5081332,76,-27,-137
1742101150.5441332,-15,-91,-37
1742101150.5801332,20,-63,18
1742101150.615133,-27,44,-65
1742101150.6501331,8,-28,-5
1742101150.6861331,16,21,-71
1742101150.7221332,-41,49,-17
1742101150.757133,-91,-22,-131
1742101150.793133,16,-6,-83
1742101150.828133,-41,1,-77
1742101150.8631332,-43,-4,-41
1742101150.898133,16,53,-47
1742101150.934133,22,53,28
1742101150.970133,-43,61,-85
1742101151.0051332,44,77,-69
1742101151.0411332,2,65,-21
1742101151.076133,74,-8,-23
1742101151.111133,-3,-10,-81
1742101151.1461332,36,17,-5
1742101151.1821332,32,-50,56
1742101151.218133,42,15,26
1742101151.253133,6,-80,-115
1742101151.289133,-29,-49,-91
1742101151.3241332,-29,1,-59
1742101151.359133,44,-35,-149
1742101151.394133,6,-25,-75
1742101151.430133,-15,-23,2
1742101151.466133,44,66,-113
1742101151.501133,84,-5,6
1742101151.537133,108,-91,36
1742101151.572133,-47,52,-123
1742101151.6071332,-53,-15,-89
1742101151.642133,-49,56,3
1742101151.678133,-11,-43,-84
1742101151.714133,5,-1,-64
1742101151.749133,51,8,61
1742101151.7851331,-20,-26,-28
1742101151.820133,-130,-28,-48
1742101151.855133,-14,-33,-40
1742101151.8901331,-4,7,-10
1742101151.9261332,17,-10,-84
1742101151.9621332,-26,61,-22
1742101151.997133,-38,1,-68
1742101152.033133,0,37,-90
1742101152.068133,-80,-76,-96
1742101152.1031332,-12,11,13
1742101152.138133,-66,0,-136
1742101152.174133,19,9,9
1742101152.210133,69,13,-124
1742101152.2451332,19,-72,-110
1742101152.2811332,51,61,-36
1742101152.316133,53,-32,-12
1742101152.351133,5,31,-68
1742101152.3861332,-10,9,-66
1742101152.422133,-2,32,-46
1742101152.458133,7,-17,-138
1742101152.493133,3,27,73
1742101152.529133,137,19,-106
1742101152.5641332,53,25,33
1742101152.599133,29,13,31
1742101152.634133,-22,35,-14
1742101152.670133,43,27,-52
1742101152.7061331,15,-46,-18
1742101152.741133,-2,-64,-130
1742101152.777133,7,71,0
1742101152.812133,-20,-4,-42
1742101152.8471332,9,47,35
1742101152.882133,-58,0,-186
1742101152.918133,69,-50,-76
1742101152.954133,25,63,-30
1742101152.9891331,59,-39,-134
1742101153.0251331,-60,9,-170
1742101153.060133,-22,-36,-26
1742101153.095133,25,-2,-58
1742101153.1301332,-58,16,-220
1742101153.1661332,-10,29,133
1742101153.2021332,-36,19,-44
1742101153.237133,29,-34,-38
1742101153.273133,55,13,83
1742101153.3081331,63,25,-4
1742101153.343133,-57,-14,-42
1742101153.378133,-10,-38,-100
1742101153.414133,19,39,29
1742101153.450133,1,-4,-32
1742101153.4851332,29,13,31
1742101153.5211332,21,-46,0
1742101153.556133,-26,-36,-20
1742101153.591133,-44,-76,-100
1742101153.626133,-14,5,-56
1742101153.662133,-54,-42,-40
1742101153.698133,-39,57,-128
1742101153.733133,-61,29,-42
1742101153.769133,-19,-48,-28
1742101153.8041332,-35,63,-66
1742101153.839133,43,15,-36
1742101153.874133,-30,-44,-134
1742101153.9101331,-16,35,-20
1742101153.9461331,-38,-24,33
1742101153.981133,37,53,3
1742101154.017133,27,7,-88
1742101154.052133,110,13,31
1742101154.0871332,-37,-48,-82
1742101154.122133,-14,-72,-34
1742101154.158133,-79,79,103
1742101154.194133,-11,27,-125
1742101154.2291331,-13,5,-75
1742101154.2651331,26,-26,-114
1742101154.300133,-1,15,0
1742101154.335133,-17,29,-212
1742101154.3701332,-55,29,-156
1742101154.4061332,94,-34,33
1742101154.4421332,22,51,-50
1742101154.477133,26,75,-102
1742101154.513133,-41,-24,-112
1742101154.5481331,-15,-16,-60
1742101154.583133,20,123,-178
1742101154.619133,-11,-16,-54
1742101154.654133,62,33,-36
1742101154.690133,-87,-18,80
1742101154.7251332,30,-6,-107
1742101154.7611332,70,-10,-115
1742101154.796133,-61,105,-13
1742101154.8311331,84,-22,-69
1742101154.8671331,-5,-52,-13
1742101154.902133,6,-40,-59
1742101154.938133,-21,18,30
1742101154.973133,28,58,-25
1742101155.009133,-19,-7,-33
1742101155.0441332,-49,46,-79
1742101155.079133,-41,28,42
1742101155.115133,112,46,10
1742101155.1501331,-69,-9,-87
1742101155.1861331,34,36,-113
1742101155.221133,-25,6,-43
1742101155.257133,-11,50,2
1742101155.292133,56,24,34
1742101155.3271332,34,44,-43
1742101155.3631332,-33,-63,-101
1742101155.398133,14,0,-72
1742101155.434133,12,-59,-48
1742101155.4691331,-9,28,-122
1742101155.5051332,-11,92,1
1742101155.540133,22,0,-108
1742101155.575133,-83,-21,-60
1742101155.611133,-1,-5,35
1742101155.6461332,0,50,1
1742101155.6821332,24,0,-131
1742101155.717133,26,64,6
1742101155.753133,-43,80,-13
1742101155.7881331,-45,0,-69
1742101155.823133,4,-29,38
1742101155.859133,-7,-14,8
1742101155.894133,4,1,-123
1742101155.930133,26,53,-49
1742101155.9651332,-95,-74,-149
1742101156.001133,36,41,21
1742101156.036133,28,-58,53
1742101156.0711331,-9,63,-76
1742101156.1071332,38,-62,-72
1742101156.142133,-59,0,-82
1742101156.178133,-53,24,32
1742101156.213133,-7,-35,22
1742101156.249133,54,-41,-83
1742101156.2841332,30,-13,58
1742101156.319133,10,28,63
1742101156.355133,-23,-93,-138
1742101156.3901331,12,38,-92
1742101156.4261332,34,0,65
1742101156.461133,-31,-7,-112
1742101156.497133,-31,9,-72
1742101156.532133,60,-96,11
1742101156.5671332,-39,13,9
1742101156.6031332,6,19,-20
1742101156.638133,6,-23,-114
1742101156.674133,-27,-19,-34
1742101156.7091331,-11,-27,-112
1742101156.7451332,16,-3,-33
1742101156.780133,18,-15,8
1742101156.815133,28,-9,-31
1742101156.851133,-21,12,-33
1742101156.8861332,32,12,-73
1742101156.922133,20,18,-90
1742101156.957133,-3,14,-82
1742101156.9921331,1,-3,33
1742101157.027133,35,-103,-48
1742101157.063133,-66,2,-50
1742101157.099133,9,-11,-64
1742101157.134133,65,-51,-64
1742101157.170133,-160,26,93
1742101157.2051332,47,62,-36
1742101157.240133,-50,0,55
1742101157.2751331,-6,-15,-32
1742101157.3111331,63,22,-34
1742101157.3471332,-20,16,13
1742101157.382133,15,-27,81
1742101157.418133,5,34,-90
1742101157.453133,17,108,-8
1742101157.4881332,55,4,-16
1742101157.523133,-22,-11,-104
1742101157.559133,-40,-57,23
1742101157.595133,29,8,-80
1742101157.6301332,-40,36,-76
1742101157.6661332,-50,-17,-42
1742101157.701133,-56,-59,57
1742101157.736133,71,-43,-76
1742101157.7711332,21,28,-58
1742101157.8071332,45,-27,-172
1742101157.843133,39,4,67
1742101157.878133,-5,-41,-108
1742101157.914133,-59,-59,-14
1742101157.9491332,-59,28,-28
1742101157.984133,10,22,-106
1742101158.019133,20,28,21
1742101158.055133,34,12,-46
1742101158.091133,-3,-23,-172
1742101158.126133,66,14,-50
1742101158.162133,24,-29,-150
1742101158.197133,54,72,-74
1742101158.2321332,42,108,-42
1742101158.267133,6,-7,-54
1742101158.303133,-19,-41,41
1742101158.339133,-31,56,-76
1742101158.374133,-3,-37,-60
1742101158.4101331,52,-61,-32
1742101158.445133,-3,-59,-74
1742101158.480133,34,-11,-88
1742101158.5151331,-19,56,-60
1742101158.5511332,2,-61,-62
1742101158.5871332,-47,106,-40
1742101158.622133,-15,-15,-14
1742101158.658133,20,-9,-130
1742101158.693133,20,66,-20
1742101158.7281332,-11,-27,-44
1742101158.763133,70,-45,-124
1742101158.799133,-65,-21,-62
1742101158.835133,-25,-25,-8
1742101158.8701332,12,2,-76
1742101158.9061332,32,44,-90
1742101158.941133,80,34,53
1742101158.976133,-69,102,3
1742101159.0111332,-55,-31,-152
1742101159.047133,-17,-5,-26
1742101159.083133,38,12,-28
1742101159.118133,52,4,5
1742101159.154133,30,-39,-150
1742101159.1891332,32,0,15
1742101159.224133,-27,66,31
1742101159.259133,32,31,45
1742101159.295133,64,-86,-2
1742101159.3311331,4,-52,-64
1742101159.366133,84,-30,-20
1742101159.402133,26,55,-48
1742101159.437133,72,45,7
1742101159.4721332,-49,-66,-90
1742101159.5151331,20,43,-28
1742101159.5511332,32,-14,-6
1742101159.5871332,36,37,-50
1742101159.622133,78,13,-34
1742101159.658133,-33,0,-12
1742101159.693133,-75,-12,17
1742101159.7281332,-25,5,-68
1742101159.763133,64,-8,-34
1742101159.799133,-43,-50,134
1742101159.835133,-35,-24,-39
1742101159.8701332,-25,-2,-145
1742101159.9061332,-73,-108,-135
1742101159.941133,-25,-48,44
1742101159.976133,-23,7,8
1742101160.0111332,-57,31,-102
1742101160.047133,6,-86,-106
1742101160.083133,56,43,8
1742101160.118133,-67,-8,-89
1742101160.154133,30,-12,-57
1742101160.1891332,90,19,-79
1742101160.226133,28,-61,-121
1742101160.2611332,28,-57,-77
1742101160.296133,54,-25,6
1742101160.3311331,-37,18,48
1742101160.3671331,26,30,30
1742101160.4031332,-23,49,36
1742101160.438133,-73,-10,-73
1742101160.474133,10,18,-79
1742101160.509133,-29,-81,-41
1742101160.5441332,60,2,22
1742101160.579133,98,0,45
1742101160.615133,86,-25,25
1742101160.651133,14,33,90
1742101160.6861331,-11,52,-99
1742101160.7221332,30,-1,-7
1742101160.757133,26,4,-109
1742101160.792133,24,18,-89
1742101160.8271332,12,39,-81
1742101160.8631332,-33,0,-17
1742101160.899133,-43,71,-17
1742101160.934133,-5,-26,-39
1742101160.970133,14,-2,16
1742101161.0051332,56,27,-137
1742101161.040133,6,-24,-75
1742101161.075133,-43,5,0
1742101161.111133,16,49,62
1742101161.147133,-19,-32,32
1742101161.1821332,-9,41,42
1742101161.218133,-45,19,-105
1742101161.253133,-11,11,-15
1742101161.2881331,-109,-68,-105
1742101161.3241332,-79,39,-17
1742101161.359133,-13,-70,0
1742101161.395133,-39,-66,-39
1742101161.430133,-17,19,-101
1742101161.466133,-21,15,54
1742101161.501133,18,-18,-71
1742101161.536133,-2,-22,-131
1742101161.572133,-28,-86,-179
1742101161.6071332,-56,-30,45
1742101161.6431332,-22,-2,-56
1742101161.678133,-8,57,-164
1742101161.714133,-2,-44,92
1742101161.749133,47,-6,12
1742101161.7841332,-68,-38,44
1742101161.820133,5,-75,-23
1742101161.855133,11,44,-109
1742101161.891133,19,58,-7
1742101161.9261332,55,-27,-66
1742101161.9621332,-38,71,-44
1742101161.997133,45,-2,-46
1742101162.032133,-6,11,-38
1742101162.068133,0,22,-33
1742101162.1031332,-60,16,64
1742101162.139133,2,-65,-33
1742101162.174133,-21,26,-137
1742101162.210133,-79,-33,-55
1742101162.2451332,-55,66,-43
1742101162.280133,36,-89,-77
1742101162.316133,-43,110,-45
1742101162.351133,-38,-39,-15
1742101162.3871331,-62,36,-29
1742101162.422133,-2,4,-41
1742101162.458133,76,16,48
1742101162.493133,-2,-5,-11
1742101162.5281332,21,66,-71
1742101162.5641332,-21,44,65
1742101162.599133,-3,30,-110
1742101162.635133,-123,-22,-120
1742101162.670133,4,-80,-52
1742101162.7061331,-63,15,-4
1742101162.741133,-37,-6,1
1742101162.776133,0,55,-50
1742101162.812133,-41,-46,43
1742101162.8471332,60,-3,-12
1742101162.8831332,18,84,-110
1742101162.918133,-19,16,-64
1742101162.954133,6,-33,-70
1742101162.9891331,72,8,77
1742101163.024133,45,12,-32
1742101163.060133,46,-25,17
1742101163.095133,-5,-26,-154
1742101163.131133,61,5,-90
1742101163.1661332,-46,-64,97
1742101163.2021332,-65,1,11
1742101163.237133,64,-2,-106
1742101163.272133,26,33,-112
1742101163.3081331,26,7,-66
1742101163.343133,-1,29,-66
1742101163.379133,-1,12,-42
1742101163.414133,-13,-13,1
1742101163.450133,14,-74,-72
1742101163.486133,-9,2,-76
1742101163.522133,-95,-56,-168
1742101163.5581331,78,-28,-112
1742101163.5941331,44,38,-32
1742101163.6301332,10,-27,-224
1742101163.665133,-7,-28,-38
1742101163.700133,-13,-20,39
1742101163.736133,12,14,-146
1742101163.772133,-74,53,-102
1742101163.8071332,41,-44,61
1742101163.843133,34,22,57
1742101163.878133,-47,54,-104
1742101163.9131331,-11,-15,-83
1742101163.948133,-3,10,-77
1742101163.984133,-20,23,-47
1742101164.020133,22,-24,-88
1742101164.055133,-27,25,-54
1742101164.091133,18,11,17
1742101164.126133,-25,41,-170
1742101164.161133,76,37,-15
1742101164.1961331,10,-14,0
1742101164.2321332,16,39,-80
1742101164.2681332,-29,87,-181
1742101164.303133,-67,-42,-37
1742101164.339133,-28,-6,-105
1742101164.374133,-28,33,24
1742101164.4091332,14,31,34
1742101164.444133,24,39,-21
1742101164.480133,-3,29,12
1742101164.516133,-5,-2,-43
1742101164.5511332,-17,23,-31
1742101164.5871332,-46,-30,2
1742101164.622133,40,75,56
1742101164.657133,-7,5,-9
1742101164.6921332,12,-8,-39
1742101164.7281332,-3,-70,-99
1742101164.764133,20,-6,56
1742101164.799133,-33,-6,-85
1742101164.835133,-21,-2,60
1742101164.8701332,-85,-4,54
1742101164.905133,22,-4,-23
1742101164.940133,8,2,-115
1742101164.976133,-1,16,26
1742101165.0121331,-27,10,-59
1742101165.047133,-21,-13,-75
1742101165.083133,-33,-41,-77
1742101165.118133,-51,-35,-131
1742101165.1531332,-37,46,-49
1742101165.188133,-35,-25,0
1742101165.224133,-31,16,-105
1742101165.260133,0,18,-139
1742101165.295133,8,-5,134
1742101165.3311331,84,66,-109
1742101165.366133,44,-21,-1
1742101165.401133,80,78,-85
1742101165.4361331,-71,44,-17
1742101165.4721332,60,-17,-73
1742101165.5081332,14,-19,20
1742101165.543133,-35,-19,-93
1742101165.579133,-21,12,-9
1742101165.6141331,6,52,-11
1742101165.649133,-73,34,-13
1742101165.684133,-5,26,-1
1742101165.720133,-19,50,-155
1742101165.756133,-21,-1,-185
1742101165.7911332,36,-35,-101
1742101165.8271332,19,36,-85
1742101165.862133,-41,-13,-17
1742101165.897133,9,10,-7
1742101165.9321332,20,-31,-89
1742101165.968133,-9,-42,-117
1742101166.004133,-3,-8,-183
1742101166.039133,-1,-71,-81
1742101166.075133,-3,58,-49
1742101166.1101332,-59,20,16
1742101166.145133,32,-59,-45
1742101166.180133,79,36,-9
1742101166.216133,-14,-15,-25
1742101166.2521331,-58,-57,52
1742101166.287133,35,-45,24
1742101166.323133,-34,-55,-165
1742101166.358133,53,-3,-165
1742101166.3931332,23,12,-15
1742101166.428133,52,-35,-95
1742101166.464133,14,-21,16
1742101166.500133,66,24,-49
1742101166.5351331,-37,-51,-79
1742101166.5711331,75,28,-147
1742101166.606133,33,-27,48
1742101166.641133,-4,-13,-73
1742101166.6761332,39,10,-107
1742101166.7121332,-31,32,-33
1742101166.7481332,-10,-49,-177
1742101166.783133,34,-73,0
1742101166.819133,-7,-11,-87
1742101166.8541331,-57,40,-115
1742101166.889133,82,-27,-65
1742101166.924133,2,16,-23
1742101166.960133,22,-63,26
1742101166.996133,28,-21,-25
1742101167.0311332,76,1,6
1742101167.0671332,64,-5,-31
1742101167.102133,-51,-39,44
1742101167.1371331,60,0,-89
1742101167.172133,68,-61,-153
1742101167.208133,34,10,-31
1742101167.244133,-23,28,-45
1742101167.279133,-27,44,4
1742101167.315133,16,21,-37
1742101167.3501332,-7,73,-113
1742101167.385133,-11,-62,8
1742101167.420133,-33,-10,118
1742101167.4561331,-15,-46,-37
1742101167.4921331,-23,21,-167
1742101167.527133,-3,69,-63
1742101167.563133,-19,41,10
1742101167.598133,-11,1,-157
1742101167.6331332,40,-44,-87
1742101167.6691332,40,9,18
1742101167.704133,107,-2,-107
1742101167.740133,48,-52,-23
1742101167.7751331,-20,-67,-41
1742101167.8111331,81,-9,-35
1742101167.846133,41,-37,4
1742101167.881133,95,14,-105
1742101167.917133,97,42,-117
1742101167.9521332,21,-35,-63
1742101167.9881332,49,-5,-115
1742101168.023133,83,8,-23
1742101168.059133,11,47,-107
1742101168.0941331,-26,77,-25
1742101168.129133,77,-6,-117
1742101168.165133,-65,-22,-15
1742101168.200133,35,17,-59
1742101168.236133,59,5,-55
1742101168.2711332,-100,71,-125
1742101168.3071332,34,25,-37
1742101168.342133,-41,-2,-17
1742101168.3771331,-34,97,-115
1742101168.4131331,-56,15,-167
1742101168.448133,25,-5,-85
1742101168.484133,-38,10,-95
1742101168.519133,47,6,-133
1742101168.555133,55,-21,-99
1742101168.5901332,19,-34,-15
1742101168.625133,23,-9,-1
1742101168.661133,37,-53,-79
1742101168.6961331,-20,-59,104
1742101168.7321332,0,106,-21
1742101168.767133,28,28,-125
1742101168.803133,-36,-17,10
1742101168.838133,11,40,22
1742101168.8731332,59,60,-11
1742101168.9091332,59,-11,4
1742101168.944133,-40,18,-97
1742101168.980133,-24,30,-123
1742101169.0151331,-52,-25,-31
1742101169.0511332,77,46,-47
1742101169.086133,23,38,-69
1742101169.121133,33,26,64
1742101169.157133,-40,-11,54
1742101169.1921332,-8,66,-102
1742101169.2281332,59,6,-71
1742101169.263133,-38,-27,-122
1742101169.299133,-56,16,-99
1742101169.3341331,-41,90,-91
1742101169.369133,-65,12,-75
1742101169.405133,-16,94,-106
1742101169.440133,39,98,113
1742101169.476133,47,0,-60
1742101169.5181332,-11,50,-30
1742101169.555133,4,-29,-22
1742101169.5901332,-23,-59,9
1742101169.625133,-21,2,-24
1742101169.661133,32,-52,-122
1742101169.6961331,-3,13,-98
1742101169.7321332,78,-76,19
1742101169.767133,62,58,57
1742101169.803133,-3,78,53
1742101169.838133,68,-67,-10
1742101169.8731332,22,-11,1
1742101169.9091332,-35,16,11
1742101169.944133,38,50,-4
1742101169.980133,-13,80,-36
1742101170.0151331,-1,24,3
1742101170.050133,-7,2,-18
1742101170.085133,40,24,-24
1742101170.121133,10,-61,-92
1742101170.157133,-17,2,75
1742101170.1921332,-43,-11,27
1742101170.2281332,-49,52,23
1742101170.263133,22,14,-110
1742101170.2981331,-25,38,-6
1742101170.333133,-93,52,-82
1742101170.369133,-29,-22,92
1742101170.405133,32,-26,-103
1742101170.440133,-71,-18,-1
1742101170.476133,36,-66,-163
1742101170.5111332,18,-8,-111
1742101170.546133,26,-34,12
1742101170.5811331,-47,67,-59
1742101170.6171331,-73,-36,-9
1742101170.6531332,24,1,-45
1742101170.688133,4,1,-185
1742101170.724133,10,-4,-113
1742101170.759133,8,-58,-63
1742101170.7941332,-9,-26,-81
1742101170.829133,28,1,4
1742101170.865133,16,26,-70
1742101170.901133,-51,-75,-90
1742101170.9361331,12,42,-38
1742101170.9721332,-23,7,-87
1742101171.007133,4,5,-125
1742101171.042133,80,5,-27
1742101171.0771332,14,-26,-5
1742101171.1131332,54,-52,-47
1742101171.149133,-19,19,-31
1742101171.184133,20,-18,-41
1742101171.220133,-5,5,-47
1742101171.2551332,-19,-24,-127
1742101171.290133,12,-32,-11
1742101171.325133,-119,-78,-57
1742101171.361133,-39,-12,74
1742101171.397133,-7,-43,56
1742101171.4321332,34,2,-13
1742101171.468133,0,48,-101
1742101171.503133,-17,72,-15
1742101171.5381331,-3,4,143
1742101171.573133,-63,16,3
1742101171.609133,36,-97,-6
1742101171.645133,72,-47,-62
1742101171.680133,48,-13,-78
1742101171.716133,-17,-87,-10
1742101171.751133,70,-9,-10
1742101171.786133,-51,20,-94
1742101171.8211331,18,-59,1
1742101171.8571332,38,-13,-106
1742101171.8931332,-19,-41,-76
1742101171.928133,0,0,65
1742101171.964133,10,84,-150
1742101171.999133,86,102,17
1742101172.0341332,74,0,-60
1742101172.069133,-47,22,-20
1742101172.105133,-29,44,-8
1742101172.141133,44,44,-8
1742101172.1761332,39,-57,-170
1742101172.2121332,9,-3,-32
1742101172.247133,85,18,35
1742101172.282133,57,-19,-64
1742101172.3171332,55,-65,-92
1742101172.3531332,1,-79,51
1742101172.389133,-56,-17,-156
1742101172.424133,7,-61,7
1742101172.460133,18,46,-82
1742101172.4951332,72,40,-146
1742101172.530133,46,18,-22
1742101172.565133,-53,28,-10
1742101172.601133,14,-61,-82
1742101172.6371331,6,28,-55
1742101172.672133,-77,-27,1
1742101172.708133,-33,6,-120
1742101172.743133,62,-44,131
1742101172.7781332,-20,-44,-92
1742101172.813133,29,32,15
1742101172.849133,43,-15,-60
1742101172.885133,61,30,56
1742101172.920133,-36,-27,1
1742101172.9561331,-2,-21,13
1742101172.991133,14,-75,-96
1742101173.026133,62,68,-108
1742101173.0611331,20,0,-112
1742101173.0971332,-13,18,-76
1742101173.1331332,5,-71,-48
1742101173.168133,-50,18,-132
1742101173.204133,-6,-53,-88
1742101173.2391331,-40,18,-88
1742101173.274133,-32,-57,-84
1742101173.309133,-62,-127,-80
1742101173.345133,-74,-51,-30
1742101173.381133,0,60,-150
1742101173.4161332,25,4,-96
1742101173.4521332,-62,-27,-112
1742101173.487133,-54,-51,-46
1742101173.522133,11,54,-116
1742101173.5571332,-6,-67,27
1742101173.593133,-18,-21,43
1742101173.629133,109,-17,-176
1742101173.664133,7,18,-78
1742101173.700133,-24,23,-128
1742101173.7351332,-48,25,19
1742101173.770133,23,-12,-82
1742101173.805133,-56,-12,-104
1742101173.841133,-6,37,-58
1742101173.8771331,-23,31,-27
1742101173.912133,-73,3,-10
1742101173.948133,18,17,-30
1742101173.983133,74,-1,-57
1742101174.0181332,22,56,-86
1742101174.053133,-17,50,-60
1742101174.089133,-9,8,-154
1742101174.125133,42,64,-6
1742101174.1601331,0,12,-137
1742101174.1961331,-23,10,16
1742101174.231133,-29,26,-107
1742101174.266133,-21,-51,-49
1742101174.302133,76,32,96
1742101174.3371332,-115,24,-79
1742101174.3731332,46,-33,10
1742101174.408133,24,-19,-89
1742101174.444133,0,-131,46
1742101174.4791331,2,-37,-111
1742101174.514133,-33,-105,-63
1742101174.550133,-7,-15,-131
1742101174.585133,16,-37,62
1742101174.621133,52,-53,-33
1742101174.6561332,66,-33,-183
1742101174.6921332,-69,-69,-237
1742101174.727133,-1,0,-31
1742101174.7621331,8,-1,-105
1742101174.7981331,8,-17,-107
1742101174.833133,-23,-14,4
1742101174.869133,16,-9,-103
1742101174.904133,-53,-57,-3
1742101174.940133,14,-51,-57
1742101174.9751332,-43,-57,-109
1742101175.010133,-3,-5,-23
1742101175.046133,-67,13,-15
1742101175.0811331,-21,-42,-23
1742101175.1171331,70,8,-235
1742101175.152133,-53,62,24
1742101175.188133,-13,110,-125
1742101175.223133,-11,-80,34
1742101175.2581332,6,24,-189
1742101175.2941332,12,31,-31
1742101175.329133,52,21,-13
1742101175.365133,24,11,-91
1742101175.4001331,-35,-52,46
1742101175.4361331,10,85,2
1742101175.471133,0,-28,-145
1742101175.506133,-63,57,-31
1742101175.542133,-9,34,-227
1742101175.5771332,13,-23,-23
1742101175.6131332,-69,-10,66
1742101175.648133,6,14,42
1742101175.684133,40,36,-71
1742101175.7191331,-25,-48,92
1742101175.754133,-77,11,-125
1742101175.790133,12,-4,-83
1742101175.825133,-61,0,-21
1742101175.861133,-47,1,-21
1742101175.8961332,-45,35,20
1742101175.9321332,36,-112,24
1742101175.967133,-1,17,0
1742101176.0021331,-12,-8,-51
1742101176.0381331,-34,1,-27
1742101176.073133,-66,37,-69
1742101176.109133,19,69,-27
1742101176.144133,-16,25,-29
1742101176.180133,17,-16,-77
1742101176.2151332,9,-32,-125
1742101176.250133,37,-12,18
1742101176.286133,-70,51,20
1742101176.3211331,-10,47,-9
1742101176.3571332,2,-49,-11
1742101176.392133,28,16,-121
1742101176.428133,23,-7,-25
1742101176.464133,73,41,-79
1742101176.500133,36,-45,-3
1742101176.536133,-38,-4,-73
1742101176.572133,47,5,-151
1742101176.608133,-140,29,-53
1742101176.6431332,26,11,20
1742101176.678133,60,15,-82
1742101176.714133,-5,57,-49
1742101176.750133,-77,43,0
1742101176.7851331,58,-48,39
1742101176.8211331,10,53,-62
1742101176.856133,-47,-34,55
1742101176.891133,-101,27,-96
1742101176.9261332,-97,-8,3
1742101176.9621332,-7,9,5
1742101176.9981332,50,9,-143
1742101177.033133,68,-22,83
1742101177.069133,80,37,-25
1742101177.1041331,28,55,-6
1742101177.139133,32,71,-156
1742101177.174133,2,15,-2
1742101177.210133,36,9,-182
1742101177.246133,30,-66,-16
1742101177.2811332,-81,5,-112
1742101177.3171332,-51,21,25
1742101177.352133,-39,-46,-116
1742101177.3871331,64,-24,-14
1742101177.422133,86,35,-142
1742101177.458133,46,9,35
1742101177.494133,24,-102,-76
1742101177.529133,30,-2,39
1742101177.565133,40,35,-28
1742101177.6001332,-39,-72,-52
1742101177.635133,6,5,-60
1742101177.670133,44,23,-58
1742101177.7061331,22,-6,113
1742101177.7421331,22,0,-118
1742101177.777133,30,25,13
1742101177.813133,-7,31,-96
1742101177.848133,-9,13,5
1742101177.8831332,-45,17,-110
1742101177.918133,-7,49,-48
1742101177.954133,-59,-44,-54
1742101177.990133,-61,-12,-138
1742101178.0251331,-19,51,21
1742101178.0611331,-83,37,-104
1742101178.096133,12,35,43
1742101178.131133,-11,-66,-6
1742101178.1661332,74,-10,-116
1742101178.2021332,28,-14,-26
1742101178.2381332,-37,-6,-48
1742101178.273133,-31,37,-146
1742101178.309133,3,-28,25
1742101178.3441331,-54,-30,-70
1742101178.379133,3,-42,-22
1742101178.414133,-66,65,-62
1742101178.450133,-66,35,-70
1742101178.486133,-6,5,15
1742101178.5211332,45,85,-122
1742101178.5571332,75,41,-118
1742101178.592133,17,-70,-82
1742101178.6271331,21,17,-2
1742101178.662133,60,-10,-32
1742101178.698133,8,61,-56
1742101178.734133,-63,-4,-46
1742101178.769133,-15,-52,-136
1742101178.805133,-23,23,-124
1742101178.8401332,-55,15,-12
1742101178.875133,48,-42,-88
1742101178.9101331,-55,15,81
1742101178.9461331,-29,11,-22
1742101178.9821332,58,-30,-16
1742101179.017133,-11,-44,-82
1742101179.053133,56,25,-16
1742101179.088133,-43,-12,-120
1742101179.1231332,30,-8,-30
1742101179.158133,36,29,-38
1742101179.194133,32,45,-32
1742101179.230133,-61,-22,-66
1742101179.2651331,-87,-90,-186
1742101179.3011332,14,-16,-66
1742101179.336133,-67,-16,-97
1742101179.371133,-65,-84,22
1742101179.4061332,28,-98,78
1742101179.4421332,-67,-16,32
1742101179.4781332,14,75,-107
1742101179.520133,-39,11,-1
1742101179.5571332,-35,12,-15
1742101179.592133,26,33,52
1742101179.6271331,86,-28,-53
1742101179.662133,-33,19,-113
1742101179.698133,-93,113,-73
1742101179.734133,52,-74,-87
1742101179.769133,16,23,-143
1742101179.805133,16,33,-79
1742101179.8401332,-93,-20,42
1742101179.875133,68,-64,-107
1742101179.9101331,28,15,-87
1742101179.9461331,-41,-8,0
1742101179.9821332,-13,104,-55
1742101180.017133,-1,-7,-49
1742101180.053133,38,-9,34
1742101180.088133,28,8,-71
1742101180.1231332,12,-21,-213
1742101180.158133,84,-19,-31
1742101180.194133,-11,-33,-83
1742101180.230133,-25,0,-175
1742101180.2651331,-37,-68,-27
1742101180.3011332,16,113,-41
1742101180.336133,8,59,-49
1742101180.371133,60,-20,0
1742101180.4061332,82,-4,-83
1742101180.4421332,26,69,-7
1742101180.4781332,34,0,-43
1742101180.513133,56,-58,66
1742101180.549133,16,44,-99
1742101180.5841331,40,20,-77
1742101180.619133,74,35,10
1742101180.654133,-55,61,-39
1742101180.690133,-11,-32,-65
1742101180.726133,42,-4,80
1742101180.7611332,30,0,10
1742101180.797133,2,-8,-135
1742101180.832133,-29,-34,-9
1742101180.8671331,-15,22,0
1742101180.9031332,32,-1,-59
1742101180.938133,-7,-13,-75
1742101180.974133,-17,36,36
1742101181.009133,-5,16,22
1742101181.045133,54,66,-101
1742101181.0801332,34,-27,-77
1742101181.115133,-23,32,-7
1742101181.151133,52,24,168
1742101181.1861331,-69,-3,-27
1742101181.2221332,-43,-11,-69
1742101181.257133,-71,-16,-105
1742101181.293133,-27,12,-137
1742101181.328133,2,-31,58
1742101181.3631332,38,-11,-129
1742101181.399133,-29,37,-9
1742101181.434133,-43,23,-33
1742101181.470133,10,-22,-33
1742101181.5051332,-15,24,-81
1742101181.5411332,-79,51,-7
1742101181.576133,70,-67,-21
1742101181.611133,12,-13,-3
1742101181.647133,18,85,-223
1742101181.6821332,-71,-88,-115
1742101181.718133,44,-36,-105
1742101181.753133,62,-12,-75
1742101181.789133,-37,74,30
1742101181.8241332,-7,38,-63
1742101181.859133,-21,-17,-139
1742101181.895133,-1,-40,14
1742101181.930133,-53,-57,-112
1742101181.966133,18,-37,-61
1742101182.001133,-81,-17,-11
1742101182.0381331,14,-45,-99
1742101182.073133,60,48,74
1742101182.109133,82,38,0
1742101182.144133,2,62,-103
1742101182.1791332,18,14,4
1742101182.2151332,19,-83,-71
1742101182.250133,-35,14,-61
1742101182.286133,-2,0,8
1742101182.3211331,-38,-7,-47
1742101182.3571332,-45,-17,-31
1742101182.392133,-29,-13,-17
1742101182.427133,-33,0,104
1742101182.463133,-85,24,72
1742101182.4981332,32,8,-103
1742101182.5341332,37,86,-19
1742101182.569133,-22,-27,82
1742101182.605133,-91,34,10
1742101182.6401331,-22,6,-23
1742101182.675133,16,-23,-95
1742101182.711133,41,42,-5
1742101182.746133,-26,18,-73
1742101182.782133,-10,66,0
1742101182.8171332,-22,31,-39
1742101182.8531332,-8,33,34
1742101182.888133,67,-27,-49
1742101182.9231331,21,-12,18
1742101182.9591331,57,-17,45
1742101182.994133,-56,5,-99
1742101183.030133,-64,-18,16
1742101183.065133,-8,11,-49
1742101183.1001332,27,15,-62
1742101183.135133,71,-40,-88
1742101183.171133,107,89,15
1742101183.207133,-20,-30,23
1742101183.2421331,-22,26,11
1742101183.2781332,19,-69,37
1742101183.313133,7,19,91
1742101183.348133,-60,-51,-2
1742101183.3831332,29,-65,-30
1742101183.4191332,-28,-5,-36
1742101183.4551332,53,30,-124
1742101183.490133,31,-13,27
1742101183.526133,-10,18,-20
1742101183.5611331,-74,58,-33
1742101183.596133,81,-91,-13
1742101183.631133,30,-13,-170
1742101183.667133,44,16,-56
1742101183.703133,-47,-1,-178
1742101183.7381332,4,-41,-52
1742101183.774133,-40,13,-82
1742101183.809133,-8,-14,-110
1742101183.8441331,-37,19,-80
1742101183.879133,-71,71,59
1742101183.915133,42,19,-122
1742101183.951133,2,69,-34
1742101183.986133,-7,5,93
1742101184.022133,66,56,0
1742101184.0571332,-1,-34,-10
1742101184.092133,-27,29,-84
1742101184.1271331,-5,45,9
1742101184.1631331,-35,-26,-114
1742101184.1991332,-25,23,-138
1742101184.234133,-35,71,-114
1742101184.270133,-31,-28,-70
1742101184.305133,32,-2,-78
1742101184.3401332,54,-50,-140
1742101184.375133,8,93,-92
1742101184.411133,-93,20,-34
1742101184.447133,18,69,1
1742101184.4821332,-35,-24,-96
1742101184.5181332,13,-64,-30
1742101184.553133,1,6,-36
1742101184.588133,21,-63,-162
1742101184.6231332,-32,-85,-58
1742101184.6591332,29,-15,-118
1742101184.695133,-60,22,11
1742101184.730133,-42,34,-28
1742101184.766133,9,-40,-42
1742101184.802133,15,-14,1
1742101184.838133,13,43,-72
1742101184.8731332,-46,3,-28
1742101184.908133,21,-52,-30
1742101184.943133,-8,51,-124
1742101184.9791331,-12,-88,-44
1742101185.0151331,3,19,-44
1742101185.050133,-31,21,73
1742101185.086133,-32,-72,-62
1742101185.121133,-32,-14,-214
1742101185.1561332,-86,-12,-36
1742101185.191133,-32,-40,-154
1742101185.227133,43,57,-80
1742101185.263133,47,1,19
1742101185.2981331,39,-6,-42
1742101185.3341331,-68,-10,-52
1742101185.369133,-54,19,-22
1742101185.404133,5,-52,37
1742101185.4391332,-72,3,-66
1742101185.4751332,89,43,-26
1742101185.5111332,93,-38,-20
1742101185.546133,-70,-109,-4
1742101185.582133,9,15,-6
1742101185.6171331,17,64,-108
1742101185.652133,-18,-61,-12
1742101185.687133,-104,-3,-48
1742101185.723133,7,30,-68
1742101185.759133,41,-23,-36
1742101185.7941332,55,20,-54
1742101185.8301332,31,28,-40
1742101185.865133,-10,-13,-34
1742101185.9001331,37,50,9
1742101185.935133,-80,74,1
1742101185.971133,111,56,57
1742101186.007133,23,6,23
1742101186.042133,31,42,-116
1742101186.078133,27,-63,-44
1742101186.1131332,3,-65,-10
1742101186.148133,11,-47,-68
1742101186.1831331,27,14,-36
1742101186.2191331,-46,-29,-182
1742101186.2551332,33,-17,-100
1742101186.290133,31,8,-194
1742101186.326133,-36,36,-36
1742101186.361133,-12,-35,-16
1742101186.3961332,-48,-11,-132
1742101186.431133,-22,-3,-58
1742101186.467133,-8,-7,-52
1742101186.503133,-42,0,-48
1742101186.5381331,81,38,-120
1742101186.5741332,23,2,3
1742101186.609133,-50,-112,-38
1742101186.644133,75,8,-73
1742101186.6791332,-12,-24,69
1742101186.7151332,73,-57,-29
1742101186.751133,-38,-64,-62
1742101186.786133,-8,57,-172
1742101186.822133,-32,66,7
1742101186.8571332,11,6,2
1742101186.892133,-62,-41,-57
1742101186.927133,9,44,-13
1742101186.963133,51,36,-83
1742101186.999133,-32,4,8
1742101187.0341332,33,-5,6
1742101187.070133,-24,6,-169
1742101187.105133,-42,50,-201
1742101187.1401331,39,-43,-145
1742101187.175133,1,-61,-47
1742101187.211133,5,72,-95
1742101187.247133,-8,-7,-27
1742101187.282133,17,20,-17
1742101187.318133,59,-31,-175
1742101187.3531332,51,20,-3
1742101187.388133,7,22,-51
1742101187.424133,-56,-11,52
1742101187.4591331,-28,-7,-19
1742101187.4951332,-96,16,-49
1742101187.530133,-72,-91,-13
1742101187.566133,69,12,-69
1742101187.601133,-24,-53,18
1742101187.6361332,11,-7,-95
1742101187.672133,5,-3,-65
1742101187.707133,19,124,-93
1742101187.743133,5,-27,-149
1742101187.7781332,-36,4,-1
1742101187.8141332,25,-11,2
1742101187.849133,13,0,-119
1742101187.884133,-68,28,-127
1742101187.920133,11,30,-21
1742101187.9551332,-58,-21,-123
1742101187.991133,3,9,-161
1742101188.026133,-10,63,-39
1742101188.062133,-130,30,-15
1742101188.0971332,89,-6,-141
1742101188.132133,-34,-20,26
1742101188.168133,0,-38,-47
1742101188.203133,-28,59,-81
1742101188.2391331,25,-32,-71
1742101188.274133,14,-72,-15
1742101188.310133,-93,29,-125
1742101188.345133,16,15,10
1742101188.3801332,-16,-56,-115
1742101188.4161332,-76,1,-165
1742101188.451133,29,31,-49
1742101188.487133,-28,-30,-9
1742101188.522133,-36,1,-87
1742101188.5581331,19,43,-39
1742101188.593133,-12,13,-75
1742101188.628133,17,-10,-147
1742101188.664133,21,-30,-55
1742101188.6991332,31,4,32
1742101188.7351332,25,3,-129
1742101188.770133,25,17,-57
1742101188.806133,30,-68,-91
1742101188.841133,-2,-52,56
1742101188.876133,-2,-2,-75
1742101188.912133,19,-4,50
1742101188.947133,-64,-84,-27
1742101188.983133,33,19,52
1742101189.0181332,-8,-28,-49
1742101189.0541332,-58,-40,-7
1742101189.089133,-2,-6,-57
1742101189.124133,31,31,0
1742101189.1601331,-78,45,-55
1742101189.195133,21,13,-15
1742101189.231133,-16,-6,-137
1742101189.266133,-32,-26,-27
1742101189.302133,-45,73,-65
1742101189.3371332,-84,7,-15
1742101189.372133,-53,-34,-93
1742101189.408133,-81,-12,-59
1742101189.443133,-15,-22,-117
1742101189.4791331,-51,-36,-141
1742101189.5211332,-15,17,-19
1742101189.5581331,-19,-32,-69
1742101189.5941331,-19,35,-83
1742101189.6301332,28,42,6
1742101189.6661332,-23,-37,19
1742101189.7021332,-37,-63,-60
1742101189.7381332,58,-5,-48
1742101189.773133,-20,2,7
1742101189.8081331,-85,-10,-106
1742101189.8441331,-37,29,-90
1742101189.8801332,-87,-6,-56
1742101189.915133,-119,31,-10
1742101189.951133,16,-4,-102
1742101189.986133,-75,-46,43
1742101190.0211332,-29,3,-142
1742101190.056133,-43,-39,-148
1742101190.092133,-51,24,-108
1742101190.128133,-21,46,-4
1742101190.1631331,-65,-41,49
1742101190.1991332,-37,-17,-32
1742101190.234133,68,24,-6
1742101190.269133,4,76,-28
1742101190.3041332,-23,46,-70
1742101190.3401332,-31,44,-78
1742101190.376133,34,-28,39
1742101190.411133,-47,-8,13
1742101190.447133,-81,-96,-96
1742101190.4821332,-37,0,43
1742101190.517133,76,-16,19
1742101190.552133,-59,-18,9
1742101190.588133,-23,-62,-150
1742101190.624133,12,-72,63
1742101190.6591332,62,-16,-60
1742101190.695133,-87,-6,-84
1742101190.730133,-5,-12,-54
1742101190.7651331,-39,11,-72
1742101190.800133,-63,-2,-14
1742101190.836133,-1,-32,35
1742101190.872133,28,3,65
1742101190.907133,112,39,15
1742101190.943133,56,35,-6
1742101190.9781332,-51,17,57
1742101191.013133,-99,-10,-126
1742101191.0481331,-41,23,-68
1742101191.0841331,36,-16,-163
1742101191.1201332,-11,27,-47
1742101191.155133,56,-12,4
1742101191.191133,52,-34,44
1742101191.226133,-27,81,-133
1742101191.2611332,22,29,-123
1742101191.296133,-9,-42,-23
1742101191.332133,69,-30,-91
1742101191.368133,-18,35,-3
1742101191.4031332,0,-2,-59
1742101191.4391332,17,29,-121
1742101191.474133,31,15,-101
1742101191.509133,-59,31,-27
1742101191.5441332,-61,29,-7
1742101191.5801332,-43,21,-43
1742101191.616133,0,11,-91
1742101191.651133,-29,1,-145
1742101191.687133,-51,1,-7
1742101191.7221332,2,9,-61
1742101191.757133,30,-18,-91
1742101191.792133,20,-102,-135
1742101191.828133,-21,-42,14
1742101191.8641331,-101,-40,-23
1742101191.899133,-43,-82,-71
1742101191.935133,40,-4,-105
1742101191.970133,-47,-30,-49
1742101192.0051332,0,-32,32
1742101192.040133,-29,-82,-41
1742101192.076133,-29,13,-25
1742101192.112133,-31,11,-133
1742101192.147133,-7,-110,-31
1742101192.1831331,32,11,16
1742101192.218133,0,-8,-51
1742101192.253133,-79,35,-35
1742101192.2881331,-17,-14,-27
1742101192.3241332,-1,47,-123
1742101192.3601332,-35,-13,34
1742101192.395133,-47,24,-71
1742101192.431133,86,63,-47
1742101192.466133,-67,-106,80
1742101192.501133,34,-8,-51
1742101192.536133,-33,-2,24
1742101192.572133,30,25,-117
1742101192.608133,-7,-10,-125
1742101192.6431332,44,1,-13
1742101192.6791332,-69,71,-123
1742101192.714133,36,-54,-111
1742101192.749133,80,-27,-55
1742101192.7841332,76,14,-49
1742101192.820133,34,-1,18
1742101192.856133,-9,36,72
1742101192.891133,80,15,72
1742101192.927133,10,-23,-15
1742101192.9621332,4,-26,-83
1742101192.997133,4,8,36
1742101193.032133,32,-51,-23
1742101193.068133,-31,13,-77
1742101193.1041331,-21,15,-59
1742101193.139133,-83,63,96
1742101193.175133,16,49,-157
1742101193.210133,18,-37,-1
1742101193.2451332,-75,12,-9
1742101193.280133,16,-51,28
1742101193.316133,80,-23,-91
1742101193.352133,130,-3,-37
1742101193.3871331,2,20,-15
1742101193.4231331,-23,-31,-91
1742101193.458133,28,-27,-15
1742101193.493133,-77,80,-55
1742101193.5281332,80,78,-7
1742101193.5641332,4,110,32
1742101193.6001332,28,30,-20
1742101193.635133,-77,56,26
1742101193.671133,50,74,17
1742101193.7061331,-11,-27,-4
1742101193.741133,-31,-3,-140
1742101193.777133,-37,-5,-88
1742101193.812133,-25,-41,3
1742101193.848133,-17,-55,-112
1742101193.8831332,10,28,-58
1742101193.9191332,-7,-25,-24
1742101193.954133,-37,2,-36
1742101193.9891331,38,-15,57
1742101194.0251331,-73,37,21
1742101194.060133,-45,33,-154
1742101194.096133,15,21,19
1742101194.131133,51,-2,-6
1742101194.167133,-18,13,-66
1742101194.2021332,49,21,1
1742101194.237133,55,-30,-46
1742101194.273133,51,-42,67
1742101194.3081331,7,33,45
1742101194.3441331,77,0,-54
1742101194.379133,21,23,83
1742101194.415133,19,47,-88
1742101194.450133,17,7,-124
1742101194.4851332,5,-12,7
1742101194.5211332,-54,5,-42
1742101194.556133,-10,-24,-24
1742101194.592133,-4,-16,29
1742101194.6271331,-32,67,-112
1742101194.6631331,-54,-32,55
1742101194.698133,-32,33,1
1742101194.733133,-12,-58,-52
1742101194.769133,-30,-2,-158
1742101194.8041332,-34,53,-102
1742101194.8401332,-26,15,-24
1742101194.875133,9,-8,-104
1742101194.911133,11,11,-82
1742101194.9461331,-22,-76,-30
1742101194.981133,33,25,-126
1742101195.017133,13,-10,21
1742101195.052133,-70,46,-62
1742101195.088133,57,11,-120
1742101195.1231332,-24,-28,-68
1742101195.1591332,75,35,-42
1742101195.194133,119,-22,-24
1742101195.2291331,25,37,-98
1742101195.2651331,39,-6,-42
1742101195.300133,21,-30,-50
1742101195.336133,-58,33,-124
1742101195.371133,-56,-40,0
1742101195.407133,-96,29,-94
1742101195.4421332,-4,51,97
1742101195.477133,69,-48,55
1742101195.513133,-104,15,-4
1742101195.5481331,57,7,-168
1742101195.5841331,-46,11,-102
1742101195.619133,73,33,-40
1742101195.655133,24,-28,-66
1742101195.690133,-41,-2,-132
1742101195.7251332,22,63,-38
1742101195.7611332,-1,1,-118
1742101195.796133,102,-9,-22
1742101195.832133,-23,-41,-66
1742101195.8671331,34,37,-34
1742101195.9031332,2,-23,-70
1742101195.938133,7,42,-70
1742101195.973133,77,-98,-50
1742101196.009133,-56,-14,-66
1742101196.0441332,25,0,-32
1742101196.0801332,75,-28,-56
1742101196.115133,11,-20,17
1742101196.151133,-6,33,-6
1742101196.187133,52,-36,-10
1742101196.2221332,84,-34,-72
1742101196.257133,6,67,-96
1742101196.293133,34,-14,-98
1742101196.329133,36,7,-184
1742101196.3641331,-1,-70,21
1742101196.4001331,6,45,33
1742101196.435133,22,-20,1
1742101196.470133,-37,55,3
1742101196.5051332,-11,-26,-70
1742101196.5411332,-85,21,-76
1742101196.5771332,6,37,-54
1742101196.612133,28,7,-16
1742101196.648133,-43,-8,-88
1742101196.6831331,12,3,-100
1742101196.718133,94,-110,17
1742101196.753133,2,25,-46
1742101196.789133,-37,-8,-46
1742101196.825133,45,17,-28
1742101196.8601332,-6,-40,-58
1742101196.8961332,32,13,-48
1742101196.931133,-14,-86,0
1742101196.966133,10,67,103
1742101197.001133,-129,-34,-67
1742101197.037133,10,7,75
1742101197.073133,-7,-84,-46
1742101197.108133,-38,0,27
1742101197.144133,-7,17,-92
1742101197.1791332,36,27,-30
1742101197.214133,30,39,-114
1742101197.249133,33,15,-94
1742101197.2851331,1,3,-102
1742101197.3211331,-94,-88,-36
1742101197.356133,-6,5,-84
1742101197.392133,102,39,139
1742101197.427133,-1,-20,-36
1742101197.4621332,-13,21,-112
1742101197.497133,-41,-36,-56
1742101197.533133,-73,25,25
1742101197.569133,-9,25,-95
1742101197.6041331,-11,101,36
1742101197.6401331,60,6,-55
1742101197.675133,28,60,-29
1742101197.710133,-37,48,-45
1742101197.7451332,12,-9,38
1742101197.7811332,6,4,-133
1742101197.8171332,18,8,10
1742101197.852133,0,32,64
1742101197.888133,-25,24,-89
1742101197.9231331,28,31,-117
1742101197.958133,12,31,24
1742101197.993133,56,-46,-111
1742101198.029133,6,0,-69
1742101198.065133,78,-46,-117
1742101198.1001332,-19,-14,-53
1742101198.1361332,32,19,-109
1742101198.171133,-32,89,-43
1742101198.2061331,-24,-6,-7
1742101198.241133,21,16,-27
1742101198.277133,0,10,-95
1742101198.313133,41,-27,-25
1742101198.348133,44,-9,-79
1742101198.384133,50,10,-103
1742101198.4191332,-1,-9,30
1742101198.454133,44,-11,-69
1742101198.4891331,-35,-27,-73
1742101198.5251331,44,19,-67
1742101198.5611331,-29,-44,-97
1742101198.596133,-89,17,-15
1742101198.632133,-15,-40,4
1742101198.667133,-15,31,-5
1742101198.7021332,-35,-82,-33
1742101198.737133,-9,31,-11
1742101198.773133,-17,-66,0
1742101198.809133,-11,33,-111
1742101198.8441331,-13,63,-93
1742101198.8801332,66,-44,-163
1742101198.915133,28,-108,-43
1742101198.950133,48,-16,30
1742101198.9851332,30,7,10
1742101199.0211332,-41,103,-23
1742101199.0571332,-3,-77,-113
1742101199.092133,-59,3,6
1742101199.128133,-17,7,-7
1742101199.1631331,40,86,-31
1742101199.198133,30,-5,-25
1742101199.233133,52,17,0
1742101199.269133,54,39,-85
1742101199.305133,-11,-2,-35
1742101199.3401332,-87,41,-167
1742101199.376133,62,77,-51
1742101199.411133,-1,53,28
1742101199.4461331,22,14,-89
1742101199.481133,28,15,-117
1742101199.524133,26,-38,4
1742101199.5611331,-7,11,-31
1742101199.596133,-95,47,-60
1742101199.632133,4,42,-78
1742101199.667133,-51,18,-116
1742101199.7021332,-7,48,-62
1742101199.737133,-25,-35,-80
1742101199.773133,-53,-41,-62
1742101199.809133,-25,-25,-88
1742101199.8441331,4,99,-4
1742101199.8801332,-33,1,69
1742101199.915133,0,3,-62
1742101199.950133,-57,-8,19
1742101199.9851332,-29,-2,-110
