time,x,y,z
1759482000.0246248,0,-3,-40
1759482000.0626247,0,2,-35
1759482000.1006248,1,4,-37
1759482000.1376247,0,7,-33
1759482000.1746247,3,0,-43
1759482000.2136247,-5,0,-45
1759482000.2516248,-4,1,-52
1759482000.2876248,-6,3,-46
1759482000.3246248,2,6,-45
1759482000.3636248,-1,1,-45
1759482000.401625,4,0,-45
1759482000.4376247,9,-4,-41
1759482000.4746249,-2,-3,-46
1759482000.513625,-1,2,-37
1759482000.5516248,-7,-2,-29
1759482000.5876248,4,-2,-34
1759482000.6246247,6,0,-28
1759482000.6636248,4,3,-30
1759482000.7016249,-9,2,-23
1759482000.737625,-10,1,-28
1759482000.776625,0,-2,-33
1759482000.8146248,0,-1,-40
1759482000.852625,-1,-1,-39
1759482000.888625,0,-6,-54
1759482000.9266248,0,-3,-49
1759482000.9636247,-2,0,-46
1759482001.0026248,-7,-3,-37
1759482001.0386248,-2,3,-28
1759482001.0766249,-1,-1,-40
1759482001.1146247,-6,1,-42
1759482001.1526248,3,-6,-36
1759482001.1886249,0,-3,-42
1759482001.2266247,4,2,-37
1759482001.263625,0,-3,-27
1759482001.3026247,0,-1,-38
1759482001.3386247,2,-3,-34
1759482001.3766248,2,-1,-31
1759482001.4136248,-1,0,-37
1759482001.4526248,-7,4,-46
1759482001.4886248,-5,-3,-45
1759482001.5276248,-8,6,-47
1759482001.5646248,-5,6,-41
1759482001.6036248,-7,7,-38
1759482001.6416247,-2,0,-41
1759482001.6776247,0,-1,-42
1759482001.714625,-1,-3,-42
1759482001.753625,0,-6,-38
1759482001.7916248,-11,-7,-30
1759482001.8276248,2,0,-34
1759482001.8646247,6,0,-36
1759482001.9036248,2,-3,-38
1759482001.9416249,11,1,-43
1759482001.977625,3,0,-53
1759482002.0146248,0,-4,-39
1759482002.0536249,1,-5,-34
1759482002.0916247,-2,0,-40
1759482002.1276248,2,0,-33
1759482002.1646247,-1,1,-40
1759482002.2036247,2,0,-47
1759482002.2416248,-1,0,-46
1759482002.2776248,-3,0,-42
1759482002.3146248,-6,-2,-36
1759482002.3536248,1,-3,-39
1759482002.3916247,0,0,-39
1759482002.4276247,7,-3,-43
1759482002.4656248,1,-3,-31
1759482002.503625,-1,-6,-45
1759482002.5426247,0,-3,-48
1759482002.5786247,0,-2,-49
1759482002.6176248,-1,-5,-45
1759482002.6566248,-3,-2,-49
1759482002.694625,-1,1,-39
1759482002.7326248,0,-5,-45
1759482002.7686248,2,-2,-35
1759482002.806625,-1,-3,-33
1759482002.8446248,2,-1,-32
1759482002.8836248,-3,0,-30
1759482002.9196248,3,-1,-25
1759482002.957625,1,0,-20
1759482002.9946249,1,1,-40
1759482003.033625,1,3,-40
1759482003.069625,3,2,-41
1759482003.1066248,10,2,-42
1759482003.1446247,6,6,-33
1759482003.1836247,10,2,-42
1759482003.2196248,3,1,-43
1759482003.2566247,4,1,-42
1759482003.2956247,2,-2,-41
1759482003.3336248,2,0,-38
1759482003.3696249,-2,0,-39
1759482003.4076247,0,-3,-39
1759482003.4466248,0,2,-53
1759482003.4846249,-7,5,-56
1759482003.5226247,0,1,-42
1759482003.5586247,1,-1,-43
1759482003.5976248,-5,-4,-43
1759482003.6346247,-11,0,-48
1759482003.6736248,-6,4,-33
1759482003.7186248,-2,-7,-24
1759482003.7566247,-5,-5,-39
1759482003.7946248,-1,3,-43
1759482003.832625,-3,0,-30
1759482003.8696249,-3,0,-42
1759482003.9066248,-7,0,-36
1759482003.9456248,1,-1,-50
1759482003.9836247,-5,-2,-47
1759482004.0196247,-8,-4,-35
1759482004.0576248,-3,0,-30
1759482004.0956247,2,-2,-41
1759482004.1346247,2,0,-47
1759482004.1726248,4,-5,-37
1759482004.2086248,4,-4,-48
1759482004.2456248,0,-2,-31
1759482004.2846248,-7,3,-34
1759482004.3206248,-8,1,-36
1759482004.3576248,-1,5,-39
1759482004.3966248,-3,1,-38
1759482004.434625,2,6,-39
1759482004.4706247,8,7,-35
1759482004.5076249,8,3,-40
1759482004.5456247,6,1,-33
1759482004.5846248,3,0,-28
1759482004.6206248,3,0,-34
1759482004.6576247,-2,-1,-38
1759482004.6966248,4,6,-31
1759482004.7346249,0,-7,-34
1759482004.7706249,1,-4,-47
1759482004.809625,-1,4,-46
1759482004.8476248,1,5,-38
1759482004.885625,-2,5,-47
1759482004.9236248,2,0,-35
1759482004.9596248,3,-3,-41
1759482004.9966247,-6,8,-47
1759482005.0356247,-1,-5,-40
1759482005.0736248,-6,0,-40
1759482005.1096249,0,-2,-38
1759482005.1476247,4,0,-38
1759482005.1866248,2,3,-44
1759482005.2246249,-7,2,-37
1759482005.260625,0,-3,-42
1759482005.2986248,-3,0,-39
1759482005.3366249,-1,-5,-42
1759482005.375625,-2,0,-40
1759482005.4136248,-2,-4,-36
1759482005.4496248,-1,-4,-38
1759482005.4886248,3,0,-38
1759482005.526625,5,-2,-35
1759482005.5646248,1,-5,-28
1759482005.6006248,-7,-2,-41
1759482005.638625,-2,0,-40
1759482005.6776247,-2,0,-50
1759482005.7156248,1,-6,-52
1759482005.753625,1,0,-44
1759482005.7896247,2,0,-48
1759482005.8276248,5,-3,-36
1759482005.865625,3,0,-37
1759482005.9036248,-8,2,-44
1759482005.9396248,-1,2,-48
1759482005.9766247,-10,0,-46
1759482006.0156248,-6,-4,-46
1759482006.0516248,3,0,-46
1759482006.0886247,4,0,-43
1759482006.1276248,-1,0,-31
1759482006.1656249,3,-5,-41
1759482006.2016249,-4,-8,-39
1759482006.240625,-3,-9,-39
1759482006.2776248,3,-2,-49
1759482006.3156247,0,-2,-43
1759482006.3546247,-1,8,-37
1759482006.3906248,-2,4,-38
1759482006.4286249,4,-2,-37
1759482006.4656248,1,0,-34
1759482006.5046248,-4,-3,-31
1759482006.5406249,1,-2,-33
1759482006.5786247,0,0,-31
1759482006.6166248,0,2,-33
1759482006.6556249,4,2,-42
1759482006.6916249,-1,2,-36
1759482006.7296247,5,2,-36
1759482006.7676249,-6,0,-30
1759482006.806625,-6,4,-36
1759482006.8446248,-6,4,-29
1759482006.8806248,-2,6,-30
1759482006.9176247,-1,1,-31
1759482006.957625,0,1,-36
1759482006.9956248,-7,5,-39
1759482007.0316248,-1,3,-40
1759482007.0686247,-2,0,-48
1759482007.1076248,2,-4,-36
1759482007.1456249,3,1,-40
1759482007.181625,3,5,-34
1759482007.2196248,2,3,-48
1759482007.2576249,7,2,-35
1759482007.2956247,5,4,-51
1759482007.3316247,2,-3,-41
1759482007.3696249,-1,-1,-38
1759482007.4076247,-10,-4,-43
1759482007.4456248,-3,-1,-33
1759482007.4816248,-7,-2,-36
1759482007.5206249,-6,0,-28
1759482007.5576248,-6,-3,-36
1759482007.5966249,-5,-1,-39
1759482007.6346247,3,-1,-43
1759482007.6706247,3,8,-26
1759482007.707625,3,7,-28
1759482007.7466247,-3,0,-31
1759482007.7826247,2,0,-35
1759482007.819625,-4,0,-30
1759482007.8576248,1,4,-33
1759482007.8966248,0,0,-32
1759482007.9326248,-7,-1,-50
1759482007.9706247,-3,2,-41
1759482008.0086248,0,-4,-48
1759482008.046625,-4,1,-38
1759482008.0856247,-1,0,-28
1759482008.1216247,-1,6,-28
1759482008.158625,-4,3,-27
1759482008.1976247,5,-2,-43
1759482008.2356248,6,0,-40
1759482008.2716248,4,-4,-35
1759482008.3086247,6,-1,-28
1759482008.3466249,2,2,-36
1759482008.385625,2,-1,-39
1759482008.421625,4,0,-50
1759482008.4586248,-2,7,-43
1759482008.4976249,0,0,-38
1759482008.5356247,-5,-1,-35
1759482008.5716248,1,-2,-46
1759482008.6086247,0,0,-44
1759482008.6476247,-3,0,-39
1759482008.6856248,0,4,-46
1759482008.7216249,-1,0,-44
1759482008.7586248,0,0,-39
1759482008.7976248,-3,-1,-39
1759482008.8356247,-6,-5,-38
1759482008.8716247,-3,-1,-40
1759482008.9096248,-3,-3,-47
1759482008.9476247,-3,1,-47
1759482008.9866247,-3,-2,-38
1759482009.0226247,1,-5,-42
1759482009.059625,-6,0,-43
1759482009.0986247,0,3,-47
1759482009.1366248,6,6,-40
1759482009.1726248,6,6,-39
1759482009.2106247,-1,7,-40
1759482009.2476249,0,3,-38
1759482009.286625,1,-2,-38
1759482009.3226247,0,0,-38
1759482009.3596249,-1,2,-45
1759482009.3976247,0,0,-40
1759482009.4366248,0,0,-34
1759482009.4726248,-1,0,-50
1759482009.5096247,0,1,-40
1759482009.5476248,-2,0,-37
1759482009.5866249,0,-3,-38
1759482009.6226249,0,-3,-22
1759482009.661625,-1,0,-36
1759482009.6996248,4,2,-41
1759482009.737625,-2,-7,-40
1759482009.773625,7,1,-45
1759482009.8116248,0,0,-42
1759482009.8496249,-3,-2,-36
1759482009.888625,8,-8,-45
1759482009.9266248,5,-5,-47
1759482009.9626248,4,-1,-47
1759482010.000625,-4,0,-51
1759482010.0386248,2,-8,-41
1759482010.0776248,0,-2,-40
1759482010.1136248,1,-4,-32
1759482010.151625,-6,-5,-35
1759482010.1896248,4,-4,-45
1759482010.2286248,4,-2,-46
1759482010.2666247,0,3,-49
1759482010.3026247,0,2,-34
1759482010.3416247,0,-4,-46
1759482010.378625,3,-3,-50
1759482010.4176247,0,-7,-44
1759482010.4536247,1,-10,-48
1759482010.4926248,4,-4,-38
1759482010.5296247,-1,1,-39
1759482010.5686247,0,1,-39
1759482010.6066248,0,3,-38
1759482010.6426249,3,3,-42
1759482010.6806247,3,-2,-35
1759482010.7186248,6,5,-37
1759482010.7576249,-7,5,-29
1759482010.7936249,-6,6,-36
1759482010.832625,4,5,-44
1759482010.8696249,0,3,-34
1759482010.908625,-3,-5,-36
1759482010.9466248,5,-6,-26
1759482010.9826248,7,-5,-41
1759482011.0196247,3,3,-37
1759482011.0586247,-2,1,-36
1759482011.0966249,1,2,-44
1759482011.1326249,-5,3,-56
1759482011.1696248,0,-2,-48
1759482011.2086248,0,-7,-37
1759482011.2446249,-6,-1,-41
1759482011.283625,-5,-1,-35
1759482011.3206248,0,0,-38
1759482011.3596249,2,-2,-40
1759482011.3976247,0,-9,-31
1759482011.4336247,-1,-4,-34
1759482011.4726248,-6,3,-38
1759482011.5096247,-6,2,-42
1759482011.5486248,-3,3,-27
1759482011.5846248,6,-4,-35
1759482011.6226249,4,-6,-35
1759482011.6596248,-1,-7,-43
1759482011.6986248,1,-2,-39
1759482011.7346249,-1,-4,-44
1759482011.773625,1,4,-51
1759482011.8106248,3,-3,-26
1759482011.8496249,5,2,-31
1759482011.8876247,-1,1,-41
1759482011.9236248,-1,-2,-42
1759482011.9616249,-1,-2,-40
1759482012.000625,0,0,-43
1759482012.0386248,0,2,-53
1759482012.0756247,-2,-1,-50
1759482012.1136248,-3,0,-44
1759482012.1506248,5,1,-38
1759482012.1896248,4,5,-37
1759482012.227625,5,6,-38
1759482012.263625,3,4,-44
1759482012.3016248,4,-1,-36
1759482012.3406248,-5,6,-27
1759482012.378625,1,3,-27
1759482012.4146247,1,4,-26
1759482012.4516249,0,0,-29
1759482012.490625,-2,5,-36
1759482012.5286248,-5,2,-40
1759482012.5646248,3,2,-36
1759482012.6016247,0,-1,-31
1759482012.6396248,-5,-1,-35
1759482012.6786249,-4,0,-39
1759482012.714625,0,-3,-39
1759482012.7526248,-1,-3,-35
1759482012.7916248,2,-4,-40
1759482012.829625,9,-5,-38
1759482012.8676248,5,0,-45
1759482012.9036248,1,2,-36
1759482012.9416249,-5,3,-35
1759482012.9796247,-5,2,-29
1759482013.0186248,-1,-2,-41
1759482013.0546248,-6,4,-46
1759482013.0916247,0,7,-38
1759482013.1306248,0,8,-33
1759482013.1686249,0,-4,-45
1759482013.204625,-2,-1,-34
1759482013.2436247,-3,1,-26
1759482013.2806249,-2,-1,-32
1759482013.319625,-4,-1,-35
1759482013.3566248,-7,-2,-35
1759482013.3936248,-9,0,-26
1759482013.431625,-7,-1,-43
1759482013.4696248,0,-1,-51
1759482013.5086248,0,-2,-49
1759482013.5446248,-4,1,-39
1759482013.5816247,0,0,-45
1759482013.6206248,1,-1,-46
1759482013.658625,2,0,-44
1759482013.694625,-4,5,-47
1759482013.740625,6,-1,-41
1759482013.7786248,0,-1,-39
1759482013.8146248,-2,0,-44
1759482013.852625,-2,1,-34
1759482013.8916247,2,5,-37
1759482013.9296248,8,-3,-39
1759482013.9656248,5,0,-41
1759482014.0026248,4,-1,-45
1759482014.0406249,7,-3,-35
1759482014.079625,1,-2,-40
1759482014.115625,-1,-1,-46
1759482014.1536248,-6,0,-43
1759482014.1916249,-7,-4,-40
1759482014.230625,-4,7,-36
1759482014.2686248,0,0,-40
1759482014.3046248,6,-1,-28
1759482014.3436248,5,-1,-35
1759482014.3816247,0,-1,-38
1759482014.4196248,3,-1,-28
1759482014.4556248,3,-4,-41
1759482014.4936247,9,-3,-39
1759482014.5316248,4,0,-39
1759482014.5706248,2,0,-35
1759482014.6086247,0,2,-44
1759482014.6446247,-1,3,-42
1759482014.681625,-5,-1,-47
1759482014.7206247,4,-1,-43
1759482014.7566247,2,0,-42
1759482014.7936249,-4,2,-50
1759482014.8316247,-1,0,-43
1759482014.8706248,1,0,-35
1759482014.9066248,3,2,-29
1759482014.944625,0,-3,-43
1759482014.9816248,3,-7,-42
1759482015.0206249,1,-1,-52
1759482015.056625,0,-3,-41
1759482015.0946248,2,-4,-40
1759482015.1326249,-2,4,-44
1759482015.1706247,-4,-4,-31
1759482015.2096248,4,-3,-25
1759482015.2456248,5,-3,-28
1759482015.283625,-1,-8,-36
1759482015.3226247,4,0,-46
1759482015.3606248,-4,1,-49
1759482015.3966248,-6,-3,-53
1759482015.4356248,0,0,-44
1759482015.4736247,5,-6,-39
1759482015.5116248,0,-2,-32
1759482015.5496247,0,-5,-39
1759482015.5856247,-4,-6,-39
1759482015.6236248,4,-4,-46
1759482015.661625,4,-9,-30
1759482015.7006247,-3,-3,-31
1759482015.7366247,0,0,-36
1759482015.773625,8,0,-46
1759482015.8116248,-1,-6,-35
1759482015.8506248,-7,-7,-29
1759482015.8866248,-2,-3,-37
1759482015.9246247,7,-6,-27
1759482015.9636247,7,-1,-33
1759482016.0016248,3,5,-38
1759482016.0396247,1,4,-37
1759482016.0756247,5,2,-43
1759482016.1136248,-1,1,-46
1759482016.1526248,-2,-4,-41
1759482016.1906247,2,0,-45
1759482016.2266247,0,-5,-40
1759482016.263625,1,-1,-33
1759482016.3026247,1,1,-44
1759482016.3406248,-5,1,-29
1759482016.3766248,-3,-1,-34
1759482016.4156249,0,-9,-39
1759482016.4526248,-2,-2,-34
1759482016.4916248,0,0,-44
1759482016.5276248,4,-4,-38
1759482016.5656247,-4,-2,-46
1759482016.602625,-3,-7,-42
1759482016.6416247,0,-5,-33
1759482016.6776247,-7,-2,-38
1759482016.7156248,1,-3,-40
1759482016.753625,2,1,-30
1759482016.7916248,-3,-7,-40
1759482016.8306248,7,-6,-38
1759482016.8666248,7,2,-43
1759482016.9036248,5,-3,-42
1759482016.9416249,1,3,-36
1759482016.980625,6,0,-35
1759482017.0176249,3,-5,-37
1759482017.0546248,-1,-4,-38
1759482017.092625,2,-2,-40
1759482017.1316247,0,-1,-36
1759482017.1676247,6,5,-31
1759482017.204625,4,-1,-45
1759482017.2426248,-4,-4,-41
1759482017.2816248,7,3,-33
1759482017.3176248,5,8,-34
1759482017.3546247,2,-2,-41
1759482017.3926249,3,4,-46
1759482017.431625,0,-2,-44
1759482017.467625,1,0,-42
1759482017.5056248,1,-4,-58
1759482017.5426247,4,-2,-46
1759482017.5816247,3,3,-44
1759482017.6176248,0,9,-41
1759482017.6546247,0,2,-43
1759482017.6926248,-2,2,-45
1759482017.7316248,5,0,-44
1759482017.7686248,-4,-3,-46
1759482017.806625,-1,-5,-44
1759482017.8436248,2,-3,-46
1759482017.8826249,8,0,-34
1759482017.9206247,9,2,-32
1759482017.9566247,8,-1,-42
1759482017.9936247,7,0,-43
1759482018.0326247,8,-1,-44
1759482018.0706248,7,-1,-44
1759482018.1066248,0,3,-53
1759482018.1436248,4,0,-44
1759482018.1826248,6,6,-40
1759482018.2186248,7,4,-38
1759482018.2566247,0,0,-39
1759482018.2956247,-2,-7,-37
1759482018.332625,1,2,-39
1759482018.3716247,6,0,-32
1759482018.4076247,2,0,-27
1759482018.4456248,1,0,-34
1759482018.4836247,8,0,-37
1759482018.5216248,0,-4,-32
1759482018.5576248,1,1,-32
1759482018.5956247,-7,-4,-34
1759482018.6336248,-6,-3,-28
1759482018.671625,-1,5,-47
1759482018.707625,5,6,-49
1759482018.7456248,0,0,-48
1759482018.783625,2,4,-41
1759482018.8216248,4,1,-30
1759482018.8576248,-2,-1,-39
1759482018.8956249,4,0,-46
1759482018.934625,-1,0,-42
1759482018.9726248,-9,-2,-34
1759482019.0086248,-3,-2,-33
1759482019.046625,-1,0,-39
1759482019.0846248,3,0,-43
1759482019.1236248,-3,5,-39
1759482019.161625,5,-1,-44
1759482019.1976247,4,0,-38
1759482019.2346249,-1,-2,-45
1759482019.273625,2,-2,-42
1759482019.3116248,-4,0,-48
1759482019.3476248,-1,2,-41
1759482019.3866248,11,0,-49
1759482019.4236248,4,-4,-35
1759482019.4626248,2,-11,-35
1759482019.4996247,4,1,-39
1759482019.536625,4,-1,-46
1759482019.5746248,10,-2,-28
1759482019.6136248,11,1,-26
1759482019.651625,-4,5,-43
1759482019.6876247,-2,0,-47
1759482019.7246249,-3,2,-42
1759482019.763625,3,-3,-47
1759482019.8016248,6,-1,-40
1759482019.8376248,2,-2,-39
1759482019.875625,3,0,-42
1759482019.9136248,-2,-3,-40
1759482019.9496248,0,-2,-33
1759482019.987625,5,-3,-38
1759482020.0256248,-2,-4,-30
1759482020.0636249,0,0,-37
1759482020.102625,4,2,-40
1759482020.138625,10,1,-43
1759482020.1756248,6,-2,-39
1759482020.2136247,7,-3,-37
1759482020.2526248,0,0,-29
1759482020.2886248,5,0,-46
1759482020.3256247,6,0,-40
1759482020.3636248,3,4,-41
1759482020.4026248,1,5,-50
1759482020.4386249,0,-4,-46
1759482020.4766247,3,-2,-52
1759482020.5146248,-2,-3,-46
1759482020.5526247,-3,-1,-37
1759482020.5886247,5,-2,-35
1759482020.625625,0,-5,-31
1759482020.6646247,-2,6,-46
1759482020.7026248,0,7,-31
1759482020.7386248,3,0,-30
1759482020.776625,-4,0,-29
1759482020.8146248,4,-4,-42
1759482020.852625,3,-4,-39
1759482020.888625,3,0,-31
1759482020.9256248,-2,1,-33
1759482020.964625,5,2,-40
1759482021.0026248,3,3,-44
1759482021.0386248,3,4,-54
1759482021.0756247,-2,-3,-40
1759482021.1146247,0,-8,-39
1759482021.1526248,5,-5,-33
1759482021.1886249,6,-5,-34
1759482021.2266247,3,-5,-47
1759482021.2656248,0,-5,-33
1759482021.3036249,-4,-1,-45
1759482021.339625,0,-6,-44
1759482021.378625,2,0,-33
1759482021.4166248,3,0,-38
1759482021.454625,3,0,-38
1759482021.4926248,1,1,-37
1759482021.5286248,-6,1,-46
1759482021.5666249,0,1,-42
1759482021.6046247,0,1,-38
1759482021.6406248,-2,2,-46
1759482021.6786249,2,2,-43
1759482021.7166247,-2,1,-38
1759482021.7546248,-1,0,-31
1759482021.7936249,-1,0,-37
1759482021.829625,-5,2,-48
1759482021.8666248,-3,3,-41
1759482021.9046247,2,-1,-39
1759482021.9436247,1,-7,-36
1759482021.9796247,3,0,-42
1759482022.0166247,8,-1,-32
1759482022.0546248,2,4,-36
1759482022.0936248,9,-6,-34
1759482022.1296248,-2,2,-41
1759482022.1666248,6,1,-47
1759482022.204625,0,5,-39
1759482022.2436247,3,0,-43
1759482022.2796247,1,0,-43
1759482022.3186247,-1,-5,-36
1759482022.355625,1,-12,-34
1759482022.3946247,0,-9,-40
1759482022.4306247,-4,-1,-46
1759482022.4696248,-3,1,-50
1759482022.5076249,-3,8,-43
1759482022.5456247,1,4,-50
1759482022.5836248,1,0,-40
1759482022.6196249,5,0,-40
1759482022.6576247,2,-4,-36
1759482022.6956248,1,1,-34
1759482022.7336247,-8,-1,-29
1759482022.7696247,-2,0,-34
1759482022.806625,-2,-2,-40
1759482022.8456247,-6,-3,-44
1759482022.8836248,-1,5,-43
1759482022.9196248,0,2,-32
1759482022.957625,0,6,-44
1759482022.9956248,-3,3,-38
1759482023.033625,2,-1,-45
1759482023.069625,-3,-3,-48
1759482023.1086247,-2,-3,-39
1759482023.1456249,-4,-4,-40
1759482023.184625,-1,-4,-48
1759482023.2206247,-4,3,-46
1759482023.2586248,2,0,-51
1759482023.2956247,0,4,-35
1759482023.3346248,0,1,-36
1759482023.3706248,-6,-1,-39
1759482023.408625,-3,-1,-41
1759482023.4476247,9,-1,-38
1759482023.4856248,1,3,-24
1759482023.5216248,6,3,-23
1759482023.5586247,-5,4,-27
1759482023.5966249,0,0,-37
1759482023.635625,-3,2,-40
1759482023.671625,-5,5,-34
1759482023.7086248,-6,3,-39
1759482023.7546248,4,0,-44
1759482023.7916248,-1,0,-44
1759482023.829625,-1,3,-40
1759482023.8676248,-8,4,-40
1759482023.9056249,-10,0,-40
1759482023.9416249,-8,1,-44
1759482023.9786248,-4,0,-38
1759482024.0166247,-11,-7,-24
1759482024.0556247,-7,-5,-27
1759482024.0916247,3,0,-35
1759482024.128625,4,4,-44
1759482024.1666248,1,0,-47
1759482024.2056248,0,-2,-37
1759482024.2416248,-2,-4,-47
1759482024.2796247,1,0,-37
1759482024.3176248,1,-1,-39
1759482024.3566248,-1,0,-50
1759482024.3946247,0,4,-45
1759482024.4306247,7,3,-48
1759482024.4696248,6,4,-35
1759482024.5066247,3,1,-44
1759482024.5456247,0,-3,-46
1759482024.5816247,0,5,-42
1759482024.6196249,7,1,-35
1759482024.6566248,1,0,-36
1759482024.6956248,-3,-4,-34
1759482024.7316248,3,-2,-31
1759482024.7706249,1,3,-31
1759482024.8086247,1,1,-38
1759482024.8466249,-3,0,-46
1759482024.8846247,-6,0,-43
1759482024.9206247,2,3,-37
1759482024.9586248,4,0,-28
1759482024.9966247,-1,-5,-40
1759482025.0346248,0,7,-45
1759482025.0706248,-1,5,-30
1759482025.1086247,-7,1,-33
1759482025.1466248,0,6,-36
1759482025.1826248,7,0,-36
1759482025.2196248,0,0,-31
1759482025.2586248,6,0,-33
1759482025.296625,-3,0,-32
1759482025.332625,0,0,-30
1759482025.3696249,2,-2,-33
1759482025.408625,-6,-2,-38
1759482025.4466248,0,-2,-50
1759482025.4826248,-2,1,-40
1759482025.5196247,-5,-4,-37
1759482025.5586247,-6,-9,-30
1759482025.5966249,0,0,-33
1759482025.6326249,0,-3,-37
1759482025.6696248,2,2,-51
1759482025.7086248,1,0,-38
1759482025.7466247,6,0,-42
1759482025.7826247,6,0,-41
1759482025.819625,-1,0,-38
1759482025.8586247,0,0,-34
1759482025.8966248,-1,0,-31
1759482025.9326248,7,-2,-35
1759482025.9696248,5,0,-31
1759482026.0086248,-3,1,-30
1759482026.046625,-7,-1,-40
1759482026.082625,-11,-9,-28
1759482026.1206248,-13,-1,-31
1759482026.158625,1,-3,-35
1759482026.1976247,-5,-7,-32
1759482026.2356248,1,-1,-37
1759482026.2716248,2,2,-34
1759482026.309625,-5,-4,-29
1759482026.3476248,7,5,-34
1759482026.385625,0,0,-41
1759482026.421625,2,2,-42
1759482026.4586248,3,3,-51
1759482026.4976249,3,1,-53
1759482026.5356247,-1,3,-48
1759482026.5716248,-5,4,-58
1759482026.6096249,0,2,-47
1759482026.6476247,1,-6,-48
1759482026.6866248,-8,-6,-37
1759482026.7226248,0,0,-35
1759482026.7596247,0,-1,-35
1759482026.7976248,-2,2,-37
1759482026.8366249,2,3,-31
1759482026.8726249,2,-1,-44
1759482026.911625,2,-3,-37
1759482026.9486248,7,0,-43
1759482026.987625,3,0,-44
1759482027.0246248,7,1,-50
1759482027.0616248,0,2,-39
1759482027.0996249,0,-1,-43
1759482027.1376247,1,-2,-32
1759482027.1766248,0,-6,-31
1759482027.2126248,2,-5,-34
1759482027.250625,3,1,-33
1759482027.2896247,6,-2,-34
1759482027.3276248,4,3,-45
1759482027.3636248,2,0,-46
1759482027.4006248,-6,3,-38
1759482027.4396248,0,3,-36
1759482027.477625,0,0,-30
1759482027.513625,-3,0,-36
1759482027.5506248,-5,3,-38
1759482027.589625,0,4,-22
1759482027.6276248,5,-2,-34
1759482027.6636248,0,-2,-27
1759482027.7026248,2,0,-36
1759482027.740625,1,1,-39
1759482027.7786248,10,2,-41
1759482027.8166249,6,5,-28
1759482027.852625,1,8,-34
1759482027.8906248,0,7,-26
1759482027.9286249,1,1,-38
1759482027.9666247,3,0,-42
1759482028.0026248,8,-1,-42
1759482028.0406249,1,4,-39
1759482028.0786247,-5,2,-44
1759482028.1176248,-2,2,-38
1759482028.1536248,-3,-2,-30
1759482028.1916249,-4,4,-34
1759482028.2296247,-2,4,-31
1759482028.2686248,-7,5,-31
1759482028.306625,2,11,-41
1759482028.342625,3,3,-44
1759482028.3796248,-5,-2,-38
1759482028.4186249,1,0,-42
1759482028.4566247,0,10,-31
1759482028.4926248,0,0,-38
1759482028.5296247,4,0,-40
1759482028.5686247,4,-2,-41
1759482028.6046247,5,-4,-45
1759482028.6436248,5,6,-47
1759482028.681625,4,-2,-43
1759482028.7186248,8,0,-36
1759482028.7576249,0,-2,-44
1759482028.7936249,-4,-3,-33
1759482028.8316247,2,0,-34
1759482028.8706248,0,-4,-40
1759482028.908625,0,-2,-42
1759482028.944625,-1,-3,-42
1759482028.9826248,2,3,-36
1759482029.0206249,-9,5,-26
1759482029.0586247,3,3,-30
1759482029.0976248,-1,0,-36
1759482029.1336248,-3,5,-37
1759482029.1706247,-1,5,-42
1759482029.2086248,-1,-3,-44
1759482029.2476249,-1,-4,-45
1759482029.283625,-4,-1,-49
1759482029.3226247,0,-5,-37
1759482029.3606248,1,-3,-34
1759482029.398625,-2,-3,-33
1759482029.434625,5,1,-34
1759482029.4716249,6,-2,-35
1759482029.510625,-2,-2,-41
1759482029.5486248,-6,-4,-38
1759482029.5846248,-2,-5,-40
1759482029.6236248,-2,7,-34
1759482029.6606247,-2,5,-44
1759482029.6996248,-3,-5,-54
1759482029.737625,-2,1,-48
1759482029.773625,-1,1,-40
1759482029.8106248,0,4,-32
1759482029.8496249,0,1,-30
1759482029.8876247,0,0,-42
1759482029.9236248,-2,3,-37
1759482029.9606247,-1,0,-24
1759482029.9996247,-4,0,-45
1759482030.0376248,1,-1,-40
1759482030.0736248,3,3,-27
1759482030.1106248,0,2,-33
1759482030.1496248,0,0,-38
1759482030.1876247,1,6,-42
1759482030.2236247,-3,-3,-28
1759482030.2616248,3,1,-33
1759482030.3006248,0,1,-42
1759482030.3386247,-1,6,-48
1759482030.375625,9,2,-37
1759482030.4136248,5,0,-40
1759482030.4506247,-2,3,-46
1759482030.4896247,5,3,-45
1759482030.5256248,1,2,-40
1759482030.5626247,2,0,-36
1759482030.6006248,5,0,-33
1759482030.6396248,3,0,-34
1759482030.6756248,5,0,-38
1759482030.7136247,9,2,-32
1759482030.750625,3,-4,-40
1759482030.7896247,0,-7,-35
1759482030.8256247,1,-4,-46
1759482030.8636248,0,5,-41
1759482030.9006248,2,0,-37
1759482030.9396248,-2,3,-43
1759482030.9756248,-2,0,-49
1759482031.0126247,-3,3,-36
1759482031.0506248,-7,3,-37
1759482031.089625,0,5,-42
1759482031.125625,-3,0,-51
1759482031.1636248,-1,-3,-51
1759482031.2016249,1,4,-47
1759482031.240625,-1,2,-36
1759482031.2786248,-2,1,-37
1759482031.3146248,-2,3,-44
1759482031.3516247,-1,-3,-41
1759482031.3906248,0,-3,-54
1759482031.4286249,9,-1,-36
1759482031.464625,5,3,-45
1759482031.5016248,4,0,-34
1759482031.5406249,2,0,-37
1759482031.5786247,1,0,-35
1759482031.6146247,-3,3,-36
1759482031.6526248,-4,-5,-46
1759482031.6906247,0,-5,-41
1759482031.7296247,1,0,-30
1759482031.7656248,-1,0,-45
1759482031.8036249,-2,-3,-45
1759482031.842625,-5,-8,-37
1759482031.8806248,3,-5,-35
1759482031.9186249,-5,-2,-35
1759482031.9556248,-3,0,-33
1759482031.9926248,-5,1,-41
1759482032.0316248,-2,2,-46
1759482032.069625,7,-7,-40
1759482032.105625,2,-6,-33
1759482032.1436248,-1,0,-38
1759482032.1826248,-1,-4,-38
1759482032.2206247,2,-4,-49
1759482032.2566247,4,-1,-38
1759482032.2936249,5,1,-37
1759482032.3316247,-1,2,-46
1759482032.3706248,3,2,-33
1759482032.4066248,1,4,-30
1759482032.4436247,1,0,-26
1759482032.4816248,1,4,-23
1759482032.5206249,5,4,-37
1759482032.556625,7,0,-43
1759482032.5936248,0,-3,-49
1759482032.6316247,-1,4,-28
1759482032.6706247,0,5,-28
1759482032.7066247,-3,-5,-42
1759482032.7446249,0,2,-40
1759482032.783625,-2,-1,-39
1759482032.8216248,-2,0,-49
1759482032.8596249,0,1,-50
1759482032.8956249,-10,1,-39
1759482032.9336247,-9,-3,-29
1759482032.9726248,-3,0,-48
1759482033.010625,5,0,-50
1759482033.046625,5,-7,-44
1759482033.0836248,3,-4,-36
1759482033.1216247,3,0,-41
1759482033.1606247,6,4,-44
1759482033.1966248,3,-1,-45
1759482033.2346249,5,5,-36
1759482033.273625,-2,0,-34
1759482033.3116248,-5,-7,-36
1759482033.3496249,-6,-3,-37
1759482033.385625,-2,-8,-38
1759482033.4236248,-6,-1,-45
1759482033.4626248,1,2,-38
1759482033.500625,2,8,-40
1759482033.536625,1,0,-31
1759482033.5736248,9,-1,-32
1759482033.612625,-7,5,-42
1759482033.6506248,-8,0,-34
1759482033.6866248,-4,1,-29
1759482033.7256248,-7,-5,-36
1759482033.7706249,-3,-6,-40
1759482033.806625,-2,-5,-52
1759482033.8456247,-2,-1,-44
1759482033.8826249,-5,-3,-35
1759482033.921625,-9,0,-37
1759482033.957625,-2,-3,-40
1759482033.9966247,0,-2,-41
1759482034.033625,1,-1,-32
1759482034.0716248,-1,0,-40
1759482034.1106248,1,-2,-29
1759482034.1466248,-3,1,-35
1759482034.1836247,-4,-2,-38
1759482034.2226248,5,-2,-40
1759482034.260625,-4,0,-42
1759482034.296625,-3,-5,-38
1759482034.3346248,-6,-1,-42
1759482034.3726249,-3,4,-29
1759482034.411625,3,3,-39
1759482034.4486248,-3,3,-46
1759482034.4866247,-2,3,-42
1759482034.5246248,-2,1,-35
1759482034.5626247,-2,8,-41
1759482034.6006248,0,2,-43
1759482034.6366248,2,-2,-39
1759482034.6746247,7,6,-37
1759482034.7136247,-7,2,-35
1759482034.7516248,2,-1,-37
1759482034.7876248,4,1,-26
1759482034.8246248,1,-5,-37
1759482034.862625,0,3,-47
1759482034.901625,2,3,-38
1759482034.9376247,-1,1,-35
1759482034.9746249,-4,2,-45
1759482035.013625,0,4,-47
1759482035.0516248,-1,3,-37
1759482035.0876248,-3,3,-39
1759482035.1246247,-6,5,-42
1759482035.1636248,-1,5,-34
1759482035.2016249,1,1,-27
1759482035.237625,4,-1,-35
1759482035.2756248,1,-6,-40
1759482035.3136249,0,2,-46
1759482035.352625,1,0,-55
1759482035.3906248,-7,-4,-44
1759482035.4276247,-5,-14,-43
1759482035.4656248,1,2,-28
1759482035.5026248,4,0,-42
1759482035.5416248,1,-7,-35
1759482035.5776248,0,-4,-38
1759482035.615625,-4,0,-30
1759482035.6546247,-4,-3,-26
1759482035.6926248,-2,5,-44
1759482035.7286248,1,7,-43
1759482035.7656248,8,-1,-39
1759482035.8046248,1,5,-44
1759482035.842625,-8,-2,-44
1759482035.878625,-4,-1,-52
1759482035.9166248,-7,7,-44
1759482035.954625,7,2,-51
1759482035.9926248,3,0,-47
1759482036.0316248,-5,2,-46
1759482036.0676248,-1,3,-42
1759482036.105625,3,0,-48
1759482036.1436248,-1,4,-50
1759482036.1826248,1,0,-45
1759482036.2186248,5,-1,-38
1759482036.2576249,4,-4,-38
1759482036.2956247,0,-6,-28
1759482036.3336248,2,-3,-35
1759482036.3716247,4,-1,-33
1759482036.4076247,2,2,-36
1759482036.4456248,-5,2,-40
1759482036.4836247,-6,-2,-31
1759482036.5216248,3,-5,-31
1759482036.5576248,-1,-9,-28
1759482036.5956247,-7,-1,-41
1759482036.6336248,-6,2,-42
1759482036.6726248,0,-1,-43
1759482036.7086248,-1,0,-41
1759482036.7466247,0,3,-39
1759482036.7856247,-1,4,-33
1759482036.8236248,-4,4,-44
1759482036.8616247,-4,4,-41
1759482036.8976247,0,2,-36
1759482036.9356248,6,2,-40
1759482036.9736247,1,1,-38
1759482037.0116248,-2,5,-46
1759482037.0476248,-3,2,-46
1759482037.0856247,0,0,-39
1759482037.1236248,3,-4,-40
1759482037.161625,4,-3,-36
1759482037.1976247,-4,1,-44
1759482037.2366247,-2,-6,-29
1759482037.273625,2,0,-38
1759482037.3126247,5,1,-44
1759482037.3486247,-2,3,-35
1759482037.3866248,0,-1,-39
1759482037.4236248,-6,1,-37
1759482037.4626248,-3,-2,-25
1759482037.4986248,2,-5,-27
1759482037.536625,10,0,-37
1759482037.5746248,5,-1,-38
1759482037.6136248,0,-2,-39
1759482037.6496248,0,-9,-42
1759482037.6866248,2,3,-37
1759482037.7246249,-4,5,-26
1759482037.763625,-9,4,-26
1759482037.7996247,-6,2,-24
1759482037.8366249,2,3,-28
1759482037.8746247,-2,2,-44
1759482037.9136248,2,0,-34
1759482037.9496248,-3,1,-47
1759482037.987625,2,-10,-30
1759482038.0246248,-8,1,-29
1759482038.0636249,3,0,-41
1759482038.0996249,5,-2,-37
1759482038.1366248,1,-4,-38
1759482038.1746247,6,7,-34
1759482038.2136247,0,6,-43
1759482038.2496247,6,2,-32
1759482038.286625,10,1,-44
1759482038.3246248,15,-2,-38
1759482038.3636248,3,0,-39
1759482038.3996248,0,-3,-39
1759482038.4376247,8,4,-36
1759482038.4746249,0,-4,-37
1759482038.513625,0,-2,-40
1759482038.5496247,4,-2,-40
1759482038.5876248,-2,-2,-40
1759482038.625625,0,-3,-34
1759482038.6646247,-3,-4,-35
1759482038.7026248,0,-3,-41
1759482038.7386248,-4,-5,-33
1759482038.7776248,5,-3,-31
1759482038.8146248,3,-7,-28
1759482038.8536248,3,-3,-33
1759482038.8896248,-4,1,-26
1759482038.9276247,1,-4,-31
1759482038.964625,-4,-1,-38
1759482039.003625,-2,2,-42
1759482039.0396247,1,0,-39
1759482039.0766249,-7,5,-35
1759482039.1146247,-5,2,-50
1759482039.1536248,-4,1,-44
1759482039.1896248,1,3,-29
1759482039.2266247,6,2,-42
1759482039.2646248,4,-2,-45
1759482039.3036249,6,2,-39
1759482039.339625,9,-9,-35
1759482039.3776248,2,-1,-44
1759482039.4156249,7,4,-32
1759482039.4536247,7,6,-30
1759482039.4896247,7,1,-28
1759482039.526625,5,1,-30
1759482039.5646248,-4,-5,-27
1759482039.6036248,3,-1,-38
1759482039.6396248,-8,-3,-44
1759482039.6786249,-6,0,-39
1759482039.7156248,0,-1,-43
1759482039.7546248,-3,-1,-37
1759482039.7906249,-1,1,-47
1759482039.829625,-4,-2,-48
1759482039.8666248,0,1,-34
1759482039.9056249,9,-1,-29
1759482039.9436247,4,1,-36
1759482039.9796247,2,0,-35
1759482040.0166247,-2,-8,-39
1759482040.0556247,0,-1,-42
1759482040.0936248,-1,7,-32
1759482040.1296248,-3,11,-42
1759482040.1676247,-2,3,-39
1759482040.2066247,0,6,-39
1759482040.2446249,5,7,-41
1759482040.2806249,1,3,-27
1759482040.3176248,7,-4,-24
1759482040.355625,4,-4,-47
1759482040.3946247,6,0,-34
1759482040.4306247,-4,0,-38
1759482040.4686248,-5,-2,-42
1759482040.5056248,1,-5,-35
1759482040.5446248,6,9,-43
1759482040.5806248,10,7,-45
1759482040.6186247,6,0,-48
1759482040.6556249,8,-4,-46
1759482040.694625,5,-6,-32
1759482040.730625,6,-7,-36
1759482040.7686248,5,-5,-30
1759482040.8056247,-8,-6,-39
1759482040.8446248,-2,0,-45
1759482040.8806248,-2,6,-34
1759482040.9186249,1,0,-34
1759482040.9566247,-1,4,-38
1759482040.9946249,2,4,-35
1759482041.0306249,0,1,-29
1759482041.0686247,2,-6,-39
1759482041.105625,-2,-7,-44
1759482041.1446247,-1,-7,-46
1759482041.1806247,-5,-5,-44
1759482041.2186248,-2,-3,-40
1759482041.2576249,-4,-3,-44
1759482041.2956247,-5,-8,-34
1759482041.3316247,-3,0,-35
1759482041.3686247,1,0,-38
1759482041.4066248,6,-6,-37
1759482041.4456248,2,-6,-44
1759482041.4816248,5,0,-45
1759482041.5196247,3,-6,-33
1759482041.556625,3,0,-51
1759482041.5956247,-5,1,-33
1759482041.6316247,0,-10,-34
1759482041.6696248,2,0,-44
1759482041.7066247,10,0,-31
1759482041.7456248,-2,0,-36
1759482041.7816248,-2,-5,-31
1759482041.819625,-5,-2,-34
1759482041.8576248,-4,-2,-47
1759482041.8966248,-3,-1,-54
1759482041.934625,0,0,-56
1759482041.9706247,3,0,-36
1759482042.0076249,3,-6,-24
1759482042.046625,-6,1,-34
1759482042.0846248,-3,2,-35
1759482042.1206248,3,6,-37
1759482042.158625,-3,0,-46
1759482042.1966248,-3,-4,-44
1759482042.2346249,-3,-3,-37
1759482042.2706249,-1,-6,-43
1759482042.3086247,-1,0,-36
1759482042.3466249,-4,6,-42
1759482042.385625,1,3,-35
1759482042.421625,-6,0,-39
1759482042.4596248,-1,0,-34
1759482042.4966247,4,0,-22
1759482042.5356247,1,4,-20
1759482042.5716248,1,3,-31
1759482042.6096249,2,1,-39
1759482042.6466248,-4,-5,-41
1759482042.6856248,-2,-5,-43
1759482042.7216249,4,1,-43
1759482042.7586248,-3,1,-31
1759482042.7976248,-5,-3,-37
1759482042.8356247,5,0,-39
1759482042.8716247,3,-2,-40
1759482042.9096248,7,-5,-35
1759482042.9476247,3,-6,-50
1759482042.9856248,-2,2,-34
1759482043.0216248,0,0,-46
1759482043.0586247,0,-2,-48
1759482043.0966249,1,-1,-46
1759482043.135625,6,-2,-43
1759482043.171625,-2,8,-53
1759482043.2096248,0,0,-43
1759482043.2476249,-2,-4,-44
1759482043.2856247,0,-3,-34
1759482043.3216248,0,-7,-43
1759482043.3586247,0,-2,-38
1759482043.3976247,-3,-3,-41
1759482043.4356248,-4,-1,-41
1759482043.4716249,2,2,-41
1759482043.5096247,11,2,-39
1759482043.5476248,2,-5,-35
1759482043.5856247,4,-1,-45
1759482043.6216247,-2,3,-40
1759482043.658625,9,-2,-45
1759482043.6976247,10,-4,-49
1759482043.7356248,-1,-1,-45
1759482043.7806249,0,7,-49
1759482043.8176248,-2,0,-58
1759482043.8566248,1,3,-36
1759482043.8926249,1,0,-41
1759482043.9306247,0,4,-40
1759482043.9686248,5,-2,-45
1759482044.0066247,0,-2,-35
1759482044.0426247,-3,2,-27
1759482044.0806248,7,-1,-33
1759482044.1186247,4,2,-36
1759482044.1576247,-5,-1,-45
1759482044.1956248,-1,-2,-36
1759482044.2326248,-4,0,-55
1759482044.2696247,-5,-2,-46
1759482044.3086247,1,-1,-45
1759482044.3466249,4,4,-38
1759482044.3826249,-8,3,-27
1759482044.4206247,-9,5,-34
1759482044.4586248,2,0,-43
1759482044.4976249,0,0,-36
1759482044.533625,3,8,-46
1759482044.5706248,-11,10,-45
1759482044.6086247,0,1,-34
1759482044.6476247,4,0,-36
1759482044.6836247,9,0,-35
1759482044.7206247,1,-2,-45
1759482044.7586248,0,0,-42
1759482044.7976248,0,0,-33
1759482044.8336248,-1,5,-33
1759482044.8716247,0,5,-41
1759482044.9096248,3,2,-36
1759482044.9486248,2,-5,-46
1759482044.9866247,4,0,-41
1759482045.0226247,1,-1,-40
1759482045.0616248,4,0,-37
1759482045.0986247,-3,-1,-33
1759482045.1376247,-4,0,-29
1759482045.1736248,-7,0,-38
1759482045.2116249,-6,2,-34
1759482045.2496247,-1,5,-41
1759482045.2886248,0,-1,-42
1759482045.3266249,-3,-10,-35
1759482045.362625,-1,-9,-38
1759482045.4006248,-6,0,-39
1759482045.4386249,-2,-3,-55
1759482045.477625,-2,-4,-60
1759482045.513625,5,0,-50
1759482045.5506248,7,-2,-47
1759482045.589625,-2,0,-47
1759482045.6276248,0,1,-47
1759482045.6636248,1,0,-45
1759482045.7006247,2,-4,-31
1759482045.7386248,3,-3,-40
1759482045.7776248,3,5,-34
1759482045.8136249,0,-3,-46
1759482045.8516247,-8,-3,-50
1759482045.8896248,3,3,-40
1759482045.9286249,5,1,-42
1759482045.964625,6,2,-38
1759482046.0016248,-3,6,-32
1759482046.0406249,-4,-2,-42
1759482046.0786247,-1,0,-31
1759482046.1146247,8,1,-27
1759482046.1526248,-5,3,-30
1759482046.1906247,-9,5,-42
1759482046.2286248,-10,3,-49
1759482046.2646248,0,2,-40
1759482046.3016248,-2,0,-40
1759482046.3406248,5,0,-43
1759482046.378625,8,1,-46
1759482046.4146247,4,3,-56
1759482046.4516249,0,-6,-46
1759482046.490625,-4,-1,-34
1759482046.5286248,4,0,-28
1759482046.5646248,5,-1,-40
1759482046.6016247,2,0,-46
1759482046.6406248,1,0,-38
1759482046.6786249,11,-2,-39
1759482046.714625,4,-1,-42
1759482046.753625,0,-4,-43
1759482046.7926247,1,-2,-37
1759482046.829625,0,0,-32
1759482046.8686247,0,3,-36
1759482046.9046247,-1,0,-37
1759482046.9426248,0,-6,-47
1759482046.9816248,-4,1,-34
1759482047.0196247,-3,-4,-31
1759482047.0576248,0,0,-34
1759482047.0936248,-9,-3,-28
1759482047.1326249,2,-2,-32
1759482047.1696248,0,3,-33
1759482047.2086248,0,-1,-32
1759482047.2446249,0,0,-34
1759482047.2826247,-5,4,-30
1759482047.319625,-3,4,-34
1759482047.3586247,2,1,-34
1759482047.3946247,0,0,-27
1759482047.4326248,6,-2,-41
1759482047.4696248,1,-1,-42
1759482047.5086248,-2,3,-41
1759482047.5446248,1,2,-30
1759482047.582625,-7,7,-46
1759482047.6196249,-2,1,-41
1759482047.658625,6,5,-45
1759482047.694625,3,3,-46
1759482047.7326248,2,1,-31
1759482047.7696247,1,5,-40
1759482047.8086247,0,0,-43
1759482047.8446248,6,1,-40
1759482047.8826249,4,3,-43
1759482047.9206247,6,1,-49
1759482047.9586248,0,-1,-37
1759482047.9946249,0,0,-45
1759482048.0316248,0,0,-63
1759482048.069625,-4,-1,-46
1759482048.1086247,-4,-5,-38
1759482048.1446247,-3,-6,-40
1759482048.1826248,0,7,-44
1759482048.2216249,-1,6,-47
1759482048.2596247,0,2,-46
1759482048.2956247,1,0,-41
1759482048.3336248,-7,-3,-41
1759482048.3716247,-3,-1,-41
1759482048.4096248,9,10,-39
1759482048.4456248,1,0,-42
1759482048.4826248,0,0,-50
1759482048.5216248,1,2,-57
1759482048.559625,-3,3,-45
1759482048.5956247,1,-2,-46
1759482048.6346247,2,-1,-43
1759482048.671625,4,-7,-42
1759482048.7106247,2,0,-43
1759482048.7486248,0,-2,-38
1759482048.7846248,-7,-3,-46
1759482048.8226247,3,0,-34
1759482048.8606248,4,0,-37
1759482048.8996248,1,-4,-41
1759482048.9356248,7,1,-36
1759482048.9736247,-6,2,-33
1759482049.0116248,0,3,-35
1759482049.0506248,-2,3,-45
1759482049.0886247,1,2,-39
1759482049.1246247,-1,0,-37
1759482049.1636248,3,0,-40
1759482049.2006247,7,0,-37
1759482049.2396247,0,0,-37
1759482049.2756248,-5,2,-38
1759482049.3136249,-1,3,-48
1759482049.3516247,0,2,-46
1759482049.3896248,-2,6,-43
1759482049.4256248,-2,1,-35
1759482049.4636247,-3,9,-32
1759482049.5016248,0,0,-42
1759482049.5396247,-1,-2,-55
1759482049.5756247,0,-3,-51
1759482049.612625,1,2,-45
1759482049.651625,-2,2,-51
1759482049.6896248,1,4,-44
1759482049.7256248,-4,-1,-49
1759482049.7646248,1,5,-44
1759482049.8016248,2,0,-27
1759482049.8406248,3,4,-34
1759482049.8766248,-2,4,-31
1759482049.9146247,-5,2,-36
1759482049.9516249,-5,3,-44
1759482049.990625,-6,-1,-35
1759482050.026625,-2,5,-22
1759482050.0646248,-10,1,-26
1759482050.1016247,6,2,-29
1759482050.1406248,-2,0,-33
1759482050.1766248,-2,3,-42
1759482050.2156248,5,2,-38
1759482050.2526248,1,0,-33
1759482050.2916248,5,-4,-54
1759482050.329625,2,-5,-30
1759482050.365625,1,-6,-43
1759482050.4026248,0,0,-55
1759482050.4416249,0,-2,-53
1759482050.4796247,-1,-1,-54
1759482050.5156248,-7,-1,-37
1759482050.5536249,0,0,-36
1759482050.592625,3,4,-32
1759482050.6306248,2,1,-35
1759482050.6666248,0,2,-39
1759482050.7036247,3,1,-43
1759482050.7426248,6,3,-45
1759482050.7806249,0,5,-43
1759482050.8166249,0,-2,-46
1759482050.8536248,-5,-5,-42
1759482050.8926249,-4,1,-44
1759482050.9306247,8,1,-39
1759482050.9666247,7,5,-39
1759482051.003625,7,7,-37
1759482051.0426247,-3,10,-41
1759482051.0806248,4,0,-38
1759482051.1166248,-3,2,-41
1759482051.1536248,0,1,-45
1759482051.1926248,-3,3,-44
1759482051.230625,-1,-3,-30
1759482051.2666247,-1,2,-38
1759482051.3056247,-4,4,-36
1759482051.342625,0,0,-37
1759482051.3816247,6,2,-30
1759482051.4176247,4,-7,-29
1759482051.4556248,-1,-9,-27
1759482051.4936247,-1,-1,-45
1759482051.5316248,1,-5,-41
1759482051.5706248,7,-2,-45
1759482051.6066248,7,0,-33
1759482051.6436248,0,-2,-44
1759482051.6826248,-1,-5,-35
1759482051.7206247,2,2,-37
1759482051.7566247,-1,3,-29
1759482051.7946248,0,-3,-32
1759482051.832625,0,3,-38
1759482051.8716247,-6,0,-42
1759482051.9076247,-3,4,-32
1759482051.9456248,6,-2,-33
1759482051.9846249,5,-3,-41
1759482052.0226247,-1,2,-38
1759482052.0606248,0,-4,-41
1759482052.0966249,1,0,-34
1759482052.1336248,-4,2,-37
1759482052.1726248,5,-1,-41
1759482052.2106247,7,-10,-35
1759482052.2466247,5,-4,-49
1759482052.283625,-2,6,-50
1759482052.3226247,-1,3,-37
1759482052.3606248,-2,4,-39
1759482052.3966248,1,-2,-38
1759482052.434625,-7,0,-34
1759482052.4726248,-1,0,-34
1759482052.5116248,-6,-1,-40
1759482052.5476248,-5,-3,-23
1759482052.5866249,-2,0,-43
1759482052.6246247,-2,-1,-35
1759482052.6626248,3,-3,-40
1759482052.7006247,2,-1,-36
1759482052.7366247,-1,5,-38
1759482052.7746248,-2,4,-38
1759482052.8126247,2,5,-30
1759482052.8506248,-3,5,-46
1759482052.8866248,0,4,-42
1759482052.9246247,1,0,-33
1759482052.9626248,8,-2,-25
1759482052.9996247,3,-3,-32
1759482053.0376248,-2,-2,-40
1759482053.0746248,-1,-6,-48
1759482053.1136248,-6,-1,-36
1759482053.151625,0,0,-32
1759482053.1876247,0,0,-40
1759482053.2246249,0,2,-46
1759482053.263625,2,8,-47
1759482053.3016248,2,10,-47
1759482053.3376248,-7,1,-41
1759482053.3746247,-9,0,-54
1759482053.4136248,-2,-1,-47
1759482053.4516249,-2,-1,-46
1759482053.487625,1,1,-50
1759482053.5246248,5,10,-42
1759482053.5626247,6,-1,-41
1759482053.6016247,0,0,-48
1759482053.6376247,0,2,-38
1759482053.6746247,0,4,-40
1759482053.7136247,0,5,-32
1759482053.7516248,2,-3,-22
1759482053.7956247,3,-2,-31
1759482053.8336248,-3,3,-32
1759482053.8716247,1,2,-45
1759482053.9076247,0,3,-39
1759482053.944625,4,0,-42
1759482053.9836247,0,0,-41
1759482054.0216248,2,-1,-38
1759482054.0576248,5,-2,-40
1759482054.0966249,1,1,-28
1759482054.1336248,6,-4,-39
1759482054.1726248,11,-2,-48
1759482054.2086248,4,-4,-48
1759482054.2466247,-2,0,-54
1759482054.2846248,-8,-4,-49
1759482054.3236248,3,1,-50
1759482054.3616247,2,1,-41
1759482054.398625,6,0,-44
1759482054.4356248,3,0,-42
1759482054.4746249,5,6,-37
1759482054.5126247,0,-2,-47
1759482054.5486248,-4,-5,-38
1759482054.5866249,0,-5,-29
1759482054.6246247,1,-7,-28
1759482054.6636248,0,-2,-37
1759482054.6996248,4,-3,-43
1759482054.7366247,-1,3,-37
1759482054.7756248,-5,3,-41
1759482054.8136249,-3,-4,-40
1759482054.8496249,0,2,-39
1759482054.8876247,1,0,-41
1759482054.9246247,-2,8,-34
1759482054.9636247,-4,3,-40
1759482054.9996247,3,0,-40
1759482055.0376248,2,-4,-41
1759482055.0746248,-6,-6,-32
1759482055.1136248,-1,-6,-40
1759482055.1496248,0,-2,-43
1759482055.1866248,-2,-5,-45
1759482055.2246249,2,-2,-28
1759482055.263625,0,0,-38
1759482055.2996247,0,2,-34
1759482055.3366249,-1,7,-49
1759482055.3746247,-7,3,-40
1759482055.4136248,-6,7,-38
1759482055.4496248,0,5,-35
1759482055.4866247,-1,8,-40
1759482055.5246248,3,-3,-42
1759482055.5636249,6,-1,-43
1759482055.5996249,0,0,-38
1759482055.6366248,-6,-2,-41
1759482055.6746247,-5,0,-40
1759482055.7136247,-2,0,-34
1759482055.7496247,2,2,-31
1759482055.786625,5,-1,-41
1759482055.8246248,6,-4,-41
1759482055.8636248,-4,-1,-25
1759482055.8996248,3,6,-40
1759482055.9376247,3,2,-37
1759482055.9756248,-2,-1,-33
1759482056.0146248,1,-2,-37
1759482056.0526247,3,0,-38
1759482056.0886247,7,3,-28
1759482056.125625,7,5,-30
1759482056.1646247,-5,2,-32
1759482056.2026248,-3,1,-42
1759482056.2386248,-1,3,-40
1759482056.2756248,-9,5,-41
1759482056.3146248,-3,9,-50
1759482056.352625,0,2,-38
1759482056.388625,2,0,-38
1759482056.4256248,3,4,-32
1759482056.464625,0,3,-32
1759482056.500625,4,0,-35
1759482056.5396247,0,3,-33
1759482056.5776248,0,0,-32
1759482056.615625,4,3,-32
1759482056.6536248,0,-4,-33
1759482056.6896248,0,-1,-47
1759482056.727625,-7,-5,-52
1759482056.7656248,2,-1,-39
1759482056.8036249,2,4,-47
1759482056.839625,-2,2,-42
1759482056.8776248,0,-1,-36
1759482056.9156249,-2,-6,-28
1759482056.9536247,-5,-2,-47
1759482056.9896247,-2,-1,-43
1759482057.0286248,-4,-9,-46
1759482057.0656247,1,-2,-38
1759482057.1046247,10,5,-43
1759482057.1406248,5,5,-51
1759482057.1786249,0,4,-44
1759482057.2156248,0,5,-34
1759482057.2546248,-1,-2,-48
1759482057.2906249,-4,-2,-44
1759482057.3286247,-7,-5,-44
1759482057.3666248,-9,-3,-31
1759482057.4056249,1,1,-27
1759482057.4436247,-3,5,-34
1759482057.4796247,-10,3,-29
1759482057.5176249,-3,8,-30
1759482057.556625,2,7,-37
1759482057.5946248,5,0,-35
1759482057.6306248,2,0,-47
1759482057.6676247,1,5,-47
1759482057.7066247,9,2,-49
1759482057.7446249,-1,3,-43
1759482057.7806249,-1,0,-43
1759482057.8176248,0,5,-41
1759482057.8566248,0,6,-33
1759482057.8946247,0,3,-45
1759482057.9306247,-4,-2,-35
1759482057.9696248,2,-5,-34
1759482058.0066247,-7,-2,-39
1759482058.0456247,-8,-4,-45
1759482058.0836248,-9,0,-51
1759482058.1196249,-5,-1,-42
1759482058.158625,-12,-6,-44
1759482058.1966248,-5,-2,-43
1759482058.2346249,0,0,-44
1759482058.2716248,-5,-1,-47
1759482058.3086247,-6,1,-48
1759482058.3466249,-3,0,-41
1759482058.385625,-1,4,-32
1759482058.421625,2,2,-32
1759482058.4586248,6,7,-43
1759482058.4966247,-3,4,-46
1759482058.5356247,4,0,-52
1759482058.5716248,2,0,-45
1759482058.6096249,0,5,-41
1759482058.648625,7,-2,-27
1759482058.6866248,6,-3,-29
1759482058.7246249,7,-1,-25
1759482058.760625,-1,-1,-26
1759482058.7986248,-6,-1,-31
1759482058.8366249,-7,-6,-43
1759482058.875625,-1,-8,-46
1759482058.911625,0,-1,-45
1759482058.9496248,2,-5,-40
1759482058.9866247,-1,0,-32
1759482059.0256248,-3,0,-35
1759482059.0616248,0,0,-41
1759482059.0986247,1,0,-37
1759482059.1366248,-6,5,-36
1759482059.1756248,-2,1,-33
1759482059.2116249,6,-1,-32
1759482059.2486248,3,0,-31
1759482059.2876248,1,2,-36
1759482059.3256247,5,1,-25
1759482059.3616247,0,0,-32
1759482059.398625,-4,3,-35
1759482059.4366248,-6,0,-41
1759482059.4756248,0,-1,-32
1759482059.5116248,0,1,-40
1759482059.5486248,1,0,-35
1759482059.5876248,0,0,-30
1759482059.625625,-7,1,-30
1759482059.661625,0,0,-30
1759482059.6996248,7,-1,-28
1759482059.7366247,-1,5,-35
1759482059.7756248,1,0,-43
1759482059.8116248,8,1,-39
1759482059.8486247,3,-1,-51
1759482059.8866248,0,-5,-40
1759482059.9256248,1,-1,-47
1759482059.9616249,-1,1,-39
1759482059.9996247,3,5,-42
1759482060.036625,6,1,-42
1759482060.0756247,-5,-3,-46
1759482060.1116247,-2,-2,-48
1759482060.1506248,4,-3,-54
1759482060.1886249,5,-9,-44
1759482060.2266247,6,-1,-47
1759482060.2626247,0,2,-44
1759482060.3006248,1,1,-46
1759482060.3386247,-3,-3,-33
1759482060.3766248,-3,0,-39
1759482060.4126248,-5,2,-55
1759482060.4516249,-1,4,-32
1759482060.4886248,2,0,-35
1759482060.5276248,-1,1,-42
1759482060.5656247,4,3,-33
1759482060.6016247,2,4,-44
1759482060.638625,-2,0,-40
1759482060.6776247,-3,3,-43
1759482060.7156248,-5,7,-43
1759482060.7516248,-8,5,-37
1759482060.7886248,-3,-7,-31
1759482060.8276248,5,-2,-42
1759482060.865625,2,-7,-32
1759482060.901625,4,-4,-38
1759482060.9386249,0,0,-45
1759482060.977625,-4,-2,-41
1759482061.0156248,-6,-6,-38
1759482061.0516248,0,2,-55
1759482061.0886247,0,-6,-48
1759482061.1276248,-1,0,-50
1759482061.1656249,2,0,-39
1759482061.2016249,-2,2,-42
1759482061.2396247,0,-6,-30
1759482061.2776248,1,-6,-47
1759482061.3166249,4,0,-45
1759482061.352625,0,-4,-45
1759482061.3906248,-8,1,-38
1759482061.4286249,-2,5,-43
1759482061.467625,-3,1,-45
1759482061.5056248,-2,6,-49
1759482061.5416248,-1,0,-45
1759482061.5806248,2,2,-45
1759482061.6176248,-2,0,-34
1759482061.6566248,1,-1,-41
1759482061.6936247,0,3,-33
1759482061.730625,-1,0,-39
1759482061.7686248,6,0,-48
1759482061.8076248,-5,0,-34
1759482061.8436248,-2,-3,-34
1759482061.8826249,3,-1,-36
1759482061.9196248,0,-6,-36
1759482061.9586248,5,-6,-38
1759482061.9966247,1,-2,-46
1759482062.0326247,10,-6,-44
1759482062.0716248,3,-8,-47
1759482062.1096249,-2,-1,-34
1759482062.1476247,2,-11,-39
1759482062.184625,0,-2,-29
1759482062.2216249,-5,-2,-25
1759482062.260625,-5,-9,-27
1759482062.2976248,8,2,-34
1759482062.3366249,4,0,-41
1759482062.3726249,2,-1,-51
1759482062.4096248,-1,-6,-44
1759482062.4486248,-2,-2,-42
1759482062.4866247,0,-5,-44
1759482062.5226247,5,1,-38
1759482062.5606248,6,5,-31
1759482062.5986247,0,3,-27
1759482062.6366248,-4,0,-39
1759482062.6726248,0,-2,-50
1759482062.7096248,0,-8,-50
1759482062.7486248,3,-10,-45
1759482062.786625,2,-2,-48
1759482062.8226247,10,0,-47
1759482062.8596249,8,-2,-39
1759482062.898625,4,-2,-38
1759482062.9366248,1,-1,-32
1759482062.9726248,-3,0,-41
1759482063.010625,0,1,-43
1759482063.0496247,-6,3,-28
1759482063.0876248,-1,6,-45
1759482063.1236248,-8,2,-31
1759482063.161625,1,-3,-26
1759482063.2006247,-3,-5,-32
1759482063.2386248,0,-6,-30
1759482063.276625,5,-5,-33
1759482063.3126247,4,-13,-31
1759482063.3506248,3,0,-46
1759482063.388625,7,2,-44
1759482063.4276247,4,-4,-45
1759482063.4636247,0,-2,-43
1759482063.5016248,5,-1,-46
1759482063.5386248,0,-3,-39
1759482063.5776248,2,-1,-41
1759482063.6136248,-1,-6,-42
1759482063.651625,0,-11,-38
1759482063.6906247,0,2,-45
1759482063.7286248,2,0,-40
1759482063.7656248,-1,-4,-29
1759482063.8106248,5,0,-33
1759482063.8486247,4,3,-32
1759482063.8846247,0,-2,-33
1759482063.9226248,10,1,-28
1759482063.9606247,3,5,-43
1759482063.9986248,2,0,-38
1759482064.0346248,3,-2,-43
1759482064.0726247,3,-1,-33
1759482064.1106248,0,-6,-50
1759482064.1496248,6,2,-50
1759482064.1876247,3,-2,-40
1759482064.2236247,0,-4,-39
1759482064.2626247,-3,-3,-40
1759482064.3006248,0,8,-39
1759482064.3386247,-4,7,-47
1759482064.375625,-4,6,-44
1759482064.4126248,5,3,-42
1759482064.4506247,5,0,-40
1759482064.4896247,2,-1,-39
1759482064.5276248,0,-2,-31
1759482064.5636249,-2,-3,-28
1759482064.602625,-3,-2,-37
1759482064.6396248,8,0,-39
1759482064.6786249,1,-4,-43
1759482064.7156248,-2,0,-36
1759482064.753625,-9,0,-35
1759482064.7906249,2,3,-36
1759482064.829625,3,0,-46
1759482064.8676248,3,-3,-29
1759482064.9036248,8,-6,-48
1759482064.9406247,3,-1,-29
1759482064.9796247,8,-4,-42
1759482065.0176249,7,-6,-42
1759482065.0536249,0,0,-40
1759482065.0906248,4,0,-28
1759482065.1296248,2,4,-29
1759482065.1666248,4,5,-24
1759482065.2036247,2,-3,-43
1759482065.2426248,-3,-4,-49
1759482065.2796247,-3,-3,-41
1759482065.3186247,0,-4,-42
1759482065.3546247,5,-4,-53
1759482065.3916247,3,-1,-34
1759482065.4306247,0,0,-38
1759482065.4686248,4,1,-40
1759482065.5046248,6,5,-39
1759482065.5416248,4,2,-32
1759482065.579625,0,-6,-53
1759482065.6186247,3,0,-48
1759482065.6546247,0,1,-40
1759482065.6916249,-1,-6,-37
1759482065.7296247,2,-3,-47
1759482065.7686248,0,-7,-44
1759482065.8046248,1,-2,-47
1759482065.842625,0,-1,-41
1759482065.8806248,-4,-2,-49
1759482065.9186249,-1,-4,-45
1759482065.954625,-1,-5,-40
1759482065.9926248,-4,-4,-44
1759482066.0316248,-6,-11,-53
1759482066.069625,-10,0,-35
1759482066.105625,-12,-2,-36
1759482066.1446247,0,-6,-39
1759482066.1826248,1,0,-38
1759482066.2206247,0,-6,-40
1759482066.2586248,1,-1,-49
1759482066.2946248,-3,-3,-35
1759482066.332625,-1,0,-35
1759482066.3706248,1,5,-23
1759482066.4096248,1,1,-32
1759482066.4456248,0,2,-36
1759482066.4826248,0,4,-47
1759482066.5206249,1,3,-41
1759482066.559625,-2,-2,-48
1759482066.5956247,-6,0,-39
1759482066.6326249,0,1,-56
1759482066.6706247,0,0,-33
1759482066.7096248,5,-5,-33
1759482066.7456248,6,0,-35
1759482066.7826247,2,-5,-41
1759482066.8206248,2,-12,-35
1759482066.8596249,5,-4,-46
1759482066.8956249,0,0,-39
1759482066.9326248,-9,-5,-51
1759482066.9716249,-3,-1,-44
1759482067.0096247,-7,0,-44
1759482067.0456247,0,0,-40
1759482067.082625,-1,2,-51
1759482067.1206248,-2,-4,-37
1759482067.1596248,-3,-3,-44
1759482067.1956248,-6,1,-38
1759482067.2326248,-2,6,-38
1759482067.2716248,8,0,-41
1759482067.309625,2,-2,-32
1759482067.3456247,4,-3,-28
1759482067.3826249,0,-4,-30
1759482067.4206247,-7,0,-32
1759482067.4596248,3,-8,-29
1759482067.4956248,4,-3,-37
1759482067.5326247,1,-3,-36
1759482067.5716248,7,-4,-34
1759482067.6096249,6,-1,-43
1759482067.6456249,5,-1,-36
1759482067.6836247,0,-6,-35
1759482067.7216249,7,-1,-51
1759482067.7596247,5,-1,-47
1759482067.7956247,-1,4,-36
1759482067.8336248,-2,6,-42
1759482067.8716247,4,4,-33
1759482067.9106247,1,-1,-33
1759482067.9466248,2,0,-37
1759482067.9856248,-4,-3,-32
1759482068.023625,-3,0,-52
1759482068.0616248,-5,1,-45
1759482068.0996249,-10,0,-35
1759482068.135625,-9,1,-42
1759482068.1726248,-2,1,-32
1759482068.2116249,-3,1,-49
1759482068.2496247,-1,0,-36
1759482068.2856247,-1,5,-35
1759482068.3226247,6,5,-41
1759482068.3616247,-4,0,-43
1759482068.3996248,0,2,-33
1759482068.4356248,4,4,-42
1759482068.4726248,5,7,-43
1759482068.5116248,0,5,-42
1759482068.5476248,2,8,-40
1759482068.5856247,3,4,-40
1759482068.6226249,-2,0,-32
1759482068.661625,0,-2,-40
1759482068.6986248,-6,1,-37
1759482068.7356248,0,0,-43
1759482068.773625,-4,5,-40
1759482068.8116248,-1,4,-40
1759482068.8506248,0,-4,-35
1759482068.8866248,1,0,-39
1759482068.9236248,3,-2,-26
1759482068.9616249,-5,-3,-27
1759482069.000625,13,-4,-42
1759482069.036625,2,1,-44
1759482069.0746248,-1,2,-47
1759482069.112625,2,2,-46
1759482069.1506248,1,1,-35
1759482069.1866248,3,1,-39
1759482069.2246249,1,0,-28
1759482069.2616248,0,2,-43
1759482069.3006248,0,2,-44
1759482069.3366249,-3,4,-40
1759482069.3736248,-2,6,-45
1759482069.4126248,2,2,-34
1759482069.4506247,-7,2,-24
1759482069.4866247,-5,-1,-21
1759482069.5246248,-1,-2,-35
1759482069.5626247,2,0,-34
1759482069.6016247,6,3,-38
1759482069.6376247,3,4,-42
1759482069.6756248,-8,0,-38
1759482069.714625,-5,6,-37
1759482069.7526248,0,2,-41
1759482069.7906249,-2,3,-39
1759482069.8266249,-3,-3,-35
1759482069.8646247,-2,-8,-31
1759482069.9026248,-1,-6,-39
1759482069.9416249,0,-2,-46
1759482069.977625,1,-2,-41
1759482070.0146248,2,4,-37
1759482070.0526247,-3,0,-38
1759482070.0916247,-1,-7,-35
1759482070.1276248,0,-2,-34
1759482070.1646247,-3,-3,-33
1759482070.2026248,-2,-4,-44
1759482070.2416248,6,-5,-44
1759482070.2776248,7,0,-36
1759482070.3146248,1,-2,-39
1759482070.352625,5,-1,-32
1759482070.3916247,1,-4,-30
1759482070.4276247,-5,-1,-33
1759482070.4656248,-5,7,-43
1759482070.503625,-2,5,-31
1759482070.5426247,4,12,-37
1759482070.5786247,6,9,-39
1759482070.6166248,7,-1,-34
1759482070.6556249,9,-2,-41
1759482070.6936247,2,-1,-41
1759482070.7316248,0,2,-48
1759482070.7676249,-1,0,-40
1759482070.8056247,0,3,-37
1759482070.8436248,2,0,-35
1759482070.8816247,-6,0,-35
1759482070.9176247,-3,-3,-48
1759482070.9566247,-8,3,-34
1759482070.9936247,-1,2,-34
1759482071.0326247,0,2,-39
1759482071.0686247,0,7,-45
1759482071.1066248,4,0,-49
1759482071.1436248,4,-1,-48
1759482071.1826248,3,0,-51
1759482071.2186248,0,0,-41
1759482071.2566247,8,3,-36
1759482071.2936249,10,5,-41
1759482071.332625,4,-2,-40
1759482071.3686247,0,-3,-42
1759482071.4066248,-7,-3,-33
1759482071.444625,-3,-3,-34
1759482071.4836247,2,2,-44
1759482071.5216248,-1,14,-40
1759482071.5576248,4,12,-35
1759482071.5946248,6,0,-33
1759482071.6336248,4,-2,-43
1759482071.671625,5,0,-42
1759482071.707625,-1,-6,-35
1759482071.7456248,1,-3,-33
1759482071.7846248,1,-1,-48
1759482071.8226247,0,4,-45
1759482071.8586247,5,0,-41
1759482071.8956249,0,1,-22
1759482071.934625,1,5,-27
1759482071.9726248,0,6,-37
1759482072.0086248,-7,3,-44
1759482072.0456247,0,5,-43
1759482072.0846248,-2,3,-36
1759482072.1226249,-5,-2,-37
1759482072.158625,6,-8,-40
1759482072.1956248,9,-4,-37
1759482072.2336247,8,3,-30
1759482072.2726247,-5,0,-37
1759482072.3086247,2,-6,-32
1759482072.3456247,6,-1,-35
1759482072.3846247,5,-6,-33
1759482072.4226248,-3,-5,-48
1759482072.4586248,-5,-3,-41
1759482072.4976249,-7,3,-54
1759482072.5346248,0,1,-45
1759482072.5736248,0,6,-36
1759482072.6096249,1,-7,-40
1759482072.6476247,1,0,-35
1759482072.6856248,0,0,-46
1759482072.7236247,2,-4,-40
1759482072.7626247,-3,1,-36
1759482072.7996247,0,1,-29
1759482072.8366249,-11,0,-40
1759482072.8746247,-6,4,-46
1759482072.9136248,-5,1,-48
1759482072.9496248,-3,-3,-43
1759482072.987625,-5,-1,-47
1759482073.026625,-8,-4,-57
1759482073.0646248,-8,-4,-41
1759482073.102625,-1,-1,-47
1759482073.138625,-3,1,-43
1759482073.1766248,-1,5,-49
1759482073.2156248,0,-2,-46
1759482073.253625,-5,4,-36
1759482073.2896247,-6,3,-36
1759482073.3266249,-2,-3,-35
1759482073.365625,0,0,-38
1759482073.4036248,6,-6,-38
1759482073.4396248,3,1,-35
1759482073.4766247,3,1,-42
1759482073.5156248,0,-3,-41
1759482073.5536249,-5,-3,-38
1759482073.589625,-6,3,-33
1759482073.6276248,2,0,-33
1759482073.6646247,6,-2,-32
1759482073.7036247,3,0,-39
1759482073.7396247,0,3,-37
1759482073.776625,1,1,-39
1759482073.8226247,0,5,-36
1759482073.8596249,0,12,-31
1759482073.8976247,2,5,-32
1759482073.9356248,0,2,-38
1759482073.9746249,1,-4,-34
1759482074.010625,0,-1,-36
1759482074.0496247,5,-2,-56
1759482074.0876248,6,0,-46
1759482074.125625,2,-4,-44
1759482074.1636248,3,0,-42
1759482074.1996248,1,1,-49
1759482074.237625,3,6,-46
1759482074.2756248,2,-1,-39
1759482074.3136249,-5,-1,-44
1759482074.3496249,-3,0,-37
1759482074.388625,-7,1,-41
1759482074.4256248,-1,0,-53
1759482074.464625,4,1,-43
1759482074.500625,0,7,-37
1759482074.5386248,-1,5,-40
1759482074.5756247,-6,-1,-45
1759482074.6146247,-8,-1,-43
1759482074.6506248,-2,-9,-45
1759482074.6886249,-7,3,-44
1759482074.7266247,-3,-1,-40
1759482074.7656248,-2,5,-27
1759482074.8036249,-5,1,-46
1759482074.839625,-6,3,-31
1759482074.878625,2,0,-33
1759482074.9166248,3,4,-38
1759482074.954625,-5,4,-42
1759482074.9916248,0,1,-36
1759482075.0296247,0,2,-39
1759482075.0666249,1,0,-36
1759482075.105625,-7,-3,-44
1759482075.1436248,1,4,-39
1759482075.1796248,2,2,-44
1759482075.2166247,8,-1,-33
1759482075.2556248,1,-1,-31
1759482075.2936249,1,4,-39
1759482075.329625,4,10,-39
1759482075.3666248,9,-4,-34
1759482075.4056249,9,2,-34
1759482075.4436247,10,1,-35
1759482075.4796247,0,-2,-30
1759482075.5166247,-7,5,-34
1759482075.5556247,1,4,-43
1759482075.5916247,1,11,-30
1759482075.6296248,0,8,-28
1759482075.6666248,6,-4,-34
1759482075.7056248,2,-3,-42
1759482075.7416248,7,2,-43
1759482075.7796247,3,-1,-36
1759482075.8166249,-5,-1,-42
1759482075.855625,-10,0,-47
1759482075.8916247,-8,-1,-35
1759482075.9306247,-2,0,-40
1759482075.967625,0,2,-36
1759482076.0056248,2,0,-29
1759482076.0446248,-9,4,-34
1759482076.0816247,-12,7,-42
1759482076.1186247,-1,1,-41
1759482076.1566248,-2,-7,-45
1759482076.1956248,-2,-4,-46
1759482076.2326248,6,9,-46
1759482076.2706249,0,1,-54
1759482076.3086247,6,0,-48
1759482076.3466249,2,-3,-52
1759482076.3846247,2,1,-42
1759482076.421625,-12,-2,-40
1759482076.4586248,-5,-1,-37
1759482076.4966247,-4,-3,-43
1759482076.5356247,-1,-3,-42
1759482076.5716248,4,-3,-43
1759482076.6096249,5,2,-36
1759482076.6476247,-7,4,-22
1759482076.6866248,-1,1,-23
1759482076.7246249,-3,3,-35
1759482076.7616248,-3,-3,-45
1759482076.7996247,1,-1,-32
1759482076.8366249,-3,-4,-37
1759482076.875625,-2,0,-37
1759482076.911625,-6,4,-29
1759482076.9506247,0,6,-41
1759482076.9886248,-5,7,-38
1759482077.026625,0,5,-48
1759482077.0646248,0,0,-33
1759482077.1006248,1,-3,-29
1759482077.138625,0,3,-33
1759482077.1766248,0,-1,-38
1759482077.2156248,0,0,-31
1759482077.2516248,1,0,-37
1759482077.2886248,1,0,-33
1759482077.3266249,1,-3,-42
1759482077.365625,-4,0,-40
1759482077.401625,6,-3,-46
1759482077.4396248,7,0,-43
1759482077.477625,10,-2,-35
1759482077.5166247,9,-7,-39
1759482077.5526247,6,-3,-33
1759482077.5916247,0,0,-28
1759482077.6296248,-3,1,-26
1759482077.6666248,-2,0,-36
1759482077.7056248,-1,4,-34
1759482077.7416248,-3,4,-38
1759482077.7786248,-2,-10,-39
1759482077.8176248,5,-4,-38
1759482077.855625,5,-6,-41
1759482077.8916247,3,-7,-38
1759482077.9296248,4,-4,-27
1759482077.9666247,0,1,-42
1759482078.0056248,10,-3,-52
1759482078.0416248,2,-4,-51
1759482078.0786247,1,0,-41
1759482078.1176248,6,0,-34
1759482078.1556249,3,-5,-33
1759482078.1916249,4,-1,-43
1759482078.230625,-1,8,-41
1759482078.2676249,0,2,-40
1759482078.306625,-3,8,-46
1759482078.342625,1,2,-45
1759482078.3796248,0,-1,-40
1759482078.4176247,5,3,-43
1759482078.4566247,1,0,-29
1759482078.4926248,0,-2,-37
1759482078.5316248,-3,2,-37
1759482078.5686247,-6,0,-35
1759482078.6076248,0,0,-33
1759482078.6456249,4,8,-36
1759482078.681625,3,1,-36
1759482078.7186248,8,-1,-30
1759482078.7576249,6,0,-48
1759482078.7956247,1,-3,-42
1759482078.8316247,-2,-3,-50
1759482078.8696249,9,-1,-46
1759482078.908625,4,-1,-34
1759482078.9466248,-4,-2,-44
1759482078.9826248,0,-1,-45
1759482079.0196247,0,-4,-48
1759482079.0586247,-1,-3,-49
1759482079.0966249,4,0,-41
1759482079.1326249,2,0,-34
1759482079.1696248,7,-2,-42
1759482079.2086248,-5,-5,-42
1759482079.2466247,1,-3,-35
1759482079.2826247,0,-2,-39
1759482079.319625,-6,0,-36
1759482079.3586247,-7,-1,-38
1759482079.3966248,-4,-4,-29
1759482079.4326248,-6,1,-35
1759482079.4696248,-4,-5,-45
1759482079.5086248,0,0,-40
1759482079.546625,2,0,-40
1759482079.582625,0,0,-47
1759482079.6196249,3,0,-29
1759482079.658625,4,0,-22
1759482079.6966248,5,-1,-46
1759482079.7326248,-1,0,-39
1759482079.7696247,0,0,-36
1759482079.8086247,0,0,-33
1759482079.8466249,4,-1,-32
1759482079.8826249,0,0,-20
1759482079.9196248,2,-1,-27
1759482079.9586248,1,0,-42
1759482079.9966247,1,-6,-39
1759482080.0326247,-10,-4,-41
1759482080.0716248,-4,0,-45
1759482080.1086247,1,-5,-50
1759482080.1476247,-3,-6,-41
1759482080.1836247,-6,-4,-29
1759482080.2216249,-9,-4,-45
1759482080.260625,0,0,-33
1759482080.2986248,2,-4,-29
1759482080.3366249,0,-1,-33
1759482080.3736248,0,-1,-33
1759482080.4106247,0,0,-36
1759482080.4496248,-2,-4,-37
1759482080.487625,3,8,-37
1759482080.523625,-3,5,-33
1759482080.5606248,-9,2,-44
1759482080.5996249,0,-3,-39
1759482080.6376247,-3,-6,-24
1759482080.6736248,-1,-8,-27
1759482080.7126248,-10,-3,-35
1759482080.7496247,-2,2,-34
1759482080.7886248,-1,2,-34
1759482080.8246248,-2,1,-24
1759482080.862625,-5,-1,-31
1759482080.8996248,-3,-5,-25
1759482080.9386249,0,2,-30
1759482080.9746249,-1,-3,-42
1759482081.0126247,1,0,-43
1759482081.0506248,-6,-4,-46
1759482081.0886247,3,-12,-38
1759482081.1276248,3,-5,-45
1759482081.1636248,3,-7,-36
1759482081.2026248,0,-3,-44
1759482081.2396247,5,0,-30
1759482081.2786248,0,0,-36
1759482081.3146248,3,3,-37
1759482081.3516247,1,4,-37
1759482081.3896248,6,2,-35
1759482081.4286249,0,3,-40
1759482081.464625,1,5,-50
1759482081.5026248,3,0,-38
1759482081.5406249,2,3,-40
1759482081.5786247,6,3,-47
1759482081.6146247,0,0,-37
1759482081.651625,6,4,-34
1759482081.6896248,3,4,-43
1759482081.7286248,1,3,-37
1759482081.7646248,1,0,-34
1759482081.8016248,0,-4,-25
1759482081.839625,0,3,-37
1759482081.878625,0,0,-43
1759482081.9146247,1,-1,-39
1759482081.9536247,4,-2,-28
1759482081.9916248,-4,1,-34
1759482082.0296247,0,-8,-46
1759482082.0676248,1,-7,-37
1759482082.1036248,0,-4,-40
1759482082.1416247,-3,0,-40
1759482082.1806247,-1,-8,-40
1759482082.2186248,3,-3,-43
1759482082.2546248,0,-3,-40
1759482082.2916248,5,-2,-38
1759482082.3306248,-2,-1,-37
1759482082.3686247,2,-3,-33
1759482082.4046247,-14,-3,-38
1759482082.4426248,-5,2,-39
1759482082.480625,1,4,-40
1759482082.5196247,5,0,-45
1759482082.5556247,0,0,-41
1759482082.592625,0,-4,-38
1759482082.6316247,-2,-3,-44
1759482082.6696248,-11,-3,-51
1759482082.7056248,-3,-7,-47
1759482082.7436247,-1,7,-42
1759482082.7826247,2,0,-38
1759482082.819625,-1,0,-35
1759482082.8586247,4,3,-25
1759482082.8946247,-1,1,-21
1759482082.9326248,-4,2,-37
1759482082.9706247,-5,0,-37
1759482083.0096247,0,-3,-34
1759482083.0456247,0,0,-43
1759482083.082625,1,-6,-41
1759482083.1206248,0,1,-28
1759482083.1596248,2,-7,-35
1759482083.1956248,0,2,-46
1759482083.2326248,0,-2,-49
1759482083.2706249,-2,-4,-46
1759482083.309625,1,-2,-41
1759482083.3456247,-1,-1,-38
1759482083.3836248,-3,3,-43
1759482083.421625,-8,1,-37
1759482083.4606247,0,0,-39
1759482083.4986248,-7,0,-36
1759482083.5346248,-3,-1,-46
1759482083.5736248,2,0,-35
1759482083.6106248,-4,3,-46
1759482083.6496248,-2,-4,-52
1759482083.6856248,-1,-8,-45
1759482083.7246249,0,-2,-33
1759482083.7626247,-1,-1,-43
1759482083.8006248,1,-1,-46
1759482083.8456247,-3,-3,-41
1759482083.8826249,-5,0,-38
1759482083.9206247,4,3,-36
1759482083.9596248,2,2,-28
1759482083.9956248,-1,-4,-34
1759482084.0346248,-2,0,-38
1759482084.0726247,-1,5,-42
1759482084.1106248,-1,3,-37
1759482084.148625,3,-1,-39
1759482084.184625,1,-6,-37
1759482084.2236247,4,-1,-39
1759482084.260625,-2,-1,-36
1759482084.2996247,0,5,-29
1759482084.3356247,5,7,-38
1759482084.3736248,-1,6,-39
1759482084.4106247,-3,10,-29
1759482084.4496248,-1,6,-30
1759482084.4856248,4,3,-34
1759482084.523625,4,-1,-31
1759482084.5606248,6,0,-39
1759482084.5996249,1,3,-39
1759482084.635625,0,5,-22
1759482084.6736248,-1,0,-49
1759482084.7116249,-6,1,-45
1759482084.7496247,2,7,-40
1759482084.7856247,-4,5,-31
1759482084.8246248,2,-4,-37
1759482084.862625,0,-3,-33
1759482084.9006248,-3,0,-39
1759482084.9366248,-6,2,-51
1759482084.9746249,0,0,-50
1759482085.0126247,2,7,-44
1759482085.0516248,3,0,-38
1759482085.089625,11,1,-43
1759482085.125625,8,0,-30
1759482085.1626248,0,1,-33
1759482085.2016249,-4,-3,-34
1759482085.2396247,0,1,-21
1759482085.2756248,3,-1,-30
1759482085.3126247,7,1,-43
1759482085.3516247,6,1,-47
1759482085.3896248,10,-5,-47
1759482085.4256248,5,-6,-48
1759482085.464625,7,-7,-43
1759482085.5026248,3,0,-41
1759482085.5406249,2,2,-38
1759482085.5766249,0,9,-31
1759482085.6146247,-1,3,-34
1759482085.651625,-2,-2,-49
1759482085.6906247,-7,0,-32
1759482085.7266247,-7,3,-32
1759482085.7656248,0,7,-33
1759482085.8036249,-9,2,-42
1759482085.8416247,-1,5,-44
1759482085.8796248,0,0,-44
1759482085.9156249,1,3,-38
1759482085.9536247,-2,8,-43
1759482085.9916248,2,4,-39
1759482086.0296247,-3,-6,-41
1759482086.0666249,-3,-10,-43
1759482086.105625,-1,-4,-41
1759482086.1426249,-3,0,-48
1759482086.181625,-1,-6,-49
1759482086.217625,3,-5,-42
1759482086.2556248,-1,2,-40
1759482086.2936249,1,3,-47
1759482086.3316247,2,8,-47
1759482086.3706248,0,-1,-25
1759482086.4066248,-1,-2,-25
1759482086.4456248,-5,-4,-45
1759482086.4826248,0,2,-40
1759482086.5216248,-2,2,-40
1759482086.5576248,-2,-1,-45
1759482086.5966249,-3,-3,-50
1759482086.6336248,0,1,-35
1759482086.671625,5,0,-25
1759482086.7106247,4,4,-37
1759482086.7466247,3,1,-44
1759482086.783625,-7,2,-36
1759482086.8226247,1,2,-56
1759482086.8606248,-1,-1,-41
1759482086.8966248,-1,-2,-36
1759482086.934625,0,0,-45
1759482086.9726248,-3,5,-43
1759482087.0116248,2,0,-34
1759482087.0476248,3,0,-49
1759482087.0846248,2,-3,-51
1759482087.1226249,-2,0,-39
1759482087.161625,-3,4,-35
1759482087.1976247,-1,3,-36
1759482087.2366247,1,-5,-34
1759482087.2746248,2,-2,-38
1759482087.3126247,1,0,-33
1759482087.3506248,5,-2,-33
1759482087.3866248,5,2,-40
1759482087.4246247,-4,-1,-38
1759482087.4626248,-7,6,-31
1759482087.500625,-2,3,-40
1759482087.536625,4,3,-34
1759482087.5746248,2,4,-34
1759482087.612625,0,0,-28
1759482087.6506248,-1,0,-26
1759482087.6866248,7,3,-47
1759482087.7236247,2,0,-42
1759482087.7626247,1,0,-33
1759482087.7986248,-2,0,-42
1759482087.8366249,2,-3,-38
1759482087.8736248,1,-1,-44
1759482087.9126248,-2,-1,-42
1759482087.9486248,-2,2,-45
1759482087.9866247,1,1,-45
1759482088.0246248,0,-5,-49
1759482088.0636249,1,-1,-45
1759482088.1016247,5,4,-37
1759482088.1376247,7,1,-30
1759482088.1746247,0,1,-42
1759482088.2126248,-2,1,-40
1759482088.2516248,-2,7,-41
1759482088.2876248,-1,0,-41
1759482088.3256247,4,7,-40
1759482088.3646247,9,0,-38
1759482088.4026248,0,-5,-43
1759482088.4386249,3,0,-39
1759482088.4756248,-3,-1,-32
1759482088.5146248,3,3,-35
1759482088.5526247,-2,2,-30
1759482088.5886247,1,0,-37
1759482088.625625,1,2,-29
1759482088.6636248,0,5,-34
1759482088.7026248,-3,1,-37
1759482088.7386248,-8,3,-44
1759482088.776625,-7,3,-36
1759482088.8136249,-2,1,-42
1759482088.852625,0,1,-34
1759482088.888625,0,6,-46
1759482088.9256248,0,4,-40
1759482088.9636247,0,7,-38
1759482089.0026248,4,1,-34
1759482089.0386248,8,1,-30
1759482089.0756247,3,-2,-30
1759482089.1136248,5,-1,-43
1759482089.1526248,1,-1,-40
1759482089.1886249,4,-2,-36
1759482089.2266247,3,0,-39
1759482089.2646248,2,-4,-35
1759482089.3036249,-2,0,-36
1759482089.3416247,4,1,-37
1759482089.3776248,4,3,-37
1759482089.4146247,1,8,-38
1759482089.4536247,5,-1,-42
1759482089.4896247,-4,-7,-39
1759482089.5276248,-3,-1,-35
1759482089.5666249,2,-5,-52
1759482089.6036248,-1,1,-48
1759482089.6426249,-8,5,-39
1759482089.6796248,2,8,-39
1759482089.7166247,5,0,-42
1759482089.7546248,0,2,-54
1759482089.7936249,-8,3,-45
1759482089.829625,-5,1,-46
1759482089.8666248,-3,3,-47
1759482089.9056249,4,-1,-42
1759482089.9436247,-2,0,-38
1759482089.9796247,-6,14,-44
1759482090.0176249,-1,9,-41
1759482090.0556247,4,0,-49
1759482090.0936248,0,-4,-29
1759482090.1326249,2,0,-45
1759482090.1686249,5,3,-44
1759482090.2066247,0,1,-30
1759482090.2446249,2,-3,-32
1759482090.2826247,-4,-9,-42
1759482090.3186247,-1,0,-53
1759482090.355625,-4,-1,-46
1759482090.3946247,-2,1,-38
1759482090.4326248,0,-2,-28
1759482090.4686248,0,4,-31
1759482090.5056248,0,2,-35
1759482090.5446248,-1,-2,-39
1759482090.582625,0,-4,-38
1759482090.6186247,5,-4,-40
1759482090.6566248,-1,2,-31
1759482090.694625,-6,7,-35
1759482090.7336247,3,-1,-37
1759482090.7696247,0,0,-39
1759482090.8086247,1,-2,-45
1759482090.8466249,1,3,-49
1759482090.8846247,1,0,-38
1759482090.9226248,-1,2,-38
1759482090.9586248,5,-4,-36
1759482090.9966247,-1,-5,-43
1759482091.0346248,-2,4,-39
1759482091.0726247,-2,0,-45
1759482091.1086247,-4,1,-39
1759482091.1466248,0,2,-41
1759482091.184625,2,3,-38
1759482091.2206247,3,2,-45
1759482091.2586248,0,-9,-41
1759482091.296625,0,0,-38
1759482091.3346248,-5,-1,-51
1759482091.3706248,0,-1,-48
1759482091.408625,9,2,-42
1759482091.4466248,6,-2,-37
1759482091.4846249,4,2,-26
1759482091.523625,4,2,-38
1759482091.559625,7,-5,-36
1759482091.5966249,-1,1,-56
1759482091.6346247,-5,-7,-47
1759482091.6736248,-3,5,-41
1759482091.7096248,-1,-2,-44
1759482091.7476249,1,-5,-33
1759482091.7856247,-5,-4,-31
1759482091.8246248,-5,0,-26
1759482091.8606248,-7,1,-29
1759482091.898625,0,2,-37
1759482091.9376247,-6,4,-40
1759482091.9756248,-6,1,-38
1759482092.013625,-2,2,-35
1759482092.0496247,-6,1,-40
1759482092.0886247,0,-4,-26
1759482092.125625,0,1,-34
1759482092.1646247,-6,-3,-36
1759482092.2006247,-6,-3,-30
1759482092.2386248,-7,-3,-33
1759482092.276625,0,0,-47
1759482092.3156247,-1,-8,-35
1759482092.3536248,-2,-3,-35
1759482092.3896248,-2,0,-38
1759482092.4286249,-4,0,-34
1759482092.4666247,0,6,-38
1759482092.5046248,0,6,-40
1759482092.5406249,-3,4,-43
1759482092.579625,0,-4,-47
1759482092.6166248,-2,0,-47
1759482092.6556249,2,5,-53
1759482092.6936247,-5,0,-40
1759482092.7296247,-2,0,-39
1759482092.7666247,1,1,-48
1759482092.8056247,0,-4,-34
1759482092.8436248,7,-1,-40
1759482092.8796248,6,-5,-39
1759482092.9166248,6,-1,-44
1759482092.9556248,-5,1,-45
1759482092.9916248,-10,6,-44
1759482093.0296247,-7,-8,-40
1759482093.0676248,0,-5,-37
1759482093.105625,6,-4,-46
1759482093.1446247,2,2,-39
1759482093.1806247,1,-1,-39
1759482093.2186248,0,-2,-28
1759482093.2566247,-5,2,-43
1759482093.2956247,0,0,-44
1759482093.332625,0,-4,-31
1759482093.3706248,-3,0,-31
1759482093.408625,-2,3,-47
1759482093.4466248,-2,3,-36
1759482093.4846249,4,9,-37
1759482093.5206249,1,5,-40
1759482093.5576248,1,4,-32
1759482093.5966249,1,2,-30
1759482093.6346247,-9,-1,-44
1759482093.6706247,-9,-1,-45
1759482093.7086248,-6,-3,-44
1759482093.7466247,-13,0,-29
1759482093.7856247,4,5,-37
1759482093.8216248,5,2,-52
1759482093.8676248,0,-3,-40
1759482093.9056249,2,-3,-44
1759482093.9416249,-6,-3,-45
1759482093.9796247,-4,1,-33
1759482094.0176249,7,0,-30
1759482094.056625,-2,-3,-38
1759482094.0946248,8,-4,-47
1759482094.1316247,1,-7,-36
1759482094.1686249,-5,0,-39
1759482094.207625,0,3,-31
1759482094.2456248,-1,0,-33
1759482094.2816248,4,0,-42
1759482094.3186247,8,0,-52
1759482094.3566248,4,0,-45
1759482094.3956249,0,1,-36
1759482094.4326248,0,0,-38
1759482094.4706247,3,5,-35
1759482094.5086248,5,-2,-41
1759482094.546625,0,0,-41
1759482094.5846248,-5,-3,-46
1759482094.6206248,-1,-11,-45
1759482094.6596248,1,-4,-40
1759482094.6976247,0,1,-41
1759482094.7356248,4,5,-46
1759482094.7716248,-4,10,-40
1759482094.809625,0,2,-43
1759482094.8476248,-5,-2,-47
1759482094.8866248,0,-4,-39
1759482094.9226248,9,-3,-35
1759482094.9616249,4,-12,-35
1759482094.9986248,7,-5,-36
1759482095.036625,2,-3,-33
1759482095.0756247,0,-8,-42
1759482095.1116247,3,-4,-36
1759482095.148625,-3,-5,-38
1759482095.1876247,2,-5,-52
1759482095.2256248,-4,1,-40
1759482095.2616248,0,1,-54
1759482095.2986248,-2,-6,-49
1759482095.3376248,2,-4,-37
1759482095.375625,0,-9,-32
1759482095.411625,4,-5,-36
1759482095.4496248,4,-4,-39
1759482095.487625,4,1,-38
1759482095.5256248,-6,0,-47
1759482095.5616248,-2,2,-50
1759482095.5996249,2,0,-35
1759482095.638625,3,3,-37
1759482095.6766248,0,4,-41
1759482095.7136247,-2,-4,-36
1759482095.750625,3,1,-31
1759482095.7886248,-3,-7,-44
1759482095.8276248,-5,2,-41
1759482095.865625,-8,-5,-44
1759482095.901625,-3,-7,-47
1759482095.9406247,-4,-9,-44
1759482095.9786248,-1,-3,-41
1759482096.0166247,-2,-7,-43
1759482096.0526247,-5,-3,-45
1759482096.0906248,1,5,-41
1759482096.1296248,1,2,-36
1759482096.1676247,7,1,-42
1759482096.2056248,2,6,-37
1759482096.2416248,3,-2,-39
1759482096.2796247,-1,-2,-39
1759482096.3176248,-3,-2,-44
1759482096.355625,-6,-1,-45
1759482096.3916247,-8,-1,-39
1759482096.4296248,0,-7,-45
1759482096.467625,0,-3,-36
1759482096.5066247,0,0,-45
1759482096.5426247,0,-2,-39
1759482096.579625,-2,-3,-41
1759482096.6176248,1,-1,-43
1759482096.6566248,2,-2,-53
1759482096.6926248,3,-7,-32
1759482096.7296247,0,-3,-30
1759482096.7686248,6,-8,-46
1759482096.806625,0,2,-37
1759482096.842625,6,0,-40
1759482096.8806248,0,1,-28
1759482096.9176247,0,-1,-29
1759482096.9566247,5,6,-31
1759482096.9926248,-6,-5,-27
1759482097.0316248,0,-5,-29
1759482097.069625,0,1,-39
1759482097.1076248,-4,0,-43
1759482097.1436248,-4,2,-30
1759482097.181625,-5,5,-46
1759482097.2206247,-2,0,-44
1759482097.2586248,0,1,-35
1759482097.296625,0,0,-32
1759482097.332625,3,-1,-44
1759482097.3706248,5,0,-36
1759482097.408625,-1,6,-29
1759482097.4466248,-4,1,-37
1759482097.4826248,-9,5,-33
1759482097.5216248,-4,-4,-51
1759482097.5586247,-8,-8,-57
1759482097.5976248,-1,2,-42
1759482097.6336248,-2,-1,-36
1759482097.671625,0,1,-36
1759482097.7096248,0,-2,-38
1759482097.7486248,-5,0,-37
1759482097.786625,-6,-3,-39
1759482097.8226247,-9,-4,-40
1759482097.8606248,-2,0,-45
1759482097.8996248,-6,0,-35
1759482097.9376247,0,-2,-41
1759482097.9746249,3,0,-34
1759482098.0116248,0,4,-40
1759482098.0496247,0,-6,-42
1759482098.0886247,0,-7,-40
1759482098.1266248,1,1,-38
1759482098.1626248,4,-1,-28
1759482098.2016249,8,-1,-42
1759482098.2386248,1,3,-44
1759482098.2776248,3,-3,-29
1759482098.3136249,6,-2,-38
1759482098.3516247,9,-3,-46
1759482098.3896248,4,-3,-43
1759482098.4286249,3,2,-43
1759482098.464625,-4,0,-32
1759482098.503625,-3,3,-40
1759482098.5406249,3,-1,-38
1759482098.579625,1,3,-41
1759482098.6176248,6,0,-41
1759482098.6536248,4,-3,-35
1759482098.6926248,4,0,-35
1759482098.7296247,-2,2,-25
1759482098.7686248,-4,2,-32
1759482098.8046248,-2,3,-39
1759482098.842625,0,4,-41
1759482098.8806248,1,2,-35
1759482098.9196248,2,-12,-29
1759482098.957625,-4,-3,-38
1759482098.9936247,-4,-2,-42
1759482099.0316248,0,-5,-44
1759482099.0706248,3,-5,-42
1759482099.1086247,-3,-2,-44
1759482099.1446247,2,-1,-37
1759482099.1826248,-3,-2,-30
1759482099.2206247,2,3,-26
1759482099.2586248,-2,3,-31
1759482099.2946248,0,-4,-31
1759482099.3316247,0,-1,-36
1759482099.3706248,0,-3,-39
1759482099.408625,5,-3,-38
1759482099.444625,4,-5,-49
1759482099.4816248,2,-3,-43
1759482099.5206249,-4,-4,-44
1759482099.5586247,2,5,-50
1759482099.5946248,-1,6,-44
1759482099.6336248,-2,0,-40
1759482099.671625,-1,6,-32
1759482099.7096248,0,-3,-30
1759482099.7476249,5,-7,-42
1759482099.783625,3,-2,-49
1759482099.8216248,-3,1,-40
1759482099.8596249,-5,6,-47
1759482099.8976247,-8,0,-44
1759482099.9336247,-1,3,-38
1759482099.9716249,3,-3,-41
1759482100.0096247,0,0,-35
1759482100.0456247,0,-4,-35
1759482100.0836248,2,5,-40
1759482100.1216247,3,-6,-38
1759482100.1596248,-2,-2,-35
1759482100.1986248,3,-3,-33
1759482100.2346249,3,-2,-37
1759482100.2716248,-1,-4,-43
1759482100.309625,3,0,-43
1759482100.3486247,3,-2,-35
1759482100.3846247,2,-7,-41
1759482100.421625,0,0,-49
1759482100.4596248,-1,2,-45
1759482100.4986248,-4,2,-46
1759482100.5346248,0,1,-48
1759482100.5716248,-5,2,-38
1759482100.6106248,0,0,-34
1759482100.648625,-2,10,-31
1759482100.684625,0,7,-37
1759482100.7216249,4,-1,-30
1759482100.760625,2,-3,-33
1759482100.7986248,3,2,-32
1759482100.8346248,0,0,-30
1759482100.8716247,-6,-2,-26
1759482100.9106247,-2,5,-32
1759482100.9486248,0,2,-36
1759482100.9846249,-4,1,-39
1759482101.0216248,-5,0,-48
1759482101.0606248,-3,-2,-40
1759482101.0986247,3,7,-32
1759482101.1346247,-6,-3,-40
1759482101.1736248,4,-1,-40
1759482101.2116249,3,0,-47
1759482101.2496247,1,1,-55
1759482101.2856247,-2,7,-51
1759482101.3236248,-5,4,-42
1759482101.362625,-8,3,-37
1759482101.4006248,-4,4,-41
1759482101.4386249,2,-3,-46
1759482101.4746249,-1,-1,-45
1759482101.5126247,-2,-2,-38
1759482101.5506248,-3,-1,-50
1759482101.589625,-1,3,-39
1759482101.625625,4,-1,-58
1759482101.6626248,2,-1,-38
1759482101.7016249,4,1,-41
1759482101.7396247,5,1,-45
1759482101.7756248,-1,1,-34
1759482101.8136249,1,4,-32
1759482101.8506248,4,2,-31
1759482101.8896248,-7,-6,-31
1759482101.9256248,0,-6,-28
1759482101.9626248,2,4,-35
1759482102.000625,0,-3,-40
1759482102.0396247,6,4,-43
1759482102.0756247,1,-1,-41
1759482102.1136248,3,0,-42
1759482102.1506248,3,0,-40
1759482102.1896248,4,5,-33
1759482102.2256248,0,0,-33
1759482102.2626247,-2,-2,-36
1759482102.3016248,-1,4,-39
1759482102.339625,5,0,-43
1759482102.375625,1,-4,-39
1759482102.4126248,2,-6,-52
1759482102.4516249,-5,1,-39
1759482102.4896247,2,2,-47
1759482102.5256248,-5,5,-44
1759482102.5626247,0,-3,-40
1759482102.6016247,-1,-3,-50
1759482102.6396248,-4,5,-35
1759482102.6756248,0,6,-51
1759482102.7126248,-1,4,-48
1759482102.7516248,0,-2,-44
1759482102.7896247,-5,4,-41
1759482102.8256247,-7,-4,-39
1759482102.8636248,-4,-5,-39
1759482102.901625,8,1,-42
1759482102.9406247,2,0,-58
1759482102.9766247,1,-2,-38
1759482103.0146248,-2,-3,-43
1759482103.0526247,-3,3,-42
1759482103.0916247,-4,4,-38
1759482103.1296248,-1,4,-39
1759482103.1656249,-1,2,-35
1759482103.204625,-1,0,-36
1759482103.2416248,10,4,-37
1759482103.2806249,4,3,-36
1759482103.3166249,0,-2,-31
1759482103.3546247,-2,-5,-33
1759482103.3926249,-4,1,-33
1759482103.431625,-5,3,-29
1759482103.467625,0,-1,-39
1759482103.5056248,2,-1,-34
1759482103.5446248,-3,0,-38
1759482103.582625,-6,0,-30
1759482103.6206248,-1,-3,-30
1759482103.6566248,-1,-4,-23
1759482103.6956248,0,-2,-27
1759482103.7336247,0,-3,-41
1759482103.7716248,-2,-1,-44
1759482103.8076248,-2,-1,-42
1759482103.8466249,6,-2,-40
1759482103.8916247,3,4,-45
1759482103.9276247,3,2,-44
1759482103.9656248,-6,-5,-43
1759482104.0026248,2,-2,-50
1759482104.0416248,6,-2,-34
1759482104.0776248,0,-6,-43
1759482104.115625,0,-3,-44
1759482104.1536248,1,-4,-48
1759482104.1916249,0,0,-35
1759482104.227625,0,2,-41
1759482104.2656248,-2,-1,-54
1759482104.3046248,0,0,-47
1759482104.3436248,5,0,-26
1759482104.3816247,-3,-8,-32
1759482104.4176247,3,3,-26
1759482104.454625,-4,4,-23
1759482104.4926248,-4,8,-39
1759482104.5316248,0,2,-36
1759482104.5676248,-4,-1,-45
1759482104.605625,-4,7,-43
1759482104.6446247,4,-3,-30
1759482104.6826248,-3,-1,-25
1759482104.7206247,-4,3,-30
1759482104.7566247,-7,2,-39
1759482104.7956247,-1,-8,-36
1759482104.832625,4,-4,-43
1759482104.8716247,5,-1,-44
1759482104.9076247,6,-4,-43
1759482104.9456248,1,-10,-45
1759482104.9826248,-2,-1,-49
1759482105.0216248,1,-3,-42
1759482105.0576248,-1,-4,-43
1759482105.0956247,-2,0,-29
1759482105.1336248,-5,1,-36
1759482105.1726248,-2,1,-36
1759482105.2086248,-3,1,-40
1759482105.2456248,-6,2,-45
1759482105.283625,0,-6,-45
1759482105.3226247,1,-2,-47
1759482105.3586247,5,2,-56
1759482105.3956249,0,-4,-41
1759482105.434625,0,0,-44
1759482105.4726248,-6,1,-42
1759482105.5086248,-10,-1,-45
1759482105.546625,2,1,-34
1759482105.5846248,0,7,-40
1759482105.6226249,1,3,-38
1759482105.661625,5,3,-40
1759482105.6976247,-2,-4,-48
1759482105.7356248,1,-2,-43
1759482105.7746248,4,-5,-37
1759482105.8126247,-2,0,-53
1759482105.8486247,7,-5,-55
1759482105.885625,9,1,-41
1759482105.9246247,1,-2,-42
1759482105.9626248,-1,3,-41
1759482105.9986248,4,1,-36
1759482106.0376248,11,-3,-41
1759482106.0746248,3,2,-44
1759482106.1136248,4,2,-46
1759482106.151625,0,0,-28
1759482106.1876247,-5,0,-35
1759482106.2256248,-6,3,-40
1759482106.263625,-11,0,-47
1759482106.3026247,3,-3,-41
1759482106.339625,-3,0,-45
1759482106.3766248,-5,4,-40
1759482106.4156249,-6,0,-39
1759482106.4536247,0,-2,-44
1759482106.4916248,-5,-3,-37
1759482106.5276248,5,-7,-36
1759482106.5656247,5,-5,-35
1759482106.6036248,4,-5,-40
1759482106.6426249,2,-4,-35
1759482106.6786249,0,-4,-35
1759482106.7156248,-2,3,-32
1759482106.753625,3,3,-40
1759482106.7926247,0,-7,-36
1759482106.8286247,0,-5,-44
1759482106.865625,2,0,-39
1759482106.9046247,-3,4,-37
1759482106.9426248,-2,7,-41
1759482106.9786248,4,4,-36
1759482107.0156248,4,3,-45
1759482107.0536249,10,-2,-45
1759482107.092625,2,-4,-36
1759482107.128625,6,-12,-59
1759482107.1666248,0,-6,-56
1759482107.2056248,0,-5,-51
1759482107.2436247,-4,-3,-42
1759482107.2796247,-6,-2,-41
1759482107.3186247,-5,-2,-41
1759482107.355625,-3,-7,-31
1759482107.3946247,-4,0,-34
1759482107.4326248,6,-5,-35
1759482107.4686248,-1,-4,-27
1759482107.5076249,1,2,-45
1759482107.5446248,-2,2,-37
1759482107.5836248,0,1,-27
1759482107.6196249,1,4,-27
1759482107.6566248,6,-2,-42
1759482107.694625,8,-8,-38
1759482107.7336247,-2,-7,-43
1759482107.7696247,2,0,-40
1759482107.806625,1,-1,-43
1759482107.8456247,-4,2,-29
1759482107.8836248,0,-5,-43
1759482107.9196248,-1,-3,-46
1759482107.957625,2,0,-49
1759482107.9956248,-3,2,-34
1759482108.0346248,-8,-1,-51
1759482108.0726247,-8,4,-44
1759482108.1086247,-3,1,-34
1759482108.1476247,5,2,-37
1759482108.184625,7,-4,-42
1759482108.2236247,1,-6,-44
1759482108.2596247,0,5,-33
1759482108.2976248,0,0,-41
1759482108.3356247,0,-2,-38
1759482108.3736248,1,-8,-42
1759482108.4096248,-1,-2,-37
1759482108.4476247,0,-4,-38
1759482108.4866247,0,1,-32
1759482108.5246248,2,3,-39
1759482108.5606248,4,2,-39
1759482108.5976248,1,5,-38
1759482108.6366248,0,-1,-35
1759482108.6746247,0,-3,-39
1759482108.7106247,0,0,-49
1759482108.7486248,0,1,-41
1759482108.786625,1,-9,-44
1759482108.8246248,6,-4,-45
1759482108.8606248,5,-2,-46
1759482108.8976247,2,0,-33
1759482108.9356248,0,-6,-40
1759482108.9746249,0,0,-43
1759482109.010625,2,-5,-51
1759482109.0486248,6,-5,-43
1759482109.0866249,2,0,-52
1759482109.1246247,1,3,-41
1759482109.1606247,1,1,-45
1759482109.1976247,-1,-4,-36
1759482109.2366247,4,2,-38
1759482109.2746248,-5,4,-23
1759482109.3106248,-1,7,-31
1759482109.3476248,6,-1,-39
1759482109.385625,6,0,-39
1759482109.4246247,1,0,-31
1759482109.4606247,0,-2,-34
1759482109.4986248,5,-2,-42
1759482109.536625,5,2,-33
1759482109.5756247,1,-2,-57
1759482109.6136248,-1,-5,-45
1759482109.6496248,4,0,-49
1759482109.6886249,6,1,-34
1759482109.7256248,7,9,-43
1759482109.7646248,-1,-4,-48
1759482109.8006248,-5,-10,-43
1759482109.839625,-2,-4,-43
1759482109.8766248,-5,-3,-34
1759482109.9156249,1,-3,-42
1759482109.9536247,0,-5,-40
1759482109.9896247,0,-9,-41
1759482110.026625,-5,-4,-42
1759482110.0656247,-1,0,-49
1759482110.1036248,0,2,-34
1759482110.1396248,-2,4,-38
1759482110.1776247,-2,-2,-30
1759482110.2156248,-1,3,-24
1759482110.253625,3,-2,-30
1759482110.2896247,-4,0,-36
1759482110.3276248,-4,-1,-39
1759482110.365625,-3,-6,-39
1759482110.4046247,0,-4,-28
1759482110.4406247,-6,1,-43
1759482110.4786248,-4,3,-53
1759482110.5176249,-4,0,-44
1759482110.5556247,1,-5,-40
1759482110.5916247,0,-3,-41
1759482110.628625,-1,-3,-41
1759482110.6666248,-7,-1,-37
1759482110.7056248,5,0,-52
1759482110.7416248,-1,-1,-48
1759482110.7796247,-1,1,-39
1759482110.8186247,-3,6,-36
1759482110.855625,-7,3,-35
1759482110.8946247,-4,0,-36
1759482110.9306247,-3,2,-29
1759482110.9686248,-2,0,-36
1759482111.0056248,-1,3,-31
1759482111.0446248,0,7,-36
1759482111.0806248,0,4,-37
1759482111.1186247,-1,-6,-38
1759482111.1566248,0,-3,-38
1759482111.194625,7,2,-46
1759482111.230625,0,2,-37
1759482111.2686248,0,0,-44
1759482111.306625,0,-4,-39
1759482111.3446248,0,-3,-44
1759482111.3806248,0,-2,-37
1759482111.4186249,-1,-6,-31
1759482111.4566247,-5,0,-33
1759482111.4946249,1,1,-46
1759482111.5306249,2,-6,-36
1759482111.5686247,0,-2,-40
1759482111.6066248,0,-6,-39
1759482111.6446247,-1,8,-38
1759482111.6806247,-10,-3,-45
1759482111.7196248,4,-2,-43
1759482111.7566247,-2,-9,-38
1759482111.7956247,-4,-3,-34
1759482111.8316247,0,-3,-37
1759482111.8686247,6,2,-30
1759482111.9066248,0,2,-38
1759482111.9456248,0,-3,-32
1759482111.9816248,2,0,-40
1759482112.0196247,4,-6,-38
1759482112.056625,8,-7,-24
1759482112.0956247,0,7,-27
1759482112.1316247,2,5,-27
1759482112.1686249,-3,0,-35
1759482112.2066247,3,6,-39
1759482112.2456248,-4,5,-28
1759482112.2816248,-6,3,-36
1759482112.3206248,-3,2,-41
1759482112.3586247,-1,-1,-50
1759482112.3966248,-1,-3,-51
1759482112.4326248,-6,-5,-40
1759482112.4716249,-8,0,-43
1759482112.5086248,-11,0,-40
1759482112.546625,-1,-5,-40
1759482112.5856247,-8,-5,-40
1759482112.6216247,-1,-5,-39
1759482112.6606247,-3,-3,-45
1759482112.6986248,-2,-1,-38
1759482112.7366247,1,2,-41
1759482112.7726247,0,1,-44
1759482112.8106248,0,-7,-47
1759482112.8496249,1,-3,-35
1759482112.8876247,-5,-3,-33
1759482112.9256248,0,-5,-39
1759482112.9616249,-8,-7,-44
1759482113.000625,0,-9,-45
1759482113.0376248,-4,0,-50
1759482113.0766249,1,0,-54
1759482113.112625,-7,1,-55
1759482113.1506248,3,7,-48
1759482113.1876247,8,6,-52
1759482113.2266247,1,6,-47
1759482113.2626247,5,0,-40
1759482113.3006248,-3,0,-44
1759482113.3376248,-2,-5,-37
1759482113.3766248,-1,-3,-48
1759482113.4126248,-1,1,-51
1759482113.4516249,0,-4,-41
1759482113.4886248,-1,-5,-41
1759482113.5276248,0,-9,-48
1759482113.5656247,3,-6,-46
1759482113.6016247,9,0,-40
1759482113.638625,7,-6,-38
1759482113.6776247,2,0,-39
1759482113.7156248,-1,-2,-43
1759482113.7516248,4,-3,-48
1759482113.7886248,3,-4,-47
1759482113.8276248,-1,-7,-41
1759482113.8636248,0,-13,-33
1759482113.9146247,0,-6,-35
1759482113.9506247,-7,0,-52
1759482113.9886248,-6,-8,-38
1759482114.0276248,-5,-4,-37
1759482114.0636249,-1,5,-44
1759482114.1006248,0,-3,-47
1759482114.138625,-1,0,-54
1759482114.1776247,5,-1,-50
1759482114.2136247,0,-3,-48
1759482114.250625,0,-1,-35
1759482114.2886248,-1,1,-44
1759482114.3276248,-2,0,-41
1759482114.3636248,-1,-1,-37
1759482114.401625,3,1,-37
1759482114.4396248,3,3,-42
1759482114.477625,5,2,-42
1759482114.5166247,3,0,-39
1759482114.5526247,2,-3,-44
1759482114.5906248,-3,-2,-36
1759482114.628625,0,-3,-41
1759482114.6666248,5,-3,-44
1759482114.7026248,0,-2,-46
1759482114.7396247,0,-6,-42
1759482114.7786248,3,-4,-41
1759482114.8166249,10,-4,-39
1759482114.852625,0,2,-41
1759482114.8906248,-1,-2,-36
1759482114.9286249,-2,-1,-41
1759482114.9666247,-7,-2,-47
1759482115.0026248,2,-3,-47
1759482115.0406249,2,0,-37
1759482115.0786247,-6,3,-44
1759482115.1166248,-5,5,-31
1759482115.1526248,-1,13,-25
1759482115.1906247,-1,7,-27
1759482115.2286248,-5,5,-35
1759482115.2676249,-2,7,-38
1759482115.3036249,-7,11,-43
1759482115.3416247,0,0,-39
1759482115.3796248,1,0,-40
1759482115.4186249,-1,-7,-34
1759482115.4566247,-2,-7,-43
1759482115.4936247,8,-4,-45
1759482115.5316248,3,1,-42
1759482115.569625,3,-4,-33
1759482115.6076248,-8,-5,-39
1759482115.6436248,0,-6,-41
1759482115.681625,-1,-1,-35
1759482115.7196248,5,-6,-35
1759482115.7576249,12,-1,-36
1759482115.7936249,4,2,-34
1759482115.8316247,6,-1,-38
1759482115.8696249,-5,0,-37
1759482115.9076247,-1,2,-39
1759482115.9436247,1,4,-46
1759482115.980625,-1,0,-32
1759482116.0196247,-2,0,-33
1759482116.0576248,3,4,-29
1759482116.0936248,1,3,-34
1759482116.1316247,-1,5,-41
1759482116.1696248,-2,2,-36
1759482116.207625,0,6,-42
1759482116.2436247,0,0,-35
1759482116.2806249,1,-1,-42
1759482116.319625,-1,-2,-39
1759482116.3576248,-6,1,-44
1759482116.3936248,0,-1,-39
1759482116.431625,0,2,-33
1759482116.4696248,0,0,-38
1759482116.5076249,3,0,-48
1759482116.5436249,1,-5,-34
1759482116.582625,6,-6,-33
1759482116.6196249,4,-1,-43
1759482116.658625,0,2,-50
1759482116.694625,-3,5,-46
1759482116.7326248,0,-3,-40
1759482116.7696247,0,-1,-36
1759482116.8086247,-3,0,-41
1759482116.8446248,-2,1,-34
1759482116.8826249,3,-1,-34
1759482116.9196248,-2,-5,-40
1759482116.9586248,0,-4,-35
1759482116.9946249,-4,1,-38
1759482117.0326247,-8,1,-26
1759482117.069625,-7,-2,-36
1759482117.1086247,-1,-6,-46
1759482117.1446247,1,-9,-35
1759482117.1826248,3,-11,-40
1759482117.2216249,-5,-4,-39
1759482117.2596247,6,-6,-43
1759482117.2956247,2,-1,-44
1759482117.3336248,-3,-4,-35
1759482117.3716247,-4,1,-36
1759482117.4106247,-2,-1,-47
1759482117.4486248,-6,0,-39
1759482117.4846249,0,-1,-43
1759482117.5226247,-4,-2,-34
1759482117.559625,1,-1,-38
1759482117.5986247,-2,4,-39
1759482117.6346247,-3,2,-41
1759482117.6726248,-4,-5,-39
1759482117.7106247,-2,1,-31
1759482117.7496247,-5,-2,-30
1759482117.7856247,-1,-1,-23
1759482117.8236248,1,-2,-37
1759482117.862625,0,3,-40
1759482117.8996248,5,3,-35
1759482117.9386249,0,0,-38
1759482117.9746249,3,1,-47
1759482118.0116248,-1,3,-48
1759482118.0506248,-4,0,-41
1759482118.0886247,-8,4,-33
1759482118.1246247,-11,-2,-36
1759482118.1636248,-6,-9,-35
1759482118.2006247,-4,2,-37
1759482118.2396247,-6,2,-42
1759482118.2756248,-6,2,-39
1759482118.3136249,-3,-4,-34
1759482118.3516247,1,-7,-30
1759482118.3896248,1,3,-38
1759482118.4256248,-6,1,-35
1759482118.4636247,0,12,-34
1759482118.5016248,1,3,-33
1759482118.5396247,8,-5,-32
1759482118.5756247,2,1,-49
1759482118.6136248,3,1,-45
1759482118.651625,-1,0,-48
1759482118.6896248,0,-7,-41
1759482118.7256248,-3,-1,-34
1759482118.7646248,0,-2,-31
1759482118.8016248,-3,2,-45
1759482118.8406248,1,2,-42
1759482118.878625,3,1,-43
1759482118.9146247,3,0,-40
1759482118.9516249,1,2,-34
1759482118.990625,-3,1,-44
1759482119.026625,0,7,-33
1759482119.0646248,-1,5,-49
1759482119.1016247,-6,-1,-45
1759482119.1406248,-3,-8,-34
1759482119.1766248,-5,-7,-37
1759482119.214625,-2,0,-42
1759482119.2526248,-1,0,-40
1759482119.2916248,2,9,-53
1759482119.329625,0,8,-50
1759482119.365625,-7,1,-47
1759482119.4026248,0,0,-47
1759482119.4406247,0,-1,-41
1759482119.4796247,-2,-2,-47
1759482119.5156248,1,-6,-42
1759482119.5526247,-1,-6,-37
1759482119.5906248,0,-2,-30
1759482119.6296248,-2,0,-27
1759482119.6656249,0,-3,-40
1759482119.7036247,2,-7,-31
1759482119.740625,10,1,-48
1759482119.7796247,-3,3,-32
1759482119.8156247,-6,3,-41
1759482119.852625,-8,-8,-47
1759482119.8916247,1,-3,-35
1759482119.9296248,-2,-6,-29
1759482119.9656248,5,-3,-35
1759482120.0026248,0,-1,-41
1759482120.0416248,-3,0,-39
1759482120.079625,6,0,-47
1759482120.115625,8,-11,-40
1759482120.1536248,5,-5,-37
1759482120.1926248,-4,-3,-39
1759482120.230625,-2,3,-55
1759482120.2666247,4,7,-56
1759482120.3036249,1,-4,-39
1759482120.3416247,5,0,-37
1759482120.3806248,3,2,-37
1759482120.4166248,-3,7,-30
1759482120.4556248,4,-6,-41
1759482120.4926248,3,-3,-40
1759482120.5316248,3,-5,-44
1759482120.569625,3,2,-43
1759482120.605625,3,0,-52
1759482120.6426249,-2,-1,-37
1759482120.681625,-1,0,-42
1759482120.7196248,-3,5,-30
1759482120.7556248,-3,-1,-31
1759482120.7936249,-7,-2,-46
1759482120.8316247,-3,-3,-42
1759482120.8706248,0,-4,-39
1759482120.9066248,-2,-1,-34
1759482120.944625,-5,0,-33
1759482120.9826248,-4,-9,-41
1759482121.0216248,-1,-3,-34
1759482121.0576248,2,1,-42
1759482121.0946248,-5,2,-40
1759482121.1336248,-4,3,-33
1759482121.171625,-2,2,-48
1759482121.207625,-2,2,-42
1759482121.2456248,3,0,-45
1759482121.2826247,0,0,-48
1759482121.3216248,0,3,-48
1759482121.3576248,-2,3,-42
1759482121.3956249,-4,-2,-48
1759482121.434625,-2,1,-42
1759482121.4716249,3,3,-41
1759482121.510625,-10,0,-36
1759482121.546625,0,3,-35
1759482121.5846248,-6,-3,-46
1759482121.6226249,-1,-4,-41
1759482121.661625,0,-6,-37
1759482121.6976247,3,-5,-36
1759482121.7356248,-1,-3,-32
1759482121.773625,1,-4,-47
1759482121.8126247,5,0,-33
1759482121.8506248,6,-6,-41
1759482121.8866248,8,2,-43
1759482121.9236248,7,5,-35
1759482121.9626248,0,-5,-36
1759482122.000625,-5,-5,-42
1759482122.036625,-6,-11,-38
1759482122.0746248,-3,-5,-39
1759482122.1136248,-3,2,-43
1759482122.151625,1,3,-35
1759482122.1886249,0,-1,-49
1759482122.2256248,3,2,-44
1759482122.2646248,0,-1,-45
1759482122.3026247,5,-3,-52
1759482122.3406248,-1,3,-48
1759482122.3766248,2,0,-44
1759482122.4136248,7,0,-39
1759482122.4526248,6,1,-38
1759482122.490625,-3,0,-34
1759482122.526625,-3,-2,-37
1759482122.5656247,-5,6,-37
1759482122.6036248,0,-1,-37
1759482122.6416247,0,0,-43
1759482122.6776247,2,-1,-44
1759482122.7156248,-3,0,-42
1759482122.7546248,10,5,-40
1759482122.7926247,7,0,-45
1759482122.8286247,2,-3,-44
1759482122.865625,2,-2,-47
1759482122.9046247,15,-10,-48
1759482122.9426248,3,-10,-39
1759482122.9786248,-1,-13,-48
1759482123.0176249,-12,-4,-42
1759482123.0556247,-9,-3,-51
1759482123.092625,-1,-3,-47
1759482123.1316247,-5,-1,-51
1759482123.1676247,-3,-8,-42
1759482123.2056248,-4,-2,-44
1759482123.2436247,-3,-3,-53
1759482123.2826247,1,-4,-33
1759482123.3186247,1,0,-29
1759482123.3566248,-1,3,-37
1759482123.3956249,0,5,-43
1759482123.4336247,-2,-1,-26
1759482123.4716249,-6,3,-35
1759482123.5076249,-4,0,-31
1759482123.546625,-6,-3,-44
1759482123.5836248,-5,0,-42
1759482123.6226249,7,4,-44
1759482123.658625,7,0,-44
1759482123.6966248,1,-3,-42
1759482123.7336247,-2,3,-40
1759482123.7726247,2,-5,-46
1759482123.8086247,-2,0,-34
1759482123.8466249,-2,1,-44
1759482123.8836248,-4,1,-39
1759482123.9286249,2,-3,-34
1759482123.9666247,-7,-6,-44
1759482124.0046248,3,-4,-43
1759482124.0426247,8,1,-34
1759482124.0786247,8,-2,-45
1759482124.1176248,6,0,-44
1759482124.1546247,2,-1,-31
1759482124.1936247,-8,-1,-33
1759482124.2296247,-3,3,-34
1759482124.2666247,7,1,-46
1759482124.3046248,9,-6,-36
1759482124.3436248,-2,2,-35
1759482124.3796248,-5,5,-35
1759482124.4176247,0,5,-43
1759482124.4556248,-1,0,-44
1759482124.4936247,4,-2,-48
1759482124.5326247,1,-4,-31
1759482124.5686247,-1,0,-36
1759482124.6076248,2,1,-37
1759482124.6456249,1,1,-32
1759482124.6836247,2,-1,-30
1759482124.7196248,2,0,-29
1759482124.7566247,-3,0,-31
1759482124.7956247,-5,0,-37
1759482124.8336248,-2,-5,-35
1759482124.8696249,4,1,-48
1759482124.9076247,2,-2,-48
1759482124.944625,2,0,-40
1759482124.9836247,-6,0,-47
1759482125.0196247,-5,1,-38
1759482125.0576248,-4,-3,-38
1759482125.0946248,0,-4,-44
1759482125.1336248,9,0,-43
1759482125.1696248,7,-2,-36
1759482125.207625,-2,-6,-47
1759482125.2466247,2,1,-39
1759482125.2846248,3,-2,-21
1759482125.3226247,0,1,-25
1759482125.3586247,-3,0,-36
1759482125.3966248,0,-1,-49
1759482125.434625,0,0,-44
1759482125.4726248,1,0,-44
1759482125.5086248,-4,0,-42
1759482125.546625,-4,6,-30
1759482125.5846248,-8,-2,-48
1759482125.6236248,1,0,-41
1759482125.6596248,1,2,-35
1759482125.6966248,0,-1,-39
1759482125.7346249,-2,-3,-40
1759482125.773625,2,-4,-48
1759482125.809625,0,0,-46
1759482125.8466249,0,-4,-41
1759482125.8846247,-2,0,-28
1759482125.9236248,7,4,-46
1759482125.9596248,2,6,-30
1759482125.9966247,7,0,-45
1759482126.0346248,-1,1,-52
1759482126.0736248,0,0,-36
1759482126.1096249,-7,2,-34
1759482126.1466248,-4,-1,-31
1759482126.184625,1,3,-35
1759482126.2236247,-4,4,-38
1759482126.2596247,-8,6,-37
1759482126.2976248,0,1,-29
1759482126.3356247,4,3,-29
1759482126.3746247,1,1,-39
1759482126.4106247,0,2,-30
1759482126.4476247,1,2,-43
1759482126.4856248,-1,3,-46
1759482126.5246248,-2,0,-43
1759482126.5606248,-2,4,-35
1759482126.5996249,0,0,-42
1759482126.6376247,2,1,-45
1759482126.6746247,3,6,-38
1759482126.7136247,-8,5,-36
1759482126.7496247,-5,0,-32
1759482126.786625,7,-1,-33
1759482126.8256247,2,1,-48
1759482126.8636248,5,1,-37
1759482126.8996248,1,-2,-42
1759482126.9366248,0,-4,-38
1759482126.9756248,-4,-5,-43
1759482127.013625,0,-2,-40
1759482127.0496247,1,-2,-38
1759482127.0876248,1,-1,-36
1759482127.125625,-2,2,-41
1759482127.1646247,1,2,-30
1759482127.2006247,-6,3,-41
1759482127.2386248,-4,-1,-36
1759482127.2776248,-1,4,-41
1759482127.3156247,0,-1,-50
1759482127.3536248,-3,-2,-39
1759482127.3896248,0,-2,-47
1759482127.4266248,2,-5,-43
1759482127.4656248,-2,-2,-33
1759482127.503625,7,-5,-41
1759482127.5396247,3,-2,-43
1759482127.5766249,-2,1,-41
1759482127.615625,-4,-1,-43
1759482127.6536248,-4,-2,-33
1759482127.6896248,-5,-6,-36
1759482127.727625,4,1,-34
1759482127.7666247,0,1,-36
1759482127.8046248,3,4,-27
1759482127.8406248,8,2,-40
1759482127.8776248,1,2,-39
1759482127.9166248,1,1,-44
1759482127.954625,0,-3,-35
1759482127.990625,-5,-4,-42
1759482128.0296247,-5,-10,-45
1759482128.0666249,-4,0,-39
1759482128.105625,0,0,-29
1759482128.1416247,0,-2,-31
1759482128.1796248,-5,0,-43
1759482128.2166247,-3,-2,-36
1759482128.2556248,0,1,-32
1759482128.2916248,-2,-2,-38
1759482128.329625,-1,2,-35
1759482128.3676248,-1,-2,-35
1759482128.4066248,0,-7,-41
1759482128.444625,3,-3,-39
1759482128.480625,-3,-2,-28
1759482128.5196247,-1,1,-42
1759482128.5576248,0,1,-45
1759482128.5956247,2,1,-37
1759482128.6316247,4,-1,-42
1759482128.6696248,-2,2,-34
1759482128.707625,10,5,-38
1759482128.7456248,-3,12,-46
1759482128.7816248,-3,3,-49
1759482128.8206248,6,-2,-41
1759482128.8576248,-6,1,-43
1759482128.8966248,-3,0,-40
1759482128.934625,2,9,-39
1759482128.9706247,-4,8,-37
1759482129.0076249,1,-2,-44
1759482129.046625,0,3,-32
1759482129.0846248,-2,6,-29
1759482129.1206248,0,0,-45
1759482129.1576247,-2,3,-33
1759482129.1966248,4,2,-42
1759482129.2346249,0,2,-38
1759482129.2706249,2,0,-44
1759482129.3076248,4,0,-45
1759482129.3466249,-2,0,-39
1759482129.3846247,-2,1,-33
1759482129.4206247,5,0,-39
1759482129.457625,0,-2,-53
1759482129.4966247,-9,3,-43
1759482129.5326247,-5,-3,-35
1759482129.5706248,-1,-1,-46
1759482129.6086247,-2,1,-39
1759482129.6476247,3,9,-46
1759482129.6856248,2,3,-43
1759482129.7216249,-2,1,-40
1759482129.760625,-7,0,-33
1759482129.7976248,0,0,-33
1759482129.8366249,-2,3,-33
1759482129.8726249,-3,0,-41
1759482129.9106247,-3,-1,-52
1759482129.9486248,0,6,-45
1759482129.9866247,1,-3,-41
1759482130.0226247,0,4,-33
1759482130.059625,0,-1,-39
1759482130.0976248,1,0,-21
1759482130.1366248,3,3,-43
1759482130.1726248,4,4,-44
1759482130.2106247,8,8,-53
1759482130.2486248,4,7,-41
1759482130.286625,6,-3,-40
1759482130.3226247,0,-11,-30
1759482130.3606248,-1,-5,-27
1759482130.398625,-1,-3,-35
1759482130.4376247,-2,0,-30
1759482130.4756248,-2,4,-46
1759482130.5116248,2,-2,-39
1759482130.5496247,1,-1,-40
1759482130.5876248,-1,-4,-39
1759482130.6266248,-1,-6,-35
1759482130.6626248,-5,-1,-37
1759482130.7016249,-3,0,-41
1759482130.7386248,-1,0,-43
1759482130.7776248,-6,10,-44
1759482130.8156247,-5,3,-23
1759482130.8516247,2,2,-21
1759482130.8906248,2,-1,-47
1759482130.9286249,5,0,-38
1759482130.9666247,9,-6,-39
1759482131.0026248,6,-2,-52
1759482131.0406249,0,0,-48
1759482131.0786247,-1,3,-36
1759482131.1166248,1,2,-41
1759482131.1526248,0,0,-51
1759482131.1896248,4,6,-49
1759482131.2286248,12,-5,-49
1759482131.2666247,10,-4,-35
1759482131.3026247,7,-1,-37
1759482131.339625,0,0,-40
1759482131.378625,4,-6,-38
1759482131.4166248,-2,-2,-38
1759482131.4526248,-6,0,-44
1759482131.4896247,-6,1,-39
1759482131.5286248,-1,3,-36
1759482131.5666249,6,1,-32
1759482131.602625,7,-1,-31
1759482131.6396248,1,1,-31
1759482131.6786249,8,-2,-38
1759482131.7166247,2,0,-40
1759482131.7526248,0,1,-31
1759482131.7906249,0,0,-32
1759482131.8286247,4,-5,-39
1759482131.8666248,1,-12,-46
1759482131.9026248,1,-3,-45
1759482131.9406247,0,-3,-44
1759482131.9786248,6,-1,-37
1759482132.0176249,-10,-1,-34
1759482132.0536249,-2,-2,-40
1759482132.092625,-1,-4,-31
1759482132.1296248,1,1,-39
1759482132.1686249,-4,6,-37
1759482132.2066247,-1,6,-33
1759482132.2436247,-2,9,-35
1759482132.2816248,4,5,-37
1759482132.3186247,1,0,-43
1759482132.3576248,1,-8,-37
1759482132.3936248,0,-5,-34
1759482132.431625,-1,0,-37
1759482132.4696248,-5,-5,-40
1759482132.5086248,1,0,-36
1759482132.546625,-4,1,-39
1759482132.582625,0,0,-38
1759482132.6206248,5,0,-37
1759482132.658625,2,-7,-38
1759482132.6966248,8,1,-37
1759482132.7326248,1,8,-34
1759482132.7696247,2,3,-38
1759482132.8086247,3,-1,-33
1759482132.8466249,0,0,-37
1759482132.8826249,0,-1,-36
1759482132.9196248,0,0,-41
1759482132.9586248,2,5,-47
1759482132.9946249,6,2,-39
1759482133.0316248,-6,2,-42
1759482133.069625,-3,-2,-45
1759482133.1086247,-4,0,-43
1759482133.1446247,-2,-1,-30
1759482133.1826248,0,-9,-38
1759482133.2216249,-7,-1,-36
1759482133.2586248,-8,0,-44
1759482133.2976248,-4,5,-39
1759482133.3336248,-4,2,-47
1759482133.3716247,-4,0,-31
1759482133.408625,-1,8,-41
1759482133.4476247,-4,6,-39
1759482133.4836247,-4,0,-37
1759482133.5226247,3,1,-39
1759482133.559625,0,-3,-36
1759482133.5986247,-7,-9,-41
1759482133.635625,-4,-8,-40
1759482133.6726248,1,-2,-46
1759482133.7116249,-3,0,-40
1759482133.7496247,0,-4,-43
1759482133.7876248,-10,0,-40
1759482133.8236248,2,-6,-37
1759482133.8606248,-1,-2,-30
1759482133.8996248,0,-2,-45
1759482133.9436247,4,7,-30
1759482133.9816248,4,-3,-35
1759482134.0196247,4,0,-53
1759482134.0576248,2,-4,-57
1759482134.0946248,-1,2,-45
1759482134.1316247,-2,0,-49
1759482134.1696248,0,5,-50
1759482134.2086248,7,6,-47
1759482134.2446249,0,1,-41
1759482134.283625,-1,0,-49
1759482134.3206248,-2,1,-40
1759482134.3596249,-3,2,-32
1759482134.3976247,-4,1,-21
1759482134.4336247,-5,-2,-31
1759482134.4726248,0,2,-49
1759482134.510625,2,0,-45
1759482134.5486248,5,0,-44
1759482134.5856247,-4,2,-44
1759482134.6226249,-4,-1,-36
1759482134.6606247,-2,4,-42
1759482134.6996248,2,-2,-40
1759482134.7356248,-2,1,-38
1759482134.773625,-8,-1,-34
1759482134.8116248,-11,-3,-36
1759482134.8506248,-9,15,-39
1759482134.888625,-9,7,-44
1759482134.9246247,-5,6,-35
1759482134.9636247,2,0,-35
1759482135.000625,1,-5,-38
1759482135.0396247,-8,2,-32
1759482135.0756247,-5,-8,-42
1759482135.1146247,0,-7,-42
1759482135.151625,0,0,-32
1759482135.1896248,1,0,-31
1759482135.2286248,-2,-12,-36
1759482135.2646248,-1,-3,-34
1759482135.3026247,2,0,-31
1759482135.3406248,-2,3,-41
1759482135.3796248,-1,2,-42
1759482135.4156249,-1,1,-42
1759482135.454625,4,-2,-43
1759482135.4926248,1,-9,-41
1759482135.5306249,2,1,-43
1759482135.5686247,-2,0,-43
1759482135.6046247,-3,-1,-46
1759482135.6436248,-10,2,-32
1759482135.681625,0,0,-44
1759482135.7196248,-4,-4,-38
1759482135.7556248,1,-6,-42
1759482135.7936249,3,0,-39
1759482135.8306248,-2,1,-39
1759482135.8696249,0,-4,-38
1759482135.9056249,0,-2,-44
1759482135.9436247,1,-6,-44
1759482135.9816248,-1,-5,-30
1759482136.0196247,0,-3,-41
1759482136.0556247,-1,-1,-34
1759482136.0936248,0,-5,-24
1759482136.1316247,0,-2,-35
1759482136.1706247,2,-1,-39
1759482136.2086248,5,-1,-38
1759482136.2446249,12,0,-39
1759482136.2816248,-3,0,-32
1759482136.3206248,0,1,-31
1759482136.3586247,4,0,-41
1759482136.3946247,2,-3,-48
1759482136.4326248,1,0,-36
1759482136.4716249,3,-2,-36
1759482136.5096247,3,-4,-47
1759482136.5456247,1,0,-47
1759482136.5836248,5,0,-48
1759482136.6216247,1,-1,-48
1759482136.6596248,4,0,-52
1759482136.6956248,2,5,-40
1759482136.7346249,0,-5,-36
1759482136.7716248,-2,-2,-31
1759482136.8106248,0,-2,-41
1759482136.8466249,0,6,-35
1759482136.8836248,7,0,-25
1759482136.921625,4,2,-40
1759482136.9606247,-1,1,-40
1759482136.9966247,4,2,-47
1759482137.033625,-2,4,-35
1759482137.0716248,-3,5,-29
1759482137.1106248,4,0,-37
1759482137.1466248,1,0,-40
1759482137.184625,4,-3,-40
1759482137.2216249,-3,2,-40
1759482137.260625,3,1,-44
1759482137.296625,1,-2,-36
1759482137.3346248,-4,0,-38
1759482137.3716247,1,2,-41
1759482137.4106247,3,-4,-26
1759482137.4466248,4,-2,-35
1759482137.4846249,1,0,-42
1759482137.523625,-2,2,-42
1759482137.5616248,0,0,-41
1759482137.5996249,-2,-1,-34
1759482137.635625,3,2,-50
1759482137.6726248,-6,1,-39
1759482137.7116249,-8,1,-40
1759482137.7496247,-9,2,-47
1759482137.7856247,-3,2,-51
1759482137.8246248,1,5,-41
1759482137.8616247,0,-2,-32
1759482137.9006248,1,-10,-33
1759482137.9366248,-1,-10,-38
1759482137.9746249,-3,1,-43
1759482138.013625,-2,4,-45
1759482138.0516248,-1,4,-46
1759482138.089625,-1,2,-30
1759482138.125625,0,-1,-35
1759482138.1636248,-6,-4,-40
1759482138.2026248,0,-1,-39
1759482138.240625,0,1,-34
1759482138.276625,-5,-1,-37
1759482138.3146248,1,-1,-39
1759482138.352625,-7,3,-34
1759482138.3916247,-3,-1,-47
1759482138.4276247,-1,-3,-40
1759482138.4656248,5,1,-36
1759482138.5046248,2,-1,-43
1759482138.5426247,0,1,-41
1759482138.5806248,0,-4,-38
1759482138.6166248,-8,-7,-42
1759482138.6546247,-6,0,-34
1759482138.6926248,-3,0,-30
1759482138.7316248,-4,-3,-43
1759482138.7676249,0,-4,-43
1759482138.8056247,1,-3,-49
1759482138.8436248,-2,1,-42
1759482138.8826249,0,-3,-38
1759482138.9206247,1,-3,-49
1759482138.9566247,-2,-5,-50
1759482138.9946249,-7,-8,-40
1759482139.033625,-2,-4,-33
1759482139.0716248,2,0,-41
1759482139.1076248,-3,1,-35
1759482139.1446247,0,3,-39
1759482139.1836247,1,0,-37
1759482139.2216249,0,-1,-35
1759482139.2576249,-4,-4,-35
1759482139.296625,-6,2,-39
1759482139.3336248,-1,1,-35
1759482139.3726249,0,0,-34
1759482139.4106247,-4,0,-36
1759482139.4466248,-6,0,-33
1759482139.4836247,-3,0,-47
1759482139.5226247,-5,4,-39
1759482139.5606248,-4,2,-46
1759482139.5966249,3,1,-46
1759482139.6336248,-1,-4,-45
1759482139.6726248,0,-9,-44
1759482139.7106247,0,-1,-43
1759482139.7466247,6,0,-45
1759482139.783625,4,0,-44
1759482139.8226247,0,-3,-40
1759482139.8586247,-3,1,-48
1759482139.8966248,-4,0,-47
1759482139.934625,-6,9,-44
1759482139.9736247,-2,4,-42
1759482140.0116248,-3,5,-44
1759482140.0476248,2,-6,-42
1759482140.0866249,-4,-1,-32
1759482140.1236248,-4,1,-26
1759482140.1626248,5,0,-42
1759482140.1986248,1,-1,-29
1759482140.2366247,0,-1,-43
1759482140.2756248,3,-5,-42
1759482140.3126247,3,1,-34
1759482140.3516247,-2,-9,-32
1759482140.3876247,-2,-5,-36
1759482140.4256248,-1,0,-41
1759482140.464625,1,-8,-39
1759482140.5026248,-2,-9,-38
1759482140.5386248,3,-1,-43
1759482140.5756247,0,-1,-40
1759482140.6136248,-3,4,-48
1759482140.6526248,-2,-1,-45
1759482140.6886249,-1,2,-35
1759482140.7266247,0,0,-32
1759482140.7646248,-4,-2,-34
1759482140.8036249,0,0,-52
1759482140.8416247,8,0,-44
1759482140.8776248,0,0,-37
1759482140.9156249,0,4,-35
1759482140.9536247,-2,-7,-44
1759482140.9916248,0,-5,-37
1759482141.0276248,2,-7,-36
1759482141.0646248,0,-5,-29
1759482141.1036248,0,-8,-33
1759482141.1416247,4,-3,-45
1759482141.1776247,-1,1,-44
1759482141.2156248,0,-4,-34
1759482141.253625,-1,0,-39
1759482141.2916248,-2,2,-33
1759482141.3276248,2,2,-38
1759482141.365625,-4,-1,-36
1759482141.4036248,0,0,-40
1759482141.4416249,-2,4,-44
1759482141.477625,-4,-6,-35
1759482141.5166247,-1,-4,-33
1759482141.5536249,3,0,-44
1759482141.592625,5,-6,-35
1759482141.628625,3,-5,-33
1759482141.6656249,3,-2,-35
1759482141.7036247,1,-2,-21
1759482141.7426248,-7,-7,-28
1759482141.7786248,-7,-8,-23
1759482141.8166249,1,1,-34
1759482141.8546247,3,-2,-41
1759482141.8936248,4,-3,-30
1759482141.9306247,-2,-7,-39
1759482141.967625,-1,1,-45
1759482142.0056248,0,-2,-39
1759482142.0446248,-4,0,-32
1759482142.082625,-6,-3,-40
1759482142.1186247,-6,-3,-46
1759482142.1576247,0,5,-29
1759482142.194625,-4,0,-38
1759482142.2336247,2,-1,-40
1759482142.2696247,0,-5,-35
1759482142.3076248,0,-2,-39
1759482142.3446248,-1,1,-35
1759482142.3836248,7,-1,-37
1759482142.4196248,4,2,-34
1759482142.457625,3,-2,-38
1759482142.4946249,1,0,-41
1759482142.533625,-2,1,-50
1759482142.569625,-2,1,-47
1759482142.6076248,-8,6,-47
1759482142.6456249,-1,2,-43
1759482142.6836247,2,5,-39
1759482142.7196248,0,0,-32
1759482142.7576249,-2,1,-38
1759482142.7946248,-8,-5,-29
1759482142.8336248,1,0,-35
1759482142.8696249,2,-1,-49
1759482142.9076247,3,-2,-43
1759482142.9466248,4,0,-54
1759482142.9846249,4,0,-51
1759482143.0226247,2,2,-40
1759482143.059625,4,3,-38
1759482143.0976248,-2,-2,-38
1759482143.1346247,-7,7,-36
1759482143.1736248,-2,-2,-41
1759482143.2096248,-3,-6,-36
1759482143.2476249,-6,3,-24
1759482143.2856247,3,0,-34
1759482143.3246248,1,6,-29
1759482143.362625,-2,8,-36
1759482143.398625,3,3,-43
1759482143.4356248,-1,1,-35
1759482143.4746249,5,6,-36
1759482143.510625,9,2,-36
1759482143.5476248,0,-3,-24
1759482143.5856247,-11,-1,-38
1759482143.6246247,-3,0,-42
1759482143.6606247,0,-5,-32
1759482143.6996248,-6,0,-41
1759482143.7366247,-7,2,-52
1759482143.7746248,-4,4,-52
1759482143.8136249,-2,-3,-45
1759482143.8496249,6,-1,-45
1759482143.888625,-2,-1,-46
1759482143.9266248,0,0,-36
1759482143.9706247,-6,0,-42
1759482144.0086248,-4,1,-48
1759482144.046625,-4,-4,-37
1759482144.0846248,1,-2,-31
1759482144.1206248,2,-5,-39
1759482144.158625,5,0,-42
1759482144.1976247,0,-2,-33
1759482144.2356248,1,-1,-39
1759482144.273625,0,-4,-40
1759482144.309625,0,-3,-36
1759482144.3476248,5,-2,-38
1759482144.385625,0,-6,-32
1759482144.4236248,-2,1,-44
1759482144.4596248,-1,0,-39
1759482144.4966247,0,1,-42
1759482144.5356247,1,3,-44
1759482144.5736248,2,-3,-28
1759482144.6096249,1,-6,-32
1759482144.6476247,3,0,-37
1759482144.6856248,2,-2,-37
1759482144.7236247,1,-5,-45
1759482144.7596247,0,0,-50
1759482144.7976248,6,0,-46
1759482144.8356247,4,0,-38
1759482144.8736248,4,-3,-42
1759482144.9096248,0,-3,-36
1759482144.9476247,7,1,-31
1759482144.9856248,-1,-3,-33
1759482145.023625,0,-2,-30
1759482145.059625,-1,3,-36
1759482145.0976248,3,-1,-39
1759482145.135625,1,-1,-32
1759482145.1736248,-2,4,-40
1759482145.2106247,2,5,-38
1759482145.2476249,0,-1,-41
1759482145.2856247,4,5,-28
1759482145.3246248,2,-1,-27
1759482145.3606248,-4,3,-34
1759482145.398625,1,5,-35
1759482145.4376247,-1,5,-37
1759482145.4756248,-4,3,-37
1759482145.5116248,0,5,-35
1759482145.5486248,-2,0,-33
1759482145.5876248,1,-5,-19
1759482145.625625,0,2,-35
1759482145.661625,2,0,-42
1759482145.6996248,8,1,-45
1759482145.737625,1,2,-46
1759482145.7756248,1,-7,-44
1759482145.8116248,-1,3,-41
1759482145.8496249,-2,1,-48
1759482145.888625,-7,4,-42
1759482145.9266248,-4,6,-48
1759482145.964625,-4,4,-39
1759482146.000625,-1,0,-35
1759482146.0386248,-3,-5,-38
1759482146.0766249,-1,-10,-35
1759482146.1146247,-3,-10,-42
1759482146.1506248,1,-5,-40
1759482146.1886249,-6,-1,-41
1759482146.2266247,-1,-3,-35
1759482146.2646248,8,-4,-36
1759482146.3006248,5,-3,-47
1759482146.3386247,4,0,-44
1759482146.3766248,2,1,-53
1759482146.4146247,5,-3,-59
1759482146.4506247,-2,-5,-48
1759482146.4896247,7,-5,-50
1759482146.5276248,2,-6,-37
1759482146.5656247,0,-3,-47
1759482146.6016247,0,-5,-41
1759482146.6396248,-4,-4,-48
1759482146.6786249,-8,-1,-26
1759482146.7166247,-3,-1,-37
1759482146.7546248,-2,-1,-38
1759482146.7906249,3,-4,-18
1759482146.8276248,3,5,-26
1759482146.8666248,-4,-3,-39
1759482146.9026248,-3,-2,-41
1759482146.9416249,-1,-2,-36
1759482146.9796247,-3,3,-36
1759482147.0166247,1,-1,-29
1759482147.0556247,-1,3,-42
1759482147.0916247,-2,-6,-47
1759482147.1296248,0,-7,-48
1759482147.1676247,3,-3,-44
1759482147.2066247,5,-3,-47
1759482147.2426248,0,-1,-44
1759482147.2806249,0,0,-43
1759482147.3186247,0,0,-41
1759482147.3576248,0,-1,-31
1759482147.3956249,-3,-7,-41
1759482147.431625,5,-7,-41
1759482147.4686248,1,-2,-41
1759482147.5066247,3,-1,-45
1759482147.5456247,0,-2,-53
1759482147.5816247,2,0,-31
1759482147.6186247,3,6,-38
1759482147.6576247,0,-1,-38
1759482147.6956248,3,0,-31
1759482147.7316248,4,5,-41
1759482147.7696247,2,1,-30
1759482147.8076248,-1,-2,-27
1759482147.8456247,3,-1,-22
1759482147.8816247,0,-3,-26
1759482147.9196248,-1,6,-31
1759482147.957625,3,0,-34
1759482147.9956248,2,3,-43
1759482148.0316248,2,0,-39
1759482148.069625,4,-2,-37
1759482148.1076248,1,0,-33
1759482148.1456249,0,-1,-35
1759482148.181625,-2,-6,-29
1759482148.2206247,1,-3,-32
1759482148.2576249,2,-4,-33
1759482148.296625,6,-8,-35
1759482148.332625,10,-4,-30
1759482148.3706248,8,-1,-31
1759482148.4076247,0,-6,-38
1759482148.4466248,4,-1,-38
1759482148.4836247,2,1,-43
1759482148.5206249,8,4,-42
1759482148.5586247,3,3,-46
1759482148.5976248,-1,1,-44
1759482148.6336248,-4,2,-32
1759482148.6706247,-3,5,-34
1759482148.7086248,-1,-1,-36
1759482148.7476249,3,0,-32
1759482148.783625,5,-4,-35
1759482148.8216248,5,-2,-41
1759482148.8606248,-2,-5,-42
1759482148.898625,2,0,-43
1759482148.9366248,-1,-5,-40
1759482148.9726248,1,0,-37
1759482149.0116248,-4,0,-45
1759482149.0486248,0,0,-46
1759482149.0876248,-5,-8,-40
1759482149.1236248,3,-5,-47
1759482149.161625,6,-5,-51
1759482149.1996248,3,-4,-43
1759482149.237625,2,-2,-33
1759482149.273625,5,-7,-43
1759482149.3116248,-2,-5,-40
1759482149.3486247,3,0,-44
1759482149.3876247,3,0,-37
1759482149.4236248,-6,0,-35
1759482149.4616249,-7,1,-41
1759482149.4996247,-7,-5,-28
1759482149.5376248,-2,0,-31
1759482149.5736248,0,1,-26
1759482149.6106248,-1,-7,-31
1759482149.648625,-2,1,-34
1759482149.6876247,-4,-1,-31
1759482149.7236247,-4,0,-38
1759482149.760625,0,-3,-35
1759482149.7986248,-7,-3,-32
1759482149.8376248,3,-4,-52
1759482149.8736248,-1,-5,-43
1759482149.911625,3,-10,-42
1759482149.9496248,0,-3,-44
1759482149.9886248,3,-5,-46
1759482150.026625,-7,-3,-43
1759482150.0626247,0,-2,-36
1759482150.1006248,6,-3,-45
1759482150.138625,8,0,-39
1759482150.1776247,11,1,-45
1759482150.2136247,6,0,-47
1759482150.250625,-1,-1,-39
1759482150.2896247,5,0,-38
1759482150.3276248,7,-3,-41
1759482150.3636248,5,2,-40
1759482150.4006248,3,0,-36
1759482150.4386249,6,1,-27
1759482150.477625,2,3,-35
1759482150.513625,2,0,-40
1759482150.5506248,3,1,-49
1759482150.5886247,0,0,-37
1759482150.6276248,1,0,-34
1759482150.6636248,9,1,-34
1759482150.7006247,4,-5,-29
1759482150.7386248,-1,-5,-36
1759482150.7776248,12,0,-34
1759482150.8136249,1,-2,-42
1759482150.8516247,0,-4,-40
1759482150.8906248,4,5,-33
1759482150.9286249,2,1,-42
1759482150.964625,0,-5,-35
1759482151.0016248,6,0,-32
1759482151.0406249,2,-1,-34
1759482151.0786247,0,-8,-31
1759482151.1146247,5,-3,-33
1759482151.151625,3,-7,-44
1759482151.1896248,7,-3,-40
1759482151.2286248,2,0,-37
1759482151.2646248,6,0,-37
1759482151.3026247,1,0,-46
1759482151.3406248,8,-1,-45
1759482151.378625,2,-1,-51
1759482151.4146247,-8,-3,-45
1759482151.4536247,2,-2,-32
1759482151.490625,-3,-4,-40
1759482151.5296247,-2,-3,-26
1759482151.5676248,-2,-4,-38
1759482151.6036248,3,-3,-30
1759482151.6426249,4,2,-46
1759482151.6806247,-3,0,-42
1759482151.7186248,-5,0,-50
1759482151.7546248,1,-6,-51
1759482151.7936249,0,-6,-39
1759482151.8306248,0,-3,-34
1759482151.8696249,5,0,-28
1759482151.9076247,4,-6,-29
1759482151.9436247,-1,-4,-35
1759482151.9816248,0,-12,-40
1759482152.0196247,1,-2,-46
1759482152.0586247,0,5,-39
1759482152.0946248,-6,3,-42
1759482152.1316247,-2,5,-38
1759482152.1706247,-2,2,-37
1759482152.2086248,-12,1,-36
1759482152.2446249,0,0,-41
1759482152.2816248,2,-1,-48
1759482152.319625,0,-7,-42
1759482152.3586247,-2,1,-38
1759482152.3946247,-5,-6,-32
1759482152.4326248,3,-2,-31
1759482152.4716249,7,3,-36
1759482152.5096247,8,8,-39
1759482152.5456247,0,5,-40
1759482152.582625,1,0,-44
1759482152.6206248,2,-1,-36
1759482152.6596248,3,-1,-39
1759482152.6956248,2,0,-32
1759482152.7326248,-4,-1,-40
1759482152.7706249,-3,3,-25
1759482152.809625,0,0,-38
1759482152.8456247,-8,1,-32
1759482152.8846247,0,0,-49
1759482152.9226248,-6,0,-35
1759482152.9606247,-6,1,-37
1759482152.9986248,-2,-2,-37
1759482153.0346248,-4,2,-35
1759482153.0726247,-8,4,-26
1759482153.1106248,-4,0,-24
1759482153.1496248,0,-3,-36
1759482153.1856248,0,-6,-48
1759482153.2236247,-2,-7,-33
1759482153.2616248,-2,-9,-40
1759482153.3006248,1,0,-41
1759482153.3386247,0,0,-32
1759482153.3746247,-3,-1,-40
1759482153.4136248,4,0,-32
1759482153.4516249,-3,1,-36
1759482153.4896247,-1,1,-41
1759482153.526625,-6,0,-34
1759482153.5636249,1,0,-36
1759482153.602625,0,-1,-50
1759482153.6406248,11,-3,-48
1759482153.6786249,8,-2,-39
1759482153.714625,0,2,-36
1759482153.7516248,3,-3,-35
1759482153.7906249,9,2,-43
1759482153.8266249,1,4,-54
1759482153.8636248,2,-1,-50
1759482153.901625,1,-6,-39
1759482153.9406247,0,-8,-47
1759482153.9846249,-4,-2,-37
1759482154.0226247,-2,0,-29
1759482154.0606248,7,0,-35
1759482154.0966249,6,1,-38
1759482154.1336248,4,5,-46
1759482154.1726248,1,3,-45
1759482154.2106247,0,-2,-44
1759482154.2466247,-6,1,-41
1759482154.2846248,-1,9,-45
1759482154.3226247,-6,1,-49
1759482154.3606248,-3,2,-44
1759482154.3966248,-4,3,-49
1759482154.4336247,-2,2,-42
1759482154.4726248,1,1,-38
1759482154.510625,-9,-2,-45
1759482154.546625,-3,2,-38
1759482154.5836248,0,0,-37
1759482154.6226249,0,-5,-30
1759482154.6606247,8,0,-31
1759482154.6966248,12,6,-32
1759482154.7336247,5,4,-44
1759482154.7716248,4,-3,-32
1759482154.8106248,5,-7,-52
1759482154.8466249,1,-3,-49
1759482154.8836248,-3,-3,-38
1759482154.921625,-1,0,-32
1759482154.9606247,-1,1,-32
1759482154.9966247,0,-2,-48
1759482155.0346248,-2,3,-33
1759482155.0716248,4,4,-43
1759482155.1106248,2,4,-36
1759482155.1466248,-3,0,-32
1759482155.184625,-5,-6,-41
1759482155.2216249,-1,-5,-40
1759482155.260625,6,2,-47
1759482155.296625,0,7,-46
1759482155.3346248,0,-2,-53
1759482155.3716247,1,2,-37
1759482155.4106247,-3,-1,-47
1759482155.4466248,-12,-2,-40
1759482155.4846249,1,5,-38
1759482155.5226247,-6,1,-37
1759482155.5616248,2,0,-32
1759482155.5976248,3,4,-31
1759482155.6346247,0,-3,-33
1759482155.6726248,1,-5,-47
1759482155.7116249,4,0,-34
1759482155.7476249,-6,1,-34
1759482155.7846248,-6,0,-47
1759482155.8226247,-3,-6,-29
1759482155.8616247,-1,2,-29
1759482155.8976247,-1,1,-32
1759482155.9356248,0,-5,-26
1759482155.9746249,-2,-4,-34
1759482156.0126247,0,-5,-36
1759482156.0506248,4,0,-41
1759482156.0876248,7,1,-40
1759482156.125625,3,-4,-35
1759482156.1626248,1,-1,-34
1759482156.2016249,1,-3,-27
1759482156.237625,-2,-3,-34
1759482156.2756248,-2,-5,-26
1759482156.3136249,-2,1,-35
1759482156.352625,-10,1,-44
1759482156.3906248,-6,8,-41
1759482156.4266248,-6,4,-34
1759482156.464625,-5,-2,-28
1759482156.5026248,3,-6,-39
1759482156.5406249,5,1,-42
1759482156.5766249,0,2,-36
1759482156.6136248,2,3,-29
1759482156.6526248,-10,0,-34
1759482156.6906247,-6,4,-31
1759482156.7266247,-1,1,-27
1759482156.763625,-4,4,-29
1759482156.8026247,2,0,-46
1759482156.8406248,0,7,-27
1759482156.8766248,5,5,-30
1759482156.9136248,-10,0,-41
1759482156.9526248,-3,-2,-45
1759482156.990625,-3,1,-48
1759482157.026625,0,1,-44
1759482157.0636249,-8,0,-38
1759482157.102625,3,2,-32
1759482157.1406248,-3,0,-40
1759482157.1766248,-2,1,-40
1759482157.214625,-2,0,-51
1759482157.2526248,-9,-4,-59
1759482157.2916248,-5,-4,-53
1759482157.3276248,-3,-7,-41
1759482157.3666248,4,-6,-44
1759482157.4046247,7,10,-38
1759482157.4426248,6,7,-47
1759482157.4786248,7,8,-39
1759482157.5166247,-2,3,-42
1759482157.5546248,-7,5,-35
1759482157.592625,-7,3,-43
1759482157.628625,-8,7,-50
1759482157.6666248,-2,1,-50
1759482157.704625,0,-7,-48
1759482157.7426248,-2,-2,-42
1759482157.7786248,-6,-1,-46
1759482157.8176248,2,0,-45
1759482157.8546247,-7,-1,-39
1759482157.8926249,2,-4,-38
1759482157.931625,-1,-3,-46
1759482157.967625,1,0,-44
1759482158.0056248,0,1,-45
1759482158.0436249,2,5,-31
1759482158.0816247,1,1,-28
1759482158.1176248,4,0,-41
1759482158.1546247,8,-2,-42
1759482158.1936247,5,0,-36
1759482158.2316248,-6,1,-34
1759482158.2676249,1,-3,-27
1759482158.3056247,3,-1,-29
1759482158.3436248,0,1,-33
1759482158.3816247,0,-2,-51
1759482158.4176247,-1,0,-57
1759482158.4556248,-3,1,-41
1759482158.4936247,1,-1,-33
1759482158.5326247,1,7,-39
1759482158.5686247,0,0,-32
1759482158.605625,8,2,-54
1759482158.6436248,-4,6,-32
1759482158.6826248,-5,2,-44
1759482158.7186248,-7,3,-40
1759482158.7576249,-4,0,-32
1759482158.7956247,1,0,-34
1759482158.8336248,-3,-3,-31
1759482158.8716247,-4,-4,-42
1759482158.9076247,2,2,-51
1759482158.9456248,1,-1,-41
1759482158.9836247,5,1,-38
1759482159.0196247,2,1,-38
1759482159.0586247,-1,2,-43
1759482159.0956247,-1,6,-41
1759482159.1346247,-5,4,-36
1759482159.1726248,-4,0,-38
1759482159.2086248,-5,-1,-44
1759482159.2466247,-2,0,-37
1759482159.2846248,-5,-3,-32
1759482159.3236248,0,0,-34
1759482159.3596249,2,-1,-32
1759482159.3966248,9,3,-28
1759482159.4356248,3,0,-28
1759482159.4736247,-4,0,-36
1759482159.5096247,-4,0,-33
1759482159.546625,-9,5,-36
1759482159.5846248,-3,1,-29
1759482159.6236248,-8,1,-30
1759482159.6596248,-1,0,-35
1759482159.6986248,4,3,-51
1759482159.7356248,1,4,-42
1759482159.7746248,5,0,-43
1759482159.8126247,0,0,-45
1759482159.8486247,0,-5,-42
1759482159.8876247,-2,-5,-49
1759482159.9256248,-7,0,-35
1759482159.9636247,0,-1,-43
1759482159.9996247,4,0,-40
1759482160.0376248,0,0,-34
1759482160.0756247,0,1,-33
1759482160.1146247,6,0,-42
1759482160.1536248,3,-5,-46
1759482160.1896248,0,2,-53
1759482160.2266247,0,-5,-26
1759482160.2656248,-12,-3,-39
1759482160.3036249,-9,1,-26
1759482160.339625,-2,1,-31
1759482160.3776248,0,7,-29
1759482160.4156249,6,7,-38
1759482160.4536247,9,4,-34
1759482160.4896247,4,9,-30
1759482160.526625,-1,4,-28
1759482160.5656247,-1,3,-37
1759482160.6036248,0,-3,-40
1759482160.6396248,0,-1,-36
1759482160.6776247,4,0,-36
1759482160.7156248,-2,2,-33
1759482160.753625,-5,2,-41
1759482160.7896247,-2,0,-37
1759482160.8276248,0,-3,-44
1759482160.865625,-4,-1,-33
1759482160.9036248,-4,0,-43
1759482160.9396248,0,0,-42
1759482160.977625,0,0,-30
1759482161.0156248,4,0,-34
1759482161.0536249,3,-1,-37
1759482161.089625,-1,5,-42
1759482161.1276248,4,4,-45
1759482161.1656249,0,6,-50
1759482161.2036247,-3,7,-48
1759482161.2396247,-3,1,-42
1759482161.2776248,0,5,-39
1759482161.3156247,2,1,-41
1759482161.3536248,-1,-6,-44
1759482161.3896248,-1,4,-46
1759482161.4286249,2,1,-46
1759482161.4666247,-6,-3,-38
1759482161.5046248,-4,-2,-45
1759482161.5416248,-1,-3,-53
1759482161.5786247,-1,3,-34
1759482161.6166248,0,-2,-43
1759482161.6556249,0,-2,-41
1759482161.6936247,-5,4,-39
1759482161.7296247,-4,-2,-44
1759482161.7676249,5,-4,-52
1759482161.806625,13,-5,-46
1759482161.8446248,4,5,-43
1759482161.8806248,0,0,-33
1759482161.9196248,3,0,-40
1759482161.957625,-2,0,-41
1759482161.9956248,-2,-2,-35
1759482162.033625,-3,-2,-40
1759482162.069625,-2,5,-46
1759482162.1076248,2,-5,-41
1759482162.1456249,2,-2,-36
1759482162.1836247,0,3,-39
1759482162.2196248,-2,0,-32
1759482162.2576249,4,1,-40
1759482162.2956247,-2,0,-39
1759482162.3336248,-2,1,-35
1759482162.3696249,-5,3,-40
1759482162.4076247,0,2,-43
1759482162.4456248,-8,2,-32
1759482162.4836247,-11,-2,-39
1759482162.5196247,1,0,-44
1759482162.5576248,0,6,-54
1759482162.5956247,4,2,-40
1759482162.6346247,1,-1,-47
1759482162.6706247,-1,-2,-29
1759482162.7096248,-5,1,-28
1759482162.7466247,0,0,-48
1759482162.7856247,-1,-2,-45
1759482162.8216248,-3,-1,-35
1759482162.8606248,0,-6,-38
1759482162.898625,5,1,-42
1759482162.9366248,-8,1,-40
1759482162.9746249,-12,2,-30
1759482163.010625,-5,9,-35
1759482163.0496247,-7,10,-38
1759482163.0866249,-5,0,-39
1759482163.125625,-5,0,-40
1759482163.161625,1,0,-42
1759482163.1996248,5,4,-41
1759482163.2366247,5,4,-41
1759482163.2756248,-6,3,-40
1759482163.3116248,-5,-1,-44
1759482163.3496249,1,-7,-37
1759482163.3876247,-1,-2,-34
1759482163.4266248,-1,2,-39
1759482163.464625,0,2,-39
1759482163.500625,-1,-1,-37
1759482163.5386248,-4,-1,-33
1759482163.5776248,-2,-5,-42
1759482163.615625,-3,0,-44
1759482163.651625,2,0,-47
1759482163.6896248,10,-1,-32
1759482163.727625,0,-1,-27
1759482163.7656248,0,2,-20
1759482163.8016248,3,7,-24
1759482163.8386247,0,5,-38
1759482163.8776248,8,5,-45
1759482163.9156249,-3,3,-47
1759482163.9516249,-2,7,-43
1759482163.9976249,0,1,-48
1759482164.0356247,0,7,-45
1759482164.0726247,5,-1,-26
1759482164.1106248,-1,7,-32
1759482164.148625,0,4,-34
1759482164.1866248,0,-4,-42
1759482164.2226248,-6,0,-46
1759482164.2616248,1,1,-50
1759482164.2996247,8,-1,-46
1759482164.3366249,-1,0,-46
1759482164.375625,0,-3,-33
1759482164.411625,-4,-4,-32
1759482164.4506247,4,5,-39
1759482164.487625,-1,0,-41
1759482164.526625,-2,3,-46
1759482164.5626247,0,0,-43
1759482164.5996249,3,3,-38
1759482164.6376247,0,3,-42
1759482164.6766248,4,-4,-32
1759482164.7126248,1,2,-37
1759482164.7496247,-2,-1,-35
1759482164.7886248,-2,5,-47
1759482164.8266249,-3,5,-30
1759482164.862625,-5,5,-52
1759482164.9006248,8,7,-44
1759482164.9386249,2,8,-43
1759482164.977625,2,0,-49
1759482165.0156248,-2,0,-44
1759482165.0516248,0,4,-44
1759482165.0886247,-2,0,-55
1759482165.1276248,-2,-1,-34
1759482165.1656249,1,4,-36
1759482165.2016249,-6,5,-32
1759482165.2396247,-1,0,-38
1759482165.2786248,5,-2,-39
1759482165.3166249,1,-2,-46
1759482165.352625,1,-2,-49
1759482165.3906248,1,-4,-42
1759482165.4276247,5,0,-49
1759482165.4666247,2,-3,-43
1759482165.5026248,-3,-1,-40
1759482165.5416248,-6,0,-27
1759482165.579625,-4,0,-42
1759482165.6176248,1,1,-44
1759482165.6556249,6,0,-42
1759482165.6916249,-7,-2,-39
1759482165.730625,-1,1,-45
1759482165.7686248,-8,1,-36
1759482165.806625,-2,0,-39
1759482165.842625,0,3,-36
1759482165.8806248,-2,3,-37
1759482165.9186249,-8,1,-34
1759482165.9566247,-4,4,-40
1759482165.9926248,-2,1,-48
1759482166.0316248,-3,2,-31
1759482166.0686247,-7,1,-38
1759482166.1076248,-3,-1,-41
1759482166.1436248,0,-5,-50
1759482166.181625,5,0,-40
1759482166.2186248,1,-6,-32
1759482166.2576249,0,0,-38
1759482166.2936249,-9,1,-26
1759482166.3316247,0,7,-31
1759482166.3696249,0,8,-35
1759482166.408625,-3,4,-34
1759482166.4466248,1,-1,-32
1759482166.4826248,-4,-3,-46
1759482166.5216248,4,1,-38
1759482166.559625,2,-4,-32
1759482166.5976248,3,-4,-34
1759482166.6336248,1,-6,-37
1759482166.6726248,0,0,-31
1759482166.7096248,8,-7,-35
1759482166.7486248,5,1,-34
1759482166.786625,4,4,-41
1759482166.8226247,5,3,-32
1759482166.8596249,4,4,-37
1759482166.898625,-3,-1,-35
1759482166.9366248,-5,0,-33
1759482166.9726248,-2,-1,-32
1759482167.010625,-12,-1,-42
1759482167.0486248,-4,-3,-37
1759482167.0876248,0,0,-40
1759482167.1236248,-5,6,-35
1759482167.161625,-2,2,-47
1759482167.1996248,-2,-3,-38
1759482167.2386248,0,0,-26
1759482167.276625,-2,3,-45
1759482167.3126247,2,2,-39
1759482167.3506248,5,0,-37
1759482167.388625,5,2,-41
1759482167.4266248,0,-4,-30
1759482167.4626248,-4,-4,-29
1759482167.5016248,-2,4,-33
1759482167.5386248,-1,-1,-43
1759482167.5776248,7,-3,-45
1759482167.6146247,-2,-6,-42
1759482167.651625,-6,-5,-48
1759482167.6896248,3,-3,-25
1759482167.7286248,5,-5,-33
1759482167.7646248,8,-3,-34
1759482167.8016248,2,-2,-40
1759482167.8406248,1,-2,-38
1759482167.878625,-5,5,-41
1759482167.9146247,-4,-2,-42
1759482167.9526248,1,0,-41
1759482167.990625,-2,-6,-24
1759482168.0296247,-3,-5,-37
1759482168.0676248,-2,5,-40
1759482168.1036248,-11,8,-40
1759482168.1426249,-2,3,-45
1759482168.1806247,2,0,-42
1759482168.2186248,-4,3,-37
1759482168.2546248,-3,-3,-42
1759482168.2926247,0,-4,-41
1759482168.3306248,3,-4,-55
1759482168.3686247,0,5,-53
1759482168.4076247,2,8,-51
1759482168.4436247,8,1,-48
1759482168.480625,0,6,-44
1759482168.5196247,4,6,-50
1759482168.5576248,4,4,-38
1759482168.5936248,0,-7,-35
1759482168.6306248,2,-1,-42
1759482168.6696248,-6,0,-41
1759482168.707625,-7,4,-37
1759482168.7436247,0,3,-34
1759482168.7806249,-2,4,-36
1759482168.819625,0,7,-41
1759482168.8576248,-8,6,-31
1759482168.8936248,-4,1,-25
1759482168.931625,-5,-4,-32
1759482168.9696248,1,-4,-35
1759482169.0076249,4,-4,-27
1759482169.0436249,4,2,-37
1759482169.0806248,-9,0,-37
1759482169.1196249,-1,0,-43
1759482169.1576247,-8,0,-34
1759482169.1936247,1,-5,-35
1759482169.2316248,-7,-3,-41
1759482169.2696247,0,0,-36
1759482169.3076248,-13,6,-47
1759482169.3436248,-3,4,-39
1759482169.3816247,2,-6,-35
1759482169.4196248,-2,-6,-33
1759482169.4586248,-3,0,-37
1759482169.4946249,-1,4,-36
1759482169.533625,3,-2,-37
1759482169.5716248,-5,-2,-36
1759482169.6096249,-3,-4,-32
1759482169.6466248,7,-1,-30
1759482169.6836247,5,2,-39
1759482169.7216249,-3,-6,-38
1759482169.7596247,1,-5,-47
1759482169.7986248,9,-2,-41
1759482169.8346248,0,-10,-40
1759482169.8716247,0,-3,-46
1759482169.9096248,-1,0,-38
1759482169.9486248,-1,3,-49
1759482169.9846249,7,1,-40
1759482170.0216248,-5,-6,-30
1759482170.059625,2,8,-44
1759482170.0986247,0,5,-49
1759482170.1346247,0,5,-40
1759482170.1726248,1,4,-50
1759482170.2106247,-6,-4,-31
1759482170.2486248,-4,-4,-39
1759482170.2846248,6,0,-41
1759482170.3216248,-2,6,-47
1759482170.3606248,-2,0,-39
1759482170.398625,0,2,-37
1759482170.434625,2,4,-36
1759482170.4726248,6,0,-34
1759482170.510625,-4,3,-40
1759482170.5486248,-3,5,-49
1759482170.5846248,-1,10,-37
1759482170.6226249,6,0,-34
1759482170.661625,2,-1,-36
1759482170.6996248,-6,0,-44
1759482170.7356248,-7,-2,-41
1759482170.773625,-1,0,-37
1759482170.8126247,0,1,-31
1759482170.8506248,0,-2,-39
1759482170.888625,0,-7,-36
1759482170.9246247,3,0,-37
1759482170.9626248,4,-3,-31
1759482171.000625,3,1,-34
1759482171.0386248,2,0,-32
1759482171.0746248,-1,3,-40
1759482171.112625,0,7,-34
1759482171.1506248,-4,6,-40
1759482171.1886249,-1,2,-34
1759482171.2246249,9,-1,-27
1759482171.2626247,2,5,-45
1759482171.3006248,6,4,-36
1759482171.3366249,11,2,-33
1759482171.3736248,11,-6,-36
1759482171.4126248,5,2,-37
1759482171.4506247,0,0,-40
1759482171.4866247,-1,0,-40
1759482171.5256248,-4,2,-31
1759482171.5626247,-7,-5,-40
1759482171.6006248,1,-5,-26
1759482171.6396248,2,0,-41
1759482171.6756248,0,1,-35
1759482171.7136247,-5,-1,-30
1759482171.750625,5,3,-29
1759482171.7896247,6,-2,-45
1759482171.8256247,5,-4,-31
1759482171.862625,5,0,-35
1759482171.9006248,3,2,-40
1759482171.9396248,6,8,-31
1759482171.9756248,0,3,-35
1759482172.0126247,1,0,-41
1759482172.0516248,2,0,-37
1759482172.089625,5,0,-34
1759482172.125625,11,0,-41
1759482172.1626248,12,-3,-35
1759482172.2016249,5,-3,-36
1759482172.2396247,0,1,-37
1759482172.2756248,0,0,-33
1759482172.3126247,-1,0,-31
1759482172.3516247,-2,5,-32
1759482172.3896248,-3,4,-34
1759482172.4256248,-4,5,-44
1759482172.4636247,1,11,-36
1759482172.5016248,3,2,-36
1759482172.5406249,0,-1,-42
1759482172.5766249,2,-7,-32
1759482172.615625,2,2,-32
1759482172.6526248,2,1,-37
1759482172.6916249,3,2,-38
1759482172.7296247,7,5,-38
1759482172.7656248,0,7,-28
1759482172.8026247,5,6,-39
1759482172.8416247,-5,2,-34
1759482172.8796248,-2,8,-48
1759482172.9156249,4,6,-37
1759482172.9536247,2,2,-50
1759482172.9916248,7,0,-45
1759482173.0276248,9,3,-42
1759482173.0656247,6,-4,-45
1759482173.1046247,5,0,-45
1759482173.1416247,3,-1,-48
1759482173.1806247,0,2,-43
1759482173.2166247,4,-9,-49
1759482173.2546248,-2,3,-32
1759482173.2936249,-4,-1,-31
1759482173.3316247,2,-4,-28
1759482173.3676248,-2,0,-37
1759482173.4046247,-3,2,-43
1759482173.4436247,-8,4,-35
1759482173.4816248,-6,2,-38
1759482173.5176249,1,0,-42
1759482173.5556247,3,2,-46
1759482173.5936248,0,0,-43
1759482173.6316247,2,0,-37
1759482173.6676247,0,1,-43
1759482173.7066247,-5,3,-38
1759482173.7446249,-3,1,-36
1759482173.7826247,-1,-1,-35
1759482173.8206248,-7,-2,-38
1759482173.8566248,-3,-1,-43
1759482173.8946247,6,-4,-42
1759482173.9326248,5,-3,-33
1759482173.9716249,4,-4,-46
1759482174.0156248,-2,-1,-40
1759482174.0536249,1,-3,-50
1759482174.0916247,2,0,-43
1759482174.1276248,8,-5,-47
1759482174.1646247,8,-2,-36
1759482174.2036247,-3,0,-30
1759482174.2416248,-2,2,-35
1759482174.2776248,4,1,-38
1759482174.3146248,-5,1,-36
1759482174.352625,1,-5,-41
1759482174.3916247,5,-5,-33
1759482174.4276247,4,-5,-36
1759482174.464625,5,2,-19
1759482174.5026248,4,-2,-37
1759482174.5416248,2,5,-44
1759482174.5776248,3,2,-42
1759482174.6146247,-7,5,-35
1759482174.6536248,-3,3,-22
1759482174.6916249,0,2,-33
1759482174.727625,-1,-1,-41
1759482174.7656248,2,4,-50
1759482174.8036249,-7,7,-43
1759482174.842625,-4,1,-51
1759482174.878625,-2,0,-40
1759482174.9156249,-6,0,-41
1759482174.9536247,-1,5,-41
1759482174.9926248,1,0,-48
1759482175.0286248,-6,1,-43
1759482175.0656247,-8,1,-39
1759482175.1046247,-2,7,-32
1759482175.1426249,0,2,-41
1759482175.1786249,4,0,-44
1759482175.2156248,5,0,-43
1759482175.253625,0,4,-43
1759482175.2926247,-4,7,-41
1759482175.3286247,0,0,-40
1759482175.365625,0,-4,-43
1759482175.4036248,-2,3,-47
1759482175.4426248,-2,0,-41
1759482175.4786248,-10,-3,-36
1759482175.5166247,-2,0,-42
1759482175.5556247,3,0,-36
1759482175.5936248,3,-1,-28
1759482175.6316247,1,-2,-27
1759482175.6676247,1,8,-28
1759482175.704625,9,-3,-34
1759482175.7436247,4,4,-36
1759482175.7816248,0,-2,-35
1759482175.8186247,-5,0,-44
1759482175.855625,1,-2,-40
1759482175.8936248,-10,1,-43
1759482175.9326248,0,-3,-40
1759482175.9686248,-4,-5,-37
1759482176.0066247,2,0,-35
1759482176.0456247,1,-3,-35
1759482176.0836248,-1,-6,-51
1759482176.1216247,2,-3,-36
1759482176.1576247,2,-4,-26
1759482176.1956248,-6,3,-35
1759482176.2346249,6,1,-33
1759482176.2726247,11,1,-30
1759482176.3086247,0,-3,-33
1759482176.3476248,0,1,-41
1759482176.3846247,0,-1,-35
1759482176.4236248,-11,0,-36
1759482176.4596248,-5,2,-35
1759482176.4976249,1,-2,-45
1759482176.536625,2,1,-47
1759482176.5736248,1,-1,-46
1759482176.612625,2,0,-43
1759482176.648625,0,-2,-36
1759482176.6866248,-1,-5,-38
1759482176.7256248,5,-1,-47
1759482176.763625,1,0,-49
1759482176.7996247,7,3,-45
1759482176.8366249,2,-1,-39
1759482176.875625,7,1,-37
1759482176.9136248,3,1,-49
1759482176.9496248,-2,4,-42
1759482176.987625,-2,4,-40
1759482177.026625,1,10,-49
1759482177.0636249,1,4,-39
1759482177.102625,2,5,-31
1759482177.138625,4,9,-33
1759482177.1766248,4,0,-40
1759482177.214625,2,-5,-39
1759482177.2526248,-3,1,-37
1759482177.2886248,-7,3,-33
1759482177.3266249,5,1,-34
1759482177.3646247,7,-1,-34
1759482177.4026248,2,1,-34
1759482177.4386249,-3,7,-35
1759482177.4766247,-8,3,-31
1759482177.5146248,-4,-3,-25
1759482177.5526247,-2,-2,-39
1759482177.5886247,0,0,-44
1759482177.6266248,0,-1,-39
1759482177.6646247,-5,-5,-32
1759482177.7026248,2,0,-27
1759482177.7386248,6,2,-41
1759482177.776625,3,3,-42
1759482177.8146248,2,0,-33
1759482177.852625,1,-8,-33
1759482177.888625,0,2,-36
1759482177.9266248,-4,-2,-46
1759482177.964625,2,-4,-48
1759482178.0026248,-2,-1,-56
1759482178.0386248,1,-1,-42
1759482178.0776248,0,0,-48
1759482178.1146247,8,-1,-45
1759482178.1536248,2,0,-40
1759482178.1896248,3,0,-39
1759482178.2266247,0,-3,-41
1759482178.2646248,-7,-9,-46
1759482178.3036249,1,-7,-40
1759482178.339625,-2,0,-33
1759482178.3776248,-1,5,-39
1759482178.4156249,-2,0,-51
1759482178.4536247,4,-2,-41
1759482178.4896247,8,-5,-52
1759482178.5276248,2,-1,-41
1759482178.5656247,7,1,-29
1759482178.6046247,1,0,-32
1759482178.6406248,-1,2,-33
1759482178.6786249,-1,2,-39
1759482178.7156248,4,-2,-37
1759482178.7546248,6,-1,-33
1759482178.7906249,2,-3,-44
1759482178.829625,1,-5,-38
1759482178.8676248,-2,-1,-43
1759482178.9056249,0,6,-33
1759482178.9436247,-2,-1,-46
1759482178.9796247,-7,0,-37
1759482179.0166247,0,-8,-39
1759482179.0556247,0,-4,-48
1759482179.0936248,3,6,-39
1759482179.1296248,-4,2,-43
1759482179.1676247,-2,1,-46
1759482179.2056248,0,2,-36
1759482179.2436247,1,3,-42
1759482179.2796247,-1,1,-41
1759482179.3166249,0,-3,-40
1759482179.355625,7,-6,-50
1759482179.3936248,0,-6,-44
1759482179.4296248,-3,-3,-52
1759482179.467625,-8,-4,-35
1759482179.5066247,0,-2,-44
1759482179.5446248,-4,1,-51
1759482179.5806248,4,-2,-49
1759482179.6186247,6,-1,-43
1759482179.6576247,-1,-3,-48
1759482179.6956248,-9,-7,-48
1759482179.7336247,2,-2,-36
1759482179.7696247,-1,2,-50
1759482179.806625,-10,2,-38
1759482179.8456247,-5,-1,-42
1759482179.8816247,-2,-4,-41
1759482179.9206247,3,0,-41
1759482179.9586248,1,2,-52
1759482179.9956248,0,4,-36
1759482180.0346248,1,-7,-40
1759482180.0706248,-1,-2,-37
1759482180.1096249,0,-4,-37
1759482180.1466248,-6,-1,-49
1759482180.1856248,-5,1,-39
1759482180.2216249,-2,6,-32
1759482180.2596247,0,1,-35
1759482180.2976248,1,-2,-36
1759482180.3366249,-3,3,-37
1759482180.3746247,-3,2,-34
1759482180.4106247,0,-7,-45
1759482180.4496248,-4,-2,-46
1759482180.4866247,-1,0,-33
1759482180.5256248,-8,-5,-34
1759482180.5616248,0,-1,-33
1759482180.5996249,0,6,-43
1759482180.6366248,-4,5,-34
1759482180.6756248,-9,3,-38
1759482180.7116249,-3,3,-32
1759482180.7496247,-4,4,-25
1759482180.786625,2,9,-25
1759482180.8256247,4,1,-38
1759482180.8616247,2,3,-40
1759482180.8996248,6,1,-32
1759482180.9376247,0,0,-42
1759482180.9756248,2,-4,-32
1759482181.0116248,-1,-1,-34
1759482181.0496247,-4,-4,-39
1759482181.0876248,1,-3,-35
1759482181.1266248,1,-4,-40
1759482181.1646247,3,-1,-43
1759482181.2006247,0,7,-37
1759482181.2386248,-1,-2,-40
1759482181.276625,-2,0,-41
1759482181.3156247,-5,-4,-38
1759482181.3516247,-10,-4,-47
1759482181.3896248,2,-2,-43
1759482181.4286249,0,1,-44
1759482181.4666247,3,6,-46
1759482181.5046248,2,5,-43
1759482181.5406249,-1,0,-38
1759482181.5786247,-1,-1,-32
1759482181.6166248,3,-2,-33
1759482181.6556249,1,3,-30
1759482181.6916249,5,-2,-32
1759482181.7286248,6,-4,-41
1759482181.7666247,5,-1,-41
1759482181.8056247,-3,4,-35
1759482181.8416247,2,-4,-36
1759482181.878625,-3,-9,-37
1759482181.9166248,2,2,-41
1759482181.9556248,4,3,-50
1759482181.9916248,1,0,-39
1759482182.0286248,4,3,-33
1759482182.0666249,9,-1,-43
1759482182.105625,0,-1,-36
1759482182.1416247,-3,1,-35
1759482182.1786249,3,-1,-41
1759482182.2166247,4,-3,-43
1759482182.2556248,-5,2,-43
1759482182.2916248,-3,1,-50
1759482182.3286247,0,3,-53
1759482182.3676248,1,-1,-41
1759482182.4056249,0,0,-52
1759482182.4416249,6,3,-46
1759482182.4786248,5,4,-44
1759482182.5176249,0,1,-40
1759482182.5556247,-3,7,-37
1759482182.5916247,0,7,-33
1759482182.6296248,1,1,-34
1759482182.6676247,-3,6,-41
1759482182.7056248,3,-4,-37
1759482182.7416248,0,1,-32
1759482182.7796247,-3,-6,-33
1759482182.8176248,-3,0,-37
1759482182.855625,0,2,-36
1759482182.8916247,-6,12,-33
1759482182.9296248,-10,2,-43
1759482182.9686248,-10,0,-42
1759482183.0066247,-5,0,-32
1759482183.0426247,0,6,-38
1759482183.079625,0,1,-49
1759482183.1186247,0,3,-41
1759482183.1566248,2,0,-42
1759482183.1926248,-3,-6,-42
1759482183.2316248,2,5,-37
1759482183.2686248,-1,-2,-33
1759482183.3076248,3,0,-34
1759482183.3456247,3,-5,-36
1759482183.3826249,3,-6,-37
1759482183.4206247,-2,2,-44
1759482183.4586248,-7,1,-44
1759482183.4976249,-4,-2,-43
1759482183.533625,1,-6,-50
1759482183.5706248,2,0,-43
1759482183.6086247,2,1,-46
1759482183.6476247,3,2,-43
1759482183.6836247,3,1,-40
1759482183.7216249,0,-3,-38
1759482183.7586248,-5,3,-29
1759482183.7976248,-1,-3,-39
1759482183.8336248,-4,-4,-35
1759482183.8716247,0,-4,-49
1759482183.9106247,3,3,-43
1759482183.9476247,0,0,-22
1759482183.9866247,0,0,-37
1759482184.0316248,5,1,-48
1759482184.0686247,3,-2,-46
1759482184.1076248,-7,-3,-34
1759482184.1436248,-3,1,-33
1759482184.1826248,-2,-1,-41
1759482184.2206247,-6,2,-39
1759482184.2586248,-2,0,-30
1759482184.296625,-4,2,-37
1759482184.332625,2,0,-36
1759482184.3696249,1,0,-31
1759482184.408625,1,-2,-25
1759482184.4466248,-1,3,-33
1759482184.4826248,0,2,-36
1759482184.5206249,4,-5,-32
1759482184.5586247,5,1,-27
1759482184.5966249,0,-2,-39
1759482184.6326249,0,1,-37
1759482184.6696248,0,5,-43
1759482184.7086248,-3,2,-33
1759482184.7466247,-6,2,-56
1759482184.7826247,-7,-1,-50
1759482184.8206248,1,-3,-44
1759482184.8596249,-5,-6,-48
1759482184.8976247,-10,-3,-36
1759482184.9336247,0,0,-30
1759482184.9706247,6,0,-43
1759482185.0096247,3,0,-38
1759482185.0476248,-2,4,-33
1759482185.0836248,-1,0,-41
1759482185.1226249,-5,-5,-40
1759482185.1596248,4,-1,-42
1759482185.1986248,0,-8,-34
1759482185.2346249,3,-7,-40
1759482185.2726247,4,-5,-48
1759482185.309625,2,-1,-30
1759482185.3486247,-8,-2,-42
1759482185.3846247,-5,0,-38
1759482185.4226248,-8,3,-34
1759482185.4606247,-6,-3,-33
1759482185.4986248,1,-1,-43
1759482185.5346248,-3,2,-33
1759482185.5726247,-1,0,-39
1759482185.6096249,-5,-1,-36
1759482185.648625,1,-5,-40
1759482185.684625,5,-8,-38
1759482185.7226248,0,-6,-36
1759482185.7596247,-5,0,-43
1759482185.7986248,0,0,-39
1759482185.8346248,8,0,-35
1759482185.8716247,0,-5,-33
1759482185.9096248,-2,-6,-40
1759482185.9486248,3,-1,-36
1759482185.9846249,7,-2,-46
1759482186.0216248,7,-1,-40
1759482186.0606248,5,-1,-42
1759482186.0986247,-8,5,-39
1759482186.1346247,0,5,-37
1759482186.1726248,-5,0,-43
1759482186.2116249,0,0,-46
1759482186.2496247,1,4,-47
1759482186.2876248,3,-1,-48
1759482186.3246248,-4,-3,-37
1759482186.362625,-2,3,-35
1759482186.3996248,3,0,-42
1759482186.4386249,3,0,-44
1759482186.4746249,7,-4,-49
1759482186.5126247,5,-1,-34
1759482186.5506248,4,-5,-43
1759482186.589625,-2,-6,-47
1759482186.6276248,-3,2,-47
1759482186.6636248,1,0,-49
1759482186.7006247,-1,-2,-45
1759482186.7396247,1,-4,-46
1759482186.7786248,2,-4,-30
1759482186.8146248,2,-2,-39
1759482186.8536248,1,-2,-44
1759482186.8916247,0,0,-51
1759482186.9296248,-1,-1,-50
1759482186.9656248,4,4,-51
1759482187.0026248,3,-3,-46
1759482187.0416248,-3,-1,-37
1759482187.079625,-1,-1,-41
1759482187.115625,-4,4,-43
1759482187.1536248,-6,5,-47
1759482187.1916249,-7,5,-34
1759482187.2296247,-2,5,-39
1759482187.2656248,-4,4,-48
1759482187.3036249,3,-3,-44
1759482187.3416247,2,-1,-41
1759482187.3796248,6,0,-43
1759482187.4156249,7,0,-38
1759482187.4536247,1,-1,-27
1759482187.4916248,-2,1,-33
1759482187.5296247,1,-2,-36
1759482187.5656247,-1,-1,-39
1759482187.6046247,-2,0,-24
1759482187.6416247,2,-5,-30
1759482187.6806247,-4,-6,-31
1759482187.7186248,-3,0,-38
1759482187.7546248,-6,0,-36
1759482187.7926247,-7,0,-41
1759482187.8306248,-5,0,-41
1759482187.8696249,-2,2,-40
1759482187.9066248,-6,2,-32
1759482187.9436247,0,-2,-40
1759482187.9816248,-6,5,-52
1759482188.0206249,0,4,-46
1759482188.0586247,-6,1,-53
1759482188.0946248,-4,4,-42
1759482188.1316247,-7,6,-37
1759482188.1706247,-5,1,-34
1759482188.2086248,0,1,-38
1759482188.2446249,0,3,-53
1759482188.2826247,1,2,-41
1759482188.3206248,6,0,-40
1759482188.3586247,2,2,-47
1759482188.3946247,-3,2,-47
1759482188.4326248,-1,-3,-40
1759482188.4716249,-8,-3,-25
1759482188.5096247,-3,0,-33
1759482188.5456247,5,-2,-35
1759482188.5836248,0,-9,-34
1759482188.6216247,0,-1,-40
1759482188.6606247,1,-2,-35
1759482188.6966248,-1,-1,-39
1759482188.7356248,-1,0,-36
1759482188.7726247,1,0,-50
1759482188.8116248,-1,1,-41
1759482188.8496249,0,-11,-26
1759482188.885625,0,-3,-39
1759482188.9246247,0,-2,-29
1759482188.9616249,3,0,-38
1759482189.000625,-4,-4,-32
1759482189.036625,-7,-7,-35
1759482189.0746248,-7,-5,-52
1759482189.112625,-3,-8,-39
1759482189.1506248,-1,-2,-37
1759482189.1896248,-5,0,-46
1759482189.2256248,-3,-1,-42
1759482189.2646248,-4,-1,-41
1759482189.3026247,-1,0,-37
1759482189.3406248,-1,0,-36
1759482189.3766248,-10,0,-36
1759482189.4146247,-3,4,-47
1759482189.4536247,-4,3,-34
1759482189.4916248,-7,0,-34
1759482189.5296247,-9,-1,-31
1759482189.5656247,-7,-3,-35
1759482189.6036248,-12,-3,-47
1759482189.6426249,-10,-2,-43
1759482189.6806247,-5,1,-40
1759482189.7166247,1,-2,-38
1759482189.7546248,6,0,-35
1759482189.7926247,4,-5,-38
1759482189.8316247,2,3,-26
1759482189.8696249,-1,-2,-26
1759482189.9056249,-6,-4,-30
1759482189.944625,1,0,-27
1759482189.9816248,-2,-5,-38
1759482190.0206249,-3,-4,-41
1759482190.056625,-2,0,-39
1759482190.0946248,4,0,-46
1759482190.1326249,0,-2,-41
1759482190.171625,-4,2,-43
1759482190.2096248,-1,0,-38
1759482190.2456248,0,-4,-27
1759482190.2846248,3,-1,-38
1759482190.3216248,2,5,-41
1759482190.3606248,3,3,-37
1759482190.3966248,3,2,-43
1759482190.4336247,-1,2,-43
1759482190.4716249,-4,-3,-44
1759482190.510625,-10,0,-41
1759482190.546625,-8,0,-40
1759482190.5836248,-4,-4,-47
1759482190.6216247,0,0,-38
1759482190.6606247,0,5,-24
1759482190.6966248,5,7,-37
1759482190.7346249,6,2,-43
1759482190.7726247,8,3,-24
1759482190.8106248,5,3,-30
1759482190.8466249,4,0,-30
1759482190.8846247,-4,0,-40
1759482190.921625,-3,4,-46
1759482190.9606247,-3,0,-45
1759482190.9966247,-3,1,-39
1759482191.0346248,-6,6,-40
1759482191.0726247,4,0,-37
1759482191.1106248,2,-4,-43
1759482191.1466248,-4,-6,-46
1759482191.1856248,0,0,-41
1759482191.2226248,-3,1,-44
1759482191.2616248,1,4,-39
1759482191.2976248,4,5,-33
1759482191.3356247,2,-4,-37
1759482191.3726249,-1,-5,-27
1759482191.411625,-4,0,-37
1759482191.4476247,0,2,-30
1759482191.4856248,1,0,-38
1759482191.5226247,5,0,-41
1759482191.5616248,0,0,-49
1759482191.5976248,-9,-1,-34
1759482191.635625,1,-4,-32
1759482191.6736248,3,-4,-34
1759482191.7126248,1,1,-38
1759482191.750625,6,0,-43
1759482191.786625,10,4,-30
1759482191.8236248,0,5,-25
1759482191.862625,3,-3,-31
1759482191.9006248,-1,-5,-42
1759482191.9366248,1,-2,-37
1759482191.9736247,2,-4,-40
1759482192.0126247,2,2,-36
1759482192.0486248,5,-6,-49
1759482192.0866249,4,3,-51
1759482192.1246247,3,7,-37
1759482192.1626248,5,0,-46
1759482192.2016249,-1,3,-44
1759482192.237625,2,0,-37
1759482192.2746248,0,3,-41
1759482192.3136249,1,4,-53
1759482192.3516247,5,2,-55
1759482192.3876247,3,1,-42
1759482192.4246247,3,0,-43
1759482192.4636247,0,-3,-36
1759482192.5016248,0,-1,-45
1759482192.5376248,1,3,-39
1759482192.5746248,0,-3,-35
1759482192.6136248,-3,-5,-39
1759482192.651625,-2,4,-44
1759482192.6876247,0,-3,-51
1759482192.7256248,-3,0,-46
1759482192.7626247,10,-2,-48
1759482192.8016248,-5,3,-42
1759482192.8376248,-2,0,-36
1759482192.8746247,-6,-9,-40
1759482192.9136248,0,-5,-41
1759482192.9516249,4,0,-40
1759482192.987625,-3,-10,-43
1759482193.026625,5,-4,-43
1759482193.0636249,6,-1,-42
1759482193.102625,5,-3,-40
1759482193.138625,0,-4,-32
1759482193.1756248,6,0,-39
1759482193.2136247,3,-7,-53
1759482193.2526248,-2,1,-50
1759482193.2886248,-3,2,-37
1759482193.3266249,-10,2,-48
1759482193.3636248,4,0,-47
1759482193.4026248,0,0,-36
1759482193.4386249,-8,3,-45
1759482193.4756248,-4,5,-33
1759482193.513625,-2,-1,-38
1759482193.5526247,-3,5,-40
1759482193.5886247,-7,-6,-35
1759482193.6266248,1,-1,-35
1759482193.6646247,6,0,-35
1759482193.7036247,0,7,-52
1759482193.7416248,5,0,-38
1759482193.7776248,-1,0,-39
1759482193.8146248,3,4,-42
1759482193.8536248,-3,0,-33
1759482193.8896248,-4,-4,-40
1759482193.9276247,-5,-2,-32
1759482193.9656248,0,6,-39
1759482194.0046248,0,-2,-31
1759482194.0486248,5,0,-46
1759482194.0856247,1,-2,-40
1759482194.1236248,-6,5,-39
1759482194.1626248,7,1,-25
1759482194.1986248,-5,-2,-22
1759482194.237625,0,0,-31
1759482194.2756248,2,-7,-35
1759482194.3136249,6,-6,-39
1759482194.3496249,7,-11,-33
1759482194.3876247,-2,-12,-27
1759482194.4256248,2,-5,-36
1759482194.4636247,-2,-3,-42
1759482194.5026248,-3,-1,-41
1759482194.5386248,-7,0,-47
1759482194.5756247,-5,0,-24
1759482194.6146247,2,0,-34
1759482194.6526248,0,6,-40
1759482194.6886249,-1,3,-47
1759482194.727625,-4,-4,-48
1759482194.7646248,0,-4,-45
1759482194.8036249,5,-1,-45
1759482194.839625,-1,-7,-47
1759482194.878625,0,-4,-41
1759482194.9156249,0,-1,-40
1759482194.954625,9,0,-41
1759482194.9926248,11,4,-43
1759482195.0286248,-2,0,-44
1759482195.0666249,3,0,-34
1759482195.1046247,-3,2,-41
1759482195.1436248,3,-1,-45
1759482195.1796248,4,1,-44
1759482195.217625,1,-2,-38
1759482195.2546248,9,1,-45
1759482195.2936249,-1,0,-34
1759482195.329625,3,0,-35
1759482195.3666248,2,-2,-39
1759482195.4046247,7,-5,-32
1759482195.4436247,3,-5,-33
1759482195.4796247,0,1,-34
1759482195.5176249,3,-2,-33
1759482195.556625,1,3,-40
1759482195.5946248,-3,-2,-40
1759482195.6306248,0,-2,-35
1759482195.6696248,1,-2,-35
1759482195.707625,3,2,-33
1759482195.7446249,-3,-1,-50
1759482195.783625,4,-7,-38
1759482195.819625,5,-3,-31
1759482195.8576248,5,0,-31
1759482195.8956249,0,0,-43
1759482195.9336247,-7,-1,-44
1759482195.9696248,-7,3,-44
1759482196.0076249,5,2,-33
1759482196.0446248,3,7,-35
1759482196.0836248,-2,-1,-38
1759482196.1196249,1,-1,-41
1759482196.1576247,-2,7,-39
1759482196.1956248,-3,1,-38
1759482196.2336247,-1,1,-51
1759482196.2696247,0,2,-36
1759482196.3076248,-2,3,-50
1759482196.3456247,1,0,-40
1759482196.3836248,0,4,-40
1759482196.4196248,4,4,-33
1759482196.457625,1,-6,-49
1759482196.4956248,3,0,-43
1759482196.533625,-1,-6,-42
1759482196.569625,5,-3,-35
1759482196.6076248,4,0,-39
1759482196.6456249,3,-4,-45
1759482196.6836247,5,0,-32
1759482196.7196248,-2,1,-40
1759482196.7566247,-3,0,-37
1759482196.7956247,3,1,-45
1759482196.8336248,2,-4,-33
1759482196.8696249,1,0,-44
1759482196.9066248,0,-5,-47
1759482196.9456248,3,-3,-43
1759482196.9836247,0,-2,-28
1759482197.0196247,-3,-6,-32
1759482197.0576248,-6,1,-39
1759482197.0956247,2,0,-41
1759482197.1346247,-3,4,-46
1759482197.1706247,-2,0,-43
1759482197.2086248,-7,-2,-39
1759482197.2476249,0,-2,-33
1759482197.2856247,1,-10,-41
1759482197.3216248,5,3,-37
1759482197.3586247,7,2,-46
1759482197.3976247,7,1,-52
1759482197.4356248,5,-8,-46
1759482197.4716249,2,-9,-37
1759482197.5096247,0,-3,-33
1759482197.5476248,-2,4,-46
1759482197.5856247,9,-5,-48
1759482197.6216247,0,2,-34
1759482197.658625,-12,-2,-38
1759482197.6976247,4,3,-41
1759482197.7356248,8,1,-38
1759482197.7716248,5,2,-45
1759482197.8086247,0,2,-41
1759482197.8476248,6,1,-31
1759482197.885625,0,0,-38
1759482197.921625,1,0,-33
1759482197.9596248,7,-1,-32
1759482197.9976249,5,0,-39
1759482198.0356247,8,3,-35
1759482198.0726247,3,4,-34
1759482198.1096249,7,4,-34
1759482198.148625,3,0,-37
1759482198.1866248,-4,-4,-35
1759482198.2246249,-3,-2,-31
1759482198.260625,8,1,-42
1759482198.2986248,4,2,-41
1759482198.3366249,3,-2,-40
1759482198.3746247,0,-5,-40
1759482198.4106247,1,0,-38
1759482198.4486248,9,1,-46
1759482198.4866247,-4,1,-45
1759482198.5246248,3,1,-39
1759482198.5606248,0,-1,-43
1759482198.5986247,4,2,-33
1759482198.6366248,1,5,-46
1759482198.6746247,1,-6,-35
1759482198.7106247,-3,-4,-39
1759482198.7486248,-6,0,-24
1759482198.786625,0,0,-38
1759482198.8256247,-7,-1,-48
1759482198.8616247,-7,5,-40
1759482198.8996248,0,5,-32
1759482198.9376247,-4,1,-41
1759482198.9766247,0,0,-39
1759482199.0126247,2,3,-48
1759482199.0506248,0,0,-47
1759482199.0886247,5,-1,-43
1759482199.1266248,-2,-2,-44
1759482199.1626248,3,-5,-37
1759482199.2016249,2,0,-38
1759482199.2386248,-3,6,-37
1759482199.276625,7,5,-37
1759482199.3156247,4,4,-44
1759482199.3516247,-1,5,-43
1759482199.388625,0,4,-42
1759482199.4266248,-5,5,-37
1759482199.4656248,-4,-3,-40
1759482199.5016248,0,-2,-42
1759482199.5386248,-1,-1,-37
1759482199.5776248,-7,1,-33
1759482199.615625,-4,-4,-40
1759482199.651625,-2,-5,-50
1759482199.6896248,-4,0,-55
1759482199.727625,-5,3,-54
1759482199.7666247,-2,4,-49
1759482199.8026247,3,-2,-55
1759482199.8416247,1,-5,-47
1759482199.8796248,-7,2,-49
1759482199.9176247,0,-4,-43
1759482199.9556248,-1,-1,-43
1759482199.9916248,-3,2,-34
1759482200.0306249,-1,-2,-39
1759482200.0676248,-2,-4,-39
1759482200.1066248,5,-2,-37
1759482200.1426249,-1,0,-24
1759482200.1806247,-1,2,-43
1759482200.217625,-2,-4,-37
1759482200.2566247,9,-6,-34
1759482200.2926247,8,-2,-32
1759482200.3306248,-4,-1,-42
1759482200.3696249,-5,-8,-35
1759482200.4076247,-3,-6,-41
1759482200.4456248,-4,-9,-25
1759482200.4816248,-3,-1,-29
1759482200.5196247,1,7,-35
1759482200.5586247,1,2,-40
1759482200.5966249,6,1,-40
1759482200.6326249,2,0,-52
1759482200.6696248,12,0,-40
1759482200.7086248,8,-1,-45
1759482200.7466247,4,-4,-42
1759482200.7826247,8,0,-35
1759482200.8206248,3,1,-36
1759482200.8576248,-2,-3,-38
1759482200.8966248,-2,0,-41
1759482200.9326248,0,2,-38
1759482200.9706247,0,-2,-36
1759482201.0086248,-2,0,-35
1759482201.046625,1,0,-36
1759482201.082625,6,2,-30
1759482201.1206248,1,1,-32
1759482201.1576247,-8,-5,-44
1759482201.1966248,-2,-1,-39
1759482201.2326248,-1,0,-47
1759482201.2706249,2,-1,-35
1759482201.3076248,-1,2,-37
1759482201.3466249,3,-8,-36
1759482201.3826249,5,-2,-38
1759482201.4206247,-4,-2,-47
1759482201.457625,2,-6,-39
1759482201.4966247,-1,0,-40
1759482201.5326247,-2,2,-37
1759482201.5706248,0,1,-38
1759482201.6086247,-1,-1,-40
1759482201.6466248,0,-5,-47
1759482201.6826248,0,1,-47
1759482201.7196248,0,4,-47
1759482201.7586248,0,7,-44
1759482201.796625,-3,-3,-33
1759482201.832625,-7,-4,-41
1759482201.8706248,1,0,-32
1759482201.908625,-2,-2,-34
1759482201.9476247,-9,4,-31
1759482201.9836247,-1,4,-31
1759482202.0226247,-1,-2,-29
1759482202.059625,-4,-2,-44
1759482202.0986247,-2,-2,-44
1759482202.1366248,-4,-2,-43
1759482202.1726248,-3,-2,-60
1759482202.2106247,-3,3,-45
1759482202.2486248,6,4,-45
1759482202.2876248,0,6,-39
1759482202.3236248,1,-2,-35
1759482202.3606248,3,-1,-35
1759482202.398625,1,-2,-36
1759482202.4376247,2,4,-43
1759482202.4736247,-2,0,-36
1759482202.5116248,0,-5,-38
1759482202.5486248,-2,0,-30
1759482202.5876248,-1,2,-35
1759482202.6236248,2,4,-29
1759482202.661625,2,3,-37
1759482202.6996248,3,3,-42
1759482202.737625,-4,3,-38
1759482202.773625,-2,0,-44
1759482202.8116248,-2,0,-41
1759482202.8496249,-1,-1,-38
1759482202.8876247,-3,0,-35
1759482202.9236248,-7,0,-41
1759482202.9616249,0,-4,-30
1759482202.9986248,3,-2,-40
1759482203.0376248,2,0,-41
1759482203.0736248,0,-4,-36
1759482203.1116247,-4,-2,-52
1759482203.148625,-1,-9,-46
1759482203.1876247,5,1,-38
1759482203.2236247,-4,-1,-48
1759482203.2626247,4,1,-49
1759482203.2996247,9,-1,-36
1759482203.3386247,0,3,-40
1759482203.3746247,9,3,-43
1759482203.4126248,-1,-2,-31
1759482203.4496248,-3,-4,-38
1759482203.4886248,-9,-5,-36
1759482203.5246248,-6,0,-28
1759482203.5616248,-2,0,-43
1759482203.5996249,-6,1,-37
1759482203.638625,-4,5,-30
1759482203.6746247,-2,0,-45
1759482203.7136247,-4,0,-39
1759482203.750625,2,-1,-51
1759482203.7896247,4,-1,-39
1759482203.8276248,2,1,-39
1759482203.8636248,6,4,-42
1759482203.9006248,9,1,-44
1759482203.9396248,4,0,-31
1759482203.977625,-1,-1,-47
1759482204.013625,8,3,-41
1759482204.059625,5,-3,-33
1759482204.0976248,0,0,-38
1759482204.1336248,-6,0,-45
1759482204.171625,0,5,-37
1759482204.2096248,-3,2,-44
1759482204.2476249,-2,0,-56
1759482204.283625,1,0,-50
1759482204.3226247,2,-3,-50
1759482204.3606248,1,0,-47
1759482204.398625,-2,3,-45
1759482204.434625,1,-4,-40
1759482204.4726248,7,-2,-36
1759482204.510625,-3,1,-39
1759482204.5496247,-6,6,-38
1759482204.5856247,1,-3,-46
1759482204.6236248,4,3,-40
1759482204.661625,6,-2,-37
1759482204.7006247,0,3,-38
1759482204.7386248,-1,-3,-41
1759482204.7746248,-1,-4,-42
1759482204.8136249,-2,3,-38
1759482204.8506248,0,0,-49
1759482204.8896248,-5,0,-37
1759482204.9256248,0,-4,-44
1759482204.9636247,1,0,-40
1759482205.0026248,-2,-3,-34
1759482205.0406249,5,-2,-33
1759482205.0786247,5,-4,-43
1759482205.1146247,4,0,-48
1759482205.1526248,1,-5,-46
1759482205.1906247,1,-3,-50
1759482205.2296247,1,-1,-45
1759482205.2656248,-2,-1,-41
1759482205.3046248,1,-9,-43
1759482205.3416247,1,0,-44
1759482205.3806248,0,2,-46
1759482205.4186249,1,3,-51
1759482205.454625,-1,-2,-39
1759482205.4936247,-6,0,-49
1759482205.5306249,-1,0,-42
1759482205.569625,-2,3,-45
1759482205.605625,0,2,-42
1759482205.6436248,3,9,-40
1759482205.6806247,0,1,-39
1759482205.7196248,4,-1,-42
1759482205.7556248,-3,-5,-35
1759482205.7936249,-1,-4,-45
1759482205.832625,-2,-2,-27
1759482205.8706248,-5,-4,-35
1759482205.908625,-2,2,-42
1759482205.9456248,-3,1,-36
1759482205.9826248,5,0,-40
1759482206.0206249,-6,1,-39
1759482206.059625,-5,4,-36
1759482206.0956247,-14,-1,-39
1759482206.1346247,-4,-4,-36
1759482206.171625,5,0,-40
1759482206.2106247,2,-1,-40
1759482206.2466247,-2,0,-50
1759482206.283625,1,3,-42
1759482206.3216248,3,0,-38
1759482206.3606248,-4,-2,-48
1759482206.3966248,2,3,-46
1759482206.434625,0,0,-39
1759482206.4716249,5,0,-45
1759482206.510625,-2,0,-40
1759482206.546625,-6,0,-35
1759482206.5836248,3,1,-35
1759482206.6216247,1,1,-44
1759482206.6606247,0,-4,-51
1759482206.6966248,2,0,-42
1759482206.7336247,-8,5,-31
1759482206.7716248,-3,-1,-30
1759482206.8106248,-7,-2,-18
1759482206.8466249,5,-9,-26
1759482206.8846247,-3,-2,-29
1759482206.9226248,-2,-2,-30
1759482206.9616249,0,1,-35
1759482206.9996247,-5,1,-40
1759482207.0356247,1,-4,-33
1759482207.0736248,-7,0,-38
1759482207.1116247,-2,-3,-45
1759482207.1496248,-2,-7,-43
1759482207.1856248,-2,-3,-43
1759482207.2236247,-3,3,-50
1759482207.2626247,-2,2,-43
1759482207.3006248,6,-3,-32
1759482207.3366249,1,-3,-37
1759482207.3736248,-3,3,-35
1759482207.411625,1,2,-40
1759482207.4506247,0,8,-52
1759482207.4866247,0,2,-49
1759482207.5246248,-5,0,-40
1759482207.5626247,-2,0,-31
1759482207.6006248,-2,6,-40
1759482207.6366248,-1,-2,-43
1759482207.6746247,-2,0,-48
1759482207.7126248,5,0,-39
1759482207.7516248,2,3,-43
1759482207.7876248,-2,0,-33
1759482207.8266249,-1,4,-49
1759482207.8636248,-5,7,-50
1759482207.9026248,-5,-3,-36
1759482207.9406247,0,0,-44
1759482207.9766247,-2,5,-41
1759482208.0156248,-5,-4,-53
1759482208.0526247,-8,4,-53
1759482208.0916247,0,0,-42
1759482208.1276248,-2,3,-50
1759482208.1656249,-8,-2,-34
1759482208.2036247,0,-1,-43
1759482208.2416248,5,0,-33
1759482208.2776248,-4,0,-37
1759482208.3156247,-13,-6,-34
1759482208.3536248,-5,-5,-45
1759482208.3916247,4,-4,-35
1759482208.4306247,0,-4,-29
1759482208.4666247,0,-1,-36
1759482208.5046248,6,6,-34
1759482208.5426247,1,0,-36
1759482208.5816247,-4,-5,-43
1759482208.6176248,0,-8,-39
1759482208.6546247,5,-3,-51
1759482208.6926248,7,-6,-52
1759482208.7316248,6,-2,-56
1759482208.7676249,2,7,-59
1759482208.8046248,1,2,-47
1759482208.842625,-6,5,-42
1759482208.8816247,-6,3,-48
1759482208.9176247,-6,5,-40
1759482208.954625,-5,4,-46
1759482208.9936247,-1,0,-44
1759482209.0316248,2,4,-56
1759482209.0676248,-6,1,-43
1759482209.105625,2,0,-40
1759482209.1426249,2,3,-44
1759482209.181625,-3,-1,-31
1759482209.217625,-1,-6,-46
1759482209.2566247,-1,0,-39
1759482209.2936249,-12,6,-47
1759482209.332625,3,1,-33
1759482209.3706248,2,5,-38
1759482209.4066248,-1,0,-36
1759482209.444625,0,3,-31
1759482209.4826248,1,-2,-39
1759482209.5216248,1,8,-36
1759482209.5576248,0,2,-36
1759482209.5946248,-2,0,-52
1759482209.6326249,-3,-9,-48
1759482209.671625,-10,-1,-46
1759482209.707625,-6,-2,-40
1759482209.7466247,-4,-5,-38
1759482209.7846248,2,-3,-40
1759482209.8226247,3,3,-34
1759482209.8586247,-1,0,-29
1759482209.8976247,-1,-1,-36
1759482209.934625,-8,-4,-35
1759482209.9736247,-7,2,-38
1759482210.0116248,0,-3,-36
1759482210.0476248,3,-7,-49
1759482210.0846248,0,-5,-52
1759482210.1236248,0,2,-49
1759482210.161625,3,-1,-39
1759482210.1976247,-6,-5,-41
1759482210.2356248,0,-5,-39
1759482210.273625,-3,-6,-29
1759482210.3126247,0,-1,-32
1759482210.3486247,0,-1,-34
1759482210.3866248,0,-4,-37
1759482210.4256248,-1,-2,-41
1759482210.4636247,-2,-3,-39
1759482210.5016248,-3,0,-35
1759482210.5376248,-3,-4,-37
1759482210.5766249,-3,7,-40
1759482210.6136248,4,5,-43
1759482210.6526248,3,2,-33
1759482210.6886249,4,4,-26
1759482210.7266247,0,0,-25
1759482210.763625,4,-2,-33
1759482210.8026247,6,-6,-41
1759482210.8386247,0,-5,-43
1759482210.8766248,0,-6,-38
1759482210.9146247,-4,-2,-44
1759482210.9536247,-2,-5,-24
1759482210.9916248,0,1,-43
1759482211.0286248,2,-2,-47
1759482211.0656247,0,-1,-42
1759482211.1046247,4,-7,-42
1759482211.1426249,1,-1,-54
1759482211.1786249,5,1,-40
1759482211.2166247,-2,6,-39
1759482211.2546248,1,4,-40
1759482211.2926247,1,3,-43
1759482211.329625,6,2,-40
1759482211.3676248,-3,3,-48
1759482211.4056249,-1,4,-26
1759482211.4436247,-2,4,-34
1759482211.4796247,-6,0,-43
1759482211.5166247,-2,3,-34
1759482211.5556247,-9,1,-40
1759482211.5936248,-8,2,-39
1759482211.6296248,0,0,-33
1759482211.6676247,0,2,-41
1759482211.7056248,0,-2,-38
1759482211.7436247,0,6,-38
1759482211.7796247,1,4,-42
1759482211.8166249,8,0,-32
1759482211.855625,0,-2,-42
1759482211.8936248,0,5,-41
1759482211.9296248,-2,1,-40
1759482211.9686248,6,-1,-46
1759482212.0056248,3,3,-34
1759482212.0446248,3,2,-34
1759482212.082625,1,2,-39
1759482212.1186247,-3,0,-37
1759482212.1576247,0,3,-47
1759482212.1956248,1,4,-29
1759482212.2336247,0,5,-41
1759482212.2696247,2,-3,-41
1759482212.3086247,2,-4,-41
1759482212.3456247,3,-3,-42
1759482212.3846247,2,-5,-52
1759482212.4226248,2,-4,-44
1759482212.4586248,-3,5,-45
1759482212.4956248,0,4,-42
1759482212.5346248,2,-4,-44
1759482212.5726247,4,-5,-37
1759482212.6086247,1,-5,-36
1759482212.6466248,7,1,-36
1759482212.6856248,-3,3,-38
1759482212.7236247,-4,-5,-33
1759482212.760625,-1,3,-30
1759482212.7976248,0,0,-34
1759482212.8366249,-6,3,-32
1759482212.8746247,0,0,-35
1759482212.9106247,-2,0,-37
1759482212.9486248,0,5,-53
1759482212.9856248,-7,6,-36
1759482213.0246248,-7,0,-45
1759482213.0606248,-4,1,-43
1759482213.0986247,1,0,-53
1759482213.1376247,0,-5,-47
1759482213.1746247,5,-2,-36
1759482213.2136247,-2,4,-43
1759482213.2496247,-5,0,-46
1759482213.2876248,-5,-3,-48
1759482213.3246248,-4,-1,-41
1759482213.3636248,0,0,-25
1759482213.3996248,-8,-3,-28
1759482213.4376247,1,3,-29
1759482213.4756248,5,2,-32
1759482213.5146248,0,2,-29
1759482213.5506248,2,-2,-40
1759482213.5886247,-1,1,-34
1759482213.6266248,7,4,-49
1759482213.6656249,0,1,-56
1759482213.7036247,-1,2,-43
1759482213.7396247,1,-3,-54
1759482213.776625,-4,-6,-36
1759482213.8156247,2,-1,-47
1759482213.8536248,-5,-1,-41
1759482213.8896248,0,-1,-37
1759482213.9276247,-3,-1,-40
1759482213.9656248,-9,2,-30
1759482214.003625,3,2,-37
1759482214.0396247,2,-1,-39
1759482214.0856247,0,3,-46
1759482214.1236248,1,4,-43
1759482214.1596248,0,1,-31
1759482214.1976247,-4,6,-38
1759482214.2356248,-1,0,-43
1759482214.273625,0,-3,-35
1759482214.309625,7,-5,-35
1759482214.3476248,7,-3,-30
1759482214.3866248,3,2,-44
1759482214.4246247,-1,-1,-41
1759482214.4606247,11,-1,-35
1759482214.4986248,5,0,-48
1759482214.536625,0,8,-54
1759482214.5756247,4,1,-39
1759482214.6136248,1,-2,-27
1759482214.6496248,0,0,-37
1759482214.6866248,-14,1,-37
1759482214.7256248,-6,-1,-36
1759482214.7626247,-1,0,-38
1759482214.7996247,-5,7,-39
1759482214.8386247,0,5,-36
1759482214.875625,2,-3,-35
1759482214.9146247,2,1,-34
1759482214.9506247,-2,-1,-36
1759482214.9896247,0,3,-36
1759482215.026625,-3,4,-45
1759482215.0656247,-9,2,-41
1759482215.1016247,-7,0,-35
1759482215.1406248,-13,-1,-43
1759482215.1776247,-2,0,-41
1759482215.2156248,-2,0,-41
1759482215.2546248,-4,0,-30
1759482215.2906249,-1,-4,-29
1759482215.3286247,0,-2,-40
1759482215.3676248,1,1,-49
1759482215.4056249,1,7,-40
1759482215.4416249,-3,5,-41
1759482215.4786248,-1,2,-48
1759482215.5176249,3,3,-30
1759482215.5556247,0,1,-30
1759482215.5916247,-2,-4,-43
1759482215.6296248,0,-2,-38
1759482215.6686249,-6,3,-39
1759482215.7066247,-4,0,-44
1759482215.7446249,-4,-4,-41
1759482215.7806249,0,0,-49
1759482215.8186247,1,2,-46
1759482215.8566248,0,-2,-44
1759482215.8946247,-5,4,-48
1759482215.9306247,-1,6,-41
1759482215.9686248,-5,-1,-36
1759482216.0066247,0,-2,-32
1759482216.0446248,-2,0,-48
1759482216.0806248,-1,-7,-41
1759482216.1186247,-4,-1,-43
1759482216.1566248,2,1,-42
1759482216.1956248,1,2,-42
1759482216.2316248,-2,6,-48
1759482216.2706249,1,3,-47
1759482216.3086247,0,0,-33
1759482216.3466249,1,2,-40
1759482216.3846247,4,6,-32
1759482216.4206247,0,4,-38
1759482216.4586248,2,3,-42
1759482216.4966247,-4,8,-41
1759482216.5326247,-2,7,-32
1759482216.569625,2,11,-33
1759482216.6086247,4,6,-37
1759482216.6466248,6,-2,-42
1759482216.6826248,4,-8,-33
1759482216.7216249,-4,-5,-41
1759482216.7586248,-2,-1,-46
1759482216.796625,-3,3,-45
1759482216.8356247,1,-6,-41
1759482216.8716247,0,3,-40
1759482216.9096248,-3,-1,-36
1759482216.9466248,-2,8,-33
1759482216.9856248,-3,2,-41
1759482217.0216248,-2,-1,-41
1759482217.059625,2,1,-37
1759482217.0976248,-5,2,-32
1759482217.1366248,-6,0,-46
1759482217.1726248,-1,0,-46
1759482217.2116249,-3,1,-44
1759482217.2486248,2,0,-38
1759482217.2876248,-8,11,-38
1759482217.3256247,1,1,-36
1759482217.3616247,-1,0,-26
1759482217.3996248,5,5,-48
1759482217.4376247,6,3,-49
1759482217.4756248,-1,7,-29
1759482217.5116248,-7,0,-33
1759482217.5486248,-2,-3,-37
1759482217.5876248,1,-5,-37
1759482217.625625,3,0,-24
1759482217.661625,5,1,-37
1759482217.6996248,1,0,-45
1759482217.737625,0,-3,-40
1759482217.7756248,0,0,-46
1759482217.8116248,0,0,-45
1759482217.8496249,-1,0,-45
1759482217.8876247,-5,1,-39
1759482217.9256248,3,1,-34
1759482217.9616249,5,3,-38
1759482217.9996247,9,0,-25
1759482218.0376248,9,0,-39
1759482218.0756247,5,-1,-42
1759482218.1116247,-10,-2,-43
1759482218.1496248,0,-3,-38
1759482218.1876247,1,-3,-45
1759482218.2266247,3,0,-40
1759482218.2626247,0,-3,-45
1759482218.3006248,0,-5,-38
1759482218.3376248,0,0,-48
1759482218.3766248,-7,6,-44
1759482218.4126248,3,4,-44
1759482218.4496248,-4,0,-41
1759482218.487625,2,1,-33
1759482218.526625,-2,2,-33
1759482218.5626247,-5,0,-41
1759482218.5996249,4,0,-35
1759482218.6376247,4,-5,-39
1759482218.6766248,4,-2,-53
1759482218.7126248,-2,3,-44
1759482218.7496247,0,-4,-50
1759482218.7876248,3,-2,-43
1759482218.8266249,4,-3,-32
1759482218.862625,5,-7,-46
1759482218.9006248,-3,-3,-39
1759482218.9386249,0,-2,-43
1759482218.977625,5,1,-43
1759482219.013625,1,7,-43
1759482219.0516248,-2,0,-44
1759482219.0886247,0,0,-31
1759482219.1276248,-1,-8,-45
1759482219.1636248,2,-5,-44
1759482219.2026248,0,-2,-41
1759482219.240625,6,0,-46
1759482219.2786248,3,1,-38
1759482219.3166249,6,-5,-44
1759482219.352625,4,0,-40
1759482219.3906248,1,-2,-46
1759482219.4286249,-1,3,-40
1759482219.4666247,-2,-4,-47
1759482219.5026248,-3,-2,-39
1759482219.5416248,-1,-1,-48
1759482219.5786247,2,2,-25
1759482219.6176248,5,6,-30
1759482219.6536248,3,7,-40
1759482219.6926248,7,7,-33
1759482219.7296247,6,3,-33
1759482219.7686248,7,0,-45
1759482219.806625,-2,-1,-43
1759482219.842625,0,3,-45
1759482219.8806248,1,0,-47
1759482219.9186249,0,-8,-41
1759482219.954625,1,-3,-39
1759482219.9926248,0,0,-26
1759482220.0316248,0,-2,-33
1759482220.0686247,-6,0,-34
1759482220.1076248,1,-3,-30
1759482220.1436248,0,-1,-26
1759482220.181625,1,1,-23
1759482220.2186248,2,-5,-36
1759482220.2576249,2,-1,-52
1759482220.2936249,2,5,-45
1759482220.3316247,-4,0,-34
1759482220.3696249,3,-1,-41
1759482220.4076247,-1,0,-31
1759482220.4436247,-4,-2,-31
1759482220.4816248,-2,0,-32
1759482220.5206249,-2,-1,-40
1759482220.5586247,-5,-5,-42
1759482220.5946248,-9,-2,-37
1759482220.6326249,-7,-1,-34
1759482220.671625,-5,-1,-38
1759482220.7096248,0,-1,-35
1759482220.7476249,-5,1,-31
1759482220.783625,-1,0,-37
1759482220.8206248,0,0,-40
1759482220.8596249,2,-6,-46
1759482220.8976247,7,-2,-31
1759482220.9336247,5,-5,-28
1759482220.9716249,4,3,-42
1759482221.0096247,-6,5,-39
1759482221.0476248,-3,7,-37
1759482221.0836248,3,0,-40
1759482221.1216247,6,2,-40
1759482221.1596248,-4,-3,-37
1759482221.1976247,-4,0,-40
1759482221.2336247,-1,0,-29
1759482221.2716248,-3,-1,-39
1759482221.309625,0,1,-47
1759482221.3476248,9,4,-44
1759482221.3836248,3,0,-47
1759482221.421625,0,-2,-43
1759482221.4596248,3,-3,-42
1759482221.4986248,-3,-2,-37
1759482221.5346248,-6,-4,-43
1759482221.5726247,0,0,-47
1759482221.6106248,3,-1,-37
1759482221.6496248,0,0,-42
1759482221.6856248,0,-1,-30
1759482221.7246249,4,-4,-34
1759482221.7616248,6,1,-35
1759482221.8006248,4,0,-42
1759482221.8386247,1,3,-35
1759482221.8746247,-7,1,-25
1759482221.911625,-10,0,-33
1759482221.9506247,-5,-3,-27
1759482221.9886248,-1,2,-30
1759482222.0246248,4,-1,-32
1759482222.0616248,2,-4,-47
1759482222.1006248,1,-1,-47
1759482222.138625,7,1,-42
1759482222.1746247,5,0,-37
1759482222.2126248,3,-6,-39
1759482222.250625,10,-5,-49
1759482222.2886248,2,-4,-37
1759482222.3246248,4,-7,-46
1759482222.3616247,-7,-6,-40
1759482222.4006248,-5,-5,-41
1759482222.4386249,-1,-3,-35
1759482222.4746249,-4,0,-48
1759482222.5126247,3,-3,-48
1759482222.5506248,3,0,-42
1759482222.5886247,0,-4,-46
1759482222.6246247,-4,-7,-30
1759482222.6626248,2,0,-40
1759482222.7006247,0,4,-42
1759482222.7396247,3,-5,-34
1759482222.7756248,2,0,-60
1759482222.8126247,0,-1,-45
1759482222.8506248,0,1,-38
1759482222.8896248,-7,3,-42
1759482222.9256248,-1,0,-38
1759482222.964625,2,5,-37
1759482223.0016248,0,0,-41
1759482223.0406249,4,0,-48
1759482223.0786247,4,-1,-40
1759482223.1146247,7,-7,-46
1759482223.1536248,-1,3,-38
1759482223.1906247,-6,0,-34
1759482223.2296247,-4,-7,-45
1759482223.2656248,-4,-14,-43
1759482223.3046248,-12,-12,-37
1759482223.3416247,-8,-5,-42
1759482223.3806248,-6,2,-45
1759482223.4166248,-1,-6,-44
1759482223.454625,3,5,-45
1759482223.4926248,0,0,-37
1759482223.5306249,-6,5,-35
1759482223.569625,0,8,-49
1759482223.605625,3,6,-41
1759482223.6426249,0,1,-41
1759482223.6806247,-8,-3,-39
1759482223.7196248,0,1,-34
1759482223.7556248,-2,-3,-39
1759482223.7936249,-2,-10,-36
1759482223.832625,5,-2,-36
1759482223.8706248,0,0,-41
1759482223.9066248,-7,-1,-45
1759482223.9456248,0,-2,-43
1759482223.9826248,-2,0,-41
1759482224.0206249,-9,-3,-44
1759482224.059625,-3,0,-40
1759482224.1046247,0,-4,-46
1759482224.1426249,-1,-2,-39
1759482224.1806247,-2,0,-33
1759482224.2166247,0,-4,-36
1759482224.2556248,-1,-1,-35
1759482224.2936249,-7,-1,-32
1759482224.3316247,-3,-8,-38
1759482224.3696249,-4,-8,-36
1759482224.4056249,2,-3,-40
1759482224.444625,3,-5,-47
1759482224.4816248,-1,-2,-40
1759482224.5206249,-3,-7,-41
1759482224.556625,-3,-7,-47
1759482224.5946248,-6,0,-47
1759482224.6326249,-1,0,-50
1759482224.671625,7,0,-43
1759482224.7096248,0,4,-42
1759482224.7456248,-2,-2,-36
1759482224.7846248,-1,4,-35
1759482224.8226247,-2,6,-36
1759482224.8606248,4,2,-33
1759482224.8966248,7,7,-31
1759482224.9336247,0,2,-39
1759482224.9726248,3,0,-43
1759482225.010625,-9,0,-37
1759482225.046625,-7,8,-40
1759482225.0836248,0,6,-38
1759482225.1226249,-1,7,-35
1759482225.1606247,0,0,-43
1759482225.1966248,6,-7,-53
1759482225.2356248,-2,-3,-42
1759482225.2726247,-8,-6,-40
1759482225.3116248,-6,-4,-33
1759482225.3476248,-1,-4,-42
1759482225.3866248,-5,-3,-42
1759482225.4236248,0,-3,-42
1759482225.4626248,-4,0,-39
1759482225.500625,-4,0,-32
1759482225.5376248,0,1,-27
1759482225.5756247,0,-2,-27
1759482225.612625,3,1,-29
1759482225.651625,-4,-3,-40
1759482225.6876247,-4,-4,-41
1759482225.7266247,2,0,-42
1759482225.763625,2,-12,-38
1759482225.8026247,0,-4,-30
1759482225.8406248,-3,-4,-41
1759482225.8766248,1,-1,-32
1759482225.9146247,-2,3,-31
1759482225.9536247,-1,-3,-31
1759482225.9916248,0,-11,-40
1759482226.0276248,-4,-8,-41
1759482226.0666249,-7,-7,-42
1759482226.1046247,-2,-6,-40
1759482226.1426249,-5,-5,-42
1759482226.1806247,0,4,-39
1759482226.217625,0,-2,-50
1759482226.2546248,4,-1,-42
1759482226.2926247,0,-4,-42
1759482226.3316247,-4,-2,-45
1759482226.3676248,-2,1,-48
1759482226.4056249,-3,-4,-39
1759482226.4426248,0,-7,-28
1759482226.4816248,-6,-3,-30
1759482226.5176249,-4,-4,-31
1759482226.5556247,-4,0,-36
1759482226.5936248,-3,1,-36
1759482226.6326249,2,-5,-35
1759482226.6706247,2,-5,-31
1759482226.7066247,0,-2,-31
1759482226.7446249,5,6,-35
1759482226.783625,7,1,-39
1759482226.8216248,0,-3,-30
1759482226.8576248,-9,4,-35
1759482226.8946247,4,0,-44
1759482226.9336247,0,0,-39
1759482226.9716249,0,0,-39
1759482227.0076249,-4,4,-46
1759482227.0446248,0,-1,-42
1759482227.0836248,6,-9,-38
1759482227.1216247,0,0,-35
1759482227.1576247,0,0,-44
1759482227.194625,2,-1,-48
1759482227.2336247,4,-3,-45
1759482227.2716248,-3,1,-40
1759482227.3076248,-5,0,-27
1759482227.3456247,-1,-3,-28
1759482227.3836248,0,1,-37
1759482227.4226248,0,1,-46
1759482227.4586248,-4,0,-46
1759482227.4966247,4,1,-40
1759482227.5356247,-2,-3,-36
1759482227.5726247,4,0,-40
1759482227.6116247,2,-3,-41
1759482227.648625,-1,1,-28
1759482227.6866248,-7,-5,-32
1759482227.7236247,0,-2,-39
1759482227.7626247,0,0,-35
1759482227.7996247,2,-2,-38
1759482227.8376248,0,-1,-47
1759482227.8746247,4,-6,-53
1759482227.9136248,0,-9,-43
1759482227.9516249,0,-9,-47
1759482227.987625,-1,-5,-38
1759482228.0256248,-6,-3,-38
1759482228.0646248,-3,1,-38
1759482228.102625,-1,1,-42
1759482228.138625,-6,-1,-33
1759482228.1766248,0,0,-40
1759482228.2156248,2,-3,-44
1759482228.253625,-2,0,-43
1759482228.2916248,-3,-1,-43
1759482228.3276248,0,-4,-48
1759482228.3646247,0,-3,-49
1759482228.4036248,-7,-5,-36
1759482228.4416249,-10,0,-35
1759482228.477625,-6,-3,-46
1759482228.5156248,-5,-5,-45
1759482228.5546248,1,-1,-46
1759482228.592625,0,-5,-48
1759482228.628625,10,1,-47
1759482228.6666248,5,4,-51
1759482228.704625,-3,2,-43
1759482228.7426248,0,-4,-31
1759482228.7786248,1,-1,-39
1759482228.8166249,3,4,-34
1759482228.8536248,3,4,-35
1759482228.8926249,6,3,-30
1759482228.9286249,-1,3,-34
1759482228.9656248,4,-2,-42
1759482229.003625,-1,-3,-31
1759482229.0426247,5,-4,-29
1759482229.0786247,0,-4,-41
1759482229.115625,0,5,-30
1759482229.1536248,3,-1,-46
1759482229.1926248,-2,3,-36
1759482229.2286248,0,0,-50
1759482229.2656248,2,4,-39
1759482229.3036249,-2,-3,-39
1759482229.342625,-9,6,-37
1759482229.378625,-3,3,-35
1759482229.4166248,-1,0,-41
1759482229.4556248,4,-1,-41
1759482229.4936247,9,-7,-42
1759482229.5296247,6,-2,-36
1759482229.5666249,6,-4,-41
1759482229.605625,-2,5,-40
1759482229.6436248,-5,4,-31
1759482229.6796248,-2,2,-40
1759482229.7186248,-7,-2,-42
1759482229.7566247,0,-1,-42
1759482229.7946248,3,0,-31
1759482229.832625,1,2,-24
1759482229.8686247,-2,-5,-35
1759482229.9066248,0,4,-35
1759482229.944625,3,0,-28
1759482229.9836247,4,0,-39
1759482230.0196247,1,2,-44
1759482230.056625,0,1,-40
1759482230.0956247,-8,6,-33
1759482230.1336248,-4,-1,-35
1759482230.1696248,-5,0,-18
1759482230.2066247,-8,-3,-21
1759482230.2456248,-2,6,-29
1759482230.283625,-1,4,-38
1759482230.319625,-4,-1,-39
1759482230.3576248,-4,-2,-36
1759482230.3966248,-5,2,-47
1759482230.434625,1,5,-39
1759482230.4706247,4,1,-42
1759482230.5096247,0,1,-49
1759482230.5476248,-2,1,-48
1759482230.5846248,1,1,-39
1759482230.6236248,-5,3,-46
1759482230.6596248,-7,6,-50
1759482230.6976247,3,7,-36
1759482230.7346249,1,3,-47
1759482230.773625,8,0,-31
1759482230.809625,2,-7,-38
1759482230.8466249,0,0,-40
1759482230.8846247,2,-1,-37
1759482230.9236248,-6,1,-37
1759482230.9596248,-3,2,-38
1759482230.9976249,0,2,-40
1759482231.0346248,5,0,-34
1759482231.0736248,-2,5,-32
1759482231.1096249,-2,1,-40
1759482231.1466248,-9,7,-35
1759482231.1856248,-6,1,-47
1759482231.2236247,0,-3,-46
1759482231.2596247,-6,0,-31
1759482231.2976248,-5,-1,-36
1759482231.3356247,1,-2,-35
1759482231.3736248,0,-3,-32
1759482231.4096248,3,1,-39
1759482231.4466248,0,-2,-47
1759482231.4856248,3,-3,-52
1759482231.523625,7,1,-46
1759482231.559625,0,6,-39
1759482231.5966249,-2,2,-45
1759482231.635625,-1,-7,-45
1759482231.6736248,-4,-2,-39
1759482231.7096248,1,-2,-39
1759482231.7466247,9,-3,-42
1759482231.7856247,1,-2,-40
1759482231.8236248,8,0,-38
1759482231.8596249,4,0,-42
1759482231.8966248,0,7,-32
1759482231.9356248,7,3,-35
1759482231.9736247,2,3,-36
1759482232.0096247,5,4,-44
1759482232.046625,2,6,-47
1759482232.0856247,-4,1,-47
1759482232.1216247,0,8,-43
1759482232.158625,3,5,-37
1759482232.1976247,7,0,-36
1759482232.2356248,4,3,-35
1759482232.2716248,0,3,-33
1759482232.3086247,1,-2,-35
1759482232.3476248,0,-3,-43
1759482232.385625,3,-1,-33
1759482232.421625,-4,0,-38
1759482232.4586248,-10,0,-43
1759482232.4976249,-3,5,-37
1759482232.5356247,-1,3,-35
1759482232.5716248,4,3,-40
1759482232.6086247,0,2,-33
1759482232.6466248,0,1,-30
1759482232.6856248,3,6,-43
1759482232.7216249,-6,0,-45
1759482232.7596247,-3,5,-37
1759482232.796625,-1,10,-32
1759482232.8356247,2,7,-24
1759482232.8716247,0,0,-22
1759482232.908625,0,-6,-30
1759482232.9466248,0,-5,-31
1759482232.9856248,8,-2,-36
1759482233.0216248,5,-6,-45
1759482233.0606248,4,-5,-42
1759482233.0986247,-1,2,-33
1759482233.1366248,4,-6,-33
1759482233.1746247,-7,0,-34
1759482233.2106247,0,-2,-45
1759482233.2486248,2,-1,-26
1759482233.2876248,-4,1,-23
1759482233.3256247,5,6,-33
1759482233.3616247,-5,8,-39
1759482233.398625,0,9,-45
1759482233.4366248,3,7,-35
1759482233.4756248,-7,2,-33
1759482233.5116248,0,2,-36
1759482233.5486248,1,-2,-28
1759482233.5866249,2,-3,-45
1759482233.625625,-1,-3,-44
1759482233.661625,1,0,-38
1759482233.6996248,0,0,-37
1759482233.7366247,0,-2,-39
1759482233.7756248,-8,-4,-43
1759482233.8116248,-2,-2,-34
1759482233.8496249,2,1,-42
1759482233.888625,-1,-4,-45
1759482233.9266248,-3,-3,-36
1759482233.9626248,-9,-2,-41
1759482234.000625,-7,0,-31
1759482234.0386248,-2,5,-34
1759482234.0776248,-1,2,-39
1759482234.1216247,4,4,-37
1759482234.1596248,0,-2,-35
1759482234.1976247,1,-1,-43
1759482234.2356248,-3,1,-51
1759482234.2726247,4,2,-55
1759482234.3106248,1,0,-40
1759482234.3476248,3,0,-37
1759482234.3866248,3,2,-39
1759482234.4226248,3,4,-39
1759482234.4606247,4,2,-44
1759482234.4986248,1,4,-39
1759482234.536625,3,2,-34
1759482234.5726247,3,2,-37
1759482234.6106248,8,0,-46
1759482234.6476247,4,-3,-38
1759482234.6866248,0,-5,-37
1759482234.7226248,0,-4,-37
1759482234.760625,-4,-5,-42
1759482234.7976248,-7,-3,-41
1759482234.8366249,1,-8,-45
1759482234.8726249,-3,-7,-39
1759482234.9106247,-6,-1,-41
1759482234.9486248,6,-3,-42
1759482234.987625,0,-2,-40
1759482235.0256248,-1,-2,-35
1759482235.0616248,-2,4,-31
1759482235.0996249,-4,0,-35
1759482235.1376247,-1,-3,-43
1759482235.1766248,3,-4,-42
1759482235.2126248,-1,-5,-36
1759482235.250625,3,0,-39
1759482235.2896247,3,-1,-42
1759482235.3276248,5,-4,-36
1759482235.365625,-4,-2,-47
1759482235.401625,-7,-6,-45
1759482235.4396248,-3,-5,-35
1759482235.477625,0,4,-31
1759482235.5166247,-2,-1,-35
1759482235.5526247,-2,-6,-46
1759482235.5916247,0,-4,-39
1759482235.6296248,4,2,-41
1759482235.6676247,4,3,-36
1759482235.7036247,2,0,-31
1759482235.7416248,-4,1,-36
1759482235.7806249,-6,4,-38
1759482235.8186247,-2,0,-35
1759482235.8566248,-4,-2,-51
1759482235.8926249,-2,-6,-50
1759482235.9306247,-3,-1,-51
1759482235.9686248,1,-6,-45
1759482236.0076249,0,-8,-38
1759482236.0436249,1,-3,-43
1759482236.0806248,-2,3,-42
1759482236.1196249,3,6,-35
1759482236.1576247,-1,0,-43
1759482236.1936247,-1,2,-41
1759482236.2316248,-6,-4,-43
1759482236.2686248,1,0,-40
1759482236.3076248,3,-1,-38
1759482236.3436248,2,3,-34
1759482236.3806248,3,-3,-30
1759482236.4186249,-8,-4,-38
1759482236.457625,-1,-2,-43
1759482236.4936247,0,0,-38
1759482236.5306249,4,4,-40
1759482236.5686247,10,0,-44
1759482236.6076248,5,-3,-38
1759482236.6436248,1,-4,-40
1759482236.681625,-6,1,-37
1759482236.7196248,-3,-5,-40
1759482236.7586248,-1,0,-42
1759482236.796625,2,4,-41
1759482236.832625,-1,0,-43
1759482236.8696249,-9,-5,-34
1759482236.908625,-2,-3,-34
1759482236.9466248,3,-4,-43
1759482236.9826248,2,0,-41
1759482237.0206249,8,2,-46
1759482237.0586247,4,2,-49
1759482237.0966249,-3,2,-43
1759482237.1326249,0,-1,-33
1759482237.1696248,-1,-2,-41
1759482237.2086248,2,5,-37
1759482237.2466247,7,-3,-40
1759482237.2826247,3,-2,-38
1759482237.319625,1,-2,-38
1759482237.3586247,1,0,-43
1759482237.3946247,0,-4,-42
1759482237.4326248,2,-1,-38
1759482237.4706247,4,0,-48
1759482237.5086248,1,5,-34
1759482237.5446248,0,2,-33
1759482237.582625,0,2,-37
1759482237.6196249,-5,-1,-44
1759482237.658625,-4,8,-46
1759482237.694625,1,1,-37
1759482237.7326248,-4,-1,-42
1759482237.7706249,-3,3,-30
1759482237.8086247,2,4,-20
1759482237.8446248,0,-2,-33
1759482237.8836248,-1,-3,-59
1759482237.9206247,-5,1,-41
1759482237.9586248,1,-2,-27
1759482237.9976249,0,-3,-35
1759482238.033625,-2,2,-31
1759482238.0706248,-2,2,-26
1759482238.1096249,0,-2,-36
1759482238.1476247,5,-1,-30
1759482238.1836247,-1,0,-27
1759482238.2216249,7,-1,-37
1759482238.2596247,0,1,-35
1759482238.2986248,-1,0,-42
1759482238.3346248,-4,7,-45
1759482238.3716247,8,3,-41
1759482238.4096248,3,3,-32
1759482238.4486248,5,4,-33
1759482238.4846249,0,-1,-42
1759482238.5216248,4,0,-41
1759482238.559625,2,0,-46
1759482238.5986247,2,0,-39
1759482238.6346247,5,-2,-42
1759482238.6726248,1,1,-43
1759482238.7106247,-1,-4,-33
1759482238.7496247,3,4,-39
1759482238.7876248,0,16,-35
1759482238.8236248,-1,3,-35
1759482238.8616247,-2,6,-39
1759482238.9006248,0,0,-39
1759482238.9386249,-7,-3,-42
1759482238.9746249,-1,1,-39
1759482239.0126247,-1,0,-31
1759482239.0506248,-5,3,-43
1759482239.089625,4,-1,-40
1759482239.125625,6,-4,-34
1759482239.1636248,1,1,-31
1759482239.2016249,1,0,-43
1759482239.240625,0,0,-34
1759482239.2786248,2,-2,-34
1759482239.3146248,5,-7,-31
1759482239.3536248,4,0,-37
1759482239.3906248,4,3,-38
1759482239.4296248,0,7,-30
1759482239.4656248,4,2,-34
1759482239.503625,1,-2,-37
1759482239.5406249,6,-2,-35
1759482239.579625,0,-2,-41
1759482239.615625,7,8,-40
1759482239.6536248,11,8,-38
1759482239.6916249,1,5,-51
1759482239.7296247,1,0,-52
1759482239.7686248,6,2,-34
1759482239.8046248,5,-5,-29
1759482239.8436248,5,1,-30
1759482239.8806248,3,-8,-37
1759482239.9196248,0,-3,-36
1759482239.9556248,-7,0,-34
1759482239.9936247,-4,6,-37
1759482240.0316248,-3,3,-45
1759482240.069625,0,-2,-32
1759482240.105625,-8,-1,-39
1759482240.1436248,-2,0,-43
1759482240.1826248,-2,2,-41
1759482240.2206247,-7,0,-37
1759482240.2586248,0,6,-43
1759482240.2946248,0,6,-36
1759482240.332625,-4,5,-44
1759482240.3706248,-2,5,-40
1759482240.408625,0,0,-35
1759482240.444625,0,4,-41
1759482240.4826248,3,2,-37
1759482240.5206249,-3,0,-49
1759482240.5586247,1,0,-36
1759482240.5946248,1,-1,-35
1759482240.6326249,10,0,-31
1759482240.6706247,0,1,-39
1759482240.7086248,-1,-5,-43
1759482240.7446249,1,-2,-42
1759482240.7826247,-3,-3,-32
1759482240.8216248,-1,-4,-41
1759482240.8596249,-4,-1,-41
1759482240.8956249,-6,-1,-39
1759482240.9336247,-5,-1,-31
1759482240.9716249,-4,-5,-29
1759482241.010625,0,0,-53
1759482241.0476248,2,-5,-54
1759482241.0856247,1,-2,-39
1759482241.1226249,0,-5,-43
1759482241.1606247,0,-2,-45
1759482241.1996248,0,1,-41
1759482241.2356248,3,3,-38
1759482241.2726247,0,0,-39
1759482241.3106248,-5,7,-44
1759482241.3496249,-6,0,-28
1759482241.385625,0,1,-35
1759482241.4226248,-6,-2,-36
1759482241.4606247,-2,0,-43
1759482241.4996247,0,8,-39
1759482241.5356247,0,1,-44
1759482241.5726247,2,-5,-33
1759482241.6116247,-4,-5,-40
1759482241.6496248,0,2,-35
1759482241.6856248,5,0,-45
1759482241.7236247,2,-4,-44
1759482241.7616248,0,2,-49
1759482241.7996247,3,-2,-37
1759482241.8356247,-1,-10,-43
1759482241.8736248,0,2,-47
1759482241.911625,2,7,-43
1759482241.9506247,3,3,-40
1759482241.9866247,9,-4,-38
1759482242.0256248,5,-2,-37
1759482242.0636249,0,-3,-26
1759482242.1016247,1,-3,-28
1759482242.1396248,5,4,-40
1759482242.1756248,-2,-4,-38
1759482242.214625,-3,-5,-47
1759482242.2516248,-8,6,-34
1759482242.2906249,-5,2,-37
1759482242.3266249,0,-2,-42
1759482242.3646247,6,-4,-46
1759482242.401625,4,2,-42
1759482242.4406247,0,3,-51
1759482242.4766247,-1,3,-48
1759482242.5146248,5,0,-39
1759482242.5516248,8,-2,-23
1759482242.5906248,3,1,-32
1759482242.6266248,8,2,-25
1759482242.6646247,2,-4,-26
1759482242.7016249,-4,-3,-34
1759482242.740625,-2,-12,-45
1759482242.776625,-2,-6,-45
1759482242.8146248,0,0,-50
1759482242.852625,0,1,-41
1759482242.8916247,4,2,-41
1759482242.9276247,-2,4,-47
1759482242.964625,0,2,-40
1759482243.003625,-2,0,-49
1759482243.0416248,2,2,-34
1759482243.0776248,1,-2,-45
1759482243.115625,-2,3,-38
1759482243.1536248,-2,4,-39
1759482243.1926248,-8,1,-49
1759482243.230625,0,0,-47
1759482243.2666247,7,-1,-25
1759482243.3046248,7,1,-40
1759482243.342625,1,0,-38
1759482243.3806248,4,2,-46
1759482243.4166248,6,-3,-35
1759482243.454625,7,0,-46
1759482243.4926248,4,0,-51
1759482243.5316248,-4,3,-39
1759482243.5676248,0,5,-49
1759482243.6046247,1,2,-48
1759482243.6426249,3,-1,-41
1759482243.6806247,2,4,-41
1759482243.7166247,6,5,-33
1759482243.7546248,1,-1,-47
1759482243.7926247,-1,-10,-42
1759482243.8306248,0,-7,-45
1759482243.8666248,-4,-3,-31
1759482243.9056249,-1,-1,-33
1759482243.9426248,3,-4,-34
1759482243.9816248,-1,0,-35
1759482244.0176249,2,0,-42
1759482244.0546248,5,0,-47
1759482244.092625,1,-7,-49
1759482244.1376247,-3,-2,-40
1759482244.1746247,-2,4,-25
1759482244.2136247,3,-2,-47
1759482244.2516248,-1,6,-28
1759482244.2876248,-6,5,-31
1759482244.3246248,0,-4,-32
1759482244.3636248,-2,2,-40
1759482244.401625,-3,1,-43
1759482244.4376247,-5,1,-37
1759482244.4746249,0,5,-35
1759482244.513625,-4,-1,-47
1759482244.5516248,-7,4,-44
1759482244.5876248,-2,3,-41
1759482244.6246247,4,3,-48
1759482244.6636248,3,2,-44
1759482244.7016249,2,0,-36
1759482244.737625,-2,2,-41
1759482244.7756248,-3,5,-47
1759482244.8136249,-1,-9,-46
1759482244.852625,-10,0,-50
1759482244.888625,0,-1,-59
1759482244.9266248,3,0,-46
1759482244.9656248,2,0,-32
1759482245.003625,8,-1,-28
1759482245.0416248,-7,3,-45
1759482245.0776248,2,-5,-41
1759482245.1166248,0,-2,-50
1759482245.1536248,1,-3,-46
1759482245.1926248,6,2,-46
1759482245.2296247,2,1,-43
1759482245.2666247,0,0,-36
1759482245.3056247,-2,-2,-31
1759482245.3436248,1,-4,-43
1759482245.3816247,4,-5,-37
1759482245.4176247,7,-8,-29
1759482245.4556248,1,4,-36
1759482245.4946249,0,3,-40
1759482245.5326247,0,1,-37
1759482245.5686247,0,0,-35
1759482245.605625,-9,-2,-44
1759482245.6446247,-4,0,-51
1759482245.6826248,0,4,-45
1759482245.7186248,3,-1,-44
1759482245.7576249,8,-4,-32
1759482245.7956247,2,-3,-37
1759482245.8336248,1,-5,-39
1759482245.8716247,-4,-6,-34
1759482245.9076247,-1,-1,-30
1759482245.9456248,-1,-4,-25
1759482245.9836247,0,-1,-37
1759482246.0226247,1,0,-34
1759482246.0586247,5,0,-34
1759482246.0956247,-5,-1,-40
1759482246.1336248,1,-2,-35
1759482246.1726248,-4,4,-34
1759482246.2086248,-1,5,-37
1759482246.2456248,6,3,-41
1759482246.283625,2,1,-37
1759482246.3226247,4,2,-43
1759482246.3586247,3,3,-32
1759482246.3966248,4,-1,-49
1759482246.4336247,1,9,-45
1759482246.4726248,-3,0,-46
1759482246.5086248,-6,-2,-47
1759482246.546625,-6,-2,-45
1759482246.5846248,-3,7,-33
1759482246.6236248,-4,4,-55
1759482246.6596248,0,6,-46
1759482246.6986248,0,0,-39
1759482246.7366247,-1,3,-44
1759482246.7746248,-1,4,-37
1759482246.8126247,7,0,-42
1759482246.8486247,3,0,-40
1759482246.8866248,5,2,-43
1759482246.9246247,9,1,-43
1759482246.9626248,0,-2,-45
1759482246.9986248,3,-3,-48
1759482247.036625,2,0,-40
1759482247.0746248,1,0,-39
1759482247.112625,-3,6,-41
1759482247.148625,0,5,-39
1759482247.1866248,-2,3,-35
1759482247.2246249,-2,-1,-44
1759482247.2626247,-1,2,-39
1759482247.2986248,0,-1,-35
1759482247.3366249,-3,-6,-36
1759482247.3746247,2,3,-43
1759482247.4136248,7,0,-45
1759482247.4496248,4,3,-41
1759482247.4866247,4,0,-47
1759482247.5246248,3,-7,-43
1759482247.5636249,0,3,-30
1759482247.5996249,-1,0,-31
1759482247.6376247,5,0,-33
1759482247.6766248,1,1,-31
1759482247.714625,-3,-6,-38
1759482247.750625,1,-6,-49
1759482247.7876248,2,0,-42
1759482247.8266249,0,0,-33
1759482247.8646247,0,3,-33
1759482247.9006248,3,2,-32
1759482247.9376247,0,1,-33
1759482247.9766247,0,2,-42
1759482248.0146248,-3,5,-42
1759482248.0506248,1,5,-39
1759482248.0876248,0,3,-28
1759482248.1266248,8,2,-39
1759482248.1646247,2,-4,-37
1759482248.2006247,-5,-1,-41
1759482248.2396247,-2,0,-45
1759482248.2776248,5,1,-49
1759482248.3146248,0,4,-49
1759482248.3536248,0,3,-37
1759482248.3896248,0,4,-38
1759482248.4286249,1,-4,-33
1759482248.4656248,0,-2,-40
1759482248.5046248,2,-4,-42
1759482248.5406249,-3,-4,-42
1759482248.5786247,3,-3,-34
1759482248.6166248,6,-5,-39
1759482248.6556249,2,2,-58
1759482248.6936247,-1,-2,-43
1759482248.7296247,0,-6,-45
1759482248.7686248,-3,0,-35
1759482248.8056247,-1,1,-39
1759482248.8446248,2,-5,-43
1759482248.8806248,1,-5,-36
1759482248.9186249,1,-11,-37
1759482248.9556248,5,-5,-36
1759482248.9946249,3,5,-51
1759482249.0306249,4,1,-51
1759482249.0676248,1,-2,-45
1759482249.105625,-2,-1,-48
1759482249.1446247,-4,6,-38
1759482249.1806247,-6,1,-43
1759482249.2186248,0,-3,-48
1759482249.2556248,-2,-2,-43
1759482249.2946248,-1,-3,-38
1759482249.3306248,-7,0,-42
1759482249.3686247,-4,-4,-39
1759482249.4056249,-3,0,-35
1759482249.444625,2,1,-33
1759482249.480625,0,4,-27
1759482249.5186248,-3,5,-33
1759482249.556625,0,0,-44
1759482249.5946248,4,1,-46
1759482249.6306248,2,9,-46
1759482249.6676247,-5,0,-33
1759482249.7056248,1,-5,-33
1759482249.7446249,1,-4,-41
1759482249.7806249,-1,-8,-46
1759482249.8186247,-2,-5,-48
1759482249.8576248,1,0,-51
1759482249.8956249,2,0,-45
1759482249.931625,-2,0,-35
1759482249.9696248,0,1,-43
1759482250.0086248,-1,0,-45
1759482250.046625,-1,-1,-48
1759482250.0846248,-2,-4,-38
1759482250.1206248,-1,-3,-45
1759482250.1596248,0,0,-44
1759482250.1966248,1,0,-36
1759482250.2346249,2,7,-34
1759482250.2706249,4,0,-39
1759482250.3086247,0,-3,-37
1759482250.3466249,5,-4,-37
1759482250.3846247,0,6,-41
1759482250.4206247,-3,-2,-41
1759482250.4596248,-4,0,-43
1759482250.4966247,1,4,-39
1759482250.5356247,-1,2,-35
1759482250.5716248,-3,5,-35
1759482250.6096249,0,3,-26
1759482250.6476247,-4,10,-44
1759482250.6866248,0,3,-42
1759482250.7246249,0,0,-34
1759482250.760625,-4,1,-52
1759482250.7976248,2,3,-49
1759482250.8366249,2,-1,-42
1759482250.8746247,5,2,-40
1759482250.9106247,3,6,-28
1759482250.9476247,3,1,-41
1759482250.9866247,3,0,-48
1759482251.0246248,0,-1,-48
1759482251.0606248,-9,-4,-49
1759482251.0986247,-3,0,-49
1759482251.1366248,1,2,-46
1759482251.1756248,-2,0,-41
1759482251.2116249,-2,2,-40
1759482251.2486248,-4,5,-46
1759482251.2876248,-5,1,-29
1759482251.3256247,0,0,-42
1759482251.3616247,0,-5,-43
1759482251.398625,-2,-2,-41
1759482251.4376247,2,-2,-39
1759482251.4756248,3,-3,-45
1759482251.5116248,-6,1,-43
1759482251.5486248,-1,2,-42
1759482251.5866249,-3,0,-38
1759482251.625625,-1,0,-39
1759482251.661625,-3,4,-35
1759482251.6996248,3,1,-45
1759482251.7366247,-4,2,-44
1759482251.7756248,-7,0,-45
1759482251.8116248,2,0,-41
1759482251.8486247,1,-6,-44
1759482251.8876247,0,-1,-44
1759482251.9256248,-5,-1,-45
1759482251.9616249,-6,4,-44
1759482251.9986248,1,0,-45
1759482252.0376248,-2,0,-44
1759482252.0756247,-3,1,-39
1759482252.1116247,4,0,-43
1759482252.148625,-3,-3,-47
1759482252.1876247,3,0,-49
1759482252.2256248,3,0,-44
1759482252.2616248,-1,1,-37
1759482252.2996247,-1,3,-42
1759482252.3376248,2,-4,-50
1759482252.375625,0,-7,-43
1759482252.411625,2,-5,-44
1759482252.4496248,-2,0,-40
1759482252.4886248,0,0,-49
1759482252.526625,-1,-3,-43
1759482252.5626247,4,-2,-36
1759482252.6006248,8,7,-50
1759482252.6376247,9,-1,-44
1759482252.6766248,4,6,-40
1759482252.7126248,0,3,-40
1759482252.750625,7,0,-43
1759482252.7876248,-3,-6,-35
1759482252.8266249,-3,0,-41
1759482252.862625,5,1,-52
1759482252.8996248,1,4,-42
1759482252.9376247,6,1,-44
1759482252.9766247,4,0,-49
1759482253.0126247,5,-1,-56
1759482253.0496247,1,-1,-38
1759482253.0876248,-5,-5,-43
1759482253.1266248,4,-3,-29
1759482253.1626248,4,-6,-43
1759482253.2006247,4,-2,-45
1759482253.2386248,7,-2,-39
1759482253.276625,4,-4,-37
1759482253.3126247,0,-3,-33
1759482253.3496249,2,-4,-27
1759482253.3876247,0,0,-33
1759482253.4266248,5,0,-42
1759482253.4626248,-1,0,-40
1759482253.4996247,-4,0,-42
1759482253.5376248,1,1,-52
1759482253.5766249,0,3,-40
1759482253.612625,0,-1,-41
1759482253.6506248,1,2,-38
1759482253.6886249,0,-1,-40
1759482253.7266247,-1,2,-44
1759482253.7626247,-1,-1,-39
1759482253.8006248,11,2,-46
1759482253.839625,9,0,-35
1759482253.8776248,1,-3,-40
1759482253.9136248,4,-1,-42
1759482253.9526248,6,10,-35
1759482253.9896247,8,2,-50
1759482254.0286248,-10,-1,-26
1759482254.0666249,-8,0,-31
1759482254.102625,-3,-2,-40
1759482254.148625,6,-3,-38
1759482254.1866248,12,2,-49
1759482254.2226248,8,0,-49
1759482254.2596247,4,-1,-41
1759482254.2986248,3,-5,-39
1759482254.3366249,0,0,-38
1759482254.3726249,-8,-7,-46
1759482254.411625,-4,-9,-35
1759482254.4486248,-5,-2,-40
1759482254.487625,0,-7,-44
1759482254.523625,-4,2,-46
1759482254.5606248,-5,1,-43
1759482254.5986247,0,0,-29
1759482254.6376247,2,0,-30
1759482254.6736248,-7,0,-41
1759482254.7116249,2,-4,-36
1759482254.7496247,2,1,-49
1759482254.7886248,3,0,-51
1759482254.8246248,-1,2,-41
1759482254.8636248,-9,3,-35
1759482254.901625,-10,2,-36
1759482254.9396248,-4,3,-44
1759482254.977625,0,-1,-40
1759482255.013625,2,0,-37
1759482255.0516248,5,-2,-46
1759482255.0886247,-5,5,-45
1759482255.1276248,0,7,-37
1759482255.1636248,2,1,-38
1759482255.2016249,0,4,-40
1759482255.2386248,0,7,-42
1759482255.2776248,2,0,-33
1759482255.3146248,0,-6,-34
1759482255.3516247,1,-5,-33
1759482255.3906248,-3,0,-35
1759482255.4286249,-4,0,-30
1759482255.464625,2,-3,-33
1759482255.5016248,-2,-4,-46
1759482255.5406249,0,-2,-44
1759482255.5786247,2,0,-37
1759482255.6146247,8,0,-47
1759482255.651625,4,-1,-41
1759482255.6896248,3,-5,-39
1759482255.7286248,2,-2,-47
1759482255.7646248,-3,0,-51
1759482255.8016248,-2,-2,-29
1759482255.8406248,6,1,-35
1759482255.878625,-2,6,-44
1759482255.9146247,-5,2,-42
1759482255.9516249,0,-1,-35
1759482255.9896247,0,-3,-46
1759482256.0286248,3,-6,-47
1759482256.0646248,0,-6,-44
1759482256.1036248,3,4,-50
1759482256.1406248,5,0,-28
1759482256.1796248,7,0,-36
1759482256.217625,-5,0,-32
1759482256.253625,3,0,-31
1759482256.2916248,3,-3,-29
1759482256.3306248,-2,0,-32
1759482256.3686247,-7,-3,-41
1759482256.4046247,-3,-4,-46
1759482256.4436247,1,-11,-43
1759482256.480625,-2,-7,-38
1759482256.5196247,6,-3,-37
1759482256.5556247,-1,-1,-32
1759482256.5936248,0,0,-38
1759482256.6326249,-4,2,-32
1759482256.6696248,0,0,-31
1759482256.7086248,-5,1,-46
1759482256.7446249,-2,2,-43
1759482256.7826247,3,0,-35
1759482256.8216248,4,2,-36
1759482256.8596249,-2,6,-37
1759482256.8956249,6,9,-37
1759482256.9336247,6,5,-43
1759482256.9716249,5,5,-28
1759482257.0096247,7,1,-35
1759482257.0456247,3,-1,-40
1759482257.082625,-5,1,-35
1759482257.1216247,6,-3,-20
1759482257.1596248,2,2,-36
1759482257.1966248,0,0,-41
1759482257.2346249,0,-1,-31
1759482257.2726247,2,10,-35
1759482257.3106248,2,8,-34
1759482257.3486247,1,-3,-41
1759482257.3846247,3,-1,-39
1759482257.4226248,2,0,-44
1759482257.4606247,0,0,-52
1759482257.4986248,1,8,-37
1759482257.5346248,1,0,-24
1759482257.5726247,-1,-7,-32
1759482257.6106248,-3,-4,-36
1759482257.648625,-8,-3,-38
1759482257.684625,-4,-2,-32
1759482257.7226248,-7,0,-44
1759482257.760625,-3,2,-43
1759482257.7996247,3,1,-33
1759482257.8356247,0,-2,-33
1759482257.8726249,6,-1,-34
1759482257.9106247,2,-6,-38
1759482257.9496248,1,2,-41
1759482257.9856248,3,3,-48
1759482258.0226247,-5,-4,-46
1759482258.0616248,1,-5,-43
1759482258.0996249,6,0,-44
1759482258.135625,-2,2,-36
1759482258.1726248,-1,-5,-39
1759482258.2116249,3,6,-39
1759482258.2496247,-1,5,-37
1759482258.2856247,3,7,-38
1759482258.3226247,3,0,-25
1759482258.3616247,2,0,-33
1759482258.3996248,0,2,-41
1759482258.4356248,-4,3,-43
1759482258.4746249,-2,3,-54
1759482258.5116248,3,3,-42
1759482258.5506248,-2,5,-33
1759482258.5866249,-1,4,-37
1759482258.625625,-4,-5,-40
1759482258.6636248,-2,-3,-40
1759482258.7006247,-4,-3,-33
1759482258.7396247,2,0,-39
1759482258.7756248,-2,0,-45
1759482258.8126247,1,0,-48
1759482258.8506248,0,0,-46
1759482258.8896248,5,-7,-44
1759482258.9256248,0,-3,-43
1759482258.9636247,0,-4,-43
1759482259.0016248,-4,2,-51
1759482259.0406249,4,-1,-50
1759482259.0766249,6,-3,-47
1759482259.1146247,7,3,-54
1759482259.1536248,3,1,-48
1759482259.1916249,5,-1,-43
1759482259.2296247,-2,1,-32
1759482259.2656248,-1,-4,-37
1759482259.3046248,0,3,-41
1759482259.3416247,0,3,-28
1759482259.3806248,0,0,-29
1759482259.4166248,3,-1,-39
1759482259.454625,-4,-2,-32
1759482259.4916248,-4,9,-41
1759482259.5306249,-3,-3,-46
1759482259.5666249,-6,0,-44
1759482259.6046247,-1,-4,-31
1759482259.6416247,0,-5,-32
1759482259.6806247,-1,0,-35
1759482259.7166247,-9,0,-43
1759482259.7546248,1,0,-49
1759482259.7926247,-3,-1,-57
1759482259.8306248,0,0,-36
1759482259.8666248,0,-4,-35
1759482259.9046247,0,-4,-39
1759482259.9416249,-7,-5,-47
1759482259.980625,-1,0,-30
1759482260.0166247,1,-7,-31
1759482260.0546248,-2,-6,-34
1759482260.0936248,1,-2,-44
1759482260.1316247,-1,5,-41
1759482260.1676247,-6,-1,-33
1759482260.2066247,-2,-1,-35
1759482260.2436247,-1,0,-36
1759482260.2826247,-4,5,-29
1759482260.3206248,-3,0,-45
1759482260.3566248,-8,-5,-38
1759482260.3956249,3,0,-41
1759482260.4326248,0,2,-47
1759482260.4716249,-1,-4,-51
1759482260.5076249,-4,-3,-41
1759482260.5456247,0,4,-31
1759482260.5836248,1,1,-41
1759482260.6226249,3,0,-36
1759482260.6606247,-3,6,-43
1759482260.6966248,-4,2,-45
1759482260.7356248,-4,-4,-41
1759482260.7726247,-1,1,-33
1759482260.8116248,1,-8,-51
1759482260.8476248,1,-3,-48
1759482260.885625,2,0,-42
1759482260.9236248,0,-3,-40
1759482260.9616249,-3,-8,-41
1759482260.9976249,-3,-6,-30
1759482261.036625,0,-4,-41
1759482261.0736248,2,-4,-42
1759482261.112625,2,-2,-42
1759482261.1506248,-6,4,-35
1759482261.1866248,-5,1,-36
1759482261.2246249,0,-2,-37
1759482261.2626247,0,0,-34
1759482261.3016248,0,3,-28
1759482261.3376248,1,1,-30
1759482261.3746247,5,-5,-31
1759482261.4126248,-3,0,-40
1759482261.4516249,0,2,-29
1759482261.487625,0,6,-37
1759482261.5246248,-8,3,-28
1759482261.5636249,0,0,-33
1759482261.6016247,9,1,-32
1759482261.6376247,2,-5,-42
1759482261.6766248,2,-5,-38
1759482261.714625,6,-6,-53
1759482261.7526248,-2,1,-42
1759482261.7886248,0,-1,-42
1759482261.8266249,-1,0,-38
1759482261.8646247,1,1,-43
1759482261.9026248,1,2,-50
1759482261.9386249,-6,7,-39
1759482261.977625,-5,7,-39
1759482262.0146248,0,-4,-51
1759482262.0526247,1,-6,-42
1759482262.0916247,-1,1,-36
1759482262.1276248,0,3,-41
1759482262.1646247,0,-10,-26
1759482262.2026248,3,0,-44
1759482262.2416248,3,1,-36
1759482262.2776248,2,0,-47
1759482262.3146248,-6,-9,-50
1759482262.3536248,3,-6,-39
1759482262.3916247,7,-3,-38
1759482262.4276247,5,2,-35
1759482262.464625,3,-1,-26
1759482262.503625,2,-3,-33
1759482262.5416248,-1,-5,-38
1759482262.5776248,-2,-1,-39
1759482262.615625,4,2,-48
1759482262.6546247,-3,-1,-49
1759482262.6926248,-4,0,-38
1759482262.7296247,-2,0,-46
1759482262.7676249,1,8,-42
1759482262.8046248,1,7,-44
1759482262.8436248,3,0,-41
1759482262.8816247,3,3,-44
1759482262.9176247,1,5,-42
1759482262.9556248,-1,1,-41
1759482262.9936247,-2,0,-46
1759482263.0316248,-2,-1,-37
1759482263.0686247,-4,0,-36
1759482263.105625,-1,1,-30
1759482263.1436248,1,-1,-35
1759482263.1826248,-1,4,-42
1759482263.2186248,-5,0,-46
1759482263.2566247,-1,0,-48
1759482263.2946248,-8,0,-40
1759482263.3336248,-7,0,-21
1759482263.3696249,-4,0,-28
1759482263.4076247,-3,2,-30
1759482263.4466248,3,0,-39
1759482263.4836247,1,0,-36
1759482263.5226247,6,-2,-42
1759482263.5586247,8,-5,-38
1759482263.5966249,6,-3,-34
1759482263.635625,5,-2,-35
1759482263.6736248,-1,0,-39
1759482263.7096248,-2,-2,-47
1759482263.7476249,0,0,-54
1759482263.786625,-2,-10,-47
1759482263.8236248,3,2,-41
1759482263.862625,3,0,-39
1759482263.898625,-5,-2,-43
1759482263.9376247,-1,-5,-47
1759482263.9756248,8,-2,-45
1759482264.013625,0,-7,-57
1759482264.0496247,4,4,-36
1759482264.0876248,3,2,-30
1759482264.125625,0,0,-32
1759482264.1696248,2,2,-29
1759482264.207625,0,0,-33
1759482264.2446249,-3,5,-44
1759482264.283625,-3,-3,-44
1759482264.3206248,0,4,-44
1759482264.3576248,-1,-1,-41
1759482264.3966248,-4,0,-32
1759482264.434625,-5,4,-38
1759482264.4726248,0,0,-43
1759482264.5086248,1,-2,-31
1759482264.546625,5,-6,-31
1759482264.5856247,6,-10,-39
1759482264.6236248,-3,2,-39
1759482264.6596248,0,1,-28
1759482264.6966248,-4,-3,-24
1759482264.7346249,0,2,-41
1759482264.773625,0,-2,-38
1759482264.809625,-7,-7,-33
1759482264.8476248,0,-7,-33
1759482264.885625,-3,-2,-49
1759482264.9246247,-2,-6,-34
1759482264.9626248,-4,-2,-36
1759482264.9986248,0,-3,-35
1759482265.0376248,-1,-4,-44
1759482265.0756247,-6,-1,-37
1759482265.1136248,-8,0,-29
1759482265.1506248,-4,-2,-30
1759482265.1876247,4,-3,-30
1759482265.2256248,0,1,-39
1759482265.2646248,-4,-2,-33
1759482265.3006248,-4,-11,-34
1759482265.339625,-1,-4,-52
1759482265.3766248,4,0,-40
1759482265.4156249,5,-1,-38
1759482265.4536247,4,-4,-43
1759482265.4896247,0,0,-32
1759482265.5276248,8,2,-30
1759482265.5656247,-2,-1,-35
1759482265.6036248,5,2,-47
1759482265.6396248,3,-4,-35
1759482265.6766248,-4,-4,-33
1759482265.7156248,4,-7,-38
1759482265.753625,4,1,-40
1759482265.7896247,7,-7,-55
1759482265.8266249,1,-12,-43
1759482265.865625,0,-3,-41
1759482265.9036248,-5,-4,-39
1759482265.9396248,-10,-6,-45
1759482265.977625,-7,0,-52
1759482266.0166247,-5,-4,-44
1759482266.0546248,6,0,-44
1759482266.0906248,-2,4,-51
1759482266.128625,3,3,-52
1759482266.1666248,3,0,-38
1759482266.204625,4,2,-36
1759482266.2416248,7,-7,-36
1759482266.2786248,-1,-2,-38
1759482266.3176248,-1,2,-36
1759482266.355625,1,3,-32
1759482266.3936248,8,1,-32
1759482266.4296248,-1,-1,-37
1759482266.467625,-3,2,-40
1759482266.5056248,-5,-2,-29
1759482266.5446248,-3,-4,-28
1759482266.5806248,0,-1,-29
1759482266.6186247,-2,-4,-42
1759482266.6576247,0,4,-43
1759482266.6956248,-4,-3,-38
1759482266.7336247,0,-1,-43
1759482266.7696247,7,0,-40
1759482266.8076248,0,4,-38
1759482266.8456247,0,-3,-38
1759482266.8816247,0,1,-42
1759482266.9196248,0,-1,-34
1759482266.957625,-1,1,-38
1759482266.9956248,3,-3,-36
1759482267.0316248,4,-3,-39
1759482267.069625,2,-4,-31
1759482267.1076248,4,-1,-40
1759482267.1456249,0,1,-56
1759482267.184625,-4,3,-32
1759482267.2206247,-1,0,-33
1759482267.2586248,4,1,-50
1759482267.296625,-5,2,-42
1759482267.3356247,-1,0,-41
1759482267.3716247,-2,0,-44
1759482267.4106247,-4,10,-34
1759482267.4476247,0,2,-36
1759482267.4866247,4,1,-31
1759482267.5246248,5,-1,-28
1759482267.5606248,0,0,-35
1759482267.5976248,-3,1,-47
1759482267.6366248,-6,-2,-42
1759482267.6746247,6,2,-40
1759482267.7106247,2,2,-30
1759482267.7476249,0,-1,-39
1759482267.786625,-2,-4,-39
1759482267.8246248,-3,0,-40
1759482267.8606248,5,3,-35
1759482267.898625,0,1,-37
1759482267.9366248,1,1,-43
1759482267.9746249,0,3,-40
1759482268.010625,-5,0,-41
1759482268.0486248,9,1,-32
1759482268.0866249,14,2,-28
1759482268.1246247,-1,1,-40
1759482268.1606247,-5,5,-34
1759482268.1986248,-11,4,-39
1759482268.2366247,-6,1,-49
1759482268.2746248,-1,2,-37
1759482268.3106248,-2,-1,-41
1759482268.3486247,-4,3,-47
1759482268.3866248,1,6,-32
1759482268.4256248,0,-1,-33
1759482268.4616249,0,0,-41
1759482268.4996247,-5,0,-39
1759482268.536625,-11,3,-31
1759482268.5756247,-8,0,-39
1759482268.6116247,-3,-3,-37
1759482268.6496248,0,-3,-45
1759482268.6876247,6,5,-35
1759482268.7266247,5,3,-31
1759482268.7626247,-2,2,-33
1759482268.8016248,0,1,-34
1759482268.839625,6,3,-44
1759482268.8766248,0,2,-45
1759482268.9156249,1,0,-51
1759482268.9516249,9,-3,-49
1759482268.9896247,3,-2,-43
1759482269.0276248,0,-3,-43
1759482269.0666249,0,-7,-41
1759482269.102625,2,-5,-41
1759482269.1396248,4,0,-30
1759482269.1776247,0,-3,-50
1759482269.2166247,0,0,-43
1759482269.2526248,7,1,-44
1759482269.2906249,5,2,-41
1759482269.3276248,0,-3,-34
1759482269.3666248,-2,-7,-44
1759482269.4026248,-1,1,-44
1759482269.4406247,-9,0,-56
1759482269.4786248,1,1,-47
1759482269.5176249,5,8,-48
1759482269.5556247,1,3,-36
1759482269.5916247,2,5,-37
1759482269.628625,8,1,-43
1759482269.6676247,11,0,-35
1759482269.7056248,8,0,-35
1759482269.7416248,4,4,-29
1759482269.7786248,4,0,-34
1759482269.8176248,-5,-4,-30
1759482269.855625,-8,-3,-38
1759482269.8916247,2,-8,-38
1759482269.9296248,4,-3,-37
1759482269.967625,1,-1,-37
1759482270.0056248,2,-3,-31
1759482270.0416248,3,1,-35
1759482270.079625,4,5,-36
1759482270.1176248,-5,0,-36
1759482270.1556249,-2,0,-46
1759482270.1916249,4,0,-45
1759482270.2296247,0,-1,-39
1759482270.2676249,-1,-3,-42
1759482270.3056247,6,4,-41
1759482270.3416247,1,4,-43
1759482270.3796248,4,7,-49
1759482270.4176247,-2,6,-46
1759482270.4536247,-9,5,-46
1759482270.4916248,-8,4,-44
1759482270.5306249,0,-1,-54
1759482270.5676248,2,3,-39
1759482270.6066248,1,-1,-43
1759482270.6426249,6,4,-40
1759482270.6806247,-4,-3,-31
1759482270.717625,1,2,-31
1759482270.7566247,2,-2,-33
1759482270.7926247,0,0,-31
1759482270.8306248,7,1,-35
1759482270.8676248,0,5,-36
1759482270.9066248,-5,-3,-37
1759482270.9426248,-2,-1,-47
1759482270.9816248,0,1,-35
1759482271.0186248,-2,0,-42
1759482271.0576248,0,0,-45
1759482271.0936248,0,5,-44
1759482271.1306248,1,9,-47
1759482271.1686249,2,6,-39
1759482271.207625,-1,3,-33
1759482271.2436247,-8,0,-52
1759482271.2806249,1,1,-43
1759482271.3186247,2,0,-30
1759482271.3576248,3,-1,-30
1759482271.3936248,-4,-2,-31
1759482271.431625,0,-1,-43
1759482271.4706247,-6,1,-40
1759482271.5086248,2,0,-37
1759482271.546625,-2,1,-39
1759482271.582625,5,1,-37
1759482271.6206248,3,-1,-40
1759482271.658625,1,1,-34
1759482271.6966248,-2,6,-52
1759482271.7326248,8,0,-47
1759482271.7706249,4,-2,-46
1759482271.8086247,0,-4,-47
1759482271.8466249,3,-2,-40
1759482271.8826249,-5,-6,-41
1759482271.9206247,-7,0,-44
1759482271.9586248,-4,6,-40
1759482271.9976249,-3,-1,-39
1759482272.033625,2,3,-33
1759482272.0706248,5,0,-36
1759482272.1086247,-1,-3,-40
1759482272.1476247,-3,0,-47
1759482272.1836247,0,0,-46
1759482272.2216249,-4,-3,-41
1759482272.2596247,0,-2,-45
1759482272.2986248,0,0,-37
1759482272.3346248,0,-4,-35
1759482272.3726249,-3,-4,-41
1759482272.411625,0,5,-36
1759482272.4496248,8,6,-30
1759482272.487625,10,0,-34
1759482272.523625,2,4,-42
1759482272.5616248,1,0,-52
1759482272.5996249,0,-3,-37
1759482272.6376247,2,5,-37
1759482272.6736248,0,0,-32
1759482272.7106247,0,0,-29
1759482272.7496247,-1,0,-30
1759482272.7876248,2,3,-29
1759482272.8236248,0,0,-30
1759482272.8606248,-1,-1,-28
1759482272.8996248,5,1,-41
1759482272.9376247,0,-2,-38
1759482272.9736247,0,-6,-46
1759482273.0116248,-4,-1,-51
1759482273.0496247,-2,1,-47
1759482273.0876248,-5,5,-40
1759482273.1236248,1,0,-32
1759482273.1606247,0,1,-32
1759482273.1996248,1,9,-39
1759482273.237625,2,2,-39
1759482273.273625,5,6,-38
1759482273.3116248,3,5,-35
1759482273.3496249,9,-1,-43
1759482273.3876247,6,-3,-44
1759482273.4236248,2,0,-33
1759482273.4606247,1,-1,-41
1759482273.4996247,0,1,-39
1759482273.5376248,9,1,-44
1759482273.5736248,0,1,-43
1759482273.6116247,-5,-1,-38
1759482273.6496248,1,-6,-47
1759482273.6876247,-9,-8,-45
1759482273.7236247,0,-1,-48
1759482273.760625,0,3,-35
1759482273.7996247,3,-1,-32
1759482273.8376248,9,0,-31
1759482273.8736248,-6,-3,-38
1759482273.911625,-2,-5,-33
1759482273.9496248,-7,-1,-39
1759482273.9886248,0,-4,-42
1759482274.0246248,-9,-6,-40
1759482274.0626247,-7,-2,-35
1759482274.1016247,-6,4,-47
1759482274.1396248,-7,-2,-46
1759482274.1836247,-4,6,-47
1759482274.2216249,-1,-1,-38
1759482274.2596247,-7,-7,-34
1759482274.2956247,-1,-1,-39
1759482274.3346248,-1,-3,-45
1759482274.3726249,0,6,-43
1759482274.4096248,5,1,-42
1759482274.4486248,2,-5,-45
1759482274.4846249,3,0,-38
1759482274.5226247,-5,3,-51
1759482274.5606248,-8,-8,-45
1759482274.5986247,-8,-10,-40
1759482274.6346247,-2,-8,-43
1759482274.6726248,3,-4,-29
1759482274.7116249,0,-2,-39
1759482274.7496247,7,-3,-36
1759482274.7856247,2,-7,-43
1759482274.8226247,1,-4,-46
1759482274.8616247,-1,1,-44
1759482274.8996248,8,5,-35
1759482274.9356248,1,7,-39
1759482274.9726248,2,4,-47
1759482275.0116248,-1,-2,-48
1759482275.0506248,-11,-7,-48
1759482275.0886247,1,-4,-46
1759482275.1246247,3,-5,-42
1759482275.161625,-5,-5,-47
1759482275.2006247,1,0,-51
1759482275.2386248,7,1,-46
1759482275.2746248,3,8,-43
1759482275.3116248,8,3,-38
1759482275.3506248,0,3,-36
1759482275.388625,4,1,-36
1759482275.4246247,1,3,-49
1759482275.4626248,1,8,-43
1759482275.500625,0,4,-42
1759482275.5386248,5,2,-42
1759482275.5746248,7,1,-41
1759482275.6136248,-1,4,-38
1759482275.6506248,2,-5,-33
1759482275.6896248,1,-9,-42
1759482275.7256248,4,0,-42
1759482275.763625,7,1,-30
1759482275.8016248,5,0,-33
1759482275.839625,3,4,-37
1759482275.875625,0,1,-43
1759482275.9126248,0,0,-36
1759482275.9516249,-3,-4,-36
1759482275.9896247,1,1,-40
1759482276.0256248,-3,3,-45
1759482276.0626247,0,1,-44
1759482276.1016247,-1,-5,-39
1759482276.1396248,-2,0,-44
1759482276.1756248,-4,0,-49
1759482276.2136247,-6,-1,-38
1759482276.2516248,1,2,-46
1759482276.2906249,-4,0,-34
1759482276.3266249,-1,0,-45
1759482276.3636248,-5,-1,-30
1759482276.401625,-1,-5,-43
1759482276.4406247,-2,0,-36
1759482276.4766247,-2,6,-39
1759482276.5146248,-5,4,-37
1759482276.5526247,-9,0,-46
1759482276.5916247,-6,3,-36
1759482276.6296248,0,-1,-41
1759482276.6656249,2,-4,-31
1759482276.704625,-7,-6,-32
1759482276.7416248,-6,-5,-35
1759482276.7806249,-1,0,-42
1759482276.8166249,3,2,-37
1759482276.8546247,-6,-3,-32
1759482276.8936248,0,0,-29
1759482276.931625,-3,2,-28
1759482276.9696248,6,1,-44
1759482277.0056248,0,0,-39
1759482277.0436249,2,-3,-42
1759482277.0816247,0,0,-38
1759482277.1196249,1,0,-41
1759482277.1556249,3,1,-43
1759482277.1936247,-4,0,-43
1759482277.2316248,1,6,-42
1759482277.2676249,-2,-1,-40
1759482277.3056247,-3,0,-36
1759482277.3436248,2,-1,-39
1759482277.3816247,9,-3,-46
1759482277.4206247,7,-2,-37
1759482277.4566247,1,-5,-29
1759482277.4946249,-4,-2,-44
1759482277.5326247,-3,-3,-45
1759482277.5716248,-5,-2,-41
1759482277.6106248,0,0,-41
1759482277.6466248,-4,-3,-36
1759482277.684625,0,-3,-45
1759482277.7226248,0,0,-39
1759482277.7616248,2,0,-36
1759482277.7976248,0,2,-37
1759482277.8346248,-1,3,-36
1759482277.8726249,1,0,-48
1759482277.911625,0,2,-39
1759482277.9476247,-6,0,-34
1759482277.9856248,-1,2,-35
1759482278.0246248,5,0,-32
1759482278.0626247,6,1,-40
1759482278.1006248,2,-5,-35
1759482278.1366248,0,2,-28
1759482278.1746247,-2,-1,-22
1759482278.2126248,-3,0,-31
1759482278.250625,-6,1,-24
1759482278.286625,-11,-1,-42
1759482278.3256247,-1,1,-39
1759482278.362625,0,0,-45
1759482278.401625,-5,-3,-48
1759482278.4376247,-6,-1,-40
1759482278.4766247,-11,5,-31
1759482278.513625,-3,-3,-35
1759482278.5526247,6,4,-47
1759482278.5906248,7,5,-35
1759482278.6266248,5,8,-38
1759482278.6636248,2,3,-44
1759482278.7026248,1,-1,-39
1759482278.740625,0,0,-50
1759482278.776625,1,-5,-40
1759482278.8156247,2,0,-29
1759482278.8536248,3,-3,-28
1759482278.8916247,-2,-1,-35
1759482278.9276247,1,3,-39
1759482278.964625,-6,3,-43
1759482279.0026248,2,-5,-37
1759482279.0416248,0,5,-32
1759482279.0776248,2,6,-38
1759482279.1146247,-4,0,-44
1759482279.1526248,-4,1,-38
1759482279.1916249,0,2,-43
1759482279.227625,0,3,-34
1759482279.2656248,6,2,-38
1759482279.3026247,-4,2,-54
1759482279.3416247,0,-3,-41
1759482279.3776248,0,0,-35
1759482279.4156249,0,-4,-31
1759482279.4526248,2,-4,-33
1759482279.4916248,1,0,-43
1759482279.5276248,0,-1,-43
1759482279.5666249,-4,2,-43
1759482279.6036248,-7,4,-50
1759482279.6426249,0,-1,-45
1759482279.6786249,3,-3,-38
1759482279.7156248,-2,1,-41
1759482279.7546248,2,-4,-43
1759482279.7926247,-2,1,-48
1759482279.8286247,0,0,-42
1759482279.8666248,5,-1,-42
1759482279.9036248,-2,-8,-42
1759482279.9426248,0,-1,-35
1759482279.9786248,-4,0,-40
1759482280.0166247,-6,2,-50
1759482280.0536249,-8,9,-45
1759482280.092625,-3,0,-47
1759482280.128625,-14,1,-43
1759482280.1676247,-1,-5,-41
1759482280.2056248,0,-3,-41
1759482280.2436247,1,-7,-40
1759482280.2816248,0,-4,-43
1759482280.3176248,-7,-3,-39
1759482280.3566248,-3,0,-38
1759482280.3946247,-3,-9,-35
1759482280.4326248,-9,-9,-50
1759482280.4686248,-3,-5,-52
1759482280.5076249,-4,-4,-56
1759482280.5446248,1,0,-49
1759482280.5836248,2,5,-46
1759482280.6216247,-4,1,-47
1759482280.6576247,0,1,-47
1759482280.694625,-6,4,-52
1759482280.7336247,4,0,-41
1759482280.7696247,5,0,-36
1759482280.8076248,-2,3,-41
1759482280.8446248,-3,-4,-40
1759482280.8836248,1,0,-36
1759482280.9196248,-1,0,-33
1759482280.9566247,0,5,-39
1759482280.9946249,4,0,-46
1759482281.033625,2,4,-40
1759482281.069625,3,1,-30
1759482281.1066248,2,3,-28
1759482281.1446247,-1,-2,-44
1759482281.1836247,2,-1,-54
1759482281.2196248,-4,3,-41
1759482281.2566247,-2,-7,-52
1759482281.2956247,7,3,-24
1759482281.3336248,-1,4,-44
1759482281.3696249,-3,0,-29
1759482281.4066248,1,3,-37
1759482281.444625,-1,1,-46
1759482281.4836247,0,1,-42
1759482281.5196247,-2,5,-36
1759482281.556625,-3,1,-35
1759482281.5946248,-9,4,-36
1759482281.6336248,-2,0,-40
1759482281.6696248,-2,1,-35
1759482281.7086248,-3,4,-51
1759482281.7466247,-2,-6,-44
1759482281.7846248,-3,0,-35
1759482281.8226247,-1,2,-37
1759482281.8586247,0,2,-39
1759482281.8966248,3,-2,-43
1759482281.934625,-1,0,-38
1759482281.9726248,1,-5,-35
1759482282.0086248,6,-6,-36
1759482282.0476248,3,-2,-45
1759482282.0846248,6,3,-29
1759482282.1236248,-2,0,-38
1759482282.1596248,-8,0,-41
1759482282.1976247,-1,-1,-34
1759482282.2346249,0,1,-49
1759482282.273625,-2,2,-50
1759482282.309625,-9,1,-46
1759482282.3476248,-3,-2,-52
1759482282.3846247,3,-8,-45
1759482282.4236248,2,-7,-32
1759482282.4596248,12,-2,-30
1759482282.4976249,3,-3,-36
1759482282.5356247,0,0,-46
1759482282.5746248,1,3,-46
1759482282.6106248,-2,0,-42
1759482282.6476247,-3,0,-40
1759482282.6856248,-5,0,-38
1759482282.7246249,-1,0,-28
1759482282.760625,3,2,-34
1759482282.7996247,0,-6,-41
1759482282.8366249,1,0,-40
1759482282.8746247,5,-5,-21
1759482282.9136248,8,-2,-16
1759482282.9496248,9,4,-30
1759482282.987625,0,4,-49
1759482283.0246248,1,6,-44
1759482283.0636249,3,7,-37
1759482283.0996249,-1,0,-49
1759482283.1376247,-5,0,-36
1759482283.1756248,1,2,-44
1759482283.2136247,0,-5,-54
1759482283.2496247,-5,5,-42
1759482283.2886248,-10,8,-38
1759482283.3256247,-5,0,-40
1759482283.3646247,-5,-1,-37
1759482283.4006248,-4,-3,-34
1759482283.4386249,4,-4,-32
1759482283.4766247,-3,2,-40
1759482283.5156248,-2,0,-37
1759482283.5536249,-3,-7,-46
1759482283.589625,3,2,-34
1759482283.6266248,3,0,-38
1759482283.6656249,-3,-6,-37
1759482283.7036247,-2,-5,-39
1759482283.7396247,0,-2,-37
1759482283.776625,0,-2,-27
1759482283.8156247,1,3,-26
1759482283.8536248,-1,7,-33
1759482283.8896248,-5,4,-28
1759482283.9266248,0,1,-32
1759482283.9656248,0,0,-48
1759482284.003625,-5,0,-44
1759482284.0396247,5,-1,-37
1759482284.0766249,-6,1,-40
1759482284.115625,0,-1,-39
1759482284.1536248,0,-6,-35
1759482284.1986248,0,-9,-38
1759482284.2366247,-1,1,-31
1759482284.2746248,0,6,-31
1759482284.3106248,3,0,-34
1759482284.3486247,-1,-1,-46
1759482284.3866248,-7,-2,-38
1759482284.4246247,-4,3,-34
1759482284.4606247,-1,6,-37
1759482284.4996247,-1,3,-40
1759482284.5376248,-3,5,-29
1759482284.5756247,4,8,-38
1759482284.612625,5,4,-33
1759482284.6496248,5,1,-32
1759482284.6876247,-2,1,-43
1759482284.7256248,8,5,-52
1759482284.7646248,1,0,-36
1759482284.8006248,-2,3,-40
1759482284.8376248,0,6,-38
1759482284.8766248,1,0,-41
1759482284.9146247,5,-6,-39
1759482284.9506247,1,-2,-44
1759482284.9886248,6,2,-27
1759482285.026625,4,0,-24
1759482285.0646248,4,1,-44
1759482285.1006248,-1,-5,-38
1759482285.1396248,4,-13,-38
1759482285.1776247,-2,-3,-38
1759482285.2156248,-4,1,-43
1759482285.2516248,-4,4,-33
1759482285.2896247,-4,1,-34
1759482285.3286247,1,0,-30
1759482285.3666248,10,0,-37
1759482285.4046247,0,7,-45
1759482285.4406247,-4,0,-46
1759482285.4786248,-6,-1,-38
1759482285.5166247,-4,3,-41
1759482285.5546248,-9,-6,-37
1759482285.5906248,-7,-6,-33
1759482285.628625,-2,-1,-42
1759482285.6666248,-2,1,-49
1759482285.7056248,-1,0,-52
1759482285.7416248,0,3,-37
1759482285.7786248,0,-2,-44
1759482285.8166249,0,4,-48
1759482285.855625,2,1,-46
1759482285.8916247,0,6,-49
1759482285.9286249,-3,5,-44
1759482285.9666247,-5,6,-31
1759482286.0056248,0,1,-41
1759482286.0416248,-4,0,-35
1759482286.0786247,0,-1,-41
1759482286.1166248,-7,1,-39
1759482286.1556249,-3,1,-28
1759482286.1916249,1,6,-36
1759482286.2286248,1,-3,-36
1759482286.2666247,1,-4,-34
1759482286.3056247,-1,-5,-37
1759482286.3416247,0,-4,-42
1759482286.3796248,4,3,-40
1759482286.4186249,0,-2,-45
1759482286.4566247,0,1,-50
1759482286.4926248,1,-3,-49
1759482286.5296247,-2,-5,-38
1759482286.5686247,-5,-1,-31
1759482286.6066248,-2,8,-41
1759482286.6426249,2,1,-40
1759482286.6796248,1,3,-50
1759482286.7186248,-1,4,-49
1759482286.7566247,-1,10,-37
1759482286.7926247,-4,6,-41
1759482286.8306248,4,0,-44
1759482286.8686247,4,2,-54
1759482286.9066248,0,1,-34
1759482286.9426248,-5,-3,-31
1759482286.980625,-3,-3,-42
1759482287.0196247,-1,-4,-47
1759482287.0576248,-5,0,-47
1759482287.0956247,0,-2,-36
1759482287.1316247,-1,-9,-27
1759482287.1696248,-1,-9,-36
1759482287.207625,-6,-4,-37
1759482287.2466247,-5,-2,-35
1759482287.2826247,-3,5,-35
1759482287.319625,2,0,-45
1759482287.3576248,-3,0,-35
1759482287.3966248,0,1,-37
1759482287.4326248,-3,-2,-35
1759482287.4706247,0,2,-35
1759482287.5086248,6,0,-45
1759482287.5476248,2,0,-38
1759482287.5856247,3,-1,-29
1759482287.6216247,2,2,-43
1759482287.658625,2,-6,-46
1759482287.6976247,5,-6,-42
1759482287.7336247,5,0,-43
1759482287.7716248,1,-2,-46
1759482287.8086247,0,-2,-31
1759482287.8476248,7,0,-26
1759482287.8836248,4,-1,-31
1759482287.9226248,2,1,-42
1759482287.9596248,0,4,-39
1759482287.9976249,5,0,-48
1759482288.036625,10,1,-38
1759482288.0726247,12,0,-41
1759482288.1096249,3,6,-37
1759482288.1476247,-5,2,-31
1759482288.1866248,-1,1,-41
1759482288.2226248,-4,-2,-44
1759482288.2616248,-1,-3,-37
1759482288.2986248,2,0,-39
1759482288.3376248,9,0,-41
1759482288.3736248,1,-3,-44
1759482288.411625,0,0,-42
1759482288.4506247,-2,0,-31
1759482288.4886248,5,0,-30
1759482288.526625,0,4,-31
1759482288.5626247,0,-1,-28
1759482288.6016247,0,0,-29
1759482288.638625,-6,0,-31
1759482288.6776247,4,5,-40
1759482288.7136247,7,-4,-44
1759482288.7516248,3,0,-35
1759482288.7886248,0,0,-31
1759482288.8276248,-1,-2,-24
1759482288.8636248,-3,-3,-39
1759482288.901625,0,0,-38
1759482288.9396248,6,-2,-40
1759482288.9786248,-3,-3,-43
1759482289.0166247,0,5,-43
1759482289.0526247,0,8,-42
1759482289.089625,-3,-3,-33
1759482289.128625,3,-7,-39
1759482289.1666248,-4,1,-39
1759482289.2026248,-3,-2,-50
1759482289.2416248,3,0,-40
1759482289.2796247,5,0,-38
1759482289.3176248,-5,0,-36
1759482289.3536248,-3,0,-45
1759482289.3916247,0,0,-38
1759482289.4296248,8,1,-43
1759482289.467625,0,3,-40
1759482289.503625,5,-5,-26
1759482289.5406249,2,-1,-46
1759482289.579625,4,-1,-44
1759482289.6176248,0,-8,-36
1759482289.6536248,0,-3,-40
1759482289.6916249,1,-1,-39
1759482289.7286248,-2,0,-38
1759482289.7676249,-2,0,-53
1759482289.8036249,1,2,-42
1759482289.8406248,-4,0,-38
1759482289.878625,-1,2,-38
1759482289.9176247,-3,0,-34
1759482289.9536247,-4,2,-41
1759482289.9916248,0,5,-37
1759482290.0286248,9,-1,-47
1759482290.0676248,3,0,-36
1759482290.1036248,4,0,-36
1759482290.1416247,1,0,-39
1759482290.1796248,-2,0,-30
1759482290.217625,-2,2,-34
1759482290.253625,-1,1,-27
1759482290.2916248,-3,-1,-32
1759482290.329625,-3,-2,-21
1759482290.3676248,5,6,-36
1759482290.4036248,-2,-4,-40
1759482290.4426248,-1,-2,-36
1759482290.4796247,0,8,-37
1759482290.5186248,-4,4,-41
1759482290.5546248,-3,4,-40
1759482290.5916247,-7,-3,-48
1759482290.6296248,3,0,-46
1759482290.6686249,1,5,-44
1759482290.704625,1,-4,-39
1759482290.7426248,10,-6,-36
1759482290.7806249,3,-4,-35
1759482290.819625,-2,-4,-24
1759482290.8576248,0,-3,-21
1759482290.8936248,3,0,-28
1759482290.9306247,-1,-1,-42
1759482290.9696248,-10,-1,-36
1759482291.0076249,-11,0,-45
1759482291.0436249,-6,0,-43
1759482291.0816247,0,-2,-36
1759482291.1206248,0,-4,-34
1759482291.158625,-5,-1,-52
1759482291.194625,-3,0,-47
1759482291.2326248,-4,-5,-43
1759482291.2706249,-4,-5,-37
1759482291.3086247,0,-3,-40
1759482291.3446248,-1,0,-46
1759482291.3816247,4,-5,-44
1759482291.4206247,2,-8,-47
1759482291.4586248,1,-7,-38
1759482291.4946249,0,-5,-36
1759482291.5326247,-6,-5,-35
1759482291.569625,-1,-2,-37
1759482291.6086247,-1,1,-44
1759482291.6446247,0,6,-51
1759482291.6826248,3,7,-40
1759482291.7196248,-1,11,-33
1759482291.7586248,-5,9,-35
1759482291.7946248,-1,5,-45
1759482291.832625,-5,3,-41
1759482291.8696249,1,0,-37
1759482291.908625,3,3,-48
1759482291.944625,-1,4,-46
1759482291.9826248,-5,-5,-31
1759482292.0206249,0,2,-44
1759482292.0586247,0,3,-49
1759482292.0946248,-7,5,-38
1759482292.1326249,0,0,-38
1759482292.1706247,-3,1,-43
1759482292.2086248,3,1,-41
1759482292.2446249,0,-6,-44
1759482292.2826247,-4,1,-42
1759482292.3206248,0,6,-29
1759482292.3586247,0,-6,-37
1759482292.3946247,-3,-2,-36
1759482292.4326248,3,-3,-41
1759482292.4706247,-6,-1,-39
1759482292.5096247,-7,-3,-40
1759482292.5456247,0,-4,-32
1759482292.582625,-4,2,-53
1759482292.6206248,-3,-2,-35
1759482292.6596248,-1,3,-36
1759482292.6956248,-3,-3,-34
1759482292.7336247,1,-3,-33
1759482292.7716248,8,3,-27
1759482292.8106248,8,5,-30
1759482292.8486247,3,8,-34
1759482292.8846247,3,0,-40
1759482292.921625,1,6,-25
1759482292.9606247,-6,1,-38
1759482292.9966247,-4,5,-27
1759482293.0346248,-1,4,-36
1759482293.0736248,-9,0,-43
1759482293.1106248,-1,-1,-39
1759482293.1496248,4,-4,-46
1759482293.1856248,1,-2,-39
1759482293.2236247,-2,0,-39
1759482293.2616248,-3,-2,-26
1759482293.3006248,1,7,-32
1759482293.3366249,-4,9,-42
1759482293.375625,3,1,-42
1759482293.4136248,7,-4,-33
1759482293.4516249,0,5,-43
1759482293.4896247,1,-8,-43
1759482293.5256248,0,-10,-37
1759482293.5636249,-7,0,-41
1759482293.6016247,-1,-8,-33
1759482293.6396248,2,-2,-34
1759482293.6756248,5,-1,-42
1759482293.7136247,4,0,-42
1759482293.7516248,-4,0,-28
1759482293.7896247,-2,1,-25
1759482293.8256247,-3,0,-44
1759482293.8636248,4,1,-53
1759482293.901625,4,-1,-43
1759482293.9396248,7,-4,-45
1759482293.9756248,-1,-6,-37
1759482294.0146248,-11,1,-27
1759482294.0516248,-6,-4,-27
1759482294.0906248,5,2,-37
1759482294.1266248,3,2,-48
1759482294.1646247,1,0,-51
1759482294.2096248,-3,1,-49
1759482294.2456248,-5,4,-54
1759482294.2846248,-4,2,-44
1759482294.3226247,2,7,-47
1759482294.3606248,-4,2,-39
1759482294.3976247,-2,0,-45
1759482294.4356248,2,0,-35
1759482294.4736247,4,0,-41
1759482294.5116248,1,0,-46
1759482294.5496247,-6,0,-50
1759482294.5856247,-3,-7,-37
1759482294.6236248,6,-4,-34
1759482294.6626248,1,-7,-31
1759482294.7006247,-6,4,-19
1759482294.7366247,-7,5,-26
1759482294.7756248,-5,-1,-42
1759482294.8136249,1,3,-41
1759482294.8516247,0,0,-36
1759482294.888625,5,1,-44
1759482294.9256248,0,-6,-38
1759482294.9636247,2,-3,-36
1759482295.0016248,-4,-2,-35
1759482295.0406249,-1,0,-41
1759482295.0766249,1,-2,-47
1759482295.1136248,-6,-5,-39
1759482295.151625,-5,-2,-42
1759482295.1906247,-4,0,-42
1759482295.2266247,4,0,-35
1759482295.263625,4,0,-33
1759482295.3016248,-2,-2,-29
1759482295.3406248,1,6,-46
1759482295.3766248,1,5,-38
1759482295.4136248,3,-6,-31
1759482295.4526248,-5,-3,-40
1759482295.490625,-5,0,-41
1759482295.526625,-4,-2,-42
1759482295.5646248,-3,1,-39
1759482295.602625,-10,3,-49
1759482295.6416247,-8,1,-44
1759482295.6786249,-5,2,-38
1759482295.7166247,1,-2,-32
1759482295.7546248,4,-3,-26
1759482295.7926247,-1,-4,-41
1759482295.8306248,0,2,-32
1759482295.8666248,4,-1,-33
1759482295.9046247,1,0,-27
1759482295.9426248,0,0,-35
1759482295.980625,-2,-1,-43
1759482296.0166247,-2,0,-41
1759482296.0546248,-6,0,-31
1759482296.092625,-12,10,-26
1759482296.1306248,-7,4,-36
1759482296.1666248,-1,6,-47
1759482296.204625,-4,-2,-46
1759482296.2426248,1,2,-45
1759482296.2806249,5,-1,-45
1759482296.3166249,-2,0,-36
1759482296.355625,-4,3,-42
1759482296.3926249,-10,2,-31
1759482296.431625,-4,3,-45
1759482296.467625,5,7,-32
1759482296.5056248,7,0,-40
1759482296.5426247,0,4,-48
1759482296.5816247,4,3,-37
1759482296.6176248,0,4,-35
1759482296.6566248,-7,1,-38
1759482296.694625,-4,0,-49
1759482296.7326248,1,-2,-39
1759482296.7686248,0,-1,-47
1759482296.806625,5,3,-52
1759482296.8446248,2,2,-36
1759482296.8826249,1,1,-51
1759482296.9186249,0,2,-37
1759482296.9566247,-2,0,-33
1759482296.9936247,3,4,-26
1759482297.0326247,4,5,-45
1759482297.0686247,2,7,-45
1759482297.105625,-1,3,-44
1759482297.1436248,-4,2,-47
1759482297.1826248,-3,2,-38
1759482297.2196248,-1,4,-49
1759482297.2566247,5,1,-42
1759482297.2956247,6,0,-33
1759482297.3336248,3,-1,-48
1759482297.3716247,0,3,-57
1759482297.4076247,4,2,-53
1759482297.4456248,3,0,-44
1759482297.4836247,4,-4,-38
1759482297.5216248,9,1,-27
1759482297.5576248,7,1,-33
1759482297.5956247,3,-3,-41
1759482297.6336248,0,-2,-32
1759482297.671625,1,3,-43
1759482297.707625,6,5,-42
1759482297.7456248,-2,1,-31
1759482297.783625,4,2,-41
1759482297.8216248,4,0,-53
1759482297.8576248,4,1,-47
1759482297.8946247,4,-2,-46
1759482297.9336247,7,-6,-34
1759482297.9716249,5,2,-32
1759482298.0076249,0,0,-34
1759482298.0446248,1,-5,-45
1759482298.0836248,3,-2,-35
1759482298.1216247,2,-6,-40
1759482298.1576247,6,1,-43
1759482298.1956248,-6,5,-36
1759482298.2336247,-1,11,-23
1759482298.2696247,1,4,-30
1759482298.306625,4,2,-35
1759482298.3446248,4,-2,-46
1759482298.3836248,2,-7,-45
1759482298.4196248,-3,-1,-55
1759482298.457625,-1,7,-48
1759482298.4966247,-9,1,-39
1759482298.5346248,2,1,-35
1759482298.5726247,1,2,-40
1759482298.6086247,0,-2,-45
1759482298.6466248,1,-2,-37
1759482298.6856248,6,0,-42
1759482298.7236247,2,3,-31
1759482298.7596247,7,0,-28
1759482298.796625,2,-3,-41
1759482298.8356247,3,-7,-28
1759482298.8736248,3,0,-39
1759482298.9096248,-2,0,-39
1759482298.9476247,0,0,-40
1759482298.9856248,4,1,-39
1759482299.0246248,0,-2,-42
1759482299.0626247,6,5,-44
1759482299.0986247,1,-4,-44
1759482299.1366248,3,-1,-38
1759482299.1746247,5,-5,-43
1759482299.2126248,4,3,-43
1759482299.2486248,4,0,-41
1759482299.2856247,0,-5,-31
1759482299.3246248,0,0,-34
1759482299.362625,-11,0,-32
1759482299.398625,-5,-4,-46
1759482299.4366248,-1,-5,-50
1759482299.4746249,-2,-2,-34
1759482299.513625,-6,-3,-43
1759482299.5496247,-9,-9,-42
1759482299.5886247,-4,-2,-44
1759482299.6266248,2,-1,-38
1759482299.6646247,7,1,-52
1759482299.7026248,7,3,-47
1759482299.7386248,3,2,-38
1759482299.7756248,-1,-4,-35
1759482299.8146248,-2,-3,-49
1759482299.852625,1,-7,-32
1759482299.888625,-1,-1,-36
1759482299.9266248,-7,4,-44
1759482299.964625,-2,3,-43
1759482300.003625,-8,1,-28
1759482300.0396247,-3,-2,-28
1759482300.0776248,-1,0,-20
1759482300.115625,3,-1,-29
1759482300.1546247,-4,0,-35
1759482300.1906247,0,4,-36
1759482300.2286248,0,4,-25
1759482300.2676249,-1,2,-23
1759482300.3046248,3,-6,-38
1759482300.3436248,7,-5,-44
1759482300.3796248,1,-2,-44
1759482300.4176247,6,6,-45
1759482300.4556248,4,0,-40
1759482300.4936247,12,-2,-44
1759482300.5296247,3,0,-29
1759482300.5676248,4,0,-27
1759482300.605625,7,-3,-34
1759482300.6436248,0,2,-38
1759482300.6796248,1,2,-33
1759482300.7166247,-5,-8,-34
1759482300.7556248,-1,-2,-48
1759482300.7936249,-1,1,-48
1759482300.829625,-1,0,-48
1759482300.8676248,3,-1,-50
1759482300.9056249,0,3,-44
1759482300.9436247,6,5,-44
1759482300.9796247,4,4,-32
1759482301.0176249,2,5,-42
1759482301.0556247,4,2,-41
1759482301.0936248,0,-6,-35
1759482301.1296248,-7,0,-38
1759482301.1686249,-3,2,-40
1759482301.2066247,0,0,-41
1759482301.2446249,0,-5,-36
1759482301.2806249,-3,-6,-31
1759482301.319625,-4,0,-42
1759482301.3566248,5,-4,-49
1759482301.3956249,10,-4,-37
1759482301.4336247,8,0,-35
1759482301.4696248,5,6,-43
1759482301.5076249,0,3,-30
1759482301.5456247,0,-5,-43
1759482301.5846248,0,5,-39
1759482301.6206248,2,2,-44
1759482301.6576247,-2,6,-54
1759482301.6956248,1,7,-45
1759482301.7346249,0,8,-33
1759482301.7706249,4,5,-38
1759482301.8086247,-4,3,-29
1759482301.8466249,-2,3,-33
1759482301.885625,-3,0,-43
1759482301.921625,-5,1,-47
1759482301.9586248,-5,3,-41
1759482301.9966247,-8,1,-53
1759482302.0356247,-1,-4,-48
1759482302.0716248,-2,-4,-38
1759482302.1106248,-6,7,-50
1759482302.148625,-3,-5,-42
1759482302.1876247,2,-4,-43
1759482302.2256248,-1,-3,-37
1759482302.2616248,-3,4,-40
1759482302.2996247,3,-4,-44
1759482302.3366249,0,-4,-40
1759482302.375625,-4,0,-41
1759482302.411625,-6,12,-44
1759482302.4496248,-16,1,-50
1759482302.4886248,-9,0,-43
1759482302.526625,3,5,-36
1759482302.5646248,4,0,-36
1759482302.6006248,4,0,-24
1759482302.6376247,-4,-4,-35
1759482302.6766248,-4,0,-29
1759482302.714625,0,2,-46
1759482302.750625,-1,3,-46
1759482302.7886248,3,0,-47
1759482302.8276248,0,-2,-37
1759482302.865625,1,3,-32
1759482302.901625,0,7,-34
1759482302.9386249,2,-1,-28
1759482302.9766247,-1,1,-32
1759482303.0156248,3,-6,-28
1759482303.0516248,-3,0,-29
1759482303.0886247,3,-4,-37
1759482303.1266248,1,0,-34
1759482303.1656249,-3,0,-35
1759482303.2016249,-2,-3,-31
1759482303.2396247,-5,0,-33
1759482303.2786248,2,-6,-36
1759482303.3166249,2,-3,-31
1759482303.352625,-1,2,-34
1759482303.3916247,-7,1,-44
1759482303.4286249,-7,3,-47
1759482303.4666247,-7,2,-45
1759482303.5056248,-3,4,-40
1759482303.5416248,4,0,-43
1759482303.5786247,-1,-4,-52
1759482303.6166248,-1,1,-42
1759482303.6556249,-3,-2,-31
1759482303.6916249,0,0,-35
1759482303.7286248,5,5,-28
1759482303.7666247,-2,7,-28
1759482303.8056247,1,1,-25
1759482303.8416247,2,0,-32
1759482303.878625,3,-2,-39
1759482303.9166248,8,-7,-38
1759482303.9556248,0,-3,-36
1759482303.9916248,-1,-3,-38
1759482304.0306249,-4,-2,-42
1759482304.0686247,-11,-3,-41
1759482304.1066248,-7,-4,-30
1759482304.1426249,2,-1,-40
1759482304.181625,-3,-3,-43
1759482304.2266247,1,-3,-50
1759482304.263625,-1,-10,-42
1759482304.3016248,5,-8,-41
1759482304.339625,6,-2,-37
1759482304.3776248,2,3,-43
1759482304.4156249,1,-1,-36
1759482304.4516249,2,0,-40
1759482304.4886248,-5,1,-36
1759482304.5276248,-5,-6,-44
1759482304.5656247,-2,0,-42
1759482304.6016247,-1,-3,-48
1759482304.6406248,3,0,-37
1759482304.6776247,4,-7,-45
1759482304.7166247,5,-8,-45
1759482304.7526248,4,-5,-32
1759482304.7906249,0,-4,-44
1759482304.829625,-1,-1,-56
1759482304.8676248,2,1,-49
1759482304.9056249,-7,5,-43
1759482304.9416249,0,-3,-50
1759482304.980625,5,-5,-40
1759482305.0186248,3,0,-47
1759482305.056625,-1,0,-47
1759482305.092625,0,0,-40
1759482305.1296248,0,-5,-40
1759482305.1676247,1,-5,-40
1759482305.2066247,0,-4,-42
1759482305.2426248,-3,0,-42
1759482305.2796247,-2,-1,-37
1759482305.3176248,0,7,-37
1759482305.3566248,6,3,-36
1759482305.3926249,-1,0,-45
1759482305.4306247,6,0,-38
1759482305.467625,3,-4,-34
1759482305.5066247,-2,2,-49
1759482305.5426247,-1,-1,-42
1759482305.5816247,0,5,-45
1759482305.6186247,-3,-3,-27
1759482305.6576247,-3,-6,-36
1759482305.6936247,4,-3,-39
1759482305.7316248,-1,0,-42
1759482305.7706249,0,-3,-39
1759482305.8076248,1,-6,-34
1759482305.8466249,3,0,-38
1759482305.8826249,-3,-1,-40
1759482305.921625,-1,-1,-40
1759482305.9596248,6,2,-34
1759482305.9976249,0,1,-42
1759482306.033625,-6,-3,-41
1759482306.0726247,-3,-8,-39
1759482306.1096249,-1,-2,-39
1759482306.148625,-3,-6,-38
1759482306.1866248,4,0,-33
1759482306.2226248,5,2,-19
1759482306.2596247,6,0,-31
1759482306.2986248,6,-3,-38
1759482306.3366249,2,-3,-40
1759482306.3726249,-2,-4,-50
1759482306.4106247,-1,5,-40
1759482306.4486248,6,2,-35
1759482306.487625,5,-2,-50
1759482306.523625,-1,-1,-40
1759482306.5626247,-6,-1,-35
1759482306.6006248,-7,4,-48
1759482306.638625,-2,9,-49
1759482306.6766248,1,-4,-34
1759482306.7126248,-2,1,-35
1759482306.750625,-1,1,-35
1759482306.7896247,0,4,-42
1759482306.8276248,2,-3,-22
1759482306.8636248,-5,-3,-37
1759482306.9026248,-5,-4,-36
1759482306.9396248,1,-5,-36
1759482306.9786248,1,7,-30
1759482307.0146248,0,0,-28
1759482307.0516248,-5,0,-33
1759482307.089625,1,-1,-44
1759482307.128625,-5,0,-54
1759482307.1646247,1,-5,-42
1759482307.2036247,-8,0,-52
1759482307.240625,2,-1,-49
1759482307.2796247,5,0,-34
1759482307.3176248,-3,-6,-23
1759482307.3536248,-1,-7,-32
1759482307.3926249,0,-1,-43
1759482307.4296248,0,-6,-51
1759482307.4686248,0,0,-56
1759482307.5046248,-4,-6,-43
1759482307.5426247,-1,-3,-39
1759482307.5806248,-8,-7,-36
1759482307.6186247,-1,-3,-31
1759482307.6546247,-9,-5,-27
1759482307.6926248,-3,7,-38
1759482307.7316248,-3,4,-35
1759482307.7696247,3,1,-35
1759482307.8076248,4,-2,-42
1759482307.8436248,1,-1,-41
1759482307.8826249,0,-1,-46
1759482307.9206247,-4,5,-34
1759482307.9586248,0,2,-39
1759482307.9956248,0,-2,-31
1759482308.0326247,5,-1,-41
1759482308.0716248,-4,3,-46
1759482308.1096249,-2,4,-30
1759482308.1476247,-1,-2,-36
1759482308.1836247,2,-4,-30
1759482308.2216249,-10,-5,-27
1759482308.2596247,-1,2,-34
1759482308.2986248,10,-1,-39
1759482308.3346248,6,5,-45
1759482308.3716247,-4,0,-44
1759482308.4096248,-6,-3,-34
1759482308.4486248,-7,1,-48
1759482308.4846249,-3,-1,-50
1759482308.5226247,1,0,-46
1759482308.5606248,6,-2,-45
1759482308.5996249,-1,-1,-40
1759482308.6376247,2,-2,-46
1759482308.6736248,-1,-4,-43
1759482308.7116249,-2,2,-30
1759482308.7496247,1,1,-36
1759482308.7886248,-3,4,-37
1759482308.8246248,0,0,-45
1759482308.862625,2,-1,-39
1759482308.8996248,-2,-3,-36
1759482308.9386249,-5,-4,-38
1759482308.9746249,0,-8,-43
1759482309.0116248,1,0,-42
1759482309.0496247,-4,-5,-33
1759482309.0886247,-3,-9,-36
1759482309.1246247,-1,-7,-44
1759482309.1636248,2,-1,-39
1759482309.2006247,6,-1,-37
1759482309.2396247,3,1,-43
1759482309.2756248,1,-3,-33
1759482309.3136249,-3,-2,-34
1759482309.352625,-2,0,-32
1759482309.3906248,1,2,-44
1759482309.4286249,1,0,-38
1759482309.464625,2,1,-36
1759482309.5026248,0,1,-30
1759482309.5406249,-4,-3,-32
1759482309.5786247,0,1,-33
1759482309.6146247,-1,5,-41
1759482309.6526248,-2,5,-41
1759482309.6906247,4,0,-45
1759482309.7286248,1,0,-52
1759482309.7646248,-1,1,-37
1759482309.8036249,0,8,-44
1759482309.8406248,-9,0,-42
1759482309.8796248,-3,-3,-40
1759482309.9156249,-4,3,-39
1759482309.9536247,0,-1,-41
1759482309.990625,-7,-1,-46
1759482310.0296247,-1,-4,-38
1759482310.0656247,0,1,-37
1759482310.1036248,1,-2,-30
1759482310.1406248,-3,3,-28
1759482310.1796248,-3,0,-41
1759482310.2156248,2,0,-41
1759482310.253625,0,0,-38
1759482310.2916248,0,-1,-40
1759482310.329625,0,0,-37
1759482310.365625,-4,-4,-52
1759482310.4046247,-3,0,-40
1759482310.4416249,0,-10,-23
1759482310.480625,0,-4,-33
1759482310.5166247,0,0,-38
1759482310.5536249,-2,1,-34
1759482310.5916247,-3,5,-27
1759482310.6306248,0,1,-42
1759482310.6666248,0,2,-39
1759482310.7036247,-5,-1,-41
1759482310.7426248,-2,0,-29
1759482310.7806249,2,-5,-38
1759482310.8166249,6,-8,-25
1759482310.8546247,1,-2,-38
1759482310.8936248,-1,-3,-39
1759482310.931625,2,-3,-41
1759482310.9696248,1,2,-33
1759482311.0056248,6,-4,-39
1759482311.0436249,-3,-1,-42
1759482311.0816247,-3,1,-34
1759482311.1196249,0,-2,-30
1759482311.1556249,-1,-5,-27
1759482311.194625,2,1,-34
1759482311.2316248,-2,3,-45
1759482311.2706249,0,6,-40
1759482311.306625,0,-1,-31
1759482311.3446248,-1,-4,-41
1759482311.3816247,-2,-1,-50
1759482311.4206247,2,5,-48
1759482311.4566247,0,-1,-56
1759482311.4936247,-1,7,-39
1759482311.5316248,5,-3,-45
1759482311.5706248,4,-8,-29
1759482311.6066248,3,-4,-40
1759482311.6436248,2,7,-37
1759482311.681625,0,4,-49
1759482311.7206247,1,3,-41
1759482311.7566247,2,-1,-34
1759482311.7946248,-1,-3,-28
1759482311.8316247,-3,0,-34
1759482311.8706248,-2,0,-42
1759482311.9066248,-1,-2,-35
1759482311.9456248,-3,-5,-35
1759482311.9826248,2,1,-26
1759482312.0216248,-3,5,-43
1759482312.059625,2,0,-36
1759482312.0956247,0,3,-49
1759482312.1326249,9,1,-55
1759482312.171625,7,-3,-53
1759482312.207625,9,-4,-58
1759482312.2466247,12,-1,-51
1759482312.283625,2,-4,-36
1759482312.3226247,8,0,-31
1759482312.3606248,3,2,-46
1759482312.3966248,2,0,-39
1759482312.4336247,-4,-6,-40
1759482312.4726248,3,0,-33
1759482312.510625,2,-5,-36
1759482312.546625,6,-2,-33
1759482312.5836248,-1,0,-33
1759482312.6226249,1,2,-29
1759482312.6606247,4,0,-40
1759482312.6966248,-4,2,-31
1759482312.7336247,0,-4,-38
1759482312.7726247,-8,0,-44
1759482312.8106248,-9,0,-30
1759482312.8466249,-6,0,-35
1759482312.8836248,-4,-1,-37
1759482312.9226248,-7,3,-41
1759482312.9606247,-7,1,-34
1759482312.9966247,-5,3,-44
1759482313.0346248,-5,2,-35
1759482313.0726247,-3,4,-31
1759482313.1106248,1,-2,-27
1759482313.1466248,6,-1,-31
1759482313.184625,3,0,-41
1759482313.2226248,0,-6,-45
1759482313.2616248,4,-7,-37
1759482313.2976248,0,-8,-35
1759482313.3356247,7,-5,-34
1759482313.3746247,-3,-2,-36
1759482313.4126248,-4,-5,-41
1759482313.4506247,1,-3,-35
1759482313.487625,0,0,-31
1759482313.5256248,2,-3,-46
1759482313.5626247,-1,3,-49
1759482313.6016247,0,4,-41
1759482313.6376247,-6,0,-51
1759482313.6756248,-3,2,-42
1759482313.7126248,5,-5,-40
1759482313.7516248,0,0,-52
1759482313.7876248,-3,-2,-48
1759482313.8256247,1,0,-47
1759482313.8646247,5,0,-45
1759482313.9026248,1,0,-44
1759482313.9386249,-5,7,-45
1759482313.9756248,-1,-2,-36
1759482314.013625,10,-1,-47
1759482314.0526247,9,-4,-50
1759482314.0886247,-5,-5,-49
1759482314.1276248,-5,-3,-43
1759482314.1656249,1,0,-41
1759482314.2036247,-3,0,-36
1759482314.2476249,-4,-6,-34
1759482314.2856247,-6,-2,-39
1759482314.3226247,-3,-2,-37
1759482314.3616247,0,-1,-46
1759482314.3976247,-3,-3,-45
1759482314.4356248,-3,3,-28
1759482314.4746249,3,7,-27
1759482314.5126247,0,8,-39
1759482314.5486248,7,2,-41
1759482314.5866249,2,6,-52
1759482314.6236248,10,0,-56
1759482314.6626248,0,0,-44
1759482314.6986248,1,0,-32
1759482314.7356248,-4,0,-41
1759482314.7746248,4,0,-27
1759482314.8126247,-2,-3,-48
1759482314.8486247,5,2,-35
1759482314.8866248,1,9,-38
1759482314.9246247,-2,4,-50
1759482314.9626248,-2,-1,-42
1759482314.9986248,0,2,-38
1759482315.0356247,6,-2,-34
1759482315.0746248,4,-3,-31
1759482315.112625,-8,3,-34
1759482315.148625,-5,5,-45
1759482315.1866248,-2,-2,-33
1759482315.2246249,-2,-1,-39
1759482315.2626247,-1,2,-32
1759482315.2986248,0,0,-36
1759482315.3366249,0,0,-47
1759482315.3746247,4,2,-42
1759482315.4136248,-5,2,-38
1759482315.4516249,0,0,-29
1759482315.487625,0,-1,-42
1759482315.5246248,0,0,-39
1759482315.5636249,0,-3,-22
1759482315.5996249,3,5,-31
1759482315.6366248,2,-1,-43
1759482315.6746247,2,0,-52
1759482315.7136247,5,1,-37
1759482315.7496247,6,7,-35
1759482315.786625,-1,-4,-41
1759482315.8246248,-6,3,-48
1759482315.8636248,1,3,-50
1759482315.8996248,9,-3,-50
1759482315.9366248,6,0,-40
1759482315.9746249,4,-3,-46
1759482316.013625,4,-4,-45
1759482316.0496247,-1,4,-34
1759482316.0866249,-4,2,-45
1759482316.1246247,-2,-5,-41
1759482316.1636248,1,4,-35
1759482316.1996248,0,1,-46
1759482316.2366247,-2,1,-37
1759482316.2746248,0,4,-35
1759482316.3136249,2,2,-45
1759482316.3496249,2,3,-51
1759482316.3876247,1,-2,-43
1759482316.4266248,6,-1,-29
1759482316.464625,0,-7,-39
1759482316.5026248,-2,-2,-36
1759482316.5386248,2,0,-41
1759482316.5766249,7,4,-37
1759482316.6146247,6,5,-50
1759482316.6526248,10,0,-38
1759482316.6886249,5,2,-31
1759482316.7266247,-2,-1,-41
1759482316.7646248,0,2,-34
1759482316.8026247,3,4,-38
1759482316.8386247,0,2,-39
1759482316.8766248,2,-1,-36
1759482316.9146247,-6,0,-28
1759482316.9526248,-3,1,-31
1759482316.9886248,2,-4,-41
1759482317.026625,0,-8,-45
1759482317.0656247,0,3,-40
1759482317.1036248,-5,5,-43
1759482317.1396248,-4,3,-38
1759482317.1776247,0,1,-32
1759482317.2156248,-1,4,-26
1759482317.2546248,1,-3,-39
1759482317.2906249,2,0,-38
1759482317.3276248,1,3,-45
1759482317.365625,8,-1,-33
1759482317.4046247,0,-1,-34
1759482317.4406247,-1,-5,-42
1759482317.4786248,-4,0,-39
1759482317.5176249,-2,-1,-37
1759482317.5546248,-3,1,-36
1759482317.5936248,-9,-2,-38
1759482317.6296248,-9,1,-38
1759482317.6686249,0,-5,-40
1759482317.7056248,4,-1,-47
1759482317.7446249,9,7,-52
1759482317.7806249,3,10,-52
1759482317.8186247,2,0,-42
1759482317.8576248,6,4,-38
1759482317.8946247,7,2,-38
1759482317.9336247,5,0,-50
1759482317.9696248,6,0,-41
1759482318.0076249,-2,-1,-37
1759482318.0456247,0,1,-44
1759482318.0846248,-1,0,-45
1759482318.1206248,7,3,-44
1759482318.158625,-5,-2,-43
1759482318.1956248,-2,-4,-40
1759482318.2346249,1,2,-35
1759482318.2706249,7,-1,-42
1759482318.3076248,1,-6,-41
1759482318.3456247,-3,-6,-34
1759482318.3846247,3,-4,-38
1759482318.421625,2,0,-51
1759482318.4586248,6,-2,-50
1759482318.4976249,5,1,-40
1759482318.5356247,-1,-4,-45
1759482318.5736248,2,-2,-45
1759482318.6096249,9,-6,-52
1759482318.6476247,6,-2,-44
1759482318.6856248,-2,-2,-35
1759482318.7236247,6,-3,-38
1759482318.7596247,7,1,-36
1759482318.7976248,8,3,-40
1759482318.8356247,6,0,-42
1759482318.8736248,0,-4,-38
1759482318.9096248,-2,0,-39
1759482318.9476247,-3,-1,-38
1759482318.9856248,-4,0,-30
1759482319.0216248,-2,4,-38
1759482319.059625,0,2,-35
1759482319.0976248,7,-1,-32
1759482319.1366248,1,0,-23
1759482319.1746247,2,2,-30
1759482319.2106247,9,-2,-40
1759482319.2486248,0,4,-36
1759482319.2876248,0,0,-46
1759482319.3256247,0,-1,-40
1759482319.3616247,2,0,-33
1759482319.398625,-6,2,-35
1759482319.4376247,-1,-9,-39
1759482319.4756248,1,-1,-30
1759482319.5116248,-5,4,-31
1759482319.5486248,-7,5,-45
1759482319.5876248,-2,4,-54
1759482319.625625,4,0,-32
1759482319.661625,4,4,-27
1759482319.6996248,-5,4,-31
1759482319.737625,-6,0,-34
1759482319.7756248,-2,0,-42
1759482319.8116248,7,1,-33
1759482319.8496249,-5,-3,-35
1759482319.8876247,-4,-2,-42
1759482319.9256248,-2,0,-37
1759482319.9616249,0,-4,-39
1759482320.000625,1,1,-36
1759482320.0376248,-9,1,-33
1759482320.0766249,-4,-2,-30
1759482320.1146247,-1,3,-27
1759482320.1506248,-1,6,-44
1759482320.1886249,4,0,-34
1759482320.2266247,-1,1,-44
1759482320.2656248,-2,-4,-41
1759482320.3026247,3,-2,-37
1759482320.3406248,7,-7,-34
1759482320.3776248,0,-10,-35
1759482320.4166248,7,1,-30
1759482320.454625,3,0,-49
1759482320.490625,1,-2,-44
1759482320.5276248,-1,1,-51
1759482320.5666249,3,-1,-25
1759482320.6046247,-7,0,-22
1759482320.6406248,-3,-1,-44
1759482320.6786249,1,2,-38
1759482320.717625,8,-1,-35
1759482320.7556248,10,-4,-24
1759482320.7916248,4,4,-27
1759482320.829625,1,0,-30
1759482320.8666248,-7,2,-35
1759482320.9056249,0,0,-39
1759482320.9416249,0,1,-38
1759482320.9786248,5,0,-37
1759482321.0166247,1,1,-37
1759482321.0556247,1,0,-33
1759482321.0916247,-10,2,-36
1759482321.1296248,7,-6,-42
1759482321.1666248,7,-5,-39
1759482321.2056248,-3,-2,-40
1759482321.2416248,0,2,-42
1759482321.2796247,-1,0,-46
1759482321.3166249,-1,2,-35
1759482321.355625,-1,-2,-26
1759482321.3916247,9,2,-20
1759482321.4286249,3,4,-25
1759482321.4666247,-2,3,-36
1759482321.5056248,0,0,-41
1759482321.5416248,1,2,-43
1759482321.579625,-1,0,-32
1759482321.6176248,2,0,-33
1759482321.6556249,-9,-3,-34
1759482321.6916249,0,0,-41
1759482321.7286248,-3,1,-32
1759482321.7676249,1,-5,-32
1759482321.8056247,0,0,-31
1759482321.8416247,0,7,-36
1759482321.8796248,4,4,-36
1759482321.9176247,-2,4,-34
1759482321.9566247,2,0,-38
1759482321.9926248,0,-3,-49
1759482322.0316248,8,6,-47
1759482322.0686247,0,4,-31
1759482322.1076248,-3,0,-33
1759482322.1456249,-1,2,-25
1759482322.181625,-1,-3,-37
1759482322.2196248,5,0,-42
1759482322.2586248,12,6,-37
1759482322.296625,0,0,-40
1759482322.332625,0,0,-53
1759482322.3696249,-3,4,-45
1759482322.4076247,5,8,-44
1759482322.4466248,2,10,-44
1759482322.4826248,2,7,-42
1759482322.5206249,1,0,-26
1759482322.5576248,0,1,-44
1759482322.5966249,1,0,-39
1759482322.6326249,2,0,-38
1759482322.6706247,-1,-3,-43
1759482322.707625,-2,-5,-42
1759482322.7466247,2,-1,-42
1759482322.7826247,2,-2,-31
1759482322.8216248,4,4,-42
1759482322.8596249,0,0,-41
1759482322.8976247,-2,2,-38
1759482322.9336247,-3,4,-38
1759482322.9726248,-2,0,-34
1759482323.010625,-1,0,-48
1759482323.0476248,-5,5,-44
1759482323.0866249,-1,3,-37
1759482323.1226249,-3,-1,-34
1759482323.161625,-3,-6,-32
1759482323.1996248,-8,1,-40
1759482323.237625,-4,0,-44
1759482323.273625,2,-2,-32
1759482323.3116248,0,-4,-32
1759482323.3486247,1,1,-39
1759482323.3876247,1,1,-29
1759482323.4236248,5,7,-33
1759482323.4616249,4,4,-33
1759482323.4996247,1,1,-30
1759482323.5376248,4,0,-29
1759482323.5736248,5,1,-21
1759482323.6106248,1,5,-24
1759482323.648625,-3,4,-31
1759482323.6876247,-5,-4,-46
1759482323.7236247,-3,-4,-49
1759482323.7616248,-4,0,-46
1759482323.8006248,-8,0,-42
1759482323.8386247,-6,3,-48
1759482323.8766248,-2,0,-35
1759482323.9126248,4,0,-43
1759482323.9496248,-4,-1,-48
1759482323.9886248,-10,2,-43
1759482324.026625,-9,-2,-41
1759482324.0626247,-6,5,-28
1759482324.1006248,1,2,-41
1759482324.138625,7,-3,-42
1759482324.1766248,1,-4,-41
1759482324.2126248,2,-5,-37
1759482324.2586248,2,-3,-48
1759482324.2976248,0,-8,-45
1759482324.3336248,2,0,-45
1759482324.3706248,0,0,-45
1759482324.4096248,0,1,-31
1759482324.4476247,4,-6,-35
1759482324.4836247,5,2,-42
1759482324.5216248,-9,-4,-41
1759482324.559625,-1,-3,-31
1759482324.5976248,0,-2,-31
1759482324.6336248,1,-3,-30
1759482324.6706247,5,1,-40
1759482324.7096248,3,-2,-46
1759482324.7476249,0,4,-53
1759482324.783625,-1,3,-36
1759482324.8216248,7,9,-45
1759482324.8596249,3,6,-50
1759482324.898625,-5,7,-47
1759482324.934625,-4,-3,-46
1759482324.9726248,-4,-2,-38
1759482325.010625,0,-10,-44
1759482325.0496247,-1,-2,-39
1759482325.0876248,0,-2,-37
1759482325.1236248,0,-1,-40
1759482325.1606247,4,0,-52
1759482325.1996248,-3,-3,-34
1759482325.237625,0,3,-42
1759482325.273625,2,0,-47
1759482325.3116248,-1,-5,-42
1759482325.3496249,-2,0,-42
1759482325.3876247,-4,-4,-33
1759482325.4236248,-5,-6,-54
1759482325.4626248,-8,-5,-51
1759482325.4996247,-3,-1,-48
1759482325.5386248,-1,-7,-44
1759482325.5756247,0,-3,-30
1759482325.612625,0,0,-35
1759482325.6506248,1,0,-28
1759482325.6896248,2,-7,-41
1759482325.727625,6,-1,-45
1759482325.763625,3,-1,-41
1759482325.8016248,-3,-3,-38
1759482325.8406248,-4,-2,-42
1759482325.878625,0,2,-51
1759482325.9146247,-2,-2,-37
1759482325.9536247,-2,0,-38
1759482325.9916248,-6,3,-32
1759482326.0296247,-5,0,-33
1759482326.0656247,2,-1,-31
1759482326.1036248,5,-3,-34
1759482326.1426249,1,2,-29
1759482326.1796248,0,-6,-38
1759482326.2186248,-7,-1,-46
1759482326.2546248,2,3,-45
1759482326.2926247,8,0,-47
1759482326.329625,3,0,-47
1759482326.3686247,4,-5,-39
1759482326.4046247,1,-1,-44
1759482326.4416249,-3,-3,-45
1759482326.4796247,0,-3,-41
1759482326.5186248,-10,0,-30
1759482326.5546248,-11,0,-39
1759482326.592625,-6,3,-52
1759482326.6306248,-2,0,-47
1759482326.6696248,-6,1,-30
1759482326.7056248,-4,-7,-33
1759482326.7446249,-1,-13,-30
1759482326.7826247,-2,-2,-45
1759482326.8206248,-3,-1,-51
1759482326.8586247,-1,1,-46
1759482326.8946247,-6,3,-41
1759482326.9326248,-5,5,-34
1759482326.9716249,0,4,-37
1759482327.0096247,-4,3,-36
1759482327.0456247,-4,0,-36
1759482327.0836248,0,0,-43
1759482327.1226249,6,0,-39
1759482327.1606247,7,-2,-34
1759482327.1986248,-3,-1,-49
1759482327.2346249,-3,0,-31
1759482327.2726247,-1,5,-37
1759482327.3106248,-7,1,-57
1759482327.3486247,-3,1,-41
1759482327.3846247,3,5,-42
1759482327.4226248,7,2,-33
1759482327.4606247,4,1,-33
1759482327.4986248,-3,-2,-37
1759482327.5346248,0,2,-38
1759482327.5726247,2,2,-34
1759482327.6106248,-10,0,-44
1759482327.648625,-8,0,-44
1759482327.684625,-2,0,-50
1759482327.7236247,3,1,-49
1759482327.760625,0,1,-52
1759482327.7996247,-3,-1,-40
1759482327.8356247,-7,-2,-54
1759482327.8736248,-2,-2,-48
1759482327.911625,-2,6,-41
1759482327.9506247,10,0,-43
1759482327.9866247,3,-4,-38
1759482328.0246248,7,-3,-32
1759482328.0626247,5,1,-31
1759482328.1016247,-2,0,-37
1759482328.1396248,-1,-1,-43
1759482328.1756248,0,5,-50
1759482328.2126248,1,0,-44
1759482328.2516248,2,-3,-38
1759482328.2896247,0,8,-39
1759482328.3256247,-2,12,-38
1759482328.3636248,-1,2,-44
1759482328.401625,3,-3,-38
1759482328.4406247,6,0,-51
1759482328.4766247,4,1,-36
1759482328.513625,4,0,-24
1759482328.5516248,3,-2,-23
1759482328.5906248,2,-2,-35
1759482328.6266248,-1,0,-28
1759482328.6646247,0,-1,-36
1759482328.7016249,-4,1,-44
1759482328.740625,-3,2,-44
1759482328.776625,-4,6,-40
1759482328.8146248,-2,3,-38
1759482328.8516247,-3,5,-38
1759482328.8906248,5,-1,-31
1759482328.9266248,1,1,-38
1759482328.9636247,0,6,-29
1759482329.0016248,-1,1,-41
1759482329.0406249,-1,5,-45
1759482329.0766249,0,0,-37
1759482329.1146247,5,1,-40
1759482329.151625,0,3,-44
1759482329.1906247,0,0,-35
1759482329.2266247,-1,1,-38
1759482329.263625,0,3,-32
1759482329.3016248,-3,-4,-43
1759482329.3406248,0,-4,-41
1759482329.3766248,6,-2,-42
1759482329.4136248,5,4,-45
1759482329.4516249,0,-1,-41
1759482329.490625,-3,-2,-26
1759482329.526625,4,-3,-35
1759482329.5636249,0,7,-37
1759482329.6016247,-6,7,-50
1759482329.6406248,-10,-6,-43
1759482329.6766248,-7,-8,-52
1759482329.714625,-8,-1,-40
1759482329.7526248,-1,4,-34
1759482329.7916248,0,-3,-39
1759482329.8276248,-2,-2,-48
1759482329.8666248,4,2,-43
1759482329.9036248,2,1,-35
1759482329.9426248,4,-2,-40
1759482329.980625,-7,-4,-33
1759482330.0166247,-1,-7,-33
1759482330.0556247,1,-7,-26
1759482330.092625,0,0,-29
1759482330.1316247,0,-2,-36
1759482330.1676247,0,2,-39
1759482330.204625,-3,4,-40
1759482330.2436247,0,3,-24
1759482330.2816248,2,0,-33
1759482330.3176248,3,-4,-45
1759482330.355625,3,1,-35
1759482330.3926249,-1,1,-30
1759482330.431625,-6,-4,-31
1759482330.467625,1,-3,-27
1759482330.5046248,-7,-2,-29
1759482330.5426247,-3,0,-39
1759482330.5816247,-3,2,-36
1759482330.6176248,-4,-6,-44
1759482330.6556249,1,-7,-50
1759482330.694625,-2,1,-50
1759482330.7326248,5,3,-39
1759482330.7706249,8,3,-31
1759482330.8076248,0,0,-31
1759482330.8456247,-1,0,-39
1759482330.8826249,-3,2,-46
1759482330.921625,2,-1,-40
1759482330.957625,2,-2,-35
1759482330.9956248,-1,-5,-42
1759482331.033625,-3,0,-44
1759482331.0726247,2,5,-40
1759482331.1106248,0,1,-42
1759482331.1466248,1,0,-40
1759482331.1836247,2,1,-40
1759482331.2226248,4,2,-34
1759482331.2586248,4,1,-26
1759482331.2956247,1,-2,-34
1759482331.3336248,-1,3,-39
1759482331.3726249,-3,3,-39
1759482331.408625,-2,5,-36
1759482331.4466248,0,-4,-39
1759482331.4836247,-9,1,-42
1759482331.5226247,0,-1,-35
1759482331.5586247,-2,-10,-39
1759482331.5966249,-3,-8,-47
1759482331.6346247,-1,-8,-37
1759482331.6736248,5,-11,-32
1759482331.7116249,2,0,-42
1759482331.7476249,-4,0,-37
1759482331.7846248,-2,-1,-41
1759482331.8226247,2,1,-42
1759482331.8616247,-2,1,-37
1759482331.8976247,5,-1,-46
1759482331.9356248,5,-1,-28
1759482331.9736247,-1,2,-38
1759482332.0116248,1,4,-32
1759482332.0476248,3,8,-39
1759482332.0856247,4,2,-35
1759482332.1236248,-2,0,-35
1759482332.161625,-7,3,-30
1759482332.1976247,0,3,-37
1759482332.2356248,-4,0,-24
1759482332.273625,4,3,-25
1759482332.3116248,4,-4,-29
1759482332.3476248,-4,-5,-33
1759482332.3866248,-5,-1,-36
1759482332.4236248,-7,-3,-34
1759482332.4626248,-1,0,-31
1759482332.4986248,-5,5,-45
1759482332.536625,5,-3,-52
1759482332.5746248,0,3,-42
1759482332.6136248,-1,-1,-38
1759482332.651625,-1,-1,-37
1759482332.6876247,0,5,-43
1759482332.7246249,1,3,-36
1759482332.763625,2,2,-39
1759482332.8016248,-6,0,-35
1759482332.8376248,-5,0,-32
1759482332.8746247,3,9,-39
1759482332.9136248,1,4,-46
1759482332.9496248,4,2,-44
1759482332.9866247,3,4,-32
1759482333.0246248,0,0,-46
1759482333.0636249,2,0,-39
1759482333.0996249,0,0,-35
1759482333.1366248,7,0,-31
1759482333.1746247,-1,-1,-38
1759482333.2136247,0,-8,-27
1759482333.2496247,-7,-7,-40
1759482333.2876248,-3,-1,-38
1759482333.3256247,-3,7,-46
1759482333.3636248,-3,4,-42
1759482333.4026248,0,2,-43
1759482333.4386249,4,2,-48
1759482333.4756248,4,0,-50
1759482333.5146248,7,3,-41
1759482333.5526247,3,1,-47
1759482333.5886247,8,7,-52
1759482333.6266248,0,-1,-48
1759482333.6646247,-7,-1,-45
1759482333.7026248,5,-1,-46
1759482333.7386248,3,0,-47
1759482333.7756248,-1,6,-41
1759482333.8146248,0,9,-44
1759482333.852625,2,4,-40
1759482333.888625,6,2,-31
1759482333.9266248,-1,4,-32
1759482333.964625,-5,4,-29
1759482334.0026248,4,0,-42
1759482334.0386248,-1,4,-36
1759482334.0776248,-3,1,-30
1759482334.1146247,-2,0,-27
1759482334.1536248,-1,4,-37
1759482334.1896248,-1,6,-45
1759482334.2266247,4,2,-49
1759482334.2726247,-3,2,-46
1759482334.3086247,-7,10,-52
1759482334.3476248,0,8,-42
1759482334.385625,2,2,-38
1759482334.4236248,1,4,-37
1759482334.4596248,-2,8,-40
1759482334.4976249,-6,4,-50
1759482334.5356247,-5,-6,-45
1759482334.5746248,-7,0,-35
1759482334.612625,5,1,-44
1759482334.648625,4,-4,-42
1759482334.6866248,-1,-1,-43
1759482334.7246249,0,-2,-55
1759482334.763625,4,0,-44
1759482334.7996247,3,0,-46
1759482334.8386247,7,0,-44
1759482334.8766248,-2,7,-27
1759482334.9146247,0,5,-43
1759482334.9516249,4,0,-44
1759482334.9886248,0,0,-45
1759482335.026625,0,0,-50
1759482335.0646248,-10,-6,-51
1759482335.1036248,1,-10,-46
1759482335.1396248,0,-9,-35
1759482335.1766248,2,-6,-40
1759482335.214625,3,-4,-33
1759482335.253625,10,4,-28
1759482335.2896247,11,5,-34
1759482335.3266249,2,9,-37
1759482335.3646247,4,1,-37
1759482335.4036248,1,0,-43
1759482335.4396248,-5,2,-39
1759482335.477625,-1,-1,-28
1759482335.5166247,-6,-2,-21
1759482335.5546248,8,0,-33
1759482335.5906248,6,-6,-36
1759482335.6296248,5,-7,-42
1759482335.6676247,-1,-1,-38
1759482335.7056248,-3,1,-39
1759482335.7436247,-1,13,-41
1759482335.7796247,1,8,-49
1759482335.8176248,2,2,-37
1759482335.855625,2,1,-43
1759482335.8936248,-2,3,-38
1759482335.9296248,-6,4,-48
1759482335.967625,-2,11,-45
1759482336.0056248,-9,0,-42
1759482336.0436249,-7,1,-33
1759482336.079625,-3,0,-32
1759482336.1176248,-1,-2,-40
1759482336.1556249,-2,1,-30
1759482336.194625,-4,0,-36
1759482336.230625,-8,-2,-39
1759482336.2696247,-4,3,-32
1759482336.3076248,-6,-2,-36
1759482336.3456247,-8,1,-33
1759482336.3836248,2,-5,-40
1759482336.4196248,-1,-5,-41
1759482336.4586248,0,4,-37
1759482336.4966247,0,2,-47
1759482336.5346248,3,1,-38
1759482336.5706248,-4,0,-39
1759482336.6076248,-3,2,-40
1759482336.6456249,4,3,-45
1759482336.684625,-2,-1,-39
1759482336.7206247,2,4,-38
1759482336.7586248,2,-1,-32
1759482336.796625,0,2,-33
1759482336.8346248,-1,-2,-29
1759482336.8706248,7,-6,-30
1759482336.908625,3,-3,-49
1759482336.9456248,3,-1,-42
1759482336.9846249,-5,2,-34
1759482337.0206249,-5,2,-40
1759482337.0576248,-2,-3,-35
1759482337.0956247,-7,-2,-35
1759482337.1346247,-5,-9,-39
1759482337.1706247,0,-1,-51
1759482337.2096248,0,-8,-41
1759482337.2466247,2,4,-41
1759482337.2856247,3,-2,-44
1759482337.3216248,-1,-6,-44
1759482337.3596249,5,-6,-33
1759482337.398625,-2,-2,-39
1759482337.4366248,-2,-1,-40
1759482337.4746249,0,0,-48
1759482337.510625,4,-5,-57
1759482337.5486248,5,-4,-50
1759482337.5866249,3,1,-45
1759482337.625625,1,0,-39
1759482337.661625,0,3,-42
1759482337.6996248,5,3,-35
1759482337.7366247,2,0,-52
1759482337.7756248,-1,-1,-43
1759482337.8116248,-2,2,-36
1759482337.8496249,-4,-3,-35
1759482337.8866248,1,-1,-44
1759482337.9256248,-7,-2,-43
1759482337.9616249,-2,-3,-37
1759482337.9996247,6,2,-35
1759482338.0376248,1,1,-51
1759482338.0766249,0,-3,-48
1759482338.1146247,6,-9,-40
1759482338.1506248,2,0,-35
1759482338.1876247,0,2,-40
1759482338.2266247,-1,-1,-45
1759482338.2626247,4,4,-53
1759482338.3006248,-7,0,-42
1759482338.3386247,-4,11,-48
1759482338.3766248,3,1,-43
1759482338.4126248,2,-1,-41
1759482338.4506247,3,2,-36
1759482338.487625,5,2,-33
1759482338.526625,-5,-5,-43
1759482338.5626247,2,-7,-40
1759482338.5996249,-2,-7,-42
1759482338.638625,-7,-3,-41
1759482338.6766248,-5,-3,-44
1759482338.7126248,3,0,-42
1759482338.750625,0,-2,-32
1759482338.7876248,-1,1,-39
1759482338.8266249,-2,-1,-45
1759482338.862625,-4,-6,-37
1759482338.9006248,-9,4,-43
1759482338.9386249,-2,2,-47
1759482338.977625,-1,0,-27
1759482339.0156248,4,-1,-39
1759482339.0516248,-1,7,-36
1759482339.0906248,-7,4,-39
1759482339.1276248,3,7,-37
1759482339.1666248,7,3,-39
1759482339.2026248,5,4,-39
1759482339.2396247,1,-6,-35
1759482339.2776248,1,-7,-39
1759482339.3166249,-5,0,-39
1759482339.352625,-4,2,-33
1759482339.3906248,0,0,-33
1759482339.4286249,-2,1,-45
1759482339.467625,0,-4,-38
1759482339.5056248,1,-3,-44
1759482339.5416248,-2,-2,-44
1759482339.5806248,7,-1,-31
1759482339.6186247,-2,-2,-32
1759482339.6566248,-6,-1,-33
1759482339.6926248,-2,-5,-40
1759482339.7316248,-2,5,-44
1759482339.7696247,0,0,-53
1759482339.8076248,7,-1,-52
1759482339.8456247,-4,5,-40
1759482339.8816247,1,4,-40
1759482339.9186249,0,6,-49
1759482339.957625,0,8,-43
1759482339.9936247,0,0,-43
1759482340.0316248,2,0,-27
1759482340.0686247,2,-4,-36
1759482340.1076248,0,2,-38
1759482340.1436248,5,-5,-38
1759482340.1826248,4,3,-38
1759482340.2196248,3,0,-25
1759482340.2586248,3,3,-36
1759482340.296625,-2,-2,-37
1759482340.332625,-3,2,-36
1759482340.3696249,6,5,-32
1759482340.408625,2,2,-33
1759482340.4466248,-1,-1,-35
1759482340.4826248,1,2,-47
1759482340.5196247,0,0,-50
1759482340.5576248,-1,2,-49
1759482340.5966249,7,0,-51
1759482340.6336248,0,-1,-46
1759482340.6706247,-1,-2,-35
1759482340.7096248,-1,-4,-37
1759482340.7476249,-1,1,-45
1759482340.783625,3,3,-55
1759482340.8216248,2,-2,-49
1759482340.8596249,4,1,-41
1759482340.8976247,4,-3,-49
1759482340.9336247,0,-1,-58
1759482340.9706247,0,1,-47
1759482341.0086248,-1,-3,-45
1759482341.0476248,-3,-2,-38
1759482341.0836248,-1,0,-34
1759482341.1216247,-3,2,-39
1759482341.158625,-1,1,-44
1759482341.1976247,-2,0,-37
1759482341.2336247,-3,1,-53
1759482341.2716248,-4,-2,-47
1759482341.309625,-5,-7,-36
1759482341.3476248,-3,-2,-27
1759482341.3836248,0,0,-35
1759482341.421625,-1,-2,-39
1759482341.4586248,2,0,-41
1759482341.4976249,2,3,-29
1759482341.533625,2,0,-40
1759482341.5716248,1,-7,-36
1759482341.6096249,0,1,-40
1759482341.6476247,2,-6,-32
1759482341.6836247,0,-5,-36
1759482341.7216249,-2,-9,-50
1759482341.7586248,-3,-2,-40
1759482341.7976248,-2,-5,-31
1759482341.8336248,1,-3,-44
1759482341.8716247,0,1,-44
1759482341.908625,0,0,-42
1759482341.9476247,5,-10,-44
1759482341.9836247,3,-8,-44
1759482342.0226247,6,0,-45
1759482342.059625,0,-4,-44
1759482342.0986247,-3,0,-42
1759482342.1346247,0,0,-40
1759482342.171625,6,-4,-44
1759482342.2096248,4,0,-42
1759482342.2486248,4,-9,-52
1759482342.2846248,7,0,-38
1759482342.3216248,-1,-2,-44
1759482342.3596249,-7,-3,-41
1759482342.398625,2,2,-34
1759482342.434625,0,5,-33
1759482342.4726248,-3,5,-30
1759482342.5116248,0,-3,-39
1759482342.5496247,0,-1,-35
1759482342.5876248,1,4,-43
1759482342.6236248,2,-1,-41
1759482342.661625,-3,1,-41
1759482342.6996248,-4,-3,-38
1759482342.737625,-2,-6,-39
1759482342.773625,0,-6,-41
1759482342.8116248,0,-4,-45
1759482342.8496249,-7,1,-48
1759482342.8876247,3,2,-44
1759482342.9236248,2,2,-41
1759482342.9616249,-1,4,-32
1759482342.9996247,3,-4,-30
1759482343.0376248,13,7,-37
1759482343.0736248,1,2,-38
1759482343.1116247,-1,0,-29
1759482343.1496248,1,1,-45
1759482343.1876247,-2,-1,-41
1759482343.2236247,-1,0,-32
1759482343.260625,-3,2,-30
1759482343.2996247,-8,2,-30
1759482343.3356247,-2,-1,-31
1759482343.3736248,-8,-1,-32
1759482343.4126248,2,1,-29
1759482343.4496248,-1,2,-37
1759482343.4886248,3,0,-30
1759482343.5246248,10,0,-41
1759482343.5626247,5,-2,-43
1759482343.5996249,0,3,-42
1759482343.638625,0,2,-46
1759482343.6746247,6,3,-39
1759482343.7126248,0,3,-53
1759482343.7496247,3,3,-46
1759482343.7886248,5,-6,-62
1759482343.8246248,5,3,-55
1759482343.862625,-2,-4,-33
1759482343.8996248,0,-5,-34
1759482343.9386249,1,-5,-35
1759482343.9746249,3,0,-32
1759482344.0126247,1,2,-23
1759482344.0496247,-5,0,-35
1759482344.0886247,4,0,-34
1759482344.1246247,10,1,-36
1759482344.1626248,2,1,-31
1759482344.2006247,1,5,-34
1759482344.2386248,6,-3,-38
1759482344.283625,2,2,-44
1759482344.3206248,4,3,-43
1759482344.3596249,4,0,-52
1759482344.3956249,1,0,-45
1759482344.4326248,5,0,-34
1759482344.4706247,-5,0,-32
1759482344.5096247,0,1,-43
1759482344.5456247,0,5,-52
1759482344.5836248,-2,-2,-38
1759482344.6206248,4,1,-47
1759482344.6596248,-1,0,-41
1759482344.6956248,0,-4,-49
1759482344.7336247,2,-14,-31
1759482344.7716248,-1,-5,-41
1759482344.8106248,2,-5,-26
1759482344.8486247,6,-4,-30
1759482344.8846247,6,-3,-39
1759482344.9226248,6,0,-39
1759482344.9616249,12,2,-44
1759482344.9996247,10,-1,-42
1759482345.0356247,5,-4,-34
1759482345.0736248,12,0,-46
1759482345.1116247,6,-1,-43
1759482345.1506248,7,-1,-45
1759482345.1866248,5,1,-38
1759482345.2236247,2,5,-40
1759482345.2616248,-1,0,-46
1759482345.3006248,-6,2,-40
1759482345.3366249,-7,-5,-46
1759482345.3746247,-6,-2,-38
1759482345.4126248,-5,5,-42
1759482345.4516249,6,0,-53
1759482345.4896247,2,0,-46
1759482345.5256248,5,-1,-38
1759482345.5646248,3,-2,-46
1759482345.602625,-8,-5,-42
1759482345.6406248,0,-4,-33
1759482345.6766248,0,-6,-35
1759482345.714625,0,-2,-55
1759482345.7526248,-3,1,-36
1759482345.7906249,-2,2,-32
1759482345.829625,-6,0,-25
1759482345.865625,0,2,-40
1759482345.9036248,-2,-3,-45
1759482345.9416249,3,0,-40
1759482345.9796247,0,0,-58
1759482346.0156248,1,-2,-47
1759482346.0536249,-2,-2,-36
1759482346.092625,-5,-3,-32
1759482346.1306248,-3,-2,-34
1759482346.1666248,-5,0,-35
1759482346.204625,-1,3,-42
1759482346.2426248,2,-4,-43
1759482346.2806249,1,-2,-40
1759482346.3166249,1,0,-43
1759482346.3536248,1,0,-52
1759482346.3926249,5,3,-44
1759482346.4306247,-4,-1,-44
1759482346.4666247,-11,0,-57
1759482346.5056248,-16,-5,-42
1759482346.5436249,-9,0,-33
1759482346.5816247,-9,0,-52
1759482346.6196249,-2,4,-44
1759482346.6556249,3,5,-43
1759482346.6936247,5,5,-27
1759482346.7316248,1,-4,-41
1759482346.7696247,-4,2,-38
1759482346.8056247,5,3,-47
1759482346.8436248,0,0,-33
1759482346.8816247,2,-2,-33
1759482346.9176247,-5,0,-43
1759482346.9566247,6,1,-42
1759482346.9936247,7,-3,-41
1759482347.0316248,10,-9,-33
1759482347.0706248,6,1,-32
1759482347.1066248,4,4,-30
1759482347.1446247,-3,0,-44
1759482347.181625,-7,0,-36
1759482347.2206247,-2,5,-39
1759482347.2566247,0,9,-42
1759482347.2936249,-2,5,-48
1759482347.3316247,4,0,-39
1759482347.3706248,2,3,-47
1759482347.4066248,0,-2,-45
1759482347.444625,4,1,-34
1759482347.4816248,-2,-1,-49
1759482347.5206249,2,0,-41
1759482347.556625,6,0,-39
1759482347.5936248,2,3,-35
1759482347.6326249,1,-4,-39
1759482347.6706247,2,-2,-41
1759482347.7066247,-1,-5,-44
1759482347.7456248,3,2,-36
1759482347.783625,1,7,-38
1759482347.8216248,0,-7,-40
1759482347.8576248,-7,-2,-42
1759482347.8966248,-4,-2,-47
1759482347.9336247,-4,2,-34
1759482347.9726248,-4,2,-43
1759482348.010625,0,-7,-44
1759482348.046625,4,0,-43
1759482348.0836248,5,2,-40
1759482348.1226249,0,1,-32
1759482348.1606247,-2,6,-36
1759482348.1966248,-3,2,-41
1759482348.2336247,3,-8,-33
1759482348.2726247,-2,-6,-37
1759482348.3106248,-6,0,-45
1759482348.3466249,-3,1,-33
1759482348.3836248,-4,0,-38
1759482348.4226248,-2,1,-32
1759482348.4606247,-1,2,-42
1759482348.4966247,0,2,-38
1759482348.533625,0,-3,-43
1759482348.5726247,6,-7,-41
1759482348.6086247,2,-2,-45
1759482348.6456249,-14,-4,-45
1759482348.6836247,-8,0,-43
1759482348.7226248,-5,7,-25
1759482348.7586248,-9,-6,-46
1759482348.796625,-2,-3,-39
1759482348.8346248,8,0,-43
1759482348.8726249,6,3,-44
1759482348.911625,3,1,-36
1759482348.9476247,4,-1,-47
1759482348.9866247,5,-4,-48
1759482349.023625,6,0,-46
1759482349.0626247,3,1,-40
1759482349.0986247,-4,-3,-41
1759482349.1366248,-1,-1,-45
1759482349.1756248,0,-2,-42
1759482349.2126248,1,0,-37
1759482349.2516248,0,-2,-45
1759482349.2876248,2,0,-33
1759482349.3256247,-2,-5,-41
1759482349.3636248,1,-2,-37
1759482349.401625,-7,-4,-46
1759482349.4376247,-5,-7,-39
1759482349.4756248,-6,-3,-46
1759482349.513625,5,-10,-49
1759482349.5526247,0,-13,-44
1759482349.5886247,0,-10,-44
1759482349.6266248,2,1,-42
1759482349.6646247,0,-1,-42
1759482349.7036247,3,7,-40
1759482349.7416248,10,1,-35
1759482349.7776248,13,0,-35
1759482349.8146248,3,-2,-33
1759482349.8536248,-4,-6,-45
1759482349.8916247,-3,-3,-41
1759482349.9276247,-2,-5,-45
1759482349.9666247,-6,1,-44
1759482350.0046248,5,-1,-43
1759482350.0426247,2,-1,-40
1759482350.0786247,5,1,-48
1759482350.115625,6,-2,-41
1759482350.1536248,-4,-13,-37
1759482350.1926248,3,-6,-39
1759482350.2286248,-6,-9,-47
1759482350.2676249,-2,-3,-42
1759482350.3046248,-3,-4,-28
1759482350.3436248,0,-3,-31
1759482350.3796248,-5,-5,-38
1759482350.4186249,-5,-4,-35
1759482350.4566247,1,-4,-36
1759482350.4946249,1,3,-43
1759482350.5326247,3,0,-26
1759482350.5686247,-7,3,-39
1759482350.6066248,-3,-3,-42
1759482350.6446247,0,-8,-41
1759482350.6826248,0,-8,-43
1759482350.7186248,-2,-4,-44
1759482350.7576249,-5,-2,-40
1759482350.7946248,1,2,-35
1759482350.8336248,8,-1,-41
1759482350.8696249,-3,-1,-41
1759482350.9076247,1,-3,-41
1759482350.9456248,-2,-3,-30
1759482350.9836247,-2,0,-30
1759482351.0226247,-2,5,-25
1759482351.0586247,-5,0,-34
1759482351.0956247,-6,-3,-33
1759482351.1346247,-1,-5,-34
1759482351.1726248,-4,-5,-36
1759482351.2086248,8,0,-41
1759482351.2456248,2,-4,-35
1759482351.2846248,4,-3,-33
1759482351.3226247,0,-10,-39
1759482351.3586247,-3,-5,-46
1759482351.3966248,-3,-3,-42
1759482351.4356248,-4,-2,-37
1759482351.4736247,7,-5,-28
1759482351.5096247,2,0,-42
1759482351.5476248,3,-4,-33
1759482351.5856247,-1,0,-34
1759482351.6236248,4,2,-48
1759482351.6596248,0,1,-40
1759482351.6966248,-1,-2,-45
1759482351.7346249,-4,-4,-35
1759482351.773625,-2,1,-38
1759482351.809625,-4,0,-39
1759482351.8476248,1,1,-49
1759482351.885625,4,-1,-34
1759482351.9236248,1,3,-41
1759482351.9596248,0,0,-40
1759482351.9976249,-2,0,-49
1759482352.0346248,4,-5,-37
1759482352.0736248,0,-8,-41
1759482352.1096249,6,-4,-48
1759482352.1466248,1,-4,-40
1759482352.184625,1,-3,-33
1759482352.2236247,6,-5,-30
1759482352.2596247,-1,-3,-32
1759482352.2986248,0,0,-36
1759482352.3356247,0,-5,-51
1759482352.3746247,7,-2,-44
1759482352.4106247,1,-9,-43
1759482352.4476247,-3,0,-33
1759482352.4856248,-2,3,-44
1759482352.5246248,0,-5,-39
1759482352.5606248,9,-7,-39
1759482352.5976248,3,-1,-34
1759482352.635625,-3,0,-49
1759482352.6746247,-6,-4,-47
1759482352.7106247,-4,-5,-47
1759482352.7486248,1,-4,-50
1759482352.786625,7,-1,-40
1759482352.8256247,7,0,-44
1759482352.8636248,6,-1,-41
1759482352.8996248,1,0,-43
1759482352.9386249,2,0,-43
1759482352.9766247,5,-4,-33
1759482353.0146248,-2,-2,-43
1759482353.0506248,0,0,-43
1759482353.0886247,-1,-6,-32
1759482353.1266248,4,-3,-37
1759482353.1646247,0,0,-42
1759482353.2006247,-1,-5,-36
1759482353.2396247,-4,-2,-49
1759482353.276625,-1,-11,-50
1759482353.3156247,2,-1,-36
1759482353.3536248,7,2,-43
1759482353.3896248,0,6,-48
1759482353.4266248,4,0,-43
1759482353.4656248,-4,-8,-26
1759482353.503625,-8,-7,-42
1759482353.5396247,0,-2,-41
1759482353.5766249,0,-1,-36
1759482353.615625,-2,2,-46
1759482353.6536248,-4,1,-41
1759482353.6896248,0,2,-29
1759482353.7266247,5,-1,-30
1759482353.7656248,2,3,-36
1759482353.8036249,-3,0,-39
1759482353.8406248,4,-1,-37
1759482353.8776248,7,-7,-31
1759482353.9156249,0,-3,-32
1759482353.954625,7,0,-31
1759482353.990625,5,3,-27
1759482354.0276248,0,3,-42
1759482354.0656247,-3,9,-37
1759482354.1046247,-6,6,-42
1759482354.1406248,-3,3,-39
1759482354.1786249,1,7,-27
1759482354.217625,0,6,-40
1759482354.2556248,5,-2,-40
1759482354.2996247,4,3,-33
1759482354.3376248,3,5,-34
1759482354.375625,0,1,-40
1759482354.411625,-1,-1,-46
1759482354.4506247,0,2,-51
1759482354.487625,0,1,-37
1759482354.526625,8,10,-41
1759482354.5646248,-2,1,-41
1759482354.6006248,-1,1,-48
1759482354.638625,-3,2,-61
1759482354.6766248,2,2,-49
1759482354.714625,3,-4,-49
1759482354.750625,7,-6,-39
1759482354.7876248,0,-4,-42
1759482354.8266249,8,-5,-33
1759482354.8646247,1,-1,-30
1759482354.9006248,8,-2,-26
1759482354.9386249,2,-1,-40
1759482354.9766247,-1,-2,-50
1759482355.0146248,-2,6,-44
1759482355.0506248,-5,0,-33
1759482355.0886247,0,-7,-45
1759482355.1266248,4,-7,-42
1759482355.1646247,-5,0,-34
1759482355.2006247,-12,0,-38
1759482355.2386248,-2,-7,-40
1759482355.276625,1,-7,-49
1759482355.3156247,3,4,-50
1759482355.3516247,3,-7,-44
1759482355.3896248,1,-10,-41
1759482355.4286249,6,1,-45
1759482355.4666247,5,-1,-47
1759482355.5046248,5,0,-28
1759482355.5416248,-3,-4,-36
1759482355.579625,2,2,-36
1759482355.6166248,-4,2,-46
1759482355.6556249,-3,7,-41
1759482355.6916249,0,2,-39
1759482355.7296247,-1,0,-48
1759482355.7666247,-6,0,-44
1759482355.8056247,1,6,-45
1759482355.8416247,1,2,-42
1759482355.8796248,6,-1,-50
1759482355.9166248,1,-6,-43
1759482355.9556248,3,-1,-33
1759482355.9916248,-1,-4,-31
1759482356.0296247,0,0,-51
1759482356.0676248,-6,-1,-47
1759482356.1066248,-7,-9,-39
1759482356.1426249,-6,-4,-41
1759482356.1806247,-3,0,-45
1759482356.2186248,-1,2,-43
1759482356.2576249,-1,3,-47
1759482356.2956247,-13,1,-45
1759482356.3316247,-1,2,-32
1759482356.3696249,0,0,-39
1759482356.408625,8,3,-43
1759482356.4466248,6,-1,-38
1759482356.4826248,0,-3,-30
1759482356.5196247,1,-2,-39
1759482356.5586247,1,-1,-39
1759482356.5966249,1,-6,-42
1759482356.6326249,-4,2,-39
1759482356.6696248,-1,-2,-36
1759482356.7086248,1,-6,-43
1759482356.7466247,-6,-1,-40
1759482356.7826247,-8,-8,-41
1759482356.8216248,0,-9,-49
1759482356.8586247,-3,-5,-41
1759482356.8976247,-2,4,-43
1759482356.9356248,3,0,-39
1759482356.9716249,0,-3,-43
1759482357.0086248,3,-6,-37
1759482357.0476248,-1,-7,-44
1759482357.0856247,7,-2,-46
1759482357.1216247,6,0,-50
1759482357.158625,-4,-1,-40
1759482357.1976247,-4,4,-33
1759482357.2356248,0,-1,-41
1759482357.2716248,-3,-4,-45
1759482357.309625,7,-2,-34
1759482357.3476248,7,0,-32
1759482357.3866248,12,2,-35
1759482357.4236248,6,3,-30
1759482357.4606247,-5,1,-32
1759482357.4986248,-5,-1,-34
1759482357.5376248,-4,-5,-28
1759482357.5736248,-7,-10,-35
1759482357.612625,0,0,-34
1759482357.6496248,-6,0,-45
1759482357.6886249,6,-1,-41
1759482357.7266247,3,0,-51
1759482357.7626247,8,6,-39
1759482357.7996247,-3,-1,-48
1759482357.8386247,4,1,-40
1759482357.8766248,3,-1,-21
1759482357.9126248,1,0,-28
1759482357.9496248,2,-4,-36
1759482357.9886248,-5,-3,-48
1759482358.026625,-2,-3,-47
1759482358.0636249,3,-2,-46
1759482358.1016247,3,1,-45
1759482358.138625,1,2,-39
1759482358.1776247,11,4,-31
1759482358.2136247,7,-3,-43
1759482358.2526248,4,-7,-39
1759482358.2906249,0,-4,-44
1759482358.3286247,3,0,-36
1759482358.3666248,4,-4,-33
1759482358.4036248,-4,-6,-35
1759482358.4406247,1,-5,-40
1759482358.4786248,6,3,-40
1759482358.5176249,0,-3,-45
1759482358.5536249,-1,-5,-35
1759482358.5916247,0,2,-39
1759482358.6306248,0,-1,-39
1759482358.6686249,9,2,-38
1759482358.7066247,4,2,-29
1759482358.7426248,3,4,-41
1759482358.7816248,-2,1,-47
1759482358.8186247,0,4,-43
1759482358.8576248,11,1,-46
1759482358.8936248,1,-3,-37
1759482358.931625,-2,-2,-36
1759482358.9696248,3,3,-27
1759482359.0086248,-5,0,-36
1759482359.0446248,1,-4,-38
1759482359.082625,-3,-3,-31
1759482359.1216247,-3,-7,-31
1759482359.158625,-3,-5,-33
1759482359.1976247,0,3,-39
1759482359.2336247,7,8,-36
1759482359.2706249,3,0,-44
1759482359.309625,4,0,-45
1759482359.3476248,-2,1,-47
1759482359.3836248,0,1,-46
1759482359.4226248,-4,3,-43
1759482359.4606247,-3,6,-41
1759482359.4986248,-3,-7,-38
1759482359.5346248,3,4,-32
1759482359.5726247,1,-1,-35
1759482359.6106248,-9,-4,-35
1759482359.648625,-3,3,-43
1759482359.684625,-3,-7,-46
1759482359.7236247,-10,-8,-45
1759482359.760625,-13,-2,-38
1759482359.7996247,-1,-2,-29
1759482359.8376248,-1,4,-44
1759482359.8736248,0,7,-47
1759482359.9106247,2,1,-49
1759482359.9496248,5,0,-46
1759482359.987625,1,-4,-41
1759482360.023625,4,0,-44
1759482360.0606248,7,0,-39
1759482360.0996249,-4,-5,-41
1759482360.1376247,-6,0,-48
1759482360.1736248,-2,-1,-35
1759482360.2116249,4,-6,-30
1759482360.250625,3,1,-31
1759482360.2886248,-1,-2,-28
1759482360.3246248,5,2,-41
1759482360.362625,7,-3,-34
1759482360.401625,1,-2,-45
1759482360.4396248,-3,-1,-45
1759482360.477625,3,0,-46
1759482360.513625,0,3,-48
1759482360.5516248,4,-2,-56
1759482360.589625,4,-4,-55
1759482360.6276248,0,0,-44
1759482360.6636248,0,-1,-50
1759482360.7026248,-4,-2,-43
1759482360.7396247,-8,0,-27
1759482360.7786248,5,2,-36
1759482360.8146248,1,5,-39
1759482360.852625,3,-6,-48
1759482360.8896248,-4,-2,-36
1759482360.9286249,-6,6,-42
1759482360.964625,0,0,-36
1759482361.0026248,0,-3,-39
1759482361.0396247,4,9,-42
1759482361.0786247,-6,13,-29
1759482361.1146247,-8,6,-37
1759482361.1526248,-6,0,-39
1759482361.1906247,-6,3,-42
1759482361.2296247,-4,7,-35
1759482361.2656248,-4,0,-33
1759482361.3026247,5,2,-34
1759482361.3406248,-2,0,-38
1759482361.3796248,2,2,-31
1759482361.4156249,2,-3,-38
1759482361.4536247,-2,3,-41
1759482361.4926248,-3,6,-35
1759482361.5306249,-4,3,-39
1759482361.5686247,1,-1,-34
1759482361.6046247,7,0,-36
1759482361.6416247,-2,0,-40
1759482361.6806247,0,3,-39
1759482361.7186248,1,-3,-35
1759482361.7546248,3,-1,-40
1759482361.7936249,1,-1,-48
1759482361.8306248,0,-2,-57
1759482361.8696249,1,-4,-41
1759482361.9056249,11,0,-36
1759482361.9436247,-6,-6,-37
1759482361.980625,5,-6,-40
1759482362.0196247,4,-12,-62
1759482362.0556247,6,-1,-49
1759482362.0936248,0,-4,-37
1759482362.1316247,2,-2,-38
1759482362.1706247,0,-6,-41
1759482362.2086248,1,-4,-27
1759482362.2456248,3,0,-29
1759482362.283625,9,3,-42
1759482362.3206248,1,1,-34
1759482362.3596249,1,-1,-37
1759482362.3956249,1,-1,-53
1759482362.434625,0,-5,-44
1759482362.4716249,3,-3,-41
1759482362.510625,-3,-1,-41
1759482362.546625,-1,0,-49
1759482362.5846248,-3,-3,-45
1759482362.6216247,-9,0,-36
1759482362.6606247,-7,-1,-35
1759482362.6966248,-8,-4,-38
1759482362.7346249,-1,-2,-44
1759482362.7726247,4,0,-38
1759482362.8116248,1,0,-25
1759482362.8496249,0,4,-42
1759482362.885625,0,2,-35
1759482362.9226248,6,1,-44
1759482362.9606247,8,-2,-37
1759482362.9996247,1,2,-47
1759482363.0356247,2,-2,-52
1759482363.0726247,-2,-6,-45
1759482363.1116247,-3,-5,-39
1759482363.1496248,4,0,-29
1759482363.1856248,-4,-1,-43
1759482363.2246249,-8,3,-41
1759482363.2626247,-2,6,-41
1759482363.3006248,5,0,-41
1759482363.3366249,-1,-1,-41
1759482363.375625,-2,-3,-43
1759482363.4126248,-2,-4,-34
1759482363.4516249,7,1,-32
1759482363.4896247,1,4,-42
1759482363.5256248,3,-4,-36
1759482363.5626247,1,-6,-40
1759482363.6016247,4,-6,-37
1759482363.6396248,-3,0,-33
1759482363.6756248,-4,-5,-48
1759482363.7136247,5,8,-48
1759482363.7516248,0,4,-46
1759482363.7906249,0,1,-27
1759482363.8266249,0,0,-30
1759482363.8636248,1,0,-46
1759482363.901625,-2,0,-40
1759482363.9406247,0,6,-43
1759482363.9766247,-5,5,-37
1759482364.0146248,0,-2,-25
1759482364.0536249,0,1,-30
1759482364.0916247,0,2,-26
1759482364.1296248,2,2,-40
1759482364.1656249,-2,1,-42
1759482364.2026248,-4,3,-48
1759482364.2416248,-8,0,-50
1759482364.2776248,4,-5,-51
1759482364.3286247,4,-3,-49
1759482364.3646247,-1,0,-46
1759482364.4026248,5,0,-36
1759482364.4416249,2,0,-30
1759482364.477625,7,-2,-23
1759482364.5146248,-1,0,-25
1759482364.5536249,0,0,-34
1759482364.5916247,-9,-1,-30
1759482364.6276248,-2,-9,-35
1759482364.6656249,2,1,-45
1759482364.704625,-2,3,-42
1759482364.7416248,3,-1,-54
1759482364.7806249,-3,4,-50
1759482364.8166249,-9,4,-53
1759482364.8546247,-1,6,-40
1759482364.8926249,3,-2,-35
1759482364.931625,6,-2,-43
1759482364.967625,4,0,-51
1759482365.0046248,1,4,-40
1759482365.0426247,4,0,-37
1759482365.0816247,0,6,-38
1759482365.1176248,-1,1,-47
1759482365.1566248,2,-3,-33
1759482365.194625,2,2,-36
1759482365.2326248,0,1,-44
1759482365.2706249,0,-1,-50
1759482365.306625,1,-2,-39
1759482365.3446248,0,-7,-44
1759482365.3836248,-3,0,-38
1759482365.421625,0,-7,-28
1759482365.457625,0,0,-31
1759482365.4946249,-6,0,-30
1759482365.533625,-4,1,-36
1759482365.5716248,3,-2,-42
1759482365.6076248,0,0,-37
1759482365.6446247,6,1,-47
1759482365.6836247,-3,1,-37
1759482365.7216249,0,0,-43
1759482365.7576249,0,1,-38
1759482365.7946248,2,3,-38
1759482365.8336248,3,0,-42
1759482365.8716247,6,-2,-44
1759482365.9076247,4,-2,-50
1759482365.9456248,0,-7,-40
1759482365.9836247,-10,-9,-47
1759482366.0226247,-6,0,-43
1759482366.0586247,0,5,-37
1759482366.0956247,2,9,-41
1759482366.1336248,-3,-1,-46
1759482366.1726248,-4,1,-34
1759482366.2096248,-1,0,-41
1759482366.2466247,-5,-4,-31
1759482366.2846248,0,-3,-34
1759482366.3226247,3,-4,-44
1759482366.3616247,4,3,-59
1759482366.3976247,-1,-6,-49
1759482366.4366248,-5,-4,-33
1759482366.4736247,-2,3,-35
1759482366.5126247,1,4,-43
1759482366.5496247,3,0,-42
1759482366.5866249,0,1,-41
1759482366.6246247,0,2,-38
1759482366.6626248,2,1,-31
1759482366.7016249,5,-8,-38
1759482366.737625,-5,-3,-41
1759482366.7756248,0,-4,-45
1759482366.8146248,-6,-4,-32
1759482366.852625,-2,1,-33
1759482366.888625,6,1,-41
1759482366.9256248,12,0,-27
1759482366.964625,0,-3,-31
1759482367.0026248,-4,-3,-44
1759482367.0386248,-8,-7,-38
1759482367.0776248,-9,4,-49
1759482367.115625,-5,0,-39
1759482367.1536248,-2,-1,-36
1759482367.1916249,-4,2,-31
1759482367.227625,0,-2,-34
1759482367.2656248,0,3,-38
1759482367.3036249,1,-3,-39
1759482367.3416247,3,2,-39
1759482367.3776248,2,1,-36
1759482367.4156249,4,2,-43
1759482367.4536247,-3,1,-38
1759482367.4916248,0,-4,-33
1759482367.5276248,0,0,-36
1759482367.5656247,13,1,-36
1759482367.6036248,7,-6,-31
1759482367.6416247,1,-11,-38
1759482367.6776247,2,-4,-29
1759482367.7156248,0,-1,-29
1759482367.753625,3,4,-36
1759482367.7926247,-3,-4,-32
1759482367.8286247,0,3,-34
1759482367.865625,-1,-1,-38
1759482367.9036248,2,-5,-44
1759482367.9426248,3,1,-35
1759482367.9786248,6,-3,-50
1759482368.0156248,3,5,-49
1759482368.0536249,-5,5,-46
1759482368.092625,-9,2,-38
1759482368.128625,-1,0,-46
1759482368.1676247,3,0,-33
1759482368.2056248,4,1,-39
1759482368.2436247,0,0,-36
1759482368.2796247,-2,0,-46
1759482368.3176248,-9,-3,-44
1759482368.3566248,-8,-4,-42
1759482368.3936248,-8,-1,-41
1759482368.4326248,0,4,-35
1759482368.4686248,-2,3,-37
1759482368.5066247,-4,-6,-39
1759482368.5446248,8,-7,-36
1759482368.582625,-1,0,-38
1759482368.6186247,-4,-3,-41
1759482368.6566248,2,-10,-40
1759482368.694625,-3,-3,-48
1759482368.7336247,-1,1,-39
1759482368.7696247,0,-3,-45
1759482368.806625,4,-1,-54
1759482368.8446248,-3,1,-43
1759482368.8836248,-1,0,-42
1759482368.9196248,0,3,-38
1759482368.957625,0,0,-38
1759482368.9946249,-1,3,-37
1759482369.033625,5,-7,-36
1759482369.069625,6,-4,-45
1759482369.1066248,-2,-1,-44
1759482369.1446247,9,-3,-52
1759482369.1836247,9,-9,-40
1759482369.2196248,5,-1,-45
1759482369.2576249,-4,3,-44
1759482369.2946248,-1,2,-35
1759482369.3336248,0,-5,-54
1759482369.3696249,-3,-1,-48
1759482369.4076247,-3,-2,-48
1759482369.4456248,-4,-2,-43
1759482369.4846249,-3,-1,-47
1759482369.5206249,-2,1,-38
1759482369.5576248,2,9,-45
1759482369.5956247,-2,5,-39
1759482369.6346247,1,2,-39
1759482369.671625,5,1,-37
1759482369.7096248,-7,6,-21
1759482369.7466247,0,2,-29
1759482369.7856247,-8,-8,-28
1759482369.8236248,-2,0,-47
1759482369.8596249,3,6,-41
1759482369.8966248,10,7,-48
1759482369.9356248,5,1,-34
1759482369.9736247,2,1,-37
1759482370.0096247,5,-1,-36
1759482370.046625,4,-1,-34
1759482370.0846248,0,2,-45
1759482370.1236248,-1,0,-43
1759482370.1596248,-1,3,-41
1759482370.1966248,-4,0,-34
1759482370.2356248,0,-1,-33
1759482370.273625,-1,-5,-45
1759482370.309625,2,-5,-47
1759482370.3466249,2,-2,-47
1759482370.385625,-3,0,-41
1759482370.4236248,2,4,-53
1759482370.4596248,0,1,-43
1759482370.4976249,7,-4,-40
1759482370.5356247,-1,-2,-53
1759482370.5736248,-5,2,-52
1759482370.6096249,-6,-4,-52
1759482370.6476247,-11,0,-37
1759482370.6856248,-7,-6,-27
1759482370.7246249,-5,4,-30
1759482370.760625,0,2,-38
1759482370.7976248,0,-3,-35
1759482370.8356247,6,-2,-36
1759482370.8746247,4,-8,-36
1759482370.9106247,0,-9,-42
1759482370.9476247,-4,-6,-46
1759482370.9856248,0,-4,-41
1759482371.0246248,-7,0,-47
1759482371.0606248,-1,-7,-39
1759482371.0996249,-6,0,-44
1759482371.1376247,-2,-4,-30
1759482371.1756248,-6,-6,-44
1759482371.2116249,-3,0,-41
1759482371.2496247,0,3,-56
1759482371.2886248,-1,3,-51
1759482371.3256247,2,-2,-56
1759482371.3646247,-2,-4,-46
1759482371.4006248,2,-3,-41
1759482371.4386249,2,-3,-38
1759482371.4756248,-5,0,-42
1759482371.5146248,-4,0,-43
1759482371.5506248,2,2,-32
1759482371.5886247,-2,0,-35
1759482371.625625,1,-3,-39
1759482371.6646247,1,-6,-40
1759482371.7006247,9,-2,-43
1759482371.7386248,0,1,-31
1759482371.7756248,4,6,-33
1759482371.8146248,1,2,-31
1759482371.8506248,1,-3,-40
1759482371.888625,9,-5,-27
1759482371.9266248,0,0,-39
1759482371.964625,0,-2,-34
1759482372.000625,0,-2,-35
1759482372.0376248,0,4,-31
1759482372.0766249,5,4,-30
1759482372.1146247,0,-4,-45
1759482372.1506248,-2,-2,-42
1759482372.1886249,0,2,-47
1759482372.227625,-2,0,-48
1759482372.2656248,2,0,-44
1759482372.3016248,-1,-9,-35
1759482372.339625,3,-11,-49
1759482372.3776248,-5,-7,-47
1759482372.4166248,2,0,-29
1759482372.454625,0,0,-41
1759482372.490625,0,2,-34
1759482372.5276248,-3,1,-40
1759482372.5666249,-7,4,-35
1759482372.6046247,5,-2,-30
1759482372.6406248,6,4,-39
1759482372.6786249,-4,0,-31
1759482372.7166247,3,2,-30
1759482372.7546248,0,3,-43
1759482372.7906249,1,-4,-49
1759482372.8286247,0,3,-44
1759482372.8666248,-1,-1,-38
1759482372.9046247,0,0,-34
1759482372.9406247,-1,-1,-45
1759482372.9786248,6,-7,-32
1759482373.0166247,1,1,-36
1759482373.0526247,-2,6,-38
1759482373.0916247,-1,5,-34
1759482373.1296248,0,2,-48
1759482373.1666248,0,-3,-46
1759482373.2056248,-6,-3,-44
1759482373.2416248,-5,-5,-36
1759482373.2796247,-4,0,-22
1759482373.3176248,-7,-4,-31
1759482373.3566248,-14,1,-41
1759482373.3926249,-6,0,-43
1759482373.431625,-3,0,-46
1759482373.4686248,0,4,-37
1759482373.5076249,-5,3,-35
1759482373.5456247,-2,1,-40
1759482373.5816247,2,1,-35
1759482373.6206248,-7,6,-51
1759482373.6576247,2,-1,-45
1759482373.6966248,4,-1,-46
1759482373.7326248,-2,-2,-33
1759482373.7706249,0,-3,-31
1759482373.8086247,4,1,-47
1759482373.8476248,2,-1,-41
1759482373.885625,7,-3,-47
1759482373.921625,2,-5,-41
1759482373.9596248,-2,-8,-34
1759482373.9976249,-6,-5,-26
1759482374.036625,-11,-4,-39
1759482374.0726247,-1,-1,-33
1759482374.1106248,12,0,-37
1759482374.1496248,8,-3,-47
1759482374.1876247,8,-3,-34
1759482374.2256248,9,-1,-42
1759482374.2626247,8,1,-43
1759482374.3006248,6,-2,-31
1759482374.3456247,5,-1,-42
1759482374.3826249,4,-7,-45
1759482374.4206247,-2,-3,-38
1759482374.457625,2,-3,-42
1759482374.4966247,3,-3,-37
1759482374.5326247,1,-1,-45
1759482374.5706248,1,0,-46
1759482374.6096249,0,4,-51
1759482374.6476247,0,-1,-41
1759482374.6836247,-3,-3,-41
1759482374.7216249,3,3,-39
1759482374.7596247,-5,-2,-44
1759482374.7976248,-8,-6,-42
1759482374.8366249,-8,-3,-32
1759482374.8726249,-4,-2,-32
1759482374.9106247,0,0,-32
1759482374.9496248,-3,3,-29
1759482374.987625,-1,0,-36
1759482375.023625,-6,1,-23
1759482375.0606248,-1,-4,-43
1759482375.0996249,-1,-7,-40
1759482375.1376247,0,2,-42
1759482375.1736248,-8,-3,-37
1759482375.2116249,1,-7,-40
1759482375.2496247,-7,-6,-42
1759482375.2876248,-4,-6,-38
1759482375.3266249,4,-6,-49
1759482375.362625,2,-2,-35
1759482375.401625,8,-6,-28
1759482375.4396248,-6,-2,-31
1759482375.477625,-9,-2,-37
1759482375.513625,-14,-4,-36
1759482375.5516248,-2,1,-54
1759482375.589625,-4,2,-46
1759482375.628625,-5,-1,-55
1759482375.6666248,4,2,-53
1759482375.7026248,0,0,-34
1759482375.7396247,0,1,-45
1759482375.7786248,1,-1,-43
1759482375.8166249,2,1,-40
1759482375.852625,8,5,-42
1759482375.8896248,10,-1,-39
1759482375.9286249,2,1,-43
1759482375.9666247,4,-4,-39
1759482376.0026248,-4,-3,-35
1759482376.0406249,10,1,-35
1759482376.0786247,-3,0,-44
1759482376.1176248,-9,-2,-46
1759482376.1536248,0,-4,-39
1759482376.1906247,0,0,-47
1759482376.2296247,-2,-1,-43
1759482376.2676249,0,-4,-38
1759482376.3036249,0,-3,-36
1759482376.3406248,2,-1,-36
1759482376.378625,-6,-6,-33
1759482376.4176247,-2,-5,-34
1759482376.4536247,-7,-6,-44
1759482376.4916248,-1,-4,-44
1759482376.5296247,0,-7,-41
1759482376.5686247,-4,-2,-29
1759482376.6046247,1,-2,-40
1759482376.6416247,4,-1,-27
1759482376.6796248,2,8,-26
1759482376.7186248,4,0,-30
1759482376.7546248,-3,-2,-35
1759482376.7926247,-7,1,-39
1759482376.8316247,-2,-3,-36
1759482376.8686247,1,-1,-37
1759482376.9076247,8,-4,-50
1759482376.9436247,0,-3,-44
1759482376.9816248,0,-2,-35
1759482377.0196247,1,-4,-42
1759482377.0586247,-4,-7,-44
1759482377.0946248,0,4,-45
1759482377.1316247,1,-3,-45
1759482377.1696248,1,2,-41
1759482377.2086248,3,6,-44
1759482377.2446249,-1,2,-47
1759482377.283625,-9,0,-31
1759482377.3206248,-4,3,-39
1759482377.3596249,-1,4,-44
1759482377.3976247,0,-1,-44
1759482377.4336247,1,0,-39
1759482377.4706247,0,4,-35
1759482377.5096247,3,2,-33
1759482377.5476248,8,-5,-52
1759482377.5836248,4,-1,-51
1759482377.6206248,0,-5,-36
1759482377.6596248,-2,-3,-33
1759482377.6976247,-2,0,-27
1759482377.7336247,-1,1,-28
1759482377.7716248,-2,-3,-27
1759482377.809625,-5,-5,-32
1759482377.8476248,-3,-3,-37
1759482377.8836248,0,0,-32
1759482377.921625,0,4,-29
1759482377.9596248,0,0,-35
1759482377.9976249,1,-4,-42
1759482378.033625,4,0,-41
1759482378.0716248,-3,5,-46
1759482378.1096249,-10,0,-41
1759482378.1476247,-1,-1,-31
1759482378.1836247,-1,-4,-37
1759482378.2216249,2,3,-31
1759482378.260625,-3,1,-38
1759482378.2986248,7,0,-39
1759482378.3346248,2,-1,-42
1759482378.3736248,4,0,-43
1759482378.4106247,4,1,-39
1759482378.4496248,0,0,-35
1759482378.4856248,2,1,-39
1759482378.523625,0,1,-40
1759482378.5616248,2,-1,-37
1759482378.5996249,0,3,-47
1759482378.638625,0,0,-43
1759482378.6746247,3,-6,-44
1759482378.7136247,-2,0,-47
1759482378.7516248,2,5,-54
1759482378.7896247,4,2,-37
1759482378.8266249,-1,4,-42
1759482378.8636248,-9,-1,-35
1759482378.901625,-6,6,-38
1759482378.9406247,1,3,-37
1759482378.9786248,1,6,-34
1759482379.0146248,-2,-1,-39
1759482379.0526247,5,-5,-38
1759482379.0916247,0,-3,-51
1759482379.1296248,-2,0,-48
1759482379.1656249,-4,-1,-35
1759482379.204625,-4,1,-49
1759482379.2416248,-2,0,-38
1759482379.2806249,-5,1,-33
1759482379.3186247,0,-7,-43
1759482379.3546247,-5,-5,-47
1759482379.3936248,-8,-2,-44
1759482379.4306247,2,-4,-35
1759482379.4696248,-4,-1,-37
1759482379.5056248,0,4,-47
1759482379.5426247,-2,0,-52
1759482379.5806248,-2,-2,-50
1759482379.6196249,-1,4,-48
1759482379.6556249,0,0,-49
1759482379.6926248,-3,-10,-41
1759482379.730625,-3,-5,-27
1759482379.7696247,0,-2,-34
1759482379.8056247,0,1,-42
1759482379.842625,-1,-2,-33
1759482379.8806248,2,-1,-34
1759482379.9196248,8,0,-28
1759482379.9556248,3,-6,-46
1759482379.9926248,4,5,-34
1759482380.0306249,-3,-2,-40
1759482380.069625,-1,2,-44
1759482380.105625,1,-1,-43
1759482380.1426249,2,4,-49
1759482380.1806247,-10,5,-40
1759482380.2196248,1,1,-37
1759482380.2556248,2,3,-40
1759482380.2926247,6,6,-35
1759482380.3306248,-1,1,-43
1759482380.3696249,0,-1,-41
1759482380.4056249,-5,2,-37
1759482380.4436247,0,-1,-40
1759482380.480625,11,0,-45
1759482380.5196247,4,-2,-50
1759482380.5556247,5,2,-52
1759482380.592625,0,4,-40
1759482380.6316247,4,1,-38
1759482380.6696248,-2,6,-51
1759482380.7056248,-3,1,-43
1759482380.7436247,0,-8,-37
1759482380.7816248,8,0,-50
1759482380.8206248,0,-1,-50
1759482380.8566248,2,-4,-35
1759482380.8956249,-7,0,-39
1759482380.9336247,-4,-6,-42
1759482380.9716249,5,-8,-44
1759482381.0096247,3,0,-47
1759482381.0456247,4,-6,-39
1759482381.0836248,7,3,-37
1759482381.1216247,0,-1,-37
1759482381.1596248,-11,0,-47
1759482381.1956248,-2,3,-29
1759482381.2336247,-5,9,-37
1759482381.2716248,3,-3,-39
1759482381.3106248,7,-2,-30
1759482381.3466249,1,-4,-35
1759482381.385625,-1,-10,-36
1759482381.4226248,0,-4,-35
1759482381.4616249,6,-9,-39
1759482381.4996247,3,-1,-39
1759482381.5356247,1,-3,-37
1759482381.5726247,-3,-3,-30
1759482381.6116247,0,-5,-31
1759482381.648625,8,-1,-40
1759482381.6866248,6,2,-31
1759482381.7236247,0,-2,-46
1759482381.7626247,1,2,-58
1759482381.8006248,3,1,-47
1759482381.8366249,7,-2,-41
1759482381.8736248,9,0,-42
1759482381.9126248,-3,-6,-41
1759482381.9506247,-2,-5,-41
1759482381.9866247,-5,4,-43
1759482382.023625,1,-4,-40
1759482382.0626247,1,4,-36
1759482382.1006248,-1,-1,-42
1759482382.1366248,-2,0,-47
1759482382.1736248,0,0,-42
1759482382.2116249,-7,-6,-45
1759482382.250625,-10,-4,-37
1759482382.286625,-5,2,-38
1759482382.3246248,5,-3,-42
1759482382.362625,-1,1,-36
1759482382.4006248,-2,2,-46
1759482382.4366248,-3,5,-39
1759482382.4746249,-2,-2,-42
1759482382.5126247,-5,0,-46
1759482382.5516248,-1,-4,-41
1759482382.5876248,-4,0,-41
1759482382.6246247,1,0,-30
1759482382.6626248,-6,0,-31
1759482382.7016249,-8,2,-27
1759482382.737625,-2,0,-36
1759482382.7756248,0,-7,-41
1759482382.8126247,-3,3,-40
1759482382.8516247,0,6,-40
1759482382.8876247,2,3,-40
1759482382.9266248,-2,-2,-39
1759482382.964625,0,-5,-22
1759482383.0026248,0,0,-29
1759482383.0406249,0,11,-42
1759482383.0766249,3,1,-45
1759482383.1136248,-4,0,-44
1759482383.1526248,-4,-1,-31
1759482383.1906247,-6,3,-36
1759482383.2266247,-7,4,-37
1759482383.2656248,0,1,-35
1759482383.3026247,-1,-3,-29
1759482383.3416247,0,0,-36
1759482383.3776248,0,4,-51
1759482383.4156249,-6,4,-39
1759482383.4526248,-6,3,-43
1759482383.4916248,-3,0,-43
1759482383.5276248,0,-4,-41
1759482383.5656247,3,1,-42
1759482383.6036248,-1,2,-37
1759482383.6416247,-4,-1,-44
1759482383.6776247,-6,6,-43
1759482383.7156248,0,0,-45
1759482383.7526248,-4,-2,-39
1759482383.7916248,0,0,-39
1759482383.8276248,-2,-4,-50
1759482383.8666248,4,3,-39
1759482383.9046247,2,7,-33
1759482383.9426248,5,3,-44
1759482383.9786248,-4,-5,-37
1759482384.0166247,0,-4,-44
1759482384.0546248,3,-2,-32
1759482384.092625,-7,3,-37
1759482384.1316247,-8,2,-34
1759482384.1676247,-6,0,-40
1759482384.204625,7,-2,-30
1759482384.2436247,2,-3,-34
1759482384.2816248,-4,2,-42
1759482384.3176248,-1,4,-43
1759482384.3636248,3,4,-42
1759482384.401625,-2,5,-39
1759482384.4376247,-6,3,-42
1759482384.4766247,0,2,-40
1759482384.5146248,6,-5,-40
1759482384.5526247,-1,0,-30
1759482384.5886247,-1,-1,-38
1759482384.6276248,0,-4,-37
1759482384.6646247,-3,0,-51
1759482384.7036247,-1,-1,-55
1759482384.7416248,1,0,-35
1759482384.7776248,5,2,-34
1759482384.8146248,7,7,-43
1759482384.8536248,1,4,-38
1759482384.8916247,3,4,-40
1759482384.9276247,-3,4,-35
1759482384.9656248,-3,3,-30
1759482385.003625,2,0,-44
1759482385.0426247,1,1,-35
1759482385.0786247,4,-2,-30
1759482385.1166248,3,9,-36
1759482385.1556249,6,3,-41
1759482385.1936247,1,-1,-41
1759482385.2296247,2,6,-40
1759482385.2686248,1,3,-42
1759482385.3056247,-10,0,-39
1759482385.3446248,2,0,-39
1759482385.3826249,-10,0,-38
1759482385.4186249,-3,-3,-34
1759482385.457625,-1,3,-37
1759482385.4946249,6,2,-29
1759482385.533625,6,1,-39
1759482385.569625,-2,-5,-35
1759482385.6076248,-2,-5,-29
1759482385.6466248,-2,-7,-37
1759482385.684625,1,0,-43
1759482385.7226248,0,1,-44
1759482385.7586248,-3,0,-47
1759482385.7976248,0,-2,-41
1759482385.8346248,-4,-4,-40
1759482385.8736248,-6,-2,-46
1759482385.9096248,-1,1,-43
1759482385.9486248,6,1,-40
1759482385.9856248,-5,6,-36
1759482386.0246248,-5,-1,-35
1759482386.0626247,2,-1,-37
1759482386.0986247,6,-1,-41
1759482386.135625,-2,-3,-36
1759482386.1746247,-1,-4,-28
1759482386.2126248,-1,-3,-36
1759482386.2486248,6,-4,-34
1759482386.2856247,-4,2,-42
1759482386.3246248,0,4,-56
1759482386.362625,2,-1,-46
1759482386.398625,4,-2,-43
1759482386.4356248,8,-3,-39
1759482386.4746249,7,-8,-38
1759482386.5126247,4,-5,-43
1759482386.5486248,2,-3,-45
1759482386.5856247,-1,0,-44
1759482386.6246247,3,-2,-35
1759482386.6626248,0,3,-38
1759482386.6986248,2,4,-52
1759482386.7356248,0,2,-38
1759482386.7746248,-2,3,-39
1759482386.8126247,-3,3,-35
1759482386.8486247,-4,-1,-35
1759482386.8866248,-2,1,-34
1759482386.9246247,5,5,-31
1759482386.9636247,4,0,-39
1759482386.9996247,0,0,-49
1759482387.036625,0,3,-40
1759482387.0756247,-4,4,-40
1759482387.1136248,-6,2,-43
1759482387.1496248,-4,0,-34
1759482387.1876247,-11,0,-33
1759482387.2256248,-1,1,-47
1759482387.263625,-5,-2,-46
1759482387.2996247,3,-5,-34
1759482387.3366249,3,1,-46
1759482387.375625,1,-3,-35
1759482387.4136248,5,0,-35
1759482387.4496248,2,-1,-43
1759482387.487625,-1,5,-44
1759482387.5246248,1,0,-31
1759482387.5636249,0,2,-41
1759482387.5996249,0,-7,-57
1759482387.6366248,4,-1,-46
1759482387.6756248,-5,-4,-31
1759482387.7136247,-3,0,-34
1759482387.7496247,-1,1,-31
1759482387.786625,-5,-5,-42
1759482387.8256247,0,-5,-42
1759482387.8636248,6,7,-36
1759482387.8996248,0,7,-41
1759482387.9366248,2,1,-35
1759482387.9756248,1,2,-41
1759482388.013625,-5,-2,-46
1759482388.0496247,0,0,-43
1759482388.0866249,8,-1,-40
1759482388.125625,0,-3,-41
1759482388.1636248,4,6,-37
1759482388.1996248,1,2,-38
1759482388.237625,9,-5,-47
1759482388.276625,4,0,-44
1759482388.3146248,0,0,-31
1759482388.3506248,3,4,-31
1759482388.3876247,0,7,-31
1759482388.4256248,-2,-5,-31
1759482388.464625,-1,-1,-29
1759482388.500625,-1,2,-31
1759482388.5376248,-4,3,-29
1759482388.5756247,0,1,-31
1759482388.6146247,-1,2,-36
1759482388.6506248,7,0,-35
1759482388.6886249,-4,0,-47
1759482388.7256248,3,-1,-40
1759482388.7646248,2,-1,-35
1759482388.8006248,-3,3,-30
1759482388.8386247,-5,4,-29
1759482388.875625,1,2,-32
1759482388.9146247,-4,-3,-41
1759482388.9506247,2,-1,-42
1759482388.9886248,-1,0,-44
1759482389.0256248,0,4,-30
1759482389.0646248,2,4,-33
1759482389.1006248,7,0,-38
1759482389.138625,-4,1,-40
1759482389.1756248,0,1,-35
1759482389.214625,2,-1,-34
1759482389.250625,-4,1,-44
1759482389.2886248,-1,3,-38
1759482389.3266249,4,-3,-39
1759482389.3646247,0,-2,-33
1759482389.4006248,-4,1,-35
1759482389.4386249,-2,2,-47
1759482389.4766247,-6,0,-42
1759482389.5146248,4,-7,-31
1759482389.5506248,6,-3,-33
1759482389.5886247,6,1,-29
1759482389.6266248,-1,4,-53
1759482389.6646247,-3,0,-48
1759482389.7006247,-4,2,-44
1759482389.7396247,-2,0,-43
1759482389.776625,2,-6,-38
1759482389.8156247,-7,-3,-37
1759482389.8516247,-2,0,-38
1759482389.8896248,-1,1,-48
1759482389.9266248,-10,0,-49
1759482389.9656248,-3,1,-39
1759482390.0016248,1,-1,-35
1759482390.0396247,-1,1,-43
1759482390.0766249,0,2,-42
1759482390.115625,-7,0,-44
1759482390.151625,-3,-1,-40
1759482390.1896248,-1,3,-36
1759482390.227625,0,-4,-29
1759482390.2666247,0,-3,-42
1759482390.3046248,1,-4,-46
1759482390.3406248,-2,0,-36
1759482390.3776248,-2,0,-54
1759482390.4166248,3,-2,-36
1759482390.4526248,0,5,-29
1759482390.4916248,4,3,-36
1759482390.5296247,0,2,-49
1759482390.5666249,0,6,-44
1759482390.605625,-3,0,-38
1759482390.6416247,-1,1,-45
1759482390.6796248,-3,-4,-45
1759482390.7166247,-6,-6,-40
1759482390.7556248,-8,-2,-42
1759482390.7916248,-3,-3,-37
1759482390.829625,-12,-3,-43
1759482390.8676248,-7,0,-41
1759482390.9066248,-10,0,-41
1759482390.9426248,-11,3,-42
1759482390.980625,-1,2,-32
1759482391.0186248,3,6,-32
1759482391.0576248,4,9,-33
1759482391.0956247,3,12,-28
1759482391.1316247,7,7,-30
1759482391.1686249,3,3,-43
1759482391.207625,2,4,-47
1759482391.2456248,1,0,-41
1759482391.2816248,-4,3,-41
1759482391.319625,-4,1,-42
1759482391.3586247,-3,-1,-38
1759482391.3966248,-1,-3,-40
1759482391.4326248,-1,0,-39
1759482391.4696248,0,0,-40
1759482391.5086248,-4,0,-40
1759482391.546625,-2,0,-30
1759482391.582625,-2,-5,-33
1759482391.6206248,-2,-5,-35
1759482391.658625,-5,-9,-38
1759482391.6976247,1,-2,-36
1759482391.7356248,-1,-5,-52
1759482391.7716248,-4,-6,-43
1759482391.8106248,-2,-14,-40
1759482391.8476248,3,-1,-39
1759482391.8866248,4,2,-50
1759482391.9236248,4,3,-39
1759482391.9606247,-1,4,-35
1759482391.9996247,1,-5,-40
1759482392.0376248,0,0,-38
1759482392.0736248,0,9,-41
1759482392.1106248,11,-1,-42
1759482392.148625,3,4,-45
1759482392.1876247,-1,4,-34
1759482392.2236247,-1,0,-42
1759482392.260625,-3,1,-40
1759482392.2996247,-4,-1,-41
1759482392.3376248,-1,1,-30
1759482392.3736248,4,0,-31
1759482392.4106247,-2,3,-37
1759482392.4486248,-2,-2,-38
1759482392.487625,-2,-6,-42
1759482392.523625,5,1,-37
1759482392.5616248,-1,1,-41
1759482392.5986247,0,3,-54
1759482392.6376247,1,-3,-46
1759482392.6736248,0,-4,-46
1759482392.7116249,-4,1,-40
1759482392.7486248,0,3,-50
1759482392.7876248,-5,-3,-34
1759482392.8236248,2,3,-38
1759482392.8616247,0,-6,-48
1759482392.898625,-4,-3,-48
1759482392.9376247,0,-5,-35
1759482392.9736247,-2,-4,-37
1759482393.0126247,-7,-2,-43
1759482393.0496247,-7,1,-39
1759482393.0886247,5,-5,-33
1759482393.1266248,4,2,-44
1759482393.1626248,5,1,-54
1759482393.2006247,0,-3,-56
1759482393.2386248,1,5,-40
1759482393.276625,-5,10,-29
1759482393.3126247,-1,4,-28
1759482393.3496249,0,2,-32
1759482393.388625,-2,-1,-43
1759482393.4266248,-4,4,-30
1759482393.4636247,-3,-4,-39
1759482393.500625,-4,4,-45
1759482393.5386248,-3,-2,-41
1759482393.5776248,0,1,-40
1759482393.6136248,-5,4,-44
1759482393.6506248,-5,2,-37
1759482393.6886249,-3,0,-45
1759482393.727625,-6,4,-40
1759482393.763625,-4,-7,-40
1759482393.8016248,0,-9,-33
1759482393.8406248,0,-4,-36
1759482393.878625,5,0,-44
1759482393.9146247,1,0,-42
1759482393.9526248,3,-3,-40
1759482393.990625,5,-2,-46
1759482394.0286248,11,1,-51
1759482394.0646248,1,2,-49
1759482394.1016247,-5,0,-42
1759482394.1406248,1,1,-45
1759482394.1786249,5,0,-30
1759482394.214625,0,2,-28
1759482394.2526248,-2,0,-41
1759482394.2906249,-3,0,-47
1759482394.3286247,-3,0,-37
1759482394.3726249,-4,-1,-46
1759482394.4096248,-1,4,-48
1759482394.4486248,5,-1,-54
1759482394.4846249,9,-5,-45
1759482394.523625,8,-5,-49
1759482394.5616248,9,-6,-38
1759482394.5996249,0,-9,-36
1759482394.6376247,0,2,-42
1759482394.6736248,2,-8,-28
1759482394.7116249,5,2,-35
1759482394.7496247,-1,1,-41
1759482394.7886248,-3,-7,-31
1759482394.8246248,-2,-5,-42
1759482394.8636248,-6,1,-46
1759482394.9006248,-3,0,-47
1759482394.9396248,2,0,-41
1759482394.977625,6,-3,-48
1759482395.013625,3,0,-53
1759482395.0506248,-5,1,-48
1759482395.089625,-6,-3,-43
1759482395.1276248,0,-1,-35
1759482395.1636248,0,0,-46
1759482395.2006247,10,-1,-42
1759482395.2396247,10,4,-42
1759482395.2776248,3,1,-51
1759482395.3136249,7,-1,-45
1759482395.3516247,0,1,-39
1759482395.3896248,-1,0,-37
1759482395.4276247,1,-1,-43
1759482395.4636247,8,1,-49
1759482395.5016248,-2,0,-41
1759482395.5396247,2,1,-42
1759482395.5756247,0,-3,-42
1759482395.612625,0,-2,-49
1759482395.651625,1,-2,-39
1759482395.6896248,-2,-5,-36
1759482395.7256248,-1,0,-33
1759482395.7626247,4,5,-39
1759482395.8016248,0,5,-39
1759482395.839625,-1,1,-41
1759482395.875625,-1,0,-32
1759482395.9146247,7,-5,-36
1759482395.9516249,2,-2,-49
1759482395.990625,0,-2,-41
1759482396.0286248,-5,0,-46
1759482396.0646248,2,-6,-28
1759482396.102625,-6,-3,-34
1759482396.1396248,0,0,-51
1759482396.1786249,0,0,-54
1759482396.214625,-6,-2,-56
1759482396.2526248,-5,-6,-44
1759482396.2916248,2,-5,-49
1759482396.329625,-3,0,-37
1759482396.365625,-3,-5,-43
1759482396.4036248,-5,1,-44
1759482396.4416249,0,6,-51
1759482396.480625,3,-5,-55
1759482396.5186248,1,0,-49
1759482396.5546248,7,-3,-39
1759482396.592625,8,0,-39
1759482396.6306248,-1,5,-42
1759482396.6696248,-2,3,-32
1759482396.7056248,0,0,-31
1759482396.7436247,1,6,-29
1759482396.7806249,1,8,-45
1759482396.819625,-3,4,-33
1759482396.855625,1,-2,-27
1759482396.8936248,-3,-3,-33
1759482396.9306247,2,2,-40
1759482396.9696248,3,-1,-43
1759482397.0056248,5,-1,-41
1759482397.0436249,5,6,-43
1759482397.0816247,6,6,-43
1759482397.1206248,4,4,-50
1759482397.158625,0,0,-45
1759482397.194625,-1,0,-40
1759482397.2316248,1,5,-40
1759482397.2706249,-3,1,-47
1759482397.306625,2,1,-46
1759482397.3436248,0,0,-37
1759482397.3816247,1,5,-39
1759482397.4206247,5,5,-40
1759482397.4566247,7,0,-42
1759482397.4936247,-1,3,-27
1759482397.5316248,-3,8,-40
1759482397.5706248,-11,0,-46
1759482397.6066248,-4,3,-45
1759482397.6446247,-7,0,-41
1759482397.6826248,1,5,-43
1759482397.7206247,1,4,-40
1759482397.7596247,5,0,-47
1759482397.7956247,-7,2,-38
1759482397.8346248,-4,0,-40
1759482397.8726249,0,5,-46
1759482397.9106247,-1,0,-48
1759482397.9466248,1,6,-49
1759482397.9846249,5,-4,-35
1759482398.0226247,-1,0,-48
1759482398.0606248,-7,0,-45
1759482398.0966249,-2,-3,-41
1759482398.135625,0,-4,-28
1759482398.1726248,-1,4,-42
1759482398.2116249,1,-1,-38
1759482398.2496247,0,0,-46
1759482398.2856247,-2,-3,-42
1759482398.3236248,-3,-2,-39
1759482398.362625,1,-1,-37
1759482398.4006248,5,2,-35
1759482398.4366248,-6,1,-37
1759482398.4736247,0,4,-26
1759482398.5116248,-4,-1,-34
1759482398.5506248,5,-3,-25
1759482398.5866249,6,0,-32
1759482398.6236248,-2,1,-49
1759482398.6626248,-1,1,-36
1759482398.7006247,4,4,-42
1759482398.7366247,5,0,-48
1759482398.773625,1,1,-62
1759482398.8116248,1,-3,-46
1759482398.8506248,-3,0,-44
1759482398.8866248,-1,-8,-41
1759482398.9246247,-1,-5,-40
1759482398.9636247,-5,2,-36
1759482399.0016248,-1,-1,-37
1759482399.0376248,2,3,-37
1759482399.0746248,-8,0,-45
1759482399.1136248,-1,-1,-43
1759482399.151625,2,3,-38
1759482399.1876247,2,1,-36
1759482399.2246249,2,0,-41
1759482399.263625,5,-7,-40
1759482399.3016248,4,-3,-38
1759482399.3376248,-2,-1,-39
1759482399.375625,-1,3,-46
1759482399.4136248,-6,9,-53
1759482399.4516249,-3,5,-48
1759482399.490625,4,-1,-38
1759482399.526625,1,5,-45
1759482399.5636249,3,3,-25
1759482399.6016247,5,0,-31
1759482399.6406248,5,-5,-36
1759482399.6766248,0,-2,-19
1759482399.714625,1,1,-34
1759482399.7526248,1,-1,-36
1759482399.7916248,1,1,-43
1759482399.8276248,-1,0,-38
1759482399.865625,0,2,-44
1759482399.9036248,-1,-5,-53
1759482399.9426248,6,-8,-46
1759482399.980625,2,-7,-39
1759482400.0166247,5,-10,-45
1759482400.0536249,1,-1,-49
1759482400.092625,-3,-1,-40
1759482400.1306248,2,0,-45
1759482400.1666248,-5,-3,-32
1759482400.2056248,3,-1,-27
1759482400.2426248,-2,-2,-36
1759482400.2816248,-4,0,-39
1759482400.3176248,2,0,-36
1759482400.3546247,0,-5,-39
1759482400.3936248,0,-2,-41
1759482400.431625,-4,-7,-40
1759482400.467625,0,-3,-35
1759482400.5046248,0,0,-34
1759482400.5426247,3,-5,-32
1759482400.5816247,1,-4,-29
1759482400.6176248,-6,-1,-40
1759482400.6556249,2,1,-39
1759482400.694625,3,4,-43
1759482400.7326248,0,5,-36
1759482400.7686248,0,5,-39
1759482400.8056247,3,0,-32
1759482400.8436248,4,-2,-36
1759482400.8826249,8,-1,-38
1759482400.9186249,-4,0,-44
1759482400.957625,-4,1,-46
1759482400.9956248,-3,-5,-50
1759482401.0326247,0,-5,-45
1759482401.0716248,-5,0,-30
1759482401.1076248,-6,-4,-38
1759482401.1456249,-11,8,-41
1759482401.184625,-4,-1,-33
1759482401.2226248,-3,-4,-45
1759482401.2586248,1,-2,-38
1759482401.296625,0,-7,-34
1759482401.3346248,-1,-6,-41
1759482401.3726249,-1,-5,-32
1759482401.411625,-2,-3,-39
1759482401.4476247,-1,1,-39
1759482401.4846249,0,-3,-36
1759482401.523625,-1,-6,-37
1759482401.5616248,-1,-2,-41
1759482401.5976248,-2,-4,-46
1759482401.635625,7,-3,-44
1759482401.6736248,0,0,-38
1759482401.7126248,0,-2,-32
1759482401.7486248,3,1,-32
1759482401.7856247,3,0,-32
1759482401.8246248,0,-4,-32
1759482401.862625,2,-1,-31
1759482401.898625,-2,-2,-40
1759482401.9376247,-3,2,-29
1759482401.9756248,3,1,-40
1759482402.013625,3,-4,-39
1759482402.0516248,4,-2,-38
1759482402.0876248,11,-8,-31
1759482402.125625,13,-1,-34
1759482402.1636248,0,4,-44
1759482402.2016249,-4,9,-35
1759482402.237625,-2,0,-32
1759482402.2756248,-1,-5,-28
1759482402.3136249,0,2,-35
1759482402.352625,-2,7,-52
1759482402.388625,-4,4,-54
1759482402.4266248,1,1,-45
1759482402.4656248,0,-2,-38
1759482402.503625,2,-1,-31
1759482402.5396247,-3,-1,-45
1759482402.5786247,2,-6,-38
1759482402.615625,-2,-2,-40
1759482402.6536248,1,0,-41
1759482402.6926248,0,0,-46
1759482402.7286248,4,3,-35
1759482402.7666247,-1,7,-47
1759482402.8036249,-4,3,-48
1759482402.842625,-6,-1,-56
1759482402.878625,0,-5,-46
1759482402.9166248,-6,-3,-50
1759482402.954625,-1,1,-37
1759482402.9926248,-1,-4,-44
1759482403.0286248,5,0,-44
1759482403.0666249,7,2,-41
1759482403.1036248,3,3,-29
1759482403.1426249,0,-4,-36
1759482403.1786249,6,-2,-42
1759482403.2166247,0,-11,-39
1759482403.2546248,-5,1,-32
1759482403.2926247,-4,0,-41
1759482403.3286247,7,-1,-46
1759482403.3666248,2,-1,-36
1759482403.4046247,6,-5,-35
1759482403.4426248,2,-6,-39
1759482403.4786248,4,0,-34
1759482403.5166247,4,-3,-39
1759482403.5546248,-2,4,-42
1759482403.592625,0,-7,-41
1759482403.628625,1,-1,-48
1759482403.6666248,-5,-2,-39
1759482403.704625,-5,-6,-32
1759482403.7426248,-2,-6,-41
1759482403.7786248,-3,-4,-45
1759482403.8176248,2,0,-38
1759482403.8546247,-2,-1,-38
1759482403.8936248,1,-2,-43
1759482403.9296248,-3,-4,-33
1759482403.967625,0,1,-36
1759482404.0056248,1,0,-40
1759482404.0446248,-1,6,-48
1759482404.082625,0,-1,-38
1759482404.1186247,3,-1,-38
1759482404.1556249,1,0,-38
1759482404.194625,1,3,-45
1759482404.2326248,2,0,-35
1759482404.2686248,2,-1,-32
1759482404.3076248,1,-3,-47
1759482404.3446248,-6,-4,-44
1759482404.3896248,-2,0,-44
1759482404.4276247,1,-4,-54
1759482404.4656248,-7,-3,-50
1759482404.503625,2,-6,-42
1759482404.5396247,7,-6,-46
1759482404.5776248,-6,-1,-37
1759482404.6166248,-4,1,-50
1759482404.6546247,-3,-7,-44
1759482404.6906247,0,0,-44
1759482404.727625,1,-6,-47
1759482404.7656248,2,-2,-39
1759482404.8046248,6,-1,-39
1759482404.8406248,-1,-1,-46
1759482404.878625,0,3,-44
1759482404.9166248,4,3,-43
1759482404.954625,2,2,-40
1759482404.9936247,1,10,-41
1759482405.0296247,-5,2,-38
1759482405.0686247,1,4,-28
1759482405.105625,7,-2,-42
1759482405.1446247,4,-2,-39
1759482405.1806247,0,-3,-41
1759482405.2196248,0,-3,-51
1759482405.2576249,-4,2,-32
1759482405.2956247,-1,0,-42
1759482405.3336248,-5,1,-47
1759482405.3696249,-2,5,-53
1759482405.4076247,3,0,-43
1759482405.4456248,0,-1,-44
1759482405.4836247,6,0,-30
1759482405.5196247,8,2,-39
1759482405.556625,2,0,-32
1759482405.5956247,-6,-5,-34
1759482405.6336248,-1,-8,-37
1759482405.6696248,-2,-6,-34
1759482405.707625,-8,-8,-28
1759482405.7456248,0,0,-39
1759482405.7846248,6,-6,-39
1759482405.8206248,2,5,-43
1759482405.8586247,5,3,-37
1759482405.8976247,0,0,-29
1759482405.9356248,-2,4,-29
1759482405.9716249,0,-2,-39
1759482406.010625,-3,1,-37
1759482406.0486248,-6,3,-47
1759482406.0856247,2,2,-41
1759482406.1246247,2,0,-41
1759482406.1606247,-9,0,-31
1759482406.1986248,-2,0,-36
1759482406.2356248,-13,0,-32
1759482406.2746248,5,3,-48
1759482406.3106248,2,-1,-50
1759482406.3486247,-3,-2,-46
1759482406.385625,-3,-2,-34
1759482406.4246247,-2,4,-34
1759482406.4606247,0,1,-41
1759482406.4986248,3,1,-32
1759482406.5356247,-3,-2,-37
1759482406.5746248,-4,3,-42
1759482406.6106248,-5,6,-38
1759482406.648625,-4,4,-51
1759482406.6866248,-2,5,-32
1759482406.7246249,0,-2,-31
1759482406.760625,-3,-2,-33
1759482406.7986248,-1,3,-46
1759482406.8376248,-1,0,-39
1759482406.875625,-5,-1,-36
1759482406.911625,0,-2,-42
1759482406.9496248,1,0,-34
1759482406.9866247,1,5,-26
1759482407.0256248,3,0,-45
1759482407.0616248,4,2,-38
1759482407.0986247,5,1,-32
1759482407.1366248,1,2,-43
1759482407.1756248,5,0,-43
1759482407.2116249,7,0,-42
1759482407.2496247,4,0,-39
1759482407.286625,6,-2,-37
1759482407.3256247,-3,3,-49
1759482407.3616247,0,-1,-35
1759482407.398625,3,0,-33
1759482407.4376247,4,7,-39
1759482407.4756248,6,6,-44
1759482407.5116248,5,1,-44
1759482407.5486248,-1,-1,-37
1759482407.5866249,9,-4,-33
1759482407.625625,4,-2,-32
1759482407.661625,0,-4,-25
1759482407.7006247,1,0,-28
1759482407.737625,-1,-1,-28
1759482407.776625,0,-9,-40
1759482407.8126247,1,-2,-43
1759482407.8516247,0,-3,-43
1759482407.888625,2,2,-41
1759482407.9266248,0,5,-45
1759482407.9656248,-1,-1,-35
1759482408.0016248,4,-2,-34
1759482408.0386248,1,0,-29
1759482408.0776248,-5,-1,-34
1759482408.115625,-4,0,-35
1759482408.151625,-7,-3,-30
1759482408.1896248,-4,-4,-39
1759482408.227625,-6,0,-32
1759482408.2666247,-2,2,-47
1759482408.3026247,-3,0,-37
1759482408.3406248,-3,3,-19
1759482408.3796248,2,2,-40
1759482408.4176247,-1,1,-49
1759482408.4556248,1,-6,-46
1759482408.4916248,4,0,-41
1759482408.5296247,2,-2,-45
1759482408.5676248,7,0,-39
1759482408.605625,5,-2,-41
1759482408.6416247,-1,0,-28
1759482408.6806247,-8,0,-36
1759482408.717625,-5,1,-38
1759482408.7566247,-4,0,-32
1759482408.7926247,-7,-4,-35
1759482408.8306248,-2,5,-37
1759482408.8686247,-2,2,-37
1759482408.9076247,-5,-7,-30
1759482408.9456248,2,1,-43
1759482408.9816248,3,5,-40
1759482409.0186248,1,3,-44
1759482409.0576248,6,0,-51
1759482409.0956247,1,1,-40
1759482409.1316247,-4,4,-32
1759482409.1686249,3,-1,-32
1759482409.207625,0,3,-34
1759482409.2456248,5,-2,-38
1759482409.2816248,-4,-8,-39
1759482409.319625,-4,-4,-35
1759482409.3586247,-1,-4,-32
1759482409.3966248,0,2,-33
1759482409.4326248,2,2,-36
1759482409.4706247,-4,-2,-45
1759482409.5086248,-4,-5,-41
1759482409.546625,-7,-4,-47
1759482409.582625,-6,-1,-30
1759482409.6216247,0,-7,-38
1759482409.658625,3,-6,-39
1759482409.6976247,5,0,-49
1759482409.7336247,2,3,-37
1759482409.7716248,-1,-8,-47
1759482409.8086247,-1,0,-46
1759482409.8476248,2,-1,-48
1759482409.8836248,-1,0,-42
1759482409.921625,-5,0,-37
1759482409.9596248,2,-3,-45
1759482409.9976249,0,2,-42
1759482410.033625,-7,0,-38
1759482410.0716248,-6,0,-40
1759482410.1086247,-6,4,-31
1759482410.1476247,-9,2,-41
1759482410.1836247,-11,5,-41
1759482410.2226248,-5,0,-45
1759482410.2596247,4,2,-35
1759482410.2986248,3,-2,-32
1759482410.3366249,1,-4,-35
1759482410.3726249,1,-1,-37
1759482410.4106247,1,-1,-35
1759482410.4486248,-4,-6,-37
1759482410.487625,0,-6,-33
1759482410.523625,-6,-5,-34
1759482410.5616248,-11,-3,-30
1759482410.6006248,1,-3,-46
1759482410.638625,6,2,-44
1759482410.6766248,2,-6,-44
1759482410.7126248,-3,-2,-46
1759482410.750625,-6,-5,-49
1759482410.7886248,3,-1,-35
1759482410.8276248,-1,3,-32
1759482410.8636248,-7,-2,-40
1759482410.901625,-7,3,-34
1759482410.9406247,-4,-2,-40
1759482410.9786248,-11,-4,-32
1759482411.0166247,-8,1,-24
1759482411.0526247,-7,-2,-21
1759482411.0916247,-9,-3,-46
1759482411.1296248,-2,-2,-45
1759482411.1676247,3,2,-42
1759482411.204625,0,4,-44
1759482411.2426248,1,-2,-43
1759482411.2796247,0,0,-49
1759482411.3186247,-1,-1,-42
1759482411.3546247,0,0,-39
1759482411.3916247,2,-2,-38
1759482411.4296248,0,0,-29
1759482411.4686248,0,-1,-32
1759482411.5046248,-1,-2,-39
1759482411.5426247,1,-1,-52
1759482411.5816247,4,5,-30
1759482411.6186247,10,4,-28
1759482411.6576247,9,-1,-27
1759482411.6936247,2,2,-20
1759482411.7316248,-1,0,-33
1759482411.7706249,-3,-2,-36
1759482411.8086247,2,2,-32
1759482411.8446248,1,-3,-36
1759482411.8836248,-5,-3,-45
1759482411.9206247,0,0,-28
1759482411.9596248,2,2,-28
1759482411.9976249,0,0,-34
1759482412.033625,7,0,-38
1759482412.0716248,0,1,-44
1759482412.1096249,-4,0,-51
1759482412.1476247,-1,-1,-35
1759482412.1836247,0,0,-41
1759482412.2216249,0,7,-39
1759482412.2596247,-4,0,-54
1759482412.2976248,0,2,-44
1759482412.3336248,-5,3,-38
1759482412.3716247,2,-2,-34
1759482412.4096248,-5,-4,-46
1759482412.4476247,-2,-1,-42
1759482412.4836247,-2,-1,-36
1759482412.5216248,-4,4,-42
1759482412.559625,-2,4,-33
1759482412.5986247,-11,-2,-42
1759482412.6346247,-4,-10,-36
1759482412.6736248,-3,-3,-36
1759482412.7116249,-2,2,-44
1759482412.7496247,-3,-1,-37
1759482412.7876248,-5,0,-38
1759482412.8236248,-5,-2,-39
1759482412.862625,-6,0,-42
1759482412.8996248,5,8,-44
1759482412.9386249,1,0,-30
1759482412.9746249,-4,-4,-41
1759482413.013625,-7,1,-42
1759482413.0516248,0,1,-37
1759482413.089625,-3,2,-36
1759482413.125625,-5,2,-38
1759482413.1636248,1,-2,-32
1759482413.2016249,3,0,-42
1759482413.2396247,5,2,-38
1759482413.2756248,-2,-1,-32
1759482413.3136249,5,6,-30
1759482413.3516247,2,-3,-41
1759482413.3906248,-1,0,-46
1759482413.4286249,0,2,-49
1759482413.464625,0,-2,-45
1759482413.503625,0,2,-47
1759482413.5406249,7,1,-42
1759482413.579625,0,1,-33
1759482413.615625,0,7,-44
1759482413.6536248,2,0,-39
1759482413.6906247,-7,3,-31
1759482413.7296247,-9,6,-36
1759482413.7656248,-10,4,-33
1759482413.8036249,-4,6,-42
1759482413.8416247,2,0,-50
1759482413.8806248,5,-3,-41
1759482413.9186249,-1,-1,-43
1759482413.954625,0,-2,-45
1759482413.9926248,0,-4,-51
1759482414.0306249,-2,3,-43
1759482414.069625,4,0,-49
1759482414.105625,-1,0,-47
1759482414.1426249,2,-6,-44
1759482414.1806247,5,7,-38
1759482414.2196248,-2,0,-45
1759482414.2556248,-5,1,-48
1759482414.2926247,0,-3,-40
1759482414.3306248,2,-6,-46
1759482414.3696249,-2,-10,-34
1759482414.4136248,-7,-5,-29
1759482414.4516249,-1,-3,-34
1759482414.4896247,2,-5,-37
1759482414.5256248,0,-6,-41
1759482414.5636249,0,-1,-48
1759482414.6016247,4,1,-47
1759482414.6406248,2,4,-49
1759482414.6766248,0,3,-50
1759482414.714625,9,1,-38
1759482414.7526248,2,1,-37
1759482414.7906249,-1,5,-40
1759482414.8266249,-1,1,-43
1759482414.865625,-5,-3,-37
1759482414.9026248,-5,-7,-39
1759482414.9406247,-2,0,-37
1759482414.9796247,-6,-7,-39
1759482415.0156248,-7,-14,-34
1759482415.0536249,0,-6,-46
1759482415.0916247,-2,0,-37
1759482415.1306248,-2,-4,-43
1759482415.1666248,0,2,-51
1759482415.204625,0,0,-47
1759482415.2436247,5,-5,-33
1759482415.2816248,3,-2,-39
1759482415.319625,-1,-5,-34
1759482415.355625,1,-3,-51
1759482415.3936248,2,-5,-47
1759482415.431625,-2,-6,-40
1759482415.4696248,-4,-1,-48
1759482415.5056248,0,-4,-51
1759482415.5436249,-3,-8,-35
1759482415.5816247,-3,-4,-20
1759482415.6196249,1,-3,-24
1759482415.6556249,-2,-1,-37
1759482415.694625,0,-1,-49
1759482415.7316248,-6,-1,-45
1759482415.7706249,0,7,-47
1759482415.806625,-6,0,-45
1759482415.8446248,-4,-2,-35
1759482415.8816247,-4,1,-32
1759482415.9206247,-1,-1,-37
1759482415.9566247,0,-1,-39
1759482415.9946249,0,-9,-37
1759482416.0326247,-7,-2,-33
1759482416.0716248,-6,-4,-41
1759482416.1096249,-1,-9,-36
1759482416.1456249,-2,-6,-39
1759482416.184625,-2,-4,-39
1759482416.2226248,-4,-1,-49
1759482416.260625,-6,-3,-44
1759482416.296625,0,-1,-35
1759482416.3356247,-4,5,-44
1759482416.3726249,0,6,-28
1759482416.411625,-1,8,-34
1759482416.4476247,-2,1,-30
1759482416.4856248,-1,-2,-40
1759482416.5226247,3,-4,-50
1759482416.5616248,0,0,-32
1759482416.5976248,0,1,-31
1759482416.635625,-7,7,-35
1759482416.6736248,4,5,-43
1759482416.7116249,4,7,-44
1759482416.7476249,6,2,-48
1759482416.7846248,9,4,-44
1759482416.8226247,0,6,-42
1759482416.8616247,-2,6,-41
1759482416.8976247,5,-4,-38
1759482416.9356248,-4,-1,-43
1759482416.9726248,-6,2,-45
1759482417.0116248,-4,0,-44
1759482417.0476248,-6,-6,-55
1759482417.0856247,-3,-5,-41
1759482417.1236248,2,1,-52
1759482417.1626248,1,7,-41
1759482417.2006247,-4,-3,-36
1759482417.237625,-6,0,-38
1759482417.2746248,0,-2,-35
1759482417.3126247,6,0,-42
1759482417.3516247,7,-2,-43
1759482417.3876247,2,-6,-46
1759482417.4256248,-1,-8,-53
1759482417.464625,7,-4,-47
1759482417.5026248,0,-1,-45
1759482417.5406249,-3,-1,-57
1759482417.5766249,-4,-4,-42
1759482417.6146247,-4,1,-39
1759482417.6536248,-6,-3,-32
1759482417.6916249,2,-9,-28
1759482417.727625,3,-1,-28
1759482417.7646248,1,-3,-42
1759482417.8036249,0,-6,-41
1759482417.8416247,9,3,-36
1759482417.8776248,9,3,-30
1759482417.9146247,5,1,-34
1759482417.9526248,-4,5,-51
1759482417.9916248,0,1,-47
1759482418.0276248,4,0,-45
1759482418.0646248,0,0,-36
1759482418.1036248,-2,3,-37
1759482418.1416247,1,6,-34
1759482418.1776247,0,1,-34
1759482418.2156248,-3,-7,-31
1759482418.2526248,-5,2,-35
1759482418.2916248,6,2,-42
1759482418.3276248,4,2,-45
1759482418.3646247,4,-3,-42
1759482418.4026248,4,-4,-39
1759482418.4416249,9,3,-39
1759482418.477625,8,-4,-36
1759482418.5166247,2,0,-42
1759482418.5536249,2,1,-34
1759482418.592625,0,-1,-43
1759482418.6296248,-1,-2,-47
1759482418.6666248,5,-1,-44
1759482418.7056248,12,0,-55
1759482418.7436247,4,3,-46
1759482418.7816248,-1,1,-44
1759482418.8176248,0,3,-40
1759482418.8546247,-4,2,-37
1759482418.8936248,-2,0,-39
1759482418.931625,0,1,-43
1759482418.967625,-3,0,-41
1759482419.0046248,0,0,-39
1759482419.0436249,1,-4,-38
1759482419.0816247,-2,0,-30
1759482419.1176248,-4,5,-32
1759482419.1556249,4,-2,-50
1759482419.1936247,3,0,-55
1759482419.2326248,3,-3,-43
1759482419.2686248,6,0,-45
1759482419.3056247,0,0,-43
1759482419.3436248,0,-5,-46
1759482419.3826249,-1,-11,-44
1759482419.4186249,-5,2,-38
1759482419.4566247,-7,5,-47
1759482419.4946249,-4,0,-45
1759482419.533625,-1,-7,-43
1759482419.5716248,0,0,-45
1759482419.6076248,7,0,-37
1759482419.6466248,0,-1,-44
1759482419.684625,0,0,-40
1759482419.7226248,2,5,-43
1759482419.7596247,-2,0,-40
1759482419.796625,-8,-6,-34
1759482419.8346248,0,-7,-34
1759482419.8736248,0,-5,-34
1759482419.9096248,-4,-2,-29
1759482419.9486248,0,-2,-40
1759482419.9856248,-4,-4,-39
1759482420.023625,1,1,-44
1759482420.0626247,-5,-3,-37
1759482420.0986247,0,1,-39
1759482420.1376247,2,2,-38
1759482420.1746247,2,0,-28
1759482420.2136247,14,1,-28
1759482420.2496247,12,-2,-32
1759482420.2876248,4,-8,-41
1759482420.3266249,0,-2,-40
1759482420.3646247,0,1,-40
1759482420.4026248,-1,0,-48
1759482420.4386249,-5,7,-46
1759482420.4766247,-4,0,-39
1759482420.513625,-6,3,-42
1759482420.5526247,0,-1,-38
1759482420.5886247,2,3,-44
1759482420.6266248,3,0,-42
1759482420.6646247,5,-1,-46
1759482420.7026248,1,0,-40
1759482420.7386248,-2,-3,-42
1759482420.776625,0,-3,-35
1759482420.8156247,-2,0,-32
1759482420.8536248,-6,0,-34
1759482420.8896248,-9,-2,-39
1759482420.9286249,-5,0,-42
1759482420.9656248,-2,-6,-37
1759482421.0046248,2,-4,-38
1759482421.0426247,2,0,-38
1759482421.0786247,5,-1,-44
1759482421.1166248,0,-7,-42
1759482421.1546247,2,-3,-41
1759482421.1936247,0,-4,-32
1759482421.2296247,0,-2,-33
1759482421.2676249,-4,-5,-35
1759482421.3046248,0,-3,-45
1759482421.3436248,0,-5,-38
1759482421.3796248,-4,0,-41
1759482421.4176247,-7,-3,-40
1759482421.4556248,-5,-9,-36
1759482421.4946249,1,-4,-48
1759482421.5326247,0,0,-48
1759482421.569625,-2,-1,-45
1759482421.6076248,5,-10,-57
1759482421.6446247,-3,-8,-51
1759482421.6836247,-2,-5,-34
1759482421.7196248,0,-3,-40
1759482421.7576249,0,1,-32
1759482421.7956247,1,-5,-35
1759482421.8336248,-2,-6,-45
1759482421.8696249,0,2,-44
1759482421.9076247,3,-2,-52
1759482421.9456248,0,5,-42
1759482421.9836247,0,-3,-50
1759482422.0196247,-3,0,-38
1759482422.0576248,4,-5,-41
1759482422.0956247,4,-2,-28
1759482422.1336248,-8,2,-29
1759482422.1696248,0,5,-38
1759482422.207625,8,0,-39
1759482422.2456248,5,1,-29
1759482422.283625,5,5,-35
1759482422.319625,-2,0,-40
1759482422.3576248,0,-2,-36
1759482422.3956249,-4,6,-35
1759482422.4336247,-7,-3,-33
1759482422.4696248,-4,-2,-34
1759482422.5086248,0,0,-27
1759482422.5456247,-3,0,-39
1759482422.5846248,0,0,-30
1759482422.6206248,-5,4,-45
1759482422.658625,-1,-2,-38
1759482422.6956248,-10,1,-41
1759482422.7346249,0,4,-38
1759482422.7706249,-1,9,-40
1759482422.8086247,5,9,-30
1759482422.8456247,10,1,-25
1759482422.8846247,5,3,-31
1759482422.9206247,4,1,-48
1759482422.9596248,-2,0,-37
1759482422.9966247,-2,6,-41
1759482423.0356247,1,0,-41
1759482423.0736248,-1,4,-44
1759482423.1096249,3,0,-37
1759482423.1466248,4,2,-44
1759482423.1856248,5,4,-44
1759482423.2236247,4,-2,-42
1759482423.2596247,-1,-1,-36
1759482423.2976248,0,-1,-40
1759482423.3366249,2,0,-33
1759482423.3746247,2,-2,-46
1759482423.4106247,9,-2,-37
1759482423.4476247,7,-4,-32
1759482423.4866247,1,-2,-27
1759482423.5246248,1,-3,-37
1759482423.5606248,-2,-2,-36
1759482423.5996249,-3,-1,-39
1759482423.6376247,0,-3,-31
1759482423.6756248,-3,-4,-27
1759482423.7116249,-2,-2,-32
1759482423.7496247,-8,-5,-38
1759482423.7876248,-1,-6,-41
1759482423.8256247,4,-8,-43
1759482423.8646247,0,1,-41
1759482423.9006248,1,6,-43
1759482423.9376247,-1,-3,-37
1759482423.9756248,0,4,-43
1759482424.0116248,-2,-3,-45
1759482424.0506248,0,0,-51
1759482424.0876248,3,-1,-37
1759482424.1266248,5,1,-31
1759482424.1646247,4,0,-34
1759482424.2006247,2,0,-36
1759482424.2386248,-5,0,-36
1759482424.276625,0,-7,-36
1759482424.3156247,4,0,-33
1759482424.3516247,8,0,-41
1759482424.3896248,6,0,-28
1759482424.434625,3,-3,-41
1759482424.4706247,2,-3,-41
1759482424.5096247,1,0,-36
1759482424.5476248,8,2,-36
1759482424.5856247,7,2,-38
1759482424.6216247,3,4,-45
1759482424.6606247,0,1,-30
1759482424.6986248,0,2,-34
1759482424.7366247,0,2,-39
1759482424.7746248,-4,-4,-36
1759482424.8106248,-9,-6,-35
1759482424.8486247,-6,-1,-42
1759482424.8876247,-6,-1,-42
1759482424.9256248,-4,-3,-42
1759482424.9616249,1,-2,-31
1759482424.9996247,1,0,-46
1759482425.036625,1,0,-40
1759482425.0756247,0,4,-40
1759482425.1116247,0,4,-45
1759482425.148625,0,3,-39
1759482425.1866248,4,-3,-28
1759482425.2256248,2,1,-43
1759482425.2616248,1,7,-25
1759482425.2996247,-1,2,-40
1759482425.3366249,-2,0,-45
1759482425.375625,-6,0,-47
1759482425.411625,0,-6,-43
1759482425.4496248,4,4,-48
1759482425.4866247,1,2,-38
1759482425.5256248,0,-3,-32
1759482425.5616248,-1,-1,-29
1759482425.5996249,-2,-5,-32
1759482425.6376247,8,-1,-40
1759482425.6766248,8,-7,-33
1759482425.7126248,-2,2,-39
1759482425.7516248,0,0,-41
1759482425.7896247,-1,-1,-43
1759482425.8276248,-4,-2,-41
1759482425.865625,-4,0,-40
1759482425.901625,-6,1,-34
1759482425.9396248,-11,-3,-36
1759482425.977625,-2,2,-37
1759482426.0156248,-3,-5,-30
1759482426.0516248,4,-4,-36
1759482426.089625,3,0,-39
1759482426.1276248,3,-2,-32
1759482426.1656249,6,-3,-29
1759482426.2026248,1,1,-28
1759482426.240625,0,2,-40
1759482426.2776248,0,4,-32
1759482426.3166249,5,0,-38
1759482426.352625,5,0,-34
1759482426.3906248,3,-3,-35
1759482426.4276247,-4,-2,-54
1759482426.4666247,1,-2,-57
1759482426.5026248,1,0,-49
1759482426.5406249,-9,-6,-50
1759482426.5776248,-4,-5,-44
1759482426.6166248,1,4,-36
1759482426.6526248,8,3,-41
1759482426.6906247,9,0,-35
1759482426.727625,4,4,-46
1759482426.7666247,-1,0,-50
1759482426.8026247,-3,5,-46
1759482426.839625,1,-6,-44
1759482426.8776248,0,1,-42
1759482426.9166248,0,6,-39
1759482426.9526248,0,-3,-40
1759482426.9896247,4,-3,-38
1759482427.0276248,5,1,-43
1759482427.0666249,4,-4,-45
1759482427.102625,-3,-4,-44
1759482427.1406248,6,0,-42
1759482427.1796248,-1,0,-48
1759482427.217625,6,1,-36
1759482427.253625,-4,4,-42
1759482427.2926247,-1,0,-45
1759482427.329625,-2,-3,-38
1759482427.3676248,2,-4,-46
1759482427.4066248,2,0,-45
1759482427.4426248,2,-1,-44
1759482427.4796247,4,1,-39
1759482427.5176249,-1,0,-42
1759482427.556625,-1,-4,-38
1759482427.592625,0,-3,-35
1759482427.6306248,2,-2,-28
1759482427.6686249,4,0,-42
1759482427.7066247,5,-2,-46
1759482427.7426248,3,4,-45
1759482427.7806249,3,2,-41
1759482427.8186247,-5,-2,-46
1759482427.8566248,-5,0,-39
1759482427.8926249,1,-1,-44
1759482427.9306247,-9,-2,-47
1759482427.9686248,0,0,-49
1759482428.0066247,3,-1,-34
1759482428.0426247,-2,-5,-41
1759482428.0806248,3,-2,-35
1759482428.1186247,1,0,-42
1759482428.1576247,6,-1,-41
1759482428.1936247,6,-7,-36
1759482428.230625,0,-10,-34
1759482428.2686248,3,1,-37
1759482428.3076248,-1,-1,-27
1759482428.3436248,5,0,-28
1759482428.3816247,-2,-1,-40
1759482428.4186249,2,-1,-39
1759482428.457625,3,1,-42
1759482428.4936247,-1,-6,-54
1759482428.5316248,-3,-3,-38
1759482428.569625,0,0,-40
1759482428.6086247,0,-8,-46
1759482428.6446247,-3,0,-42
1759482428.6836247,0,10,-32
1759482428.7206247,5,1,-32
1759482428.7596247,-5,3,-45
1759482428.7976248,0,3,-33
1759482428.8336248,4,0,-33
1759482428.8706248,-9,-2,-31
1759482428.9096248,-2,-5,-32
1759482428.9476247,0,4,-37
1759482428.9836247,6,-1,-40
1759482429.0206249,5,0,-44
1759482429.059625,-2,0,-42
1759482429.0976248,-2,-1,-42
1759482429.1336248,5,-2,-36
1759482429.1706247,-2,0,-36
1759482429.2086248,-8,-1,-30
1759482429.2476249,-5,-9,-45
1759482429.283625,0,-3,-46
1759482429.3216248,0,-1,-36
1759482429.3596249,0,3,-29
1759482429.3976247,1,1,-41
1759482429.4336247,2,2,-37
1759482429.4716249,2,7,-45
1759482429.5096247,-5,0,-52
1759482429.5476248,-2,4,-46
1759482429.5836248,7,3,-46
1759482429.6216247,0,-1,-29
1759482429.6596248,3,-2,-33
1759482429.6976247,6,4,-43
1759482429.7336247,-2,3,-44
1759482429.7716248,-2,3,-52
1759482429.809625,2,5,-31
1759482429.8476248,0,0,-40
1759482429.8836248,3,6,-39
1759482429.921625,2,-1,-31
1759482429.9596248,0,-4,-39
1759482429.9976249,-1,0,-44
1759482430.033625,-3,1,-51
1759482430.0716248,2,6,-43
1759482430.1096249,0,0,-31
1759482430.1476247,5,-8,-48
1759482430.1836247,2,-3,-42
1759482430.2216249,3,2,-34
1759482430.2596247,4,-2,-38
1759482430.2976248,10,2,-38
1759482430.3336248,-1,0,-45
1759482430.3716247,-8,0,-41
1759482430.4096248,2,1,-46
1759482430.4456248,-3,0,-43
1759482430.4826248,2,4,-36
1759482430.5216248,1,4,-41
1759482430.559625,11,2,-42
1759482430.5956247,4,-1,-37
1759482430.6336248,1,0,-43
1759482430.671625,-4,-1,-38
1759482430.7096248,3,-3,-45
1759482430.7486248,9,3,-45
1759482430.7846248,-4,-1,-42
1759482430.8226247,-5,0,-53
1759482430.8606248,-5,0,-42
1759482430.8996248,4,5,-40
1759482430.9356248,3,0,-43
1759482430.9736247,1,3,-41
1759482431.0116248,7,-4,-38
1759482431.0496247,0,-2,-41
1759482431.0856247,6,-3,-36
1759482431.1246247,3,-3,-38
1759482431.161625,0,0,-42
1759482431.2006247,0,-3,-40
1759482431.2386248,4,0,-38
1759482431.2746248,4,0,-44
1759482431.3126247,3,1,-46
1759482431.3506248,-2,-4,-42
1759482431.388625,-4,-2,-37
1759482431.4246247,-2,0,-40
1759482431.4636247,0,8,-40
1759482431.500625,7,3,-31
1759482431.5396247,-4,-3,-30
1759482431.5766249,7,-3,-40
1759482431.6146247,3,0,-40
1759482431.6526248,3,1,-41
1759482431.6906247,7,-1,-45
1759482431.7286248,-5,4,-48
1759482431.7646248,-7,3,-46
1759482431.8026247,-1,-4,-46
1759482431.8406248,2,-4,-52
1759482431.878625,-5,-4,-42
1759482431.9146247,1,-3,-43
1759482431.9526248,11,-5,-52
1759482431.990625,-1,-3,-36
1759482432.0286248,8,2,-48
1759482432.0646248,5,-2,-44
1759482432.102625,-2,-6,-43
1759482432.1406248,-9,-2,-45
1759482432.1766248,-12,-3,-43
1759482432.214625,1,7,-50
1759482432.253625,2,8,-40
1759482432.2906249,0,6,-51
1759482432.329625,2,6,-42
1759482432.365625,-2,1,-40
1759482432.4036248,1,-2,-38
1759482432.4426248,-6,2,-36
1759482432.480625,0,1,-33
1759482432.5166247,1,-1,-35
1759482432.5536249,0,-1,-50
1759482432.5916247,-4,-5,-46
1759482432.6306248,-10,-3,-42
1759482432.6666248,-7,-2,-47
1759482432.704625,0,0,-35
1759482432.7426248,8,0,-36
1759482432.7816248,5,0,-38
1759482432.819625,-2,4,-40
1759482432.855625,2,0,-27
1759482432.8926249,-7,-3,-34
1759482432.931625,10,-3,-42
1759482432.9696248,7,0,-41
1759482433.0056248,1,2,-37
1759482433.0426247,2,3,-46
1759482433.0816247,4,-2,-47
1759482433.1196249,2,3,-43
1759482433.1556249,2,1,-38
1759482433.1936247,3,1,-44
1759482433.2316248,3,-6,-32
1759482433.2696247,4,0,-45
1759482433.3056247,0,0,-48
1759482433.3436248,-2,5,-43
1759482433.3816247,-6,2,-39
1759482433.4196248,-9,1,-29
1759482433.4556248,-2,0,-30
1759482433.4936247,5,0,-47
1759482433.5316248,3,2,-39
1759482433.569625,8,1,-48
1759482433.605625,7,0,-43
1759482433.6436248,1,4,-38
1759482433.681625,0,4,-43
1759482433.7196248,-1,-3,-32
1759482433.7556248,-5,-2,-33
1759482433.7936249,-3,-3,-38
1759482433.8316247,-3,-1,-40
1759482433.8706248,-2,5,-36
1759482433.9066248,-3,-4,-30
1759482433.944625,0,1,-47
1759482433.9836247,1,-5,-37
1759482434.0216248,-2,-3,-40
1759482434.0576248,-5,-8,-36
1759482434.0966249,-5,-1,-29
1759482434.1336248,-7,-2,-40
1759482434.1726248,-1,2,-46
1759482434.2106247,1,-2,-33
1759482434.2466247,3,-2,-42
1759482434.2846248,3,0,-43
1759482434.3226247,-5,4,-37
1759482434.3606248,0,2,-34
1759482434.3966248,0,0,-45
1759482434.4426248,0,0,-43
1759482434.480625,-6,4,-52
1759482434.5166247,0,3,-48
1759482434.5536249,-2,0,-47
1759482434.592625,0,4,-44
1759482434.6306248,10,-2,-44
1759482434.6666248,4,0,-40
1759482434.7036247,4,6,-33
1759482434.7426248,4,-1,-37
1759482434.7806249,3,-5,-35
1759482434.8166249,-1,-5,-39
1759482434.855625,-4,-3,-33
1759482434.8926249,-4,-3,-36
1759482434.931625,3,-3,-28
1759482434.967625,7,-2,-31
1759482435.0066247,-1,0,-32
1759482435.0436249,2,3,-47
1759482435.082625,0,8,-34
1759482435.1206248,0,2,-38
1759482435.1566248,-3,6,-53
1759482435.194625,-5,0,-42
1759482435.2326248,-1,0,-41
1759482435.2716248,-1,3,-41
1759482435.3076248,-1,0,-36
1759482435.3446248,-6,1,-44
1759482435.3826249,0,4,-36
1759482435.421625,0,-2,-45
1759482435.4586248,-4,3,-44
1759482435.4956248,-3,2,-42
1759482435.5346248,-6,0,-46
1759482435.5726247,-3,-4,-57
1759482435.6086247,-2,0,-43
1759482435.6456249,-13,4,-48
1759482435.684625,-5,2,-34
1759482435.7226248,-4,-3,-28
1759482435.7586248,0,-3,-36
1759482435.7956247,-3,-1,-35
1759482435.8346248,-2,-5,-31
1759482435.8726249,0,-4,-34
1759482435.908625,-4,-2,-42
1759482435.9466248,0,0,-42
1759482435.9846249,-4,0,-49
1759482436.0226247,1,-2,-44
1759482436.0616248,7,0,-45
1759482436.0976248,3,2,-51
1759482436.1346247,0,1,-35
1759482436.1736248,0,3,-33
1759482436.2116249,-9,4,-37
1759482436.2476249,-1,6,-41
1759482436.2846248,2,-3,-40
1759482436.3236248,0,-1,-47
1759482436.3616247,-5,6,-48
1759482436.3976247,0,1,-44
1759482436.4356248,3,7,-33
1759482436.4736247,2,7,-35
1759482436.5116248,2,4,-43
1759482436.5476248,-3,6,-43
1759482436.5856247,-3,4,-31
1759482436.6236248,2,-1,-34
1759482436.6626248,4,-2,-45
1759482436.6986248,0,1,-37
1759482436.7366247,-6,-5,-36
1759482436.773625,-8,-1,-26
1759482436.8126247,1,4,-37
1759482436.8486247,0,3,-37
1759482436.885625,3,-3,-30
1759482436.9246247,-2,0,-43
1759482436.9626248,0,2,-41
1759482436.9986248,-4,2,-50
1759482437.0356247,3,0,-47
1759482437.0746248,6,-1,-36
1759482437.112625,0,-2,-40
1759482437.148625,-2,0,-48
1759482437.1876247,0,-5,-35
1759482437.2246249,-4,-1,-32
1759482437.263625,-4,-1,-34
1759482437.3016248,-1,-5,-38
1759482437.3376248,-1,0,-41
1759482437.3746247,-6,-2,-28
1759482437.4136248,0,2,-32
1759482437.4496248,7,0,-41
1759482437.487625,1,4,-35
1759482437.5256248,2,2,-33
1759482437.5636249,0,0,-36
1759482437.5996249,0,3,-42
1759482437.6366248,0,5,-46
1759482437.6746247,0,0,-44
1759482437.7136247,3,-4,-52
1759482437.7496247,-1,0,-44
1759482437.786625,6,-2,-41
1759482437.8246248,2,-3,-44
1759482437.8636248,-1,2,-37
1759482437.8996248,3,0,-38
1759482437.9366248,2,4,-48
1759482437.9746249,3,2,-40
1759482438.013625,-2,7,-42
1759482438.0496247,1,5,-46
1759482438.0866249,4,-3,-33
1759482438.1246247,-2,0,-36
1759482438.1636248,-2,-1,-43
1759482438.1996248,-13,0,-42
1759482438.237625,1,2,-37
1759482438.2756248,5,-7,-35
1759482438.3146248,4,0,-51
1759482438.352625,6,0,-47
1759482438.388625,8,3,-41
1759482438.4276247,-8,2,-45
1759482438.464625,-14,2,-45
1759482438.503625,-5,1,-49
1759482438.5406249,0,1,-43
1759482438.5776248,-5,0,-48
1759482438.615625,-4,-10,-44
1759482438.6546247,-1,-7,-37
1759482438.6926248,-4,1,-52
1759482438.7286248,1,-1,-48
1759482438.7656248,3,0,-50
1759482438.8046248,5,2,-50
1759482438.842625,2,3,-46
1759482438.878625,4,-4,-45
1759482438.9156249,6,-7,-44
1759482438.954625,5,1,-41
1759482438.9926248,-2,0,-37
1759482439.0286248,0,-6,-40
1759482439.0656247,0,-6,-36
1759482439.1046247,-5,0,-32
1759482439.1406248,-3,0,-45
1759482439.1776247,6,2,-44
1759482439.2156248,2,-1,-39
1759482439.2546248,6,2,-38
1759482439.2906249,1,0,-41
1759482439.3276248,3,3,-37
1759482439.365625,0,6,-40
1759482439.4046247,-3,0,-48
1759482439.4406247,-6,-4,-43
1759482439.4786248,3,-3,-42
1759482439.5166247,5,2,-38
1759482439.5546248,0,-6,-39
1759482439.5936248,2,3,-30
1759482439.6296248,6,3,-40
1759482439.6676247,10,-2,-44
1759482439.7066247,6,0,-40
1759482439.7446249,-3,-4,-46
1759482439.7806249,-4,-2,-44
1759482439.819625,2,-2,-38
1759482439.8576248,0,-1,-25
1759482439.8956249,1,2,-29
1759482439.9336247,3,-4,-49
1759482439.9696248,3,-5,-41
1759482440.0066247,0,-10,-36
1759482440.0456247,-3,-1,-26
1759482440.0836248,-3,-1,-22
1759482440.1196249,0,-2,-36
1759482440.1576247,3,0,-31
1759482440.1956248,-2,1,-35
1759482440.2346249,4,2,-27
1759482440.2706249,5,0,-39
1759482440.309625,4,2,-35
1759482440.3466249,4,4,-42
1759482440.385625,-2,0,-42
1759482440.4236248,6,-1,-36
1759482440.4596248,-1,-2,-33
1759482440.4986248,8,-4,-31
1759482440.536625,5,-1,-34
1759482440.5746248,3,-7,-31
1759482440.6106248,-2,-3,-35
1759482440.648625,0,5,-41
1759482440.6866248,1,4,-38
1759482440.7256248,-4,-2,-36
1759482440.7616248,-4,5,-42
1759482440.7996247,1,1,-51
1759482440.8376248,5,7,-49
1759482440.8766248,-1,0,-43
1759482440.9146247,2,-2,-42
1759482440.9506247,0,6,-41
1759482440.987625,0,2,-36
1759482441.0256248,-5,1,-37
1759482441.0646248,3,-6,-39
1759482441.1006248,0,-5,-30
1759482441.138625,2,-7,-33
1759482441.1756248,-4,-4,-35
1759482441.214625,4,-9,-44
1759482441.250625,0,0,-38
1759482441.2886248,1,1,-46
1759482441.3256247,3,3,-35
1759482441.3646247,-1,2,-43
1759482441.4006248,5,-1,-49
1759482441.4386249,0,-3,-45
1759482441.4766247,-6,1,-37
1759482441.5146248,-1,4,-36
1759482441.5506248,-1,4,-30
1759482441.5886247,6,-2,-36
1759482441.6266248,7,1,-42
1759482441.6646247,1,-1,-44
1759482441.7006247,-6,-2,-44
1759482441.7396247,2,-4,-37
1759482441.776625,0,-13,-42
1759482441.8156247,0,-11,-43
1759482441.8516247,2,-3,-49
1759482441.8896248,-7,-4,-41
1759482441.9276247,-2,-3,-44
1759482441.9666247,-5,-4,-42
1759482442.0046248,-1,-1,-45
1759482442.0406249,-5,-11,-39
1759482442.0786247,0,-6,-44
1759482442.1176248,1,-3,-53
1759482442.1556249,2,5,-54
1759482442.1916249,-1,0,-50
1759482442.2296247,-2,-4,-37
1759482442.2676249,0,2,-39
1759482442.3056247,0,0,-34
1759482442.3416247,-1,4,-36
1759482442.3796248,-5,-1,-34
1759482442.4176247,2,0,-38
1759482442.4556248,1,-1,-36
1759482442.4916248,1,2,-30
1759482442.5286248,1,0,-27
1759482442.5666249,-5,1,-28
1759482442.605625,-2,-5,-44
1759482442.6416247,-3,-9,-54
1759482442.6806247,3,1,-50
1759482442.717625,-3,0,-47
1759482442.7566247,1,0,-37
1759482442.7926247,-4,-5,-46
1759482442.8306248,1,3,-41
1759482442.8686247,0,-1,-39
1759482442.9066248,-5,5,-36
1759482442.9456248,1,-1,-45
1759482442.9816248,3,-4,-34
1759482443.0196247,4,6,-33
1759482443.0576248,7,-1,-34
1759482443.0966249,10,-3,-30
1759482443.1326249,8,-1,-31
1759482443.1706247,5,4,-37
1759482443.207625,5,-3,-39
1759482443.2466247,2,-3,-38
1759482443.2826247,6,0,-37
1759482443.3206248,0,0,-38
1759482443.3576248,2,-7,-38
1759482443.3966248,-1,-6,-34
1759482443.4326248,2,-5,-38
1759482443.4706247,2,3,-38
1759482443.5096247,5,4,-42
1759482443.5476248,0,3,-46
1759482443.5856247,0,-2,-49
1759482443.6216247,1,-5,-47
1759482443.658625,-4,-2,-46
1759482443.6976247,4,8,-32
1759482443.7356248,0,3,-34
1759482443.7716248,0,-1,-33
1759482443.809625,5,-4,-40
1759482443.8476248,-6,-5,-34
1759482443.885625,1,-1,-39
1759482443.921625,-1,-3,-35
1759482443.9596248,5,-6,-33
1759482443.9976249,-3,-7,-40
1759482444.036625,2,-2,-34
1759482444.0726247,1,1,-28
1759482444.1096249,-1,1,-35
1759482444.1476247,-6,7,-30
1759482444.1866248,1,4,-36
1759482444.2226248,5,-5,-38
1759482444.260625,-5,-2,-37
1759482444.2996247,4,0,-52
1759482444.3376248,1,0,-42
1759482444.3736248,1,3,-42
1759482444.4106247,-3,1,-40
1759482444.4566247,1,2,-32
1759482444.4936247,-1,-2,-41
1759482444.5316248,11,-1,-39
1759482444.569625,7,-4,-39
1759482444.6076248,0,-1,-41
1759482444.6436248,0,-6,-38
1759482444.681625,1,-3,-42
1759482444.7196248,5,-6,-32
1759482444.7576249,4,2,-46
1759482444.7936249,0,1,-49
1759482444.8316247,0,6,-48
1759482444.8696249,2,0,-36
1759482444.9076247,-2,1,-37
1759482444.9436247,5,5,-45
1759482444.980625,1,3,-41
1759482445.0196247,-5,-1,-49
1759482445.0576248,0,0,-35
1759482445.0936248,3,-4,-42
1759482445.1316247,4,3,-40
1759482445.1696248,-2,3,-35
1759482445.207625,2,5,-42
1759482445.2446249,-6,4,-41
1759482445.2816248,-7,5,-41
1759482445.3206248,-4,-6,-49
1759482445.3586247,-4,-3,-33
1759482445.3966248,-2,-4,-30
1759482445.4326248,0,-3,-37
1759482445.4716249,-3,-1,-33
1759482445.5086248,-3,-4,-35
1759482445.5476248,-1,-1,-39
1759482445.5846248,-4,-1,-46
1759482445.6226249,10,-1,-45
1759482445.6606247,6,0,-46
1759482445.6986248,8,2,-30
1759482445.7366247,-2,-6,-32
1759482445.7726247,0,-4,-34
1759482445.809625,2,-1,-39
1759482445.8486247,9,5,-41
1759482445.8866248,0,5,-38
1759482445.9226248,5,3,-28
1759482445.9606247,-2,-4,-35
1759482445.9986248,-3,-6,-35
1759482446.0346248,0,-1,-33
1759482446.0726247,-1,0,-35
1759482446.1106248,3,3,-34
1759482446.148625,-6,2,-37
1759482446.1876247,-3,-6,-51
1759482446.2236247,2,4,-42
1759482446.260625,2,3,-36
1759482446.2986248,1,-1,-37
1759482446.3376248,5,-9,-44
1759482446.3736248,0,-6,-35
1759482446.4106247,0,-4,-26
1759482446.4486248,-1,-1,-40
1759482446.487625,0,0,-49
1759482446.523625,4,-1,-42
1759482446.5606248,2,5,-40
1759482446.5986247,5,2,-49
1759482446.6376247,-2,0,-41
1759482446.6736248,4,-2,-43
1759482446.7116249,2,-3,-41
1759482446.7496247,-2,1,-40
1759482446.7886248,0,3,-42
1759482446.8246248,-3,-2,-41
1759482446.862625,0,-8,-45
1759482446.901625,2,-4,-38
1759482446.9396248,2,3,-30
1759482446.977625,0,2,-34
1759482447.013625,-3,0,-30
1759482447.0516248,0,-1,-36
1759482447.089625,0,5,-44
1759482447.1276248,-4,2,-44
1759482447.1636248,-2,2,-42
1759482447.2016249,0,2,-39
1759482447.2396247,-4,2,-20
1759482447.2776248,1,7,-33
1759482447.3136249,5,1,-45
1759482447.3506248,0,1,-41
1759482447.3896248,-3,2,-37
1759482447.4276247,4,5,-33
1759482447.4636247,7,-1,-29
1759482447.5016248,1,4,-35
1759482447.5396247,3,-4,-33
1759482447.5776248,8,-3,-38
1759482447.6136248,9,-2,-41
1759482447.651625,1,0,-37
1759482447.6896248,-8,2,-38
1759482447.727625,-1,-8,-34
1759482447.763625,7,0,-35
1759482447.8016248,1,0,-50
1759482447.839625,0,-5,-36
1759482447.8766248,-2,-3,-35
1759482447.9136248,4,0,-37
1759482447.9516249,0,-3,-39
1759482447.9896247,-5,-2,-38
1759482448.0286248,-2,-1,-51
1759482448.0646248,-7,-6,-36
1759482448.102625,4,-5,-35
1759482448.1416247,3,-3,-41
1759482448.1796248,1,-2,-29
1759482448.2156248,-4,-3,-36
1759482448.2546248,-6,-1,-42
1759482448.2926247,0,-2,-41
1759482448.329625,-1,0,-40
1759482448.3686247,5,1,-35
1759482448.4046247,7,2,-33
1759482448.4426248,4,0,-32
1759482448.480625,-2,1,-36
1759482448.5186248,1,3,-34
1759482448.5546248,8,5,-37
1759482448.592625,1,1,-46
1759482448.6306248,-2,3,-43
1759482448.6686249,-2,0,-42
1759482448.704625,3,-1,-42
1759482448.7426248,2,-5,-39
1759482448.7806249,6,-6,-37
1759482448.819625,7,-2,-39
1759482448.855625,0,2,-43
1759482448.8926249,0,-3,-36
1759482448.9306247,4,-1,-47
1759482448.9696248,0,0,-42
1759482449.0056248,-1,-2,-36
1759482449.0436249,-1,-5,-41
1759482449.0816247,-1,0,-32
1759482449.1206248,-3,1,-36
1759482449.158625,2,-2,-30
1759482449.194625,2,2,-25
1759482449.2326248,2,-4,-33
1759482449.2706249,5,2,-41
1759482449.3086247,7,7,-32
1759482449.3446248,4,1,-36
1759482449.3826249,-1,0,-47
1759482449.4206247,12,1,-43
1759482449.4566247,-2,1,-35
1759482449.4956248,0,2,-35
1759482449.533625,6,2,-35
1759482449.5706248,2,3,-36
1759482449.6096249,-3,4,-37
1759482449.6466248,-3,-1,-45
1759482449.6836247,4,5,-25
1759482449.7216249,2,1,-32
1759482449.760625,-1,-1,-38
1759482449.796625,-4,-5,-31
1759482449.8346248,2,3,-37
1759482449.8736248,-1,-1,-40
1759482449.9106247,5,-1,-41
1759482449.9496248,0,3,-32
1759482449.9856248,-2,11,-34
1759482450.0246248,-4,4,-46
1759482450.0616248,0,2,-41
1759482450.1006248,2,2,-35
1759482450.1366248,-2,-2,-36
1759482450.1746247,-4,2,-35
1759482450.2136247,-2,2,-38
1759482450.2516248,-4,-3,-39
1759482450.2896247,4,4,-37
1759482450.3256247,4,0,-38
1759482450.362625,3,-8,-36
1759482450.401625,3,-2,-39
1759482450.4396248,4,0,-41
1759482450.4756248,4,0,-28
1759482450.5126247,-1,-7,-29
1759482450.5516248,-6,-2,-30
1759482450.589625,-4,-2,-54
1759482450.625625,0,-4,-44
1759482450.6626248,2,3,-47
1759482450.7016249,-1,4,-37
1759482450.7396247,0,7,-45
1759482450.7756248,-1,1,-31
1759482450.8146248,-9,0,-44
1759482450.8516247,-7,0,-42
1759482450.8906248,-3,1,-41
1759482450.9266248,-6,4,-45
1759482450.964625,2,1,-32
1759482451.0026248,-3,2,-45
1759482451.0406249,-4,-2,-37
1759482451.0766249,0,5,-36
1759482451.115625,3,-3,-42
1759482451.1526248,3,-5,-49
1759482451.1916249,6,2,-39
1759482451.227625,2,0,-38
1759482451.2656248,-2,5,-39
1759482451.3026247,-5,0,-32
1759482451.3416247,-3,0,-27
1759482451.3776248,-5,-3,-37
1759482451.4156249,-1,-1,-36
1759482451.4536247,2,0,-34
1759482451.4926248,1,-4,-30
1759482451.5306249,-2,-7,-42
1759482451.5666249,0,-7,-34
1759482451.6046247,-3,1,-38
1759482451.6426249,-4,-3,-36
1759482451.681625,1,-7,-42
1759482451.717625,4,-4,-27
1759482451.7556248,5,2,-27
1759482451.7936249,1,0,-41
1759482451.8316247,5,-3,-42
1759482451.8676248,2,-2,-44
1759482451.9066248,-3,1,-48
1759482451.9436247,1,-1,-37
1759482451.9826248,0,5,-40
1759482452.0206249,3,-4,-42
1759482452.056625,4,-8,-29
1759482452.0946248,-2,-9,-34
1759482452.1326249,2,-3,-55
1759482452.171625,-8,-3,-42
1759482452.207625,1,-2,-42
1759482452.2456248,-1,-3,-45
1759482452.283625,-5,-7,-44
1759482452.3226247,1,-6,-44
1759482452.3606248,-3,-8,-46
1759482452.3966248,-5,-4,-44
1759482452.434625,-2,-8,-50
1759482452.4736247,-2,1,-38
1759482452.5116248,5,-1,-31
1759482452.5476248,1,1,-34
1759482452.5846248,-9,0,-43
1759482452.6236248,0,-3,-37
1759482452.661625,-1,-7,-31
1759482452.6976247,1,-2,-30
1759482452.7356248,-1,-2,-34
1759482452.7746248,-1,1,-33
1759482452.8126247,-1,1,-35
1759482452.8506248,1,1,-49
1759482452.8866248,1,-3,-43
1759482452.9246247,2,-3,-43
1759482452.9626248,0,-1,-33
1759482452.9986248,-9,-3,-30
1759482453.036625,-9,7,-42
1759482453.0746248,-9,-1,-37
1759482453.112625,-10,0,-31
1759482453.151625,-3,3,-42
1759482453.1876247,-11,0,-40
1759482453.2266247,-5,3,-43
1759482453.2646248,2,3,-37
1759482453.3026247,1,-1,-29
1759482453.339625,-1,-1,-31
1759482453.3766248,-1,4,-33
1759482453.4146247,0,-3,-41
1759482453.4526248,0,0,-32
1759482453.4916248,9,0,-38
1759482453.5276248,0,3,-36
1759482453.5656247,0,4,-40
1759482453.602625,4,-3,-41
1759482453.6416247,0,-6,-53
1759482453.6776247,-5,-3,-45
1759482453.7156248,1,-5,-40
1759482453.7546248,2,3,-43
1759482453.7926247,-2,0,-51
1759482453.8286247,-12,-2,-47
1759482453.8666248,0,2,-44
1759482453.9056249,4,-7,-42
1759482453.9436247,8,-2,-38
1759482453.9816248,2,-1,-38
1759482454.0176249,4,2,-30
1759482454.0556247,1,1,-31
1759482454.0936248,7,-3,-27
1759482454.1316247,0,0,-36
1759482454.1676247,2,0,-35
1759482454.2056248,0,-2,-36
1759482454.2436247,-2,-6,-37
1759482454.2816248,-4,-2,-47
1759482454.3176248,-4,5,-46
1759482454.355625,-6,-9,-55
1759482454.3936248,-5,0,-36
1759482454.431625,1,0,-38
1759482454.4756248,-3,0,-51
1759482454.513625,0,2,-28
1759482454.5516248,0,-2,-44
1759482454.5886247,-3,-1,-52
1759482454.6266248,0,-1,-43
1759482454.6646247,-3,0,-43
1759482454.7026248,-2,0,-41
1759482454.7386248,-6,-2,-37
1759482454.776625,-6,1,-39
1759482454.8146248,-3,-4,-36
1759482454.8536248,2,-5,-42
1759482454.8896248,5,2,-31
1759482454.9266248,7,-13,-32
1759482454.9656248,4,1,-33
1759482455.003625,-1,5,-32
1759482455.0396247,-6,4,-42
1759482455.0776248,-4,-5,-41
1759482455.1146247,2,-3,-41
1759482455.1536248,1,-1,-42
1759482455.1896248,2,1,-47
1759482455.2266247,0,-2,-36
1759482455.2646248,-3,-6,-45
1759482455.3036249,0,-2,-40
1759482455.339625,1,5,-41
1759482455.3776248,6,-1,-36
1759482455.4146247,-1,-1,-47
1759482455.4536247,3,4,-45
1759482455.4896247,-4,6,-44
1759482455.526625,-2,0,-58
1759482455.5646248,0,-2,-50
1759482455.6036248,0,-2,-37
1759482455.6396248,-3,0,-29
1759482455.6776247,-7,-6,-26
1759482455.7166247,-9,-3,-44
1759482455.7546248,-5,3,-54
1759482455.7926247,-5,0,-37
1759482455.829625,-5,0,-34
1759482455.8666248,1,-7,-36
1759482455.9046247,-1,-5,-43
1759482455.9436247,0,0,-35
1759482455.9796247,2,0,-35
1759482456.0166247,0,0,-40
1759482456.0546248,0,-2,-35
1759482456.0936248,0,0,-40
1759482456.1296248,0,1,-45
1759482456.1666248,2,-4,-35
1759482456.2056248,1,3,-37
1759482456.2436247,1,-2,-51
1759482456.2796247,4,0,-38
1759482456.3166249,-4,-6,-39
1759482456.355625,-3,1,-44
1759482456.3936248,7,-3,-42
1759482456.4296248,5,-1,-34
1759482456.4666247,-3,-9,-40
1759482456.5046248,-5,-4,-50
1759482456.5436249,0,6,-49
1759482456.579625,0,9,-44
1759482456.6176248,-1,2,-32
1759482456.6556249,-3,-1,-35
1759482456.694625,-4,0,-38
1759482456.730625,-6,2,-34
1759482456.7696247,3,0,-37
1759482456.8076248,-4,2,-40
1759482456.8456247,-6,1,-41
1759482456.8836248,6,0,-34
1759482456.9206247,-8,0,-42
1759482456.957625,-1,-1,-35
1759482456.9956248,0,-1,-41
1759482457.0346248,-4,-1,-52
1759482457.0706248,-1,-1,-56
1759482457.1086247,0,0,-45
1759482457.1476247,3,0,-44
1759482457.1856248,3,6,-36
1759482457.2236247,6,-1,-41
1759482457.2596247,-3,-2,-37
1759482457.2986248,1,0,-35
1759482457.3356247,3,1,-31
1759482457.3746247,3,4,-44
1759482457.411625,4,-4,-43
1759482457.4486248,-5,-2,-39
1759482457.4866247,-10,-6,-34
1759482457.5256248,-1,3,-36
1759482457.5636249,-3,3,-31
1759482457.5996249,-3,-2,-42
1759482457.638625,-1,0,-40
1759482457.6756248,3,2,-34
1759482457.714625,0,0,-39
1759482457.750625,2,5,-43
1759482457.7896247,2,0,-36
1759482457.8266249,2,2,-38
1759482457.865625,4,2,-45
1759482457.9036248,0,5,-33
1759482457.9396248,3,8,-36
1759482457.977625,0,1,-32
1759482458.0156248,1,-2,-37
1759482458.0536249,0,-2,-46
1759482458.089625,2,-3,-39
1759482458.1276248,1,-7,-38
1759482458.1656249,-2,-2,-39
1759482458.2016249,-3,-3,-33
1759482458.240625,-1,8,-26
1759482458.2776248,6,-4,-35
1759482458.3156247,-1,0,-39
1759482458.3546247,-2,3,-23
1759482458.3906248,4,4,-34
1759482458.4276247,5,0,-35
1759482458.4656248,1,4,-41
1759482458.5046248,0,2,-36
1759482458.5406249,1,1,-47
1759482458.5776248,-7,0,-40
1759482458.615625,-10,2,-41
1759482458.6546247,-11,-1,-45
1759482458.6906247,-11,-1,-45
1759482458.7286248,-10,0,-38
1759482458.7676249,-6,1,-38
1759482458.8056247,0,2,-23
1759482458.8416247,13,2,-38
1759482458.8806248,-1,1,-39
1759482458.9176247,-3,-1,-47
1759482458.9566247,-4,3,-41
1759482458.9946249,3,-2,-35
1759482459.0306249,-2,0,-36
1759482459.0686247,1,-5,-42
1759482459.1066248,3,2,-30
1759482459.1446247,-5,4,-34
1759482459.1806247,0,6,-33
1759482459.217625,0,5,-47
1759482459.2566247,0,0,-46
1759482459.2946248,4,5,-53
1759482459.3306248,6,-2,-42
1759482459.3676248,3,5,-45
1759482459.4066248,-7,6,-39
1759482459.444625,-6,-1,-42
1759482459.480625,-3,5,-38
1759482459.5186248,-2,1,-38
1759482459.556625,-1,-2,-36
1759482459.5956247,0,-1,-37
1759482459.6316247,-4,3,-33
1759482459.6686249,-2,-2,-23
1759482459.7066247,2,2,-34
1759482459.7456248,4,-1,-41
1759482459.7816248,10,-3,-42
1759482459.819625,4,-1,-31
1759482459.8586247,-1,-3,-25
1759482459.8966248,1,-4,-42
1759482459.9326248,6,-1,-43
1759482459.9716249,6,-4,-33
1759482460.0096247,6,1,-37
1759482460.046625,7,1,-40
1759482460.0856247,3,1,-39
1759482460.1216247,0,3,-43
1759482460.158625,-3,1,-43
1759482460.1966248,-1,6,-40
1759482460.2356248,1,2,-36
1759482460.2716248,-5,5,-28
1759482460.309625,-3,5,-44
1759482460.3466249,0,5,-54
1759482460.385625,0,-2,-43
1759482460.421625,4,-2,-42
1759482460.4596248,0,-3,-41
1759482460.4976249,9,1,-37
1759482460.5356247,7,2,-35
1759482460.5716248,2,0,-40
1759482460.6086247,6,0,-41
1759482460.6476247,0,0,-34
1759482460.6856248,4,10,-43
1759482460.7216249,3,1,-48
1759482460.7596247,-5,-5,-51
1759482460.7976248,-3,-2,-46
1759482460.8356247,-8,-8,-42
1759482460.8716247,-4,-9,-45
1759482460.9096248,2,0,-46
1759482460.9476247,2,0,-35
1759482460.9866247,0,0,-26
1759482461.0226247,2,-6,-25
1759482461.059625,0,-3,-34
1759482461.0976248,-4,3,-50
1759482461.1366248,7,-5,-48
1759482461.1726248,5,-8,-52
1759482461.2096248,5,-2,-43
1759482461.2476249,3,-3,-33
1759482461.286625,4,1,-43
1759482461.3226247,-1,1,-43
1759482461.3596249,0,-2,-38
1759482461.3976247,4,-1,-42
1759482461.4366248,-4,-6,-31
1759482461.4726248,0,-6,-41
1759482461.510625,4,-4,-48
1759482461.5496247,12,5,-39
1759482461.5876248,7,1,-43
1759482461.6236248,8,-3,-30
1759482461.6606247,0,-4,-36
1759482461.6996248,0,3,-43
1759482461.737625,0,0,-51
1759482461.773625,2,1,-47
1759482461.8106248,0,-1,-36
1759482461.8486247,1,0,-40
1759482461.8876247,0,-4,-29
1759482461.9236248,0,-3,-30
1759482461.9616249,0,6,-28
1759482462.000625,-4,-3,-38
1759482462.0386248,1,0,-35
1759482462.0766249,-6,-1,-33
1759482462.112625,0,-1,-39
1759482462.1506248,-9,-3,-43
1759482462.1876247,-4,-7,-36
1759482462.2266247,-1,-6,-42
1759482462.2626247,0,3,-43
1759482462.3006248,2,0,-44
1759482462.3376248,1,4,-34
1759482462.3766248,0,0,-37
1759482462.4126248,0,0,-30
1759482462.4506247,-3,-6,-31
1759482462.4886248,1,0,-41
1759482462.526625,1,-1,-40
1759482462.5626247,3,-2,-37
1759482462.6006248,-3,-8,-54
1759482462.638625,1,-3,-45
1759482462.6766248,0,-1,-41
1759482462.7126248,-5,-5,-43
1759482462.7516248,-3,-4,-37
1759482462.7886248,-1,0,-35
1759482462.8276248,0,1,-32
1759482462.8636248,-5,1,-31
1759482462.901625,-3,-7,-39
1759482462.9396248,-9,-1,-31
1759482462.9786248,-8,-2,-34
1759482463.0166247,1,-3,-47
1759482463.0526247,-1,0,-38
1759482463.0906248,-1,3,-43
1759482463.128625,2,-1,-36
1759482463.1666248,1,0,-46
1759482463.2026248,0,2,-37
1759482463.240625,-4,0,-34
1759482463.2786248,0,0,-46
1759482463.3166249,1,0,-36
1759482463.352625,1,0,-32
1759482463.3906248,-4,-1,-30
1759482463.4286249,2,-3,-38
1759482463.464625,4,-1,-40
1759482463.503625,0,-2,-43
1759482463.5406249,5,-1,-43
1759482463.5786247,-1,2,-44
1759482463.6176248,0,-3,-36
1759482463.6536248,-1,-1,-31
1759482463.6916249,0,2,-30
1759482463.7296247,4,6,-41
1759482463.7686248,5,0,-26
1759482463.8046248,0,3,-32
1759482463.842625,0,0,-34
1759482463.8816247,-4,1,-38
1759482463.9196248,-2,-8,-46
1759482463.957625,-10,-3,-38
1759482463.9936247,-4,-1,-39
1759482464.0326247,0,-6,-44
1759482464.069625,1,-2,-40
1759482464.1086247,-4,-5,-38
1759482464.1446247,-7,-6,-34
1759482464.1826248,-6,2,-28
1759482464.2206247,0,-3,-30
1759482464.2596247,9,-5,-41
1759482464.2976248,0,-2,-43
1759482464.3336248,7,0,-47
1759482464.3706248,6,-2,-46
1759482464.4096248,7,0,-45
1759482464.4476247,1,0,-47
1759482464.4926248,2,-4,-37
1759482464.5306249,0,-2,-41
1759482464.5686247,0,-5,-38
1759482464.6046247,0,-5,-43
1759482464.6436248,4,-2,-30
1759482464.6806247,1,0,-37
1759482464.7196248,7,1,-41
1759482464.7576249,-1,4,-44
1759482464.7936249,-8,-3,-34
1759482464.832625,-4,-3,-36
1759482464.8696249,-6,-3,-34
1759482464.908625,-6,-6,-45
1759482464.944625,-5,-4,-39
1759482464.9826248,0,1,-50
1759482465.0206249,4,8,-37
1759482465.059625,8,4,-39
1759482465.0956247,0,1,-42
1759482465.1326249,1,3,-41
1759482465.1706247,0,6,-53
1759482465.2096248,1,7,-55
1759482465.2456248,3,3,-46
1759482465.2826247,6,9,-44
1759482465.3216248,2,2,-32
1759482465.3596249,2,4,-38
1759482465.3956249,6,3,-35
1759482465.434625,2,-6,-46
1759482465.4726248,-2,3,-36
1759482465.5096247,4,0,-43
1759482465.5486248,-1,-5,-37
1759482465.5846248,-1,0,-44
1759482465.6226249,-3,3,-39
1759482465.6596248,4,1,-43
1759482465.6986248,1,-3,-36
1759482465.7346249,7,-3,-38
1759482465.7726247,6,-4,-28
1759482465.809625,5,3,-40
1759482465.8486247,1,1,-46
1759482465.8846247,0,-2,-42
1759482465.9226248,2,-7,-45
1759482465.9606247,5,0,-41
1759482465.9986248,0,1,-40
1759482466.0346248,-2,0,-41
1759482466.0726247,0,0,-41
1759482466.1106248,-3,-2,-40
1759482466.1496248,6,-6,-40
1759482466.1856248,-3,-6,-39
1759482466.2236247,-1,-10,-46
1759482466.2616248,3,-6,-47
1759482466.3006248,5,0,-43
1759482466.3386247,-3,0,-41
1759482466.3746247,6,1,-33
1759482466.411625,-4,0,-33
1759482466.4506247,-6,1,-33
1759482466.4886248,2,4,-44
1759482466.5246248,-5,2,-46
1759482466.5616248,2,-6,-47
1759482466.6006248,-5,0,-36
1759482466.638625,1,-3,-48
1759482466.6746247,1,-8,-48
1759482466.7116249,0,-6,-38
1759482466.750625,0,0,-31
1759482466.7886248,-4,-2,-37
1759482466.8246248,-1,1,-34
1759482466.8616247,0,-7,-41
1759482466.9006248,3,6,-35
1759482466.9376247,4,6,-36
1759482466.9756248,0,0,-33
1759482467.0126247,3,-2,-33
1759482467.0516248,0,0,-46
1759482467.089625,-2,0,-50
1759482467.125625,-3,-3,-32
1759482467.1646247,-5,1,-48
1759482467.2016249,-7,-4,-41
1759482467.240625,7,5,-34
1759482467.276625,10,0,-48
1759482467.3136249,-4,4,-38
1759482467.3516247,0,2,-46
1759482467.3906248,-7,-1,-48
1759482467.4266248,2,3,-43
1759482467.464625,-1,-3,-39
1759482467.5016248,2,-5,-49
1759482467.5406249,-1,-7,-36
1759482467.5766249,-2,-6,-42
1759482467.6146247,-6,0,-34
1759482467.6536248,0,-7,-34
1759482467.6916249,-1,0,-41
1759482467.7296247,7,-3,-38
1759482467.7656248,1,-3,-32
1759482467.8046248,-7,-2,-42
1759482467.8416247,-6,3,-36
1759482467.8806248,0,8,-43
1759482467.9166248,-5,-4,-44
1759482467.954625,2,0,-44
1759482467.9926248,0,-1,-42
1759482468.0316248,0,2,-56
1759482468.069625,5,6,-53
1759482468.1066248,2,-5,-52
1759482468.1436248,0,-4,-48
1759482468.1826248,-4,-1,-49
1759482468.2206247,-2,-4,-28
1759482468.2566247,3,-3,-29
1759482468.2956247,0,-1,-46
1759482468.3336248,0,0,-42
1759482468.3716247,-2,4,-41
1759482468.4096248,-3,1,-46
1759482468.4466248,-5,-3,-41
1759482468.4836247,-1,-2,-36
1759482468.5216248,-3,0,-50
1759482468.5606248,-1,-2,-42
1759482468.5966249,-1,-2,-38
1759482468.6346247,3,2,-40
1759482468.6726248,3,2,-51
1759482468.7116249,0,2,-52
1759482468.7476249,1,0,-39
1759482468.7856247,6,4,-39
1759482468.8246248,-1,-4,-41
1759482468.862625,-2,0,-47
1759482468.9006248,-4,0,-43
1759482468.9366248,2,-2,-40
1759482468.9746249,2,-4,-41
1759482469.0126247,4,-6,-49
1759482469.0516248,6,-2,-46
1759482469.0876248,14,2,-41
1759482469.1246247,7,-1,-42
1759482469.1626248,-1,1,-39
1759482469.2016249,6,6,-34
1759482469.237625,1,4,-37
1759482469.2746248,2,2,-29
1759482469.3136249,3,0,-30
1759482469.3516247,2,-1,-38
1759482469.3876247,3,5,-39
1759482469.4246247,10,2,-34
1759482469.4636247,-1,0,-37
1759482469.5016248,-4,3,-35
1759482469.5376248,-1,1,-32
1759482469.5746248,0,-1,-48
1759482469.6136248,-8,-3,-38
1759482469.651625,-8,3,-48
1759482469.6876247,0,1,-52
1759482469.7256248,2,0,-41
1759482469.7626247,-4,-7,-31
1759482469.8016248,0,-1,-33
1759482469.8376248,1,-7,-36
1759482469.875625,-2,-3,-30
1759482469.9136248,5,-1,-35
1759482469.9526248,8,0,-33
1759482469.990625,0,2,-34
1759482470.026625,0,0,-38
1759482470.0636249,0,2,-41
1759482470.102625,-9,-4,-43
1759482470.1406248,1,0,-37
1759482470.1766248,-3,0,-33
1759482470.2156248,-4,-3,-32
1759482470.2526248,-8,-2,-52
1759482470.2916248,-3,1,-38
1759482470.3286247,3,-3,-37
1759482470.365625,-6,0,-38
1759482470.4036248,0,-1,-47
1759482470.4426248,-1,5,-37
1759482470.4786248,-3,5,-44
1759482470.5156248,-2,1,-23
1759482470.5536249,7,0,-28
1759482470.592625,3,-1,-30
1759482470.628625,2,-5,-43
1759482470.6656249,0,-12,-32
1759482470.704625,1,-5,-42
1759482470.7426248,-4,-2,-43
1759482470.7786248,-2,-2,-46
1759482470.8166249,2,0,-46
1759482470.8546247,5,-5,-35
1759482470.8926249,-5,1,-37
1759482470.931625,3,0,-41
1759482470.967625,2,0,-34
1759482471.0056248,8,4,-48
1759482471.0436249,3,1,-37
1759482471.0816247,-3,3,-36
1759482471.1176248,-1,0,-40
1759482471.1566248,4,1,-41
1759482471.194625,-4,0,-41
1759482471.2326248,1,-1,-48
1759482471.2686248,3,1,-38
1759482471.3056247,7,0,-47
1759482471.3446248,1,7,-40
1759482471.3826249,0,4,-37
1759482471.4186249,0,3,-29
1759482471.4556248,1,4,-35
1759482471.4946249,0,0,-38
1759482471.5326247,-6,-5,-42
1759482471.5686247,0,-2,-41
1759482471.605625,2,2,-36
1759482471.6436248,7,4,-41
1759482471.6826248,4,1,-34
1759482471.7186248,0,-5,-31
1759482471.7566247,1,-3,-29
1759482471.7946248,2,-1,-36
1759482471.8336248,4,0,-51
1759482471.8716247,4,0,-44
1759482471.9076247,3,-1,-46
1759482471.9466248,-3,-2,-43
1759482471.9836247,0,-1,-48
1759482472.0226247,7,1,-49
1759482472.0586247,-1,0,-45
1759482472.0956247,-2,4,-40
1759482472.1346247,-5,-1,-33
1759482472.1726248,-5,1,-37
1759482472.2086248,4,-2,-40
1759482472.2476249,-1,-5,-40
1759482472.2856247,-1,-1,-28
1759482472.3236248,3,0,-27
1759482472.3596249,-1,0,-34
1759482472.3976247,-5,0,-44
1759482472.4356248,0,0,-35
1759482472.4736247,4,-5,-41
1759482472.5126247,-4,0,-40
1759482472.5486248,-10,3,-38
1759482472.5876248,-6,0,-29
1759482472.625625,0,-8,-19
1759482472.6636248,2,3,-36
1759482472.6996248,-1,5,-36
1759482472.737625,3,-2,-30
1759482472.7756248,-1,7,-31
1759482472.8136249,3,0,-31
1759482472.8496249,-2,-3,-20
1759482472.888625,-5,-1,-40
1759482472.9266248,0,-1,-37
1759482472.964625,0,-2,-34
1759482473.0026248,5,-2,-43
1759482473.0386248,-1,-1,-45
1759482473.0776248,4,0,-40
1759482473.115625,-1,6,-40
1759482473.1536248,0,5,-46
1759482473.1896248,5,6,-51
1759482473.2266247,7,1,-50
1759482473.2646248,0,1,-37
1759482473.3036249,0,7,-43
1759482473.339625,5,0,-44
1759482473.3766248,-5,4,-39
1759482473.4146247,1,6,-52
1759482473.4536247,0,3,-46
1759482473.4896247,-2,-1,-38
1759482473.5286248,-3,1,-44
1759482473.5666249,-6,-4,-38
1759482473.6046247,-2,5,-42
1759482473.6426249,-5,-4,-35
1759482473.6786249,2,4,-27
1759482473.7156248,3,-4,-39
1759482473.7546248,-1,0,-36
1759482473.7906249,0,-1,-51
1759482473.829625,0,-2,-50
1759482473.8666248,-9,0,-41
1759482473.9046247,3,1,-33
1759482473.9436247,3,0,-48
1759482473.9796247,2,-6,-40
1759482474.0176249,-3,-1,-41
1759482474.0546248,-2,-4,-47
1759482474.0936248,-1,-2,-40
1759482474.1296248,6,-5,-32
1759482474.1666248,3,-6,-33
1759482474.204625,0,-3,-35
1759482474.2436247,5,-4,-39
1759482474.2796247,1,-1,-43
1759482474.3166249,-2,-1,-37
1759482474.3546247,-6,2,-42
1759482474.3936248,-2,5,-33
1759482474.4296248,-1,5,-38
1759482474.467625,0,2,-41
1759482474.513625,5,3,-39
1759482474.5496247,-1,-1,-35
1759482474.5876248,-2,-1,-28
1759482474.6266248,-3,0,-37
1759482474.6646247,-5,-8,-39
1759482474.7006247,1,-6,-36
1759482474.7386248,3,-10,-41
1759482474.7756248,10,-4,-38
1759482474.8146248,4,-2,-32
1759482474.8506248,0,-2,-34
1759482474.888625,0,-4,-47
1759482474.9276247,-1,-4,-39
1759482474.9656248,-7,-5,-27
1759482475.003625,-4,-8,-42
1759482475.0396247,-1,-4,-40
1759482475.0786247,-1,-3,-38
1759482475.115625,2,0,-33
1759482475.1546247,1,3,-39
1759482475.1906247,1,5,-31
1759482475.2286248,1,0,-40
1759482475.2656248,1,3,-29
1759482475.3046248,-9,-1,-31
1759482475.3406248,-5,0,-34
1759482475.378625,-2,-4,-48
1759482475.4166248,-2,2,-36
1759482475.4556248,2,-2,-34
1759482475.4936247,0,-5,-40
1759482475.5306249,0,-4,-36
1759482475.5686247,0,-2,-34
1759482475.6066248,0,-9,-44
1759482475.6446247,0,-3,-36
1759482475.6806247,2,0,-40
1759482475.7186248,6,5,-40
1759482475.7566247,4,8,-42
1759482475.7946248,3,9,-33
1759482475.8306248,4,8,-29
1759482475.8686247,1,0,-33
1759482475.9066248,-2,-1,-32
1759482475.944625,5,1,-22
1759482475.980625,1,3,-28
1759482476.0186248,2,-3,-33
1759482476.0556247,-3,4,-28
1759482476.0946248,0,-5,-31
1759482476.1306248,0,-6,-35
1759482476.1696248,5,0,-42
1759482476.207625,2,0,-41
1759482476.2456248,-4,-2,-38
1759482476.2816248,7,-5,-44
1759482476.3186247,-1,-3,-39
1759482476.3576248,-7,9,-39
1759482476.3956249,-6,2,-45
1759482476.431625,-2,0,-54
1759482476.4686248,-1,-2,-42
1759482476.5066247,0,-2,-32
1759482476.5456247,0,2,-37
1759482476.5816247,0,7,-34
1759482476.6196249,-5,0,-38
1759482476.6576247,-5,-1,-34
1759482476.6966248,-8,-2,-40
1759482476.7346249,3,7,-31
1759482476.7706249,5,3,-41
1759482476.809625,-3,0,-30
1759482476.8476248,0,-2,-35
1759482476.885625,12,-5,-45
1759482476.921625,5,-1,-48
1759482476.9606247,0,0,-44
1759482476.9976249,0,0,-40
1759482477.036625,0,4,-38
1759482477.0746248,-7,0,-29
1759482477.1106248,-4,-4,-37
1759482477.148625,-8,-1,-40
1759482477.1866248,9,1,-42
1759482477.2256248,3,2,-41
1759482477.2616248,-2,6,-40
1759482477.3006248,1,-2,-50
1759482477.3386247,-5,0,-42
1759482477.3766248,-6,-6,-29
1759482477.4126248,-5,-3,-30
1759482477.4506247,2,-2,-27
1759482477.4896247,-6,-1,-28
1759482477.526625,0,1,-27
1759482477.5656247,7,-2,-42
1759482477.6016247,0,3,-40
1759482477.6396248,-1,-4,-40
1759482477.6776247,-4,-1,-42
1759482477.7166247,0,1,-34
1759482477.7526248,8,1,-40
1759482477.7896247,-2,-1,-39
1759482477.8276248,-2,0,-44
1759482477.8666248,-1,-3,-34
1759482477.9026248,0,-1,-34
1759482477.9406247,-3,-6,-47
1759482477.977625,-1,-3,-43
1759482478.0166247,6,-1,-33
1759482478.0526247,7,4,-33
1759482478.089625,1,4,-25
1759482478.1276248,1,-8,-48
1759482478.1666248,2,-7,-52
1759482478.2026248,-3,-5,-51
1759482478.240625,-2,1,-44
1759482478.2796247,-3,-6,-44
1759482478.3176248,-3,-7,-31
1759482478.355625,2,2,-39
1759482478.3916247,4,2,-34
1759482478.4296248,6,6,-43
1759482478.467625,5,0,-40
1759482478.5056248,0,1,-46
1759482478.5416248,2,-2,-53
1759482478.5806248,-3,6,-46
1759482478.6176248,-6,2,-43
1759482478.6566248,6,-3,-36
1759482478.6926248,-4,0,-29
1759482478.7316248,-2,-2,-41
1759482478.7686248,3,-1,-50
1759482478.8076248,3,8,-54
1759482478.8456247,0,3,-47
1759482478.8816247,8,5,-47
1759482478.9186249,2,2,-45
1759482478.957625,-2,-5,-37
1759482478.9956248,3,0,-45
1759482479.0316248,2,-8,-40
1759482479.0706248,-2,1,-38
1759482479.1086247,3,0,-33
1759482479.1466248,-4,7,-43
1759482479.1826248,0,6,-42
1759482479.2196248,-5,5,-40
1759482479.2586248,0,-3,-35
1759482479.296625,0,-5,-38
1759482479.332625,3,-2,-38
1759482479.3706248,0,-2,-46
1759482479.408625,-5,-4,-37
1759482479.4466248,3,0,-41
1759482479.4826248,3,0,-39
1759482479.5206249,1,6,-39
1759482479.5586247,-4,4,-36
1759482479.5966249,-3,4,-32
1759482479.6326249,4,1,-41
1759482479.6696248,3,-1,-25
1759482479.7086248,0,-2,-27
1759482479.7466247,3,-7,-41
1759482479.7826247,0,1,-41
1759482479.8206248,7,-1,-43
1759482479.8586247,0,3,-35
1759482479.8966248,3,0,-28
1759482479.9326248,3,-2,-32
1759482479.9696248,14,2,-29
1759482480.0086248,3,-3,-43
1759482480.046625,-3,-3,-45
1759482480.082625,6,-10,-39
1759482480.1196249,-1,-3,-33
1759482480.158625,1,-2,-38
1759482480.1966248,1,0,-48
1759482480.2326248,-5,0,-49
1759482480.2706249,0,0,-36
1759482480.3086247,3,-5,-41
1759482480.3466249,3,3,-39
1759482480.3826249,5,3,-43
1759482480.4206247,4,1,-44
1759482480.4586248,3,-6,-36
1759482480.4966247,2,-7,-31
1759482480.5326247,4,-1,-34
1759482480.5706248,5,3,-37
1759482480.6086247,-3,11,-32
1759482480.6466248,-4,3,-26
1759482480.6826248,0,0,-29
1759482480.7206247,7,-6,-38
1759482480.7586248,7,-2,-41
1759482480.796625,7,0,-37
1759482480.832625,4,-3,-36
1759482480.8706248,3,2,-48
1759482480.908625,0,-4,-61
1759482480.944625,-1,-6,-52
1759482480.9836247,3,1,-53
1759482481.0206249,-3,4,-42
1759482481.0586247,0,-6,-47
1759482481.0976248,0,0,-44
1759482481.1336248,2,-3,-46
1759482481.171625,0,-9,-45
1759482481.2086248,-6,-2,-34
1759482481.2476249,-2,-3,-41
1759482481.283625,-5,-6,-40
1759482481.3216248,-1,-2,-47
1759482481.3596249,1,0,-44
1759482481.398625,-1,0,-34
1759482481.4356248,-5,2,-37
1759482481.4736247,-5,0,-39
1759482481.5116248,2,0,-38
1759482481.5496247,0,3,-47
1759482481.5876248,0,-2,-49
1759482481.6236248,-3,-2,-46
1759482481.661625,-2,-2,-38
1759482481.7006247,-5,-3,-43
1759482481.7386248,-7,3,-34
1759482481.7746248,5,6,-38
1759482481.8126247,0,-1,-40
1759482481.8496249,2,2,-47
1759482481.888625,-7,-5,-48
1759482481.9246247,-2,-1,-38
1759482481.9636247,-3,7,-38
1759482482.000625,-3,1,-36
1759482482.0396247,-6,-1,-39
1759482482.0776248,2,-1,-48
1759482482.1136248,3,-2,-45
1759482482.151625,1,-4,-45
1759482482.1906247,5,-2,-41
1759482482.2286248,5,-1,-40
1759482482.2646248,-2,0,-39
1759482482.3016248,0,-8,-37
1759482482.339625,4,-3,-38
1759482482.378625,-2,12,-56
1759482482.4146247,-3,4,-44
1759482482.4526248,5,1,-46
1759482482.490625,1,0,-40
1759482482.5296247,2,0,-46
1759482482.5656247,5,-4,-48
1759482482.602625,1,5,-34
1759482482.6406248,-2,5,-46
1759482482.6796248,-3,0,-37
1759482482.7156248,-5,-5,-35
1759482482.7546248,-1,0,-41
1759482482.7926247,1,-4,-37
1759482482.8306248,-2,-7,-48
1759482482.8686247,0,0,-40
1759482482.9056249,-5,0,-34
1759482482.9436247,-4,3,-32
1759482482.980625,-3,7,-39
1759482483.0196247,1,-3,-43
1759482483.0556247,-6,0,-43
1759482483.0946248,4,2,-41
1759482483.1326249,3,0,-45
1759482483.1696248,-1,2,-33
1759482483.2086248,-1,2,-39
1759482483.2446249,-5,-6,-36
1759482483.2826247,0,0,-33
1759482483.3206248,-2,0,-31
1759482483.3596249,0,5,-34
1759482483.3956249,3,0,-41
1759482483.4326248,15,-2,-32
1759482483.4706247,0,-2,-42
1759482483.5096247,0,-2,-33
1759482483.5456247,0,-6,-27
1759482483.5836248,-5,2,-33
1759482483.6226249,-3,-1,-34
1759482483.6606247,-4,1,-41
1759482483.6986248,1,3,-40
1759482483.7356248,-1,1,-31
1759482483.7726247,1,-6,-32
1759482483.8116248,-2,-9,-39
1759482483.8496249,2,-3,-33
1759482483.885625,2,-3,-37
1759482483.9226248,-1,-4,-38
1759482483.9606247,-8,-1,-43
1759482483.9996247,1,-3,-42
1759482484.0356247,3,0,-40
1759482484.0726247,1,-4,-36
1759482484.1106248,1,0,-42
1759482484.1496248,0,-4,-31
1759482484.1856248,-7,-6,-50
1759482484.2236247,5,2,-36
1759482484.2626247,7,-3,-40
1759482484.3006248,3,0,-46
1759482484.3366249,3,1,-44
1759482484.3746247,1,4,-39
1759482484.4126248,5,2,-38
1759482484.4506247,3,0,-41
1759482484.487625,0,-1,-34
1759482484.5376248,0,-5,-40
1759482484.5736248,3,-3,-47
1759482484.612625,5,-6,-41
1759482484.6506248,3,-3,-40
1759482484.6876247,2,-3,-38
1759482484.7256248,4,-1,-34
1759482484.763625,4,-9,-28
1759482484.8016248,0,-7,-27
1759482484.839625,-8,-4,-37
1759482484.875625,-6,-1,-29
1759482484.9136248,-5,-5,-22
1759482484.9516249,-1,-3,-26
1759482484.990625,7,1,-34
1759482485.026625,3,1,-28
1759482485.0646248,4,-2,-45
1759482485.102625,2,-3,-36
1759482485.1416247,0,-4,-46
1759482485.1796248,4,-8,-38
1759482485.2156248,1,-8,-37
1759482485.2546248,-2,-9,-47
1759482485.2916248,-6,-6,-45
1759482485.3306248,-5,-8,-42
1759482485.3666248,2,-4,-38
1759482485.4046247,0,-2,-37
1759482485.4426248,11,-4,-39
1759482485.4816248,4,-2,-39
1759482485.5196247,3,-3,-52
1759482485.5556247,-8,0,-52
1759482485.5936248,-4,-6,-47
1759482485.6316247,4,0,-48
1759482485.6696248,4,2,-33
1759482485.7056248,0,-2,-34
1759482485.7446249,-5,-2,-44
1759482485.7826247,-3,0,-35
1759482485.8206248,0,0,-49
1759482485.8566248,3,-1,-48
1759482485.8956249,1,3,-41
1759482485.9336247,0,6,-50
1759482485.9716249,-2,3,-40
1759482486.0076249,4,2,-41
1759482486.0456247,2,-4,-28
1759482486.0836248,4,-7,-39
1759482486.1216247,0,-4,-35
1759482486.158625,-4,-2,-37
1759482486.1956248,0,0,-44
1759482486.2336247,-4,0,-48
1759482486.2716248,0,-1,-39
1759482486.3106248,-2,-1,-35
1759482486.3466249,-4,-6,-24
1759482486.385625,-5,-7,-41
1759482486.4236248,-5,-2,-33
1759482486.4616249,-7,0,-40
1759482486.4976249,-10,0,-46
1759482486.5356247,-2,2,-41
1759482486.5746248,2,-5,-37
1759482486.612625,8,-8,-31
1759482486.6506248,0,-7,-38
1759482486.6866248,0,-5,-55
1759482486.7246249,3,0,-35
1759482486.7626247,6,0,-31
1759482486.8006248,-6,-3,-38
1759482486.8366249,-2,1,-45
1759482486.8746247,0,-2,-41
1759482486.9126248,4,4,-32
1759482486.9516249,4,0,-38
1759482486.987625,4,-1,-48
1759482487.0246248,-1,-6,-33
1759482487.0626247,-5,1,-38
1759482487.1016247,0,1,-50
1759482487.1376247,-3,1,-49
1759482487.1756248,-7,0,-47
1759482487.2136247,0,4,-42
1759482487.2526248,0,7,-35
1759482487.2906249,-1,0,-32
1759482487.3266249,1,-3,-28
1759482487.3646247,2,-5,-39
1759482487.4036248,-1,1,-37
1759482487.4416249,8,-1,-38
1759482487.477625,5,0,-40
1759482487.5146248,0,0,-38
1759482487.5536249,1,2,-23
1759482487.5916247,-2,6,-34
1759482487.6276248,-1,3,-37
1759482487.6646247,-7,0,-31
1759482487.7036247,-5,1,-36
1759482487.7416248,-6,0,-39
1759482487.7776248,-6,-1,-31
1759482487.8156247,-2,1,-42
1759482487.8536248,-3,0,-29
1759482487.8926249,4,-1,-34
1759482487.9286249,1,0,-41
1759482487.9666247,-1,6,-45
1759482488.003625,2,1,-28
1759482488.0426247,2,3,-36
1759482488.0786247,7,8,-33
1759482488.115625,-5,0,-39
1759482488.1546247,-1,-3,-46
1759482488.1926248,1,0,-25
1759482488.2286248,-7,0,-37
1759482488.2656248,-2,1,-49
1759482488.3036249,1,0,-50
1759482488.342625,6,0,-38
1759482488.378625,8,1,-37
1759482488.4156249,3,4,-49
1759482488.454625,2,-3,-36
1759482488.4926248,0,-7,-42
1759482488.5286248,-1,-9,-41
1759482488.5676248,2,-10,-46
1759482488.6046247,-2,-11,-42
1759482488.6436248,5,-6,-36
1759482488.681625,0,-5,-40
1759482488.717625,8,0,-44
1759482488.7546248,11,0,-29
1759482488.7936249,0,-1,-30
1759482488.8316247,-3,-3,-37
1759482488.8676248,-6,-6,-33
1759482488.9066248,-1,-8,-38
1759482488.9436247,-5,-7,-45
1759482488.9826248,3,-1,-37
1759482489.0186248,12,-3,-36
1759482489.056625,6,-2,-30
1759482489.0946248,3,-1,-41
1759482489.1336248,3,0,-33
1759482489.171625,0,-7,-45
1759482489.207625,1,3,-44
1759482489.2456248,2,0,-47
1759482489.2846248,3,5,-38
1759482489.3226247,2,-8,-42
1759482489.3586247,1,-6,-46
1759482489.3956249,0,-3,-46
1759482489.4336247,-3,-11,-28
1759482489.4726248,2,-5,-27
1759482489.5086248,-1,-4,-43
1759482489.546625,-3,2,-48
1759482489.5856247,1,3,-42
1759482489.6236248,-2,0,-45
1759482489.6596248,1,0,-26
1759482489.6966248,-4,3,-39
1759482489.7356248,2,-4,-41
1759482489.773625,8,0,-32
1759482489.809625,-2,-4,-41
1759482489.8486247,1,0,-47
1759482489.885625,-4,-5,-41
1759482489.9236248,2,-6,-36
1759482489.9596248,4,-1,-45
1759482489.9976249,-1,-3,-43
1759482490.0346248,2,-1,-45
1759482490.0736248,-6,-2,-44
1759482490.1096249,-3,-5,-41
1759482490.1476247,-1,0,-46
1759482490.1856248,0,9,-40
1759482490.2246249,-1,3,-29
1759482490.2626247,0,7,-34
1759482490.2986248,3,4,-33
1759482490.3356247,-3,2,-35
1759482490.3746247,-3,1,-46
1759482490.4126248,-1,4,-41
1759482490.4486248,-1,5,-33
1759482490.4856248,5,0,-41
1759482490.5246248,2,-7,-39
1759482490.5626247,4,-7,-49
1759482490.5986247,3,-8,-46
1759482490.635625,-7,0,-45
1759482490.6746247,0,0,-51
1759482490.7126248,0,-1,-37
1759482490.7486248,3,1,-30
1759482490.7856247,-6,3,-27
1759482490.8246248,-4,-1,-33
1759482490.862625,10,-6,-35
1759482490.898625,7,2,-37
1759482490.9356248,6,3,-39
1759482490.9746249,5,0,-39
1759482491.0126247,0,-4,-37
1759482491.0486248,-1,-4,-40
1759482491.0866249,0,4,-31
1759482491.125625,3,3,-37
1759482491.1636248,-3,0,-41
1759482491.1996248,-5,6,-33
1759482491.2366247,-4,-5,-49
1759482491.2756248,-3,0,-51
1759482491.3136249,1,1,-43
1759482491.3496249,-2,-2,-41
1759482491.3876247,4,-1,-41
1759482491.4266248,5,0,-47
1759482491.464625,3,0,-33
1759482491.500625,-4,-6,-46
1759482491.5386248,-8,-6,-30
1759482491.5766249,-2,0,-49
1759482491.6146247,4,-3,-43
1759482491.6536248,7,-4,-40
1759482491.6906247,5,-1,-42
1759482491.727625,0,2,-34
1759482491.7656248,-3,5,-41
1759482491.8046248,5,-5,-43
1759482491.8406248,-2,-5,-45
1759482491.878625,-1,0,-39
1759482491.9176247,4,5,-43
1759482491.9556248,-1,1,-45
1759482491.9936247,-6,1,-30
1759482492.0296247,2,0,-45
1759482492.0666249,4,0,-39
1759482492.105625,0,-2,-34
1759482492.1436248,-5,-3,-42
1759482492.1796248,-3,2,-46
1759482492.217625,-7,-2,-39
1759482492.2556248,-4,-2,-41
1759482492.2946248,-1,-3,-39
1759482492.3306248,4,1,-30
1759482492.3676248,10,2,-37
1759482492.4056249,3,-1,-44
1759482492.444625,5,-6,-45
1759482492.480625,-3,-2,-44
1759482492.5186248,1,-2,-38
1759482492.5576248,3,2,-34
1759482492.5956247,1,1,-25
1759482492.6336248,-2,0,-42
1759482492.6696248,0,0,-51
1759482492.707625,4,-3,-42
1759482492.7456248,0,0,-42
1759482492.783625,8,2,-39
1759482492.819625,1,4,-43
1759482492.8566248,-1,0,-35
1759482492.8956249,1,3,-41
1759482492.9336247,3,0,-38
1759482492.9696248,-2,0,-34
1759482493.0076249,0,5,-39
1759482493.0456247,-5,-3,-34
1759482493.0816247,2,2,-36
1759482493.1206248,0,2,-59
1759482493.1576247,-1,-4,-45
1759482493.1956248,3,0,-50
1759482493.2346249,4,-2,-41
1759482493.2706249,5,-6,-49
1759482493.3076248,5,4,-43
1759482493.3466249,7,0,-43
1759482493.3846247,4,1,-48
1759482493.4206247,3,-4,-32
1759482493.457625,5,-6,-30
1759482493.4956248,-3,-2,-44
1759482493.5346248,0,1,-38
1759482493.5706248,6,4,-36
1759482493.6076248,0,0,-39
1759482493.6456249,4,4,-44
1759482493.684625,-3,3,-37
1759482493.7206247,-4,1,-25
1759482493.7576249,0,0,-41
1759482493.796625,8,0,-44
1759482493.8346248,7,-2,-49
1759482493.8706248,2,-2,-41
1759482493.9076247,-7,-3,-31
1759482493.9466248,0,0,-40
1759482493.9846249,2,-5,-31
1759482494.0206249,9,0,-35
1759482494.0576248,2,-4,-30
1759482494.0966249,0,0,-32
1759482494.1346247,12,0,-37
1759482494.1706247,6,3,-42
1759482494.207625,1,0,-46
1759482494.2466247,6,-3,-40
1759482494.2846248,1,-7,-35
1759482494.3206248,-2,-6,-44
1759482494.3586247,-3,-5,-49
1759482494.3976247,6,0,-39
1759482494.4356248,4,7,-50
1759482494.4716249,-1,6,-43
1759482494.510625,-3,-2,-33
1759482494.5556247,0,3,-41
1759482494.592625,0,-5,-35
1759482494.6306248,-1,-5,-43
1759482494.6676247,1,-2,-39
1759482494.7066247,0,0,-41
1759482494.7426248,2,2,-47
1759482494.7816248,1,0,-36
1759482494.819625,0,2,-41
1759482494.8566248,-1,-2,-38
1759482494.8956249,0,-6,-38
1759482494.931625,-6,0,-35
1759482494.9696248,1,-3,-38
1759482495.0076249,-1,0,-37
1759482495.0456247,-8,0,-40
1759482495.0816247,-6,0,-51
1759482495.1196249,-9,0,-43
1759482495.1576247,-3,-1,-41
1759482495.1966248,5,-3,-36
1759482495.2326248,0,0,-37
1759482495.2696247,-3,-1,-38
1759482495.3076248,-13,-1,-34
1759482495.3466249,-9,-4,-47
1759482495.3826249,-1,2,-50
1759482495.421625,1,-3,-51
1759482495.4596248,-1,-6,-51
1759482495.4976249,-3,-8,-40
1759482495.5356247,-9,-4,-39
1759482495.5716248,-10,-3,-48
1759482495.6096249,0,4,-56
1759482495.6476247,-7,2,-41
1759482495.6866248,-1,0,-35
1759482495.7226248,-4,0,-36
1759482495.760625,3,-7,-34
1759482495.7976248,2,1,-38
1759482495.8366249,-4,1,-33
1759482495.8726249,-6,-5,-30
1759482495.9106247,-3,-6,-31
1759482495.9486248,4,-6,-34
1759482495.987625,1,-3,-32
1759482496.0256248,0,3,-33
1759482496.0616248,-1,2,-37
1759482496.0986247,-5,1,-33
1759482496.1376247,0,-1,-36
1759482496.1756248,1,1,-39
1759482496.2116249,-9,-2,-46
1759482496.250625,-1,-1,-39
1759482496.2886248,-7,-5,-47
1759482496.3266249,-1,-6,-49
1759482496.362625,0,-4,-39
1759482496.401625,0,1,-41
1759482496.4386249,-8,-1,-49
1759482496.477625,-5,-4,-41
1759482496.513625,3,-6,-40
1759482496.5516248,-4,-3,-45
1759482496.5886247,4,2,-42
1759482496.6276248,5,0,-40
1759482496.6636248,-2,0,-31
1759482496.7016249,0,-5,-39
1759482496.7396247,-5,0,-41
1759482496.7776248,-1,-3,-36
1759482496.8166249,1,0,-35
1759482496.852625,-1,-5,-34
1759482496.8906248,0,0,-37
1759482496.9296248,-4,0,-53
1759482496.967625,0,-1,-45
1759482497.003625,4,-2,-42
1759482497.0406249,0,9,-42
1759482497.079625,7,3,-31
1759482497.1176248,9,0,-37
1759482497.1536248,-2,-2,-41
1759482497.1916249,0,0,-36
1759482497.230625,6,4,-33
1759482497.2686248,-1,4,-46
1759482497.306625,0,-5,-34
1759482497.3436248,2,-4,-33
1759482497.3806248,1,-4,-40
1759482497.4196248,4,-4,-34
1759482497.457625,6,0,-35
1759482497.4936247,0,2,-32
1759482497.5306249,2,1,-42
1759482497.5686247,3,-5,-51
1759482497.6076248,-3,0,-40
1759482497.6436248,-4,1,-42
1759482497.681625,0,2,-28
1759482497.7186248,3,4,-39
1759482497.7576249,6,-3,-31
1759482497.7936249,7,-2,-45
1759482497.8306248,3,4,-48
1759482497.8696249,4,0,-56
1759482497.9076247,5,3,-47
1759482497.9436247,11,0,-49
1759482497.9816248,3,-1,-44
1759482498.0186248,-1,1,-42
1759482498.0576248,0,-2,-52
1759482498.0936248,-2,2,-35
1759482498.1306248,1,-8,-32
1759482498.1686249,-1,0,-34
1759482498.207625,0,0,-30
1759482498.2436247,2,-4,-35
1759482498.2826247,0,2,-35
1759482498.319625,0,0,-37
1759482498.3586247,4,-3,-42
1759482498.3946247,3,-1,-25
1759482498.4336247,0,0,-42
1759482498.4706247,5,2,-37
1759482498.5096247,3,3,-34
1759482498.5476248,0,-4,-27
1759482498.5836248,0,-6,-33
1759482498.6206248,4,-1,-44
1759482498.6596248,6,-1,-35
1759482498.6976247,0,4,-46
1759482498.7336247,-6,4,-35
1759482498.7706249,-2,-3,-42
1759482498.809625,1,0,-56
1759482498.8476248,-7,-4,-40
1759482498.8836248,-2,4,-44
1759482498.921625,2,0,-45
1759482498.9596248,4,3,-40
1759482498.9986248,-3,0,-43
1759482499.0346248,2,-2,-43
1759482499.0716248,1,-10,-38
1759482499.1096249,0,-13,-42
1759482499.148625,0,0,-43
1759482499.184625,4,-5,-31
1759482499.2216249,-3,2,-22
1759482499.2596247,-5,-9,-31
1759482499.2986248,-3,0,-39
1759482499.3356247,2,3,-44
1759482499.3726249,3,3,-36
1759482499.411625,0,0,-43
1759482499.4496248,0,7,-50
1759482499.487625,-4,-1,-46
1759482499.523625,-1,-5,-37
1759482499.5626247,-6,-2,-41
1759482499.5996249,-7,1,-35
1759482499.638625,5,4,-44
1759482499.6756248,5,0,-38
1759482499.7126248,-2,3,-39
1759482499.750625,0,0,-45
1759482499.7896247,1,-5,-44
1759482499.8276248,0,4,-46
1759482499.8636248,1,2,-45
1759482499.901625,-3,-3,-41
1759482499.9396248,-6,6,-45
1759482499.9756248,-6,4,-49
1759482500.0126247,-2,2,-40
1759482500.0506248,3,0,-38
1759482500.089625,-9,0,-29
1759482500.125625,1,-6,-48
1759482500.1626248,2,-1,-39
1759482500.2006247,0,3,-41
1759482500.2396247,-2,1,-49
1759482500.2756248,2,6,-44
1759482500.3126247,1,0,-54
1759482500.3506248,-4,-2,-50
1759482500.3896248,-3,-2,-52
1759482500.4256248,0,-6,-55
1759482500.4636247,-11,-1,-53
1759482500.5016248,-2,0,-36
1759482500.5406249,0,-8,-48
1759482500.5786247,-2,-2,-41
1759482500.6146247,-1,4,-40
1759482500.651625,-4,-4,-43
1759482500.6906247,-5,-1,-42
1759482500.7286248,-1,10,-36
1759482500.7646248,-1,4,-35
1759482500.8026247,10,8,-39
1759482500.8406248,4,0,-46
1759482500.878625,3,-1,-28
1759482500.9146247,-1,-1,-45
1759482500.9536247,-4,3,-19
1759482500.9916248,1,-2,-21
1759482501.0296247,5,1,-33
1759482501.0656247,5,6,-33
1759482501.102625,-5,-1,-40
1759482501.1416247,-1,-1,-49
1759482501.1796248,-1,-4,-37
1759482501.2156248,0,-4,-41
1759482501.2546248,-3,-5,-38
1759482501.2916248,-1,-3,-43
1759482501.3306248,-4,3,-33
1759482501.3686247,2,3,-37
1759482501.4046247,4,-3,-39
1759482501.4416249,10,1,-40
1759482501.480625,0,4,-32
1759482501.5186248,0,3,-33
1759482501.5546248,-1,2,-33
1759482501.592625,-11,-5,-30
1759482501.6306248,-5,0,-32
1759482501.6696248,-1,3,-40
1759482501.7056248,2,3,-38
1759482501.7426248,2,3,-36
1759482501.7816248,0,5,-40
1759482501.819625,4,4,-45
1759482501.855625,1,-1,-43
1759482501.8946247,-2,1,-41
1759482501.931625,-3,-2,-38
1759482501.9706247,-9,-8,-38
1759482502.0076249,-7,-10,-41
1759482502.0446248,-6,-1,-52
1759482502.082625,-3,-5,-51
1759482502.1206248,0,-2,-47
1759482502.1596248,3,-5,-45
1759482502.1956248,6,-5,-47
1759482502.2336247,3,2,-42
1759482502.2726247,2,3,-39
1759482502.3106248,0,8,-34
1759482502.3466249,-1,4,-37
1759482502.3846247,-2,-3,-43
1759482502.4226248,-6,-2,-46
1759482502.4606247,2,-6,-41
1759482502.4966247,-7,0,-40
1759482502.533625,-4,2,-46
1759482502.5716248,-1,-3,-41
1759482502.6106248,5,3,-50
1759482502.6466248,-4,1,-36
1759482502.684625,0,-1,-35
1759482502.7226248,-2,3,-32
1759482502.760625,-3,1,-38
1759482502.796625,-9,0,-38
1759482502.8346248,1,-2,-30
1759482502.8736248,4,-4,-37
1759482502.911625,3,5,-27
1759482502.9496248,5,0,-35
1759482502.9856248,2,-5,-28
1759482503.023625,-5,1,-42
1759482503.0616248,0,3,-52
1759482503.0996249,0,-3,-34
1759482503.135625,4,-3,-46
1759482503.1736248,-3,3,-51
1759482503.2116249,-7,3,-51
1759482503.2496247,-1,6,-42
1759482503.2856247,-5,4,-38
1759482503.3236248,5,7,-39
1759482503.3616247,0,4,-42
1759482503.3976247,-2,5,-37
1759482503.434625,-4,9,-42
1759482503.4736247,-1,-1,-35
1759482503.5116248,8,0,-36
1759482503.5476248,6,2,-30
1759482503.5846248,12,-5,-35
1759482503.6226249,6,-5,-36
1759482503.661625,7,-4,-30
1759482503.6976247,5,-4,-32
1759482503.7356248,4,-8,-37
1759482503.773625,-2,-3,-40
1759482503.8116248,0,-4,-38
1759482503.8506248,-5,2,-44
1759482503.8866248,-5,3,-43
1759482503.9256248,1,7,-48
1759482503.9626248,4,-2,-46
1759482504.0016248,0,-1,-38
1759482504.0376248,-3,-7,-38
1759482504.0766249,5,-4,-46
1759482504.1136248,4,2,-42
1759482504.1526248,1,3,-49
1759482504.1906247,2,-8,-34
1759482504.2266247,-5,0,-31
1759482504.2656248,-6,5,-37
1759482504.3026247,0,3,-33
1759482504.3416247,0,-1,-41
1759482504.3776248,1,2,-49
1759482504.4146247,-2,4,-56
1759482504.4526248,4,4,-48
1759482504.4916248,0,0,-37
1759482504.5276248,8,2,-38
1759482504.5736248,3,1,-40
1759482504.6116247,-7,7,-30
1759482504.6476247,-2,-1,-30
1759482504.6856248,6,2,-39
1759482504.7236247,2,0,-29
1759482504.7626247,-10,6,-43
1759482504.8006248,-2,0,-44
1759482504.8366249,-2,-3,-38
1759482504.8746247,1,-2,-36
1759482504.9126248,2,3,-29
1759482504.9506247,-3,-4,-40
1759482504.987625,3,-1,-33
1759482505.0256248,0,0,-24
1759482505.0636249,-4,4,-40
1759482505.1016247,-2,1,-51
1759482505.1376247,0,-5,-48
1759482505.1756248,-4,-1,-43
1759482505.2136247,-14,-1,-42
1759482505.2526248,-11,-5,-46
1759482505.2886248,-7,2,-44
1759482505.3266249,-7,2,-48
1759482505.365625,-1,0,-34
1759482505.4026248,-2,0,-33
1759482505.4416249,-6,-4,-47
1759482505.4786248,-1,-3,-38
1759482505.5166247,8,-2,-44
1759482505.5536249,3,0,-34
1759482505.592625,-2,0,-43
1759482505.628625,1,-1,-27
1759482505.6666248,-7,-5,-37
1759482505.7056248,-8,-6,-44
1759482505.7426248,-4,7,-47
1759482505.7816248,0,2,-39
1759482505.8176248,0,0,-36
1759482505.855625,-1,-5,-32
1759482505.8936248,-3,2,-33
1759482505.931625,-5,-2,-43
1759482505.967625,-3,-10,-33
1759482506.0056248,-6,-11,-38
1759482506.0436249,1,-3,-28
1759482506.082625,4,1,-36
1759482506.1186247,1,5,-36
1759482506.1556249,-4,0,-41
1759482506.1936247,0,0,-43
1759482506.2326248,-4,-3,-42
1759482506.2686248,-5,-6,-38
1759482506.306625,-11,1,-38
1759482506.3446248,3,-7,-37
1759482506.3836248,-7,-4,-46
1759482506.421625,-3,-3,-40
1759482506.457625,2,-6,-45
1759482506.4956248,4,-1,-32
1759482506.533625,8,4,-35
1759482506.5716248,-3,-1,-42
1759482506.6076248,-2,-4,-42
1759482506.6456249,2,0,-40
1759482506.684625,0,4,-38
1759482506.7226248,-5,-4,-32
1759482506.7586248,-6,0,-33
1759482506.796625,0,-7,-42
1759482506.8336248,2,-1,-35
1759482506.8726249,-4,1,-37
1759482506.908625,-2,2,-36
1759482506.9456248,2,0,-45
1759482506.9836247,-2,-5,-45
1759482507.0226247,-1,-5,-29
1759482507.0586247,-1,-1,-29
1759482507.0976248,-3,-4,-33
1759482507.1346247,-1,-1,-38
1759482507.1736248,7,0,-30
1759482507.2096248,9,-4,-22
1759482507.2486248,-7,-4,-26
1759482507.286625,-2,-4,-32
1759482507.3246248,-4,3,-34
1759482507.362625,0,0,-35
1759482507.398625,-1,1,-39
1759482507.4376247,2,5,-39
1759482507.4746249,0,3,-37
1759482507.513625,-6,3,-33
1759482507.5496247,-8,-1,-41
1759482507.5876248,-8,-2,-44
1759482507.625625,-1,-4,-48
1759482507.6646247,4,-6,-51
1759482507.7026248,0,-3,-42
1759482507.7386248,5,-7,-40
1759482507.7756248,0,-3,-43
1759482507.8146248,1,-1,-48
1759482507.852625,7,-1,-33
1759482507.888625,11,-1,-39
1759482507.9266248,-1,-2,-42
1759482507.9656248,2,-4,-43
1759482508.003625,4,-7,-37
1759482508.0396247,0,-2,-43
1759482508.0766249,2,-3,-44
1759482508.115625,2,0,-38
1759482508.1536248,2,-1,-41
1759482508.1896248,-1,0,-34
1759482508.2266247,1,-3,-32
1759482508.2646248,1,3,-44
1759482508.3036249,-1,0,-45
1759482508.339625,-4,5,-37
1759482508.3776248,-10,2,-45
1759482508.4146247,-7,7,-54
1759482508.4536247,-4,6,-48
1759482508.4896247,0,2,-52
1759482508.5276248,-3,-3,-47
1759482508.5646248,-5,0,-40
1759482508.6036248,5,-4,-34
1759482508.6396248,4,-1,-53
1759482508.6766248,7,-2,-50
1759482508.714625,4,1,-41
1759482508.753625,-1,0,-35
1759482508.7896247,3,5,-46
1759482508.8276248,2,0,-27
1759482508.8646247,7,-1,-31
1759482508.9036248,0,-7,-43
1759482508.9396248,-1,-4,-47
1759482508.9786248,0,-4,-37
1759482509.0156248,-2,-5,-32
1759482509.0546248,-2,1,-43
1759482509.0906248,0,3,-51
1759482509.1276248,2,-2,-32
1759482509.1656249,1,5,-38
1759482509.204625,4,6,-44
1759482509.240625,0,0,-48
1759482509.2786248,2,-1,-49
1759482509.3166249,-4,-3,-40
1759482509.355625,1,0,-41
1759482509.3936248,4,-2,-44
1759482509.4296248,1,3,-49
1759482509.467625,4,-3,-45
1759482509.5056248,-3,1,-45
1759482509.5436249,-6,0,-47
1759482509.579625,-8,-2,-52
1759482509.6176248,-10,5,-37
1759482509.6566248,-3,0,-39
1759482509.694625,7,-1,-44
1759482509.730625,-5,-1,-45
1759482509.7696247,-2,-1,-49
1759482509.806625,-4,1,-41
1759482509.8456247,-2,-2,-41
1759482509.8836248,-2,5,-43
1759482509.9196248,-3,5,-50
1759482509.9586248,5,-2,-38
1759482509.9956248,-5,2,-39
1759482510.0346248,-4,1,-42
1759482510.0706248,-7,-3,-43
1759482510.1086247,-1,-3,-39
1759482510.1476247,0,1,-46
1759482510.1856248,-2,4,-49
1759482510.2236247,0,1,-49
1759482510.2596247,-2,0,-48
1759482510.2976248,4,4,-41
1759482510.3356247,0,2,-41
1759482510.3746247,2,-2,-40
1759482510.4106247,-1,-2,-50
1759482510.4486248,3,-1,-46
1759482510.4866247,6,-2,-53
1759482510.5256248,0,0,-56
1759482510.5616248,6,1,-44
1759482510.5986247,-2,0,-39
1759482510.6376247,-1,1,-42
1759482510.6756248,1,1,-40
1759482510.7126248,0,-8,-38
1759482510.7496247,0,-4,-33
1759482510.7886248,-1,4,-38
1759482510.8266249,0,0,-33
1759482510.8646247,4,-5,-40
1759482510.9006248,4,-7,-37
1759482510.9376247,1,-1,-36
1759482510.9766247,0,-1,-42
1759482511.0146248,-5,0,-50
1759482511.0506248,-5,0,-43
1759482511.0886247,6,-2,-37
1759482511.1266248,4,0,-38
1759482511.1646247,1,-1,-39
1759482511.2006247,3,0,-35
1759482511.2386248,1,2,-40
1759482511.276625,2,-4,-39
1759482511.3146248,-2,0,-40
1759482511.3506248,-4,-9,-38
1759482511.388625,-2,-4,-32
1759482511.4266248,-5,-2,-37
1759482511.4656248,-2,3,-29
1759482511.5016248,5,4,-38
1759482511.5396247,1,2,-41
1759482511.5776248,2,-2,-42
1759482511.6166248,-4,-10,-30
1759482511.6546247,-2,-4,-45
1759482511.6916249,0,-8,-44
1759482511.7296247,-3,-4,-34
1759482511.7666247,-1,-1,-36
1759482511.8056247,-2,0,-39
1759482511.8416247,-7,0,-33
1759482511.8796248,-6,0,-41
1759482511.9186249,-2,-2,-43
1759482511.9566247,7,-2,-40
1759482511.9946249,4,-6,-39
1759482512.0306249,-1,-6,-45
1759482512.0686247,8,-11,-45
1759482512.1066248,5,-8,-33
1759482512.1456249,0,0,-39
1759482512.181625,2,3,-43
1759482512.2186248,-2,2,-38
1759482512.2566247,-1,-5,-39
1759482512.2956247,7,-3,-35
1759482512.3316247,6,-6,-39
1759482512.3696249,-2,-1,-33
1759482512.4076247,-2,-7,-39
1759482512.4466248,-6,1,-41
1759482512.4826248,-6,-3,-35
1759482512.5216248,-1,-7,-31
1759482512.5586247,-2,-1,-33
1759482512.5966249,-6,2,-40
1759482512.635625,-4,1,-46
1759482512.671625,-2,-3,-39
1759482512.7106247,-2,1,-23
1759482512.7476249,5,5,-30
1759482512.786625,-1,5,-27
1759482512.8226247,0,-3,-34
1759482512.8616247,-2,-1,-46
1759482512.8996248,-5,-2,-41
1759482512.9376247,-1,-1,-42
1759482512.9756248,-3,0,-45
1759482513.0116248,1,3,-44
1759482513.0496247,5,-6,-38
1759482513.0876248,-2,-4,-44
1759482513.125625,2,4,-48
1759482513.161625,-5,4,-44
1759482513.1996248,0,5,-43
1759482513.237625,3,0,-35
1759482513.2756248,8,-9,-41
1759482513.3116248,-2,-7,-41
1759482513.3506248,4,0,-38
1759482513.3876247,-4,7,-42
1759482513.4266248,-3,6,-34
1759482513.4626248,0,-2,-40
1759482513.500625,4,-11,-47
1759482513.5376248,7,2,-47
1759482513.5766249,6,10,-46
1759482513.612625,-1,9,-46
1759482513.6506248,2,2,-53
1759482513.6876247,-7,0,-48
1759482513.7266247,0,2,-45
1759482513.7626247,5,-6,-34
1759482513.8006248,4,-2,-40
1759482513.8376248,-4,2,-35
1759482513.8766248,-3,0,-27
1759482513.9126248,-1,5,-31
1759482513.9506247,-3,2,-42
1759482513.987625,1,4,-36
1759482514.026625,0,4,-50
1759482514.0626247,0,1,-49
1759482514.1006248,3,0,-31
1759482514.1376247,-2,2,-45
1759482514.1766248,0,1,-39
1759482514.2126248,10,-2,-39
1759482514.250625,1,-1,-36
1759482514.2876248,-3,4,-31
1759482514.3266249,-2,3,-40
1759482514.362625,8,4,-29
1759482514.3996248,2,1,-30
1759482514.4376247,8,-2,-29
1759482514.4766247,2,5,-34
1759482514.5126247,-2,-1,-22
1759482514.5506248,2,9,-14
1759482514.5966249,1,6,-32
1759482514.6326249,0,9,-36
1759482514.6706247,1,-8,-35
1759482514.7086248,0,-4,-39
1759482514.7466247,-1,-4,-30
1759482514.7826247,-2,-7,-28
1759482514.8206248,-5,0,-35
1759482514.8586247,-7,4,-40
1759482514.8976247,-5,1,-31
1759482514.9336247,6,-2,-28
1759482514.9706247,16,8,-36
1759482515.0086248,6,6,-35
1759482515.0476248,5,1,-32
1759482515.0836248,0,4,-31
1759482515.1216247,-3,-4,-39
1759482515.1606247,2,4,-47
1759482515.1986248,-1,4,-50
1759482515.2366247,0,-4,-29
1759482515.273625,1,-8,-30
1759482515.3106248,-2,-3,-40
1759482515.3496249,-6,7,-55
1759482515.3876247,-3,1,-48
1759482515.4236248,2,-2,-33
1759482515.4606247,9,-1,-44
1759482515.4996247,8,0,-33
1759482515.5376248,-2,5,-41
1759482515.5736248,0,1,-41
1759482515.6106248,-2,1,-35
1759482515.6496248,1,5,-41
1759482515.6876247,-10,0,-50
1759482515.7236247,0,0,-31
1759482515.760625,7,4,-33
1759482515.7996247,1,-4,-25
1759482515.8376248,-5,1,-33
1759482515.8736248,-1,3,-36
1759482515.9106247,1,0,-33
1759482515.9486248,4,2,-30
1759482515.987625,4,12,-29
1759482516.023625,-3,0,-37
1759482516.0616248,-2,-1,-37
1759482516.0996249,1,0,-40
1759482516.138625,7,-2,-40
1759482516.1756248,11,-1,-43
1759482516.2136247,10,-3,-57
1759482516.2516248,7,-1,-45
1759482516.2896247,4,-4,-48
1759482516.3276248,-3,-2,-34
1759482516.3636248,0,2,-37
1759482516.4006248,6,-4,-43
1759482516.4396248,0,2,-38
1759482516.477625,6,1,-40
1759482516.513625,2,1,-36
1759482516.5506248,0,-2,-43
1759482516.589625,3,1,-37
1759482516.6276248,2,0,-48
1759482516.6636248,-3,8,-40
1759482516.7026248,0,0,-45
1759482516.740625,0,-4,-32
1759482516.7786248,-9,6,-26
1759482516.8146248,-8,5,-30
1759482516.852625,-5,0,-38
1759482516.8906248,0,-4,-36
1759482516.9296248,3,1,-43
1759482516.967625,0,0,-30
1759482517.003625,-1,4,-36
1759482517.0416248,0,3,-26
1759482517.0806248,4,0,-34
1759482517.1186247,-1,3,-36
1759482517.1546247,-2,-5,-35
1759482517.1936247,5,-7,-28
1759482517.2316248,3,0,-30
1759482517.2696247,1,-4,-40
1759482517.3056247,6,4,-51
1759482517.342625,-4,3,-43
1759482517.3816247,1,-1,-37
1759482517.4196248,-2,-1,-45
1759482517.4556248,-3,0,-41
1759482517.4936247,1,-2,-34
1759482517.5326247,5,0,-44
1759482517.569625,2,3,-35
1759482517.6086247,6,2,-38
1759482517.6446247,3,0,-39
1759482517.6826248,-1,1,-41
1759482517.7196248,0,-5,-36
1759482517.7586248,1,0,-46
1759482517.7946248,0,3,-42
1759482517.8316247,7,4,-47
1759482517.8706248,3,-2,-46
1759482517.908625,1,-7,-38
1759482517.944625,0,-6,-37
1759482517.9826248,-7,4,-32
1759482518.0206249,-6,2,-18
1759482518.059625,2,-3,-25
1759482518.0956247,-2,0,-34
1759482518.1346247,-8,-1,-54
1759482518.1726248,-3,-4,-54
1759482518.2106247,-4,0,-44
1759482518.2486248,-2,-1,-41
1759482518.2846248,0,-2,-26
1759482518.3216248,0,0,-37
1759482518.3606248,5,1,-42
1759482518.398625,-3,0,-40
1759482518.434625,-5,-2,-28
1759482518.4726248,1,-2,-27
1759482518.510625,2,-5,-34
1759482518.5496247,1,0,-30
1759482518.5856247,3,0,-43
1759482518.6226249,-5,-5,-45
1759482518.6606247,-2,-1,-29
1759482518.6996248,5,-3,-25
1759482518.7356248,6,-3,-39
1759482518.7746248,-6,-4,-35
1759482518.8126247,0,3,-33
1759482518.8506248,7,0,-29
1759482518.888625,4,0,-44
1759482518.9246247,0,5,-32
1759482518.9626248,1,4,-34
1759482519.000625,3,2,-45
1759482519.036625,7,2,-40
1759482519.0746248,-1,-2,-45
1759482519.112625,-2,2,-51
1759482519.1506248,-4,4,-40
1759482519.1866248,-1,2,-31
1759482519.2256248,0,0,-45
1759482519.263625,-5,0,-31
1759482519.3006248,-2,-1,-34
1759482519.339625,-1,5,-37
1759482519.375625,0,3,-38
1759482519.4136248,-3,11,-34
1759482519.4506247,-6,3,-47
1759482519.4896247,0,3,-31
1759482519.5256248,0,0,-28
1759482519.5636249,-1,2,-36
1759482519.6006248,7,-5,-30
1759482519.6396248,5,7,-39
1759482519.6756248,-3,2,-42
1759482519.7136247,2,-3,-29
1759482519.7516248,4,2,-34
1759482519.7906249,6,4,-40
1759482519.8266249,2,3,-45
1759482519.8636248,0,-1,-38
1759482519.9026248,0,-2,-46
1759482519.9406247,-1,-5,-41
1759482519.9766247,-1,-5,-38
1759482520.0146248,-3,0,-25
1759482520.0526247,1,-5,-44
1759482520.0916247,-4,-7,-36
1759482520.1296248,-1,0,-42
1759482520.1656249,1,0,-44
1759482520.2036247,-5,2,-38
1759482520.2416248,-1,3,-42
1759482520.2796247,3,7,-36
1759482520.3156247,1,0,-38
1759482520.352625,6,-5,-42
1759482520.3916247,5,-3,-41
1759482520.4296248,2,4,-30
1759482520.4656248,-3,6,-38
1759482520.5046248,4,1,-30
1759482520.5416248,-3,-1,-50
1759482520.5806248,-3,0,-48
1759482520.6166248,0,7,-50
1759482520.6536248,0,2,-46
1759482520.6916249,0,-4,-43
1759482520.730625,3,3,-32
1759482520.7666247,1,3,-31
1759482520.8036249,3,2,-47
1759482520.8416247,2,4,-44
1759482520.8806248,8,1,-44
1759482520.9166248,10,-8,-31
1759482520.954625,-3,-3,-31
1759482520.9926248,-7,0,-40
1759482521.0316248,0,2,-42
1759482521.0676248,0,0,-37
1759482521.1046247,-2,0,-28
1759482521.1426249,-10,4,-42
1759482521.181625,0,0,-36
1759482521.217625,-2,-6,-42
1759482521.2566247,-4,-5,-37
1759482521.2946248,-7,-4,-34
1759482521.332625,-5,-4,-38
1759482521.3706248,1,-5,-38
1759482521.4066248,4,-2,-43
1759482521.4436247,1,-10,-47
1759482521.4826248,1,-1,-35
1759482521.5206249,5,-5,-39
1759482521.556625,5,-4,-37
1759482521.5936248,-1,-4,-35
1759482521.6326249,0,0,-30
1759482521.6706247,0,4,-38
1759482521.7066247,0,0,-34
1759482521.7446249,-5,-2,-46
1759482521.7826247,-4,3,-47
1759482521.8206248,-3,0,-49
1759482521.8566248,8,-6,-50
1759482521.8936248,3,-4,-35
1759482521.9326248,-1,1,-36
1759482521.9706247,-5,-2,-37
1759482522.0066247,3,0,-37
1759482522.0446248,7,0,-41
1759482522.082625,-1,-2,-37
1759482522.1206248,2,0,-42
1759482522.1566248,-6,0,-51
1759482522.1936247,-8,-1,-47
1759482522.2326248,-1,0,-34
1759482522.2706249,-5,4,-34
1759482522.306625,-6,3,-47
1759482522.3436248,2,-3,-40
1759482522.3826249,-7,0,-48
1759482522.4206247,3,5,-49
1759482522.4566247,-1,0,-44
1759482522.4946249,0,-5,-35
1759482522.5326247,1,0,-46
1759482522.5716248,-6,0,-47
1759482522.6076248,-5,0,-40
1759482522.6456249,0,5,-42
1759482522.684625,1,-1,-38
1759482522.7226248,8,1,-38
1759482522.7586248,-2,4,-32
1759482522.796625,-3,-1,-28
1759482522.8346248,-2,-5,-32
1759482522.8726249,0,-8,-40
1759482522.911625,0,-2,-35
1759482522.9476247,4,-7,-38
1759482522.9856248,3,-4,-42
1759482523.0226247,4,-2,-34
1759482523.0616248,-1,0,-33
1759482523.0976248,-2,1,-45
1759482523.135625,3,-3,-45
1759482523.1736248,9,-8,-34
1759482523.2116249,6,-4,-43
1759482523.2476249,7,-8,-48
1759482523.2856247,5,-2,-41
1759482523.3236248,5,4,-43
1759482523.3616247,-2,1,-45
1759482523.3976247,2,-8,-37
1759482523.4356248,4,-1,-37
1759482523.4736247,-1,2,-41
1759482523.5116248,4,8,-35
1759482523.5476248,8,7,-37
1759482523.5856247,1,0,-47
1759482523.6236248,0,1,-45
1759482523.661625,1,1,-43
1759482523.6976247,2,1,-42
1759482523.7356248,1,1,-33
1759482523.773625,-1,-8,-45
1759482523.8116248,-6,4,-40
1759482523.8476248,-5,1,-36
1759482523.885625,4,-7,-39
1759482523.9236248,-4,-8,-35
1759482523.9616249,-2,4,-44
1759482523.9976249,0,4,-35
1759482524.0346248,-1,-3,-41
1759482524.0736248,-8,-1,-40
1759482524.1116247,1,0,-51
1759482524.1476247,6,-10,-51
1759482524.184625,-1,-9,-36
1759482524.2236247,-3,-3,-39
1759482524.2616248,-4,-1,-37
1759482524.2976248,0,-7,-28
1759482524.3366249,-6,-2,-36
1759482524.3736248,-11,1,-37
1759482524.4126248,1,0,-44
1759482524.4486248,2,-5,-38
1759482524.4866247,2,1,-49
1759482524.5256248,0,4,-46
1759482524.5636249,-4,4,-40
1759482524.6086247,2,2,-41
1759482524.6466248,1,0,-30
1759482524.684625,0,-3,-40
1759482524.7226248,0,3,-49
1759482524.7586248,1,-1,-49
1759482524.796625,-1,0,-32
1759482524.8346248,0,0,-42
1759482524.8736248,0,-2,-50
1759482524.9096248,3,-7,-52
1759482524.9476247,3,-4,-48
1759482524.9866247,0,2,-42
1759482525.0246248,0,6,-39
1759482525.0626247,2,2,-38
1759482525.0986247,1,3,-43
1759482525.1366248,0,5,-41
1759482525.1746247,2,-4,-47
1759482525.2126248,-4,5,-40
1759482525.2486248,9,0,-44
1759482525.2856247,2,0,-32
1759482525.3246248,0,0,-27
1759482525.362625,0,1,-35
1759482525.398625,4,1,-37
1759482525.4356248,0,-2,-54
1759482525.4746249,0,8,-45
1759482525.5126247,4,-1,-35
1759482525.5486248,0,-7,-29
1759482525.5856247,-3,-6,-39
1759482525.6246247,-10,0,-37
1759482525.6626248,-2,-3,-44
1759482525.6986248,2,-1,-42
1759482525.7366247,5,2,-42
1759482525.7756248,-1,-1,-44
1759482525.8136249,3,-2,-29
1759482525.8496249,-5,-4,-36
1759482525.8876247,-5,1,-34
1759482525.9256248,1,-3,-30
1759482525.964625,4,-2,-39
1759482526.000625,1,-6,-33
1759482526.0396247,-3,0,-41
1759482526.0776248,-1,1,-39
1759482526.115625,0,1,-26
1759482526.1536248,4,-2,-32
1759482526.1896248,0,-2,-40
1759482526.227625,2,1,-34
1759482526.2666247,5,-8,-50
1759482526.3046248,14,-1,-43
1759482526.3406248,9,-4,-37
1759482526.378625,2,4,-23
1759482526.4166248,-2,4,-34
1759482526.4556248,-3,3,-33
1759482526.4936247,-7,-1,-35
1759482526.5296247,-3,3,-38
1759482526.5666249,-4,0,-33
1759482526.6046247,11,0,-34
1759482526.6436248,6,1,-33
1759482526.6796248,7,-2,-29
1759482526.7166247,3,-6,-35
1759482526.7556248,5,0,-36
1759482526.7936249,-13,-5,-44
1759482526.829625,-5,-7,-36
1759482526.8676248,-1,-9,-47
1759482526.9056249,3,-2,-63
1759482526.944625,-3,6,-38
1759482526.980625,-6,0,-43
1759482527.0196247,-8,-3,-39
1759482527.056625,-4,0,-44
1759482527.0956247,-2,0,-33
1759482527.1336248,-2,5,-41
1759482527.1696248,0,0,-45
1759482527.2066247,5,1,-35
1759482527.2456248,8,-1,-38
1759482527.283625,3,-1,-34
1759482527.319625,-7,-4,-33
1759482527.3576248,-3,0,-39
1759482527.3956249,-1,1,-35
1759482527.434625,-1,3,-34
1759482527.4706247,1,-1,-37
1759482527.5086248,5,-1,-45
1759482527.5476248,3,2,-35
1759482527.5856247,0,0,-35
1759482527.6236248,2,0,-33
1759482527.6606247,2,2,-36
1759482527.6986248,-2,-7,-44
1759482527.7356248,-7,-7,-38
1759482527.7746248,0,-3,-38
1759482527.8106248,-3,7,-40
1759482527.8486247,0,1,-38
1759482527.8876247,-2,-4,-36
1759482527.9256248,5,2,-26
1759482527.9616249,6,0,-36
1759482527.9986248,7,-1,-37
1759482528.036625,4,2,-37
1759482528.0756247,2,-3,-31
1759482528.1116247,-2,-3,-30
1759482528.1496248,0,1,-40
1759482528.1886249,-8,-2,-58
1759482528.2256248,-5,-3,-54
1759482528.2646248,-1,-6,-50
1759482528.3006248,-2,-1,-38
1759482528.339625,-10,-1,-37
1759482528.3776248,-9,4,-29
1759482528.4156249,-7,-1,-33
1759482528.4516249,-6,0,-48
1759482528.4886248,-4,-6,-47
1759482528.5276248,6,-1,-42
1759482528.5656247,4,0,-42
1759482528.6016247,6,-3,-44
1759482528.6406248,1,-1,-41
1759482528.6776247,1,4,-41
1759482528.7166247,4,-6,-34
1759482528.7546248,8,-2,-28
1759482528.7906249,5,0,-32
1759482528.8276248,1,1,-33
1759482528.8666248,10,4,-31
1759482528.9046247,1,3,-32
1759482528.9406247,1,1,-35
1759482528.977625,1,1,-37
1759482529.0166247,2,2,-37
1759482529.0546248,3,-3,-43
1759482529.0906248,2,-7,-36
1759482529.1296248,3,-3,-30
1759482529.1676247,-2,-4,-29
1759482529.2056248,0,-3,-31
1759482529.2416248,1,-9,-36
1759482529.2806249,3,-8,-32
1759482529.3176248,3,1,-40
1759482529.3566248,8,4,-34
1759482529.3946247,10,-1,-36
1759482529.4306247,1,-1,-44
1759482529.4696248,2,-2,-55
1759482529.5066247,3,-5,-41
1759482529.5456247,2,-2,-27
1759482529.5816247,-1,-2,-44
1759482529.6196249,-4,-1,-44
1759482529.6576247,-5,3,-37
1759482529.6966248,0,4,-36
1759482529.7326248,0,-1,-36
1759482529.7696247,2,-1,-44
1759482529.8076248,1,7,-40
1759482529.8466249,0,0,-51
1759482529.8826249,1,1,-47
1759482529.9196248,0,2,-40
1759482529.9586248,2,0,-42
1759482529.9966247,-4,6,-31
1759482530.033625,-3,5,-28
1759482530.0706248,1,-2,-35
1759482530.1096249,8,0,-31
1759482530.1466248,0,-1,-34
1759482530.1856248,0,-1,-46
1759482530.2226248,0,0,-36
1759482530.2596247,7,1,-32
1759482530.2976248,1,1,-35
1759482530.3366249,6,0,-35
1759482530.3726249,2,-3,-38
1759482530.4096248,-2,0,-41
1759482530.4486248,-4,-2,-44
1759482530.4866247,3,-3,-34
1759482530.5226247,1,0,-33
1759482530.559625,4,4,-44
1759482530.5986247,-8,2,-33
1759482530.6366248,-4,0,-47
1759482530.6726248,-1,-1,-39
1759482530.7116249,5,2,-34
1759482530.7496247,9,3,-32
1759482530.7876248,0,4,-27
1759482530.8256247,0,5,-32
1759482530.8616247,3,7,-30
1759482530.8996248,2,0,-37
1759482530.9376247,-9,3,-37
1759482530.9756248,-5,0,-39
1759482531.0116248,2,0,-37
1759482531.0496247,1,4,-41
1759482531.0876248,-5,2,-41
1759482531.125625,-6,1,-36
1759482531.1626248,-7,3,-45
1759482531.2006247,-4,4,-40
1759482531.2386248,-4,-2,-28
1759482531.276625,0,0,-39
1759482531.3126247,1,1,-39
1759482531.3496249,-3,0,-39
1759482531.388625,0,0,-35
1759482531.4266248,-5,-4,-36
1759482531.4626248,0,2,-42
1759482531.4996247,-1,-2,-43
1759482531.5376248,0,1,-50
1759482531.5766249,-6,0,-46
1759482531.612625,-6,0,-40
1759482531.6496248,0,2,-41
1759482531.6876247,5,4,-38
1759482531.7266247,6,2,-39
1759482531.7626247,0,4,-47
1759482531.7996247,-4,0,-45
1759482531.8376248,1,-2,-38
1759482531.8766248,-2,-1,-42
1759482531.9126248,3,-1,-34
1759482531.9496248,0,-2,-39
1759482531.9886248,0,0,-31
1759482532.026625,-6,0,-41
1759482532.0626247,3,2,-40
1759482532.0996249,-3,0,-34
1759482532.138625,4,5,-35
1759482532.1766248,2,0,-38
1759482532.2126248,4,-3,-47
1759482532.2496247,-2,2,-43
1759482532.2886248,2,1,-48
1759482532.3266249,2,2,-36
1759482532.362625,-2,-6,-50
1759482532.4006248,6,-2,-48
1759482532.4386249,2,0,-41
1759482532.477625,-1,1,-43
1759482532.5146248,-7,2,-34
1759482532.5526247,0,2,-37
1759482532.5906248,3,5,-42
1759482532.628625,0,1,-39
1759482532.6666248,4,4,-36
1759482532.7026248,6,-2,-40
1759482532.740625,0,2,-33
1759482532.7786248,0,0,-40
1759482532.8176248,1,-4,-41
1759482532.8536248,1,-2,-44
1759482532.8906248,0,-4,-47
1759482532.9286249,2,-4,-33
1759482532.967625,3,-2,-32
1759482533.003625,0,3,-35
1759482533.0406249,7,0,-35
1759482533.0786247,5,4,-31
1759482533.1176248,0,0,-31
1759482533.1536248,-7,0,-36
1759482533.1916249,-6,0,-49
1759482533.230625,-6,2,-48
1759482533.2686248,-1,-7,-37
1759482533.3046248,7,-1,-34
1759482533.3416247,6,4,-41
1759482533.3796248,2,1,-38
1759482533.4186249,0,6,-35
1759482533.454625,0,4,-37
1759482533.4916248,-2,8,-47
1759482533.5296247,-6,5,-50
1759482533.5686247,3,1,-39
1759482533.605625,6,-4,-43
1759482533.6426249,5,2,-41
1759482533.681625,4,5,-40
1759482533.7196248,-1,-1,-37
1759482533.7576249,0,1,-38
1759482533.7946248,-3,-3,-39
1759482533.8316247,0,4,-46
1759482533.8696249,-1,4,-35
1759482533.908625,-3,-2,-34
1759482533.944625,-3,0,-41
1759482533.9816248,-3,5,-48
1759482534.0196247,0,0,-48
1759482534.0586247,-3,-1,-38
1759482534.0946248,0,3,-40
1759482534.1326249,-1,0,-44
1759482534.1696248,-4,-1,-48
1759482534.2086248,1,-3,-33
1759482534.2446249,2,-1,-33
1759482534.2816248,-2,-2,-48
1759482534.3206248,4,0,-38
1759482534.3586247,0,4,-30
1759482534.3946247,2,2,-29
1759482534.431625,-1,3,-34
1759482534.4706247,-1,2,-33
1759482534.5086248,-8,0,-39
1759482534.5446248,-3,1,-42
1759482534.582625,-4,0,-39
1759482534.628625,6,0,-43
1759482534.6646247,4,1,-44
1759482534.7036247,2,-2,-44
1759482534.7416248,-2,-3,-31
1759482534.7796247,2,-3,-40
1759482534.8156247,5,-1,-36
1759482534.8536248,11,4,-39
1759482534.8906248,1,1,-44
1759482534.9296248,-2,0,-35
1759482534.9656248,-3,-1,-36
1759482535.003625,-3,1,-29
1759482535.0416248,-6,-10,-32
1759482535.079625,3,1,-38
1759482535.1186247,5,-2,-34
1759482535.1546247,3,-1,-37
1759482535.1936247,-2,-5,-43
1759482535.230625,-5,0,-30
1759482535.2696247,-6,-2,-35
1759482535.3056247,0,-2,-43
1759482535.3436248,-9,0,-38
1759482535.3806248,-5,0,-35
1759482535.4196248,-2,3,-44
1759482535.4556248,-1,0,-51
1759482535.4936247,5,1,-45
1759482535.5316248,-1,-2,-42
1759482535.5706248,1,3,-42
1759482535.6086247,-1,4,-42
1759482535.6456249,-5,0,-42
1759482535.6826248,-4,0,-40
1759482535.7206247,0,-3,-37
1759482535.7596247,4,2,-40
1759482535.7956247,4,0,-28
1759482535.8336248,0,-1,-37
1759482535.8716247,-1,-5,-38
1759482535.9096248,-10,0,-42
1759482535.9456248,-1,4,-32
1759482535.9836247,6,5,-37
1759482536.0216248,-4,0,-35
1759482536.0606248,-2,6,-35
1759482536.0986247,1,-3,-30
1759482536.1346247,-2,4,-42
1759482536.1736248,7,-1,-36
1759482536.2106247,3,7,-30
1759482536.2496247,5,8,-33
1759482536.2856247,1,0,-31
1759482536.3246248,-3,2,-39
1759482536.362625,1,2,-42
1759482536.4006248,-3,0,-34
1759482536.4366248,0,2,-29
1759482536.4746249,-2,0,-33
1759482536.5126247,-6,0,-39
1759482536.5506248,1,1,-40
1759482536.5876248,7,-1,-34
1759482536.625625,7,-3,-38
1759482536.6626248,-5,1,-31
1759482536.7016249,-1,-4,-37
1759482536.7396247,-4,2,-47
1759482536.7756248,2,-6,-44
1759482536.8126247,0,-10,-52
1759482536.8506248,1,-9,-39
1759482536.8896248,1,-7,-48
1759482536.9256248,-2,2,-42
1759482536.9626248,-9,2,-38
1759482537.0016248,-3,0,-42
1759482537.0396247,-1,-1,-35
1759482537.0756247,-3,0,-27
1759482537.112625,0,-2,-31
1759482537.151625,-6,-2,-31
1759482537.1896248,0,0,-38
1759482537.2256248,0,-1,-28
1759482537.2626247,-5,-2,-35
1759482537.3016248,-3,0,-39
1759482537.339625,-5,3,-37
1759482537.375625,-5,0,-40
1759482537.4136248,0,0,-43
1759482537.4516249,1,-3,-43
1759482537.4896247,2,1,-38
1759482537.5256248,-3,2,-43
1759482537.5626247,5,0,-41
1759482537.6016247,1,3,-34
1759482537.6396248,4,1,-43
1759482537.6756248,5,0,-50
1759482537.7136247,3,-1,-46
1759482537.7516248,-2,6,-48
1759482537.7896247,-5,0,-34
1759482537.8256247,-8,-2,-30
1759482537.8636248,2,3,-33
1759482537.901625,1,-3,-35
1759482537.9406247,1,2,-42
1759482537.9766247,8,7,-38
1759482538.013625,8,0,-43
1759482538.0516248,6,3,-42
1759482538.0906248,0,0,-46
1759482538.1276248,1,2,-55
1759482538.1656249,-4,5,-49
1759482538.2036247,-1,0,-46
1759482538.2416248,0,-1,-54
1759482538.2776248,3,-5,-52
1759482538.3156247,0,0,-50
1759482538.3536248,5,-3,-41
1759482538.3916247,8,2,-48
1759482538.4276247,0,0,-43
1759482538.464625,7,6,-42
1759482538.503625,3,-3,-49
1759482538.5416248,4,-1,-31
1759482538.5776248,4,2,-34
1759482538.6146247,4,0,-41
1759482538.6536248,7,-1,-39
1759482538.6916249,9,-1,-38
1759482538.727625,3,-2,-30
1759482538.7646248,0,-2,-29
1759482538.8036249,0,-4,-44
1759482538.842625,-5,0,-26
1759482538.8806248,-5,-7,-29
1759482538.9166248,-9,0,-36
1759482538.9536247,0,-3,-31
1759482538.9926248,-1,-4,-33
1759482539.0306249,2,-2,-45
1759482539.0666249,-2,-3,-35
1759482539.1046247,-5,2,-50
1759482539.1436248,2,3,-42
1759482539.181625,7,3,-38
1759482539.217625,-2,4,-31
1759482539.2556248,-7,0,-40
1759482539.2946248,2,-2,-33
1759482539.332625,-7,-4,-42
1759482539.3706248,-2,-3,-40
1759482539.4066248,7,-5,-38
1759482539.444625,3,-1,-39
1759482539.4826248,-1,7,-35
1759482539.5216248,-1,12,-36
1759482539.5576248,-1,6,-37
1759482539.5956247,2,-1,-39
1759482539.6346247,1,5,-39
1759482539.6726248,11,1,-43
1759482539.7106247,1,-5,-52
1759482539.7466247,-9,-5,-51
1759482539.7846248,-2,-6,-36
1759482539.8236248,-8,-7,-41
1759482539.8616247,-2,0,-42
1759482539.8976247,0,0,-41
1759482539.934625,-6,1,-38
1759482539.9736247,-1,1,-39
1759482540.0116248,0,4,-36
1759482540.0476248,1,0,-44
1759482540.0856247,7,-4,-39
1759482540.1236248,-2,-3,-42
1759482540.161625,1,3,-36
1759482540.1976247,1,-1,-40
1759482540.2356248,6,1,-43
1759482540.2746248,0,-2,-43
1759482540.3126247,0,0,-37
1759482540.3486247,0,-2,-38
1759482540.385625,0,-3,-35
1759482540.4236248,2,-7,-30
1759482540.4626248,-7,-1,-45
1759482540.4986248,-4,-1,-41
1759482540.536625,4,2,-30
1759482540.5746248,-1,1,-47
1759482540.6136248,3,-1,-36
1759482540.651625,3,1,-39
1759482540.6876247,5,0,-42
1759482540.7246249,1,6,-35
1759482540.763625,1,4,-39
1759482540.8016248,4,0,-36
1759482540.8376248,-3,0,-42
1759482540.8746247,2,2,-35
1759482540.9136248,0,-1,-45
1759482540.9516249,0,0,-42
1759482540.987625,1,-5,-37
1759482541.026625,0,-1,-33
1759482541.0636249,0,-2,-34
1759482541.102625,-3,-1,-41
1759482541.138625,3,-4,-38
1759482541.1766248,10,-3,-40
1759482541.214625,4,-3,-44
1759482541.253625,12,-5,-38
1759482541.2916248,-2,-2,-38
1759482541.3276248,-2,-2,-40
1759482541.365625,-1,4,-43
1759482541.4046247,0,1,-39
1759482541.4426248,5,4,-39
1759482541.4786248,-2,-5,-43
1759482541.5166247,-3,0,-49
1759482541.5556247,3,-5,-33
1759482541.5936248,1,-1,-32
1759482541.6296248,3,1,-36
1759482541.6666248,4,4,-45
1759482541.7056248,4,5,-44
1759482541.7436247,7,-3,-30
1759482541.7796247,1,4,-43
1759482541.8176248,5,2,-56
1759482541.8546247,4,0,-40
1759482541.8936248,3,2,-31
1759482541.9296248,5,-4,-45
1759482541.967625,1,2,-48
1759482542.0056248,5,5,-37
1759482542.0436249,0,6,-27
1759482542.079625,8,1,-38
1759482542.1176248,2,-2,-37
1759482542.1556249,3,3,-39
1759482542.1936247,2,-1,-43
1759482542.230625,2,1,-37
1759482542.2676249,6,-1,-36
1759482542.3056247,1,4,-33
1759482542.3446248,0,2,-40
1759482542.3826249,5,0,-43
1759482542.4186249,0,0,-42
1759482542.4556248,-10,2,-38
1759482542.4946249,-4,4,-44
1759482542.5326247,0,5,-36
1759482542.5686247,0,2,-34
1759482542.605625,2,10,-32
1759482542.6446247,-6,4,-30
1759482542.6826248,0,1,-34
1759482542.7186248,-4,3,-40
1759482542.7556248,3,2,-36
1759482542.7946248,1,3,-39
1759482542.832625,1,-2,-47
1759482542.8686247,2,-1,-40
1759482542.9066248,-9,1,-50
1759482542.9456248,-6,3,-42
1759482542.9836247,-8,-5,-40
1759482543.0196247,-11,-3,-33
1759482543.0586247,0,0,-39
1759482543.0966249,2,1,-34
1759482543.1346247,2,-6,-43
1759482543.1726248,-4,-2,-40
1759482543.2086248,-2,2,-47
1759482543.2466247,-4,-1,-45
1759482543.2846248,-2,0,-44
1759482543.3226247,1,1,-48
1759482543.3586247,2,1,-47
1759482543.3966248,1,-2,-56
1759482543.434625,4,0,-62
1759482543.4706247,0,1,-45
1759482543.5076249,3,9,-35
1759482543.546625,2,0,-39
1759482543.5846248,0,0,-45
1759482543.6206248,-5,-4,-40
1759482543.658625,-8,0,-40
1759482543.6976247,2,0,-47
1759482543.7346249,2,0,-39
1759482543.773625,0,0,-32
1759482543.809625,0,0,-32
1759482543.8466249,7,-5,-40
1759482543.8846247,0,-12,-28
1759482543.9236248,8,0,-39
1759482543.9596248,2,-1,-30
1759482543.9976249,-1,1,-44
1759482544.0356247,1,0,-42
1759482544.0746248,0,3,-38
1759482544.1106248,-3,-1,-43
1759482544.1496248,-2,1,-37
1759482544.1876247,0,0,-40
1759482544.2256248,-3,-5,-38
1759482544.263625,5,1,-31
1759482544.2996247,3,2,-32
1759482544.3376248,3,6,-37
1759482544.375625,3,1,-45
1759482544.4136248,0,6,-43
1759482544.4496248,-6,0,-49
1759482544.487625,-2,0,-45
1759482544.5256248,-2,-1,-41
1759482544.5636249,-8,1,-43
1759482544.5996249,-7,0,-53
1759482544.6456249,4,-5,-36
1759482544.6836247,3,-1,-30
1759482544.7206247,7,-1,-37
1759482544.7576249,1,4,-33
1759482544.7956247,-2,-1,-42
1759482544.8346248,-2,-3,-49
1759482544.8706248,0,3,-47
1759482544.908625,3,-3,-39
1759482544.9456248,2,-1,-30
1759482544.9846249,4,-2,-42
1759482545.0206249,3,0,-36
1759482545.0576248,4,10,-31
1759482545.0956247,0,4,-38
1759482545.1346247,3,0,-40
1759482545.1706247,0,4,-38
1759482545.207625,0,2,-41
1759482545.2456248,0,2,-34
1759482545.2846248,-1,5,-34
1759482545.3206248,-4,0,-36
1759482545.3586247,0,-1,-42
1759482545.3976247,7,0,-40
1759482545.4356248,0,0,-43
1759482545.4716249,-5,-3,-34
1759482545.510625,-5,-1,-40
1759482545.5476248,0,1,-40
1759482545.5856247,2,1,-30
1759482545.6246247,-1,7,-28
1759482545.6606247,6,3,-35
1759482545.6986248,8,3,-38
1759482545.7366247,6,1,-46
1759482545.7746248,9,0,-49
1759482545.8106248,4,-5,-39
1759482545.8486247,-4,3,-41
1759482545.8866248,-12,1,-37
1759482545.9256248,-6,1,-38
1759482545.9616249,1,-7,-43
1759482545.9986248,-3,-4,-34
1759482546.036625,2,2,-35
1759482546.0756247,-1,1,-43
1759482546.1116247,-5,-2,-44
1759482546.1496248,2,1,-38
1759482546.1886249,1,0,-47
1759482546.2266247,4,0,-50
1759482546.2646248,2,1,-37
1759482546.3016248,0,2,-33
1759482546.339625,-1,1,-40
1759482546.3766248,-1,-2,-42
1759482546.4156249,3,0,-36
1759482546.4526248,-2,-4,-44
1759482546.4896247,-11,-2,-37
1759482546.5286248,-5,-9,-51
1759482546.5666249,6,2,-43
1759482546.6046247,0,-3,-36
1759482546.6406248,0,5,-28
1759482546.6776247,0,4,-35
1759482546.7166247,2,-1,-30
1759482546.7546248,0,-2,-40
1759482546.7906249,3,-4,-35
1759482546.8286247,-1,-4,-37
1759482546.8666248,-3,0,-54
1759482546.9026248,-9,3,-53
1759482546.9396248,-2,-8,-45
1759482546.977625,5,-9,-47
1759482547.0166247,-7,-2,-30
1759482547.0526247,0,-3,-33
1759482547.089625,0,-8,-36
1759482547.1276248,0,-4,-39
1759482547.1666248,-1,-8,-42
1759482547.2026248,0,-8,-44
1759482547.240625,0,-6,-37
1759482547.2776248,-3,-1,-44
1759482547.3166249,-4,0,-39
1759482547.352625,-7,-2,-37
1759482547.3906248,-3,-4,-30
1759482547.4286249,1,-6,-45
1759482547.467625,-3,-3,-45
1759482547.5056248,0,3,-52
1759482547.5416248,4,4,-43
1759482547.579625,1,7,-36
1759482547.6186247,5,8,-38
1759482547.6566248,4,1,-39
1759482547.6926248,-1,0,-41
1759482547.7296247,3,0,-46
1759482547.7686248,-8,2,-31
1759482547.806625,-7,6,-43
1759482547.842625,-1,1,-40
1759482547.8816247,3,0,-46
1759482547.9186249,-2,-2,-42
1759482547.957625,-6,0,-45
1759482547.9956248,4,0,-47
1759482548.0316248,9,2,-41
1759482548.0686247,3,5,-39
1759482548.1076248,2,-2,-33
1759482548.1456249,3,0,-23
1759482548.181625,4,-3,-27
1759482548.2196248,-5,-3,-37
1759482548.2576249,3,1,-47
1759482548.2956247,0,-1,-39
1759482548.3316247,3,-1,-48
1759482548.3686247,-2,-2,-49
1759482548.4076247,3,-4,-37
1759482548.4456248,0,0,-34
1759482548.4816248,3,3,-34
1759482548.5196247,6,1,-26
1759482548.5576248,3,0,-33
1759482548.5936248,0,-2,-44
1759482548.6316247,-1,-9,-37
1759482548.6696248,-11,0,-41
1759482548.707625,-6,1,-45
1759482548.7466247,-11,0,-37
1759482548.7826247,-2,0,-33
1759482548.8216248,4,3,-51
1759482548.8586247,-6,8,-38
1759482548.8976247,-5,9,-36
1759482548.9336247,-4,4,-41
1759482548.9716249,-2,-2,-31
1759482549.010625,0,-7,-38
1759482549.0476248,1,-6,-40
1759482549.0866249,0,-6,-42
1759482549.1226249,3,-4,-50
1759482549.1596248,-7,2,-50
1759482549.1986248,0,0,-55
1759482549.2366247,1,-3,-44
1759482549.2726247,3,-4,-46
1759482549.309625,-1,-4,-45
1759482549.3486247,0,5,-38
1759482549.3866248,-1,2,-38
1759482549.4226248,0,-5,-44
1759482549.4606247,0,0,-35
1759482549.4986248,-5,0,-43
1759482549.5376248,0,5,-36
1759482549.5736248,2,0,-40
1759482549.6116247,6,0,-33
1759482549.6506248,0,-9,-29
1759482549.6886249,-9,-4,-42
1759482549.7266247,-7,-1,-37
1759482549.7626247,-1,2,-50
1759482549.8006248,0,10,-46
1759482549.8386247,8,-4,-40
1759482549.8766248,-1,-1,-37
1759482549.9126248,0,-7,-46
1759482549.9506247,3,0,-49
1759482549.9886248,-3,1,-51
1759482550.026625,-2,1,-42
1759482550.0626247,1,3,-42
1759482550.1006248,5,-1,-29
1759482550.138625,-1,4,-40
1759482550.1766248,-1,-1,-43
1759482550.2126248,-4,-5,-46
1759482550.2516248,4,-5,-32
1759482550.2886248,-2,0,-34
1759482550.3276248,-1,0,-35
1759482550.3636248,-2,-1,-37
1759482550.401625,-6,-4,-27
1759482550.4396248,-3,-8,-41
1759482550.4786248,-4,1,-41
1759482550.5146248,3,0,-43
1759482550.5536249,-1,-3,-41
1759482550.5906248,1,-6,-46
1759482550.6296248,4,-5,-29
1759482550.6676247,0,-2,-26
1759482550.7036247,4,1,-24
1759482550.7416248,0,6,-24
1759482550.7796247,-2,2,-46
1759482550.8176248,6,7,-49
1759482550.8536248,3,5,-44
1759482550.8916247,2,1,-49
1759482550.9296248,2,0,-46
1759482550.967625,6,2,-42
1759482551.003625,8,6,-42
1759482551.0416248,4,7,-37
1759482551.079625,2,4,-37
1759482551.1176248,9,-1,-39
1759482551.1536248,4,3,-38
1759482551.1906247,5,-5,-29
1759482551.2296247,5,-2,-37
1759482551.2676249,-2,-2,-34
1759482551.3036249,2,-1,-45
1759482551.342625,0,0,-48
1759482551.3796248,1,6,-47
1759482551.4186249,-7,2,-47
1759482551.454625,-9,0,-36
1759482551.4926248,-2,0,-46
1759482551.5296247,0,-3,-49
1759482551.5686247,-7,-8,-44
1759482551.6046247,-3,-1,-41
1759482551.6436248,0,-3,-53
1759482551.6806247,0,-4,-41
1759482551.7196248,0,-3,-48
1759482551.7576249,-4,0,-35
1759482551.7936249,-7,-4,-33
1759482551.8316247,0,6,-34
1759482551.8696249,0,1,-40
1759482551.908625,-3,5,-52
1759482551.944625,6,5,-38
1759482551.9826248,-1,2,-32
1759482552.0196247,2,-4,-41
1759482552.0586247,0,-3,-54
1759482552.0946248,1,0,-47
1759482552.1316247,3,-3,-45
1759482552.1696248,-1,-3,-43
1759482552.2086248,3,-5,-58
1759482552.2446249,4,-5,-45
1759482552.2826247,1,-5,-36
1759482552.319625,-1,-5,-32
1759482552.3586247,-6,-2,-40
1759482552.3946247,0,0,-40
1759482552.4326248,3,5,-27
1759482552.4706247,-2,0,-41
1759482552.5086248,-5,-1,-41
1759482552.5446248,-4,-4,-34
1759482552.582625,0,-9,-35
1759482552.6206248,-2,-2,-41
1759482552.6596248,-3,-4,-41
1759482552.6956248,2,-2,-36
1759482552.7326248,-4,0,-45
1759482552.7716248,-2,-2,-46
1759482552.809625,-6,-7,-41
1759482552.8456247,-6,-8,-39
1759482552.8836248,-3,-3,-43
1759482552.921625,0,0,-43
1759482552.9606247,5,0,-44
1759482552.9986248,5,-2,-45
1759482553.0346248,1,0,-23
1759482553.0726247,-4,1,-38
1759482553.1106248,-2,3,-52
1759482553.148625,-1,1,-42
1759482553.184625,1,-7,-33
1759482553.2226248,9,0,-40
1759482553.2616248,1,-5,-45
1759482553.2996247,0,-2,-34
1759482553.3356247,-11,-3,-37
1759482553.3746247,-7,0,-45
1759482553.411625,-6,0,-37
1759482553.4506247,-1,0,-45
1759482553.4886248,-4,-6,-35
1759482553.5246248,0,0,-35
1759482553.5616248,-3,0,-38
1759482553.6006248,0,-1,-38
1759482553.638625,-3,0,-35
1759482553.6756248,-1,0,-42
1759482553.7126248,2,-1,-40
1759482553.750625,1,4,-34
1759482553.7896247,-1,3,-35
1759482553.8256247,-9,4,-35
1759482553.8636248,-1,7,-39
1759482553.9026248,-1,-2,-36
1759482553.9406247,0,1,-49
1759482553.9766247,0,4,-41
1759482554.013625,0,1,-26
1759482554.0526247,-5,0,-34
1759482554.0906248,-6,0,-43
1759482554.1266248,-11,0,-44
1759482554.1636248,-5,-6,-37
1759482554.2026248,-7,-4,-40
1759482554.240625,-6,3,-38
1759482554.276625,-8,-1,-45
1759482554.3146248,-1,-6,-38
1759482554.352625,0,-4,-47
1759482554.3906248,-2,-6,-48
1759482554.4296248,-4,1,-41
1759482554.4656248,-6,0,-50
1759482554.5026248,-1,1,-50
1759482554.5416248,1,0,-46
1759482554.579625,-5,4,-36
1759482554.615625,-6,3,-39
1759482554.661625,-2,0,-35
1759482554.6996248,0,6,-32
1759482554.7356248,-3,5,-33
1759482554.773625,1,-3,-40
1759482554.8126247,-2,0,-47
1759482554.8506248,6,6,-49
1759482554.8866248,3,7,-50
1759482554.9246247,-4,9,-34
1759482554.9616249,0,3,-30
1759482555.000625,3,-6,-41
1759482555.036625,2,-6,-43
1759482555.0736248,11,0,-43
1759482555.1116247,5,2,-56
1759482555.1506248,0,8,-48
1759482555.1866248,2,3,-47
1759482555.2246249,-3,1,-50
1759482555.2616248,0,4,-68
1759482555.3006248,-6,2,-48
1759482555.3366249,-8,-2,-45
1759482555.3746247,-3,-6,-42
1759482555.4126248,-3,-3,-35
1759482555.4516249,0,1,-40
1759482555.487625,-4,-3,-38
1759482555.5256248,6,-7,-45
1759482555.5646248,4,-1,-45
1759482555.6016247,8,-3,-36
1759482555.6406248,2,-6,-40
1759482555.6766248,-2,-3,-30
1759482555.714625,1,5,-32
1759482555.7526248,5,3,-41
1759482555.7916248,6,0,-36
1759482555.8276248,3,3,-27
1759482555.8646247,-1,6,-27
1759482555.9026248,1,5,-38
1759482555.9416249,6,0,-39
1759482555.977625,2,2,-46
1759482556.0156248,-1,0,-55
1759482556.0526247,1,-1,-44
1759482556.0916247,4,-5,-43
1759482556.1276248,-1,1,-42
1759482556.1646247,-7,2,-37
1759482556.2026248,-5,2,-35
1759482556.2416248,-2,-7,-30
1759482556.2776248,4,-3,-27
1759482556.3146248,0,-2,-34
1759482556.3536248,4,-1,-32
1759482556.3916247,0,-6,-26
1759482556.4276247,1,-2,-33
1759482556.464625,0,1,-27
1759482556.5026248,2,-3,-38
1759482556.5416248,1,2,-32
1759482556.5776248,4,0,-32
1759482556.6146247,8,-2,-40
1759482556.6526248,-1,-5,-38
1759482556.6916249,-10,-4,-38
1759482556.727625,0,-6,-42
1759482556.7656248,0,1,-31
1759482556.8036249,-2,-3,-37
1759482556.842625,0,2,-45
1759482556.8806248,-4,1,-42
1759482556.9166248,-6,-2,-39
1759482556.954625,0,-3,-45
1759482556.9936247,-2,1,-37
1759482557.0316248,-3,0,-43
1759482557.0676248,-1,-8,-44
1759482557.1066248,3,-1,-38
1759482557.1436248,2,-1,-44
1759482557.1826248,5,-2,-35
1759482557.2206247,3,0,-38
1759482557.2566247,0,0,-27
1759482557.2936249,0,-3,-39
1759482557.332625,0,-11,-40
1759482557.3686247,1,-5,-41
1759482557.4066248,5,1,-44
1759482557.444625,6,0,-43
1759482557.4826248,1,4,-38
1759482557.5216248,-1,4,-51
1759482557.5576248,-2,2,-39
1759482557.5956247,-2,0,-40
1759482557.6346247,-3,0,-37
1759482557.6726248,-1,3,-44
1759482557.7086248,1,1,-30
1759482557.7456248,-6,2,-45
1759482557.7846248,1,4,-45
1759482557.8226247,-1,2,-48
1759482557.8586247,-3,0,-45
1759482557.8966248,3,-4,-34
1759482557.934625,7,2,-37
1759482557.9736247,0,0,-35
1759482558.0116248,-2,-9,-32
1759482558.0476248,1,-3,-38
1759482558.0846248,3,-4,-29
1759482558.1236248,1,-6,-33
1759482558.161625,0,0,-37
1759482558.1976247,0,1,-41
1759482558.2346249,-2,4,-37
1759482558.273625,-3,1,-33
1759482558.3116248,-2,3,-36
1759482558.3476248,-6,3,-30
1759482558.3846247,-3,0,-35
1759482558.4236248,2,0,-43
1759482558.4616249,3,-1,-41
1759482558.4976249,-6,3,-37
1759482558.5346248,-4,-1,-50
1759482558.5736248,-1,3,-43
1759482558.6116247,1,3,-54
1759482558.6476247,1,3,-46
1759482558.684625,0,0,-33
1759482558.7236247,-5,-3,-35
1759482558.7616248,0,0,-37
1759482558.7976248,0,2,-34
1759482558.8346248,-3,1,-40
1759482558.8736248,5,4,-36
1759482558.911625,0,0,-43
1759482558.9476247,1,1,-41
1759482558.9846249,-1,0,-28
1759482559.023625,-4,-3,-39
1759482559.059625,-7,-4,-43
1759482559.0976248,-1,-4,-48
1759482559.135625,6,-10,-35
1759482559.1746247,-4,-11,-35
1759482559.2126248,-1,-7,-30
1759482559.2486248,3,0,-47
1759482559.2856247,1,-5,-35
1759482559.3246248,-1,-6,-29
1759482559.362625,0,1,-27
1759482559.398625,2,-8,-37
1759482559.4356248,-1,0,-43
1759482559.4746249,4,1,-39
1759482559.5126247,3,-1,-38
1759482559.5486248,-2,7,-46
1759482559.5856247,0,6,-32
1759482559.6246247,-3,3,-41
1759482559.6626248,-5,0,-42
1759482559.6986248,-4,-2,-42
1759482559.737625,1,-1,-49
1759482559.7756248,8,-7,-30
1759482559.8136249,2,1,-31
1759482559.8496249,2,-1,-48
1759482559.8866248,0,0,-46
1759482559.9256248,-1,-6,-42
1759482559.9636247,-9,-1,-37
1759482559.9996247,0,-7,-43
1759482560.0386248,8,-2,-41
1759482560.0756247,3,-7,-41
1759482560.1146247,4,0,-31
1759482560.1526248,2,-6,-33
1759482560.1886249,3,-3,-44
1759482560.2256248,5,1,-34
1759482560.2646248,-9,6,-38
1759482560.3026247,-3,2,-42
1759482560.3386247,-6,4,-42
1759482560.375625,-10,2,-53
1759482560.4146247,-3,0,-48
1759482560.4526248,0,-2,-43
1759482560.4886248,8,-4,-35
1759482560.5256248,3,-4,-23
1759482560.5646248,4,-4,-45
1759482560.602625,6,2,-52
1759482560.638625,-1,4,-45
1759482560.6776247,0,-4,-34
1759482560.7156248,2,3,-36
1759482560.753625,7,-2,-33
1759482560.7896247,2,0,-39
1759482560.8276248,4,6,-39
1759482560.865625,3,0,-42
1759482560.9046247,-2,1,-40
1759482560.9406247,-3,2,-44
1759482560.9786248,6,0,-44
1759482561.0156248,5,0,-27
1759482561.0546248,4,-1,-33
1759482561.0906248,1,0,-31
1759482561.128625,1,6,-37
1759482561.1666248,-2,4,-28
1759482561.204625,5,-2,-27
1759482561.240625,1,1,-29
1759482561.2786248,1,0,-28
1759482561.3156247,0,-1,-42
1759482561.3546247,0,-1,-39
1759482561.3906248,-1,0,-46
1759482561.4286249,5,-7,-30
1759482561.4656248,2,0,-28
1759482561.5046248,3,9,-36
1759482561.5406249,0,0,-35
1759482561.5786247,-10,0,-33
1759482561.615625,-6,2,-31
1759482561.6546247,-3,3,-33
1759482561.6906247,-1,2,-38
1759482561.7296247,1,3,-32
1759482561.7666247,-3,-4,-44
1759482561.8056247,-10,-5,-40
1759482561.8436248,-3,-1,-35
1759482561.8796248,1,-1,-40
1759482561.9176247,1,-4,-37
1759482561.9566247,0,0,-40
1759482561.9946249,-4,3,-41
1759482562.0306249,9,2,-41
1759482562.0676248,1,0,-28
1759482562.105625,-1,-3,-50
1759482562.1446247,-1,-9,-34
1759482562.1806247,-1,0,-37
1759482562.217625,0,2,-43
1759482562.2566247,4,-7,-47
1759482562.2946248,-6,-8,-34
1759482562.3306248,6,2,-43
1759482562.3676248,6,4,-32
1759482562.4056249,-1,4,-39
1759482562.444625,2,-4,-42
1759482562.480625,0,1,-46
1759482562.5176249,-3,5,-39
1759482562.5556247,0,1,-51
1759482562.5946248,1,1,-44
1759482562.6306248,0,0,-37
1759482562.6676247,2,-3,-32
1759482562.7056248,-1,-3,-35
1759482562.7446249,-4,-4,-30
1759482562.7806249,-3,6,-30
1759482562.8186247,-1,1,-41
1759482562.855625,3,1,-33
1759482562.8946247,-5,-6,-32
1759482562.9306247,0,-6,-31
1759482562.9686248,0,-3,-27
1759482563.0066247,-2,8,-33
1759482563.0446248,-3,5,-43
1759482563.0806248,-2,5,-42
1759482563.1186247,11,4,-36
1759482563.1566248,5,4,-37
1759482563.194625,1,6,-35
1759482563.230625,5,-2,-42
1759482563.2686248,-3,-3,-38
1759482563.306625,0,0,-43
1759482563.3446248,-2,-4,-47
1759482563.3806248,8,2,-34
1759482563.4186249,8,0,-39
1759482563.4566247,-1,-1,-37
1759482563.4946249,3,-7,-37
1759482563.5306249,3,2,-31
1759482563.5686247,0,0,-41
1759482563.6066248,-3,-2,-33
1759482563.6446247,-3,-2,-31
1759482563.6806247,1,-6,-29
1759482563.717625,2,-3,-35
1759482563.7566247,7,-1,-45
1759482563.7946248,1,-3,-34
1759482563.8306248,6,-2,-32
1759482563.8676248,10,0,-37
1759482563.9066248,0,-3,-40
1759482563.944625,-4,-8,-39
1759482563.980625,0,-4,-38
1759482564.0186248,-2,-1,-39
1759482564.056625,-3,-3,-32
1759482564.0946248,0,0,-46
1759482564.1306248,1,0,-41
1759482564.1676247,0,-1,-39
1759482564.2066247,-12,-4,-48
1759482564.2446249,-6,-2,-46
1759482564.2816248,-1,1,-38
1759482564.319625,-5,1,-38
1759482564.3566248,-10,5,-33
1759482564.3956249,-5,-4,-43
1759482564.431625,-5,-3,-49
1759482564.4706247,-2,2,-35
1759482564.5086248,4,0,-33
1759482564.546625,-1,-2,-32
1759482564.582625,-3,7,-40
1759482564.6196249,-1,0,-37
1759482564.6656249,0,0,-27
1759482564.7026248,-6,-2,-38
1759482564.740625,-7,-5,-31
1759482564.7776248,-5,-2,-31
1759482564.8166249,-2,6,-44
1759482564.852625,-1,-3,-39
1759482564.8906248,-3,-4,-42
1759482564.9286249,-9,-5,-30
1759482564.967625,-1,1,-37
1759482565.0056248,4,3,-42
1759482565.0416248,1,1,-41
1759482565.0786247,0,-7,-40
1759482565.1176248,-7,-2,-45
1759482565.1556249,-6,0,-43
1759482565.1916249,4,8,-40
1759482565.2286248,2,8,-29
1759482565.2676249,-2,0,-34
1759482565.3056247,-1,0,-40
1759482565.3416247,2,3,-29
1759482565.378625,2,0,-44
1759482565.4176247,-4,2,-32
1759482565.4556248,5,0,-37
1759482565.4916248,9,2,-34
1759482565.5286248,1,-6,-47
1759482565.5676248,-2,-9,-33
1759482565.605625,3,-2,-23
1759482565.6416247,-2,-2,-34
1759482565.6806247,-3,4,-45
1759482565.7186248,-1,4,-43
1759482565.7566247,4,1,-44
1759482565.7926247,-1,1,-39
1759482565.8306248,0,0,-38
1759482565.8696249,-10,-1,-33
1759482565.9076247,-1,-3,-43
1759482565.9456248,-9,0,-38
1759482565.9816248,-6,-5,-41
1759482566.0196247,3,1,-31
1759482566.0576248,-5,11,-38
1759482566.0966249,-1,6,-42
1759482566.1336248,-8,3,-47
1759482566.171625,0,-2,-41
1759482566.2096248,3,-3,-41
1759482566.2476249,4,-2,-44
1759482566.2846248,3,-4,-38
1759482566.3216248,1,-1,-50
1759482566.3596249,7,-5,-38
1759482566.3976247,-3,5,-43
1759482566.4366248,-4,10,-41
1759482566.4726248,3,6,-32
1759482566.5096247,3,1,-18
1759482566.5476248,5,3,-22
1759482566.5866249,6,4,-28
1759482566.6226249,1,-1,-32
1759482566.6596248,-1,1,-40
1759482566.6986248,6,-4,-47
1759482566.7366247,5,4,-40
1759482566.7726247,6,0,-37
1759482566.8106248,7,-3,-34
1759482566.8486247,8,-11,-34
1759482566.8876247,-2,-2,-24
1759482566.9236248,-3,-2,-25
1759482566.9626248,2,-8,-40
1759482566.9996247,-1,3,-36
1759482567.0386248,0,0,-46
1759482567.0766249,-3,-5,-36
1759482567.112625,-4,-2,-38
1759482567.1506248,-4,-3,-35
1759482567.1886249,-4,-1,-39
1759482567.227625,2,-1,-32
1759482567.263625,0,-3,-45
1759482567.3006248,-2,5,-40
1759482567.3386247,0,-2,-45
1759482567.3776248,-3,1,-46
1759482567.4136248,-5,4,-38
1759482567.4516249,5,-2,-50
1759482567.490625,-2,0,-48
1759482567.5286248,-3,-5,-55
1759482567.5666249,1,-3,-41
1759482567.602625,-2,0,-40
1759482567.6416247,-6,-7,-39
1759482567.6786249,-3,1,-42
1759482567.717625,4,-4,-46
1759482567.753625,4,-6,-37
1759482567.7916248,-3,-1,-43
1759482567.8286247,2,3,-47
1759482567.8676248,0,3,-41
1759482567.9036248,-1,-6,-38
1759482567.9426248,-2,0,-38
1759482567.9796247,-1,-3,-38
1759482568.0186248,-2,-7,-44
1759482568.0546248,-1,-5,-41
1759482568.092625,-4,-4,-39
1759482568.1316247,1,-4,-40
1759482568.1686249,-2,3,-36
1759482568.207625,-8,0,-43
1759482568.2436247,-5,-1,-41
1759482568.2816248,0,-9,-29
1759482568.3206248,1,0,-40
1759482568.3586247,-6,-2,-39
1759482568.3946247,-9,0,-39
1759482568.4336247,6,-6,-50
1759482568.4706247,-3,-3,-36
1759482568.5096247,-3,3,-36
1759482568.5476248,-1,-1,-38
1759482568.5836248,-2,-3,-38
1759482568.6216247,-1,-5,-48
1759482568.6596248,-4,-1,-45
1759482568.6986248,-5,1,-24
1759482568.7346249,4,-2,-37
1759482568.7726247,1,2,-43
1759482568.8116248,1,0,-48
1759482568.8496249,2,1,-41
1759482568.8876247,-1,-5,-32
1759482568.9246247,0,6,-41
1759482568.9616249,-1,-1,-33
1759482568.9996247,0,0,-25
1759482569.0386248,1,0,-30
1759482569.0746248,-3,4,-28
1759482569.1116247,-5,-6,-42
1759482569.1506248,-7,-4,-34
1759482569.1886249,0,1,-44
1759482569.2246249,-8,0,-36
1759482569.2626247,-3,0,-30
1759482569.3016248,-1,-3,-36
1759482569.339625,3,3,-37
1759482569.3776248,-3,6,-41
1759482569.4136248,-10,-2,-35
1759482569.4516249,-3,-2,-29
1759482569.490625,2,-4,-32
1759482569.5286248,-1,-3,-25
1759482569.5646248,4,0,-40
1759482569.6016247,8,-1,-47
1759482569.6406248,8,-4,-42
1759482569.6786249,3,1,-33
1759482569.714625,-2,-1,-35
1759482569.753625,7,1,-41
1759482569.7906249,0,1,-38
1759482569.829625,-5,2,-44
1759482569.865625,2,-1,-43
1759482569.9036248,-7,-8,-41
1759482569.9416249,-4,-1,-45
1759482569.9796247,3,1,-56
1759482570.0186248,0,2,-47
1759482570.0546248,-2,2,-40
1759482570.0936248,8,0,-44
1759482570.1316247,1,-3,-40
1759482570.1696248,-4,2,-38
1759482570.2056248,-11,1,-46
1759482570.2436247,0,-1,-44
1759482570.2826247,3,0,-33
1759482570.3206248,0,-1,-43
1759482570.3586247,0,-1,-38
1759482570.3946247,-2,-1,-32
1759482570.4336247,-4,6,-42
1759482570.4706247,-3,-3,-36
1759482570.5096247,5,-7,-36
1759482570.5456247,8,0,-41
1759482570.5836248,0,1,-39
1759482570.6206248,4,3,-46
1759482570.6596248,-2,5,-45
1759482570.6956248,0,0,-36
1759482570.7326248,0,5,-39
1759482570.7706249,-5,2,-36
1759482570.809625,-7,-5,-49
1759482570.8456247,-3,-2,-37
1759482570.8836248,4,0,-32
1759482570.921625,-2,1,-36
1759482570.9606247,0,7,-34
1759482570.9986248,-5,-1,-48
1759482571.0346248,-3,0,-39
1759482571.0716248,2,4,-39
1759482571.1106248,4,1,-49
1759482571.1466248,-3,2,-42
1759482571.184625,4,3,-44
1759482571.2216249,0,6,-34
1759482571.260625,4,4,-34
1759482571.296625,6,5,-37
1759482571.3336248,3,3,-48
1759482571.3716247,1,0,-46
1759482571.4106247,5,1,-55
1759482571.4466248,2,-3,-47
1759482571.4846249,2,0,-40
1759482571.5226247,-8,-2,-43
1759482571.5606248,-1,3,-50
1759482571.5966249,-1,2,-40
1759482571.635625,1,-5,-35
1759482571.6736248,-5,-1,-40
1759482571.7116249,1,0,-30
1759482571.7496247,-1,-1,-39
1759482571.7856247,3,-6,-50
1759482571.8226247,0,1,-31
1759482571.8606248,3,2,-44
1759482571.8996248,3,5,-44
1759482571.9356248,1,-2,-52
1759482571.9746249,0,0,-39
1759482572.0116248,3,0,-47
1759482572.0506248,-1,5,-28
1759482572.0866249,-5,3,-38
1759482572.125625,-3,0,-44
1759482572.1626248,1,-5,-39
1759482572.2016249,0,0,-43
1759482572.2396247,-2,-2,-32
1759482572.2756248,2,-4,-31
1759482572.3126247,0,1,-34
1759482572.3516247,-1,-5,-36
1759482572.3896248,-4,0,-37
1759482572.4256248,-1,0,-38
1759482572.464625,0,-3,-39
1759482572.5016248,-4,-5,-43
1759482572.5406249,-1,3,-44
1759482572.5766249,2,0,-41
1759482572.6146247,5,-1,-39
1759482572.651625,5,-2,-36
1759482572.6906247,0,4,-31
1759482572.7266247,2,4,-23
1759482572.7646248,0,-2,-41
1759482572.8016248,-7,-5,-38
1759482572.8406248,-3,-11,-36
1759482572.8766248,-4,-2,-31
1759482572.9146247,5,2,-31
1759482572.9536247,12,-10,-24
1759482572.9916248,11,-7,-38
1759482573.0276248,6,-7,-33
1759482573.0656247,1,-7,-51
1759482573.1036248,-6,2,-43
1759482573.1426249,-3,5,-39
1759482573.1806247,-4,5,-46
1759482573.2166247,0,0,-47
1759482573.2556248,0,2,-47
1759482573.2926247,-1,2,-45
1759482573.3316247,-11,3,-48
1759482573.3676248,-5,4,-56
1759482573.4056249,-2,0,-35
1759482573.4436247,-2,1,-37
1759482573.4816248,6,1,-38
1759482573.5206249,2,3,-35
1759482573.556625,4,-1,-39
1759482573.5956247,1,0,-24
1759482573.6336248,-3,0,-45
1759482573.671625,2,-3,-47
1759482573.707625,-5,4,-46
1759482573.7456248,-5,0,-38
1759482573.783625,-2,0,-43
1759482573.8216248,1,0,-45
1759482573.8576248,0,-5,-38
1759482573.8966248,-5,-7,-37
1759482573.9336247,0,-4,-40
1759482573.9726248,4,-8,-28
1759482574.010625,1,-7,-38
1759482574.046625,0,-1,-40
1759482574.0846248,-7,-3,-45
1759482574.1226249,-1,-2,-47
1759482574.161625,1,1,-46
1759482574.1976247,-3,-1,-47
1759482574.2366247,-2,-5,-49
1759482574.2746248,0,2,-38
1759482574.3126247,-1,9,-34
1759482574.3506248,6,-3,-35
1759482574.3876247,4,-5,-39
1759482574.4246247,3,4,-43
1759482574.4636247,-1,2,-40
1759482574.5016248,6,3,-39
1759482574.5376248,0,1,-33
1759482574.5756247,0,1,-32
1759482574.6136248,2,-1,-38
1759482574.651625,0,-1,-38
1759482574.6956248,0,2,-36
1759482574.7336247,2,1,-31
1759482574.7716248,-2,0,-41
1759482574.8076248,0,-2,-43
1759482574.8446248,-1,-4,-42
1759482574.8836248,1,-2,-40
1759482574.921625,0,-5,-53
1759482574.957625,0,-1,-43
1759482574.9966247,0,-3,-38
1759482575.033625,6,2,-42
1759482575.0726247,-6,1,-34
1759482575.1086247,-4,5,-38
1759482575.1466248,1,3,-40
1759482575.184625,0,1,-42
1759482575.2226248,-2,-3,-42
1759482575.2616248,-4,1,-38
1759482575.2986248,0,-3,-42
1759482575.3356247,0,-1,-40
1759482575.3736248,0,9,-46
1759482575.4126248,8,9,-50
1759482575.4486248,6,8,-43
1759482575.4856248,5,-1,-36
1759482575.523625,0,6,-44
1759482575.5626247,-3,12,-40
1759482575.5986247,-2,4,-31
1759482575.6366248,-4,2,-38
1759482575.6746247,-2,0,-43
1759482575.7136247,0,2,-38
1759482575.7516248,-4,0,-41
1759482575.7876248,4,0,-32
1759482575.8246248,0,2,-39
1759482575.8636248,11,0,-38
1759482575.901625,5,6,-36
1759482575.9376247,-1,4,-42
1759482575.9746249,-2,1,-38
1759482576.013625,-2,-2,-35
1759482576.0516248,-8,-7,-37
1759482576.0876248,-1,-8,-49
1759482576.125625,6,-1,-37
1759482576.1636248,-1,3,-31
1759482576.2026248,-4,0,-34
1759482576.2386248,4,4,-35
1759482576.2756248,2,2,-28
1759482576.3146248,3,-6,-27
1759482576.352625,-6,4,-27
1759482576.388625,-1,2,-36
1759482576.4266248,3,4,-39
1759482576.4656248,1,-4,-44
1759482576.503625,1,-2,-46
1759482576.5396247,-2,2,-32
1759482576.5786247,-2,-2,-36
1759482576.615625,-9,0,-44
1759482576.6546247,3,2,-44
1759482576.6926248,6,6,-38
1759482576.7286248,8,7,-40
1759482576.7666247,3,4,-27
1759482576.8046248,-3,9,-34
1759482576.8436248,-7,1,-40
1759482576.8806248,-1,-1,-37
1759482576.9176247,-3,-2,-44
1759482576.9566247,0,2,-39
1759482576.9946249,2,-1,-38
1759482577.0326247,-1,2,-39
1759482577.069625,6,2,-45
1759482577.1066248,0,0,-39
1759482577.1446247,-3,-1,-51
1759482577.1836247,0,-3,-44
1759482577.2196248,-1,-1,-28
1759482577.2576249,-10,2,-39
1759482577.2956247,2,3,-45
1759482577.3346248,-2,-3,-42
1759482577.3726249,-3,-7,-41
1759482577.408625,0,2,-28
1759482577.4476247,2,5,-43
1759482577.4856248,-1,-3,-46
1759482577.523625,-3,-3,-37
1759482577.559625,-9,-4,-33
1759482577.5986247,5,-1,-38
1759482577.635625,4,-3,-37
1759482577.6746247,-2,-3,-44
1759482577.7126248,7,-1,-34
1759482577.7486248,9,-4,-37
1759482577.786625,6,0,-31
1759482577.8246248,6,-4,-30
1759482577.8636248,9,0,-36
1759482577.8996248,2,-3,-36
1759482577.9386249,3,-1,-34
1759482577.9766247,11,0,-45
1759482578.0146248,1,3,-52
1759482578.0526247,7,0,-46
1759482578.0886247,2,1,-42
1759482578.125625,0,-1,-32
1759482578.1656249,0,-5,-36
1759482578.2036247,9,-6,-36
1759482578.2396247,2,-3,-32
1759482578.2776248,7,-3,-37
1759482578.3146248,5,1,-32
1759482578.3536248,6,2,-42
1759482578.3896248,0,2,-45
1759482578.4276247,8,-2,-50
1759482578.464625,8,1,-38
1759482578.503625,0,1,-37
1759482578.5396247,-2,1,-27
1759482578.5776248,-7,1,-38
1759482578.6146247,-8,-1,-27
1759482578.6536248,-1,5,-39
1759482578.6896248,-2,-1,-45
1759482578.727625,5,-1,-45
1759482578.7656248,3,-2,-36
1759482578.8046248,1,0,-48
1759482578.8406248,1,6,-36
1759482578.878625,7,-1,-32
1759482578.9156249,13,0,-33
1759482578.954625,6,-1,-41
1759482578.990625,7,-2,-40
1759482579.0296247,5,5,-46
1759482579.0676248,4,0,-37
1759482579.105625,0,1,-33
1759482579.1436248,2,2,-35
1759482579.1796248,5,-3,-38
1759482579.217625,0,5,-48
1759482579.2556248,0,-1,-38
1759482579.2946248,4,0,-38
1759482579.3306248,5,0,-46
1759482579.3686247,2,0,-40
1759482579.4056249,2,2,-39
1759482579.444625,-3,0,-41
1759482579.480625,-1,-4,-44
1759482579.5186248,2,1,-51
1759482579.556625,5,0,-45
1759482579.5956247,0,0,-46
1759482579.6336248,-1,0,-59
1759482579.6706247,3,-3,-48
1759482579.7086248,2,2,-46
1759482579.7466247,-2,3,-30
1759482579.7846248,-2,-3,-31
1759482579.8206248,0,-5,-43
1759482579.8576248,0,5,-46
1759482579.8966248,7,2,-44
1759482579.934625,7,5,-50
1759482579.9706247,1,5,-44
1759482580.0076249,-7,0,-31
1759482580.046625,-7,0,-42
1759482580.0846248,-7,-7,-40
1759482580.1206248,-4,-6,-38
1759482580.1596248,9,0,-28
1759482580.1966248,5,0,-31
1759482580.2356248,-1,2,-43
1759482580.2716248,0,-1,-41
1759482580.309625,2,0,-42
1759482580.3466249,1,0,-55
1759482580.385625,-3,-5,-50
1759482580.421625,0,-6,-53
1759482580.4596248,0,0,-54
1759482580.4976249,-1,-4,-42
1759482580.5356247,-3,0,-43
1759482580.5746248,1,3,-48
1759482580.6116247,12,2,-45
1759482580.648625,7,2,-43
1759482580.6876247,7,2,-35
1759482580.7256248,3,1,-37
1759482580.7616248,0,-4,-32
1759482580.7986248,6,-8,-46
1759482580.8376248,-2,1,-39
1759482580.875625,-7,3,-44
1759482580.911625,-1,-2,-41
1759482580.9506247,0,0,-50
1759482580.987625,0,4,-46
1759482581.026625,-5,2,-42
1759482581.0646248,7,0,-44
1759482581.1006248,4,2,-33
1759482581.1376247,2,0,-25
1759482581.1766248,2,1,-35
1759482581.214625,-1,2,-38
1759482581.250625,-5,0,-52
1759482581.2876248,-2,3,-48
1759482581.3266249,-7,-1,-59
1759482581.3646247,-1,-3,-48
1759482581.4006248,3,-3,-37
1759482581.4386249,8,-3,-52
1759482581.4766247,0,2,-38
1759482581.5146248,0,0,-33
1759482581.5506248,-2,1,-38
1759482581.5876248,6,1,-35
1759482581.6266248,4,0,-35
1759482581.6626248,3,3,-45
1759482581.7006247,-3,3,-34
1759482581.737625,4,0,-39
1759482581.776625,3,0,-35
1759482581.8126247,1,-1,-36
1759482581.8506248,5,0,-24
1759482581.888625,0,0,-38
1759482581.9266248,3,-2,-36
1759482581.9656248,-3,2,-46
1759482582.0016248,11,0,-44
1759482582.0386248,-1,0,-53
1759482582.0766249,6,0,-51
1759482582.115625,4,-4,-45
1759482582.151625,0,-2,-47
1759482582.1896248,5,3,-46
1759482582.2286248,1,6,-53
1759482582.2666247,12,2,-48
1759482582.3026247,4,0,-42
1759482582.3406248,2,-2,-38
1759482582.378625,1,-4,-41
1759482582.4166248,-1,-7,-38
1759482582.4526248,0,-4,-33
1759482582.4896247,-9,1,-34
1759482582.5286248,0,0,-30
1759482582.5666249,4,2,-40
1759482582.602625,6,8,-51
1759482582.6406248,5,-2,-42
1759482582.6786249,0,-1,-50
1759482582.7166247,-2,1,-54
1759482582.7526248,0,-3,-52
1759482582.7896247,0,1,-41
1759482582.8286247,3,1,-49
1759482582.8666248,10,-3,-45
1759482582.9026248,7,-2,-43
1759482582.9396248,-5,-3,-41
1759482582.9786248,-6,-2,-37
1759482583.0166247,-3,-5,-43
1759482583.0526247,-3,-4,-38
1759482583.0916247,-5,-7,-42
1759482583.128625,0,1,-38
1759482583.1676247,7,2,-43
1759482583.2056248,2,0,-48
1759482583.2416248,-8,-1,-51
1759482583.2806249,1,3,-49
1759482583.3186247,1,6,-46
1759482583.3566248,-5,0,-45
1759482583.3936248,6,-4,-36
1759482583.4306247,-1,-2,-42
1759482583.4696248,6,-11,-41
1759482583.5076249,0,-1,-37
1759482583.5436249,1,0,-39
1759482583.5816247,4,0,-44
1759482583.6186247,-3,-2,-34
1759482583.6576247,0,-3,-30
1759482583.6936247,1,-1,-34
1759482583.730625,2,-2,-39
1759482583.7686248,-11,-3,-43
1759482583.8076248,-3,-1,-35
1759482583.8436248,3,0,-49
1759482583.8816247,-2,-3,-48
1759482583.9186249,-2,4,-43
1759482583.957625,-2,2,-28
1759482583.9936247,0,4,-32
1759482584.0316248,8,-1,-40
1759482584.0686247,-1,4,-47
1759482584.1076248,-4,1,-47
1759482584.1436248,0,0,-29
1759482584.181625,2,0,-28
1759482584.2186248,0,-4,-35
1759482584.2576249,3,-4,-34
1759482584.2936249,2,-5,-35
1759482584.332625,-6,-5,-34
1759482584.3696249,-4,-5,-42
1759482584.408625,1,-1,-27
1759482584.4466248,0,2,-24
1759482584.4826248,-5,-1,-32
1759482584.5206249,1,0,-38
1759482584.5586247,3,-5,-36
1759482584.5976248,-1,-3,-33
1759482584.6336248,-5,-2,-29
1759482584.671625,-4,-5,-27
1759482584.717625,-5,-4,-35
1759482584.753625,0,-5,-35
1759482584.7916248,-5,4,-35
1759482584.8286247,0,-1,-40
1759482584.8676248,-4,3,-41
1759482584.9036248,-2,1,-51
1759482584.9416249,0,3,-46
1759482584.980625,5,3,-39
1759482585.0186248,2,1,-51
1759482585.056625,8,-4,-35
1759482585.092625,2,-2,-41
1759482585.1306248,2,-7,-39
1759482585.1686249,-5,-3,-25
1759482585.2056248,0,2,-18
1759482585.2436247,0,1,-28
1759482585.2806249,-5,-2,-35
1759482585.3186247,-11,-2,-51
1759482585.3576248,-11,2,-47
1759482585.3936248,0,6,-44
1759482585.431625,0,1,-36
1759482585.4686248,0,0,-39
1759482585.5076249,5,-5,-43
1759482585.5436249,2,-10,-43
1759482585.5816247,5,-7,-57
1759482585.6186247,9,-5,-63
1759482585.6576247,3,2,-42
1759482585.6936247,1,3,-42
1759482585.730625,7,5,-39
1759482585.7686248,0,-1,-31
1759482585.8076248,8,6,-31
1759482585.8436248,12,2,-21
1759482585.8806248,6,-5,-24
1759482585.9196248,-5,-2,-35
1759482585.957625,3,-3,-39
1759482585.9936247,-3,0,-42
1759482586.0316248,-1,0,-48
1759482586.069625,0,-4,-40
1759482586.1076248,-5,0,-33
1759482586.1436248,-6,9,-33
1759482586.1806247,1,0,-44
1759482586.2196248,-5,-1,-34
1759482586.2576249,-4,-9,-40
1759482586.2936249,-1,-5,-30
1759482586.3316247,-6,-1,-42
1759482586.3696249,0,4,-47
1759482586.408625,3,1,-45
1759482586.444625,4,0,-53
1759482586.4826248,-3,-3,-33
1759482586.5206249,-5,-5,-39
1759482586.559625,-2,1,-46
1759482586.5976248,0,0,-36
1759482586.6336248,2,0,-43
1759482586.6706247,-2,4,-43
1759482586.7096248,-1,5,-52
1759482586.7476249,1,0,-47
1759482586.783625,7,0,-47
1759482586.8206248,0,0,-53
1759482586.8596249,-2,5,-48
1759482586.8956249,2,0,-47
1759482586.9336247,10,3,-42
1759482586.9716249,0,2,-45
1759482587.0096247,0,-1,-42
1759482587.046625,5,-4,-35
1759482587.0836248,-7,2,-46
1759482587.1226249,-3,-1,-32
1759482587.1596248,0,0,-33
1759482587.1986248,3,-3,-37
1759482587.2346249,0,-4,-44
1759482587.2726247,-6,-2,-38
1759482587.309625,0,-4,-39
1759482587.3466249,0,1,-37
1759482587.3846247,1,2,-40
1759482587.4226248,2,-3,-43
1759482587.4596248,7,0,-48
1759482587.4986248,5,1,-48
1759482587.5346248,4,-3,-39
1759482587.5726247,-2,2,-46
1759482587.6106248,0,9,-60
1759482587.648625,5,3,-40
1759482587.684625,-1,7,-40
1759482587.7226248,0,1,-47
1759482587.760625,-1,0,-45
1759482587.7996247,0,-2,-32
1759482587.8356247,3,5,-40
1759482587.8726249,4,2,-37
1759482587.9106247,8,-2,-38
1759482587.9496248,2,-6,-43
1759482587.9856248,-3,-3,-41
1759482588.0246248,0,2,-32
1759482588.0626247,-1,-4,-36
1759482588.1006248,3,0,-38
1759482588.138625,0,2,-43
1759482588.1746247,-1,4,-42
1759482588.2126248,-3,2,-32
1759482588.250625,-8,3,-42
1759482588.2886248,-4,-2,-35
1759482588.3246248,-7,3,-40
1759482588.3616247,-5,-2,-38
1759482588.4006248,-1,-2,-43
1759482588.4386249,1,6,-44
1759482588.4746249,-3,3,-43
1759482588.5126247,1,1,-43
1759482588.5506248,0,-1,-41
1759482588.5866249,0,-3,-37
1759482588.6236248,8,-1,-23
1759482588.6626248,5,5,-35
1759482588.7006247,3,-4,-52
1759482588.7366247,1,-7,-42
1759482588.773625,-2,-1,-36
1759482588.8126247,3,-2,-40
1759482588.8506248,4,2,-45
1759482588.8866248,8,0,-35
1759482588.9236248,-3,0,-43
1759482588.9626248,0,-1,-37
1759482589.000625,-8,3,-32
1759482589.036625,-6,4,-39
1759482589.0736248,1,7,-35
1759482589.112625,-2,0,-32
1759482589.1506248,0,-3,-29
1759482589.1866248,0,-1,-43
1759482589.2236247,2,2,-38
1759482589.2626247,-3,1,-36
1759482589.3006248,-4,0,-44
1759482589.3366249,-1,0,-46
1759482589.3736248,0,0,-46
1759482589.4126248,-5,2,-40
1759482589.4506247,0,4,-36
1759482589.4866247,0,1,-41
1759482589.5246248,4,-2,-39
1759482589.5626247,-5,-1,-36
1759482589.6006248,0,-5,-36
1759482589.6366248,-1,-4,-34
1759482589.6746247,-7,2,-47
1759482589.7136247,-4,4,-36
1759482589.7516248,-9,2,-39
1759482589.7896247,0,0,-42
1759482589.8256247,0,3,-44
1759482589.862625,-5,1,-44
1759482589.901625,-6,3,-38
1759482589.9396248,-4,-5,-51
1759482589.9756248,0,-7,-42
1759482590.013625,0,-1,-41
1759482590.0516248,5,2,-40
1759482590.089625,6,3,-46
1759482590.125625,6,5,-43
1759482590.1626248,7,-1,-35
1759482590.2016249,0,0,-43
1759482590.2396247,4,0,-46
1759482590.2756248,1,0,-44
1759482590.3136249,4,-7,-35
1759482590.352625,0,1,-43
1759482590.3906248,0,2,-37
1759482590.4266248,-4,1,-39
1759482590.4636247,-2,0,-40
1759482590.5026248,2,-9,-35
1759482590.5406249,1,-6,-42
1759482590.5766249,4,-4,-35
1759482590.615625,-2,4,-38
1759482590.6536248,-1,0,-36
1759482590.6916249,-2,-5,-25
1759482590.7286248,-3,2,-38
1759482590.7666247,-10,1,-41
1759482590.8036249,-5,0,-47
1759482590.8416247,1,0,-35
1759482590.8806248,0,4,-36
1759482590.9166248,1,0,-42
1759482590.9536247,1,0,-37
1759482590.9916248,3,2,-44
1759482591.0306249,1,-4,-38
1759482591.0666249,-4,-4,-33
1759482591.1046247,1,0,-23
1759482591.1436248,0,1,-31
1759482591.181625,1,-6,-35
1759482591.217625,-3,-1,-33
1759482591.2556248,-8,0,-29
1759482591.2946248,2,4,-33
1759482591.332625,-5,0,-27
1759482591.3706248,6,0,-39
1759482591.4066248,2,-3,-42
1759482591.444625,-2,-4,-38
1759482591.4826248,-1,-5,-44
1759482591.5206249,-11,-1,-40
1759482591.556625,-9,-4,-37
1759482591.5946248,-13,4,-46
1759482591.6326249,-3,6,-41
1759482591.671625,-4,-3,-36
1759482591.707625,-1,0,-26
1759482591.7446249,4,0,-21
1759482591.783625,8,6,-29
1759482591.8216248,-1,3,-38
1759482591.8576248,-3,-2,-32
1759482591.8956249,-5,1,-27
1759482591.9336247,-2,6,-31
1759482591.9726248,-6,3,-31
1759482592.0086248,-1,8,-32
1759482592.046625,0,4,-33
1759482592.0846248,0,-1,-49
1759482592.1226249,-11,-4,-50
1759482592.158625,1,-1,-39
1759482592.1976247,0,1,-38
1759482592.2356248,3,3,-36
1759482592.273625,2,7,-36
1759482592.3116248,0,2,-34
1759482592.3476248,4,0,-49
1759482592.3846247,5,8,-54
1759482592.4236248,-6,-1,-53
1759482592.4616249,-5,3,-48
1759482592.4976249,0,4,-40
1759482592.5346248,4,-1,-41
1759482592.5736248,-3,-2,-52
1759482592.6116247,-2,0,-37
1759482592.6476247,-3,7,-40
1759482592.684625,-3,-4,-37
1759482592.7236247,0,0,-31
1759482592.7616248,2,1,-42
1759482592.7976248,0,-1,-47
1759482592.8346248,0,-1,-52
1759482592.8736248,7,0,-45
1759482592.911625,0,-5,-38
1759482592.9476247,1,1,-37
1759482592.9846249,0,0,-43
1759482593.023625,2,3,-58
1759482593.0616248,-2,-1,-52
1759482593.0976248,0,1,-52
1759482593.1346247,4,5,-48
1759482593.1736248,-4,-1,-44
1759482593.2116249,-6,0,-45
1759482593.2476249,-8,0,-38
1759482593.2856247,-7,-1,-38
1759482593.3236248,1,2,-42
1759482593.362625,1,3,-44
1759482593.398625,7,6,-47
1759482593.4356248,2,-1,-46
1759482593.4736247,4,-1,-37
1759482593.5126247,0,0,-49
1759482593.5486248,-4,-2,-32
1759482593.5866249,-2,-3,-30
1759482593.625625,-4,-6,-32
1759482593.6636248,-2,1,-36
1759482593.7016249,1,0,-39
1759482593.737625,0,-6,-27
1759482593.776625,0,-10,-29
1759482593.8136249,3,-2,-39
1759482593.852625,-3,-2,-36
1759482593.888625,1,3,-39
1759482593.9266248,1,1,-45
1759482593.9636247,2,-2,-45
1759482594.0026248,5,-4,-44
1759482594.0386248,7,0,-39
1759482594.0766249,3,-2,-37
1759482594.1136248,-1,-1,-39
1759482594.1526248,3,-4,-35
1759482594.1886249,-3,0,-46
1759482594.2266247,-3,0,-45
1759482594.263625,4,-4,-35
1759482594.3026247,3,1,-50
1759482594.3386247,3,-1,-46
1759482594.3766248,-3,-2,-46
1759482594.4146247,6,0,-47
1759482594.4536247,7,2,-49
1759482594.4896247,1,4,-46
1759482594.526625,-3,3,-35
1759482594.5646248,-5,0,-42
1759482594.6036248,-4,2,-36
1759482594.6396248,-6,0,-34
1759482594.6766248,2,3,-33
1759482594.7226248,4,-4,-47
1759482594.7596247,2,-5,-43
1759482594.796625,2,0,-36
1759482594.8346248,0,1,-34
1759482594.8736248,-6,-7,-43
1759482594.9096248,-6,-7,-41
1759482594.9486248,0,-7,-44
1759482594.9856248,-2,-4,-37
1759482595.0246248,-6,-1,-31
1759482595.0626247,-1,0,-35
1759482595.0986247,5,3,-29
1759482595.1366248,0,-2,-24
1759482595.1756248,-4,-3,-32
1759482595.2136247,1,-9,-38
1759482595.2496247,0,-2,-37
1759482595.2886248,7,-2,-50
1759482595.3256247,5,4,-44
1759482595.3646247,-9,2,-46
1759482595.4026248,0,0,-49
1759482595.4386249,0,-2,-51
1759482595.4766247,-3,-2,-43
1759482595.5146248,1,-1,-43
1759482595.5506248,-3,-7,-31
1759482595.5886247,0,0,-33
1759482595.6266248,0,-1,-45
1759482595.6646247,-7,-8,-39
1759482595.7036247,-6,1,-39
1759482595.7396247,-9,1,-33
1759482595.7776248,-5,0,-43
1759482595.8146248,-1,-4,-32
1759482595.8536248,-4,0,-27
1759482595.8896248,-4,1,-33
1759482595.9266248,-1,5,-44
1759482595.964625,2,-2,-47
1759482596.003625,4,0,-43
1759482596.0406249,8,0,-44
1759482596.0786247,1,0,-43
1759482596.115625,0,-1,-26
1759482596.1546247,-5,-7,-37
1759482596.1916249,-3,-2,-42
1759482596.2286248,1,-3,-42
1759482596.2676249,-3,-5,-39
1759482596.3056247,4,-2,-41
1759482596.3436248,0,-1,-37
1759482596.3796248,0,-1,-42
1759482596.4166248,5,2,-42
1759482596.4556248,-1,5,-42
1759482596.4936247,-7,0,-44
1759482596.5296247,-6,3,-40
1759482596.5666249,-5,2,-35
1759482596.605625,-3,-3,-35
1759482596.6436248,-5,-4,-42
1759482596.6796248,2,-5,-42
1759482596.7166247,9,-2,-39
1759482596.7556248,4,-5,-41
1759482596.7936249,2,-1,-42
1759482596.829625,0,0,-43
1759482596.8686247,2,0,-54
1759482596.9066248,2,1,-55
1759482596.944625,-1,1,-42
1759482596.980625,-1,1,-33
1759482597.0186248,0,-1,-35
1759482597.0576248,-4,-1,-41
1759482597.0956247,-8,-3,-27
1759482597.1336248,1,-6,-43
1759482597.1696248,-2,-5,-41
1759482597.2086248,-4,-3,-34
1759482597.2456248,-3,-4,-38
1759482597.2846248,0,-2,-34
1759482597.3206248,-4,0,-35
1759482597.3576248,-3,-2,-44
1759482597.3956249,-2,0,-35
1759482597.434625,4,0,-33
1759482597.4706247,-4,-2,-43
1759482597.5086248,-3,1,-32
1759482597.546625,-8,1,-35
1759482597.5856247,-7,0,-41
1759482597.6226249,-1,-1,-33
1759482597.6606247,-1,-4,-33
1759482597.6986248,3,0,-46
1759482597.7366247,0,-2,-41
1759482597.7746248,0,-6,-48
1759482597.8106248,0,-3,-44
1759482597.8476248,7,1,-46
1759482597.8866248,7,5,-41
1759482597.9246247,0,2,-35
1759482597.9606247,0,-2,-45
1759482597.9976249,-1,3,-38
1759482598.036625,-2,-2,-37
1759482598.0746248,-5,-3,-48
1759482598.1106248,-1,-2,-50
1759482598.1496248,-6,-8,-41
1759482598.1866248,-9,-3,-38
1759482598.2256248,-4,-2,-39
1759482598.2616248,1,0,-42
1759482598.2986248,0,-4,-36
1759482598.3376248,0,-3,-40
1759482598.375625,-3,1,-34
1759482598.411625,4,0,-43
1759482598.4486248,0,2,-48
1759482598.4866247,-1,2,-39
1759482598.5256248,0,0,-34
1759482598.5616248,1,-4,-51
1759482598.5986247,-2,7,-29
1759482598.6366248,3,4,-34
1759482598.6756248,-6,5,-38
1759482598.7116249,-2,0,-34
1759482598.7496247,5,1,-38
1759482598.786625,-1,1,-26
1759482598.8256247,0,2,-42
1759482598.8616247,-1,1,-34
1759482598.898625,4,-2,-46
1759482598.9366248,1,0,-28
1759482598.9756248,1,1,-32
1759482599.0116248,3,3,-33
1759482599.0496247,0,-1,-39
1759482599.0876248,0,2,-39
1759482599.125625,-4,3,-38
1759482599.161625,-2,4,-42
1759482599.2006247,3,5,-39
1759482599.237625,1,1,-52
1759482599.276625,4,-2,-45
1759482599.3126247,1,-1,-44
1759482599.3516247,0,0,-51
1759482599.388625,3,0,-40
1759482599.4266248,2,0,-44
1759482599.4656248,4,-1,-48
1759482599.5016248,10,-2,-44
1759482599.5396247,5,-4,-37
1759482599.5776248,0,1,-52
1759482599.6166248,5,-2,-43
1759482599.6526248,2,-3,-38
1759482599.6916249,4,0,-33
1759482599.7286248,3,-3,-45
1759482599.7676249,3,2,-33
1759482599.8056247,6,1,-48
1759482599.8416247,2,3,-44
1759482599.8796248,3,-1,-43
1759482599.9176247,-2,-6,-42
1759482599.9556248,0,-5,-43
1759482599.9916248,0,-1,-40
1759482600.0296247,0,-2,-35
1759482600.0676248,4,4,-42
1759482600.105625,7,-1,-41
1759482600.1416247,-4,3,-39
1759482600.1796248,-6,-2,-39
1759482600.217625,-2,-5,-40
1759482600.2556248,-2,-8,-38
1759482600.2916248,0,-7,-39
1759482600.329625,2,0,-40
1759482600.3676248,1,-1,-37
1759482600.4056249,0,0,-36
1759482600.4416249,2,0,-37
1759482600.4796247,0,0,-32
1759482600.5176249,-6,0,-35
1759482600.5556247,-5,0,-29
1759482600.5916247,-4,-1,-37
1759482600.6306248,-6,2,-35
1759482600.6676247,-6,5,-42
1759482600.7066247,-5,4,-38
1759482600.7426248,-6,4,-37
1759482600.7806249,3,0,-37
1759482600.8176248,0,2,-46
1759482600.8566248,-2,-2,-44
1759482600.8926249,-2,0,-38
1759482600.9306247,-1,2,-44
1759482600.967625,-4,0,-36
1759482601.0066247,1,-5,-35
1759482601.0426247,-2,4,-43
1759482601.079625,1,0,-39
1759482601.1176248,1,-2,-43
1759482601.1566248,0,-3,-43
1759482601.1926248,-4,-1,-48
1759482601.230625,-5,0,-29
1759482601.2686248,2,0,-47
1759482601.3076248,4,3,-43
1759482601.3436248,2,-2,-40
1759482601.3826249,0,-4,-31
1759482601.4206247,-2,0,-33
1759482601.4586248,0,1,-39
1759482601.4966247,-1,-1,-35
1759482601.5326247,-6,0,-36
1759482601.5706248,-2,6,-41
1759482601.6086247,-8,-4,-42
1759482601.6466248,-2,-3,-47
1759482601.6826248,0,-2,-39
1759482601.7206247,0,-1,-41
1759482601.7586248,0,-4,-41
1759482601.796625,1,7,-29
1759482601.832625,-1,0,-40
1759482601.8706248,1,1,-35
1759482601.908625,1,4,-35
1759482601.9466248,-2,13,-28
1759482601.9826248,0,0,-36
1759482602.0206249,4,0,-42
1759482602.0586247,-6,6,-31
1759482602.0966249,-6,0,-34
1759482602.1326249,1,-3,-29
1759482602.1706247,1,-3,-33
1759482602.2086248,3,-4,-39
1759482602.2466247,7,0,-48
1759482602.2826247,9,-3,-45
1759482602.3206248,9,-5,-52
1759482602.3586247,5,7,-43
1759482602.3966248,4,6,-35
1759482602.4326248,-2,5,-49
1759482602.4706247,2,3,-43
1759482602.5086248,1,-1,-38
1759482602.5456247,-1,1,-44
1759482602.582625,-2,0,-48
1759482602.6206248,-8,0,-39
1759482602.658625,-8,6,-46
1759482602.6976247,-3,-2,-35
1759482602.7336247,-9,-1,-30
1759482602.7716248,3,-3,-42
1759482602.8106248,4,2,-41
1759482602.8486247,-3,-4,-38
1759482602.8846247,-7,1,-43
1759482602.9226248,5,1,-35
1759482602.9606247,6,0,-43
1759482602.9986248,2,2,-43
1759482603.0346248,-7,1,-52
1759482603.0716248,-1,3,-43
1759482603.1106248,0,1,-33
1759482603.148625,-4,-1,-32
1759482603.184625,6,6,-40
1759482603.2226248,2,4,-42
1759482603.2596247,2,0,-41
1759482603.2986248,5,-1,-33
1759482603.3346248,7,5,-36
1759482603.3726249,5,5,-37
1759482603.4106247,-1,3,-34
1759482603.4486248,8,1,-34
1759482603.4846249,0,6,-39
1759482603.5226247,0,-1,-26
1759482603.5606248,4,-2,-39
1759482603.5986247,0,0,-44
1759482603.635625,0,3,-38
1759482603.6726248,-6,1,-27
1759482603.7116249,-10,3,-34
1759482603.7496247,0,0,-42
1759482603.7876248,-2,0,-38
1759482603.8236248,3,3,-31
1759482603.8616247,0,1,-40
1759482603.8996248,-3,-5,-37
1759482603.9376247,-1,0,-40
1759482603.9736247,4,0,-46
1759482604.0116248,3,-2,-46
1759482604.0496247,0,4,-32
1759482604.0876248,-3,-4,-42
1759482604.1236248,0,1,-41
1759482604.1606247,-4,-4,-35
1759482604.1996248,0,-2,-35
1759482604.2356248,1,3,-44
1759482604.273625,10,1,-43
1759482604.3106248,2,-2,-51
1759482604.3496249,2,4,-46
1759482604.385625,9,-2,-34
1759482604.4226248,-1,-8,-35
1759482604.4606247,0,-8,-43
1759482604.4996247,-1,-1,-31
1759482604.5356247,-3,-2,-26
1759482604.5736248,0,1,-41
1759482604.6116247,0,-2,-42
1759482604.6506248,4,-1,-36
1759482604.6886249,-2,-2,-33
1759482604.7336247,0,-3,-44
1759482604.7716248,0,1,-49
1759482604.809625,-1,1,-52
1759482604.8456247,0,0,-47
1759482604.8836248,-3,-2,-38
1759482604.921625,0,2,-39
1759482604.9596248,-7,4,-39
1759482604.9956248,-7,2,-40
1759482605.0346248,-2,-4,-34
1759482605.0716248,-4,1,-36
1759482605.1106248,1,1,-39
1759482605.148625,0,1,-40
1759482605.184625,3,3,-37
1759482605.2226248,3,4,-39
1759482605.260625,2,-6,-31
1759482605.2986248,3,0,-34
1759482605.3346248,4,4,-34
1759482605.3716247,-7,3,-44
1759482605.4106247,-1,1,-46
1759482605.4486248,-2,2,-45
1759482605.4846249,-2,-7,-43
1759482605.5226247,0,-5,-29
1759482605.5606248,0,0,-39
1759482605.5996249,4,2,-36
1759482605.635625,-2,4,-34
1759482605.6736248,-6,1,-35
1759482605.7126248,0,-1,-34
1759482605.750625,-2,10,-33
1759482605.7886248,0,-1,-29
1759482605.8246248,9,-2,-42
1759482605.8616247,9,-4,-46
1759482605.9006248,9,0,-50
1759482605.9386249,2,0,-38
1759482605.9746249,-5,5,-42
1759482606.0116248,1,1,-42
1759482606.0496247,3,1,-26
1759482606.0856247,-2,-3,-20
1759482606.1246247,-1,-3,-28
1759482606.1626248,1,-5,-33
1759482606.2006247,-4,1,-30
1759482606.2366247,-1,4,-34
1759482606.2746248,1,4,-41
1759482606.3126247,0,1,-43
1759482606.3506248,-1,-3,-36
1759482606.3866248,1,0,-36
1759482606.4246247,-1,0,-44
1759482606.4626248,0,0,-44
1759482606.500625,1,2,-39
1759482606.536625,2,1,-43
1759482606.5746248,-2,5,-50
1759482606.612625,-4,0,-52
1759482606.6506248,0,-7,-48
1759482606.6866248,6,-5,-41
1759482606.7236247,0,-3,-50
1759482606.7626247,-7,-2,-47
1759482606.8006248,-7,1,-52
1759482606.8366249,0,0,-45
1759482606.875625,5,-4,-35
1759482606.9126248,6,3,-28
1759482606.9516249,7,-3,-27
1759482606.9896247,-1,-5,-36
1759482607.0256248,2,3,-41
1759482607.0626247,1,1,-47
1759482607.1016247,2,-2,-35
1759482607.1396248,-2,11,-28
1759482607.1756248,1,6,-34
1759482607.2126248,-2,4,-50
1759482607.2516248,3,8,-50
1759482607.2896247,1,12,-47
1759482607.3256247,2,1,-51
1759482607.362625,-5,2,-43
1759482607.401625,-5,0,-37
1759482607.4396248,5,1,-42
1759482607.4756248,0,0,-46
1759482607.5126247,-1,3,-43
1759482607.5516248,-8,3,-35
1759482607.589625,-8,5,-44
1759482607.625625,-7,-1,-45
1759482607.6646247,-7,3,-35
1759482607.7026248,1,2,-37
1759482607.740625,-2,8,-31
1759482607.776625,0,0,-42
1759482607.8146248,1,-4,-47
1759482607.852625,2,0,-32
1759482607.8906248,-2,3,-38
1759482607.9266248,0,5,-40
1759482607.9636247,1,2,-52
1759482608.0026248,2,-4,-46
1759482608.0406249,1,-9,-44
1759482608.0766249,0,-10,-45
1759482608.1136248,4,-3,-49
1759482608.1526248,13,1,-46
1759482608.1906247,11,0,-39
1759482608.2266247,8,-4,-35
1759482608.2656248,-5,-5,-34
1759482608.3026247,-2,-5,-43
1759482608.3416247,-1,3,-49
1759482608.3776248,0,4,-35
1759482608.4146247,0,2,-35
1759482608.4526248,-5,4,-30
1759482608.4916248,0,6,-42
1759482608.5276248,-7,5,-48
1759482608.5646248,-4,0,-53
1759482608.602625,-1,-1,-48
1759482608.6416247,5,-6,-44
1759482608.6776247,0,-3,-33
1759482608.7156248,3,-1,-39
1759482608.753625,-3,-2,-40
1759482608.7926247,0,5,-40
1759482608.8306248,0,7,-40
1759482608.8666248,-4,2,-42
1759482608.9056249,1,4,-45
1759482608.9436247,0,0,-48
1759482608.9816248,-12,-4,-41
1759482609.0176249,-1,0,-36
1759482609.056625,1,-3,-47
1759482609.0946248,0,-3,-37
1759482609.1326249,-2,3,-42
1759482609.1706247,2,0,-39
1759482609.2066247,2,0,-44
1759482609.2436247,0,3,-42
1759482609.2826247,-5,-2,-38
1759482609.3206248,-6,0,-42
1759482609.3566248,0,-2,-32
1759482609.3946247,-4,3,-43
1759482609.4326248,1,7,-37
1759482609.4686248,0,-3,-42
1759482609.5066247,0,0,-45
1759482609.5436249,0,-1,-40
1759482609.582625,0,4,-37
1759482609.6186247,0,3,-35
1759482609.6566248,-1,-1,-45
1759482609.6936247,2,0,-43
1759482609.7326248,-3,1,-51
1759482609.7686248,-6,0,-42
1759482609.806625,1,0,-42
1759482609.8436248,4,7,-43
1759482609.8826249,1,1,-30
1759482609.9186249,0,6,-24
1759482609.9556248,-4,-1,-23
1759482609.9936247,5,5,-34
1759482610.0326247,2,0,-43
1759482610.0686247,5,-1,-31
1759482610.1066248,2,-4,-41
1759482610.1456249,0,-2,-38
1759482610.1836247,-5,-8,-45
1759482610.2216249,-2,-2,-40
1759482610.2586248,0,2,-28
1759482610.296625,7,3,-36
1759482610.3336248,3,1,-43
1759482610.3726249,-4,0,-36
1759482610.408625,3,-1,-32
1759482610.4466248,4,-8,-37
1759482610.4836247,-4,-2,-45
1759482610.5226247,-3,0,-37
1759482610.5586247,-3,-5,-35
1759482610.5966249,-4,-2,-36
1759482610.6346247,-4,-1,-30
1759482610.6736248,3,5,-31
1759482610.7116249,4,6,-31
1759482610.7476249,0,5,-34
1759482610.7846248,4,8,-33
1759482610.8236248,1,4,-37
1759482610.8616247,-1,-1,-44
1759482610.8976247,2,0,-40
1759482610.934625,3,0,-33
1759482610.9736247,5,0,-39
1759482611.0116248,5,2,-46
1759482611.0476248,3,3,-42
1759482611.0846248,0,2,-36
1759482611.1236248,-1,0,-30
1759482611.1596248,10,0,-34
1759482611.1966248,5,0,-38
1759482611.2356248,-4,-4,-42
1759482611.273625,-3,3,-35
1759482611.309625,-4,2,-39
1759482611.3466249,-1,0,-33
1759482611.3846247,1,7,-34
1759482611.4236248,-3,5,-40
1759482611.4596248,-4,-1,-47
1759482611.4976249,-1,2,-44
1759482611.536625,0,-3,-49
1759482611.5736248,-1,1,-52
1759482611.612625,-3,3,-46
1759482611.6496248,0,-6,-31
1759482611.6876247,11,-5,-48
1759482611.7256248,10,-6,-51
1759482611.763625,3,-12,-38
1759482611.8026247,2,-11,-46
1759482611.8386247,1,-7,-49
1759482611.8776248,4,-1,-37
1759482611.9156249,0,0,-30
1759482611.9536247,0,5,-41
1759482611.990625,-1,3,-51
1759482612.0286248,0,-1,-40
1759482612.0666249,0,-6,-42
1759482612.1046247,3,-5,-41
1759482612.1426249,2,-4,-43
1759482612.1786249,-6,3,-41
1759482612.2166247,-1,1,-37
1759482612.2546248,0,0,-41
1759482612.2936249,7,0,-27
1759482612.329625,3,2,-39
1759482612.3676248,2,-1,-52
1759482612.4046247,0,4,-46
1759482612.4436247,-7,-1,-36
1759482612.4796247,-3,0,-32
1759482612.5166247,-1,0,-44
1759482612.5546248,0,-3,-45
1759482612.5936248,-2,-2,-39
1759482612.6296248,5,-1,-38
1759482612.6676247,6,5,-37
1759482612.7056248,5,0,-33
1759482612.7446249,1,2,-35
1759482612.7826247,2,-4,-37
1759482612.8186247,0,0,-40
1759482612.855625,1,-3,-52
1759482612.8946247,2,-3,-50
1759482612.9306247,3,-3,-44
1759482612.967625,5,-2,-41
1759482613.0056248,0,-6,-40
1759482613.0446248,2,-2,-43
1759482613.0806248,8,-1,-43
1759482613.1186247,9,-3,-46
1759482613.1576247,6,0,-39
1759482613.194625,6,-4,-45
1759482613.2336247,1,-4,-42
1759482613.2696247,-2,-3,-39
1759482613.3076248,1,0,-35
1759482613.3456247,5,-2,-42
1759482613.3846247,1,-2,-38
1759482613.4206247,2,3,-42
1759482613.457625,5,-1,-46
1759482613.4966247,6,-1,-43
1759482613.5346248,-2,2,-49
1759482613.5706248,-2,0,-45
1759482613.6096249,2,-4,-32
1759482613.6476247,0,-6,-35
1759482613.6856248,-4,2,-36
1759482613.7236247,-3,0,-43
1759482613.7596247,-4,-2,-37
1759482613.7976248,-2,0,-42
1759482613.8366249,0,-1,-31
1759482613.8746247,2,6,-38
1759482613.9106247,0,7,-41
1759482613.9476247,4,-1,-51
1759482613.9866247,3,-4,-52
1759482614.0246248,1,-5,-43
1759482614.0606248,-8,-1,-37
1759482614.0986247,0,0,-30
1759482614.1366248,1,-5,-32
1759482614.1756248,2,-6,-38
1759482614.2136247,-4,-1,-41
1759482614.2496247,1,0,-34
1759482614.286625,1,0,-20
1759482614.3256247,0,3,-38
1759482614.3636248,-4,3,-43
1759482614.3996248,0,1,-47
1759482614.4366248,-5,0,-38
1759482614.4756248,-5,6,-44
1759482614.513625,-8,6,-45
1759482614.5496247,-3,4,-51
1759482614.5876248,-3,1,-49
1759482614.6266248,-5,1,-40
1759482614.6646247,-8,0,-35
1759482614.7006247,-5,0,-47
1759482614.7466247,1,-3,-50
1759482614.7846248,0,4,-43
1759482614.8216248,2,5,-44
1759482614.8596249,1,-3,-35
1759482614.8966248,6,-4,-34
1759482614.9356248,-1,-4,-38
1759482614.9716249,1,0,-35
1759482615.0086248,1,-7,-40
1759482615.0476248,0,-9,-36
1759482615.0856247,-2,4,-42
1759482615.1216247,0,-6,-41
1759482615.1596248,0,2,-39
1759482615.1966248,0,0,-47
1759482615.2356248,-6,2,-60
1759482615.2716248,-7,2,-50
1759482615.309625,-9,12,-43
1759482615.3476248,-5,4,-36
1759482615.3866248,1,4,-39
1759482615.4246247,0,1,-36
1759482615.4606247,0,6,-34
1759482615.4976249,-9,2,-33
1759482615.536625,-3,1,-38
1759482615.5746248,-2,-3,-44
1759482615.6106248,2,-1,-45
1759482615.6476247,0,-3,-49
1759482615.6866248,0,-3,-38
1759482615.7246249,-2,-5,-27
1759482615.760625,2,-3,-32
1759482615.7986248,-4,-1,-30
1759482615.8366249,-4,-2,-39
1759482615.875625,-1,-6,-38
1759482615.911625,-7,-3,-41
1759482615.9506247,1,-1,-44
1759482615.9886248,4,2,-39
1759482616.026625,0,-1,-48
1759482616.0646248,1,-3,-42
1759482616.1016247,-2,1,-42
1759482616.138625,2,-8,-52
1759482616.1776247,-4,0,-43
1759482616.2156248,0,-2,-42
1759482616.2516248,5,0,-52
1759482616.2886248,8,-3,-44
1759482616.3266249,3,-12,-32
1759482616.365625,0,-11,-33
1759482616.401625,-4,-6,-37
1759482616.4396248,0,-6,-33
1759482616.477625,-5,-2,-20
1759482616.5166247,0,-2,-32
1759482616.5526247,-3,-1,-40
1759482616.5906248,4,2,-33
1759482616.6296248,1,-1,-32
1759482616.6676247,6,0,-32
1759482616.7056248,-8,-1,-35
1759482616.7416248,-1,0,-54
1759482616.7796247,-2,-7,-46
1759482616.8176248,4,-6,-43
1759482616.8566248,-2,0,-52
1759482616.8926249,-2,2,-42
1759482616.9306247,0,7,-53
1759482616.9696248,-3,0,-35
1759482617.0066247,-5,-5,-43
1759482617.0426247,-9,-2,-32
1759482617.0816247,-9,2,-22
1759482617.1186247,1,2,-41
1759482617.1576247,-5,0,-35
1759482617.1956248,2,-1,-36
1759482617.2316248,-3,-5,-46
1759482617.2696247,-8,-3,-41
1759482617.3086247,-4,0,-55
1759482617.3466249,3,-2,-43
1759482617.3826249,7,-2,-45
1759482617.4206247,0,-2,-35
1759482617.4586248,0,-4,-35
1759482617.4976249,-4,0,-40
1759482617.5356247,-1,2,-31
1759482617.5716248,0,0,-29
1759482617.6086247,8,0,-45
1759482617.6476247,3,-3,-39
1759482617.6856248,-6,4,-31
1759482617.7216249,1,2,-26
1759482617.7586248,2,-1,-31
1759482617.7976248,3,-2,-42
1759482617.8356247,-7,-3,-41
1759482617.8716247,6,-6,-44
1759482617.908625,-4,1,-40
1759482617.9476247,-1,-1,-38
1759482617.9856248,4,-4,-38
1759482618.0216248,-2,-6,-32
1759482618.059625,-7,-1,-49
1759482618.0986247,-2,-4,-39
1759482618.1366248,-2,3,-44
1759482618.1736248,-2,3,-39
1759482618.2116249,-4,7,-37
1759482618.2486248,-2,6,-34
1759482618.2876248,-10,9,-26
1759482618.3246248,-6,4,-44
1759482618.3616247,-5,8,-49
1759482618.4006248,-3,3,-35
1759482618.4376247,-2,2,-41
1759482618.4766247,0,0,-43
1759482618.5126247,-5,-4,-40
1759482618.5506248,2,6,-41
1759482618.5886247,19,0,-41
1759482618.6276248,0,5,-46
1759482618.6636248,0,1,-44
1759482618.7006247,-3,11,-44
1759482618.7386248,5,5,-34
1759482618.7776248,0,-1,-32
1759482618.8136249,0,6,-41
1759482618.852625,-2,0,-37
1759482618.8906248,2,0,-42
1759482618.9286249,0,0,-39
1759482618.9666247,-2,-5,-46
1759482619.0026248,0,-3,-50
1759482619.0406249,-6,-3,-40
1759482619.0786247,2,0,-41
1759482619.1176248,-3,2,-44
1759482619.1536248,-12,-4,-38
1759482619.1916249,-6,-5,-25
1759482619.230625,0,-3,-36
1759482619.2686248,1,-3,-47
1759482619.306625,-5,-4,-45
1759482619.342625,-1,-4,-38
1759482619.3816247,4,-2,-35
1759482619.4196248,5,0,-36
1759482619.457625,3,5,-32
1759482619.4936247,-4,0,-31
1759482619.5316248,-1,-3,-27
1759482619.569625,0,1,-32
1759482619.6076248,2,-3,-41
1759482619.6436248,0,2,-35
1759482619.681625,6,0,-31
1759482619.7196248,4,0,-34
1759482619.7576249,-4,-1,-41
1759482619.7936249,-3,-3,-39
1759482619.832625,-5,-7,-33
1759482619.8696249,-11,-5,-31
1759482619.908625,0,-1,-36
1759482619.944625,1,1,-35
1759482619.9826248,-4,-4,-43
1759482620.0196247,-1,-2,-43
1759482620.0586247,3,-4,-37
1759482620.0946248,9,-2,-35
1759482620.1336248,4,-1,-37
1759482620.1706247,3,2,-41
1759482620.2096248,-7,2,-43
1759482620.2476249,-6,3,-44
1759482620.283625,1,-3,-39
1759482620.3206248,-3,-4,-36
1759482620.3596249,4,0,-42
1759482620.3976247,-5,2,-31
1759482620.4336247,1,1,-37
1759482620.4706247,4,6,-29
1759482620.5086248,0,0,-39
1759482620.5476248,0,4,-32
1759482620.5836248,3,-7,-40
1759482620.6216247,1,-9,-41
1759482620.6606247,2,1,-39
1759482620.6986248,-3,0,-37
1759482620.7346249,-1,-6,-31
1759482620.773625,-9,-3,-31
1759482620.8106248,-7,1,-48
1759482620.8496249,-3,-1,-45
1759482620.8876247,6,3,-36
1759482620.9236248,5,1,-39
1759482620.9606247,-2,2,-32
1759482620.9996247,1,0,-40
1759482621.0376248,2,-3,-43
1759482621.0736248,-2,-2,-40
1759482621.1116247,5,0,-27
1759482621.1506248,-4,1,-35
1759482621.1886249,3,-7,-36
1759482621.2246249,3,4,-32
1759482621.2616248,5,2,-38
1759482621.3006248,3,-4,-42
1759482621.3386247,-8,0,-38
1759482621.375625,-10,2,-36
1759482621.4126248,-6,-3,-36
1759482621.4506247,-8,0,-34
1759482621.4896247,4,-3,-42
1759482621.5276248,3,-4,-45
1759482621.5636249,0,-4,-45
1759482621.6006248,0,-4,-45
1759482621.6396248,2,-2,-43
1759482621.6756248,4,-1,-39
1759482621.714625,7,4,-47
1759482621.7516248,8,0,-42
1759482621.7906249,2,0,-36
1759482621.8286247,-4,2,-33
1759482621.8646247,-6,1,-34
1759482621.901625,-4,1,-44
1759482621.9396248,1,5,-38
1759482621.9786248,1,6,-37
1759482622.0146248,-9,1,-42
1759482622.0516248,-3,4,-50
1759482622.0906248,-4,4,-46
1759482622.128625,3,5,-49
1759482622.1646247,0,10,-44
1759482622.2026248,0,7,-41
1759482622.2396247,-7,7,-46
1759482622.2786248,2,1,-48
1759482622.3146248,2,-3,-50
1759482622.352625,0,-10,-51
1759482622.3916247,0,-3,-41
1759482622.4296248,2,3,-42
1759482622.4656248,4,1,-40
1759482622.5026248,-6,-3,-47
1759482622.5406249,-4,-2,-46
1759482622.579625,-3,1,-44
1759482622.615625,2,2,-43
1759482622.6526248,4,-3,-39
1759482622.6906247,-4,-3,-52
1759482622.7296247,3,-2,-57
1759482622.7656248,15,0,-55
1759482622.8026247,0,2,-38
1759482622.8406248,-1,-1,-44
1759482622.8796248,-2,0,-41
1759482622.9156249,-5,-3,-46
1759482622.9536247,0,0,-49
1759482622.9926248,6,-4,-31
1759482623.0306249,0,1,-36
1759482623.0686247,2,-1,-26
1759482623.105625,4,-6,-36
1759482623.1426249,2,-9,-35
1759482623.1806247,2,-5,-39
1759482623.2196248,3,-4,-29
1759482623.2556248,2,-2,-32
1759482623.2926247,0,-1,-29
1759482623.3306248,0,-4,-42
1759482623.3696249,0,-4,-43
1759482623.4056249,-4,-3,-27
1759482623.4436247,5,1,-36
1759482623.4816248,4,0,-26
1759482623.5206249,2,-8,-31
1759482623.5576248,-1,-11,-36
1759482623.5946248,-7,1,-33
1759482623.6326249,3,0,-31
1759482623.671625,2,0,-41
1759482623.7096248,0,3,-42
1759482623.7456248,0,-2,-39
1759482623.7826247,-1,-3,-43
1759482623.8216248,2,0,-38
1759482623.8596249,0,1,-22
1759482623.8956249,0,0,-39
1759482623.9336247,4,0,-47
1759482623.9716249,6,-4,-43
1759482624.0096247,0,1,-34
1759482624.0456247,5,-5,-34
1759482624.0836248,0,-3,-35
1759482624.1216247,0,1,-34
1759482624.1606247,-1,-3,-40
1759482624.1966248,-1,-4,-43
1759482624.2346249,3,-4,-50
1759482624.2726247,0,0,-49
1759482624.3116248,4,2,-33
1759482624.3496249,-2,2,-27
1759482624.385625,-4,0,-45
1759482624.4246247,-2,-7,-39
1759482624.4616249,0,-2,-49
1759482624.500625,7,-4,-47
1759482624.536625,3,-7,-55
1759482624.5746248,5,-9,-41
1759482624.6116247,7,-6,-40
1759482624.6506248,3,-3,-38
1759482624.6866248,2,1,-31
1759482624.7246249,6,-2,-37
1759482624.7696247,1,1,-48
1759482624.8056247,-2,0,-45
1759482624.8446248,2,2,-44
1759482624.8816247,-2,5,-37
1759482624.9206247,0,2,-28
1759482624.9566247,2,0,-36
1759482624.9946249,4,2,-27
1759482625.033625,-1,0,-35
1759482625.0716248,3,-3,-37
1759482625.1076248,-4,-6,-43
1759482625.1466248,-11,1,-27
1759482625.1836247,-4,0,-33
1759482625.2226248,0,3,-36
1759482625.260625,5,-2,-40
1759482625.296625,-2,0,-38
1759482625.3346248,-9,0,-27
1759482625.3736248,-3,-5,-36
1759482625.411625,-2,0,-42
1759482625.4486248,0,-2,-40
1759482625.4856248,6,-4,-29
1759482625.5246248,3,0,-35
1759482625.5626247,0,0,-40
1759482625.6006248,-1,-8,-35
1759482625.6376247,1,-4,-50
1759482625.6756248,1,-2,-47
1759482625.7126248,-2,0,-46
1759482625.7516248,-4,-4,-38
1759482625.7876248,-1,-4,-31
1759482625.8256247,7,-5,-40
1759482625.8646247,0,-3,-49
1759482625.9026248,2,0,-44
1759482625.9406247,0,1,-36
1759482625.9766247,-3,0,-36
1759482626.0146248,-7,-1,-48
1759482626.0536249,3,3,-39
1759482626.0916247,1,-4,-42
1759482626.1276248,-6,3,-40
1759482626.1646247,12,-3,-49
1759482626.2036247,10,-1,-48
1759482626.2416248,11,2,-44
1759482626.2776248,7,-2,-45
1759482626.3166249,3,-4,-44
1759482626.3546247,0,-6,-47
1759482626.3926249,-6,-1,-44
1759482626.4306247,1,-3,-29
1759482626.4666247,3,0,-36
1759482626.5046248,-2,-8,-37
1759482626.5426247,3,3,-36
1759482626.5806248,6,-3,-39
1759482626.6166248,-1,1,-39
1759482626.6536248,2,-6,-44
1759482626.6926248,-2,-2,-49
1759482626.730625,-2,-4,-47
1759482626.7666247,1,-6,-41
1759482626.8036249,3,-1,-33
1759482626.842625,3,-8,-42
1759482626.878625,6,0,-44
1759482626.9166248,-1,0,-52
1759482626.954625,-5,-3,-50
1759482626.9926248,-3,-2,-40
1759482627.0316248,2,-3,-44
1759482627.0676248,3,0,-41
1759482627.1066248,-3,0,-42
1759482627.1446247,2,2,-40
1759482627.1826248,1,-1,-19
1759482627.2186248,0,-7,-29
1759482627.2566247,0,-2,-47
1759482627.2956247,3,-1,-35
1759482627.332625,-4,3,-40
1759482627.3716247,-4,3,-33
1759482627.4076247,-2,0,-38
1759482627.4456248,0,-6,-41
1759482627.4836247,2,-3,-29
1759482627.5226247,0,-8,-42
1759482627.5586247,1,3,-41
1759482627.5956247,-2,-1,-41
1759482627.6336248,5,3,-41
1759482627.6726248,3,-4,-37
1759482627.7086248,3,-2,-38
1759482627.7456248,3,0,-46
1759482627.783625,14,0,-33
1759482627.8226247,9,1,-33
1759482627.8586247,9,0,-41
1759482627.8956249,0,1,-39
1759482627.9336247,1,9,-45
1759482627.9726248,3,-1,-49
1759482628.0086248,4,0,-44
1759482628.0456247,3,-1,-47
1759482628.0836248,-2,0,-48
1759482628.1226249,2,3,-37
1759482628.158625,-4,3,-42
1759482628.1976247,-5,0,-33
1759482628.2356248,-4,-1,-43
1759482628.273625,8,-2,-41
1759482628.3116248,3,2,-28
1759482628.3476248,3,3,-37
1759482628.3846247,-3,1,-42
1759482628.4236248,0,0,-40
1759482628.4616249,-2,6,-37
1759482628.4976249,4,8,-33
1759482628.5346248,4,0,-37
1759482628.5736248,7,-7,-36
1759482628.6096249,8,-2,-31
1759482628.648625,4,-4,-39
1759482628.6856248,2,-3,-41
1759482628.7246249,0,-7,-37
1759482628.7626247,4,-4,-49
1759482628.7986248,0,-3,-34
1759482628.8356247,1,-2,-46
1759482628.8736248,3,2,-44
1759482628.9126248,-1,2,-33
1759482628.9486248,-1,2,-45
1759482628.987625,-1,0,-43
1759482629.0246248,-1,-1,-38
1759482629.0636249,6,3,-47
1759482629.0996249,9,5,-52
1759482629.1366248,7,0,-45
1759482629.1746247,-1,-2,-32
1759482629.2136247,-3,-3,-36
1759482629.2496247,-5,0,-35
1759482629.2886248,1,-1,-39
1759482629.3266249,3,0,-37
1759482629.3646247,3,1,-44
1759482629.4026248,4,1,-38
1759482629.4386249,6,0,-37
1759482629.4766247,5,-5,-47
1759482629.5146248,0,-1,-47
1759482629.5526247,1,6,-47
1759482629.5886247,0,0,-35
1759482629.6266248,-2,-2,-51
1759482629.6646247,0,5,-37
1759482629.7026248,-6,8,-36
1759482629.7386248,-1,4,-40
1759482629.776625,0,-5,-37
1759482629.8146248,0,0,-39
1759482629.852625,0,0,-29
1759482629.888625,-2,1,-29
1759482629.9256248,-7,6,-31
1759482629.964625,-5,0,-35
1759482630.0026248,-1,-2,-44
1759482630.0386248,-3,-4,-58
1759482630.0776248,-4,-2,-46
1759482630.1146247,2,-8,-41
1759482630.1536248,-2,-2,-35
1759482630.1896248,-6,-1,-34
1759482630.227625,-5,-3,-39
1759482630.2656248,-2,-1,-35
1759482630.3046248,-5,0,-36
1759482630.3406248,-5,1,-40
1759482630.3776248,0,0,-33
1759482630.4156249,-4,-3,-32
1759482630.454625,-6,0,-35
1759482630.4916248,-1,-5,-28
1759482630.5286248,0,-3,-33
1759482630.5676248,3,-2,-35
1759482630.605625,2,-11,-30
1759482630.6436248,3,-3,-35
1759482630.6796248,1,0,-34
1759482630.717625,3,5,-52
1759482630.7556248,2,4,-47
1759482630.7936249,0,3,-41
1759482630.829625,1,0,-38
1759482630.8666248,-2,-5,-32
1759482630.9056249,1,-2,-40
1759482630.9436247,-1,0,-30
1759482630.9796247,-1,-3,-36
1759482631.0186248,11,1,-39
1759482631.0556247,2,-2,-41
1759482631.0946248,0,2,-42
1759482631.1306248,5,1,-33
1759482631.1686249,0,-1,-46
1759482631.2066247,-3,-2,-36
1759482631.2446249,-5,0,-40
1759482631.2806249,2,-4,-40
1759482631.3186247,-3,0,-36
1759482631.355625,-12,0,-35
1759482631.3946247,-9,4,-38
1759482631.4306247,-6,1,-31
1759482631.4686248,-2,1,-24
1759482631.5056248,-4,3,-25
1759482631.5446248,-10,0,-32
1759482631.5806248,-7,1,-40
1759482631.6186247,-2,-6,-48
1759482631.6556249,1,1,-34
1759482631.694625,5,5,-44
1759482631.730625,-1,0,-44
1759482631.7686248,-5,-3,-30
1759482631.8056247,5,-5,-40
1759482631.8446248,1,3,-41
1759482631.8806248,-1,0,-34
1759482631.9186249,-2,-2,-47
1759482631.9556248,1,-1,-47
1759482631.9946249,5,6,-55
1759482632.0306249,1,-2,-41
1759482632.0686247,2,4,-39
1759482632.1066248,-2,4,-45
1759482632.1456249,2,-6,-37
1759482632.181625,0,-1,-31
1759482632.2186248,-7,1,-37
1759482632.2566247,1,0,-47
1759482632.2956247,0,-12,-40
1759482632.3316247,-1,-3,-23
1759482632.3696249,1,2,-31
1759482632.4076247,0,0,-38
1759482632.4456248,-1,2,-34
1759482632.4846249,-3,-3,-36
1759482632.5206249,-5,-6,-31
1759482632.5586247,-3,2,-25
1759482632.5966249,-4,0,-31
1759482632.635625,0,-3,-42
1759482632.671625,2,0,-32
1759482632.7086248,-7,-4,-31
1759482632.7466247,-3,0,-44
1759482632.7856247,-6,0,-35
1759482632.8216248,-4,2,-42
1759482632.8596249,1,-6,-53
1759482632.8966248,2,0,-35
1759482632.9356248,0,3,-48
1759482632.9716249,-1,5,-44
1759482633.0096247,-3,0,-40
1759482633.0486248,1,0,-25
1759482633.0866249,1,4,-35
1759482633.1246247,-4,3,-42
1759482633.1606247,-1,1,-34
1759482633.1996248,4,3,-36
1759482633.237625,-2,7,-55
1759482633.2756248,0,6,-52
1759482633.3126247,-2,0,-46
1759482633.3496249,0,0,-48
1759482633.3876247,-4,-2,-39
1759482633.4266248,-2,-2,-35
1759482633.464625,-3,-4,-44
1759482633.500625,-5,0,-52
1759482633.5376248,-1,-6,-41
1759482633.5766249,-5,0,-35
1759482633.6146247,-2,2,-31
1759482633.6506248,0,6,-41
1759482633.6876247,0,-2,-48
1759482633.7266247,-2,0,-49
1759482633.7626247,-3,-1,-47
1759482633.8006248,-2,0,-28
1759482633.8386247,-1,2,-48
1759482633.8766248,-3,2,-42
1759482633.9156249,-10,-3,-44
1759482633.9516249,-10,3,-42
1759482633.9896247,-7,0,-39
1759482634.0276248,3,-2,-41
1759482634.0666249,-8,-1,-33
1759482634.102625,-7,0,-31
1759482634.1416247,0,-2,-40
1759482634.1796248,-2,0,-44
1759482634.217625,-3,-12,-49
1759482634.2556248,-5,-7,-31
1759482634.2916248,-7,-5,-38
1759482634.329625,0,-5,-36
1759482634.3676248,-6,-6,-40
1759482634.4066248,-3,-5,-37
1759482634.4426248,-6,-4,-36
1759482634.4816248,-1,4,-36
1759482634.5186248,1,4,-35
1759482634.5576248,-6,1,-30
1759482634.5956247,2,3,-43
1759482634.6316247,-1,0,-37
1759482634.6706247,0,6,-28
1759482634.707625,9,-2,-36
1759482634.7466247,3,-2,-34
1759482634.7906249,3,-2,-41
1759482634.8286247,-6,0,-30
1759482634.8666248,0,4,-28
1759482634.9026248,2,0,-29
1759482634.9406247,0,-6,-40
1759482634.9786248,2,-1,-37
1759482635.0166247,-1,-7,-45
1759482635.0526247,-2,0,-47
1759482635.0916247,1,-5,-34
1759482635.1296248,7,3,-32
1759482635.1676247,6,-7,-35
1759482635.2056248,-1,-9,-42
1759482635.2426248,-7,-6,-48
1759482635.2796247,0,0,-33
1759482635.3176248,-7,0,-35
1759482635.3566248,-3,4,-35
1759482635.3926249,2,-3,-37
1759482635.4306247,0,-3,-37
1759482635.4686248,-2,0,-33
1759482635.5076249,0,-4,-39
1759482635.5436249,-4,-1,-53
1759482635.5816247,-6,-5,-47
1759482635.6206248,-3,-3,-46
1759482635.658625,-2,-2,-37
1759482635.6966248,-2,-4,-32
1759482635.7326248,-5,5,-33
1759482635.7706249,4,0,-42
1759482635.8086247,-1,2,-42
1759482635.8476248,-6,-4,-39
1759482635.8836248,-8,-3,-35
1759482635.9226248,-9,0,-32
1759482635.9596248,-5,-8,-34
1759482635.9976249,-5,-7,-44
1759482636.036625,3,0,-45
1759482636.0726247,5,9,-41
1759482636.1106248,0,-6,-35
1759482636.1496248,1,-4,-27
1759482636.1876247,7,-4,-40
1759482636.2236247,6,0,-41
1759482636.260625,2,1,-40
1759482636.2996247,-1,-4,-42
1759482636.3376248,6,-3,-46
1759482636.3736248,0,-13,-31
1759482636.4126248,2,-3,-33
1759482636.4496248,7,2,-40
1759482636.4886248,0,3,-52
1759482636.526625,4,6,-44
1759482636.5626247,1,1,-46
1759482636.5996249,1,0,-35
1759482636.638625,-5,-1,-43
1759482636.6766248,-1,2,-34
1759482636.7126248,-3,-1,-31
1759482636.750625,0,-2,-37
1759482636.7886248,0,2,-39
1759482636.8276248,0,-3,-41
1759482636.8636248,1,2,-38
1759482636.9026248,-1,3,-36
1759482636.9406247,-1,-3,-27
1759482636.9786248,-8,-5,-46
1759482637.0166247,0,2,-44
1759482637.0526247,-1,0,-38
1759482637.089625,-7,2,-40
1759482637.128625,-7,0,-48
1759482637.1666248,-3,5,-37
1759482637.2026248,-1,1,-39
1759482637.2396247,-1,2,-29
1759482637.2786248,5,1,-43
1759482637.3146248,1,4,-50
1759482637.352625,-2,7,-51
1759482637.3906248,4,0,-51
1759482637.4286249,3,4,-41
1759482637.464625,3,2,-47
1759482637.5026248,-1,4,-48
1759482637.5406249,1,0,-43
1759482637.5786247,-2,0,-33
1759482637.6146247,-4,-1,-32
1759482637.6526248,1,-9,-40
1759482637.6916249,3,-5,-51
1759482637.7286248,3,4,-35
1759482637.7676249,2,-1,-46
1759482637.8036249,6,0,-32
1759482637.8416247,1,4,-42
1759482637.878625,7,0,-39
1759482637.9176247,9,4,-39
1759482637.9536247,6,1,-40
1759482637.9916248,1,1,-46
1759482638.0296247,-4,0,-49
1759482638.0676248,-6,-7,-41
1759482638.1036248,0,0,-30
1759482638.1416247,1,-5,-38
1759482638.1796248,1,-2,-44
1759482638.217625,-5,0,-31
1759482638.253625,-6,2,-35
1759482638.2916248,-6,1,-40
1759482638.329625,-7,-4,-49
1759482638.3676248,3,0,-35
1759482638.4036248,4,0,-47
1759482638.4416249,-2,-1,-46
1759482638.4796247,-2,1,-48
1759482638.5176249,-5,-1,-36
1759482638.5536249,0,-1,-31
1759482638.5916247,2,-7,-35
1759482638.6296248,0,-1,-44
1759482638.6676247,0,-1,-54
1759482638.7036247,2,-2,-42
1759482638.7416248,12,2,-38
1759482638.7796247,0,1,-46
1759482638.8176248,-1,1,-44
1759482638.8536248,1,1,-51
1759482638.8916247,-5,0,-44
1759482638.9296248,-1,4,-37
1759482638.9656248,0,1,-34
1759482639.0026248,4,-1,-39
1759482639.0406249,6,3,-43
1759482639.079625,1,8,-42
1759482639.115625,3,0,-41
1759482639.1526248,0,0,-36
1759482639.1916249,-2,8,-32
1759482639.2296247,5,0,-32
1759482639.2656248,13,-2,-35
1759482639.3036249,2,2,-34
1759482639.3416247,2,0,-38
1759482639.3806248,4,0,-44
1759482639.4186249,5,-2,-35
1759482639.454625,2,-1,-27
1759482639.4936247,2,1,-29
1759482639.5316248,-2,1,-33
1759482639.569625,-5,0,-40
1759482639.605625,-7,2,-46
1759482639.6446247,1,-2,-39
1759482639.681625,-1,1,-34
1759482639.7206247,5,5,-33
1759482639.7586248,3,0,-44
1759482639.7946248,5,1,-36
1759482639.8316247,-5,-9,-32
1759482639.8706248,-3,7,-39
1759482639.908625,-1,3,-38
1759482639.944625,0,1,-44
1759482639.9816248,3,-3,-41
1759482640.0206249,3,-5,-44
1759482640.0586247,4,0,-39
1759482640.0946248,1,3,-34
1759482640.1316247,6,0,-40
1759482640.1706247,3,-5,-42
1759482640.2086248,10,-1,-45
1759482640.2446249,5,0,-48
1759482640.2816248,2,-9,-53
1759482640.3206248,3,-5,-47
1759482640.3586247,-1,-4,-33
1759482640.3946247,1,0,-37
1759482640.4326248,5,-2,-29
1759482640.4706247,9,-2,-30
1759482640.5086248,0,-2,-35
1759482640.5446248,1,2,-31
1759482640.582625,0,0,-42
1759482640.6206248,-1,3,-36
1759482640.658625,2,0,-43
1759482640.694625,-7,-2,-48
1759482640.7326248,-3,4,-41
1759482640.7706249,-5,0,-38
1759482640.809625,3,3,-46
1759482640.8456247,4,1,-46
1759482640.8846247,0,-5,-39
1759482640.9226248,3,0,-41
1759482640.9606247,1,1,-41
1759482640.9966247,1,-2,-50
1759482641.0346248,5,2,-42
1759482641.0706248,-2,-2,-41
1759482641.1096249,-7,-2,-29
1759482641.1456249,-7,-6,-33
1759482641.184625,-4,1,-38
1759482641.2216249,-1,-2,-34
1759482641.260625,1,0,-41
1759482641.296625,3,1,-40
1759482641.3336248,2,-3,-41
1759482641.3716247,0,2,-52
1759482641.4106247,-3,0,-44
1759482641.4466248,0,0,-41
1759482641.4846249,0,1,-47
1759482641.5216248,-5,1,-45
1759482641.5606248,0,-3,-39
1759482641.5966249,0,-6,-48
1759482641.6346247,6,0,-40
1759482641.6736248,1,-5,-35
1759482641.7116249,8,0,-45
1759482641.7496247,-2,4,-41
1759482641.7856247,1,2,-39
1759482641.8236248,-1,-2,-32
1759482641.8616247,-3,-3,-34
1759482641.8996248,-1,-3,-47
1759482641.9356248,-1,0,-40
1759482641.9736247,1,-4,-63
1759482642.0116248,-1,-2,-51
1759482642.0496247,0,-1,-40
1759482642.0856247,-3,3,-33
1759482642.1226249,0,-3,-35
1759482642.161625,-4,3,-39
1759482642.1996248,-12,1,-44
1759482642.2356248,-7,0,-46
1759482642.273625,-2,10,-36
1759482642.3116248,0,4,-48
1759482642.3506248,-3,4,-55
1759482642.3866248,1,-2,-51
1759482642.4246247,0,0,-39
1759482642.4626248,-1,2,-34
1759482642.5016248,6,2,-30
1759482642.5376248,2,3,-34
1759482642.5756247,0,0,-43
1759482642.612625,6,1,-26
1759482642.651625,4,-1,-37
1759482642.6876247,-1,8,-39
1759482642.7246249,8,-9,-48
1759482642.763625,1,-3,-28
1759482642.8016248,-2,2,-35
1759482642.8376248,-3,2,-33
1759482642.8766248,7,-2,-37
1759482642.9136248,1,-3,-45
1759482642.9516249,6,-2,-40
1759482642.990625,1,0,-46
1759482643.026625,-3,1,-51
1759482643.0636249,0,-5,-47
1759482643.1016247,0,-7,-25
1759482643.1406248,-7,0,-36
1759482643.1766248,-4,-3,-36
1759482643.214625,1,1,-42
1759482643.2526248,-4,0,-48
1759482643.2916248,-5,-1,-43
1759482643.3276248,1,-3,-35
1759482643.365625,2,0,-33
1759482643.4046247,-11,5,-46
1759482643.4426248,-11,1,-50
1759482643.480625,4,-2,-40
1759482643.5166247,0,0,-47
1759482643.5546248,1,-2,-37
1759482643.592625,1,2,-38
1759482643.6306248,0,1,-37
1759482643.6666248,-1,-2,-20
1759482643.7056248,-4,-1,-39
1759482643.7426248,0,-2,-38
1759482643.7816248,-3,0,-45
1759482643.8176248,4,0,-42
1759482643.855625,2,0,-38
1759482643.8926249,-9,2,-50
1759482643.931625,0,-2,-39
1759482643.967625,0,-3,-30
1759482644.0056248,0,-4,-40
1759482644.0426247,3,-3,-25
1759482644.0816247,-1,-4,-34
1759482644.1176248,-1,-6,-35
1759482644.1556249,-5,4,-52
1759482644.1936247,2,-1,-39
1759482644.2326248,3,-2,-37
1759482644.2686248,2,-1,-39
1759482644.3056247,5,-8,-29
1759482644.3436248,-1,-1,-43
1759482644.3826249,0,-1,-45
1759482644.4186249,2,0,-45
1759482644.4566247,1,5,-27
1759482644.4936247,-7,6,-35
1759482644.5326247,4,3,-30
1759482644.5686247,5,-2,-26
1759482644.605625,2,-2,-32
1759482644.6436248,-2,0,-29
1759482644.6826248,-1,5,-42
1759482644.7186248,1,1,-39
1759482644.7556248,0,-3,-42
1759482644.8016248,7,2,-44
1759482644.8376248,6,0,-38
1759482644.875625,1,4,-39
1759482644.9146247,-4,0,-51
1759482644.9526248,-3,-1,-49
1759482644.9886248,0,0,-45
1759482645.0256248,-3,-1,-45
1759482645.0636249,-4,-2,-38
1759482645.102625,-3,1,-42
1759482645.138625,0,2,-33
1759482645.1756248,1,-1,-46
1759482645.2136247,0,0,-40
1759482645.2526248,0,-3,-26
1759482645.2886248,-1,0,-35
1759482645.3256247,-3,0,-41
1759482645.3636248,3,5,-39
1759482645.4026248,0,3,-50
1759482645.4386249,-4,2,-42
1759482645.4766247,-6,0,-49
1759482645.5156248,-1,5,-35
1759482645.5536249,-3,4,-30
1759482645.5916247,8,0,-32
1759482645.6276248,4,0,-34
1759482645.6646247,4,-1,-36
1759482645.7036247,0,-5,-43
1759482645.7416248,3,4,-47
1759482645.7776248,0,-3,-47
1759482645.8146248,1,-1,-45
1759482645.8536248,-2,0,-34
1759482645.8916247,1,2,-50
1759482645.9276247,0,-2,-53
1759482645.9656248,-2,2,-38
1759482646.003625,4,4,-34
1759482646.0416248,5,0,-57
1759482646.0776248,10,4,-45
1759482646.115625,6,-4,-46
1759482646.1536248,1,4,-52
1759482646.1896248,4,0,-43
1759482646.2266247,-2,4,-40
1759482646.2656248,6,7,-44
1759482646.3036249,4,4,-38
1759482646.339625,-12,1,-40
1759482646.3776248,-9,2,-41
1759482646.4156249,0,4,-41
1759482646.454625,1,4,-34
1759482646.4926248,6,0,-41
1759482646.5286248,4,2,-26
1759482646.5666249,-4,0,-35
1759482646.6046247,-5,-2,-37
1759482646.6426249,-3,3,-32
1759482646.6786249,-1,-1,-33
1759482646.7166247,1,3,-39
1759482646.7546248,2,7,-36
1759482646.7936249,-2,1,-30
1759482646.829625,-1,1,-30
1759482646.8676248,-2,0,-37
1759482646.9056249,4,1,-36
1759482646.944625,3,-2,-33
1759482646.9826248,0,4,-33
1759482647.0186248,5,4,-42
1759482647.056625,1,4,-59
1759482647.0956247,3,-3,-55
1759482647.1336248,7,1,-42
1759482647.1696248,0,4,-35
1759482647.2066247,4,3,-34
1759482647.2456248,-4,0,-31
1759482647.283625,-5,-2,-38
1759482647.319625,2,-3,-38
1759482647.3566248,0,-4,-34
1759482647.3956249,1,9,-45
1759482647.4336247,-3,0,-36
1759482647.4696248,-7,0,-41
1759482647.5076249,0,0,-50
1759482647.5456247,3,-1,-44
1759482647.5846248,2,6,-40
1759482647.6226249,6,4,-31
1759482647.658625,6,4,-37
1759482647.6966248,4,4,-39
1759482647.7346249,-5,1,-36
1759482647.7706249,-1,0,-34
1759482647.8086247,1,-3,-38
1759482647.8466249,5,-1,-40
1759482647.8846247,2,0,-47
1759482647.9236248,-3,0,-48
1759482647.9596248,0,0,-41
1759482647.9986248,0,0,-42
1759482648.0356247,-5,-3,-43
1759482648.0746248,-6,2,-34
1759482648.1106248,-11,5,-21
1759482648.148625,2,4,-41
1759482648.1876247,4,1,-48
1759482648.2256248,1,-1,-41
1759482648.263625,3,5,-28
1759482648.2996247,5,3,-31
1759482648.3376248,2,-1,-31
1759482648.3746247,1,1,-39
1759482648.4146247,-1,-3,-41
1759482648.4506247,5,-1,-40
1759482648.487625,0,-1,-47
1759482648.5256248,3,3,-50
1759482648.5646248,2,-1,-41
1759482648.6006248,3,1,-45
1759482648.6376247,11,1,-41
1759482648.6756248,2,4,-33
1759482648.714625,2,0,-37
1759482648.750625,1,0,-39
1759482648.7876248,0,-4,-37
1759482648.8266249,3,-6,-39
1759482648.8646247,5,0,-39
1759482648.9006248,-2,-5,-44
1759482648.9386249,3,5,-46
1759482648.977625,-1,1,-37
1759482649.0156248,2,-1,-43
1759482649.0536249,0,1,-40
1759482649.089625,-7,9,-36
1759482649.1276248,-6,3,-39
1759482649.1656249,-12,3,-20
1759482649.2036247,0,10,-30
1759482649.2396247,-1,9,-29
1759482649.276625,-5,1,-36
1759482649.3156247,3,-1,-35
1759482649.3536248,0,0,-28
1759482649.3896248,-8,-1,-37
1759482649.4286249,2,-1,-46
1759482649.4656248,0,5,-43
1759482649.5046248,-1,7,-28
1759482649.5406249,2,4,-22
1759482649.5786247,-2,0,-34
1759482649.615625,-6,-1,-43
1759482649.6546247,-4,-1,-44
1759482649.6906247,-2,-1,-21
1759482649.7296247,11,0,-43
1759482649.7666247,5,4,-34
1759482649.8056247,0,6,-29
1759482649.8416247,0,-2,-37
1759482649.8796248,-2,4,-27
1759482649.9186249,3,0,-31
1759482649.9556248,3,3,-41
1759482649.9946249,4,4,-43
1759482650.0306249,0,0,-42
1759482650.0676248,-3,2,-42
1759482650.105625,1,0,-34
1759482650.1446247,0,1,-38
1759482650.1806247,-3,-3,-38
1759482650.2186248,-2,0,-43
1759482650.2566247,-1,0,-38
1759482650.2956247,-5,-4,-36
1759482650.3316247,1,-1,-41
1759482650.3686247,-5,8,-41
1759482650.4066248,4,0,-40
1759482650.4456248,0,1,-43
1759482650.4816248,-1,-3,-40
1759482650.5196247,-9,-3,-40
1759482650.5586247,1,4,-39
1759482650.5966249,8,-1,-48
1759482650.6346247,4,-5,-38
1759482650.6706247,2,-7,-40
1759482650.7086248,8,-4,-47
1759482650.7466247,4,-7,-44
1759482650.7856247,-2,-2,-34
1759482650.8226247,1,-1,-38
1759482650.8596249,-4,-2,-32
1759482650.898625,3,1,-28
1759482650.9366248,0,1,-42
1759482650.9746249,-1,-4,-39
1759482651.010625,-6,-2,-31
1759482651.0486248,0,2,-33
1759482651.0876248,2,2,-38
1759482651.125625,-3,0,-40
1759482651.161625,1,4,-40
1759482651.1996248,1,2,-45
1759482651.237625,2,2,-34
1759482651.2756248,4,-2,-48
1759482651.3116248,1,-5,-35
1759482651.3486247,-8,-1,-36
1759482651.3866248,-2,1,-48
1759482651.4256248,-9,4,-41
1759482651.4616249,-4,2,-48
1759482651.4996247,0,0,-41
1759482651.5376248,-1,3,-46
1759482651.5766249,2,-1,-40
1759482651.612625,1,7,-44
1759482651.6496248,4,5,-41
1759482651.6876247,8,0,-46
1759482651.7266247,1,0,-45
1759482651.7626247,-6,7,-35
1759482651.8016248,1,2,-35
1759482651.839625,0,-2,-39
1759482651.8776248,0,-6,-42
1759482651.9156249,-1,1,-38
1759482651.9516249,1,5,-36
1759482651.9896247,-3,-2,-49
1759482652.0276248,0,0,-46
1759482652.0656247,1,-4,-38
1759482652.102625,2,-3,-41
1759482652.1396248,3,-1,-31
1759482652.1776247,-1,0,-30
1759482652.2166247,-2,-1,-37
1759482652.2526248,3,1,-30
1759482652.2896247,-1,-5,-51
1759482652.3286247,2,-3,-51
1759482652.3666248,-1,-3,-53
1759482652.4026248,-3,-7,-52
1759482652.4406247,2,-2,-44
1759482652.4786248,0,-1,-38
1759482652.5176249,5,-3,-30
1759482652.5556247,8,0,-31
1759482652.592625,0,0,-41
1759482652.6306248,1,4,-29
1759482652.6676247,3,-3,-29
1759482652.7066247,-4,-2,-31
1759482652.7426248,-5,-9,-34
1759482652.7806249,0,-3,-40
1759482652.819625,0,1,-42
1759482652.8576248,1,-3,-38
1759482652.8936248,1,-4,-55
1759482652.9306247,0,-5,-40
1759482652.9696248,0,-5,-19
1759482653.0076249,2,0,-36
1759482653.0436249,2,-2,-46
1759482653.0816247,4,-6,-45
1759482653.1206248,-1,3,-36
1759482653.1576247,-5,1,-30
1759482653.1966248,-9,-2,-45
1759482653.2326248,-8,-3,-40
1759482653.2706249,0,1,-33
1759482653.3086247,4,0,-41
1759482653.3476248,3,9,-38
1759482653.3836248,2,2,-42
1759482653.4206247,0,2,-41
1759482653.4586248,0,-2,-33
1759482653.4976249,4,2,-31
1759482653.533625,4,-1,-30
1759482653.5726247,4,1,-44
1759482653.6106248,0,-2,-44
1759482653.648625,0,0,-35
1759482653.6866248,-3,-5,-38
1759482653.7226248,-4,-5,-44
1759482653.760625,-9,0,-50
1759482653.7986248,-5,0,-41
1759482653.8376248,-2,-1,-37
1759482653.8736248,-1,-1,-32
1759482653.9126248,1,1,-36
1759482653.9496248,7,-2,-38
1759482653.9886248,9,1,-31
1759482654.026625,9,2,-42
1759482654.0626247,6,-5,-50
1759482654.0996249,5,3,-39
1759482654.138625,5,0,-32
1759482654.1766248,3,-2,-26
1759482654.2126248,6,-3,-31
1759482654.2516248,1,-2,-32
1759482654.2896247,0,-4,-39
1759482654.3276248,3,-2,-38
1759482654.3636248,-5,-1,-31
1759482654.401625,1,-4,-36
1759482654.4396248,0,-3,-33
1759482654.4786248,3,2,-37
1759482654.5166247,1,0,-39
1759482654.5526247,3,0,-44
1759482654.589625,1,-6,-38
1759482654.628625,2,1,-36
1759482654.6646247,2,0,-33
1759482654.7016249,6,-2,-37
1759482654.7396247,0,-4,-48
1759482654.7786248,3,3,-39
1759482654.8226247,5,1,-39
1759482654.8606248,2,5,-46
1759482654.898625,0,0,-43
1759482654.934625,3,-2,-39
1759482654.9736247,1,2,-28
1759482655.0116248,4,3,-40
1759482655.0486248,3,2,-42
1759482655.0876248,1,1,-53
1759482655.1236248,7,-1,-49
1759482655.161625,12,-1,-47
1759482655.2006247,3,2,-37
1759482655.2386248,0,-1,-29
1759482655.2746248,-7,0,-40
1759482655.3136249,5,-3,-45
1759482655.3516247,-2,4,-42
1759482655.3896248,0,1,-41
1759482655.4276247,3,5,-36
1759482655.4636247,-4,3,-39
1759482655.5016248,0,3,-31
1759482655.5396247,1,0,-33
1759482655.5776248,10,0,-28
1759482655.6136248,0,-2,-42
1759482655.651625,2,7,-43
1759482655.6896248,4,0,-44
1759482655.727625,-2,-4,-39
1759482655.763625,-3,-6,-32
1759482655.8016248,-2,-3,-41
1759482655.839625,-4,-6,-30
1759482655.878625,-5,-5,-38
1759482655.9146247,-1,-1,-44
1759482655.9526248,-1,4,-33
1759482655.9916248,-3,1,-40
1759482656.0296247,2,4,-35
1759482656.0676248,-2,2,-41
1759482656.1036248,0,2,-29
1759482656.1416247,0,6,-41
1759482656.1796248,1,4,-45
1759482656.217625,2,4,-39
1759482656.253625,-1,-4,-35
1759482656.2926247,7,0,-44
1759482656.329625,-3,1,-48
1759482656.3686247,0,0,-41
1759482656.4046247,3,0,-37
1759482656.4436247,1,5,-34
1759482656.480625,1,-1,-38
1759482656.5196247,4,2,-38
1759482656.5556247,-1,-9,-33
1759482656.5936248,-1,-12,-36
1759482656.6316247,0,-9,-32
1759482656.6696248,-3,-2,-38
1759482656.7086248,0,-5,-40
1759482656.7446249,-1,-2,-44
1759482656.783625,1,-6,-39
1759482656.8216248,0,-3,-46
1759482656.8596249,4,1,-46
1759482656.8956249,12,3,-42
1759482656.9336247,1,3,-36
1759482656.9716249,-5,2,-49
1759482657.0096247,1,-2,-41
1759482657.0456247,-1,0,-45
1759482657.0836248,5,-3,-41
1759482657.1216247,6,-3,-36
1759482657.1596248,2,0,-42
1759482657.1956248,8,-1,-41
1759482657.2336247,3,0,-54
1759482657.2716248,-5,0,-47
1759482657.309625,0,3,-44
1759482657.3456247,3,-2,-44
1759482657.3836248,-5,-1,-46
1759482657.421625,-5,-3,-51
1759482657.4596248,3,-4,-42
1759482657.4956248,7,-3,-43
1759482657.533625,3,-5,-48
1759482657.5716248,-5,-9,-45
1759482657.6096249,-6,-7,-42
1759482657.6456249,-3,-1,-41
1759482657.684625,-2,-2,-43
1759482657.7216249,-2,2,-38
1759482657.760625,3,1,-44
1759482657.7986248,6,-2,-36
1759482657.8346248,1,0,-41
1759482657.8716247,-2,-6,-37
1759482657.9106247,2,-4,-42
1759482657.9486248,-2,4,-36
1759482657.9846249,-5,3,-39
1759482658.0216248,3,0,-41
1759482658.0606248,-1,-9,-38
1759482658.0966249,0,0,-38
1759482658.1346247,6,0,-41
1759482658.171625,-2,-2,-37
1759482658.2106247,2,0,-40
1759482658.2466247,-1,2,-34
1759482658.2846248,1,-5,-38
1759482658.3226247,6,-8,-36
1759482658.3606248,4,-3,-50
1759482658.3996248,8,-2,-30
1759482658.4366248,8,-5,-40
1759482658.4746249,9,-4,-40
1759482658.5126247,7,0,-40
1759482658.5506248,1,3,-21
1759482658.5866249,0,2,-32
1759482658.6236248,6,0,-47
1759482658.6626248,7,-4,-41
1759482658.7006247,1,-3,-40
1759482658.7366247,-3,-5,-39
1759482658.7756248,0,-2,-37
1759482658.8126247,0,-1,-28
1759482658.8516247,-1,-1,-33
1759482658.8896248,-9,0,-44
1759482658.9256248,-4,-3,-41
1759482658.964625,3,0,-49
1759482659.0026248,-1,-3,-35
1759482659.0406249,-4,-1,-37
1759482659.0776248,0,-5,-41
1759482659.1146247,10,1,-48
1759482659.1526248,6,0,-46
1759482659.1916249,0,-1,-52
1759482659.2296247,1,0,-52
1759482659.2656248,2,3,-47
1759482659.3026247,2,6,-46
1759482659.3416247,0,6,-34
1759482659.3796248,-2,1,-41
1759482659.4156249,5,2,-37
1759482659.4526248,16,4,-25
1759482659.4916248,-1,-2,-41
1759482659.5296247,-3,-3,-46
1759482659.5656247,2,2,-38
1759482659.602625,3,-1,-32
1759482659.6416247,3,5,-37
1759482659.6796248,2,1,-41
1759482659.7156248,1,0,-32
1759482659.7526248,-6,6,-47
1759482659.7916248,1,3,-39
1759482659.8276248,2,-6,-42
1759482659.865625,0,1,-48
1759482659.9036248,-3,0,-34
1759482659.9416249,1,5,-33
1759482659.977625,3,4,-34
1759482660.0156248,1,11,-39
1759482660.0536249,0,1,-41
1759482660.0916247,7,5,-42
1759482660.1276248,1,2,-35
1759482660.1656249,4,3,-40
1759482660.2036247,-2,2,-41
1759482660.2416248,1,0,-42
1759482660.2776248,0,2,-49
1759482660.3156247,1,3,-40
1759482660.3536248,0,1,-47
1759482660.3916247,2,-2,-45
1759482660.4276247,0,0,-48
1759482660.4656248,5,4,-50
1759482660.503625,-3,0,-39
1759482660.5416248,1,0,-36
1759482660.5776248,-4,-3,-44
1759482660.6166248,1,0,-34
1759482660.6536248,-3,0,-35
1759482660.6926248,-2,-4,-34
1759482660.730625,-1,0,-24
1759482660.7666247,0,0,-36
1759482660.8046248,0,-2,-41
1759482660.842625,-7,1,-47
1759482660.8806248,-7,-1,-40
1759482660.9166248,-1,-3,-43
1759482660.954625,0,-3,-47
1759482660.9926248,0,1,-38
1759482661.0316248,-2,-2,-34
1759482661.0676248,0,-4,-35
1759482661.1046247,-2,-2,-38
1759482661.1426249,-3,0,-31
1759482661.1806247,4,8,-35
1759482661.2166247,9,1,-30
1759482661.253625,-1,0,-39
1759482661.2926247,-3,0,-43
1759482661.3306248,-2,0,-37
1759482661.3666248,-2,1,-31
1759482661.4036248,1,0,-36
1759482661.4426248,0,0,-27
1759482661.480625,-8,1,-24
1759482661.5176249,-3,9,-26
1759482661.5556247,-2,1,-30
1759482661.5946248,0,0,-33
1759482661.6326249,-12,5,-37
1759482661.6686249,-7,3,-29
1759482661.707625,3,2,-47
1759482661.7446249,4,0,-46
1759482661.783625,1,1,-36
1759482661.8216248,-6,0,-36
1759482661.8576248,-6,-4,-37
1759482661.8956249,0,0,-40
1759482661.9336247,0,0,-48
1759482661.9726248,-1,0,-38
1759482662.0086248,-5,-3,-39
1759482662.046625,1,-1,-47
1759482662.0856247,1,1,-50
1759482662.1226249,1,0,-33
1759482662.161625,-4,1,-34
1759482662.1976247,0,1,-32
1759482662.2356248,-3,6,-44
1759482662.273625,-5,2,-43
1759482662.3116248,-1,2,-35
1759482662.3476248,-2,0,-34
1759482662.3866248,-2,0,-29
1759482662.4236248,3,0,-32
1759482662.4626248,-1,0,-42
1759482662.4996247,0,0,-54
1759482662.536625,-3,-1,-43
1759482662.5746248,7,3,-49
1759482662.6136248,10,3,-44
1759482662.651625,4,-1,-47
1759482662.6876247,0,-1,-47
1759482662.7256248,-1,1,-36
1759482662.763625,1,0,-38
1759482662.8016248,-2,2,-33
1759482662.8376248,-3,0,-31
1759482662.875625,-2,4,-32
1759482662.9146247,0,4,-34
1759482662.9526248,-1,0,-37
1759482662.9886248,0,0,-42
1759482663.0256248,-4,-3,-41
1759482663.0646248,1,-9,-48
1759482663.102625,1,4,-39
1759482663.138625,4,0,-36
1759482663.1756248,0,0,-42
1759482663.214625,0,0,-41
1759482663.2526248,3,-1,-46
1759482663.2886248,-3,0,-41
1759482663.3266249,-1,-5,-45
1759482663.3646247,2,-3,-31
1759482663.4026248,-1,0,-44
1759482663.4386249,-5,-6,-40
1759482663.477625,4,0,-49
1759482663.5156248,4,-1,-39
1759482663.5536249,3,0,-43
1759482663.589625,3,-6,-37
1759482663.6276248,-12,1,-40
1759482663.6666248,-5,2,-34
1759482663.7036247,-4,0,-25
1759482663.7426248,-5,-2,-40
1759482663.7786248,-5,0,-36
1759482663.8166249,0,-5,-34
1759482663.8546247,0,-4,-53
1759482663.8936248,-5,1,-43
1759482663.9296248,4,0,-50
1759482663.967625,8,4,-41
1759482664.0066247,0,-4,-39
1759482664.0446248,1,-1,-30
1759482664.082625,-4,-5,-40
1759482664.1186247,-1,1,-37
1759482664.1576247,0,0,-42
1759482664.194625,-1,2,-52
1759482664.2336247,-3,3,-48
1759482664.2696247,0,5,-38
1759482664.306625,2,2,-35
1759482664.3446248,1,0,-39
1759482664.3836248,10,-1,-43
1759482664.4196248,3,-2,-24
1759482664.457625,-6,0,-36
1759482664.4966247,0,0,-38
1759482664.5346248,-1,4,-35
1759482664.5726247,0,0,-44
1759482664.6086247,-4,-6,-38
1759482664.6466248,-4,-7,-49
1759482664.6856248,-1,-2,-44
1759482664.7236247,-1,8,-42
1759482664.7596247,2,3,-40
1759482664.7976248,2,3,-44
1759482664.842625,1,5,-35
1759482664.878625,-8,1,-25
1759482664.9176247,-6,-1,-31
1759482664.954625,-5,4,-26
1759482664.9936247,-2,7,-38
1759482665.0296247,0,3,-37
1759482665.0666249,0,0,-29
1759482665.105625,1,2,-38
1759482665.1436248,0,4,-33
1759482665.1796248,-7,6,-29
1759482665.217625,0,-1,-31
1759482665.2546248,0,6,-36
1759482665.2936249,1,2,-37
1759482665.329625,1,-6,-38
1759482665.3686247,-6,-2,-38
1759482665.4056249,-4,-2,-33
1759482665.4436247,-8,-3,-39
1759482665.4796247,0,-4,-41
1759482665.5186248,0,0,-43
1759482665.5556247,3,0,-39
1759482665.5946248,2,-4,-17
1759482665.6316247,8,5,-27
1759482665.6686249,0,6,-44
1759482665.707625,0,3,-44
1759482665.7446249,1,4,-52
1759482665.783625,-5,6,-26
1759482665.819625,-7,3,-35
1759482665.8576248,-8,3,-41
1759482665.8966248,-2,5,-35
1759482665.934625,-2,2,-34
1759482665.9706247,2,4,-35
1759482666.0086248,0,-8,-34
1759482666.046625,4,-4,-29
1759482666.0846248,3,-2,-38
1759482666.1206248,-3,-4,-39
1759482666.1596248,-7,-4,-40
1759482666.1976247,0,0,-42
1759482666.2356248,0,-2,-27
1759482666.273625,6,4,-32
1759482666.309625,-6,2,-40
1759482666.3476248,-4,8,-53
1759482666.385625,-3,4,-45
1759482666.4236248,-3,0,-40
1759482666.4596248,3,3,-48
1759482666.4976249,-2,-6,-50
1759482666.5356247,2,3,-51
1759482666.5736248,2,0,-48
1759482666.6096249,-3,4,-41
1759482666.6476247,-1,-1,-49
1759482666.6856248,3,0,-53
1759482666.7236247,5,-4,-45
1759482666.7596247,0,1,-34
1759482666.7976248,0,4,-49
1759482666.8356247,0,4,-49
1759482666.8716247,0,-1,-45
1759482666.9096248,-1,0,-45
1759482666.9496248,3,0,-50
1759482666.9866247,3,0,-41
1759482667.0256248,-1,-3,-41
1759482667.0616248,0,-1,-38
1759482667.0996249,-3,-1,-35
1759482667.138625,-3,-2,-49
1759482667.1756248,0,-5,-37
1759482667.214625,0,-2,-32
1759482667.250625,1,1,-33
1759482667.2886248,0,2,-40
1759482667.3256247,-1,4,-31
1759482667.3646247,1,10,-29
1759482667.4006248,2,0,-42
1759482667.4386249,2,-3,-31
1759482667.4766247,3,0,-36
1759482667.5146248,1,3,-34
1759482667.5506248,5,8,-38
1759482667.5886247,-3,8,-44
1759482667.6266248,-3,-2,-46
1759482667.6646247,6,-4,-50
1759482667.7006247,3,0,-42
1759482667.737625,-1,2,-37
1759482667.776625,-7,-2,-48
1759482667.8146248,-4,-4,-53
1759482667.8506248,-10,2,-44
1759482667.888625,-3,-2,-35
1759482667.9266248,2,4,-46
1759482667.964625,0,-4,-28
1759482668.000625,-1,-1,-37
1759482668.0396247,5,0,-31
1759482668.0776248,4,-3,-50
1759482668.115625,-3,7,-40
1759482668.151625,-3,6,-38
1759482668.1886249,5,2,-41
1759482668.2266247,-4,7,-43
1759482668.2656248,-2,7,-37
1759482668.3016248,5,-1,-40
1759482668.339625,-2,-6,-36
1759482668.3766248,-2,-3,-44
1759482668.4156249,3,-1,-57
1759482668.4516249,-3,2,-49
1759482668.490625,0,2,-51
1759482668.5286248,-3,1,-37
1759482668.5666249,0,8,-36
1759482668.602625,3,5,-40
1759482668.6396248,-1,-1,-42
1759482668.6786249,0,-2,-42
1759482668.7166247,3,-1,-39
1759482668.7526248,1,0,-38
1759482668.7906249,0,-3,-42
1759482668.8286247,-1,-1,-33
1759482668.8666248,-5,4,-37
1759482668.9026248,-3,-5,-35
1759482668.9416249,-4,-6,-44
1759482668.9796247,6,2,-37
1759482669.0166247,0,-7,-31
1759482669.0556247,1,5,-32
1759482669.0916247,-1,3,-32
1759482669.1296248,4,3,-40
1759482669.1676247,2,1,-30
1759482669.2066247,3,4,-44
1759482669.2426248,4,7,-42
1759482669.2796247,12,0,-33
1759482669.3176248,5,2,-36
1759482669.3566248,4,-2,-43
1759482669.3926249,-1,-5,-48
1759482669.4306247,3,0,-40
1759482669.4696248,-6,3,-33
1759482669.5076249,-6,5,-32
1759482669.5456247,4,7,-36
1759482669.5816247,4,3,-41
1759482669.6186247,-1,4,-50
1759482669.6576247,-3,4,-44
1759482669.6956248,-2,0,-40
1759482669.7316248,-1,1,-52
1759482669.7686248,4,-6,-38
1759482669.8076248,6,0,-36
1759482669.8456247,0,3,-38
1759482669.8816247,-3,0,-33
1759482669.9196248,0,-1,-40
1759482669.957625,2,2,-28
1759482669.9956248,5,-2,-45
1759482670.0316248,6,1,-33
1759482670.0686247,8,6,-44
1759482670.1076248,5,6,-35
1759482670.1456249,3,11,-41
1759482670.181625,11,-3,-44
1759482670.2206247,5,1,-44
1759482670.2576249,7,4,-28
1759482670.296625,5,4,-44
1759482670.332625,0,1,-38
1759482670.3696249,0,0,-45
1759482670.4076247,1,5,-46
1759482670.4466248,0,0,-40
1759482670.4826248,-8,-5,-41
1759482670.5206249,-4,1,-33
1759482670.5586247,1,4,-33
1759482670.5976248,-4,3,-36
1759482670.6336248,-3,0,-43
1759482670.671625,-1,-3,-36
1759482670.7086248,0,-2,-43
1759482670.7476249,7,8,-43
1759482670.783625,3,7,-41
1759482670.8216248,-4,8,-30
1759482670.8606248,5,8,-30
1759482670.8976247,0,6,-33
1759482670.9366248,0,0,-44
1759482670.9726248,2,4,-34
1759482671.010625,-2,0,-32
1759482671.0486248,8,0,-28
1759482671.0866249,0,0,-37
1759482671.1226249,3,1,-39
1759482671.1606247,-3,3,-34
1759482671.1986248,0,1,-33
1759482671.2366247,2,4,-33
1759482671.2726247,7,3,-22
1759482671.3106248,2,3,-30
1759482671.3486247,0,3,-34
1759482671.3866248,-5,1,-43
1759482671.4226248,2,3,-43
1759482671.4606247,4,-2,-42
1759482671.4986248,0,-3,-49
1759482671.536625,1,10,-40
1759482671.5726247,2,2,-39
1759482671.6106248,3,0,-41
1759482671.648625,-6,2,-38
1759482671.6866248,-5,1,-29
1759482671.7226248,-6,-3,-38
1759482671.7626247,-9,0,-30
1759482671.7996247,-1,-1,-30
1759482671.8386247,1,-2,-38
1759482671.8766248,4,0,-47
1759482671.9126248,-2,7,-37
1759482671.9496248,2,4,-27
1759482671.9886248,-1,0,-34
1759482672.0246248,-5,-7,-39
1759482672.0636249,-10,1,-47
1759482672.1006248,-4,7,-31
1759482672.1396248,-3,-1,-36
1759482672.1776247,3,0,-36
1759482672.2136247,0,3,-42
1759482672.250625,-4,0,-48
1759482672.2896247,1,0,-50
1759482672.3276248,1,3,-48
1759482672.3636248,2,0,-42
1759482672.4006248,-4,-2,-39
1759482672.4396248,-7,-4,-44
1759482672.477625,6,-2,-46
1759482672.513625,1,-2,-53
1759482672.5506248,1,-2,-52
1759482672.589625,8,4,-45
1759482672.6276248,0,5,-40
1759482672.6636248,4,5,-45
1759482672.7006247,-2,9,-51
1759482672.7396247,-3,-4,-50
1759482672.7776248,2,0,-53
1759482672.8136249,3,0,-42
1759482672.8506248,0,1,-44
1759482672.8896248,0,0,-47
1759482672.9276247,3,1,-29
1759482672.9636247,-2,3,-37
1759482673.000625,0,6,-40
1759482673.0396247,-2,9,-38
1759482673.0776248,-7,0,-43
1759482673.1136248,-9,5,-44
1759482673.151625,0,0,-44
1759482673.1896248,5,0,-44
1759482673.227625,-3,3,-43
1759482673.263625,-4,-2,-48
1759482673.3026247,-4,-2,-35
1759482673.339625,-3,-2,-32
1759482673.378625,-3,0,-42
1759482673.4146247,-3,0,-43
1759482673.4516249,3,0,-45
1759482673.4896247,-1,0,-38
1759482673.5286248,-9,-2,-28
1759482673.5646248,-8,-2,-42
1759482673.602625,-1,2,-35
1759482673.6406248,0,4,-37
1759482673.6796248,-4,7,-44
1759482673.717625,-2,6,-41
1759482673.7546248,1,5,-33
1759482673.7926247,0,4,-30
1759482673.8306248,8,6,-31
1759482673.8686247,5,-1,-32
1759482673.9046247,-1,2,-28
1759482673.9436247,1,2,-38
1759482673.980625,1,6,-39
1759482674.0196247,6,-5,-46
1759482674.0556247,7,-5,-42
1759482674.0936248,6,0,-41
1759482674.1306248,2,-4,-50
1759482674.1696248,-2,2,-44
1759482674.2056248,0,0,-45
1759482674.2436247,3,-9,-36
1759482674.2806249,0,2,-30
1759482674.319625,-3,0,-44
1759482674.355625,0,0,-42
1759482674.3936248,-1,2,-37
1759482674.4306247,3,-5,-39
1759482674.4696248,4,1,-34
1759482674.5056248,8,2,-39
1759482674.5436249,-4,1,-35
1759482674.5806248,-13,-12,-32
1759482674.6196249,0,-2,-50
1759482674.6556249,1,0,-52
1759482674.6936247,-5,-2,-51
1759482674.7316248,4,3,-38
1759482674.7696247,4,4,-42
1759482674.8056247,3,7,-39
1759482674.8516247,-1,-6,-47
1759482674.8896248,-2,1,-58
1759482674.9266248,0,1,-40
1759482674.9636247,2,-1,-32
1759482675.0026248,9,-4,-39
1759482675.0406249,-1,3,-38
1759482675.0786247,1,6,-26
1759482675.1146247,0,-3,-41
1759482675.1536248,0,-3,-44
1759482675.1916249,-2,-6,-43
1759482675.2296247,-3,1,-40
1759482675.2656248,-3,-1,-34
1759482675.3046248,0,4,-36
1759482675.342625,6,-2,-31
1759482675.3806248,-2,-9,-36
1759482675.4186249,-1,5,-39
1759482675.454625,-5,4,-40
1759482675.4926248,1,-2,-32
1759482675.5306249,3,3,-27
1759482675.5666249,1,-2,-37
1759482675.6046247,-5,-2,-31
1759482675.6426249,-1,-10,-29
1759482675.6806247,3,-3,-32
1759482675.7196248,6,0,-40
1759482675.7556248,8,1,-46
1759482675.7926247,1,4,-42
1759482675.8306248,1,2,-51
1759482675.8696249,0,1,-45
1759482675.9056249,0,1,-47
1759482675.9426248,6,4,-50
1759482675.980625,6,1,-50
1759482676.0196247,5,4,-40
1759482676.0556247,5,-3,-47
1759482676.092625,6,-2,-47
1759482676.1306248,-1,2,-54
1759482676.1696248,4,2,-47
1759482676.2056248,7,8,-51
1759482676.2436247,12,0,-41
1759482676.2816248,2,2,-41
1759482676.319625,2,0,-41
1759482676.355625,-1,-1,-49
1759482676.3936248,0,1,-35
1759482676.431625,-1,1,-47
1759482676.4706247,0,2,-41
1759482676.5066247,-1,6,-44
1759482676.5456247,2,0,-36
1759482676.5836248,4,0,-41
1759482676.6216247,8,0,-41
1759482676.6596248,10,-6,-27
1759482676.6956248,4,0,-30
1759482676.7336247,-3,0,-28
1759482676.7716248,0,0,-41
1759482676.809625,8,-3,-31
1759482676.8456247,7,-1,-31
1759482676.8826249,0,-7,-37
1759482676.921625,0,-4,-40
1759482676.9596248,-8,-1,-55
1759482676.9956248,-2,6,-45
1759482677.033625,-1,-4,-40
1759482677.0716248,-5,0,-41
1759482677.1096249,-6,-5,-32
1759482677.1456249,-5,-8,-37
1759482677.184625,-6,1,-38
1759482677.2216249,0,-2,-35
1759482677.260625,0,1,-31
1759482677.296625,5,0,-31
1759482677.3346248,0,1,-42
1759482677.3726249,-3,2,-48
1759482677.411625,-2,0,-36
1759482677.4476247,-5,-4,-45
1759482677.4856248,-7,1,-45
1759482677.523625,1,0,-46
1759482677.5626247,5,-6,-38
1759482677.6006248,4,-1,-42
1759482677.6366248,4,-5,-45
1759482677.6736248,5,-2,-35
1759482677.7126248,2,3,-39
1759482677.750625,12,-1,-35
1759482677.786625,12,3,-39
1759482677.8236248,8,0,-39
1759482677.8616247,6,-2,-36
1759482677.9006248,8,0,-35
1759482677.9366248,4,1,-38
1759482677.9746249,0,-2,-47
1759482678.0126247,0,-2,-51
1759482678.0506248,1,0,-29
1759482678.0866249,2,3,-43
1759482678.1246247,4,-2,-34
1759482678.1626248,0,-9,-41
1759482678.2006247,-1,-7,-46
1759482678.2366247,-5,-8,-46
1759482678.2746248,-2,-5,-49
1759482678.3126247,-4,-3,-41
1759482678.3516247,0,-6,-39
1759482678.3876247,9,-1,-49
1759482678.4246247,7,-2,-49
1759482678.4626248,1,0,-43
1759482678.5016248,0,-2,-40
1759482678.5376248,-2,-1,-36
1759482678.5756247,5,-2,-32
1759482678.6146247,-2,-3,-37
1759482678.6526248,-1,0,-37
1759482678.6906247,2,0,-35
1759482678.7266247,2,0,-37
1759482678.7646248,-2,0,-30
1759482678.8026247,-9,-1,-25
1759482678.8406248,-4,-3,-42
1759482678.8766248,-7,1,-37
1759482678.9136248,-1,-5,-38
1759482678.9526248,-6,-1,-39
1759482678.9886248,0,-5,-50
1759482679.026625,3,-6,-44
1759482679.0656247,-3,1,-43
1759482679.102625,-4,-3,-40
1759482679.1416247,0,-2,-38
1759482679.1776247,0,3,-43
1759482679.2156248,5,-3,-36
1759482679.2526248,9,1,-42
1759482679.2916248,5,2,-47
1759482679.3276248,2,5,-35
1759482679.365625,2,-4,-34
1759482679.4026248,2,1,-30
1759482679.4416249,1,2,-37
1759482679.477625,0,0,-45
1759482679.5146248,2,-6,-37
1759482679.5526247,3,-6,-38
1759482679.5916247,-2,-6,-32
1759482679.6276248,0,-2,-46
1759482679.6656249,2,-6,-42
1759482679.7036247,-1,-7,-37
1759482679.7426248,3,-2,-38
1759482679.7786248,1,4,-43
1759482679.8156247,6,-3,-37
1759482679.8536248,-1,-6,-35
1759482679.8926249,-1,-7,-38
1759482679.9286249,-3,-8,-50
1759482679.967625,-3,0,-36
1759482680.0056248,-5,0,-48
1759482680.0436249,-3,-1,-34
1759482680.0816247,3,-1,-40
1759482680.1176248,-1,0,-36
1759482680.1556249,-2,-4,-34
1759482680.1936247,6,1,-31
1759482680.2316248,-2,0,-22
1759482680.2676249,1,-4,-33
1759482680.3056247,-1,-3,-42
1759482680.3436248,0,-5,-47
1759482680.3816247,-1,-4,-35
1759482680.4176247,-2,-1,-42
1759482680.4556248,-3,4,-32
1759482680.4936247,-5,1,-38
1759482680.5326247,0,-2,-42
1759482680.5686247,2,-1,-33
1759482680.6066248,4,3,-47
1759482680.6446247,-3,-1,-41
1759482680.6836247,2,-1,-50
1759482680.7196248,3,4,-39
1759482680.7566247,-1,-2,-42
1759482680.7946248,-1,-3,-34
1759482680.8336248,7,-8,-37
1759482680.8696249,9,-8,-38
1759482680.908625,4,-3,-35
1759482680.9456248,6,-2,-45
1759482680.9846249,4,-9,-39
1759482681.0226247,0,-8,-40
1759482681.059625,-4,-2,-47
1759482681.0976248,-3,1,-44
1759482681.1346247,-5,-5,-41
1759482681.1736248,0,3,-40
1759482681.2096248,9,0,-35
1759482681.2476249,-6,-1,-32
1759482681.2846248,-2,2,-32
1759482681.3236248,0,0,-25
1759482681.3596249,-1,1,-34
1759482681.3976247,-2,1,-34
1759482681.434625,9,-4,-44
1759482681.4736247,0,-4,-48
1759482681.5096247,-2,-4,-46
1759482681.5486248,0,0,-34
1759482681.5856247,6,3,-39
1759482681.6246247,0,0,-37
1759482681.6626248,1,3,-41
1759482681.6986248,0,-5,-44
1759482681.7366247,1,-6,-42
1759482681.7746248,9,-3,-44
1759482681.8136249,-3,-8,-41
1759482681.8496249,-1,-2,-42
1759482681.888625,5,-5,-36
1759482681.9266248,4,-7,-37
1759482681.964625,11,-4,-34
1759482682.0026248,2,-3,-36
1759482682.0396247,9,-8,-47
1759482682.0766249,4,-6,-40
1759482682.1146247,1,1,-36
1759482682.1536248,0,4,-34
1759482682.1896248,5,-5,-41
1759482682.2266247,6,-7,-45
1759482682.2646248,9,0,-33
1759482682.3036249,-1,2,-23
1759482682.339625,0,0,-33
1759482682.3766248,-3,-9,-31
1759482682.4156249,0,-6,-41
1759482682.4536247,-2,-10,-45
1759482682.4896247,-6,-9,-39
1759482682.5276248,-3,-4,-47
1759482682.5656247,-1,-1,-30
1759482682.6046247,-1,2,-39
1759482682.6416247,2,1,-39
1759482682.6796248,6,3,-36
1759482682.717625,0,5,-35
1759482682.7556248,4,-1,-34
1759482682.7936249,0,-2,-34
1759482682.829625,8,-1,-36
1759482682.8676248,5,2,-34
1759482682.9056249,-1,-2,-37
1759482682.9436247,0,-2,-33
1759482682.9796247,-3,1,-35
1759482683.0176249,-1,-6,-36
1759482683.0556247,-9,0,-43
1759482683.0946248,-8,-5,-41
1759482683.1306248,0,0,-36
1759482683.1676247,3,3,-34
1759482683.2066247,0,-2,-40
1759482683.2446249,11,0,-41
1759482683.2806249,5,-2,-43
1759482683.3186247,-2,-10,-48
1759482683.3566248,0,-8,-46
1759482683.3956249,-4,-1,-31
1759482683.4336247,2,-3,-38
1759482683.4696248,1,-1,-34
1759482683.5076249,-1,2,-41
1759482683.546625,4,0,-32
1759482683.5846248,-3,-4,-40
1759482683.6206248,0,2,-39
1759482683.6576247,0,-4,-34
1759482683.6966248,4,0,-36
1759482683.7346249,0,0,-35
1759482683.7706249,-3,-3,-42
1759482683.8086247,-3,-2,-38
1759482683.8476248,-5,4,-44
1759482683.885625,-6,4,-47
1759482683.9236248,1,5,-30
1759482683.9596248,-1,6,-42
1759482683.9976249,5,0,-45
1759482684.0356247,1,2,-51
1759482684.0736248,-1,0,-29
1759482684.1096249,7,1,-32
1759482684.1476247,2,-1,-42
1759482684.1856248,-3,-3,-22
1759482684.2216249,0,-7,-36
1759482684.2596247,-3,-5,-45
1759482684.296625,0,-2,-43
1759482684.3356247,4,6,-37
1759482684.3716247,1,-1,-30
1759482684.4096248,2,0,-41
1759482684.4486248,2,-1,-49
1759482684.4856248,0,-3,-42
1759482684.5246248,-11,7,-46
1759482684.5606248,-5,0,-33
1759482684.5996249,-1,-3,-37
1759482684.6366248,10,-3,-39
1759482684.6756248,3,-5,-51
1759482684.7126248,-4,-5,-39
1759482684.7496247,-6,-6,-30
1759482684.7876248,-5,0,-45
1759482684.8256247,3,0,-47
1759482684.8706248,7,1,-34
1759482684.908625,0,6,-41
1759482684.9466248,-1,-1,-42
1759482684.9846249,-3,0,-38
1759482685.0206249,1,10,-33
1759482685.0586247,0,6,-40
1759482685.0966249,1,1,-37
1759482685.1346247,0,-2,-35
1759482685.1706247,-2,3,-33
1759482685.2086248,6,-2,-37
1759482685.2476249,-3,-3,-46
1759482685.2856247,-2,7,-44
1759482685.3216248,4,3,-45
1759482685.3586247,7,0,-38
1759482685.3966248,-4,-3,-38
1759482685.4356248,1,0,-41
1759482685.4716249,2,0,-46
1759482685.5086248,-1,2,-30
1759482685.546625,-1,0,-40
1759482685.5856247,7,-1,-30
1759482685.6216247,-4,1,-41
1759482685.658625,-5,4,-28
1759482685.6976247,-1,-3,-43
1759482685.7356248,-1,-5,-43
1759482685.7716248,2,-1,-45
1759482685.8106248,2,-8,-40
1759482685.8486247,0,-1,-36
1759482685.8866248,1,3,-35
1759482685.9246247,0,-1,-36
1759482685.9606247,-3,1,-40
1759482685.9986248,-2,0,-38
1759482686.0376248,0,-10,-39
1759482686.0756247,-4,-13,-44
1759482686.1116247,0,-3,-51
1759482686.1496248,0,-2,-38
1759482686.1886249,-2,6,-24
1759482686.2266247,-5,2,-27
1759482686.2626247,-3,10,-37
1759482686.3016248,0,6,-42
1759482686.3386247,0,-1,-39
1759482686.3766248,-6,3,-48
1759482686.4156249,-3,-4,-41
1759482686.4516249,4,-2,-44
1759482686.490625,1,0,-34
1759482686.5286248,8,-4,-41
1759482686.5666249,0,-3,-22
1759482686.602625,10,3,-31
1759482686.6406248,3,-2,-29
1759482686.6776247,5,-2,-42
1759482686.7166247,2,-3,-36
1759482686.753625,0,0,-45
1759482686.7906249,-1,-4,-53
1759482686.8286247,-2,1,-41
1759482686.8676248,0,3,-27
1759482686.9056249,-6,1,-39
1759482686.9416249,-8,0,-40
1759482686.980625,3,5,-32
1759482687.0186248,0,3,-42
1759482687.056625,4,2,-39
1759482687.092625,4,3,-32
1759482687.1296248,0,1,-41
1759482687.1676247,-4,1,-31
1759482687.2066247,-1,-3,-39
1759482687.2426248,-3,-5,-43
1759482687.2816248,-3,0,-51
1759482687.3186247,-2,0,-45
1759482687.3576248,-4,3,-43
1759482687.3956249,0,-3,-59
1759482687.431625,1,6,-50
1759482687.4686248,-5,3,-40
1759482687.5076249,-3,-1,-43
1759482687.5456247,-2,4,-31
1759482687.5816247,-8,-1,-28
1759482687.6196249,-3,-6,-27
1759482687.6576247,-3,0,-44
1759482687.6966248,0,1,-42
1759482687.7326248,0,-6,-41
1759482687.7706249,3,0,-35
1759482687.809625,4,2,-36
1759482687.8476248,7,-2,-24
1759482687.8836248,0,-4,-40
1759482687.9226248,-3,1,-34
1759482687.9596248,3,0,-49
1759482687.9976249,-4,-5,-39
1759482688.036625,-4,-2,-36
1759482688.0726247,-2,-2,-47
1759482688.1106248,4,-9,-35
1759482688.1496248,3,2,-42
1759482688.1876247,6,1,-48
1759482688.2236247,2,3,-32
1759482688.260625,0,2,-28
1759482688.2986248,6,6,-28
1759482688.3376248,-2,-3,-31
1759482688.3736248,-4,-7,-29
1759482688.4126248,3,1,-33
1759482688.4506247,7,2,-46
1759482688.4886248,6,1,-49
1759482688.526625,0,7,-40
1759482688.5626247,3,2,-38
1759482688.6016247,-2,2,-42
1759482688.6396248,0,1,-39
1759482688.6776247,0,0,-38
1759482688.7136247,-5,0,-41
1759482688.7516248,-2,4,-48
1759482688.7896247,4,4,-36
1759482688.8276248,-7,1,-35
1759482688.8636248,-1,4,-35
1759482688.9026248,-3,9,-28
1759482688.9396248,0,0,-30
1759482688.9786248,5,-4,-28
1759482689.0166247,2,0,-39
1759482689.0526247,3,0,-53
1759482689.089625,-2,0,-45
1759482689.128625,4,0,-49
1759482689.1666248,0,-3,-40
1759482689.2026248,-1,-2,-45
1759482689.240625,0,5,-52
1759482689.2786248,3,-2,-36
1759482689.3176248,6,-1,-52
1759482689.3536248,2,-9,-46
1759482689.3906248,4,-2,-36
1759482689.4286249,4,4,-37
1759482689.467625,2,0,-42
1759482689.503625,6,-3,-40
1759482689.5406249,1,-1,-32
1759482689.579625,5,-4,-33
1759482689.6176248,-4,-9,-27
1759482689.6536248,-3,1,-37
1759482689.6916249,-7,-1,-39
1759482689.730625,8,7,-33
1759482689.7686248,5,2,-38
1759482689.8046248,2,2,-38
1759482689.8416247,-2,-1,-28
1759482689.8806248,-6,-7,-27
1759482689.9186249,0,-4,-31
1759482689.954625,-6,-4,-41
1759482689.9936247,-5,0,-51
1759482690.0306249,-4,0,-33
1759482690.0686247,0,3,-29
1759482690.1076248,2,-2,-31
1759482690.1436248,-4,-8,-43
1759482690.181625,-1,1,-40
1759482690.2196248,-8,3,-22
1759482690.2586248,2,-2,-31
1759482690.2946248,0,-5,-30
1759482690.332625,0,-7,-41
1759482690.3706248,5,0,-45
1759482690.4096248,-4,-3,-37
1759482690.4476247,-4,-2,-36
1759482690.4836247,2,2,-35
1759482690.5206249,7,3,-34
1759482690.559625,2,-2,-49
1759482690.5976248,3,-2,-56
1759482690.6336248,-1,-2,-51
1759482690.6726248,-3,-2,-34
1759482690.7096248,-3,5,-36
1759482690.7486248,0,1,-38
1759482690.7846248,-2,-6,-46
1759482690.8226247,-9,-2,-41
1759482690.8606248,0,4,-34
1759482690.8996248,-2,0,-43
1759482690.9376247,-5,-6,-32
1759482690.9736247,1,-6,-45
1759482691.0126247,5,-5,-38
1759482691.0506248,7,-4,-45
1759482691.0886247,3,-1,-53
1759482691.1246247,7,2,-50
1759482691.161625,0,0,-37
1759482691.2006247,5,0,-50
1759482691.2386248,1,0,-49
1759482691.2746248,1,0,-33
1759482691.3126247,-3,-3,-41
1759482691.3506248,-1,-2,-49
1759482691.388625,0,-2,-43
1759482691.4246247,6,5,-44
1759482691.4626248,7,2,-51
1759482691.500625,-1,-1,-42
1759482691.5386248,-2,-6,-41
1759482691.5756247,5,-1,-44
1759482691.612625,0,0,-31
1759482691.651625,-2,0,-42
1759482691.6896248,-2,1,-39
1759482691.7256248,-2,2,-41
1759482691.763625,-4,4,-36
1759482691.8016248,0,-1,-41
1759482691.8406248,-1,-2,-33
1759482691.878625,-2,1,-36
1759482691.9146247,-2,-4,-32
1759482691.9526248,3,-6,-35
1759482691.9916248,-5,-4,-46
1759482692.0296247,1,-3,-30
1759482692.0656247,-5,0,-34
1759482692.1036248,-12,0,-34
1759482692.1426249,-1,1,-33
1759482692.1806247,-5,-1,-32
1759482692.2186248,6,-2,-40
1759482692.2546248,0,0,-37
1759482692.2926247,1,0,-31
1759482692.3306248,15,-5,-46
1759482692.3686247,4,2,-44
1759482692.4046247,1,0,-37
1759482692.4426248,1,0,-48
1759482692.480625,10,-1,-40
1759482692.5186248,2,-4,-40
1759482692.5546248,-4,-2,-40
1759482692.592625,-1,-5,-37
1759482692.6306248,-7,-6,-28
1759482692.6696248,-2,-3,-37
1759482692.7056248,1,-4,-46
1759482692.7426248,7,5,-44
1759482692.7806249,-5,1,-40
1759482692.819625,0,1,-41
1759482692.855625,4,-2,-38
1759482692.8926249,3,5,-56
1759482692.9306247,0,0,-54
1759482692.9696248,4,-2,-45
1759482693.0056248,5,3,-50
1759482693.0436249,-1,1,-46
1759482693.0806248,1,6,-45
1759482693.1196249,-2,8,-40
1759482693.1556249,-5,4,-47
1759482693.1926248,-6,0,-40
1759482693.230625,-4,0,-34
1759482693.2696247,-2,-3,-46
1759482693.3056247,-3,0,-43
1759482693.342625,-2,3,-38
1759482693.3806248,1,-7,-37
1759482693.4196248,6,0,-41
1759482693.4556248,6,0,-41
1759482693.4936247,1,4,-35
1759482693.5316248,7,-4,-49
1759482693.5706248,3,-4,-36
1759482693.6066248,0,0,-34
1759482693.6436248,1,0,-34
1759482693.681625,1,-3,-38
1759482693.7206247,-4,1,-37
1759482693.7566247,0,1,-35
1759482693.7946248,2,-1,-43
1759482693.8316247,0,-2,-35
1759482693.8706248,5,-2,-35
1759482693.9066248,-6,1,-35
1759482693.9436247,-3,6,-37
1759482693.9826248,1,4,-38
1759482694.0206249,0,0,-48
1759482694.056625,7,-4,-40
1759482694.0956247,4,-3,-39
1759482694.1326249,-1,0,-49
1759482694.171625,0,-3,-41
1759482694.2096248,2,-2,-36
1759482694.2456248,-2,0,-42
1759482694.2826247,-1,2,-49
1759482694.3216248,-1,1,-48
1759482694.3596249,-7,-3,-40
1759482694.3956249,1,-1,-36
1759482694.4336247,-2,3,-39
1759482694.4716249,0,2,-38
1759482694.510625,0,-1,-32
1759482694.546625,-3,1,-30
1759482694.5836248,2,3,-36
1759482694.6216247,2,3,-31
1759482694.6606247,5,-2,-31
1759482694.6966248,2,-1,-37
1759482694.7346249,4,-4,-34
1759482694.7726247,6,0,-33
1759482694.8116248,-4,1,-32
1759482694.8476248,-2,-6,-49
1759482694.898625,-2,-1,-33
1759482694.9356248,3,-6,-28
1759482694.9736247,7,-4,-32
1759482695.0116248,0,0,-33
1759482695.0476248,1,-4,-39
1759482695.0866249,6,-3,-37
1759482695.1246247,2,0,-36
1759482695.161625,-1,0,-39
1759482695.2006247,-3,1,-53
1759482695.2366247,2,-1,-38
1759482695.2746248,-3,-6,-27
1759482695.3136249,-6,3,-41
1759482695.3516247,-4,2,-40
1759482695.3876247,-9,-1,-33
1759482695.4256248,-2,0,-30
1759482695.4636247,-1,2,-42
1759482695.5026248,-5,-11,-47
1759482695.5406249,3,-3,-40
1759482695.5776248,-4,1,-41
1759482695.615625,-2,-4,-50
1759482695.6526248,2,6,-45
1759482695.6916249,-3,2,-50
1759482695.727625,-1,2,-54
1759482695.7656248,-1,0,-46
1759482695.8046248,4,0,-37
1759482695.842625,8,0,-38
1759482695.8806248,-3,-8,-47
1759482695.9166248,-2,-5,-47
1759482695.954625,2,1,-40
1759482695.9926248,-6,4,-46
1759482696.0316248,0,4,-44
1759482696.0676248,2,1,-40
1759482696.1046247,0,-1,-37
1759482696.1426249,-1,-7,-40
1759482696.181625,-5,0,-34
1759482696.217625,-2,0,-33
1759482696.2546248,-5,-4,-34
1759482696.2926247,-3,4,-44
1759482696.3316247,12,1,-48
1759482696.3676248,7,5,-50
1759482696.4056249,4,1,-47
1759482696.444625,4,0,-40
1759482696.4826248,-1,-4,-46
1759482696.5196247,0,2,-44
1759482696.556625,0,2,-40
1759482696.5946248,3,-1,-41
1759482696.6336248,4,0,-42
1759482696.671625,1,0,-32
1759482696.707625,4,-3,-41
1759482696.7446249,0,1,-47
1759482696.783625,1,0,-37
1759482696.8216248,0,-2,-44
1759482696.8576248,-1,-1,-41
1759482696.8956249,2,-4,-41
1759482696.934625,0,9,-41
1759482696.9726248,-1,3,-32
1759482697.0086248,-3,3,-38
1759482697.046625,-2,3,-49
1759482697.0846248,-4,1,-41
1759482697.1236248,-5,5,-47
1759482697.161625,1,-4,-32
1759482697.1976247,7,-4,-40
1759482697.2356248,5,3,-31
1759482697.2746248,2,1,-31
1759482697.3126247,6,3,-46
1759482697.3486247,0,-1,-42
1759482697.3866248,-5,3,-31
1759482697.4246247,0,0,-44
1759482697.4626248,-2,-1,-40
1759482697.4986248,2,-1,-36
1759482697.536625,-1,-1,-41
1759482697.5746248,1,-4,-41
1759482697.6136248,8,0,-36
1759482697.651625,3,-3,-43
1759482697.6876247,4,0,-50
1759482697.7256248,0,-6,-42
1759482697.763625,0,-2,-45
1759482697.8016248,-6,-3,-38
1759482697.8376248,0,-8,-42
1759482697.875625,0,-4,-47
1759482697.9136248,6,-1,-41
1759482697.9516249,2,-1,-32
1759482697.987625,4,0,-24
1759482698.0246248,-1,7,-41
1759482698.0636249,1,-1,-40
1759482698.0996249,-1,2,-40
1759482698.1376247,1,1,-35
1759482698.1766248,0,3,-35
1759482698.2136247,2,1,-30
1759482698.2526248,-5,1,-39
1759482698.2886248,7,0,-37
1759482698.3276248,1,-3,-35
1759482698.3646247,-6,-6,-35
1759482698.4036248,-1,0,-35
1759482698.4396248,-1,-4,-37
1759482698.477625,-3,2,-36
1759482698.5166247,-2,-8,-35
1759482698.5536249,7,-8,-45
1759482698.592625,1,-2,-36
1759482698.628625,4,-2,-37
1759482698.6666248,10,-1,-36
1759482698.704625,0,1,-44
1759482698.7436247,-1,0,-35
1759482698.7796247,6,4,-33
1759482698.8166249,0,-1,-41
1759482698.8546247,-5,-1,-36
1759482698.8936248,-2,-4,-46
1759482698.9296248,0,0,-42
1759482698.9666247,0,3,-42
1759482699.0046248,4,7,-35
1759482699.0436249,-1,0,-38
1759482699.079625,-2,-1,-38
1759482699.1176248,1,6,-41
1759482699.1556249,-3,-4,-31
1759482699.194625,-13,0,-41
1759482699.2326248,-4,4,-52
1759482699.2686248,0,2,-42
1759482699.306625,7,3,-32
1759482699.3446248,0,-2,-28
1759482699.3826249,0,-4,-27
1759482699.4186249,4,0,-35
1759482699.4556248,-2,-5,-29
1759482699.4946249,-4,2,-30
1759482699.5326247,-7,-6,-51
1759482699.5686247,2,-5,-49
1759482699.605625,-3,-4,-37
1759482699.6446247,-10,-7,-28
1759482699.6826248,-4,-7,-34
1759482699.7186248,-1,-6,-45
1759482699.7576249,3,-3,-35
1759482699.7946248,9,-3,-47
1759482699.8336248,4,-7,-46
1759482699.8696249,2,-6,-40
1759482699.9076247,0,2,-37
1759482699.944625,2,-2,-41
1759482699.9836247,5,-4,-42
1759482700.0196247,-2,0,-40
1759482700.0576248,4,-1,-42
1759482700.0956247,4,1,-45
1759482700.1346247,2,-7,-47
1759482700.1706247,1,-10,-40
1759482700.2096248,-1,-3,-37
1759482700.2466247,-2,0,-33
1759482700.2846248,1,2,-43
1759482700.3236248,0,2,-46
1759482700.3596249,-4,0,-46
1759482700.3966248,1,-5,-37
1759482700.4356248,-3,1,-35
1759482700.4736247,-4,7,-35
1759482700.5096247,-2,5,-44
1759482700.546625,1,3,-47
1759482700.5856247,2,-4,-41
1759482700.6236248,-5,0,-40
1759482700.6596248,0,-3,-33
1759482700.6966248,-4,5,-38
1759482700.7356248,-7,8,-40
1759482700.773625,-7,0,-38
1759482700.809625,2,0,-44
1759482700.8476248,8,-1,-39
1759482700.885625,-2,-2,-29
1759482700.9236248,-1,0,-41
1759482700.9596248,-3,-5,-41
1759482700.9976249,-4,-6,-46
1759482701.036625,3,-7,-48
1759482701.0746248,4,-2,-41
1759482701.1106248,2,-1,-47
1759482701.148625,-1,-7,-38
1759482701.1866248,2,-3,-45
1759482701.2256248,0,-1,-32
1759482701.263625,-1,0,-32
1759482701.2996247,-4,-7,-33
1759482701.3376248,-1,-5,-43
1759482701.3766248,5,-5,-45
1759482701.4146247,3,-3,-34
1759482701.4506247,5,1,-40
1759482701.4896247,3,-1,-39
1759482701.526625,5,-7,-44
1759482701.5656247,6,-7,-39
1759482701.6016247,-1,-5,-43
1759482701.6406248,-10,1,-53
1759482701.6776247,-4,-13,-52
1759482701.7156248,-1,-7,-43
1759482701.7546248,-3,-5,-36
1759482701.7906249,-4,-2,-50
1759482701.8286247,-1,-2,-33
1759482701.8676248,6,8,-32
1759482701.9056249,7,2,-37
1759482701.9426248,2,6,-45
1759482701.980625,0,3,-40
1759482702.0176249,-2,0,-38
1759482702.056625,-1,-6,-43
1759482702.0946248,4,-5,-40
1759482702.1306248,0,-2,-46
1759482702.1676247,-2,-4,-47
1759482702.2066247,-3,-5,-41
1759482702.2446249,0,0,-37
1759482702.2806249,-2,-4,-43
1759482702.319625,-1,0,-38
1759482702.3576248,0,-1,-38
1759482702.3956249,0,-4,-51
1759482702.431625,-2,-2,-50
1759482702.4696248,4,1,-42
1759482702.5076249,-7,2,-30
1759482702.546625,3,4,-50
1759482702.5846248,0,3,-52
1759482702.6206248,-4,2,-54
1759482702.658625,0,-3,-33
1759482702.6966248,10,1,-48
1759482702.7356248,8,1,-37
1759482702.7716248,-1,0,-38
1759482702.809625,3,0,-40
1759482702.8476248,0,2,-35
1759482702.885625,5,3,-36
1759482702.921625,3,-4,-39
1759482702.9596248,2,-7,-39
1759482702.9986248,-3,-3,-35
1759482703.036625,-2,-1,-49
1759482703.0746248,-5,-9,-48
1759482703.1106248,0,-5,-46
1759482703.148625,-1,-1,-43
1759482703.1866248,3,-4,-37
1759482703.2246249,0,0,-31
1759482703.260625,4,4,-34
1759482703.2986248,0,2,-42
1759482703.3366249,-5,2,-39
1759482703.3726249,-5,-2,-34
1759482703.4106247,6,1,-36
1759482703.4486248,5,2,-31
1759482703.4866247,5,0,-45
1759482703.5256248,-1,2,-29
1759482703.5616248,-3,-2,-32
1759482703.5996249,-3,-9,-34
1759482703.6376247,-4,4,-34
1759482703.6766248,1,1,-38
1759482703.7126248,-4,1,-27
1759482703.7516248,1,3,-35
1759482703.7896247,0,0,-37
1759482703.8266249,0,5,-39
1759482703.865625,0,-5,-36
1759482703.901625,8,0,-41
1759482703.9396248,3,-3,-40
1759482703.9766247,0,0,-48
1759482704.0156248,-1,0,-38
1759482704.0516248,-2,-3,-51
1759482704.089625,0,-3,-38
1759482704.1276248,-2,0,-35
1759482704.1666248,0,-2,-33
1759482704.2026248,3,-4,-32
1759482704.240625,0,2,-33
1759482704.2786248,-3,3,-33
1759482704.3176248,1,-7,-40
1759482704.355625,-3,-6,-46
1759482704.3916247,1,-2,-40
1759482704.4296248,-1,-1,-39
1759482704.467625,0,0,-32
1759482704.5056248,2,5,-30
1759482704.5416248,4,0,-39
1759482704.5786247,-2,-1,-40
1759482704.6176248,2,1,-28
1759482704.6556249,1,-5,-33
1759482704.6916249,-1,-3,-39
1759482704.730625,-7,-6,-38
1759482704.7686248,-1,0,-30
1759482704.806625,-6,2,-31
1759482704.842625,3,5,-25
1759482704.8796248,-1,6,-50
1759482704.9256248,-4,0,-44
1759482704.9616249,1,0,-46
1759482704.9996247,0,-7,-41
1759482705.0386248,1,-6,-38
1759482705.0766249,-3,-4,-40
1759482705.112625,-5,2,-42
1759482705.151625,0,-3,-49
1759482705.1886249,4,4,-42
1759482705.227625,-3,-2,-30
1759482705.263625,-1,-5,-46
1759482705.3016248,0,4,-38
1759482705.339625,0,6,-36
1759482705.3776248,-6,4,-27
1759482705.4166248,1,3,-47
1759482705.4526248,1,1,-36
1759482705.4916248,3,2,-38
1759482705.5296247,-6,-2,-41
1759482705.5676248,-6,5,-38
1759482705.6036248,0,-1,-38
1759482705.6426249,3,2,-40
1759482705.6806247,2,7,-41
1759482705.717625,5,2,-33
1759482705.7566247,-4,0,-44
1759482705.7926247,0,1,-46
1759482705.8306248,4,0,-43
1759482705.8686247,5,2,-40
1759482705.9066248,-6,-6,-36
1759482705.9426248,-4,-9,-28
1759482705.980625,0,-7,-41
1759482706.0186248,0,3,-41
1759482706.0576248,0,1,-39
1759482706.0936248,5,3,-40
1759482706.1306248,1,0,-36
1759482706.1686249,-1,-3,-46
1759482706.207625,-1,-4,-42
1759482706.2436247,-5,-5,-39
1759482706.2816248,0,0,-35
1759482706.3206248,-2,1,-48
1759482706.3586247,-6,-6,-42
1759482706.3966248,-5,-2,-39
1759482706.4326248,5,-4,-29
1759482706.4696248,4,-7,-43
1759482706.5076249,10,2,-47
1759482706.5436249,0,-7,-38
1759482706.5816247,5,-11,-40
1759482706.6186247,2,0,-45
1759482706.6576247,2,-4,-34
1759482706.6936247,-4,2,-36
1759482706.730625,-3,4,-33
1759482706.7686248,0,7,-35
1759482706.8076248,4,-1,-38
1759482706.8436248,2,-1,-33
1759482706.8806248,0,2,-32
1759482706.9186249,-1,1,-38
1759482706.957625,7,7,-35
1759482706.9936247,1,-3,-31
1759482707.0306249,1,-2,-45
1759482707.0686247,0,2,-51
1759482707.1076248,4,-6,-29
1759482707.1436248,0,-7,-41
1759482707.1826248,-7,-4,-50
1759482707.2206247,1,-4,-42
1759482707.2586248,1,0,-27
1759482707.2946248,3,3,-31
1759482707.3316247,-1,-1,-46
1759482707.3696249,0,-3,-37
1759482707.408625,8,-6,-35
1759482707.444625,0,-3,-49
1759482707.4836247,-7,5,-35
1759482707.5206249,2,0,-41
1759482707.559625,8,4,-39
1759482707.5976248,3,1,-35
1759482707.6336248,4,-1,-36
1759482707.671625,8,5,-53
1759482707.7096248,5,-1,-43
1759482707.7476249,5,3,-38
1759482707.783625,3,1,-47
1759482707.8206248,4,-5,-40
1759482707.8596249,11,-1,-40
1759482707.8976247,9,-3,-47
1759482707.9336247,5,3,-41
1759482707.9706247,-1,-1,-52
1759482708.0096247,-2,-6,-47
1759482708.0476248,5,-7,-45
1759482708.0836248,-2,1,-33
1759482708.1206248,6,-3,-42
1759482708.1596248,4,-3,-55
1759482708.1976247,0,6,-45
1759482708.2336247,-1,2,-29
1759482708.2716248,5,0,-36
1759482708.309625,5,2,-42
1759482708.3486247,-3,3,-41
1759482708.3846247,-7,-1,-43
1759482708.4236248,1,0,-50
1759482708.4616249,10,0,-38
1759482708.4996247,2,4,-48
1759482708.5356247,1,1,-51
1759482708.5736248,3,-1,-41
1759482708.6106248,4,0,-41
1759482708.6496248,0,-13,-42
1759482708.6856248,-2,-11,-35
1759482708.7246249,7,-1,-41
1759482708.7626247,4,-3,-40
1759482708.7996247,9,-1,-44
1759482708.8386247,-3,1,-52
1759482708.8746247,-3,-2,-42
1759482708.9126248,5,2,-44
1759482708.9506247,3,1,-54
1759482708.9896247,5,-1,-45
1759482709.0256248,0,-6,-49
1759482709.0626247,-7,0,-39
1759482709.1006248,1,0,-39
1759482709.1396248,6,-1,-38
1759482709.1756248,4,-1,-38
1759482709.2136247,8,-1,-49
1759482709.2526248,3,2,-41
1759482709.2906249,-1,-1,-41
1759482709.3286247,-4,2,-38
1759482709.3646247,-4,2,-33
1759482709.401625,-2,-2,-45
1759482709.4406247,4,-2,-38
1759482709.4786248,0,4,-38
1759482709.5146248,-2,-3,-31
1759482709.5536249,-6,0,-34
1759482709.5906248,-3,0,-37
1759482709.6296248,-6,5,-53
1759482709.6656249,-2,2,-40
1759482709.7036247,-1,-1,-39
1759482709.740625,5,3,-34
1759482709.7796247,-1,7,-42
1759482709.8156247,7,2,-34
1759482709.8536248,5,3,-27
1759482709.8906248,-4,-1,-36
1759482709.9296248,-4,-1,-48
1759482709.9656248,-1,0,-45
1759482710.003625,0,-2,-54
1759482710.0406249,4,-2,-43
1759482710.079625,-5,2,-33
1759482710.115625,-2,7,-33
1759482710.1526248,-2,6,-36
1759482710.1906247,-1,-7,-41
1759482710.2296247,-8,0,-48
1759482710.2656248,-8,-2,-50
1759482710.3036249,-2,-2,-43
1759482710.3416247,-2,3,-28
1759482710.3806248,4,-1,-37
1759482710.4166248,6,-2,-38
1759482710.454625,3,1,-34
1759482710.4936247,-4,0,-36
1759482710.5316248,-1,0,-45
1759482710.569625,5,3,-45
1759482710.605625,-2,0,-55
1759482710.6436248,4,-3,-50
1759482710.681625,3,1,-36
1759482710.7196248,1,-1,-51
1759482710.7556248,-5,-2,-43
1759482710.7946248,0,-1,-38
1759482710.8316247,0,-1,-47
1759482710.8706248,0,4,-47
1759482710.9066248,0,5,-37
1759482710.944625,0,-1,-34
1759482710.9816248,2,-1,-50
1759482711.0206249,5,0,-38
1759482711.056625,-4,1,-35
1759482711.0946248,-2,-1,-32
1759482711.1316247,0,-1,-39
1759482711.1706247,-4,0,-30
1759482711.2066247,2,0,-41
1759482711.2446249,3,3,-31
1759482711.2816248,3,1,-39
1759482711.3206248,3,0,-35
1759482711.3566248,4,3,-37
1759482711.3946247,0,0,-25
1759482711.431625,9,-1,-34
1759482711.4706247,8,4,-39
1759482711.5066247,12,8,-43
1759482711.5446248,8,0,-37
1759482711.5816247,1,2,-32
1759482711.6206248,1,1,-43
1759482711.6566248,0,-5,-53
1759482711.694625,0,2,-53
1759482711.7316248,4,-1,-56
1759482711.7706249,8,-2,-43
1759482711.806625,3,-2,-52
1759482711.8446248,-1,0,-43
1759482711.8816247,-1,1,-43
1759482711.9206247,0,1,-44
1759482711.9566247,-1,-7,-52
1759482711.9946249,0,-3,-40
1759482712.0326247,-5,-7,-28
1759482712.0716248,3,-2,-36
1759482712.1076248,-6,-4,-35
1759482712.1456249,1,0,-30
1759482712.1836247,-4,-1,-35
1759482712.2216249,3,-3,-34
1759482712.260625,2,-3,-39
1759482712.296625,-4,0,-40
1759482712.3336248,-1,-5,-31
1759482712.3726249,-1,-5,-40
1759482712.4106247,0,-5,-24
1759482712.4466248,1,2,-41
1759482712.4836247,-4,5,-47
1759482712.5216248,-5,-2,-43
1759482712.5606248,-1,5,-31
1759482712.5966249,-2,3,-31
1759482712.6336248,-2,-4,-33
1759482712.6726248,-3,-6,-47
1759482712.7106247,-8,-1,-48
1759482712.7466247,3,2,-46
1759482712.783625,-1,3,-43
1759482712.8226247,0,-10,-40
1759482712.8606248,0,-3,-39
1759482712.8966248,-1,4,-51
1759482712.934625,1,2,-34
1759482712.9726248,-3,-2,-28
1759482713.010625,-2,0,-48
1759482713.046625,-2,-1,-38
1759482713.0846248,1,0,-42
1759482713.1226249,2,0,-41
1759482713.161625,-3,-1,-40
1759482713.1976247,-2,-6,-35
1759482713.2366247,1,-3,-39
1759482713.273625,-1,0,-35
1759482713.3126247,0,0,-51
1759482713.3506248,-3,-1,-42
1759482713.3866248,0,4,-28
1759482713.4236248,-4,-1,-32
1759482713.4626248,-4,0,-42
1759482713.500625,-1,0,-47
1759482713.536625,1,-1,-43
1759482713.5756247,4,0,-44
1759482713.6136248,11,-1,-47
1759482713.651625,4,-2,-38
1759482713.6876247,-1,-5,-43
1759482713.7266247,13,-8,-42
1759482713.763625,-1,-2,-44
1759482713.8026247,2,-6,-34
1759482713.8386247,4,-7,-41
1759482713.8766248,-4,-6,-44
1759482713.9136248,-5,2,-37
1759482713.9526248,-7,0,-40
1759482713.9886248,-5,-2,-28
1759482714.026625,-1,-2,-38
1759482714.0646248,-1,0,-44
1759482714.102625,-2,4,-42
1759482714.1416247,3,4,-42
1759482714.1776247,-1,2,-31
1759482714.214625,0,2,-29
1759482714.253625,2,1,-33
1759482714.2916248,-1,-4,-49
1759482714.3276248,1,-1,-43
1759482714.3646247,-3,-2,-51
1759482714.4026248,-4,-3,-40
1759482714.4416249,-3,2,-37
1759482714.477625,3,0,-33
1759482714.5146248,-3,0,-42
1759482714.5536249,4,0,-47
1759482714.5916247,-7,1,-44
1759482714.6276248,-1,4,-47
1759482714.6656249,-6,0,-37
1759482714.7036247,-3,3,-33
1759482714.7416248,-3,3,-42
1759482714.7776248,-1,-1,-49
1759482714.8166249,0,-2,-58
1759482714.8546247,0,7,-46
1759482714.8926249,-7,-3,-38
1759482714.9366248,-2,-4,-42
1759482714.9746249,-1,-1,-40
1759482715.0126247,1,0,-46
1759482715.0486248,3,2,-42
1759482715.0876248,-2,3,-35
1759482715.1246247,2,9,-45
1759482715.1636248,11,5,-31
1759482715.2016249,14,2,-44
1759482715.237625,14,-6,-32
1759482715.276625,2,0,-38
1759482715.3136249,-5,-6,-37
1759482715.352625,0,-15,-40
1759482715.388625,3,-3,-48
1759482715.4276247,2,-2,-35
1759482715.4656248,3,-7,-44
1759482715.503625,9,-6,-39
1759482715.5396247,3,-1,-49
1759482715.5766249,8,2,-37
1759482715.6146247,3,3,-47
1759482715.6536248,-1,-3,-42
1759482715.6896248,0,3,-40
1759482715.7266247,0,-2,-44
1759482715.7646248,0,0,-46
1759482715.8036249,-1,-1,-44
1759482715.839625,-4,3,-42
1759482715.8776248,-4,3,-40
1759482715.9156249,2,4,-38
1759482715.954625,-2,0,-42
1759482715.9926248,0,1,-32
1759482716.0286248,-2,0,-38
1759482716.0666249,3,0,-37
1759482716.1046247,7,1,-40
1759482716.1426249,9,1,-43
1759482716.1786249,0,3,-36
1759482716.2166247,4,3,-39
1759482716.2546248,3,2,-46
1759482716.2926247,5,2,-40
1759482716.3286247,2,-6,-35
1759482716.3666248,-2,-7,-35
1759482716.4046247,6,2,-37
1759482716.4426248,7,3,-35
1759482716.4786248,1,4,-43
1759482716.5166247,1,2,-45
1759482716.5546248,1,4,-49
1759482716.592625,0,5,-47
1759482716.628625,-1,-7,-52
1759482716.6676247,-4,-3,-40
1759482716.704625,-3,3,-42
1759482716.7436247,4,-4,-36
1759482716.7796247,3,2,-40
1759482716.8176248,5,4,-35
1759482716.8546247,4,9,-41
1759482716.8936248,2,8,-37
1759482716.9296248,0,4,-39
1759482716.967625,-4,-1,-30
1759482717.0046248,-2,-1,-30
1759482717.0436249,2,-8,-30
1759482717.079625,-1,-7,-34
1759482717.1176248,3,-3,-37
1759482717.1556249,-5,-3,-43
1759482717.194625,2,-1,-39
1759482717.2326248,-2,1,-41
1759482717.2686248,-1,7,-43
1759482717.3076248,-1,13,-31
1759482717.3456247,3,0,-36
1759482717.3836248,-8,2,-31
1759482717.4196248,-8,-2,-38
1759482717.4586248,-6,3,-30
1759482717.4956248,2,4,-34
1759482717.5346248,4,5,-40
1759482717.5706248,1,5,-43
1759482717.6086247,-1,0,-39
1759482717.6456249,-2,2,-38
1759482717.684625,1,0,-39
1759482717.7206247,5,0,-44
1759482717.7586248,-5,3,-34
1759482717.7956247,0,1,-33
1759482717.8346248,1,-1,-35
1759482717.8706248,-8,0,-32
1759482717.908625,0,4,-32
1759482717.9466248,5,-5,-44
1759482717.9846249,-5,-6,-31
1759482718.0206249,4,-4,-30
1759482718.0586247,2,0,-24
1759482718.0956247,-7,3,-33
1759482718.1346247,0,4,-43
1759482718.1706247,-5,1,-34
1759482718.2086248,-4,0,-46
1759482718.2456248,-5,-4,-47
1759482718.2846248,5,0,-34
1759482718.3206248,5,-4,-39
1759482718.3586247,7,2,-33
1759482718.3956249,5,2,-38
1759482718.434625,3,2,-52
1759482718.4706247,-4,0,-45
1759482718.5086248,-5,1,-36
1759482718.5456247,-5,2,-40
1759482718.5846248,-4,6,-32
1759482718.6206248,-4,-1,-31
1759482718.6596248,-7,-3,-42
1759482718.6966248,-4,1,-39
1759482718.7356248,-8,1,-54
1759482718.773625,0,1,-40
1759482718.809625,-4,-6,-53
1759482718.8476248,3,0,-54
1759482718.8866248,-2,0,-42
1759482718.9246247,-3,-2,-38
1759482718.9606247,0,-3,-38
1759482718.9976249,-5,6,-29
1759482719.036625,-2,5,-28
1759482719.0746248,5,-4,-33
1759482719.1106248,4,-3,-30
1759482719.1476247,3,8,-29
1759482719.1866248,0,-4,-29
1759482719.2246249,2,2,-35
1759482719.260625,2,-2,-36
1759482719.2996247,0,4,-39
1759482719.3366249,2,1,-31
1759482719.375625,-2,4,-45
1759482719.411625,-2,-2,-36
1759482719.4496248,0,-6,-32
1759482719.487625,-5,-5,-30
1759482719.5256248,2,3,-41
1759482719.5646248,-5,4,-53
1759482719.6006248,-5,1,-50
1759482719.6396248,0,0,-44
1759482719.6766248,-5,0,-34
1759482719.7156248,5,0,-26
1759482719.7516248,1,4,-34
1759482719.7896247,-7,-2,-47
1759482719.8266249,-2,-1,-39
1759482719.865625,1,3,-39
1759482719.901625,4,9,-40
1759482719.9396248,1,7,-36
1759482719.977625,2,1,-37
1759482720.0156248,-1,-5,-44
1759482720.0516248,-1,4,-43
1759482720.089625,5,5,-41
1759482720.1276248,-1,0,-43
1759482720.1656249,-3,-5,-37
1759482720.2016249,2,0,-40
1759482720.2396247,0,-1,-40
1759482720.2776248,8,-1,-52
1759482720.3156247,6,0,-43
1759482720.3516247,-2,0,-43
1759482720.3896248,4,2,-41
1759482720.4276247,3,3,-46
1759482720.4656248,5,-1,-34
1759482720.5016248,-2,0,-38
1759482720.5406249,-9,4,-36
1759482720.5776248,-1,8,-30
1759482720.6166248,-2,5,-38
1759482720.6546247,-4,0,-40
1759482720.6916249,-1,2,-50
1759482720.7286248,0,0,-42
1759482720.7666247,1,-5,-44
1759482720.8056247,-1,-3,-42
1759482720.8416247,2,-11,-37
1759482720.8796248,3,-2,-39
1759482720.9186249,8,-2,-41
1759482720.9566247,0,2,-32
1759482720.9926248,2,1,-44
1759482721.0306249,5,5,-46
1759482721.0686247,0,0,-28
1759482721.1066248,3,-7,-34
1759482721.1426249,-3,-1,-35
1759482721.181625,4,1,-37
1759482721.2196248,2,2,-31
1759482721.2566247,3,2,-28
1759482721.2956247,-4,-2,-46
1759482721.3316247,-3,0,-45
1759482721.3696249,2,-1,-48
1759482721.4076247,0,4,-35
1759482721.4466248,0,-1,-34
1759482721.4826248,-6,-3,-33
1759482721.5206249,-4,0,-40
1759482721.5586247,-3,-2,-46
1759482721.5976248,-2,-9,-48
1759482721.635625,-3,1,-47
1759482721.671625,3,-1,-41
1759482721.7106247,-1,-5,-39
1759482721.7486248,3,3,-38
1759482721.786625,1,3,-44
1759482721.8236248,1,2,-45
1759482721.8606248,4,-1,-32
1759482721.898625,-3,2,-28
1759482721.9376247,0,-3,-30
1759482721.9756248,-2,0,-40
1759482722.0116248,-3,3,-46
1759482722.0486248,1,5,-41
1759482722.0876248,0,-3,-48
1759482722.125625,2,0,-37
1759482722.161625,9,-4,-35
1759482722.1996248,2,-2,-43
1759482722.2386248,3,0,-43
1759482722.276625,3,-3,-27
1759482722.3126247,3,-3,-25
1759482722.3506248,3,0,-42
1759482722.388625,-1,0,-34
1759482722.4266248,5,1,-33
1759482722.4626248,4,4,-38
1759482722.4996247,7,0,-35
1759482722.5386248,-1,-6,-43
1759482722.5766249,0,-1,-45
1759482722.612625,0,-3,-48
1759482722.6496248,-5,0,-41
1759482722.6886249,4,-4,-32
1759482722.7266247,9,5,-42
1759482722.7626247,9,5,-39
1759482722.8006248,-4,4,-42
1759482722.8386247,3,-1,-36
1759482722.8766248,0,1,-39
1759482722.9126248,0,0,-42
1759482722.9506247,1,-4,-37
1759482722.987625,3,-1,-38
1759482723.026625,2,-6,-38
1759482723.0626247,2,0,-37
1759482723.1006248,-2,-4,-44
1759482723.138625,-4,0,-47
1759482723.1766248,1,0,-39
1759482723.2136247,1,-1,-37
1759482723.250625,-2,1,-39
1759482723.2896247,2,0,-41
1759482723.3276248,2,-2,-33
1759482723.3636248,8,0,-42
1759482723.4006248,4,-1,-40
1759482723.4396248,4,-5,-46
1759482723.477625,0,-2,-47
1759482723.513625,1,-5,-44
1759482723.5506248,2,0,-42
1759482723.589625,-1,-3,-24
1759482723.6276248,-2,-2,-36
1759482723.6636248,-1,2,-35
1759482723.7006247,5,1,-31
1759482723.7396247,2,-9,-45
1759482723.7776248,1,-4,-41
1759482723.8136249,-1,-2,-56
1759482723.8516247,1,1,-49
1759482723.8906248,-11,1,-45
1759482723.9286249,0,1,-46
1759482723.9666247,-2,-9,-35
1759482724.0026248,2,-5,-41
1759482724.0406249,-6,-5,-41
1759482724.0786247,0,-8,-48
1759482724.1176248,7,0,-37
1759482724.1536248,1,0,-45
1759482724.1916249,2,4,-50
1759482724.2286248,4,2,-48
1759482724.2676249,5,-1,-42
1759482724.3036249,-5,-5,-39
1759482724.342625,-4,-1,-42
1759482724.3806248,1,-3,-43
1759482724.4186249,3,-2,-40
1759482724.454625,1,-3,-49
1759482724.4926248,3,0,-49
1759482724.5306249,2,-4,-49
1759482724.5686247,3,-3,-28
1759482724.6046247,2,-4,-25
1759482724.6426249,5,1,-40
1759482724.6806247,6,-6,-38
1759482724.7186248,7,-3,-54
1759482724.7576249,-1,-6,-48
1759482724.7936249,7,2,-50
1759482724.8306248,2,-2,-37
1759482724.8686247,-5,3,-43
1759482724.9076247,6,1,-33
1759482724.9526248,2,-9,-35
1759482724.990625,6,-1,-47
1759482725.0286248,-2,-3,-27
1759482725.0646248,1,3,-39
1759482725.1016247,1,-1,-46
1759482725.1406248,2,2,-47
1759482725.1786249,5,-5,-48
1759482725.214625,-2,-4,-40
1759482725.2526248,-8,-1,-29
1759482725.2906249,-8,0,-32
1759482725.329625,0,1,-45
1759482725.3676248,-3,0,-40
1759482725.4036248,2,5,-30
1759482725.4406247,-5,4,-30
1759482725.4796247,-6,-3,-34
1759482725.5176249,0,1,-31
1759482725.5536249,2,4,-37
1759482725.5906248,0,2,-36
1759482725.6296248,0,-7,-40
1759482725.6676247,11,1,-42
1759482725.7036247,2,1,-36
1759482725.740625,7,-6,-41
1759482725.7796247,10,2,-42
1759482725.8176248,2,0,-39
1759482725.8536248,0,-4,-43
1759482725.8906248,8,-5,-38
1759482725.9296248,0,1,-44
1759482725.9656248,-2,-1,-38
1759482726.003625,-3,-5,-44
1759482726.0416248,0,-3,-46
1759482726.0806248,2,-1,-42
1759482726.1186247,0,-2,-37
1759482726.1546247,0,-3,-39
1759482726.1926248,-6,-1,-35
1759482726.2316248,-5,-3,-28
1759482726.2696247,-3,2,-33
1759482726.3056247,-3,-1,-31
1759482726.3446248,0,-10,-46
1759482726.3826249,0,5,-44
1759482726.4196248,-3,1,-38
1759482726.4586248,-3,5,-38
1759482726.4946249,-4,3,-43
1759482726.5326247,0,4,-47
1759482726.5716248,-11,1,-39
1759482726.6096249,-2,-1,-44
1759482726.6456249,-2,0,-56
1759482726.6836247,11,-4,-42
1759482726.7216249,8,0,-48
1759482726.760625,0,-1,-47
1759482726.7986248,-7,-5,-44
1759482726.8346248,-8,-7,-37
1759482726.8726249,-6,-1,-32
1759482726.911625,0,0,-33
1759482726.9496248,-1,5,-41
1759482726.9856248,5,1,-46
1759482727.023625,0,4,-45
1759482727.0626247,-2,2,-39
1759482727.1006248,0,1,-41
1759482727.138625,0,2,-48
1759482727.1746247,-1,2,-49
1759482727.2126248,-7,2,-41
1759482727.250625,-5,-6,-43
1759482727.2896247,-8,0,-38
1759482727.3256247,-5,0,-37
1759482727.362625,4,-2,-39
1759482727.4006248,1,3,-33
1759482727.4396248,7,0,-44
1759482727.4756248,5,1,-37
1759482727.5126247,2,-6,-43
1759482727.5506248,-1,-6,-47
1759482727.589625,1,-1,-40
1759482727.625625,-2,3,-39
1759482727.6626248,-4,-3,-39
1759482727.7006247,-4,2,-39
1759482727.7396247,-4,-2,-38
1759482727.7756248,-1,-3,-48
1759482727.8136249,6,-5,-51
1759482727.8516247,1,-4,-34
1759482727.8906248,1,-3,-33
1759482727.9266248,-3,-4,-33
1759482727.9656248,-1,-1,-39
1759482728.0026248,0,4,-44
1759482728.0416248,5,-4,-52
1759482728.079625,-4,0,-36
1759482728.115625,6,1,-39
1759482728.1526248,5,-4,-48
1759482728.1916249,1,-1,-42
1759482728.2296247,0,10,-37
1759482728.2656248,-3,10,-32
1759482728.3026247,-7,2,-45
1759482728.3416247,-1,-2,-32
1759482728.3796248,-2,1,-48
1759482728.4156249,-7,-1,-49
1759482728.454625,-2,4,-38
1759482728.4926248,1,0,-31
1759482728.5306249,3,0,-30
1759482728.5666249,0,-1,-38
1759482728.6036248,-7,3,-40
1759482728.6416247,0,-4,-45
1759482728.6806247,2,0,-52
1759482728.7166247,5,2,-45
1759482728.753625,3,0,-38
1759482728.7916248,-5,-2,-34
1759482728.8306248,-4,3,-41
1759482728.8666248,-1,1,-41
1759482728.9036248,-1,0,-32
1759482728.9416249,6,0,-39
1759482728.980625,2,4,-48
1759482729.0166247,-3,1,-39
1759482729.0546248,-4,0,-26
1759482729.0916247,-7,-1,-30
1759482729.1306248,-2,-7,-38
1759482729.1666248,0,-3,-30
1759482729.204625,5,-7,-34
1759482729.2416248,9,-5,-34
1759482729.2806249,4,-2,-31
1759482729.3166249,1,0,-39
1759482729.3546247,6,2,-37
1759482729.3936248,-3,0,-55
1759482729.431625,1,2,-37
1759482729.467625,2,2,-46
1759482729.5066247,7,-1,-38
1759482729.5436249,2,-2,-37
1759482729.5816247,-3,3,-37
1759482729.6206248,-2,5,-43
1759482729.6566248,0,2,-32
1759482729.694625,-8,8,-37
1759482729.7316248,0,-2,-41
1759482729.7706249,5,-4,-30
1759482729.806625,-5,-1,-36
1759482729.8446248,-5,1,-35
1759482729.8826249,0,-2,-49
1759482729.921625,1,-3,-42
1759482729.957625,1,-6,-36
1759482729.9946249,3,-3,-43
1759482730.0326247,1,0,-43
1759482730.0716248,6,0,-37
1759482730.1076248,7,-4,-36
1759482730.1446247,-2,-2,-39
1759482730.1826248,0,-6,-37
1759482730.2216249,0,-3,-31
1759482730.2576249,2,0,-40
1759482730.2946248,0,-5,-42
1759482730.3336248,5,-8,-33
1759482730.3716247,8,-4,-41
1759482730.4076247,0,-3,-29
1759482730.4456248,1,-3,-25
1759482730.4826248,0,0,-34
1759482730.5216248,0,-3,-34
1759482730.5576248,1,-5,-24
1759482730.5956247,3,0,-44
1759482730.6326249,-1,3,-33
1759482730.671625,2,5,-42
1759482730.707625,2,1,-39
1759482730.7456248,0,3,-39
1759482730.7826247,-1,-4,-41
1759482730.8216248,-7,-4,-32
1759482730.8576248,-4,-2,-39
1759482730.8956249,-1,0,-41
1759482730.9336247,4,2,-42
1759482730.9726248,3,1,-47
1759482731.010625,4,-2,-46
1759482731.046625,2,-3,-40
1759482731.0836248,0,-2,-42
1759482731.1226249,3,0,-40
1759482731.158625,-3,-2,-35
1759482731.1976247,-4,-2,-46
1759482731.2356248,-2,-2,-30
1759482731.273625,0,-7,-28
1759482731.3116248,2,-6,-45
1759482731.3476248,6,2,-47
1759482731.385625,7,3,-37
1759482731.4236248,3,0,-35
1759482731.4616249,0,0,-33
1759482731.4976249,3,6,-39
1759482731.5346248,-4,1,-37
1759482731.5736248,-7,0,-37
1759482731.6116247,-1,-2,-37
1759482731.6476247,3,-3,-35
1759482731.6856248,-2,1,-37
1759482731.7236247,4,-2,-36
1759482731.7616248,4,2,-35
1759482731.7976248,1,-5,-36
1759482731.8356247,-4,-1,-28
1759482731.8736248,-8,0,-40
1759482731.911625,3,-3,-36
1759482731.9476247,2,4,-32
1759482731.9846249,4,-1,-40
1759482732.023625,8,-3,-45
1759482732.0616248,5,6,-43
1759482732.0976248,-2,5,-44
1759482732.1346247,3,3,-41
1759482732.1736248,2,-2,-30
1759482732.2116249,3,-9,-33
1759482732.2476249,0,0,-40
1759482732.2856247,4,-4,-38
1759482732.3236248,3,-3,-35
1759482732.3616247,1,0,-34
1759482732.3976247,5,2,-32
1759482732.434625,2,-1,-33
1759482732.4736247,-1,-2,-38
1759482732.5116248,8,-2,-38
1759482732.5476248,6,-1,-30
1759482732.5856247,-6,1,-53
1759482732.6236248,-7,2,-48
1759482732.661625,-3,-2,-47
1759482732.6976247,1,0,-39
1759482732.7346249,-1,-2,-40
1759482732.773625,-5,0,-40
1759482732.8116248,-9,-8,-38
1759482732.8476248,-11,0,-43
1759482732.885625,-4,-3,-39
1759482732.9236248,2,-9,-38
1759482732.9626248,-6,-3,-40
1759482732.9986248,-6,5,-39
1759482733.036625,4,4,-45
1759482733.0746248,4,-2,-58
1759482733.1136248,1,13,-45
1759482733.1496248,4,7,-49
1759482733.1886249,6,3,-41
1759482733.2266247,0,0,-33
1759482733.263625,1,-1,-42
1759482733.3026247,0,-2,-38
1759482733.3386247,-5,-2,-41
1759482733.3766248,-6,-7,-42
1759482733.4146247,-4,0,-33
1759482733.4536247,-6,-1,-32
1759482733.4896247,-1,-8,-41
1759482733.5276248,0,-9,-35
1759482733.5656247,1,-5,-35
1759482733.6046247,1,0,-41
1759482733.6426249,-1,-2,-49
1759482733.6796248,-4,0,-35
1759482733.717625,-4,-1,-26
1759482733.7546248,-4,-2,-17
1759482733.7936249,-8,-2,-31
1759482733.829625,-4,-1,-37
1759482733.8676248,4,6,-40
1759482733.9056249,7,-2,-34
1759482733.944625,-3,7,-39
1759482733.9826248,0,2,-31
1759482734.0186248,4,-2,-39
1759482734.056625,-2,-4,-45
1759482734.0946248,-1,-6,-39
1759482734.1336248,-1,0,-41
1759482734.1696248,0,0,-42
1759482734.2066247,0,3,-34
1759482734.2446249,0,1,-38
1759482734.283625,0,0,-34
1759482734.319625,0,-4,-38
1759482734.3566248,0,-4,-35
1759482734.3946247,5,-8,-37
1759482734.4336247,3,0,-37
1759482734.4696248,2,-1,-23
1759482734.5086248,10,6,-36
1759482734.546625,1,5,-41
1759482734.5846248,-2,0,-39
1759482734.6226249,-4,3,-38
1759482734.658625,-2,1,-40
1759482734.6966248,-2,-6,-53
1759482734.7356248,0,-5,-54
1759482734.773625,0,-2,-41
1759482734.809625,-6,-7,-49
1759482734.8486247,-1,2,-40
1759482734.885625,1,2,-42
1759482734.9246247,-2,-1,-29
1759482734.9686248,2,3,-25
1759482735.0056248,3,-1,-42
1759482735.0446248,3,0,-38
1759482735.0806248,0,-2,-47
1759482735.1186247,-2,0,-34
1759482735.1556249,0,-1,-33
1759482735.194625,-3,5,-39
1759482735.230625,1,2,-43
1759482735.2686248,0,0,-40
1759482735.306625,-2,-2,-37
1759482735.3446248,-7,-3,-43
1759482735.3806248,-7,0,-48
1759482735.4186249,-11,-2,-50
1759482735.4566247,-6,4,-33
1759482735.4946249,5,3,-46
1759482735.5306249,0,0,-37
1759482735.5686247,-5,0,-33
1759482735.605625,-2,-3,-40
1759482735.6446247,2,0,-30
1759482735.6806247,6,0,-37
1759482735.7186248,-7,2,-43
1759482735.7556248,2,-3,-39
1759482735.7946248,3,-3,-41
1759482735.8306248,-5,2,-39
1759482735.8686247,-1,0,-53
1759482735.9056249,2,8,-48
1759482735.944625,-5,-1,-36
1759482735.980625,0,0,-37
1759482736.0186248,5,-2,-49
1759482736.0556247,-1,-10,-50
1759482736.0946248,4,-4,-39
1759482736.1306248,11,-3,-33
1759482736.1696248,-3,-3,-30
1759482736.2066247,-3,4,-32
1759482736.2456248,-1,0,-34
1759482736.283625,4,-3,-38
1759482736.319625,3,2,-39
1759482736.3566248,0,4,-49
1759482736.3956249,-5,2,-37
1759482736.431625,-1,0,-52
1759482736.4686248,-3,1,-45
1759482736.5066247,-7,0,-38
1759482736.5456247,-2,3,-45
1759482736.5816247,-6,5,-40
1759482736.6186247,-11,7,-38
1759482736.6576247,-5,0,-35
1759482736.6956248,5,-7,-46
1759482736.7316248,0,-2,-49
1759482736.7686248,1,-1,-43
1759482736.806625,0,0,-37
1759482736.8456247,5,-2,-37
1759482736.8816247,1,-2,-37
1759482736.9196248,0,-1,-40
1759482736.957625,-3,5,-45
1759482736.9966247,-3,-6,-42
1759482737.0346248,-3,-5,-38
1759482737.0706248,0,-2,-26
1759482737.1096249,-2,-5,-41
1759482737.1466248,0,-4,-49
1759482737.1856248,0,0,-45
1759482737.2216249,5,2,-49
1759482737.2596247,4,2,-45
1759482737.2976248,4,3,-45
1759482737.3356247,-3,0,-41
1759482737.3716247,0,-2,-30
1759482737.408625,-2,2,-42
1759482737.4466248,0,0,-58
1759482737.4856248,-2,-3,-43
1759482737.5216248,-4,1,-42
1759482737.559625,-6,-7,-47
1759482737.5966249,0,-7,-43
1759482737.635625,-3,-9,-39
1759482737.671625,8,-6,-40
1759482737.7106247,8,-1,-39
1759482737.7476249,2,5,-40
1759482737.786625,-5,4,-47
1759482737.8246248,0,4,-45
1759482737.8616247,0,2,-32
1759482737.898625,5,-7,-43
1759482737.9366248,0,-3,-30
1759482737.9756248,2,-7,-46
1759482738.0116248,4,-5,-44
1759482738.0496247,4,-8,-50
1759482738.0886247,-4,-1,-45
1759482738.1266248,4,3,-33
1759482738.1626248,0,0,-35
1759482738.2006247,-3,7,-34
1759482738.2386248,7,3,-41
1759482738.276625,5,1,-41
1759482738.3126247,4,3,-44
1759482738.3496249,9,3,-45
1759482738.388625,6,6,-44
1759482738.4266248,2,-1,-39
1759482738.4626248,9,-7,-38
1759482738.500625,1,-1,-33
1759482738.5386248,-4,-1,-44
1759482738.5766249,0,-2,-32
1759482738.615625,-5,-3,-26
1759482738.651625,-1,3,-31
1759482738.6886249,-5,2,-28
1759482738.727625,-3,1,-45
1759482738.7656248,1,1,-40
1759482738.8016248,3,7,-34
1759482738.839625,2,1,-41
1759482738.8776248,11,4,-38
1759482738.9156249,1,2,-28
1759482738.9516249,2,6,-35
1759482738.9886248,-1,0,-22
1759482739.0276248,0,-4,-41
1759482739.0656247,-1,-8,-38
1759482739.1016247,0,-8,-40
1759482739.1396248,0,-6,-43
1759482739.1776247,-6,0,-42
1759482739.2156248,-1,0,-33
1759482739.2516248,-4,0,-31
1759482739.2886248,0,3,-36
1759482739.3276248,8,0,-51
1759482739.365625,-1,-5,-34
1759482739.401625,1,-2,-45
1759482739.4396248,-1,-7,-48
1759482739.4786248,-6,3,-47
1759482739.5166247,-5,-2,-40
1759482739.5526247,-2,4,-50
1759482739.5906248,-1,1,-45
1759482739.628625,3,5,-49
1759482739.6676247,0,-5,-54
1759482739.7056248,2,-8,-47
1759482739.7426248,2,0,-44
1759482739.7796247,1,-9,-35
1759482739.8176248,1,-6,-37
1759482739.8566248,2,1,-42
1759482739.8926249,4,-5,-38
1759482739.9296248,4,0,-42
1759482739.9686248,-8,0,-33
1759482740.0066247,-5,1,-34
1759482740.0426247,-9,4,-33
1759482740.079625,-6,3,-40
1759482740.1186247,-3,1,-43
1759482740.1566248,0,-3,-44
1759482740.1926248,8,-2,-40
1759482740.230625,2,-3,-38
1759482740.2696247,-4,-3,-39
1759482740.3076248,6,-3,-45
1759482740.3436248,1,-3,-36
1759482740.3826249,-2,1,-30
1759482740.4196248,0,8,-33
1759482740.4586248,4,5,-40
1759482740.4966247,-5,2,-54
1759482740.5326247,-1,2,-44
1759482740.5706248,0,0,-32
1759482740.6086247,7,0,-38
1759482740.6466248,1,0,-41
1759482740.6826248,0,1,-38
1759482740.7206247,-2,2,-38
1759482740.7586248,-8,2,-51
1759482740.796625,-3,1,-40
1759482740.832625,5,-1,-33
1759482740.8706248,3,0,-44
1759482740.908625,-2,3,-41
1759482740.9476247,3,6,-29
1759482740.9836247,-1,4,-36
1759482741.0206249,0,0,-36
1759482741.0586247,5,0,-47
1759482741.0976248,3,0,-46
1759482741.1336248,-5,7,-51
1759482741.1706247,-1,4,-33
1759482741.2086248,3,6,-26
1759482741.2476249,1,0,-32
1759482741.283625,7,-2,-36
1759482741.3206248,-1,-4,-50
1759482741.3586247,2,-3,-28
1759482741.3976247,0,-2,-53
1759482741.4336247,0,-1,-47
1759482741.4706247,-4,-2,-54
1759482741.5086248,3,-1,-46
1759482741.5476248,4,1,-43
1759482741.5836248,1,-4,-45
1759482741.6206248,0,-5,-30
1759482741.658625,-3,-3,-47
1759482741.6976247,4,-1,-26
1759482741.7336247,0,8,-32
1759482741.7706249,-10,5,-45
1759482741.8086247,-5,0,-57
1759482741.8476248,-3,-3,-38
1759482741.8836248,-4,-2,-41
1759482741.921625,-2,-1,-49
1759482741.9606247,2,-4,-42
1759482741.9986248,-3,1,-35
1759482742.0346248,4,-3,-46
1759482742.0716248,1,-6,-45
1759482742.1106248,1,1,-43
1759482742.148625,-1,-7,-46
1759482742.184625,0,-1,-41
1759482742.2216249,2,0,-41
1759482742.2596247,0,5,-40
1759482742.2986248,1,0,-42
1759482742.3346248,5,6,-44
1759482742.3716247,8,5,-58
1759482742.4096248,2,-3,-53
1759482742.4486248,1,-2,-42
1759482742.4846249,3,4,-41
1759482742.523625,0,3,-39
1759482742.5616248,-2,1,-31
1759482742.5996249,-1,-6,-33
1759482742.6376247,4,0,-39
1759482742.6746247,3,-4,-35
1759482742.7116249,0,-2,-37
1759482742.750625,-2,0,-39
1759482742.7886248,-1,0,-49
1759482742.8246248,0,-3,-52
1759482742.862625,-1,-3,-53
1759482742.9006248,5,0,-44
1759482742.9396248,3,-1,-44
1759482742.977625,-6,-5,-42
1759482743.013625,-4,-3,-42
1759482743.0516248,0,-1,-44
1759482743.089625,-4,2,-36
1759482743.128625,-7,-6,-28
1759482743.1646247,0,-7,-36
1759482743.2036247,-9,0,-39
1759482743.2416248,-4,-5,-38
1759482743.2796247,2,-2,-45
1759482743.3156247,0,-3,-45
1759482743.3536248,6,-5,-47
1759482743.3916247,0,-1,-34
1759482743.4296248,2,0,-32
1759482743.4686248,-1,-2,-35
1759482743.5046248,0,0,-39
1759482743.5436249,4,-2,-37
1759482743.5816247,0,-1,-43
1759482743.6196249,7,-6,-32
1759482743.6556249,5,-4,-37
1759482743.6926248,-8,-1,-33
1759482743.7316248,-1,-1,-45
1759482743.7696247,-8,2,-45
1759482743.8056247,2,-2,-56
1759482743.8446248,-2,1,-44
1759482743.8816247,-1,2,-39
1759482743.9196248,-6,1,-28
1759482743.9586248,1,-1,-31
1759482743.9946249,-2,7,-28
1759482744.0316248,-3,6,-32
1759482744.0706248,-3,7,-34
1759482744.1086247,0,-1,-46
1759482744.1446247,3,0,-41
1759482744.1826248,7,3,-39
1759482744.2206247,12,-4,-46
1759482744.2586248,9,0,-41
1759482744.2946248,0,-1,-42
1759482744.332625,3,-1,-34
1759482744.3706248,2,-1,-38
1759482744.408625,-1,-2,-38
1759482744.444625,6,-3,-43
1759482744.4826248,2,-1,-40
1759482744.5206249,4,0,-41
1759482744.5586247,-1,-5,-54
1759482744.5946248,0,-7,-47
1759482744.6326249,-3,-1,-48
1759482744.6706247,-8,-3,-39
1759482744.7086248,-3,0,-37
1759482744.7446249,-7,8,-41
1759482744.7826247,0,4,-37
1759482744.8206248,0,0,-43
1759482744.8586247,-3,3,-44
1759482744.8946247,2,-6,-35
1759482744.9326248,3,-6,-33
1759482744.9766247,0,-3,-35
1759482745.0146248,1,4,-52
1759482745.0526247,2,4,-49
1759482745.0906248,-2,-2,-45
1759482745.1266248,-5,0,-38
1759482745.1636248,2,-1,-34
1759482745.2026248,-3,-7,-33
1759482745.240625,-3,0,-42
1759482745.276625,-7,0,-43
1759482745.3146248,3,3,-35
1759482745.352625,0,7,-40
1759482745.3906248,-7,-1,-41
1759482745.4266248,-2,9,-32
1759482745.464625,-1,2,-44
1759482745.5026248,0,1,-38
1759482745.5406249,7,2,-37
1759482745.5766249,1,0,-29
1759482745.6146247,2,3,-33
1759482745.6526248,-5,0,-29
1759482745.6906247,0,2,-42
1759482745.7266247,-3,0,-43
1759482745.7656248,0,3,-32
1759482745.8036249,3,5,-44
1759482745.8416247,0,0,-46
1759482745.8796248,-1,-4,-34
1759482745.9156249,1,0,-30
1759482745.9526248,-2,-1,-36
1759482745.9916248,-10,0,-35
1759482746.0296247,1,4,-39
1759482746.0656247,-2,0,-39
1759482746.1036248,7,1,-39
1759482746.1416247,1,2,-42
1759482746.1796248,4,-2,-36
1759482746.2156248,2,-1,-41
1759482746.2526248,-1,0,-45
1759482746.2916248,5,2,-34
1759482746.329625,1,4,-29
1759482746.365625,0,-3,-33
1759482746.4026248,0,-3,-33
1759482746.4416249,-5,1,-32
1759482746.4796247,0,5,-31
1759482746.5156248,-6,0,-26
1759482746.5536249,1,7,-28
1759482746.5916247,1,0,-35
1759482746.6306248,0,3,-42
1759482746.6666248,-3,0,-44
1759482746.704625,0,1,-49
1759482746.7436247,3,7,-42
1759482746.7816248,3,9,-40
1759482746.8176248,4,4,-37
1759482746.8546247,-1,0,-32
1759482746.8926249,0,3,-34
1759482746.931625,-6,5,-38
1759482746.967625,0,-2,-45
1759482747.0046248,0,-4,-56
1759482747.0426247,-3,-3,-49
1759482747.0816247,-3,-2,-38
1759482747.1176248,-5,-3,-42
1759482747.1556249,0,0,-23
1759482747.1936247,0,-5,-31
1759482747.2326248,2,-7,-40
1759482747.2706249,1,-4,-46
1759482747.306625,1,1,-51
1759482747.3436248,0,6,-41
1759482747.3816247,1,4,-37
1759482747.4206247,0,6,-33
1759482747.4566247,0,5,-32
1759482747.4936247,0,-3,-32
1759482747.5326247,0,0,-32
1759482747.5706248,0,0,-36
1759482747.6066248,-3,2,-38
1759482747.6456249,1,-2,-37
1759482747.6826248,0,0,-38
1759482747.7216249,2,0,-34
1759482747.7576249,3,-5,-41
1759482747.7946248,1,0,-45
1759482747.832625,0,1,-29
1759482747.8716247,-1,0,-42
1759482747.9076247,5,2,-38
1759482747.9456248,6,-6,-45
1759482747.9826248,3,4,-42
1759482748.0216248,-1,-1,-55
1759482748.0576248,-1,-1,-41
1759482748.0956247,8,5,-40
1759482748.1346247,6,-4,-48
1759482748.1726248,1,-4,-50
1759482748.2106247,-2,-4,-35
1759482748.2466247,-5,-6,-34
1759482748.2846248,-1,-11,-30
1759482748.3226247,-1,-3,-43
1759482748.3616247,-2,2,-43
1759482748.3976247,-4,1,-52
1759482748.4356248,-1,3,-44
1759482748.4746249,2,6,-42
1759482748.5126247,6,3,-36
1759482748.5486248,0,0,-37
1759482748.5856247,-2,0,-40
1759482748.6236248,-5,1,-45
1759482748.6626248,-3,-4,-52
1759482748.6986248,-2,-2,-38
1759482748.737625,-5,0,-30
1759482748.7756248,-10,-5,-41
1759482748.8126247,5,1,-43
1759482748.8516247,-3,-3,-40
1759482748.8876247,2,1,-49
1759482748.9256248,7,3,-35
1759482748.9636247,-1,-1,-34
1759482749.0016248,3,0,-37
1759482749.0376248,1,-1,-37
1759482749.0766249,4,-5,-35
1759482749.1136248,8,0,-37
1759482749.1526248,0,-2,-47
1759482749.1886249,5,4,-41
1759482749.2256248,3,3,-47
1759482749.263625,-4,9,-42
1759482749.3026247,-4,1,-44
1759482749.3386247,1,1,-39
1759482749.375625,-12,-1,-30
1759482749.4136248,-1,-2,-42
1759482749.4526248,0,-1,-51
1759482749.4886248,0,3,-48
1759482749.5256248,-4,0,-38
1759482749.5636249,7,4,-38
1759482749.602625,4,1,-44
1759482749.638625,0,0,-47
1759482749.6756248,0,-4,-43
1759482749.714625,1,2,-46
1759482749.7526248,4,-3,-40
1759482749.7886248,1,-3,-41
1759482749.8266249,-9,2,-37
1759482749.8646247,-3,3,-42
1759482749.9036248,2,7,-39
1759482749.9416249,-5,5,-37
1759482749.9786248,-1,0,-40
1759482750.0156248,3,3,-43
1759482750.0546248,-1,5,-36
1759482750.092625,0,-1,-39
1759482750.128625,5,-1,-42
1759482750.1666248,0,1,-40
1759482750.2056248,2,5,-40
1759482750.2436247,0,0,-35
1759482750.2796247,-4,-7,-44
1759482750.3176248,-2,-4,-34
1759482750.355625,1,-4,-32
1759482750.3936248,-4,-5,-27
1759482750.4326248,2,5,-35
1759482750.4686248,6,0,-45
1759482750.5066247,6,-1,-30
1759482750.5436249,4,-5,-35
1759482750.582625,4,1,-34
1759482750.6186247,4,0,-44
1759482750.6566248,2,2,-31
1759482750.694625,6,2,-24
1759482750.7326248,3,-3,-37
1759482750.7686248,2,-3,-40
1759482750.8076248,1,3,-39
1759482750.8446248,-6,-1,-42
1759482750.8836248,2,-2,-47
1759482750.9196248,6,-4,-45
1759482750.957625,0,-1,-51
1759482750.9956248,-3,-2,-39
1759482751.0346248,-2,-4,-47
1759482751.0726247,-10,-8,-35
1759482751.1086247,-6,-2,-35
1759482751.1466248,-1,-1,-35
1759482751.1856248,0,0,-34
1759482751.2236247,6,2,-36
1759482751.2596247,9,-4,-33
1759482751.2976248,3,-3,-37
1759482751.3366249,-1,1,-38
1759482751.3746247,-2,2,-35
1759482751.4126248,2,1,-43
1759482751.4486248,9,0,-41
1759482751.4866247,8,-3,-48
1759482751.5246248,7,0,-34
1759482751.5626247,8,3,-41
1759482751.5986247,1,4,-46
1759482751.6376247,-7,-2,-42
1759482751.6746247,4,4,-40
1759482751.7136247,7,5,-35
1759482751.7496247,3,1,-34
1759482751.7876248,1,6,-24
1759482751.8246248,1,3,-33
1759482751.8636248,8,-1,-35
1759482751.8996248,5,3,-53
1759482751.9366248,1,-4,-49
1759482751.9746249,-3,1,-47
1759482752.013625,-1,-4,-36
1759482752.0496247,-5,-3,-39
1759482752.0876248,-3,-1,-37
1759482752.125625,-5,0,-40
1759482752.1646247,-1,5,-47
1759482752.2006247,-1,0,-45
1759482752.2396247,-1,1,-46
1759482752.276625,2,0,-43
1759482752.3156247,-2,3,-44
1759482752.3536248,-1,1,-36
1759482752.3896248,-2,0,-31
1759482752.4266248,0,0,-44
1759482752.4656248,-5,4,-40
1759482752.503625,2,5,-38
1759482752.5396247,9,4,-39
1759482752.5766249,0,6,-35
1759482752.615625,5,-7,-48
1759482752.6536248,3,-3,-36
1759482752.6896248,1,0,-27
1759482752.7266247,1,2,-27
1759482752.7656248,10,7,-34
1759482752.8036249,6,4,-39
1759482752.839625,5,0,-27
1759482752.8766248,2,1,-32
1759482752.9156249,5,-7,-45
1759482752.9536247,0,-1,-42
1759482752.9896247,-7,0,-47
1759482753.0276248,-1,5,-39
1759482753.0666249,-3,4,-33
1759482753.1046247,-4,0,-31
1759482753.1406248,0,0,-38
1759482753.1786249,3,1,-45
1759482753.2156248,-2,-2,-34
1759482753.2546248,-3,-5,-37
1759482753.2906249,0,-12,-40
1759482753.3286247,0,-6,-40
1759482753.3666248,-4,-2,-39
1759482753.4056249,-6,3,-42
1759482753.4436247,-7,-8,-41
1759482753.4796247,-2,-2,-41
1759482753.5186248,-6,-1,-38
1759482753.5556247,-5,-2,-40
1759482753.5946248,-3,1,-43
1759482753.6306248,-1,2,-46
1759482753.6686249,3,3,-46
1759482753.7056248,-2,-1,-49
1759482753.7446249,2,-2,-48
1759482753.7806249,2,-2,-40
1759482753.8186247,-4,0,-39
1759482753.8566248,-4,-7,-35
1759482753.8956249,0,-11,-32
1759482753.931625,-1,-4,-31
1759482753.9696248,0,-3,-46
1759482754.0076249,8,4,-41
1759482754.046625,-3,-5,-46
1759482754.0846248,-3,-5,-40
1759482754.1206248,0,-4,-40
1759482754.1576247,-4,-1,-37
1759482754.1976247,1,-4,-48
1759482754.2356248,0,-7,-48
1759482754.2716248,-5,2,-36
1759482754.3086247,-5,3,-42
1759482754.3476248,3,4,-43
1759482754.385625,-1,2,-43
1759482754.421625,-1,2,-35
1759482754.4606247,0,-3,-36
1759482754.4986248,8,-4,-44
1759482754.536625,4,-2,-41
1759482754.5746248,1,-1,-47
1759482754.6106248,2,-8,-42
1759482754.648625,5,1,-40
1759482754.6866248,4,-1,-35
1759482754.7256248,-2,-1,-47
1759482754.7626247,-9,1,-32
1759482754.7996247,-5,-2,-35
1759482754.8386247,-4,5,-39
1759482754.8766248,-3,10,-47
1759482754.9146247,-8,1,-25
1759482754.9516249,-5,-3,-35
1759482754.9966247,-5,1,-48
1759482755.0346248,-5,0,-40
1759482755.0706248,1,1,-49
1759482755.1086247,-4,1,-44
1759482755.1466248,3,1,-36
1759482755.184625,6,10,-36
1759482755.2206247,-3,0,-39
1759482755.2596247,2,-7,-50
1759482755.296625,-2,-8,-40
1759482755.3356247,5,-2,-45
1759482755.3716247,-1,1,-47
1759482755.4096248,3,4,-45
1759482755.4466248,-6,1,-37
1759482755.4856248,-4,0,-37
1759482755.5216248,-12,1,-41
1759482755.559625,2,1,-44
1759482755.5976248,4,-2,-34
1759482755.6366248,2,-5,-47
1759482755.6726248,0,-5,-43
1759482755.7096248,-1,-10,-37
1759482755.7476249,4,-1,-28
1759482755.786625,2,0,-39
1759482755.8226247,-1,3,-56
1759482755.8596249,5,2,-55
1759482755.8976247,6,-4,-41
1759482755.9366248,4,5,-42
1759482755.9726248,0,0,-44
1759482756.010625,-1,0,-44
1759482756.0476248,-3,-2,-50
1759482756.0866249,-3,0,-55
1759482756.1226249,0,0,-45
1759482756.1606247,0,5,-48
1759482756.1976247,0,-1,-35
1759482756.2366247,2,6,-24
1759482756.2726247,1,6,-32
1759482756.3106248,1,5,-34
1759482756.3486247,1,7,-43
1759482756.3866248,2,4,-49
1759482756.4226248,2,0,-44
1759482756.4596248,0,-3,-41
1759482756.4976249,-5,0,-49
1759482756.536625,-6,-1,-48
1759482756.5726247,-5,-2,-41
1759482756.6106248,-9,0,-34
1759482756.648625,-1,9,-44
1759482756.6876247,1,2,-51
1759482756.7256248,7,-1,-50
1759482756.7616248,3,0,-43
1759482756.7996247,-1,7,-37
1759482756.8376248,1,7,-32
1759482756.875625,2,5,-31
1759482756.911625,6,8,-42
1759482756.9486248,4,0,-36
1759482756.987625,0,7,-34
1759482757.0256248,0,0,-42
1759482757.0616248,-1,-1,-50
1759482757.0996249,-1,-2,-44
1759482757.1376247,3,1,-43
1759482757.1766248,2,3,-42
1759482757.2126248,1,2,-42
1759482757.2496247,0,1,-54
1759482757.2876248,5,0,-45
1759482757.3266249,1,3,-46
1759482757.362625,-8,5,-35
1759482757.4006248,-2,0,-30
1759482757.4376247,11,1,-37
1759482757.4766247,4,0,-38
1759482757.5126247,7,-1,-34
1759482757.5506248,-2,-4,-47
1759482757.5876248,5,0,-43
1759482757.6266248,3,1,-40
1759482757.6626248,0,-5,-36
1759482757.7006247,-2,0,-34
1759482757.737625,-1,-1,-43
1759482757.776625,7,-6,-29
1759482757.8126247,1,0,-36
1759482757.8496249,-4,4,-37
1759482757.888625,-2,1,-44
1759482757.9266248,3,2,-49
1759482757.9626248,0,2,-44
1759482757.9996247,0,-6,-37
1759482758.0386248,1,5,-39
1759482758.0766249,-5,5,-37
1759482758.112625,-5,1,-41
1759482758.1496248,-7,4,-44
1759482758.1886249,-4,-3,-41
1759482758.2266247,0,6,-46
1759482758.2626247,0,0,-52
1759482758.2996247,-2,3,-50
1759482758.3386247,-7,-2,-39
1759482758.3766248,0,-3,-33
1759482758.4126248,2,-2,-44
1759482758.4516249,-1,5,-40
1759482758.4886248,0,-3,-43
1759482758.5276248,2,-6,-40
1759482758.5636249,5,0,-45
1759482758.6006248,2,2,-49
1759482758.6396248,-1,3,-45
1759482758.6776247,-1,0,-40
1759482758.7136247,1,0,-47
1759482758.7516248,0,-8,-50
1759482758.7896247,1,-3,-36
1759482758.8276248,4,-2,-45
1759482758.8636248,-1,-4,-51
1759482758.901625,0,7,-50
1759482758.9406247,-2,1,-48
1759482758.9786248,4,-4,-39
1759482759.0156248,3,-4,-42
1759482759.0526247,-4,-1,-33
1759482759.0906248,1,0,-32
1759482759.128625,-4,2,-36
1759482759.1676247,2,3,-35
1759482759.2036247,8,2,-38
1759482759.240625,-2,4,-47
1759482759.2786248,-3,-2,-46
1759482759.3176248,0,-4,-44
1759482759.3536248,-2,2,-49
1759482759.3916247,4,-1,-31
1759482759.4286249,4,4,-44
1759482759.467625,-5,0,-36
1759482759.503625,-4,-5,-38
1759482759.5416248,4,-5,-39
1759482759.579625,5,-1,-49
1759482759.6186247,0,-1,-50
1759482759.6556249,3,1,-46
1759482759.6936247,7,6,-42
1759482759.7316248,2,0,-46
1759482759.7696247,-2,-5,-43
1759482759.8076248,1,-2,-51
1759482759.8436248,-3,-5,-40
1759482759.8816247,1,0,-36
1759482759.9196248,5,0,-30
1759482759.9586248,-7,-9,-33
1759482759.9946249,0,-2,-33
1759482760.0316248,-1,-1,-31
1759482760.069625,6,-1,-28
1759482760.1086247,3,0,-34
1759482760.1446247,-11,3,-33
1759482760.1826248,-3,3,-41
1759482760.2206247,0,6,-55
1759482760.2596247,6,-8,-50
1759482760.2976248,4,-1,-43
1759482760.3336248,3,3,-40
1759482760.3706248,-4,-6,-46
1759482760.4096248,0,0,-47
1759482760.4476247,0,-3,-46
1759482760.4836247,0,0,-43
1759482760.5216248,3,4,-31
1759482760.559625,2,1,-39
1759482760.5976248,6,-3,-42
1759482760.6336248,7,-6,-41
1759482760.671625,5,-6,-40
1759482760.7096248,4,0,-44
1759482760.7456248,-5,0,-38
1759482760.7846248,-8,0,-43
1759482760.8226247,1,-1,-30
1759482760.8596249,0,-2,-43
1759482760.898625,0,0,-43
1759482760.934625,2,-2,-42
1759482760.9726248,0,3,-44
1759482761.0096247,1,-5,-39
1759482761.0486248,0,0,-34
1759482761.0846248,0,2,-38
1759482761.1226249,1,0,-33
1759482761.1596248,-1,0,-51
1759482761.1986248,-4,-4,-35
1759482761.2346249,-7,-1,-34
1759482761.2726247,2,-1,-35
1759482761.3106248,0,-3,-40
1759482761.3496249,-1,0,-43
1759482761.385625,-1,7,-37
1759482761.4236248,0,3,-40
1759482761.4626248,0,1,-46
1759482761.500625,-2,-10,-43
1759482761.5386248,-5,-7,-38
1759482761.5746248,-1,-9,-43
1759482761.612625,0,-4,-44
1759482761.6506248,3,0,-48
1759482761.6896248,2,4,-43
1759482761.7256248,13,-4,-33
1759482761.763625,6,0,-33
1759482761.8016248,4,2,-37
1759482761.8406248,-2,0,-48
1759482761.878625,4,3,-33
1759482761.9146247,0,1,-36
1759482761.9516249,0,7,-29
1759482761.990625,0,1,-36
1759482762.0286248,-3,0,-38
1759482762.0646248,6,5,-40
1759482762.1016247,-1,-1,-38
1759482762.1406248,-2,0,-42
1759482762.1786249,1,5,-42
1759482762.2156248,0,8,-44
1759482762.2526248,8,0,-46
1759482762.2906249,6,-11,-48
1759482762.329625,10,-6,-35
1759482762.365625,0,-4,-34
1759482762.4026248,1,-3,-40
1759482762.4406247,0,-6,-37
1759482762.4796247,1,-8,-45
1759482762.5156248,-3,1,-45
1759482762.5536249,-1,3,-40
1759482762.5916247,-1,-5,-49
1759482762.6296248,0,-6,-33
1759482762.6656249,7,-5,-40
1759482762.7036247,-4,-3,-35
1759482762.7416248,-11,3,-44
1759482762.7796247,-4,1,-35
1759482762.8156247,-5,1,-44
1759482762.8536248,0,3,-41
1759482762.8916247,11,-3,-37
1759482762.9296248,9,0,-43
1759482762.9656248,6,2,-47
1759482763.003625,5,0,-43
1759482763.0416248,-4,0,-37
1759482763.079625,-6,-4,-39
1759482763.115625,-4,-3,-45
1759482763.1546247,-5,7,-45
1759482763.1916249,0,7,-48
1759482763.230625,-5,5,-43
1759482763.2666247,-7,5,-28
1759482763.3046248,-4,-5,-39
1759482763.3416247,1,-4,-30
1759482763.3796248,1,-4,-39
1759482763.4156249,-1,0,-39
1759482763.4536247,3,-3,-50
1759482763.4916248,5,0,-38
1759482763.5296247,9,-5,-37
1759482763.5656247,2,0,-39
1759482763.602625,0,4,-33
1759482763.6416247,2,3,-41
1759482763.6796248,3,-1,-37
1759482763.7156248,3,-5,-48
1759482763.7546248,1,-2,-41
1759482763.7916248,5,3,-32
1759482763.8306248,3,2,-44
1759482763.8666248,9,6,-40
1759482763.9046247,2,5,-39
1759482763.9416249,-3,-1,-53
1759482763.980625,-2,5,-48
1759482764.0166247,0,-4,-42
1759482764.0536249,1,6,-37
1759482764.0916247,3,3,-44
1759482764.1306248,-5,8,-44
1759482764.1666248,-2,0,-43
1759482764.2036247,5,-3,-37
1759482764.2416248,4,2,-42
1759482764.2806249,1,0,-49
1759482764.3166249,5,2,-37
1759482764.3536248,2,0,-40
1759482764.3916247,0,0,-44
1759482764.4306247,1,2,-31
1759482764.4666247,7,2,-35
1759482764.503625,3,0,-35
1759482764.5426247,0,3,-41
1759482764.5806248,-2,2,-45
1759482764.6166248,-2,0,-53
1759482764.6536248,7,-6,-50
1759482764.6916249,4,-2,-44
1759482764.730625,-12,3,-41
1759482764.7666247,-13,-2,-51
1759482764.8046248,-11,-6,-37
1759482764.8436248,-4,3,-32
1759482764.8816247,-4,3,-40
1759482764.9176247,-1,5,-51
1759482764.9566247,0,4,-44
1759482765.0016248,-5,4,-46
1759482765.0376248,-1,1,-45
1759482765.0766249,-1,-6,-49
1759482765.1146247,0,4,-34
1759482765.1526248,-2,1,-37
1759482765.1906247,-4,0,-48
1759482765.2266247,-2,-1,-43
1759482765.2646248,-1,-5,-44
1759482765.3036249,7,0,-52
1759482765.3416247,1,-1,-36
1759482765.3776248,0,3,-44
1759482765.4146247,-5,11,-47
1759482765.4536247,-9,2,-33
1759482765.4916248,-4,2,-38
1759482765.5276248,1,0,-30
1759482765.5656247,0,0,-41
1759482765.602625,2,2,-32
1759482765.6416247,3,2,-39
1759482765.6776247,3,1,-31
1759482765.714625,1,-3,-37
1759482765.7526248,-2,0,-39
1759482765.7916248,-2,-1,-44
1759482765.8276248,1,2,-44
1759482765.865625,0,-1,-43
1759482765.9026248,4,0,-45
1759482765.9416249,3,5,-37
1759482765.977625,3,-4,-37
1759482766.0156248,3,-1,-37
1759482766.0546248,0,-4,-48
1759482766.092625,3,-1,-43
1759482766.1296248,-3,0,-44
1759482766.1666248,4,-2,-43
1759482766.204625,3,0,-43
1759482766.2436247,-1,0,-31
1759482766.2816248,-3,-3,-29
1759482766.3176248,0,-1,-38
1759482766.3546247,0,-2,-43
1759482766.3936248,8,-6,-41
1759482766.431625,6,0,-40
1759482766.467625,6,-2,-37
1759482766.5046248,3,-8,-36
1759482766.5436249,-1,-2,-53
1759482766.5816247,4,-4,-38
1759482766.6176248,5,0,-38
1759482766.6556249,3,0,-44
1759482766.6936247,2,0,-37
1759482766.7316248,1,0,-48
1759482766.7686248,8,2,-38
1759482766.8056247,0,-2,-33
1759482766.8436248,2,-1,-29
1759482766.8826249,-1,-7,-37
1759482766.9186249,-9,-7,-30
1759482766.9566247,-4,0,-45
1759482766.9956248,-2,-1,-47
1759482767.033625,-4,-5,-46
1759482767.0716248,5,0,-58
1759482767.1076248,9,0,-50
1759482767.1466248,-4,-4,-47
1759482767.1836247,-3,2,-39
1759482767.2226248,-1,-4,-46
1759482767.2596247,-1,-9,-35
1759482767.296625,8,-6,-34
1759482767.3356247,7,0,-39
1759482767.3736248,-3,0,-34
1759482767.411625,0,-1,-44
1759482767.4476247,0,0,-49
1759482767.4846249,1,-1,-44
1759482767.523625,-7,0,-42
1759482767.5616248,-3,-5,-36
1759482767.5976248,-1,-1,-36
1759482767.635625,1,0,-23
1759482767.6746247,-1,1,-31
1759482767.7126248,-5,-4,-34
1759482767.7486248,-7,3,-29
1759482767.786625,1,0,-39
1759482767.8256247,0,-8,-43
1759482767.8636248,-2,-3,-39
1759482767.8996248,-3,0,-33
1759482767.9386249,-3,0,-42
1759482767.9756248,-3,-3,-38
1759482768.013625,-4,-2,-35
1759482768.0526247,4,6,-42
1759482768.0886247,1,7,-45
1759482768.125625,0,3,-41
1759482768.1636248,0,1,-41
1759482768.2026248,-6,0,-44
1759482768.2386248,-6,-2,-43
1759482768.276625,4,1,-34
1759482768.3146248,-1,7,-44
1759482768.3536248,-1,-2,-46
1759482768.3896248,3,-2,-46
1759482768.4286249,0,0,-49
1759482768.4656248,0,-3,-52
1759482768.5046248,3,-4,-38
1759482768.5426247,-1,-6,-39
1759482768.5786247,-1,1,-33
1759482768.6166248,3,2,-38
1759482768.6546247,2,2,-43
1759482768.6926248,-3,-2,-53
1759482768.7286248,-9,0,-43
1759482768.7676249,-3,0,-44
1759482768.8046248,-7,-3,-33
1759482768.8436248,-8,-6,-32
1759482768.8796248,-1,0,-33
1759482768.9176247,0,0,-44
1759482768.954625,4,2,-37
1759482768.9936247,0,0,-41
1759482769.0296247,1,-1,-38
1759482769.0676248,0,0,-42
1759482769.1046247,2,-1,-46
1759482769.1436248,8,-1,-37
1759482769.1796248,8,0,-37
1759482769.217625,4,4,-32
1759482769.2556248,5,0,-42
1759482769.2936249,2,3,-29
1759482769.329625,-2,-1,-20
1759482769.3676248,0,3,-32
1759482769.4066248,-3,0,-31
1759482769.444625,0,0,-29
1759482769.480625,-2,-1,-30
1759482769.5186248,2,-4,-22
1759482769.556625,-1,3,-33
1759482769.5946248,0,3,-42
1759482769.6336248,3,4,-44
1759482769.6696248,7,0,-36
1759482769.707625,3,6,-39
1759482769.7446249,-1,-2,-38
1759482769.783625,-1,1,-36
1759482769.819625,0,-1,-42
1759482769.8576248,2,0,-48
1759482769.8946247,0,0,-52
1759482769.9336247,9,-1,-37
1759482769.9696248,2,7,-38
1759482770.0076249,4,7,-41
1759482770.0446248,3,0,-49
1759482770.0836248,6,0,-40
1759482770.1196249,2,-1,-37
1759482770.1576247,0,-2,-41
1759482770.1956248,7,-6,-34
1759482770.2336247,2,-2,-35
1759482770.2696247,-6,3,-33
1759482770.3076248,-2,0,-46
1759482770.3456247,-10,0,-42
1759482770.3846247,-3,1,-45
1759482770.4206247,-4,-1,-46
1759482770.4596248,5,1,-36
1759482770.4966247,-2,-4,-42
1759482770.5356247,-2,1,-42
1759482770.5736248,-4,3,-39
1759482770.6096249,2,10,-31
1759482770.6466248,2,2,-26
1759482770.6856248,3,-2,-40
1759482770.7236247,2,-2,-33
1759482770.7596247,1,3,-34
1759482770.796625,-3,4,-34
1759482770.8356247,0,-1,-36
1759482770.8736248,-2,2,-35
1759482770.9096248,1,-5,-40
1759482770.9466248,7,-3,-38
1759482770.9856248,-3,-3,-45
1759482771.023625,2,-8,-43
1759482771.059625,3,-4,-37
1759482771.0966249,6,0,-42
1759482771.135625,0,-1,-38
1759482771.171625,3,1,-33
1759482771.2106247,-11,4,-39
1759482771.2476249,1,1,-35
1759482771.286625,9,4,-39
1759482771.3246248,9,3,-32
1759482771.3606248,1,4,-46
1759482771.3976247,-3,0,-40
1759482771.4366248,6,3,-39
1759482771.4746249,5,1,-39
1759482771.510625,3,0,-46
1759482771.5476248,0,-1,-38
1759482771.5866249,6,0,-46
1759482771.6246247,-1,-4,-46
1759482771.6606247,-1,-6,-39
1759482771.6996248,3,-5,-50
1759482771.7366247,10,1,-40
1759482771.7756248,2,0,-43
1759482771.8116248,0,-5,-44
1759482771.8496249,0,-5,-53
1759482771.8876247,4,0,-43
1759482771.9266248,1,1,-28
1759482771.964625,1,2,-32
1759482772.000625,-5,0,-31
1759482772.0396247,-2,0,-42
1759482772.0766249,1,1,-38
1759482772.115625,3,1,-34
1759482772.151625,9,0,-33
1759482772.1896248,3,0,-34
1759482772.2266247,7,-1,-38
1759482772.2656248,6,-1,-48
1759482772.3016248,0,-3,-41
1759482772.339625,0,0,-27
1759482772.3766248,1,-5,-33
1759482772.4156249,4,1,-26
1759482772.4516249,3,-4,-39
1759482772.4896247,9,0,-37
1759482772.5276248,4,6,-29
1759482772.5666249,5,0,-37
1759482772.6046247,1,-4,-46
1759482772.6406248,8,-3,-39
1759482772.6786249,7,-3,-34
1759482772.7166247,2,3,-34
1759482772.7556248,8,-8,-35
1759482772.7916248,6,-3,-43
1759482772.8286247,8,-3,-35
1759482772.8666248,5,-1,-45
1759482772.9056249,7,4,-38
1759482772.9416249,1,3,-42
1759482772.9796247,9,3,-44
1759482773.0166247,0,10,-31
1759482773.0556247,0,3,-42
1759482773.0916247,3,0,-41
1759482773.128625,0,0,-49
1759482773.1676247,1,4,-39
1759482773.2056248,4,-2,-36
1759482773.2416248,4,-2,-41
1759482773.2796247,5,5,-38
1759482773.3186247,1,1,-46
1759482773.3566248,1,0,-39
1759482773.3926249,2,-1,-30
1759482773.4296248,1,1,-37
1759482773.4686248,0,1,-38
1759482773.5066247,-3,-2,-45
1759482773.5426247,0,-3,-42
1759482773.5816247,5,0,-43
1759482773.6186247,-5,-2,-47
1759482773.6576247,-6,6,-43
1759482773.6956248,-8,-1,-38
1759482773.7316248,-2,-1,-35
1759482773.7706249,0,6,-36
1759482773.8076248,14,10,-43
1759482773.8466249,13,3,-37
1759482773.8826249,1,5,-40
1759482773.9206247,0,-2,-45
1759482773.9596248,-7,0,-41
1759482773.9976249,-8,3,-44
1759482774.0356247,-7,6,-49
1759482774.0716248,5,11,-39
1759482774.1096249,1,4,-32
1759482774.148625,2,0,-34
1759482774.1866248,-1,7,-46
1759482774.2226248,4,-1,-45
1759482774.260625,5,-4,-39
1759482774.2986248,3,2,-41
1759482774.3376248,8,2,-29
1759482774.375625,8,2,-38
1759482774.411625,0,-2,-33
1759482774.4496248,0,0,-42
1759482774.4886248,0,1,-29
1759482774.526625,1,-1,-38
1759482774.5626247,-6,-1,-35
1759482774.6006248,0,1,-33
1759482774.638625,-5,0,-37
1759482774.6776247,2,8,-39
1759482774.7136247,2,5,-44
1759482774.750625,-2,0,-39
1759482774.7886248,0,5,-44
1759482774.8276248,-1,3,-46
1759482774.8636248,2,-5,-50
1759482774.901625,0,1,-37
1759482774.9396248,3,-3,-44
1759482774.9786248,-4,0,-46
1759482775.0226247,0,4,-33
1759482775.0606248,-3,2,-35
1759482775.0986247,4,-1,-43
1759482775.1366248,1,0,-34
1759482775.1726248,-1,-2,-38
1759482775.2116249,-5,4,-37
1759482775.2486248,-2,-4,-40
1759482775.2876248,-2,0,-35
1759482775.3236248,-5,-3,-35
1759482775.362625,-9,-11,-47
1759482775.4006248,0,-3,-48
1759482775.4386249,-5,0,-45
1759482775.4766247,-4,3,-46
1759482775.5126247,9,6,-42
1759482775.5506248,5,2,-40
1759482775.5886247,1,-1,-39
1759482775.6266248,1,0,-33
1759482775.6636248,0,-1,-48
1759482775.7016249,-2,-4,-48
1759482775.7386248,-7,-6,-39
1759482775.7776248,-2,0,-43
1759482775.8136249,-2,-2,-44
1759482775.8516247,-4,-5,-48
1759482775.8896248,2,-4,-46
1759482775.9286249,0,-1,-42
1759482775.9666247,-6,-3,-42
1759482776.0026248,-2,0,-41
1759482776.0406249,-3,0,-48
1759482776.079625,-1,-5,-46
1759482776.1176248,5,-6,-39
1759482776.1546247,10,-6,-39
1759482776.1916249,2,-9,-37
1759482776.230625,5,-1,-41
1759482776.2686248,2,-6,-44
1759482776.306625,3,-6,-34
1759482776.342625,-2,-3,-31
1759482776.3806248,0,0,-30
1759482776.4196248,2,0,-42
1759482776.457625,1,0,-54
1759482776.4936247,1,-5,-41
1759482776.5316248,0,-3,-45
1759482776.5706248,1,2,-39
1759482776.6086247,0,-1,-50
1759482776.6446247,2,1,-34
1759482776.681625,1,-4,-37
1759482776.7206247,-3,-9,-38
1759482776.7586248,0,0,-41
1759482776.7946248,-3,-2,-40
1759482776.8336248,-2,-4,-49
1759482776.8706248,0,-3,-32
1759482776.908625,7,-2,-36
1759482776.9476247,0,0,-41
1759482776.9836247,-2,-5,-39
1759482777.0216248,4,-7,-44
1759482777.059625,-8,-3,-45
1759482777.0986247,-2,4,-33
1759482777.1346247,2,-1,-26
1759482777.1726248,-7,0,-29
1759482777.2106247,-1,-1,-39
1759482777.2496247,1,0,-35
1759482777.2876248,0,0,-34
1759482777.3236248,3,-4,-31
1759482777.3616247,2,-4,-34
1759482777.3996248,-4,-5,-45
1759482777.4376247,-9,-4,-35
1759482777.4736247,-7,-7,-38
1759482777.5126247,-10,-12,-42
1759482777.5506248,-2,-4,-40
1759482777.5886247,-2,3,-30
1759482777.6246247,6,-2,-36
1759482777.6626248,2,-12,-42
1759482777.7006247,-2,-2,-41
1759482777.7386248,3,0,-44
1759482777.7746248,-1,-4,-47
1759482777.8126247,-1,-4,-51
1759482777.8516247,-9,-5,-44
1759482777.8896248,-7,2,-39
1759482777.9276247,-6,-2,-46
1759482777.9636247,-5,-6,-37
1759482778.0016248,-6,-8,-46
1759482778.0406249,0,-7,-27
1759482778.0786247,-1,-2,-37
1759482778.1146247,4,-11,-31
1759482778.1536248,6,-2,-31
1759482778.1906247,0,-1,-37
1759482778.2296247,-1,0,-34
1759482778.2656248,1,-2,-28
1759482778.3036249,2,-12,-30
1759482778.3416247,-4,-10,-32
1759482778.3796248,-3,0,-36
1759482778.4186249,-3,5,-39
1759482778.454625,5,-1,-43
1759482778.4926248,7,3,-34
1759482778.5306249,0,-3,-44
1759482778.569625,0,5,-37
1759482778.605625,0,5,-51
1759482778.6426249,1,-2,-38
1759482778.6806247,0,-3,-40
1759482778.7196248,-8,4,-35
1759482778.7556248,-2,0,-34
1759482778.7936249,-7,1,-41
1759482778.832625,-8,3,-47
1759482778.8706248,4,5,-30
1759482778.908625,4,-2,-28
1759482778.944625,1,2,-33
1759482778.9826248,0,3,-42
1759482779.0206249,-6,8,-28
1759482779.0586247,-5,8,-37
1759482779.0946248,-6,6,-31
1759482779.1316247,-4,2,-49
1759482779.1706247,-5,-1,-33
1759482779.2086248,-6,6,-38
1759482779.2446249,-11,4,-38
1759482779.283625,-4,-1,-35
1759482779.3206248,2,-3,-34
1759482779.3596249,5,1,-42
1759482779.3956249,0,-2,-43
1759482779.4326248,0,-1,-40
1759482779.4706247,-2,0,-37
1759482779.5096247,-1,4,-34
1759482779.5456247,0,-2,-37
1759482779.582625,2,-4,-44
1759482779.6206248,-2,-3,-48
1759482779.6596248,3,1,-42
1759482779.6956248,1,-2,-49
1759482779.7346249,9,0,-44
1759482779.7726247,6,-2,-44
1759482779.8106248,-6,-8,-30
1759482779.8466249,-12,-6,-39
1759482779.885625,-3,-7,-40
1759482779.9226248,-2,-1,-44
1759482779.9616249,0,-4,-40
1759482779.9996247,1,1,-37
1759482780.0356247,8,-1,-27
1759482780.0726247,3,0,-28
1759482780.1106248,-4,-5,-30
1759482780.1496248,-1,0,-29
1759482780.1856248,0,3,-34
1759482780.2226248,-1,-1,-35
1759482780.2616248,-3,-5,-39
1759482780.2996247,-8,-1,-40
1759482780.3356247,-3,-1,-34
1759482780.3736248,4,1,-38
1759482780.411625,0,-3,-46
1759482780.4506247,-3,2,-46
1759482780.4866247,-5,-2,-36
1759482780.5246248,-1,0,-45
1759482780.5626247,5,2,-35
1759482780.6016247,-1,0,-46
1759482780.6396248,-1,-3,-31
1759482780.6756248,-3,0,-28
1759482780.714625,-2,-3,-38
1759482780.7516248,4,2,-36
1759482780.7906249,-2,5,-43
1759482780.8276248,1,3,-32
1759482780.8646247,0,-3,-43
1759482780.9036248,-10,2,-33
1759482780.9416249,-3,-1,-33
1759482780.9796247,1,-3,-43
1759482781.0156248,1,-1,-33
1759482781.0536249,-1,0,-38
1759482781.092625,-11,2,-43
1759482781.1306248,-1,-1,-43
1759482781.1666248,0,-2,-40
1759482781.2036247,1,5,-44
1759482781.2426248,-4,1,-42
1759482781.2806249,0,-4,-30
1759482781.3166249,7,-4,-45
1759482781.355625,5,-4,-51
1759482781.3936248,2,-1,-42
1759482781.431625,4,5,-43
1759482781.4696248,7,4,-31
1759482781.5056248,-8,1,-31
1759482781.5436249,-3,0,-37
1759482781.5816247,-1,-1,-37
1759482781.6176248,3,0,-37
1759482781.6546247,-4,-5,-47
1759482781.6936247,-7,-4,-35
1759482781.7316248,2,-1,-52
1759482781.7676249,-1,-1,-37
1759482781.8056247,2,-4,-48
1759482781.8436248,5,-6,-40
1759482781.8816247,7,-10,-39
1759482781.9206247,5,-4,-37
1759482781.9566247,0,0,-38
1759482781.9946249,2,-3,-47
1759482782.0316248,-3,-4,-35
1759482782.0706248,-1,0,-34
1759482782.1066248,0,-4,-30
1759482782.1446247,-2,-1,-42
1759482782.181625,2,-2,-33
1759482782.2206247,-2,-5,-41
1759482782.2566247,-9,-6,-48
1759482782.2946248,-11,1,-46
1759482782.3336248,2,2,-47
1759482782.3716247,4,5,-46
1759482782.4076247,2,0,-40
1759482782.444625,-10,0,-40
1759482782.4826248,3,-1,-37
1759482782.5216248,0,3,-43
1759482782.5576248,4,5,-53
1759482782.5966249,3,4,-44
1759482782.6346247,5,2,-44
1759482782.6726248,-1,-2,-49
1759482782.7106247,-3,5,-31
1759482782.7466247,0,-2,-31
1759482782.783625,-5,0,-37
1759482782.8226247,0,2,-38
1759482782.8606248,-5,2,-32
1759482782.8966248,-5,6,-28
1759482782.9336247,-7,-1,-37
1759482782.9726248,2,-2,-39
1759482783.010625,5,4,-36
1759482783.046625,5,6,-41
1759482783.0836248,0,0,-48
1759482783.1226249,2,-1,-39
1759482783.1606247,5,-6,-52
1759482783.1966248,12,-2,-48
1759482783.2346249,0,-6,-40
1759482783.2726247,-6,0,-34
1759482783.3116248,0,0,-32
1759482783.3476248,4,4,-36
1759482783.3866248,0,0,-31
1759482783.4246247,8,0,-35
1759482783.4626248,-4,3,-26
1759482783.4986248,-9,-3,-31
1759482783.536625,1,0,-38
1759482783.5756247,-4,-2,-41
1759482783.612625,-2,0,-41
1759482783.651625,-4,-5,-44
1759482783.6876247,-2,-5,-44
1759482783.7256248,-1,2,-42
1759482783.763625,3,5,-44
1759482783.8026247,-1,2,-36
1759482783.8386247,3,0,-48
1759482783.875625,3,-5,-46
1759482783.9136248,3,2,-58
1759482783.9526248,0,4,-58
1759482783.9886248,-1,4,-54
1759482784.026625,-7,-1,-38
1759482784.0636249,0,-7,-43
1759482784.102625,-6,0,-48
1759482784.138625,-1,2,-45
1759482784.1766248,1,-1,-40
1759482784.2136247,-9,1,-39
1759482784.2526248,-2,-4,-44
1759482784.2886248,-8,0,-47
1759482784.3266249,-8,2,-32
1759482784.3646247,0,1,-42
1759482784.4026248,4,-2,-45
1759482784.4386249,4,-1,-29
1759482784.4756248,2,0,-36
1759482784.5146248,-2,0,-46
1759482784.5526247,4,-3,-46
1759482784.5886247,4,2,-41
1759482784.625625,5,-4,-45
1759482784.6646247,0,2,-40
1759482784.7026248,8,-2,-34
1759482784.7386248,0,0,-33
1759482784.7756248,-5,0,-45
1759482784.8146248,-5,-2,-49
1759482784.852625,0,-4,-40
1759482784.888625,3,-11,-41
1759482784.9276247,1,-1,-35
1759482784.9656248,2,-7,-36
1759482785.003625,-1,-3,-37
1759482785.0486248,0,-3,-30
1759482785.0866249,2,-3,-32
1759482785.1246247,1,4,-39
1759482785.1626248,-1,0,-41
1759482785.1986248,0,2,-44
1759482785.2366247,11,4,-43
1759482785.2746248,0,0,-32
1759482785.3126247,-5,-2,-37
1759482785.3486247,-5,-3,-51
1759482785.3866248,-11,0,-41
1759482785.4256248,-2,-5,-39
1759482785.4636247,10,0,-32
1759482785.4996247,-3,-1,-27
1759482785.5386248,-2,-1,-33
1759482785.5756247,-1,-4,-37
1759482785.6146247,0,0,-38
1759482785.6526248,-7,1,-46
1759482785.6886249,-5,-2,-46
1759482785.7266247,0,-2,-49
1759482785.7656248,9,-2,-39
1759482785.8036249,6,-2,-42
1759482785.839625,1,-6,-46
1759482785.8776248,10,2,-44
1759482785.9156249,9,3,-38
1759482785.954625,3,-9,-33
1759482785.9926248,0,-6,-28
1759482786.0286248,-2,-2,-36
1759482786.0666249,-1,2,-38
1759482786.1046247,1,5,-39
1759482786.1436248,1,4,-43
1759482786.1806247,0,2,-49
1759482786.2186248,-3,3,-39
1759482786.2556248,-4,13,-45
1759482786.2946248,-6,8,-48
1759482786.332625,-2,4,-50
1759482786.3686247,-6,0,-33
1759482786.4056249,0,1,-34
1759482786.444625,0,3,-49
1759482786.4826248,0,4,-41
1759482786.5186248,-2,1,-33
1759482786.5556247,4,5,-46
1759482786.5946248,3,6,-40
1759482786.6326249,0,3,-38
1759482786.6686249,-3,-4,-43
1759482786.707625,0,-2,-43
1759482786.7446249,-2,2,-39
1759482786.783625,0,-2,-33
1759482786.819625,0,2,-43
1759482786.8566248,2,7,-32
1759482786.8946247,0,5,-33
1759482786.931625,-7,1,-30
1759482786.9686248,0,-1,-43
1759482787.0066247,2,-1,-41
1759482787.0446248,8,4,-41
1759482787.0836248,-1,1,-47
1759482787.1196249,-2,-12,-46
1759482787.1576247,1,-2,-48
1759482787.1956248,6,0,-48
1759482787.2346249,1,-5,-44
1759482787.2706249,2,-5,-41
1759482787.3086247,3,1,-39
1759482787.3476248,3,2,-46
1759482787.3846247,6,-1,-37
1759482787.4236248,0,-1,-34
1759482787.4596248,-2,0,-35
1759482787.4976249,-4,-1,-42
1759482787.5356247,-3,-3,-32
1759482787.5736248,-1,0,-38
1759482787.6096249,-6,-4,-46
1759482787.6476247,0,-5,-52
1759482787.6866248,10,-3,-36
1759482787.7246249,-1,-2,-31
1759482787.760625,-1,-3,-40
1759482787.7986248,-8,-12,-45
1759482787.8366249,-4,-5,-44
1759482787.875625,-1,-2,-41
1759482787.9136248,-7,-4,-45
1759482787.9496248,0,1,-49
1759482787.987625,-1,2,-37
1759482788.0256248,2,-7,-47
1759482788.0636249,-4,0,-35
1759482788.0996249,0,-1,-42
1759482788.1366248,0,-3,-35
1759482788.1756248,3,-3,-42
1759482788.2136247,0,1,-25
1759482788.2496247,-5,-3,-30
1759482788.2876248,-3,2,-33
1759482788.3266249,7,1,-42
1759482788.3646247,0,3,-41
1759482788.4006248,1,1,-36
1759482788.4376247,-7,4,-35
1759482788.4766247,-9,-5,-29
1759482788.5146248,-6,-4,-39
1759482788.5506248,5,0,-40
1759482788.5876248,2,-3,-26
1759482788.625625,1,4,-48
1759482788.6646247,3,1,-30
1759482788.7006247,-3,-4,-30
1759482788.7386248,-2,3,-27
1759482788.776625,-2,-5,-38
1759482788.8156247,-1,1,-45
1759482788.8516247,-4,1,-45
1759482788.888625,-1,0,-38
1759482788.9266248,3,1,-49
1759482788.9656248,0,0,-43
1759482789.0016248,-9,2,-42
1759482789.0386248,-11,0,-40
1759482789.0766249,-1,3,-31
1759482789.115625,3,0,-37
1759482789.151625,-4,0,-37
1759482789.1886249,-2,1,-32
1759482789.2266247,-5,6,-40
1759482789.2656248,-8,0,-27
1759482789.3016248,-8,0,-34
1759482789.339625,-3,4,-29
1759482789.378625,-5,-4,-41
1759482789.4166248,-2,-3,-32
1759482789.454625,2,4,-31
1759482789.490625,3,-4,-24
1759482789.5296247,-2,0,-33
1759482789.5666249,-3,-4,-35
1759482789.605625,-2,0,-25
1759482789.6416247,1,-6,-33
1759482789.6796248,0,5,-49
1759482789.7166247,0,2,-36
1759482789.7556248,4,-2,-40
1759482789.7916248,1,-3,-40
1759482789.829625,8,-3,-43
1759482789.8666248,6,1,-38
1759482789.9056249,-2,-6,-35
1759482789.9416249,-1,-4,-34
1759482789.980625,1,2,-32
1759482790.0176249,0,-2,-24
1759482790.056625,-3,-7,-38
1759482790.0946248,5,1,-42
1759482790.1306248,5,-2,-43
1759482790.1686249,1,-1,-38
1759482790.207625,-2,-1,-35
1759482790.2456248,2,2,-42
1759482790.2816248,1,-1,-39
1759482790.3186247,1,0,-38
1759482790.3566248,0,0,-52
1759482790.3956249,1,1,-46
1759482790.431625,2,5,-44
1759482790.4686248,0,2,-47
1759482790.5066247,-4,0,-48
1759482790.5456247,0,-1,-41
1759482790.5816247,3,-7,-48
1759482790.6196249,15,-12,-48
1759482790.6566248,9,-7,-54
1759482790.6956248,4,0,-42
1759482790.7316248,0,-1,-46
1759482790.7696247,-5,7,-44
1759482790.806625,12,0,-32
1759482790.8456247,9,2,-39
1759482790.8816247,8,3,-26
1759482790.9196248,2,0,-29
1759482790.957625,1,-6,-38
1759482790.9956248,0,0,-42
1759482791.0316248,3,-4,-36
1759482791.069625,1,-5,-34
1759482791.1076248,0,-5,-40
1759482791.1456249,0,-3,-33
1759482791.181625,-4,-1,-31
1759482791.2206247,-6,0,-36
1759482791.2576249,2,-1,-39
1759482791.296625,-1,0,-38
1759482791.332625,4,0,-40
1759482791.3706248,1,0,-37
1759482791.4076247,4,2,-30
1759482791.4466248,-6,4,-29
1759482791.4826248,-8,0,-37
1759482791.5206249,0,-8,-41
1759482791.5576248,7,-8,-33
1759482791.5966249,10,0,-44
1759482791.6326249,4,6,-42
1759482791.6706247,-5,0,-45
1759482791.707625,0,3,-32
1759482791.7466247,-1,1,-45
1759482791.7826247,4,5,-42
1759482791.8206248,-3,-2,-35
1759482791.8576248,-1,-6,-40
1759482791.8966248,-5,6,-44
1759482791.9326248,1,3,-45
1759482791.9706247,10,4,-34
1759482792.0076249,7,-1,-41
1759482792.046625,9,1,-46
1759482792.082625,7,1,-45
1759482792.1206248,2,-7,-40
1759482792.1576247,13,-7,-50
1759482792.1966248,5,-6,-41
1759482792.2326248,7,-3,-43
1759482792.2706249,1,0,-37
1759482792.3076248,-2,-6,-41
1759482792.3466249,-2,-5,-43
1759482792.3826249,0,1,-38
1759482792.4206247,-1,2,-46
1759482792.457625,6,3,-35
1759482792.4966247,4,0,-46
1759482792.5326247,0,0,-39
1759482792.569625,-7,-1,-44
1759482792.6076248,-10,-10,-45
1759482792.6466248,0,-4,-36
1759482792.6826248,-2,-5,-34
1759482792.7206247,2,-4,-38
1759482792.7586248,1,0,-43
1759482792.7976248,0,4,-36
1759482792.8336248,-2,1,-33
1759482792.8716247,-4,0,-41
1759482792.9106247,-1,-1,-35
1759482792.9486248,-4,-1,-40
1759482792.9866247,4,4,-44
1759482793.0226247,3,4,-41
1759482793.059625,1,-1,-40
1759482793.0986247,1,1,-49
1759482793.1366248,0,-2,-41
1759482793.1726248,7,-4,-39
1759482793.2106247,-1,0,-48
1759482793.2486248,-6,4,-41
1759482793.286625,-6,3,-35
1759482793.3226247,0,2,-41
1759482793.3606248,5,4,-45
1759482793.398625,5,2,-45
1759482793.4366248,2,-1,-29
1759482793.4726248,1,2,-39
1759482793.510625,5,7,-39
1759482793.5486248,10,-6,-46
1759482793.5866249,4,-8,-45
1759482793.6226249,1,0,-46
1759482793.6606247,2,0,-51
1759482793.6986248,-6,-5,-44
1759482793.7346249,-3,-8,-45
1759482793.7726247,-3,-3,-44
1759482793.8106248,-2,2,-37
1759482793.8486247,2,6,-34
1759482793.8876247,10,1,-32
1759482793.9236248,-2,1,-28
1759482793.9606247,5,1,-34
1759482793.9986248,-6,2,-33
1759482794.0376248,-5,2,-47
1759482794.0736248,1,1,-44
1759482794.1106248,1,-8,-55
1759482794.148625,7,-3,-46
1759482794.1876247,3,-2,-33
1759482794.2236247,6,-5,-45
1759482794.2626247,0,-6,-46
1759482794.2996247,0,0,-33
1759482794.3386247,2,1,-42
1759482794.375625,3,0,-38
1759482794.4136248,-2,3,-35
1759482794.4506247,0,-2,-31
1759482794.4896247,-4,-6,-37
1759482794.5276248,-1,-2,-42
1759482794.5636249,1,-5,-46
1759482794.6006248,5,-3,-42
1759482794.6396248,1,8,-43
1759482794.6776247,-4,1,-38
1759482794.7136247,2,-6,-33
1759482794.750625,6,0,-36
1759482794.7896247,3,5,-38
1759482794.8276248,0,0,-30
1759482794.8636248,4,-6,-38
1759482794.9006248,2,-7,-31
1759482794.9396248,4,-9,-27
1759482794.977625,2,-5,-34
1759482795.013625,4,-9,-39
1759482795.059625,3,0,-53
1759482795.0976248,0,3,-41
1759482795.1336248,3,0,-43
1759482795.171625,1,0,-52
1759482795.2106247,0,1,-35
1759482795.2486248,2,-3,-43
1759482795.2846248,-5,-1,-40
1759482795.3226247,-1,0,-42
1759482795.3616247,1,-2,-42
1759482795.3996248,2,0,-41
1759482795.4356248,8,0,-44
1759482795.4726248,7,-2,-35
1759482795.510625,9,-1,-39
1759482795.5496247,3,-5,-45
1759482795.5856247,-2,1,-45
1759482795.6246247,2,-4,-38
1759482795.6626248,-1,4,-38
1759482795.7006247,7,9,-51
1759482795.7386248,1,0,-35
1759482795.7746248,-1,0,-38
1759482795.8126247,1,3,-48
1759482795.8516247,3,1,-42
1759482795.8896248,0,-1,-35
1759482795.9256248,3,8,-33
1759482795.9626248,1,14,-36
1759482796.0016248,2,7,-42
1759482796.0396247,5,1,-45
1759482796.0756247,10,-1,-44
1759482796.1136248,3,-2,-48
1759482796.151625,0,0,-48
1759482796.1906247,1,-3,-39
1759482796.2286248,0,0,-46
1759482796.2646248,-7,2,-44
1759482796.3016248,0,-1,-38
1759482796.3406248,0,-3,-39
1759482796.378625,0,0,-35
1759482796.4146247,2,-1,-46
1759482796.4516249,0,-3,-37
1759482796.490625,3,-4,-42
1759482796.5286248,7,0,-45
1759482796.5646248,3,-3,-44
1759482796.602625,0,-4,-42
1759482796.6416247,-1,-14,-43
1759482796.6796248,0,1,-41
1759482796.7156248,0,1,-39
1759482796.753625,-1,1,-32
1759482796.7916248,-3,-1,-35
1759482796.829625,-7,-6,-49
1759482796.865625,5,-3,-48
1759482796.9046247,1,0,-37
1759482796.9416249,-3,-1,-36
1759482796.980625,-4,-4,-32
1759482797.0186248,0,2,-26
1759482797.0546248,0,-3,-37
1759482797.0916247,-2,0,-29
1759482797.1306248,4,-4,-31
1759482797.1686249,0,-6,-34
1759482797.204625,-4,-1,-36
1759482797.2426248,0,-2,-41
1759482797.2806249,-3,3,-40
1759482797.319625,-6,1,-33
1759482797.355625,-1,3,-39
1759482797.3936248,-2,0,-49
1759482797.4326248,3,4,-42
1759482797.4706247,0,1,-46
1759482797.5066247,-3,-2,-46
1759482797.5436249,1,-4,-46
1759482797.582625,-1,-2,-36
1759482797.6206248,-2,1,-42
1759482797.6566248,0,3,-39
1759482797.694625,5,-3,-31
1759482797.7326248,2,1,-40
1759482797.7706249,3,0,-32
1759482797.8076248,2,6,-53
1759482797.8446248,0,4,-42
1759482797.8836248,-1,2,-45
1759482797.921625,2,-1,-32
1759482797.9596248,4,2,-39
1759482797.9956248,3,6,-33
1759482798.033625,9,2,-40
1759482798.0716248,7,-1,-44
1759482798.1096249,2,-5,-38
1759482798.1456249,-1,-1,-33
1759482798.1836247,5,6,-39
1759482798.2216249,-1,0,-32
1759482798.260625,0,-3,-45
1759482798.296625,-3,-2,-50
1759482798.3356247,12,0,-41
1759482798.3726249,0,5,-48
1759482798.411625,3,-2,-31
1759482798.4496248,0,4,-41
1759482798.4856248,-2,1,-38
1759482798.5226247,1,6,-46
1759482798.5616248,3,3,-41
1759482798.5996249,-1,4,-50
1759482798.635625,0,-2,-45
1759482798.6746247,0,-2,-47
1759482798.7116249,0,1,-39
1759482798.750625,-1,0,-45
1759482798.786625,2,0,-33
1759482798.8246248,1,0,-40
1759482798.8616247,-1,-3,-43
1759482798.9006248,2,-3,-43
1759482798.9366248,3,-8,-46
1759482798.9746249,1,-8,-41
1759482799.0126247,4,0,-45
1759482799.0516248,5,0,-44
1759482799.0876248,-1,-11,-50
1759482799.125625,-7,-4,-51
1759482799.1646247,-1,-5,-40
1759482799.2016249,-4,-3,-40
1759482799.240625,-3,-1,-31
1759482799.276625,1,1,-38
1759482799.3146248,-1,2,-43
1759482799.352625,-4,0,-40
1759482799.3906248,-5,-2,-35
1759482799.4266248,-1,-5,-43
1759482799.4656248,2,0,-35
1759482799.5026248,1,1,-38
1759482799.5416248,8,-3,-39
1759482799.5776248,3,-3,-36
1759482799.615625,2,1,-41
1759482799.6526248,-5,0,-45
1759482799.6916249,-3,-2,-33
1759482799.727625,0,-3,-36
1759482799.7656248,-10,0,-34
1759482799.8026247,1,4,-40
1759482799.8416247,0,0,-40
1759482799.8776248,2,-2,-43
1759482799.9156249,-4,-5,-43
1759482799.9526248,2,1,-42
1759482799.9916248,5,-1,-41
1759482800.0276248,2,-3,-46
1759482800.0656247,-3,0,-36
1759482800.102625,3,0,-31
1759482800.1416247,-2,-1,-37
1759482800.1776247,0,1,-33
1759482800.2156248,-2,1,-46
1759482800.2526248,4,7,-40
1759482800.2916248,2,1,-41
1759482800.3276248,-2,1,-38
1759482800.365625,0,-2,-34
1759482800.4026248,5,-9,-45
1759482800.4416249,6,-7,-41
1759482800.477625,5,-3,-36
1759482800.5156248,-3,-7,-35
1759482800.5526247,-4,-2,-42
1759482800.5916247,1,-4,-37
1759482800.6276248,12,0,-40
1759482800.6656249,5,4,-39
1759482800.7036247,0,0,-24
1759482800.7416248,0,-6,-33
1759482800.7776248,-2,-5,-43
1759482800.8156247,-4,-2,-46
1759482800.8536248,0,1,-41
1759482800.8926249,6,0,-39
1759482800.9286249,-3,-4,-27
1759482800.9666247,0,0,-31
1759482801.0046248,6,0,-39
1759482801.0436249,3,-2,-29
1759482801.0816247,0,-4,-48
1759482801.1176248,-3,0,-35
1759482801.1546247,-4,-1,-23
1759482801.1926248,2,2,-23
1759482801.2316248,0,0,-31
1759482801.2676249,2,-4,-36
1759482801.3056247,2,-2,-38
1759482801.3436248,-2,-9,-43
1759482801.3816247,2,-4,-26
1759482801.4176247,-4,-3,-35
1759482801.4566247,-1,3,-40
1759482801.4936247,-2,0,-33
1759482801.5326247,0,-3,-35
1759482801.5686247,4,5,-49
1759482801.6066248,3,-6,-50
1759482801.6436248,4,-6,-47
1759482801.6826248,7,0,-36
1759482801.7186248,0,0,-39
1759482801.7566247,-1,3,-29
1759482801.7936249,3,0,-36
1759482801.832625,2,0,-36
1759482801.8686247,1,0,-39
1759482801.9056249,-8,-4,-46
1759482801.9436247,4,0,-41
1759482801.9826248,3,3,-36
1759482802.0186248,-2,4,-33
1759482802.0556247,-1,4,-41
1759482802.0936248,-4,0,-33
1759482802.1326249,-8,-2,-34
1759482802.1686249,-4,1,-38
1759482802.2056248,-10,-4,-35
1759482802.2436247,1,-1,-33
1759482802.2826247,6,-1,-42
1759482802.3186247,1,-9,-38
1759482802.355625,-11,0,-47
1759482802.3936248,-7,-3,-32
1759482802.4326248,-3,1,-37
1759482802.4686248,-1,-1,-44
1759482802.5066247,-1,2,-48
1759482802.5446248,-2,-1,-40
1759482802.5836248,-1,-5,-35
1759482802.6196249,2,-5,-41
1759482802.6576247,2,-8,-36
1759482802.6956248,10,-3,-38
1759482802.7346249,9,1,-40
1759482802.7726247,3,0,-46
1759482802.8086247,1,0,-54
1759482802.8456247,-5,2,-43
1759482802.8846247,0,0,-41
1759482802.9226248,0,-6,-35
1759482802.9586248,0,-6,-39
1759482802.9966247,5,-1,-49
1759482803.0346248,9,-3,-35
1759482803.0726247,5,0,-38
1759482803.1086247,7,-1,-39
1759482803.1466248,9,-2,-52
1759482803.184625,8,-6,-44
1759482803.2226248,3,-7,-44
1759482803.2586248,1,-1,-53
1759482803.2956247,10,-8,-37
1759482803.3346248,2,-1,-35
1759482803.3726249,0,-4,-39
1759482803.408625,-3,-4,-40
1759482803.4476247,-6,-6,-46
1759482803.4846249,-4,1,-43
1759482803.523625,-1,-4,-36
1759482803.559625,2,-2,-40
1759482803.5976248,0,-2,-24
1759482803.635625,3,0,-29
1759482803.6746247,4,-5,-35
1759482803.7126248,7,3,-28
1759482803.7496247,0,3,-33
1759482803.786625,3,4,-29
1759482803.8256247,-2,1,-38
1759482803.8636248,4,-3,-40
1759482803.8996248,3,3,-38
1759482803.9366248,0,7,-49
1759482803.9756248,8,7,-33
1759482804.013625,1,-2,-36
1759482804.0496247,-1,0,-43
1759482804.0876248,-4,0,-40
1759482804.1246247,2,2,-50
1759482804.1636248,2,-1,-51
1759482804.1996248,0,0,-39
1759482804.2366247,4,-3,-35
1759482804.2746248,5,-4,-32
1759482804.3136249,7,0,-37
1759482804.3496249,9,-2,-43
1759482804.3876247,-2,5,-41
1759482804.4246247,0,-3,-43
1759482804.4636247,-5,-1,-39
1759482804.4996247,-6,-5,-45
1759482804.5376248,-2,-1,-48
1759482804.5766249,-1,1,-41
1759482804.6146247,0,0,-42
1759482804.6506248,-6,5,-36
1759482804.6886249,-1,0,-32
1759482804.7266247,0,-1,-53
1759482804.7646248,0,-4,-50
1759482804.8036249,-2,1,-39
1759482804.839625,1,2,-44
1759482804.8766248,4,-1,-41
1759482804.9156249,4,-4,-41
1759482804.9536247,2,-8,-35
1759482804.9896247,1,0,-48
1759482805.026625,-2,2,-44
1759482805.0716248,-1,8,-43
1759482805.1096249,0,-1,-52
1759482805.1476247,0,0,-42
1759482805.1856248,-2,-4,-43
1759482805.2236247,-8,-1,-52
1759482805.2596247,1,0,-60
1759482805.296625,2,-4,-49
1759482805.3356247,0,1,-53
1759482805.3736248,5,0,-38
1759482805.4096248,2,2,-42
1759482805.4466248,2,-9,-43
1759482805.4856248,1,-6,-45
1759482805.523625,-5,-2,-44
1759482805.559625,-1,0,-44
1759482805.5986247,0,2,-46
1759482805.635625,-1,4,-42
1759482805.6746247,-3,3,-35
1759482805.7106247,3,0,-38
1759482805.7496247,-1,-3,-46
1759482805.786625,0,0,-31
1759482805.8256247,4,-1,-38
1759482805.8636248,-1,-12,-29
1759482805.8996248,-3,-4,-38
1759482805.9386249,1,-4,-41
1759482805.9756248,1,-8,-43
1759482806.0146248,-4,-7,-36
1759482806.0506248,-3,-4,-37
1759482806.0886247,-4,-3,-41
1759482806.1276248,12,-3,-36
1759482806.1656249,3,-4,-46
1759482806.2016249,4,3,-33
1759482806.2396247,-3,4,-29
1759482806.2776248,-1,5,-22
1759482806.3156247,7,-2,-27
1759482806.3516247,4,2,-21
1759482806.388625,-3,0,-40
1759482806.4276247,2,0,-43
1759482806.4656248,-4,0,-36
1759482806.5016248,-1,2,-33
1759482806.5396247,-8,6,-43
1759482806.5786247,0,1,-29
1759482806.6166248,-2,-1,-40
1759482806.6546247,0,-5,-58
1759482806.6906247,0,-6,-51
1759482806.7286248,2,0,-38
1759482806.7666247,6,-7,-46
1759482806.8046248,3,-6,-46
1759482806.8406248,1,0,-44
1759482806.878625,3,-6,-40
1759482806.9166248,0,1,-54
1759482806.954625,0,1,-43
1759482806.990625,1,0,-44
1759482807.0286248,-4,0,-45
1759482807.0666249,-2,-3,-45
1759482807.1046247,-5,-1,-43
1759482807.1406248,-6,0,-46
1759482807.1786249,-10,-6,-39
1759482807.217625,-2,2,-40
1759482807.2556248,-4,2,-47
1759482807.2916248,0,7,-57
1759482807.3286247,0,0,-46
1759482807.3666248,1,-5,-53
1759482807.4056249,2,0,-41
1759482807.4416249,0,1,-47
1759482807.480625,-5,0,-55
1759482807.5186248,5,-1,-59
1759482807.556625,9,-1,-55
1759482807.5946248,2,-5,-45
1759482807.6306248,-3,-4,-33
1759482807.6686249,8,-1,-22
1759482807.7066247,7,0,-32
1759482807.7456248,5,0,-48
1759482807.7816248,3,-7,-35
1759482807.8186247,0,-3,-36
1759482807.8576248,2,-1,-43
1759482807.8956249,2,-5,-48
1759482807.931625,6,6,-42
1759482807.9686248,-5,7,-40
1759482808.0066247,2,2,-49
1759482808.0456247,3,0,-39
1759482808.0816247,0,3,-43
1759482808.1186247,5,-3,-51
1759482808.1566248,-3,-5,-45
1759482808.1956248,2,3,-42
1759482808.2316248,6,0,-39
1759482808.2696247,-1,7,-38
1759482808.306625,-3,8,-35
1759482808.3456247,0,-1,-37
1759482808.3816247,-6,-6,-27
1759482808.4196248,0,-3,-39
1759482808.457625,2,-6,-38
1759482808.4966247,3,0,-46
1759482808.5326247,3,3,-37
1759482808.5706248,2,-2,-43
1759482808.6076248,-2,-8,-45
1759482808.6466248,0,3,-42
1759482808.6826248,-3,-2,-36
1759482808.7216249,-2,1,-42
1759482808.7586248,-5,4,-37
1759482808.7976248,-6,3,-39
1759482808.8356247,3,0,-44
1759482808.8716247,2,0,-51
1759482808.908625,4,-3,-26
1759482808.9476247,8,-3,-33
1759482808.9856248,-1,-1,-45
1759482809.0216248,-14,-4,-49
1759482809.0606248,-8,0,-41
1759482809.0976248,-4,0,-49
1759482809.1366248,-4,4,-58
1759482809.1726248,1,0,-40
1759482809.2106247,-1,-1,-42
1759482809.2476249,-2,4,-46
1759482809.286625,0,3,-54
1759482809.3226247,-1,6,-47
1759482809.3606248,2,5,-29
1759482809.3996248,-1,7,-49
1759482809.4376247,-8,-2,-38
1759482809.4736247,-6,-6,-41
1759482809.5126247,-5,-3,-44
1759482809.5496247,0,0,-41
1759482809.5876248,1,-1,-36
1759482809.6266248,3,-4,-41
1759482809.6626248,10,-9,-42
1759482809.7006247,10,-4,-24
1759482809.737625,-1,-4,-31
1759482809.776625,0,-6,-35
1759482809.8126247,0,0,-48
1759482809.8506248,-3,4,-42
1759482809.8876247,-1,-1,-36
1759482809.9266248,9,-2,-38
1759482809.9626248,7,0,-38
1759482810.000625,5,-1,-47
1759482810.0376248,5,3,-40
1759482810.0766249,4,-1,-42
1759482810.112625,2,-5,-36
1759482810.151625,3,0,-37
1759482810.1886249,0,6,-45
1759482810.227625,0,0,-49
1759482810.263625,-7,-4,-51
1759482810.3016248,7,-1,-36
1759482810.339625,-5,-1,-33
1759482810.378625,-8,8,-39
1759482810.4166248,3,0,-41
1759482810.4526248,0,8,-37
1759482810.4896247,5,0,-37
1759482810.5286248,5,1,-41
1759482810.5666249,1,3,-46
1759482810.602625,3,-6,-38
1759482810.6396248,1,0,-36
1759482810.6786249,0,-2,-32
1759482810.7166247,7,-3,-41
1759482810.7526248,0,-5,-44
1759482810.7896247,-4,-4,-44
1759482810.8286247,-3,-1,-40
1759482810.8666248,-1,1,-51
1759482810.9026248,-3,0,-58
1759482810.9396248,-10,-4,-44
1759482810.9786248,1,-7,-45
1759482811.0166247,-1,-1,-37
1759482811.0536249,1,3,-46
1759482811.0906248,4,0,-42
1759482811.1296248,9,0,-45
1759482811.1676247,6,4,-35
1759482811.2036247,-3,1,-40
1759482811.2416248,1,-7,-44
1759482811.2796247,-2,-2,-47
1759482811.3176248,0,-6,-34
1759482811.3536248,-9,0,-36
1759482811.3906248,-3,-4,-50
1759482811.4286249,4,-6,-44
1759482811.467625,6,-6,-41
1759482811.503625,0,-3,-36
1759482811.5416248,6,-3,-42
1759482811.5786247,-7,2,-29
1759482811.6176248,2,-3,-44
1759482811.6536248,0,-3,-48
1759482811.6916249,-2,2,-45
1759482811.7286248,-6,0,-30
1759482811.7676249,1,4,-32
1759482811.8036249,-8,1,-39
1759482811.8416247,-4,0,-37
1759482811.8796248,0,3,-32
1759482811.9176247,-2,2,-42
1759482811.9536247,-2,0,-45
1759482811.9916248,-1,0,-34
1759482812.0296247,-1,4,-33
1759482812.0686247,-1,2,-44
1759482812.1046247,-6,0,-36
1759482812.1416247,-4,-1,-44
1759482812.1796248,1,-1,-35
1759482812.2186248,1,1,-32
1759482812.2546248,2,-1,-31
1759482812.2926247,-4,-1,-38
1759482812.3316247,-11,2,-43
1759482812.3696249,-4,3,-40
1759482812.4076247,-1,0,-36
1759482812.4436247,4,0,-39
1759482812.4816248,-1,-5,-30
1759482812.5196247,0,-3,-42
1759482812.5576248,-2,-4,-40
1759482812.5936248,5,-1,-43
1759482812.6306248,-5,-1,-43
1759482812.6696248,2,0,-42
1759482812.707625,1,-3,-40
1759482812.7436247,-3,-6,-42
1759482812.7826247,1,-1,-30
1759482812.819625,0,4,-37
1759482812.8586247,0,2,-32
1759482812.8946247,1,-3,-35
1759482812.9326248,-8,2,-36
1759482812.9696248,3,6,-45
1759482813.0086248,2,0,-32
1759482813.0446248,0,5,-39
1759482813.082625,2,1,-35
1759482813.1196249,8,2,-38
1759482813.158625,2,3,-43
1759482813.194625,-1,5,-40
1759482813.2316248,-1,-1,-35
1759482813.2696247,0,-5,-44
1759482813.3086247,-4,-1,-48
1759482813.3446248,-8,1,-51
1759482813.3826249,-2,0,-40
1759482813.4196248,0,4,-46
1759482813.4586248,0,0,-45
1759482813.4946249,4,-3,-41
1759482813.5316248,4,-5,-43
1759482813.5706248,-3,-1,-44
1759482813.6086247,0,5,-36
1759482813.6446247,0,1,-41
1759482813.681625,6,0,-40
1759482813.7206247,7,-3,-25
1759482813.7586248,-5,-1,-47
1759482813.7946248,2,1,-50
1759482813.8316247,4,4,-39
1759482813.8706248,-2,4,-52
1759482813.908625,4,-2,-55
1759482813.944625,6,-5,-43
1759482813.9816248,4,-6,-37
1759482814.0206249,3,-2,-27
1759482814.0586247,6,-3,-36
1759482814.0946248,0,-3,-38
1759482814.1316247,1,-1,-39
1759482814.1706247,0,1,-48
1759482814.2086248,-1,-3,-42
1759482814.2446249,1,0,-39
1759482814.2816248,0,-1,-36
1759482814.3206248,-1,2,-43
1759482814.3586247,1,3,-39
1759482814.3946247,9,1,-40
1759482814.431625,0,-2,-33
1759482814.4706247,5,4,-34
1759482814.5086248,-3,0,-48
1759482814.5446248,-1,-4,-39
1759482814.582625,0,-2,-46
1759482814.6206248,-8,-5,-42
1759482814.6596248,-11,0,-48
1759482814.6956248,-6,0,-44
1759482814.7346249,-4,-4,-34
1759482814.7716248,-2,-2,-40
1759482814.8106248,0,0,-43
1759482814.8476248,-4,3,-40
1759482814.8846247,2,6,-33
1759482814.9236248,0,5,-46
1759482814.9606247,2,-2,-39
1759482814.9996247,0,3,-45
1759482815.0356247,1,-2,-43
1759482815.0816247,-1,0,-40
1759482815.1196249,1,3,-40
1759482815.1566248,-4,9,-45
1759482815.1936247,1,1,-50
1759482815.2326248,-7,3,-46
1759482815.2706249,-2,4,-42
1759482815.306625,-1,1,-38
1759482815.3446248,3,0,-33
1759482815.3816247,3,2,-39
1759482815.4206247,8,0,-47
1759482815.4566247,1,-1,-43
1759482815.4936247,2,0,-33
1759482815.5326247,7,6,-36
1759482815.5706248,5,-1,-46
1759482815.6066248,6,0,-44
1759482815.6446247,0,1,-52
1759482815.681625,7,-1,-45
1759482815.7206247,-2,1,-55
1759482815.7566247,-1,7,-48
1759482815.7936249,0,-3,-44
1759482815.8316247,-1,5,-49
1759482815.8706248,6,0,-48
1759482815.9066248,4,-2,-50
1759482815.944625,-6,-8,-45
1759482815.9816248,-8,-4,-38
1759482816.0206249,-5,2,-37
1759482816.056625,-1,-1,-46
1759482816.0956247,4,0,-44
1759482816.1336248,2,4,-28
1759482816.171625,-4,0,-33
1759482816.2096248,-5,3,-44
1759482816.2456248,-1,0,-43
1759482816.283625,-5,0,-21
1759482816.3226247,-4,0,-29
1759482816.3606248,-9,-5,-44
1759482816.3966248,-5,-3,-29
1759482816.434625,-8,3,-32
1759482816.4726248,0,-3,-35
1759482816.5116248,-4,0,-39
1759482816.5476248,3,6,-29
1759482816.5846248,1,2,-38
1759482816.6226249,-1,-1,-43
1759482816.661625,0,0,-36
1759482816.6976247,3,0,-41
1759482816.7346249,9,10,-49
1759482816.7726247,-1,2,-42
1759482816.8116248,6,-2,-38
1759482816.8476248,0,4,-42
1759482816.8846247,10,3,-42
1759482816.9226248,0,-9,-33
1759482816.9616249,3,0,-36
1759482816.9976249,1,1,-31
1759482817.0346248,0,-3,-35
1759482817.0736248,-3,-3,-34
1759482817.1116247,-5,0,-44
1759482817.1476247,-1,3,-33
1759482817.1856248,-1,4,-36
1759482817.2246249,6,0,-35
1759482817.2626247,-2,0,-37
1759482817.3006248,0,-5,-47
1759482817.3366249,1,-5,-37
1759482817.3746247,1,0,-34
1759482817.4126248,5,2,-37
1759482817.4506247,-6,-2,-36
1759482817.4866247,-4,0,-36
1759482817.5256248,-2,1,-33
1759482817.5626247,-1,-4,-32
1759482817.6016247,0,-2,-35
1759482817.6376247,-8,-4,-41
1759482817.6756248,-7,-3,-38
1759482817.7136247,2,1,-40
1759482817.7526248,0,-5,-41
1759482817.7906249,3,-4,-54
1759482817.8266249,0,-2,-48
1759482817.865625,-1,1,-41
1759482817.9026248,-2,0,-58
1759482817.9416249,-4,5,-50
1759482817.9786248,-8,0,-44
1759482818.0156248,-3,-2,-38
1759482818.0546248,3,0,-40
1759482818.092625,1,1,-20
1759482818.128625,-1,0,-34
1759482818.1666248,-1,5,-38
1759482818.2056248,-3,1,-45
1759482818.2426248,0,-6,-33
1759482818.2816248,-3,-10,-36
1759482818.3176248,-4,-6,-41
1759482818.355625,-10,-5,-33
1759482818.3936248,-8,-3,-39
1759482818.4326248,-2,-3,-45
1759482818.4696248,2,-3,-50
1759482818.5076249,5,0,-38
1759482818.5456247,3,0,-35
1759482818.582625,5,1,-33
1759482818.6216247,4,-4,-39
1759482818.6576247,0,-1,-43
1759482818.6956248,0,4,-38
1759482818.7326248,0,1,-47
1759482818.7716248,3,-3,-36
1759482818.8076248,-6,0,-35
1759482818.8456247,-5,0,-38
1759482818.8836248,-3,1,-40
1759482818.9226248,-1,-1,-43
1759482818.9586248,0,0,-37
1759482818.9956248,0,0,-37
1759482819.033625,4,4,-42
1759482819.0726247,0,-6,-53
1759482819.1086247,3,0,-43
1759482819.1456249,2,-2,-45
1759482819.1836247,2,1,-47
1759482819.2226248,5,2,-41
1759482819.2586248,3,-2,-44
1759482819.296625,2,-3,-52
1759482819.3356247,-3,0,-49
1759482819.3736248,-2,0,-39
1759482819.411625,-3,-6,-40
1759482819.4476247,-3,2,-39
1759482819.4856248,-3,1,-43
1759482819.523625,-4,3,-43
1759482819.5616248,2,3,-36
1759482819.5976248,2,-4,-41
1759482819.635625,0,-4,-38
1759482819.6736248,1,-5,-44
1759482819.7116249,6,-3,-42
1759482819.7476249,0,2,-41
1759482819.7856247,-4,5,-40
1759482819.8236248,-5,1,-36
1759482819.8596249,-8,0,-36
1759482819.898625,-7,0,-27
1759482819.9366248,-10,2,-39
1759482819.9736247,-5,5,-39
1759482820.0126247,-4,4,-38
1759482820.0486248,1,10,-41
1759482820.0866249,-4,-1,-41
1759482820.1236248,2,0,-40
1759482820.1626248,3,0,-39
1759482820.1986248,3,0,-30
1759482820.2366247,1,4,-29
1759482820.273625,6,0,-35
1759482820.3126247,-1,0,-51
1759482820.3486247,-3,3,-47
1759482820.3866248,3,0,-33
1759482820.4236248,3,-7,-35
1759482820.4626248,-4,0,-36
1759482820.4986248,-1,7,-38
1759482820.536625,4,-3,-39
1759482820.5746248,8,-8,-35
1759482820.612625,10,-5,-53
1759482820.648625,-2,-2,-38
1759482820.6866248,1,6,-30
1759482820.7246249,7,6,-43
1759482820.763625,3,0,-38
1759482820.7996247,-1,4,-40
1759482820.8366249,0,1,-43
1759482820.8746247,-1,2,-30
1759482820.9136248,-4,4,-47
1759482820.9496248,-2,-6,-49
1759482820.987625,3,1,-35
1759482821.0256248,0,3,-37
1759482821.0646248,7,3,-37
1759482821.102625,-2,-5,-29
1759482821.138625,-1,-5,-35
1759482821.1766248,-3,4,-43
1759482821.214625,1,-2,-44
1759482821.253625,2,1,-43
1759482821.2896247,0,0,-39
1759482821.3276248,4,0,-37
1759482821.3646247,2,3,-41
1759482821.4036248,-2,0,-33
1759482821.4396248,-4,2,-28
1759482821.4786248,1,-2,-40
1759482821.5156248,1,-3,-32
1759482821.5546248,10,0,-37
1759482821.5906248,8,-2,-35
1759482821.6276248,1,2,-42
1759482821.6656249,-5,-1,-41
1759482821.704625,0,1,-42
1759482821.740625,0,0,-40
1759482821.7786248,0,-5,-33
1759482821.8156247,-3,-4,-36
1759482821.8546247,1,-2,-36
1759482821.8906248,0,1,-33
1759482821.9286249,0,-3,-48
1759482821.967625,0,-4,-39
1759482822.0056248,-3,-5,-33
1759482822.0436249,-4,0,-24
1759482822.079625,-2,-1,-34
1759482822.1186247,-4,-6,-49
1759482822.1556249,-4,-2,-37
1759482822.194625,-5,-8,-36
1759482822.230625,0,-2,-44
1759482822.2686248,-4,4,-43
1759482822.3056247,-1,-7,-39
1759482822.3446248,-2,-7,-33
1759482822.3806248,3,-1,-42
1759482822.4186249,-1,0,-36
1759482822.4556248,-3,2,-44
1759482822.4946249,0,-1,-38
1759482822.5306249,-3,1,-38
1759482822.5686247,6,-1,-36
1759482822.6066248,4,4,-42
1759482822.6456249,1,-2,-41
1759482822.6836247,0,0,-35
1759482822.7196248,-6,-4,-23
1759482822.7586248,2,-1,-39
1759482822.796625,-3,0,-38
1759482822.8346248,-4,-5,-45
1759482822.8706248,1,0,-46
1759482822.9076247,6,-3,-38
1759482822.9466248,-1,-2,-47
1759482822.9846249,5,-3,-38
1759482823.0206249,6,-6,-28
1759482823.0576248,4,-7,-30
1759482823.0966249,6,-3,-33
1759482823.1346247,-1,-2,-42
1759482823.1706247,5,2,-40
1759482823.207625,-2,0,-39
1759482823.2466247,1,0,-44
1759482823.2846248,1,-4,-48
1759482823.3206248,0,-2,-27
1759482823.3596249,2,-5,-41
1759482823.3966248,-1,-3,-42
1759482823.4356248,3,-1,-37
1759482823.4716249,4,-3,-43
1759482823.5096247,0,0,-40
1759482823.5476248,5,5,-42
1759482823.5856247,-1,6,-42
1759482823.6246247,-3,5,-41
1759482823.6606247,2,-6,-40
1759482823.6996248,7,-2,-48
1759482823.7366247,0,0,-47
1759482823.7756248,-4,4,-39
1759482823.8116248,3,1,-40
1759482823.8486247,0,-2,-49
1759482823.8866248,2,-8,-44
1759482823.9256248,-5,2,-33
1759482823.9616249,-1,-3,-47
1759482823.9996247,-6,-3,-56
1759482824.0386248,3,-4,-50
1759482824.0766249,4,0,-47
1759482824.1146247,-5,1,-49
1759482824.1506248,1,2,-40
1759482824.1876247,4,0,-40
1759482824.2266247,2,2,-39
1759482824.2646248,7,-2,-43
1759482824.3006248,4,-1,-39
1759482824.3376248,-5,0,-41
1759482824.3766248,-1,0,-50
1759482824.4146247,-1,0,-39
1759482824.4506247,3,2,-37
1759482824.487625,1,2,-36
1759482824.526625,-1,-1,-36
1759482824.5646248,-5,-2,-32
1759482824.6006248,-5,4,-34
1759482824.6376247,5,1,-41
1759482824.6766248,-2,-3,-40
1759482824.714625,-3,0,-29
1759482824.7516248,0,-2,-43
1759482824.7886248,-1,2,-40
1759482824.8276248,-6,3,-36
1759482824.865625,-4,-1,-42
1759482824.901625,-1,-3,-50
1759482824.9406247,-1,-3,-40
1759482824.9786248,1,-3,-37
1759482825.0166247,5,-5,-42
1759482825.0526247,5,-7,-36
1759482825.1036248,3,0,-46
1759482825.1396248,5,-1,-43
1759482825.1786249,0,1,-48
1759482825.2166247,4,2,-52
1759482825.2526248,7,3,-39
1759482825.2896247,3,-1,-40
1759482825.3276248,-2,-4,-41
1759482825.3666248,-1,-1,-35
1759482825.4026248,1,-2,-42
1759482825.4416249,4,-1,-34
1759482825.4786248,0,-2,-32
1759482825.5166247,0,5,-36
1759482825.5556247,5,7,-47
1759482825.5916247,-1,0,-46
1759482825.6296248,1,-2,-53
1759482825.6676247,0,-4,-47
1759482825.7066247,0,0,-25
1759482825.7426248,2,-3,-35
1759482825.7816248,7,-1,-41
1759482825.8186247,3,-8,-37
1759482825.8576248,0,-8,-29
1759482825.8956249,1,-2,-30
1759482825.931625,2,1,-28
1759482825.9686248,-7,0,-27
1759482826.0076249,-4,-1,-30
1759482826.0456247,0,1,-25
1759482826.0816247,1,2,-34
1759482826.1206248,-4,1,-50
1759482826.158625,-6,0,-49
1759482826.1966248,6,1,-38
1759482826.2326248,6,-1,-36
1759482826.2706249,5,2,-39
1759482826.3086247,1,2,-43
1759482826.3476248,3,-2,-43
1759482826.385625,4,1,-47
1759482826.421625,-1,1,-39
1759482826.4596248,12,1,-36
1759482826.4976249,-4,2,-38
1759482826.536625,-3,6,-39
1759482826.5726247,-9,7,-39
1759482826.6106248,-2,0,-37
1759482826.6496248,2,0,-40
1759482826.6876247,-4,0,-53
1759482826.7256248,-2,-9,-30
1759482826.7616248,-6,0,-42
1759482826.7996247,-1,5,-43
1759482826.8376248,-1,-6,-43
1759482826.8736248,3,-9,-50
1759482826.9106247,0,-5,-47
1759482826.9496248,-1,1,-37
1759482826.987625,5,4,-41
1759482827.023625,2,-3,-37
1759482827.0606248,2,3,-39
1759482827.0996249,1,0,-29
1759482827.1376247,2,-4,-46
1759482827.1736248,12,-5,-51
1759482827.2126248,3,-6,-40
1759482827.2496247,0,-2,-42
1759482827.2876248,-4,2,-35
1759482827.3266249,-8,1,-31
1759482827.362625,2,5,-41
1759482827.3996248,4,1,-38
1759482827.4376247,-3,0,-41
1759482827.4766247,-3,0,-31
1759482827.5126247,3,1,-23
1759482827.5496247,0,1,-24
1759482827.5886247,-2,2,-42
1759482827.6266248,-6,-5,-48
1759482827.6626248,-6,-2,-41
1759482827.7006247,-1,-8,-39
1759482827.7396247,-3,-4,-40
1759482827.7776248,4,-7,-33
1759482827.8136249,1,-1,-46
1759482827.8516247,0,0,-41
1759482827.888625,4,1,-41
1759482827.9276247,4,1,-40
1759482827.9636247,2,0,-42
1759482828.000625,2,-1,-41
1759482828.0386248,4,0,-36
1759482828.0776248,4,-3,-36
1759482828.1136248,2,1,-32
1759482828.1506248,-3,2,-29
1759482828.1896248,0,-1,-38
1759482828.227625,0,-3,-40
1759482828.263625,-5,-4,-44
1759482828.3026247,-6,0,-39
1759482828.3406248,-3,3,-44
1759482828.378625,5,-6,-32
1759482828.4166248,3,-5,-43
1759482828.4526248,2,0,-41
1759482828.4896247,7,-3,-43
1759482828.5286248,1,-11,-29
1759482828.5646248,2,0,-37
1759482828.602625,2,3,-41
1759482828.6406248,0,-4,-40
1759482828.6786249,0,0,-33
1759482828.714625,0,-4,-47
1759482828.7526248,-5,0,-42
1759482828.7906249,-1,-3,-40
1759482828.8286247,-3,0,-44
1759482828.8676248,0,6,-36
1759482828.9036248,0,3,-37
1759482828.9426248,-2,1,-37
1759482828.980625,-1,-4,-33
1759482829.0186248,0,2,-32
1759482829.0546248,1,4,-42
1759482829.092625,6,-2,-46
1759482829.1296248,5,-1,-57
1759482829.1686249,3,-2,-50
1759482829.204625,5,0,-42
1759482829.2426248,0,3,-40
1759482829.2796247,4,-4,-41
1759482829.3186247,-1,-8,-41
1759482829.355625,-2,-2,-34
1759482829.3926249,-3,-7,-42
1759482829.431625,-5,1,-43
1759482829.4696248,2,2,-41
1759482829.5076249,2,-3,-35
1759482829.5436249,0,-2,-35
1759482829.5816247,9,0,-40
1759482829.6196249,-3,-3,-31
1759482829.6576247,3,-7,-40
1759482829.6936247,-7,-1,-37
1759482829.7326248,-3,-2,-48
1759482829.7716248,2,0,-41
1759482829.809625,4,-2,-46
1759482829.8476248,0,-3,-50
1759482829.8836248,0,4,-51
1759482829.9206247,-3,7,-42
1759482829.9596248,-2,3,-47
1759482829.9976249,2,-4,-47
1759482830.033625,0,2,-35
1759482830.0706248,1,0,-45
1759482830.1096249,-4,1,-36
1759482830.1476247,-1,1,-34
1759482830.1836247,-2,0,-40
1759482830.2216249,-5,0,-37
1759482830.2596247,-5,4,-32
1759482830.2956247,-1,2,-46
1759482830.3346248,-7,-2,-37
1759482830.3716247,-6,4,-37
1759482830.4096248,-5,4,-50
1759482830.4486248,0,2,-59
1759482830.4846249,1,0,-43
1759482830.5216248,6,3,-43
1759482830.559625,-7,7,-41
1759482830.5986247,-7,1,-39
1759482830.6346247,-5,1,-40
1759482830.6726248,-1,5,-40
1759482830.7096248,-3,0,-49
1759482830.7486248,-8,2,-44
1759482830.7846248,0,8,-52
1759482830.8226247,3,-3,-42
1759482830.8596249,2,-2,-46
1759482830.898625,1,-7,-49
1759482830.934625,0,-2,-43
1759482830.9726248,-3,3,-38
1759482831.010625,-7,1,-46
1759482831.0486248,-10,1,-42
1759482831.0846248,-3,-4,-21
1759482831.1226249,3,-1,-19
1759482831.1606247,4,-3,-33
1759482831.1996248,5,-2,-47
1759482831.2356248,0,1,-53
1759482831.273625,0,1,-34
1759482831.3126247,0,0,-43
1759482831.3506248,0,4,-41
1759482831.388625,4,7,-39
1759482831.4246247,0,0,-47
1759482831.4626248,0,4,-46
1759482831.500625,-1,5,-46
1759482831.5386248,3,3,-44
1759482831.5746248,0,5,-32
1759482831.612625,0,4,-31
1759482831.6506248,-3,0,-44
1759482831.6886249,0,0,-42
1759482831.7246249,4,-6,-47
1759482831.7616248,2,0,-48
1759482831.8006248,7,0,-36
1759482831.8386247,4,-2,-39
1759482831.8746247,5,-3,-47
1759482831.911625,0,-7,-39
1759482831.9506247,-3,4,-40
1759482831.9866247,-2,0,-44
1759482832.0256248,-6,3,-41
1759482832.0636249,0,4,-41
1759482832.1006248,7,-3,-30
1759482832.1396248,-5,0,-40
1759482832.1756248,0,-2,-39
1759482832.2126248,7,-1,-40
1759482832.250625,5,0,-48
1759482832.2896247,-3,0,-47
1759482832.3256247,-4,-6,-42
1759482832.3636248,0,-7,-32
1759482832.401625,-11,0,-34
1759482832.4406247,-6,1,-36
1759482832.4766247,-1,5,-35
1759482832.5156248,3,0,-41
1759482832.5536249,1,0,-38
1759482832.5906248,-5,4,-35
1759482832.6296248,-5,1,-44
1759482832.6656249,3,7,-46
1759482832.7036247,-3,4,-37
1759482832.7416248,0,0,-48
1759482832.7796247,4,-2,-44
1759482832.8156247,4,0,-36
1759482832.8536248,6,1,-39
1759482832.8916247,1,2,-25
1759482832.9296248,1,3,-42
1759482832.9656248,0,3,-37
1759482833.003625,5,4,-35
1759482833.0416248,1,8,-36
1759482833.079625,-1,1,-35
1759482833.115625,-4,0,-37
1759482833.1546247,5,-5,-39
1759482833.1916249,-1,0,-42
1759482833.230625,-3,-4,-26
1759482833.2666247,0,-2,-38
1759482833.3046248,-1,2,-44
1759482833.3416247,-2,-1,-38
1759482833.3806248,-9,-1,-47
1759482833.4166248,-5,2,-43
1759482833.4536247,-1,4,-39
1759482833.4916248,1,4,-40
1759482833.5306249,0,-1,-46
1759482833.5666249,-3,-2,-49
1759482833.6046247,-4,0,-42
1759482833.6426249,-4,-9,-53
1759482833.681625,0,2,-31
1759482833.717625,0,-1,-32
1759482833.7566247,2,-2,-46
1759482833.7946248,-3,-2,-41
1759482833.832625,-2,1,-28
1759482833.8706248,0,-3,-41
1759482833.9066248,0,7,-38
1759482833.9436247,5,2,-43
1759482833.9826248,10,3,-49
1759482834.0206249,8,6,-43
1759482834.056625,6,2,-39
1759482834.0936248,2,3,-40
1759482834.1326249,-7,-3,-34
1759482834.1706247,3,-5,-31
1759482834.2066247,0,-7,-36
1759482834.2436247,2,-4,-44
1759482834.2826247,4,-2,-44
1759482834.3206248,0,1,-35
1759482834.3566248,10,3,-41
1759482834.3936248,0,1,-30
1759482834.4326248,1,7,-36
1759482834.4706247,2,0,-39
1759482834.5066247,0,2,-43
1759482834.5436249,2,5,-39
1759482834.582625,0,-4,-36
1759482834.6206248,0,0,-41
1759482834.6566248,2,-4,-25
1759482834.6936247,2,-5,-28
1759482834.7326248,-1,4,-42
1759482834.7706249,0,0,-34
1759482834.806625,6,0,-38
1759482834.8446248,0,0,-40
1759482834.8826249,3,-2,-49
1759482834.9206247,1,7,-43
1759482834.9566247,-1,-5,-36
1759482834.9956248,1,-4,-37
1759482835.0326247,-2,0,-35
1759482835.0716248,7,-1,-36
1759482835.115625,1,-6,-41
1759482835.1526248,0,0,-41
1759482835.1916249,-1,-2,-44
1759482835.227625,-3,-1,-36
1759482835.2656248,-1,-2,-36
1759482835.3046248,-1,4,-46
1759482835.342625,-4,-2,-41
1759482835.3806248,2,4,-44
1759482835.4176247,3,0,-29
1759482835.4556248,0,1,-43
1759482835.4936247,7,1,-34
1759482835.5316248,4,1,-44
1759482835.5676248,5,0,-36
1759482835.605625,0,0,-43
1759482835.6436248,3,1,-47
1759482835.681625,2,4,-39
1759482835.717625,5,0,-39
1759482835.7556248,2,3,-40
1759482835.7926247,4,-1,-48
1759482835.8316247,-1,-5,-43
1759482835.8676248,-2,0,-42
1759482835.9056249,-8,5,-45
1759482835.944625,-7,-3,-41
1759482835.9826248,1,1,-40
1759482836.0186248,3,1,-34
1759482836.056625,1,0,-34
1759482836.0946248,1,-1,-30
1759482836.1336248,-1,-1,-35
1759482836.171625,2,2,-38
1759482836.207625,3,-3,-45
1759482836.2456248,0,-11,-46
1759482836.283625,0,-4,-53
1759482836.3226247,0,-8,-30
1759482836.3586247,-5,-6,-37
1759482836.3976247,-8,2,-34
1759482836.4356248,-5,0,-34
1759482836.4736247,0,-3,-34
1759482836.5116248,0,-4,-35
1759482836.5476248,-1,1,-36
1759482836.5856247,-1,7,-51
1759482836.6236248,1,5,-43
1759482836.661625,5,1,-37
1759482836.6976247,-1,0,-40
1759482836.7366247,-1,0,-42
1759482836.773625,-1,-2,-49
1759482836.8126247,2,-2,-49
1759482836.8486247,5,-2,-51
1759482836.8866248,0,9,-41
1759482836.9246247,0,2,-41
1759482836.9636247,-1,3,-51
1759482837.0016248,-2,1,-42
1759482837.0376248,0,-8,-48
1759482837.0756247,5,-7,-41
1759482837.1136248,4,-8,-47
1759482837.1526248,6,0,-43
1759482837.1886249,1,0,-38
1759482837.2256248,2,-4,-49
1759482837.263625,1,-5,-47
1759482837.3026247,-1,0,-39
1759482837.3386247,-3,0,-41
1759482837.3766248,-5,-5,-37
1759482837.4136248,-2,-2,-39
1759482837.4526248,1,0,-34
1759482837.4886248,-2,3,-36
1759482837.526625,-4,-1,-47
1759482837.5636249,-5,-1,-44
1759482837.602625,1,-7,-46
1759482837.638625,3,0,-38
1759482837.6766248,-7,0,-40
1759482837.7136247,-5,-5,-34
1759482837.7526248,0,1,-38
1759482837.7886248,7,0,-41
1759482837.8266249,7,2,-32
1759482837.8646247,4,-4,-48
1759482837.9026248,10,-4,-38
1759482837.9386249,2,-7,-31
1759482837.9766247,5,-3,-41
1759482838.0146248,0,7,-43
1759482838.0536249,-2,8,-27
1759482838.089625,0,0,-40
1759482838.1276248,-6,-3,-40
1759482838.1656249,-8,6,-47
1759482838.2036247,0,-1,-54
1759482838.2396247,0,-4,-37
1759482838.276625,-4,-3,-38
1759482838.3146248,-9,-5,-27
1759482838.3536248,-1,-9,-30
1759482838.3896248,6,-2,-34
1759482838.4266248,0,-4,-47
1759482838.464625,-4,2,-38
1759482838.503625,1,3,-52
1759482838.5396247,-3,8,-34
1759482838.5766249,1,3,-35
1759482838.6146247,4,-3,-35
1759482838.6526248,9,-5,-40
1759482838.6886249,2,-3,-31
1759482838.7266247,8,3,-38
1759482838.7646248,4,2,-50
1759482838.8026247,-2,-3,-41
1759482838.8386247,-3,-1,-46
1759482838.8766248,-3,0,-34
1759482838.9156249,-3,-5,-42
1759482838.9536247,2,0,-44
1759482838.9896247,0,-2,-41
1759482839.0276248,1,3,-38
1759482839.0656247,5,-2,-38
1759482839.1046247,-1,0,-31
1759482839.1406248,-2,1,-39
1759482839.1796248,-3,6,-40
1759482839.217625,6,8,-41
1759482839.2546248,1,5,-42
1759482839.2936249,6,-2,-32
1759482839.329625,0,-8,-37
1759482839.3666248,1,-1,-39
1759482839.4046247,0,1,-42
1759482839.4436247,-4,0,-38
1759482839.4796247,-1,-3,-36
1759482839.5186248,0,5,-34
1759482839.5556247,3,4,-45
1759482839.5946248,-1,1,-43
1759482839.6306248,1,7,-36
1759482839.6676247,2,2,-45
1759482839.7066247,0,7,-34
1759482839.7446249,-8,0,-41
1759482839.7806249,-6,0,-39
1759482839.8186247,-6,8,-41
1759482839.8576248,1,0,-40
1759482839.8956249,9,-5,-40
1759482839.9336247,3,-8,-41
1759482839.9696248,4,-1,-39
1759482840.0076249,-2,2,-44
1759482840.0456247,0,2,-45
1759482840.0836248,0,4,-46
1759482840.1196249,1,4,-45
1759482840.1566248,-2,0,-39
1759482840.1956248,-1,-2,-42
1759482840.2336247,0,-7,-48
1759482840.2696247,1,-6,-41
1759482840.306625,6,-3,-47
1759482840.3456247,-1,-11,-43
1759482840.3836248,-3,-6,-39
1759482840.4196248,-8,-3,-48
1759482840.4586248,-3,0,-44
1759482840.4956248,-7,3,-43
1759482840.5346248,0,4,-39
1759482840.5706248,-1,-2,-39
1759482840.6096249,8,-5,-36
1759482840.6466248,-3,-3,-43
1759482840.6856248,-8,6,-53
1759482840.7216249,-5,-1,-56
1759482840.7596247,2,3,-48
1759482840.7976248,0,0,-39
1759482840.8366249,-2,0,-34
1759482840.8746247,-3,3,-40
1759482840.9106247,-3,0,-38
1759482840.9476247,-1,1,-39
1759482840.9866247,-3,4,-32
1759482841.0246248,-3,-7,-47
1759482841.0606248,1,-3,-43
1759482841.0976248,-3,0,-32
1759482841.1366248,-3,-3,-36
1759482841.1746247,4,-1,-49
1759482841.2106247,0,0,-45
1759482841.2476249,-3,0,-40
1759482841.2856247,-4,-6,-40
1759482841.3246248,-1,3,-37
1759482841.3606248,-7,8,-42
1759482841.3976247,-3,1,-43
1759482841.4366248,1,-2,-39
1759482841.4746249,-3,-1,-35
1759482841.510625,-1,3,-38
1759482841.5496247,0,6,-35
1759482841.5866249,-2,1,-26
1759482841.625625,0,-1,-36
1759482841.661625,1,-8,-31
1759482841.6996248,4,3,-38
1759482841.7366247,3,1,-34
1759482841.7756248,-1,-1,-34
1759482841.8116248,-2,0,-45
1759482841.8486247,-8,-1,-44
1759482841.8866248,0,8,-38
1759482841.9256248,0,0,-36
1759482841.9616249,-1,-2,-37
1759482841.9996247,-5,4,-40
1759482842.0376248,0,1,-42
1759482842.0766249,10,-4,-41
1759482842.1146247,12,1,-43
1759482842.151625,9,0,-39
1759482842.1896248,5,3,-39
1759482842.227625,-2,0,-50
1759482842.2656248,-1,-4,-44
1759482842.3016248,-6,0,-40
1759482842.339625,-9,-1,-44
1759482842.3776248,5,-4,-41
1759482842.4156249,7,-3,-42
1759482842.4516249,8,1,-49
1759482842.4896247,3,0,-44
1759482842.5276248,0,-6,-45
1759482842.5656247,-2,0,-36
1759482842.6016247,-5,2,-37
1759482842.638625,-9,2,-41
1759482842.6776247,-8,3,-42
1759482842.7156248,4,2,-38
1759482842.7516248,1,2,-42
1759482842.7886248,1,5,-35
1759482842.8276248,2,4,-47
1759482842.865625,-9,-1,-53
1759482842.901625,-7,7,-41
1759482842.9386249,-8,6,-31
1759482842.977625,1,-5,-33
1759482843.0156248,-2,-1,-34
1759482843.0516248,-2,-4,-39
1759482843.0906248,-3,-1,-39
1759482843.1276248,0,-6,-41
1759482843.1666248,7,-3,-47
1759482843.2026248,12,-5,-36
1759482843.240625,5,-3,-35
1759482843.2786248,-2,0,-36
1759482843.3176248,7,-3,-40
1759482843.355625,3,2,-47
1759482843.3916247,1,0,-37
1759482843.4286249,-3,0,-36
1759482843.467625,-2,-1,-32
1759482843.5056248,-7,-3,-34
1759482843.5416248,2,-2,-39
1759482843.5806248,5,-4,-45
1759482843.6176248,-1,0,-43
1759482843.6566248,-6,0,-40
1759482843.6926248,0,0,-40
1759482843.7316248,-1,0,-35
1759482843.7686248,8,2,-41
1759482843.8076248,9,3,-45
1759482843.8456247,4,3,-39
1759482843.8816247,-2,5,-36
1759482843.9186249,0,1,-34
1759482843.957625,8,4,-33
1759482843.9956248,-3,7,-45
1759482844.0316248,2,0,-50
1759482844.0686247,-2,0,-49
1759482844.1076248,2,0,-45
1759482844.1436248,1,8,-40
1759482844.1806247,-1,0,-38
1759482844.2186248,0,-3,-30
1759482844.2576249,0,-8,-39
1759482844.2936249,3,-2,-45
1759482844.3306248,3,-2,-39
1759482844.3686247,10,-1,-43
1759482844.4076247,1,0,-33
1759482844.4436247,1,0,-39
1759482844.4816248,-1,3,-38
1759482844.5196247,1,-3,-43
1759482844.5576248,-3,-1,-40
1759482844.5936248,2,-6,-31
1759482844.6306248,0,1,-58
1759482844.6686249,2,-2,-52
1759482844.707625,0,1,-54
1759482844.7436247,-1,2,-53
1759482844.7806249,3,6,-25
1759482844.819625,2,2,-33
1759482844.8576248,12,0,-45
1759482844.8936248,5,0,-46
1759482844.9306247,-3,-2,-37
1759482844.9686248,0,1,-36
1759482845.0076249,-1,0,-25
1759482845.0436249,2,-4,-37
1759482845.0816247,4,0,-45
1759482845.1266248,0,3,-51
1759482845.1636248,2,4,-35
1759482845.2006247,4,-3,-35
1759482845.2396247,0,5,-45
1759482845.2776248,1,2,-47
1759482845.3136249,-1,-2,-35
1759482845.352625,-6,1,-34
1759482845.3896248,4,-2,-31
1759482845.4286249,5,0,-30
1759482845.4666247,2,1,-37
1759482845.5026248,10,2,-45
1759482845.5406249,5,-8,-38
1759482845.5786247,8,-3,-47
1759482845.6166248,5,3,-33
1759482845.6526248,4,4,-35
1759482845.6896248,8,5,-32
1759482845.7286248,0,2,-24
1759482845.7666247,0,5,-39
1759482845.8026247,-1,7,-40
1759482845.8406248,4,-7,-41
1759482845.878625,4,-9,-50
1759482845.9176247,10,-12,-38
1759482845.9536247,10,-1,-35
1759482845.9926248,0,0,-26
1759482846.0296247,-1,4,-38
1759482846.0686247,3,4,-43
1759482846.105625,3,4,-45
1759482846.1426249,3,-2,-39
1759482846.1806247,1,0,-47
1759482846.2186248,-1,-11,-37
1759482846.2586248,0,-8,-40
1759482846.2946248,-1,-6,-46
1759482846.3336248,2,-4,-48
1759482846.3706248,5,7,-49
1759482846.408625,5,10,-42
1759482846.4476247,5,-3,-33
1759482846.4836247,8,-5,-42
1759482846.5216248,-3,-2,-36
1759482846.559625,-1,-2,-46
1759482846.5976248,0,-6,-40
1759482846.6336248,0,-4,-36
1759482846.671625,-8,5,-40
1759482846.7096248,-3,0,-33
1759482846.7476249,-4,0,-32
1759482846.783625,1,1,-34
1759482846.8216248,2,8,-43
1759482846.8596249,4,2,-43
1759482846.8976247,6,-1,-36
1759482846.9336247,2,-3,-37
1759482846.9716249,0,1,-38
1759482847.0096247,0,4,-40
1759482847.0476248,0,3,-46
1759482847.0836248,1,2,-45
1759482847.1216247,2,-3,-25
1759482847.1596248,-4,1,-35
1759482847.1976247,1,-3,-32
1759482847.2336247,4,4,-36
1759482847.2716248,0,-2,-32
1759482847.309625,1,-3,-33
1759482847.3486247,-6,-1,-45
1759482847.3846247,-3,-2,-46
1759482847.4226248,-8,-5,-51
1759482847.4616249,-4,1,-52
1759482847.4996247,2,3,-38
1759482847.5376248,0,5,-42
1759482847.5736248,0,5,-35
1759482847.6106248,3,-2,-31
1759482847.6496248,0,-1,-36
1759482847.6866248,2,-2,-33
1759482847.7246249,0,3,-38
1759482847.7626247,0,8,-30
1759482847.7996247,0,6,-28
1759482847.8386247,-1,0,-41
1759482847.8746247,-3,4,-41
1759482847.9126248,3,1,-39
1759482847.9496248,-3,7,-33
1759482847.9886248,-2,4,-36
1759482848.0246248,-5,2,-47
1759482848.0626247,-6,9,-33
1759482848.1006248,-5,0,-35
1759482848.138625,-7,0,-55
1759482848.1746247,-1,-3,-55
1759482848.2126248,7,-4,-48
1759482848.250625,-1,-6,-36
1759482848.2896247,0,-2,-41
1759482848.3256247,0,2,-41
1759482848.362625,4,0,-47
1759482848.4006248,0,-4,-41
1759482848.4396248,-1,2,-39
1759482848.4756248,0,3,-34
1759482848.5146248,-1,-1,-43
1759482848.5526247,1,2,-43
1759482848.5906248,-3,2,-43
1759482848.628625,-2,3,-31
1759482848.6646247,-5,3,-20
1759482848.7026248,-1,0,-27
1759482848.740625,0,0,-40
1759482848.7786248,9,1,-40
1759482848.8146248,-1,5,-44
1759482848.852625,-5,-1,-44
1759482848.8906248,-4,1,-48
1759482848.9286249,0,-1,-42
1759482848.964625,2,-4,-49
1759482849.0026248,-5,0,-28
1759482849.0406249,-11,0,-31
1759482849.0786247,-9,2,-31
1759482849.1146247,-4,5,-46
1759482849.1526248,2,2,-47
1759482849.1906247,6,0,-39
1759482849.2286248,1,0,-36
1759482849.2646248,-3,0,-34
1759482849.3026247,0,0,-40
1759482849.3406248,-2,-2,-41
1759482849.3766248,-3,-4,-46
1759482849.4156249,-3,3,-41
1759482849.4536247,0,6,-43
1759482849.490625,-3,-1,-25
1759482849.5296247,0,-4,-44
1759482849.5656247,-4,-4,-33
1759482849.6036248,-1,-2,-32
1759482849.6426249,-3,-3,-34
1759482849.6806247,3,0,-42
1759482849.7166247,1,0,-35
1759482849.753625,3,-6,-37
1759482849.7916248,-3,2,-39
1759482849.8306248,0,3,-44
1759482849.8666248,-1,4,-45
1759482849.9046247,-2,2,-28
1759482849.9426248,4,3,-34
1759482849.980625,1,-3,-34
1759482850.0166247,6,-2,-34
1759482850.0536249,1,3,-36
1759482850.0916247,9,4,-35
1759482850.1306248,6,12,-35
1759482850.1666248,4,15,-35
1759482850.2036247,6,9,-42
1759482850.2426248,7,0,-38
1759482850.2806249,1,3,-37
1759482850.3166249,1,1,-33
1759482850.3546247,-3,2,-34
1759482850.3916247,-4,-3,-39
1759482850.4306247,-3,-3,-42
1759482850.4666247,-3,-1,-37
1759482850.5046248,1,-2,-27
1759482850.5426247,-2,-4,-39
1759482850.5816247,7,0,-37
1759482850.6196249,0,-6,-34
1759482850.6556249,3,1,-31
1759482850.6926248,-2,-2,-38
1759482850.7316248,0,-3,-44
1759482850.7696247,6,0,-31
1759482850.8056247,4,-3,-37
1759482850.842625,-1,-10,-45
1759482850.8816247,-6,-2,-33
1759482850.9196248,-5,0,-46
1759482850.9556248,1,0,-47
1759482850.9926248,-4,5,-48
1759482851.0316248,6,-5,-43
1759482851.069625,6,-3,-35
1759482851.105625,3,-2,-31
1759482851.1436248,4,1,-34
1759482851.181625,0,4,-39
1759482851.217625,2,2,-48
1759482851.2546248,4,-2,-49
1759482851.2936249,1,2,-43
1759482851.3316247,-1,5,-31
1759482851.3676248,0,4,-29
1759482851.4046247,-6,3,-42
1759482851.4436247,-4,12,-39
1759482851.4816248,2,6,-43
1759482851.5176249,-1,6,-31
1759482851.556625,-3,1,-42
1759482851.5936248,0,3,-41
1759482851.6316247,7,3,-38
1759482851.6706247,0,3,-43
1759482851.7066247,1,2,-39
1759482851.7446249,2,0,-35
1759482851.7826247,7,2,-42
1759482851.8206248,5,-2,-35
1759482851.8566248,-1,-3,-38
1759482851.8956249,1,8,-36
1759482851.9326248,-5,0,-42
1759482851.9716249,1,0,-33
1759482852.0076249,-2,3,-44
1759482852.0456247,2,-1,-50
1759482852.0836248,3,6,-48
1759482852.1226249,-1,6,-38
1759482852.1606247,2,7,-34
1759482852.1966248,-6,2,-24
1759482852.2356248,-1,4,-34
1759482852.2726247,0,6,-35
1759482852.3116248,-3,-1,-40
1759482852.3476248,1,-2,-33
1759482852.385625,1,-6,-30
1759482852.4226248,-5,-1,-30
1759482852.4616249,-6,2,-42
1759482852.4976249,9,0,-38
1759482852.5356247,-2,0,-31
1759482852.5726247,-8,-1,-39
1759482852.6116247,0,2,-37
1759482852.6476247,-4,-10,-29
1759482852.6866248,-9,-2,-38
1759482852.7236247,2,1,-52
1759482852.7626247,0,-2,-40
1759482852.8006248,-5,0,-35
1759482852.8376248,-7,0,-38
1759482852.875625,-8,-6,-39
1759482852.9136248,0,-9,-48
1759482852.9516249,-2,-7,-47
1759482852.987625,5,-11,-43
1759482853.026625,4,-9,-47
1759482853.0636249,1,0,-42
1759482853.102625,-1,-4,-36
1759482853.138625,-1,-2,-35
1759482853.1766248,-4,-4,-36
1759482853.2156248,-6,-6,-40
1759482853.2526248,-3,6,-41
1759482853.2916248,2,1,-47
1759482853.3286247,0,0,-37
1759482853.365625,-2,5,-41
1759482853.4036248,-2,0,-52
1759482853.4426248,-3,-3,-33
1759482853.4786248,-4,1,-37
1759482853.5166247,-3,2,-39
1759482853.5536249,-10,-2,-27
1759482853.592625,-7,0,-41
1759482853.628625,-5,-1,-37
1759482853.6666248,-3,-4,-42
1759482853.704625,-10,-3,-37
1759482853.7436247,2,-5,-42
1759482853.7816248,0,2,-40
1759482853.8176248,-5,-4,-38
1759482853.855625,0,1,-40
1759482853.8936248,0,3,-36
1759482853.9326248,5,-2,-48
1759482853.9686248,6,-6,-35
1759482854.0076249,11,-5,-34
1759482854.0456247,4,-6,-49
1759482854.0836248,5,-8,-35
1759482854.1216247,8,-1,-49
1759482854.1576247,2,0,-46
1759482854.1956248,-3,4,-52
1759482854.2336247,-6,2,-35
1759482854.2716248,-2,0,-39
1759482854.3086247,2,1,-33
1759482854.3466249,-2,9,-32
1759482854.3846247,2,0,-45
1759482854.4226248,-8,0,-36
1759482854.4586248,-3,0,-31
1759482854.4956248,1,-10,-48
1759482854.5346248,-2,-3,-42
1759482854.5726247,-6,2,-52
1759482854.6086247,3,1,-47
1759482854.6456249,10,0,-48
1759482854.684625,5,-3,-32
1759482854.7226248,1,-4,-26
1759482854.7586248,-4,-4,-36
1759482854.796625,-1,2,-36
1759482854.8346248,1,-1,-33
1759482854.8736248,7,-9,-39
1759482854.9096248,10,0,-36
1759482854.9466248,3,5,-43
1759482854.9846249,-2,-2,-30
1759482855.023625,1,-6,-33
1759482855.059625,4,3,-40
1759482855.0976248,0,0,-45
1759482855.1436248,-6,-3,-41
1759482855.1796248,-6,-3,-44
1759482855.217625,-2,-6,-40
1759482855.2556248,-3,1,-35
1759482855.2946248,-2,-3,-54
1759482855.332625,-7,-10,-42
1759482855.3696249,-6,-2,-36
1759482855.4076247,-2,-1,-34
1759482855.4456248,2,0,-37
1759482855.4836247,-1,0,-48
1759482855.5196247,4,7,-42
1759482855.5576248,3,0,-45
1759482855.5946248,3,0,-43
1759482855.6336248,-1,-2,-43
1759482855.6696248,-1,-1,-46
1759482855.707625,-1,-7,-25
1759482855.7456248,-1,-3,-39
1759482855.7846248,0,-10,-51
1759482855.8226247,2,-7,-45
1759482855.8586247,5,0,-44
1759482855.8956249,0,1,-40
1759482855.934625,6,0,-42
1759482855.9726248,2,0,-40
1759482856.0086248,-4,0,-25
1759482856.0456247,-6,0,-23
1759482856.0846248,-5,-8,-36
1759482856.1226249,1,0,-48
1759482856.158625,9,-9,-45
1759482856.1966248,2,2,-45
1759482856.2346249,0,-1,-43
1759482856.2706249,0,-4,-40
1759482856.3086247,8,-5,-36
1759482856.3456247,-1,0,-40
1759482856.3846247,3,-4,-40
1759482856.4206247,0,-1,-41
1759482856.457625,6,0,-35
1759482856.4966247,4,-2,-44
1759482856.5346248,-4,2,-48
1759482856.5706248,-3,-1,-46
1759482856.6086247,-2,7,-32
1759482856.6466248,-5,0,-47
1759482856.684625,1,0,-36
1759482856.7236247,1,-1,-39
1759482856.7596247,-2,-3,-38
1759482856.7976248,-6,0,-41
1759482856.8366249,-2,1,-36
1759482856.8746247,1,2,-34
1759482856.9106247,1,-3,-34
1759482856.9496248,5,-5,-32
1759482856.9866247,1,-4,-33
1759482857.0256248,0,-5,-43
1759482857.0636249,7,-1,-42
1759482857.0996249,3,1,-42
1759482857.1366248,4,-4,-38
1759482857.1756248,-2,-3,-29
1759482857.2136247,-3,0,-41
1759482857.2496247,-3,-2,-43
1759482857.2876248,2,-6,-40
1759482857.3256247,0,-9,-48
1759482857.3646247,-1,-2,-45
1759482857.4006248,2,-3,-41
1759482857.4396248,3,2,-34
1759482857.4766247,1,3,-29
1759482857.5156248,0,-1,-33
1759482857.5536249,-3,2,-39
1759482857.589625,-5,0,-34
1759482857.6276248,2,-3,-38
1759482857.6656249,4,-1,-37
1759482857.704625,3,7,-33
1759482857.740625,-3,-2,-35
1759482857.7786248,2,-1,-31
1759482857.8166249,6,2,-38
1759482857.855625,-1,2,-40
1759482857.8936248,-2,-4,-25
1759482857.9306247,0,-9,-41
1759482857.967625,0,-3,-38
1759482858.0066247,8,-5,-48
1759482858.0446248,1,-3,-52
1759482858.0806248,0,-7,-45
1759482858.1176248,-1,0,-32
1759482858.1566248,-1,0,-36
1759482858.194625,1,3,-38
1759482858.230625,2,-1,-48
1759482858.2686248,5,0,-35
1759482858.306625,1,2,-40
1759482858.3456247,7,0,-37
1759482858.3816247,6,11,-33
1759482858.4186249,-2,4,-34
1759482858.4566247,-1,-7,-37
1759482858.4956248,-4,0,-34
1759482858.5316248,-5,6,-32
1759482858.5686247,5,0,-20
1759482858.6066248,2,4,-31
1759482858.6456249,-1,-1,-36
1759482858.681625,-2,0,-27
1759482858.7186248,-2,1,-37
1759482858.7576249,11,-3,-48
1759482858.7956247,3,5,-30
1759482858.8316247,-7,-2,-34
1759482858.8696249,5,0,-39
1759482858.9076247,2,0,-44
1759482858.9466248,5,-5,-50
1759482858.9846249,0,0,-40
1759482859.0206249,3,-5,-35
1759482859.059625,-2,-4,-32
1759482859.0966249,-6,-6,-31
1759482859.135625,-4,-5,-34
1759482859.1726248,-4,-5,-37
1759482859.2096248,-1,1,-41
1759482859.2486248,-3,3,-38
1759482859.286625,-3,0,-33
1759482859.3246248,0,-1,-34
1759482859.3606248,-1,1,-41
1759482859.398625,-4,-5,-41
1759482859.4376247,-1,1,-44
1759482859.4756248,1,-3,-52
1759482859.5116248,1,-2,-36
1759482859.5496247,0,2,-33
1759482859.5876248,-2,7,-33
1759482859.6266248,-3,6,-40
1759482859.6646247,-2,3,-39
1759482859.7006247,-1,3,-41
1759482859.737625,1,-2,-39
1759482859.776625,4,5,-38
1759482859.8126247,-3,-3,-26
1759482859.8516247,-2,-1,-40
1759482859.888625,2,-4,-43
1759482859.9266248,-1,-1,-45
1759482859.9656248,-1,-5,-43
1759482860.0016248,0,-2,-42
1759482860.0386248,0,-4,-44
1759482860.0776248,-1,-1,-41
1759482860.115625,1,2,-42
1759482860.151625,3,2,-36
1759482860.1896248,0,1,-36
1759482860.2266247,0,-4,-27
1759482860.2656248,0,-3,-33
1759482860.3016248,1,1,-35
1759482860.3386247,0,-2,-56
1759482860.3766248,-1,-1,-46
1759482860.4156249,-3,1,-45
1759482860.4516249,-5,-2,-41
1759482860.4896247,-3,5,-32
1759482860.5276248,2,2,-36
1759482860.5666249,-1,3,-31
1759482860.6036248,1,0,-38
1759482860.6406248,-1,-6,-27
1759482860.6796248,-3,-2,-28
1759482860.717625,-3,-3,-41
1759482860.7556248,-1,6,-45
1759482860.7916248,7,5,-33
1759482860.829625,1,1,-45
1759482860.8676248,1,8,-44
1759482860.9056249,4,0,-48
1759482860.9416249,8,8,-39
1759482860.9796247,2,-4,-42
1759482861.0176249,-3,-4,-26
1759482861.0556247,-5,-1,-25
1759482861.0916247,-3,0,-24
1759482861.1296248,-1,-1,-43
1759482861.1676247,0,-4,-45
1759482861.2056248,-2,0,-48
1759482861.2416248,-10,-8,-31
1759482861.2806249,-6,-4,-25
1759482861.3176248,0,5,-40
1759482861.3566248,-1,1,-43
1759482861.3926249,-3,-3,-30
1759482861.431625,-5,-8,-50
1759482861.4686248,-3,-5,-31
1759482861.5076249,0,-7,-37
1759482861.5436249,-2,-2,-33
1759482861.5816247,6,-6,-32
1759482861.6206248,7,0,-36
1759482861.658625,1,-7,-47
1759482861.6966248,0,4,-25
1759482861.7326248,4,2,-38
1759482861.7696247,-4,4,-38
1759482861.8086247,1,-9,-45
1759482861.8466249,-1,-9,-47
1759482861.8826249,0,-2,-52
1759482861.9206247,2,-7,-35
1759482861.9586248,4,0,-36
1759482861.9966247,-3,-3,-48
1759482862.0326247,-1,-2,-48
1759482862.0716248,7,-3,-33
1759482862.1086247,0,-8,-49
1759482862.1476247,-5,-4,-37
1759482862.1836247,0,-5,-28
1759482862.2216249,-4,-1,-33
1759482862.2586248,-2,0,-41
1759482862.2976248,4,4,-51
1759482862.3336248,-7,3,-48
1759482862.3706248,2,7,-38
1759482862.408625,5,-1,-49
1759482862.4476247,3,-3,-46
1759482862.4836247,-2,0,-37
1759482862.5206249,3,-5,-37
1759482862.5586247,-2,-1,-35
1759482862.5976248,1,-2,-36
1759482862.6336248,-1,-3,-42
1759482862.671625,4,-1,-38
1759482862.7096248,-1,-2,-48
1759482862.7486248,0,-6,-53
1759482862.786625,-4,-5,-35
1759482862.8236248,3,2,-28
1759482862.8606248,-8,3,-45
1759482862.898625,0,5,-45
1759482862.9376247,-3,-4,-40
1759482862.9736247,-2,-3,-34
1759482863.0116248,2,1,-46
1759482863.0506248,2,-8,-40
1759482863.0886247,0,-11,-26
1759482863.1266248,-1,-7,-26
1759482863.1626248,1,4,-19
1759482863.2006247,2,4,-33
1759482863.2386248,-3,-4,-41
1759482863.2776248,0,-5,-42
1759482863.3136249,-4,-3,-39
1759482863.3516247,-1,8,-37
1759482863.3896248,5,6,-42
1759482863.4286249,1,10,-47
1759482863.464625,0,0,-47
1759482863.5026248,-10,2,-39
1759482863.5416248,-2,2,-34
1759482863.579625,3,-1,-38
1759482863.6176248,-1,-6,-36
1759482863.6536248,0,-5,-32
1759482863.6916249,4,-8,-41
1759482863.7296247,7,4,-43
1759482863.7696247,0,0,-39
1759482863.8076248,-4,-1,-40
1759482863.8436248,-8,0,-42
1759482863.8816247,3,-3,-41
1759482863.9206247,-1,-1,-45
1759482863.9586248,0,0,-37
1759482863.9946249,-5,4,-27
1759482864.0316248,2,3,-33
1759482864.0706248,-4,0,-45
1759482864.1086247,-1,-6,-53
1759482864.1446247,-1,1,-46
1759482864.1826248,-1,0,-39
1759482864.2206247,6,-2,-35
1759482864.2586248,12,3,-34
1759482864.2946248,-1,7,-43
1759482864.3336248,3,1,-44
1759482864.3706248,0,3,-43
1759482864.4096248,-1,6,-33
1759482864.4476247,0,0,-38
1759482864.4836247,-1,-2,-31
1759482864.5216248,-2,-1,-40
1759482864.559625,0,-1,-36
1759482864.5986247,-2,5,-39
1759482864.6346247,0,2,-37
1759482864.6736248,0,0,-47
1759482864.7116249,3,0,-32
1759482864.7496247,2,0,-37
1759482864.7876248,0,4,-27
1759482864.8236248,3,3,-27
1759482864.8606248,2,-5,-36
1759482864.8996248,0,0,-40
1759482864.9376247,-4,2,-39
1759482864.9736247,-8,-1,-41
1759482865.0126247,0,1,-46
1759482865.0496247,-3,-3,-44
1759482865.0886247,1,-3,-35
1759482865.1246247,0,0,-41
1759482865.1706247,0,0,-42
1759482865.2086248,0,2,-40
1759482865.2456248,0,0,-39
1759482865.2826247,1,0,-45
1759482865.3206248,-8,-4,-41
1759482865.3596249,-2,-1,-36
1759482865.3956249,0,0,-36
1759482865.4326248,-1,4,-40
1759482865.4706247,0,3,-47
1759482865.5096247,0,-2,-46
1759482865.5456247,-2,-6,-34
1759482865.5836248,-6,-11,-46
1759482865.6226249,0,-1,-32
1759482865.6596248,-4,4,-43
1759482865.6986248,1,2,-41
1759482865.7356248,0,-4,-41
1759482865.773625,-7,-5,-40
1759482865.8116248,0,7,-38
1759482865.8496249,2,7,-36
1759482865.885625,3,8,-40
1759482865.9236248,2,5,-42
1759482865.9606247,-3,7,-30
1759482865.9996247,-1,-1,-34
1759482866.0356247,4,0,-42
1759482866.0736248,2,-3,-46
1759482866.1106248,3,-9,-45
1759482866.1496248,1,-3,-43
1759482866.1856248,-1,0,-35
1759482866.2246249,3,-5,-37
1759482866.2626247,-1,-1,-40
1759482866.3006248,4,1,-42
1759482866.3386247,0,3,-46
1759482866.3746247,-1,1,-32
1759482866.4126248,-5,0,-37
1759482866.4506247,-7,-2,-40
1759482866.4886248,-1,-1,-39
1759482866.5246248,-1,-2,-36
1759482866.5626247,-3,0,-34
1759482866.6006248,0,-1,-32
1759482866.6396248,2,8,-42
1759482866.6756248,6,1,-31
1759482866.7126248,-3,5,-31
1759482866.750625,-6,3,-33
1759482866.7896247,2,2,-50
1759482866.8256247,-1,-1,-48
1759482866.8636248,5,-5,-42
1759482866.9026248,-1,-6,-43
1759482866.9406247,2,0,-34
1759482866.9766247,-5,-4,-40
1759482867.0156248,-6,-3,-38
1759482867.0526247,-4,-2,-28
1759482867.0906248,-2,0,-28
1759482867.1296248,2,1,-29
1759482867.1656249,-4,4,-42
1759482867.2036247,-1,-4,-35
1759482867.2416248,8,-8,-24
1759482867.2806249,4,-5,-30
1759482867.3166249,-5,2,-39
1759482867.355625,-6,1,-41
1759482867.3926249,-1,1,-37
1759482867.4306247,0,3,-37
1759482867.4696248,-2,3,-47
1759482867.5056248,-4,0,-42
1759482867.5436249,-4,-1,-45
1759482867.5816247,2,-4,-59
1759482867.6196249,0,3,-41
1759482867.6556249,0,-2,-40
1759482867.6936247,-1,4,-43
1759482867.7326248,-3,2,-53
1759482867.7706249,5,5,-38
1759482867.806625,5,4,-37
1759482867.8436248,6,0,-37
1759482867.8826249,5,-2,-37
1759482867.9206247,-2,-5,-41
1759482867.9566247,0,-2,-29
1759482867.9936247,5,-4,-42
1759482868.0316248,5,-3,-38
1759482868.0706248,0,0,-43
1759482868.1066248,3,8,-46
1759482868.1446247,7,0,-49
1759482868.181625,10,-2,-38
1759482868.2206247,1,-1,-44
1759482868.2566247,5,-3,-36
1759482868.2946248,7,-3,-35
1759482868.3316247,0,-1,-40
1759482868.3706248,-2,0,-34
1759482868.4066248,-9,4,-32
1759482868.444625,-11,-5,-35
1759482868.4826248,-1,-1,-42
1759482868.5206249,6,-5,-43
1759482868.556625,-2,-6,-43
1759482868.5946248,-1,0,-38
1759482868.6326249,0,4,-32
1759482868.671625,0,0,-41
1759482868.707625,-2,-1,-31
1759482868.7456248,-2,2,-42
1759482868.7846248,-2,0,-33
1759482868.8226247,-7,0,-36
1759482868.8606248,5,1,-32
1759482868.8966248,0,5,-28
1759482868.9356248,2,4,-40
1759482868.9726248,5,1,-35
1759482869.0116248,5,-2,-40
1759482869.0476248,4,4,-50
1759482869.0856247,-2,-2,-34
1759482869.1226249,-10,3,-44
1759482869.161625,-1,4,-35
1759482869.1976247,1,4,-37
1759482869.2356248,4,-4,-36
1759482869.2726247,3,3,-41
1759482869.3116248,0,-4,-40
1759482869.3476248,6,-3,-46
1759482869.385625,-2,0,-43
1759482869.4226248,0,-5,-44
1759482869.4616249,-4,5,-46
1759482869.4976249,-6,5,-35
1759482869.5356247,-1,3,-44
1759482869.5726247,-1,-6,-34
1759482869.6116247,-4,-9,-24
1759482869.6476247,-8,5,-24
1759482869.6856248,-1,3,-33
1759482869.7226248,-5,2,-39
1759482869.7616248,-2,5,-27
1759482869.7976248,-4,0,-26
1759482869.8356247,1,-6,-38
1759482869.8726249,3,1,-32
1759482869.911625,1,0,-44
1759482869.9476247,5,-3,-39
1759482869.9856248,7,2,-33
1759482870.023625,6,1,-45
1759482870.0626247,8,0,-45
1759482870.1006248,5,0,-43
1759482870.1366248,-1,-2,-30
1759482870.1746247,-5,4,-45
1759482870.2126248,-3,8,-39
1759482870.2516248,8,5,-38
1759482870.2876248,5,0,-33
1759482870.3256247,2,2,-47
1759482870.362625,2,-2,-51
1759482870.401625,1,-1,-49
1759482870.4376247,-2,0,-29
1759482870.4746249,-6,-3,-33
1759482870.5126247,0,0,-35
1759482870.5516248,-3,-6,-39
1759482870.5876248,-4,-3,-30
1759482870.6266248,-6,1,-36
1759482870.6646247,-2,3,-39
1759482870.7026248,-5,-1,-50
1759482870.7386248,-2,-2,-42
1759482870.7776248,-7,0,-47
1759482870.8146248,6,-2,-48
1759482870.852625,-1,3,-43
1759482870.8916247,-7,5,-37
1759482870.9276247,-16,5,-42
1759482870.9656248,-9,3,-47
1759482871.003625,-3,0,-48
1759482871.0426247,-2,4,-44
1759482871.0786247,4,-3,-48
1759482871.115625,2,5,-46
1759482871.1536248,-4,-4,-35
1759482871.1926248,-8,0,-41
1759482871.2286248,-1,0,-41
1759482871.2656248,-1,3,-35
1759482871.3036249,-7,3,-34
1759482871.342625,-1,-5,-49
1759482871.378625,-4,-2,-49
1759482871.4166248,1,0,-33
1759482871.4556248,2,-1,-47
1759482871.4936247,-2,-2,-41
1759482871.5316248,-1,-5,-42
1759482871.5676248,10,-2,-47
1759482871.605625,10,0,-40
1759482871.6436248,5,3,-34
1759482871.6826248,0,-2,-38
1759482871.7186248,-2,1,-48
1759482871.7556248,3,-2,-44
1759482871.7936249,-5,-1,-45
1759482871.832625,-8,0,-46
1759482871.8686247,0,-1,-42
1759482871.9056249,-2,0,-43
1759482871.9436247,-8,-5,-40
1759482871.9826248,0,4,-41
1759482872.0186248,-1,-3,-44
1759482872.056625,0,3,-41
1759482872.0946248,8,-2,-55
1759482872.1336248,-1,-1,-47
1759482872.1706247,-3,-3,-46
1759482872.207625,1,2,-30
1759482872.2456248,4,-1,-28
1759482872.283625,5,1,-35
1759482872.3226247,2,3,-38
1759482872.3586247,3,2,-38
1759482872.3966248,-2,0,-34
1759482872.434625,-5,-1,-41
1759482872.4726248,3,2,-42
1759482872.5086248,2,3,-44
1759482872.5456247,0,1,-42
1759482872.5846248,-3,-5,-33
1759482872.6226249,2,-2,-47
1759482872.658625,2,0,-32
1759482872.6956248,4,2,-43
1759482872.7346249,2,-2,-42
1759482872.7726247,-7,6,-42
1759482872.8086247,-2,3,-50
1759482872.8456247,1,-3,-47
1759482872.8846247,0,-3,-33
1759482872.9226248,-3,-2,-33
1759482872.9586248,-3,0,-41
1759482872.9956248,-1,2,-37
1759482873.0346248,6,0,-43
1759482873.0726247,10,-6,-47
1759482873.1086247,3,-2,-53
1759482873.1456249,-5,-1,-35
1759482873.184625,-6,1,-43
1759482873.2226248,-3,1,-50
1759482873.2586248,-3,1,-48
1759482873.296625,5,-1,-39
1759482873.3346248,0,2,-42
1759482873.3726249,0,7,-46
1759482873.408625,2,0,-42
1759482873.4456248,0,-3,-42
1759482873.4846249,-3,4,-33
1759482873.5226247,-2,0,-38
1759482873.5586247,-2,2,-42
1759482873.5966249,0,-1,-46
1759482873.6346247,-2,-2,-45
1759482873.6736248,-7,8,-49
1759482873.7096248,-2,4,-37
1759482873.7476249,-5,6,-40
1759482873.7856247,1,-2,-43
1759482873.8246248,-2,-3,-38
1759482873.8606248,-7,2,-40
1759482873.8976247,3,2,-41
1759482873.9356248,3,4,-46
1759482873.9746249,3,0,-36
1759482874.0116248,1,0,-40
1759482874.0496247,-6,2,-52
1759482874.0866249,0,3,-50
1759482874.1246247,-3,1,-37
1759482874.1636248,-8,2,-34
1759482874.1996248,1,2,-36
1759482874.237625,0,-6,-35
1759482874.2756248,-3,5,-46
1759482874.3136249,-7,0,-37
1759482874.3496249,1,0,-43
1759482874.3866248,-4,-6,-40
1759482874.4256248,0,2,-37
1759482874.4636247,2,1,-37
1759482874.500625,0,5,-38
1759482874.5376248,-1,-1,-45
1759482874.5766249,3,-2,-41
1759482874.6146247,6,3,-46
1759482874.6506248,0,-2,-50
1759482874.6876247,2,-1,-39
1759482874.7266247,0,-5,-24
1759482874.7646248,1,-5,-23
1759482874.8006248,0,2,-38
1759482874.8376248,1,0,-36
1759482874.8766248,-2,-5,-46
1759482874.9146247,2,-7,-35
1759482874.9506247,-2,3,-35
1759482874.9886248,3,4,-33
1759482875.0276248,2,5,-37
1759482875.0656247,-3,-1,-39
1759482875.1036248,-11,2,-32
1759482875.1396248,-5,3,-45
1759482875.1856248,1,0,-36
1759482875.2236247,12,-4,-34
1759482875.2596247,0,-2,-39
1759482875.2976248,2,-4,-40
1759482875.3366249,5,-7,-35
1759482875.3746247,-3,1,-39
1759482875.4106247,-3,1,-49
1759482875.4486248,2,-1,-44
1759482875.4866247,3,3,-37
1759482875.5246248,1,2,-42
1759482875.5606248,1,3,-43
1759482875.5976248,-5,-1,-44
1759482875.635625,1,-2,-41
1759482875.6746247,0,0,-37
1759482875.7106247,1,-1,-49
1759482875.7496247,0,-5,-30
1759482875.7876248,5,-4,-37
1759482875.8256247,-3,-2,-38
1759482875.8616247,-4,-3,-41
1759482875.9006248,0,-5,-39
1759482875.9376247,4,1,-28
1759482875.9766247,2,1,-38
1759482876.0146248,-2,0,-44
1759482876.0506248,-7,0,-38
1759482876.0886247,-6,-5,-39
1759482876.1266248,0,-7,-40
1759482876.1656249,1,-4,-48
1759482876.2016249,-1,-10,-50
1759482876.2396247,-3,-3,-40
1759482876.2776248,-1,-2,-52
1759482876.3166249,0,-4,-40
1759482876.3546247,0,-6,-41
1759482876.3906248,1,-2,-38
1759482876.4296248,5,-2,-33
1759482876.467625,-4,-3,-31
1759482876.5056248,-5,0,-26
1759482876.5416248,0,2,-39
1759482876.579625,0,0,-33
1759482876.6186247,0,-2,-35
1759482876.6566248,13,-6,-37
1759482876.694625,8,-5,-29
1759482876.730625,6,-6,-47
1759482876.7696247,0,0,-43
1759482876.806625,3,-2,-48
1759482876.8456247,-10,10,-42
1759482876.8816247,-11,6,-33
1759482876.9206247,-8,-2,-36
1759482876.957625,2,0,-39
1759482876.9966247,1,-1,-26
1759482877.0346248,4,1,-33
1759482877.0706248,5,3,-39
1759482877.1076248,5,0,-35
1759482877.1466248,5,-5,-33
1759482877.1826248,1,-4,-37
1759482877.2206247,0,0,-42
1759482877.2596247,0,7,-36
1759482877.296625,3,10,-29
1759482877.3356247,-4,7,-40
1759482877.3716247,4,0,-42
1759482877.4096248,-2,0,-44
1759482877.4466248,-4,-1,-33
1759482877.4856248,4,-3,-32
1759482877.5216248,0,0,-39
1759482877.559625,-3,-2,-34
1759482877.5966249,2,0,-45
1759482877.635625,2,-2,-43
1759482877.671625,2,-3,-37
1759482877.7096248,9,-4,-46
1759482877.7466247,14,6,-38
1759482877.7856247,4,2,-33
1759482877.8216248,-6,0,-42
1759482877.8596249,0,1,-33
1759482877.8976247,-4,0,-32
1759482877.9366248,-5,3,-32
1759482877.9726248,2,2,-50
1759482878.0096247,-1,6,-38
1759482878.0486248,0,0,-35
1759482878.0866249,4,-5,-35
1759482878.1226249,4,-4,-38
1759482878.1596248,5,5,-39
1759482878.1976247,0,9,-36
1759482878.2366247,8,1,-40
1759482878.2726247,5,1,-34
1759482878.309625,0,2,-41
1759482878.3476248,-3,1,-34
1759482878.3866248,-1,1,-34
1759482878.4226248,-2,0,-32
1759482878.4596248,-1,4,-43
1759482878.4986248,4,2,-33
1759482878.536625,1,5,-28
1759482878.5726247,-5,5,-36
1759482878.6096249,-8,0,-47
1759482878.6476247,1,6,-33
1759482878.6866248,4,2,-34
1759482878.7226248,2,-2,-29
1759482878.760625,2,-6,-47
1759482878.7986248,-3,-3,-51
1759482878.8376248,3,0,-44
1759482878.875625,0,2,-35
1759482878.911625,4,2,-39
1759482878.9486248,-4,-4,-36
1759482878.987625,-3,-3,-34
1759482879.023625,4,-2,-30
1759482879.0626247,1,-1,-45
1759482879.1006248,6,-2,-38
1759482879.1376247,3,-5,-30
1759482879.1766248,4,-1,-32
1759482879.2126248,2,-1,-30
1759482879.250625,1,-11,-38
1759482879.2886248,1,-5,-40
1759482879.3276248,2,-2,-48
1759482879.3636248,1,-2,-57
1759482879.401625,0,-3,-32
1759482879.4396248,-2,4,-34
1759482879.4786248,-3,0,-34
1759482879.5166247,0,-4,-47
1759482879.5526247,7,0,-45
1759482879.589625,9,-2,-36
1759482879.628625,3,-1,-32
1759482879.6666248,-6,0,-47
1759482879.7026248,-2,1,-33
1759482879.740625,-4,3,-35
1759482879.7786248,-1,-3,-35
1759482879.8166249,3,-2,-39
1759482879.852625,13,7,-31
1759482879.8896248,2,-1,-51
1759482879.9286249,0,1,-40
1759482879.9666247,1,-5,-30
1759482880.0026248,2,-4,-32
1759482880.0396247,4,-5,-27
1759482880.0786247,0,-2,-33
1759482880.1166248,-1,-2,-42
1759482880.1526248,-7,-2,-44
1759482880.1916249,4,0,-46
1759482880.2296247,-2,0,-39
1759482880.2676249,-10,2,-42
1759482880.3036249,-1,0,-43
1759482880.3406248,9,2,-40
1759482880.3796248,5,0,-47
1759482880.4176247,2,0,-46
1759482880.4536247,1,2,-40
1759482880.490625,8,4,-32
1759482880.5296247,6,2,-41
1759482880.5676248,4,-1,-39
1759482880.6036248,0,1,-39
1759482880.6406248,-3,5,-29
1759482880.6796248,-1,5,-40
1759482880.717625,-2,3,-45
1759482880.753625,2,-2,-30
1759482880.7906249,3,-2,-35
1759482880.829625,0,-5,-38
1759482880.8676248,-1,5,-40
1759482880.9036248,-3,5,-35
1759482880.9406247,0,-1,-39
1759482880.9796247,-2,-7,-33
1759482881.0176249,2,-2,-35
1759482881.0536249,3,-2,-35
1759482881.092625,0,-5,-31
1759482881.1296248,-1,0,-42
1759482881.1686249,1,0,-41
1759482881.204625,0,1,-48
1759482881.2426248,0,-3,-34
1759482881.2806249,0,0,-35
1759482881.3186247,9,0,-38
1759482881.3546247,3,1,-44
1759482881.3926249,-7,-2,-40
1759482881.4296248,2,4,-45
1759482881.4686248,1,-3,-58
1759482881.5046248,2,1,-46
1759482881.5426247,6,4,-45
1759482881.579625,2,0,-47
1759482881.6186247,3,6,-47
1759482881.6546247,-8,0,-38
1759482881.6926248,-5,-2,-26
1759482881.7296247,1,1,-33
1759482881.7686248,9,3,-43
1759482881.8046248,0,-8,-28
1759482881.842625,7,0,-42
1759482881.8796248,9,-3,-30
1759482881.9186249,3,-4,-38
1759482881.954625,6,5,-29
1759482881.9926248,-1,0,-35
1759482882.0296247,5,-4,-31
1759482882.0686247,-2,-6,-44
1759482882.1046247,-3,-10,-47
1759482882.1426249,-1,-4,-40
1759482882.1806247,1,2,-49
1759482882.2196248,3,5,-42
1759482882.2576249,-4,0,-45
1759482882.2946248,-1,-2,-45
1759482882.332625,-2,-3,-42
1759482882.3706248,0,-3,-36
1759482882.408625,1,-1,-42
1759482882.444625,-1,-1,-41
1759482882.4836247,7,-2,-33
1759482882.5206249,1,-1,-36
1759482882.559625,-1,-3,-41
1759482882.5956247,-8,1,-31
1759482882.6326249,-1,-4,-33
1759482882.6706247,-4,2,-42
1759482882.7096248,-6,2,-41
1759482882.7456248,-8,0,-36
1759482882.7826247,0,-10,-36
1759482882.8216248,-1,-3,-36
1759482882.8596249,1,2,-39
1759482882.8956249,-1,-3,-27
1759482882.9336247,5,-1,-31
1759482882.9716249,3,0,-40
1759482883.010625,-2,0,-34
1759482883.0486248,-3,-6,-49
1759482883.0846248,-2,-1,-56
1759482883.1226249,7,-5,-51
1759482883.1606247,10,-3,-56
1759482883.1996248,0,6,-41
1759482883.2356248,1,3,-35
1759482883.2726247,6,0,-44
1759482883.3106248,1,1,-36
1759482883.3496249,-1,2,-32
1759482883.385625,-12,4,-40
1759482883.4246247,2,0,-41
1759482883.4626248,1,2,-34
1759482883.500625,-3,0,-40
1759482883.5386248,4,2,-39
1759482883.5746248,-1,-2,-37
1759482883.612625,0,-3,-55
1759482883.6506248,0,-3,-42
1759482883.6896248,-2,0,-40
1759482883.7256248,4,-3,-37
1759482883.763625,0,-15,-40
1759482883.8016248,-1,-3,-41
1759482883.8406248,-1,-2,-45
1759482883.878625,1,-5,-37
1759482883.9146247,-6,0,-44
1759482883.9516249,-7,-9,-47
1759482883.990625,-2,0,-47
1759482884.0286248,-1,5,-44
1759482884.0646248,2,1,-44
1759482884.1016247,2,0,-42
1759482884.1406248,-5,-6,-50
1759482884.1786249,-2,8,-43
1759482884.214625,4,3,-45
1759482884.2526248,-2,1,-46
1759482884.2906249,3,6,-41
1759482884.3266249,-1,5,-39
1759482884.365625,2,-1,-40
1759482884.4026248,-1,-2,-29
1759482884.4416249,-3,-1,-35
1759482884.4796247,3,3,-32
1759482884.5166247,0,2,-39
1759482884.5546248,0,-2,-21
1759482884.5916247,8,-2,-29
1759482884.6306248,8,6,-24
1759482884.6666248,8,5,-20
1759482884.7036247,0,7,-31
1759482884.7416248,0,-5,-24
1759482884.7806249,6,0,-33
1759482884.8166249,7,-3,-44
1759482884.8536248,8,-2,-46
1759482884.8916247,1,-7,-31
1759482884.9306247,-2,-9,-39
1759482884.9666247,-8,-2,-47
1759482885.0046248,-3,0,-44
1759482885.0436249,0,3,-50
1759482885.0816247,-2,-1,-31
1759482885.1196249,-1,-1,-41
1759482885.1556249,-5,-2,-37
1759482885.2016249,-9,5,-30
1759482885.2396247,-2,7,-39
1759482885.2756248,7,2,-44
1759482885.3126247,0,0,-49
1759482885.3516247,1,0,-45
1759482885.3896248,6,-7,-41
1759482885.4256248,2,-6,-42
1759482885.4626248,-3,1,-43
1759482885.5016248,5,2,-47
1759482885.5396247,-5,3,-45
1759482885.5756247,-5,0,-40
1759482885.6136248,-3,-6,-51
1759482885.6526248,0,-2,-48
1759482885.6906247,-1,2,-35
1759482885.7266247,-2,-3,-42
1759482885.7656248,2,3,-30
1759482885.8026247,-1,-5,-47
1759482885.8416247,3,-2,-45
1759482885.8776248,-4,0,-36
1759482885.9156249,-7,1,-29
1759482885.9526248,-4,4,-37
1759482885.9916248,-3,-1,-45
1759482886.0276248,3,-3,-40
1759482886.0656247,1,0,-38
1759482886.102625,-1,1,-39
1759482886.1416247,0,0,-39
1759482886.1776247,0,3,-35
1759482886.2156248,-2,4,-34
1759482886.2526248,2,4,-37
1759482886.2916248,0,1,-38
1759482886.3276248,1,2,-38
1759482886.365625,-4,10,-30
1759482886.4026248,-1,-1,-29
1759482886.4416249,-5,0,-33
1759482886.477625,0,-1,-34
1759482886.5156248,3,-11,-30
1759482886.5526247,2,-7,-35
1759482886.5916247,-3,3,-47
1759482886.6276248,-2,6,-44
1759482886.6656249,-5,0,-41
1759482886.7036247,8,-5,-40
1759482886.7416248,-2,-1,-37
1759482886.7776248,0,0,-34
1759482886.8156247,-1,5,-28
1759482886.852625,6,3,-30
1759482886.8916247,2,4,-34
1759482886.9276247,-3,0,-28
1759482886.964625,4,-4,-38
1759482887.0026248,0,-1,-39
1759482887.0416248,0,0,-32
1759482887.0776248,6,0,-34
1759482887.115625,0,-3,-28
1759482887.1526248,-2,7,-40
1759482887.1916249,0,3,-42
1759482887.227625,-2,-3,-51
1759482887.2666247,0,-1,-30
1759482887.3036249,0,-1,-37
1759482887.342625,-4,0,-37
1759482887.3806248,4,0,-30
1759482887.4166248,4,2,-40
1759482887.4536247,8,-3,-45
1759482887.4926248,4,-3,-43
1759482887.5306249,1,-1,-36
1759482887.5676248,0,0,-33
1759482887.6046247,2,-1,-37
1759482887.6426249,5,2,-35
1759482887.681625,3,-5,-26
1759482887.717625,4,0,-30
1759482887.7546248,0,-6,-39
1759482887.7926247,-6,-5,-30
1759482887.8316247,0,-4,-30
1759482887.8676248,0,-4,-29
1759482887.9046247,0,-6,-40
1759482887.9426248,-1,-6,-47
1759482887.9816248,0,-3,-44
1759482888.0176249,0,-5,-38
1759482888.0546248,-3,-5,-45
1759482888.092625,0,4,-44
1759482888.1316247,-3,0,-41
1759482888.1676247,-1,0,-36
1759482888.204625,-4,-3,-32
1759482888.2426248,3,4,-32
1759482888.2816248,2,-6,-40
1759482888.3176248,7,-7,-42
1759482888.3546247,-2,-2,-37
1759482888.3936248,-2,0,-32
1759482888.431625,4,-3,-29
1759482888.467625,1,0,-35
1759482888.5056248,0,0,-40
1759482888.5436249,-5,0,-36
1759482888.5816247,-8,0,-44
1759482888.6176248,-7,-4,-33
1759482888.6556249,3,-1,-37
1759482888.694625,-2,-6,-40
1759482888.7326248,1,-1,-29
1759482888.7686248,-5,-2,-40
1759482888.8076248,-1,4,-38
1759482888.8446248,-4,0,-51
1759482888.8836248,-9,-5,-31
1759482888.921625,1,-7,-31
1759482888.957625,0,-4,-37
1759482888.9966247,0,-4,-37
1759482889.033625,0,0,-41
1759482889.0726247,-3,1,-41
1759482889.1096249,0,3,-45
1759482889.1466248,-3,-2,-34
1759482889.184625,-6,-1,-39
1759482889.2236247,-13,-7,-36
1759482889.2616248,-3,-3,-31
1759482889.2986248,0,2,-36
1759482889.3356247,0,-7,-42
1759482889.3736248,-3,0,-45
1759482889.4126248,-1,-4,-43
1759482889.4486248,0,-1,-40
1759482889.4866247,-3,-1,-43
1759482889.5246248,-7,6,-32
1759482889.5636249,-3,3,-37
1759482889.5996249,3,-3,-38
1759482889.638625,0,0,-45
1759482889.6766248,2,-5,-45
1759482889.714625,-3,0,-38
1759482889.7526248,-3,-2,-30
1759482889.7886248,-5,-7,-35
1759482889.8266249,1,-5,-31
1759482889.8646247,-1,-8,-46
1759482889.9036248,6,-9,-48
1759482889.9396248,-6,-3,-37
1759482889.9786248,0,4,-47
1759482890.0156248,3,3,-38
1759482890.0546248,0,0,-23
1759482890.092625,3,0,-28
1759482890.128625,-1,1,-35
1759482890.1676247,-4,7,-49
1759482890.2056248,0,10,-52
1759482890.2436247,4,0,-42
1759482890.2796247,9,0,-34
1759482890.3176248,4,1,-40
1759482890.3546247,9,0,-35
1759482890.3946247,-1,-6,-50
1759482890.4326248,-3,0,-46
1759482890.4686248,4,0,-39
1759482890.5066247,10,-2,-44
1759482890.5446248,5,-3,-44
1759482890.582625,6,0,-36
1759482890.6186247,1,-2,-37
1759482890.6566248,-2,7,-43
1759482890.694625,0,2,-37
1759482890.7326248,-7,4,-41
1759482890.7686248,-2,-4,-40
1759482890.806625,0,-3,-47
1759482890.8446248,7,4,-46
1759482890.8836248,3,-1,-47
1759482890.9196248,2,-3,-47
1759482890.9566247,-2,-5,-55
1759482890.9946249,6,-4,-42
1759482891.033625,6,-5,-39
1759482891.069625,-2,0,-41
1759482891.1076248,-8,0,-38
1759482891.1456249,3,0,-43
1759482891.184625,-2,1,-45
1759482891.2206247,2,4,-40
1759482891.2576249,-12,1,-36
1759482891.2956247,-7,0,-55
1759482891.3346248,-3,-3,-43
1759482891.3706248,-3,2,-43
1759482891.4096248,0,2,-46
1759482891.4476247,6,0,-41
1759482891.4846249,10,5,-44
1759482891.523625,1,1,-43
1759482891.559625,1,-1,-55
1759482891.5976248,2,-2,-42
1759482891.635625,1,-5,-40
1759482891.6746247,-1,-3,-37
1759482891.7106247,1,-3,-40
1759482891.7486248,0,4,-47
1759482891.786625,0,2,-30
1759482891.8256247,-1,0,-34
1759482891.8636248,1,-8,-29
1759482891.8996248,1,-10,-24
1759482891.9376247,6,-3,-32
1759482891.9756248,0,-5,-35
1759482892.013625,-2,5,-42
1759482892.0496247,-3,4,-43
1759482892.0876248,3,2,-51
1759482892.125625,0,5,-47
1759482892.1636248,1,2,-42
1759482892.1996248,0,0,-41
1759482892.237625,-2,-4,-39
1759482892.2756248,-3,-6,-43
1759482892.3136249,-8,1,-52
1759482892.3496249,0,3,-40
1759482892.3876247,-1,-2,-38
1759482892.4256248,-2,-1,-53
1759482892.4636247,1,7,-36
1759482892.4996247,0,3,-32
1759482892.5376248,1,2,-32
1759482892.5756247,0,-1,-33
1759482892.6136248,-3,0,-33
1759482892.6496248,0,0,-37
1759482892.6876247,0,-2,-45
1759482892.7256248,-1,2,-39
1759482892.763625,-2,7,-33
1759482892.7996247,2,3,-29
1759482892.8376248,0,2,-44
1759482892.875625,0,-4,-33
1759482892.911625,0,-4,-25
1759482892.9496248,6,-8,-31
1759482892.987625,0,-2,-30
1759482893.0256248,-1,-6,-28
1759482893.0616248,3,-6,-37
1759482893.0996249,0,-5,-42
1759482893.1366248,1,0,-41
1759482893.1756248,0,-3,-37
1759482893.2116249,-5,0,-37
1759482893.2496247,0,-4,-34
1759482893.2886248,3,-6,-36
1759482893.3256247,3,1,-39
1759482893.3646247,0,-2,-27
1759482893.4006248,-10,-4,-43
1759482893.4396248,-9,1,-43
1759482893.4766247,0,-1,-41
1759482893.5156248,-3,4,-45
1759482893.5516248,0,-1,-43
1759482893.5886247,-2,-3,-40
1759482893.6266248,-4,-5,-48
1759482893.6656249,5,-3,-39
1759482893.7016249,0,-4,-46
1759482893.7396247,0,0,-42
1759482893.7786248,-7,-1,-40
1759482893.8166249,-2,-2,-39
1759482893.8546247,0,-4,-40
1759482893.8906248,-4,-6,-47
1759482893.9296248,1,5,-39
1759482893.9666247,2,2,-46
1759482894.0056248,0,0,-34
1759482894.0416248,5,-4,-35
1759482894.079625,-8,-3,-41
1759482894.1166248,-5,0,-44
1759482894.1556249,-3,2,-47
1759482894.1916249,-2,2,-43
1759482894.230625,-2,-4,-55
1759482894.2676249,-5,-1,-45
1759482894.306625,-10,1,-45
1759482894.3446248,-6,-1,-37
1759482894.3806248,0,-3,-38
1759482894.4186249,-2,0,-37
1759482894.4566247,3,-2,-38
1759482894.4956248,-3,3,-29
1759482894.5316248,-5,1,-29
1759482894.5686247,1,0,-34
1759482894.6066248,1,0,-34
1759482894.6456249,-1,-1,-33
1759482894.681625,5,0,-44
1759482894.7186248,1,-5,-42
1759482894.7566247,-4,-7,-46
1759482894.7956247,0,0,-40
1759482894.8316247,0,0,-39
1759482894.8696249,-2,1,-36
1759482894.9066248,0,-10,-33
1759482894.9456248,-4,-5,-44
1759482894.9816248,-1,0,-47
1759482895.0196247,1,0,-49
1759482895.0586247,1,4,-44
1759482895.0966249,2,3,-42
1759482895.1326249,-3,6,-36
1759482895.1696248,-5,6,-44
1759482895.2156248,1,6,-43
1759482895.2516248,5,7,-43
1759482895.2896247,1,2,-38
1759482895.3286247,2,4,-39
1759482895.3666248,1,2,-45
1759482895.4026248,2,-2,-39
1759482895.4416249,4,-5,-47
1759482895.4786248,8,4,-43
1759482895.5176249,5,0,-48
1759482895.5556247,4,-2,-38
1759482895.5916247,-2,-3,-46
1759482895.6306248,-1,0,-53
1759482895.6676247,0,0,-55
1759482895.7066247,6,0,-54
1759482895.7436247,-3,-3,-32
1759482895.7816248,-9,0,-34
1759482895.819625,-1,1,-37
1759482895.8576248,0,0,-41
1759482895.8956249,2,-2,-44
1759482895.931625,-1,-5,-36
1759482895.9706247,0,-4,-33
1759482896.0076249,0,-1,-33
1759482896.046625,-4,6,-27
1759482896.082625,5,6,-33
1759482896.1206248,4,-2,-34
1759482896.1576247,4,0,-47
1759482896.1966248,-2,0,-34
1759482896.2326248,-2,1,-36
1759482896.2706249,-2,-4,-45
1759482896.3086247,2,-6,-46
1759482896.3476248,-3,0,-33
1759482896.3836248,1,5,-33
1759482896.4206247,-2,0,-47
1759482896.4586248,0,0,-36
1759482896.4976249,0,4,-41
1759482896.533625,1,-2,-39
1759482896.5716248,-3,1,-36
1759482896.6096249,0,1,-41
1759482896.648625,-4,7,-43
1759482896.6866248,-1,0,-40
1759482896.7226248,-1,-4,-39
1759482896.7616248,1,-3,-42
1759482896.7986248,0,5,-23
1759482896.8376248,0,3,-33
1759482896.8736248,3,-1,-34
1759482896.911625,-1,2,-48
1759482896.9496248,0,3,-40
1759482896.987625,2,0,-44
1759482897.023625,6,5,-45
1759482897.0616248,1,2,-47
1759482897.0986247,-5,5,-42
1759482897.1376247,4,-2,-37
1759482897.1736248,-1,4,-40
1759482897.2116249,0,5,-42
1759482897.2496247,0,0,-51
1759482897.2876248,3,-4,-40
1759482897.3236248,2,-4,-48
1759482897.362625,5,0,-53
1759482897.3996248,4,2,-40
1759482897.4386249,0,-7,-27
1759482897.4766247,-2,0,-32
1759482897.513625,4,0,-44
1759482897.5506248,-3,0,-46
1759482897.5886247,7,0,-43
1759482897.6276248,9,0,-34
1759482897.6636248,3,-1,-35
1759482897.7016249,2,-3,-36
1759482897.740625,-4,-1,-41
1759482897.7786248,-10,-2,-47
1759482897.8166249,-6,1,-37
1759482897.852625,0,-3,-35
1759482897.8906248,1,1,-38
1759482897.9286249,-3,0,-36
1759482897.967625,-3,-4,-40
1759482898.003625,5,-6,-34
1759482898.0406249,0,-1,-37
1759482898.079625,4,2,-43
1759482898.1176248,1,0,-42
1759482898.1536248,2,0,-32
1759482898.1906247,3,4,-45
1759482898.2286248,5,6,-41
1759482898.2676249,-2,1,-41
1759482898.3036249,-5,1,-42
1759482898.3406248,-2,-1,-41
1759482898.3796248,6,-2,-45
1759482898.4176247,1,0,-44
1759482898.4536247,-2,0,-39
1759482898.490625,0,-6,-37
1759482898.5296247,2,-7,-35
1759482898.5676248,-5,-7,-34
1759482898.6036248,-6,-3,-34
1759482898.6426249,-5,2,-43
1759482898.6806247,3,0,-50
1759482898.7186248,-1,1,-44
1759482898.7546248,-8,-3,-37
1759482898.7936249,-4,-9,-44
1759482898.8306248,4,5,-42
1759482898.8696249,0,-4,-44
1759482898.9076247,1,-1,-45
1759482898.9436247,-4,-1,-50
1759482898.9826248,-3,2,-50
1759482899.0196247,-11,-3,-31
1759482899.0586247,2,-5,-26
1759482899.0946248,0,2,-40
1759482899.1316247,4,3,-38
1759482899.1696248,3,0,-26
1759482899.2086248,-1,-3,-40
1759482899.2446249,-2,-5,-41
1759482899.2826247,2,2,-43
1759482899.3206248,-3,1,-40
1759482899.3596249,-3,2,-45
1759482899.3976247,-1,0,-43
1759482899.4336247,2,4,-45
1759482899.4706247,0,1,-39
1759482899.5096247,0,0,-42
1759482899.5476248,8,3,-43
1759482899.5836248,2,-3,-46
1759482899.6226249,-4,5,-44
1759482899.6606247,3,1,-39
1759482899.6986248,3,1,-33
1759482899.7346249,-2,5,-37
1759482899.7726247,0,1,-40
1759482899.8116248,0,3,-32
1759482899.8496249,0,2,-44
1759482899.885625,-3,1,-51
1759482899.9236248,-3,1,-30
1759482899.9616249,0,8,-44
1759482899.9996247,-3,0,-48
1759482900.0386248,-3,-1,-38
1759482900.0746248,1,-2,-39
1759482900.1116247,11,0,-32
1759482900.1496248,0,-1,-35
1759482900.1886249,-1,0,-51
1759482900.2246249,3,-4,-42
1759482900.263625,2,-1,-35
1759482900.3006248,0,-3,-43
1759482900.339625,-4,-2,-45
1759482900.3766248,-2,-7,-34
1759482900.4136248,-1,-2,-43
1759482900.4526248,-2,0,-42
1759482900.490625,-6,3,-40
1759482900.5286248,-3,1,-40
1759482900.5646248,-3,-2,-40
1759482900.602625,-5,1,-39
1759482900.6406248,-7,-4,-28
1759482900.6796248,3,0,-37
1759482900.7156248,-5,1,-39
1759482900.753625,3,1,-46
1759482900.7916248,4,0,-41
1759482900.8306248,3,0,-35
1759482900.8686247,4,-2,-36
1759482900.9046247,1,-1,-37
1759482900.9436247,1,-5,-41
1759482900.9816248,2,-6,-43
1759482901.0196247,-1,-1,-55
1759482901.0556247,-2,4,-46
1759482901.092625,6,0,-41
1759482901.1306248,-1,6,-35
1759482901.1696248,4,5,-48
1759482901.2056248,-2,6,-40
1759482901.2446249,-2,8,-35
1759482901.2816248,-2,1,-39
1759482901.3206248,-6,-4,-41
1759482901.3586247,-4,-5,-52
1759482901.3946247,2,0,-46
1759482901.4336247,0,-5,-38
1759482901.4706247,2,2,-46
1759482901.5096247,-1,3,-41
1759482901.5456247,-4,-1,-42
1759482901.5836248,-5,-1,-36
1759482901.6226249,-11,-1,-34
1759482901.6606247,-4,1,-43
1759482901.6966248,3,1,-41
1759482901.7336247,3,1,-38
1759482901.7716248,1,4,-31
1759482901.8106248,-6,0,-36
1759482901.8466249,-8,2,-38
1759482901.8836248,-1,5,-52
1759482901.921625,0,0,-41
1759482901.9606247,-1,1,-42
1759482901.9966247,-3,4,-41
1759482902.0346248,0,10,-32
1759482902.0716248,-3,8,-43
1759482902.1106248,0,1,-43
1759482902.1466248,7,-9,-45
1759482902.184625,3,-2,-42
1759482902.2226248,1,3,-42
1759482902.2616248,-3,2,-46
1759482902.2996247,1,4,-35
1759482902.3356247,4,5,-45
1759482902.3736248,10,4,-41
1759482902.411625,5,-2,-49
1759482902.4496248,2,-3,-45
1759482902.4856248,0,0,-47
1759482902.5226247,-2,0,-42
1759482902.5616248,-4,0,-40
1759482902.5996249,-4,-3,-40
1759482902.635625,0,0,-39
1759482902.6726248,2,0,-48
1759482902.7116249,7,1,-50
1759482902.7496247,-10,6,-44
1759482902.7856247,-4,9,-43
1759482902.8246248,-5,-5,-45
1759482902.862625,-4,0,-42
1759482902.9006248,1,-3,-48
1759482902.9366248,1,-2,-39
1759482902.9756248,-4,-2,-33
1759482903.0126247,0,1,-45
1759482903.0516248,0,0,-41
1759482903.089625,-5,0,-39
1759482903.125625,0,-1,-44
1759482903.1626248,0,3,-38
1759482903.2016249,2,0,-41
1759482903.237625,3,0,-37
1759482903.2756248,-2,-3,-42
1759482903.3126247,-7,2,-46
1759482903.3516247,-1,0,-31
1759482903.3876247,-2,3,-31
1759482903.4256248,-1,3,-37
1759482903.4626248,0,4,-42
1759482903.5016248,-1,-4,-36
1759482903.5376248,-5,-6,-40
1759482903.5766249,-2,-10,-38
1759482903.6136248,0,-4,-44
1759482903.651625,-4,0,-48
1759482903.6906247,-4,5,-49
1759482903.7266247,1,-2,-48
1759482903.763625,7,-6,-36
1759482903.8016248,1,-1,-40
1759482903.8376248,4,1,-47
1759482903.8746247,6,0,-47
1759482903.9136248,-3,3,-37
1759482903.9516249,0,0,-42
1759482903.987625,-6,2,-46
1759482904.0256248,0,2,-36
1759482904.0626247,0,-1,-37
1759482904.1016247,8,-2,-39
1759482904.1376247,2,-4,-42
1759482904.1756248,6,-9,-41
1759482904.2136247,9,-4,-31
1759482904.2516248,-1,-1,-42
1759482904.2876248,0,2,-45
1759482904.3256247,1,-2,-51
1759482904.362625,2,0,-43
1759482904.401625,4,-1,-42
1759482904.4376247,0,-5,-37
1759482904.4746249,0,-7,-46
1759482904.5126247,3,-2,-40
1759482904.5516248,-4,1,-41
1759482904.5876248,0,-3,-37
1759482904.625625,0,-1,-40
1759482904.6626248,0,2,-38
1759482904.7016249,-1,6,-33
1759482904.737625,-8,-1,-39
1759482904.7756248,2,-6,-34
1759482904.8136249,-1,-1,-37
1759482904.852625,0,-4,-45
1759482904.8906248,-1,1,-35
1759482904.9266248,-3,0,-32
1759482904.964625,-2,0,-34
1759482905.0026248,0,-4,-42
1759482905.0416248,2,-5,-35
1759482905.0776248,2,0,-37
1759482905.1146247,0,0,-36
1759482905.1526248,8,2,-35
1759482905.1916249,5,-1,-31
1759482905.2366247,-3,-2,-39
1759482905.2746248,1,0,-43
1759482905.3126247,-1,-6,-40
1759482905.3496249,-2,-10,-48
1759482905.3876247,-1,-2,-35
1759482905.4256248,5,-6,-31
1759482905.4636247,3,-3,-29
1759482905.5016248,6,-2,-42
1759482905.5376248,10,-1,-45
1759482905.5756247,2,-5,-44
1759482905.6136248,-6,0,-48
1759482905.651625,-10,1,-38
1759482905.6876247,-13,1,-35
1759482905.7256248,-1,1,-42
1759482905.763625,18,2,-34
1759482905.8026247,6,-3,-41
1759482905.8386247,0,2,-40
1759482905.8766248,1,-1,-36
1759482905.9156249,-6,2,-28
1759482905.9536247,-1,5,-31
1759482905.9916248,5,-2,-30
1759482906.0276248,0,-2,-33
1759482906.0656247,10,-7,-44
1759482906.1036248,-1,0,-47
1759482906.1416247,-3,0,-46
1759482906.1776247,10,2,-37
1759482906.2156248,4,1,-47
1759482906.253625,4,0,-40
1759482906.2916248,-1,-4,-47
1759482906.3276248,-2,-1,-28
1759482906.3666248,0,-6,-38
1759482906.4036248,-2,-13,-39
1759482906.4426248,-1,0,-48
1759482906.4786248,0,2,-36
1759482906.5166247,4,-3,-47
1759482906.5536249,0,4,-40
1759482906.592625,-4,-2,-34
1759482906.628625,0,5,-29
1759482906.6666248,0,1,-45
1759482906.7036247,0,3,-59
1759482906.7426248,-4,0,-49
1759482906.7786248,-4,6,-46
1759482906.8166249,2,0,-47
1759482906.8546247,-1,-4,-42
1759482906.8936248,-3,-3,-29
1759482906.9296248,-2,-10,-39
1759482906.967625,-8,-3,-38
1759482907.0066247,0,0,-44
1759482907.0446248,1,-2,-42
1759482907.082625,-2,1,-43
1759482907.1196249,-4,-2,-31
1759482907.1576247,-9,-4,-35
1759482907.194625,-3,4,-41
1759482907.2336247,2,0,-28
1759482907.2696247,2,-2,-36
1759482907.3076248,1,0,-48
1759482907.3446248,-2,-3,-38
1759482907.3836248,-10,-3,-34
1759482907.4196248,-12,1,-46
1759482907.457625,1,1,-40
1759482907.4966247,3,2,-45
1759482907.5346248,0,-1,-50
1759482907.5726247,0,-4,-53
1759482907.6086247,-1,-1,-50
1759482907.6466248,0,0,-42
1759482907.684625,-4,-2,-45
1759482907.7236247,0,2,-39
1759482907.7596247,2,3,-40
1759482907.796625,4,3,-29
1759482907.8346248,3,-1,-37
1759482907.8736248,-1,3,-40
1759482907.9096248,2,6,-44
1759482907.9466248,5,-1,-35
1759482907.9846249,-2,8,-41
1759482908.023625,1,-2,-46
1759482908.059625,5,-2,-49
1759482908.0966249,6,-3,-37
1759482908.1346247,3,-2,-37
1759482908.1736248,3,0,-42
1759482908.2096248,-1,1,-47
1759482908.2476249,4,4,-53
1759482908.286625,0,0,-48
1759482908.3246248,2,0,-54
1759482908.362625,-1,-2,-50
1759482908.398625,5,-4,-38
1759482908.4366248,1,-6,-36
1759482908.4746249,0,-5,-42
1759482908.513625,-3,-1,-37
1759482908.5496247,2,6,-40
1759482908.5866249,0,3,-49
1759482908.625625,0,0,-36
1759482908.6636248,2,2,-50
1759482908.6996248,1,-3,-45
1759482908.737625,7,2,-55
1759482908.7756248,-1,-1,-48
1759482908.8146248,3,-1,-46
1759482908.8506248,1,-4,-40
1759482908.8876247,10,-1,-44
1759482908.9266248,7,-1,-50
1759482908.964625,0,-5,-49
1759482909.000625,0,-8,-46
1759482909.0376248,-3,5,-39
1759482909.0756247,1,1,-33
1759482909.1146247,4,6,-34
1759482909.1506248,5,3,-42
1759482909.1876247,2,-3,-42
1759482909.2256248,5,1,-40
1759482909.2646248,2,4,-45
1759482909.3006248,-2,0,-38
1759482909.339625,1,11,-29
1759482909.3776248,2,0,-40
1759482909.4156249,3,1,-51
1759482909.4536247,2,0,-30
1759482909.4896247,-5,0,-46
1759482909.5276248,-4,0,-37
1759482909.5656247,6,0,-45
1759482909.6046247,0,1,-39
1759482909.6406248,4,5,-36
1759482909.6786249,0,1,-27
1759482909.7166247,2,0,-46
1759482909.7556248,-3,2,-42
1759482909.7936249,7,3,-35
1759482909.829625,1,2,-36
1759482909.8686247,2,9,-36
1759482909.9066248,3,5,-34
1759482909.944625,-2,-5,-42
1759482909.980625,9,-5,-46
1759482910.0196247,-2,-5,-39
1759482910.0576248,0,-6,-38
1759482910.0956247,0,5,-37
1759482910.1336248,0,0,-36
1759482910.1696248,-3,1,-29
1759482910.2066247,-2,2,-36
1759482910.2456248,0,-1,-49
1759482910.283625,-11,6,-47
1759482910.3206248,-12,6,-38
1759482910.3586247,-5,3,-46
1759482910.3976247,1,1,-46
1759482910.4356248,2,9,-39
1759482910.4716249,4,0,-42
1759482910.5086248,7,7,-41
1759482910.5476248,6,0,-34
1759482910.5856247,0,0,-39
1759482910.6216247,1,0,-35
1759482910.658625,0,-7,-39
1759482910.6976247,-3,-2,-36
1759482910.7356248,0,0,-45
1759482910.7716248,0,4,-43
1759482910.8086247,0,0,-43
1759482910.8476248,3,4,-47
1759482910.885625,4,0,-43
1759482910.921625,0,-2,-42
1759482910.9586248,-3,1,-37
1759482910.9976249,5,1,-37
1759482911.0356247,0,4,-29
1759482911.0716248,0,3,-37
1759482911.1086247,-3,1,-38
1759482911.1476247,2,9,-30
1759482911.1856248,6,8,-43
1759482911.2216249,8,4,-38
1759482911.2586248,0,-3,-23
1759482911.2976248,-2,-7,-28
1759482911.3356247,7,0,-28
1759482911.3716247,1,0,-40
1759482911.408625,-2,-2,-47
1759482911.4476247,-4,2,-43
1759482911.4856248,7,0,-32
1759482911.5216248,1,0,-48
1759482911.559625,9,0,-46
1759482911.5976248,5,5,-36
1759482911.635625,-1,2,-36
1759482911.671625,-4,-4,-40
1759482911.7106247,-1,-3,-36
1759482911.7486248,-4,-4,-39
1759482911.786625,-3,1,-43
1759482911.8246248,6,0,-39
1759482911.8606248,3,1,-32
1759482911.898625,3,1,-32
1759482911.9366248,5,1,-40
1759482911.9726248,5,-2,-35
1759482912.010625,-5,5,-36
1759482912.0486248,-9,4,-37
1759482912.0866249,-7,7,-29
1759482912.125625,-9,2,-42
1759482912.161625,-1,-1,-52
1759482912.2006247,1,-4,-45
1759482912.2386248,2,0,-43
1759482912.276625,-8,1,-32
1759482912.3126247,-2,4,-24
1759482912.3506248,4,9,-21
1759482912.3896248,0,1,-39
1759482912.4266248,3,-1,-39
1759482912.4656248,6,0,-38
1759482912.5016248,5,-5,-37
1759482912.5396247,-4,-5,-37
1759482912.5766249,-1,-2,-31
1759482912.615625,-4,2,-43
1759482912.651625,1,-4,-35
1759482912.6896248,0,3,-43
1759482912.727625,0,0,-46
1759482912.7656248,0,0,-50
1759482912.8016248,3,-3,-37
1759482912.839625,3,-3,-43
1759482912.8776248,0,-3,-38
1759482912.9156249,4,2,-36
1759482912.9516249,3,0,-39
1759482912.9896247,-2,-5,-33
1759482913.0276248,0,-2,-20
1759482913.0656247,0,3,-31
1759482913.1016247,-1,3,-37
1759482913.138625,8,-6,-35
1759482913.1776247,1,-1,-48
1759482913.2156248,8,2,-47
1759482913.2516248,-1,-5,-41
1759482913.2896247,0,-2,-38
1759482913.3286247,-1,0,-32
1759482913.3666248,5,-3,-35
1759482913.4026248,3,-4,-32
1759482913.4406247,6,-2,-31
1759482913.477625,7,5,-45
1759482913.5166247,1,0,-46
1759482913.5526247,-3,1,-38
1759482913.589625,-1,0,-32
1759482913.6276248,0,0,-31
1759482913.6666248,0,-2,-33
1759482913.7026248,5,-1,-33
1759482913.7396247,1,-1,-36
1759482913.7776248,6,1,-32
1759482913.8166249,4,3,-35
1759482913.852625,-4,7,-33
1759482913.8896248,-2,8,-34
1759482913.9276247,7,11,-31
1759482913.9666247,8,3,-30
1759482914.0026248,0,-1,-34
1759482914.0396247,0,0,-35
1759482914.0776248,-4,-8,-37
1759482914.1166248,6,1,-35
1759482914.1526248,0,0,-39
1759482914.1896248,5,0,-30
1759482914.227625,5,1,-31
1759482914.2666247,5,0,-45
1759482914.3026247,2,1,-38
1759482914.339625,-4,0,-48
1759482914.378625,0,2,-38
1759482914.4166248,-1,2,-33
1759482914.4526248,-2,4,-32
1759482914.490625,4,1,-37
1759482914.5296247,0,-5,-37
1759482914.5676248,-3,-3,-44
1759482914.6036248,-1,4,-45
1759482914.6406248,5,5,-36
1759482914.6796248,0,-1,-40
1759482914.717625,1,1,-45
1759482914.753625,1,7,-36
1759482914.7906249,-10,4,-44
1759482914.829625,-2,3,-29
1759482914.8676248,-2,-1,-41
1759482914.9036248,1,-1,-45
1759482914.9416249,-1,4,-49
1759482914.980625,11,0,-40
1759482915.0186248,2,-1,-42
1759482915.056625,-5,-4,-29
1759482915.092625,-1,-4,-38
1759482915.1306248,-6,0,-58
1759482915.1686249,-5,2,-43
1759482915.207625,-8,-3,-38
1759482915.2516248,-7,3,-36
1759482915.2886248,0,3,-35
1759482915.3276248,3,-2,-41
1759482915.3636248,3,0,-40
1759482915.401625,0,1,-37
1759482915.4386249,2,5,-36
1759482915.477625,2,-3,-42
1759482915.513625,2,-6,-41
1759482915.5516248,-1,0,-40
1759482915.5906248,1,-1,-38
1759482915.628625,-5,0,-43
1759482915.6646247,-8,1,-39
1759482915.7036247,0,-5,-42
1759482915.7416248,-2,0,-52
1759482915.7786248,0,4,-41
1759482915.8176248,1,3,-37
1759482915.8546247,0,1,-42
1759482915.8916247,2,-3,-46
1759482915.9306247,3,0,-32
1759482915.9686248,4,0,-48
1759482916.0046248,11,0,-39
1759482916.0416248,0,1,-35
1759482916.0806248,4,4,-30
1759482916.1186247,4,-3,-38
1759482916.1546247,6,-2,-47
1759482916.1916249,-7,-10,-32
1759482916.2296247,-4,0,-34
1759482916.2686248,-6,-3,-34
1759482916.3046248,-5,-5,-44
1759482916.342625,5,-3,-48
1759482916.3806248,4,3,-40
1759482916.4196248,0,3,-46
1759482916.457625,0,0,-28
1759482916.4936247,3,0,-30
1759482916.5306249,-1,-5,-30
1759482916.569625,-5,-1,-32
1759482916.6076248,-3,2,-45
1759482916.6436248,-3,2,-36
1759482916.6826248,2,-2,-36
1759482916.7206247,5,1,-37
1759482916.7586248,2,-2,-34
1759482916.7946248,-2,-3,-43
1759482916.8336248,-6,-7,-35
1759482916.8706248,0,-5,-40
1759482916.9096248,1,-5,-42
1759482916.9476247,-2,-1,-49
1759482916.9836247,-5,-5,-52
1759482917.0226247,5,-3,-41
1759482917.059625,6,-3,-41
1759482917.0986247,-2,-3,-40
1759482917.1346247,0,-2,-38
1759482917.1726248,0,-1,-43
1759482917.2116249,-1,0,-46
1759482917.2496247,6,4,-53
1759482917.2856247,2,-5,-36
1759482917.3246248,-2,1,-33
1759482917.362625,0,0,-43
1759482917.3996248,7,-5,-47
1759482917.4386249,-3,-1,-44
1759482917.4746249,-3,-3,-40
1759482917.5126247,-1,-6,-30
1759482917.5506248,-3,-7,-39
1759482917.589625,-3,-4,-34
1759482917.625625,-3,-6,-50
1759482917.6646247,0,1,-31
1759482917.7026248,5,-2,-39
1759482917.740625,0,0,-41
1759482917.7786248,2,-5,-36
1759482917.8146248,6,-1,-40
1759482917.8536248,0,4,-31
1759482917.8906248,0,4,-41
1759482917.9296248,-3,0,-37
1759482917.9656248,0,2,-39
1759482918.003625,2,3,-27
1759482918.0406249,-1,2,-40
1759482918.079625,5,5,-41
1759482918.115625,3,0,-34
1759482918.1536248,1,6,-41
1759482918.1906247,4,3,-43
1759482918.2296247,-2,3,-38
1759482918.2656248,7,-2,-38
1759482918.3036249,3,-3,-43
1759482918.3406248,2,5,-46
1759482918.3796248,-1,5,-49
1759482918.4156249,-7,6,-45
1759482918.4536247,3,0,-34
1759482918.490625,-6,0,-51
1759482918.5296247,-1,-7,-50
1759482918.5656247,0,-13,-45
1759482918.6036248,1,-7,-56
1759482918.6406248,-1,-8,-34
1759482918.6796248,6,-6,-19
1759482918.7156248,0,-4,-27
1759482918.753625,4,-1,-46
1759482918.7906249,1,6,-46
1759482918.8286247,-4,3,-42
1759482918.8646247,3,-1,-41
1759482918.9036248,0,-2,-40
1759482918.9406247,-3,-1,-28
1759482918.9796247,0,-4,-46
1759482919.0156248,6,-4,-48
1759482919.0526247,5,0,-41
1759482919.0906248,1,0,-40
1759482919.1296248,0,3,-34
1759482919.1656249,0,-2,-40
1759482919.204625,0,-6,-41
1759482919.2416248,-1,6,-48
1759482919.2806249,7,4,-37
1759482919.3166249,1,1,-38
1759482919.3546247,0,-1,-31
1759482919.3936248,5,2,-27
1759482919.431625,-5,-1,-32
1759482919.4696248,-3,3,-41
1759482919.5056248,-3,3,-40
1759482919.5446248,3,-5,-45
1759482919.582625,7,0,-39
1759482919.6206248,8,0,-37
1759482919.6566248,4,-1,-52
1759482919.694625,0,0,-40
1759482919.7326248,0,7,-36
1759482919.7706249,-3,0,-46
1759482919.806625,-7,-3,-46
1759482919.8446248,-5,-7,-46
1759482919.8836248,11,-1,-43
1759482919.921625,0,6,-41
1759482919.9596248,0,5,-33
1759482919.9956248,7,5,-38
1759482920.0326247,4,4,-47
1759482920.0716248,0,-1,-45
1759482920.1096249,0,2,-51
1759482920.1456249,0,0,-43
1759482920.1826248,-6,-3,-35
1759482920.2216249,3,-2,-43
1759482920.2596247,3,-3,-36
1759482920.2956247,2,-6,-38
1759482920.3336248,5,0,-39
1759482920.3716247,2,-1,-45
1759482920.4106247,10,0,-49
1759482920.4466248,0,-2,-46
1759482920.4836247,0,4,-39
1759482920.5226247,-2,0,-46
1759482920.5606248,0,0,-37
1759482920.5966249,0,0,-35
1759482920.635625,0,0,-42
1759482920.6726248,0,-4,-59
1759482920.7116249,1,-1,-46
1759482920.7476249,3,0,-41
1759482920.7846248,0,3,-35
1759482920.8226247,-2,-3,-25
1759482920.8616247,-4,-1,-42
1759482920.8976247,-10,3,-43
1759482920.9356248,-3,4,-29
1759482920.9726248,0,-2,-28
1759482921.0116248,1,-4,-52
1759482921.0476248,2,-4,-41
1759482921.0856247,2,-4,-44
1759482921.1226249,0,-4,-42
1759482921.161625,-1,0,-43
1759482921.1976247,-1,2,-41
1759482921.2356248,0,3,-42
1759482921.273625,2,-4,-37
1759482921.3126247,-4,-2,-34
1759482921.3506248,-3,4,-37
1759482921.3866248,-5,-3,-35
1759482921.4256248,-5,-3,-35
1759482921.4626248,-4,-1,-44
1759482921.5016248,-5,1,-42
1759482921.5376248,-8,6,-36
1759482921.5756247,-3,4,-44
1759482921.6136248,1,0,-32
1759482921.651625,4,0,-44
1759482921.6876247,1,8,-48
1759482921.7256248,-2,-1,-36
1759482921.763625,-2,-1,-37
1759482921.8016248,0,-5,-35
1759482921.8376248,-3,-1,-39
1759482921.8766248,-5,3,-47
1759482921.9136248,-4,2,-45
1759482921.9526248,4,0,-48
1759482921.990625,1,0,-41
1759482922.026625,-4,-3,-52
1759482922.0646248,0,-3,-44
1759482922.102625,14,-5,-39
1759482922.1416247,6,-5,-36
1759482922.1776247,0,-4,-40
1759482922.2156248,2,0,-46
1759482922.2546248,4,-4,-42
1759482922.2926247,0,-4,-40
1759482922.3306248,7,-4,-31
1759482922.3666248,0,3,-36
1759482922.4046247,0,1,-39
1759482922.4426248,6,1,-33
1759482922.4786248,0,-1,-40
1759482922.5176249,-1,0,-35
1759482922.5546248,-4,0,-32
1759482922.5936248,-3,0,-36
1759482922.6316247,-6,0,-47
1759482922.6676247,-2,-1,-33
1759482922.7056248,-2,-2,-32
1759482922.7436247,6,-2,-41
1759482922.7826247,5,-2,-43
1759482922.8186247,1,1,-32
1759482922.8566248,1,0,-37
1759482922.8936248,3,4,-27
1759482922.9326248,2,2,-37
1759482922.9686248,2,-3,-36
1759482923.0066247,3,-1,-36
1759482923.0456247,2,-3,-45
1759482923.0836248,5,1,-35
1759482923.1216247,5,-4,-28
1759482923.1576247,1,-1,-41
1759482923.1966248,4,1,-23
1759482923.2336247,2,2,-28
1759482923.2726247,8,3,-36
1759482923.309625,3,4,-43
1759482923.3466249,3,3,-38
1759482923.3846247,0,-3,-44
1759482923.4236248,-3,1,-39
1759482923.4616249,-10,0,-32
1759482923.4976249,-5,-3,-29
1759482923.5356247,-7,-2,-31
1759482923.5746248,-5,-4,-36
1759482923.612625,-8,0,-34
1759482923.648625,-2,3,-31
1759482923.6866248,0,4,-34
1759482923.7256248,-4,0,-32
1759482923.763625,4,5,-45
1759482923.8016248,1,-2,-39
1759482923.8376248,-2,-5,-39
1759482923.8766248,6,-5,-32
1759482923.9136248,4,-1,-31
1759482923.9526248,4,-4,-33
1759482923.9886248,4,-10,-37
1759482924.0256248,1,-3,-34
1759482924.0636249,1,-3,-40
1759482924.102625,1,-2,-43
1759482924.138625,2,-3,-43
1759482924.1756248,-1,-7,-40
1759482924.2136247,-3,-5,-45
1759482924.2526248,-1,-1,-52
1759482924.2886248,0,-2,-53
1759482924.3266249,-2,-6,-41
1759482924.365625,3,0,-33
1759482924.4036248,3,-3,-32
1759482924.4396248,2,0,-39
1759482924.477625,-1,0,-33
1759482924.5166247,1,-4,-38
1759482924.5536249,4,0,-25
1759482924.592625,0,2,-44
1759482924.628625,0,-4,-41
1759482924.6666248,-5,-5,-42
1759482924.704625,2,-2,-42
1759482924.7426248,11,0,-39
1759482924.7786248,2,0,-41
1759482924.8166249,0,-5,-40
1759482924.8546247,0,0,-51
1759482924.8926249,4,0,-46
1759482924.9286249,0,-3,-46
1759482924.9666247,0,0,-56
1759482925.0046248,1,2,-37
1759482925.0426247,0,4,-38
1759482925.0786247,0,1,-31
1759482925.1166248,-2,0,-35
1759482925.1546247,3,-1,-39
1759482925.1926248,1,0,-37
1759482925.2286248,-5,4,-42
1759482925.2746248,0,0,-47
1759482925.3126247,0,0,-38
1759482925.3496249,0,-1,-31
1759482925.3866248,-6,0,-38
1759482925.4256248,-6,2,-41
1759482925.4636247,-9,-1,-35
1759482925.4996247,-5,0,-33
1759482925.536625,-1,1,-38
1759482925.5746248,-6,2,-40
1759482925.6136248,2,-2,-40
1759482925.6496248,9,0,-37
1759482925.6866248,8,0,-43
1759482925.7256248,-1,2,-17
1759482925.763625,-2,0,-39
1759482925.7996247,-1,0,-41
1759482925.8376248,-1,0,-54
1759482925.875625,-5,-1,-49
1759482925.9146247,-9,-1,-48
1759482925.9506247,-1,-4,-44
1759482925.9886248,5,0,-42
1759482926.026625,0,-5,-38
1759482926.0646248,2,4,-38
1759482926.1036248,-2,0,-47
1759482926.1396248,0,1,-45
1759482926.1766248,-1,0,-47
1759482926.2156248,-2,-3,-48
1759482926.253625,2,0,-35
1759482926.2896247,6,-4,-43
1759482926.3266249,0,2,-39
1759482926.365625,-6,3,-38
1759482926.4036248,-8,-1,-39
1759482926.4396248,-4,1,-44
1759482926.4786248,-4,0,-39
1759482926.5156248,-6,-6,-42
1759482926.5546248,-15,-3,-48
1759482926.5906248,-3,-6,-41
1759482926.628625,-5,1,-36
1759482926.6666248,1,0,-39
1759482926.7056248,1,0,-37
1759482926.7436247,-3,-3,-39
1759482926.7796247,9,-5,-33
1759482926.8176248,4,-7,-39
1759482926.855625,3,-4,-30
1759482926.8946247,-2,-2,-34
1759482926.9306247,4,-4,-32
1759482926.967625,3,-3,-36
1759482927.0056248,-4,0,-32
1759482927.0446248,-1,-2,-31
1759482927.0806248,5,-8,-26
1759482927.1186247,6,-7,-45
1759482927.1576247,7,-2,-41
1759482927.1956248,-4,0,-37
1759482927.2336247,-8,-2,-32
1759482927.2696247,-3,-7,-29
1759482927.3086247,-1,-4,-40
1759482927.3456247,-7,-3,-38
1759482927.3846247,0,1,-33
1759482927.4206247,1,3,-38
1759482927.4586248,-1,2,-39
1759482927.4956248,0,-6,-50
1759482927.5346248,1,2,-41
1759482927.5706248,1,5,-39
1759482927.6076248,1,1,-39
1759482927.6456249,0,3,-45
1759482927.684625,0,1,-41
1759482927.7206247,-11,-5,-45
1759482927.7586248,-2,-3,-38
1759482927.796625,-10,0,-37
1759482927.8356247,-2,-2,-37
1759482927.8716247,0,2,-49
1759482927.9106247,2,1,-39
1759482927.9486248,3,-8,-38
1759482927.9856248,12,-5,-49
1759482928.0246248,3,-3,-61
1759482928.0606248,0,0,-41
1759482928.0986247,3,2,-37
1759482928.135625,-4,6,-51
1759482928.1746247,0,0,-33
1759482928.2106247,-2,-2,-32
1759482928.2486248,5,0,-27
1759482928.286625,3,5,-21
1759482928.3256247,-5,2,-38
1759482928.3616247,0,-6,-42
1759482928.398625,-1,-2,-40
1759482928.4366248,2,-3,-44
1759482928.4756248,-2,-3,-36
1759482928.5116248,-7,-6,-42
1759482928.5506248,-3,0,-49
1759482928.5886247,-9,-1,-45
1759482928.6266248,-10,0,-44
1759482928.6646247,-3,0,-34
1759482928.7006247,0,-2,-39
1759482928.7386248,0,-6,-27
1759482928.7776248,4,0,-18
1759482928.8156247,-5,0,-40
1759482928.8516247,-2,1,-41
1759482928.888625,0,-3,-48
1759482928.9276247,-5,-6,-41
1759482928.9656248,-8,-4,-39
1759482929.0016248,-6,-4,-44
1759482929.0406249,3,-5,-44
1759482929.0776248,0,-1,-39
1759482929.1166248,-4,-1,-37
1759482929.1546247,4,-2,-38
1759482929.1906247,-1,0,-43
1759482929.227625,9,-3,-43
1759482929.2666247,1,-1,-36
1759482929.3026247,-2,-3,-34
1759482929.3406248,0,0,-43
1759482929.3796248,0,-1,-41
1759482929.4176247,-4,2,-35
1759482929.4556248,-1,-1,-38
1759482929.4926248,-2,2,-43
1759482929.5296247,8,-4,-36
1759482929.5676248,3,-8,-35
1759482929.6066248,-10,0,-27
1759482929.6426249,-3,-3,-37
1759482929.6806247,6,0,-36
1759482929.7196248,5,0,-39
1759482929.7566247,4,4,-27
1759482929.7956247,5,-3,-39
1759482929.8316247,0,-6,-43
1759482929.8686247,1,2,-44
1759482929.9076247,0,7,-39
1759482929.9456248,-8,0,-31
1759482929.9816248,-12,-4,-39
1759482930.0196247,0,-1,-29
1759482930.0576248,5,3,-37
1759482930.0966249,9,-1,-37
1759482930.1326249,6,-1,-31
1759482930.171625,3,4,-47
1759482930.2096248,1,0,-31
1759482930.2476249,1,-1,-40
1759482930.2856247,6,-4,-39
1759482930.3216248,10,0,-38
1759482930.3586247,5,-5,-31
1759482930.3976247,-1,4,-28
1759482930.4356248,-1,1,-35
1759482930.4716249,7,-2,-42
1759482930.5096247,0,1,-45
1759482930.5476248,-4,2,-44
1759482930.5866249,3,0,-38
1759482930.6226249,7,-1,-27
1759482930.6606247,-4,-1,-34
1759482930.6996248,4,3,-25
1759482930.737625,9,0,-26
1759482930.7756248,3,2,-29
1759482930.8116248,-2,0,-28
1759482930.8506248,3,-1,-36
1759482930.8876247,1,0,-42
1759482930.9266248,0,-3,-32
1759482930.9636247,0,0,-45
1759482931.000625,-5,2,-40
1759482931.0396247,-10,4,-28
1759482931.0776248,-6,5,-40
1759482931.1136248,1,0,-39
1759482931.151625,10,-2,-42
1759482931.1896248,9,0,-40
1759482931.227625,11,0,-34
1759482931.263625,9,-3,-37
1759482931.3016248,2,-1,-34
1759482931.339625,0,0,-34
1759482931.378625,-6,0,-34
1759482931.4166248,-1,2,-40
1759482931.4526248,-6,2,-34
1759482931.490625,-1,-6,-28
1759482931.5286248,0,-5,-29
1759482931.5676248,3,0,-40
1759482931.6036248,6,2,-36
1759482931.6406248,0,-1,-30
1759482931.6796248,-7,0,-36
1759482931.717625,-7,-4,-36
1759482931.753625,-11,2,-41
1759482931.7926247,2,1,-37
1759482931.8306248,2,0,-55
1759482931.8686247,3,5,-51
1759482931.9066248,-1,5,-35
1759482931.9426248,1,-4,-36
1759482931.9816248,0,-5,-41
1759482932.0186248,7,-3,-39
1759482932.0576248,0,0,-52
1759482932.0936248,2,0,-49
1759482932.1316247,-5,1,-48
1759482932.1706247,-6,-2,-30
1759482932.2086248,5,0,-35
1759482932.2466247,0,0,-42
1759482932.2826247,-1,0,-39
1759482932.3206248,-1,-2,-37
1759482932.3586247,0,4,-49
1759482932.3966248,4,1,-49
1759482932.4326248,6,1,-36
1759482932.4706247,3,-2,-41
1759482932.5086248,-2,-3,-36
1759482932.546625,3,-5,-47
1759482932.582625,4,-6,-45
1759482932.6206248,0,-1,-38
1759482932.658625,-1,0,-38
1759482932.6966248,0,1,-40
1759482932.7326248,-1,6,-41
1759482932.7706249,-3,1,-34
1759482932.8086247,1,0,-41
1759482932.8476248,4,-1,-37
1759482932.8836248,6,-3,-41
1759482932.9206247,-3,0,-44
1759482932.9586248,-3,-1,-46
1759482932.9976249,-3,-2,-49
1759482933.033625,3,-1,-45
1759482933.0716248,0,5,-39
1759482933.1086247,0,1,-33
1759482933.1476247,-3,1,-34
1759482933.1836247,0,-6,-42
1759482933.2216249,-8,-8,-37
1759482933.2586248,2,-1,-38
1759482933.2976248,-4,-5,-40
1759482933.3336248,-1,0,-38
1759482933.3716247,0,1,-38
1759482933.4096248,4,0,-50
1759482933.4476247,-7,4,-41
1759482933.4836247,0,4,-38
1759482933.5216248,1,-5,-51
1759482933.559625,-3,-5,-32
1759482933.5976248,-5,-2,-39
1759482933.6336248,2,0,-45
1759482933.671625,0,3,-43
1759482933.7096248,1,4,-35
1759482933.7476249,3,-1,-40
1759482933.783625,7,0,-39
1759482933.8216248,4,1,-35
1759482933.8596249,0,8,-41
1759482933.8976247,0,7,-36
1759482933.9336247,0,6,-43
1759482933.9716249,1,5,-50
1759482934.0096247,0,-3,-41
1759482934.0476248,3,7,-41
1759482934.0836248,8,2,-44
1759482934.1216247,4,3,-38
1759482934.1596248,2,0,-36
1759482934.1976247,3,0,-39
1759482934.2336247,2,3,-37
1759482934.2716248,-2,-1,-40
1759482934.309625,-5,-8,-37
1759482934.3476248,2,4,-38
1759482934.3836248,9,6,-26
1759482934.421625,6,7,-34
1759482934.4596248,4,1,-44
1759482934.4976249,5,0,-39
1759482934.533625,1,-3,-43
1759482934.5716248,2,-1,-39
1759482934.6096249,-3,6,-35
1759482934.648625,0,1,-35
1759482934.684625,2,4,-33
1759482934.7216249,5,4,-35
1759482934.760625,3,10,-48
1759482934.7986248,2,5,-41
1759482934.8346248,3,2,-44
1759482934.8726249,1,0,-38
1759482934.911625,2,-5,-43
1759482934.9496248,1,-4,-47
1759482934.9856248,4,-5,-41
1759482935.0246248,0,1,-42
1759482935.0616248,-6,6,-39
1759482935.0996249,-3,3,-29
1759482935.138625,3,6,-42
1759482935.1746247,-1,0,-49
1759482935.2126248,4,-6,-44
1759482935.250625,6,-5,-41
1759482935.2946248,4,-1,-36
1759482935.332625,0,-2,-54
1759482935.3706248,-1,4,-47
1759482935.408625,0,0,-36
1759482935.444625,-3,4,-32
1759482935.4826248,-3,-2,-37
1759482935.5206249,-8,-7,-46
1759482935.559625,-3,-3,-43
1759482935.5956247,1,-2,-42
1759482935.6326249,-4,0,-50
1759482935.671625,0,-6,-39
1759482935.7096248,-8,-6,-50
1759482935.7456248,-4,0,-53
1759482935.7826247,-5,2,-35
1759482935.8206248,-4,0,-52
1759482935.8596249,-4,-1,-37
1759482935.8956249,-2,0,-32
1759482935.9336247,5,-9,-40
1759482935.9716249,2,1,-41
1759482936.010625,1,-7,-48
1759482936.0486248,-3,-2,-36
1759482936.0846248,0,4,-41
1759482936.1236248,0,2,-32
1759482936.161625,1,-1,-37
1759482936.1996248,-5,1,-46
1759482936.2356248,0,-1,-45
1759482936.2746248,0,-3,-41
1759482936.3116248,7,6,-32
1759482936.3506248,-3,1,-33
1759482936.3866248,1,1,-37
1759482936.4246247,3,9,-37
1759482936.4626248,0,0,-33
1759482936.500625,0,8,-31
1759482936.536625,1,-2,-48
1759482936.5756247,-2,2,-44
1759482936.612625,3,0,-44
1759482936.6506248,3,-3,-39
1759482936.6896248,0,-11,-37
1759482936.7256248,2,-10,-35
1759482936.763625,-1,-11,-40
1759482936.8026247,-3,-2,-28
1759482936.8406248,6,-2,-20
1759482936.8766248,4,0,-31
1759482936.9136248,-7,-4,-28
1759482936.9516249,-7,-3,-30
1759482936.990625,-9,-8,-37
1759482937.026625,-11,-5,-38
1759482937.0646248,3,1,-36
1759482937.1036248,-1,2,-48
1759482937.1416247,3,4,-46
1759482937.1796248,0,3,-37
1759482937.2156248,3,4,-35
1759482937.253625,0,0,-35
1759482937.2916248,-9,-4,-28
1759482937.329625,-5,-4,-23
1759482937.365625,-1,-3,-30
1759482937.4046247,1,0,-44
1759482937.4416249,-6,-1,-49
1759482937.480625,0,0,-54
1759482937.5166247,1,-1,-48
1759482937.5546248,0,2,-47
1759482937.592625,0,0,-42
1759482937.6316247,-3,4,-45
1759482937.6696248,2,0,-46
1759482937.7056248,0,-4,-34
1759482937.7446249,0,-5,-44
1759482937.7816248,0,-5,-36
1759482937.8206248,1,-4,-24
1759482937.8566248,0,1,-13
1759482937.8946247,0,3,-36
1759482937.931625,-4,-5,-38
1759482937.9706247,3,3,-40
1759482938.0066247,2,4,-26
1759482938.0446248,-7,-1,-37
1759482938.0816247,-2,-5,-30
1759482938.1206248,-4,-2,-34
1759482938.1566248,-7,0,-46
1759482938.194625,-1,-2,-55
1759482938.2316248,0,-2,-44
1759482938.2706249,4,-4,-49
1759482938.306625,2,-3,-51
1759482938.3446248,-3,0,-48
1759482938.3816247,0,-1,-45
1759482938.4206247,-2,-2,-35
1759482938.4566247,3,-4,-25
1759482938.4946249,4,4,-34
1759482938.5316248,0,0,-25
1759482938.5706248,0,3,-30
1759482938.6066248,0,7,-41
1759482938.6446247,-5,-3,-55
1759482938.681625,-5,-3,-45
1759482938.7206247,2,-4,-43
1759482938.7566247,5,0,-43
1759482938.7936249,4,4,-48
1759482938.832625,2,-4,-36
1759482938.8706248,1,-8,-36
1759482938.9066248,0,0,-43
1759482938.9436247,-1,0,-42
1759482938.9826248,0,-6,-44
1759482939.0206249,-1,0,-46
1759482939.056625,-1,0,-48
1759482939.0936248,-7,0,-41
1759482939.1326249,-4,2,-38
1759482939.1706247,2,4,-52
1759482939.2066247,8,2,-41
1759482939.2446249,5,-1,-47
1759482939.2826247,7,0,-31
1759482939.3206248,3,-2,-37
1759482939.3566248,3,1,-54
1759482939.3936248,1,0,-42
1759482939.4326248,0,0,-47
1759482939.4706247,5,6,-37
1759482939.5066247,7,3,-39
1759482939.5446248,0,5,-42
1759482939.582625,0,2,-42
1759482939.6206248,2,5,-30
1759482939.6566248,0,-2,-31
1759482939.694625,-1,1,-38
1759482939.7326248,-8,0,-39
1759482939.7686248,-5,0,-41
1759482939.806625,-5,9,-50
1759482939.8446248,-3,2,-47
1759482939.8826249,5,0,-42
1759482939.921625,3,2,-34
1759482939.957625,0,5,-37
1759482939.9966247,0,0,-35
1759482940.0346248,1,-1,-34
1759482940.0726247,-3,-6,-35
1759482940.1086247,-3,0,-32
1759482940.1466248,1,2,-33
1759482940.184625,2,0,-38
1759482940.2226248,0,2,-44
1759482940.2586248,0,-1,-32
1759482940.2976248,0,3,-34
1759482940.3356247,0,2,-36
1759482940.3726249,0,-2,-30
1759482940.411625,-3,1,-30
1759482940.4476247,-4,0,-31
1759482940.4856248,0,-2,-36
1759482940.523625,-3,3,-35
1759482940.5616248,0,-2,-41
1759482940.5976248,0,0,-40
1759482940.635625,-1,1,-44
1759482940.6736248,0,-1,-42
1759482940.7116249,-7,-8,-40
1759482940.7476249,0,-2,-44
1759482940.7856247,0,0,-46
1759482940.8236248,0,1,-35
1759482940.8616247,-1,0,-34
1759482940.8976247,0,5,-33
1759482940.9356248,-4,4,-43
1759482940.9736247,1,1,-36
1759482941.0116248,-3,0,-37
1759482941.0476248,-3,-2,-51
1759482941.0866249,6,-3,-47
1759482941.1236248,1,-5,-46
1759482941.1626248,1,4,-26
1759482941.1986248,1,3,-37
1759482941.2366247,-1,4,-52
1759482941.273625,0,0,-35
1759482941.3126247,0,0,-40
1759482941.3486247,0,-5,-46
1759482941.3866248,-1,-7,-40
1759482941.4236248,-6,3,-46
1759482941.4626248,-3,6,-38
1759482941.4986248,0,-1,-31
1759482941.5356247,-6,-2,-27
1759482941.5736248,-2,0,-43
1759482941.612625,5,-5,-38
1759482941.648625,3,-6,-25
1759482941.6866248,4,-5,-45
1759482941.7236247,-5,-1,-45
1759482941.7626247,0,-7,-33
1759482941.7986248,-2,-4,-31
1759482941.8366249,4,0,-36
1759482941.8746247,-1,1,-39
1759482941.9136248,2,-2,-59
1759482941.9506247,0,0,-52
1759482941.9886248,1,1,-46
1759482942.026625,-1,3,-36
1759482942.0636249,-5,1,-40
1759482942.102625,-3,6,-44
1759482942.138625,0,3,-45
1759482942.1766248,-1,2,-26
1759482942.214625,-2,4,-45
1759482942.2526248,3,0,-33
1759482942.2886248,-4,0,-37
1759482942.3256247,0,0,-46
1759482942.3646247,0,0,-42
1759482942.4026248,3,0,-43
1759482942.4386249,3,1,-33
1759482942.4766247,6,-3,-40
1759482942.5146248,2,0,-47
1759482942.5526247,-2,0,-49
1759482942.5886247,0,0,-39
1759482942.625625,0,0,-31
1759482942.6646247,0,2,-40
1759482942.7026248,4,0,-51
1759482942.7386248,2,-4,-41
1759482942.776625,-1,-6,-34
1759482942.8146248,1,0,-35
1759482942.8536248,2,9,-34
1759482942.8896248,1,7,-43
1759482942.9276247,-4,6,-39
1759482942.964625,11,3,-46
1759482943.003625,7,4,-42
1759482943.0396247,8,1,-45
1759482943.0766249,-2,1,-36
1759482943.1146247,6,0,-41
1759482943.1536248,-4,0,-42
1759482943.1896248,-10,-1,-41
1759482943.2286248,0,0,-34
1759482943.2656248,0,8,-43
1759482943.3046248,1,0,-45
1759482943.3416247,0,0,-30
1759482943.3796248,-6,2,-29
1759482943.4166248,-3,-3,-32
1759482943.4556248,0,-6,-29
1759482943.4936247,1,-3,-36
1759482943.5296247,0,-2,-29
1759482943.5666249,-10,-4,-27
1759482943.605625,0,2,-40
1759482943.6446247,-3,0,-33
1759482943.6806247,-5,4,-32
1759482943.7186248,-4,4,-41
1759482943.7556248,-5,0,-31
1759482943.7946248,-3,-2,-30
1759482943.8306248,2,-7,-48
1759482943.8686247,1,-10,-41
1759482943.9066248,2,1,-34
1759482943.9456248,-1,-4,-38
1759482943.9836247,5,-6,-49
1759482944.0206249,-2,-2,-46
1759482944.0586247,2,-7,-37
1759482944.0966249,2,-6,-42
1759482944.1346247,2,0,-35
1759482944.1706247,4,1,-34
1759482944.207625,6,2,-27
1759482944.2466247,0,3,-31
1759482944.2846248,-5,-4,-39
1759482944.3206248,-2,-9,-39
1759482944.3596249,1,0,-43
1759482944.3966248,0,0,-38
1759482944.4356248,-1,-2,-45
1759482944.4736247,0,-3,-32
1759482944.5096247,1,0,-32
1759482944.546625,0,4,-43
1759482944.5856247,1,0,-38
1759482944.6236248,2,-4,-44
1759482944.6596248,2,1,-42
1759482944.6966248,-1,3,-54
1759482944.7356248,-3,4,-43
1759482944.773625,-5,2,-38
1759482944.809625,-7,-5,-28
1759482944.8476248,-2,-3,-27
1759482944.8866248,4,2,-28
1759482944.9246247,6,1,-34
1759482944.9606247,4,-1,-31
1759482944.9986248,-1,4,-39
1759482945.036625,-1,2,-44
1759482945.0756247,2,4,-47
1759482945.1116247,5,7,-42
1759482945.1496248,1,2,-44
1759482945.1866248,-5,0,-32
1759482945.2256248,-1,0,-44
1759482945.2616248,0,-1,-46
1759482945.3126247,-1,3,-27
1759482945.3496249,-1,0,-39
1759482945.3866248,-5,4,-35
1759482945.4256248,0,6,-34
1759482945.4616249,0,2,-26
1759482945.4996247,-1,-5,-34
1759482945.536625,-5,6,-47
1759482945.5756247,1,-1,-49
1759482945.612625,1,-1,-36
1759482945.6506248,-9,-4,-33
1759482945.6886249,-7,-3,-47
1759482945.7266247,0,-3,-50
1759482945.7646248,3,0,-34
1759482945.8006248,4,-1,-31
1759482945.8386247,4,-1,-35
1759482945.8776248,1,0,-36
1759482945.9156249,-1,0,-41
1759482945.9516249,-1,0,-37
1759482945.9886248,-4,6,-39
1759482946.0276248,3,-3,-44
1759482946.0656247,9,6,-45
1759482946.1016247,3,4,-40
1759482946.138625,-2,0,-50
1759482946.1766248,-8,-2,-49
1759482946.2156248,-6,-2,-48
1759482946.2516248,-2,6,-37
1759482946.2886248,9,2,-33
1759482946.3266249,2,-4,-33
1759482946.365625,0,-3,-38
1759482946.401625,0,-3,-41
1759482946.4386249,0,-4,-34
1759482946.4766247,0,0,-39
1759482946.5156248,-5,1,-29
1759482946.5516248,-3,2,-33
1759482946.5886247,-5,-1,-48
1759482946.6266248,-1,-5,-36
1759482946.6656249,-2,-3,-26
1759482946.7016249,0,-1,-31
1759482946.740625,0,-5,-29
1759482946.7776248,-1,-6,-33
1759482946.8166249,-6,-2,-35
1759482946.852625,0,0,-31
1759482946.8896248,-1,-3,-41
1759482946.9276247,-3,1,-47
1759482946.9666247,-6,2,-50
1759482947.003625,-6,0,-44
1759482947.0416248,-3,0,-37
1759482947.0786247,0,2,-46
1759482947.1176248,0,5,-46
1759482947.1556249,-4,3,-43
1759482947.1916249,3,0,-42
1759482947.2296247,1,0,-39
1759482947.2676249,-6,0,-37
1759482947.3056247,-6,0,-51
1759482947.3416247,7,-4,-54
1759482947.3796248,0,0,-40
1759482947.4176247,-2,0,-38
1759482947.4566247,3,4,-37
1759482947.4926248,1,4,-31
1759482947.5306249,-1,0,-32
1759482947.5676248,4,-2,-34
1759482947.6066248,1,0,-39
1759482947.6426249,-2,2,-40
1759482947.6796248,0,2,-40
1759482947.717625,0,1,-44
1759482947.7566247,2,1,-49
1759482947.7926247,-2,0,-50
1759482947.829625,3,5,-48
1759482947.8686247,6,-7,-44
1759482947.9066248,1,2,-35
1759482947.9426248,5,-5,-33
1759482947.980625,2,0,-28
1759482948.0186248,1,-2,-31
1759482948.0576248,2,-2,-35
1759482948.0956247,-2,0,-39
1759482948.1316247,-2,-3,-38
1759482948.1696248,0,0,-46
1759482948.2086248,3,8,-40
1759482948.2466247,-2,-2,-39
1759482948.2826247,0,-6,-33
1759482948.319625,7,-5,-44
1759482948.3586247,6,-8,-34
1759482948.3966248,0,-2,-37
1759482948.4326248,-2,1,-40
1759482948.4696248,6,-3,-34
1759482948.5086248,11,-5,-38
1759482948.546625,8,0,-46
1759482948.582625,7,4,-48
1759482948.6206248,4,1,-44
1759482948.658625,-4,-1,-47
1759482948.6966248,-8,-6,-44
1759482948.7326248,0,-3,-51
1759482948.7706249,3,0,-46
1759482948.8086247,-2,-3,-37
1759482948.8476248,3,0,-42
1759482948.8836248,0,-3,-49
1759482948.921625,0,3,-39
1759482948.9596248,-8,0,-31
1759482948.9976249,-7,2,-34
1759482949.036625,-5,-2,-30
1759482949.0726247,-6,0,-19
1759482949.1106248,1,-2,-30
1759482949.148625,3,0,-27
1759482949.1876247,1,2,-33
1759482949.2236247,-2,2,-41
1759482949.260625,-7,0,-33
1759482949.2996247,-3,7,-42
1759482949.3376248,-4,6,-48
1759482949.3746247,-1,-2,-39
1759482949.411625,4,-8,-29
1759482949.4506247,0,-7,-36
1759482949.4886248,-4,-5,-30
1759482949.526625,-1,-4,-45
1759482949.5626247,-3,2,-38
1759482949.6006248,-2,-8,-36
1759482949.638625,1,-7,-30
1759482949.6776247,0,-7,-36
1759482949.7136247,-2,-3,-28
1759482949.7526248,-2,-5,-37
1759482949.7906249,-2,-2,-43
1759482949.8286247,2,-5,-34
1759482949.8666248,6,-3,-37
1759482949.9026248,5,0,-36
1759482949.9406247,0,-4,-29
1759482949.9786248,-5,-4,-30
1759482950.0166247,5,-2,-28
1759482950.0526247,-1,0,-35
1759482950.0916247,3,-5,-32
1759482950.128625,3,-6,-45
1759482950.1676247,-2,1,-39
1759482950.2036247,-5,1,-35
1759482950.2416248,3,-2,-33
1759482950.2786248,0,-5,-36
1759482950.3176248,-1,-1,-37
1759482950.3536248,1,-2,-46
1759482950.3916247,2,-3,-45
1759482950.4286249,-5,-1,-41
1759482950.467625,-2,2,-35
1759482950.503625,3,-1,-44
1759482950.5416248,3,0,-30
1759482950.5786247,3,0,-41
1759482950.6176248,3,-6,-41
1759482950.6536248,-1,-6,-40
1759482950.6916249,3,-7,-51
1759482950.7296247,6,0,-35
1759482950.7686248,-1,0,-40
1759482950.8046248,-4,1,-36
1759482950.8416247,-8,0,-50
1759482950.8796248,-4,2,-39
1759482950.9186249,-1,5,-38
1759482950.954625,0,-1,-39
1759482950.9916248,5,0,-35
1759482951.0296247,5,-4,-33
1759482951.0686247,-1,3,-27
1759482951.1046247,6,2,-35
1759482951.1416247,-2,-2,-43
1759482951.1796248,3,-2,-42
1759482951.2186248,4,-7,-37
1759482951.2546248,5,-6,-34
1759482951.2916248,3,5,-29
1759482951.329625,4,2,-39
1759482951.3686247,3,-1,-44
1759482951.4046247,-4,-1,-38
1759482951.4426248,0,-2,-32
1759482951.480625,-3,-3,-37
1759482951.5196247,4,-2,-35
1759482951.5576248,-5,0,-34
1759482951.5936248,-1,5,-51
1759482951.6306248,-4,4,-47
1759482951.6696248,-6,0,-44
1759482951.707625,-1,1,-37
1759482951.7436247,0,-6,-40
1759482951.7806249,-5,0,-46
1759482951.819625,-3,1,-33
1759482951.8576248,6,0,-34
1759482951.8936248,5,-4,-31
1759482951.9306247,-6,4,-35
1759482951.9696248,-3,4,-31
1759482952.0056248,5,-6,-33
1759482952.0446248,7,3,-52
1759482952.0816247,2,0,-49
1759482952.1206248,5,-3,-48
1759482952.158625,-1,-2,-43
1759482952.194625,-6,4,-38
1759482952.2336247,-3,-1,-45
1759482952.2706249,7,1,-41
1759482952.309625,9,0,-34
1759482952.3456247,7,-5,-38
1759482952.3836248,3,0,-50
1759482952.421625,0,0,-43
1759482952.4606247,-5,-1,-44
1759482952.4986248,-4,-3,-41
1759482952.5346248,1,-2,-40
1759482952.5726247,1,-5,-48
1759482952.6116247,-1,0,-46
1759482952.6496248,-4,1,-52
1759482952.6856248,0,0,-52
1759482952.7226248,2,-2,-52
1759482952.7616248,5,3,-46
1759482952.7996247,-1,-5,-35
1759482952.8356247,7,-2,-38
1759482952.8726249,2,0,-36
1759482952.911625,4,1,-38
1759482952.9496248,-3,3,-49
1759482952.9856248,2,0,-42
1759482953.023625,0,-4,-41
1759482953.0616248,2,1,-31
1759482953.0996249,-2,-4,-41
1759482953.135625,-2,-4,-34
1759482953.1736248,0,-3,-34
1759482953.2116249,2,-7,-35
1759482953.250625,-1,1,-24
1759482953.2886248,4,1,-30
1759482953.3246248,-3,-3,-25
1759482953.362625,5,-10,-35
1759482953.401625,-3,3,-42
1759482953.4396248,-3,-2,-38
1759482953.4756248,-6,-8,-44
1759482953.513625,0,-7,-47
1759482953.5516248,-2,-4,-51
1759482953.5906248,-6,5,-48
1759482953.628625,-6,1,-44
1759482953.6646247,-2,3,-43
1759482953.7016249,4,8,-31
1759482953.740625,0,0,-29
1759482953.776625,2,0,-35
1759482953.8146248,2,-2,-38
1759482953.8536248,1,-5,-42
1759482953.8906248,2,-1,-40
1759482953.9296248,7,-4,-44
1759482953.9656248,4,-5,-47
1759482954.003625,4,0,-38
1759482954.0416248,0,-1,-40
1759482954.0806248,-8,-1,-30
1759482954.1166248,1,-1,-47
1759482954.1536248,0,0,-37
1759482954.1926248,2,-2,-43
1759482954.230625,1,-5,-37
1759482954.2666247,2,2,-38
1759482954.3036249,0,1,-37
1759482954.3416247,7,3,-29
1759482954.3806248,4,2,-30
1759482954.4166248,-6,-3,-37
1759482954.454625,-12,4,-33
1759482954.4936247,-4,0,-46
1759482954.5316248,1,4,-43
1759482954.569625,0,4,-47
1759482954.605625,0,0,-29
1759482954.6426249,1,-1,-45
1759482954.681625,-1,-9,-50
1759482954.7196248,-6,0,-42
1759482954.7556248,4,3,-49
1759482954.7936249,-8,0,-43
1759482954.8316247,-2,-1,-47
1759482954.8696249,-7,-5,-46
1759482954.9056249,-1,-4,-51
1759482954.944625,3,2,-40
1759482954.9826248,1,-5,-31
1759482955.0206249,-5,0,-45
1759482955.056625,-7,2,-50
1759482955.0936248,-8,3,-49
1759482955.1326249,0,2,-37
1759482955.1706247,-3,-3,-39
1759482955.2066247,-2,-3,-46
1759482955.2446249,-2,5,-48
1759482955.2826247,-4,0,-39
1759482955.3276248,7,-5,-37
1759482955.365625,1,0,-36
1759482955.4036248,1,0,-43
1759482955.4416249,-4,-5,-44
1759482955.477625,-6,-6,-42
1759482955.5156248,-7,0,-35
1759482955.5526247,-5,-1,-38
1759482955.5916247,0,5,-41
1759482955.6276248,-1,0,-45
1759482955.6656249,2,0,-39
1759482955.7036247,2,3,-55
1759482955.7426248,-6,-1,-47
1759482955.7806249,0,0,-42
1759482955.8166249,-1,-1,-42
1759482955.855625,-6,0,-46
1759482955.8936248,0,4,-48
1759482955.931625,3,0,-50
1759482955.967625,3,-2,-43
1759482956.0066247,-1,-5,-42
1759482956.0436249,-5,2,-41
1759482956.082625,-2,-1,-40
1759482956.1206248,-7,3,-28
1759482956.1566248,0,0,-33
1759482956.1936247,0,0,-39
1759482956.2326248,0,0,-48
1759482956.2706249,-2,-3,-42
1759482956.306625,-4,3,-48
1759482956.3436248,-4,1,-45
1759482956.3826249,0,2,-41
1759482956.4206247,-4,0,-31
1759482956.4566247,-1,-8,-40
1759482956.4946249,1,1,-36
1759482956.5326247,-2,-3,-40
1759482956.5716248,1,1,-41
1759482956.6076248,0,4,-44
1759482956.6456249,0,0,-38
1759482956.6826248,0,-3,-41
1759482956.7216249,2,0,-43
1759482956.7576249,3,2,-36
1759482956.7946248,0,0,-39
1759482956.832625,0,-1,-33
1759482956.8716247,-1,2,-37
1759482956.9076247,-2,-1,-48
1759482956.9456248,4,3,-44
1759482956.9846249,1,0,-33
1759482957.0226247,-7,-6,-30
1759482957.0606248,1,-8,-35
1759482957.0966249,3,-2,-23
1759482957.135625,-1,-7,-37
1759482957.1726248,1,-4,-38
1759482957.2116249,4,-4,-33
1759482957.2486248,5,2,-35
1759482957.2856247,0,6,-28
1759482957.3236248,0,-1,-30
1759482957.362625,-2,-2,-35
1759482957.398625,-4,-1,-25
1759482957.4366248,-8,0,-28
1759482957.4746249,-5,-6,-30
1759482957.513625,-5,3,-28
1759482957.5516248,6,-2,-49
1759482957.5876248,2,-5,-47
1759482957.6246247,-5,3,-45
1759482957.6636248,5,0,-46
1759482957.7016249,0,1,-48
1759482957.737625,4,3,-50
1759482957.7756248,-1,0,-36
1759482957.8136249,-4,0,-39
1759482957.8516247,-4,-2,-48
1759482957.8876247,-9,-3,-35
1759482957.9256248,-3,-2,-38
1759482957.964625,0,3,-35
1759482958.0026248,8,-2,-36
1759482958.0396247,6,-6,-44
1759482958.0776248,0,-7,-51
1759482958.1146247,6,1,-45
1759482958.1536248,0,1,-36
1759482958.1916249,0,-1,-40
1759482958.227625,6,0,-38
1759482958.2646248,-4,11,-32
1759482958.3036249,-2,0,-44
1759482958.3416247,-4,-2,-38
1759482958.3776248,-5,-2,-38
1759482958.4156249,-3,2,-39
1759482958.454625,-3,-8,-42
1759482958.4926248,-3,-3,-46
1759482958.5286248,-4,-1,-38
1759482958.5666249,-3,2,-28
1759482958.605625,-2,5,-36
1759482958.6436248,-4,4,-18
1759482958.681625,-8,-4,-43
1759482958.717625,-4,-1,-38
1759482958.7566247,6,-1,-35
1759482958.7936249,-1,3,-30
1759482958.832625,0,0,-38
1759482958.8686247,-9,-1,-26
1759482958.9076247,-3,-6,-29
1759482958.944625,7,0,-32
1759482958.9836247,5,-2,-32
1759482959.0196247,6,0,-45
1759482959.0586247,6,-2,-46
1759482959.0956247,0,-2,-35
1759482959.1346247,2,0,-35
1759482959.1726248,2,-1,-31
1759482959.2086248,3,-3,-33
1759482959.2476249,2,-2,-34
1759482959.2846248,2,-2,-44
1759482959.3236248,1,2,-40
1759482959.3596249,-2,1,-41
1759482959.3976247,-5,1,-49
1759482959.434625,0,2,-50
1759482959.4736247,-3,4,-48
1759482959.5096247,0,3,-43
1759482959.5476248,0,5,-39
1759482959.5856247,1,-2,-39
1759482959.6246247,-1,-3,-27
1759482959.6626248,0,0,-42
1759482959.6986248,-11,1,-39
1759482959.7366247,1,0,-43
1759482959.7756248,1,3,-43
1759482959.8136249,2,0,-37
1759482959.8496249,5,5,-44
1759482959.8866248,-2,6,-46
1759482959.9256248,1,3,-39
1759482959.9636247,-7,5,-33
1759482959.9996247,-2,0,-36
1759482960.036625,5,2,-36
1759482960.0746248,-1,5,-45
1759482960.1136248,-5,0,-54
1759482960.1496248,-3,0,-46
1759482960.1866248,-6,3,-34
1759482960.2256248,5,-3,-44
1759482960.263625,-2,-3,-44
1759482960.2996247,1,-5,-36
1759482960.3376248,2,-12,-44
1759482960.375625,-1,-4,-46
1759482960.4136248,0,0,-36
1759482960.4496248,3,3,-40
1759482960.4866247,0,-4,-45
1759482960.5246248,0,-10,-34
1759482960.5636249,5,-5,-40
1759482960.5996249,4,-4,-42
1759482960.6376247,-6,-1,-49
1759482960.6746247,-5,-2,-32
1759482960.7136247,0,4,-38
1759482960.7496247,-5,-1,-34
1759482960.7886248,-2,-2,-45
1759482960.8256247,1,4,-41
1759482960.8646247,-5,0,-38
1759482960.9006248,4,5,-41
1759482960.9376247,0,-2,-39
1759482960.9756248,5,0,-39
1759482961.0146248,-3,0,-36
1759482961.0506248,1,-1,-40
1759482961.0876248,-1,0,-31
1759482961.125625,-2,-5,-41
1759482961.1646247,1,0,-53
1759482961.2006247,-2,-3,-40
1759482961.2386248,0,0,-40
1759482961.276625,0,-1,-47
1759482961.3156247,0,2,-59
1759482961.3536248,4,-2,-39
1759482961.3896248,6,-2,-37
1759482961.4286249,3,2,-31
1759482961.4666247,12,-1,-39
1759482961.5046248,0,1,-48
1759482961.5406249,0,5,-42
1759482961.5786247,-6,0,-37
1759482961.6166248,3,-8,-37
1759482961.6546247,-2,4,-45
1759482961.6906247,-2,-4,-51
1759482961.7296247,2,-1,-36
1759482961.7676249,5,-3,-34
1759482961.8056247,0,-5,-29
1759482961.8436248,-3,2,-30
1759482961.8796248,0,7,-32
1759482961.9166248,-7,2,-36
1759482961.9556248,4,-4,-35
1759482961.9936247,-1,-4,-37
1759482962.0296247,-11,-3,-45
1759482962.0676248,-6,0,-53
1759482962.1066248,-1,0,-40
1759482962.1446247,0,-7,-33
1759482962.1806247,-2,-5,-35
1759482962.2196248,1,-7,-36
1759482962.2576249,0,-2,-38
1759482962.2956247,0,-6,-49
1759482962.3336248,4,-1,-60
1759482962.3696249,7,-3,-59
1759482962.4076247,-1,-3,-42
1759482962.4466248,4,-5,-39
1759482962.4846249,1,-4,-25
1759482962.5206249,-4,0,-39
1759482962.5576248,-4,1,-48
1759482962.5956247,-8,-3,-38
1759482962.6346247,0,-9,-26
1759482962.6706247,3,-10,-40
1759482962.7086248,0,-4,-42
1759482962.7466247,0,-9,-42
1759482962.7856247,1,-3,-41
1759482962.8216248,-5,-2,-45
1759482962.8596249,-1,5,-40
1759482962.898625,0,-1,-26
1759482962.9356248,-4,-6,-27
1759482962.9746249,-5,0,-35
1759482963.010625,1,-1,-40
1759482963.0496247,-5,2,-37
1759482963.0866249,5,2,-46
1759482963.125625,1,-2,-46
1759482963.1626248,3,-6,-46
1759482963.2006247,-2,-8,-38
1759482963.2386248,-1,-8,-41
1759482963.276625,2,-9,-32
1759482963.3146248,2,-2,-29
1759482963.3506248,0,-1,-22
1759482963.388625,-9,-5,-31
1759482963.4276247,0,1,-39
1759482963.4656248,0,3,-36
1759482963.5016248,-5,-2,-37
1759482963.5396247,-4,-3,-39
1759482963.5776248,4,-4,-35
1759482963.6166248,3,-6,-35
1759482963.6546247,4,-5,-46
1759482963.6906247,-4,-2,-49
1759482963.7286248,-5,-3,-53
1759482963.7666247,-7,3,-32
1759482963.8056247,-9,3,-46
1759482963.8416247,-5,1,-38
1759482963.878625,0,1,-44
1759482963.9166248,-6,-3,-36
1759482963.9556248,-5,-4,-40
1759482963.9916248,-8,-5,-31
1759482964.0296247,-1,-4,-36
1759482964.0686247,-6,3,-40
1759482964.1066248,0,4,-37
1759482964.1426249,6,1,-34
1759482964.1806247,1,6,-48
1759482964.2196248,5,-2,-45
1759482964.2566247,6,-1,-52
1759482964.2956247,4,-1,-47
1759482964.3316247,1,-3,-47
1759482964.3696249,-1,-4,-37
1759482964.4076247,4,0,-53
1759482964.4466248,-3,-7,-37
1759482964.4826248,0,-3,-40
1759482964.5206249,2,1,-35
1759482964.5586247,6,0,-39
1759482964.5966249,0,-5,-45
1759482964.635625,2,-1,-41
1759482964.671625,0,0,-39
1759482964.7086248,-5,-5,-36
1759482964.7466247,0,0,-45
1759482964.7856247,-7,0,-37
1759482964.8216248,1,0,-29
1759482964.8586247,1,-8,-44
1759482964.8976247,0,-8,-47
1759482964.9356248,-2,-4,-43
1759482964.9716249,6,-2,-43
1759482965.010625,3,-6,-53
1759482965.0486248,10,-3,-50
1759482965.0866249,10,-7,-41
1759482965.1226249,0,-1,-51
1759482965.1596248,-5,0,-57
1759482965.1986248,2,1,-50
1759482965.2366247,0,-1,-43
1759482965.2726247,4,1,-37
1759482965.3106248,0,-1,-29
1759482965.355625,2,-7,-25
1759482965.3916247,2,2,-25
1759482965.4296248,-1,3,-25
1759482965.467625,-2,-2,-33
1759482965.5056248,-2,-2,-36
1759482965.5416248,-4,-1,-33
1759482965.579625,0,4,-35
1759482965.6176248,2,-2,-45
1759482965.6566248,6,1,-48
1759482965.6926248,2,2,-37
1759482965.7316248,-2,-2,-35
1759482965.7686248,2,-2,-36
1759482965.8076248,1,3,-43
1759482965.8446248,0,2,-39
1759482965.8816247,2,-3,-38
1759482965.9196248,0,-4,-27
1759482965.957625,-4,-10,-27
1759482965.9966247,-3,-8,-29
1759482966.0326247,-1,-3,-38
1759482966.0706248,-4,-2,-47
1759482966.1086247,0,-2,-46
1759482966.1476247,2,-4,-38
1759482966.1836247,5,-3,-39
1759482966.2226248,0,-5,-35
1759482966.2596247,-3,-6,-45
1759482966.2986248,-1,-3,-39
1759482966.3366249,0,-4,-34
1759482966.3726249,3,0,-47
1759482966.4096248,7,-2,-48
1759482966.4486248,4,-5,-37
1759482966.4866247,0,-8,-43
1759482966.5226247,-14,-6,-45
1759482966.5616248,-4,-1,-37
1759482966.5986247,-8,-2,-43
1759482966.6376247,2,-1,-41
1759482966.6736248,-5,-4,-30
1759482966.7116249,0,-1,-42
1759482966.750625,3,0,-49
1759482966.7886248,-1,3,-36
1759482966.8266249,2,4,-38
1759482966.862625,1,0,-33
1759482966.9006248,-5,2,-41
1759482966.9386249,-2,2,-34
1759482966.9766247,2,-1,-30
1759482967.0126247,0,-9,-28
1759482967.0506248,-6,-5,-45
1759482967.089625,-4,-9,-41
1759482967.1276248,2,-5,-39
1759482967.1636248,1,-1,-41
1759482967.2016249,-6,-9,-32
1759482967.2386248,0,0,-38
1759482967.2776248,-4,4,-40
1759482967.3136249,-6,-2,-37
1759482967.3516247,-4,0,-50
1759482967.3896248,-3,-1,-42
1759482967.4286249,2,2,-34
1759482967.4666247,0,2,-24
1759482967.5026248,5,7,-34
1759482967.5396247,-2,0,-41
1759482967.5786247,-6,-2,-29
1759482967.6146247,7,-7,-36
1759482967.651625,1,-8,-45
1759482967.6896248,5,-4,-37
1759482967.7286248,4,-2,-39
1759482967.7646248,9,0,-41
1759482967.8016248,7,0,-35
1759482967.839625,1,-1,-35
1759482967.878625,0,0,-40
1759482967.9146247,-1,1,-41
1759482967.9526248,0,-6,-36
1759482967.990625,2,-1,-36
1759482968.0286248,2,-4,-39
1759482968.0676248,-2,-2,-37
1759482968.1036248,-1,0,-45
1759482968.1426249,-1,4,-29
1759482968.1806247,0,2,-26
1759482968.2186248,1,4,-34
1759482968.2546248,-1,2,-34
1759482968.2936249,5,3,-40
1759482968.3306248,4,2,-43
1759482968.3696249,4,4,-32
1759482968.4076247,0,2,-47
1759482968.4436247,1,1,-43
1759482968.480625,-2,3,-39
1759482968.5196247,-2,2,-39
1759482968.5576248,0,5,-43
1759482968.5936248,-7,-1,-46
1759482968.6326249,-6,-3,-32
1759482968.6696248,0,-3,-37
1759482968.7086248,1,-3,-39
1759482968.7446249,-1,-5,-26
1759482968.783625,2,-4,-32
1759482968.8216248,-4,-2,-32
1759482968.8596249,-3,2,-42
1759482968.8976247,0,5,-34
1759482968.9336247,-2,4,-44
1759482968.9716249,-2,3,-44
1759482969.010625,4,1,-49
1759482969.0486248,-3,4,-43
1759482969.0846248,2,5,-41
1759482969.1216247,0,2,-32
1759482969.1606247,0,0,-31
1759482969.1986248,0,-2,-36
1759482969.2346249,-1,0,-31
1759482969.2726247,1,-3,-28
1759482969.3106248,3,0,-38
1759482969.3496249,0,-1,-34
1759482969.385625,-2,0,-37
1759482969.4236248,1,8,-38
1759482969.4616249,0,0,-49
1759482969.500625,-5,3,-37
1759482969.5386248,-4,1,-46
1759482969.5746248,-1,3,-42
1759482969.6136248,-5,3,-42
1759482969.651625,-2,0,-38
1759482969.6896248,0,-3,-33
1759482969.7256248,3,-10,-35
1759482969.763625,-10,-2,-36
1759482969.8016248,-1,-2,-29
1759482969.839625,5,6,-33
1759482969.878625,0,-2,-35
1759482969.9146247,-2,-4,-33
1759482969.9536247,-2,0,-28
1759482969.990625,-4,0,-49
1759482970.0296247,3,0,-24
1759482970.0656247,-1,-4,-32
1759482970.1046247,0,-5,-32
1759482970.1416247,0,-9,-28
1759482970.1806247,-5,-1,-35
1759482970.2186248,-3,-4,-33
1759482970.2546248,-5,-1,-42
1759482970.2926247,5,-5,-43
1759482970.3306248,3,-8,-34
1759482970.3696249,-2,-2,-34
1759482970.4056249,-6,-1,-27
1759482970.4436247,-1,-1,-35
1759482970.4826248,0,-3,-32
1759482970.5206249,-2,0,-41
1759482970.5586247,-4,-3,-43
1759482970.5946248,-10,-2,-45
1759482970.6326249,0,7,-43
1759482970.671625,-1,3,-49
1759482970.7096248,-2,-4,-44
1759482970.7456248,-3,-10,-39
1759482970.7846248,-3,-2,-42
1759482970.8216248,0,-4,-33
1759482970.8606248,0,-3,-42
1759482970.898625,1,4,-44
1759482970.934625,-3,6,-39
1759482970.9716249,1,-3,-48
1759482971.010625,4,0,-21
1759482971.0486248,8,4,-44
1759482971.0846248,2,1,-42
1759482971.1216247,6,1,-25
1759482971.1606247,-1,0,-28
1759482971.1966248,-1,0,-35
1759482971.2336247,0,1,-36
1759482971.2716248,-1,0,-37
1759482971.3106248,-1,5,-39
1759482971.3466249,-4,7,-37
1759482971.3836248,-3,2,-36
1759482971.421625,0,-6,-38
1759482971.4606247,0,-7,-44
1759482971.4966247,5,-4,-38
1759482971.5356247,0,-1,-47
1759482971.5726247,1,0,-31
1759482971.6106248,-3,-1,-24
1759482971.6496248,0,-5,-37
1759482971.6856248,-7,-7,-42
1759482971.7246249,-1,1,-45
1759482971.7626247,6,-5,-35
1759482971.8006248,0,-1,-43
1759482971.8366249,-7,-7,-30
1759482971.875625,-5,-4,-38
1759482971.9126248,0,2,-44
1759482971.9516249,1,5,-54
1759482971.9896247,4,0,-43
1759482972.0256248,5,0,-47
1759482972.0626247,6,-4,-44
1759482972.1016247,2,-3,-49
1759482972.1396248,0,2,-43
1759482972.1756248,6,0,-49
1759482972.2136247,5,2,-42
1759482972.2516248,0,2,-30
1759482972.2896247,-2,4,-41
1759482972.3256247,5,0,-40
1759482972.362625,-2,0,-40
1759482972.401625,-3,0,-51
1759482972.4396248,0,-3,-29
1759482972.4756248,-4,-2,-36
1759482972.513625,0,0,-37
1759482972.5516248,-4,-3,-34
1759482972.5906248,2,0,-33
1759482972.6266248,-8,3,-27
1759482972.6656249,0,6,-28
1759482972.7036247,0,2,-36
1759482972.7416248,2,0,-33
1759482972.7776248,0,4,-37
1759482972.8156247,4,4,-36
1759482972.8536248,-7,0,-36
1759482972.8916247,0,0,-35
1759482972.9276247,-4,2,-35
1759482972.9666247,-6,2,-33
1759482973.003625,-9,-1,-37
1759482973.0416248,-5,1,-44
1759482973.0806248,3,3,-38
1759482973.1166248,2,-1,-41
1759482973.1536248,2,1,-32
1759482973.1926248,-3,3,-31
1759482973.230625,-6,3,-45
1759482973.2666247,-6,0,-41
1759482973.3036249,-8,-6,-42
1759482973.342625,3,0,-34
1759482973.3806248,5,0,-43
1759482973.4166248,0,0,-51
1759482973.4536247,-5,-4,-58
1759482973.4926248,-1,2,-44
1759482973.5306249,3,-2,-34
1759482973.5666249,7,-1,-37
1759482973.6036248,-1,-2,-41
1759482973.6426249,3,-1,-35
1759482973.6806247,-2,0,-37
1759482973.7166247,-3,-4,-50
1759482973.7546248,-2,6,-49
1759482973.7926247,-1,8,-38
1759482973.8316247,0,3,-41
1759482973.8686247,1,1,-48
1759482973.9056249,8,5,-35
1759482973.9436247,3,-4,-37
1759482973.9826248,-2,4,-43
1759482974.0206249,-6,0,-35
1759482974.056625,3,0,-36
1759482974.0936248,0,0,-44
1759482974.1326249,-2,-1,-43
1759482974.1706247,5,0,-35
1759482974.2066247,2,4,-40
1759482974.2436247,0,0,-47
1759482974.2826247,2,-2,-35
1759482974.3206248,2,0,-44
1759482974.3566248,3,-3,-43
1759482974.3936248,3,-3,-41
1759482974.4326248,6,-5,-34
1759482974.4706247,6,-6,-41
1759482974.5066247,5,-3,-42
1759482974.5436249,-5,-4,-33
1759482974.582625,-8,3,-32
1759482974.6186247,-9,1,-34
1759482974.6566248,-6,2,-40
1759482974.6936247,0,0,-42
1759482974.7326248,8,0,-34
1759482974.7686248,2,0,-35
1759482974.806625,9,1,-34
1759482974.8436248,5,-5,-44
1759482974.8826249,3,-8,-53
1759482974.9186249,4,-8,-44
1759482974.9566247,-3,-5,-47
1759482974.9946249,-4,3,-45
1759482975.0326247,-4,0,-46
1759482975.0686247,-2,0,-45
1759482975.1066248,-2,8,-46
1759482975.1446247,1,4,-45
1759482975.1826248,6,2,-52
1759482975.2186248,6,4,-41
1759482975.2566247,3,1,-48
1759482975.2946248,1,1,-40
1759482975.332625,3,5,-29
1759482975.3766248,4,1,-42
1759482975.4146247,0,1,-37
1759482975.4526248,1,0,-30
1759482975.4896247,8,3,-35
1759482975.5276248,3,-1,-30
1759482975.5646248,2,0,-43
1759482975.6036248,6,5,-38
1759482975.6416247,-1,-3,-50
1759482975.6776247,2,-9,-50
1759482975.7156248,-1,-7,-40
1759482975.753625,-3,-2,-48
1759482975.7916248,2,0,-37
1759482975.8276248,-2,-4,-31
1759482975.8666248,-3,-1,-42
1759482975.9046247,-2,-5,-40
1759482975.9426248,-5,0,-43
1759482975.9786248,-3,-3,-37
1759482976.0166247,-1,-5,-33
1759482976.0546248,-1,-5,-38
1759482976.0936248,-4,-7,-42
1759482976.1316247,-12,-8,-42
1759482976.1676247,-6,-1,-34
1759482976.2066247,-3,-1,-39
1759482976.2446249,0,-1,-36
1759482976.2826247,0,-3,-40
1759482976.3186247,4,0,-45
1759482976.355625,5,2,-49
1759482976.3946247,2,0,-49
1759482976.4326248,-3,3,-40
1759482976.4686248,0,-5,-39
1759482976.5056248,1,-9,-39
1759482976.5446248,0,4,-38
1759482976.582625,-2,2,-39
1759482976.6186247,0,-1,-51
1759482976.6576247,-1,-2,-28
1759482976.694625,-2,1,-38
1759482976.7336247,1,-2,-39
1759482976.7696247,-2,-2,-40
1759482976.8076248,-6,2,-23
1759482976.8466249,-6,0,-32
1759482976.8846247,-10,0,-32
1759482976.9226248,4,-3,-37
1759482976.9586248,1,0,-42
1759482976.9966247,0,4,-35
1759482977.0346248,0,3,-35
1759482977.0736248,1,3,-44
1759482977.1096249,2,1,-40
1759482977.1466248,8,-3,-43
1759482977.1856248,1,-10,-30
1759482977.2236247,-2,-3,-40
1759482977.2596247,-7,-5,-49
1759482977.2976248,0,0,-35
1759482977.3366249,0,2,-50
1759482977.3746247,0,5,-50
1759482977.4126248,-7,5,-40
1759482977.4486248,-3,1,-43
1759482977.4866247,3,5,-43
1759482977.5246248,3,-4,-38
1759482977.5636249,0,0,-49
1759482977.6006248,-3,0,-38
1759482977.638625,0,-1,-43
1759482977.6756248,-4,-2,-40
1759482977.714625,0,-5,-34
1759482977.7526248,-1,-1,-36
1759482977.7886248,0,-3,-22
1759482977.8266249,8,-8,-32
1759482977.8646247,0,-3,-31
1759482977.9036248,0,0,-43
1759482977.9396248,1,-2,-44
1759482977.9766247,0,-2,-39
1759482978.0146248,2,4,-36
1759482978.0536249,4,2,-44
1759482978.089625,1,5,-35
1759482978.1266248,0,2,-30
1759482978.1646247,-1,-2,-28
1759482978.2036247,4,3,-30
1759482978.2396247,2,3,-36
1759482978.276625,1,1,-35
1759482978.3146248,0,-4,-46
1759482978.3536248,2,-1,-36
1759482978.3896248,-4,-1,-44
1759482978.4276247,-5,0,-37
1759482978.4666247,-5,5,-42
1759482978.5046248,-5,3,-41
1759482978.5406249,-4,-1,-42
1759482978.579625,2,-8,-40
1759482978.6176248,3,0,-46
1759482978.6546247,0,0,-50
1759482978.6936247,-1,3,-50
1759482978.7296247,0,0,-45
1759482978.7676249,-4,5,-39
1759482978.8056247,-3,4,-37
1759482978.8436248,2,0,-39
1759482978.8796248,4,-3,-47
1759482978.9176247,0,9,-44
1759482978.9556248,0,2,-46
1759482978.9946249,2,-3,-44
1759482979.0306249,0,-1,-42
1759482979.0676248,-6,3,-44
1759482979.105625,4,3,-47
1759482979.1446247,0,-4,-32
1759482979.1806247,-3,1,-34
1759482979.2186248,-2,-5,-36
1759482979.2566247,-5,-1,-52
1759482979.2956247,2,4,-32
1759482979.3336248,6,-5,-39
1759482979.3696249,2,-8,-40
1759482979.4076247,-1,-5,-37
1759482979.4466248,-5,3,-47
1759482979.4846249,4,6,-44
1759482979.5206249,3,-11,-45
1759482979.559625,7,-1,-31
1759482979.5976248,-4,4,-20
1759482979.635625,3,3,-38
1759482979.6736248,2,-3,-33
1759482979.7096248,-2,-2,-25
1759482979.7486248,1,-1,-37
1759482979.786625,-2,0,-42
1759482979.8246248,-5,-4,-44
1759482979.8606248,-4,2,-45
1759482979.8996248,-3,1,-47
1759482979.9376247,-8,6,-36
1759482979.9756248,-5,1,-34
1759482980.0116248,-6,-1,-44
1759482980.0506248,0,0,-38
1759482980.0886247,-5,0,-46
1759482980.125625,6,2,-48
1759482980.1646247,-1,2,-47
1759482980.2006247,0,-3,-41
1759482980.2386248,-3,-2,-38
1759482980.2756248,-2,-5,-44
1759482980.3146248,2,-1,-36
1759482980.3506248,-2,-5,-34
1759482980.388625,3,-4,-31
1759482980.4266248,0,-1,-44
1759482980.4656248,0,-3,-43
1759482980.5016248,2,0,-44
1759482980.5386248,-1,-3,-45
1759482980.5766249,3,-5,-45
1759482980.615625,1,3,-39
1759482980.651625,4,5,-45
1759482980.6886249,3,0,-49
1759482980.7266247,3,-5,-44
1759482980.7656248,5,-1,-42
1759482980.8016248,2,-2,-39
1759482980.8386247,0,-1,-50
1759482980.8766248,-5,1,-54
1759482980.9156249,-2,1,-45
1759482980.9516249,0,1,-51
1759482980.9886248,-2,3,-42
1759482981.0276248,0,-3,-31
1759482981.0656247,-1,1,-46
1759482981.1016247,-9,-1,-50
1759482981.1396248,-7,6,-39
1759482981.1776247,-1,-1,-34
1759482981.2166247,3,0,-40
1759482981.2546248,3,0,-39
1759482981.2906249,5,4,-44
1759482981.3276248,0,7,-48
1759482981.3666248,-7,4,-43
1759482981.4046247,1,0,-33
1759482981.4406247,-4,3,-30
1759482981.4796247,-8,3,-38
1759482981.5166247,0,2,-34
1759482981.5556247,3,1,-35
1759482981.5916247,0,1,-46
1759482981.628625,2,8,-36
1759482981.6666248,3,-5,-30
1759482981.7056248,-2,-2,-24
1759482981.7416248,1,-4,-38
1759482981.7796247,8,-4,-37
1759482981.8176248,11,-3,-36
1759482981.8566248,6,0,-31
1759482981.8926249,2,0,-32
1759482981.9296248,5,-5,-30
1759482981.967625,1,1,-32
1759482982.0066247,0,0,-30
1759482982.0436249,0,2,-36
1759482982.0806248,1,-5,-44
1759482982.1196249,-4,-1,-47
1759482982.1576247,-8,1,-42
1759482982.1956248,-6,4,-41
1759482982.2316248,-6,-2,-41
1759482982.2706249,-2,3,-48
1759482982.3076248,8,5,-44
1759482982.3466249,2,1,-44
1759482982.3826249,8,3,-41
1759482982.4206247,3,7,-39
1759482982.4586248,-1,9,-48
1759482982.4966247,-2,0,-43
1759482982.5326247,-2,-2,-41
1759482982.5706248,3,-4,-42
1759482982.6086247,1,-6,-29
1759482982.6476247,2,-4,-53
1759482982.6856248,5,0,-43
1759482982.7216249,8,-8,-34
1759482982.7596247,-1,-7,-33
1759482982.7976248,-1,-9,-34
1759482982.8356247,2,0,-40
1759482982.8716247,9,0,-38
1759482982.908625,-3,-3,-41
1759482982.9476247,-9,-5,-42
1759482982.9856248,-7,3,-46
1759482983.0216248,0,1,-35
1759482983.0586247,0,10,-39
1759482983.0976248,1,8,-41
1759482983.135625,0,0,-45
1759482983.171625,-1,-7,-47
1759482983.2096248,-5,-2,-40
1759482983.2486248,-9,-1,-36
1759482983.286625,1,0,-29
1759482983.3226247,0,1,-36
1759482983.3596249,1,-5,-34
1759482983.398625,3,-5,-27
1759482983.4366248,-4,-1,-28
1759482983.4726248,-6,3,-43
1759482983.5116248,-6,1,-37
1759482983.5486248,-3,3,-41
1759482983.5876248,-1,-4,-43
1759482983.6236248,0,0,-46
1759482983.661625,0,-1,-54
1759482983.6996248,-1,-1,-54
1759482983.737625,2,2,-46
1759482983.773625,0,-8,-34
1759482983.8116248,5,-6,-21
1759482983.8486247,4,0,-22
1759482983.8876247,-1,2,-36
1759482983.9236248,-2,7,-33
1759482983.9616249,-2,10,-39
1759482983.9996247,2,4,-44
1759482984.0386248,-4,10,-35
1759482984.0766249,1,2,-40
1759482984.112625,-2,2,-32
1759482984.151625,-2,0,-34
1759482984.1886249,-5,0,-28
1759482984.227625,5,2,-44
1759482984.263625,4,-6,-48
1759482984.3016248,1,-1,-57
1759482984.339625,0,1,-42
1759482984.3776248,1,-6,-46
1759482984.4136248,-3,-1,-42
1759482984.4526248,3,-2,-55
1759482984.4896247,0,6,-42
1759482984.5286248,0,4,-34
1759482984.5666249,-1,2,-38
1759482984.602625,3,1,-40
1759482984.6406248,1,-5,-45
1759482984.6786249,-1,2,-41
1759482984.717625,2,0,-46
1759482984.753625,3,-6,-55
1759482984.7926247,8,-2,-49
1759482984.8306248,2,5,-51
1759482984.8686247,2,3,-43
1759482984.9066248,3,0,-37
1759482984.9426248,-3,0,-33
1759482984.980625,-8,0,-27
1759482985.0196247,-8,-7,-43
1759482985.0576248,3,0,-39
1759482985.0936248,4,-2,-35
1759482985.1316247,2,5,-39
1759482985.1696248,0,6,-40
1759482985.2086248,-2,7,-38
1759482985.2446249,-3,6,-47
1759482985.2816248,-11,-6,-48
1759482985.319625,0,2,-43
1759482985.3586247,2,7,-34
1759482985.4036248,0,0,-28
1759482985.4416249,0,-2,-32
1759482985.4786248,4,0,-38
1759482985.5176249,7,2,-41
1759482985.5536249,11,-5,-36
1759482985.592625,3,-9,-37
1759482985.6306248,-4,-3,-38
1759482985.6686249,-3,0,-41
1759482985.704625,3,-2,-39
1759482985.7426248,-2,-5,-38
1759482985.7806249,-2,0,-40
1759482985.8186247,-1,-1,-42
1759482985.8546247,0,0,-42
1759482985.8916247,3,-10,-44
1759482985.9306247,5,-5,-34
1759482985.9686248,2,-2,-30
1759482986.0046248,-4,-3,-35
1759482986.0436249,1,1,-37
1759482986.0806248,3,-2,-36
1759482986.1196249,3,0,-37
1759482986.1576247,0,0,-29
1759482986.1936247,-1,-3,-27
1759482986.2316248,0,0,-43
1759482986.2696247,-1,1,-42
1759482986.3086247,-3,-4,-50
1759482986.3446248,-6,-4,-50
1759482986.3836248,3,-2,-48
1759482986.4206247,3,2,-43
1759482986.4596248,-1,2,-41
1759482986.4976249,2,-3,-34
1759482986.533625,3,-1,-45
1759482986.5706248,-2,0,-27
1759482986.6096249,-8,0,-29
1759482986.6476247,-7,0,-40
1759482986.6836247,-5,0,-48
1759482986.7216249,5,-1,-51
1759482986.7596247,2,1,-34
1759482986.7956247,10,0,-37
1759482986.8336248,-4,-6,-41
1759482986.8716247,0,-3,-50
1759482986.9096248,-2,5,-39
1759482986.9456248,-10,4,-27
1759482986.9846249,-5,-1,-19
1759482987.0216248,0,0,-36
1759482987.0606248,-1,2,-41
1759482987.0986247,0,0,-43
1759482987.1346247,2,1,-49
1759482987.171625,-7,0,-34
1759482987.2096248,3,1,-34
1759482987.2486248,1,-10,-24
1759482987.2846248,2,-1,-43
1759482987.3226247,-3,-3,-42
1759482987.3616247,0,3,-48
1759482987.3996248,2,6,-41
1759482987.4356248,3,8,-32
1759482987.4736247,1,0,-31
1759482987.510625,1,-1,-37
1759482987.5496247,0,-3,-37
1759482987.5856247,-2,0,-50
1759482987.6226249,-4,-2,-48
1759482987.6606247,-6,2,-30
1759482987.6996248,-6,6,-30
1759482987.7356248,0,8,-43
1759482987.7726247,-1,-2,-30
1759482987.8106248,0,0,-39
1759482987.8496249,-1,2,-44
1759482987.8866248,0,0,-41
1759482987.9236248,4,2,-51
1759482987.9626248,-1,3,-40
1759482988.000625,-2,0,-45
1759482988.0386248,0,3,-45
1759482988.0746248,-4,-1,-51
1759482988.112625,0,-1,-44
1759482988.1506248,5,-2,-40
1759482988.1896248,-1,-1,-30
1759482988.2256248,2,1,-30
1759482988.2626247,0,-1,-34
1759482988.3006248,1,5,-37
1759482988.339625,5,0,-40
1759482988.375625,4,0,-45
1759482988.4126248,-4,6,-41
1759482988.4516249,-5,-3,-34
1759482988.4896247,-9,4,-38
1759482988.5256248,-14,0,-43
1759482988.5636249,-11,1,-39
1759482988.6016247,-8,-7,-35
1759482988.6406248,-1,1,-36
1759482988.6776247,-3,-2,-45
1759482988.7156248,5,0,-30
1759482988.7526248,4,-3,-46
1759482988.7916248,0,-5,-42
1759482988.829625,4,-3,-43
1759482988.865625,-1,-5,-31
1759482988.9036248,-2,-2,-22
1759482988.9416249,4,-2,-39
1759482988.980625,-3,0,-42
1759482989.0166247,0,0,-44
1759482989.0536249,1,1,-36
1759482989.0916247,0,-2,-26
1759482989.1306248,-3,0,-38
1759482989.1666248,-5,-3,-32
1759482989.204625,-6,7,-28
1759482989.2426248,2,8,-43
1759482989.2816248,0,1,-39
1759482989.319625,-1,4,-28
1759482989.355625,0,8,-34
1759482989.3946247,0,5,-42
1759482989.431625,-1,0,-45
1759482989.4706247,-3,0,-42
1759482989.5066247,1,0,-40
1759482989.5446248,3,0,-42
1759482989.5816247,0,-1,-49
1759482989.6206248,-1,-2,-42
1759482989.6566248,-5,0,-34
1759482989.694625,-3,-3,-45
1759482989.7336247,-3,0,-37
1759482989.7716248,-7,1,-29
1759482989.809625,-4,-2,-46
1759482989.8456247,3,0,-44
1759482989.8836248,-1,4,-48
1759482989.921625,-3,-2,-47
1759482989.9596248,4,-6,-43
1759482989.9956248,0,0,-40
1759482990.033625,0,1,-40
1759482990.0716248,0,-3,-41
1759482990.1096249,3,-3,-40
1759482990.1456249,-4,4,-50
1759482990.1826248,-2,-2,-41
1759482990.2216249,0,-2,-37
1759482990.2576249,-1,-2,-44
1759482990.2956247,-1,-7,-51
1759482990.3346248,-5,-6,-34
1759482990.3726249,-3,-6,-29
1759482990.4106247,-3,-2,-28
1759482990.4466248,-5,-8,-39
1759482990.4856248,2,-2,-43
1759482990.523625,6,4,-38
1759482990.5616248,0,-1,-39
1759482990.5976248,-2,0,-38
1759482990.635625,3,-1,-37
1759482990.6736248,5,1,-32
1759482990.7116249,4,1,-36
1759482990.7476249,0,4,-47
1759482990.7846248,0,5,-43
1759482990.8236248,-3,0,-32
1759482990.8616247,0,5,-48
1759482990.8976247,1,5,-37
1759482990.934625,0,1,-41
1759482990.9736247,3,-5,-36
1759482991.0116248,8,-5,-28
1759482991.0476248,7,-2,-43
1759482991.0846248,-2,-1,-35
1759482991.1236248,2,-3,-30
1759482991.161625,5,-3,-41
1759482991.1976247,5,-3,-42
1759482991.2366247,4,0,-39
1759482991.273625,-2,-2,-39
1759482991.3126247,4,3,-42
1759482991.3506248,-3,-2,-37
1759482991.3866248,5,-3,-47
1759482991.4236248,7,-8,-48
1759482991.4626248,-2,-8,-31
1759482991.500625,7,-1,-39
1759482991.536625,-2,-4,-37
1759482991.5746248,-2,1,-39
1759482991.612625,1,-3,-43
1759482991.651625,2,-1,-39
1759482991.6876247,0,0,-36
1759482991.7246249,-6,-3,-31
1759482991.7626247,-6,1,-33
1759482991.8016248,0,0,-23
1759482991.8376248,-5,2,-16
1759482991.8766248,-2,-3,-33
1759482991.9136248,-8,-6,-44
1759482991.9526248,-5,0,-28
1759482991.990625,-2,-1,-31
1759482992.0276248,4,-3,-33
1759482992.0646248,0,0,-47
1759482992.102625,-6,0,-48
1759482992.1416247,-3,-2,-38
1759482992.1776247,-7,-2,-47
1759482992.2156248,-2,0,-41
1759482992.253625,-5,-7,-43
1759482992.2926247,3,-8,-37
1759482992.3286247,5,-14,-38
1759482992.3676248,0,1,-44
1759482992.4046247,1,-7,-35
1759482992.4436247,3,0,-36
1759482992.4816248,3,0,-28
1759482992.5176249,7,-5,-38
1759482992.5546248,0,2,-39
1759482992.5936248,4,5,-44
1759482992.6316247,2,5,-23
1759482992.6676247,-1,-3,-36
1759482992.7056248,4,4,-42
1759482992.7436247,9,3,-34
1759482992.7826247,3,4,-32
1759482992.8186247,3,0,-38
1759482992.855625,1,-2,-48
1759482992.8946247,-5,-4,-50
1759482992.9326248,-4,1,-38
1759482992.9686248,-5,-2,-31
1759482993.0076249,0,-4,-30
1759482993.0446248,1,0,-49
1759482993.0836248,-6,-5,-42
1759482993.1216247,-6,-6,-41
1759482993.1576247,0,1,-35
1759482993.194625,2,3,-38
1759482993.2336247,-2,1,-40
1759482993.2716248,-1,-2,-47
1759482993.3076248,0,2,-38
1759482993.3456247,0,-1,-40
1759482993.3846247,0,3,-36
1759482993.4226248,0,-4,-40
1759482993.4586248,5,1,-41
1759482993.4956248,-1,0,-45
1759482993.5346248,-4,-2,-39
1759482993.5726247,-2,0,-38
1759482993.6086247,1,0,-48
1759482993.6466248,5,0,-47
1759482993.684625,0,0,-56
1759482993.7226248,0,1,-40
1759482993.7586248,0,-2,-43
1759482993.7956247,1,3,-42
1759482993.8346248,6,-1,-49
1759482993.8726249,0,3,-38
1759482993.908625,-6,-3,-46
1759482993.9476247,-8,7,-41
1759482993.9856248,-2,-3,-39
1759482994.023625,1,3,-36
1759482994.059625,0,0,-44
1759482994.0976248,-1,-2,-39
1759482994.1346247,8,-9,-51
1759482994.1736248,-7,-4,-46
1759482994.2096248,6,-1,-45
1759482994.2476249,1,-7,-31
1759482994.2846248,-2,-4,-38
1759482994.3236248,-4,-2,-35
1759482994.3596249,0,-3,-39
1759482994.3976247,0,2,-39
1759482994.4356248,-5,1,-33
1759482994.4736247,-5,-5,-40
1759482994.5096247,2,-2,-50
1759482994.546625,4,-6,-48
1759482994.5846248,6,0,-47
1759482994.6236248,5,1,-52
1759482994.6596248,5,5,-38
1759482994.6966248,0,0,-35
1759482994.7346249,-1,-4,-38
1759482994.773625,5,3,-47
1759482994.809625,5,-8,-45
1759482994.8476248,1,7,-35
1759482994.8846247,6,2,-47
1759482994.9236248,0,1,-50
1759482994.9596248,-3,1,-44
1759482994.9966247,-2,-1,-45
1759482995.0346248,1,0,-49
1759482995.0736248,4,0,-36
1759482995.1096249,-3,-2,-47
1759482995.148625,9,-6,-58
1759482995.1866248,10,-5,-40
1759482995.2246249,2,-3,-44
1759482995.2626247,-7,0,-38
1759482995.2986248,-8,-4,-47
1759482995.3376248,-2,3,-36
1759482995.3746247,-6,-1,-40
1759482995.4196248,0,0,-43
1759482995.457625,-1,-4,-45
1759482995.4956248,-2,2,-41
1759482995.533625,-5,-4,-45
1759482995.569625,-5,-1,-38
1759482995.6076248,-4,0,-42
1759482995.6466248,-1,2,-40
1759482995.684625,12,-1,-31
1759482995.7206247,5,-2,-43
1759482995.7586248,0,1,-42
1759482995.7976248,5,1,-38
1759482995.8346248,2,1,-38
1759482995.8736248,-4,4,-31
1759482995.9096248,-2,-1,-36
1759482995.9476247,5,1,-43
1759482995.9856248,5,-6,-41
1759482996.0246248,0,8,-38
1759482996.0616248,0,7,-39
1759482996.0996249,1,5,-42
1759482996.1376247,-3,0,-31
1759482996.1756248,-3,1,-40
1759482996.2136247,2,-1,-38
1759482996.2496247,0,-2,-45
1759482996.2876248,0,6,-46
1759482996.3256247,-2,3,-47
1759482996.3636248,2,7,-51
1759482996.3996248,-3,0,-35
1759482996.4366248,4,-2,-31
1759482996.4756248,0,-5,-39
1759482996.513625,-5,0,-35
1759482996.5496247,-7,-1,-45
1759482996.5886247,-3,-1,-36
1759482996.625625,6,0,-27
1759482996.6646247,0,1,-49
1759482996.7006247,7,1,-37
1759482996.737625,6,1,-30
1759482996.7756248,11,11,-27
1759482996.8146248,7,6,-25
1759482996.8506248,5,8,-32
1759482996.888625,-6,-2,-30
1759482996.9256248,3,-7,-38
1759482996.964625,6,0,-35
1759482997.000625,1,-3,-39
1759482997.0396247,8,-1,-32
1759482997.0776248,9,-2,-41
1759482997.115625,12,-2,-37
1759482997.151625,2,0,-42
1759482997.1896248,1,-1,-36
1759482997.227625,4,2,-44
1759482997.2656248,0,4,-36
1759482997.3016248,0,3,-43
1759482997.3386247,3,3,-46
1759482997.3776248,1,1,-47
1759482997.4156249,-1,0,-39
1759482997.4516249,1,-2,-42
1759482997.4896247,-6,0,-39
1759482997.5276248,-2,-2,-41
1759482997.5656247,-6,-3,-50
1759482997.6016247,0,-4,-46
1759482997.6396248,4,-1,-41
1759482997.6776247,-2,-5,-36
1759482997.7156248,0,0,-34
1759482997.7516248,-2,-1,-37
1759482997.7906249,-8,2,-39
1759482997.8286247,-3,5,-22
1759482997.8666248,-3,4,-35
1759482997.9046247,-2,3,-36
1759482997.9406247,0,8,-42
1759482997.9786248,-5,4,-41
1759482998.0166247,0,2,-41
1759482998.0546248,2,0,-45
1759482998.0906248,0,0,-49
1759482998.128625,-3,4,-49
1759482998.1666248,-1,3,-41
1759482998.204625,0,0,-36
1759482998.240625,-4,0,-44
1759482998.2786248,1,-3,-32
1759482998.3166249,-7,1,-36
1759482998.3546247,0,3,-39
1759482998.3906248,6,0,-47
1759482998.4286249,2,0,-46
1759482998.4666247,3,0,-53
1759482998.5046248,5,2,-49
1759482998.5406249,-2,3,-39
1759482998.5786247,-2,3,-44
1759482998.6166248,-7,0,-51
1759482998.6546247,-1,7,-45
1759482998.6906247,1,3,-47
1759482998.7286248,2,-2,-38
1759482998.7666247,0,0,-47
1759482998.8046248,-3,-5,-39
1759482998.8406248,-3,-1,-48
1759482998.8796248,-2,3,-54
1759482998.9166248,3,7,-45
1759482998.9556248,1,-2,-50
1759482998.9916248,0,4,-39
1759482999.0296247,0,1,-37
1759482999.0666249,3,-4,-41
1759482999.105625,-1,0,-48
1759482999.1416247,0,4,-44
1759482999.1796248,-4,4,-36
1759482999.217625,3,0,-32
1759482999.2566247,2,2,-35
1759482999.2926247,2,4,-34
1759482999.329625,2,-8,-30
1759482999.3676248,2,0,-37
1759482999.4066248,0,0,-40
1759482999.4426248,-1,1,-34
1759482999.4816248,2,-1,-37
1759482999.5196247,4,0,-38
1759482999.5576248,0,2,-42
1759482999.5956247,4,3,-44
1759482999.6316247,0,-2,-47
1759482999.6686249,0,5,-33
1759482999.707625,-4,4,-27
1759482999.7456248,-9,-2,-41
1759482999.7816248,-1,-6,-49
1759482999.819625,-6,-1,-41
1759482999.8576248,-11,0,-45
1759482999.8966248,-10,-4,-50
1759482999.9326248,-3,-2,-45
1759482999.9716249,0,0,-50
1759483000.0086248,-1,-2,-34
1759483000.0476248,-2,3,-39
1759483000.0856247,1,-5,-52
1759483000.1216247,0,2,-49
1759483000.1596248,-8,0,-49
1759483000.1976247,-2,4,-41
1759483000.2356248,-3,0,-37
1759483000.2716248,0,-5,-49
1759483000.309625,0,5,-46
1759483000.3476248,-3,3,-37
1759483000.385625,2,0,-32
1759483000.421625,1,-1,-36
1759483000.4596248,3,0,-33
1759483000.4976249,2,0,-39
1759483000.5356247,1,-11,-43
1759483000.5716248,-1,-6,-35
1759483000.6106248,2,-4,-33
1759483000.6476247,1,-4,-27
1759483000.6866248,1,-2,-45
1759483000.7226248,-1,2,-37
1759483000.760625,-8,-6,-43
1759483000.7986248,-6,4,-37
1759483000.8376248,2,-1,-30
1759483000.8736248,-2,-3,-35
1759483000.9126248,3,-3,-44
1759483000.9506247,-1,-6,-41
1759483000.9886248,0,-2,-37
1759483001.026625,0,0,-44
1759483001.0626247,1,4,-46
1759483001.1016247,2,3,-46
1759483001.138625,6,5,-32
1759483001.1776247,1,5,-36
1759483001.2136247,-4,0,-25
1759483001.2516248,2,2,-31
1759483001.2886248,-2,3,-33
1759483001.3276248,0,-1,-35
1759483001.3636248,-4,3,-42
1759483001.401625,-1,3,-34
1759483001.4386249,4,0,-44
1759483001.477625,0,-5,-41
1759483001.513625,-8,-2,-27
1759483001.5526247,-2,0,-40
1759483001.589625,0,-1,-41
1759483001.628625,0,-2,-42
1759483001.6666248,-1,-3,-37
1759483001.7026248,-2,-5,-32
1759483001.740625,0,1,-39
1759483001.7786248,3,-8,-55
1759483001.8176248,7,-1,-46
1759483001.8536248,7,5,-39
1759483001.8906248,-1,0,-46
1759483001.9286249,6,3,-33
1759483001.967625,0,0,-34
1759483002.003625,-3,3,-54
1759483002.0406249,-3,2,-56
1759483002.0786247,0,0,-37
1759483002.1176248,0,-1,-43
1759483002.1536248,0,-1,-33
1759483002.1906247,0,-5,-41
1759483002.2286248,-3,-2,-46
1759483002.2676249,0,7,-39
1759483002.3036249,0,8,-41
1759483002.3406248,-3,0,-37
1759483002.378625,3,-3,-34
1759483002.4176247,-4,-1,-43
1759483002.4536247,3,1,-46
1759483002.490625,5,4,-47
1759483002.5296247,3,-4,-38
1759483002.5676248,2,-6,-38
1759483002.6036248,-2,1,-36
1759483002.6416247,3,0,-44
1759483002.6796248,4,2,-41
1759483002.7186248,0,-2,-43
1759483002.7546248,-3,0,-38
1759483002.7916248,-3,0,-36
1759483002.8306248,0,-3,-39
1759483002.8686247,2,-2,-28
1759483002.9046247,6,2,-42
1759483002.9426248,3,8,-36
1759483002.9796247,-5,3,-45
1759483003.0186248,0,4,-35
1759483003.0546248,5,-1,-38
1759483003.092625,1,-2,-42
1759483003.1296248,-7,-4,-31
1759483003.1686249,0,-2,-37
1759483003.204625,1,1,-32
1759483003.2436247,6,0,-37
1759483003.2806249,-2,2,-44
1759483003.319625,-5,-6,-34
1759483003.3576248,-2,-2,-43
1759483003.3936248,-5,2,-43
1759483003.4306247,-4,0,-36
1759483003.4696248,0,2,-33
1759483003.5076249,-2,1,-41
1759483003.5436249,-1,9,-38
1759483003.582625,-4,9,-46
1759483003.6206248,6,6,-48
1759483003.658625,0,9,-39
1759483003.6956248,4,2,-35
1759483003.7336247,-2,11,-37
1759483003.7706249,-4,2,-36
1759483003.809625,0,-4,-28
1759483003.8476248,-6,-3,-53
1759483003.8836248,5,0,-45
1759483003.9206247,-1,0,-38
1759483003.9596248,1,0,-35
1759483003.9976249,-6,0,-33
1759483004.033625,-5,0,-32
1759483004.0706248,0,0,-38
1759483004.1096249,0,3,-34
1759483004.1456249,2,1,-41
1759483004.1836247,-6,2,-32
1759483004.2206247,0,-2,-40
1759483004.2596247,-2,3,-45
1759483004.2956247,2,-7,-35
1759483004.3336248,1,-12,-29
1759483004.3716247,-3,-4,-29
1759483004.4096248,-4,0,-37
1759483004.4456248,-6,-6,-36
1759483004.4836247,0,-5,-36
1759483004.5216248,5,0,-39
1759483004.559625,4,0,-38
1759483004.5986247,7,9,-39
1759483004.6346247,0,5,-30
1759483004.6726248,4,3,-33
1759483004.7106247,4,2,-34
1759483004.7486248,1,-4,-41
1759483004.7846248,3,0,-29
1759483004.8216248,3,0,-25
1759483004.8606248,0,7,-38
1759483004.898625,-2,-3,-30
1759483004.934625,-2,-2,-32
1759483004.9726248,7,1,-27
1759483005.010625,3,-3,-42
1759483005.0496247,3,-7,-41
1759483005.0856247,6,5,-32
1759483005.1236248,-4,3,-29
1759483005.1626248,-2,3,-41
1759483005.2006247,-4,1,-37
1759483005.2386248,4,-8,-42
1759483005.2746248,0,-9,-49
1759483005.3126247,0,-7,-40
1759483005.3506248,-8,-4,-38
1759483005.3896248,-1,0,-41
1759483005.434625,5,-4,-30
1759483005.4726248,-5,-4,-35
1759483005.510625,-3,5,-38
1759483005.5486248,1,1,-33
1759483005.5846248,-1,-8,-37
1759483005.6236248,-4,-6,-44
1759483005.661625,-2,-3,-51
1759483005.6996248,-2,2,-39
1759483005.7356248,-2,1,-42
1759483005.7746248,4,-6,-39
1759483005.8116248,6,-1,-34
1759483005.8506248,1,4,-32
1759483005.8866248,-4,5,-31
1759483005.9246247,0,0,-29
1759483005.9616249,-2,0,-42
1759483006.000625,-2,-3,-40
1759483006.036625,-2,0,-37
1759483006.0746248,-7,0,-51
1759483006.112625,-4,3,-49
1759483006.1506248,0,8,-45
1759483006.1866248,6,7,-32
1759483006.2246249,3,1,-40
1759483006.2616248,0,2,-41
1759483006.3006248,5,3,-41
1759483006.3366249,3,0,-42
1759483006.3746247,5,-3,-34
1759483006.4126248,-1,-4,-43
1759483006.4506247,-6,-3,-42
1759483006.4866247,-2,-4,-41
1759483006.5256248,0,5,-43
1759483006.5626247,1,3,-34
1759483006.6016247,5,0,-43
1759483006.6396248,3,3,-45
1759483006.6756248,1,0,-45
1759483006.7126248,-1,7,-34
1759483006.7516248,0,10,-27
1759483006.7896247,0,0,-24
1759483006.8266249,8,0,-28
1759483006.8636248,4,2,-30
1759483006.9026248,0,5,-28
1759483006.9406247,0,-3,-25
1759483006.9766247,4,0,-31
1759483007.013625,6,2,-42
1759483007.0526247,0,-2,-45
1759483007.0906248,1,4,-37
1759483007.1266248,4,-5,-41
1759483007.1636248,4,-3,-33
1759483007.2026248,3,-4,-45
1759483007.240625,2,-6,-45
1759483007.276625,-2,-3,-40
1759483007.3156247,1,-2,-37
1759483007.352625,2,3,-31
1759483007.3916247,1,0,-33
1759483007.4296248,0,3,-45
1759483007.4656248,2,3,-34
1759483007.5026248,0,5,-44
1759483007.5416248,5,-2,-39
1759483007.5776248,7,-1,-32
1759483007.6146247,-5,-6,-42
1759483007.6526248,-3,-1,-31
1759483007.6916249,-3,-7,-37
1759483007.727625,0,-2,-47
1759483007.7646248,0,-3,-48
1759483007.8026247,7,-2,-39
1759483007.8416247,3,8,-47
1759483007.8776248,-4,1,-46
1759483007.9146247,0,0,-45
1759483007.9526248,2,-3,-44
1759483007.9916248,-5,-10,-40
1759483008.0276248,-10,-3,-23
1759483008.0656247,-5,-2,-31
1759483008.1036248,-1,0,-42
1759483008.1416247,1,-1,-42
1759483008.1806247,9,0,-42
1759483008.2166247,0,1,-38
1759483008.253625,-2,-5,-38
1759483008.2926247,-5,-5,-28
1759483008.3306248,2,-9,-31
1759483008.3666248,0,-3,-36
1759483008.4046247,5,-4,-41
1759483008.4436247,6,0,-41
1759483008.4816248,6,5,-26
1759483008.5176249,-5,3,-26
1759483008.5556247,0,-1,-42
1759483008.5936248,-6,-1,-29
1759483008.6316247,6,-3,-34
1759483008.6686249,4,1,-31
1759483008.7066247,7,4,-32
1759483008.7436247,8,0,-36
1759483008.7826247,0,0,-42
1759483008.8206248,2,2,-48
1759483008.8566248,9,-2,-35
1759483008.8946247,2,2,-40
1759483008.9326248,-6,4,-42
1759483008.9716249,0,9,-42
1759483009.0076249,0,5,-47
1759483009.0446248,-1,3,-41
1759483009.082625,2,-5,-34
1759483009.1216247,-5,0,-47
1759483009.1576247,0,3,-41
1759483009.194625,0,0,-37
1759483009.2326248,2,-3,-46
1759483009.2716248,7,-2,-47
1759483009.3076248,1,-3,-43
1759483009.3456247,-13,0,-37
1759483009.3846247,-6,4,-29
1759483009.4226248,4,1,-37
1759483009.4586248,4,1,-36
1759483009.4966247,5,-3,-36
1759483009.533625,-1,2,-41
1759483009.5726247,-3,-2,-34
1759483009.6086247,0,-2,-49
1759483009.6456249,4,0,-44
1759483009.684625,-2,-2,-41
1759483009.7226248,-5,-10,-52
1759483009.7586248,-1,-3,-39
1759483009.7976248,2,-3,-45
1759483009.8346248,-3,3,-41
1759483009.8726249,1,-5,-44
1759483009.911625,-2,-5,-45
1759483009.9476247,-3,-3,-45
1759483009.9866247,0,-5,-47
1759483010.023625,-2,-3,-40
1759483010.0626247,4,0,-38
1759483010.0996249,3,6,-43
1759483010.1376247,-3,1,-38
1759483010.1746247,1,4,-42
1759483010.2136247,-5,2,-48
1759483010.2516248,-3,0,-60
1759483010.2876248,-4,-5,-46
1759483010.3256247,-5,0,-49
1759483010.3636248,-9,-8,-43
1759483010.4026248,-3,0,-49
1759483010.4386249,4,4,-39
1759483010.4756248,0,0,-36
1759483010.5146248,0,-2,-36
1759483010.5526247,2,0,-46
1759483010.5886247,-7,1,-44
1759483010.625625,-6,-5,-38
1759483010.6646247,-3,-1,-40
1759483010.7026248,1,-3,-45
1759483010.7386248,0,0,-31
1759483010.7756248,-1,2,-37
1759483010.8136249,6,3,-51
1759483010.8516247,12,0,-36
1759483010.888625,2,0,-43
1759483010.9256248,-2,-4,-41
1759483010.9636247,0,-4,-41
1759483011.0026248,-3,1,-46
1759483011.0386248,-4,1,-39
1759483011.0766249,0,1,-45
1759483011.1146247,2,7,-38
1759483011.1536248,1,4,-35
1759483011.1896248,7,-4,-37
1759483011.2286248,0,-9,-43
1759483011.2666247,-1,-9,-42
1759483011.3036249,5,-5,-44
1759483011.342625,-2,-6,-48
1759483011.378625,-4,-1,-49
1759483011.4166248,0,2,-42
1759483011.4556248,-2,-5,-38
1759483011.4936247,0,0,-38
1759483011.5296247,-5,1,-39
1759483011.5666249,0,-1,-35
1759483011.6046247,6,-5,-37
1759483011.6436248,4,2,-37
1759483011.6796248,7,-8,-41
1759483011.7166247,5,-8,-36
1759483011.7546248,0,-3,-34
1759483011.7936249,-2,0,-39
1759483011.829625,-7,-3,-34
1759483011.8676248,-2,0,-40
1759483011.9056249,3,-2,-31
1759483011.944625,-1,-2,-31
1759483011.9826248,-1,-4,-32
1759483012.0186248,0,-1,-28
1759483012.056625,4,2,-36
1759483012.0946248,0,5,-40
1759483012.1336248,2,0,-38
1759483012.1696248,-3,0,-34
1759483012.2086248,0,-6,-45
1759483012.2456248,4,1,-43
1759483012.2846248,0,2,-38
1759483012.3226247,-1,2,-46
1759483012.3586247,4,2,-41
1759483012.3966248,8,-1,-43
1759483012.434625,0,-5,-47
1759483012.4726248,-1,-4,-35
1759483012.5086248,0,-2,-43
1759483012.5456247,-1,0,-43
1759483012.5846248,-3,-3,-33
1759483012.6226249,1,0,-39
1759483012.658625,0,-1,-37
1759483012.6976247,-7,0,-36
1759483012.7346249,4,-5,-33
1759483012.773625,3,5,-44
1759483012.809625,-2,3,-37
1759483012.8476248,-3,-4,-33
1759483012.8866248,-3,-8,-39
1759483012.9246247,-5,-8,-34
1759483012.9606247,-3,-4,-32
1759483012.9996247,-13,1,-34
1759483013.0376248,-8,3,-36
1759483013.0756247,-10,6,-36
1759483013.1136248,-4,4,-40
1759483013.1496248,-2,1,-41
1759483013.1876247,2,3,-40
1759483013.2246249,-7,1,-41
1759483013.263625,-2,-3,-33
1759483013.2996247,1,-1,-34
1759483013.3376248,0,-1,-42
1759483013.3766248,-2,5,-40
1759483013.4146247,-3,2,-39
1759483013.4506247,-6,-4,-34
1759483013.4886248,4,8,-35
1759483013.5276248,2,8,-47
1759483013.5656247,2,-2,-44
1759483013.6036248,-3,-3,-39
1759483013.6396248,-2,-3,-41
1759483013.6786249,2,0,-35
1759483013.7156248,6,-5,-41
1759483013.7546248,8,-4,-39
1759483013.7906249,2,0,-51
1759483013.8286247,4,2,-41
1759483013.865625,2,-4,-46
1759483013.9046247,5,0,-50
1759483013.9406247,2,4,-46
1759483013.9786248,-2,6,-37
1759483014.0156248,0,1,-40
1759483014.0546248,4,3,-38
1759483014.0906248,-3,1,-46
1759483014.128625,1,-3,-36
1759483014.1666248,-5,0,-35
1759483014.2056248,3,-4,-41
1759483014.2436247,0,-2,-54
1759483014.2806249,5,2,-46
1759483014.3176248,1,6,-31
1759483014.355625,-8,4,-37
1759483014.3946247,-6,2,-38
1759483014.4306247,-4,1,-46
1759483014.467625,-1,5,-35
1759483014.5066247,1,-2,-40
1759483014.5446248,0,-5,-35
1759483014.5806248,-2,0,-45
1759483014.6176248,-1,0,-43
1759483014.6556249,-1,-5,-38
1759483014.694625,0,0,-41
1759483014.730625,2,-4,-40
1759483014.7676249,-7,-3,-46
1759483014.8056247,-3,-4,-41
1759483014.8446248,-3,7,-34
1759483014.8806248,-7,1,-38
1759483014.9186249,1,0,-36
1759483014.9556248,7,0,-31
1759483014.9946249,0,-3,-32
1759483015.0306249,0,1,-39
1759483015.0686247,-1,-4,-43
1759483015.105625,1,-6,-46
1759483015.1446247,0,-3,-44
1759483015.1806247,1,-4,-50
1759483015.2186248,-3,0,-57
1759483015.2566247,0,2,-49
1759483015.2946248,-2,8,-40
1759483015.3306248,0,0,-30
1759483015.3686247,6,0,-31
1759483015.4066248,0,-3,-33
1759483015.4506247,7,3,-29
1759483015.4886248,9,5,-39
1759483015.526625,2,6,-49
1759483015.5646248,2,0,-37
1759483015.6006248,0,0,-30
1759483015.6396248,1,0,-35
1759483015.6776247,0,-1,-34
1759483015.7156248,-1,5,-35
1759483015.7526248,-1,3,-27
1759483015.7906249,0,2,-40
1759483015.8286247,0,7,-35
1759483015.8666248,2,1,-49
1759483015.9046247,-5,3,-43
1759483015.9406247,-1,5,-39
1759483015.9786248,1,4,-37
1759483016.0166247,-5,6,-39
1759483016.0556247,-2,2,-36
1759483016.0916247,-3,0,-30
1759483016.1306248,0,9,-33
1759483016.1686249,3,0,-45
1759483016.2066247,0,-1,-46
1759483016.2446249,1,7,-37
1759483016.2806249,4,0,-46
1759483016.3176248,-1,6,-49
1759483016.3566248,0,2,-41
1759483016.3926249,-10,1,-41
1759483016.4306247,2,-5,-41
1759483016.4686248,7,0,-45
1759483016.5066247,1,0,-43
1759483016.5426247,2,0,-34
1759483016.579625,2,0,-44
1759483016.6186247,7,4,-37
1759483016.6566248,3,5,-44
1759483016.6926248,4,8,-40
1759483016.730625,0,3,-39
1759483016.7676249,4,1,-28
1759483016.806625,-1,-4,-23
1759483016.842625,0,2,-33
1759483016.8806248,-3,0,-42
1759483016.9176247,-3,0,-30
1759483016.9566247,-1,-2,-37
1759483016.9926248,-1,-5,-39
1759483017.0306249,-7,-4,-42
1759483017.069625,-5,-6,-47
1759483017.1076248,0,3,-43
1759483017.1456249,5,0,-44
1759483017.181625,0,5,-47
1759483017.2196248,2,0,-42
1759483017.2576249,-1,0,-48
1759483017.2956247,-1,-4,-49
1759483017.3316247,-5,-8,-47
1759483017.3706248,-4,2,-44
1759483017.4076247,-3,-1,-37
1759483017.4466248,0,-2,-27
1759483017.4826248,2,0,-35
1759483017.5196247,-2,0,-41
1759483017.5576248,-2,-2,-38
1759483017.5966249,0,2,-39
1759483017.6326249,4,1,-38
1759483017.6696248,0,1,-47
1759483017.707625,4,1,-48
1759483017.7466247,3,4,-47
1759483017.7826247,0,0,-46
1759483017.819625,-3,-1,-49
1759483017.8576248,2,0,-44
1759483017.8966248,-2,1,-43
1759483017.9326248,2,-6,-40
1759483017.9706247,-2,-3,-39
1759483018.0086248,-2,0,-39
1759483018.0476248,-2,3,-39
1759483018.0836248,-1,0,-25
1759483018.1226249,3,1,-33
1759483018.1606247,3,-1,-43
1759483018.1986248,-2,0,-32
1759483018.2366247,3,-2,-50
1759483018.2726247,1,0,-51
1759483018.3106248,-5,0,-36
1759483018.3476248,-6,4,-51
1759483018.3866248,-3,-3,-44
1759483018.4226248,0,-1,-41
1759483018.4606247,-3,-7,-42
1759483018.4986248,-1,-4,-51
1759483018.536625,-2,1,-36
1759483018.5726247,2,5,-39
1759483018.6096249,-1,0,-54
1759483018.6476247,-1,-5,-67
1759483018.6866248,0,2,-54
1759483018.7226248,-9,1,-39
1759483018.7596247,2,2,-34
1759483018.7986248,-4,1,-32
1759483018.8366249,-4,4,-35
1759483018.8726249,0,-6,-44
1759483018.9096248,4,2,-54
1759483018.9486248,3,-2,-41
1759483018.9866247,2,-4,-52
1759483019.0226247,-1,-1,-50
1759483019.0616248,0,-2,-45
1759483019.0986247,-2,0,-33
1759483019.1376247,0,0,-41
1759483019.1736248,-5,5,-35
1759483019.2126248,-7,-3,-43
1759483019.250625,-4,-1,-46
1759483019.2886248,2,2,-44
1759483019.3266249,-2,-2,-39
1759483019.362625,5,1,-39
1759483019.4006248,6,2,-46
1759483019.4386249,1,1,-37
1759483019.4766247,-3,2,-37
1759483019.5126247,-1,0,-34
1759483019.5506248,2,7,-29
1759483019.5886247,-4,5,-37
1759483019.6266248,-1,4,-41
1759483019.6626248,5,5,-37
1759483019.7006247,5,3,-43
1759483019.7386248,2,0,-38
1759483019.7746248,4,-2,-38
1759483019.8116248,1,-2,-42
1759483019.8496249,-2,-3,-39
1759483019.888625,0,-1,-35
1759483019.9246247,-1,0,-20
1759483019.9616249,-2,-1,-25
1759483019.9996247,-10,-7,-35
1759483020.0386248,-1,0,-46
1759483020.0746248,0,-1,-44
1759483020.1136248,5,-5,-39
1759483020.151625,-2,-9,-43
1759483020.1886249,0,-2,-36
1759483020.227625,7,-1,-36
1759483020.263625,6,0,-40
1759483020.3016248,1,4,-47
1759483020.339625,-3,0,-48
1759483020.3776248,-6,3,-26
1759483020.4136248,-1,3,-34
1759483020.4516249,-3,1,-38
1759483020.4896247,4,-2,-44
1759483020.5276248,10,0,-46
1759483020.5636249,3,-1,-38
1759483020.6016247,-3,0,-34
1759483020.6396248,2,-3,-37
1759483020.6776247,6,-4,-36
1759483020.7136247,-1,-1,-40
1759483020.7526248,-4,-2,-45
1759483020.7896247,7,-7,-34
1759483020.8286247,2,-5,-42
1759483020.8646247,0,-4,-42
1759483020.901625,0,0,-54
1759483020.9396248,2,-1,-42
1759483020.9786248,5,0,-42
1759483021.0146248,1,0,-41
1759483021.0516248,-4,1,-39
1759483021.089625,3,-7,-28
1759483021.128625,4,-6,-31
1759483021.1646247,0,-2,-37
1759483021.2026248,5,2,-33
1759483021.2416248,5,6,-35
1759483021.2796247,0,-3,-39
1759483021.3176248,4,6,-40
1759483021.3536248,5,2,-47
1759483021.3906248,0,-3,-50
1759483021.4296248,0,2,-48
1759483021.467625,-5,-2,-35
1759483021.503625,-1,-1,-33
1759483021.5426247,-1,1,-34
1759483021.579625,0,-1,-35
1759483021.6186247,0,-8,-38
1759483021.6546247,2,-5,-41
1759483021.6926248,-4,-3,-36
1759483021.7296247,-5,0,-35
1759483021.7686248,-2,2,-34
1759483021.8046248,-3,4,-34
1759483021.842625,0,-4,-43
1759483021.8796248,2,0,-31
1759483021.9186249,3,0,-28
1759483021.954625,-4,-1,-30
1759483021.9926248,-3,-2,-31
1759483022.0306249,-3,-1,-37
1759483022.069625,-6,-2,-36
1759483022.105625,0,-7,-37
1759483022.1436248,9,-2,-38
1759483022.181625,6,-4,-39
1759483022.2206247,0,4,-46
1759483022.2586248,-1,2,-37
1759483022.2946248,-3,-6,-37
1759483022.332625,1,-4,-42
1759483022.3716247,-5,3,-38
1759483022.4096248,-5,4,-49
1759483022.4456248,8,0,-44
1759483022.4826248,0,-3,-44
1759483022.5216248,-2,2,-44
1759483022.559625,1,0,-55
1759483022.5956247,-2,2,-48
1759483022.6326249,-7,0,-45
1759483022.671625,-9,1,-47
1759483022.7096248,-10,-2,-44
1759483022.7456248,-4,2,-28
1759483022.7826247,0,-2,-29
1759483022.8216248,0,0,-38
1759483022.8596249,-4,2,-39
1759483022.8956249,-1,-2,-42
1759483022.934625,0,-2,-41
1759483022.9716249,4,1,-38
1759483023.010625,3,-5,-40
1759483023.0486248,-3,0,-45
1759483023.0846248,-5,9,-32
1759483023.1216247,-2,4,-46
1759483023.1606247,5,2,-37
1759483023.1966248,7,0,-36
1759483023.2346249,2,-2,-33
1759483023.2716248,4,0,-53
1759483023.3106248,-6,0,-50
1759483023.3466249,-10,-2,-52
1759483023.3846247,-2,-4,-42
1759483023.4226248,-4,-3,-40
1759483023.4606247,-7,-2,-41
1759483023.4996247,0,0,-46
1759483023.536625,1,1,-38
1759483023.5736248,-1,0,-35
1759483023.6116247,2,-3,-37
1759483023.6506248,-1,-3,-33
1759483023.6866248,-4,-2,-40
1759483023.7256248,0,8,-29
1759483023.7626247,1,6,-34
1759483023.8006248,1,9,-42
1759483023.839625,2,2,-33
1759483023.875625,-2,0,-30
1759483023.9126248,2,0,-31
1759483023.9516249,-2,-9,-32
1759483023.9896247,2,2,-37
1759483024.0256248,0,0,-35
1759483024.0636249,7,0,-42
1759483024.102625,0,1,-35
1759483024.1406248,-5,2,-33
1759483024.1776247,-3,5,-37
1759483024.214625,3,6,-35
1759483024.253625,-3,1,-46
1759483024.2916248,5,0,-47
1759483024.329625,-5,2,-39
1759483024.365625,-1,0,-51
1759483024.4046247,-5,-2,-36
1759483024.4426248,0,-2,-28
1759483024.480625,-1,-2,-43
1759483024.5166247,-1,1,-44
1759483024.5546248,3,-4,-41
1759483024.5936248,-9,-2,-51
1759483024.6316247,0,4,-48
1759483024.6696248,5,13,-39
1759483024.7056248,3,3,-44
1759483024.7436247,1,-2,-41
1759483024.7816248,-3,0,-30
1759483024.819625,0,1,-36
1759483024.855625,-1,6,-35
1759483024.8936248,-3,6,-35
1759483024.9326248,-1,1,-36
1759483024.9706247,-1,0,-42
1759483025.0066247,0,0,-39
1759483025.0436249,-2,3,-46
1759483025.082625,2,5,-41
1759483025.1206248,-4,0,-36
1759483025.1566248,0,0,-35
1759483025.194625,-3,6,-31
1759483025.2326248,-2,5,-31
1759483025.2706249,-1,3,-48
1759483025.306625,-2,-1,-33
1759483025.3446248,-2,-3,-37
1759483025.3836248,-6,-11,-46
1759483025.421625,-3,0,-40
1759483025.4666247,0,-3,-41
1759483025.5046248,3,3,-44
1759483025.5426247,1,0,-49
1759483025.5806248,-2,0,-48
1759483025.6166248,-4,1,-39
1759483025.6546247,-3,1,-39
1759483025.6926248,3,0,-48
1759483025.7316248,-7,1,-47
1759483025.7676249,0,-2,-44
1759483025.8056247,3,0,-41
1759483025.842625,1,8,-38
1759483025.8816247,-4,8,-34
1759483025.9176247,0,6,-45
1759483025.954625,1,-3,-38
1759483025.9926248,-3,-4,-35
1759483026.0316248,0,-3,-42
1759483026.0676248,1,-2,-41
1759483026.1046247,1,-5,-42
1759483026.1426249,-2,7,-38
1759483026.181625,-2,-3,-41
1759483026.217625,-2,-4,-49
1759483026.2566247,-9,3,-47
1759483026.2936249,0,-1,-45
1759483026.332625,-7,2,-39
1759483026.3706248,-3,8,-53
1759483026.4066248,-6,5,-51
1759483026.4436247,-3,0,-47
1759483026.4826248,-2,2,-52
1759483026.5206249,-1,2,-43
1759483026.556625,0,-3,-44
1759483026.5946248,-3,-8,-48
1759483026.6326249,5,1,-38
1759483026.6706247,-5,2,-36
1759483026.7066247,2,1,-41
1759483026.7436247,-4,1,-42
1759483026.7826247,-2,3,-48
1759483026.819625,0,-5,-48
1759483026.8566248,0,-5,-39
1759483026.8956249,8,-3,-41
1759483026.9336247,6,-3,-40
1759483026.9716249,-1,-2,-45
1759483027.0086248,-4,0,-45
1759483027.0456247,-6,-4,-39
1759483027.0836248,-5,-9,-38
1759483027.1226249,-2,-9,-27
1759483027.158625,-3,-1,-33
1759483027.1966248,-2,-3,-32
1759483027.2346249,5,0,-40
1759483027.2726247,-3,4,-46
1759483027.3116248,-7,0,-43
1759483027.3476248,-4,-2,-36
1759483027.3866248,-6,1,-44
1759483027.4246247,-2,3,-38
1759483027.4626248,-2,-2,-43
1759483027.4986248,-2,-7,-43
1759483027.5376248,-2,-4,-51
1759483027.5746248,-2,-11,-51
1759483027.6136248,-5,-2,-40
1759483027.651625,-7,-2,-46
1759483027.6876247,-11,0,-44
1759483027.7256248,-5,-1,-44
1759483027.763625,0,-2,-46
1759483027.8026247,-1,4,-43
1759483027.8386247,0,10,-45
1759483027.8766248,0,6,-44
1759483027.9156249,-4,0,-35
1759483027.9536247,7,0,-35
1759483027.9916248,4,-6,-40
1759483028.0276248,-1,-3,-42
1759483028.0656247,-3,0,-43
1759483028.1046247,-1,-1,-41
1759483028.1426249,0,-1,-42
1759483028.1786249,4,3,-33
1759483028.2156248,-2,6,-32
1759483028.2546248,-9,1,-35
1759483028.2926247,-5,-2,-42
1759483028.3286247,0,-1,-38
1759483028.3676248,5,-3,-34
1759483028.4046247,9,-6,-47
1759483028.4436247,8,4,-46
1759483028.4796247,3,-5,-45
1759483028.5176249,-1,-3,-31
1759483028.5556247,-1,-4,-36
1759483028.5936248,0,-1,-41
1759483028.6296248,2,-6,-42
1759483028.6676247,5,0,-30
1759483028.704625,5,4,-39
1759483028.7436247,3,-1,-39
1759483028.7796247,10,-4,-36
1759483028.8176248,0,0,-33
1759483028.8546247,1,0,-34
1759483028.8936248,-1,-6,-45
1759483028.9296248,-5,-1,-37
1759483028.967625,0,-11,-44
1759483029.0056248,0,-6,-44
1759483029.0446248,-7,-1,-48
1759483029.082625,-5,1,-49
1759483029.1186247,-1,0,-27
1759483029.1576247,0,2,-35
1759483029.194625,5,7,-56
1759483029.2336247,1,5,-46
1759483029.2696247,0,-2,-47
1759483029.306625,-4,-3,-45
1759483029.3446248,-6,0,-40
1759483029.3836248,-2,-1,-40
1759483029.4196248,-3,-1,-41
1759483029.4586248,-2,0,-50
1759483029.4956248,-8,0,-50
1759483029.5346248,0,-1,-50
1759483029.5726247,0,0,-38
1759483029.6086247,1,6,-37
1759483029.6456249,2,3,-32
1759483029.684625,5,0,-40
1759483029.7226248,8,0,-39
1759483029.7586248,9,0,-39
1759483029.796625,6,-3,-39
1759483029.8346248,4,-3,-36
1759483029.8736248,0,-1,-42
1759483029.9096248,0,-7,-52
1759483029.9466248,0,-3,-47
1759483029.9846249,-4,-5,-33
1759483030.023625,-5,-8,-40
1759483030.059625,0,-5,-32
1759483030.0966249,2,6,-33
1759483030.1346247,7,3,-39
1759483030.1736248,0,-6,-49
1759483030.2096248,1,-6,-45
1759483030.2476249,4,-2,-56
1759483030.286625,0,-2,-49
1759483030.3246248,0,0,-42
1759483030.3606248,-3,-1,-37
1759483030.398625,-6,3,-36
1759483030.4376247,-4,0,-37
1759483030.4756248,-8,-3,-31
1759483030.513625,-1,-6,-39
1759483030.5496247,0,-1,-25
1759483030.5876248,-2,-6,-26
1759483030.625625,1,-2,-40
1759483030.6646247,7,1,-40
1759483030.7006247,5,0,-37
1759483030.7386248,3,-1,-44
1759483030.776625,0,-5,-46
1759483030.8146248,3,-5,-40
1759483030.8506248,1,-5,-27
1759483030.8896248,2,-1,-32
1759483030.9276247,4,-2,-37
1759483030.9656248,3,-5,-34
1759483031.003625,0,0,-45
1759483031.0396247,4,3,-42
1759483031.0786247,0,-2,-39
1759483031.115625,-1,-1,-45
1759483031.1546247,-5,5,-35
1759483031.1916249,6,1,-42
1759483031.2286248,-1,-1,-64
1759483031.2676249,-1,-9,-56
1759483031.3056247,1,-1,-36
1759483031.3436248,7,8,-38
1759483031.3796248,5,8,-44
1759483031.4176247,-5,0,-36
1759483031.4556248,0,-1,-32
1759483031.4936247,-3,0,-31
1759483031.5296247,-6,4,-28
1759483031.5676248,0,1,-40
1759483031.605625,11,0,-33
1759483031.6436248,4,-2,-51
1759483031.6796248,3,0,-47
1759483031.717625,1,-8,-40
1759483031.7556248,4,0,-41
1759483031.7936249,2,-3,-39
1759483031.829625,1,1,-37
1759483031.8676248,2,0,-36
1759483031.9056249,2,0,-39
1759483031.9416249,-3,3,-48
1759483031.9786248,0,-2,-41
1759483032.0176249,-4,1,-39
1759483032.0556247,-1,5,-31
1759483032.0916247,-7,5,-34
1759483032.128625,0,0,-47
1759483032.1676247,-1,4,-37
1759483032.2056248,2,4,-40
1759483032.2416248,0,-2,-45
1759483032.2786248,1,2,-44
1759483032.3176248,-6,-2,-39
1759483032.355625,1,0,-39
1759483032.3916247,0,0,-44
1759483032.4296248,0,-1,-38
1759483032.467625,-7,-1,-34
1759483032.5056248,-3,0,-45
1759483032.5416248,-3,0,-35
1759483032.5786247,5,-2,-45
1759483032.6176248,0,-5,-40
1759483032.6556249,-10,7,-37
1759483032.6916249,-4,3,-32
1759483032.7296247,0,5,-43
1759483032.7666247,-3,0,-49
1759483032.8056247,-1,0,-25
1759483032.8416247,-4,0,-26
1759483032.8796248,6,1,-34
1759483032.9176247,1,5,-46
1759483032.9566247,5,6,-42
1759483032.9946249,-2,4,-44
1759483033.0306249,-6,1,-45
1759483033.0676248,-9,0,-41
1759483033.1066248,-7,8,-47
1759483033.1446247,-13,12,-54
1759483033.1806247,3,5,-41
1759483033.217625,4,2,-39
1759483033.2566247,2,0,-43
1759483033.2946248,-2,-1,-38
1759483033.3306248,-5,3,-36
1759483033.3676248,0,0,-40
1759483033.4066248,-2,-5,-30
1759483033.444625,0,3,-42
1759483033.480625,0,1,-44
1759483033.5176249,1,1,-47
1759483033.556625,-3,5,-33
1759483033.5946248,-2,4,-35
1759483033.6306248,4,1,-33
1759483033.6676247,5,1,-26
1759483033.7066247,-3,2,-43
1759483033.7426248,-5,-1,-36
1759483033.7806249,-1,-3,-42
1759483033.8186247,0,-3,-43
1759483033.8576248,-5,-4,-39
1759483033.8956249,5,-2,-31
1759483033.931625,7,3,-31
1759483033.9696248,1,-1,-35
1759483034.0066247,5,-1,-39
1759483034.0456247,0,-2,-47
1759483034.0816247,2,-1,-45
1759483034.1206248,-3,-2,-42
1759483034.158625,-2,-2,-41
1759483034.1966248,-5,2,-42
1759483034.2326248,-8,1,-41
1759483034.2706249,-3,0,-35
1759483034.3086247,6,-1,-33
1759483034.3476248,5,-3,-42
1759483034.385625,1,-1,-29
1759483034.421625,7,-4,-31
1759483034.4596248,8,0,-28
1759483034.4976249,7,-2,-31
1759483034.536625,2,-5,-37
1759483034.5726247,-2,-6,-37
1759483034.6116247,2,0,-42
1759483034.648625,0,0,-39
1759483034.6876247,-2,3,-42
1759483034.7256248,-1,-2,-38
1759483034.7616248,0,-1,-34
1759483034.7986248,-6,1,-51
1759483034.8376248,-1,-4,-38
1759483034.875625,3,1,-36
1759483034.911625,9,4,-47
1759483034.9486248,0,-4,-40
1759483034.987625,8,0,-41
1759483035.0256248,8,-3,-39
1759483035.0616248,4,-3,-50
1759483035.1006248,5,-4,-44
1759483035.1376247,9,-3,-28
1759483035.1766248,6,-2,-45
1759483035.2126248,0,0,-46
1759483035.250625,3,-4,-57
1759483035.2876248,0,4,-36
1759483035.3266249,-3,1,-31
1759483035.362625,2,2,-44
1759483035.4006248,-4,1,-33
1759483035.4376247,2,0,-22
1759483035.4826248,1,-4,-37
1759483035.5206249,-2,-2,-40
1759483035.5586247,6,-10,-35
1759483035.5966249,1,-6,-36
1759483035.6326249,0,-4,-31
1759483035.6706247,-2,1,-33
1759483035.7096248,0,3,-36
1759483035.7476249,1,0,-46
1759483035.783625,2,4,-38
1759483035.8216248,-1,2,-34
1759483035.8586247,5,-2,-43
1759483035.8976247,6,-4,-42
1759483035.9336247,0,-5,-38
1759483035.9706247,2,-6,-33
1759483036.0096247,-6,-1,-43
1759483036.0476248,-5,-2,-44
1759483036.0836248,-3,-1,-39
1759483036.1216247,-7,4,-38
1759483036.1596248,-3,-1,-40
1759483036.1986248,3,0,-32
1759483036.2366247,3,-1,-46
1759483036.2726247,3,-2,-34
1759483036.3116248,0,1,-41
1759483036.3486247,11,-6,-41
1759483036.3876247,7,-3,-37
1759483036.4236248,6,-6,-36
1759483036.4616249,1,-3,-42
1759483036.500625,4,-4,-43
1759483036.5386248,3,-1,-27
1759483036.5766249,0,0,-36
1759483036.612625,5,1,-45
1759483036.6496248,2,1,-45
1759483036.6886249,0,-3,-36
1759483036.7266247,-6,-2,-51
1759483036.7626247,-3,3,-43
1759483036.8006248,2,1,-39
1759483036.8386247,0,-6,-34
1759483036.8766248,1,0,-45
1759483036.9126248,1,0,-46
1759483036.9506247,0,-2,-36
1759483036.9886248,4,2,-37
1759483037.026625,9,0,-45
1759483037.0626247,2,2,-42
1759483037.1006248,0,0,-50
1759483037.138625,-4,3,-46
1759483037.1746247,0,1,-41
1759483037.2116249,-2,-2,-30
1759483037.2496247,6,-5,-35
1759483037.2886248,8,0,-40
1759483037.3246248,9,0,-38
1759483037.3616247,4,2,-56
1759483037.3996248,7,-1,-49
1759483037.4386249,8,2,-40
1759483037.4746249,-2,-6,-45
1759483037.5126247,-2,-4,-46
1759483037.5506248,-5,3,-50
1759483037.589625,-1,4,-44
1759483037.6276248,-5,2,-46
1759483037.6636248,-3,-9,-39
1759483037.7016249,3,-1,-39
1759483037.7396247,0,-4,-33
1759483037.7786248,-1,0,-38
1759483037.8146248,0,-1,-41
1759483037.8536248,4,-2,-39
1759483037.8906248,0,-7,-32
1759483037.9296248,1,-4,-36
1759483037.967625,9,-6,-36
1759483038.003625,4,1,-40
1759483038.0406249,1,1,-38
1759483038.079625,-4,-7,-38
1759483038.1176248,-4,-6,-33
1759483038.1536248,0,0,-38
1759483038.1906247,1,-1,-41
1759483038.2296247,2,-2,-42
1759483038.2676249,10,0,-44
1759483038.3036249,3,1,-50
1759483038.3406248,-3,-3,-41
1759483038.3796248,4,-5,-46
1759483038.4176247,3,-10,-48
1759483038.4536247,-1,-10,-44
1759483038.4926248,4,-4,-43
1759483038.5296247,0,-1,-41
1759483038.5686247,0,-6,-50
1759483038.6046247,-1,-1,-54
1759483038.6426249,-8,-2,-46
1759483038.681625,-8,-2,-21
1759483038.7196248,-2,-3,-29
1759483038.7576249,1,1,-29
1759483038.7936249,0,2,-43
1759483038.8316247,3,0,-52
1759483038.8696249,2,0,-45
1759483038.9056249,3,0,-49
1759483038.944625,3,0,-35
1759483038.9826248,-4,7,-41
1759483039.0196247,2,3,-42
1759483039.0586247,10,0,-35
1759483039.0946248,5,-2,-34
1759483039.1326249,3,0,-27
1759483039.1696248,1,-1,-46
1759483039.2086248,-3,-7,-40
1759483039.2446249,4,-3,-40
1759483039.2826247,-3,-2,-38
1759483039.319625,1,-1,-41
1759483039.355625,2,0,-43
1759483039.3936248,3,3,-36
1759483039.431625,4,-5,-35
1759483039.4696248,2,-3,-28
1759483039.5056248,0,0,-31
1759483039.5426247,3,5,-32
1759483039.5806248,5,-2,-39
1759483039.6196249,-2,1,-37
1759483039.6556249,-1,1,-32
1759483039.694625,-5,-1,-41
1759483039.7326248,4,-2,-47
1759483039.7706249,5,0,-40
1759483039.8086247,2,-4,-40
1759483039.8446248,3,-5,-30
1759483039.8826249,5,0,-28
1759483039.9206247,-5,6,-41
1759483039.9586248,0,1,-42
1759483039.9946249,-4,2,-38
1759483040.0326247,5,2,-35
1759483040.0706248,1,-3,-56
1759483040.1086247,-1,4,-46
1759483040.1446247,3,-7,-42
1759483040.1826248,-3,6,-40
1759483040.2206247,0,4,-34
1759483040.2586248,4,-1,-34
1759483040.2946248,-4,0,-36
1759483040.332625,-5,-2,-38
1759483040.3706248,-3,0,-37
1759483040.408625,-5,2,-39
1759483040.444625,-3,2,-51
1759483040.4826248,3,2,-34
1759483040.5206249,-7,2,-33
1759483040.5586247,-2,-1,-44
1759483040.5946248,5,2,-32
1759483040.6326249,1,0,-32
1759483040.6706247,1,-2,-40
1759483040.7066247,-1,0,-43
1759483040.7446249,1,-8,-52
1759483040.783625,4,1,-40
1759483040.8216248,7,-4,-35
1759483040.8596249,10,-7,-35
1759483040.8956249,4,-3,-38
1759483040.9336247,2,2,-41
1759483040.9706247,-1,1,-46
1759483041.0096247,5,-2,-36
1759483041.0456247,-4,0,-35
1759483041.082625,6,-2,-38
1759483041.1206248,1,-4,-30
1759483041.1596248,1,-5,-36
1759483041.1956248,1,-5,-38
1759483041.2336247,0,-4,-51
1759483041.2706249,0,-4,-46
1759483041.309625,1,-4,-41
1759483041.3456247,-3,-8,-41
1759483041.3836248,0,1,-52
1759483041.421625,-4,1,-33
1759483041.4606247,-1,0,-44
1759483041.4966247,-3,-5,-39
1759483041.5356247,0,-3,-39
1759483041.5716248,2,4,-41
1759483041.6106248,-2,4,-43
1759483041.6466248,6,0,-39
1759483041.6836247,2,1,-50
1759483041.7226248,-5,1,-48
1759483041.760625,3,-1,-47
1759483041.796625,2,0,-45
1759483041.8346248,-7,-3,-32
1759483041.8726249,-8,-4,-35
1759483041.9106247,0,-3,-43
1759483041.9466248,-3,1,-42
1759483041.9856248,2,-1,-42
1759483042.0226247,5,-4,-37
1759483042.0616248,3,-3,-50
1759483042.0996249,-3,0,-47
1759483042.135625,0,4,-41
1759483042.1726248,2,-2,-45
1759483042.2116249,-4,0,-35
1759483042.2496247,-5,1,-48
1759483042.2856247,1,0,-36
1759483042.3226247,2,6,-47
1759483042.3616247,1,0,-53
1759483042.398625,3,2,-35
1759483042.4356248,0,3,-44
1759483042.4736247,0,0,-48
1759483042.5116248,7,-3,-37
1759483042.5506248,-1,0,-43
1759483042.5866249,-2,-11,-48
1759483042.6246247,-6,-6,-49
1759483042.6636248,-4,0,-37
1759483042.7016249,-1,0,-35
1759483042.737625,6,3,-33
1759483042.7746248,0,0,-38
1759483042.8136249,-4,0,-42
1759483042.8516247,-1,6,-39
1759483042.8876247,10,7,-31
1759483042.9246247,2,0,-38
1759483042.9636247,-5,4,-34
1759483043.0016248,-1,7,-41
1759483043.0376248,-2,4,-40
1759483043.0756247,-5,3,-36
1759483043.1136248,-1,-1,-37
1759483043.151625,0,0,-39
1759483043.1876247,0,-7,-32
1759483043.2256248,-1,-3,-36
1759483043.2626247,5,4,-41
1759483043.3016248,2,3,-51
1759483043.3376248,0,4,-40
1759483043.375625,-3,1,-40
1759483043.4126248,0,0,-36
1759483043.4516249,-1,0,-35
1759483043.487625,4,-3,-41
1759483043.5256248,7,-1,-43
1759483043.5646248,7,-5,-30
1759483043.602625,-4,-3,-41
1759483043.6406248,0,6,-40
1759483043.6766248,-4,1,-40
1759483043.714625,0,0,-43
1759483043.7526248,2,-3,-42
1759483043.7906249,1,-3,-37
1759483043.8266249,-2,-1,-43
1759483043.865625,1,-3,-42
1759483043.9026248,4,4,-45
1759483043.9416249,-1,-2,-37
1759483043.977625,-1,0,-37
1759483044.0156248,-4,-3,-34
1759483044.0526247,-7,3,-49
1759483044.0916247,-4,-1,-36
1759483044.1276248,0,3,-31
1759483044.1656249,4,-6,-39
1759483044.2036247,5,0,-38
1759483044.2416248,3,3,-42
1759483044.2776248,0,-6,-31
1759483044.3146248,5,0,-36
1759483044.352625,1,-5,-31
1759483044.3916247,-1,-3,-33
1759483044.4276247,4,-2,-24
1759483044.464625,3,1,-36
1759483044.5026248,-2,0,-41
1759483044.5416248,3,-1,-35
1759483044.5776248,-1,1,-33
1759483044.615625,1,-5,-38
1759483044.6526248,5,-2,-44
1759483044.6916249,-8,0,-35
1759483044.727625,-4,0,-38
1759483044.7646248,0,1,-41
1759483044.8036249,-2,-1,-47
1759483044.8416247,5,-6,-35
1759483044.8776248,4,-10,-43
1759483044.9156249,0,-2,-29
1759483044.9536247,-4,0,-42
1759483044.9916248,5,1,-39
1759483045.0276248,2,0,-43
1759483045.0646248,-5,-3,-47
1759483045.1036248,0,8,-38
1759483045.1416247,0,-1,-46
1759483045.1776247,-1,0,-41
1759483045.214625,-2,3,-37
1759483045.253625,-4,2,-48
1759483045.2916248,-4,-3,-48
1759483045.3276248,-6,-6,-53
1759483045.365625,4,0,-49
1759483045.4046247,0,-6,-40
1759483045.4426248,0,-2,-44
1759483045.487625,-1,0,-33
1759483045.5256248,-4,0,-31
1759483045.5636249,0,-2,-34
1759483045.6016247,-3,-1,-36
1759483045.6376247,0,-5,-41
1759483045.6756248,-2,0,-38
1759483045.7136247,-1,0,-41
1759483045.7526248,0,1,-41
1759483045.7886248,0,-2,-40
1759483045.8256247,-5,0,-53
1759483045.8646247,-4,5,-36
1759483045.9026248,-2,3,-41
1759483045.9386249,5,5,-43
1759483045.9766247,-2,0,-43
1759483046.0146248,3,-2,-43
1759483046.0536249,6,-4,-40
1759483046.089625,4,-9,-43
1759483046.1276248,-4,1,-41
1759483046.1666248,1,-2,-30
1759483046.2036247,1,2,-43
1759483046.2426248,8,-1,-54
1759483046.2786248,0,-3,-50
1759483046.3176248,-7,-1,-41
1759483046.355625,-6,5,-39
1759483046.3936248,-9,6,-42
1759483046.4306247,-6,9,-36
1759483046.467625,-1,4,-42
1759483046.5066247,2,5,-39
1759483046.5446248,1,0,-32
1759483046.582625,2,-7,-27
1759483046.6186247,0,-1,-39
1759483046.6576247,-6,-1,-45
1759483046.6956248,0,1,-41
1759483046.7336247,5,2,-46
1759483046.7696247,5,7,-41
1759483046.806625,0,0,-44
1759483046.8456247,3,2,-32
1759483046.8836248,-5,-3,-45
1759483046.9196248,-1,2,-43
1759483046.9566247,0,2,-42
1759483046.9956248,-8,7,-31
1759483047.033625,2,5,-27
1759483047.069625,5,-1,-34
1759483047.1086247,-5,-2,-28
1759483047.1466248,0,0,-33
1759483047.184625,-3,-2,-41
1759483047.2226248,-1,0,-42
1759483047.2586248,7,-7,-41
1759483047.296625,1,-4,-36
1759483047.3346248,9,3,-36
1759483047.3726249,-3,1,-38
1759483047.408625,-3,0,-34
1759483047.4466248,0,-1,-48
1759483047.4846249,1,-3,-49
1759483047.5226247,2,0,-39
1759483047.5586247,0,0,-30
1759483047.5966249,0,-3,-44
1759483047.6346247,0,-6,-35
1759483047.6706247,0,-3,-34
1759483047.7086248,1,-1,-30
1759483047.7466247,-2,-5,-21
1759483047.7846248,0,6,-36
1759483047.8236248,2,3,-25
1759483047.8596249,5,1,-28
1759483047.8966248,0,6,-34
1759483047.934625,2,-1,-43
1759483047.9736247,4,5,-43
1759483048.0096247,0,0,-38
1759483048.046625,8,-1,-36
1759483048.0846248,4,-1,-44
1759483048.1236248,0,0,-39
1759483048.1596248,6,-1,-40
1759483048.1976247,-4,1,-48
1759483048.2346249,2,0,-48
1759483048.273625,-3,7,-34
1759483048.309625,-2,6,-40
1759483048.3466249,-5,0,-52
1759483048.385625,0,3,-38
1759483048.4236248,1,0,-39
1759483048.4596248,3,-1,-43
1759483048.4966247,1,0,-40
1759483048.5356247,-7,0,-40
1759483048.5736248,-9,-3,-33
1759483048.6096249,-2,-4,-35
1759483048.648625,6,-6,-37
1759483048.6856248,-2,-9,-42
1759483048.7246249,2,-1,-26
1759483048.760625,2,4,-38
1759483048.7986248,5,8,-42
1759483048.8376248,4,4,-46
1759483048.875625,0,1,-36
1759483048.9136248,4,-3,-36
1759483048.9496248,-3,0,-28
1759483048.987625,-1,3,-39
1759483049.0256248,0,-1,-50
1759483049.0636249,-3,6,-41
1759483049.0996249,-4,8,-24
1759483049.1376247,-4,2,-38
1759483049.1756248,-4,1,-45
1759483049.2136247,-4,-7,-35
1759483049.2496247,-2,-6,-42
1759483049.2886248,0,6,-30
1759483049.3266249,-4,7,-28
1759483049.3646247,-4,8,-37
1759483049.4006248,-5,6,-40
1759483049.4376247,-2,-3,-48
1759483049.4756248,4,0,-39
1759483049.5146248,1,-2,-40
1759483049.5506248,4,-5,-41
1759483049.5886247,1,-3,-38
1759483049.6276248,2,-7,-39
1759483049.6656249,-5,0,-40
1759483049.7016249,-1,1,-40
1759483049.740625,2,-5,-47
1759483049.7776248,3,-2,-42
1759483049.8166249,7,0,-42
1759483049.8546247,5,8,-46
1759483049.8906248,2,0,-45
1759483049.9276247,10,0,-38
1759483049.9666247,0,-2,-31
1759483050.0046248,-4,-6,-33
1759483050.0406249,-8,-5,-34
1759483050.079625,-5,0,-40
1759483050.1166248,-2,0,-40
1759483050.1556249,-4,-2,-40
1759483050.1916249,-4,1,-40
1759483050.2296247,-7,-1,-34
1759483050.2676249,-5,4,-38
1759483050.3056247,2,3,-48
1759483050.3416247,-2,3,-48
1759483050.3796248,-2,2,-46
1759483050.4176247,3,2,-38
1759483050.4566247,0,2,-37
1759483050.4946249,-3,0,-44
1759483050.5306249,-7,-2,-35
1759483050.569625,0,-6,-41
1759483050.6076248,-11,-6,-37
1759483050.6456249,-6,-3,-30
1759483050.681625,3,-4,-37
1759483050.7186248,0,-5,-37
1759483050.7576249,-4,-3,-48
1759483050.7956247,7,-7,-37
1759483050.8316247,0,-12,-37
1759483050.8706248,6,-13,-46
1759483050.9076247,11,2,-47
1759483050.9466248,4,0,-34
1759483050.9846249,0,-2,-37
1759483051.0206249,1,3,-32
1759483051.0576248,2,2,-37
1759483051.0966249,-2,5,-38
1759483051.1326249,1,0,-37
1759483051.1706247,0,-2,-54
1759483051.207625,2,-1,-49
1759483051.2466247,-4,1,-51
1759483051.2826247,0,4,-39
1759483051.319625,-2,0,-34
1759483051.3576248,8,-2,-49
1759483051.3966248,0,-6,-46
1759483051.4326248,1,0,-44
1759483051.4706247,1,0,-41
1759483051.5076249,0,6,-45
1759483051.546625,3,8,-42
1759483051.582625,0,-2,-35
1759483051.6206248,8,-4,-39
1759483051.6576247,1,2,-42
1759483051.6966248,-7,4,-41
1759483051.7326248,-3,0,-39
1759483051.7696247,-1,12,-35
1759483051.8076248,4,7,-28
1759483051.8466249,3,0,-24
1759483051.8826249,-2,2,-32
1759483051.9206247,-6,-1,-36
1759483051.9586248,-2,1,-43
1759483051.9976249,-2,-2,-43
1759483052.0356247,-3,3,-48
1759483052.0716248,-3,-7,-38
1759483052.1096249,-2,-3,-38
1759483052.1476247,-3,-2,-36
1759483052.1866248,0,-3,-38
1759483052.2226248,-7,1,-36
1759483052.2596247,-1,0,-41
1759483052.2976248,-7,-5,-35
1759483052.3366249,0,0,-39
1759483052.3726249,-1,3,-35
1759483052.4096248,2,2,-37
1759483052.4476247,3,1,-23
1759483052.4866247,2,2,-36
1759483052.5226247,-4,8,-37
1759483052.559625,-3,6,-32
1759483052.5976248,-5,-2,-32
1759483052.6366248,-4,-6,-35
1759483052.6726248,-7,-4,-31
1759483052.7106247,-2,-8,-40
1759483052.7496247,8,-6,-44
1759483052.7876248,4,0,-40
1759483052.8236248,-2,2,-37
1759483052.862625,-5,11,-39
1759483052.8996248,-1,0,-39
1759483052.9376247,-1,0,-31
1759483052.9766247,-1,0,-34
1759483053.0126247,-2,0,-33
1759483053.0516248,1,-2,-34
1759483053.0886247,1,-1,-42
1759483053.1276248,-1,4,-45
1759483053.1646247,5,3,-44
1759483053.2016249,-1,-4,-51
1759483053.240625,6,-3,-45
1759483053.2786248,0,-4,-45
1759483053.3166249,2,2,-43
1759483053.3536248,-4,-9,-45
1759483053.3906248,1,-4,-43
1759483053.4286249,-5,0,-36
1759483053.467625,0,2,-37
1759483053.503625,-4,-2,-35
1759483053.5416248,-1,4,-46
1759483053.579625,-4,2,-34
1759483053.6186247,6,1,-44
1759483053.6566248,11,0,-43
1759483053.6926248,4,-1,-40
1759483053.7316248,-4,-3,-39
1759483053.7686248,-1,-13,-35
1759483053.8076248,-8,-8,-47
1759483053.8436248,-4,0,-44
1759483053.8826249,-3,-6,-45
1759483053.9196248,0,-5,-42
1759483053.9586248,0,0,-43
1759483053.9966247,-2,-2,-32
1759483054.0326247,-6,-5,-42
1759483054.0706248,-4,-9,-43
1759483054.1086247,3,-1,-40
1759483054.1476247,-2,-1,-46
1759483054.1836247,4,3,-40
1759483054.2206247,0,-7,-34
1759483054.2586248,-2,-7,-35
1759483054.2976248,-1,1,-44
1759483054.3336248,2,0,-40
1759483054.3706248,-1,8,-39
1759483054.408625,8,5,-48
1759483054.4476247,-7,3,-38
1759483054.4836247,-4,4,-44
1759483054.5216248,-4,-1,-41
1759483054.559625,-1,2,-39
1759483054.5986247,5,2,-40
1759483054.6346247,-1,-2,-41
1759483054.6736248,7,-2,-52
1759483054.7106247,-2,3,-49
1759483054.7496247,0,2,-47
1759483054.7876248,5,4,-48
1759483054.8236248,5,3,-34
1759483054.8606248,-6,3,-28
1759483054.8996248,4,-1,-34
1759483054.9376247,0,3,-48
1759483054.9736247,-4,0,-41
1759483055.010625,-13,-5,-48
1759483055.0496247,-2,2,-29
1759483055.0876248,-4,-8,-29
1759483055.1236248,-1,-6,-24
1759483055.1626248,-9,-3,-33
1759483055.2006247,-9,-2,-39
1759483055.2386248,-5,-8,-37
1759483055.2746248,-1,-2,-41
1759483055.3126247,-1,-4,-52
1759483055.3506248,6,0,-48
1759483055.3896248,-11,0,-32
1759483055.4276247,2,4,-43
1759483055.464625,1,-1,-47
1759483055.5096247,3,0,-39
1759483055.5476248,5,-3,-41
1759483055.5836248,-3,-5,-45
1759483055.6216247,-11,-2,-39
1759483055.6606247,6,1,-32
1759483055.6986248,4,1,-34
1759483055.7346249,3,-1,-38
1759483055.773625,7,1,-40
1759483055.8106248,4,-4,-36
1759483055.8496249,0,0,-41
1759483055.8876247,-1,2,-40
1759483055.9236248,-2,1,-32
1759483055.9616249,0,-2,-38
1759483055.9996247,0,-3,-29
1759483056.0376248,4,-1,-43
1759483056.0736248,10,-9,-43
1759483056.1116247,8,-3,-42
1759483056.1496248,1,-6,-49
1759483056.1886249,0,-11,-36
1759483056.2246249,2,-10,-27
1759483056.2626247,4,1,-33
1759483056.3006248,5,-2,-39
1759483056.339625,0,-5,-47
1759483056.375625,-3,1,-50
1759483056.4126248,-7,10,-46
1759483056.4506247,3,1,-39
1759483056.4896247,9,0,-38
1759483056.5256248,0,-2,-49
1759483056.5636249,1,-1,-43
1759483056.6016247,-6,6,-38
1759483056.6406248,0,1,-36
1759483056.6786249,5,-1,-42
1759483056.714625,-3,1,-32
1759483056.7516248,1,2,-46
1759483056.7906249,0,1,-48
1759483056.8286247,0,4,-42
1759483056.8646247,4,3,-41
1759483056.9026248,-9,0,-38
1759483056.9396248,-8,-4,-40
1759483056.9786248,-8,0,-42
1759483057.0146248,0,-2,-38
1759483057.0526247,0,-6,-32
1759483057.0906248,4,-6,-37
1759483057.128625,-3,-2,-35
1759483057.1646247,-5,2,-29
1759483057.2016249,-1,-9,-35
1759483057.240625,4,-5,-36
1759483057.2786248,-6,-6,-35
1759483057.3146248,0,-4,-45
1759483057.3536248,5,-1,-42
1759483057.3906248,-7,-5,-44
1759483057.4296248,1,0,-44
1759483057.4656248,0,3,-38
1759483057.503625,-3,5,-35
1759483057.5406249,-2,0,-25
1759483057.579625,-7,-1,-35
1759483057.615625,-6,1,-27
1759483057.6536248,-5,2,-38
1759483057.6916249,-5,0,-43
1759483057.730625,0,0,-45
1759483057.7686248,-5,3,-47
1759483057.8056247,-2,4,-38
1759483057.842625,3,-4,-49
1759483057.8806248,1,7,-46
1759483057.9196248,-3,0,-39
1759483057.9556248,0,0,-41
1759483057.9926248,0,0,-42
1759483058.0306249,-3,0,-42
1759483058.069625,0,4,-30
1759483058.105625,0,5,-41
1759483058.1426249,-2,8,-39
1759483058.1806247,0,0,-33
1759483058.2196248,2,-2,-33
1759483058.2556248,1,1,-33
1759483058.2926247,-2,3,-40
1759483058.3316247,0,5,-44
1759483058.3696249,0,3,-45
1759483058.4056249,5,2,-52
1759483058.4436247,0,3,-43
1759483058.4816248,4,-6,-34
1759483058.5196247,8,-6,-41
1759483058.5556247,5,-5,-42
1759483058.592625,-2,-2,-38
1759483058.6306248,-5,-5,-38
1759483058.6696248,-1,-6,-45
1759483058.7056248,-6,-7,-37
1759483058.7446249,2,-6,-40
1759483058.7826247,1,-3,-36
1759483058.8206248,0,0,-34
1759483058.8566248,3,0,-38
1759483058.8936248,1,-5,-35
1759483058.9326248,-1,-3,-39
1759483058.9706247,2,-1,-31
1759483059.0066247,0,-2,-31
1759483059.0436249,2,-1,-29
1759483059.082625,0,-2,-35
1759483059.1206248,0,-3,-34
1759483059.1566248,-2,-1,-41
1759483059.1956248,7,-1,-37
1759483059.2326248,1,-3,-45
1759483059.2716248,-3,1,-40
1759483059.309625,-5,-3,-40
1759483059.3456247,-1,-2,-41
1759483059.3836248,-2,2,-45
1759483059.4226248,-3,-2,-49
1759483059.4606247,-4,-3,-40
1759483059.4966247,-8,0,-35
1759483059.5346248,-4,-1,-31
1759483059.5736248,-1,0,-37
1759483059.6116247,3,1,-49
1759483059.6496248,4,-3,-42
1759483059.6866248,7,-5,-44
1759483059.7236247,0,0,-47
1759483059.7616248,0,-2,-38
1759483059.8006248,-4,1,-38
1759483059.8366249,-1,-1,-32
1759483059.8746247,-6,3,-43
1759483059.9126248,-11,0,-38
1759483059.9516249,-5,-13,-40
1759483059.987625,-5,-3,-35
1759483060.0256248,-8,-4,-31
1759483060.0636249,-8,-5,-43
1759483060.1016247,-9,3,-37
1759483060.1406248,1,-4,-44
1759483060.1776247,0,-4,-57
1759483060.2156248,-3,-2,-45
1759483060.253625,4,-5,-42
1759483060.2916248,5,-1,-37
1759483060.3286247,0,0,-41
1759483060.365625,0,-3,-42
1759483060.4036248,-1,0,-53
1759483060.4426248,1,1,-31
1759483060.480625,-5,-1,-45
1759483060.5166247,-2,-3,-58
1759483060.5546248,0,-1,-58
1759483060.592625,2,3,-32
1759483060.6316247,-4,1,-31
1759483060.6676247,5,-2,-32
1759483060.704625,6,-11,-41
1759483060.7426248,-5,-8,-33
1759483060.7816248,-6,-2,-32
1759483060.8176248,0,-1,-37
1759483060.8546247,-2,0,-40
1759483060.8936248,0,2,-47
1759483060.931625,-2,3,-50
1759483060.967625,-10,5,-44
1759483061.0056248,1,-10,-45
1759483061.0436249,8,-2,-46
1759483061.082625,3,-2,-53
1759483061.1206248,0,-9,-42
1759483061.1566248,0,-4,-40
1759483061.1936247,0,0,-33
1759483061.2326248,-4,-7,-43
1759483061.2706249,1,-4,-51
1759483061.306625,-1,-3,-43
1759483061.3456247,7,-2,-47
1759483061.3826249,0,-5,-44
1759483061.421625,-4,-1,-39
1759483061.457625,-7,0,-39
1759483061.4956248,-2,2,-44
1759483061.5326247,2,-1,-49
1759483061.5716248,1,1,-56
1759483061.6076248,2,-3,-39
1759483061.6456249,3,-2,-39
1759483061.6836247,3,-2,-41
1759483061.7226248,-4,-6,-39
1759483061.7586248,-1,-1,-39
1759483061.796625,-5,5,-39
1759483061.8356247,-3,-1,-43
1759483061.8726249,7,-4,-32
1759483061.911625,10,4,-34
1759483061.9476247,8,4,-44
1759483061.9846249,-1,-4,-54
1759483062.023625,0,0,-60
1759483062.0616248,1,0,-47
1759483062.0976248,0,-3,-58
1759483062.135625,-9,-8,-52
1759483062.1726248,1,-7,-49
1759483062.2116249,8,0,-46
1759483062.2476249,-1,0,-48
1759483062.2846248,-3,-4,-38
1759483062.3236248,-1,-4,-37
1759483062.3616247,6,-1,-48
1759483062.3976247,-2,6,-52
1759483062.4356248,0,1,-47
1759483062.4736247,-3,2,-43
1759483062.5116248,-1,0,-42
1759483062.5476248,6,1,-38
1759483062.5846248,1,0,-41
1759483062.6236248,-2,-2,-46
1759483062.661625,-5,0,-36
1759483062.6976247,-6,-6,-42
1759483062.7366247,-9,-6,-50
1759483062.773625,0,-9,-42
1759483062.8126247,3,-3,-38
1759483062.8486247,5,1,-41
1759483062.885625,-1,-1,-34
1759483062.9236248,2,-3,-40
1759483062.9626248,2,1,-41
1759483062.9986248,4,-2,-43
1759483063.0356247,0,0,-22
1759483063.0736248,-1,-6,-38
1759483063.112625,-3,-5,-38
1759483063.148625,-1,-13,-43
1759483063.1866248,1,-12,-38
1759483063.2246249,1,-4,-30
1759483063.263625,8,-3,-36
1759483063.2996247,1,2,-35
1759483063.3376248,-1,5,-32
1759483063.3766248,-1,3,-29
1759483063.4136248,1,1,-38
1759483063.4526248,0,0,-37
1759483063.4886248,3,2,-40
1759483063.526625,2,0,-39
1759483063.5646248,-1,-6,-32
1759483063.602625,3,-8,-42
1759483063.638625,1,-4,-36
1759483063.6766248,-5,-6,-45
1759483063.714625,0,-4,-50
1759483063.7526248,5,0,-53
1759483063.7886248,-1,-3,-50
1759483063.8266249,-7,-10,-41
1759483063.865625,-7,-6,-38
1759483063.9036248,2,5,-39
1759483063.9396248,3,0,-48
1759483063.977625,1,-1,-41
1759483064.0146248,1,-3,-33
1759483064.0536249,1,1,-39
1759483064.089625,8,-3,-44
1759483064.1276248,4,2,-40
1759483064.1646247,-7,-2,-37
1759483064.2036247,-7,3,-40
1759483064.2396247,1,1,-45
1759483064.2776248,0,4,-43
1759483064.3146248,0,-10,-48
1759483064.3536248,-2,-5,-38
1759483064.3896248,-6,-5,-46
1759483064.4276247,-7,1,-38
1759483064.4656248,-6,5,-35
1759483064.5046248,-4,-4,-44
1759483064.5426247,4,0,-47
1759483064.5786247,3,-1,-49
1759483064.6176248,0,2,-32
1759483064.6556249,2,2,-51
1759483064.6936247,8,-2,-44
1759483064.730625,8,-8,-39
1759483064.7686248,-1,0,-42
1759483064.8056247,0,1,-34
1759483064.8446248,-2,1,-30
1759483064.8826249,8,2,-37
1759483064.9186249,4,4,-31
1759483064.9556248,1,3,-35
1759483064.9946249,6,2,-42
1759483065.0306249,3,0,-36
1759483065.0686247,-2,5,-28
1759483065.105625,0,0,-28
1759483065.1446247,-3,-1,-23
1759483065.1806247,-6,0,-37
1759483065.2186248,-6,0,-45
1759483065.2556248,-5,-3,-39
1759483065.2946248,-4,-2,-44
1759483065.3306248,-1,1,-39
1759483065.3696249,0,-1,-35
1759483065.4076247,-4,0,-35
1759483065.444625,0,1,-46
1759483065.4836247,0,0,-42
1759483065.5286248,0,5,-40
1759483065.5656247,-1,-3,-38
1759483065.6046247,0,-1,-44
1759483065.6406248,-3,-2,-43
1759483065.6786249,-3,2,-43
1759483065.717625,0,0,-47
1759483065.7556248,-5,-3,-41
1759483065.7936249,-5,-3,-37
1759483065.829625,0,7,-32
1759483065.8686247,2,2,-42
1759483065.9056249,-2,-1,-42
1759483065.944625,-2,-8,-36
1759483065.980625,-2,0,-29
1759483066.0186248,-3,-4,-37
1759483066.0556247,0,1,-48
1759483066.0946248,1,3,-43
1759483066.1306248,0,5,-37
1759483066.1686249,1,0,-30
1759483066.2056248,-2,7,-38
1759483066.2446249,-3,5,-44
1759483066.2806249,0,-4,-48
1759483066.3186247,7,-5,-27
1759483066.355625,11,-2,-31
1759483066.3946247,1,0,-33
1759483066.4306247,2,0,-38
1759483066.4686248,-2,-3,-38
1759483066.5056248,-13,2,-42
1759483066.5446248,-1,-5,-38
1759483066.5806248,-1,-7,-39
1759483066.6186247,-7,-10,-29
1759483066.6566248,0,-3,-41
1759483066.6956248,1,-4,-36
1759483066.7316248,4,-6,-43
1759483066.7686248,2,0,-45
1759483066.806625,2,-2,-33
1759483066.8456247,5,-7,-31
1759483066.8816247,0,-5,-33
1759483066.9196248,-2,1,-37
1759483066.957625,0,-1,-33
1759483066.9956248,1,-6,-36
1759483067.0346248,1,-5,-37
1759483067.0706248,0,-2,-32
1759483067.1076248,-1,1,-28
1759483067.1466248,-1,5,-36
1759483067.184625,-5,-3,-22
1759483067.2206247,2,-9,-31
1759483067.2586248,5,-4,-28
1759483067.2976248,-1,2,-25
1759483067.3356247,-4,-2,-40
1759483067.3716247,-3,0,-38
1759483067.408625,0,5,-35
1759483067.4476247,5,-6,-40
1759483067.4856248,3,0,-31
1759483067.5216248,0,4,-37
1759483067.5586247,7,1,-47
1759483067.5966249,1,-1,-49
1759483067.635625,-9,0,-40
1759483067.671625,1,5,-46
1759483067.7096248,-2,1,-42
1759483067.7466247,3,6,-39
1759483067.7856247,10,0,-40
1759483067.8216248,0,3,-41
1759483067.8596249,-1,0,-33
1759483067.8966248,-4,-5,-39
1759483067.9356248,0,1,-25
1759483067.9716249,-2,0,-37
1759483068.0096247,-3,-8,-39
1759483068.046625,-6,0,-41
1759483068.0856247,-3,-4,-49
1759483068.1216247,0,1,-40
1759483068.1596248,-3,-1,-45
1759483068.1966248,1,-5,-36
1759483068.2356248,0,-3,-38
1759483068.2716248,8,-4,-41
1759483068.309625,5,-3,-37
1759483068.3476248,0,-4,-44
1759483068.3866248,-4,-6,-43
1759483068.4226248,-6,0,-41
1759483068.4596248,0,7,-38
1759483068.4976249,0,4,-30
1759483068.536625,1,5,-28
1759483068.5726247,0,8,-40
1759483068.6096249,-1,8,-42
1759483068.6476247,-1,3,-44
1759483068.6866248,0,-1,-51
1759483068.7226248,-4,-5,-51
1759483068.7616248,2,0,-42
1759483068.7986248,-1,6,-39
1759483068.8376248,-7,7,-33
1759483068.875625,-5,6,-42
1759483068.911625,0,5,-46
1759483068.9506247,7,1,-46
1759483068.9886248,3,-9,-41
1759483069.026625,0,0,-53
1759483069.0626247,4,1,-48
1759483069.1006248,7,-3,-51
1759483069.1376247,6,-4,-48
1759483069.1766248,0,-8,-42
1759483069.2126248,9,-1,-32
1759483069.250625,-4,7,-23
1759483069.2886248,4,4,-45
1759483069.3266249,-2,1,-47
1759483069.362625,1,1,-37
1759483069.4006248,-2,-7,-50
1759483069.4376247,0,-4,-45
1759483069.4766247,0,-1,-46
1759483069.5126247,3,-4,-47
1759483069.5506248,6,-7,-38
1759483069.5876248,6,-5,-55
1759483069.6266248,9,-1,-47
1759483069.6626248,-1,-1,-36
1759483069.7016249,-4,0,-46
1759483069.7386248,-6,-2,-32
1759483069.7776248,0,0,-47
1759483069.8156247,-1,-1,-32
1759483069.852625,-2,-2,-42
1759483069.8896248,-4,4,-39
1759483069.9286249,5,0,-47
1759483069.9666247,-3,1,-41
1759483070.0026248,1,0,-53
1759483070.0396247,5,-2,-45
1759483070.0776248,1,3,-47
1759483070.1166248,2,-2,-47
1759483070.1526248,0,-3,-46
1759483070.1896248,2,5,-42
1759483070.227625,-2,2,-42
1759483070.2666247,1,3,-46
1759483070.3026247,2,0,-37
1759483070.339625,1,0,-39
1759483070.3776248,0,-9,-35
1759483070.4166248,-3,0,-43
1759483070.4526248,-1,5,-52
1759483070.4916248,0,4,-48
1759483070.5296247,-2,-2,-37
1759483070.5676248,5,-2,-45
1759483070.6036248,-5,-2,-38
1759483070.6426249,-4,-2,-34
1759483070.6796248,-1,3,-34
1759483070.717625,0,8,-21
1759483070.7566247,0,0,-38
1759483070.7926247,-2,5,-43
1759483070.8306248,-4,4,-43
1759483070.8686247,-1,3,-38
1759483070.9066248,-2,0,-41
1759483070.9426248,-7,3,-40
1759483070.9796247,0,6,-35
1759483071.0186248,-9,7,-33
1759483071.056625,-10,6,-29
1759483071.092625,-10,0,-33
1759483071.1296248,1,2,-39
1759483071.1686249,3,-1,-32
1759483071.2066247,2,0,-33
1759483071.2426248,1,0,-42
1759483071.2806249,-4,0,-39
1759483071.3186247,-3,2,-39
1759483071.3576248,-1,2,-38
1759483071.3936248,-6,3,-36
1759483071.4326248,0,4,-41
1759483071.4696248,1,6,-46
1759483071.5086248,-5,7,-46
1759483071.546625,-8,4,-40
1759483071.582625,-4,5,-35
1759483071.6196249,-8,5,-30
1759483071.658625,5,-1,-32
1759483071.6966248,-4,4,-38
1759483071.7326248,-2,6,-42
1759483071.7706249,-5,1,-42
1759483071.8086247,4,1,-34
1759483071.8476248,0,0,-46
1759483071.8836248,-1,-1,-43
1759483071.921625,10,-6,-42
1759483071.9606247,3,-3,-39
1759483071.9986248,-3,3,-46
1759483072.0356247,1,11,-41
1759483072.0736248,0,8,-40
1759483072.1106248,6,10,-46
1759483072.148625,0,2,-34
1759483072.1876247,8,4,-33
1759483072.2236247,5,3,-57
1759483072.2616248,0,1,-40
1759483072.2996247,-1,-6,-39
1759483072.3376248,-2,0,-42
1759483072.3736248,-2,3,-51
1759483072.411625,-2,4,-38
1759483072.4496248,-1,6,-42
1759483072.4886248,5,8,-52
1759483072.5246248,-5,5,-35
1759483072.5616248,1,3,-36
1759483072.5996249,7,-5,-33
1759483072.638625,8,0,-34
1759483072.6746247,6,2,-42
1759483072.7126248,2,-6,-39
1759483072.750625,-2,0,-36
1759483072.7896247,-1,7,-36
1759483072.8276248,3,4,-30
1759483072.8636248,2,6,-40
1759483072.9026248,1,0,-28
1759483072.9396248,1,-3,-36
1759483072.9786248,-3,-11,-42
1759483073.0156248,-4,-3,-50
1759483073.0526247,-1,2,-41
1759483073.0916247,2,2,-33
1759483073.1296248,7,0,-37
1759483073.1676247,1,0,-41
1759483073.2036247,0,3,-48
1759483073.2416248,6,3,-44
1759483073.2796247,-1,3,-29
1759483073.3176248,-1,8,-34
1759483073.3536248,6,3,-31
1759483073.3916247,-1,0,-41
1759483073.4296248,0,-3,-52
1759483073.467625,-4,-5,-41
1759483073.503625,2,-9,-57
1759483073.5416248,-5,-5,-52
1759483073.579625,1,1,-36
1759483073.615625,5,3,-38
1759483073.6526248,1,6,-40
1759483073.6916249,-1,-7,-51
1759483073.7296247,3,-3,-45
1759483073.7656248,-3,0,-41
1759483073.8046248,0,4,-38
1759483073.8416247,-1,0,-50
1759483073.8806248,-4,4,-51
1759483073.9186249,-2,1,-25
1759483073.954625,-3,1,-33
1759483073.9936247,5,0,-43
1759483074.0306249,2,0,-44
1759483074.069625,4,-4,-49
1759483074.105625,5,-2,-43
1759483074.1446247,0,0,-45
1759483074.1826248,3,0,-36
1759483074.2196248,5,1,-39
1759483074.2586248,-4,0,-30
1759483074.2946248,-5,0,-35
1759483074.332625,-3,0,-43
1759483074.3706248,-5,1,-42
1759483074.408625,-1,1,-35
1759483074.444625,5,0,-32
1759483074.4816248,0,2,-33
1759483074.5206249,-7,3,-50
1759483074.5586247,-6,2,-42
1759483074.5946248,-5,4,-38
1759483074.6336248,-3,1,-38
1759483074.6706247,-2,-3,-42
1759483074.7096248,-3,-6,-34
1759483074.7456248,-5,-5,-38
1759483074.783625,0,-6,-37
1759483074.8226247,3,-1,-43
1759483074.8606248,4,1,-44
1759483074.898625,11,1,-44
1759483074.934625,4,8,-42
1759483074.9726248,5,3,-42
1759483075.010625,2,0,-30
1759483075.0486248,4,2,-36
1759483075.0846248,-2,-1,-27
1759483075.1236248,-5,4,-40
1759483075.1606247,7,1,-38
1759483075.1996248,-1,0,-39
1759483075.2356248,0,1,-33
1759483075.273625,11,0,-34
1759483075.3106248,0,0,-37
1759483075.3496249,0,0,-35
1759483075.385625,2,0,-41
1759483075.4236248,0,-1,-45
1759483075.4606247,4,-1,-42
1759483075.4996247,1,4,-35
1759483075.5436249,2,-1,-41
1759483075.5816247,0,-12,-42
1759483075.6196249,2,-6,-39
1759483075.6556249,-1,-1,-39
1759483075.6936247,3,-5,-44
1759483075.7326248,-4,-2,-34
1759483075.7706249,-7,-2,-43
1759483075.806625,0,-5,-46
1759483075.8456247,-1,-8,-40
1759483075.8836248,1,2,-44
1759483075.9206247,-1,4,-37
1759483075.9596248,-5,-5,-30
1759483075.9956248,-1,-7,-35
1759483076.0346248,0,3,-51
1759483076.0726247,4,2,-48
1759483076.1106248,1,-6,-48
1759483076.1466248,9,-3,-31
1759483076.184625,9,-4,-34
1759483076.2236247,9,-7,-37
1759483076.2616248,1,-7,-36
1759483076.2996247,0,-7,-42
1759483076.3356247,0,-1,-45
1759483076.3736248,2,-2,-38
1759483076.411625,0,1,-32
1759483076.4496248,-2,0,-38
1759483076.4856248,0,3,-41
1759483076.523625,3,-1,-39
1759483076.5616248,-2,5,-36
1759483076.5996249,-5,-1,-45
1759483076.635625,0,-3,-50
1759483076.6736248,4,0,-39
1759483076.7116249,-2,-1,-41
1759483076.7496247,3,-1,-45
1759483076.7856247,1,-1,-51
1759483076.8236248,7,-1,-52
1759483076.8616247,-2,-10,-53
1759483076.9006248,0,-8,-50
1759483076.9366248,-7,-2,-43
1759483076.9756248,7,-4,-38
1759483077.0126247,0,-6,-36
1759483077.0516248,3,0,-39
1759483077.0876248,5,-6,-56
1759483077.1266248,2,-1,-36
1759483077.1646247,0,-4,-39
1759483077.2016249,1,-3,-45
1759483077.240625,-5,-1,-36
1759483077.276625,-2,2,-40
1759483077.3146248,0,1,-46
1759483077.3516247,-3,-1,-50
1759483077.3906248,-5,-4,-46
1759483077.4266248,0,-5,-40
1759483077.4636247,-1,-3,-47
1759483077.5016248,2,-2,-35
1759483077.5406249,-5,0,-29
1759483077.5766249,0,-6,-33
1759483077.6136248,-9,-5,-38
1759483077.651625,0,4,-46
1759483077.6906247,-3,-5,-40
1759483077.7266247,-7,-8,-35
1759483077.7656248,-4,-4,-36
1759483077.8026247,-3,4,-39
1759483077.8416247,-4,2,-42
1759483077.8776248,-4,3,-38
1759483077.9166248,-5,2,-35
1759483077.954625,-8,2,-40
1759483077.9926248,-3,2,-45
1759483078.0306249,-6,0,-48
1759483078.0666249,-4,1,-46
1759483078.1046247,0,-7,-37
1759483078.1426249,-3,3,-30
1759483078.1806247,-1,2,-27
1759483078.2166247,-1,2,-30
1759483078.2556248,4,3,-40
1759483078.2926247,1,0,-39
1759483078.3316247,3,-8,-32
1759483078.3676248,0,-7,-42
1759483078.4056249,2,-2,-37
1759483078.4426248,7,-1,-44
1759483078.4816248,-3,-4,-41
1759483078.5176249,-9,0,-45
1759483078.5556247,-1,1,-41
1759483078.592625,0,6,-44
1759483078.6316247,1,-1,-46
1759483078.6676247,-9,2,-44
1759483078.7056248,-6,-2,-44
1759483078.7436247,-3,-4,-34
1759483078.7826247,-2,3,-37
1759483078.8206248,1,6,-44
1759483078.8566248,0,0,-42
1759483078.8936248,2,-5,-44
1759483078.9326248,2,-11,-48
1759483078.9686248,4,-10,-40
1759483079.0066247,7,-7,-29
1759483079.0446248,0,3,-39
1759483079.0836248,-1,0,-44
1759483079.1216247,1,-4,-31
1759483079.1576247,-3,1,-29
1759483079.1966248,-2,-8,-32
1759483079.2336247,2,0,-35
1759483079.2726247,-7,0,-42
1759483079.3086247,-2,7,-47
1759483079.3466249,0,0,-36
1759483079.3836248,-2,-4,-37
1759483079.4226248,-1,-2,-38
1759483079.4586248,3,-3,-45
1759483079.4966247,0,-5,-34
1759483079.5346248,-5,-2,-38
1759483079.5726247,-4,-4,-41
1759483079.6086247,0,0,-40
1759483079.6466248,0,0,-37
1759483079.6836247,5,3,-32
1759483079.7226248,5,-2,-38
1759483079.7586248,0,-2,-42
1759483079.796625,-7,1,-40
1759483079.8336248,1,1,-37
1759483079.8716247,0,0,-53
1759483079.9076247,7,-3,-59
1759483079.9456248,0,1,-50
1759483079.9836247,0,-6,-49
1759483080.0216248,3,5,-54
1759483080.0576248,3,5,-43
1759483080.0946248,-2,-2,-42
1759483080.1336248,2,5,-34
1759483080.171625,1,5,-35
1759483080.207625,-3,4,-40
1759483080.2446249,-5,0,-32
1759483080.283625,-2,0,-26
1759483080.3216248,3,4,-47
1759483080.3576248,-3,2,-55
1759483080.3946247,1,-1,-40
1759483080.4336247,-1,-1,-45
1759483080.4716249,4,6,-44
1759483080.5076249,-2,3,-37
1759483080.5446248,3,-4,-24
1759483080.5836248,1,-2,-36
1759483080.6196249,0,0,-34
1759483080.6576247,1,1,-41
1759483080.694625,8,2,-34
1759483080.7336247,-7,0,-34
1759483080.7696247,0,0,-37
1759483080.806625,-8,-1,-31
1759483080.8456247,-4,3,-37
1759483080.8836248,-3,-1,-44
1759483080.9196248,4,-2,-43
1759483080.9586248,8,-5,-32
1759483080.9956248,2,-2,-36
1759483081.033625,2,-2,-39
1759483081.0726247,-3,-1,-35
1759483081.1086247,-7,6,-33
1759483081.1456249,-3,-3,-33
1759483081.1836247,6,1,-37
1759483081.2226248,0,1,-27
1759483081.2586248,-2,0,-25
1759483081.296625,4,-1,-36
1759483081.3346248,-1,-3,-48
1759483081.3726249,2,0,-38
1759483081.408625,5,0,-42
1759483081.4456248,0,0,-36
1759483081.4846249,-1,0,-42
1759483081.5226247,-6,-1,-42
1759483081.5586247,-4,-3,-53
1759483081.5966249,-2,-3,-43
1759483081.6346247,-2,-4,-45
1759483081.6736248,-2,-2,-36
1759483081.7096248,7,-3,-43
1759483081.7486248,0,-4,-37
1759483081.786625,0,0,-34
1759483081.8246248,-1,-6,-39
1759483081.862625,0,0,-36
1759483081.898625,0,-1,-32
1759483081.9366248,-4,0,-25
1759483081.9746249,-7,0,-29
1759483082.0126247,-3,-1,-34
1759483082.0486248,-6,0,-27
1759483082.0866249,-13,8,-40
1759483082.1246247,-3,4,-43
1759483082.1626248,-1,0,-39
1759483082.1986248,1,0,-47
1759483082.2366247,7,0,-42
1759483082.2746248,2,1,-53
1759483082.3126247,5,-2,-39
1759483082.3486247,0,-1,-51
1759483082.3866248,-3,0,-38
1759483082.4246247,3,-4,-49
1759483082.4606247,0,0,-47
1759483082.4986248,7,-2,-44
1759483082.536625,5,3,-36
1759483082.5746248,-6,5,-49
1759483082.6106248,-6,-2,-42
1759483082.6496248,-5,2,-45
1759483082.6876247,-6,2,-46
1759483082.7246249,-1,-6,-34
1759483082.763625,1,-2,-44
1759483082.7996247,-3,-3,-50
1759483082.8376248,4,-4,-42
1759483082.875625,8,5,-51
1759483082.9146247,4,3,-46
1759483082.9506247,-1,-2,-45
1759483082.9896247,-1,0,-36
1759483083.0276248,0,3,-42
1759483083.0656247,9,4,-35
1759483083.1036248,0,0,-31
1759483083.1396248,-3,-1,-30
1759483083.1786249,-2,0,-26
1759483083.2166247,1,0,-25
1759483083.2546248,3,0,-27
1759483083.2906249,4,-1,-31
1759483083.3286247,0,-5,-42
1759483083.365625,-6,-1,-48
1759483083.4046247,4,-1,-42
1759483083.4406247,-4,-3,-42
1759483083.4796247,-8,-1,-42
1759483083.5166247,0,0,-54
1759483083.5556247,-2,2,-47
1759483083.5936248,-2,3,-44
1759483083.6296248,1,0,-41
1759483083.6676247,5,0,-38
1759483083.7056248,2,-1,-40
1759483083.7446249,7,-3,-43
1759483083.7806249,4,-2,-40
1759483083.819625,-5,-1,-32
1759483083.8576248,-4,4,-30
1759483083.8956249,-9,-5,-33
1759483083.9336247,-6,-2,-40
1759483083.9706247,4,1,-45
1759483084.0076249,8,-7,-43
1759483084.0456247,2,-1,-33
1759483084.0846248,6,-1,-37
1759483084.1206248,2,-2,-52
1759483084.158625,0,-2,-45
1759483084.1966248,7,-3,-43
1759483084.2356248,1,-1,-40
1759483084.2716248,-1,1,-38
1759483084.3086247,-2,-1,-39
1759483084.3476248,0,4,-39
1759483084.385625,5,-1,-41
1759483084.421625,5,2,-40
1759483084.4586248,5,4,-33
1759483084.4966247,4,1,-21
1759483084.5356247,-4,-5,-38
1759483084.5716248,4,-3,-38
1759483084.6086247,4,-2,-37
1759483084.6466248,2,-8,-39
1759483084.684625,0,-4,-44
1759483084.7206247,0,-6,-48
1759483084.7586248,0,-1,-39
1759483084.796625,0,3,-34
1759483084.8346248,1,-3,-44
1759483084.8706248,0,-3,-45
1759483084.9076247,4,0,-42
1759483084.9466248,-2,0,-45
1759483084.9846249,-3,-2,-41
1759483085.0206249,-3,-4,-53
1759483085.059625,1,2,-38
1759483085.0966249,-7,6,-37
1759483085.135625,-7,2,-45
1759483085.171625,-5,-2,-45
1759483085.2096248,5,-3,-41
1759483085.2486248,2,0,-52
1759483085.286625,0,-2,-43
1759483085.3246248,-2,2,-40
1759483085.3616247,-1,-1,-36
1759483085.398625,-3,-2,-39
1759483085.4366248,-2,5,-39
1759483085.4756248,0,10,-47
1759483085.5116248,-3,4,-40
1759483085.5576248,3,-5,-38
1759483085.5956247,1,-2,-44
1759483085.6316247,-3,0,-46
1759483085.6686249,4,-7,-44
1759483085.707625,-3,0,-47
1759483085.7456248,9,5,-49
1759483085.7816248,9,-8,-35
1759483085.8206248,6,-3,-32
1759483085.8576248,0,-3,-40
1759483085.8966248,2,-1,-30
1759483085.9326248,2,5,-43
1759483085.9706247,4,-3,-39
1759483086.0076249,-2,-8,-42
1759483086.046625,2,-3,-38
1759483086.082625,-4,2,-34
1759483086.1206248,-8,0,-40
1759483086.1596248,2,-3,-34
1759483086.1966248,-5,-5,-44
1759483086.2356248,-10,2,-47
1759483086.2716248,3,6,-51
1759483086.3106248,2,7,-45
1759483086.3486247,4,0,-34
1759483086.3866248,6,1,-33
1759483086.4226248,6,7,-38
1759483086.4606247,5,0,-33
1759483086.4976249,7,6,-41
1759483086.536625,0,-2,-42
1759483086.5726247,-2,-2,-41
1759483086.6116247,5,0,-32
1759483086.648625,2,3,-32
1759483086.6876247,2,0,-37
1759483086.7256248,-4,4,-40
1759483086.7616248,0,3,-32
1759483086.7996247,-1,0,-35
1759483086.8376248,1,-5,-41
1759483086.875625,0,-4,-38
1759483086.911625,-5,-1,-36
1759483086.9496248,-3,2,-36
1759483086.9886248,5,-4,-41
1759483087.026625,0,0,-36
1759483087.0636249,-3,4,-50
1759483087.1006248,-4,7,-43
1759483087.138625,6,-4,-40
1759483087.1776247,1,-9,-48
1759483087.2156248,4,-2,-40
1759483087.2516248,15,2,-38
1759483087.2886248,-3,-6,-36
1759483087.3276248,0,-1,-38
1759483087.365625,-1,3,-40
1759483087.401625,0,1,-35
1759483087.4386249,2,-4,-44
1759483087.477625,0,-6,-33
1759483087.5156248,4,-13,-35
1759483087.5516248,6,-6,-37
1759483087.5906248,3,-5,-43
1759483087.6276248,2,-2,-44
1759483087.6666248,2,-3,-39
1759483087.7026248,-1,0,-31
1759483087.7416248,2,2,-36
1759483087.7786248,0,6,-34
1759483087.8176248,-5,0,-37
1759483087.8536248,-6,1,-38
1759483087.8906248,1,-3,-43
1759483087.9296248,0,1,-45
1759483087.967625,-9,1,-39
1759483088.003625,-1,4,-28
1759483088.0406249,-1,1,-46
1759483088.0786247,5,3,-38
1759483088.1176248,6,4,-44
1759483088.1536248,6,0,-33
1759483088.1906247,0,4,-45
1759483088.2286248,0,3,-42
1759483088.2676249,3,-1,-38
1759483088.3036249,1,-3,-34
1759483088.3416247,-11,-2,-35
1759483088.378625,-5,-6,-31
1759483088.4176247,0,-1,-31
1759483088.4536247,8,2,-48
1759483088.4916248,3,-1,-41
1759483088.5286248,0,0,-37
1759483088.5676248,1,1,-37
1759483088.6036248,7,4,-53
1759483088.6406248,1,-1,-56
1759483088.6786249,-2,1,-42
1759483088.717625,-2,-2,-49
1759483088.753625,-1,1,-36
1759483088.7916248,1,-2,-37
1759483088.829625,-5,0,-44
1759483088.8686247,-2,-6,-41
1759483088.9066248,3,0,-33
1759483088.9426248,-4,0,-41
1759483088.9796247,-4,2,-41
1759483089.0186248,-1,0,-30
1759483089.056625,4,4,-31
1759483089.092625,1,-1,-35
1759483089.1316247,-4,-5,-30
1759483089.1696248,-2,0,-43
1759483089.207625,3,0,-39
1759483089.2436247,4,-1,-38
1759483089.2816248,1,1,-37
1759483089.319625,1,1,-39
1759483089.3586247,7,-3,-33
1759483089.3946247,3,-1,-29
1759483089.431625,4,-3,-33
1759483089.4706247,7,-2,-32
1759483089.5086248,4,-1,-27
1759483089.5446248,7,-3,-37
1759483089.582625,0,0,-40
1759483089.6216247,0,9,-36
1759483089.6596248,3,1,-40
1759483089.6976247,4,0,-41
1759483089.7336247,3,3,-34
1759483089.7716248,2,0,-39
1759483089.8106248,0,4,-46
1759483089.8486247,-1,2,-48
1759483089.8846247,-8,3,-24
1759483089.921625,4,-3,-28
1759483089.9606247,6,-3,-35
1759483089.9986248,-2,-2,-31
1759483090.0346248,-4,5,-36
1759483090.0716248,6,-5,-41
1759483090.1106248,1,-7,-40
1759483090.148625,-1,1,-50
1759483090.184625,4,-3,-47
1759483090.2236247,-2,0,-41
1759483090.260625,-1,-2,-35
1759483090.2996247,-9,3,-36
1759483090.3376248,1,-1,-40
1759483090.3736248,-5,-1,-46
1759483090.411625,2,-1,-43
1759483090.4496248,-3,1,-35
1759483090.4886248,-1,-1,-25
1759483090.5256248,1,0,-29
1759483090.5626247,-1,1,-40
1759483090.6016247,2,2,-32
1759483090.6396248,3,8,-43
1759483090.6776247,3,3,-31
1759483090.7136247,4,1,-40
1759483090.7516248,4,1,-45
1759483090.7896247,10,-11,-43
1759483090.8276248,1,-2,-41
1759483090.8636248,0,2,-43
1759483090.901625,0,-6,-44
1759483090.9396248,-5,-9,-28
1759483090.977625,-5,-4,-38
1759483091.0146248,2,-1,-42
1759483091.0526247,0,-6,-38
1759483091.0906248,0,1,-44
1759483091.1296248,0,2,-42
1759483091.1656249,1,6,-45
1759483091.2036247,5,2,-38
1759483091.2416248,2,6,-45
1759483091.2796247,0,1,-42
1759483091.3156247,2,-3,-38
1759483091.352625,0,-7,-42
1759483091.3906248,0,-8,-44
1759483091.4296248,2,-1,-44
1759483091.4656248,0,-2,-48
1759483091.5026248,-3,2,-46
1759483091.5406249,0,-1,-46
1759483091.579625,-2,3,-42
1759483091.615625,4,-1,-43
1759483091.6526248,3,2,-48
1759483091.6906247,-1,-3,-50
1759483091.7296247,0,-3,-42
1759483091.7656248,0,-8,-36
1759483091.8026247,1,2,-34
1759483091.8406248,-3,6,-46
1759483091.8796248,5,0,-37
1759483091.9156249,6,1,-37
1759483091.9526248,1,-1,-43
1759483091.9916248,0,-1,-42
1759483092.0296247,2,0,-41
1759483092.0656247,7,-2,-37
1759483092.102625,5,-3,-49
1759483092.1406248,0,-3,-39
1759483092.1796248,0,0,-35
1759483092.2156248,1,-3,-44
1759483092.2526248,-4,1,-38
1759483092.2906249,-7,-2,-38
1759483092.329625,0,5,-33
1759483092.365625,2,-1,-36
1759483092.4036248,3,3,-32
1759483092.4426248,10,1,-44
1759483092.480625,-1,-4,-31
1759483092.5186248,0,-7,-34
1759483092.5546248,-5,-6,-35
1759483092.592625,0,-2,-39
1759483092.6306248,0,-2,-46
1759483092.6696248,-5,3,-47
1759483092.7056248,-3,-1,-38
1759483092.7446249,9,-4,-45
1759483092.7816248,1,3,-39
1759483092.8206248,0,-2,-46
1759483092.8566248,1,-2,-30
1759483092.8946247,3,-3,-33
1759483092.931625,3,1,-33
1759483092.9706247,-6,1,-38
1759483093.0066247,4,2,-39
1759483093.0446248,0,1,-34
1759483093.0806248,4,1,-31
1759483093.1196249,0,0,-39
1759483093.1556249,2,-7,-51
1759483093.1926248,-4,-2,-42
1759483093.2316248,0,1,-42
1759483093.2696247,-6,0,-46
1759483093.3056247,-1,-5,-52
1759483093.3446248,1,3,-46
1759483093.3816247,0,-3,-48
1759483093.4206247,0,2,-34
1759483093.4566247,2,7,-31
1759483093.4946249,5,1,-41
1759483093.5316248,2,-2,-38
1759483093.5706248,2,-5,-39
1759483093.6066248,1,-4,-37
1759483093.6446247,-4,2,-38
1759483093.681625,4,5,-37
1759483093.7206247,-3,-5,-38
1759483093.7566247,-8,-6,-45
1759483093.7946248,0,-2,-48
1759483093.832625,-1,6,-34
1759483093.8716247,-3,5,-45
1759483093.9096248,-1,-3,-40
1759483093.9466248,0,-5,-40
1759483093.9836247,2,-4,-25
1759483094.0216248,5,-4,-38
1759483094.0606248,3,-1,-34
1759483094.0966249,6,-6,-43
1759483094.1346247,3,7,-44
1759483094.1736248,2,8,-37
1759483094.2116249,2,-4,-40
1759483094.2496247,-1,2,-35
1759483094.286625,-6,0,-42
1759483094.3236248,3,-3,-40
1759483094.362625,-5,1,-38
1759483094.4006248,0,3,-45
1759483094.4366248,2,8,-40
1759483094.4736247,3,3,-49
1759483094.5116248,-3,2,-46
1759483094.5506248,0,2,-34
1759483094.5866249,0,1,-32
1759483094.6246247,2,1,-46
1759483094.6626248,0,2,-30
1759483094.7016249,-1,0,-40
1759483094.737625,2,5,-46
1759483094.7746248,0,0,-49
1759483094.8136249,-1,0,-39
1759483094.8516247,5,-10,-42
1759483094.8876247,3,-2,-38
1759483094.9256248,3,0,-36
1759483094.964625,3,0,-45
1759483095.0026248,1,0,-48
1759483095.0406249,8,0,-45
1759483095.0766249,5,4,-42
1759483095.1146247,3,-4,-37
1759483095.151625,7,-2,-47
1759483095.1906247,7,-2,-43
1759483095.2266247,0,-2,-42
1759483095.2646248,-5,0,-33
1759483095.3036249,-2,-1,-34
1759483095.3416247,1,5,-28
1759483095.3776248,3,2,-33
1759483095.4146247,0,-3,-44
1759483095.4536247,0,-5,-38
1759483095.4916248,1,0,-38
1759483095.5276248,4,0,-46
1759483095.5736248,-1,3,-47
1759483095.6116247,7,0,-47
1759483095.6476247,0,2,-49
1759483095.6856248,5,5,-40
1759483095.7236247,4,4,-41
1759483095.7616248,2,5,-54
1759483095.7976248,0,1,-43
1759483095.8356247,2,2,-37
1759483095.8736248,5,2,-41
1759483095.911625,-6,-1,-41
1759483095.9476247,-3,-1,-39
1759483095.9866247,2,0,-44
1759483096.023625,5,4,-49
1759483096.0626247,8,10,-43
1759483096.1006248,0,-1,-56
1759483096.1366248,4,-3,-55
1759483096.1746247,2,-1,-35
1759483096.2126248,6,-2,-37
1759483096.2516248,3,0,-36
1759483096.2876248,2,-4,-37
1759483096.3266249,4,-5,-32
1759483096.3636248,6,-4,-39
1759483096.4026248,1,-3,-48
1759483096.4386249,0,4,-41
1759483096.4756248,-5,0,-39
1759483096.513625,2,-2,-42
1759483096.5526247,3,1,-40
1759483096.5886247,2,-1,-41
1759483096.6266248,7,0,-41
1759483096.6656249,-2,1,-37
1759483096.7036247,4,-3,-34
1759483096.7416248,2,-6,-31
1759483096.7776248,1,-6,-33
1759483096.8156247,-4,-2,-54
1759483096.8536248,-11,5,-38
1759483096.8926249,1,-1,-32
1759483096.9286249,7,5,-46
1759483096.9656248,2,-2,-45
1759483097.003625,3,-2,-42
1759483097.0426247,0,-2,-38
1759483097.0786247,-5,1,-33
1759483097.115625,-2,2,-36
1759483097.1536248,-3,5,-30
1759483097.1926248,0,3,-38
1759483097.2286248,-2,2,-35
1759483097.2656248,4,-2,-36
1759483097.3036249,8,-1,-39
1759483097.342625,1,0,-40
1759483097.378625,1,9,-40
1759483097.4156249,0,2,-41
1759483097.4536247,3,1,-40
1759483097.4926248,-4,0,-45
1759483097.5286248,0,1,-40
1759483097.5656247,-5,0,-37
1759483097.6036248,-5,-2,-34
1759483097.6426249,4,-7,-37
1759483097.6786249,5,3,-40
1759483097.7166247,-1,4,-35
1759483097.7556248,0,2,-52
1759483097.7936249,-4,-3,-37
1759483097.8316247,1,-1,-39
1759483097.8676248,1,0,-38
1759483097.9056249,0,0,-32
1759483097.9436247,2,-1,-28
1759483097.9826248,8,5,-36
1759483098.0186248,4,3,-33
1759483098.0556247,8,-2,-39
1759483098.0946248,9,-3,-35
1759483098.1326249,1,1,-35
1759483098.1686249,3,6,-50
1759483098.207625,8,1,-39
1759483098.2456248,2,-4,-37
1759483098.283625,14,-8,-38
1759483098.3206248,2,-2,-17
1759483098.3576248,2,-1,-36
1759483098.3956249,0,-1,-41
1759483098.4336247,-7,7,-41
1759483098.4726248,3,4,-42
1759483098.5086248,0,-4,-44
1759483098.5456247,-3,-7,-38
1759483098.5836248,-5,-2,-31
1759483098.6226249,-7,-3,-38
1759483098.658625,-1,-5,-21
1759483098.6966248,1,0,-30
1759483098.7346249,5,2,-38
1759483098.773625,-2,1,-34
1759483098.809625,3,-4,-36
1759483098.8486247,2,-1,-50
1759483098.8866248,1,-1,-40
1759483098.9246247,-5,-4,-33
1759483098.9626248,-9,0,-31
1759483098.9986248,-6,-4,-28
1759483099.0376248,0,-7,-36
1759483099.0746248,2,-5,-31
1759483099.1136248,-8,-5,-32
1759483099.1496248,0,-2,-34
1759483099.1876247,0,0,-44
1759483099.2246249,-4,-2,-52
1759483099.263625,0,-1,-41
1759483099.2996247,1,-2,-40
1759483099.3376248,-1,5,-43
1759483099.375625,-4,6,-48
1759483099.4146247,0,-8,-39
1759483099.4526248,1,-3,-27
1759483099.4886248,4,-5,-32
1759483099.5256248,13,-6,-35
1759483099.5646248,5,-3,-30
1759483099.602625,-1,4,-37
1759483099.638625,-2,0,-34
1759483099.6756248,3,-11,-44
1759483099.714625,0,-5,-43
1759483099.750625,-3,-7,-46
1759483099.7886248,2,1,-28
1759483099.8276248,0,4,-28
1759483099.865625,0,0,-32
1759483099.9036248,-4,3,-35
1759483099.9396248,3,6,-41
1759483099.9786248,8,-4,-42
1759483100.0166247,-2,1,-44
1759483100.0546248,3,-8,-38
1759483100.0906248,0,-5,-35
1759483100.1276248,0,-9,-35
1759483100.1666248,-3,0,-45
1759483100.204625,-3,-5,-35
1759483100.240625,0,-8,-35
1759483100.2786248,2,-4,-42
1759483100.3176248,4,-1,-39
1759483100.3546247,0,-3,-36
1759483100.3936248,-2,-1,-62
1759483100.4296248,-2,3,-48
1759483100.4666247,-1,-4,-45
1759483100.5056248,2,-4,-50
1759483100.5436249,0,-6,-48
1759483100.579625,-4,-2,-42
1759483100.6176248,-8,0,-37
1759483100.6556249,10,-5,-45
1759483100.694625,-2,-8,-52
1759483100.730625,0,-4,-43
1759483100.7686248,-3,-4,-40
1759483100.806625,0,-1,-44
1759483100.8456247,0,0,-49
1759483100.8836248,5,-1,-47
1759483100.9196248,2,-1,-51
1759483100.9586248,4,0,-49
1759483100.9956248,-5,-2,-49
1759483101.0346248,-2,-5,-41
1759483101.0716248,-3,-9,-39
1759483101.1086247,1,-4,-31
1759483101.1466248,-1,-6,-20
1759483101.1856248,3,-9,-33
1759483101.2236247,7,-5,-29
1759483101.2596247,-4,-2,-48
1759483101.2976248,-6,1,-39
1759483101.3356247,-1,7,-38
1759483101.3746247,-9,0,-41
1759483101.4106247,-3,-2,-40
1759483101.4496248,-3,-7,-51
1759483101.487625,0,-4,-53
1759483101.5256248,0,-8,-44
1759483101.5616248,-4,-3,-40
1759483101.5996249,1,-5,-36
1759483101.638625,0,-5,-42
1759483101.6756248,-6,-3,-38
1759483101.714625,-5,1,-39
1759483101.750625,0,5,-48
1759483101.7886248,-2,1,-57
1759483101.8256247,0,3,-51
1759483101.8646247,2,4,-39
1759483101.9006248,0,4,-41
1759483101.9386249,-2,4,-45
1759483101.9756248,-5,-1,-41
1759483102.0146248,-5,2,-35
1759483102.0506248,1,0,-45
1759483102.0886247,2,-5,-28
1759483102.125625,4,1,-32
1759483102.1646247,-4,5,-40
1759483102.2006247,-6,-4,-34
1759483102.2386248,-4,-4,-30
1759483102.276625,0,-1,-42
1759483102.3156247,5,0,-47
1759483102.3516247,8,6,-33
1759483102.388625,1,-2,-41
1759483102.4266248,6,-2,-36
1759483102.4656248,-1,0,-27
1759483102.5016248,-3,0,-29
1759483102.5396247,0,1,-42
1759483102.5786247,-4,0,-40
1759483102.6166248,0,0,-44
1759483102.6546247,-4,1,-48
1759483102.6906247,-9,-2,-39
1759483102.7286248,-3,-4,-54
1759483102.7666247,-3,2,-42
1759483102.8056247,-3,4,-52
1759483102.8416247,0,-4,-46
1759483102.878625,-4,-2,-53
1759483102.9166248,-3,0,-53
1759483102.9556248,-1,3,-39
1759483102.9916248,0,7,-37
1759483103.0286248,5,-3,-39
1759483103.0676248,-1,-1,-37
1759483103.105625,-1,1,-43
1759483103.1416247,-2,-5,-37
1759483103.1796248,-3,-5,-36
1759483103.217625,-1,0,-47
1759483103.2566247,-7,6,-34
1759483103.2926247,-12,5,-37
1759483103.3306248,-5,2,-41
1759483103.3686247,-2,0,-35
1759483103.4066248,-6,-6,-49
1759483103.4456248,-1,0,-43
1759483103.4816248,-6,1,-46
1759483103.5186248,-1,0,-38
1759483103.556625,-2,1,-37
1759483103.5956247,-6,3,-40
1759483103.6326249,-5,-4,-39
1759483103.6696248,-1,-3,-46
1759483103.707625,2,-6,-48
1759483103.7466247,0,0,-53
1759483103.7826247,1,3,-46
1759483103.819625,1,7,-43
1759483103.8576248,0,0,-36
1759483103.8966248,-2,-3,-42
1759483103.9326248,-1,1,-47
1759483103.9716249,-1,-7,-45
1759483104.0096247,2,0,-35
1759483104.0476248,-4,-1,-38
1759483104.0856247,-1,-4,-35
1759483104.1216247,-4,-3,-33
1759483104.1596248,0,-4,-42
1759483104.1986248,0,1,-49
1759483104.2366247,5,-4,-44
1759483104.2726247,2,-2,-41
1759483104.3106248,3,-8,-41
1759483104.3476248,0,-2,-42
1759483104.3866248,-2,0,-40
1759483104.4226248,-1,0,-40
1759483104.4596248,0,0,-40
1759483104.4976249,-4,7,-35
1759483104.536625,3,-3,-43
1759483104.5726247,1,1,-42
1759483104.6096249,8,-4,-38
1759483104.6476247,0,-3,-23
1759483104.6866248,13,-8,-33
1759483104.7256248,3,1,-27
1759483104.7616248,3,-2,-32
1759483104.7996247,3,3,-33
1759483104.8386247,-2,-4,-29
1759483104.8766248,-2,2,-32
1759483104.9126248,-1,4,-43
1759483104.9506247,-7,10,-30
1759483104.9886248,0,5,-40
1759483105.026625,0,0,-49
1759483105.0626247,4,4,-51
1759483105.0996249,-5,7,-50
1759483105.138625,-4,2,-49
1759483105.1766248,-3,3,-51
1759483105.2126248,3,0,-42
1759483105.2496247,-1,-1,-42
1759483105.2886248,0,-3,-51
1759483105.3266249,6,-7,-43
1759483105.362625,0,-3,-43
1759483105.3996248,0,-4,-31
1759483105.4386249,1,5,-36
1759483105.4766247,2,-2,-28
1759483105.5126247,2,-4,-32
1759483105.5516248,5,-1,-26
1759483105.5966249,1,-5,-29
1759483105.6326249,5,-4,-30
1759483105.671625,-2,-11,-40
1759483105.7096248,-4,1,-38
1759483105.7476249,0,-3,-41
1759483105.783625,-2,-5,-39
1759483105.8226247,-6,-4,-28
1759483105.8606248,0,-2,-35
1759483105.898625,4,0,-38
1759483105.9366248,0,0,-40
1759483105.9726248,-3,0,-42
1759483106.010625,-3,0,-41
1759483106.0486248,-3,0,-37
1759483106.0876248,4,-1,-42
1759483106.1236248,0,-1,-43
1759483106.161625,-1,-2,-42
1759483106.2006247,-3,0,-48
1759483106.2386248,1,-6,-50
1759483106.276625,-4,0,-41
1759483106.3126247,1,-2,-41
1759483106.3516247,7,-2,-43
1759483106.3896248,-1,2,-42
1759483106.4276247,-4,1,-48
1759483106.4636247,2,0,-46
1759483106.5016248,3,-1,-46
1759483106.5396247,0,-4,-48
1759483106.5776248,5,1,-41
1759483106.6136248,2,-2,-45
1759483106.651625,4,2,-34
1759483106.6906247,1,2,-51
1759483106.7286248,-2,4,-41
1759483106.7646248,-5,2,-32
1759483106.8026247,5,0,-29
1759483106.8406248,5,-6,-27
1759483106.878625,8,-3,-27
1759483106.9156249,0,-3,-30
1759483106.9526248,6,-3,-41
1759483106.9916248,7,-2,-40
1759483107.0286248,3,-3,-41
1759483107.0676248,3,-1,-32
1759483107.1036248,5,-5,-35
1759483107.1406248,5,-6,-31
1759483107.1796248,0,-5,-37
1759483107.217625,-3,-3,-42
1759483107.253625,-4,0,-42
1759483107.2906249,-3,-1,-42
1759483107.3286247,2,1,-45
1759483107.3676248,0,4,-33
1759483107.4036248,0,-6,-34
1759483107.4406247,0,-6,-32
1759483107.4796247,-3,5,-31
1759483107.5176249,1,1,-38
1759483107.5536249,1,6,-36
1759483107.5916247,2,0,-50
1759483107.6296248,7,-2,-47
1759483107.6676247,-1,0,-37
1759483107.7036247,-1,4,-44
1759483107.7426248,-1,0,-27
1759483107.7796247,-5,1,-35
1759483107.8186247,-5,3,-41
1759483107.8546247,-1,2,-43
1759483107.8916247,7,-1,-46
1759483107.9306247,7,0,-35
1759483107.9686248,1,1,-44
1759483108.0046248,-4,-5,-38
1759483108.0426247,-8,3,-31
1759483108.0806248,2,-3,-37
1759483108.1196249,-1,0,-41
1759483108.1576247,1,5,-45
1759483108.1936247,0,0,-46
1759483108.230625,-5,-2,-53
1759483108.2696247,0,0,-41
1759483108.3076248,-4,0,-41
1759483108.3446248,-3,-6,-39
1759483108.3826249,-5,-5,-32
1759483108.4206247,-2,1,-40
1759483108.4596248,-3,6,-35
1759483108.4956248,0,2,-38
1759483108.533625,3,1,-47
1759483108.5706248,-2,0,-39
1759483108.6096249,-4,-1,-43
1759483108.6456249,2,-2,-42
1759483108.6836247,0,-2,-51
1759483108.7216249,1,0,-44
1759483108.7596247,2,0,-40
1759483108.7986248,6,1,-52
1759483108.8346248,6,2,-41
1759483108.8716247,1,-1,-45
1759483108.9096248,-1,0,-38
1759483108.9486248,1,3,-43
1759483108.9846249,-4,-2,-38
1759483109.023625,-2,-9,-42
1759483109.0616248,3,-3,-46
1759483109.0996249,1,0,-33
1759483109.135625,0,-2,-34
1759483109.1736248,-2,-6,-37
1759483109.2106247,-1,-7,-41
1759483109.2496247,-1,0,-39
1759483109.2856247,-6,0,-47
1759483109.3236248,-2,1,-44
1759483109.3606248,-2,2,-39
1759483109.3996248,-6,-10,-39
1759483109.4356248,-2,-11,-49
1759483109.4736247,-1,-3,-49
1759483109.5126247,0,-3,-44
1759483109.5506248,-7,-2,-33
1759483109.5886247,-3,2,-38
1759483109.6246247,-5,6,-43
1759483109.6626248,0,0,-43
1759483109.7006247,3,2,-36
1759483109.7396247,4,0,-40
1759483109.7756248,2,2,-37
1759483109.8126247,-1,4,-40
1759483109.8506248,0,0,-39
1759483109.8896248,-1,-2,-46
1759483109.9256248,2,-1,-44
1759483109.9626248,4,-6,-41
1759483110.0016248,7,-1,-36
1759483110.0396247,4,2,-50
1759483110.0756247,-5,2,-47
1759483110.1136248,0,-6,-46
1759483110.151625,8,0,-50
1759483110.1906247,6,1,-42
1759483110.2266247,-4,0,-38
1759483110.263625,-9,-1,-35
1759483110.3016248,-5,0,-36
1759483110.3406248,-5,0,-31
1759483110.3766248,-4,-4,-44
1759483110.4156249,4,0,-39
1759483110.4536247,-3,-7,-40
1759483110.4916248,-7,-3,-53
1759483110.5296247,2,-2,-35
1759483110.5666249,2,0,-45
1759483110.6036248,1,-2,-44
1759483110.6426249,2,-2,-33
1759483110.6806247,2,1,-36
1759483110.7166247,0,0,-37
1759483110.753625,-3,-3,-36
1759483110.7926247,-2,0,-43
1759483110.8306248,4,0,-52
1759483110.8666248,0,0,-47
1759483110.9046247,-2,-5,-54
1759483110.9426248,2,-1,-34
1759483110.9816248,2,3,-36
1759483111.0196247,-2,2,-47
1759483111.0556247,-3,2,-39
1759483111.092625,3,-4,-35
1759483111.1316247,-1,-10,-37
1759483111.1696248,-6,-7,-33
1759483111.2056248,-3,-6,-29
1759483111.2446249,-1,0,-47
1759483111.2826247,-2,5,-34
1759483111.3206248,-4,0,-39
1759483111.3566248,-5,-1,-44
1759483111.3946247,-4,-7,-35
1759483111.4336247,-4,-4,-52
1759483111.4716249,-6,-5,-43
1759483111.5096247,-4,1,-55
1759483111.5456247,1,-4,-49
1759483111.5836248,-4,-1,-46
1759483111.6216247,-3,-7,-38
1759483111.6596248,5,0,-37
1759483111.6956248,3,2,-31
1759483111.7336247,0,-8,-34
1759483111.7716248,-3,0,-38
1759483111.809625,-2,-1,-39
1759483111.8456247,-10,0,-24
1759483111.8826249,-1,-2,-31
1759483111.921625,1,2,-27
1759483111.957625,-1,1,-38
1759483111.9966247,-2,0,-30
1759483112.0346248,5,-6,-36
1759483112.0716248,1,-3,-40
1759483112.1106248,1,0,-40
1759483112.1466248,4,-1,-39
1759483112.184625,2,0,-43
1759483112.2216249,0,4,-30
1759483112.260625,1,0,-38
1759483112.296625,3,5,-49
1759483112.3346248,0,0,-41
1759483112.3716247,2,-1,-28
1759483112.4106247,3,0,-46
1759483112.4466248,4,1,-35
1759483112.4836247,9,3,-44
1759483112.5216248,3,1,-44
1759483112.5606248,2,4,-40
1759483112.5966249,3,2,-29
1759483112.6346247,1,-3,-49
1759483112.6726248,6,-6,-36
1759483112.7106247,3,-1,-35
1759483112.7466247,2,0,-38
1759483112.7846248,0,-2,-32
1759483112.8226247,-6,-2,-44
1759483112.8606248,-2,0,-44
1759483112.8966248,3,0,-38
1759483112.934625,5,-1,-31
1759483112.9726248,-6,-5,-43
1759483113.010625,1,-1,-50
1759483113.046625,-2,-4,-45
1759483113.0846248,-3,3,-59
1759483113.1226249,-1,-3,-47
1759483113.161625,5,-3,-46
1759483113.1976247,2,-4,-51
1759483113.2356248,-2,-3,-47
1759483113.273625,0,-3,-44
1759483113.3126247,0,-11,-40
1759483113.3506248,0,-4,-40
1759483113.3866248,3,-3,-31
1759483113.4256248,1,-6,-43
1759483113.4626248,1,0,-42
1759483113.5016248,0,-2,-33
1759483113.5376248,1,-1,-33
1759483113.5756247,4,-1,-37
1759483113.612625,-6,0,-32
1759483113.651625,0,-7,-43
1759483113.6876247,-1,-7,-48
1759483113.7256248,0,-4,-42
1759483113.7646248,-1,-4,-45
1759483113.8026247,-1,-2,-36
1759483113.8386247,-3,2,-36
1759483113.8776248,-6,0,-31
1759483113.9146247,-1,0,-45
1759483113.9526248,-13,-3,-39
1759483113.9916248,1,-1,-37
1759483114.0276248,2,5,-36
1759483114.0646248,2,3,-37
1759483114.102625,0,9,-38
1759483114.1416247,2,1,-43
1759483114.1776247,0,3,-52
1759483114.214625,0,-1,-55
1759483114.253625,-1,-7,-48
1759483114.2916248,2,0,-38
1759483114.3276248,-3,-1,-50
1759483114.365625,-3,2,-41
1759483114.4036248,-8,-1,-42
1759483114.4426248,-7,5,-42
1759483114.4786248,0,-2,-48
1759483114.5156248,0,-1,-46
1759483114.5546248,3,-1,-34
1759483114.592625,5,0,-45
1759483114.628625,0,2,-34
1759483114.6656249,-3,-3,-33
1759483114.7036247,-4,4,-50
1759483114.7426248,3,1,-53
1759483114.7786248,-6,1,-51
1759483114.8156247,-6,2,-44
1759483114.8536248,-4,-2,-38
1759483114.8926249,1,-4,-35
1759483114.9286249,-4,-4,-46
1759483114.967625,-2,-4,-43
1759483115.0056248,-4,2,-37
1759483115.0436249,-4,0,-34
1759483115.0816247,2,-1,-26
1759483115.1176248,7,-1,-26
1759483115.1556249,3,2,-31
1759483115.1936247,0,1,-38
1759483115.2316248,7,1,-38
1759483115.2676249,4,0,-44
1759483115.3056247,3,1,-50
1759483115.3436248,3,4,-42
1759483115.3816247,0,0,-42
1759483115.4186249,-2,2,-40
1759483115.4566247,-4,1,-35
1759483115.4946249,-4,2,-35
1759483115.5326247,-1,3,-39
1759483115.569625,4,1,-43
1759483115.6146247,-6,-1,-42
1759483115.6526248,0,4,-37
1759483115.6886249,4,3,-28
1759483115.7266247,2,3,-25
1759483115.763625,6,6,-31
1759483115.8026247,7,2,-34
1759483115.8386247,6,1,-47
1759483115.8766248,0,0,-35
1759483115.9136248,0,6,-39
1759483115.9526248,6,5,-38
1759483115.9886248,6,1,-40
1759483116.0256248,4,1,-46
1759483116.0636249,7,-5,-44
1759483116.102625,8,0,-51
1759483116.138625,2,2,-36
1759483116.1756248,-1,1,-39
1759483116.214625,-5,4,-47
1759483116.2526248,-6,3,-38
1759483116.2886248,-2,7,-42
1759483116.3256247,3,3,-37
1759483116.3646247,3,5,-42
1759483116.4026248,4,2,-40
1759483116.4386249,-3,-2,-56
1759483116.4766247,0,-2,-45
1759483116.5156248,-6,-7,-44
1759483116.5536249,-3,0,-35
1759483116.589625,0,0,-42
1759483116.6276248,0,5,-41
1759483116.6656249,8,4,-38
1759483116.7036247,-3,4,-47
1759483116.7396247,-5,2,-41
1759483116.7786248,-5,-1,-36
1759483116.8156247,2,0,-28
1759483116.8546247,2,7,-41
1759483116.8926249,0,2,-41
1759483116.9286249,4,6,-44
1759483116.9656248,-1,1,-41
1759483117.0046248,1,-3,-40
1759483117.0426247,6,-7,-39
1759483117.0786247,2,-3,-43
1759483117.1176248,0,-10,-34
1759483117.1546247,7,2,-38
1759483117.1936247,-1,2,-43
1759483117.2296247,-3,1,-50
1759483117.2666247,0,7,-37
1759483117.3046248,6,3,-45
1759483117.3436248,5,-2,-54
1759483117.3796248,3,1,-42
1759483117.4176247,7,-1,-47
1759483117.454625,1,4,-39
1759483117.4936247,-5,2,-47
1759483117.5296247,-2,6,-35
1759483117.5686247,-5,-3,-30
1759483117.605625,-2,-2,-37
1759483117.6446247,2,0,-41
1759483117.681625,1,3,-41
1759483117.7196248,-4,-1,-46
1759483117.7576249,0,-2,-57
1759483117.7956247,9,1,-40
1759483117.8336248,6,4,-35
1759483117.8706248,3,2,-37
1759483117.9076247,-2,-3,-38
1759483117.9456248,0,3,-43
1759483117.9846249,-6,-1,-46
1759483118.0206249,-1,0,-41
1759483118.0576248,0,0,-40
1759483118.0956247,0,-3,-37
1759483118.1346247,4,2,-49
1759483118.1706247,5,3,-38
1759483118.207625,8,3,-24
1759483118.2456248,2,-1,-34
1759483118.2846248,3,1,-36
1759483118.3206248,0,-5,-36
1759483118.3576248,-6,1,-35
1759483118.3956249,2,6,-54
1759483118.434625,-6,3,-38
1759483118.4706247,-3,-2,-48
1759483118.5086248,1,4,-46
1759483118.5476248,2,2,-36
1759483118.5856247,0,7,-39
1759483118.6236248,2,4,-39
1759483118.6596248,-1,0,-39
1759483118.6966248,1,-5,-31
1759483118.7356248,0,0,-42
1759483118.773625,-5,-5,-31
1759483118.809625,-6,-3,-43
1759483118.8476248,-1,9,-42
1759483118.885625,-2,4,-45
1759483118.9246247,-6,6,-29
1759483118.9606247,-4,2,-35
1759483118.9986248,0,1,-40
1759483119.0376248,-4,2,-39
1759483119.0756247,-3,7,-44
1759483119.1116247,6,2,-42
1759483119.148625,-1,-2,-36
1759483119.1876247,0,2,-40
1759483119.2256248,1,3,-40
1759483119.2616248,-6,0,-32
1759483119.3006248,-1,2,-44
1759483119.3376248,2,-6,-35
1759483119.375625,1,-4,-37
1759483119.4146247,6,-6,-34
1759483119.4506247,1,-1,-35
1759483119.4886248,0,-5,-41
1759483119.5256248,-5,1,-39
1759483119.5646248,-2,-1,-43
1759483119.6006248,8,1,-42
1759483119.6376247,9,2,-26
1759483119.6766248,6,-4,-40
1759483119.714625,2,-4,-38
1759483119.750625,4,-8,-35
1759483119.7876248,3,-5,-39
1759483119.8266249,-2,0,-36
1759483119.8646247,-3,-3,-33
1759483119.9006248,0,-1,-32
1759483119.9376247,2,-3,-41
1759483119.9766247,1,-5,-37
1759483120.0146248,-5,-6,-36
1759483120.0506248,-6,-1,-29
1759483120.089625,0,4,-41
1759483120.1266248,-1,-1,-49
1759483120.1656249,-2,1,-41
1759483120.2016249,10,-1,-36
1759483120.2386248,-1,-1,-29
1759483120.276625,0,1,-27
1759483120.3156247,0,1,-37
1759483120.3516247,5,1,-39
1759483120.3896248,3,0,-39
1759483120.4266248,-4,-8,-39
1759483120.4656248,4,3,-38
1759483120.5016248,-2,2,-46
1759483120.5386248,-1,1,-40
1759483120.5766249,6,1,-39
1759483120.615625,-1,0,-36
1759483120.651625,0,-1,-45
1759483120.6896248,-4,-1,-49
1759483120.727625,-6,-5,-43
1759483120.7666247,0,-4,-48
1759483120.8026247,5,3,-32
1759483120.8416247,0,-1,-30
1759483120.878625,1,1,-46
1759483120.9176247,3,5,-41
1759483120.9556248,4,2,-34
1759483120.9916248,-4,0,-43
1759483121.0286248,-5,-6,-43
1759483121.0676248,4,-6,-38
1759483121.105625,3,-6,-44
1759483121.1416247,-10,1,-40
1759483121.1806247,-11,1,-45
1759483121.217625,-1,-3,-43
1759483121.2566247,7,0,-40
1759483121.2926247,-1,2,-43
1759483121.3306248,-3,-4,-45
1759483121.3676248,-3,-3,-34
1759483121.4066248,-4,6,-30
1759483121.4426248,3,-2,-36
1759483121.4796247,4,-6,-34
1759483121.5186248,1,-3,-45
1759483121.556625,-3,2,-38
1759483121.592625,-7,8,-45
1759483121.6296248,-10,0,-39
1759483121.6686249,-5,4,-41
1759483121.7066247,0,5,-47
1759483121.7426248,-2,0,-41
1759483121.7796247,0,0,-45
1759483121.8186247,-1,-3,-32
1759483121.8566248,-2,-3,-28
1759483121.8926249,0,4,-38
1759483121.9306247,-6,-1,-41
1759483121.9686248,-5,2,-44
1759483122.0066247,0,2,-46
1759483122.0426247,4,0,-62
1759483122.079625,3,-2,-47
1759483122.1186247,8,3,-42
1759483122.1566248,4,2,-41
1759483122.1926248,9,7,-35
1759483122.230625,2,-3,-40
1759483122.2686248,-1,-1,-41
1759483122.306625,-4,-8,-38
1759483122.342625,-2,-3,-33
1759483122.3816247,-7,-1,-27
1759483122.4186249,0,-2,-44
1759483122.457625,3,0,-46
1759483122.4936247,2,2,-42
1759483122.5316248,2,-1,-49
1759483122.5686247,9,0,-41
1759483122.6076248,-2,0,-41
1759483122.6436248,-12,0,-37
1759483122.681625,-3,0,-32
1759483122.7196248,1,-6,-38
1759483122.7576249,2,0,-47
1759483122.796625,1,-5,-50
1759483122.832625,0,2,-50
1759483122.8696249,0,6,-43
1759483122.9076247,2,1,-34
1759483122.9466248,8,-1,-38
1759483122.9826248,0,1,-36
1759483123.0196247,3,-2,-41
1759483123.0586247,3,-2,-30
1759483123.0966249,1,0,-28
1759483123.1326249,1,-3,-35
1759483123.1696248,2,0,-33
1759483123.2086248,2,0,-39
1759483123.2466247,0,3,-44
1759483123.2826247,0,-5,-37
1759483123.319625,-5,-5,-43
1759483123.3586247,0,4,-44
1759483123.3966248,-5,-3,-43
1759483123.4326248,-5,-2,-44
1759483123.4706247,0,-3,-41
1759483123.5086248,1,0,-43
1759483123.5476248,7,-2,-50
1759483123.5836248,0,-4,-45
1759483123.6216247,-1,-8,-46
1759483123.6596248,-3,-2,-50
1759483123.6986248,4,-1,-48
1759483123.7366247,-1,2,-41
1759483123.773625,-4,-1,-45
1759483123.8106248,-4,-7,-40
1759483123.8496249,-1,-2,-36
1759483123.8876247,2,2,-40
1759483123.9236248,-3,3,-43
1759483123.9606247,-12,-3,-30
1759483123.9996247,-4,0,-30
1759483124.0376248,-3,-4,-38
1759483124.0736248,1,-4,-36
1759483124.1116247,4,3,-37
1759483124.1496248,8,0,-39
1759483124.1886249,3,-2,-45
1759483124.2246249,-1,0,-42
1759483124.2626247,-2,0,-39
1759483124.3006248,4,-1,-43
1759483124.3386247,-1,-1,-45
1759483124.3776248,-2,-5,-39
1759483124.4136248,-6,-5,-37
1759483124.4516249,-4,4,-32
1759483124.490625,-4,0,-34
1759483124.5286248,-1,2,-46
1759483124.5646248,6,-1,-32
1759483124.6016247,4,-7,-25
1759483124.6406248,5,-4,-32
1759483124.6786249,-4,4,-44
1759483124.714625,4,2,-50
1759483124.7516248,0,6,-39
1759483124.7906249,-4,8,-42
1759483124.8286247,3,0,-42
1759483124.8646247,-2,0,-43
1759483124.901625,7,3,-32
1759483124.9406247,-1,4,-28
1759483124.9786248,0,-1,-37
1759483125.0146248,0,0,-36
1759483125.0516248,0,0,-47
1759483125.0906248,-11,0,-46
1759483125.128625,-9,2,-41
1759483125.1646247,-13,-6,-40
1759483125.2036247,-4,-1,-40
1759483125.2416248,4,3,-37
1759483125.2796247,0,3,-29
1759483125.3176248,-6,-3,-40
1759483125.3536248,0,1,-34
1759483125.3916247,0,0,-41
1759483125.4296248,-7,9,-37
1759483125.467625,-4,1,-39
1759483125.503625,8,-1,-33
1759483125.5416248,-1,-2,-36
1759483125.579625,4,-4,-35
1759483125.6246247,1,-1,-30
1759483125.661625,4,3,-40
1759483125.7006247,3,-5,-42
1759483125.7386248,5,-3,-42
1759483125.7746248,1,-4,-42
1759483125.8116248,0,0,-41
1759483125.8506248,-6,0,-44
1759483125.888625,-6,-5,-40
1759483125.9246247,-4,-4,-32
1759483125.9626248,-3,0,-35
1759483126.0016248,-1,1,-36
1759483126.0396247,0,5,-44
1759483126.0756247,-4,7,-35
1759483126.112625,0,6,-33
1759483126.1506248,-6,4,-39
1759483126.1896248,-6,1,-43
1759483126.2256248,-4,1,-40
1759483126.2626247,-5,0,-42
1759483126.3006248,8,-3,-44
1759483126.339625,1,-4,-48
1759483126.375625,3,-7,-31
1759483126.4126248,2,0,-31
1759483126.4506247,-2,-4,-42
1759483126.4896247,-5,-7,-36
1759483126.5256248,2,-5,-39
1759483126.5626247,1,-6,-37
1759483126.6006248,0,-1,-37
1759483126.6396248,4,0,-38
1759483126.6756248,6,1,-38
1759483126.7126248,6,-1,-38
1759483126.750625,4,-6,-39
1759483126.7896247,4,-7,-46
1759483126.8256247,3,-4,-53
1759483126.862625,-1,-3,-46
1759483126.9006248,-7,3,-33
1759483126.9396248,-7,-3,-40
1759483126.9756248,-3,0,-39
1759483127.0126247,-8,5,-42
1759483127.0516248,-7,2,-42
1759483127.089625,2,-2,-42
1759483127.125625,-3,-5,-38
1759483127.1636248,-6,1,-37
1759483127.2016249,1,3,-40
1759483127.240625,3,1,-42
1759483127.2786248,-2,-3,-36
1759483127.3146248,-2,-4,-38
1759483127.3536248,-1,2,-52
1759483127.3906248,3,-3,-34
1759483127.4296248,6,-3,-35
1759483127.4656248,-5,-3,-49
1759483127.5046248,-7,3,-45
1759483127.5426247,-1,7,-39
1759483127.5806248,3,2,-37
1759483127.6166248,4,-4,-38
1759483127.6546247,5,-6,-34
1759483127.6926248,-3,-4,-35
1759483127.730625,7,2,-36
1759483127.7666247,4,7,-33
1759483127.8036249,0,0,-38
1759483127.842625,-1,-2,-31
1759483127.8806248,0,-3,-33
1759483127.9166248,-3,-3,-38
1759483127.9556248,-4,6,-49
1759483127.9926248,-7,4,-45
1759483128.0306249,0,2,-46
1759483128.069625,-2,1,-45
1759483128.105625,-2,-2,-45
1759483128.1446247,-1,-2,-44
1759483128.181625,-1,-4,-36
1759483128.2206247,1,6,-46
1759483128.2566247,5,0,-35
1759483128.2956247,5,7,-51
1759483128.3336248,-2,3,-47
1759483128.3716247,-3,0,-43
1759483128.4096248,-1,0,-44
1759483128.4456248,0,4,-36
1759483128.4836247,1,1,-51
1759483128.5216248,0,-4,-48
1759483128.559625,0,0,-46
1759483128.5956247,-2,-3,-39
1759483128.6336248,0,0,-35
1759483128.6726248,-5,-1,-30
1759483128.7106247,-3,-3,-43
1759483128.7466247,-5,-5,-36
1759483128.7856247,1,-12,-34
1759483128.8226247,0,-5,-41
1759483128.8616247,3,-2,-41
1759483128.8996248,6,-2,-32
1759483128.9356248,7,-1,-28
1759483128.9726248,6,-3,-33
1759483129.0116248,-2,-8,-41
1759483129.0496247,2,1,-36
1759483129.0856247,0,0,-33
1759483129.1226249,-2,-2,-38
1759483129.161625,-2,-4,-45
1759483129.1996248,6,-3,-51
1759483129.2366247,-3,-1,-37
1759483129.2756248,2,5,-43
1759483129.3136249,-2,0,-41
1759483129.3516247,-7,1,-33
1759483129.3876247,2,-1,-26
1759483129.4266248,0,1,-30
1759483129.4636247,-2,-4,-37
1759483129.5026248,-2,0,-43
1759483129.5406249,5,-2,-35
1759483129.5766249,0,-2,-35
1759483129.6146247,2,-2,-41
1759483129.6526248,-3,0,-28
1759483129.6906247,0,-1,-33
1759483129.7266247,2,3,-30
1759483129.7646248,1,6,-40
1759483129.8026247,-2,0,-46
1759483129.8406248,-3,-1,-42
1759483129.8766248,0,-4,-35
1759483129.9156249,1,-4,-41
1759483129.9526248,-2,-2,-37
1759483129.9916248,-1,-1,-35
1759483130.0276248,-4,-4,-38
1759483130.0656247,-6,-9,-42
1759483130.1036248,2,-3,-39
1759483130.1426249,0,-1,-40
1759483130.1806247,-1,2,-41
1759483130.2166247,1,4,-49
1759483130.2546248,-1,0,-50
1759483130.2926247,7,-1,-47
1759483130.3316247,3,1,-42
1759483130.3676248,2,2,-41
1759483130.4046247,1,2,-37
1759483130.4436247,-2,0,-46
1759483130.4816248,1,1,-41
1759483130.5176249,13,-3,-40
1759483130.556625,3,-3,-47
1759483130.5936248,-1,-1,-45
1759483130.6326249,1,4,-41
1759483130.6706247,12,-2,-39
1759483130.7066247,10,-5,-34
1759483130.7446249,0,0,-40
1759483130.7826247,5,-1,-36
1759483130.8216248,0,5,-47
1759483130.8576248,1,-9,-59
1759483130.8946247,0,-2,-38
1759483130.9326248,0,-8,-44
1759483130.9716249,0,-4,-47
1759483131.0076249,-3,-2,-42
1759483131.0456247,-3,-1,-37
1759483131.0836248,-7,2,-28
1759483131.1226249,-2,-2,-38
1759483131.158625,7,2,-48
1759483131.1966248,9,-3,-41
1759483131.2356248,5,-1,-29
1759483131.273625,4,-1,-36
1759483131.3116248,4,4,-38
1759483131.3486247,0,0,-28
1759483131.3866248,8,0,-39
1759483131.4236248,-5,1,-33
1759483131.4626248,0,-2,-34
1759483131.4986248,0,1,-38
1759483131.5356247,0,-2,-35
1759483131.5736248,0,-2,-40
1759483131.612625,0,-5,-47
1759483131.648625,-3,-7,-45
1759483131.6866248,1,-8,-47
1759483131.7246249,6,0,-49
1759483131.763625,3,-8,-43
1759483131.8016248,-3,-2,-42
1759483131.8376248,0,-1,-37
1759483131.8746247,-5,0,-39
1759483131.9136248,-9,2,-42
1759483131.9516249,-2,3,-36
1759483131.987625,-4,1,-38
1759483132.0246248,2,4,-37
1759483132.0636249,1,-1,-36
1759483132.1016247,-4,-1,-47
1759483132.1376247,-5,-4,-40
1759483132.1756248,-3,0,-32
1759483132.2136247,-3,-2,-32
1759483132.2526248,-3,-4,-38
1759483132.2886248,0,0,-37
1759483132.3256247,3,2,-45
1759483132.3636248,0,-3,-46
1759483132.4026248,5,1,-34
1759483132.4386249,1,3,-39
1759483132.4756248,-2,6,-36
1759483132.513625,-3,-7,-31
1759483132.5526247,1,-8,-33
1759483132.5886247,-3,3,-42
1759483132.625625,0,-6,-48
1759483132.6636248,6,-5,-36
1759483132.7026248,7,-1,-36
1759483132.7386248,4,0,-35
1759483132.7756248,0,1,-25
1759483132.8136249,5,6,-35
1759483132.852625,0,3,-33
1759483132.888625,0,9,-31
1759483132.9256248,-1,4,-42
1759483132.9636247,3,-4,-26
1759483133.0026248,-4,2,-31
1759483133.0386248,2,-3,-25
1759483133.0776248,4,3,-23
1759483133.1146247,0,1,-26
1759483133.1536248,-2,0,-40
1759483133.1896248,2,2,-41
1759483133.2286248,8,-2,-51
1759483133.2666247,3,-3,-53
1759483133.3046248,2,2,-39
1759483133.342625,-1,2,-45
1759483133.3796248,-2,3,-43
1759483133.4166248,7,1,-37
1759483133.454625,11,-2,-34
1759483133.4936247,1,-2,-51
1759483133.5296247,1,-5,-59
1759483133.5676248,0,3,-30
1759483133.6066248,-2,-2,-36
1759483133.6446247,2,3,-40
1759483133.6826248,1,0,-39
1759483133.7186248,-2,-2,-36
1759483133.7566247,-8,-2,-32
1759483133.7956247,-5,-1,-44
1759483133.8336248,0,-5,-47
1759483133.8706248,-6,0,-45
1759483133.908625,0,3,-38
1759483133.9466248,4,0,-36
1759483133.9846249,6,-1,-44
1759483134.0226247,0,-4,-48
1759483134.0586247,2,-3,-43
1759483134.0966249,6,1,-43
1759483134.1346247,-3,3,-39
1759483134.1726248,5,0,-39
1759483134.2086248,1,-2,-37
1759483134.2466247,4,0,-40
1759483134.2846248,0,1,-29
1759483134.3226247,-2,-1,-32
1759483134.3586247,-2,8,-29
1759483134.3966248,1,8,-38
1759483134.434625,1,5,-37
1759483134.4726248,-1,0,-32
1759483134.5086248,0,0,-41
1759483134.546625,3,3,-34
1759483134.5846248,2,6,-35
1759483134.6206248,3,-1,-27
1759483134.6596248,0,-8,-30
1759483134.6966248,5,-3,-32
1759483134.7346249,2,-2,-43
1759483134.773625,3,0,-40
1759483134.809625,0,2,-32
1759483134.8476248,2,-3,-35
1759483134.8846247,-2,-2,-37
1759483134.9236248,1,-5,-41
1759483134.9596248,3,-2,-36
1759483134.9966247,-2,2,-35
1759483135.0356247,-5,-2,-44
1759483135.0736248,5,-2,-50
1759483135.1096249,3,0,-58
1759483135.1476247,4,-2,-45
1759483135.184625,-1,-2,-37
1759483135.2236247,4,-7,-38
1759483135.2596247,3,-6,-26
1759483135.2976248,3,0,-34
1759483135.3356247,2,4,-27
1759483135.3736248,7,2,-33
1759483135.4096248,-1,-1,-18
1759483135.4486248,5,4,-29
1759483135.4856248,-5,-1,-41
1759483135.5246248,-3,-1,-47
1759483135.5606248,1,-4,-47
1759483135.5986247,-3,0,-42
1759483135.6436248,1,-3,-37
1759483135.6806247,7,2,-41
1759483135.7186248,-1,-7,-41
1759483135.7566247,1,0,-38
1759483135.7946248,3,-1,-39
1759483135.8306248,2,0,-39
1759483135.8676248,-2,-4,-42
1759483135.9066248,-3,-6,-45
1759483135.944625,1,1,-36
1759483135.980625,2,-4,-41
1759483136.0186248,4,3,-46
1759483136.056625,-4,3,-46
1759483136.0956247,0,3,-43
1759483136.1336248,5,-2,-38
1759483136.1696248,-1,-7,-43
1759483136.207625,0,-5,-50
1759483136.2466247,-2,-4,-51
1759483136.2846248,10,-5,-37
1759483136.3206248,13,0,-39
1759483136.3576248,2,1,-38
1759483136.3956249,-1,10,-48
1759483136.434625,-5,2,-37
1759483136.4706247,-1,-3,-42
1759483136.5086248,0,-3,-45
1759483136.546625,3,0,-39
1759483136.5856247,0,6,-34
1759483136.6216247,-2,5,-46
1759483136.6606247,-6,-1,-33
1759483136.6986248,2,-2,-33
1759483136.7356248,-1,-2,-40
1759483136.7746248,2,-2,-36
1759483136.8106248,0,0,-44
1759483136.8486247,1,1,-44
1759483136.885625,-2,2,-39
1759483136.9246247,-2,4,-31
1759483136.9606247,-3,-1,-28
1759483136.9986248,0,3,-33
1759483137.036625,-4,1,-30
1759483137.0756247,-1,0,-36
1759483137.1116247,4,3,-35
1759483137.148625,4,4,-36
1759483137.1876247,6,5,-35
1759483137.2256248,5,1,-37
1759483137.2616248,5,2,-39
1759483137.2986248,-2,3,-34
1759483137.3366249,3,5,-47
1759483137.375625,0,-5,-41
1759483137.411625,0,-8,-52
1759483137.4486248,0,2,-53
1759483137.4866247,1,-4,-44
1759483137.5256248,3,0,-41
1759483137.5616248,1,0,-48
1759483137.5996249,10,5,-32
1759483137.6366248,3,-1,-32
1759483137.6756248,-1,0,-34
1759483137.7116249,-4,0,-38
1759483137.7496247,-5,3,-32
1759483137.786625,1,-9,-40
1759483137.8256247,2,-7,-41
1759483137.8616247,5,-3,-45
1759483137.8996248,-1,-5,-31
1759483137.9366248,-2,2,-34
1759483137.9756248,1,-1,-29
1759483138.0116248,-3,3,-34
1759483138.0496247,4,0,-38
1759483138.0866249,0,2,-30
1759483138.125625,-4,1,-29
1759483138.161625,0,5,-27
1759483138.1996248,3,1,-34
1759483138.2366247,6,-1,-40
1759483138.2756248,5,0,-39
1759483138.3116248,0,0,-36
1759483138.3496249,-5,7,-35
1759483138.3866248,0,-2,-38
1759483138.4256248,4,-3,-40
1759483138.4616249,8,-4,-40
1759483138.4996247,4,0,-28
1759483138.5376248,2,3,-26
1759483138.5766249,-5,6,-37
1759483138.612625,-1,2,-30
1759483138.6496248,-4,0,-33
1759483138.6876247,-7,2,-34
1759483138.7266247,3,1,-33
1759483138.7626247,4,2,-34
1759483138.7996247,5,-3,-44
1759483138.8376248,1,1,-32
1759483138.8766248,-4,0,-32
1759483138.9126248,-1,-3,-37
1759483138.9506247,-9,0,-39
1759483138.9886248,-3,5,-38
1759483139.0276248,-6,2,-37
1759483139.0656247,2,0,-35
1759483139.1016247,1,-4,-27
1759483139.1396248,2,-4,-30
1759483139.1776247,-4,0,-34
1759483139.2166247,-1,0,-48
1759483139.2526248,-2,3,-42
1759483139.2896247,0,4,-37
1759483139.3276248,-3,10,-37
1759483139.3666248,-4,3,-36
1759483139.4026248,0,0,-35
1759483139.4406247,-4,3,-36
1759483139.477625,-4,0,-39
1759483139.5166247,-8,2,-45
1759483139.5526247,3,-1,-45
1759483139.589625,1,-2,-38
1759483139.6276248,1,-3,-42
1759483139.6666248,0,1,-47
1759483139.7026248,7,1,-44
1759483139.7396247,7,-8,-51
1759483139.7786248,-3,-6,-37
1759483139.8166249,-5,1,-29
1759483139.852625,-10,6,-39
1759483139.8916247,-2,0,-38
1759483139.9296248,2,4,-38
1759483139.967625,4,0,-36
1759483140.003625,1,-1,-47
1759483140.0406249,1,-2,-43
1759483140.079625,4,-2,-41
1759483140.1176248,0,0,-34
1759483140.1536248,0,4,-44
1759483140.1916249,0,0,-41
1759483140.2296247,-2,1,-43
1759483140.2676249,0,1,-31
1759483140.3036249,-4,0,-28
1759483140.3416247,-2,1,-37
1759483140.3796248,-1,-1,-34
1759483140.4176247,-2,-4,-41
1759483140.4536247,-2,0,-50
1759483140.4916248,3,-6,-34
1759483140.5296247,6,-1,-37
1759483140.5676248,9,-3,-44
1759483140.6036248,4,-1,-47
1759483140.6416247,3,-1,-50
1759483140.6796248,11,-2,-44
1759483140.717625,-1,-4,-32
1759483140.753625,-3,0,-33
1759483140.7916248,-1,0,-26
1759483140.8286247,2,0,-27
1759483140.8676248,1,7,-46
1759483140.9036248,-2,-3,-40
1759483140.9416249,0,-3,-32
1759483140.980625,-11,0,-41
1759483141.0186248,-1,-4,-35
1759483141.056625,-6,-1,-27
1759483141.092625,-1,4,-37
1759483141.1306248,-2,1,-45
1759483141.1686249,0,-5,-48
1759483141.207625,-6,0,-35
1759483141.2436247,-4,-1,-38
1759483141.2826247,4,1,-44
1759483141.319625,0,3,-39
1759483141.3586247,4,0,-30
1759483141.3966248,6,1,-36
1759483141.4326248,0,-7,-41
1759483141.4706247,-5,-1,-58
1759483141.5096247,-1,6,-51
1759483141.5476248,0,-2,-44
1759483141.5836248,-2,4,-37
1759483141.6216247,-9,5,-36
1759483141.6606247,-10,2,-36
1759483141.6986248,1,-1,-32
1759483141.7346249,-5,3,-32
1759483141.7716248,1,3,-35
1759483141.8106248,-3,-5,-41
1759483141.8486247,-9,-2,-31
1759483141.8846247,-6,-2,-30
1759483141.9226248,-2,4,-43
1759483141.9606247,2,-3,-36
1759483142.000625,4,-4,-37
1759483142.0386248,5,-10,-36
1759483142.0746248,-6,0,-34
1759483142.1136248,-1,2,-36
1759483142.151625,-2,0,-39
1759483142.1896248,-9,2,-40
1759483142.227625,-1,1,-35
1759483142.263625,0,-1,-37
1759483142.3016248,-1,0,-36
1759483142.339625,-1,-4,-45
1759483142.3776248,-7,0,-39
1759483142.4136248,-3,0,-37
1759483142.4516249,-3,0,-45
1759483142.490625,-2,2,-47
1759483142.5286248,0,-5,-58
1759483142.5646248,-4,-1,-41
1759483142.602625,-6,-3,-40
1759483142.6406248,5,-1,-31
1759483142.6796248,0,0,-34
1759483142.717625,0,3,-42
1759483142.753625,-2,-1,-43
1759483142.7926247,2,-3,-33
1759483142.8306248,1,-1,-31
1759483142.8686247,-4,5,-49
1759483142.9046247,0,6,-39
1759483142.9426248,-8,2,-49
1759483142.980625,-6,7,-43
1759483143.0186248,-5,-6,-34
1759483143.0546248,-6,6,-43
1759483143.092625,-2,4,-39
1759483143.1306248,-4,0,-51
1759483143.1686249,-5,-5,-46
1759483143.204625,0,-4,-46
1759483143.2426248,1,-2,-44
1759483143.2796247,0,-2,-42
1759483143.3186247,-3,-1,-51
1759483143.3546247,-1,4,-43
1759483143.3926249,4,5,-32
1759483143.4296248,-1,7,-41
1759483143.4686248,-2,-1,-41
1759483143.5046248,-3,-8,-43
1759483143.5426247,3,-4,-44
1759483143.5816247,-2,-8,-38
1759483143.6196249,2,-3,-34
1759483143.6556249,-1,-5,-39
1759483143.694625,0,-4,-41
1759483143.7316248,6,4,-32
1759483143.7696247,2,-1,-34
1759483143.8086247,-1,-6,-36
1759483143.8446248,-1,2,-42
1759483143.8826249,-3,-1,-45
1759483143.9206247,0,0,-39
1759483143.9596248,6,1,-40
1759483143.9956248,2,0,-37
1759483144.033625,-3,8,-39
1759483144.0706248,1,4,-38
1759483144.1096249,-6,-5,-35
1759483144.1456249,-3,2,-33
1759483144.1836247,-2,0,-30
1759483144.2216249,0,-2,-24
1759483144.260625,-3,2,-33
1759483144.2986248,7,1,-36
1759483144.3346248,1,1,-39
1759483144.3726249,4,-2,-43
1759483144.4106247,2,4,-42
1759483144.4496248,-3,3,-34
1759483144.4856248,-2,0,-53
1759483144.5226247,2,5,-43
1759483144.5616248,1,0,-41
1759483144.5996249,11,0,-36
1759483144.635625,10,4,-32
1759483144.6726248,1,8,-35
1759483144.7116249,0,1,-41
1759483144.7496247,0,-5,-41
1759483144.7856247,-2,-6,-35
1759483144.8236248,2,-1,-39
1759483144.862625,0,12,-37
1759483144.9006248,3,6,-53
1759483144.9366248,-2,2,-38
1759483144.9736247,5,4,-42
1759483145.0116248,2,-1,-37
1759483145.0506248,-2,1,-44
1759483145.0866249,7,0,-37
1759483145.1236248,-2,-1,-46
1759483145.161625,-8,2,-42
1759483145.2006247,0,3,-35
1759483145.2366247,-6,0,-43
1759483145.2756248,6,4,-33
1759483145.3126247,7,1,-39
1759483145.3506248,2,-4,-37
1759483145.3896248,3,-6,-46
1759483145.4256248,2,0,-59
1759483145.4636247,5,0,-40
1759483145.5026248,5,-3,-28
1759483145.5406249,-2,-3,-46
1759483145.5766249,-3,-1,-36
1759483145.615625,4,-5,-48
1759483145.6606247,0,2,-36
1759483145.6976247,7,-5,-42
1759483145.7356248,8,-1,-45
1759483145.7726247,1,-4,-28
1759483145.8116248,7,0,-39
1759483145.8496249,-1,3,-36
1759483145.885625,0,-6,-43
1759483145.9246247,6,0,-31
1759483145.9616249,1,-3,-22
1759483146.000625,0,-8,-33
1759483146.036625,7,-8,-45
1759483146.0736248,4,-13,-40
1759483146.1116247,0,-6,-37
1759483146.1506248,-12,0,-32
1759483146.1866248,-5,7,-39
1759483146.2246249,0,2,-40
1759483146.263625,1,1,-41
1759483146.3016248,1,0,-44
1759483146.339625,-4,4,-36
1759483146.375625,-12,4,-36
1759483146.4136248,-10,1,-40
1759483146.4526248,0,1,-42
1759483146.490625,7,0,-40
1759483146.526625,2,-2,-40
1759483146.5656247,-1,2,-36
1759483146.6036248,3,1,-34
1759483146.6416247,6,2,-38
1759483146.6796248,4,5,-32
1759483146.7156248,4,0,-43
1759483146.7526248,1,-5,-46
1759483146.7916248,1,-5,-51
1759483146.8286247,9,-4,-46
1759483146.865625,14,2,-44
1759483146.9036248,-3,0,-34
1759483146.9416249,5,0,-35
1759483146.980625,-2,6,-45
1759483147.0166247,2,0,-38
1759483147.0556247,4,0,-45
1759483147.092625,3,-1,-50
1759483147.1316247,2,-1,-48
1759483147.1676247,1,0,-34
1759483147.204625,1,-8,-41
1759483147.2436247,0,-3,-46
1759483147.2816248,0,1,-37
1759483147.3176248,-1,-1,-49
1759483147.3546247,-1,-1,-51
1759483147.3926249,2,0,-41
1759483147.431625,5,2,-37
1759483147.467625,4,4,-39
1759483147.5066247,2,-1,-42
1759483147.5436249,6,3,-37
1759483147.582625,-1,5,-52
1759483147.6206248,-3,5,-47
1759483147.6566248,-7,0,-55
1759483147.6936247,0,3,-45
1759483147.7326248,0,9,-46
1759483147.7706249,-4,-2,-33
1759483147.806625,-5,1,-41
1759483147.8436248,0,1,-38
1759483147.8826249,-1,3,-43
1759483147.9206247,-7,-4,-36
1759483147.9566247,0,-4,-30
1759483147.9936247,-4,2,-33
1759483148.0326247,0,0,-47
1759483148.0706248,0,6,-39
1759483148.1066248,-2,5,-33
1759483148.1446247,-3,-4,-29
1759483148.1826248,0,-2,-42
1759483148.2206247,1,-2,-46
1759483148.2566247,3,-4,-34
1759483148.2936249,4,-5,-46
1759483148.332625,5,0,-32
1759483148.3686247,3,0,-28
1759483148.4066248,-4,3,-31
1759483148.4436247,-8,0,-39
1759483148.4826248,-4,0,-37
1759483148.5186248,-7,-4,-41
1759483148.556625,-1,-5,-40
1759483148.5956247,2,-2,-36
1759483148.6326249,1,1,-38
1759483148.671625,2,-4,-40
1759483148.707625,11,-11,-42
1759483148.7456248,5,-2,-39
1759483148.783625,-2,0,-33
1759483148.8226247,-3,-3,-33
1759483148.8616247,1,-1,-40
1759483148.8976247,-5,2,-37
1759483148.9366248,-3,5,-37
1759483148.9736247,-2,2,-38
1759483149.0126247,6,1,-43
1759483149.0486248,2,4,-49
1759483149.0866249,-1,2,-52
1759483149.1236248,0,-1,-35
1759483149.1626248,-3,-1,-33
1759483149.1986248,-4,-1,-41
1759483149.2366247,-1,-1,-34
1759483149.2756248,2,1,-35
1759483149.3136249,-1,4,-37
1759483149.3516247,-5,7,-44
1759483149.388625,-1,4,-42
1759483149.4256248,0,-4,-37
1759483149.4636247,0,-1,-38
1759483149.5026248,0,1,-44
1759483149.5386248,-1,1,-48
1759483149.5776248,-3,-6,-35
1759483149.615625,1,0,-41
1759483149.6536248,-5,-6,-34
1759483149.6916249,0,-4,-37
1759483149.7286248,-1,-3,-48
1759483149.7656248,1,-6,-38
1759483149.8036249,13,-5,-35
1759483149.842625,5,-1,-48
1759483149.878625,2,0,-44
1759483149.9156249,2,-5,-35
1759483149.9536247,6,-3,-43
1759483149.9926248,-2,0,-41
1759483150.0286248,-1,-1,-38
1759483150.0666249,0,-5,-38
1759483150.1046247,7,-2,-38
1759483150.1436248,5,2,-47
1759483150.1796248,6,5,-43
1759483150.2166247,5,2,-46
1759483150.2546248,8,0,-37
1759483150.2936249,1,2,-41
1759483150.329625,6,-1,-36
1759483150.3686247,1,-3,-47
1759483150.4066248,-11,-1,-37
1759483150.444625,1,0,-34
1759483150.4826248,0,3,-47
1759483150.5186248,0,0,-34
1759483150.556625,-3,-2,-34
1759483150.5936248,-6,2,-40
1759483150.6326249,-2,0,-43
1759483150.6686249,-3,-3,-40
1759483150.7066247,-1,1,-42
1759483150.7456248,5,-4,-49
1759483150.783625,-1,-4,-46
1759483150.819625,0,-5,-41
1759483150.8566248,0,0,-39
1759483150.8956249,-6,0,-41
1759483150.9336247,-6,4,-42
1759483150.9696248,-4,-2,-38
1759483151.0076249,1,1,-34
1759483151.046625,8,-3,-29
1759483151.0846248,-1,-1,-44
1759483151.1226249,4,-4,-46
1759483151.158625,-2,-3,-29
1759483151.1966248,2,1,-42
1759483151.2346249,3,0,-31
1759483151.273625,-1,-3,-29
1759483151.309625,0,4,-31
1759483151.3476248,3,-1,-31
1759483151.3866248,2,-3,-40
1759483151.4246247,0,0,-44
1759483151.4626248,7,-3,-37
1759483151.4986248,1,-1,-34
1759483151.536625,-7,-2,-38
1759483151.5746248,-8,-1,-46
1759483151.6136248,-11,6,-45
1759483151.6496248,-7,0,-43
1759483151.6876247,1,-6,-47
1759483151.7266247,0,-6,-35
1759483151.7646248,-1,-1,-31
1759483151.8026247,-1,2,-37
1759483151.8386247,3,6,-31
1759483151.875625,4,-6,-43
1759483151.9146247,7,-4,-38
1759483151.9506247,1,-2,-45
1759483151.9896247,-3,-5,-48
1759483152.026625,0,5,-42
1759483152.0656247,0,5,-30
1759483152.1036248,1,-2,-33
1759483152.1396248,3,-2,-35
1759483152.1786249,6,-1,-43
1759483152.2156248,-2,1,-44
1759483152.2546248,0,2,-35
1759483152.2906249,3,-2,-31
1759483152.3286247,5,-5,-43
1759483152.365625,4,-2,-36
1759483152.4046247,-4,-1,-38
1759483152.4406247,-1,-1,-40
1759483152.4796247,7,-2,-32
1759483152.5166247,-3,0,-40
1759483152.5556247,1,-3,-38
1759483152.5936248,1,-6,-31
1759483152.6296248,-8,-1,-40
1759483152.6686249,-1,-5,-42
1759483152.7056248,0,-4,-36
1759483152.7446249,-1,3,-31
1759483152.7806249,-1,-1,-35
1759483152.819625,-2,-4,-40
1759483152.8576248,5,-3,-35
1759483152.8956249,4,-1,-34
1759483152.9336247,1,-1,-35
1759483152.9696248,2,-9,-47
1759483153.0066247,-2,-3,-44
1759483153.0456247,1,2,-32
1759483153.0836248,4,7,-29
1759483153.1196249,5,2,-36
1759483153.1576247,4,-1,-33
1759483153.1956248,4,2,-38
1759483153.2336247,-2,0,-32
1759483153.2696247,-7,0,-53
1759483153.3076248,1,1,-51
1759483153.3456247,4,-1,-41
1759483153.3846247,10,-2,-36
1759483153.4206247,0,-1,-35
1759483153.4586248,-6,-5,-52
1759483153.4966247,-7,-1,-40
1759483153.5356247,-2,6,-51
1759483153.5736248,2,-3,-49
1759483153.6096249,4,-1,-47
1759483153.648625,0,4,-32
1759483153.6856248,-5,3,-33
1759483153.7246249,2,0,-45
1759483153.760625,0,2,-40
1759483153.7986248,-6,0,-41
1759483153.8376248,0,0,-36
1759483153.875625,10,3,-38
1759483153.911625,4,6,-28
1759483153.9486248,-1,7,-37
1759483153.987625,-7,-5,-44
1759483154.0256248,-2,-8,-48
1759483154.0616248,-2,-2,-42
1759483154.1006248,3,-9,-35
1759483154.138625,-1,-2,-36
1759483154.1756248,-4,6,-34
1759483154.214625,-5,-1,-34
1759483154.250625,-1,0,-32
1759483154.2886248,0,3,-33
1759483154.3266249,4,3,-40
1759483154.3646247,-2,5,-47
1759483154.4006248,-6,1,-37
1759483154.4386249,-6,3,-30
1759483154.477625,-9,-3,-36
1759483154.5156248,-2,0,-35
1759483154.5516248,-2,4,-42
1759483154.5886247,-5,0,-31
1759483154.6276248,-4,-2,-36
1759483154.6656249,-3,0,-48
1759483154.7016249,9,0,-41
1759483154.7396247,1,-2,-39
1759483154.7786248,2,-1,-43
1759483154.8166249,4,7,-44
1759483154.8546247,-9,-4,-47
1759483154.8906248,-7,-3,-32
1759483154.9286249,1,-4,-28
1759483154.9666247,0,-3,-41
1759483155.0056248,-2,-3,-38
1759483155.0416248,-2,-1,-48
1759483155.079625,5,0,-44
1759483155.1176248,0,-3,-44
1759483155.1566248,-2,-3,-43
1759483155.194625,0,-5,-37
1759483155.230625,0,0,-46
1759483155.2686248,0,1,-35
1759483155.306625,1,1,-30
1759483155.3436248,-5,2,-44
1759483155.3806248,0,0,-42
1759483155.4196248,0,0,-53
1759483155.4566247,-4,0,-49
1759483155.4956248,3,-3,-53
1759483155.5316248,1,-7,-51
1759483155.569625,2,-5,-43
1759483155.6066248,0,-6,-52
1759483155.6456249,4,-3,-42
1759483155.6896248,-1,1,-51
1759483155.727625,2,7,-36
1759483155.7656248,-1,4,-44
1759483155.8016248,-4,-6,-52
1759483155.8406248,-1,1,-40
1759483155.8776248,0,2,-35
1759483155.9166248,4,-1,-30
1759483155.9526248,6,-8,-43
1759483155.9916248,6,-12,-43
1759483156.0286248,3,-3,-34
1759483156.0676248,-1,-5,-35
1759483156.105625,-2,-4,-36
1759483156.1416247,-3,-6,-44
1759483156.1806247,-6,-2,-35
1759483156.217625,1,0,-33
1759483156.2566247,0,5,-39
1759483156.2926247,5,4,-49
1759483156.3306248,2,-4,-40
1759483156.3686247,1,-9,-36
1759483156.4066248,2,2,-29
1759483156.4426248,3,-4,-27
1759483156.480625,-2,3,-39
1759483156.5186248,-5,-1,-36
1759483156.5576248,-2,2,-38
1759483156.5956247,-6,-1,-46
1759483156.6326249,0,-1,-38
1759483156.6696248,1,8,-34
1759483156.707625,-5,7,-34
1759483156.7466247,-5,1,-42
1759483156.7826247,-7,2,-48
1759483156.819625,-7,-8,-37
1759483156.8586247,-7,-6,-53
1759483156.8966248,3,3,-46
1759483156.9336247,9,-2,-49
1759483156.9706247,4,1,-52
1759483157.0096247,9,1,-44
1759483157.0476248,6,-3,-39
1759483157.0856247,-4,1,-41
1759483157.1216247,0,6,-44
1759483157.1596248,-5,0,-42
1759483157.1976247,1,-1,-31
1759483157.2336247,-1,5,-41
1759483157.2706249,-3,-2,-36
1759483157.309625,1,-4,-29
1759483157.3476248,-6,-4,-40
1759483157.3836248,8,-2,-36
1759483157.4206247,4,3,-33
1759483157.4596248,-1,5,-36
1759483157.4976249,3,0,-41
1759483157.533625,-3,-2,-34
1759483157.5716248,3,-8,-30
1759483157.6096249,8,0,-36
1759483157.6476247,3,-1,-45
1759483157.6866248,2,0,-47
1759483157.7226248,0,0,-51
1759483157.7596247,-4,-1,-37
1759483157.7986248,-1,2,-43
1759483157.8366249,4,4,-39
1759483157.8726249,-1,-2,-38
1759483157.9106247,-1,1,-35
1759483157.9486248,0,9,-40
1759483157.987625,2,1,-45
1759483158.023625,13,2,-36
1759483158.0606248,3,-2,-40
1759483158.0986247,7,5,-40
1759483158.1376247,-1,-2,-55
1759483158.1736248,-4,0,-44
1759483158.2126248,-8,0,-43
1759483158.2496247,-4,4,-45
1759483158.2886248,2,-1,-42
1759483158.3266249,-1,-3,-49
1759483158.362625,2,1,-34
1759483158.3996248,-2,0,-47
1759483158.4386249,1,0,-31
1759483158.4766247,-3,5,-33
1759483158.5126247,-2,4,-30
1759483158.5496247,-4,-1,-41
1759483158.5886247,4,0,-48
1759483158.6266248,2,-8,-34
1759483158.6626248,0,-7,-38
1759483158.7006247,0,-2,-50
1759483158.7386248,1,-2,-37
1759483158.776625,-1,-6,-29
1759483158.8126247,0,-11,-30
1759483158.8506248,3,-7,-29
1759483158.888625,0,-3,-50
1759483158.9276247,-1,-1,-46
1759483158.9636247,2,-2,-33
1759483159.0026248,-11,-2,-34
1759483159.0406249,-1,0,-38
1759483159.0786247,-12,2,-35
1759483159.1146247,-11,0,-37
1759483159.1536248,-7,-1,-41
1759483159.1916249,-4,-4,-36
1759483159.2286248,-4,-7,-38
1759483159.2676249,-5,-4,-43
1759483159.3036249,-1,-3,-31
1759483159.3416247,4,-2,-41
1759483159.3796248,4,-4,-36
1759483159.4186249,13,4,-44
1759483159.454625,5,-2,-39
1759483159.4936247,-3,2,-34
1759483159.5316248,-3,-1,-40
1759483159.569625,0,0,-25
1759483159.6076248,7,0,-28
1759483159.6436248,1,-2,-30
1759483159.6806247,0,-7,-41
1759483159.7196248,-2,-4,-45
1759483159.7576249,-1,-1,-41
1759483159.7936249,-2,-1,-55
1759483159.832625,2,-2,-37
1759483159.8696249,6,1,-48
1759483159.908625,0,4,-40
1759483159.944625,5,0,-45
1759483159.9826248,-2,-1,-35
1759483160.0206249,-2,1,-43
1759483160.059625,-4,0,-47
1759483160.0976248,-2,-1,-33
1759483160.1336248,-1,-6,-33
1759483160.171625,-1,-5,-40
1759483160.2106247,-5,-3,-47
1759483160.2486248,-2,4,-38
1759483160.2846248,-5,1,-38
1759483160.3216248,-1,-1,-35
1759483160.3596249,3,0,-49
1759483160.398625,5,-1,-30
1759483160.434625,-4,3,-40
1759483160.4726248,-6,-4,-40
1759483160.5116248,2,-3,-34
1759483160.5496247,1,4,-32
1759483160.5856247,-7,2,-38
1759483160.6226249,-5,0,-40
1759483160.661625,-1,-1,-34
1759483160.6996248,-1,-4,-55
1759483160.7356248,2,-1,-44
1759483160.7726247,0,-9,-36
1759483160.8116248,0,0,-41
1759483160.8496249,-2,-7,-37
1759483160.885625,-3,-9,-46
1759483160.9246247,-1,-2,-36
1759483160.9616249,-3,4,-40
1759483160.9996247,7,-1,-31
1759483161.0386248,4,-4,-33
1759483161.0746248,-1,0,-27
1759483161.1116247,1,2,-29
1759483161.1506248,0,0,-49
1759483161.1886249,2,-10,-41
1759483161.2246249,5,-5,-33
1759483161.2616248,0,3,-44
1759483161.3006248,-2,6,-43
1759483161.3386247,-3,0,-46
1759483161.3746247,-2,0,-40
1759483161.4136248,-4,0,-42
1759483161.4516249,2,1,-33
1759483161.4896247,-1,-8,-32
1759483161.5256248,5,-7,-37
1759483161.5646248,-1,-6,-35
1759483161.6016247,-5,0,-27
1759483161.6406248,1,3,-31
1759483161.6786249,-4,2,-38
1759483161.714625,4,3,-45
1759483161.7516248,0,0,-43
1759483161.7906249,-5,7,-42
1759483161.8286247,-6,4,-41
1759483161.8646247,-4,-2,-32
1759483161.9026248,0,1,-35
1759483161.9406247,4,4,-34
1759483161.9796247,-4,0,-51
1759483162.0156248,-5,0,-55
1759483162.0536249,0,0,-53
1759483162.0916247,0,-4,-43
1759483162.1306248,-4,-6,-37
1759483162.1686249,-2,-1,-40
1759483162.204625,-6,-7,-40
1759483162.2436247,0,2,-55
1759483162.2816248,-3,-5,-54
1759483162.319625,-8,-6,-46
1759483162.3566248,0,-6,-40
1759483162.3936248,1,1,-37
1759483162.431625,0,6,-38
1759483162.4706247,0,4,-38
1759483162.5066247,-1,-1,-40
1759483162.5446248,0,-3,-41
1759483162.5836248,-1,-2,-39
1759483162.6206248,-2,-1,-51
1759483162.6596248,-1,0,-38
1759483162.6956248,3,-1,-46
1759483162.7346249,-4,-8,-45
1759483162.7716248,5,-6,-53
1759483162.8106248,-2,-2,-40
1759483162.8466249,-4,0,-43
1759483162.885625,-2,-8,-28
1759483162.9236248,-3,-4,-28
1759483162.9606247,5,-4,-44
1759483162.9996247,0,6,-47
1759483163.0356247,-5,-4,-32
1759483163.0736248,0,0,-45
1759483163.1116247,-2,0,-35
1759483163.1506248,-1,0,-36
1759483163.1866248,0,1,-41
1759483163.2236247,6,-3,-48
1759483163.2626247,-9,-3,-39
1759483163.3006248,-5,-1,-46
1759483163.3366249,-1,0,-45
1759483163.375625,-1,-4,-40
1759483163.4136248,2,-4,-42
1759483163.4516249,1,-2,-33
1759483163.4896247,-4,-4,-40
1759483163.5256248,2,-2,-49
1759483163.5636249,3,-4,-41
1759483163.6016247,1,-5,-28
1759483163.6396248,-1,-2,-36
1759483163.6756248,1,-3,-39
1759483163.7136247,0,-9,-36
1759483163.7516248,0,-4,-39
1759483163.7896247,-5,-3,-44
1759483163.8256247,-2,-7,-36
1759483163.8646247,-2,-5,-31
1759483163.901625,3,0,-37
1759483163.9406247,0,-4,-37
1759483163.9766247,4,-2,-37
1759483164.0146248,2,0,-26
1759483164.0516248,5,0,-35
1759483164.0906248,-1,-1,-41
1759483164.1266248,-9,0,-43
1759483164.1646247,-4,0,-31
1759483164.2016249,5,1,-36
1759483164.240625,1,-9,-44
1759483164.276625,3,-4,-45
1759483164.3146248,-5,0,-52
1759483164.3516247,-1,0,-36
1759483164.3906248,4,-3,-35
1759483164.4266248,-2,-4,-45
1759483164.464625,0,5,-48
1759483164.5026248,-8,1,-41
1759483164.5416248,-3,0,-34
1759483164.5776248,2,-2,-45
1759483164.615625,5,0,-42
1759483164.6536248,-4,-5,-45
1759483164.6926248,-7,-6,-40
1759483164.730625,-8,0,-28
1759483164.7666247,-1,6,-38
1759483164.8056247,1,-5,-57
1759483164.842625,-6,0,-39
1759483164.8816247,-6,0,-38
1759483164.9176247,-3,-5,-38
1759483164.9556248,-2,-5,-42
1759483164.9936247,4,0,-46
1759483165.0326247,3,-6,-41
1759483165.0706248,-4,-7,-41
1759483165.1066248,0,-5,-44
1759483165.1436248,4,-5,-26
1759483165.1826248,-1,0,-23
1759483165.2206247,-4,1,-35
1759483165.2566247,-1,-1,-50
1759483165.2946248,1,4,-48
1759483165.3336248,1,-5,-40
1759483165.3716247,0,0,-45
1759483165.4076247,2,2,-35
1759483165.4456248,7,-4,-33
1759483165.4826248,9,3,-39
1759483165.5216248,0,-6,-41
1759483165.5576248,-6,-10,-38
1759483165.5966249,0,-5,-41
1759483165.6336248,3,-4,-28
1759483165.6726248,-5,0,-42
1759483165.717625,-1,5,-36
1759483165.7556248,-2,3,-35
1759483165.7926247,0,2,-34
1759483165.8316247,0,9,-30
1759483165.8676248,0,6,-39
1759483165.9046247,-4,0,-52
1759483165.9426248,-5,-4,-46
1759483165.9816248,-2,-1,-41
1759483166.0176249,-4,-2,-45
1759483166.0556247,0,-3,-48
1759483166.0946248,-1,1,-35
1759483166.1326249,-2,0,-44
1759483166.1686249,-1,-1,-36
1759483166.2066247,-5,-3,-35
1759483166.2446249,0,0,-38
1759483166.2826247,-6,0,-41
1759483166.3216248,0,-8,-47
1759483166.3576248,0,-2,-45
1759483166.3956249,0,-12,-38
1759483166.4326248,0,-4,-53
1759483166.4716249,-4,0,-43
1759483166.5076249,-5,0,-38
1759483166.5446248,4,0,-31
1759483166.5836248,-5,-2,-36
1759483166.6216247,6,0,-46
1759483166.6576247,4,0,-39
1759483166.6956248,-2,3,-44
1759483166.7336247,-3,2,-44
1759483166.7716248,0,0,-35
1759483166.8076248,-7,0,-41
1759483166.8456247,-6,-3,-49
1759483166.8836248,-4,0,-40
1759483166.921625,-2,-3,-45
1759483166.957625,-3,-6,-44
1759483166.9956248,0,7,-31
1759483167.033625,0,10,-31
1759483167.0726247,3,-2,-32
1759483167.1086247,1,2,-40
1759483167.1456249,5,-4,-48
1759483167.1836247,6,0,-54
1759483167.2226248,9,-4,-36
1759483167.2586248,10,0,-43
1759483167.296625,2,-5,-39
1759483167.3336248,0,3,-32
1759483167.3726249,2,-4,-42
1759483167.408625,-4,-3,-39
1759483167.4476247,-1,-8,-34
1759483167.4846249,-6,-2,-41
1759483167.523625,0,-5,-49
1759483167.5606248,0,3,-47
1759483167.5986247,1,0,-48
1759483167.6366248,-1,-2,-33
1759483167.6746247,-7,0,-40
1759483167.7126248,6,-1,-37
1759483167.7486248,0,0,-31
1759483167.786625,-3,-3,-31
1759483167.8246248,-2,-2,-34
1759483167.862625,-2,0,-42
1759483167.898625,-3,1,-42
1759483167.9366248,0,-1,-43
1759483167.9746249,-6,4,-52
1759483168.0126247,0,-6,-40
1759483168.0486248,0,-8,-43
1759483168.0866249,6,-6,-45
1759483168.1246247,3,-2,-46
1759483168.1626248,5,0,-32
1759483168.1986248,2,-1,-40
1759483168.237625,3,2,-50
1759483168.2746248,0,-1,-28
1759483168.3136249,-3,-5,-33
1759483168.3496249,-12,0,-30
1759483168.388625,-2,0,-38
1759483168.4256248,0,0,-42
1759483168.464625,7,6,-53
1759483168.5026248,4,2,-45
1759483168.5386248,2,-3,-42
1759483168.5756247,0,0,-42
1759483168.6146247,-6,2,-40
1759483168.6526248,9,-2,-35
1759483168.6886249,0,-6,-41
1759483168.7266247,3,0,-33
1759483168.7646248,0,1,-35
1759483168.8036249,0,2,-39
1759483168.839625,-1,0,-42
1759483168.878625,4,0,-41
1759483168.9156249,-8,3,-49
1759483168.954625,-2,2,-38
1759483168.9926248,4,4,-39
1759483169.0286248,9,8,-36
1759483169.0656247,1,0,-30
1759483169.1046247,-7,-1,-33
1759483169.1426249,-8,-4,-28
1759483169.1786249,-6,-1,-18
1759483169.2166247,-1,3,-25
1759483169.2546248,6,3,-45
1759483169.2936249,6,0,-48
1759483169.329625,6,-7,-38
1759483169.3676248,8,1,-46
1759483169.4056249,-6,-3,-49
1759483169.444625,-9,0,-36
1759483169.480625,-8,-5,-30
1759483169.5186248,5,1,-42
1759483169.5576248,0,-8,-47
1759483169.5946248,0,0,-43
1759483169.6336248,0,0,-39
1759483169.6696248,6,-6,-24
1759483169.707625,0,-1,-37
1759483169.7466247,2,-3,-42
1759483169.7846248,3,1,-39
1759483169.8206248,0,1,-28
1759483169.8576248,3,0,-31
1759483169.8966248,-5,-4,-34
1759483169.934625,-6,4,-38
1759483169.9706247,-6,3,-32
1759483170.0086248,-5,0,-31
1759483170.046625,-3,-2,-35
1759483170.0856247,-5,0,-40
1759483170.1236248,4,-5,-42
1759483170.1596248,-1,-3,-44
1759483170.1986248,2,-6,-44
1759483170.2366247,0,-3,-33
1759483170.2746248,5,0,-33
1759483170.3106248,3,-2,-41
1759483170.3486247,1,0,-36
1759483170.3866248,2,3,-38
1759483170.4256248,2,3,-38
1759483170.4636247,-2,1,-33
1759483170.4996247,2,-1,-42
1759483170.5376248,-3,-10,-48
1759483170.5766249,1,-6,-50
1759483170.6146247,4,0,-53
1759483170.6506248,2,-3,-45
1759483170.6886249,-3,-6,-45
1759483170.727625,-3,-4,-41
1759483170.7656248,-2,-10,-46
1759483170.8036249,-3,-4,-37
1759483170.839625,-11,-8,-37
1759483170.878625,-5,3,-37
1759483170.9156249,1,0,-33
1759483170.954625,0,-1,-48
1759483170.990625,0,-2,-38
1759483171.0286248,10,-3,-38
1759483171.0666249,0,-8,-58
1759483171.105625,4,1,-25
1759483171.1416247,1,1,-35
1759483171.1806247,-3,4,-38
1759483171.2186248,2,10,-42
1759483171.2566247,-2,-4,-37
1759483171.2946248,-2,1,-34
1759483171.3306248,-2,4,-34
1759483171.3676248,-2,6,-36
1759483171.4066248,2,-3,-26
1759483171.444625,7,-4,-39
1759483171.480625,1,-6,-44
1759483171.5176249,0,-4,-43
1759483171.556625,3,-2,-44
1759483171.5946248,0,1,-49
1759483171.6306248,3,0,-41
1759483171.6676247,-2,1,-32
1759483171.7066247,0,6,-37
1759483171.7446249,0,4,-33
1759483171.7806249,2,4,-35
1759483171.8186247,-3,2,-43
1759483171.8566248,-6,3,-31
1759483171.8946247,-2,1,-32
1759483171.9306247,-2,-5,-47
1759483171.9696248,0,-4,-26
1759483172.0066247,1,-1,-39
1759483172.0456247,-1,1,-34
1759483172.0816247,1,0,-33
1759483172.1196249,3,0,-33
1759483172.1566248,-3,0,-36
1759483172.1956248,-3,1,-39
1759483172.2316248,1,3,-26
1759483172.2696247,-1,5,-23
1759483172.3076248,5,5,-27
1759483172.3456247,5,4,-44
1759483172.3816247,-4,8,-45
1759483172.4196248,-5,1,-40
1759483172.4566247,0,0,-35
1759483172.4956248,-3,0,-36
1759483172.5316248,-4,-6,-30
1759483172.5706248,4,-8,-37
1759483172.6076248,7,-5,-36
1759483172.6466248,4,-4,-43
1759483172.684625,5,1,-43
1759483172.7206247,1,-1,-49
1759483172.7586248,1,2,-45
1759483172.7976248,-2,0,-37
1759483172.8356247,1,-1,-46
1759483172.8716247,-5,-4,-55
1759483172.9106247,-3,-4,-44
1759483172.9476247,5,-1,-38
1759483172.9866247,3,-3,-47
1759483173.0226247,1,1,-45
1759483173.0606248,7,8,-48
1759483173.0976248,5,4,-48
1759483173.1366248,0,1,-29
1759483173.1726248,-6,4,-37
1759483173.2106247,-3,1,-40
1759483173.2486248,-4,3,-35
1759483173.286625,-7,5,-44
1759483173.3256247,6,6,-39
1759483173.3616247,0,2,-45
1759483173.398625,2,0,-38
1759483173.4386249,0,-2,-38
1759483173.4766247,2,-2,-37
1759483173.5126247,6,-1,-29
1759483173.5496247,1,5,-31
1759483173.5876248,-9,2,-34
1759483173.6266248,-4,-4,-36
1759483173.6626248,-3,-2,-28
1759483173.7016249,-7,0,-45
1759483173.7396247,-5,-3,-49
1759483173.7776248,-4,-1,-47
1759483173.8156247,0,-2,-48
1759483173.852625,4,-1,-42
1759483173.8896248,5,0,-47
1759483173.9276247,-6,0,-34
1759483173.9666247,-1,-2,-41
1759483174.0026248,-2,1,-35
1759483174.0396247,0,2,-42
1759483174.0776248,0,-2,-37
1759483174.1166248,3,2,-52
1759483174.1526248,-2,1,-46
1759483174.1896248,3,2,-39
1759483174.2286248,-3,-3,-37
1759483174.2666247,0,0,-41
1759483174.3026247,-2,5,-44
1759483174.339625,0,4,-36
1759483174.3776248,0,0,-41
1759483174.4166248,4,-4,-44
1759483174.4526248,-5,1,-38
1759483174.490625,-6,0,-48
1759483174.5276248,-5,4,-33
1759483174.5666249,0,-2,-28
1759483174.602625,-8,0,-40
1759483174.6396248,-4,1,-37
1759483174.6786249,2,0,-26
1759483174.7166247,-1,3,-33
1759483174.7526248,0,2,-42
1759483174.7896247,9,4,-38
1759483174.8276248,5,0,-32
1759483174.8666248,6,-6,-31
1759483174.9026248,6,3,-33
1759483174.9396248,3,-3,-33
1759483174.977625,-3,-1,-39
1759483175.0166247,-4,0,-44
1759483175.0526247,0,3,-39
1759483175.089625,0,-3,-36
1759483175.128625,3,3,-46
1759483175.1666248,-8,3,-53
1759483175.2026248,0,0,-40
1759483175.2396247,2,-5,-50
1759483175.2786248,0,-6,-41
1759483175.3166249,-4,3,-39
1759483175.352625,3,0,-38
1759483175.3896248,-4,0,-27
1759483175.4286249,-2,2,-38
1759483175.4666247,-5,4,-43
1759483175.5026248,3,3,-43
1759483175.5396247,4,-2,-37
1759483175.5786247,0,-6,-46
1759483175.6166248,4,3,-52
1759483175.6526248,1,3,-50
1759483175.6906247,3,4,-48
1759483175.7346249,-1,-1,-42
1759483175.7726247,5,-2,-39
1759483175.8106248,1,-1,-35
1759483175.8486247,1,3,-32
1759483175.8866248,-3,3,-26
1759483175.9226248,-1,4,-37
1759483175.9596248,-5,5,-34
1759483175.9986248,1,-4,-31
1759483176.036625,0,-6,-22
1759483176.0726247,1,-4,-38
1759483176.1106248,1,-6,-36
1759483176.148625,0,0,-45
1759483176.1876247,0,1,-48
1759483176.2236247,-7,2,-46
1759483176.260625,-8,-1,-51
1759483176.2996247,-1,3,-40
1759483176.3376248,0,-2,-34
1759483176.3736248,-1,-4,-33
1759483176.411625,0,0,-29
1759483176.4496248,3,3,-37
1759483176.4886248,3,6,-53
1759483176.5246248,0,2,-47
1759483176.5636249,-4,-1,-52
1759483176.6006248,-2,2,-42
1759483176.6396248,-6,1,-43
1759483176.6776247,1,2,-33
1759483176.7136247,-3,-2,-36
1759483176.7526248,5,5,-46
1759483176.7896247,2,4,-42
1759483176.8286247,-4,4,-47
1759483176.8646247,-3,1,-39
1759483176.9026248,0,1,-43
1759483176.9396248,0,-3,-36
1759483176.9786248,0,-6,-40
1759483177.0146248,0,0,-44
1759483177.0526247,-4,2,-41
1759483177.089625,-6,-3,-40
1759483177.128625,-3,0,-42
1759483177.1646247,4,-2,-36
1759483177.2026248,0,0,-46
1759483177.2396247,4,-6,-43
1759483177.2786248,2,-2,-36
1759483177.3146248,1,7,-40
1759483177.352625,10,-5,-44
1759483177.3896248,-1,-1,-41
1759483177.4286249,2,0,-44
1759483177.464625,3,-2,-37
1759483177.5026248,3,0,-46
1759483177.5396247,2,1,-41
1759483177.5786247,-5,-1,-39
1759483177.6146247,-4,-7,-42
1759483177.6526248,0,-1,-46
1759483177.6906247,0,-4,-40
1759483177.7296247,-3,0,-45
1759483177.7676249,3,-3,-57
1759483177.8036249,1,-4,-49
1759483177.8406248,-5,5,-36
1759483177.8796248,1,2,-39
1759483177.9176247,0,-3,-44
1759483177.9536247,6,7,-45
1759483177.9916248,0,4,-34
1759483178.0296247,0,1,-35
1759483178.0656247,0,0,-36
1759483178.102625,-8,1,-35
1759483178.1406248,0,2,-41
1759483178.1796248,4,1,-46
1759483178.2156248,4,-2,-40
1759483178.2526248,-7,-2,-41
1759483178.2906249,-2,-4,-37
1759483178.329625,0,1,-39
1759483178.365625,4,3,-47
1759483178.4026248,-4,-1,-49
1759483178.4406247,-5,0,-37
1759483178.4796247,-2,-2,-44
1759483178.5156248,1,-1,-43
1759483178.5536249,-6,2,-43
1759483178.5906248,3,0,-40
1759483178.6296248,4,0,-39
1759483178.6656249,6,-6,-35
1759483178.7036247,8,-3,-33
1759483178.7416248,2,1,-27
1759483178.7796247,-1,8,-35
1759483178.8156247,0,3,-34
1759483178.852625,-2,3,-36
1759483178.8906248,-2,0,-38
1759483178.9296248,-3,4,-40
1759483178.9656248,0,0,-39
1759483179.0026248,1,-2,-46
1759483179.0406249,-4,-7,-45
1759483179.079625,8,0,-39
1759483179.115625,-4,-1,-39
1759483179.1536248,3,5,-45
1759483179.1916249,8,3,-35
1759483179.230625,1,-2,-46
1759483179.2686248,4,0,-41
1759483179.3046248,5,1,-43
1759483179.3416247,5,0,-32
1759483179.3806248,0,-3,-43
1759483179.4186249,1,-4,-35
1759483179.454625,-2,4,-44
1759483179.4926248,-3,7,-46
1759483179.5306249,0,7,-41
1759483179.569625,-6,-2,-47
1759483179.605625,-6,-3,-48
1759483179.6446247,1,-2,-42
1759483179.6826248,1,-4,-53
1759483179.7206247,-1,-6,-36
1759483179.7566247,7,-8,-30
1759483179.7946248,0,0,-39
1759483179.8316247,1,0,-30
1759483179.8706248,5,3,-37
1759483179.9066248,8,0,-32
1759483179.9436247,4,0,-31
1759483179.9816248,2,0,-34
1759483180.0206249,4,-8,-35
1759483180.056625,-2,-9,-49
1759483180.0946248,-1,2,-35
1759483180.1326249,-1,1,-36
1759483180.1706247,0,-5,-45
1759483180.2096248,3,0,-31
1759483180.2456248,1,0,-25
1759483180.283625,-8,2,-34
1759483180.3226247,-5,-3,-36
1759483180.3606248,-7,-1,-29
1759483180.3966248,-7,1,-46
1759483180.4356248,0,2,-57
1759483180.4736247,-2,1,-49
1759483180.5116248,-2,-2,-33
1759483180.5496247,0,1,-42
1759483180.5856247,-7,1,-43
1759483180.6236248,-8,-8,-35
1759483180.661625,-5,-4,-42
1759483180.7006247,-4,2,-38
1759483180.7366247,4,0,-51
1759483180.773625,7,-1,-50
1759483180.8126247,6,0,-49
1759483180.8506248,3,3,-43
1759483180.8866248,1,-1,-47
1759483180.9246247,0,1,-47
1759483180.9626248,5,0,-50
1759483181.0016248,0,4,-37
1759483181.0396247,-1,2,-47
1759483181.0756247,4,4,-49
1759483181.1146247,8,1,-44
1759483181.1526248,-1,-6,-41
1759483181.1906247,-4,1,-33
1759483181.2266247,0,4,-29
1759483181.263625,-4,-1,-49
1759483181.3026247,-3,3,-36
1759483181.3406248,-1,-1,-50
1759483181.3766248,-4,0,-45
1759483181.4146247,-3,2,-41
1759483181.4516249,3,-1,-44
1759483181.490625,1,1,-36
1759483181.526625,0,-8,-32
1759483181.5646248,1,-3,-37
1759483181.6016247,-5,-3,-44
1759483181.6406248,4,2,-40
1759483181.6766248,0,0,-35
1759483181.7136247,5,4,-50
1759483181.7526248,2,-4,-38
1759483181.7906249,1,-3,-38
1759483181.8266249,-7,6,-46
1759483181.8636248,-4,8,-42
1759483181.901625,0,1,-47
1759483181.9406247,-7,4,-37
1759483181.9766247,-1,0,-31
1759483182.013625,-1,-1,-41
1759483182.0516248,0,-2,-35
1759483182.0906248,1,0,-45
1759483182.1266248,-8,-1,-35
1759483182.1646247,-5,3,-42
1759483182.2036247,-1,2,-43
1759483182.2416248,-2,5,-46
1759483182.2776248,0,0,-36
1759483182.3156247,-4,0,-34
1759483182.3536248,-3,3,-35
1759483182.3916247,0,5,-36
1759483182.4286249,-3,2,-44
1759483182.4656248,0,-2,-57
1759483182.503625,0,6,-40
1759483182.5426247,0,4,-49
1759483182.5806248,-3,-7,-50
1759483182.6166248,-4,0,-36
1759483182.6536248,0,0,-34
1759483182.6926248,0,-3,-33
1759483182.730625,-7,-1,-42
1759483182.7666247,-10,-3,-38
1759483182.8046248,-2,5,-34
1759483182.842625,-8,1,-34
1759483182.8816247,-6,3,-34
1759483182.9176247,-1,6,-41
1759483182.9566247,1,-3,-48
1759483182.9936247,-1,-3,-50
1759483183.0326247,-4,-7,-51
1759483183.0706248,-2,-7,-53
1759483183.1066248,0,-11,-49
1759483183.1436248,5,-3,-40
1759483183.1826248,-2,4,-40
1759483183.2186248,2,1,-31
1759483183.2556248,6,3,-41
1759483183.2936249,7,1,-35
1759483183.332625,1,3,-36
1759483183.3686247,0,5,-42
1759483183.4076247,-4,1,-39
1759483183.4456248,-6,-9,-44
1759483183.4826248,-5,-7,-42
1759483183.5216248,-5,0,-32
1759483183.5576248,0,-3,-44
1759483183.5956247,6,-4,-37
1759483183.6326249,7,-7,-35
1759483183.671625,8,3,-40
1759483183.707625,5,0,-32
1759483183.7456248,3,5,-38
1759483183.783625,0,0,-35
1759483183.8216248,5,-1,-32
1759483183.8576248,1,-5,-31
1759483183.8956249,-3,0,-38
1759483183.9336247,1,2,-35
1759483183.9716249,0,2,-37
1759483184.0076249,0,1,-43
1759483184.0456247,-4,2,-36
1759483184.0836248,4,1,-43
1759483184.1216247,-8,0,-30
1759483184.1576247,1,1,-35
1759483184.1956248,4,-1,-38
1759483184.2336247,-2,1,-27
1759483184.2716248,-3,7,-31
1759483184.3076248,2,5,-23
1759483184.3446248,3,5,-31
1759483184.3836248,2,4,-32
1759483184.421625,2,5,-35
1759483184.457625,10,1,-46
1759483184.4956248,12,-3,-43
1759483184.533625,3,-1,-40
1759483184.5716248,3,-7,-36
1759483184.6076248,3,0,-32
1759483184.6456249,3,-2,-49
1759483184.6836247,0,1,-32
1759483184.7216249,-2,-2,-37
1759483184.7576249,6,-4,-46
1759483184.7956247,3,-4,-29
1759483184.8336248,2,-8,-29
1759483184.8716247,-1,-3,-31
1759483184.9076247,2,-3,-35
1759483184.9456248,-2,-5,-54
1759483184.9836247,2,0,-44
1759483185.0196247,-3,-2,-39
1759483185.0586247,-2,2,-48
1759483185.0956247,-1,4,-37
1759483185.1336248,-6,1,-37
1759483185.1726248,-3,4,-42
1759483185.2086248,1,-1,-40
1759483185.2476249,-3,-2,-37
1759483185.2846248,3,1,-38
1759483185.3236248,-1,0,-49
1759483185.3596249,4,1,-34
1759483185.3966248,-4,4,-38
1759483185.434625,-8,0,-38
1759483185.4736247,-2,-5,-26
1759483185.5096247,-7,-4,-33
1759483185.5476248,-5,-1,-45
1759483185.5866249,3,-3,-41
1759483185.6246247,6,-2,-33
1759483185.6626248,1,-5,-39
1759483185.6986248,0,-2,-38
1759483185.7446249,1,4,-37
1759483185.7826247,0,5,-45
1759483185.8186247,-4,1,-39
1759483185.8566248,0,0,-32
1759483185.8956249,0,5,-51
1759483185.9336247,2,4,-41
1759483185.9696248,3,-1,-41
1759483186.0086248,4,-2,-37
1759483186.046625,0,5,-38
1759483186.0846248,3,2,-37
1759483186.1226249,2,-2,-36
1759483186.158625,1,-1,-40
1759483186.1976247,-3,-9,-44
1759483186.2356248,-1,-6,-42
1759483186.273625,4,0,-26
1759483186.309625,-6,-3,-33
1759483186.3476248,0,-2,-45
1759483186.385625,2,0,-43
1759483186.4246247,-3,-1,-37
1759483186.4626248,-11,2,-37
1759483186.4986248,-2,0,-38
1759483186.536625,2,-3,-49
1759483186.5756247,10,-7,-44
1759483186.6136248,1,0,-32
1759483186.6496248,-1,6,-38
1759483186.6886249,5,-1,-42
1759483186.7256248,0,-6,-42
1759483186.7646248,-8,-6,-36
1759483186.8006248,0,-3,-43
1759483186.839625,1,0,-45
1759483186.8766248,-7,1,-40
1759483186.9146247,0,1,-44
1759483186.9536247,0,2,-44
1759483186.9896247,-6,5,-36
1759483187.026625,-2,-2,-40
1759483187.0646248,-1,4,-44
1759483187.1036248,2,-1,-48
1759483187.1396248,3,5,-56
1759483187.1766248,4,3,-43
1759483187.214625,-6,-7,-36
1759483187.253625,-3,0,-28
1759483187.2896247,-4,0,-34
1759483187.3266249,-5,0,-29
1759483187.365625,0,1,-43
1759483187.4036248,0,2,-44
1759483187.4396248,-6,4,-37
1759483187.4766247,0,1,-39
1759483187.5156248,0,6,-36
1759483187.5536249,-3,0,-34
1759483187.589625,-4,-4,-43
1759483187.628625,-1,-3,-42
1759483187.6666248,-6,0,-42
1759483187.704625,-7,-4,-29
1759483187.740625,-5,-9,-37
1759483187.7796247,0,-11,-45
1759483187.8166249,0,-6,-51
1759483187.855625,1,0,-41
1759483187.8936248,5,0,-43
1759483187.9296248,2,5,-41
1759483187.9666247,5,4,-29
1759483188.0056248,4,4,-38
1759483188.0436249,1,3,-46
1759483188.079625,7,0,-53
1759483188.1166248,-5,7,-39
1759483188.1556249,-9,3,-24
1759483188.1936247,-7,6,-37
1759483188.2296247,-8,1,-38
1759483188.2666247,-6,0,-38
1759483188.3056247,4,-3,-44
1759483188.3416247,7,-2,-34
1759483188.378625,0,2,-38
1759483188.4166248,3,2,-29
1759483188.4556248,0,0,-34
1759483188.4916248,3,1,-29
1759483188.5286248,-1,1,-45
1759483188.5666249,-4,2,-32
1759483188.605625,-1,5,-38
1759483188.6416247,-2,1,-35
1759483188.6786249,-4,3,-31
1759483188.7166247,1,-4,-25
1759483188.7556248,1,0,-28
1759483188.7916248,-1,0,-34
1759483188.8306248,-5,-5,-23
1759483188.8676248,-3,-3,-45
1759483188.9066248,0,-5,-48
1759483188.944625,-1,-1,-50
1759483188.980625,0,-2,-43
1759483189.0176249,1,-1,-26
1759483189.0556247,-6,0,-26
1759483189.0946248,-4,1,-35
1759483189.1306248,1,1,-44
1759483189.1676247,8,-3,-36
1759483189.2066247,4,-3,-31
1759483189.2446249,0,-3,-26
1759483189.2806249,1,-2,-33
1759483189.3176248,2,0,-39
1759483189.3566248,0,6,-25
1759483189.3946247,-4,2,-26
1759483189.4306247,-8,0,-31
1759483189.467625,-3,-2,-51
1759483189.5066247,5,-6,-54
1759483189.5446248,5,-8,-51
1759483189.5806248,1,0,-35
1759483189.6186247,-1,1,-49
1759483189.6566248,-8,4,-49
1759483189.694625,-4,-4,-39
1759483189.730625,-5,-3,-41
1759483189.7686248,-3,1,-28
1759483189.806625,2,1,-42
1759483189.8456247,0,0,-29
1759483189.8816247,-1,1,-38
1759483189.9206247,1,2,-36
1759483189.9586248,5,-6,-37
1759483189.9966247,-6,-9,-35
1759483190.0346248,-3,-2,-35
1759483190.0706248,0,-3,-41
1759483190.1096249,-7,0,-27
1759483190.1476247,2,0,-23
1759483190.1856248,3,-4,-21
1759483190.2216249,-1,2,-26
1759483190.2596247,0,3,-38
1759483190.2976248,-3,2,-40
1759483190.3366249,2,0,-38
1759483190.3726249,-4,6,-40
1759483190.4106247,0,0,-51
1759483190.4486248,5,-2,-41
1759483190.4866247,0,-4,-46
1759483190.5256248,-8,-7,-46
1759483190.5616248,-6,-5,-43
1759483190.6006248,8,-5,-28
1759483190.638625,0,-2,-43
1759483190.6766248,0,-2,-36
1759483190.7136247,-6,0,-38
1759483190.750625,1,5,-37
1759483190.7896247,-4,-2,-30
1759483190.8266249,-11,2,-43
1759483190.865625,-5,0,-30
1759483190.901625,-4,-5,-30
1759483190.9396248,-1,0,-37
1759483190.977625,0,-1,-31
1759483191.0166247,7,-4,-35
1759483191.0526247,0,-4,-36
1759483191.0906248,0,-1,-36
1759483191.128625,0,4,-46
1759483191.1676247,2,2,-24
1759483191.2056248,4,-1,-25
1759483191.2416248,-3,-2,-31
1759483191.2806249,10,-1,-35
1759483191.3176248,-5,1,-41
1759483191.3566248,0,5,-51
1759483191.3926249,0,5,-46
1759483191.4306247,-4,2,-40
1759483191.467625,-5,-1,-39
1759483191.5066247,-1,-2,-41
1759483191.5426247,5,-7,-35
1759483191.5806248,-1,-3,-33
1759483191.6176248,-6,-7,-27
1759483191.6566248,-1,-6,-33
1759483191.6926248,-4,-4,-31
1759483191.730625,0,0,-28
1759483191.7686248,1,0,-34
1759483191.8076248,10,0,-38
1759483191.8456247,2,-3,-27
1759483191.8816247,4,-2,-38
1759483191.9186249,3,2,-27
1759483191.957625,1,1,-32
1759483191.9936247,0,-3,-36
1759483192.0306249,-4,-4,-46
1759483192.069625,1,-2,-42
1759483192.1076248,-1,-2,-45
1759483192.1436248,-2,5,-56
1759483192.1826248,-4,7,-46
1759483192.2196248,-2,1,-40
1759483192.2576249,-6,1,-39
1759483192.296625,-3,0,-44
1759483192.332625,0,1,-36
1759483192.3696249,7,1,-42
1759483192.4076247,-1,-5,-40
1759483192.4466248,0,2,-38
1759483192.4836247,2,5,-41
1759483192.5206249,-7,7,-44
1759483192.5586247,-9,-1,-47
1759483192.5976248,4,-6,-38
1759483192.6336248,4,-1,-35
1759483192.6706247,5,3,-58
1759483192.7086248,3,0,-59
1759483192.7476249,3,-2,-52
1759483192.783625,-1,-5,-32
1759483192.8216248,9,-8,-30
1759483192.8606248,4,1,-42
1759483192.898625,0,-3,-39
1759483192.9366248,-1,0,-35
1759483192.9726248,1,4,-41
1759483193.010625,8,-1,-43
1759483193.0486248,4,-1,-32
1759483193.0866249,-2,8,-34
1759483193.1226249,-3,-2,-47
1759483193.1606247,1,3,-49
1759483193.1996248,2,0,-45
1759483193.237625,-4,-1,-41
1759483193.273625,-4,5,-37
1759483193.3106248,-3,-4,-32
1759483193.3496249,-9,-2,-39
1759483193.3876247,-5,2,-45
1759483193.4236248,1,-1,-55
1759483193.4606247,-4,0,-40
1759483193.4986248,0,-5,-24
1759483193.5376248,-2,-5,-33
1759483193.5736248,5,1,-52
1759483193.6106248,3,1,-47
1759483193.648625,1,-4,-35
1759483193.6876247,-2,-4,-41
1759483193.7236247,1,2,-34
1759483193.760625,1,-3,-36
1759483193.7996247,1,-5,-49
1759483193.8376248,5,1,-38
1759483193.8736248,0,-2,-25
1759483193.9106247,-6,1,-39
1759483193.9486248,-4,0,-44
1759483193.987625,0,2,-39
1759483194.023625,7,-1,-48
1759483194.0616248,0,5,-41
1759483194.0996249,8,2,-37
1759483194.138625,8,1,-27
1759483194.1746247,5,-3,-40
1759483194.2116249,4,-6,-31
1759483194.250625,1,-5,-27
1759483194.2886248,4,-1,-38
1759483194.3246248,3,-3,-47
1759483194.3636248,4,2,-27
1759483194.401625,0,-1,-35
1759483194.4396248,-3,1,-48
1759483194.477625,-4,-1,-42
1759483194.513625,4,0,-48
1759483194.5516248,0,-4,-58
1759483194.589625,1,-4,-44
1759483194.6276248,0,0,-39
1759483194.6646247,2,0,-28
1759483194.7016249,0,-3,-40
1759483194.740625,3,0,-46
1759483194.7786248,3,-6,-35
1759483194.8146248,-5,-1,-45
1759483194.852625,0,1,-51
1759483194.8916247,-1,-5,-35
1759483194.9296248,-2,-4,-32
1759483194.967625,-5,-5,-42
1759483195.003625,0,-3,-38
1759483195.0416248,-2,0,-35
1759483195.079625,-6,-1,-42
1759483195.1176248,-4,-1,-36
1759483195.1536248,8,-1,-38
1759483195.1906247,8,-1,-37
1759483195.2296247,1,-3,-28
1759483195.2676249,-2,-2,-39
1759483195.3036249,2,-5,-37
1759483195.3406248,12,-7,-43
1759483195.3796248,2,0,-43
1759483195.4156249,6,0,-58
1759483195.4536247,2,-1,-43
1759483195.4916248,6,0,-29
1759483195.5296247,0,-2,-38
1759483195.5656247,-3,0,-41
1759483195.602625,3,-2,-42
1759483195.6406248,2,-2,-43
1759483195.6796248,3,0,-43
1759483195.7156248,1,-1,-45
1759483195.7616248,7,-6,-53
1759483195.7996247,6,-2,-47
1759483195.8356247,4,-5,-45
1759483195.8726249,1,-4,-37
1759483195.911625,0,-1,-41
1759483195.9496248,-3,-5,-48
1759483195.9856248,-5,-6,-52
1759483196.0246248,-12,-3,-35
1759483196.0616248,0,2,-37
1759483196.1006248,4,1,-54
1759483196.138625,-6,0,-46
1759483196.1746247,-2,-2,-48
1759483196.2126248,4,3,-38
1759483196.250625,-4,1,-36
1759483196.2896247,1,-4,-23
1759483196.3256247,-4,-6,-37
1759483196.3636248,0,2,-38
1759483196.4026248,-4,-4,-34
1759483196.4406247,4,-8,-44
1759483196.4786248,0,-4,-42
1759483196.5146248,-2,-3,-51
1759483196.5526247,-9,-4,-47
1759483196.5916247,-4,-3,-42
1759483196.6296248,0,-3,-36
1759483196.6656249,1,-2,-39
1759483196.7036247,1,-5,-33
1759483196.7426248,0,-1,-37
1759483196.7806249,0,0,-39
1759483196.8186247,0,0,-38
1759483196.8546247,0,1,-38
1759483196.8916247,4,-4,-48
1759483196.9306247,4,-3,-50
1759483196.9686248,9,1,-42
1759483197.0046248,6,-3,-44
1759483197.0426247,7,5,-35
1759483197.0806248,4,9,-33
1759483197.1166248,4,4,-40
1759483197.1536248,-4,2,-41
1759483197.1926248,0,6,-42
1759483197.230625,-4,9,-57
1759483197.2666247,-3,-4,-41
1759483197.3046248,-2,-2,-40
1759483197.3436248,0,0,-37
1759483197.3816247,7,-8,-30
1759483197.4196248,-6,0,-47
1759483197.4556248,-4,0,-41
1759483197.4936247,5,6,-33
1759483197.5326247,0,0,-39
1759483197.5706248,0,5,-31
1759483197.6066248,-6,3,-41
1759483197.6456249,-4,4,-41
1759483197.6826248,1,1,-42
1759483197.7206247,0,1,-41
1759483197.7596247,2,-4,-49
1759483197.7956247,1,-4,-43
1759483197.8336248,6,-2,-41
1759483197.8716247,-2,-5,-40
1759483197.9096248,0,-2,-37
1759483197.9456248,2,0,-40
1759483197.9836247,0,-5,-39
1759483198.0216248,0,-5,-37
1759483198.059625,0,5,-36
1759483198.0956247,-2,2,-36
1759483198.1336248,-4,2,-22
1759483198.171625,-2,0,-32
1759483198.2096248,-2,2,-32
1759483198.2456248,6,-2,-44
1759483198.283625,-2,0,-37
1759483198.3226247,1,0,-31
1759483198.3606248,0,-4,-48
1759483198.3966248,2,-5,-43
1759483198.434625,4,3,-44
1759483198.4726248,0,1,-49
1759483198.5116248,10,2,-43
1759483198.5496247,4,6,-46
1759483198.5856247,5,2,-49
1759483198.6236248,5,0,-46
1759483198.661625,7,0,-43
1759483198.6996248,5,6,-42
1759483198.7356248,-3,0,-49
1759483198.7746248,-1,3,-42
1759483198.8126247,-2,5,-28
1759483198.8506248,8,4,-40
1759483198.8866248,-1,5,-43
1759483198.9246247,0,1,-53
1759483198.9626248,-2,3,-48
1759483199.000625,0,4,-37
1759483199.036625,7,3,-51
1759483199.0746248,8,-4,-46
1759483199.112625,3,-1,-35
1759483199.1506248,1,1,-28
1759483199.1866248,5,3,-32
1759483199.2246249,3,1,-29
1759483199.2616248,0,-4,-34
1759483199.3006248,-3,0,-41
1759483199.3366249,0,2,-46
1759483199.3736248,5,0,-45
1759483199.411625,-3,-5,-43
1759483199.4506247,-1,1,-45
1759483199.4866247,-3,0,-36
1759483199.5246248,-1,-2,-35
1759483199.5636249,5,2,-31
1759483199.6016247,-4,8,-43
1759483199.6376247,1,2,-50
1759483199.6746247,1,0,-43
1759483199.7136247,-2,1,-33
1759483199.7516248,-9,-6,-27
1759483199.7876248,-2,-2,-32
1759483199.8266249,4,-1,-39
1759483199.8636248,1,-1,-41
1759483199.9026248,-7,2,-42
1759483199.9406247,-3,7,-40
1759483199.9766247,0,0,-29
1759483200.013625,7,2,-39
1759483200.0526247,1,1,-32
1759483200.0906248,7,-2,-36
1759483200.1266248,-3,4,-31
1759483200.1646247,0,3,-30
1759483200.2026248,0,-3,-34
1759483200.240625,3,-8,-31
1759483200.276625,-4,-10,-42
1759483200.3146248,4,-2,-50
1759483200.352625,1,-9,-41
1759483200.3916247,0,-7,-42
1759483200.4276247,0,-8,-47
1759483200.464625,5,-6,-45
1759483200.5026248,2,3,-34
1759483200.5416248,0,0,-50
1759483200.5776248,5,3,-39
1759483200.6146247,12,0,-32
1759483200.6526248,4,-2,-33
1759483200.6916249,-3,3,-44
1759483200.727625,-2,8,-38
1759483200.7646248,-5,3,-42
1759483200.8026247,-1,2,-30
1759483200.8416247,-3,9,-42
1759483200.8776248,1,0,-41
1759483200.9146247,-3,0,-43
1759483200.9526248,-2,0,-53
1759483200.9916248,-5,-1,-37
1759483201.0276248,-7,-6,-40
1759483201.0656247,-9,0,-33
1759483201.1046247,1,2,-27
1759483201.1426249,-1,0,-17
1759483201.1796248,-1,7,-18
1759483201.2166247,-4,0,-34
1759483201.2556248,-1,-3,-40
1759483201.2936249,3,-1,-41
1759483201.3316247,0,2,-48
1759483201.3676248,-8,4,-33
1759483201.4056249,0,3,-43
1759483201.444625,3,3,-47
1759483201.4826248,-3,2,-43
1759483201.5186248,-5,-2,-33
1759483201.556625,-1,4,-44
1759483201.5956247,-4,2,-41
1759483201.6336248,4,4,-39
1759483201.671625,-1,-3,-32
1759483201.707625,-2,-5,-40
1759483201.7456248,-2,-10,-56
1759483201.783625,1,0,-46
1759483201.8226247,3,8,-42
1759483201.8586247,0,9,-41
1759483201.8976247,-3,-1,-39
1759483201.9356248,0,0,-43
1759483201.9736247,3,1,-38
1759483202.0116248,5,7,-36
1759483202.0476248,5,7,-28
1759483202.0856247,0,2,-46
1759483202.1236248,1,-1,-45
1759483202.161625,-2,-1,-36
1759483202.1976247,-9,0,-26
1759483202.2366247,1,0,-38
1759483202.273625,0,3,-42
1759483202.3126247,1,1,-46
1759483202.3486247,9,2,-35
1759483202.385625,0,2,-38
1759483202.4236248,-5,-5,-49
1759483202.4626248,-3,-9,-34
1759483202.4986248,-4,-5,-37
1759483202.536625,1,0,-26
1759483202.5746248,5,3,-36
1759483202.6136248,-8,5,-49
1759483202.6496248,-5,4,-42
1759483202.6876247,0,3,-34
1759483202.7266247,-4,0,-41
1759483202.763625,-7,-4,-42
1759483202.8026247,9,0,-42
1759483202.8386247,6,-4,-40
1759483202.8766248,3,0,-44
1759483202.9136248,0,0,-44
1759483202.9526248,-1,4,-49
1759483202.9886248,1,-3,-43
1759483203.026625,-9,2,-31
1759483203.0646248,1,5,-34
1759483203.102625,3,3,-32
1759483203.138625,0,-4,-41
1759483203.1766248,0,-4,-32
1759483203.2156248,2,2,-51
1759483203.253625,-1,2,-39
1759483203.2896247,-1,1,-36
1759483203.3266249,3,1,-35
1759483203.365625,1,4,-46
1759483203.4036248,-4,2,-43
1759483203.4396248,-5,2,-42
1759483203.4786248,-8,-5,-32
1759483203.5156248,-7,0,-38
1759483203.5546248,-6,2,-47
1759483203.592625,2,1,-53
1759483203.628625,1,6,-36
1759483203.6656249,2,4,-32
1759483203.704625,8,0,-37
1759483203.7426248,7,1,-37
1759483203.7786248,5,-4,-55
1759483203.8166249,-13,0,-51
1759483203.855625,-6,0,-40
1759483203.8936248,-4,2,-38
1759483203.9296248,2,-4,-39
1759483203.9666247,-2,-1,-45
1759483204.0056248,0,-2,-49
1759483204.0436249,-2,-1,-33
1759483204.079625,-6,0,-42
1759483204.1176248,-8,-2,-41
1759483204.1566248,3,2,-37
1759483204.194625,0,5,-42
1759483204.230625,0,1,-29
1759483204.2696247,-1,9,-27
1759483204.306625,2,0,-30
1759483204.3456247,3,4,-32
1759483204.3836248,-3,2,-32
1759483204.4196248,-5,7,-44
1759483204.4566247,-3,2,-43
1759483204.4956248,-1,4,-44
1759483204.533625,-4,0,-40
1759483204.569625,-4,3,-32
1759483204.6076248,5,6,-27
1759483204.6456249,3,2,-46
1759483204.684625,4,1,-39
1759483204.7206247,5,-2,-43
1759483204.7586248,2,4,-46
1759483204.7976248,3,4,-31
1759483204.8356247,4,0,-31
1759483204.8736248,1,4,-36
1759483204.9096248,0,0,-51
1759483204.9486248,-1,0,-50
1759483204.9856248,-3,1,-49
1759483205.0246248,2,-5,-36
1759483205.0606248,-1,-2,-43
1759483205.0996249,0,-7,-32
1759483205.1376247,1,-4,-22
1759483205.1756248,6,3,-37
1759483205.2136247,-1,-3,-50
1759483205.2496247,-4,-4,-36
1759483205.2886248,2,3,-32
1759483205.3256247,5,3,-35
1759483205.3646247,7,1,-32
1759483205.4006248,7,4,-35
1759483205.4386249,6,-1,-42
1759483205.4766247,-2,-7,-45
1759483205.5156248,-7,-4,-36
1759483205.5536249,-3,0,-39
1759483205.589625,-6,-4,-39
1759483205.6276248,-5,-7,-37
1759483205.6666248,0,6,-42
1759483205.704625,2,4,-37
1759483205.740625,-1,7,-36
1759483205.786625,1,-4,-37
1759483205.8246248,6,-6,-41
1759483205.8616247,-3,-6,-29
1759483205.8996248,-2,-2,-35
1759483205.9376247,4,-1,-42
1759483205.9756248,-3,-5,-51
1759483206.0116248,0,1,-44
1759483206.0486248,5,-5,-44
1759483206.0876248,3,-2,-29
1759483206.125625,0,-1,-43
1759483206.161625,5,6,-48
1759483206.1996248,5,5,-53
1759483206.237625,0,-6,-41
1759483206.2756248,7,-3,-34
1759483206.3116248,6,0,-34
1759483206.3486247,0,0,-40
1759483206.3876247,-7,4,-43
1759483206.4256248,2,-1,-46
1759483206.4616249,9,-4,-42
1759483206.4986248,0,2,-46
1759483206.5376248,1,5,-46
1759483206.5756247,-3,1,-37
1759483206.6116247,0,-2,-42
1759483206.6506248,1,1,-53
1759483206.6876247,7,-4,-56
1759483206.7266247,4,-1,-37
1759483206.7646248,2,-2,-37
1759483206.8006248,6,-3,-28
1759483206.8386247,8,-7,-44
1759483206.8766248,8,-7,-29
1759483206.9146247,8,0,-37
1759483206.9506247,9,3,-43
1759483206.987625,-4,-2,-37
1759483207.026625,5,0,-45
1759483207.0646248,3,-5,-35
1759483207.1006248,5,0,-34
1759483207.1376247,4,-2,-26
1759483207.1766248,0,-2,-37
1759483207.214625,-2,0,-37
1759483207.250625,-1,-5,-36
1759483207.2896247,2,-2,-39
1759483207.3276248,-3,-3,-35
1759483207.365625,-4,-2,-37
1759483207.401625,0,0,-34
1759483207.4396248,-6,2,-37
1759483207.4766247,4,4,-39
1759483207.5156248,0,-4,-41
1759483207.5516248,2,-5,-38
1759483207.5886247,-7,-3,-32
1759483207.6266248,-2,1,-44
1759483207.6656249,-3,-1,-27
1759483207.7016249,2,-3,-29
1759483207.740625,-2,-2,-31
1759483207.7776248,1,0,-24
1759483207.8166249,-3,-3,-34
1759483207.8536248,4,-1,-31
1759483207.8906248,-4,-1,-33
1759483207.9286249,5,-4,-33
1759483207.967625,5,-3,-41
1759483208.0056248,8,-4,-32
1759483208.0416248,-2,-1,-37
1759483208.0806248,0,2,-36
1759483208.1176248,-7,0,-29
1759483208.1566248,-4,-2,-40
1759483208.1926248,0,0,-47
1759483208.230625,-1,-1,-45
1759483208.2676249,-4,5,-37
1759483208.306625,0,0,-50
1759483208.342625,1,0,-43
1759483208.3806248,11,0,-50
1759483208.4176247,4,-1,-43
1759483208.4566247,3,8,-37
1759483208.4926248,-2,8,-43
1759483208.5306249,0,-1,-41
1759483208.5686247,-2,0,-39
1759483208.6066248,1,2,-35
1759483208.6426249,1,5,-30
1759483208.6796248,1,-3,-38
1759483208.717625,-3,-4,-46
1759483208.7566247,-2,0,-32
1759483208.7926247,7,5,-33
1759483208.8306248,3,-2,-29
1759483208.8686247,7,-3,-42
1759483208.9066248,-1,1,-46
1759483208.9426248,-9,1,-46
1759483208.9796247,-7,2,-41
1759483209.0186248,-1,1,-41
1759483209.056625,-1,0,-38
1759483209.092625,-1,0,-38
1759483209.1296248,-3,5,-41
1759483209.1686249,6,1,-55
1759483209.2066247,0,1,-41
1759483209.2426248,1,9,-40
1759483209.2796247,6,3,-38
1759483209.3186247,13,-10,-41
1759483209.3566248,8,-9,-37
1759483209.3926249,9,-5,-38
1759483209.4296248,11,1,-52
1759483209.4686248,3,8,-33
1759483209.5066247,5,-3,-42
1759483209.5426247,0,-3,-40
1759483209.5806248,9,1,-49
1759483209.6186247,-3,0,-40
1759483209.6566248,-9,3,-31
1759483209.6926248,2,-2,-41
1759483209.7316248,4,-12,-38
1759483209.7686248,-3,-1,-32
1759483209.8076248,-3,-5,-39
1759483209.8436248,-5,-3,-29
1759483209.8816247,2,4,-38
1759483209.9196248,3,0,-38
1759483209.9586248,5,0,-34
1759483209.9966247,4,5,-41
1759483210.0326247,2,0,-41
1759483210.0716248,-4,4,-41
1759483210.1096249,-2,0,-52
1759483210.1476247,2,-2,-39
1759483210.184625,5,-4,-40
1759483210.2216249,0,-9,-49
1759483210.2596247,-4,-4,-43
1759483210.2986248,0,2,-36
1759483210.3366249,2,-2,-45
1759483210.3726249,1,-3,-28
1759483210.4096248,0,-2,-40
1759483210.4486248,4,2,-36
1759483210.4866247,8,0,-31
1759483210.5226247,1,0,-37
1759483210.559625,-3,-3,-41
1759483210.5986247,-2,-3,-45
1759483210.6366248,-5,2,-29
1759483210.6726248,-1,4,-36
1759483210.7116249,1,1,-24
1759483210.7486248,-1,-1,-38
1759483210.7876248,-1,1,-31
1759483210.8236248,4,-8,-42
1759483210.8616247,-3,-2,-39
1759483210.8996248,0,-4,-44
1759483210.9386249,6,-1,-37
1759483210.9766247,3,0,-38
1759483211.0126247,1,0,-42
1759483211.0516248,2,0,-34
1759483211.089625,6,2,-38
1759483211.1276248,2,-6,-40
1759483211.1636248,-6,-4,-43
1759483211.2026248,-3,1,-33
1759483211.2396247,-3,-6,-48
1759483211.2786248,0,-3,-41
1759483211.3146248,-4,0,-40
1759483211.352625,-2,0,-35
1759483211.3906248,2,-5,-45
1759483211.4286249,-5,0,-38
1759483211.467625,0,1,-45
1759483211.503625,-2,0,-37
1759483211.5416248,0,-1,-42
1759483211.579625,10,0,-32
1759483211.6186247,6,-4,-37
1759483211.6546247,0,-6,-39
1759483211.6936247,3,1,-34
1759483211.7316248,8,2,-40
1759483211.7696247,9,3,-42
1759483211.8076248,1,0,-28
1759483211.8436248,1,0,-34
1759483211.8816247,-1,9,-40
1759483211.9196248,-2,2,-30
1759483211.957625,-1,2,-27
1759483211.9936247,6,2,-36
1759483212.0306249,7,-1,-40
1759483212.069625,-3,-3,-35
1759483212.1076248,-5,0,-37
1759483212.1436248,2,-1,-42
1759483212.1826248,4,-7,-44
1759483212.2196248,-3,-4,-34
1759483212.2586248,-2,0,-37
1759483212.2946248,0,8,-37
1759483212.332625,2,-2,-35
1759483212.3696249,7,-1,-39
1759483212.408625,1,0,-46
1759483212.444625,2,6,-41
1759483212.4826248,3,4,-34
1759483212.5206249,0,-2,-34
1759483212.5586247,-1,4,-38
1759483212.5946248,3,3,-41
1759483212.6316247,6,0,-44
1759483212.6696248,4,3,-45
1759483212.7086248,-3,3,-28
1759483212.7446249,0,5,-34
1759483212.7826247,-2,8,-41
1759483212.8206248,2,0,-42
1759483212.8586247,7,-2,-44
1759483212.8946247,-3,2,-37
1759483212.931625,-1,0,-31
1759483212.9696248,4,-3,-37
1759483213.0086248,7,-4,-33
1759483213.0446248,4,-7,-38
1759483213.0816247,0,-4,-52
1759483213.1206248,0,-1,-42
1759483213.158625,0,-3,-40
1759483213.194625,3,-2,-41
1759483213.2316248,-4,-5,-40
1759483213.2706249,-4,-2,-27
1759483213.3086247,1,-6,-36
1759483213.3446248,2,-1,-32
1759483213.3836248,2,0,-42
1759483213.4206247,0,-2,-40
1759483213.4596248,0,0,-39
1759483213.4956248,5,0,-45
1759483213.533625,5,4,-36
1759483213.5706248,-1,2,-39
1759483213.6096249,6,-4,-35
1759483213.6456249,11,0,-37
1759483213.6836247,2,0,-39
1759483213.7206247,2,-3,-43
1759483213.7596247,-10,3,-25
1759483213.7956247,-5,0,-23
1759483213.8336248,-3,-4,-31
1759483213.8716247,-1,-1,-29
1759483213.9106247,2,-1,-30
1759483213.9486248,2,-6,-34
1759483213.9846249,-3,-4,-36
1759483214.023625,0,3,-34
1759483214.0616248,6,9,-36
1759483214.0996249,4,2,-46
1759483214.1366248,0,-1,-42
1759483214.1746247,-1,0,-49
1759483214.2116249,-1,-4,-47
1759483214.250625,-2,-4,-61
1759483214.2886248,-7,-2,-44
1759483214.3246248,0,0,-36
1759483214.362625,-5,2,-36
1759483214.401625,-4,0,-40
1759483214.4396248,1,1,-45
1759483214.4756248,0,-2,-36
1759483214.5126247,-3,-4,-41
1759483214.5506248,1,-4,-31
1759483214.589625,-1,-5,-45
1759483214.625625,0,5,-50
1759483214.6626248,2,4,-37
1759483214.7016249,-4,4,-44
1759483214.7396247,-1,0,-42
1759483214.7756248,0,0,-32
1759483214.8126247,-4,4,-45
1759483214.8506248,-2,1,-33
1759483214.8896248,0,-3,-32
1759483214.9256248,-4,0,-33
1759483214.9626248,-5,-5,-45
1759483215.000625,-1,-1,-46
1759483215.0396247,-4,-7,-38
1759483215.0756247,4,-5,-41
1759483215.1136248,4,-1,-44
1759483215.1506248,5,2,-39
1759483215.1896248,3,6,-44
1759483215.2256248,12,-3,-41
1759483215.263625,0,-3,-48
1759483215.3016248,-4,-4,-43
1759483215.3406248,-2,-2,-34
1759483215.3766248,1,4,-18
1759483215.4136248,-1,-3,-40
1759483215.4516249,-7,-8,-40
1759483215.490625,0,-3,-50
1759483215.526625,6,-5,-47
1759483215.5646248,2,-2,-47
1759483215.602625,0,5,-51
1759483215.6416247,2,4,-40
1759483215.6796248,6,6,-33
1759483215.7156248,3,-3,-36
1759483215.7546248,0,0,-32
1759483215.7996247,-11,0,-46
1759483215.8356247,-2,2,-42
1759483215.8746247,1,-1,-45
1759483215.9126248,0,3,-41
1759483215.9506247,6,3,-43
1759483215.9866247,8,3,-38
1759483216.023625,3,1,-39
1759483216.0626247,-3,-1,-54
1759483216.1006248,2,0,-52
1759483216.1366248,6,3,-47
1759483216.1756248,0,-1,-48
1759483216.2126248,0,-5,-29
1759483216.2516248,6,-3,-25
1759483216.2876248,-2,-7,-37
1759483216.3256247,1,-4,-36
1759483216.3636248,1,-7,-31
1759483216.401625,8,3,-36
1759483216.4406247,0,4,-47
1759483216.4766247,0,1,-57
1759483216.513625,-4,-4,-53
1759483216.5516248,-8,4,-44
1759483216.5906248,-1,-2,-38
1759483216.6266248,-9,-7,-45
1759483216.6646247,-9,-4,-32
1759483216.7036247,0,-7,-39
1759483216.7416248,-3,-7,-38
1759483216.7776248,1,0,-35
1759483216.8146248,5,-1,-33
1759483216.8536248,-3,6,-31
1759483216.8916247,0,1,-39
1759483216.9276247,4,-2,-52
1759483216.9656248,0,-4,-40
1759483217.003625,-5,-3,-33
1759483217.0426247,-3,-2,-47
1759483217.0806248,3,-2,-41
1759483217.1166248,1,0,-47
1759483217.1536248,-3,0,-42
1759483217.1926248,2,0,-39
1759483217.230625,-6,0,-47
1759483217.2666247,-6,1,-42
1759483217.3056247,10,2,-40
1759483217.342625,1,0,-43
1759483217.3816247,1,1,-39
1759483217.4186249,0,0,-39
1759483217.4556248,-2,6,-35
1759483217.4936247,0,4,-31
1759483217.5326247,-5,0,-39
1759483217.5706248,4,-1,-33
1759483217.6066248,-3,5,-44
1759483217.6446247,2,-4,-40
1759483217.6836247,3,-3,-37
1759483217.7216249,-1,-6,-42
1759483217.7576249,-2,-2,-58
1759483217.796625,-5,2,-53
1759483217.8336248,5,0,-38
1759483217.8726249,1,-1,-32
1759483217.9106247,-2,-5,-34
1759483217.9466248,-6,-5,-38
1759483217.9856248,1,-2,-41
1759483218.0226247,6,-2,-45
1759483218.0616248,0,2,-39
1759483218.0976248,-1,0,-50
1759483218.135625,0,5,-38
1759483218.1726248,2,2,-38
1759483218.2116249,0,-1,-38
1759483218.2476249,3,0,-44
1759483218.2856247,-2,3,-40
1759483218.3226247,0,-1,-32
1759483218.3616247,-1,-1,-40
1759483218.3976247,2,-8,-42
1759483218.4356248,0,1,-50
1759483218.4726248,-2,2,-42
1759483218.5116248,-3,-3,-40
1759483218.5476248,-2,-8,-48
1759483218.5856247,-7,-3,-47
1759483218.6236248,-5,2,-42
1759483218.6626248,-11,1,-46
1759483218.6986248,-8,-5,-37
1759483218.7366247,3,-4,-34
1759483218.7756248,-3,-5,-38
1759483218.8136249,-2,-5,-44
1759483218.8516247,2,-3,-42
1759483218.8876247,0,-2,-38
1759483218.9266248,4,-1,-27
1759483218.9636247,-2,1,-42
1759483219.0026248,2,7,-35
1759483219.0386248,3,0,-34
1759483219.0766249,2,-2,-31
1759483219.1136248,-1,0,-40
1759483219.1526248,0,5,-37
1759483219.1886249,-4,-3,-29
1759483219.227625,1,2,-37
1759483219.2646248,7,8,-34
1759483219.3036249,6,-2,-42
1759483219.3416247,10,-1,-35
1759483219.3776248,8,-5,-44
1759483219.4166248,-6,-8,-43
1759483219.4536247,0,0,-37
1759483219.4926248,-4,0,-45
1759483219.5286248,0,1,-41
1759483219.5676248,3,2,-40
1759483219.605625,-2,-3,-46
1759483219.6436248,-3,2,-51
1759483219.6796248,2,1,-47
1759483219.717625,-6,0,-45
1759483219.7556248,-3,4,-46
1759483219.7936249,-2,-1,-42
1759483219.829625,0,-2,-47
1759483219.8676248,10,-2,-38
1759483219.9056249,0,3,-32
1759483219.9436247,-4,-1,-39
1759483219.9826248,-3,-3,-37
1759483220.0186248,-2,-4,-40
1759483220.056625,0,-2,-41
1759483220.0946248,-3,0,-40
1759483220.1346247,-4,3,-46
1759483220.1726248,2,-4,-41
1759483220.2086248,0,-4,-38
1759483220.2456248,1,0,-46
1759483220.2846248,-6,-1,-44
1759483220.3226247,3,-1,-42
1759483220.3586247,2,-6,-47
1759483220.3976247,1,-2,-41
1759483220.4356248,-8,5,-36
1759483220.4736247,-4,-2,-41
1759483220.5096247,-6,2,-36
1759483220.5476248,4,-2,-35
1759483220.5856247,-2,2,-48
1759483220.6246247,-2,2,-36
1759483220.6626248,0,1,-32
1759483220.6986248,-1,4,-32
1759483220.7366247,-5,1,-38
1759483220.7746248,-3,1,-49
1759483220.8136249,0,4,-48
1759483220.8496249,-3,-1,-44
1759483220.888625,6,-7,-36
1759483220.9256248,8,2,-34
1759483220.964625,0,-7,-38
1759483221.0026248,-1,-7,-39
1759483221.0386248,4,0,-45
1759483221.0766249,2,-1,-44
1759483221.1146247,5,0,-47
1759483221.1526248,4,1,-36
1759483221.1886249,1,0,-49
1759483221.2266247,-7,-4,-41
1759483221.2646248,-4,-6,-46
1759483221.3026247,3,-3,-51
1759483221.3386247,1,-4,-51
1759483221.375625,0,0,-46
1759483221.4146247,-1,-4,-41
1759483221.4506247,-1,-3,-39
1759483221.4896247,-5,-2,-29
1759483221.5276248,3,0,-39
1759483221.5656247,3,-1,-33
1759483221.6036248,0,0,-31
1759483221.6396248,-4,1,-41
1759483221.6776247,-7,-3,-37
1759483221.714625,1,-3,-31
1759483221.753625,0,-4,-30
1759483221.7896247,0,-2,-43
1759483221.8276248,0,0,-48
1759483221.8646247,-4,0,-33
1759483221.9036248,4,-5,-42
1759483221.9396248,4,-2,-50
1759483221.977625,3,-3,-44
1759483222.0146248,2,-2,-45
1759483222.0536249,-7,3,-47
1759483222.089625,-7,0,-36
1759483222.1276248,-5,7,-29
1759483222.1656249,-1,4,-33
1759483222.2036247,1,0,-37
1759483222.2396247,3,-5,-42
1759483222.2786248,3,-2,-53
1759483222.3156247,0,-4,-42
1759483222.3546247,5,-2,-42
1759483222.3906248,2,0,-42
1759483222.4286249,-4,2,-40
1759483222.4666247,-13,1,-41
1759483222.5056248,-2,-1,-49
1759483222.5436249,-5,2,-48
1759483222.579625,-5,0,-32
1759483222.6166248,0,-4,-43
1759483222.6556249,-2,1,-46
1759483222.6936247,4,0,-34
1759483222.7296247,4,4,-45
1759483222.7666247,7,1,-47
1759483222.8056247,0,0,-41
1759483222.8436248,3,2,-39
1759483222.8796248,-3,2,-34
1759483222.9166248,-1,4,-30
1759483222.9556248,1,6,-36
1759483222.9936247,0,1,-41
1759483223.0296247,0,-4,-31
1759483223.0666249,3,3,-36
1759483223.105625,1,2,-36
1759483223.1416247,3,1,-47
1759483223.1806247,5,1,-45
1759483223.217625,0,0,-53
1759483223.2566247,6,2,-46
1759483223.2946248,2,5,-43
1759483223.3306248,7,3,-35
1759483223.3686247,6,8,-29
1759483223.4066248,2,0,-37
1759483223.444625,0,1,-45
1759483223.480625,-2,1,-48
1759483223.5186248,-5,0,-34
1759483223.556625,-3,-3,-38
1759483223.5946248,1,0,-25
1759483223.6306248,-1,-3,-40
1759483223.6696248,-1,-4,-49
1759483223.7066247,0,-7,-43
1759483223.7456248,0,-6,-47
1759483223.7816248,0,-10,-41
1759483223.819625,1,-3,-41
1759483223.8566248,-1,-7,-43
1759483223.8956249,0,0,-46
1759483223.931625,1,-9,-42
1759483223.9696248,3,-4,-47
1759483224.0066247,-2,-6,-46
1759483224.0456247,-5,2,-49
1759483224.0816247,-3,2,-41
1759483224.1196249,2,0,-41
1759483224.1566248,0,2,-39
1759483224.1956248,1,-6,-43
1759483224.2316248,-4,0,-46
1759483224.2696247,1,-4,-49
1759483224.3076248,-3,-6,-52
1759483224.3466249,-1,-3,-46
1759483224.3846247,0,-9,-33
1759483224.4206247,-4,-3,-38
1759483224.4596248,-2,-7,-40
1759483224.4976249,0,-4,-43
1759483224.5356247,1,3,-38
1759483224.5716248,0,6,-45
1759483224.6106248,2,3,-53
1759483224.6476247,0,-4,-56
1759483224.6866248,0,-1,-34
1759483224.7246249,1,-1,-28
1759483224.760625,0,2,-31
1759483224.7976248,7,1,-33
1759483224.8366249,5,0,-39
1759483224.8746247,-2,-1,-36
1759483224.911625,2,2,-40
1759483224.9486248,1,3,-43
1759483224.9866247,-1,-1,-30
1759483225.0256248,-1,1,-30
1759483225.0616248,0,6,-30
1759483225.0986247,-2,0,-38
1759483225.1366248,1,0,-42
1759483225.1756248,1,0,-42
1759483225.2116249,7,-4,-41
1759483225.2496247,7,1,-37
1759483225.286625,-4,11,-34
1759483225.3256247,2,3,-26
1759483225.3616247,1,-2,-38
1759483225.3996248,5,-1,-34
1759483225.4386249,2,0,-48
1759483225.4766247,2,0,-37
1759483225.5126247,-2,-1,-36
1759483225.5506248,0,0,-36
1759483225.5886247,2,6,-46
1759483225.6276248,-5,2,-43
1759483225.6656249,0,-2,-37
1759483225.7016249,-4,-2,-48
1759483225.740625,7,-7,-48
1759483225.7776248,-4,-1,-49
1759483225.8226247,-2,-4,-44
1759483225.8606248,-2,-3,-54
1759483225.898625,3,-3,-36
1759483225.9366248,0,5,-38
1759483225.9726248,-1,3,-45
1759483226.0116248,0,-2,-53
1759483226.0486248,11,4,-47
1759483226.0876248,1,-1,-39
1759483226.125625,1,-4,-33
1759483226.161625,0,-3,-41
1759483226.2006247,2,0,-46
1759483226.2386248,2,-2,-44
1759483226.276625,0,-3,-41
1759483226.3136249,2,0,-43
1759483226.3506248,0,-2,-46
1759483226.388625,-1,-5,-35
1759483226.4276247,-1,-7,-31
1759483226.4656248,0,-6,-38
1759483226.5016248,3,1,-37
1759483226.5386248,0,-6,-48
1759483226.5776248,4,0,-41
1759483226.615625,-3,-4,-32
1759483226.651625,0,-3,-39
1759483226.6896248,1,0,-41
1759483226.727625,-5,2,-41
1759483226.763625,3,1,-38
1759483226.8006248,-10,1,-33
1759483226.8386247,-11,-2,-48
1759483226.8776248,-1,1,-28
1759483226.9136248,-1,0,-35
1759483226.9506247,-6,-3,-39
1759483226.9896247,1,-1,-32
1759483227.0276248,1,-1,-38
1759483227.0636249,-2,-1,-39
1759483227.102625,0,-2,-45
1759483227.1406248,2,-1,-43
1759483227.1776247,-2,-2,-38
1759483227.2166247,-4,0,-27
1759483227.2526248,-3,-2,-37
1759483227.2906249,3,-3,-26
1759483227.3286247,-6,-3,-27
1759483227.3676248,1,-5,-36
1759483227.4036248,2,-1,-32
1759483227.4416249,8,-10,-40
1759483227.4796247,2,-14,-40
1759483227.5186248,1,-7,-34
1759483227.556625,-4,-10,-39
1759483227.592625,0,-4,-47
1759483227.6316247,1,-3,-58
1759483227.6696248,0,-4,-55
1759483227.707625,7,-2,-36
1759483227.7436247,1,5,-24
1759483227.7816248,1,-3,-30
1759483227.819625,3,-2,-39
1759483227.8586247,2,0,-36
1759483227.8966248,-9,3,-39
1759483227.9326248,-1,-1,-42
1759483227.9706247,-10,1,-29
1759483228.0096247,-10,-2,-38
1759483228.0476248,-12,-11,-28
1759483228.0836248,0,-4,-37
1759483228.1226249,-6,-2,-43
1759483228.1596248,-1,1,-42
1759483228.1986248,1,0,-47
1759483228.2366247,1,-6,-43
1759483228.2726247,6,-3,-36
1759483228.309625,-1,-3,-29
1759483228.3486247,2,-3,-36
1759483228.3846247,5,-1,-31
1759483228.4236248,4,5,-32
1759483228.4606247,0,0,-35
1759483228.4986248,0,-3,-38
1759483228.5376248,1,-2,-35
1759483228.5736248,2,-3,-30
1759483228.6116247,2,-1,-34
1759483228.648625,2,1,-34
1759483228.6876247,1,5,-36
1759483228.7236247,1,0,-46
1759483228.760625,10,-4,-44
1759483228.7986248,0,-7,-38
1759483228.8376248,5,-1,-42
1759483228.8736248,5,-4,-39
1759483228.9106247,0,1,-37
1759483228.9486248,-6,-4,-31
1759483228.987625,-3,-2,-34
1759483229.023625,-3,-3,-42
1759483229.0616248,-2,-4,-43
1759483229.0996249,-4,2,-42
1759483229.138625,-4,-6,-56
1759483229.1746247,-8,1,-38
1759483229.2126248,-7,1,-42
1759483229.2516248,2,0,-31
1759483229.2896247,0,-2,-32
1759483229.3276248,8,-8,-36
1759483229.3636248,0,-5,-27
1759483229.401625,-1,-7,-39
1759483229.4396248,-3,-7,-43
1759483229.477625,5,-2,-40
1759483229.513625,-4,-1,-50
1759483229.5526247,-2,3,-44
1759483229.589625,-7,-1,-39
1759483229.628625,0,0,-37
1759483229.6646247,-3,3,-34
1759483229.7026248,-7,1,-30
1759483229.7396247,-5,0,-37
1759483229.7786248,-4,-1,-47
1759483229.8146248,-6,3,-48
1759483229.852625,-8,-2,-44
1759483229.8896248,-1,-7,-38
1759483229.9286249,4,-3,-38
1759483229.964625,0,0,-29
1759483230.0026248,2,-7,-34
1759483230.0396247,6,0,-29
1759483230.0786247,6,-1,-41
1759483230.1146247,5,0,-40
1759483230.1526248,-1,0,-45
1759483230.1896248,-7,-2,-31
1759483230.2286248,-1,-2,-38
1759483230.2646248,6,-8,-39
1759483230.3026247,3,0,-45
1759483230.339625,2,2,-35
1759483230.378625,4,0,-31
1759483230.4146247,-2,0,-29
1759483230.4526248,2,-3,-37
1759483230.4896247,1,0,-48
1759483230.5286248,3,-2,-48
1759483230.5646248,-1,-3,-45
1759483230.602625,1,2,-41
1759483230.6406248,1,-1,-37
1759483230.6796248,6,0,-32
1759483230.7156248,12,2,-38
1759483230.7526248,0,0,-36
1759483230.7906249,1,-3,-44
1759483230.829625,8,4,-40
1759483230.865625,5,-1,-37
1759483230.9036248,0,2,-27
1759483230.9406247,2,2,-35
1759483230.9796247,-3,1,-42
1759483231.0156248,0,0,-28
1759483231.0536249,-2,3,-40
1759483231.0916247,-5,-7,-38
1759483231.1296248,0,-5,-46
1759483231.1656249,-2,-1,-41
1759483231.2036247,-1,0,-43
1759483231.2416248,4,-5,-36
1759483231.2806249,0,-7,-42
1759483231.3186247,0,2,-31
1759483231.3546247,-2,-4,-43
1759483231.3936248,0,0,-48
1759483231.4306247,0,1,-42
1759483231.4696248,8,4,-32
1759483231.5056248,6,7,-37
1759483231.5436249,11,-1,-40
1759483231.5806248,5,2,-41
1759483231.6196249,1,8,-34
1759483231.6556249,1,0,-34
1759483231.6936247,-3,-4,-26
1759483231.730625,4,3,-42
1759483231.7696247,1,-4,-38
1759483231.8056247,1,-1,-31
1759483231.8436248,2,-3,-35
1759483231.8816247,0,-2,-32
1759483231.9206247,9,1,-40
1759483231.9566247,2,-4,-38
1759483231.9946249,-2,0,-31
1759483232.0316248,-3,-3,-43
1759483232.0706248,1,-2,-43
1759483232.1066248,3,-3,-38
1759483232.1436248,-5,7,-37
1759483232.181625,-5,0,-41
1759483232.2206247,0,3,-51
1759483232.2566247,2,0,-38
1759483232.2936249,-5,1,-44
1759483232.3316247,-2,-2,-43
1759483232.3706248,-3,1,-52
1759483232.4066248,2,-1,-47
1759483232.444625,-1,0,-54
1759483232.4836247,-1,3,-53
1759483232.5216248,2,3,-45
1759483232.559625,2,-2,-48
1759483232.5956247,0,0,-44
1759483232.6336248,-2,0,-41
1759483232.671625,-2,-6,-32
1759483232.7096248,0,-2,-42
1759483232.7456248,0,1,-46
1759483232.783625,4,-2,-31
1759483232.8216248,-4,4,-39
1759483232.8596249,-3,6,-45
1759483232.8956249,0,-1,-32
1759483232.9336247,0,-3,-26
1759483232.9716249,0,-5,-34
1759483233.0096247,2,-8,-42
1759483233.0456247,7,0,-46
1759483233.0836248,0,2,-40
1759483233.1216247,3,3,-38
1759483233.1596248,0,1,-29
1759483233.1956248,0,-2,-35
1759483233.2336247,4,-2,-40
1759483233.2716248,6,-2,-34
1759483233.309625,10,-2,-51
1759483233.3456247,2,-3,-45
1759483233.3846247,2,1,-39
1759483233.421625,4,-1,-43
1759483233.4606247,0,3,-47
1759483233.4966247,-2,3,-41
1759483233.5346248,1,0,-45
1759483233.5716248,1,-5,-46
1759483233.6106248,-1,1,-42
1759483233.6466248,-1,0,-44
1759483233.6856248,0,-9,-50
1759483233.7226248,-4,-4,-48
1759483233.7616248,-1,1,-40
1759483233.7976248,-1,0,-40
1759483233.8346248,0,3,-44
1759483233.8726249,1,0,-35
1759483233.911625,0,3,-41
1759483233.9476247,-2,0,-30
1759483233.9846249,-1,1,-36
1759483234.023625,6,1,-43
1759483234.0616248,5,1,-49
1759483234.0976248,6,1,-50
1759483234.1346247,4,-3,-46
1759483234.1736248,-1,-6,-41
1759483234.2116249,0,0,-47
1759483234.2476249,0,2,-43
1759483234.2856247,-5,-4,-47
1759483234.3236248,0,-5,-29
1759483234.3616247,-2,4,-35
1759483234.3976247,3,3,-41
1759483234.4366248,1,-4,-50
1759483234.4746249,3,1,-46
1759483234.5126247,1,-1,-40
1759483234.5506248,2,0,-46
1759483234.5866249,0,3,-50
1759483234.6246247,0,4,-49
1759483234.6626248,-1,0,-48
1759483234.7006247,-3,-7,-46
1759483234.7366247,-1,-3,-50
1759483234.7746248,3,0,-47
1759483234.8126247,0,0,-48
1759483234.8516247,-1,6,-47
1759483234.8876247,-6,-2,-47
1759483234.9256248,2,2,-57
1759483234.9636247,-2,4,-44
1759483235.0026248,4,1,-55
1759483235.0406249,-3,-6,-38
1759483235.0766249,3,4,-34
1759483235.1136248,3,1,-40
1759483235.1526248,1,0,-45
1759483235.1906247,4,-6,-34
1759483235.2266247,-4,-4,-45
1759483235.2646248,-4,-4,-34
1759483235.3036249,-5,-4,-37
1759483235.3416247,0,-1,-37
1759483235.3776248,0,3,-27
1759483235.4146247,4,3,-44
1759483235.4536247,8,0,-40
1759483235.4916248,9,-1,-52
1759483235.5276248,1,0,-45
1759483235.5656247,0,-3,-45
1759483235.6036248,1,-5,-42
1759483235.6416247,-4,-7,-41
1759483235.6776247,0,-7,-42
1759483235.714625,-10,0,-32
1759483235.753625,-2,1,-30
1759483235.7916248,2,2,-28
1759483235.8356247,1,-2,-34
1759483235.8736248,6,-3,-44
1759483235.911625,4,6,-53
1759483235.9476247,2,7,-50
1759483235.9846249,1,7,-42
1759483236.023625,0,0,-41
1759483236.0616248,-1,9,-41
1759483236.0976248,-2,4,-34
1759483236.1366248,-3,4,-41
1759483236.1746247,-5,0,-42
1759483236.2126248,0,2,-40
1759483236.2486248,5,-4,-36
1759483236.286625,-1,-4,-34
1759483236.3246248,1,1,-40
1759483236.3636248,0,1,-33
1759483236.401625,-2,-1,-43
1759483236.4376247,-2,6,-36
1759483236.4766247,0,0,-34
1759483236.5146248,-5,2,-47
1759483236.5526247,3,6,-50
1759483236.5886247,5,2,-52
1759483236.6266248,8,-1,-45
1759483236.6646247,-2,-1,-41
1759483236.7026248,-2,3,-35
1759483236.7386248,1,-4,-44
1759483236.7756248,2,-2,-30
1759483236.8146248,-7,-1,-41
1759483236.852625,0,-1,-32
1759483236.888625,-4,0,-42
1759483236.9276247,-7,0,-46
1759483236.9656248,-1,3,-45
1759483237.003625,0,2,-42
1759483237.0416248,-3,-4,-34
1759483237.0776248,-1,-3,-35
1759483237.115625,4,3,-50
1759483237.1536248,-3,-7,-48
1759483237.1926248,-9,1,-47
1759483237.2286248,-11,0,-43
1759483237.2666247,-6,0,-33
1759483237.3056247,0,0,-40
1759483237.3436248,0,0,-45
1759483237.3796248,3,0,-42
1759483237.4166248,5,2,-34
1759483237.454625,1,5,-32
1759483237.4936247,1,-5,-38
1759483237.5296247,8,8,-40
1759483237.5666249,0,6,-35
1759483237.6046247,5,5,-40
1759483237.6436248,2,-1,-44
1759483237.6796248,-1,-1,-45
1759483237.7186248,-1,-3,-40
1759483237.7566247,1,1,-44
1759483237.7946248,0,-3,-46
1759483237.832625,-4,-4,-45
1759483237.8686247,-5,0,-34
1759483237.9056249,-6,4,-48
1759483237.944625,-3,2,-25
1759483237.9826248,0,4,-38
1759483238.0186248,-1,6,-50
1759483238.056625,6,-6,-42
1759483238.0946248,4,2,-45
1759483238.1326249,-2,0,-53
1759483238.1686249,3,0,-50
1759483238.2056248,1,-1,-53
1759483238.2446249,2,5,-45
1759483238.2826247,10,0,-36
1759483238.3186247,6,2,-33
1759483238.3566248,-2,4,-37
1759483238.3946247,-2,0,-29
1759483238.4326248,-3,-2,-33
1759483238.4686248,-7,1,-43
1759483238.5066247,-1,-1,-34
1759483238.5446248,2,3,-30
1759483238.5836248,0,5,-37
1759483238.6196249,-4,1,-46
1759483238.658625,-5,0,-45
1759483238.6966248,1,-2,-37
1759483238.7346249,0,2,-34
1759483238.7726247,-2,1,-45
1759483238.8086247,0,1,-43
1759483238.8456247,0,-1,-40
1759483238.8846247,7,-2,-44
1759483238.9206247,-2,-3,-47
1759483238.9586248,1,0,-42
1759483238.9976249,-2,0,-36
1759483239.0346248,-3,0,-34
1759483239.0736248,0,-3,-28
1759483239.1096249,0,-6,-35
1759483239.1476247,7,-5,-45
1759483239.1856248,-3,-1,-36
1759483239.2236247,-2,-3,-40
1759483239.2596247,6,-2,-46
1759483239.2976248,4,5,-40
1759483239.3346248,-4,4,-38
1759483239.3736248,0,1,-43
1759483239.4096248,1,-6,-44
1759483239.4476247,-4,3,-45
1759483239.4856248,0,-1,-42
1759483239.523625,-6,3,-51
1759483239.559625,0,2,-40
1759483239.5966249,-7,5,-39
1759483239.635625,-8,0,-41
1759483239.6736248,-1,4,-34
1759483239.7096248,-1,1,-36
1759483239.7476249,-9,1,-28
1759483239.7856247,1,3,-37
1759483239.8246248,0,-6,-41
1759483239.8606248,-6,1,-38
1759483239.8996248,0,1,-45
1759483239.9366248,-8,4,-37
1759483239.9756248,-2,-6,-47
1759483240.013625,0,-6,-48
1759483240.0496247,-4,-5,-51
1759483240.0876248,-3,0,-45
1759483240.125625,0,-5,-48
1759483240.1646247,-3,-1,-36
1759483240.2006247,0,0,-33
1759483240.237625,-1,4,-43
1759483240.2756248,2,2,-37
1759483240.3146248,1,2,-44
1759483240.3506248,-2,0,-41
1759483240.3876247,2,3,-34
1759483240.4256248,0,11,-37
1759483240.464625,-4,3,-29
1759483240.500625,-2,2,-38
1759483240.5376248,1,-4,-46
1759483240.5756247,1,2,-34
1759483240.6146247,-4,-5,-44
1759483240.6506248,0,0,-34
1759483240.6886249,-4,1,-47
1759483240.7256248,0,3,-52
1759483240.7646248,-1,0,-50
1759483240.8006248,-2,-2,-38
1759483240.8386247,-6,0,-42
1759483240.8766248,-12,4,-48
1759483240.9156249,-6,-5,-49
1759483240.9526248,-3,-2,-46
1759483240.990625,0,1,-57
1759483241.0276248,1,2,-42
1759483241.0666249,-3,0,-48
1759483241.1046247,0,-6,-58
1759483241.1406248,-3,0,-46
1759483241.1776247,-2,-1,-36
1759483241.2166247,-9,-4,-44
1759483241.2546248,2,-1,-39
1759483241.2906249,7,-3,-51
1759483241.3276248,3,-2,-35
1759483241.3666248,-2,5,-48
1759483241.4046247,-7,-6,-35
1759483241.4406247,0,-3,-38
1759483241.477625,4,0,-34
1759483241.5166247,5,3,-38
1759483241.5546248,4,-4,-46
1759483241.5906248,3,3,-57
1759483241.6276248,0,0,-46
1759483241.6666248,-3,-1,-43
1759483241.704625,3,-2,-39
1759483241.740625,-2,2,-45
1759483241.7786248,3,4,-44
1759483241.8166249,2,3,-41
1759483241.855625,-1,-3,-36
1759483241.8916247,-1,-6,-41
1759483241.9296248,-8,2,-41
1759483241.9686248,-2,6,-52
1759483242.0066247,1,2,-43
1759483242.0446248,-4,-2,-40
1759483242.0806248,0,-3,-40
1759483242.1196249,3,-7,-46
1759483242.1566248,1,0,-43
1759483242.1956248,-2,1,-37
1759483242.2316248,-4,4,-30
1759483242.2696247,-9,0,-51
1759483242.3076248,-12,1,-37
1759483242.3466249,-5,2,-41
1759483242.3826249,-2,3,-39
1759483242.4196248,2,1,-35
1759483242.4586248,0,0,-36
1759483242.4966247,-4,9,-37
1759483242.5326247,-4,1,-41
1759483242.5706248,0,3,-40
1759483242.6076248,0,0,-44
1759483242.6466248,-5,5,-51
1759483242.6826248,-7,0,-55
1759483242.7196248,-11,0,-47
1759483242.7576249,2,-1,-50
1759483242.796625,2,-5,-49
1759483242.832625,2,0,-48
1759483242.8706248,2,-1,-54
1759483242.9076247,-3,2,-42
1759483242.9466248,0,2,-34
1759483242.9826248,3,-3,-42
1759483243.0196247,9,-4,-43
1759483243.0576248,7,-4,-50
1759483243.0966249,6,-2,-28
1759483243.1326249,-2,0,-40
1759483243.1706247,5,-5,-47
1759483243.207625,3,5,-48
1759483243.2466247,0,6,-37
1759483243.2826247,-8,-1,-41
1759483243.3216248,-5,-8,-29
1759483243.3586247,2,1,-37
1759483243.3976247,-4,3,-39
1759483243.4356248,-6,3,-39
1759483243.4716249,3,1,-48
1759483243.5096247,-1,7,-38
1759483243.5476248,-4,-1,-41
1759483243.5856247,-1,-3,-44
1759483243.6216247,5,0,-32
1759483243.6596248,3,8,-37
1759483243.6976247,1,3,-33
1759483243.7356248,-1,0,-47
1759483243.7716248,7,1,-48
1759483243.809625,0,0,-43
1759483243.8476248,-3,10,-37
1759483243.885625,-1,12,-41
1759483243.921625,-1,3,-44
1759483243.9606247,3,10,-48
1759483243.9986248,0,4,-48
1759483244.036625,0,-3,-44
1759483244.0726247,-3,-1,-40
1759483244.1106248,0,-2,-51
1759483244.148625,6,-5,-42
1759483244.1876247,4,-4,-52
1759483244.2236247,3,3,-35
1759483244.260625,-2,3,-28
1759483244.2996247,0,4,-31
1759483244.3376248,-5,4,-35
1759483244.3736248,0,1,-34
1759483244.4126248,-3,-3,-30
1759483244.4506247,-7,3,-36
1759483244.4886248,-1,2,-41
1759483244.526625,2,-6,-33
1759483244.5626247,4,-4,-42
1759483244.6016247,0,-1,-36
1759483244.638625,0,3,-34
1759483244.6776247,-1,-3,-44
1759483244.7136247,-4,0,-41
1759483244.7526248,-4,4,-34
1759483244.7896247,-2,0,-25
1759483244.8286247,-2,0,-39
1759483244.8666248,-2,-3,-28
1759483244.9026248,5,3,-23
1759483244.9396248,1,7,-27
1759483244.9786248,0,-1,-35
1759483245.0166247,-4,4,-39
1759483245.0526247,-5,-1,-44
1759483245.0906248,0,-4,-40
1759483245.1296248,-3,-3,-36
1759483245.1676247,0,-7,-36
1759483245.2036247,3,-5,-30
1759483245.2416248,2,-1,-41
1759483245.2806249,-2,-2,-38
1759483245.3186247,6,-1,-32
1759483245.3566248,-5,1,-28
1759483245.3926249,-2,-4,-42
1759483245.4306247,4,4,-36
1759483245.4686248,-2,-3,-33
1759483245.5076249,-2,-5,-36
1759483245.5436249,0,-2,-32
1759483245.5806248,4,1,-30
1759483245.6186247,1,-2,-30
1759483245.6576247,1,-3,-41
1759483245.6936247,3,0,-42
1759483245.7316248,8,1,-41
1759483245.7686248,3,3,-34
1759483245.8076248,-3,1,-40
1759483245.852625,1,-3,-32
1759483245.8896248,2,-2,-30
1759483245.9286249,-2,-3,-38
1759483245.964625,-11,-1,-34
1759483246.0026248,-3,0,-40
1759483246.0416248,-5,-1,-35
1759483246.079625,-5,2,-20
1759483246.1176248,-1,-3,-29
1759483246.1536248,-5,-1,-24
1759483246.1926248,-6,-3,-27
1759483246.2296247,3,2,-35
1759483246.2686248,0,2,-34
1759483246.3046248,-3,-1,-26
1759483246.3436248,-5,0,-42
1759483246.3806248,0,0,-48
1759483246.4186249,2,2,-40
1759483246.457625,2,-3,-30
1759483246.4936247,7,-1,-36
1759483246.5316248,1,-3,-32
1759483246.5706248,0,1,-33
1759483246.6086247,-3,2,-39
1759483246.6446247,-7,0,-36
1759483246.6836247,2,1,-37
1759483246.7206247,1,0,-41
1759483246.7596247,-5,8,-34
1759483246.7976248,0,0,-35
1759483246.8336248,-8,-5,-51
1759483246.8716247,-1,-4,-34
1759483246.9096248,-9,2,-38
1759483246.9486248,-5,-4,-36
1759483246.9846249,0,-5,-35
1759483247.0216248,2,-3,-38
1759483247.0606248,10,2,-33
1759483247.0986247,8,2,-43
1759483247.1346247,-1,0,-34
1759483247.1726248,-2,0,-42
1759483247.2106247,-4,-5,-47
1759483247.2496247,-6,-4,-39
1759483247.2876248,0,0,-40
1759483247.3236248,6,-5,-37
1759483247.362625,0,0,-48
1759483247.3996248,-1,0,-29
1759483247.4386249,5,0,-35
1759483247.4756248,6,0,-38
1759483247.5126247,0,-3,-41
1759483247.5506248,7,0,-37
1759483247.589625,5,-4,-35
1759483247.625625,0,-6,-30
1759483247.6636248,0,3,-33
1759483247.7026248,3,-2,-34
1759483247.7396247,0,2,-36
1759483247.7786248,6,-4,-39
1759483247.8146248,4,1,-42
1759483247.8516247,-5,1,-27
1759483247.8906248,-5,1,-37
1759483247.9286249,-4,1,-34
1759483247.964625,-5,-2,-43
1759483248.003625,2,0,-48
1759483248.0406249,0,-3,-42
1759483248.079625,0,-3,-39
1759483248.1166248,3,-8,-39
1759483248.1536248,-6,-1,-36
1759483248.1916249,1,-1,-52
1759483248.2296247,-2,5,-53
1759483248.2686248,-7,0,-41
1759483248.3046248,-5,2,-41
1759483248.3416247,-3,-3,-36
1759483248.3806248,-6,-3,-34
1759483248.4186249,-3,0,-38
1759483248.454625,2,-1,-47
1759483248.4936247,-10,2,-38
1759483248.5306249,-1,-2,-44
1759483248.5686247,-2,-3,-47
1759483248.6046247,-6,-1,-48
1759483248.6426249,1,-1,-36
1759483248.6806247,-1,0,-39
1759483248.7196248,-2,4,-38
1759483248.7556248,-2,-4,-41
1759483248.7936249,-5,-1,-46
1759483248.8316247,0,-4,-38
1759483248.8706248,7,-7,-41
1759483248.908625,1,2,-37
1759483248.944625,0,5,-41
1759483248.9826248,-7,0,-32
1759483249.0206249,-1,0,-37
1759483249.0586247,7,0,-35
1759483249.0946248,-3,-2,-38
1759483249.1326249,-5,0,-43
1759483249.1706247,4,0,-43
1759483249.2096248,2,-1,-42
1759483249.2456248,3,3,-34
1759483249.2826247,1,0,-33
1759483249.3216248,-2,3,-37
1759483249.3596249,-6,-3,-40
1759483249.3956249,-3,1,-28
1759483249.4326248,-2,0,-22
1759483249.4706247,-3,-3,-34
1759483249.5096247,0,-1,-32
1759483249.5456247,-3,4,-34
1759483249.582625,0,-2,-39
1759483249.6216247,-2,-7,-42
1759483249.6596248,0,-3,-44
1759483249.6956248,2,-1,-48
1759483249.7326248,6,-2,-38
1759483249.7706249,-1,4,-46
1759483249.809625,0,0,-43
1759483249.8456247,-7,-1,-32
1759483249.8836248,-14,0,-41
1759483249.921625,-4,3,-49
1759483249.9606247,0,0,-40
1759483249.9966247,-7,-3,-46
1759483250.036625,-2,2,-41
1759483250.0746248,-8,3,-48
1759483250.1116247,-10,0,-39
1759483250.1506248,-5,-7,-39
1759483250.1866248,-3,-4,-29
1759483250.2246249,2,7,-28
1759483250.2626247,0,1,-32
1759483250.3016248,2,6,-25
1759483250.339625,2,0,-41
1759483250.375625,8,-6,-46
1759483250.4126248,6,0,-34
1759483250.4516249,3,-3,-37
1759483250.4896247,-3,1,-32
1759483250.5256248,-2,-4,-25
1759483250.5646248,0,3,-27
1759483250.602625,0,6,-41
1759483250.6406248,4,5,-40
1759483250.6766248,0,9,-42
1759483250.714625,-1,5,-30
1759483250.7526248,8,0,-37
1759483250.7906249,2,0,-30
1759483250.8266249,-6,-3,-38
1759483250.865625,1,-1,-36
1759483250.9026248,-3,-2,-39
1759483250.9416249,-7,1,-40
1759483250.977625,-7,6,-47
1759483251.0156248,0,2,-45
1759483251.0526247,-2,-2,-41
1759483251.0906248,-1,-4,-33
1759483251.1266248,0,6,-26
1759483251.1646247,7,3,-38
1759483251.2026248,-3,0,-42
1759483251.240625,-3,-3,-34
1759483251.276625,0,4,-47
1759483251.3136249,-1,6,-53
1759483251.352625,0,-2,-50
1759483251.3906248,0,-6,-42
1759483251.4266248,-2,-6,-42
1759483251.4656248,-4,-4,-43
1759483251.5026248,3,-1,-35
1759483251.5416248,2,-1,-41
1759483251.5776248,1,1,-42
1759483251.615625,2,-1,-48
1759483251.6526248,0,0,-46
1759483251.6916249,4,-7,-46
1759483251.727625,-1,1,-38
1759483251.7656248,5,-2,-44
1759483251.8036249,-6,0,-49
1759483251.842625,0,-3,-45
1759483251.8806248,2,1,-50
1759483251.9166248,8,-1,-46
1759483251.954625,2,0,-35
1759483251.9936247,-1,-4,-37
1759483252.0316248,-1,-2,-40
1759483252.0676248,-2,-1,-43
1759483252.105625,2,-5,-46
1759483252.1446247,-5,-6,-49
1759483252.1826248,0,2,-34
1759483252.2206247,1,0,-44
1759483252.2576249,-4,1,-47
1759483252.2946248,-1,4,-34
1759483252.332625,1,3,-44
1759483252.3716247,-8,5,-42
1759483252.4076247,-12,5,-47
1759483252.444625,-9,4,-44
1759483252.4826248,-6,0,-50
1759483252.5216248,-4,3,-37
1759483252.5576248,-1,-1,-52
1759483252.5966249,2,6,-43
1759483252.6336248,0,0,-42
1759483252.6726248,-2,4,-37
1759483252.7106247,-7,1,-27
1759483252.7466247,-1,7,-49
1759483252.783625,4,0,-40
1759483252.8226247,0,-1,-36
1759483252.8596249,-9,-7,-37
1759483252.8976247,-6,1,-40
1759483252.9356248,-5,1,-47
1759483252.9736247,1,-2,-45
1759483253.0116248,-1,-5,-49
1759483253.0476248,-3,-3,-41
1759483253.0856247,-1,0,-39
1759483253.1236248,-4,4,-40
1759483253.1626248,-2,4,-43
1759483253.1986248,3,3,-35
1759483253.2356248,5,-3,-32
1759483253.273625,1,-5,-31
1759483253.3126247,-12,-1,-47
1759483253.3486247,-10,-3,-50
1759483253.3866248,-4,3,-50
1759483253.4246247,-2,5,-35
1759483253.4636247,0,1,-42
1759483253.5016248,0,-2,-21
1759483253.5376248,-4,2,-31
1759483253.5756247,0,0,-32
1759483253.6146247,3,0,-38
1759483253.6526248,-3,-2,-37
1759483253.6886249,-2,2,-30
1759483253.7256248,0,-1,-20
1759483253.7646248,-3,1,-37
1759483253.8026247,-1,5,-50
1759483253.8386247,0,3,-34
1759483253.875625,1,0,-34
1759483253.9146247,-6,1,-39
1759483253.9526248,-1,-5,-47
1759483253.9886248,1,3,-45
1759483254.026625,3,-2,-32
1759483254.0646248,3,-2,-38
1759483254.102625,-3,-4,-38
1759483254.138625,-1,3,-33
1759483254.1766248,-2,-2,-35
1759483254.214625,-1,-1,-40
1759483254.253625,-7,-2,-44
1759483254.2916248,-4,-4,-47
1759483254.3276248,4,0,-41
1759483254.3646247,1,3,-34
1759483254.4036248,1,6,-35
1759483254.4416249,-1,0,-40
1759483254.477625,-10,1,-49
1759483254.5156248,-5,1,-33
1759483254.5536249,-5,3,-49
1759483254.592625,-1,5,-36
1759483254.628625,4,13,-46
1759483254.6676247,4,-2,-28
1759483254.704625,0,-1,-46
1759483254.7436247,-4,2,-40
1759483254.7796247,-8,3,-37
1759483254.8176248,-5,0,-36
1759483254.8566248,-3,0,-40
1759483254.8936248,-5,-4,-43
1759483254.9326248,-4,-2,-35
1759483254.9686248,-2,3,-37
1759483255.0066247,1,-2,-42
1759483255.0436249,6,4,-36
1759483255.082625,8,1,-35
1759483255.1186247,0,6,-43
1759483255.1566248,4,5,-40
1759483255.194625,2,0,-37
1759483255.2326248,2,-4,-39
1759483255.2686248,-4,0,-58
1759483255.306625,1,2,-49
1759483255.3446248,0,-2,-53
1759483255.3826249,1,0,-46
1759483255.4186249,3,2,-38
1759483255.4566247,3,9,-42
1759483255.4946249,13,6,-39
1759483255.5326247,-7,2,-40
1759483255.5686247,0,2,-41
1759483255.605625,6,0,-28
1759483255.6446247,8,-3,-31
1759483255.6826248,3,0,-29
1759483255.7186248,1,0,-26
1759483255.7566247,-4,-4,-41
1759483255.7946248,3,-2,-42
1759483255.832625,4,1,-51
1759483255.8766248,0,-2,-38
1759483255.9146247,0,-2,-34
1759483255.9526248,-3,-3,-48
1759483255.9886248,-3,-2,-35
1759483256.026625,-1,0,-36
1759483256.0646248,2,-3,-34
1759483256.1036248,-2,0,-30
1759483256.1396248,3,-4,-35
1759483256.1776247,-3,0,-47
1759483256.214625,-6,1,-36
1759483256.253625,3,2,-36
1759483256.2896247,5,5,-43
1759483256.3266249,2,3,-46
1759483256.3646247,-2,0,-37
1759483256.4036248,0,1,-45
1759483256.4396248,-4,0,-35
1759483256.4766247,1,-2,-37
1759483256.5146248,-1,-4,-42
1759483256.5536249,-3,0,-33
1759483256.589625,-6,1,-36
1759483256.6276248,0,-4,-46
1759483256.6666248,1,-3,-38
1759483256.704625,-4,0,-37
1759483256.740625,-5,2,-33
1759483256.7786248,0,2,-37
1759483256.8166249,-5,7,-41
1759483256.855625,-4,6,-38
1759483256.8936248,-7,1,-34
1759483256.9296248,-8,-2,-37
1759483256.967625,-8,-3,-35
1759483257.0066247,0,0,-40
1759483257.0446248,0,5,-45
1759483257.0806248,-1,6,-33
1759483257.1186247,-7,-2,-39
1759483257.1566248,0,-4,-35
1759483257.1956248,-6,-1,-41
1759483257.2336247,0,2,-50
1759483257.2696247,-6,2,-49
1759483257.3086247,-7,2,-45
1759483257.3466249,1,-5,-47
1759483257.3846247,-2,-2,-44
1759483257.4206247,0,0,-41
1759483257.457625,2,5,-36
1759483257.4966247,4,-3,-34
1759483257.5346248,5,1,-42
1759483257.5706248,0,0,-42
1759483257.6086247,0,2,-49
1759483257.6466248,-2,0,-38
1759483257.684625,-4,1,-39
1759483257.7206247,-1,2,-44
1759483257.7586248,2,-2,-38
1759483257.796625,-2,4,-32
1759483257.8356247,-2,4,-45
1759483257.8736248,-3,-4,-45
1759483257.9096248,0,-2,-37
1759483257.9466248,-2,-4,-44
1759483257.9856248,-1,-1,-38
1759483258.0216248,2,-6,-35
1759483258.0586247,0,2,-41
1759483258.0966249,3,4,-37
1759483258.135625,-4,0,-43
1759483258.171625,-7,0,-49
1759483258.2086248,2,-2,-41
1759483258.2466247,-4,0,-34
1759483258.2856247,0,2,-39
1759483258.3216248,0,-1,-38
1759483258.3586247,2,-5,-46
1759483258.3966248,3,-2,-39
1759483258.4356248,5,-6,-46
1759483258.4716249,6,-5,-46
1759483258.5096247,-3,-2,-46
1759483258.5476248,-9,-3,-40
1759483258.5856247,4,-2,-42
1759483258.6246247,8,-2,-40
1759483258.6606247,5,7,-40
1759483258.6986248,2,0,-33
1759483258.7366247,0,-3,-45
1759483258.7746248,0,-2,-47
1759483258.8116248,0,-3,-44
1759483258.8496249,3,-9,-25
1759483258.8866248,8,-3,-30
1759483258.9256248,-3,0,-42
1759483258.9616249,-5,4,-32
1759483258.9996247,-2,-4,-45
1759483259.0386248,5,-4,-44
1759483259.0766249,-1,0,-34
1759483259.1146247,4,0,-40
1759483259.1506248,-2,-2,-36
1759483259.1886249,-4,-4,-33
1759483259.2266247,0,2,-44
1759483259.2656248,-5,0,-47
1759483259.3016248,0,1,-43
1759483259.3386247,5,4,-36
1759483259.3766248,3,3,-43
1759483259.4156249,-3,-6,-42
1759483259.4516249,3,-5,-42
1759483259.4896247,5,0,-32
1759483259.5276248,0,3,-38
1759483259.5666249,1,0,-38
1759483259.6046247,-5,6,-44
1759483259.6416247,0,5,-35
1759483259.6796248,-4,5,-35
1759483259.7166247,-3,-3,-38
1759483259.7556248,0,-1,-46
1759483259.7916248,2,-1,-42
1759483259.829625,-1,0,-40
1759483259.8676248,2,-8,-35
1759483259.9056249,1,-2,-40
1759483259.9416249,0,-1,-40
1759483259.9796247,3,-1,-41
1759483260.0166247,2,-6,-40
1759483260.0556247,-4,3,-45
1759483260.0916247,0,-1,-42
1759483260.128625,0,-2,-30
1759483260.1666248,0,-1,-23
1759483260.2026248,1,-1,-30
1759483260.2416248,1,0,-32
1759483260.2796247,3,0,-48
1759483260.3166249,-2,-2,-38
1759483260.355625,-4,-2,-43
1759483260.3916247,2,-1,-52
1759483260.4296248,0,3,-40
1759483260.467625,-2,3,-38
1759483260.5056248,-2,0,-34
1759483260.5416248,-6,-2,-40
1759483260.579625,-6,-3,-38
1759483260.6176248,-5,-4,-35
1759483260.6566248,5,-1,-40
1759483260.6926248,8,1,-47
1759483260.730625,2,3,-40
1759483260.7696247,-3,1,-38
1759483260.8076248,0,-3,-50
1759483260.8456247,4,-5,-44
1759483260.8816247,0,-2,-39
1759483260.9196248,0,0,-45
1759483260.957625,1,-1,-38
1759483260.9956248,2,0,-43
1759483261.0316248,0,0,-50
1759483261.069625,3,0,-50
1759483261.1076248,0,-5,-43
1759483261.1456249,-4,0,-43
1759483261.181625,-7,7,-39
1759483261.2186248,-2,1,-46
1759483261.2576249,-2,-1,-38
1759483261.2956247,2,-2,-32
1759483261.3316247,0,-2,-33
1759483261.3686247,4,0,-42
1759483261.4076247,2,3,-39
1759483261.4436247,0,3,-49
1759483261.480625,2,3,-53
1759483261.5196247,2,0,-41
1759483261.5576248,0,3,-40
1759483261.5936248,-3,1,-41
1759483261.6306248,-2,-4,-31
1759483261.6696248,1,-10,-41
1759483261.707625,3,0,-43
1759483261.7446249,7,3,-46
1759483261.7816248,3,3,-42
1759483261.8206248,-2,3,-33
1759483261.8576248,-3,-7,-36
1759483261.8966248,1,-5,-47
1759483261.9326248,10,-6,-47
1759483261.9716249,6,-6,-42
1759483262.0086248,0,1,-47
1759483262.0476248,-6,6,-45
1759483262.0836248,-4,9,-41
1759483262.1216247,6,7,-38
1759483262.158625,7,2,-40
1759483262.1976247,-1,4,-29
1759483262.2336247,-1,3,-44
1759483262.2716248,-5,5,-38
1759483262.309625,2,0,-39
1759483262.3486247,1,-7,-33
1759483262.3866248,-4,-3,-37
1759483262.4226248,0,8,-49
1759483262.4596248,-1,0,-39
1759483262.4986248,0,-1,-36
1759483262.536625,-7,-3,-44
1759483262.5726247,-1,-1,-44
1759483262.6116247,-2,0,-43
1759483262.648625,-2,-3,-43
1759483262.6876247,6,1,-33
1759483262.7236247,5,0,-27
1759483262.7616248,4,-2,-32
1759483262.7986248,4,0,-33
1759483262.8376248,2,3,-45
1759483262.8736248,0,1,-48
1759483262.911625,-2,6,-50
1759483262.9486248,-3,2,-46
1759483262.987625,-2,-1,-43
1759483263.023625,-3,-2,-41
1759483263.0616248,-3,1,-42
1759483263.0996249,0,5,-48
1759483263.138625,-1,0,-43
1759483263.1746247,2,-2,-44
1759483263.2116249,0,-1,-44
1759483263.2496247,-1,-2,-47
1759483263.2886248,6,2,-40
1759483263.3246248,0,0,-35
1759483263.3616247,3,-2,-35
1759483263.3996248,3,-2,-39
1759483263.4386249,0,-2,-37
1759483263.4746249,-4,3,-33
1759483263.5116248,2,1,-36
1759483263.5506248,-4,3,-41
1759483263.5886247,3,5,-32
1759483263.6246247,0,1,-35
1759483263.6626248,7,6,-31
1759483263.7006247,3,1,-30
1759483263.7386248,0,0,-36
1759483263.7746248,0,0,-21
1759483263.8126247,-3,-5,-28
1759483263.8496249,0,-6,-37
1759483263.888625,-2,-6,-40
1759483263.9246247,0,-4,-40
1759483263.9626248,-6,-7,-43
1759483264.0016248,0,1,-37
1759483264.0396247,1,6,-40
1759483264.0776248,6,1,-41
1759483264.1136248,-2,1,-37
1759483264.151625,0,-4,-47
1759483264.1896248,-1,-6,-53
1759483264.227625,-1,-4,-28
1759483264.263625,-4,-7,-36
1759483264.3026247,-9,-2,-51
1759483264.339625,0,-3,-42
1759483264.378625,2,-7,-40
1759483264.4146247,2,-7,-45
1759483264.4526248,0,0,-47
1759483264.490625,0,-5,-40
1759483264.5296247,2,-4,-33
1759483264.5676248,1,0,-48
1759483264.6036248,2,-1,-27
1759483264.6426249,0,0,-45
1759483264.6806247,-4,0,-41
1759483264.7186248,-2,-1,-41
1759483264.7556248,-7,1,-35
1759483264.7936249,-1,2,-45
1759483264.8306248,-3,-1,-42
1759483264.8696249,-3,-1,-25
1759483264.9056249,1,0,-41
1759483264.9436247,-5,-4,-45
1759483264.9816248,-2,-2,-39
1759483265.0196247,4,3,-42
1759483265.0556247,0,0,-40
1759483265.0936248,2,-2,-46
1759483265.1306248,-3,-9,-47
1759483265.1696248,-6,-5,-32
1759483265.2056248,2,-5,-38
1759483265.2436247,0,-10,-38
1759483265.2806249,-1,-1,-32
1759483265.319625,0,0,-34
1759483265.355625,0,0,-27
1759483265.3936248,-4,0,-40
1759483265.4306247,-3,-4,-45
1759483265.4696248,4,-1,-47
1759483265.5056248,4,-3,-39
1759483265.5436249,4,0,-39
1759483265.5806248,0,0,-51
1759483265.6196249,2,-2,-43
1759483265.6556249,2,0,-39
1759483265.6936247,-3,4,-30
1759483265.730625,-2,2,-22
1759483265.7696247,-2,0,-34
1759483265.8056247,-1,-5,-42
1759483265.8446248,1,-2,-43
1759483265.8896248,-5,0,-42
1759483265.9266248,-8,-5,-42
1759483265.9636247,1,-5,-32
1759483266.0026248,-3,-4,-39
1759483266.0406249,-4,1,-36
1759483266.0786247,0,-2,-27
1759483266.1146247,-2,-3,-29
1759483266.1526248,-1,-2,-39
1759483266.1906247,0,0,-35
1759483266.2296247,-1,-4,-27
1759483266.2656248,0,-2,-32
1759483266.3026247,5,0,-36
1759483266.3416247,-3,-3,-44
1759483266.3796248,0,-6,-46
1759483266.4156249,1,-4,-54
1759483266.4536247,1,8,-51
1759483266.4916248,-1,3,-43
1759483266.5306249,-4,6,-34
1759483266.5686247,0,0,-33
1759483266.6046247,-4,1,-40
1759483266.6416247,-3,2,-31
1759483266.6806247,-10,5,-34
1759483266.7166247,-5,4,-42
1759483266.7556248,-5,-3,-39
1759483266.7936249,1,-1,-28
1759483266.8316247,0,-3,-31
1759483266.8696249,-3,1,-36
1759483266.9056249,-9,-2,-41
1759483266.9436247,-4,1,-38
1759483266.9816248,-3,1,-46
1759483267.0206249,-9,2,-38
1759483267.056625,-1,0,-32
1759483267.0936248,-5,-4,-31
1759483267.1326249,-5,-6,-46
1759483267.1706247,-6,-3,-46
1759483267.2066247,-3,2,-48
1759483267.2456248,1,0,-45
1759483267.2826247,2,-2,-29
1759483267.3206248,8,-3,-24
1759483267.3596249,2,1,-40
1759483267.3956249,3,2,-38
1759483267.4326248,-2,0,-40
1759483267.4716249,0,-3,-33
1759483267.5096247,0,6,-52
1759483267.5456247,6,0,-49
1759483267.582625,1,-3,-39
1759483267.6216247,6,5,-44
1759483267.6596248,2,5,-28
1759483267.6956248,3,5,-33
1759483267.7326248,-3,5,-38
1759483267.7716248,0,1,-42
1759483267.809625,0,-2,-39
1759483267.8456247,0,-1,-31
1759483267.8826249,0,-5,-49
1759483267.921625,-3,-3,-41
1759483267.9596248,0,-9,-32
1759483267.9956248,-5,-6,-43
1759483268.033625,-1,-1,-49
1759483268.0726247,5,-3,-44
1759483268.1106248,-3,-8,-43
1759483268.1466248,1,-8,-35
1759483268.1836247,-7,-6,-42
1759483268.2226248,0,-3,-29
1759483268.260625,0,-4,-24
1759483268.296625,-2,-6,-39
1759483268.3356247,-5,0,-31
1759483268.3726249,0,-2,-48
1759483268.411625,1,-1,-43
1759483268.4476247,0,1,-49
1759483268.4856248,0,6,-47
1759483268.5226247,0,4,-34
1759483268.5616248,2,1,-38
1759483268.5976248,0,7,-32
1759483268.635625,2,-2,-45
1759483268.6726248,1,-2,-49
1759483268.7116249,1,0,-38
1759483268.7476249,0,1,-38
1759483268.7856247,-7,4,-34
1759483268.8226247,0,3,-35
1759483268.8616247,2,-4,-39
1759483268.8976247,-3,-3,-37
1759483268.9356248,3,0,-40
1759483268.9736247,4,0,-39
1759483269.0126247,2,-1,-30
1759483269.0506248,-1,3,-31
1759483269.0876248,5,-7,-35
1759483269.125625,5,3,-42
1759483269.1636248,3,6,-51
1759483269.2016249,-2,0,-36
1759483269.237625,-6,-1,-28
1759483269.2756248,-4,-4,-11
1759483269.3136249,2,1,-37
1759483269.352625,3,6,-45
1759483269.3906248,1,-1,-46
1759483269.4266248,4,0,-38
1759483269.4636247,0,7,-39
1759483269.5026248,1,-3,-38
1759483269.5406249,-8,-2,-40
1759483269.5766249,0,-3,-41
1759483269.6136248,-4,-3,-42
1759483269.6526248,-11,0,-43
1759483269.6906247,-2,0,-44
1759483269.7266247,-2,-2,-36
1759483269.7646248,-4,-5,-47
1759483269.8036249,1,-1,-38
1759483269.8416247,-7,-3,-28
1759483269.878625,0,-1,-41
1759483269.9156249,6,-2,-23
1759483269.954625,9,-3,-35
1759483269.9926248,13,0,-30
1759483270.0306249,7,0,-28
1759483270.0666249,3,2,-32
1759483270.1046247,6,7,-40
1759483270.1426249,3,4,-43
1759483270.1786249,4,-3,-39
1759483270.2156248,2,-1,-24
1759483270.253625,4,-2,-40
1759483270.2926247,7,3,-39
1759483270.3286247,5,-1,-49
1759483270.3666248,8,0,-38
1759483270.4056249,8,1,-30
1759483270.4426248,4,-4,-29
1759483270.4816248,7,-7,-37
1759483270.5186248,6,-3,-37
1759483270.5556247,4,-6,-35
1759483270.5936248,4,1,-41
1759483270.6326249,0,-3,-35
1759483270.6686249,0,-6,-33
1759483270.7066247,3,0,-34
1759483270.7456248,0,4,-35
1759483270.783625,6,1,-60
1759483270.8216248,-2,-5,-45
1759483270.8576248,5,-4,-36
1759483270.8946247,2,1,-49
1759483270.9336247,8,-2,-49
1759483270.9716249,8,6,-34
1759483271.0076249,5,3,-38
1759483271.0446248,0,-1,-36
1759483271.0836248,-5,2,-43
1759483271.1216247,-4,0,-29
1759483271.1576247,1,0,-26
1759483271.194625,0,2,-50
1759483271.2336247,-7,1,-51
1759483271.2716248,-5,0,-48
1759483271.3076248,2,-4,-46
1759483271.3446248,-1,-7,-38
1759483271.3836248,-2,-1,-37
1759483271.421625,2,-3,-40
1759483271.457625,0,0,-28
1759483271.4956248,11,-1,-33
1759483271.533625,-1,-2,-43
1759483271.5716248,4,7,-49
1759483271.6076248,5,2,-41
1759483271.6456249,0,-1,-48
1759483271.6836247,-1,-5,-41
1759483271.7216249,3,-6,-40
1759483271.7576249,2,4,-41
1759483271.7956247,-2,0,-49
1759483271.8336248,-2,0,-43
1759483271.8716247,-2,2,-35
1759483271.9076247,0,-6,-39
1759483271.9466248,2,0,-28
1759483271.9846249,-3,-3,-34
1759483272.0226247,-2,0,-35
1759483272.059625,0,8,-41
1759483272.0966249,0,7,-39
1759483272.1346247,-2,0,-38
1759483272.1736248,4,0,-32
1759483272.2096248,7,-4,-35
1759483272.2466247,-3,-6,-44
1759483272.2846248,-3,2,-31
1759483272.3236248,-1,0,-44
1759483272.3596249,0,-1,-40
1759483272.3976247,-3,-2,-38
1759483272.4366248,-1,-1,-45
1759483272.4746249,1,0,-54
1759483272.5126247,1,8,-50
1759483272.5486248,10,3,-51
1759483272.5876248,-2,1,-41
1759483272.625625,-3,2,-32
1759483272.6636248,1,5,-34
1759483272.6996248,1,0,-39
1759483272.7366247,0,2,-27
1759483272.7756248,8,4,-29
1759483272.8136249,1,-2,-35
1759483272.8496249,2,-3,-35
1759483272.888625,1,3,-35
1759483272.9256248,4,-4,-40
1759483272.964625,-8,-4,-33
1759483273.0026248,-2,0,-44
1759483273.0386248,0,-1,-40
1759483273.0766249,0,-2,-32
1759483273.1146247,0,-6,-30
1759483273.1526248,1,-3,-29
1759483273.1886249,4,-1,-34
1759483273.2256248,4,-3,-39
1759483273.2646248,9,-2,-25
1759483273.3026247,-2,0,-41
1759483273.3386247,-10,1,-46
1759483273.3776248,-11,0,-34
1759483273.4146247,0,1,-42
1759483273.4526248,-1,0,-31
1759483273.4886248,1,3,-38
1759483273.5256248,0,-4,-34
1759483273.5646248,-2,0,-42
1759483273.602625,1,1,-40
1759483273.638625,0,0,-38
1759483273.6756248,0,0,-44
1759483273.714625,0,-6,-34
1759483273.750625,-1,-4,-38
1759483273.7896247,-10,-2,-36
1759483273.8276248,-8,-5,-53
1759483273.8646247,0,-2,-42
1759483273.9036248,-11,5,-43
1759483273.9396248,0,-1,-44
1759483273.977625,-2,0,-40
1759483274.0166247,4,2,-28
1759483274.0546248,4,-6,-32
1759483274.0906248,-4,-5,-36
1759483274.1296248,-8,-9,-51
1759483274.1676247,-5,-6,-40
1759483274.2056248,-2,-2,-49
1759483274.2436247,3,-3,-45
1759483274.2796247,2,-3,-31
1759483274.3176248,0,-5,-31
1759483274.355625,2,-4,-46
1759483274.3936248,2,-6,-47
1759483274.4296248,0,-2,-40
1759483274.467625,0,-3,-35
1759483274.5066247,-4,-3,-53
1759483274.5446248,0,0,-46
1759483274.5806248,-2,3,-39
1759483274.6186247,-1,-2,-45
1759483274.6556249,1,-9,-43
1759483274.694625,7,3,-36
1759483274.730625,4,-4,-46
1759483274.7686248,7,-5,-46
1759483274.806625,8,-2,-35
1759483274.8456247,3,2,-31
1759483274.8836248,5,-4,-43
1759483274.9196248,7,-4,-38
1759483274.9586248,1,-1,-39
1759483274.9956248,0,-8,-57
1759483275.0346248,3,0,-52
1759483275.0706248,2,7,-47
1759483275.1086247,-5,1,-33
1759483275.1456249,0,3,-36
1759483275.184625,4,2,-37
1759483275.2206247,4,5,-40
1759483275.2586248,6,0,-39
1759483275.296625,-2,1,-37
1759483275.3356247,0,-2,-52
1759483275.3716247,2,4,-41
1759483275.408625,2,3,-44
1759483275.4466248,3,-1,-41
1759483275.4856248,0,1,-49
1759483275.5216248,3,3,-40
1759483275.5586247,-7,4,-43
1759483275.5966249,0,5,-32
1759483275.635625,-3,6,-34
1759483275.671625,5,1,-40
1759483275.7086248,5,-3,-43
1759483275.7466247,6,-2,-37
1759483275.7856247,1,0,-37
1759483275.8216248,0,0,-32
1759483275.8586247,4,-6,-52
1759483275.9046247,5,-1,-45
1759483275.9406247,-2,0,-48
1759483275.9786248,0,7,-37
1759483276.0166247,2,2,-46
1759483276.0546248,5,-3,-41
1759483276.0906248,-1,0,-41
1759483276.1276248,-2,-1,-46
1759483276.1666248,0,-2,-42
1759483276.204625,5,0,-44
1759483276.240625,3,0,-49
1759483276.2786248,2,0,-49
1759483276.3166249,-3,0,-49
1759483276.3546247,-5,3,-35
1759483276.3906248,-5,-6,-31
1759483276.4286249,-3,0,-32
1759483276.467625,-3,7,-49
1759483276.5056248,-7,3,-38
1759483276.5416248,0,1,-46
1759483276.579625,-4,0,-49
1759483276.6176248,-7,-2,-43
1759483276.6556249,0,-2,-43
1759483276.6916249,-1,0,-37
1759483276.7286248,1,4,-28
1759483276.7676249,0,9,-24
1759483276.8056247,0,2,-37
1759483276.8416247,2,2,-42
1759483276.878625,-2,-1,-45
1759483276.9176247,-2,-4,-39
1759483276.9556248,-7,0,-41
1759483276.9916248,-2,-1,-32
1759483277.0296247,-4,0,-37
1759483277.0686247,-3,-3,-34
1759483277.1066248,5,-2,-35
1759483277.1426249,5,3,-32
1759483277.1796248,14,3,-39
1759483277.2186248,-1,-2,-31
1759483277.2566247,1,-2,-39
1759483277.2926247,10,-2,-40
1759483277.3306248,-3,-1,-53
1759483277.3686247,-2,-4,-50
1759483277.4066248,-1,-5,-38
1759483277.4456248,-3,1,-43
1759483277.4816248,0,3,-47
1759483277.5196247,-1,-1,-44
1759483277.5586247,1,0,-47
1759483277.5966249,-1,-1,-49
1759483277.6326249,-1,-4,-42
1759483277.671625,-2,1,-54
1759483277.7086248,-5,3,-39
1759483277.7466247,-9,0,-46
1759483277.7856247,-5,-4,-35
1759483277.8216248,-4,-8,-32
1759483277.8596249,1,-8,-44
1759483277.8976247,-1,1,-29
1759483277.9366248,-7,-4,-35
1759483277.9726248,-5,-2,-44
1759483278.0116248,-1,-5,-36
1759483278.0496247,0,0,-39
1759483278.0876248,1,4,-38
1759483278.125625,3,1,-32
1759483278.161625,0,1,-35
1759483278.1996248,-3,0,-37
1759483278.237625,-1,2,-37
1759483278.2756248,1,-1,-46
1759483278.3116248,-5,-2,-45
1759483278.3506248,0,-2,-47
1759483278.3876247,6,-12,-45
1759483278.4266248,-4,-9,-44
1759483278.4626248,0,-4,-50
1759483278.500625,7,-2,-58
1759483278.5376248,4,-1,-44
1759483278.5766249,0,-3,-30
1759483278.612625,5,0,-36
1759483278.6506248,-1,-2,-39
1759483278.6876247,0,2,-45
1759483278.7266247,-1,2,-48
1759483278.7626247,-6,-1,-49
1759483278.8006248,1,5,-46
1759483278.8386247,9,0,-40
1759483278.8776248,7,-6,-39
1759483278.9136248,4,-4,-41
1759483278.9516249,1,-4,-33
1759483278.990625,5,5,-28
1759483279.0286248,3,9,-43
1759483279.0666249,-6,6,-39
1759483279.102625,0,-3,-36
1759483279.1416247,3,4,-33
1759483279.1786249,5,6,-41
1759483279.217625,-7,1,-41
1759483279.253625,0,-3,-41
1759483279.2916248,-3,-5,-32
1759483279.3286247,-2,0,-42
1759483279.3676248,1,-2,-43
1759483279.4036248,3,-5,-47
1759483279.4416249,-1,-1,-34
1759483279.4786248,7,1,-46
1759483279.5176249,0,-3,-55
1759483279.5536249,2,-1,-50
1759483279.5916247,-5,0,-39
1759483279.6296248,7,0,-42
1759483279.6676247,2,-1,-45
1759483279.7036247,6,1,-38
1759483279.7416248,-4,-1,-27
1759483279.7786248,6,4,-26
1759483279.8176248,3,5,-40
1759483279.8536248,5,2,-51
1759483279.8916247,2,3,-47
1759483279.9286249,3,0,-44
1759483279.967625,5,-6,-43
1759483280.003625,6,-7,-41
1759483280.0416248,8,-5,-49
1759483280.0786247,8,-7,-29
1759483280.1176248,4,0,-49
1759483280.1536248,4,1,-47
1759483280.1916249,11,-2,-38
1759483280.2296247,12,4,-33
1759483280.2686248,11,-2,-41
1759483280.306625,3,-5,-45
1759483280.342625,3,2,-43
1759483280.3796248,11,4,-47
1759483280.4186249,-6,2,-25
1759483280.4566247,-3,4,-33
1759483280.4926248,1,8,-39
1759483280.5296247,-2,4,-39
1759483280.5686247,-1,-8,-41
1759483280.6046247,0,3,-44
1759483280.6416247,1,-2,-36
1759483280.6796248,-5,-6,-37
1759483280.7186248,1,-3,-39
1759483280.7546248,3,0,-42
1759483280.7926247,7,-2,-35
1759483280.8306248,5,-1,-33
1759483280.8686247,3,-9,-35
1759483280.9076247,0,-4,-36
1759483280.9436247,2,0,-41
1759483280.980625,0,0,-37
1759483281.0196247,-8,7,-37
1759483281.0576248,-1,8,-42
1759483281.0936248,1,0,-41
1759483281.1306248,-6,-2,-41
1759483281.1696248,2,-10,-34
1759483281.207625,0,-6,-42
1759483281.2436247,-7,-4,-40
1759483281.2826247,-6,3,-46
1759483281.3206248,7,-4,-32
1759483281.3586247,0,3,-35
1759483281.3946247,2,3,-41
1759483281.431625,-7,0,-24
1759483281.4706247,-6,0,-38
1759483281.5086248,1,2,-41
1759483281.5446248,5,-1,-40
1759483281.5816247,-5,3,-42
1759483281.6206248,-6,-4,-36
1759483281.658625,5,0,-28
1759483281.694625,7,0,-35
1759483281.7316248,8,0,-34
1759483281.7706249,2,-1,-40
1759483281.8086247,0,2,-42
1759483281.8446248,3,0,-47
1759483281.8826249,-2,0,-38
1759483281.9206247,-3,-1,-40
1759483281.9586248,1,-4,-36
1759483281.9946249,-3,-3,-25
1759483282.033625,2,11,-39
1759483282.0706248,5,2,-49
1759483282.1096249,4,7,-32
1759483282.1476247,1,6,-34
1759483282.1836247,2,5,-38
1759483282.2206247,3,0,-44
1759483282.2596247,-2,3,-44
1759483282.2956247,2,0,-36
1759483282.3336248,-2,-3,-50
1759483282.3706248,2,-2,-46
1759483282.4096248,3,0,-35
1759483282.4456248,3,0,-43
1759483282.4836247,1,1,-44
1759483282.5206249,0,-5,-37
1759483282.559625,-4,-4,-39
1759483282.5956247,-1,3,-32
1759483282.6336248,2,6,-32
1759483282.6726248,-1,4,-39
1759483282.7096248,-1,1,-40
1759483282.7486248,-2,1,-31
1759483282.7856247,-9,2,-33
1759483282.8236248,2,0,-39
1759483282.8616247,5,-5,-34
1759483282.8996248,7,-2,-46
1759483282.9356248,6,0,-45
1759483282.9726248,-1,-7,-43
1759483283.0116248,-5,1,-46
1759483283.0496247,-2,-2,-39
1759483283.0856247,-6,0,-41
1759483283.1226249,-1,0,-35
1759483283.1606247,-3,1,-34
1759483283.1996248,-4,-7,-36
1759483283.2356248,-2,-6,-56
1759483283.2746248,-3,-5,-44
1759483283.3126247,-3,-2,-30
1759483283.3506248,9,0,-40
1759483283.388625,2,0,-34
1759483283.4246247,0,-6,-36
1759483283.4616249,2,-4,-36
1759483283.500625,8,3,-31
1759483283.5386248,3,0,-36
1759483283.5746248,4,0,-25
1759483283.6116247,5,1,-32
1759483283.6506248,0,-3,-28
1759483283.6886249,2,-4,-40
1759483283.7246249,10,-1,-39
1759483283.7616248,1,6,-37
1759483283.8006248,4,-1,-45
1759483283.8386247,2,-4,-44
1759483283.8746247,0,-3,-41
1759483283.911625,-2,-3,-36
1759483283.9506247,2,-1,-41
1759483283.9886248,4,-1,-41
1759483284.0246248,7,-1,-42
1759483284.0616248,5,-4,-46
1759483284.1006248,-2,-7,-38
1759483284.1366248,-2,0,-41
1759483284.1756248,-2,0,-50
1759483284.2126248,-4,-2,-42
1759483284.250625,1,-6,-48
1759483284.2896247,0,-7,-44
1759483284.3256247,5,0,-40
1759483284.362625,-1,3,-39
1759483284.4006248,0,0,-44
1759483284.4396248,-3,0,-49
1759483284.4756248,-4,-1,-46
1759483284.513625,4,0,-46
1759483284.5526247,2,3,-44
1759483284.5906248,-1,-4,-44
1759483284.6266248,-1,-4,-33
1759483284.6656249,-4,-5,-35
1759483284.7036247,2,-9,-44
1759483284.740625,-4,-8,-42
1759483284.7796247,-3,-4,-53
1759483284.8156247,-3,-1,-53
1759483284.8536248,-1,1,-46
1759483284.8926249,3,-2,-33
1759483284.9306247,-1,0,-40
1759483284.9666247,1,-1,-46
1759483285.0046248,-6,-2,-38
1759483285.0436249,-1,0,-39
1759483285.0816247,-6,4,-46
1759483285.1196249,8,10,-36
1759483285.1556249,3,2,-32
1759483285.1936247,-3,-2,-24
1759483285.2316248,-2,-2,-41
1759483285.2706249,0,-2,-39
1759483285.306625,0,6,-41
1759483285.3436248,-2,-4,-43
1759483285.3816247,-4,-4,-44
1759483285.4206247,-2,-2,-54
1759483285.4566247,3,-4,-41
1759483285.4946249,0,-8,-21
1759483285.5316248,4,-1,-34
1759483285.5706248,5,-2,-33
1759483285.6066248,9,4,-38
1759483285.6436248,10,0,-35
1759483285.681625,1,0,-38
1759483285.7206247,-5,-1,-50
1759483285.7566247,-3,-2,-62
1759483285.7946248,8,0,-45
1759483285.8336248,6,-4,-35
1759483285.8716247,-4,-2,-42
1759483285.9166248,-6,-6,-45
1759483285.954625,-1,0,-35
1759483285.9926248,0,6,-33
1759483286.0306249,2,0,-34
1759483286.0666249,10,-3,-41
1759483286.105625,9,3,-46
1759483286.1426249,8,1,-48
1759483286.181625,7,4,-42
1759483286.217625,0,-1,-48
1759483286.2546248,-3,-7,-32
1759483286.2926247,3,-6,-37
1759483286.3316247,-2,-9,-41
1759483286.3676248,4,-5,-40
1759483286.4056249,2,-5,-33
1759483286.4426248,1,-2,-27
1759483286.4816248,7,-2,-35
1759483286.5176249,-1,0,-35
1759483286.5546248,3,3,-25
1759483286.5936248,0,-2,-41
1759483286.6316247,-1,-6,-43
1759483286.6676247,-2,-2,-30
1759483286.7056248,-4,-3,-42
1759483286.7436247,9,-8,-35
1759483286.7826247,3,-4,-40
1759483286.8206248,2,2,-35
1759483286.8566248,0,-3,-32
1759483286.8936248,-1,-3,-42
1759483286.9326248,-2,-1,-22
1759483286.9706247,-3,0,-35
1759483287.0066247,5,-1,-34
1759483287.0436249,-3,-5,-25
1759483287.082625,-1,-1,-33
1759483287.1206248,-2,0,-37
1759483287.1566248,-1,0,-45
1759483287.1936247,-2,0,-44
1759483287.2326248,-2,0,-52
1759483287.2706249,6,-2,-30
1759483287.306625,-2,0,-36
1759483287.3436248,2,0,-35
1759483287.3826249,1,-1,-41
1759483287.4206247,4,-6,-43
1759483287.4566247,0,-6,-48
1759483287.4956248,3,-5,-42
1759483287.5326247,1,-2,-40
1759483287.5716248,1,-2,-31
1759483287.6076248,6,0,-49
1759483287.6446247,5,0,-47
1759483287.6836247,1,0,-50
1759483287.7216249,2,-1,-55
1759483287.7576249,0,0,-54
1759483287.7946248,-1,6,-45
1759483287.832625,-2,0,-30
1759483287.8716247,-5,2,-45
1759483287.9076247,-5,1,-32
1759483287.944625,-7,-1,-36
1759483287.9826248,-2,1,-36
1759483288.0216248,1,3,-28
1759483288.0576248,-1,-1,-35
1759483288.0956247,-5,0,-44
1759483288.1346247,0,-9,-33
1759483288.1726248,-1,-6,-30
1759483288.2086248,-7,-1,-30
1759483288.2476249,3,0,-41
1759483288.2846248,-1,1,-43
1759483288.3236248,-1,3,-42
1759483288.3616247,-1,2,-31
1759483288.3976247,-2,5,-36
1759483288.4356248,3,2,-38
1759483288.4736247,5,-1,-47
1759483288.5116248,-2,-2,-45
1759483288.5476248,3,-4,-50
1759483288.5856247,-9,-3,-47
1759483288.6236248,-9,0,-40
1759483288.6626248,-2,0,-30
1759483288.6996248,5,4,-27
1759483288.7366247,5,0,-40
1759483288.7756248,-5,-1,-33
1759483288.8136249,0,-3,-39
1759483288.8516247,-1,-2,-45
1759483288.888625,-2,-1,-32
1759483288.9256248,0,-1,-35
1759483288.9636247,-2,-5,-46
1759483289.0026248,-3,-5,-38
1759483289.0386248,-5,-5,-30
1759483289.0766249,7,-1,-28
1759483289.115625,4,-4,-39
1759483289.1536248,7,-2,-36
1759483289.1916249,1,-9,-42
1759483289.227625,-3,-3,-46
1759483289.2656248,-6,-7,-42
1759483289.3046248,0,-8,-40
1759483289.342625,4,-4,-45
1759483289.378625,4,-8,-35
1759483289.4156249,5,0,-34
1759483289.454625,1,0,-38
1759483289.4926248,4,-4,-28
1759483289.5286248,5,0,-40
1759483289.5656247,-5,-2,-44
1759483289.6046247,0,-7,-34
1759483289.6426249,2,0,-31
1759483289.6786249,3,0,-43
1759483289.7156248,-2,-6,-44
1759483289.7546248,2,3,-39
1759483289.7926247,0,-4,-32
1759483289.8286247,2,-7,-39
1759483289.8666248,0,-4,-34
1759483289.9046247,1,-3,-40
1759483289.9426248,4,3,-42
1759483289.9786248,3,5,-39
1759483290.0156248,4,3,-36
1759483290.0546248,-4,0,-41
1759483290.092625,7,-6,-44
1759483290.128625,5,-4,-40
1759483290.1666248,-6,-5,-37
1759483290.204625,-1,1,-37
1759483290.2436247,7,3,-39
1759483290.2796247,4,0,-45
1759483290.3166249,8,0,-28
1759483290.3546247,5,0,-20
1759483290.3936248,-1,-1,-32
1759483290.4296248,-1,-1,-44
1759483290.467625,1,1,-43
1759483290.5056248,1,3,-49
1759483290.5446248,-3,5,-40
1759483290.582625,-3,3,-52
1759483290.6186247,1,3,-34
1759483290.6576247,-5,5,-35
1759483290.6956248,1,1,-35
1759483290.7336247,-3,1,-33
1759483290.7696247,1,-1,-33
1759483290.8076248,-4,-5,-33
1759483290.8466249,-2,-5,-37
1759483290.8846247,-9,3,-45
1759483290.9226248,-1,5,-42
1759483290.9586248,0,-1,-39
1759483290.9966247,3,1,-41
1759483291.0346248,-1,2,-31
1759483291.0706248,-6,-2,-36
1759483291.1086247,7,1,-31
1759483291.1476247,3,4,-43
1759483291.1856248,-4,0,-48
1759483291.2236247,2,4,-41
1759483291.2596247,1,2,-38
1759483291.296625,5,0,-39
1759483291.3346248,6,0,-35
1759483291.3736248,8,-1,-36
1759483291.4096248,1,5,-38
1759483291.4466248,5,0,-42
1759483291.4856248,-4,-6,-46
1759483291.523625,-5,1,-40
1759483291.559625,-2,1,-52
1759483291.5966249,2,2,-40
1759483291.6346247,-6,11,-30
1759483291.6736248,-6,6,-37
1759483291.7096248,-4,0,-43
1759483291.7476249,-2,0,-42
1759483291.7856247,-1,-4,-37
1759483291.8246248,-6,-4,-31
1759483291.8606248,-8,3,-23
1759483291.8976247,0,2,-36
1759483291.9356248,-3,8,-38
1759483291.9746249,-2,-4,-36
1759483292.010625,-1,-2,-32
1759483292.0496247,7,-2,-38
1759483292.0876248,-2,-1,-42
1759483292.125625,3,2,-38
1759483292.1636248,-3,-6,-36
1759483292.1996248,-1,1,-44
1759483292.237625,-3,-2,-34
1759483292.2756248,-7,2,-42
1759483292.3146248,-13,0,-42
1759483292.3506248,-5,5,-49
1759483292.388625,7,0,-51
1759483292.4276247,3,2,-48
1759483292.4656248,0,0,-38
1759483292.503625,1,-2,-33
1759483292.5396247,4,10,-36
1759483292.5776248,-3,2,-44
1759483292.615625,-3,-2,-33
1759483292.6536248,-3,-4,-47
1759483292.6906247,-3,7,-34
1759483292.7286248,-4,0,-36
1759483292.7656248,-2,-3,-36
1759483292.8046248,1,2,-41
1759483292.8406248,-4,1,-51
1759483292.878625,2,0,-46
1759483292.9166248,2,6,-34
1759483292.9556248,1,3,-30
1759483292.9916248,-3,3,-39
1759483293.0286248,-12,8,-31
1759483293.0666249,5,3,-33
1759483293.105625,1,-2,-36
1759483293.1416247,0,-2,-32
1759483293.1796248,0,-4,-37
1759483293.2186248,2,0,-37
1759483293.2566247,0,-6,-47
1759483293.2946248,3,-7,-42
1759483293.3306248,1,-2,-39
1759483293.3696249,0,0,-35
1759483293.4066248,2,9,-42
1759483293.4456248,-4,-2,-33
1759483293.4816248,0,2,-39
1759483293.5196247,-5,0,-38
1759483293.556625,0,-1,-38
1759483293.5956247,2,2,-28
1759483293.6316247,6,5,-39
1759483293.6696248,1,0,-33
1759483293.7066247,-4,6,-31
1759483293.7456248,4,0,-31
1759483293.7816248,-4,-1,-37
1759483293.8206248,-4,1,-38
1759483293.8576248,2,5,-41
1759483293.8966248,7,0,-42
1759483293.934625,-1,-2,-39
1759483293.9706247,0,-2,-33
1759483294.0086248,-5,-2,-46
1759483294.046625,2,0,-42
1759483294.0856247,1,-11,-38
1759483294.1216247,-2,-3,-44
1759483294.1596248,0,0,-47
1759483294.1986248,3,5,-42
1759483294.2366247,5,5,-45
1759483294.2746248,-3,0,-43
1759483294.3106248,-1,8,-32
1759483294.3486247,2,2,-28
1759483294.3866248,-3,5,-39
1759483294.4256248,3,0,-37
1759483294.4616249,11,0,-31
1759483294.4996247,6,0,-38
1759483294.5376248,-1,-5,-38
1759483294.5766249,0,-4,-35
1759483294.612625,-5,-5,-27
1759483294.651625,2,1,-30
1759483294.6896248,5,2,-45
1759483294.7266247,0,7,-41
1759483294.7656248,2,1,-44
1759483294.8026247,0,2,-34
1759483294.839625,-4,-1,-34
1759483294.8776248,-1,-4,-36
1759483294.9166248,-4,2,-41
1759483294.9526248,-3,0,-30
1759483294.990625,-1,-3,-38
1759483295.0286248,-9,-1,-40
1759483295.0666249,-1,0,-38
1759483295.102625,1,3,-30
1759483295.1396248,-2,3,-30
1759483295.1786249,-4,-1,-42
1759483295.2166247,0,-2,-38
1759483295.2526248,-3,-5,-34
1759483295.2906249,-9,0,-34
1759483295.3286247,-1,2,-34
1759483295.3676248,3,-1,-45
1759483295.4056249,-1,0,-42
1759483295.4416249,-7,2,-47
1759483295.480625,-10,3,-53
1759483295.5176249,-4,7,-46
1759483295.556625,-2,11,-42
1759483295.592625,-8,9,-31
1759483295.6316247,3,4,-40
1759483295.6686249,0,0,-38
1759483295.7086248,3,-2,-38
1759483295.7466247,7,-2,-33
1759483295.7826247,2,4,-32
1759483295.8206248,1,8,-46
1759483295.8576248,-4,3,-30
1759483295.8966248,0,3,-38
1759483295.9406247,0,-7,-38
1759483295.9786248,1,-2,-38
1759483296.0166247,-1,6,-36
1759483296.0526247,7,3,-38
1759483296.089625,-2,-5,-45
1759483296.1276248,-4,-1,-43
1759483296.1666248,-5,-5,-50
1759483296.2026248,7,-3,-43
1759483296.240625,1,1,-41
1759483296.2786248,2,5,-40
1759483296.3176248,2,0,-42
1759483296.3546247,0,2,-47
1759483296.3926249,2,3,-51
1759483296.4306247,-1,-4,-53
1759483296.4686248,-2,-5,-43
1759483296.5066247,-6,-5,-33
1759483296.5426247,-2,0,-35
1759483296.579625,-3,4,-34
1759483296.6186247,-5,6,-32
1759483296.6566248,-4,10,-37
1759483296.6926248,0,8,-41
1759483296.730625,-4,11,-40
1759483296.7686248,0,2,-49
1759483296.806625,0,2,-41
1759483296.842625,-1,-2,-36
1759483296.8806248,4,0,-36
1759483296.9186249,-3,0,-25
1759483296.957625,-8,2,-37
1759483296.9936247,-10,1,-43
1759483297.0316248,-4,0,-29
1759483297.069625,-1,0,-45
1759483297.1086247,-1,-1,-31
1759483297.1466248,-2,0,-32
1759483297.1836247,-3,4,-50
1759483297.2216249,-6,2,-56
1759483297.2596247,1,-7,-53
1759483297.2976248,3,-2,-44
1759483297.3336248,0,0,-47
1759483297.3716247,-3,-1,-48
1759483297.4106247,-7,2,-53
1759483297.4486248,0,5,-47
1759483297.4866247,4,5,-49
1759483297.5226247,7,5,-42
1759483297.5606248,4,0,-36
1759483297.5986247,-1,8,-40
1759483297.6366248,0,-1,-32
1759483297.6726248,-7,-4,-32
1759483297.7106247,2,-3,-41
1759483297.7486248,-2,-5,-45
1759483297.7876248,1,-4,-39
1759483297.8236248,-2,-2,-31
1759483297.8616247,-6,-1,-39
1759483297.8996248,3,0,-51
1759483297.9386249,-3,3,-46
1759483297.9746249,0,3,-35
1759483298.0116248,2,4,-37
1759483298.0496247,0,0,-44
1759483298.0886247,7,0,-36
1759483298.1246247,3,1,-37
1759483298.1636248,4,3,-40
1759483298.2006247,1,3,-41
1759483298.2386248,7,-9,-38
1759483298.2776248,4,-8,-39
1759483298.3136249,2,0,-32
1759483298.3506248,0,-1,-46
1759483298.388625,0,-3,-47
1759483298.4276247,3,8,-37
1759483298.4636247,3,0,-39
1759483298.5016248,0,2,-32
1759483298.5386248,3,-9,-38
1759483298.5776248,3,-4,-35
1759483298.6136248,-1,-4,-36
1759483298.651625,6,0,-39
1759483298.6896248,4,6,-38
1759483298.7286248,4,-1,-41
1759483298.7646248,0,0,-41
1759483298.8016248,-1,-3,-44
1759483298.839625,-5,-2,-38
1759483298.878625,5,-2,-41
1759483298.9146247,2,0,-45
1759483298.9516249,-5,3,-39
1759483298.990625,1,7,-31
1759483299.0286248,3,1,-38
1759483299.0646248,2,-3,-51
1759483299.1036248,6,4,-34
1759483299.1416247,15,0,-37
1759483299.1796248,8,-1,-39
1759483299.217625,4,-1,-32
1759483299.253625,-6,1,-32
1759483299.2916248,-1,0,-39
1759483299.329625,-9,-4,-36
1759483299.3676248,-1,-1,-36
1759483299.4036248,-5,3,-48
1759483299.4416249,-5,-2,-40
1759483299.4796247,6,4,-46
1759483299.5176249,-5,4,-39
1759483299.5536249,-1,0,-51
1759483299.5916247,2,-1,-55
1759483299.6296248,0,2,-56
1759483299.6656249,0,1,-47
1759483299.7036247,-3,2,-40
1759483299.7416248,0,-2,-45
1759483299.7796247,4,-8,-51
1759483299.8156247,9,-1,-46
1759483299.8536248,0,-2,-51
1759483299.8926249,10,-2,-41
1759483299.9296248,7,0,-54
1759483299.9686248,0,-4,-43
1759483300.0046248,-2,-3,-48
1759483300.0426247,-6,-2,-31
1759483300.0806248,-4,0,-36
1759483300.1196249,-4,3,-48
1759483300.1556249,-9,4,-35
1759483300.1936247,-6,8,-49
1759483300.230625,0,3,-44
1759483300.2696247,5,3,-42
1759483300.3056247,-6,-3,-43
1759483300.3446248,-1,5,-37
1759483300.3816247,3,4,-47
1759483300.4206247,-1,-2,-34
1759483300.4586248,-2,2,-44
1759483300.4946249,2,0,-45
1759483300.5316248,5,-2,-41
1759483300.5706248,2,4,-35
1759483300.6086247,2,5,-27
1759483300.6446247,0,2,-44
1759483300.681625,-11,-5,-31
1759483300.7206247,-1,-6,-48
1759483300.7586248,-5,-3,-45
1759483300.7946248,-1,-5,-38
1759483300.8336248,-6,3,-41
1759483300.8706248,-5,-3,-44
1759483300.9096248,-6,1,-39
1759483300.9456248,-4,2,-49
1759483300.9836247,-3,10,-41
1759483301.0216248,0,3,-28
1759483301.0606248,1,-2,-36
1759483301.0986247,0,-3,-21
1759483301.1346247,2,-3,-39
1759483301.1726248,-4,-3,-47
1759483301.2106247,-7,2,-42
1759483301.2496247,-2,-1,-39
1759483301.2856247,-7,1,-35
1759483301.3236248,-4,-2,-44
1759483301.362625,-2,2,-47
1759483301.4006248,-6,1,-40
1759483301.4366248,0,1,-36
1759483301.4736247,-3,6,-49
1759483301.5126247,1,0,-25
1759483301.5506248,-3,0,-50
1759483301.5866249,-7,0,-45
1759483301.6236248,2,-3,-51
1759483301.6626248,2,1,-45
1759483301.7006247,3,-5,-39
1759483301.7366247,-4,-3,-45
1759483301.7746248,2,-2,-48
1759483301.8126247,2,-1,-36
1759483301.8516247,-12,-5,-43
1759483301.8896248,-3,0,-51
1759483301.9256248,-1,3,-44
1759483301.9626248,-2,7,-41
1759483302.000625,1,2,-53
1759483302.0396247,4,0,-52
1759483302.0756247,7,-3,-37
1759483302.1136248,0,1,-44
1759483302.1526248,5,0,-40
1759483302.1906247,-3,-2,-41
1759483302.227625,3,-3,-40
1759483302.2656248,-2,-4,-44
1759483302.3026247,-2,0,-33
1759483302.3416247,-1,-1,-27
1759483302.3796248,-9,0,-32
1759483302.4156249,-5,-8,-42
1759483302.4536247,-5,-2,-43
1759483302.4926248,0,0,-39
1759483302.5306249,2,8,-36
1759483302.569625,-3,7,-32
1759483302.605625,0,0,-25
1759483302.6446247,-4,1,-40
1759483302.6826248,2,-2,-41
1759483302.7206247,1,3,-45
1759483302.7566247,5,4,-39
1759483302.7936249,2,0,-34
1759483302.832625,0,0,-47
1759483302.8706248,7,-3,-52
1759483302.9066248,7,-3,-35
1759483302.944625,-1,1,-26
1759483302.9826248,0,2,-36
1759483303.0216248,1,-5,-45
1759483303.059625,-5,-3,-43
1759483303.0956247,-6,-5,-42
1759483303.1336248,-2,-8,-42
1759483303.171625,-8,-8,-36
1759483303.2106247,-2,-6,-25
1759483303.2466247,-11,-6,-34
1759483303.2856247,-9,-3,-36
1759483303.3236248,4,-6,-38
1759483303.3616247,-1,-4,-36
1759483303.3976247,0,0,-36
1759483303.4356248,5,-6,-33
1759483303.4746249,-5,0,-50
1759483303.5116248,0,-5,-51
1759483303.5506248,-4,-4,-44
1759483303.5866249,0,-5,-50
1759483303.6246247,-7,6,-46
1759483303.6636248,-2,6,-50
1759483303.7016249,-6,2,-42
1759483303.737625,-13,5,-37
1759483303.7756248,-7,1,-42
1759483303.8136249,-4,2,-42
1759483303.852625,-6,5,-39
1759483303.8906248,0,3,-36
1759483303.9266248,-1,-7,-31
1759483303.9656248,-8,-7,-43
1759483304.003625,-7,-1,-41
1759483304.0416248,0,3,-36
1759483304.0776248,0,0,-37
1759483304.115625,-3,-6,-35
1759483304.1526248,1,-3,-31
1759483304.1916249,-1,-1,-33
1759483304.227625,-2,-9,-32
1759483304.2656248,0,1,-34
1759483304.3046248,0,-6,-43
1759483304.342625,-3,0,-41
1759483304.3806248,-7,-2,-32
1759483304.4166248,-11,1,-33
1759483304.4556248,-8,2,-31
1759483304.4926248,-7,1,-34
1759483304.5316248,-1,2,-43
1759483304.5676248,7,-3,-37
1759483304.605625,-4,-5,-42
1759483304.6426249,4,3,-39
1759483304.681625,7,2,-33
1759483304.717625,0,0,-38
1759483304.7556248,6,3,-36
1759483304.7926247,2,0,-44
1759483304.8316247,0,0,-37
1759483304.8676248,-5,2,-39
1759483304.9056249,-1,4,-40
1759483304.9436247,0,-1,-48
1759483304.9816248,3,-2,-42
1759483305.0176249,5,2,-34
1759483305.0556247,-11,-3,-35
1759483305.0936248,-6,-4,-47
1759483305.1316247,2,-4,-47
1759483305.1676247,-3,-7,-48
1759483305.2066247,3,-2,-42
1759483305.2436247,1,-3,-32
1759483305.2826247,2,0,-37
1759483305.3186247,4,1,-39
1759483305.3566248,-7,3,-41
1759483305.3936248,-7,4,-33
1759483305.4326248,-2,3,-34
1759483305.4686248,-4,0,-38
1759483305.5066247,0,0,-48
1759483305.5446248,0,2,-37
1759483305.582625,4,5,-37
1759483305.6186247,1,0,-41
1759483305.6566248,5,-1,-39
1759483305.6936247,9,-6,-42
1759483305.7326248,6,-3,-38
1759483305.7686248,8,-2,-50
1759483305.806625,-3,-2,-44
1759483305.8436248,-10,1,-41
1759483305.8826249,-9,3,-32
1759483305.9186249,-1,4,-30
1759483305.964625,0,2,-39
1759483306.0026248,4,-6,-45
1759483306.0396247,-8,-3,-36
1759483306.0766249,-3,-4,-37
1759483306.1146247,2,-1,-29
1759483306.1536248,0,-1,-41
1759483306.1916249,4,-5,-40
1759483306.227625,-3,-2,-37
1759483306.2666247,0,1,-27
1759483306.3036249,1,-5,-41
1759483306.342625,0,-4,-47
1759483306.3796248,2,0,-45
1759483306.4176247,-4,0,-43
1759483306.4556248,-5,1,-43
1759483306.4936247,-6,0,-48
1759483306.5316248,-3,2,-44
1759483306.5676248,6,5,-43
1759483306.6046247,1,-1,-50
1759483306.6436248,-5,2,-47
1759483306.6806247,-6,9,-39
1759483306.717625,2,0,-36
1759483306.7566247,5,0,-41
1759483306.7936249,-7,2,-37
1759483306.832625,-9,-1,-34
1759483306.8686247,1,0,-41
1759483306.9056249,4,-5,-44
1759483306.9436247,6,1,-36
1759483306.9826248,1,2,-33
1759483307.0186248,-11,-1,-32
1759483307.056625,-6,0,-30
1759483307.0956247,-4,0,-35
1759483307.1336248,1,-2,-33
1759483307.1696248,5,-9,-34
1759483307.207625,-1,0,-34
1759483307.2456248,2,-4,-37
1759483307.283625,3,-2,-34
1759483307.3226247,2,-5,-42
1759483307.3586247,-4,-7,-40
1759483307.3976247,-3,-5,-40
1759483307.434625,-4,-2,-56
1759483307.4736247,2,3,-38
1759483307.5096247,-1,11,-30
1759483307.5476248,-2,7,-36
1759483307.5866249,-5,-1,-35
1759483307.6246247,-1,-4,-36
1759483307.6626248,2,0,-56
1759483307.6996248,7,0,-38
1759483307.737625,3,-1,-40
1759483307.7746248,0,-2,-41
1759483307.8136249,-2,1,-31
1759483307.8496249,4,-3,-37
1759483307.8876247,-6,4,-36
1759483307.9246247,1,-2,-37
1759483307.9626248,0,0,-42
1759483307.9986248,4,-4,-33
1759483308.0356247,2,-2,-49
1759483308.0746248,0,-4,-42
1759483308.112625,1,0,-36
1759483308.148625,2,-7,-37
1759483308.1876247,9,-9,-34
1759483308.2256248,7,-12,-36
1759483308.263625,0,-5,-44
1759483308.2996247,7,-6,-40
1759483308.3386247,4,-6,-37
1759483308.375625,6,1,-34
1759483308.4146247,3,4,-27
1759483308.4506247,2,3,-38
1759483308.4886248,0,-1,-41
1759483308.5256248,3,-1,-40
1759483308.5646248,0,-3,-36
1759483308.6006248,-4,0,-25
1759483308.638625,-1,-5,-44
1759483308.6766248,-3,-4,-45
1759483308.7156248,5,-1,-34
1759483308.753625,0,4,-47
1759483308.7896247,0,0,-31
1759483308.8266249,0,-5,-32
1759483308.8646247,10,-5,-38
1759483308.9036248,10,0,-39
1759483308.9396248,3,4,-42
1759483308.9766247,4,-1,-42
1759483309.0156248,-2,0,-37
1759483309.0536249,3,0,-35
1759483309.089625,0,0,-43
1759483309.1266248,3,-1,-41
1759483309.1656249,-2,-5,-29
1759483309.2036247,-7,-8,-34
1759483309.2396247,-4,-9,-40
1759483309.2786248,-4,4,-33
1759483309.3166249,0,6,-40
1759483309.3546247,2,-4,-38
1759483309.3906248,4,0,-37
1759483309.4286249,-1,-6,-35
1759483309.4666247,-6,-4,-29
1759483309.5046248,-4,0,-39
1759483309.5406249,-6,2,-42
1759483309.579625,-3,3,-26
1759483309.6166248,0,3,-36
1759483309.6556249,0,1,-38
1759483309.6936247,-7,-2,-38
1759483309.7296247,-2,-10,-33
1759483309.7676249,-3,0,-32
1759483309.8056247,2,-6,-39
1759483309.8446248,1,-4,-33
1759483309.8806248,5,0,-43
1759483309.9176247,8,-1,-29
1759483309.9556248,0,-9,-39
1759483309.9946249,5,0,-47
1759483310.0306249,-2,7,-41
1759483310.0676248,0,3,-37
1759483310.105625,6,0,-36
1759483310.1446247,5,2,-40
1759483310.1806247,5,3,-39
1759483310.217625,0,1,-40
1759483310.2556248,-7,4,-37
1759483310.2946248,0,6,-41
1759483310.3316247,0,1,-40
1759483310.3686247,9,-5,-43
1759483310.4066248,4,-3,-50
1759483310.4456248,-4,-1,-43
1759483310.4816248,-3,0,-41
1759483310.5206249,1,2,-47
1759483310.5586247,-5,2,-44
1759483310.5966249,1,-10,-49
1759483310.6346247,8,-4,-48
1759483310.671625,3,-3,-42
1759483310.7086248,4,-7,-44
1759483310.7466247,0,-2,-27
1759483310.7856247,-1,-3,-42
1759483310.8216248,0,-6,-43
1759483310.8596249,-6,0,-34
1759483310.8966248,-3,1,-40
1759483310.9356248,-3,-3,-33
1759483310.9716249,2,0,-38
1759483311.0086248,-2,2,-33
1759483311.046625,-4,0,-30
1759483311.0856247,1,-10,-38
1759483311.1216247,-6,-5,-35
1759483311.1596248,-1,-6,-39
1759483311.1986248,0,3,-45
1759483311.2366247,0,0,-42
1759483311.2746248,2,-1,-59
1759483311.3106248,4,3,-46
1759483311.3476248,3,4,-36
1759483311.3866248,-3,-5,-34
1759483311.4246247,0,3,-29
1759483311.4606247,2,-3,-27
1759483311.4986248,5,-4,-38
1759483311.536625,0,-2,-46
1759483311.5746248,-6,0,-30
1759483311.6116247,-6,0,-30
1759483311.6496248,-2,0,-46
1759483311.6876247,6,2,-39
1759483311.7256248,0,0,-48
1759483311.7626247,-2,1,-40
1759483311.7996247,-3,2,-39
1759483311.8376248,-1,-4,-36
1759483311.8766248,1,-7,-46
1759483311.9126248,5,-5,-37
1759483311.9506247,1,-4,-45
1759483311.9896247,-11,0,-46
1759483312.0276248,4,2,-39
1759483312.0656247,-1,2,-39
1759483312.1016247,0,-2,-40
1759483312.1396248,0,1,-36
1759483312.1786249,6,1,-35
1759483312.2166247,2,3,-44
1759483312.2526248,-3,2,-42
1759483312.2906249,4,1,-46
1759483312.3276248,4,0,-51
1759483312.3666248,-6,-4,-35
1759483312.4026248,-7,-3,-37
1759483312.4416249,-4,2,-30
1759483312.4786248,2,1,-38
1759483312.5166247,0,-2,-31
1759483312.5556247,-1,-1,-23
1759483312.5916247,7,-5,-24
1759483312.628625,0,-6,-40
1759483312.6676247,0,-1,-41
1759483312.7056248,3,1,-40
1759483312.7416248,4,4,-52
1759483312.7786248,5,2,-37
1759483312.8176248,3,-3,-44
1759483312.855625,4,0,-39
1759483312.8916247,-4,1,-38
1759483312.9296248,0,6,-36
1759483312.967625,6,11,-40
1759483313.0066247,-7,2,-46
1759483313.0426247,-3,3,-43
1759483313.0816247,0,0,-38
1759483313.1196249,7,1,-49
1759483313.1576247,-1,1,-42
1759483313.1956248,-1,-7,-44
1759483313.2316248,0,-2,-33
1759483313.2696247,0,-1,-38
1759483313.3076248,-4,-4,-43
1759483313.3456247,-6,-2,-38
1759483313.3816247,-4,4,-47
1759483313.4196248,7,-6,-40
1759483313.457625,9,0,-33
1759483313.4956248,7,4,-41
1759483313.5316248,-1,-1,-27
1759483313.5706248,0,1,-41
1759483313.6076248,6,-5,-36
1759483313.6466248,-1,-3,-30
1759483313.6826248,-4,-6,-37
1759483313.7206247,0,-5,-33
1759483313.7586248,-1,-1,-34
1759483313.7976248,-1,-1,-38
1759483313.8336248,-3,-2,-39
1759483313.8716247,-4,-7,-37
1759483313.9106247,-1,1,-35
1759483313.9486248,-5,2,-37
1759483313.9866247,0,-3,-50
1759483314.0226247,1,-1,-36
1759483314.0616248,0,0,-45
1759483314.0986247,-1,-2,-40
1759483314.1376247,-1,-3,-44
1759483314.1736248,8,-2,-46
1759483314.2116249,2,3,-35
1759483314.2486248,2,-2,-34
1759483314.2876248,0,-4,-32
1759483314.3236248,0,-4,-34
1759483314.3616247,5,-5,-27
1759483314.398625,6,1,-29
1759483314.4376247,-3,5,-20
1759483314.4736247,-7,1,-20
1759483314.5116248,-6,-5,-34
1759483314.5496247,-6,-6,-38
1759483314.5876248,5,1,-38
1759483314.6236248,0,0,-39
1759483314.661625,9,2,-44
1759483314.6996248,3,0,-31
1759483314.737625,5,0,-45
1759483314.773625,0,6,-48
1759483314.8116248,1,-1,-37
1759483314.8486247,-4,2,-27
1759483314.8876247,-4,-3,-37
1759483314.9236248,-7,-6,-38
1759483314.9626248,-3,-7,-41
1759483314.9996247,-11,-9,-47
1759483315.0386248,-5,-5,-48
1759483315.0766249,3,1,-35
1759483315.112625,3,1,-36
1759483315.1506248,0,-1,-42
1759483315.1886249,5,1,-43
1759483315.227625,4,1,-40
1759483315.263625,2,-2,-46
1759483315.3026247,0,3,-46
1759483315.3406248,-2,8,-41
1759483315.378625,-4,3,-40
1759483315.4146247,-4,7,-36
1759483315.4526248,-4,-1,-45
1759483315.490625,-1,6,-47
1759483315.5286248,0,0,-34
1759483315.5646248,2,7,-29
1759483315.6016247,-2,0,-31
1759483315.6406248,2,2,-32
1759483315.6786249,1,-5,-25
1759483315.714625,-2,-3,-32
1759483315.753625,0,-5,-17
1759483315.7906249,2,1,-37
1759483315.8286247,4,5,-35
1759483315.8676248,-4,-1,-49
1759483315.9036248,-2,-3,-40
1759483315.9416249,0,1,-40
1759483315.987625,6,7,-42
1759483316.023625,0,4,-48
1759483316.0616248,0,0,-47
1759483316.0996249,-1,0,-49
1759483316.1376247,-3,-3,-48
1759483316.1736248,-6,-1,-51
1759483316.2116249,-4,3,-50
1759483316.2496247,-2,0,-43
1759483316.2886248,0,4,-39
1759483316.3246248,0,1,-36
1759483316.3616247,5,-2,-50
1759483316.3996248,3,0,-46
1759483316.4386249,-10,2,-48
1759483316.4746249,-11,14,-32
1759483316.5126247,-2,4,-44
1759483316.5506248,2,2,-41
1759483316.589625,2,2,-40
1759483316.6276248,-2,0,-37
1759483316.6636248,0,0,-34
1759483316.7016249,2,-5,-42
1759483316.7396247,2,-4,-47
1759483316.7776248,4,-3,-48
1759483316.8136249,6,0,-47
1759483316.8506248,6,-2,-46
1759483316.8896248,-1,0,-34
1759483316.9276247,7,8,-36
1759483316.9636247,7,-2,-30
1759483317.000625,5,-2,-36
1759483317.0386248,3,-1,-33
1759483317.0746248,5,0,-36
1759483317.112625,1,1,-36
1759483317.1496248,-3,-2,-47
1759483317.1886249,-2,-1,-42
1759483317.2246249,0,-3,-54
1759483317.2626247,8,-2,-39
1759483317.3016248,5,-10,-36
1759483317.339625,-1,-3,-41
1759483317.375625,5,2,-38
1759483317.4136248,-2,7,-48
1759483317.4516249,-7,-3,-60
1759483317.4896247,-1,3,-55
1759483317.5256248,0,8,-52
1759483317.5626247,1,6,-40
1759483317.6016247,3,0,-33
1759483317.6396248,3,5,-36
1759483317.6756248,-3,3,-38
1759483317.714625,9,8,-40
1759483317.7516248,2,5,-57
1759483317.7906249,-3,0,-50
1759483317.8286247,-2,0,-43
1759483317.8646247,0,-1,-41
1759483317.901625,-7,-5,-43
1759483317.9406247,0,4,-29
1759483317.9786248,1,2,-32
1759483318.0146248,1,6,-45
1759483318.0516248,-2,6,-43
1759483318.0906248,-6,9,-53
1759483318.128625,0,2,-41
1759483318.1646247,-7,1,-35
1759483318.2016249,-3,4,-44
1759483318.240625,2,-2,-39
1759483318.2786248,0,-1,-42
1759483318.3146248,0,3,-43
1759483318.352625,-2,4,-32
1759483318.3906248,0,4,-33
1759483318.4286249,8,6,-38
1759483318.464625,-7,3,-44
1759483318.5026248,-5,15,-45
1759483318.5406249,3,3,-46
1759483318.5786247,0,4,-51
1759483318.6146247,-1,-9,-48
1759483318.6526248,5,-2,-42
1759483318.6906247,-5,-4,-37
1759483318.7296247,3,0,-37
1759483318.7656248,8,3,-39
1759483318.8026247,0,9,-51
1759483318.8406248,-2,5,-34
1759483318.8796248,2,-2,-36
1759483318.9156249,1,-5,-40
1759483318.9526248,1,-3,-41
1759483318.990625,-3,5,-39
1759483319.0296247,7,5,-35
1759483319.0656247,3,3,-40
1759483319.102625,0,-2,-41
1759483319.1406248,1,-5,-31
1759483319.1796248,6,1,-39
1759483319.2156248,-3,5,-26
1759483319.2526248,-4,-1,-40
1759483319.2906249,2,-3,-37
1759483319.329625,-4,-3,-23
1759483319.365625,1,-1,-40
1759483319.4046247,-4,4,-37
1759483319.4416249,-1,-4,-37
1759483319.480625,8,-4,-41
1759483319.5166247,10,3,-39
1759483319.5546248,0,5,-35
1759483319.5936248,-6,0,-56
1759483319.6316247,3,3,-49
1759483319.6696248,-1,-2,-36
1759483319.7056248,1,4,-42
1759483319.7436247,-1,0,-40
1759483319.7816248,-1,-1,-35
1759483319.819625,1,2,-38
1759483319.855625,-1,-4,-32
1759483319.8946247,-4,-1,-38
1759483319.931625,4,-3,-32
1759483319.9706247,0,-6,-49
1759483320.0066247,9,-3,-49
1759483320.0436249,-1,4,-45
1759483320.082625,0,2,-34
1759483320.1206248,0,-2,-26
1759483320.1566248,-1,1,-27
1759483320.1936247,-3,4,-28
1759483320.2316248,-5,3,-46
1759483320.2706249,-4,-2,-47
1759483320.306625,-1,0,-44
1759483320.3446248,-5,0,-50
1759483320.3826249,0,-1,-48
1759483320.421625,-6,-2,-44
1759483320.4596248,-2,3,-39
1759483320.4956248,4,6,-37
1759483320.5326247,-3,0,-38
1759483320.5716248,-4,0,-45
1759483320.6076248,0,0,-43
1759483320.6446247,1,3,-30
1759483320.6826248,1,-8,-33
1759483320.7216249,-1,0,-35
1759483320.7576249,0,-4,-37
1759483320.7976248,-3,-9,-39
1759483320.8356247,-5,-5,-47
1759483320.8726249,1,3,-42
1759483320.911625,7,0,-43
1759483320.9476247,9,2,-41
1759483320.9856248,-3,-5,-46
1759483321.0226247,-1,0,-49
1759483321.0616248,5,0,-43
1759483321.0976248,5,0,-39
1759483321.135625,-1,5,-47
1759483321.1746247,0,-3,-36
1759483321.2126248,0,-5,-33
1759483321.250625,2,-9,-45
1759483321.286625,5,0,-36
1759483321.3256247,2,0,-43
1759483321.3636248,1,1,-31
1759483321.401625,0,-2,-25
1759483321.4376247,8,1,-28
1759483321.4746249,2,-4,-38
1759483321.5126247,-7,3,-32
1759483321.5516248,2,0,-24
1759483321.5876248,-1,2,-35
1759483321.6246247,-7,2,-39
1759483321.6626248,-5,0,-37
1759483321.7016249,-1,-5,-39
1759483321.737625,-2,-2,-42
1759483321.7756248,-2,0,-28
1759483321.8136249,-4,3,-35
1759483321.8516247,4,0,-44
1759483321.8876247,3,2,-44
1759483321.9256248,0,1,-38
1759483321.9626248,-7,0,-49
1759483322.0016248,-3,5,-43
1759483322.0376248,4,2,-41
1759483322.0756247,5,0,-35
1759483322.112625,1,1,-45
1759483322.151625,-9,6,-42
1759483322.1876247,-8,0,-45
1759483322.2256248,0,1,-32
1759483322.2626247,-2,-2,-28
1759483322.3016248,0,2,-38
1759483322.3376248,0,10,-44
1759483322.375625,-7,-2,-43
1759483322.4126248,-7,0,-42
1759483322.4516249,3,0,-47
1759483322.487625,5,4,-49
1759483322.5256248,0,-2,-39
1759483322.5626247,-2,3,-38
1759483322.6016247,-3,4,-36
1759483322.6376247,-3,7,-41
1759483322.6756248,-1,-1,-45
1759483322.7136247,-3,2,-41
1759483322.7526248,-3,-3,-39
1759483322.7886248,-7,-1,-33
1759483322.8266249,0,0,-48
1759483322.8646247,-2,2,-35
1759483322.9036248,-3,0,-32
1759483322.9416249,3,-1,-38
1759483322.977625,1,-6,-46
1759483323.0146248,4,-5,-35
1759483323.0536249,-2,-4,-33
1759483323.0916247,-4,-5,-31
1759483323.1276248,-2,-3,-44
1759483323.1656249,-7,-5,-43
1759483323.204625,-5,0,-37
1759483323.2426248,-2,2,-46
1759483323.2786248,-6,2,-49
1759483323.3156247,5,4,-41
1759483323.3546247,5,-3,-37
1759483323.3926249,10,0,-35
1759483323.4286249,11,-2,-38
1759483323.467625,7,0,-39
1759483323.5046248,-2,-2,-48
1759483323.5436249,-1,-5,-59
1759483323.5816247,0,-4,-48
1759483323.6176248,0,-5,-47
1759483323.6546247,0,-1,-46
1759483323.6936247,2,-1,-34
1759483323.7316248,4,0,-33
1759483323.7686248,4,0,-27
1759483323.806625,0,-2,-38
1759483323.8446248,-1,1,-47
1759483323.8826249,1,-2,-47
1759483323.9196248,-7,2,-48
1759483323.9566247,4,2,-37
1759483323.9946249,-1,1,-41
1759483324.033625,-3,0,-47
1759483324.069625,-3,-1,-47
1759483324.1076248,-3,-3,-40
1759483324.1456249,-9,-8,-31
1759483324.184625,1,-8,-45
1759483324.2226248,-1,0,-47
1759483324.2586248,-3,-2,-39
1759483324.2976248,0,6,-32
1759483324.3346248,0,0,-44
1759483324.3736248,-3,-5,-41
1759483324.4106247,-1,0,-45
1759483324.4486248,2,-3,-41
1759483324.4866247,4,0,-36
1759483324.523625,-3,-2,-30
1759483324.5626247,-6,-5,-44
1759483324.5986247,0,0,-35
1759483324.6366248,-3,-3,-35
1759483324.6746247,-3,0,-33
1759483324.7126248,0,-4,-38
1759483324.7486248,-3,3,-45
1759483324.7876248,-1,7,-35
1759483324.8246248,-3,3,-42
1759483324.8636248,1,-4,-44
1759483324.8996248,0,-2,-44
1759483324.9366248,4,1,-37
1759483324.9746249,6,4,-30
1759483325.013625,6,-1,-28
1759483325.0496247,6,0,-34
1759483325.0866249,-3,-4,-48
1759483325.1246247,0,1,-38
1759483325.1636248,1,3,-34
1759483325.1996248,5,-3,-45
1759483325.237625,4,0,-51
1759483325.2756248,0,-3,-56
1759483325.3146248,5,-6,-48
1759483325.352625,9,0,-46
1759483325.388625,0,3,-38
1759483325.4266248,9,0,-42
1759483325.464625,1,-9,-40
1759483325.5026248,-5,1,-32
1759483325.5386248,0,-2,-41
1759483325.5756247,-4,6,-35
1759483325.6146247,6,0,-38
1759483325.6526248,3,0,-47
1759483325.6886249,0,1,-49
1759483325.7266247,2,3,-43
1759483325.7646248,1,3,-44
1759483325.8006248,-3,4,-35
1759483325.8376248,6,-2,-37
1759483325.875625,2,0,-43
1759483325.9146247,-2,-3,-34
1759483325.9506247,3,-6,-48
1759483326.0016248,-1,-2,-40
1759483326.0376248,-1,0,-36
1759483326.0756247,-3,-1,-40
1759483326.1146247,-3,0,-56
1759483326.151625,0,3,-54
1759483326.1886249,-6,4,-52
1759483326.227625,-9,-2,-39
1759483326.2656248,-4,3,-33
1759483326.3036249,-2,0,-45
1759483326.3406248,-3,-1,-49
1759483326.3776248,8,-8,-36
1759483326.4156249,7,-6,-39
1759483326.454625,5,-1,-30
1759483326.490625,5,-2,-34
1759483326.5296247,5,0,-39
1759483326.5676248,-1,1,-32
1759483326.605625,0,-6,-41
1759483326.6436248,6,-4,-39
1759483326.6796248,8,-2,-42
1759483326.717625,3,-3,-38
1759483326.7566247,-4,-7,-37
1759483326.7946248,0,-5,-38
1759483326.8306248,3,-4,-41
1759483326.8676248,6,0,-39
1759483326.9066248,-4,0,-47
1759483326.944625,1,6,-35
1759483326.980625,5,1,-39
1759483327.0176249,1,3,-38
1759483327.056625,-1,-1,-46
1759483327.0946248,1,-1,-43
1759483327.1306248,3,2,-42
1759483327.1676247,6,-7,-44
1759483327.2066247,4,-3,-42
1759483327.2446249,-2,-6,-44
1759483327.2806249,-4,0,-43
1759483327.3176248,-6,1,-41
1759483327.3566248,4,0,-40
1759483327.3946247,0,-1,-25
1759483327.4306247,7,0,-28
1759483327.467625,3,-8,-46
1759483327.5066247,5,-5,-40
1759483327.5446248,4,-1,-45
1759483327.5806248,-3,-8,-47
1759483327.6196249,-1,-2,-45
1759483327.658625,-5,-2,-40
1759483327.6956248,-3,0,-42
1759483327.7346249,1,-5,-39
1759483327.7706249,4,-4,-49
1759483327.8086247,3,-6,-40
1759483327.8466249,5,-7,-32
1759483327.885625,0,1,-36
1759483327.921625,1,-3,-33
1759483327.9596248,-3,0,-32
1759483327.9966247,-6,1,-33
1759483328.0356247,1,-2,-31
1759483328.0716248,2,-4,-42
1759483328.1096249,0,-4,-45
1759483328.148625,-4,1,-56
1759483328.1866248,-2,-2,-41
1759483328.2246249,-3,0,-39
1759483328.260625,5,4,-32
1759483328.2986248,2,0,-43
1759483328.3366249,7,3,-41
1759483328.3746247,7,2,-34
1759483328.4106247,0,4,-46
1759483328.4486248,-2,-2,-42
1759483328.4866247,2,-4,-35
1759483328.5246248,-4,-1,-25
1759483328.5606248,-2,-4,-30
1759483328.5986247,-11,-6,-41
1759483328.6376247,-2,-2,-37
1759483328.6756248,0,5,-39
1759483328.7116249,2,6,-32
1759483328.7496247,0,4,-37
1759483328.7876248,-1,0,-28
1759483328.8256247,4,1,-38
1759483328.8616247,-3,1,-39
1759483328.898625,4,-5,-43
1759483328.9366248,3,-3,-53
1759483328.9756248,0,-2,-40
1759483329.0116248,6,1,-39
1759483329.0496247,3,-1,-39
1759483329.0876248,2,4,-54
1759483329.125625,-7,2,-44
1759483329.161625,-7,2,-36
1759483329.1996248,2,0,-40
1759483329.237625,0,1,-35
1759483329.2756248,-3,-6,-36
1759483329.3116248,-9,-8,-30
1759483329.3496249,-2,-1,-32
1759483329.3876247,-2,-3,-48
1759483329.4266248,2,-5,-45
1759483329.4626248,4,-1,-37
1759483329.5016248,6,0,-39
1759483329.5386248,0,-1,-45
1759483329.5766249,-12,1,-44
1759483329.615625,-4,4,-40
1759483329.651625,-10,5,-41
1759483329.6896248,0,6,-44
1759483329.7266247,-7,-3,-47
1759483329.7656248,-5,-4,-44
1759483329.8016248,-2,-1,-46
1759483329.839625,-5,6,-39
1759483329.8776248,2,0,-47
1759483329.9166248,7,3,-44
1759483329.9526248,0,3,-46
1759483329.9896247,-2,0,-38
1759483330.0276248,-6,-10,-40
1759483330.0666249,-3,-11,-39
1759483330.102625,0,-3,-45
1759483330.1406248,0,-3,-47
1759483330.1796248,6,0,-48
1759483330.217625,-1,-2,-50
1759483330.2556248,-7,-1,-23
1759483330.2916248,1,-2,-32
1759483330.329625,-4,0,-42
1759483330.3676248,-2,-1,-44
1759483330.4056249,12,0,-35
1759483330.4416249,2,0,-34
1759483330.4796247,3,0,-49
1759483330.5176249,4,-4,-42
1759483330.5556247,2,-1,-43
1759483330.5916247,-7,-1,-34
1759483330.6306248,-8,-2,-43
1759483330.6676247,-3,-6,-43
1759483330.7066247,4,-1,-47
1759483330.7426248,2,-1,-39
1759483330.7796247,4,-2,-40
1759483330.8176248,1,-7,-42
1759483330.8566248,0,-7,-38
1759483330.8926249,-5,-5,-43
1759483330.931625,0,-8,-45
1759483330.9686248,1,-6,-42
1759483331.0076249,6,0,-37
1759483331.0436249,-6,0,-30
1759483331.0806248,0,3,-33
1759483331.1186247,-1,1,-40
1759483331.1576247,-3,2,-32
1759483331.1936247,3,4,-35
1759483331.230625,1,0,-42
1759483331.2686248,0,-1,-45
1759483331.3076248,0,-2,-41
1759483331.3436248,9,-6,-35
1759483331.3816247,0,-6,-34
1759483331.4206247,-2,-5,-30
1759483331.4586248,2,-6,-33
1759483331.4966247,4,0,-35
1759483331.5326247,0,5,-26
1759483331.5716248,9,-2,-38
1759483331.6086247,8,-3,-42
1759483331.6476247,2,5,-34
1759483331.6836247,2,2,-37
1759483331.7216249,4,0,-52
1759483331.7596247,0,-2,-38
1759483331.7976248,-10,0,-35
1759483331.8336248,-9,-3,-35
1759483331.8716247,0,-1,-37
1759483331.9096248,2,-5,-47
1759483331.9486248,-1,4,-37
1759483331.9866247,6,-5,-36
1759483332.0226247,9,-7,-36
1759483332.0606248,-4,-1,-37
1759483332.0986247,-3,0,-40
1759483332.1366248,-2,-1,-32
1759483332.1726248,-5,0,-35
1759483332.2096248,0,-4,-39
1759483332.2486248,1,0,-43
1759483332.286625,-1,-6,-35
1759483332.3226247,-1,0,-38
1759483332.3606248,4,2,-38
1759483332.398625,-3,4,-34
1759483332.4376247,-4,3,-35
1759483332.4746249,-3,-1,-46
1759483332.5126247,-9,-3,-47
1759483332.5506248,-6,-2,-49
1759483332.5886247,-2,-3,-54
1759483332.6266248,5,-1,-39
1759483332.6626248,0,0,-35
1759483332.7006247,-2,-2,-32
1759483332.7386248,-1,-4,-27
1759483332.7746248,-2,0,-36
1759483332.8136249,-4,1,-30
1759483332.8506248,0,3,-37
1759483332.8896248,1,2,-39
1759483332.9276247,0,-7,-39
1759483332.9636247,5,0,-36
1759483333.000625,5,-3,-36
1759483333.0386248,2,-3,-35
1759483333.0776248,0,4,-28
1759483333.1136248,2,6,-34
1759483333.1506248,-3,1,-36
1759483333.1896248,0,2,-41
1759483333.227625,1,0,-46
1759483333.263625,-1,-1,-41
1759483333.3016248,2,4,-37
1759483333.339625,4,5,-42
1759483333.378625,-1,0,-40
1759483333.4146247,0,-4,-35
1759483333.4516249,0,3,-37
1759483333.490625,-2,-3,-36
1759483333.5286248,5,0,-37
1759483333.5646248,3,2,-32
1759483333.602625,-2,-1,-47
1759483333.6396248,-10,-2,-41
1759483333.6786249,5,-1,-35
1759483333.714625,4,5,-41
1759483333.7516248,0,-1,-32
1759483333.7896247,4,0,-54
1759483333.8286247,4,-7,-39
1759483333.8646247,2,-4,-42
1759483333.9026248,-1,-3,-37
1759483333.9396248,-2,2,-35
1759483333.9786248,0,-3,-26
1759483334.0146248,-1,0,-34
1759483334.0536249,-4,0,-34
1759483334.0916247,-3,1,-44
1759483334.1296248,-3,5,-34
1759483334.1676247,-6,11,-38
1759483334.2036247,-6,2,-39
1759483334.2416248,-3,0,-48
1759483334.2806249,-4,0,-42
1759483334.3186247,0,-1,-43
1759483334.3546247,-1,2,-37
1759483334.3926249,-1,5,-33
1759483334.431625,1,3,-43
1759483334.4696248,0,0,-39
1759483334.5056248,0,-2,-38
1759483334.5426247,-4,1,-42
1759483334.5806248,-2,-2,-39
1759483334.6196249,-2,-4,-44
1759483334.6556249,-4,0,-43
1759483334.6936247,-4,-2,-44
1759483334.7316248,-4,0,-50
1759483334.7696247,3,-4,-44
1759483334.8086247,5,-2,-29
1759483334.8446248,4,-3,-33
1759483334.8836248,3,-11,-32
1759483334.921625,-3,0,-40
1759483334.9596248,0,-5,-42
1759483334.9956248,-5,-4,-44
1759483335.0346248,-1,-5,-43
1759483335.0716248,-4,2,-40
1759483335.1096249,1,1,-40
1759483335.148625,1,0,-44
1759483335.184625,0,4,-45
1759483335.2226248,2,0,-34
1759483335.260625,4,-3,-44
1759483335.2986248,5,-1,-43
1759483335.3346248,-4,4,-50
1759483335.3726249,6,2,-46
1759483335.4106247,-5,0,-52
1759483335.4496248,-1,4,-38
1759483335.4856248,2,3,-34
1759483335.5246248,3,8,-33
1759483335.5626247,4,3,-31
1759483335.6006248,2,3,-23
1759483335.638625,0,1,-24
1759483335.6746247,-5,4,-35
1759483335.7116249,0,0,-33
1759483335.750625,0,1,-43
1759483335.7886248,0,3,-46
1759483335.8246248,-2,2,-29
1759483335.8636248,1,-2,-31
1759483335.9006248,3,6,-36
1759483335.9396248,-6,-1,-41
1759483335.9756248,-5,2,-32
1759483336.0216248,-2,-5,-29
1759483336.059625,1,0,-37
1759483336.0956247,3,-6,-40
1759483336.1346247,-2,-4,-40
1759483336.171625,-4,-2,-47
1759483336.2106247,2,0,-50
1759483336.2466247,5,-2,-51
1759483336.2846248,5,1,-36
1759483336.3226247,1,1,-41
1759483336.3616247,3,1,-27
1759483336.3996248,4,-3,-35
1759483336.4366248,4,-4,-43
1759483336.4746249,0,-6,-40
1759483336.5116248,-10,1,-37
1759483336.5506248,-9,-5,-38
1759483336.5866249,-2,-4,-48
1759483336.6246247,-5,-2,-48
1759483336.6636248,4,0,-39
1759483336.7006247,-3,4,-42
1759483336.7396247,-4,-6,-46
1759483336.7756248,-2,-4,-45
1759483336.8136249,3,-5,-42
1759483336.8516247,-2,0,-46
1759483336.8906248,9,4,-48
1759483336.9266248,1,2,-47
1759483336.964625,0,5,-42
1759483337.0016248,3,0,-37
1759483337.0406249,-2,-1,-40
1759483337.0766249,-1,2,-43
1759483337.1146247,-3,4,-36
1759483337.1536248,1,1,-38
1759483337.1916249,-3,-2,-45
1759483337.2296247,9,-6,-36
1759483337.2656248,-6,-10,-31
1759483337.3046248,3,-10,-34
1759483337.3416247,-2,-9,-47
1759483337.3806248,-1,-8,-43
1759483337.4166248,0,-9,-39
1759483337.454625,0,0,-34
1759483337.4916248,-8,-2,-50
1759483337.5306249,-9,-4,-42
1759483337.5666249,3,-7,-36
1759483337.6046247,-4,1,-45
1759483337.6416247,3,-2,-42
1759483337.6806247,6,1,-52
1759483337.7166247,0,0,-49
1759483337.7546248,-2,-1,-47
1759483337.7926247,-4,0,-39
1759483337.8306248,-5,-5,-32
1759483337.8666248,-2,-7,-40
1759483337.9046247,-3,-6,-44
1759483337.9426248,-3,2,-38
1759483337.9816248,-2,0,-45
1759483338.0176249,0,0,-56
1759483338.0556247,2,-3,-44
1759483338.092625,7,-9,-35
1759483338.1316247,3,0,-40
1759483338.1676247,0,2,-49
1759483338.2056248,-5,2,-46
1759483338.2426248,-2,2,-35
1759483338.2816248,2,-3,-44
1759483338.3176248,-3,0,-40
1759483338.3546247,-2,-1,-46
1759483338.3926249,-1,-2,-38
1759483338.431625,0,-4,-32
1759483338.467625,0,-7,-40
1759483338.5046248,2,2,-47
1759483338.5426247,2,2,-29
1759483338.5816247,0,-1,-33
1759483338.6176248,-1,0,-40
1759483338.6556249,-1,1,-43
1759483338.6936247,-3,0,-45
1759483338.7326248,7,0,-46
1759483338.7706249,0,3,-32
1759483338.806625,-5,-6,-28
1759483338.8456247,1,-3,-39
1759483338.8836248,1,2,-47
1759483338.921625,-4,0,-31
1759483338.957625,-8,-9,-28
1759483338.9966247,3,-8,-39
1759483339.033625,0,-5,-50
1759483339.0726247,0,1,-34
1759483339.1106248,-1,5,-50
1759483339.1466248,4,9,-52
1759483339.1836247,3,1,-41
1759483339.2226248,9,-2,-42
1759483339.260625,7,-6,-35
1759483339.296625,-4,-3,-35
1759483339.3356247,-7,5,-35
1759483339.3726249,-2,-1,-43
1759483339.411625,2,1,-21
1759483339.4476247,-1,-4,-31
1759483339.4856248,-3,-8,-36
1759483339.5246248,6,-4,-34
1759483339.5626247,6,-6,-32
1759483339.6006248,4,-3,-36
1759483339.6366248,-2,0,-35
1759483339.6746247,2,-3,-42
1759483339.7136247,-4,2,-34
1759483339.7516248,0,-2,-36
1759483339.7876248,2,-10,-39
1759483339.8256247,-1,-6,-43
1759483339.8636248,-3,-3,-41
1759483339.9026248,2,0,-51
1759483339.9386249,-3,-2,-48
1759483339.9766247,1,-5,-34
1759483340.0156248,0,-7,-25
1759483340.0536249,1,0,-41
1759483340.0916247,-2,-3,-33
1759483340.1276248,0,3,-28
1759483340.1656249,0,2,-42
1759483340.2036247,-3,2,-34
1759483340.2426248,0,-9,-42
1759483340.2786248,1,-6,-48
1759483340.3176248,1,-2,-47
1759483340.3566248,-3,3,-47
1759483340.3936248,3,1,-34
1759483340.4326248,0,-1,-52
1759483340.4686248,3,2,-51
1759483340.5056248,4,3,-38
1759483340.5436249,0,0,-43
1759483340.582625,5,2,-41
1759483340.6186247,5,3,-31
1759483340.6556249,5,0,-43
1759483340.6936247,0,-8,-37
1759483340.7326248,-3,0,-44
1759483340.7686248,-4,0,-47
1759483340.806625,0,7,-59
1759483340.8446248,0,2,-42
1759483340.8836248,-3,0,-36
1759483340.921625,1,-5,-38
1759483340.957625,0,0,-43
1759483340.9946249,1,-9,-47
1759483341.033625,-3,-2,-37
1759483341.0716248,0,-4,-40
1759483341.1076248,3,-6,-31
1759483341.1446247,1,-5,-42
1759483341.1836247,-7,-5,-43
1759483341.2216249,-5,1,-37
1759483341.2576249,2,5,-46
1759483341.2946248,-4,-1,-43
1759483341.3336248,-14,3,-56
1759483341.3696249,-5,5,-40
1759483341.408625,4,-1,-33
1759483341.4456248,-2,0,-40
1759483341.4846249,0,0,-44
1759483341.5226247,4,0,-39
1759483341.5586247,0,-1,-39
1759483341.5966249,-2,-2,-42
1759483341.6346247,-1,-7,-49
1759483341.6726248,4,4,-38
1759483341.7086248,4,2,-41
1759483341.7466247,0,1,-44
1759483341.7846248,3,-8,-52
1759483341.8226247,0,-2,-40
1759483341.8586247,-5,-4,-31
1759483341.8976247,-4,-4,-39
1759483341.934625,-3,-11,-38
1759483341.9736247,-1,0,-44
1759483342.0096247,5,7,-42
1759483342.0476248,5,-1,-41
1759483342.0846248,4,4,-41
1759483342.1236248,4,3,-44
1759483342.1596248,0,2,-42
1759483342.1976247,2,-3,-43
1759483342.2346249,-7,-6,-43
1759483342.273625,0,5,-35
1759483342.309625,-6,0,-32
1759483342.3476248,-4,-5,-37
1759483342.3846247,7,1,-32
1759483342.4236248,0,-3,-34
1759483342.4596248,0,-5,-39
1759483342.4976249,-2,-8,-35
1759483342.5346248,2,-8,-42
1759483342.5736248,0,-1,-36
1759483342.6096249,-2,-4,-47
1759483342.648625,-3,-5,-39
1759483342.6856248,-6,-6,-35
1759483342.7246249,3,-5,-41
1759483342.7626247,4,-3,-47
1759483342.7986248,1,0,-41
1759483342.8356247,-2,-5,-42
1759483342.8746247,0,-2,-33
1759483342.9126248,0,0,-28
1759483342.9486248,-8,1,-37
1759483342.9866247,0,3,-37
1759483343.0246248,-2,-9,-44
1759483343.0636249,0,-4,-47
1759483343.0996249,4,-3,-36
1759483343.1376247,1,-9,-48
1759483343.1766248,1,-2,-34
1759483343.214625,0,0,-35
1759483343.250625,4,-5,-42
1759483343.2876248,0,-2,-47
1759483343.3266249,-4,-4,-45
1759483343.3646247,2,1,-36
1759483343.4006248,0,-4,-34
1759483343.4396248,8,1,-44
1759483343.4766247,0,-3,-30
1759483343.5156248,-3,-1,-39
1759483343.5536249,-2,1,-41
1759483343.589625,-3,-6,-42
1759483343.628625,-8,5,-33
1759483343.6656249,-8,-2,-36
1759483343.704625,-2,0,-37
1759483343.740625,5,0,-47
1759483343.7776248,0,-9,-41
1759483343.8166249,2,-5,-30
1759483343.8546247,1,-2,-28
1759483343.8906248,0,2,-40
1759483343.9276247,0,0,-42
1759483343.9666247,6,-2,-43
1759483344.0046248,-3,0,-46
1759483344.0406249,-5,2,-41
1759483344.0786247,-2,0,-46
1759483344.1166248,-4,-3,-38
1759483344.1556249,-7,1,-34
1759483344.1936247,-8,1,-38
1759483344.2296247,6,-1,-35
1759483344.2676249,5,1,-32
1759483344.306625,-4,5,-29
1759483344.3446248,-4,4,-35
1759483344.3806248,-1,-1,-43
1759483344.4196248,4,7,-46
1759483344.457625,3,0,-50
1759483344.4956248,0,2,-41
1759483344.533625,3,-1,-45
1759483344.569625,-2,5,-46
1759483344.6076248,4,-1,-39
1759483344.6456249,2,0,-45
1759483344.684625,4,2,-40
1759483344.7206247,1,2,-38
1759483344.7586248,0,-6,-40
1759483344.7956247,0,-4,-33
1759483344.8346248,0,-4,-34
1759483344.8706248,1,-2,-50
1759483344.9076247,-9,-7,-45
1759483344.9456248,1,4,-42
1759483344.9846249,-2,3,-33
1759483345.0206249,-5,-4,-41
1759483345.059625,2,3,-43
1759483345.0966249,-2,4,-40
1759483345.135625,0,5,-42
1759483345.171625,5,-1,-49
1759483345.2106247,2,-1,-38
1759483345.2486248,5,3,-30
1759483345.286625,-2,0,-48
1759483345.3246248,-3,-1,-39
1759483345.3606248,3,-4,-40
1759483345.398625,5,-7,-44
1759483345.4366248,7,-2,-33
1759483345.4746249,1,-13,-38
1759483345.510625,7,-7,-40
1759483345.5496247,0,-5,-55
1759483345.5866249,1,-5,-43
1759483345.625625,0,-4,-31
1759483345.661625,-4,-2,-36
1759483345.7006247,3,-2,-40
1759483345.737625,2,5,-41
1759483345.776625,2,3,-43
1759483345.8146248,-3,-8,-38
1759483345.8506248,0,-8,-35
1759483345.8896248,4,-10,-37
1759483345.9276247,5,-9,-39
1759483345.9656248,6,-9,-42
1759483346.0026248,5,-7,-39
1759483346.0476248,0,-4,-56
1759483346.0856247,3,2,-56
1759483346.1216247,2,-5,-49
1759483346.1606247,3,1,-39
1759483346.1986248,-4,-3,-36
1759483346.2366247,0,-2,-44
1759483346.2746248,3,0,-34
1759483346.3106248,-2,4,-32
1759483346.3486247,3,7,-30
1759483346.3876247,-5,2,-41
1759483346.4256248,0,3,-36
1759483346.4616249,-4,-2,-42
1759483346.500625,-2,0,-46
1759483346.5376248,1,-3,-40
1759483346.5766249,-2,-3,-31
1759483346.612625,-8,-5,-31
1759483346.6506248,-3,-7,-37
1759483346.6896248,-4,-5,-36
1759483346.727625,-5,-2,-30
1759483346.7656248,2,1,-25
1759483346.8016248,13,1,-30
1759483346.8386247,8,1,-32
1759483346.8766248,1,-5,-37
1759483346.9156249,5,-2,-37
1759483346.9516249,2,-3,-35
1759483346.9886248,0,3,-44
1759483347.026625,-2,-3,-33
1759483347.0656247,-4,-1,-39
1759483347.1016247,0,-4,-46
1759483347.1406248,2,1,-37
1759483347.1786249,3,2,-38
1759483347.2166247,6,6,-50
1759483347.2526248,5,2,-46
1759483347.2906249,2,1,-48
1759483347.3286247,-4,-1,-37
1759483347.3666248,-2,9,-40
1759483347.4026248,-6,5,-42
1759483347.4416249,6,-4,-34
1759483347.4786248,0,-4,-41
1759483347.5176249,5,-1,-25
1759483347.5556247,0,1,-33
1759483347.5916247,6,0,-29
1759483347.6296248,9,-3,-40
1759483347.6676247,1,-2,-52
1759483347.7056248,7,-4,-42
1759483347.7416248,1,-2,-41
1759483347.7796247,0,-4,-56
1759483347.8176248,3,-7,-43
1759483347.8566248,0,-3,-44
1759483347.8926249,12,-1,-42
1759483347.9306247,3,-5,-42
1759483347.9686248,3,-6,-41
1759483348.0076249,-1,-7,-37
1759483348.0456247,1,-6,-38
1759483348.0816247,-3,-3,-31
1759483348.1196249,8,-9,-40
1759483348.158625,4,-4,-37
1759483348.1966248,-5,-6,-37
1759483348.2326248,2,-4,-51
1759483348.2706249,-1,2,-42
1759483348.3086247,0,3,-34
1759483348.3466249,-1,0,-43
1759483348.3826249,0,5,-34
1759483348.4196248,1,-1,-28
1759483348.4586248,0,-2,-42
1759483348.4966247,-3,3,-46
1759483348.5326247,-4,-2,-42
1759483348.5716248,3,-8,-51
1759483348.6096249,-2,-8,-43
1759483348.6476247,5,1,-46
1759483348.6836247,2,-1,-43
1759483348.7216249,6,-1,-33
1759483348.7596247,1,1,-42
1759483348.7976248,-1,8,-35
1759483348.8366249,-4,5,-39
1759483348.8726249,-1,1,-33
1759483348.9106247,2,2,-40
1759483348.9486248,-2,3,-41
1759483348.987625,-9,3,-30
1759483349.023625,-9,4,-34
1759483349.0626247,-3,2,-39
1759483349.1006248,6,0,-37
1759483349.138625,-1,-5,-51
1759483349.1766248,0,-3,-40
1759483349.2126248,0,-3,-41
1759483349.250625,5,-3,-37
1759483349.2886248,-3,0,-52
1759483349.3266249,-2,-4,-34
1759483349.362625,1,-7,-37
1759483349.401625,1,-6,-39
1759483349.4386249,8,-1,-35
1759483349.477625,-1,1,-43
1759483349.513625,-3,-3,-40
1759483349.5516248,7,0,-49
1759483349.589625,-3,3,-42
1759483349.628625,4,-9,-52
1759483349.6666248,5,-3,-40
1759483349.7026248,9,0,-32
1759483349.7396247,6,2,-36
1759483349.7786248,7,3,-37
1759483349.8166249,8,2,-41
1759483349.852625,3,-1,-40
1759483349.8906248,-7,-9,-48
1759483349.9286249,1,-4,-39
1759483349.967625,-6,-4,-52
1759483350.003625,-4,-8,-52
1759483350.0416248,-5,-8,-30
1759483350.0806248,-6,-4,-46
1759483350.1186247,1,0,-35
1759483350.1546247,2,-2,-36
1759483350.1936247,-2,-5,-42
1759483350.230625,1,0,-52
1759483350.2686248,-2,4,-50
1759483350.3076248,-4,-5,-47
1759483350.3436248,0,0,-34
1759483350.3806248,-1,2,-40
1759483350.4186249,0,-1,-34
1759483350.457625,-3,4,-38
1759483350.4936247,1,-2,-32
1759483350.5316248,7,0,-41
1759483350.569625,-2,-1,-35
1759483350.6086247,0,0,-42
1759483350.6446247,1,6,-43
1759483350.681625,4,2,-50
1759483350.7196248,0,-3,-42
1759483350.7586248,0,-6,-40
1759483350.7946248,-4,-5,-43
1759483350.832625,-6,-7,-40
1759483350.8706248,8,-5,-33
1759483350.9096248,3,0,-35
1759483350.9476247,-2,-1,-32
1759483350.9846249,-5,1,-29
1759483351.0226247,2,3,-45
1759483351.0606248,-3,3,-38
1759483351.0986247,0,5,-36
1759483351.1346247,-1,2,-49
1759483351.171625,-3,1,-51
1759483351.2106247,-8,-4,-52
1759483351.2486248,0,-3,-42
1759483351.2846248,-7,5,-41
1759483351.3216248,-7,1,-31
1759483351.3606248,0,-1,-40
1759483351.398625,-3,0,-49
1759483351.434625,-8,1,-47
1759483351.4716249,-5,3,-46
1759483351.510625,0,-6,-43
1759483351.5486248,0,-6,-39
1759483351.5846248,0,-3,-29
1759483351.6226249,1,-7,-30
1759483351.6606247,0,-4,-30
1759483351.6986248,2,-5,-43
1759483351.7346249,-4,-4,-38
1759483351.773625,1,4,-41
1759483351.8106248,-5,0,-31
1759483351.8496249,-1,-4,-48
1759483351.8876247,-2,-2,-48
1759483351.9246247,-3,1,-39
1759483351.9626248,0,1,-25
1759483352.0016248,5,5,-33
1759483352.0396247,3,-3,-44
1759483352.0756247,-3,-6,-44
1759483352.1146247,0,-10,-35
1759483352.151625,0,-7,-36
1759483352.1906247,1,2,-26
1759483352.2286248,-7,0,-35
1759483352.2646248,0,0,-38
1759483352.3016248,3,-3,-43
1759483352.3406248,3,-1,-50
1759483352.378625,-3,0,-40
1759483352.4146247,-2,1,-52
1759483352.4536247,-4,-2,-39
1759483352.490625,0,-3,-56
1759483352.5296247,2,-1,-31
1759483352.5656247,0,-6,-36
1759483352.6036248,4,-2,-31
1759483352.6416247,0,-1,-49
1759483352.6796248,4,0,-37
1759483352.7156248,-5,-6,-41
1759483352.753625,0,3,-35
1759483352.7916248,6,2,-38
1759483352.8306248,0,-1,-33
1759483352.8686247,3,2,-50
1759483352.9046247,0,-2,-50
1759483352.9416249,-4,-3,-43
1759483352.980625,-6,-1,-43
1759483353.0186248,-1,-2,-50
1759483353.0546248,2,0,-52
1759483353.0916247,2,-1,-55
1759483353.1306248,1,0,-50
1759483353.1686249,0,-5,-43
1759483353.204625,8,-8,-39
1759483353.2416248,1,-4,-50
1759483353.2806249,3,-7,-45
1759483353.3186247,-3,-5,-39
1759483353.3546247,6,1,-42
1759483353.3926249,2,-4,-39
1759483353.431625,1,-4,-34
1759483353.4696248,-1,-2,-33
1759483353.5066247,2,-1,-36
1759483353.5436249,-5,1,-49
1759483353.582625,0,-2,-45
1759483353.6206248,1,-7,-41
1759483353.6566248,1,-5,-40
1759483353.6936247,1,-1,-31
1759483353.7326248,-2,2,-33
1759483353.7716248,1,-1,-32
1759483353.809625,0,0,-32
1759483353.8456247,-2,-1,-32
1759483353.8836248,-3,-6,-38
1759483353.921625,-1,-1,-40
1759483353.9606247,-3,0,-48
1759483353.9966247,4,-5,-54
1759483354.0346248,4,4,-37
1759483354.0736248,4,5,-37
1759483354.1106248,-2,4,-44
1759483354.1496248,-4,1,-43
1759483354.1856248,3,-3,-41
1759483354.2246249,0,-3,-24
1759483354.2626247,0,-2,-25
1759483354.3006248,4,2,-42
1759483354.3366249,0,2,-42
1759483354.3736248,4,1,-44
1759483354.4126248,6,-4,-38
1759483354.4506247,3,1,-42
1759483354.4866247,1,10,-39
1759483354.523625,2,1,-52
1759483354.5626247,4,-1,-33
1759483354.6006248,2,0,-33
1759483354.6366248,6,-5,-42
1759483354.6736248,0,-2,-36
1759483354.7126248,-6,-3,-48
1759483354.750625,-7,-5,-46
1759483354.786625,-5,1,-53
1759483354.8256247,-5,-2,-49
1759483354.862625,-2,-2,-37
1759483354.901625,-6,0,-39
1759483354.9396248,4,0,-47
1759483354.9756248,1,5,-36
1759483355.0126247,0,-4,-37
1759483355.0516248,-1,-4,-41
1759483355.089625,5,-7,-40
1759483355.125625,3,-4,-42
1759483355.1636248,-4,-1,-30
1759483355.2026248,-2,-6,-39
1759483355.240625,3,0,-48
1759483355.276625,-7,0,-38
1759483355.3136249,-1,1,-42
1759483355.3516247,-1,5,-42
1759483355.3906248,5,1,-34
1759483355.4266248,8,3,-43
1759483355.4636247,-5,-1,-40
1759483355.5016248,-2,3,-40
1759483355.5406249,-3,6,-46
1759483355.5766249,1,0,-40
1759483355.6146247,2,0,-42
1759483355.651625,-1,0,-44
1759483355.6906247,0,-4,-43
1759483355.7266247,7,1,-36
1759483355.763625,3,1,-37
1759483355.8016248,3,0,-38
1759483355.8406248,6,5,-38
1759483355.8766248,4,0,-35
1759483355.9136248,4,-2,-30
1759483355.9516249,5,-1,-30
1759483355.990625,0,2,-35
1759483356.026625,-1,4,-36
1759483356.0726247,-5,1,-25
1759483356.1106248,-1,-1,-41
1759483356.1466248,1,0,-31
1759483356.1836247,-2,0,-42
1759483356.2226248,4,0,-50
1759483356.260625,0,-6,-46
1759483356.296625,3,-4,-40
1759483356.3346248,1,0,-37
1759483356.3726249,3,7,-40
1759483356.411625,2,0,-39
1759483356.4476247,-1,0,-32
1759483356.4856248,-3,-3,-40
1759483356.523625,2,-1,-40
1759483356.5626247,1,2,-44
1759483356.6006248,-2,-4,-37
1759483356.6366248,-4,-2,-47
1759483356.6756248,-2,2,-45
1759483356.7126248,-7,-1,-39
1759483356.7516248,6,-3,-33
1759483356.7876248,0,-3,-36
1759483356.8266249,-5,-4,-41
1759483356.8646247,1,0,-31
1759483356.9026248,2,2,-42
1759483356.9406247,3,3,-34
1759483356.9766247,1,0,-38
1759483357.0146248,-1,2,-50
1759483357.0526247,3,-2,-50
1759483357.0886247,3,3,-47
1759483357.1266248,0,4,-51
1759483357.1636248,-3,0,-39
1759483357.2026248,-3,0,-38
1759483357.2386248,-2,0,-29
1759483357.2776248,-3,0,-38
1759483357.3146248,7,1,-31
1759483357.352625,6,-6,-38
1759483357.3916247,1,5,-41
1759483357.4276247,0,3,-39
1759483357.464625,0,4,-38
1759483357.5026248,4,0,-47
1759483357.5416248,2,1,-39
1759483357.5776248,3,0,-40
1759483357.6146247,-2,-1,-45
1759483357.6526248,2,-6,-51
1759483357.6916249,2,0,-40
1759483357.727625,-9,-1,-46
1759483357.7666247,-3,0,-44
1759483357.8036249,0,-3,-50
1759483357.842625,1,-6,-48
1759483357.878625,3,-6,-34
1759483357.9166248,0,2,-31
1759483357.9556248,-4,-2,-30
1759483357.9936247,-1,0,-26
1759483358.0316248,0,4,-33
1759483358.0676248,3,5,-40
1759483358.105625,-3,3,-37
1759483358.1436248,-6,3,-36
1759483358.181625,-1,0,-32
1759483358.217625,-4,0,-34
1759483358.2546248,0,2,-39
1759483358.2936249,-3,-2,-35
1759483358.3316247,0,-1,-41
1759483358.3676248,5,2,-32
1759483358.4046247,2,3,-38
1759483358.4436247,-9,6,-34
1759483358.4816248,-7,6,-42
1759483358.5176249,-1,0,-43
1759483358.5546248,-8,2,-35
1759483358.5936248,-3,-1,-29
1759483358.6316247,-5,0,-32
1759483358.6676247,-9,-5,-31
1759483358.7056248,-1,-6,-38
1759483358.7446249,0,1,-36
1759483358.7826247,-6,3,-38
1759483358.8186247,0,4,-31
1759483358.855625,-1,2,-31
1759483358.8946247,-1,-1,-28
1759483358.9326248,-2,0,-21
1759483358.9686248,-1,3,-30
1759483359.0076249,3,-1,-50
1759483359.0446248,7,2,-39
1759483359.0836248,-1,6,-42
1759483359.1196249,0,-3,-44
1759483359.1576247,0,-5,-48
1759483359.1956248,-1,-6,-41
1759483359.2336247,-3,-1,-45
1759483359.2696247,-1,2,-42
1759483359.3076248,-3,3,-46
1759483359.3456247,-2,2,-43
1759483359.3836248,-9,-2,-38
1759483359.4226248,0,-6,-38
1759483359.4586248,2,1,-43
1759483359.4956248,1,-3,-55
1759483359.5346248,-6,-3,-44
1759483359.5726247,-1,-4,-57
1759483359.6086247,-2,-1,-51
1759483359.6466248,-6,-2,-44
1759483359.684625,-3,7,-42
1759483359.7236247,3,5,-41
1759483359.7596247,-2,6,-42
1759483359.796625,-3,3,-47
1759483359.8346248,2,2,-39
1759483359.8736248,3,-3,-33
1759483359.9096248,6,-3,-41
1759483359.9486248,0,-1,-45
1759483359.9866247,-8,-1,-36
1759483360.0246248,-4,5,-40
1759483360.0626247,5,5,-41
1759483360.0986247,5,3,-39
1759483360.1366248,-2,-2,-35
1759483360.1746247,-3,-1,-39
1759483360.2126248,-3,3,-35
1759483360.2486248,0,0,-46
1759483360.286625,3,2,-44
1759483360.3246248,2,0,-42
1759483360.362625,5,-2,-44
1759483360.398625,1,-3,-30
1759483360.4366248,1,10,-34
1759483360.4756248,1,5,-47
1759483360.513625,-4,4,-42
1759483360.5496247,-4,0,-39
1759483360.5876248,0,-9,-30
1759483360.6266248,-2,0,-37
1759483360.6646247,3,0,-40
1759483360.7006247,10,1,-36
1759483360.7386248,5,-2,-41
1759483360.7756248,3,-7,-44
1759483360.8146248,-2,3,-42
1759483360.8506248,0,9,-50
1759483360.8876247,-4,0,-50
1759483360.9256248,-3,1,-50
1759483360.964625,0,7,-31
1759483361.000625,0,3,-33
1759483361.0376248,5,4,-39
1759483361.0756247,5,-4,-31
1759483361.1146247,1,0,-36
1759483361.1506248,0,0,-50
1759483361.1876247,5,3,-45
1759483361.2256248,2,-1,-48
1759483361.2646248,1,-2,-37
1759483361.3006248,2,0,-35
1759483361.3376248,-3,-3,-33
1759483361.3766248,-5,0,-34
1759483361.4146247,1,1,-37
1759483361.4506247,0,-3,-29
1759483361.4886248,-2,-6,-36
1759483361.526625,-3,0,-34
1759483361.5656247,-2,2,-36
1759483361.6036248,-4,2,-46
1759483361.6396248,-1,3,-38
1759483361.6776247,1,2,-39
1759483361.7156248,1,12,-44
1759483361.753625,0,0,-41
1759483361.7896247,0,0,-34
1759483361.8266249,3,-9,-38
1759483361.865625,-4,-3,-41
1759483361.9036248,0,-5,-37
1759483361.9396248,2,-9,-39
1759483361.9786248,0,-1,-48
1759483362.0166247,0,-3,-38
1759483362.0546248,4,2,-38
1759483362.0906248,4,-5,-38
1759483362.128625,1,-1,-28
1759483362.1686249,-7,0,-32
1759483362.2056248,0,-1,-41
1759483362.2446249,3,-9,-45
1759483362.2806249,-1,-5,-41
1759483362.3186247,0,0,-34
1759483362.3566248,-6,1,-36
1759483362.3956249,4,-5,-42
1759483362.431625,10,-6,-39
1759483362.4706247,-3,-7,-39
1759483362.5076249,3,0,-36
1759483362.5456247,2,1,-39
1759483362.5846248,0,0,-37
1759483362.6206248,-1,0,-37
1759483362.6576247,0,-2,-37
1759483362.6966248,-1,-5,-46
1759483362.7346249,-1,-2,-44
1759483362.7706249,2,-2,-45
1759483362.8076248,4,-2,-41
1759483362.8456247,1,-6,-36
1759483362.8846247,4,-5,-39
1759483362.9206247,2,-2,-33
1759483362.9596248,0,-1,-36
1759483362.9976249,3,0,-50
1759483363.0356247,0,-1,-41
1759483363.0716248,4,-5,-43
1759483363.1096249,2,-2,-51
1759483363.1476247,0,-4,-58
1759483363.1856248,-9,1,-52
1759483363.2216249,-4,1,-46
1759483363.2596247,-2,-1,-34
1759483363.2976248,-4,-3,-30
1759483363.3356247,0,-3,-39
1759483363.3716247,3,-4,-35
1759483363.4096248,-5,0,-30
1759483363.4466248,0,0,-32
1759483363.4856248,-10,-2,-42
1759483363.5216248,1,-2,-46
1759483363.559625,3,-4,-38
1759483363.5986247,2,0,-40
1759483363.6366248,-2,-3,-35
1759483363.6746247,-4,2,-37
1759483363.7116249,-3,0,-38
1759483363.7486248,-4,1,-41
1759483363.7876248,2,-4,-28
1759483363.8256247,0,-4,-43
1759483363.8616247,-1,0,-40
1759483363.898625,-9,2,-38
1759483363.9366248,1,2,-45
1759483363.9756248,8,-2,-49
1759483364.0116248,5,-2,-41
1759483364.0496247,0,0,-40
1759483364.0876248,0,-6,-42
1759483364.1266248,0,-2,-29
1759483364.1626248,0,-6,-42
1759483364.2016249,4,-1,-43
1759483364.2386248,0,1,-40
1759483364.2776248,-7,-3,-40
1759483364.3156247,-1,-7,-27
1759483364.3516247,0,-3,-45
1759483364.3906248,4,-3,-37
1759483364.4286249,0,-4,-30
1759483364.4666247,4,-5,-41
1759483364.503625,2,-5,-33
1759483364.5406249,-3,-3,-29
1759483364.5786247,-2,-2,-36
1759483364.6166248,-4,1,-35
1759483364.6556249,0,1,-32
1759483364.6916249,-1,1,-34
1759483364.730625,2,2,-43
1759483364.7676249,0,-3,-42
1759483364.806625,3,0,-44
1759483364.842625,0,-3,-53
1759483364.8806248,-1,9,-46
1759483364.9186249,4,-1,-42
1759483364.957625,0,2,-49
1759483364.9956248,3,1,-55
1759483365.0316248,-3,-1,-41
1759483365.0706248,-2,-6,-35
1759483365.1076248,-3,2,-44
1759483365.1466248,-1,5,-37
1759483365.1826248,3,2,-37
1759483365.2206247,-7,-4,-35
1759483365.2586248,4,-8,-37
1759483365.296625,0,-4,-45
1759483365.332625,0,-2,-47
1759483365.3706248,0,-5,-43
1759483365.408625,3,-5,-53
1759483365.4466248,8,4,-42
1759483365.4826248,2,0,-50
1759483365.5206249,-6,3,-51
1759483365.5576248,2,0,-32
1759483365.5966249,-2,-6,-29
1759483365.6326249,-3,-7,-32
1759483365.6706247,3,-7,-33
1759483365.7086248,2,-5,-46
1759483365.7476249,7,-5,-39
1759483365.783625,2,0,-36
1759483365.8206248,-4,0,-38
1759483365.8596249,-1,4,-42
1759483365.8976247,1,0,-49
1759483365.9336247,0,0,-41
1759483365.9716249,6,0,-41
1759483366.0086248,4,-7,-49
1759483366.0476248,3,-7,-44
1759483366.092625,1,1,-36
1759483366.1296248,1,-7,-32
1759483366.1676247,5,-4,-40
1759483366.2066247,6,0,-37
1759483366.2426248,2,-3,-34
1759483366.2806249,0,5,-45
1759483366.3176248,8,3,-43
1759483366.3566248,4,0,-39
1759483366.3926249,0,0,-39
1759483366.4306247,-5,2,-47
1759483366.4696248,7,-1,-35
1759483366.5076249,4,0,-52
1759483366.5436249,9,1,-52
1759483366.5806248,4,0,-45
1759483366.6186247,0,-4,-41
1759483366.6576247,2,-5,-46
1759483366.6936247,-1,-5,-58
1759483366.7316248,1,1,-44
1759483366.7706249,7,5,-45
1759483366.8086247,5,1,-42
1759483366.8466249,-5,4,-59
1759483366.8836248,-2,-5,-48
1759483366.921625,0,-8,-41
1759483366.9586248,0,-2,-48
1759483366.9976249,0,-7,-44
1759483367.033625,-8,-10,-44
1759483367.0726247,-4,-5,-45
1759483367.1096249,-6,5,-45
1759483367.148625,0,-2,-43
1759483367.1866248,3,-1,-40
1759483367.2226248,2,3,-47
1759483367.2596247,1,-2,-51
1759483367.2986248,-2,-5,-34
1759483367.3366249,-1,-5,-40
1759483367.3726249,0,-2,-39
1759483367.4096248,3,0,-40
1759483367.4486248,-3,2,-35
1759483367.4846249,-5,4,-34
1759483367.5226247,-7,0,-38
1759483367.559625,-7,1,-41
1759483367.5986247,-4,0,-37
1759483367.6346247,3,1,-32
1759483367.6726248,-5,1,-37
1759483367.7096248,-1,0,-47
1759483367.7486248,1,3,-34
1759483367.7846248,-5,4,-42
1759483367.8226247,-8,0,-47
1759483367.8596249,-2,-7,-40
1759483367.898625,-2,2,-28
1759483367.934625,-1,-1,-31
1759483367.9736247,-3,4,-34
1759483368.010625,5,0,-38
1759483368.0486248,6,-8,-50
1759483368.0876248,5,-3,-42
1759483368.1236248,3,-7,-38
1759483368.161625,-1,0,-40
1759483368.2006247,-3,-1,-40
1759483368.2386248,1,-4,-43
1759483368.2746248,0,-5,-33
1759483368.3126247,-6,-7,-43
1759483368.3516247,2,-6,-45
1759483368.3896248,-5,-9,-27
1759483368.4276247,-6,2,-43
1759483368.4636247,-4,3,-51
1759483368.5026248,1,0,-43
1759483368.5406249,3,0,-40
1759483368.5786247,6,3,-35
1759483368.615625,0,-2,-34
1759483368.6526248,1,-4,-46
1759483368.6906247,2,-1,-42
1759483368.7296247,-4,0,-30
1759483368.7676249,0,1,-32
1759483368.8036249,0,3,-45
1759483368.8416247,-5,0,-35
1759483368.8796248,-2,4,-45
1759483368.9176247,4,-1,-40
1759483368.9536247,8,-2,-43
1759483368.990625,0,-3,-36
1759483369.0296247,-1,3,-45
1759483369.0676248,1,5,-50
1759483369.1036248,2,7,-34
1759483369.1406248,2,7,-42
1759483369.1796248,-4,2,-24
1759483369.217625,-7,1,-38
1759483369.253625,0,-1,-41
1759483369.2906249,5,-4,-35
1759483369.329625,4,-1,-45
1759483369.3666248,5,0,-44
1759483369.4036248,5,-3,-51
1759483369.4416249,3,-1,-45
1759483369.4796247,0,2,-43
1759483369.5186248,2,-6,-34
1759483369.5546248,-4,-3,-22
1759483369.592625,-6,2,-44
1759483369.6306248,0,-5,-33
1759483369.6696248,-2,1,-31
1759483369.7056248,-2,1,-32
1759483369.7446249,-6,-4,-42
1759483369.7816248,-4,0,-35
1759483369.8206248,1,5,-35
1759483369.8586247,-1,7,-44
1759483369.8946247,-5,-2,-54
1759483369.9336247,-3,1,-42
1759483369.9706247,-8,-1,-46
1759483370.0096247,0,-7,-34
1759483370.0456247,-3,0,-28
1759483370.0836248,0,3,-33
1759483370.1216247,-3,4,-40
1759483370.1606247,-4,3,-34
1759483370.1986248,0,0,-41
1759483370.2346249,-4,2,-46
1759483370.2716248,1,-5,-33
1759483370.3106248,-8,2,-43
1759483370.3486247,-14,-3,-44
1759483370.3846247,-6,0,-43
1759483370.4236248,1,7,-46
1759483370.4616249,1,-3,-48
1759483370.4996247,0,0,-36
1759483370.5356247,10,0,-36
1759483370.5726247,6,-2,-33
1759483370.6106248,3,-1,-32
1759483370.6496248,0,-4,-45
1759483370.6856248,-2,1,-44
1759483370.7226248,1,-2,-32
1759483370.7616248,7,0,-46
1759483370.7996247,2,0,-44
1759483370.8356247,0,4,-32
1759483370.8736248,0,-1,-38
1759483370.9106247,6,0,-40
1759483370.9496248,-1,3,-38
1759483370.9856248,3,0,-53
1759483371.0226247,5,7,-43
1759483371.0606248,6,0,-38
1759483371.0996249,-3,-1,-44
1759483371.135625,0,7,-46
1759483371.1736248,5,-1,-42
1759483371.2106247,-2,1,-41
1759483371.2496247,-2,-4,-40
1759483371.2856247,2,0,-38
1759483371.3236248,0,0,-36
1759483371.362625,-6,-5,-39
1759483371.4006248,-4,1,-54
1759483371.4376247,-1,-5,-40
1759483371.4746249,-1,-1,-38
1759483371.513625,6,2,-48
1759483371.5516248,3,-3,-39
1759483371.589625,1,1,-52
1759483371.625625,-2,0,-50
1759483371.6636248,1,3,-49
1759483371.7016249,-1,0,-47
1759483371.740625,-1,5,-51
1759483371.776625,6,2,-48
1759483371.8136249,-1,-7,-46
1759483371.852625,0,-4,-48
1759483371.8906248,-3,-6,-53
1759483371.9266248,-2,-4,-49
1759483371.964625,4,-2,-41
1759483372.003625,3,2,-44
1759483372.0416248,7,-2,-41
1759483372.079625,5,-3,-39
1759483372.115625,-3,-7,-45
1759483372.1536248,-8,0,-38
1759483372.1926248,-11,1,-39
1759483372.230625,2,-4,-37
1759483372.2666247,1,-2,-42
1759483372.306625,6,0,-39
1759483372.3436248,1,1,-31
1759483372.3816247,0,0,-31
1759483372.4206247,0,5,-30
1759483372.4566247,-2,0,-38
1759483372.4936247,4,4,-25
1759483372.5316248,6,1,-41
1759483372.5706248,-4,0,-46
1759483372.6066248,-3,-5,-50
1759483372.6446247,-2,-5,-42
1759483372.6826248,3,-2,-47
1759483372.7216249,-4,-4,-56
1759483372.7576249,-6,-2,-47
1759483372.7956247,-6,-2,-42
1759483372.8336248,-1,-3,-37
1759483372.8716247,-8,1,-41
1759483372.9106247,-10,-4,-30
1759483372.9466248,-10,-2,-44
1759483372.9856248,-5,1,-38
1759483373.023625,-3,0,-37
1759483373.0616248,-2,0,-38
1759483373.0976248,0,0,-32
1759483373.135625,0,8,-39
1759483373.1736248,-4,-1,-30
1759483373.2116249,0,-1,-31
1759483373.2476249,3,1,-34
1759483373.2856247,-2,-1,-42
1759483373.3236248,-3,-3,-38
1759483373.3606248,0,1,-49
1759483373.3966248,0,1,-53
1759483373.434625,-2,1,-41
1759483373.4726248,3,4,-47
1759483373.510625,0,1,-49
1759483373.546625,1,-4,-46
1759483373.5856247,0,-1,-39
1759483373.6226249,-3,2,-41
1759483373.661625,5,4,-38
1759483373.6976247,2,-2,-46
1759483373.7356248,9,4,-43
1759483373.7746248,6,1,-52
1759483373.8126247,1,-2,-52
1759483373.8506248,0,-4,-42
1759483373.8876247,0,1,-33
1759483373.9246247,6,1,-40
1759483373.9626248,1,1,-39
1759483374.0016248,-3,0,-33
1759483374.0376248,0,8,-42
1759483374.0746248,-2,-2,-34
1759483374.112625,0,-8,-20
1759483374.151625,3,-5,-30
1759483374.1876247,0,-6,-34
1759483374.2256248,7,-2,-43
1759483374.263625,-1,0,-44
1759483374.3026247,-2,-4,-31
1759483374.3406248,-6,-3,-38
1759483374.3766248,6,-5,-34
1759483374.4156249,-1,-4,-42
1759483374.4536247,-3,-2,-44
1759483374.4916248,2,6,-53
1759483374.5276248,0,6,-48
1759483374.5646248,3,2,-54
1759483374.602625,-4,6,-47
1759483374.6416247,2,11,-39
1759483374.6776247,-2,0,-38
1759483374.7166247,0,-4,-41
1759483374.7546248,0,0,-41
1759483374.7926247,3,0,-35
1759483374.8286247,4,-9,-39
1759483374.8666248,-3,-10,-43
1759483374.9046247,0,2,-46
1759483374.9426248,-3,0,-47
1759483374.9796247,6,-7,-40
1759483375.0166247,4,-1,-43
1759483375.0556247,-3,0,-33
1759483375.092625,4,0,-29
1759483375.1316247,-1,-4,-29
1759483375.1676247,0,0,-41
1759483375.2056248,5,1,-38
1759483375.2446249,3,-3,-49
1759483375.2826247,0,-4,-43
1759483375.3186247,-5,0,-37
1759483375.355625,0,0,-40
1759483375.3936248,0,1,-51
1759483375.4326248,-1,0,-37
1759483375.4686248,5,2,-39
1759483375.5056248,7,-3,-41
1759483375.5436249,-2,4,-32
1759483375.582625,0,-2,-43
1759483375.6186247,-4,0,-38
1759483375.6556249,0,3,-34
1759483375.6936247,3,4,-38
1759483375.7326248,-2,3,-44
1759483375.7686248,5,0,-46
1759483375.8056247,7,-1,-32
1759483375.8436248,0,-4,-39
1759483375.8826249,-1,-6,-49
1759483375.9186249,1,0,-47
1759483375.9556248,2,0,-44
1759483375.9946249,8,4,-54
1759483376.0326247,-2,0,-46
1759483376.0686247,-1,0,-36
1759483376.1146247,0,-7,-40
1759483376.1526248,0,3,-41
1759483376.1886249,-5,0,-44
1759483376.227625,-1,0,-56
1759483376.2656248,-1,0,-36
1759483376.3036249,-2,0,-34
1759483376.339625,-2,0,-40
1759483376.3766248,-4,4,-40
1759483376.4146247,-1,0,-37
1759483376.4536247,0,-7,-43
1759483376.4896247,-4,-1,-38
1759483376.5286248,1,-6,-38
1759483376.5666249,0,-2,-37
1759483376.6036248,-8,-13,-34
1759483376.6426249,-5,-5,-28
1759483376.6786249,0,-3,-35
1759483376.717625,-5,2,-24
1759483376.7556248,-5,0,-36
1759483376.7936249,-2,-1,-38
1759483376.829625,1,-5,-43
1759483376.8676248,5,-7,-42
1759483376.9066248,0,0,-35
1759483376.944625,-2,-1,-39
1759483376.9826248,1,-1,-39
1759483377.0186248,2,0,-38
1759483377.056625,2,0,-41
1759483377.0946248,2,0,-39
1759483377.1326249,-14,4,-44
1759483377.1686249,-8,-2,-43
1759483377.2066247,-7,6,-37
1759483377.2446249,-1,-6,-42
1759483377.283625,-3,-10,-43
1759483377.319625,-10,-3,-41
1759483377.3576248,-4,-2,-40
1759483377.3956249,-5,-6,-39
1759483377.434625,0,-4,-37
1759483377.4726248,-3,-3,-41
1759483377.5096247,0,0,-39
1759483377.546625,-1,-9,-48
1759483377.5856247,1,-2,-42
1759483377.6236248,-4,0,-38
1759483377.6596248,0,6,-47
1759483377.6966248,1,-1,-48
1759483377.7356248,1,-6,-42
1759483377.773625,-5,-8,-50
1759483377.809625,-6,-3,-32
1759483377.8486247,1,-4,-42
1759483377.885625,-2,0,-55
1759483377.9246247,0,1,-46
1759483377.9606247,0,5,-30
1759483377.9986248,0,4,-37
1759483378.036625,5,7,-36
1759483378.0746248,2,0,-33
1759483378.1106248,0,2,-38
1759483378.148625,5,0,-43
1759483378.1856248,3,3,-51
1759483378.2246249,4,0,-48
1759483378.260625,3,6,-39
1759483378.2986248,3,-5,-34
1759483378.3356247,1,2,-41
1759483378.3746247,-3,0,-38
1759483378.4106247,0,-1,-40
1759483378.4486248,-5,10,-50
1759483378.4856248,-4,4,-44
1759483378.5246248,1,1,-39
1759483378.5606248,-4,3,-38
1759483378.5986247,-5,-3,-37
1759483378.635625,0,-8,-27
1759483378.6746247,0,0,-50
1759483378.7106247,0,0,-41
1759483378.7486248,4,-1,-38
1759483378.7856247,3,0,-47
1759483378.8246248,5,-1,-49
1759483378.8606248,2,2,-46
1759483378.8976247,2,5,-37
1759483378.9366248,2,-2,-53
1759483378.9746249,2,0,-44
1759483379.010625,3,-5,-30
1759483379.0476248,-3,-9,-46
1759483379.0866249,4,0,-35
1759483379.1246247,14,6,-39
1759483379.1606247,7,6,-40
1759483379.1986248,0,-1,-45
1759483379.2366247,0,-6,-33
1759483379.2746248,1,-2,-40
1759483379.3106248,-13,0,-30
1759483379.3496249,-2,0,-18
1759483379.3866248,0,-1,-22
1759483379.4256248,0,1,-30
1759483379.4636247,3,0,-41
1759483379.4996247,4,5,-34
1759483379.536625,2,0,-40
1759483379.5756247,-3,0,-37
1759483379.6136248,0,1,-41
1759483379.6496248,0,6,-46
1759483379.6866248,-1,-1,-37
1759483379.7256248,-7,-2,-46
1759483379.7616248,-1,-5,-42
1759483379.7996247,6,0,-38
1759483379.8376248,2,-8,-22
1759483379.875625,0,-4,-32
1759483379.9146247,1,-1,-37
1759483379.9506247,0,-7,-40
1759483379.9886248,1,-3,-45
1759483380.0256248,0,-1,-48
1759483380.0646248,-3,2,-41
1759483380.1006248,0,3,-43
1759483380.1376247,0,0,-50
1759483380.1756248,2,7,-55
1759483380.214625,-5,-1,-45
1759483380.250625,0,3,-39
1759483380.2886248,0,-5,-35
1759483380.3266249,-6,1,-41
1759483380.3646247,-5,-1,-48
1759483380.4006248,0,0,-48
1759483380.4376247,0,-2,-52
1759483380.4766247,-1,-4,-49
1759483380.5146248,1,2,-46
1759483380.5506248,2,7,-36
1759483380.5876248,4,-2,-42
1759483380.6266248,-5,6,-40
1759483380.6646247,-3,-4,-35
1759483380.7006247,-3,-7,-33
1759483380.7386248,-8,0,-33
1759483380.776625,3,1,-39
1759483380.8156247,-3,10,-40
1759483380.8516247,0,6,-28
1759483380.888625,7,3,-31
1759483380.9266248,2,3,-40
1759483380.9656248,2,1,-44
1759483381.0026248,7,0,-42
1759483381.0396247,3,-7,-42
1759483381.0786247,-1,-1,-35
1759483381.1166248,-3,4,-51
1759483381.1546247,3,1,-39
1759483381.1906247,-2,-3,-42
1759483381.2296247,4,5,-31
1759483381.2676249,-7,-4,-46
1759483381.3056247,-4,-7,-42
1759483381.3416247,1,2,-48
1759483381.3796248,3,1,-36
1759483381.4176247,1,0,-37
1759483381.4556248,-5,0,-44
1759483381.4926248,-4,4,-45
1759483381.5296247,2,7,-37
1759483381.5676248,1,3,-40
1759483381.6066248,0,5,-42
1759483381.6426249,5,2,-48
1759483381.6796248,0,2,-42
1759483381.717625,0,-1,-49
1759483381.7566247,3,2,-43
1759483381.7926247,1,3,-43
1759483381.8306248,-1,0,-33
1759483381.8676248,1,-8,-53
1759483381.9066248,1,1,-38
1759483381.9426248,-1,5,-44
1759483381.980625,4,0,-39
1759483382.0186248,0,-2,-37
1759483382.056625,-2,3,-49
1759483382.0956247,0,-5,-45
1759483382.1316247,8,-3,-45
1759483382.1696248,-5,1,-49
1759483382.2086248,-3,0,-43
1759483382.2466247,0,-3,-32
1759483382.2826247,-1,0,-47
1759483382.319625,0,-3,-44
1759483382.3586247,0,-7,-33
1759483382.3966248,0,-8,-35
1759483382.4326248,-6,0,-33
1759483382.4696248,-2,0,-36
1759483382.5086248,-6,-7,-43
1759483382.546625,-5,-5,-40
1759483382.582625,0,-6,-38
1759483382.6216247,2,-3,-37
1759483382.658625,-6,0,-43
1759483382.6976247,-2,3,-51
1759483382.7356248,-6,2,-37
1759483382.7716248,-3,0,-38
1759483382.8086247,-2,0,-44
1759483382.8476248,-5,-5,-44
1759483382.885625,-2,-10,-42
1759483382.921625,-1,-8,-44
1759483382.9606247,1,0,-46
1759483382.9976249,0,-4,-38
1759483383.036625,6,2,-41
1759483383.0726247,0,0,-29
1759483383.1106248,-1,-3,-33
1759483383.1476247,5,-5,-53
1759483383.1866248,4,-4,-42
1759483383.2226248,0,-4,-32
1759483383.260625,-3,-1,-33
1759483383.2976248,3,0,-22
1759483383.3366249,-7,0,-32
1759483383.3726249,-5,0,-42
1759483383.4106247,-7,-1,-37
1759483383.4476247,-6,-7,-39
1759483383.4866247,-2,-5,-47
1759483383.5226247,4,-4,-46
1759483383.5606248,0,-1,-48
1759483383.5976248,-1,0,-43
1759483383.6366248,2,1,-32
1759483383.6726248,5,0,-39
1759483383.7116249,4,1,-48
1759483383.7486248,-1,-1,-40
1759483383.7876248,-2,2,-45
1759483383.8236248,0,-1,-40
1759483383.8606248,0,-2,-33
1759483383.898625,0,0,-34
1759483383.9376247,1,-1,-39
1759483383.9736247,2,-2,-43
1759483384.0116248,-1,-1,-43
1759483384.0496247,3,-4,-54
1759483384.0886247,3,0,-51
1759483384.1266248,9,6,-45
1759483384.1626248,6,3,-41
1759483384.2016249,-1,-5,-37
1759483384.2386248,0,4,-38
1759483384.2776248,-3,0,-34
1759483384.3136249,1,1,-31
1759483384.3506248,0,-2,-29
1759483384.388625,1,-3,-39
1759483384.4276247,1,-6,-40
1759483384.4636247,-1,-7,-44
1759483384.5026248,1,-3,-39
1759483384.5396247,0,-2,-32
1759483384.5786247,0,-6,-26
1759483384.6166248,4,-4,-20
1759483384.6526248,-7,-1,-33
1759483384.6916249,-5,0,-36
1759483384.7286248,-1,-2,-42
1759483384.7676249,-1,-1,-51
1759483384.8036249,0,0,-46
1759483384.8406248,-2,-2,-36
1759483384.878625,0,5,-52
1759483384.9176247,-6,4,-51
1759483384.9536247,-1,3,-39
1759483384.9916248,-6,8,-41
1759483385.0296247,-3,5,-43
1759483385.0686247,3,4,-41
1759483385.1046247,-2,3,-32
1759483385.1416247,-7,1,-40
1759483385.1796248,3,2,-41
1759483385.2186248,-8,3,-47
1759483385.2546248,-9,0,-38
1759483385.2926247,0,0,-35
1759483385.3316247,-5,-3,-32
1759483385.3696249,3,0,-35
1759483385.4076247,6,-4,-38
1759483385.4436247,2,-2,-47
1759483385.4816248,2,-4,-48
1759483385.5196247,-2,2,-42
1759483385.5586247,0,2,-41
1759483385.5946248,1,-1,-39
1759483385.6326249,4,-4,-51
1759483385.6706247,-6,-5,-41
1759483385.7096248,-1,-3,-42
1759483385.7476249,1,0,-40
1759483385.783625,5,3,-36
1759483385.8226247,0,1,-47
1759483385.8606248,4,5,-48
1759483385.898625,5,3,-51
1759483385.934625,2,1,-45
1759483385.9726248,10,-2,-37
1759483386.010625,0,-2,-38
1759483386.0486248,2,0,-37
1759483386.0846248,0,-2,-38
1759483386.1306248,6,0,-44
1759483386.1686249,8,6,-38
1759483386.2056248,0,0,-43
1759483386.2436247,-3,0,-41
1759483386.2816248,-5,-7,-48
1759483386.319625,-7,0,-37
1759483386.3576248,-3,-5,-36
1759483386.3936248,-6,-5,-47
1759483386.4326248,0,0,-44
1759483386.4706247,5,-7,-56
1759483386.5086248,-3,-6,-40
1759483386.5446248,-3,-2,-40
1759483386.582625,1,-1,-33
1759483386.6216247,9,-5,-37
1759483386.6596248,4,-2,-52
1759483386.6956248,3,-1,-46
1759483386.7336247,-3,1,-36
1759483386.7726247,3,-2,-25
1759483386.8106248,4,-7,-42
1759483386.8486247,-6,0,-36
1759483386.8846247,-10,-4,-41
1759483386.9236248,0,1,-40
1759483386.9606247,0,-3,-48
1759483386.9996247,5,0,-38
1759483387.0356247,1,-3,-39
1759483387.0736248,0,-6,-44
1759483387.1116247,0,-3,-48
1759483387.1506248,-2,-2,-49
1759483387.1886249,1,0,-52
1759483387.2246249,-6,-12,-57
1759483387.2626247,0,-2,-38
1759483387.3006248,0,-2,-24
1759483387.339625,-9,-1,-30
1759483387.375625,-5,-3,-42
1759483387.4136248,-12,-1,-53
1759483387.4516249,-1,0,-46
1759483387.490625,-2,0,-46
1759483387.5286248,2,-3,-39
1759483387.5646248,10,-4,-43
1759483387.6016247,0,-5,-40
1759483387.6406248,-3,-1,-43
1759483387.6786249,0,1,-44
1759483387.714625,1,4,-44
1759483387.7516248,5,0,-46
1759483387.7906249,-4,-1,-45
1759483387.8286247,-6,-1,-57
1759483387.8646247,5,0,-40
1759483387.9026248,0,-4,-47
1759483387.9406247,-1,1,-38
1759483387.9796247,-3,2,-46
1759483388.0156248,-3,0,-37
1759483388.0536249,1,-4,-44
1759483388.0906248,2,3,-40
1759483388.1296248,-3,-3,-36
1759483388.1656249,-1,1,-36
1759483388.2026248,-4,-2,-35
1759483388.240625,-4,0,-34
1759483388.2796247,-4,-2,-46
1759483388.3156247,2,0,-41
1759483388.3536248,2,-3,-31
1759483388.3906248,5,0,-39
1759483388.4296248,4,4,-40
1759483388.4656248,5,7,-55
1759483388.503625,6,-5,-38
1759483388.5406249,3,-1,-42
1759483388.579625,-3,5,-50
1759483388.615625,0,0,-42
1759483388.6536248,0,-2,-41
1759483388.6916249,3,0,-47
1759483388.7296247,2,2,-42
1759483388.7656248,6,1,-43
1759483388.8036249,-2,1,-47
1759483388.8406248,-2,-2,-60
1759483388.8796248,-2,0,-41
1759483388.9156249,3,4,-39
1759483388.9536247,-1,1,-39
1759483388.990625,3,-5,-32
1759483389.0296247,3,-4,-41
1759483389.0656247,0,-1,-34
1759483389.1036248,-3,-2,-27
1759483389.1416247,-8,-3,-36
1759483389.1796248,-4,0,-33
1759483389.2156248,-1,-2,-46
1759483389.2546248,1,-3,-35
1759483389.2916248,0,0,-32
1759483389.3306248,0,5,-41
1759483389.3666248,0,2,-41
1759483389.4046247,-1,-1,-36
1759483389.4416249,-3,-2,-26
1759483389.480625,-5,-3,-46
1759483389.5166247,4,-1,-44
1759483389.5536249,8,-1,-31
1759483389.5916247,7,-5,-30
1759483389.6306248,0,-4,-48
1759483389.6666248,-2,5,-32
1759483389.7036247,0,0,-40
1759483389.7416248,-3,0,-44
1759483389.7806249,-1,2,-41
1759483389.8166249,-3,8,-38
1759483389.8546247,-4,2,-44
1759483389.8926249,1,-7,-48
1759483389.931625,-1,-7,-51
1759483389.9696248,6,-5,-42
1759483390.0056248,7,-3,-38
1759483390.0446248,0,-11,-36
1759483390.082625,-5,-4,-45
1759483390.1206248,3,0,-34
1759483390.1566248,5,0,-45
1759483390.194625,-4,-3,-51
1759483390.2326248,-1,-1,-40
1759483390.2706249,-2,0,-44
1759483390.306625,-3,0,-41
1759483390.3446248,0,1,-32
1759483390.3826249,0,-4,-40
1759483390.4206247,0,0,-41
1759483390.4566247,2,0,-44
1759483390.4946249,0,-4,-48
1759483390.5326247,3,2,-48
1759483390.5706248,1,7,-39
1759483390.6066248,-1,5,-43
1759483390.6446247,-1,0,-40
1759483390.681625,-3,-4,-32
1759483390.7206247,-5,-1,-46
1759483390.7566247,-3,-1,-47
1759483390.7956247,5,5,-48
1759483390.832625,4,0,-39
1759483390.8716247,2,2,-38
1759483390.9076247,9,-4,-38
1759483390.9466248,-1,0,-28
1759483390.9836247,-4,0,-33
1759483391.0226247,-2,0,-33
1759483391.0606248,2,4,-37
1759483391.0966249,4,2,-43
1759483391.1336248,8,-4,-27
1759483391.1726248,0,-1,-41
1759483391.2106247,-1,-9,-47
1759483391.2466247,0,-5,-45
1759483391.2846248,-2,-2,-36
1759483391.3226247,0,0,-32
1759483391.3616247,-1,0,-44
1759483391.398625,4,5,-38
1759483391.4356248,0,1,-35
1759483391.4746249,-4,0,-37
1759483391.5126247,-2,-3,-39
1759483391.5506248,-1,-3,-44
1759483391.5876248,-3,-1,-54
1759483391.6246247,-2,0,-47
1759483391.6626248,2,-2,-42
1759483391.7016249,3,-1,-40
1759483391.737625,0,-5,-44
1759483391.7746248,0,-3,-33
1759483391.8126247,-3,6,-36
1759483391.8516247,0,0,-38
1759483391.8876247,-1,3,-38
1759483391.9246247,0,4,-41
1759483391.9636247,-8,2,-40
1759483392.0016248,4,0,-44
1759483392.0376248,-3,3,-25
1759483392.0756247,-2,0,-20
1759483392.112625,-3,-4,-40
1759483392.151625,-6,-3,-39
1759483392.1876247,-4,-2,-37
1759483392.2256248,3,2,-41
1759483392.263625,3,-3,-33
1759483392.3026247,3,4,-27
1759483392.3386247,4,-4,-28
1759483392.3776248,5,-10,-37
1759483392.4156249,10,-8,-36
1759483392.4526248,-8,-2,-55
1759483392.4916248,-4,2,-37
1759483392.5276248,-1,6,-38
1759483392.5666249,1,1,-35
1759483392.6046247,0,-5,-55
1759483392.6426249,0,3,-48
1759483392.6786249,1,2,-48
1759483392.7166247,3,5,-61
1759483392.7546248,4,0,-44
1759483392.7936249,7,-3,-45
1759483392.8316247,-2,-5,-40
1759483392.8676248,-9,-5,-32
1759483392.9066248,0,-2,-42
1759483392.9436247,4,-4,-44
1759483392.9826248,3,0,-45
1759483393.0196247,0,-2,-44
1759483393.0576248,0,-1,-38
1759483393.0956247,-3,2,-31
1759483393.1336248,2,3,-33
1759483393.171625,-2,1,-45
1759483393.207625,-9,1,-44
1759483393.2446249,-5,-2,-41
1759483393.283625,-4,-4,-53
1759483393.3216248,-2,0,-44
1759483393.3576248,3,0,-44
1759483393.3956249,0,0,-37
1759483393.4336247,-1,-6,-36
1759483393.4716249,0,-2,-45
1759483393.5076249,2,5,-46
1759483393.5446248,-2,0,-44
1759483393.5836248,3,2,-45
1759483393.6206248,-3,-5,-52
1759483393.6576247,2,-5,-51
1759483393.6966248,1,1,-35
1759483393.7336247,-4,3,-35
1759483393.7726247,-2,-3,-44
1759483393.8086247,6,-8,-56
1759483393.8466249,-1,0,-49
1759483393.8846247,0,-4,-44
1759483393.9236248,-3,-1,-40
1759483393.9596248,2,-2,-36
1759483393.9976249,-2,0,-39
1759483394.0346248,-2,0,-41
1759483394.0736248,-3,1,-40
1759483394.1096249,3,0,-46
1759483394.1476247,4,0,-48
1759483394.184625,-2,5,-36
1759483394.2236247,12,5,-34
1759483394.2596247,2,2,-37
1759483394.296625,-4,-1,-43
1759483394.3346248,3,0,-30
1759483394.3736248,-1,0,-32
1759483394.4096248,-1,-1,-32
1759483394.4476247,9,-4,-32
1759483394.4856248,4,-2,-44
1759483394.5246248,-8,-2,-45
1759483394.5626247,-3,-2,-43
1759483394.5986247,-2,-1,-38
1759483394.6376247,-3,0,-50
1759483394.6746247,2,2,-37
1759483394.7136247,-3,0,-54
1759483394.7496247,1,3,-48
1759483394.7876248,0,-2,-34
1759483394.8246248,3,-9,-27
1759483394.8636248,-1,-9,-49
1759483394.8996248,-3,-6,-45
1759483394.9386249,-3,-6,-52
1759483394.9756248,-1,0,-38
1759483395.0146248,1,-8,-42
1759483395.0526247,2,-3,-47
1759483395.0886247,5,-10,-32
1759483395.125625,5,-8,-39
1759483395.1646247,5,-12,-37
1759483395.2026248,1,-8,-40
1759483395.2386248,-5,-9,-40
1759483395.276625,-5,-6,-39
1759483395.3146248,-5,0,-34
1759483395.3536248,-3,5,-42
1759483395.3896248,-2,8,-40
1759483395.4286249,-2,5,-33
1759483395.4666247,1,0,-34
1759483395.5046248,-1,1,-38
1759483395.5406249,0,3,-41
1759483395.5786247,2,3,-33
1759483395.6166248,4,0,-28
1759483395.6546247,5,-9,-40
1759483395.6906247,1,-4,-45
1759483395.727625,0,-5,-41
1759483395.7666247,0,0,-41
1759483395.8046248,4,1,-43
1759483395.8406248,-1,1,-42
1759483395.878625,8,-3,-34
1759483395.9166248,-1,0,-39
1759483395.954625,0,-1,-35
1759483395.990625,5,1,-40
1759483396.0286248,-2,1,-49
1759483396.0666249,0,-4,-41
1759483396.1046247,0,-2,-48
1759483396.148625,1,1,-37
1759483396.1866248,8,0,-36
1759483396.2246249,-7,-4,-29
1759483396.260625,0,-8,-42
1759483396.2996247,0,-6,-42
1759483396.3376248,6,-2,-40
1759483396.375625,3,2,-38
1759483396.4136248,-8,1,-46
1759483396.4496248,-2,-3,-54
1759483396.4886248,3,-6,-43
1759483396.5256248,2,-7,-48
1759483396.5646248,1,-1,-38
1759483396.6006248,2,-1,-42
1759483396.6376247,3,2,-34
1759483396.6766248,0,5,-41
1759483396.714625,6,0,-34
1759483396.750625,-4,0,-33
1759483396.7886248,-2,0,-39
1759483396.8266249,-4,0,-33
1759483396.865625,2,-3,-42
1759483396.9036248,1,-1,-43
1759483396.9396248,-2,-4,-45
1759483396.977625,-3,0,-41
1759483397.0166247,-2,-2,-36
1759483397.0546248,2,4,-43
1759483397.0906248,0,0,-41
1759483397.1276248,4,-3,-26
1759483397.1666248,0,0,-27
1759483397.204625,2,-3,-34
1759483397.240625,4,-11,-38
1759483397.2796247,-3,0,-40
1759483397.3166249,-5,2,-42
1759483397.355625,-11,3,-35
1759483397.3916247,-4,2,-32
1759483397.4296248,0,0,-33
1759483397.467625,0,-1,-37
1759483397.5056248,7,-3,-48
1759483397.5446248,-6,2,-46
1759483397.5806248,-4,0,-47
1759483397.6186247,-4,-1,-31
1759483397.6566248,3,0,-37
1759483397.6956248,1,2,-40
1759483397.7316248,0,4,-38
1759483397.7686248,-2,-2,-43
1759483397.8076248,1,0,-45
1759483397.8456247,3,-3,-39
1759483397.8816247,-9,-3,-41
1759483397.9206247,-7,4,-49
1759483397.957625,1,-2,-43
1759483397.9966247,0,-1,-38
1759483398.0346248,1,-1,-39
1759483398.0706248,5,0,-40
1759483398.1086247,6,1,-46
1759483398.1466248,1,-3,-47
1759483398.184625,0,-1,-47
1759483398.2206247,-2,-3,-50
1759483398.2586248,-6,2,-37
1759483398.2976248,2,-2,-21
1759483398.3356247,-4,1,-31
1759483398.3716247,-4,0,-38
1759483398.4096248,2,-1,-43
1759483398.4486248,1,4,-33
1759483398.4866247,-2,1,-30
1759483398.5246248,1,0,-39
1759483398.5606248,6,-7,-41
1759483398.5976248,1,-11,-44
1759483398.6366248,0,-2,-37
1759483398.6746247,-5,0,-41
1759483398.7106247,-7,-5,-33
1759483398.7496247,-3,-3,-29
1759483398.786625,-2,1,-28
1759483398.8256247,2,0,-35
1759483398.8616247,0,2,-32
1759483398.8996248,3,-2,-35
1759483398.9366248,0,-4,-38
1759483398.9756248,5,-3,-31
1759483399.0116248,-10,3,-36
1759483399.0496247,0,2,-21
1759483399.0876248,1,-2,-30
1759483399.1266248,2,-2,-39
1759483399.1626248,2,-1,-40
1759483399.2006247,4,-4,-44
1759483399.2386248,2,-2,-49
1759483399.276625,0,-2,-36
1759483399.3126247,3,-3,-36
1759483399.3506248,0,-5,-43
1759483399.388625,2,-11,-41
1759483399.4276247,1,-8,-33
1759483399.4656248,0,1,-33
1759483399.5026248,4,4,-44
1759483399.5406249,3,-1,-46
1759483399.5786247,0,3,-47
1759483399.6166248,0,-4,-34
1759483399.6526248,0,5,-39
1759483399.6896248,0,2,-38
1759483399.7286248,2,-2,-46
1759483399.7666247,0,-3,-37
1759483399.8026247,-3,-4,-35
1759483399.8406248,5,-2,-34
1759483399.878625,2,0,-32
1759483399.9176247,4,-3,-41
1759483399.9556248,0,-3,-29
1759483399.9916248,3,-3,-28
1759483400.0286248,-1,0,-35
1759483400.0676248,7,1,-39
1759483400.105625,6,0,-45
1759483400.1416247,6,2,-48
1759483400.1786249,3,-4,-42
1759483400.217625,1,-3,-35
1759483400.2556248,3,-4,-39
1759483400.2916248,5,-5,-41
1759483400.329625,-2,-1,-42
1759483400.3686247,2,3,-52
1759483400.4066248,-5,4,-41
1759483400.4426248,-9,1,-41
1759483400.480625,-1,-7,-32
1759483400.5176249,2,1,-42
1759483400.556625,-10,5,-32
1759483400.592625,-3,6,-26
1759483400.6306248,3,9,-38
1759483400.6686249,4,1,-40
1759483400.7066247,6,7,-44
1759483400.7426248,-1,5,-39
1759483400.7796247,1,2,-40
1759483400.8186247,6,6,-32
1759483400.8566248,4,4,-35
1759483400.8926249,8,0,-30
1759483400.9296248,1,2,-37
1759483400.9686248,1,2,-34
1759483401.0066247,-2,-1,-34
1759483401.0426247,-9,-7,-27
1759483401.0816247,-7,-5,-36
1759483401.1186247,-2,-2,-39
1759483401.1576247,-2,-6,-34
1759483401.1936247,0,-2,-41
1759483401.2316248,0,-1,-48
1759483401.2696247,0,-1,-33
1759483401.3086247,-2,-2,-31
1759483401.3466249,3,-8,-43
1759483401.3826249,0,-3,-30
1759483401.4206247,-2,-2,-40
1759483401.4596248,-3,0,-35
1759483401.4976249,-2,-3,-45
1759483401.533625,0,-7,-38
1759483401.5716248,0,3,-45
1759483401.6106248,2,0,-37
1759483401.648625,2,2,-40
1759483401.6866248,-1,-1,-27
1759483401.7226248,-3,2,-28
1759483401.760625,3,-5,-41
1759483401.7986248,-8,-3,-42
1759483401.8366249,-1,0,-43
1759483401.8726249,-3,-8,-48
1759483401.9106247,6,-2,-43
1759483401.9486248,1,-1,-45
1759483401.987625,-2,0,-46
1759483402.023625,-4,5,-34
1759483402.0616248,3,-4,-40
1759483402.1006248,-4,-4,-44
1759483402.138625,0,-1,-48
1759483402.1766248,-2,-1,-44
1759483402.2126248,2,-7,-41
1759483402.2496247,4,-5,-45
1759483402.2886248,2,3,-40
1759483402.3246248,-2,1,-39
1759483402.3636248,-7,-4,-44
1759483402.401625,0,0,-37
1759483402.4386249,-7,1,-43
1759483402.477625,-6,-5,-47
1759483402.513625,-2,0,-37
1759483402.5506248,0,-1,-32
1759483402.5886247,-8,-1,-36
1759483402.6276248,-6,2,-27
1759483402.6636248,-9,-4,-26
1759483402.7016249,0,-3,-36
1759483402.7396247,0,-3,-35
1759483402.7786248,-1,-3,-41
1759483402.8146248,-1,2,-43
1759483402.8536248,2,6,-41
1759483402.8916247,4,1,-41
1759483402.9296248,8,1,-40
1759483402.967625,-6,-1,-49
1759483403.003625,-5,-2,-47
1759483403.0426247,5,-3,-54
1759483403.079625,-1,4,-51
1759483403.1186247,0,0,-46
1759483403.1546247,-2,-12,-36
1759483403.1926248,1,-2,-42
1759483403.2316248,11,2,-38
1759483403.2696247,7,0,-40
1759483403.3076248,-8,-6,-39
1759483403.3436248,-2,-5,-46
1759483403.3826249,2,-6,-37
1759483403.4206247,4,-4,-29
1759483403.4586248,-3,-3,-38
1759483403.4946249,-5,-7,-51
1759483403.533625,-6,-1,-50
1759483403.5706248,0,-3,-46
1759483403.6096249,2,-4,-48
1759483403.6476247,3,-3,-40
1759483403.6836247,2,-9,-38
1759483403.7206247,4,-3,-38
1759483403.7596247,7,-3,-27
1759483403.7976248,5,0,-32
1759483403.8336248,2,2,-35
1759483403.8706248,10,1,-41
1759483403.9096248,1,1,-41
1759483403.9476247,-2,-3,-53
1759483403.9846249,-6,-1,-42
1759483404.0226247,-10,-3,-42
1759483404.0616248,-3,0,-45
1759483404.0996249,0,6,-39
1759483404.135625,-1,8,-46
1759483404.1726248,-3,3,-42
1759483404.2116249,-7,0,-48
1759483404.2496247,-11,4,-48
1759483404.2856247,-13,7,-44
1759483404.3236248,-19,1,-42
1759483404.362625,-5,5,-49
1759483404.3996248,0,4,-39
1759483404.4386249,1,-4,-32
1759483404.4746249,0,1,-42
1759483404.5126247,2,0,-36
1759483404.5496247,-8,-7,-37
1759483404.5886247,0,4,-39
1759483404.6246247,9,0,-36
1759483404.6626248,-6,-3,-42
1759483404.7006247,-2,-8,-38
1759483404.7386248,-12,-2,-41
1759483404.7746248,0,3,-27
1759483404.8116248,-4,0,-31
1759483404.8506248,-3,0,-41
1759483404.888625,2,-7,-34
1759483404.9246247,6,-3,-39
1759483404.9616249,-4,-6,-48
1759483405.000625,3,-2,-41
1759483405.0386248,2,2,-44
1759483405.0746248,1,-1,-38
1759483405.112625,-1,5,-41
1759483405.1506248,-1,-1,-39
1759483405.1896248,0,1,-41
1759483405.2256248,-7,1,-37
1759483405.263625,-3,-3,-47
1759483405.3026247,1,0,-42
1759483405.3406248,-3,3,-41
1759483405.378625,2,7,-38
1759483405.4146247,4,7,-47
1759483405.4526248,5,-2,-37
1759483405.490625,4,-6,-38
1759483405.5286248,3,-7,-43
1759483405.5656247,-2,-4,-45
1759483405.602625,-1,-12,-48
1759483405.6416247,0,-3,-39
1759483405.6796248,1,-5,-37
1759483405.7156248,-8,3,-36
1759483405.753625,2,2,-38
1759483405.7926247,7,-4,-33
1759483405.8306248,-1,0,-33
1759483405.8666248,-2,-2,-39
1759483405.9046247,4,0,-37
1759483405.9426248,-3,-6,-44
1759483405.9816248,2,-3,-55
1759483406.0196247,4,-5,-57
1759483406.0556247,5,-3,-47
1759483406.0946248,4,2,-41
1759483406.1316247,4,-2,-37
1759483406.1766248,5,2,-37
1759483406.214625,3,1,-38
1759483406.2526248,4,0,-44
1759483406.2906249,4,1,-47
1759483406.3266249,4,0,-52
1759483406.3636248,4,0,-47
1759483406.4026248,-1,0,-58
1759483406.4406247,-5,0,-52
1759483406.4766247,0,5,-47
1759483406.5146248,0,-6,-45
1759483406.5526247,6,-6,-44
1759483406.5906248,0,-1,-31
1759483406.6266248,0,-1,-36
1759483406.6636248,-1,1,-34
1759483406.7026248,1,-10,-45
1759483406.740625,-4,-5,-37
1759483406.776625,-5,0,-54
1759483406.8146248,0,7,-42
1759483406.8516247,7,8,-28
1759483406.8906248,5,2,-30
1759483406.9266248,1,5,-30
1759483406.9636247,0,3,-35
1759483407.0026248,2,1,-40
1759483407.0406249,4,-3,-41
1759483407.0766249,0,-5,-44
1759483407.1146247,0,-1,-48
1759483407.151625,7,0,-40
1759483407.1906247,8,-1,-39
1759483407.2266247,-1,-3,-35
1759483407.2646248,3,-9,-37
1759483407.3026247,1,4,-41
1759483407.3416247,-8,0,-43
1759483407.3796248,4,0,-24
1759483407.4156249,-2,3,-35
1759483407.4536247,-6,6,-37
1759483407.4916248,-3,4,-22
1759483407.5306249,-6,-4,-36
1759483407.5666249,3,3,-34
1759483407.6036248,7,1,-38
1759483407.6416247,2,-2,-33
1759483407.6806247,2,-2,-37
1759483407.7166247,9,-7,-39
1759483407.7556248,2,-4,-44
1759483407.7936249,-4,-4,-33
1759483407.8316247,2,-3,-48
1759483407.8676248,2,2,-42
1759483407.9056249,-2,2,-43
1759483407.9436247,0,-2,-48
1759483407.9816248,5,0,-38
1759483408.0176249,11,0,-35
1759483408.0556247,12,-1,-42
1759483408.0936248,15,-6,-40
1759483408.1316247,9,-3,-41
1759483408.1676247,2,-2,-35
1759483408.2066247,0,-9,-44
1759483408.2436247,0,1,-40
1759483408.2826247,0,-7,-35
1759483408.3206248,6,-9,-32
1759483408.3566248,8,-4,-34
1759483408.3946247,6,-4,-39
1759483408.4326248,5,-4,-46
1759483408.4716249,-2,-3,-48
1759483408.5076249,-2,-6,-35
1759483408.546625,-5,-6,-40
1759483408.5846248,-5,-2,-35
1759483408.6226249,-5,0,-46
1759483408.6606247,-4,-2,-41
1759483408.6966248,-12,3,-44
1759483408.7346249,-10,6,-46
1759483408.773625,-1,-9,-34
1759483408.8116248,-6,-6,-24
1759483408.8476248,-1,0,-45
1759483408.8846247,-1,0,-40
1759483408.9236248,0,2,-47
1759483408.9616249,0,3,-46
1759483408.9976249,2,6,-50
1759483409.0346248,5,-4,-51
1759483409.0736248,0,2,-47
1759483409.1116247,1,4,-45
1759483409.1476247,6,-2,-41
1759483409.184625,9,0,-39
1759483409.2236247,1,-4,-43
1759483409.2616248,2,0,-46
1759483409.2976248,0,0,-40
1759483409.3346248,0,3,-43
1759483409.3736248,2,1,-31
1759483409.411625,-4,5,-42
1759483409.4476247,-2,4,-39
1759483409.4846249,-3,6,-39
1759483409.5226247,-5,1,-43
1759483409.5616248,-7,1,-49
1759483409.5976248,0,5,-45
1759483409.6346247,7,0,-41
1759483409.6726248,9,2,-48
1759483409.7116249,0,-1,-41
1759483409.7476249,-4,-2,-41
1759483409.786625,-1,5,-42
1759483409.8236248,-2,-1,-39
1759483409.862625,0,3,-45
1759483409.898625,3,-3,-52
1759483409.9366248,2,-9,-38
1759483409.9756248,2,-9,-45
1759483410.013625,4,0,-45
1759483410.0516248,1,-1,-47
1759483410.0876248,4,3,-36
1759483410.1266248,-1,0,-47
1759483410.1636248,1,-3,-46
1759483410.2026248,0,-2,-39
1759483410.2396247,2,-1,-43
1759483410.276625,0,3,-49
1759483410.3146248,-3,0,-39
1759483410.3536248,2,0,-34
1759483410.3916247,6,0,-34
1759483410.4276247,5,-3,-40
1759483410.4666247,1,-4,-49
1759483410.5046248,0,-9,-49
1759483410.5426247,-3,-3,-48
1759483410.5786247,0,-1,-51
1759483410.6176248,2,0,-42
1759483410.6546247,-4,-1,-45
1759483410.6936247,1,1,-39
1759483410.7316248,-1,1,-39
1759483410.7676249,-3,1,-41
1759483410.8056247,-3,3,-46
1759483410.8436248,0,0,-36
1759483410.8816247,0,2,-39
1759483410.9176247,2,-3,-44
1759483410.9556248,5,-8,-51
1759483410.9936247,-1,-10,-41
1759483411.0296247,3,-8,-33
1759483411.0676248,8,-9,-29
1759483411.105625,8,-1,-31
1759483411.1436248,4,3,-38
1759483411.1826248,7,2,-43
1759483411.2186248,6,7,-39
1759483411.2556248,0,4,-32
1759483411.2936249,7,7,-47
1759483411.332625,6,-2,-44
1759483411.3686247,-2,4,-39
1759483411.4056249,0,0,-40
1759483411.4436247,11,-3,-40
1759483411.4826248,8,0,-44
1759483411.5186248,9,-2,-32
1759483411.556625,4,1,-28
1759483411.5956247,0,-2,-32
1759483411.6336248,0,-7,-27
1759483411.6696248,0,-4,-30
1759483411.7086248,-6,-2,-36
1759483411.7466247,0,-2,-38
1759483411.7846248,6,-4,-34
1759483411.8226247,2,-8,-34
1759483411.8586247,6,0,-38
1759483411.8956249,-1,0,-35
1759483411.934625,-8,-4,-36
1759483411.9726248,5,0,-42
1759483412.0086248,4,7,-41
1759483412.046625,1,11,-53
1759483412.0846248,2,3,-35
1759483412.1226249,0,-2,-35
1759483412.158625,6,2,-45
1759483412.1966248,-1,1,-39
1759483412.2346249,3,1,-45
1759483412.2726247,0,-3,-44
1759483412.3086247,1,-6,-55
1759483412.3466249,-3,0,-45
1759483412.3846247,-5,-1,-40
1759483412.4226248,3,0,-41
1759483412.4586248,13,2,-34
1759483412.4966247,5,3,-34
1759483412.5346248,1,7,-36
1759483412.5726247,5,0,-49
1759483412.6086247,1,0,-41
1759483412.6466248,3,-5,-28
1759483412.684625,-1,-7,-45
1759483412.7206247,-7,-3,-38
1759483412.7596247,-6,3,-41
1759483412.796625,0,2,-35
1759483412.8346248,0,1,-40
1759483412.8736248,1,2,-35
1759483412.9096248,6,0,-35
1759483412.9466248,2,-5,-45
1759483412.9846249,-3,3,-40
1759483413.023625,-2,10,-46
1759483413.059625,0,2,-42
1759483413.0966249,-5,7,-38
1759483413.1346247,-1,6,-34
1759483413.1736248,-6,0,-34
1759483413.2096248,-2,-4,-40
1759483413.2486248,1,-1,-50
1759483413.2856247,4,-1,-30
1759483413.3246248,6,2,-37
1759483413.3606248,0,4,-32
1759483413.398625,0,0,-35
1759483413.4376247,1,0,-51
1759483413.4756248,-6,-3,-41
1759483413.513625,-1,0,-34
1759483413.5496247,3,0,-46
1759483413.5876248,1,2,-46
1759483413.625625,2,1,-50
1759483413.6636248,-2,2,-35
1759483413.6996248,3,-3,-43
1759483413.737625,-3,-5,-50
1759483413.7756248,0,3,-34
1759483413.8136249,4,-5,-36
1759483413.8496249,-1,4,-44
1759483413.8876247,2,4,-37
1759483413.9256248,0,2,-35
1759483413.9636247,0,-2,-45
1759483413.9996247,3,-3,-38
1759483414.0376248,-5,1,-32
1759483414.0756247,3,-2,-38
1759483414.1136248,-1,2,-40
1759483414.1496248,5,-4,-28
1759483414.1876247,5,0,-41
1759483414.2256248,-3,-5,-42
1759483414.263625,4,0,-46
1759483414.2996247,-1,3,-50
1759483414.3376248,-1,0,-45
1759483414.375625,-1,-3,-40
1759483414.4136248,1,-4,-38
1759483414.4496248,3,-1,-31
1759483414.487625,-1,0,-36
1759483414.5256248,-3,0,-52
1759483414.5616248,-2,3,-51
1759483414.5996249,-4,0,-37
1759483414.6376247,-1,3,-41
1759483414.6756248,0,6,-37
1759483414.7116249,1,-1,-45
1759483414.750625,0,0,-34
1759483414.7886248,-8,5,-44
1759483414.8256247,-7,0,-30
1759483414.8646247,-3,-4,-43
1759483414.9006248,4,-2,-33
1759483414.9386249,3,2,-43
1759483414.9766247,6,8,-39
1759483415.0156248,2,4,-38
1759483415.0516248,0,-1,-46
1759483415.0886247,0,1,-47
1759483415.1266248,-2,5,-45
1759483415.1656249,-1,2,-45
1759483415.2016249,-8,-4,-36
1759483415.2396247,-3,0,-46
1759483415.2786248,5,-3,-47
1759483415.3166249,-2,0,-47
1759483415.3546247,-7,0,-46
1759483415.3916247,-4,4,-43
1759483415.4296248,0,4,-42
1759483415.4666247,9,0,-48
1759483415.5056248,8,2,-43
1759483415.5416248,-2,2,-38
1759483415.5806248,0,0,-44
1759483415.6186247,2,-5,-53
1759483415.6566248,3,2,-46
1759483415.694625,3,6,-36
1759483415.730625,-4,1,-47
1759483415.7676249,0,4,-46
1759483415.806625,3,-2,-42
1759483415.8446248,-1,-4,-47
1759483415.8806248,-3,1,-38
1759483415.9186249,-6,-2,-42
1759483415.957625,-7,-2,-42
1759483415.9956248,-5,0,-39
1759483416.0326247,-4,4,-37
1759483416.069625,2,3,-39
1759483416.1076248,8,0,-35
1759483416.1466248,0,0,-35
1759483416.1906247,8,0,-24
1759483416.2286248,6,6,-32
1759483416.2666247,3,9,-32
1759483416.3026247,-5,7,-35
1759483416.3416247,-3,3,-31
1759483416.3796248,-4,0,-38
1759483416.4166248,0,-4,-31
1759483416.4556248,4,8,-39
1759483416.4916248,0,4,-37
1759483416.5286248,-4,0,-40
1759483416.5676248,1,7,-46
1759483416.605625,-4,-2,-45
1759483416.6416247,-4,0,-46
1759483416.6796248,-4,3,-56
1759483416.717625,-1,-8,-43
1759483416.7566247,0,-7,-40
1759483416.7926247,-1,-4,-44
1759483416.8306248,0,4,-35
1759483416.8686247,-4,-2,-42
1759483416.9076247,-1,-9,-36
1759483416.9456248,-1,-5,-38
1759483416.9816248,2,3,-31
1759483417.0186248,-2,-3,-35
1759483417.0576248,-5,3,-52
1759483417.0956247,-2,0,-42
1759483417.1326249,3,0,-40
1759483417.1696248,-1,-1,-33
1759483417.2086248,-4,0,-38
1759483417.2466247,-11,3,-37
1759483417.2826247,1,2,-39
1759483417.319625,-7,0,-32
1759483417.3576248,0,2,-29
1759483417.3966248,-4,-1,-34
1759483417.4326248,6,2,-33
1759483417.4706247,3,1,-37
1759483417.5086248,3,0,-46
1759483417.546625,3,0,-42
1759483417.582625,-1,-1,-47
1759483417.6216247,-3,2,-43
1759483417.6596248,-5,4,-38
1759483417.6976247,1,3,-29
1759483417.7356248,0,0,-29
1759483417.7726247,0,0,-46
1759483417.809625,3,1,-45
1759483417.8476248,0,0,-43
1759483417.8866248,-1,-2,-31
1759483417.9226248,-5,-2,-38
1759483417.9606247,-2,0,-36
1759483417.9986248,3,-8,-39
1759483418.0376248,1,1,-47
1759483418.0736248,0,-2,-37
1759483418.112625,2,0,-36
1759483418.1506248,-4,2,-34
1759483418.1886249,-1,2,-34
1759483418.2266247,7,2,-42
1759483418.263625,0,0,-44
1759483418.3006248,2,1,-55
1759483418.339625,-3,4,-58
1759483418.3776248,-4,2,-50
1759483418.4136248,-1,2,-37
1759483418.4516249,-4,0,-38
1759483418.490625,-7,-5,-36
1759483418.5276248,4,-4,-41
1759483418.5666249,1,-2,-42
1759483418.602625,-3,-1,-42
1759483418.6416247,-8,3,-38
1759483418.6786249,-3,8,-41
1759483418.717625,-7,2,-40
1759483418.753625,-3,2,-34
1759483418.7926247,0,2,-36
1759483418.8306248,-4,1,-52
1759483418.8686247,6,4,-46
1759483418.9066248,4,-3,-39
1759483418.9426248,-5,-3,-35
1759483418.980625,3,-1,-46
1759483419.0186248,6,5,-42
1759483419.0576248,2,1,-39
1759483419.0936248,1,-5,-38
1759483419.1316247,-1,-2,-33
1759483419.1686249,-3,-4,-25
1759483419.207625,0,-1,-37
1759483419.2436247,4,-3,-33
1759483419.2806249,0,-1,-39
1759483419.3186247,3,0,-37
1759483419.3576248,-6,2,-42
1759483419.3936248,4,4,-40
1759483419.4306247,-3,-5,-36
1759483419.4686248,-15,-5,-42
1759483419.5076249,-9,-1,-34
1759483419.5436249,-5,2,-39
1759483419.5806248,-7,-2,-38
1759483419.6196249,-3,1,-39
1759483419.6576247,-3,1,-45
1759483419.6936247,1,-6,-39
1759483419.7326248,-2,-1,-37
1759483419.7696247,-2,5,-33
1759483419.8086247,1,6,-33
1759483419.8446248,0,-1,-35
1759483419.8826249,0,-3,-32
1759483419.921625,-1,-1,-47
1759483419.9586248,0,-3,-53
1759483419.9976249,7,4,-44
1759483420.033625,3,3,-31
1759483420.0716248,3,-5,-48
1759483420.1086247,0,-1,-47
1759483420.1476247,0,-1,-49
1759483420.1836247,-1,3,-50
1759483420.2216249,1,2,-46
1759483420.2586248,10,0,-43
1759483420.2976248,0,-3,-42
1759483420.3336248,-2,0,-39
1759483420.3716247,0,2,-40
1759483420.4096248,-2,2,-43
1759483420.4476247,3,6,-46
1759483420.4836247,2,0,-38
1759483420.5206249,0,-4,-43
1759483420.559625,2,-4,-34
1759483420.5976248,0,-1,-49
1759483420.6336248,1,1,-42
1759483420.6706247,4,1,-25
1759483420.7096248,0,5,-33
1759483420.7476249,-3,-3,-35
1759483420.783625,4,-1,-44
1759483420.8206248,1,-8,-51
1759483420.8596249,5,0,-44
1759483420.8976247,5,-3,-32
1759483420.9336247,0,-4,-34
1759483420.9706247,-1,1,-38
1759483421.0096247,-4,-3,-48
1759483421.0476248,-3,3,-42
1759483421.0836248,-7,0,-29
1759483421.1206248,-2,-2,-26
1759483421.1596248,0,2,-44
1759483421.1976247,5,3,-40
1759483421.2336247,-8,1,-31
1759483421.2716248,1,-4,-39
1759483421.309625,-4,0,-49
1759483421.3456247,0,3,-37
1759483421.3846247,-4,4,-45
1759483421.421625,1,9,-34
1759483421.4606247,0,6,-36
1759483421.4986248,-4,-5,-35
1759483421.5346248,1,3,-41
1759483421.5726247,0,0,-41
1759483421.6106248,0,4,-35
1759483421.648625,1,-1,-52
1759483421.684625,-2,0,-55
1759483421.7216249,6,-2,-46
1759483421.760625,6,-1,-39
1759483421.7956247,2,-2,-38
1759483421.8346248,-4,-7,-34
1759483421.8726249,1,0,-42
1759483421.9106247,7,2,-42
1759483421.9486248,6,3,-42
1759483421.9846249,0,0,-48
1759483422.0216248,0,-1,-54
1759483422.0606248,-5,0,-51
1759483422.0986247,-6,2,-39
1759483422.1346247,-4,3,-41
1759483422.1726248,-4,-1,-35
1759483422.2106247,-2,0,-35
1759483422.2486248,-1,0,-39
1759483422.2846248,-9,-6,-35
1759483422.3236248,-2,-2,-39
1759483422.3606248,-5,-2,-36
1759483422.3996248,3,0,-39
1759483422.4356248,-1,3,-47
1759483422.4736247,-2,1,-42
1759483422.510625,0,0,-29
1759483422.5496247,-4,-2,-39
1759483422.5856247,-3,2,-48
1759483422.6236248,3,0,-43
1759483422.661625,-8,-1,-37
1759483422.7006247,-4,6,-43
1759483422.7386248,0,-1,-40
1759483422.7746248,6,-4,-42
1759483422.8116248,4,-6,-37
1759483422.8506248,0,1,-30
1759483422.888625,2,1,-27
1759483422.9246247,-3,0,-32
1759483422.9616249,-7,0,-38
1759483423.000625,-4,2,-37
1759483423.0386248,2,0,-34
1759483423.0746248,0,2,-49
1759483423.1116247,-7,-1,-40
1759483423.1506248,1,-2,-48
1759483423.1866248,0,-3,-54
1759483423.2236247,-7,3,-54
1759483423.2616248,2,4,-39
1759483423.3006248,9,2,-41
1759483423.3366249,4,-4,-41
1759483423.3736248,-4,-10,-45
1759483423.411625,-2,-5,-40
1759483423.4506247,-7,0,-39
1759483423.4866247,0,-2,-39
1759483423.523625,-2,3,-46
1759483423.5616248,0,-3,-31
1759483423.6006248,1,0,-28
1759483423.6366248,-2,-1,-27
1759483423.6746247,0,-2,-40
1759483423.7136247,3,0,-35
1759483423.7516248,-6,-1,-39
1759483423.7896247,-1,-8,-37
1759483423.8266249,0,-7,-35
1759483423.8636248,1,2,-40
1759483423.901625,2,0,-31
1759483423.9406247,0,6,-35
1759483423.9766247,3,3,-36
1759483424.0146248,-3,-4,-37
1759483424.0516248,0,-5,-42
1759483424.0906248,-6,-2,-39
1759483424.1266248,-1,5,-41
1759483424.1646247,3,1,-35
1759483424.2016249,6,0,-47
1759483424.240625,2,-2,-34
1759483424.276625,-2,-7,-35
1759483424.3146248,-1,-2,-33
1759483424.3536248,-2,-3,-34
1759483424.3916247,-4,-3,-45
1759483424.4296248,0,-2,-38
1759483424.4656248,2,-3,-31
1759483424.5026248,4,0,-32
1759483424.5416248,5,5,-30
1759483424.579625,-4,3,-36
1759483424.615625,-2,0,-35
1759483424.6526248,-2,8,-42
1759483424.6916249,4,2,-35
1759483424.7296247,0,-1,-42
1759483424.7656248,2,-1,-39
1759483424.8026247,1,0,-46
1759483424.8416247,4,-2,-34
1759483424.8776248,4,-1,-36
1759483424.9146247,-2,-4,-34
1759483424.9526248,0,-6,-37
1759483424.9916248,-7,1,-40
1759483425.0276248,2,0,-36
1759483425.0646248,-8,-1,-32
1759483425.102625,-8,4,-37
1759483425.1416247,0,-2,-42
1759483425.1776247,3,-4,-42
1759483425.2156248,3,3,-43
1759483425.2546248,1,0,-30
1759483425.2916248,-3,-4,-35
1759483425.3306248,0,-5,-40
1759483425.3676248,-5,-1,-45
1759483425.4056249,-4,0,-55
1759483425.4426248,0,4,-52
1759483425.4816248,-1,5,-41
1759483425.5176249,0,-1,-34
1759483425.556625,-5,-2,-43
1759483425.5936248,-6,6,-47
1759483425.6326249,-5,0,-41
1759483425.6706247,-4,1,-44
1759483425.7066247,-4,-4,-43
1759483425.7446249,0,-1,-38
1759483425.7826247,-2,0,-45
1759483425.8216248,-1,0,-40
1759483425.8576248,-2,0,-39
1759483425.8956249,-1,0,-26
1759483425.934625,-10,0,-23
1759483425.9726248,-1,3,-24
1759483426.010625,-2,1,-38
1759483426.046625,-2,2,-33
1759483426.0846248,1,-1,-48
1759483426.1226249,-10,-3,-36
1759483426.1606247,-5,-3,-29
1759483426.2056248,3,-2,-47
1759483426.2436247,6,3,-43
1759483426.2816248,0,-2,-41
1759483426.3176248,10,-1,-33
1759483426.3566248,8,3,-40
1759483426.3936248,1,7,-41
1759483426.4326248,3,4,-52
1759483426.4706247,-4,0,-36
1759483426.5076249,-5,0,-41
1759483426.5446248,-3,-7,-49
1759483426.582625,-2,-4,-48
1759483426.6216247,5,-3,-40
1759483426.6576247,-5,1,-32
1759483426.6966248,-1,0,-49
1759483426.7346249,0,-8,-61
1759483426.7726247,-5,-1,-42
1759483426.8086247,4,-2,-38
1759483426.8476248,2,1,-44
1759483426.885625,-2,5,-50
1759483426.9236248,-3,2,-48
1759483426.9616249,-4,-1,-44
1759483426.9976249,0,-3,-40
1759483427.0356247,4,1,-43
1759483427.0746248,0,0,-34
1759483427.112625,7,-3,-31
1759483427.148625,4,-5,-28
1759483427.1856248,1,0,-36
1759483427.2246249,-6,0,-38
1759483427.2626247,-4,2,-37
1759483427.2986248,-5,2,-40
1759483427.3366249,1,0,-40
1759483427.3746247,4,1,-35
1759483427.4136248,2,4,-35
1759483427.4516249,7,-3,-28
1759483427.487625,5,-4,-25
1759483427.526625,0,-8,-35
1759483427.5646248,-3,1,-42
1759483427.602625,0,2,-47
1759483427.638625,0,5,-37
1759483427.6766248,3,2,-43
1759483427.714625,-3,-4,-39
1759483427.7526248,-7,3,-39
1759483427.7886248,-4,-3,-31
1759483427.8276248,6,-4,-42
1759483427.8646247,6,4,-35
1759483427.9036248,0,1,-29
1759483427.9416249,5,2,-39
1759483427.977625,2,-4,-45
1759483428.0156248,-2,2,-33
1759483428.0536249,1,-1,-38
1759483428.0916247,-3,-7,-44
1759483428.1276248,-3,1,-46
1759483428.1646247,-1,2,-44
1759483428.2036247,7,0,-48
1759483428.2416248,4,-1,-28
1759483428.2776248,0,1,-30
1759483428.3156247,0,4,-39
1759483428.3536248,0,6,-43
1759483428.3896248,-4,0,-44
1759483428.4276247,-1,-4,-36
1759483428.464625,-11,3,-35
1759483428.503625,-3,0,-41
1759483428.5396247,-9,8,-45
1759483428.5776248,-5,2,-58
1759483428.6166248,6,5,-35
1759483428.6536248,2,4,-34
1759483428.6926248,4,5,-43
1759483428.7296247,-4,4,-51
1759483428.7676249,-2,10,-38
1759483428.8046248,-8,6,-38
1759483428.8436248,0,2,-36
1759483428.8796248,-2,-6,-38
1759483428.9176247,-8,-9,-37
1759483428.9566247,-2,-1,-31
1759483428.9936247,0,0,-30
1759483429.0326247,-4,1,-37
1759483429.0686247,-5,2,-42
1759483429.1066248,-6,0,-37
1759483429.1446247,-5,2,-36
1759483429.1826248,-2,-7,-33
1759483429.2186248,-5,-4,-39
1759483429.2566247,-2,-4,-29
1759483429.2946248,-3,3,-37
1759483429.3336248,5,1,-40
1759483429.3696249,3,-5,-35
1759483429.4076247,1,-4,-39
1759483429.4466248,0,0,-30
1759483429.4846249,-1,0,-30
1759483429.5226247,-2,0,-28
1759483429.5586247,-2,-1,-31
1759483429.5966249,-4,-4,-30
1759483429.6346247,10,0,-41
1759483429.6736248,-1,1,-33
1759483429.7096248,-4,2,-31
1759483429.7486248,8,1,-38
1759483429.7856247,2,1,-44
1759483429.8246248,3,-5,-37
1759483429.862625,0,0,-32
1759483429.898625,3,-1,-33
1759483429.9376247,0,-1,-34
1759483429.9746249,-6,0,-27
1759483430.013625,-3,-6,-25
1759483430.0496247,-4,-4,-24
1759483430.0876248,-5,-4,-36
1759483430.125625,1,-1,-21
1759483430.1646247,-2,2,-41
1759483430.2006247,4,2,-37
1759483430.2386248,4,4,-43
1759483430.2756248,0,1,-40
1759483430.3146248,2,0,-47
1759483430.3506248,1,1,-46
1759483430.388625,-3,5,-53
1759483430.4256248,-4,1,-44
1759483430.464625,-5,-2,-33
1759483430.500625,-5,3,-37
1759483430.5386248,-3,3,-44
1759483430.5766249,3,-4,-45
1759483430.6146247,0,-3,-45
1759483430.6506248,-3,-2,-44
1759483430.6886249,0,2,-44
1759483430.7266247,6,2,-45
1759483430.7656248,2,-9,-35
1759483430.8036249,-4,-1,-35
1759483430.839625,0,0,-37
1759483430.8776248,-3,0,-45
1759483430.9156249,-1,-7,-43
1759483430.9536247,-4,-5,-41
1759483430.9896247,-6,-2,-42
1759483431.0286248,-2,-2,-48
1759483431.0666249,3,-2,-34
1759483431.1046247,0,-6,-27
1759483431.1406248,-4,3,-43
1759483431.1796248,0,5,-43
1759483431.2166247,-3,6,-46
1759483431.2556248,-1,4,-44
1759483431.2936249,0,-3,-44
1759483431.329625,0,-9,-45
1759483431.3676248,5,1,-35
1759483431.4056249,5,0,-41
1759483431.444625,0,-2,-31
1759483431.480625,2,0,-30
1759483431.5176249,2,-1,-39
1759483431.5556247,0,-1,-40
1759483431.5946248,2,-1,-43
1759483431.6306248,2,2,-47
1759483431.6676247,0,5,-34
1759483431.7056248,8,3,-37
1759483431.7446249,2,0,-49
1759483431.7806249,0,-3,-42
1759483431.8186247,-6,-1,-35
1759483431.8566248,-5,0,-46
1759483431.8956249,-2,0,-45
1759483431.931625,0,-1,-35
1759483431.9686248,-3,5,-42
1759483432.0066247,-1,5,-45
1759483432.0456247,0,1,-34
1759483432.0816247,2,1,-40
1759483432.1186247,0,0,-43
1759483432.1566248,0,3,-39
1759483432.1956248,-3,1,-29
1759483432.2316248,-4,5,-35
1759483432.2686248,-8,-3,-35
1759483432.306625,3,-2,-42
1759483432.3456247,0,0,-38
1759483432.3816247,0,0,-43
1759483432.4196248,-1,-3,-48
1759483432.4566247,-2,-4,-36
1759483432.4956248,3,2,-34
1759483432.5316248,-2,-1,-59
1759483432.569625,0,4,-37
1759483432.6086247,0,6,-45
1759483432.6466248,0,2,-46
1759483432.684625,0,-2,-26
1759483432.7206247,-2,-7,-37
1759483432.7586248,4,1,-54
1759483432.796625,3,0,-45
1759483432.8356247,1,3,-41
1759483432.8716247,-1,3,-47
1759483432.908625,4,0,-42
1759483432.9466248,-2,-1,-34
1759483432.9856248,-2,-9,-44
1759483433.0216248,-3,-7,-40
1759483433.0606248,0,3,-39
1759483433.0986247,-1,4,-33
1759483433.1366248,-4,2,-31
1759483433.1746247,0,0,-29
1759483433.2106247,8,-4,-34
1759483433.2486248,5,-3,-36
1759483433.286625,-5,0,-39
1759483433.3246248,-4,-8,-40
1759483433.3606248,2,-6,-46
1759483433.398625,2,-8,-53
1759483433.4376247,-2,-3,-60
1759483433.4756248,-2,0,-41
1759483433.5116248,-5,2,-21
1759483433.5496247,-3,-3,-38
1759483433.5876248,-3,-1,-51
1759483433.625625,0,-1,-42
1759483433.661625,7,0,-40
1759483433.6996248,-8,1,-49
1759483433.737625,1,3,-47
1759483433.7756248,0,-6,-46
1759483433.8116248,-3,0,-39
1759483433.8496249,-2,2,-43
1759483433.8876247,3,1,-34
1759483433.9256248,2,2,-47
1759483433.9616249,0,0,-48
1759483433.9986248,9,0,-37
1759483434.0376248,2,1,-40
1759483434.0756247,0,1,-37
1759483434.1116247,4,5,-25
1759483434.148625,-2,-7,-25
1759483434.1876247,0,4,-29
1759483434.2256248,0,0,-29
1759483434.2616248,-2,0,-35
1759483434.2996247,-6,-3,-32
1759483434.3376248,0,3,-42
1759483434.3766248,-1,0,-41
1759483434.4126248,-2,1,-38
1759483434.4496248,11,5,-39
1759483434.487625,10,-3,-44
1759483434.526625,4,-9,-28
1759483434.5626247,0,0,-33
1759483434.5996249,-1,-1,-39
1759483434.6376247,1,-3,-34
1759483434.6766248,2,0,-40
1759483434.7126248,-1,2,-32
1759483434.750625,-6,0,-42
1759483434.7886248,2,6,-45
1759483434.8276248,0,0,-44
1759483434.865625,2,1,-44
1759483434.901625,0,-1,-35
1759483434.9406247,1,4,-42
1759483434.9786248,-1,0,-40
1759483435.0166247,4,0,-41
1759483435.0536249,4,-4,-40
1759483435.0906248,0,0,-35
1759483435.128625,0,8,-41
1759483435.1676247,0,6,-47
1759483435.2056248,-3,-3,-34
1759483435.2416248,-5,0,-47
1759483435.2796247,-5,0,-50
1759483435.3186247,-2,-2,-46
1759483435.3566248,0,0,-46
1759483435.3926249,13,-3,-47
1759483435.4296248,1,0,-33
1759483435.4686248,0,-5,-42
1759483435.5066247,0,-5,-39
1759483435.5426247,-6,0,-41
1759483435.5816247,-3,-3,-42
1759483435.6196249,-1,-3,-43
1759483435.6576247,3,0,-37
1759483435.694625,0,4,-36
1759483435.7316248,2,-2,-40
1759483435.7696247,9,1,-44
1759483435.8076248,6,-1,-52
1759483435.8466249,2,1,-39
1759483435.8826249,2,1,-42
1759483435.9196248,4,-2,-35
1759483435.957625,-5,2,-43
1759483435.9966247,1,-3,-50
1759483436.0326247,0,0,-51
1759483436.0706248,-4,-2,-38
1759483436.1086247,0,0,-40
1759483436.1466248,-1,3,-37
1759483436.1826248,-1,2,-27
1759483436.2286248,1,3,-45
1759483436.2666247,2,0,-46
1759483436.3036249,-1,1,-45
1759483436.3416247,-1,0,-43
1759483436.378625,4,-2,-34
1759483436.4176247,0,-4,-35
1759483436.4536247,2,0,-28
1759483436.490625,-1,3,-37
1759483436.5286248,2,7,-37
1759483436.5676248,-1,3,-35
1759483436.6036248,4,2,-39
1759483436.6416247,0,0,-43
1759483436.6796248,2,2,-39
1759483436.717625,1,3,-39
1759483436.753625,-1,-3,-43
1759483436.7926247,0,0,-54
1759483436.8306248,0,1,-57
1759483436.8686247,1,-2,-38
1759483436.9066248,3,-1,-37
1759483436.9426248,-1,-3,-47
1759483436.980625,3,8,-42
1759483437.0196247,3,4,-44
1759483437.0576248,-2,-8,-48
1759483437.0936248,-4,-1,-44
1759483437.1326249,-5,4,-32
1759483437.1696248,-7,3,-35
1759483437.2086248,-6,0,-52
1759483437.2466247,-9,5,-44
1759483437.283625,-2,3,-42
1759483437.3226247,5,3,-46
1759483437.3606248,1,6,-36
1759483437.398625,-3,1,-39
1759483437.4356248,-2,0,-40
1759483437.4726248,-1,0,-31
1759483437.510625,-1,4,-34
1759483437.5486248,3,3,-41
1759483437.5876248,-1,0,-47
1759483437.6236248,-5,3,-36
1759483437.661625,0,-3,-50
1759483437.7006247,-5,-8,-49
1759483437.7386248,2,-1,-45
1759483437.7746248,0,-3,-38
1759483437.8126247,3,0,-41
1759483437.8506248,2,-4,-35
1759483437.888625,4,4,-36
1759483437.9246247,0,0,-44
1759483437.9616249,1,5,-48
1759483438.000625,2,-1,-40
1759483438.0386248,3,-3,-40
1759483438.0746248,3,0,-32
1759483438.112625,5,7,-33
1759483438.1506248,1,1,-42
1759483438.1886249,-4,0,-36
1759483438.2246249,-1,1,-40
1759483438.263625,2,-3,-36
1759483438.3016248,5,-8,-47
1759483438.339625,3,-3,-33
1759483438.3776248,-6,-4,-39
1759483438.4136248,-5,-1,-43
1759483438.4516249,0,5,-47
1759483438.4896247,2,-3,-39
1759483438.5276248,0,1,-47
1759483438.5636249,0,-1,-42
1759483438.602625,-3,-5,-47
1759483438.6396248,0,-3,-45
1759483438.6786249,1,-11,-46
1759483438.714625,-4,-1,-40
1759483438.753625,3,-5,-37
1759483438.7906249,3,-2,-40
1759483438.829625,3,-3,-46
1759483438.8666248,0,0,-55
1759483438.9036248,-2,-5,-41
1759483438.9426248,-4,0,-44
1759483438.9796247,2,5,-36
1759483439.0186248,0,4,-40
1759483439.0546248,-4,5,-50
1759483439.092625,-11,4,-43
1759483439.1296248,-9,-2,-30
1759483439.1686249,-4,-3,-27
1759483439.204625,0,-2,-26
1759483439.2426248,-5,-5,-38
1759483439.2806249,-7,-2,-49
1759483439.3186247,-6,-1,-42
1759483439.3546247,-4,-4,-25
1759483439.3926249,0,0,-38
1759483439.4306247,-1,-2,-40
1759483439.4696248,7,-2,-44
1759483439.5056248,2,0,-40
1759483439.5426247,1,5,-34
1759483439.5816247,0,4,-44
1759483439.6196249,0,-2,-34
1759483439.6556249,-4,0,-48
1759483439.6936247,0,0,-43
1759483439.730625,-3,-2,-41
1759483439.7696247,5,-1,-46
1759483439.8056247,4,4,-44
1759483439.842625,-1,-5,-34
1759483439.8806248,-4,-3,-44
1759483439.9196248,-4,1,-50
1759483439.9556248,-3,0,-40
1759483439.9946249,0,2,-49
1759483440.0316248,0,5,-41
1759483440.0706248,-1,2,-36
1759483440.1086247,0,-2,-36
1759483440.1446247,1,-4,-47
1759483440.181625,-11,0,-37
1759483440.2206247,-5,-3,-43
1759483440.2586248,-9,-8,-33
1759483440.2946248,-6,-2,-34
1759483440.332625,-10,-1,-32
1759483440.3716247,-1,-3,-40
1759483440.4096248,1,0,-41
1759483440.4456248,-1,-2,-57
1759483440.4846249,-1,4,-46
1759483440.5216248,5,-3,-36
1759483440.5606248,4,-2,-41
1759483440.5966249,4,-8,-56
1759483440.6336248,-5,-5,-54
1759483440.671625,-4,-4,-47
1759483440.7106247,-3,-3,-44
1759483440.7466247,-5,-7,-42
1759483440.7846248,-8,-2,-30
1759483440.8226247,0,-10,-42
1759483440.8616247,-2,0,-40
1759483440.8996248,0,-1,-42
1759483440.9366248,4,0,-41
1759483440.9746249,-7,0,-42
1759483441.0116248,-8,5,-45
1759483441.0496247,-5,0,-25
1759483441.0866249,-4,-1,-30
1759483441.1246247,-2,0,-20
1759483441.161625,0,5,-35
1759483441.2006247,3,2,-45
1759483441.2366247,9,1,-45
1759483441.273625,-1,-6,-42
1759483441.3116248,1,1,-47
1759483441.3506248,1,2,-51
1759483441.3866248,2,5,-48
1759483441.4246247,0,-1,-41
1759483441.4616249,1,-1,-38
1759483441.500625,0,1,-35
1759483441.536625,2,1,-31
1759483441.5746248,4,-8,-46
1759483441.6116247,-4,-5,-43
1759483441.6506248,-9,0,-36
1759483441.6866248,-2,1,-33
1759483441.7246249,3,2,-36
1759483441.7616248,5,1,-45
1759483441.8006248,4,0,-46
1759483441.8366249,-6,0,-40
1759483441.8746247,-5,3,-47
1759483441.911625,-2,3,-48
1759483441.9506247,-2,1,-44
1759483441.9866247,0,3,-48
1759483442.0246248,-1,3,-46
1759483442.0616248,1,-3,-48
1759483442.1006248,-1,-1,-42
1759483442.1366248,-11,-3,-34
1759483442.1756248,-10,-1,-38
1759483442.2126248,-10,-2,-37
1759483442.2516248,-5,0,-42
1759483442.2876248,2,-3,-40
1759483442.3246248,0,-2,-46
1759483442.362625,-3,0,-35
1759483442.401625,-4,5,-43
1759483442.4376247,2,9,-48
1759483442.4746249,1,2,-38
1759483442.5126247,-7,0,-40
1759483442.5516248,-4,1,-43
1759483442.5876248,-2,-2,-49
1759483442.625625,-7,-5,-42
1759483442.6636248,-5,4,-40
1759483442.7026248,-5,4,-44
1759483442.740625,0,0,-50
1759483442.776625,-8,0,-39
1759483442.8136249,-6,0,-37
1759483442.852625,4,1,-43
1759483442.8906248,3,-4,-39
1759483442.9266248,1,-6,-59
1759483442.9636247,1,1,-53
1759483443.0026248,2,4,-40
1759483443.0406249,1,2,-41
1759483443.0766249,1,-1,-40
1759483443.1136248,2,4,-41
1759483443.1526248,-5,0,-47
1759483443.1906247,-5,5,-42
1759483443.2266247,-7,5,-45
1759483443.263625,-7,1,-38
1759483443.3026247,1,0,-49
1759483443.3406248,-4,0,-42
1759483443.3766248,-5,4,-44
1759483443.4146247,-5,-2,-52
1759483443.4536247,4,-4,-47
1759483443.4916248,-1,2,-47
1759483443.5276248,1,0,-49
1759483443.5646248,3,0,-33
1759483443.6036248,-1,-10,-39
1759483443.6416247,-2,-2,-36
1759483443.6776247,0,-2,-37
1759483443.7166247,2,-3,-39
1759483443.7546248,0,0,-46
1759483443.7926247,0,3,-37
1759483443.8306248,-1,-7,-21
1759483443.8666248,2,-6,-37
1759483443.9036248,-2,-4,-29
1759483443.9426248,-4,-3,-41
1759483443.9786248,0,3,-46
1759483444.0156248,0,0,-36
1759483444.0536249,-6,2,-41
1759483444.092625,-4,0,-45
1759483444.128625,0,-1,-38
1759483444.1656249,2,-1,-30
1759483444.2036247,-3,0,-38
1759483444.2426248,0,2,-31
1759483444.2786248,-7,-2,-42
1759483444.3166249,-10,5,-51
1759483444.355625,-1,5,-50
1759483444.3936248,-2,5,-36
1759483444.431625,0,0,-39
1759483444.467625,5,3,-39
1759483444.5066247,6,0,-35
1759483444.5436249,7,-3,-34
1759483444.582625,-4,0,-36
1759483444.6186247,-1,1,-36
1759483444.6566248,1,2,-26
1759483444.694625,-6,-3,-40
1759483444.7336247,1,-10,-35
1759483444.7716248,2,-8,-32
1759483444.8076248,5,-9,-40
1759483444.8456247,0,-2,-50
1759483444.8836248,-1,-2,-59
1759483444.9226248,0,-5,-45
1759483444.9596248,1,-2,-41
1759483444.9976249,6,4,-34
1759483445.0356247,-6,13,-36
1759483445.0736248,-1,3,-38
1759483445.1116247,3,4,-38
1759483445.1476247,-1,2,-37
1759483445.1856248,-1,4,-39
1759483445.2236247,1,3,-40
1759483445.2626247,5,-10,-29
1759483445.2986248,1,-3,-38
1759483445.3366249,1,-4,-48
1759483445.3746247,2,-5,-50
1759483445.4136248,1,0,-51
1759483445.4516249,-2,0,-34
1759483445.487625,-1,0,-31
1759483445.526625,2,-8,-35
1759483445.5646248,-3,-5,-37
1759483445.602625,1,3,-42
1759483445.638625,-1,-5,-49
1759483445.6766248,2,1,-40
1759483445.7156248,-9,3,-30
1759483445.753625,-3,2,-36
1759483445.7896247,-3,1,-34
1759483445.8276248,-3,0,-44
1759483445.865625,-6,-2,-48
1759483445.9036248,-5,0,-40
1759483445.9396248,-5,-4,-41
1759483445.977625,-1,2,-53
1759483446.0156248,8,0,-50
1759483446.0536249,10,0,-32
1759483446.092625,10,-2,-35
1759483446.128625,8,-1,-33
1759483446.1656249,0,5,-34
1759483446.2036247,2,1,-30
1759483446.2486248,-1,0,-43
1759483446.2856247,-3,-5,-38
1759483446.3236248,0,-7,-40
1759483446.362625,3,3,-47
1759483446.398625,0,3,-43
1759483446.4356248,1,-1,-39
1759483446.4746249,4,-2,-44
1759483446.5126247,11,-3,-37
1759483446.5486248,6,6,-41
1759483446.5856247,-2,-4,-41
1759483446.6246247,1,3,-38
1759483446.6626248,0,1,-48
1759483446.6986248,1,6,-41
1759483446.7356248,0,2,-44
1759483446.7746248,1,-1,-46
1759483446.8126247,-7,4,-43
1759483446.8486247,-4,4,-43
1759483446.885625,-6,-1,-56
1759483446.9246247,-2,3,-31
1759483446.9626248,1,-2,-39
1759483446.9986248,-4,-1,-43
1759483447.036625,2,4,-39
1759483447.0756247,-1,3,-44
1759483447.1136248,-2,2,-35
1759483447.1496248,-4,6,-30
1759483447.1866248,0,-2,-46
1759483447.2246249,-3,-7,-55
1759483447.263625,5,-3,-44
1759483447.2996247,5,-1,-38
1759483447.3376248,0,4,-30
1759483447.3766248,-3,-2,-31
1759483447.4146247,-2,1,-35
1759483447.4506247,2,-6,-45
1759483447.487625,0,2,-35
1759483447.526625,12,0,-37
1759483447.5646248,5,-1,-41
1759483447.6006248,6,8,-43
1759483447.6376247,-1,0,-38
1759483447.6766248,-1,1,-37
1759483447.714625,3,0,-39
1759483447.750625,-1,-4,-43
1759483447.7896247,7,-4,-50
1759483447.8266249,8,-2,-51
1759483447.8646247,4,-3,-40
1759483447.9036248,2,3,-38
1759483447.9396248,2,2,-37
1759483447.977625,0,0,-49
1759483448.0146248,-6,0,-52
1759483448.0536249,-2,0,-39
1759483448.089625,-2,-2,-39
1759483448.1276248,5,-1,-36
1759483448.1656249,0,5,-44
1759483448.204625,2,3,-47
1759483448.240625,8,-3,-32
1759483448.2786248,-1,-2,-33
1759483448.3176248,-1,-7,-43
1759483448.355625,-3,-6,-43
1759483448.3936248,0,0,-42
1759483448.4296248,-3,-1,-34
1759483448.4686248,4,1,-37
1759483448.5056248,0,-2,-40
1759483448.5446248,-1,4,-35
1759483448.5816247,-2,0,-35
1759483448.6186247,0,4,-39
1759483448.6566248,1,4,-40
1759483448.6956248,3,-6,-44
1759483448.7336247,4,-2,-39
1759483448.7696247,8,1,-47
1759483448.8076248,3,5,-48
1759483448.8456247,-2,-4,-36
1759483448.8836248,1,-4,-41
1759483448.9196248,3,1,-48
1759483448.957625,-1,3,-42
1759483448.9966247,6,4,-35
1759483449.0346248,8,6,-37
1759483449.0706248,-1,2,-46
1759483449.1096249,-1,7,-40
1759483449.1466248,0,-2,-39
1759483449.1856248,0,-2,-37
1759483449.2216249,1,2,-39
1759483449.2596247,1,4,-39
1759483449.296625,0,0,-34
1759483449.3356247,2,-2,-48
1759483449.3716247,8,-1,-58
1759483449.4106247,6,-3,-45
1759483449.4486248,0,4,-31
1759483449.4856248,-3,4,-33
1759483449.5246248,-1,5,-41
1759483449.5606248,6,1,-32
1759483449.5986247,-1,2,-40
1759483449.635625,3,-3,-44
1759483449.6746247,3,-6,-32
1759483449.7106247,6,-4,-52
1759483449.7486248,1,1,-45
1759483449.7856247,0,2,-44
1759483449.8246248,-1,9,-54
1759483449.8606248,-3,4,-44
1759483449.898625,-2,4,-44
1759483449.9366248,-7,-1,-39
1759483449.9746249,-2,6,-34
1759483450.010625,7,1,-33
1759483450.0486248,2,1,-31
1759483450.0866249,-4,4,-32
1759483450.1246247,2,5,-35
1759483450.1606247,-1,4,-36
1759483450.1986248,0,0,-40
1759483450.2366247,-10,0,-39
1759483450.2746248,-4,1,-27
1759483450.3106248,-3,0,-36
1759483450.3486247,3,-4,-37
1759483450.3866248,3,0,-29
1759483450.4246247,2,0,-33
1759483450.4606247,0,2,-48
1759483450.4976249,0,3,-33
1759483450.536625,0,3,-50
1759483450.5746248,6,3,-38
1759483450.6106248,1,5,-37
1759483450.648625,1,-2,-38
1759483450.6866248,7,-3,-43
1759483450.7246249,8,6,-36
1759483450.760625,3,5,-35
1759483450.7986248,0,9,-37
1759483450.8366249,3,1,-33
1759483450.8746247,3,3,-28
1759483450.9106247,-4,0,-37
1759483450.9486248,-1,-10,-50
1759483450.9866247,-3,-6,-35
1759483451.0226247,-4,-6,-32
1759483451.0606248,-1,3,-45
1759483451.0986247,-3,1,-46
1759483451.1366248,0,0,-43
1759483451.1756248,-1,1,-41
1759483451.2116249,4,4,-43
1759483451.2486248,2,1,-42
1759483451.286625,5,-2,-29
1759483451.3256247,3,0,-40
1759483451.3616247,4,-3,-30
1759483451.3996248,7,-2,-42
1759483451.4376247,1,4,-34
1759483451.4766247,5,6,-50
1759483451.5126247,4,1,-45
1759483451.5496247,0,-2,-57
1759483451.5876248,2,0,-35
1759483451.6266248,0,3,-30
1759483451.6626248,4,1,-33
1759483451.7016249,4,-1,-36
1759483451.7386248,3,0,-40
1759483451.7776248,-4,-8,-41
1759483451.8156247,-1,0,-50
1759483451.8516247,2,3,-41
1759483451.8896248,-5,0,-40
1759483451.9276247,-1,1,-40
1759483451.9656248,3,-7,-45
1759483452.0016248,6,-6,-40
1759483452.0396247,-6,-3,-46
1759483452.0776248,0,-11,-45
1759483452.1166248,0,-11,-38
1759483452.1526248,0,-5,-40
1759483452.1906247,0,-4,-48
1759483452.2286248,5,-3,-31
1759483452.2676249,0,-4,-33
1759483452.3056247,-1,-5,-44
1759483452.3416247,1,-8,-48
1759483452.3806248,1,-12,-38
1759483452.4186249,4,-3,-37
1759483452.4566247,1,-1,-38
1759483452.4926248,6,-2,-37
1759483452.5306249,0,4,-48
1759483452.5686247,-3,1,-42
1759483452.6066248,2,2,-37
1759483452.6426249,3,-4,-29
1759483452.681625,-4,-2,-27
1759483452.7186248,-7,0,-36
1759483452.7576249,-5,1,-44
1759483452.7936249,0,1,-46
1759483452.8316247,1,0,-45
1759483452.8686247,3,-6,-45
1759483452.9076247,3,-8,-34
1759483452.9436247,5,-3,-46
1759483452.9816248,4,-6,-45
1759483453.0186248,3,-11,-42
1759483453.0576248,5,-5,-43
1759483453.0936248,0,0,-41
1759483453.1316247,1,0,-45
1759483453.1686249,1,0,-41
1759483453.207625,0,-2,-45
1759483453.2436247,1,-4,-45
1759483453.2816248,-1,8,-47
1759483453.3186247,-1,-2,-47
1759483453.3576248,-3,2,-40
1759483453.3936248,-2,-1,-33
1759483453.431625,4,2,-45
1759483453.4696248,4,1,-42
1759483453.5086248,1,0,-30
1759483453.546625,0,-4,-29
1759483453.582625,0,0,-35
1759483453.6206248,0,-3,-34
1759483453.658625,-5,-1,-35
1759483453.6966248,-1,-5,-32
1759483453.7326248,3,-1,-45
1759483453.7696247,-1,1,-41
1759483453.8086247,0,-5,-44
1759483453.8466249,-7,0,-37
1759483453.8826249,-8,0,-35
1759483453.9206247,2,0,-40
1759483453.9586248,0,0,-39
1759483453.9966247,-4,2,-39
1759483454.0326247,-12,-2,-45
1759483454.0706248,-8,1,-41
1759483454.1086247,-5,1,-35
1759483454.1476247,0,-2,-32
1759483454.1836247,7,8,-41
1759483454.2216249,-1,4,-37
1759483454.2586248,7,-7,-41
1759483454.2976248,-1,-2,-47
1759483454.3346248,-4,-1,-52
1759483454.3716247,1,-3,-52
1759483454.4106247,-1,-7,-38
1759483454.4486248,3,-1,-31
1759483454.4846249,-3,3,-46
1759483454.523625,-3,1,-43
1759483454.5606248,-2,-2,-41
1759483454.5986247,6,-4,-40
1759483454.6376247,2,1,-41
1759483454.6736248,4,-7,-43
1759483454.7106247,0,-4,-52
1759483454.7486248,0,-2,-51
1759483454.7876248,2,-2,-38
1759483454.8236248,1,0,-45
1759483454.8606248,2,0,-47
1759483454.8996248,5,2,-53
1759483454.9376247,3,4,-38
1759483454.9736247,-7,-1,-39
1759483455.0116248,-6,0,-37
1759483455.0506248,1,1,-43
1759483455.0886247,-4,0,-36
1759483455.125625,-3,-2,-32
1759483455.1626248,-1,3,-42
1759483455.2006247,0,7,-33
1759483455.2396247,8,2,-35
1759483455.2776248,0,0,-35
1759483455.3136249,-3,0,-34
1759483455.352625,1,2,-44
1759483455.3906248,4,2,-35
1759483455.4286249,1,-7,-40
1759483455.464625,0,-3,-42
1759483455.503625,-2,-3,-34
1759483455.5406249,-5,2,-34
1759483455.579625,2,-1,-53
1759483455.6176248,1,2,-44
1759483455.6536248,0,8,-36
1759483455.6906247,0,1,-41
1759483455.7296247,0,-1,-35
1759483455.7676249,0,-1,-39
1759483455.8036249,-1,1,-46
1759483455.8406248,-4,1,-44
1759483455.8796248,2,-3,-39
1759483455.9176247,-4,-7,-41
1759483455.9536247,-1,-6,-44
1759483455.9916248,2,-4,-49
1759483456.0296247,-7,-6,-43
1759483456.0686247,-5,-2,-53
1759483456.1046247,-1,0,-41
1759483456.1426249,4,0,-43
1759483456.181625,0,6,-39
1759483456.2196248,-4,-3,-35
1759483456.263625,0,-3,-45
1759483456.3006248,-8,-6,-45
1759483456.339625,0,0,-37
1759483456.3766248,1,-7,-53
1759483456.4146247,-1,1,-43
1759483456.4516249,-2,-4,-42
1759483456.490625,1,5,-43
1759483456.5286248,0,0,-36
1759483456.5646248,-5,0,-40
1759483456.602625,-3,0,-41
1759483456.6406248,-3,0,-35
1759483456.6786249,2,-8,-45
1759483456.714625,-1,1,-35
1759483456.753625,-6,0,-49
1759483456.7916248,-5,-5,-48
1759483456.829625,-4,-6,-33
1759483456.8666248,-1,-5,-28
1759483456.9036248,-3,-2,-37
1759483456.9416249,2,-6,-26
1759483456.980625,6,0,-37
1759483457.0186248,-5,3,-43
1759483457.0546248,1,3,-39
1759483457.0916247,0,3,-36
1759483457.1306248,-7,3,-44
1759483457.1686249,-6,0,-42
1759483457.204625,-3,-1,-42
1759483457.2426248,2,-5,-41
1759483457.2806249,-8,-2,-35
1759483457.319625,-10,3,-25
1759483457.3566248,0,3,-31
1759483457.3946247,0,0,-40
1759483457.431625,2,4,-42
1759483457.4706247,5,-1,-41
1759483457.5086248,0,2,-38
1759483457.5446248,-2,-1,-45
1759483457.5836248,1,2,-42
1759483457.6206248,1,-1,-47
1759483457.6596248,2,0,-49
1759483457.6956248,0,-2,-39
1759483457.7336247,1,-1,-34
1759483457.7706249,9,6,-41
1759483457.809625,1,-4,-32
1759483457.8456247,1,-5,-37
1759483457.8846247,2,-1,-49
1759483457.921625,0,1,-37
1759483457.9606247,-5,-2,-52
1759483457.9966247,-4,-1,-42
1759483458.0356247,-2,-5,-39
1759483458.0736248,0,5,-43
1759483458.1116247,0,6,-29
1759483458.1496248,-11,-1,-33
1759483458.1856248,-5,-2,-28
1759483458.2246249,-4,0,-33
1759483458.2616248,-6,6,-44
1759483458.3006248,-1,1,-40
1759483458.3366249,0,-3,-43
1759483458.3746247,-6,0,-47
1759483458.411625,6,-1,-47
1759483458.4506247,2,0,-40
1759483458.4866247,-1,0,-40
1759483458.5246248,7,1,-48
1759483458.5616248,4,6,-39
1759483458.6006248,0,1,-45
1759483458.6366248,0,3,-39
1759483458.6746247,-5,0,-45
1759483458.7116249,0,-2,-39
1759483458.750625,4,2,-40
1759483458.786625,3,0,-42
1759483458.8246248,5,0,-47
1759483458.8616247,0,-4,-41
1759483458.9006248,-2,-3,-40
1759483458.9366248,-3,-1,-49
1759483458.9746249,0,-4,-53
1759483459.0126247,-2,-1,-37
1759483459.0516248,3,1,-55
1759483459.089625,0,-10,-47
1759483459.125625,-1,-9,-59
1759483459.1636248,2,-2,-40
1759483459.2016249,4,1,-37
1759483459.240625,0,3,-39
1759483459.276625,0,-4,-44
1759483459.3146248,6,-2,-50
1759483459.352625,5,-5,-37
1759483459.3916247,4,-2,-23
1759483459.4296248,2,-2,-37
1759483459.4656248,1,1,-37
1759483459.503625,-6,-1,-34
1759483459.5416248,-3,3,-36
1759483459.579625,-2,3,-43
1759483459.615625,-2,1,-36
1759483459.6546247,0,6,-31
1759483459.6926248,5,0,-34
1759483459.730625,0,1,-31
1759483459.7666247,-5,4,-39
1759483459.8046248,-5,-2,-28
1759483459.842625,0,-11,-37
1759483459.8816247,4,-4,-41
1759483459.9176247,-1,-1,-52
1759483459.9556248,-4,0,-54
1759483459.9936247,0,-4,-42
1759483460.0326247,0,-12,-45
1759483460.0706248,9,0,-43
1759483460.1066248,5,5,-34
1759483460.1436248,0,1,-36
1759483460.1826248,-2,5,-37
1759483460.2206247,0,7,-38
1759483460.2566247,-4,0,-44
1759483460.2936249,-8,-5,-44
1759483460.332625,-1,-4,-34
1759483460.3706248,3,-6,-42
1759483460.4066248,2,-3,-47
1759483460.4456248,-1,0,-36
1759483460.4826248,0,-6,-45
1759483460.5216248,-1,-1,-41
1759483460.5576248,-13,0,-46
1759483460.5956247,-4,5,-38
1759483460.6346247,0,0,-32
1759483460.6726248,2,-1,-33
1759483460.7106247,1,4,-34
1759483460.7466247,0,2,-34
1759483460.7846248,-4,5,-35
1759483460.8226247,1,-2,-39
1759483460.8606248,5,-2,-44
1759483460.8966248,1,-8,-47
1759483460.934625,4,4,-42
1759483460.9726248,-2,4,-45
1759483461.010625,2,-5,-34
1759483461.046625,7,-3,-40
1759483461.0856247,7,4,-45
1759483461.1226249,6,-1,-60
1759483461.161625,-4,1,-43
1759483461.1976247,-4,7,-43
1759483461.2356248,0,5,-32
1759483461.273625,-3,4,-31
1759483461.3126247,6,1,-29
1759483461.3506248,6,3,-40
1759483461.3866248,-3,5,-37
1759483461.4236248,2,3,-35
1759483461.4626248,0,0,-53
1759483461.4996247,3,0,-35
1759483461.536625,-1,2,-39
1759483461.5756247,-2,6,-50
1759483461.612625,5,-7,-50
1759483461.651625,0,-1,-37
1759483461.6876247,0,-2,-51
1759483461.7256248,3,-2,-50
1759483461.7626247,3,-3,-42
1759483461.8016248,9,-4,-48
1759483461.8376248,2,0,-51
1759483461.875625,-1,3,-42
1759483461.9126248,2,0,-43
1759483461.9516249,-2,4,-29
1759483461.987625,-2,3,-32
1759483462.0256248,-3,0,-31
1759483462.0626247,-5,-1,-21
1759483462.1016247,0,1,-34
1759483462.1376247,0,0,-43
1759483462.1756248,1,-8,-49
1759483462.2136247,5,-2,-36
1759483462.2516248,0,-1,-43
1759483462.2876248,-8,-3,-42
1759483462.3256247,0,0,-39
1759483462.3636248,2,-4,-40
1759483462.4026248,4,-3,-39
1759483462.4386249,3,-2,-39
1759483462.4756248,6,-11,-37
1759483462.513625,3,0,-48
1759483462.5526247,-2,5,-43
1759483462.5886247,-2,-2,-46
1759483462.6276248,-3,-1,-36
1759483462.6646247,-3,1,-36
1759483462.7036247,-1,6,-32
1759483462.7416248,-3,-2,-45
1759483462.7786248,0,3,-45
1759483462.8166249,0,3,-39
1759483462.8536248,-5,-2,-51
1759483462.8926249,0,-4,-36
1759483462.9286249,-1,1,-37
1759483462.9666247,2,0,-45
1759483463.0046248,-2,-2,-38
1759483463.0436249,0,-3,-43
1759483463.0816247,-4,1,-53
1759483463.1176248,-3,2,-35
1759483463.1556249,4,4,-41
1759483463.1936247,0,-1,-49
1759483463.2296247,1,-6,-43
1759483463.2686248,5,-2,-34
1759483463.3056247,6,-1,-48
1759483463.3446248,1,5,-40
1759483463.3826249,-3,2,-45
1759483463.4186249,2,3,-38
1759483463.4556248,-6,-3,-38
1759483463.4936247,-10,0,-28
1759483463.5326247,0,5,-44
1759483463.5686247,-8,3,-41
1759483463.605625,3,3,-39
1759483463.6446247,-2,-4,-34
1759483463.6826248,2,-2,-33
1759483463.7186248,1,-1,-39
1759483463.7576249,2,-1,-39
1759483463.7956247,4,2,-35
1759483463.8336248,1,-3,-35
1759483463.8696249,5,-5,-36
1759483463.9076247,3,2,-44
1759483463.9466248,1,3,-34
1759483463.9846249,0,-2,-40
1759483464.0226247,5,3,-46
1759483464.0586247,4,-2,-40
1759483464.0966249,1,-7,-38
1759483464.1346247,-1,0,-42
1759483464.1736248,-1,1,-48
1759483464.2096248,0,3,-47
1759483464.2466247,3,6,-44
1759483464.2856247,2,-3,-46
1759483464.3236248,0,1,-51
1759483464.3596249,2,1,-38
1759483464.3966248,5,-1,-32
1759483464.4356248,7,1,-48
1759483464.4736247,-4,-4,-50
1759483464.5096247,0,-2,-45
1759483464.5476248,-3,1,-46
1759483464.5856247,-2,3,-27
1759483464.6246247,-1,2,-39
1759483464.6626248,3,-1,-34
1759483464.6986248,4,-3,-43
1759483464.7366247,-6,3,-39
1759483464.7756248,-4,-2,-52
1759483464.8136249,-5,-5,-44
1759483464.8496249,-6,0,-45
1759483464.888625,-5,-4,-54
1759483464.9266248,-2,0,-42
1759483464.964625,-10,-2,-43
1759483465.000625,0,-2,-36
1759483465.0386248,6,1,-35
1759483465.0766249,-1,4,-28
1759483465.1146247,-12,3,-26
1759483465.1536248,4,1,-36
1759483465.1896248,-3,2,-41
1759483465.227625,0,3,-42
1759483465.2656248,4,-2,-43
1759483465.3046248,1,-3,-46
1759483465.3406248,3,-5,-55
1759483465.3796248,-3,-4,-42
1759483465.4176247,-5,-5,-41
1759483465.4556248,0,-6,-52
1759483465.4936247,2,-4,-44
1759483465.5296247,4,-7,-47
1759483465.5676248,2,-2,-48
1759483465.605625,3,5,-37
1759483465.6436248,-1,0,-35
1759483465.6796248,-4,-2,-37
1759483465.7186248,-1,-3,-34
1759483465.7556248,3,0,-28
1759483465.7946248,0,0,-40
1759483465.8306248,-8,-4,-46
1759483465.8686247,1,-6,-37
1759483465.9066248,3,-3,-28
1759483465.9456248,-7,-3,-34
1759483465.9836247,0,-4,-36
1759483466.0196247,0,-3,-38
1759483466.0586247,0,-3,-42
1759483466.0966249,6,2,-38
1759483466.1346247,-4,-3,-30
1759483466.171625,-2,1,-25
1759483466.2096248,4,-3,-34
1759483466.2476249,0,-2,-30
1759483466.2916248,-5,-3,-34
1759483466.3286247,6,0,-29
1759483466.3676248,11,-1,-41
1759483466.4056249,-2,-4,-47
1759483466.4436247,4,1,-38
1759483466.4796247,5,6,-38
1759483466.5176249,7,-3,-41
1759483466.5556247,-2,-2,-30
1759483466.5916247,-2,0,-23
1759483466.628625,-6,-3,-35
1759483466.6676247,-6,-3,-36
1759483466.7056248,-2,2,-36
1759483466.7416248,0,4,-32
1759483466.7806249,0,3,-23
1759483466.8186247,0,5,-43
1759483466.8566248,-4,-2,-42
1759483466.8946247,2,0,-38
1759483466.9306247,3,-3,-36
1759483466.9696248,9,-7,-44
1759483467.0066247,4,0,-43
1759483467.0456247,3,-7,-48
1759483467.0816247,2,-8,-43
1759483467.1196249,3,-5,-53
1759483467.1566248,4,-6,-37
1759483467.1956248,8,-5,-42
1759483467.2316248,6,1,-32
1759483467.2696247,4,0,-33
1759483467.3086247,6,-2,-46
1759483467.3466249,-5,-2,-39
1759483467.3846247,-8,0,-26
1759483467.4206247,-7,-4,-32
1759483467.4586248,-1,0,-35
1759483467.4976249,0,0,-19
1759483467.5356247,0,-3,-21
1759483467.5716248,1,5,-30
1759483467.6086247,-6,1,-34
1759483467.6476247,2,0,-34
1759483467.6856248,1,9,-40
1759483467.7216249,0,-2,-45
1759483467.7586248,-1,-3,-41
1759483467.796625,0,0,-39
1759483467.8356247,-1,-1,-35
1759483467.8716247,-6,3,-28
1759483467.9106247,-8,3,-32
1759483467.9486248,-1,-3,-33
1759483467.9866247,4,-1,-41
1759483468.0246248,6,-1,-40
1759483468.0606248,6,-1,-34
1759483468.0986247,2,-1,-33
1759483468.1376247,2,0,-42
1759483468.1756248,-2,-1,-27
1759483468.2116249,2,0,-38
1759483468.2486248,13,-5,-44
1759483468.286625,3,-3,-38
1759483468.3256247,4,0,-37
1759483468.3616247,-1,-2,-25
1759483468.3996248,-6,5,-20
1759483468.4376247,0,5,-30
1759483468.4766247,3,-6,-39
1759483468.5126247,0,-8,-42
1759483468.5496247,10,-5,-29
1759483468.5876248,3,-3,-34
1759483468.6266248,0,-3,-37
1759483468.6636248,4,4,-29
1759483468.7016249,0,6,-36
1759483468.7386248,1,4,-40
1759483468.7776248,2,2,-41
1759483468.8156247,0,2,-35
1759483468.8516247,3,4,-35
1759483468.888625,5,3,-36
1759483468.9276247,2,2,-43
1759483468.9656248,-7,-1,-30
1759483469.0016248,-2,0,-38
1759483469.0386248,-1,2,-45
1759483469.0776248,-3,2,-36
1759483469.115625,3,-6,-50
1759483469.151625,-2,-4,-40
1759483469.1906247,2,-4,-32
1759483469.227625,6,-4,-24
1759483469.2666247,-6,0,-35
1759483469.3026247,-5,0,-47
1759483469.3406248,-1,-1,-43
1759483469.378625,6,-3,-37
1759483469.4176247,2,-8,-42
1759483469.4556248,9,0,-42
1759483469.4916248,7,-4,-30
1759483469.5306249,0,-3,-31
1759483469.5686247,0,0,-48
1759483469.6066248,1,-3,-36
1759483469.6426249,-6,-3,-31
1759483469.681625,2,-2,-45
1759483469.7186248,4,0,-40
1759483469.7576249,-2,-2,-41
1759483469.7956247,0,-3,-35
1759483469.8316247,2,-7,-41
1759483469.8686247,-1,-1,-31
1759483469.9076247,0,-6,-29
1759483469.9456248,0,0,-45
1759483469.9816248,-2,-6,-43
1759483470.0206249,3,3,-42
1759483470.0576248,1,7,-48
1759483470.0966249,-2,-1,-46
1759483470.1326249,6,0,-33
1759483470.1706247,3,8,-33
1759483470.207625,3,4,-40
1759483470.2466247,-2,0,-38
1759483470.2826247,-3,0,-39
1759483470.3206248,-2,-1,-37
1759483470.3576248,-3,0,-37
1759483470.3966248,-3,1,-43
1759483470.4326248,-7,0,-54
1759483470.4706247,0,-5,-43
1759483470.5076249,0,-5,-35
1759483470.546625,-3,0,-37
1759483470.582625,6,1,-41
1759483470.6206248,7,3,-36
1759483470.6576247,-1,4,-44
1759483470.6966248,12,0,-37
1759483470.7326248,6,1,-47
1759483470.7706249,4,5,-34
1759483470.8086247,-2,5,-37
1759483470.8466249,1,3,-37
1759483470.8826249,0,1,-45
1759483470.9206247,1,1,-48
1759483470.9586248,0,-8,-47
1759483470.9966247,-4,-3,-46
1759483471.0326247,0,-6,-39
1759483471.0706248,8,-9,-47
1759483471.1086247,8,-9,-43
1759483471.1466248,0,-10,-39
1759483471.1826248,1,-2,-38
1759483471.2206247,4,-6,-38
1759483471.2586248,4,-8,-40
1759483471.296625,3,-10,-34
1759483471.332625,1,-6,-42
1759483471.3706248,6,0,-39
1759483471.408625,4,1,-48
1759483471.4476247,0,-4,-43
1759483471.4836247,0,-7,-34
1759483471.5206249,6,-9,-40
1759483471.5586247,3,-10,-40
1759483471.5976248,0,-6,-36
1759483471.6336248,1,-2,-46
1759483471.671625,6,0,-46
1759483471.7106247,-1,3,-31
1759483471.7486248,-8,-5,-27
1759483471.7846248,-11,-2,-23
1759483471.8236248,-3,0,-33
1759483471.8606248,-1,-1,-43
1759483471.898625,0,-2,-41
1759483471.9376247,11,0,-24
1759483471.9736247,5,-4,-25
1759483472.0126247,3,1,-43
1759483472.0496247,-1,0,-34
1759483472.0886247,-3,6,-54
1759483472.1246247,-4,2,-34
1759483472.1626248,4,-4,-39
1759483472.2006247,0,0,-38
1759483472.2386248,5,-6,-46
1759483472.2746248,0,-2,-47
1759483472.3116248,-2,0,-47
1759483472.3506248,-2,4,-43
1759483472.388625,8,-4,-35
1759483472.4246247,1,4,-39
1759483472.4626248,7,0,-40
1759483472.4996247,0,4,-38
1759483472.5386248,2,7,-36
1759483472.5746248,-1,7,-44
1759483472.6116247,4,0,-38
1759483472.6496248,10,0,-38
1759483472.6886249,-1,-1,-37
1759483472.7246249,-6,2,-34
1759483472.763625,-5,-10,-41
1759483472.8006248,-6,-6,-41
1759483472.839625,-2,-3,-48
1759483472.8776248,2,3,-40
1759483472.9136248,0,0,-40
1759483472.9506247,-6,0,-38
1759483472.9896247,-3,1,-35
1759483473.0276248,-8,-1,-30
1759483473.0646248,0,3,-36
1759483473.1016247,-4,-1,-27
1759483473.1396248,-3,-6,-31
1759483473.1786249,-1,4,-38
1759483473.214625,2,0,-32
1759483473.253625,3,-2,-35
1759483473.2916248,5,0,-33
1759483473.329625,-2,2,-42
1759483473.3676248,-3,5,-35
1759483473.4046247,6,2,-37
1759483473.4416249,4,3,-31
1759483473.480625,-1,6,-39
1759483473.5186248,-1,1,-40
1759483473.5546248,3,-5,-48
1759483473.592625,6,2,-37
1759483473.6306248,2,5,-26
1759483473.6696248,5,-1,-32
1759483473.7056248,-2,0,-37
1759483473.7436247,0,2,-38
1759483473.7826247,-3,-4,-51
1759483473.819625,-2,-4,-40
1759483473.8586247,-1,-3,-32
1759483473.8946247,-2,-4,-34
1759483473.9336247,4,-5,-38
1759483473.9716249,1,0,-39
1759483474.0096247,0,-4,-34
1759483474.0456247,-5,-4,-24
1759483474.0836248,0,7,-25
1759483474.1216247,3,5,-29
1759483474.1596248,-1,-4,-39
1759483474.1986248,3,-5,-30
1759483474.2346249,-2,-6,-27
1759483474.2726247,-3,0,-32
1759483474.3106248,-13,-6,-44
1759483474.3496249,-1,-3,-32
1759483474.385625,7,-3,-34
1759483474.4246247,0,-4,-38
1759483474.4616249,-3,-2,-33
1759483474.500625,4,2,-40
1759483474.5386248,4,-1,-43
1759483474.5746248,3,0,-45
1759483474.612625,7,0,-39
1759483474.6506248,5,-3,-47
1759483474.6886249,3,-3,-38
1759483474.7246249,5,0,-38
1759483474.7616248,3,5,-28
1759483474.8006248,1,3,-36
1759483474.8386247,3,2,-29
1759483474.8746247,8,5,-36
1759483474.9126248,1,0,-33
1759483474.9506247,5,2,-32
1759483474.9886248,2,-5,-38
1759483475.0246248,4,-3,-42
1759483475.0616248,7,4,-39
1759483475.1006248,12,1,-32
1759483475.138625,-5,4,-46
1759483475.1746247,-1,6,-49
1759483475.2116249,0,0,-46
1759483475.250625,-5,0,-47
1759483475.286625,-6,-1,-36
1759483475.3256247,6,0,-36
1759483475.3636248,2,-10,-34
1759483475.4006248,1,-8,-31
1759483475.4396248,-1,-2,-37
1759483475.4756248,-7,-1,-42
1759483475.513625,4,-3,-41
1759483475.5516248,2,-1,-40
1759483475.5906248,1,-3,-41
1759483475.6266248,0,-5,-45
1759483475.6646247,4,-6,-46
1759483475.7036247,3,0,-46
1759483475.740625,-3,2,-34
1759483475.7796247,0,4,-26
1759483475.8156247,-3,3,-32
1759483475.852625,-12,-4,-40
1759483475.8916247,-4,3,-34
1759483475.9296248,1,0,-25
1759483475.9656248,-3,2,-28
1759483476.0046248,-4,-3,-32
1759483476.0426247,-1,0,-32
1759483476.0806248,4,1,-25
1759483476.1166248,0,-4,-23
1759483476.1546247,-5,-5,-41
1759483476.1926248,-3,0,-43
1759483476.230625,-4,0,-43
1759483476.2666247,-7,1,-36
1759483476.3126247,-2,0,-32
1759483476.3506248,0,-3,-28
1759483476.3876247,0,-1,-40
1759483476.4256248,1,-5,-35
1759483476.4636247,2,-7,-33
1759483476.5016248,3,-4,-42
1759483476.5396247,3,2,-34
1759483476.5756247,6,0,-38
1759483476.6136248,9,4,-40
1759483476.651625,2,0,-50
1759483476.6896248,1,0,-50
1759483476.7256248,0,-1,-40
1759483476.763625,8,-3,-33
1759483476.8016248,0,0,-37
1759483476.839625,0,0,-38
1759483476.875625,2,3,-40
1759483476.9136248,-3,0,-45
1759483476.9516249,-1,1,-48
1759483476.987625,1,0,-43
1759483477.0246248,2,-2,-26
1759483477.0636249,-3,-3,-26
1759483477.1016247,0,-6,-48
1759483477.1376247,5,-5,-33
1759483477.1746247,1,9,-48
1759483477.2136247,0,4,-41
1759483477.2516248,0,3,-36
1759483477.2876248,0,-3,-40
1759483477.3246248,4,2,-41
1759483477.3636248,7,-4,-39
1759483477.401625,3,-2,-44
1759483477.4376247,-3,-2,-41
1759483477.4766247,-1,3,-52
1759483477.513625,-1,1,-44
1759483477.5516248,6,0,-42
1759483477.5906248,3,8,-40
1759483477.6266248,-1,6,-36
1759483477.6636248,-7,3,-35
1759483477.7016249,-4,0,-40
1759483477.740625,-9,-2,-49
1759483477.776625,-7,0,-50
1759483477.8146248,0,8,-42
1759483477.852625,5,-5,-35
1759483477.8916247,-7,-3,-34
1759483477.9276247,-8,-5,-35
1759483477.9656248,-1,-5,-37
1759483478.0046248,-6,-2,-39
1759483478.0426247,-1,0,-33
1759483478.0806248,3,-3,-33
1759483478.1166248,4,-1,-42
1759483478.1536248,1,1,-45
1759483478.1926248,4,-3,-32
1759483478.230625,3,4,-46
1759483478.2666247,-1,1,-50
1759483478.3036249,2,2,-53
1759483478.342625,8,-2,-37
1759483478.3806248,5,-9,-37
1759483478.4166248,3,-6,-37
1759483478.454625,-4,-3,-42
1759483478.4936247,-1,0,-43
1759483478.5316248,-1,-8,-43
1759483478.5676248,0,-5,-44
1759483478.6046247,0,4,-48
1759483478.6436248,-8,0,-34
1759483478.681625,-6,-10,-27
1759483478.717625,-2,-4,-28
1759483478.7566247,-7,-1,-28
1759483478.7936249,-2,1,-37
1759483478.832625,-1,1,-38
1759483478.8686247,-4,3,-41
1759483478.9066248,5,-4,-50
1759483478.9436247,5,-10,-53
1759483478.9826248,6,1,-40
1759483479.0186248,6,1,-34
1759483479.056625,-1,-3,-42
1759483479.0936248,-4,-8,-50
1759483479.1326249,-8,-1,-40
1759483479.1686249,0,2,-36
1759483479.2066247,-4,-8,-41
1759483479.2436247,4,1,-44
1759483479.2826247,5,4,-51
1759483479.3186247,-6,-1,-52
1759483479.3566248,-1,0,-56
1759483479.3946247,7,-5,-42
1759483479.4336247,4,-6,-34
1759483479.4716249,0,0,-36
1759483479.5076249,-3,5,-38
1759483479.546625,-8,-1,-35
1759483479.5846248,-3,-3,-49
1759483479.6226249,2,-4,-48
1759483479.6596248,1,-1,-43
1759483479.6976247,3,3,-49
1759483479.7346249,-7,-4,-37
1759483479.773625,-4,2,-39
1759483479.8116248,-3,5,-38
1759483479.8476248,-2,3,-37
1759483479.885625,4,1,-33
1759483479.9236248,0,-2,-40
1759483479.9626248,1,-2,-54
1759483479.9986248,2,4,-50
1759483480.036625,-2,5,-41
1759483480.0736248,-1,6,-44
1759483480.112625,-8,10,-39
1759483480.148625,-2,-2,-42
1759483480.1866248,3,3,-31
1759483480.2246249,4,4,-35
1759483480.263625,6,3,-45
1759483480.3016248,0,5,-44
1759483480.3376248,0,3,-42
1759483480.375625,1,3,-41
1759483480.4146247,-6,-4,-39
1759483480.4526248,0,0,-38
1759483480.4886248,4,-1,-42
1759483480.5256248,1,3,-45
1759483480.5646248,3,3,-44
1759483480.602625,6,5,-39
1759483480.638625,7,0,-46
1759483480.6756248,0,-4,-48
1759483480.714625,-1,2,-35
1759483480.7526248,3,-9,-44
1759483480.7886248,-2,-6,-45
1759483480.8276248,0,-6,-47
1759483480.865625,0,1,-44
1759483480.9036248,3,-2,-40
1759483480.9396248,-3,5,-33
1759483480.977625,-10,1,-33
1759483481.0156248,0,-1,-47
1759483481.0546248,2,4,-51
1759483481.092625,1,6,-32
1759483481.128625,1,3,-39
1759483481.1666248,-1,2,-32
1759483481.204625,-4,-2,-32
1759483481.2426248,5,0,-38
1759483481.2786248,7,0,-42
1759483481.3156247,12,-2,-46
1759483481.3546247,-6,2,-43
1759483481.3926249,1,0,-33
1759483481.4286249,6,3,-39
1759483481.4666247,-2,0,-40
1759483481.5046248,-8,0,-35
1759483481.5426247,-9,0,-35
1759483481.5786247,-9,0,-39
1759483481.6176248,0,4,-44
1759483481.6556249,-6,5,-40
1759483481.6936247,-4,0,-45
1759483481.7296247,-3,0,-38
1759483481.7686248,0,0,-45
1759483481.8056247,4,3,-49
1759483481.8446248,0,-2,-37
1759483481.8826249,3,4,-35
1759483481.9186249,1,0,-41
1759483481.9556248,-4,0,-41
1759483481.9946249,-4,2,-36
1759483482.0326247,-3,6,-38
1759483482.0686247,-3,8,-40
1759483482.105625,0,5,-38
1759483482.1446247,4,-2,-59
1759483482.1826248,-8,2,-40
1759483482.2186248,-7,2,-36
1759483482.2576249,5,-6,-34
1759483482.2946248,2,-4,-39
1759483482.3336248,1,0,-37
1759483482.3696249,-3,6,-50
1759483482.4076247,7,1,-38
1759483482.444625,0,0,-46
1759483482.4836247,-1,2,-36
1759483482.5196247,-3,0,-42
1759483482.5576248,2,-5,-28
1759483482.5956247,5,0,-31
1759483482.6336248,0,-2,-31
1759483482.6696248,-1,-4,-42
1759483482.707625,8,-1,-47
1759483482.7456248,-3,1,-60
1759483482.7846248,-5,0,-49
1759483482.8206248,4,2,-51
1759483482.8586247,0,5,-54
1759483482.8966248,2,4,-54
1759483482.934625,3,-1,-44
1759483482.9706247,5,-3,-43
1759483483.0076249,0,0,-34
1759483483.0456247,-2,0,-33
1759483483.0846248,-3,-1,-33
1759483483.1206248,-7,0,-31
1759483483.1576247,-2,-1,-45
1759483483.1956248,-2,4,-36
1759483483.2346249,-2,-3,-48
1759483483.2706249,4,-5,-50
1759483483.3076248,4,-3,-52
1759483483.3466249,-6,-3,-41
1759483483.3846247,-2,5,-37
1759483483.4206247,-2,0,-32
1759483483.4586248,-1,-4,-40
1759483483.4956248,-2,2,-41
1759483483.5346248,4,1,-34
1759483483.5706248,7,-2,-37
1759483483.6086247,3,2,-39
1759483483.6456249,0,0,-44
1759483483.684625,0,0,-52
1759483483.7206247,0,0,-41
1759483483.7586248,0,-3,-35
1759483483.7956247,2,2,-23
1759483483.8346248,2,0,-29
1759483483.8706248,6,-2,-37
1759483483.908625,0,0,-38
1759483483.9456248,-2,-5,-37
1759483483.9846249,3,-2,-36
1759483484.0206249,-3,3,-43
1759483484.0586247,-9,5,-40
1759483484.0956247,-1,0,-41
1759483484.1346247,-1,-1,-39
1759483484.1706247,-1,2,-38
1759483484.2096248,1,5,-39
1759483484.2466247,-2,2,-37
1759483484.2856247,-4,7,-42
1759483484.3216248,-2,0,-31
1759483484.3606248,-4,-7,-25
1759483484.398625,-6,0,-43
1759483484.4356248,-6,1,-34
1759483484.4746249,-5,5,-30
1759483484.510625,-4,-4,-38
1759483484.5486248,-8,-2,-37
1759483484.5866249,0,0,-36
1759483484.625625,6,4,-56
1759483484.661625,-3,0,-42
1759483484.6996248,3,-5,-40
1759483484.7366247,5,-5,-38
1759483484.7756248,-1,-3,-38
1759483484.8116248,-9,-4,-35
1759483484.8506248,0,-4,-37
1759483484.8876247,7,1,-33
1759483484.9266248,2,9,-34
1759483484.964625,3,7,-27
1759483485.000625,9,-2,-37
1759483485.0396247,-2,3,-37
1759483485.0776248,1,0,-42
1759483485.115625,-4,-7,-47
1759483485.151625,-4,-3,-39
1759483485.1906247,-1,-1,-39
1759483485.227625,0,0,-37
1759483485.2666247,1,1,-40
1759483485.3046248,-4,6,-44
1759483485.3406248,-3,0,-38
1759483485.3776248,0,-2,-32
1759483485.4166248,0,0,-32
1759483485.454625,0,5,-38
1759483485.490625,0,0,-45
1759483485.5276248,-5,3,-34
1759483485.5666249,1,-1,-34
1759483485.6046247,-7,6,-32
1759483485.6406248,0,4,-36
1759483485.6776247,-4,0,-40
1759483485.7166247,0,4,-39
1759483485.7526248,-9,3,-37
1759483485.7906249,1,0,-41
1759483485.8286247,5,-4,-47
1759483485.8676248,-2,-5,-37
1759483485.9056249,-3,0,-40
1759483485.9416249,-5,2,-35
1759483485.9796247,-9,0,-42
1759483486.0186248,7,0,-41
1759483486.056625,7,-1,-36
1759483486.0936248,7,-4,-57
1759483486.1306248,-1,-2,-48
1759483486.1686249,1,0,-45
1759483486.207625,6,-3,-40
1759483486.2456248,-8,-1,-42
1759483486.2816248,0,0,-41
1759483486.3276248,-4,0,-46
1759483486.365625,-1,2,-36
1759483486.401625,4,-4,-47
1759483486.4406247,3,4,-36
1759483486.477625,-3,8,-31
1759483486.5166247,-2,3,-30
1759483486.5526247,0,1,-33
1759483486.5906248,3,-5,-35
1759483486.6276248,8,-1,-35
1759483486.6666248,-8,-4,-33
1759483486.7026248,-1,-4,-34
1759483486.740625,-1,-4,-41
1759483486.7786248,7,-7,-35
1759483486.8176248,3,-2,-31
1759483486.855625,5,-3,-44
1759483486.8916247,1,-4,-39
1759483486.9306247,2,6,-41
1759483486.9686248,0,8,-41
1759483487.0066247,2,3,-29
1759483487.0436249,3,4,-46
1759483487.0816247,4,0,-57
1759483487.1186247,-3,0,-36
1759483487.1576247,0,0,-33
1759483487.1956248,0,-4,-25
1759483487.2316248,3,0,-35
1759483487.2686248,0,4,-43
1759483487.3076248,0,3,-35
1759483487.3456247,6,2,-36
1759483487.3816247,0,5,-39
1759483487.4186249,3,3,-40
1759483487.457625,0,-1,-40
1759483487.4936247,0,2,-34
1759483487.5306249,10,8,-48
1759483487.5686247,1,-4,-29
1759483487.6076248,-2,1,-43
1759483487.6436248,0,0,-38
1759483487.681625,2,4,-32
1759483487.7196248,0,-7,-35
1759483487.7576249,-5,-1,-29
1759483487.7936249,2,-3,-34
1759483487.8316247,1,2,-38
1759483487.8686247,-3,-7,-32
1759483487.9076247,-5,0,-34
1759483487.9436247,1,0,-37
1759483487.9816248,-2,4,-42
1759483488.0196247,5,-1,-38
1759483488.0576248,3,-4,-40
1759483488.0936248,-2,-9,-41
1759483488.1316247,-4,-2,-39
1759483488.1696248,1,-1,-37
1759483488.2086248,-6,-2,-44
1759483488.2466247,-3,0,-47
1759483488.2826247,-8,2,-48
1759483488.319625,-4,2,-42
1759483488.3586247,-4,-7,-37
1759483488.3966248,-4,-6,-34
1759483488.4326248,-1,2,-42
1759483488.4706247,-4,1,-30
1759483488.5086248,-10,4,-54
1759483488.5476248,-5,2,-48
1759483488.5836248,0,0,-48
1759483488.6226249,-3,-1,-35
1759483488.6606247,5,3,-39
1759483488.6986248,2,4,-43
1759483488.7366247,-3,8,-40
1759483488.7726247,-3,-4,-31
1759483488.8106248,0,-1,-38
1759483488.8486247,7,1,-33
1759483488.8876247,0,-5,-39
1759483488.9236248,9,1,-44
1759483488.9606247,5,-2,-35
1759483488.9986248,7,2,-44
1759483489.0376248,3,2,-46
1759483489.0736248,1,-2,-39
1759483489.1116247,0,4,-35
1759483489.1506248,2,6,-32
1759483489.1886249,-3,5,-35
1759483489.2246249,2,0,-41
1759483489.2616248,-3,-1,-39
1759483489.2996247,-1,1,-43
1759483489.3386247,7,-2,-32
1759483489.3746247,2,2,-37
1759483489.411625,0,1,-29
1759483489.4506247,0,-1,-25
1759483489.4886248,0,0,-42
1759483489.5246248,-2,0,-44
1759483489.5636249,0,2,-33
1759483489.6016247,3,0,-48
1759483489.638625,0,3,-43
1759483489.6776247,-2,0,-42
1759483489.7136247,-2,0,-43
1759483489.7516248,1,2,-53
1759483489.7896247,2,-4,-36
1759483489.8276248,3,-3,-48
1759483489.8636248,-4,-5,-41
1759483489.901625,9,1,-47
1759483489.9406247,1,-2,-43
1759483489.9786248,4,-8,-33
1759483490.0146248,-1,-11,-55
1759483490.0526247,-1,1,-34
1759483490.0916247,-9,-4,-38
1759483490.1296248,0,-3,-45
1759483490.1676247,-4,-7,-50
1759483490.2036247,-2,-2,-43
1759483490.2416248,-4,0,-39
1759483490.2806249,3,-1,-31
1759483490.3186247,2,-3,-48
1759483490.3546247,2,2,-46
1759483490.3926249,2,0,-50
1759483490.431625,-1,7,-46
1759483490.4696248,-2,-2,-43
1759483490.5076249,1,-3,-44
1759483490.5436249,1,-4,-50
1759483490.5816247,-1,-5,-54
1759483490.6196249,8,-5,-41
1759483490.6576247,5,0,-39
1759483490.6936247,4,-1,-34
1759483490.7316248,0,-1,-31
1759483490.7696247,-7,0,-35
1759483490.8076248,-2,-1,-43
1759483490.8436248,-12,-4,-42
1759483490.8816247,-5,5,-47
1759483490.9196248,0,4,-43
1759483490.9586248,4,0,-45
1759483490.9946249,0,-1,-43
1759483491.0326247,-12,-3,-48
1759483491.0706248,-8,2,-44
1759483491.1096249,2,0,-36
1759483491.1456249,0,-1,-34
1759483491.1836247,0,-1,-48
1759483491.2226248,-3,-2,-42
1759483491.260625,5,8,-38
1759483491.2986248,3,5,-47
1759483491.3346248,-3,2,-46
1759483491.3716247,0,3,-36
1759483491.4106247,6,0,-39
1759483491.4486248,-6,1,-41
1759483491.4846249,0,0,-34
1759483491.5226247,-4,-1,-40
1759483491.5606248,3,-2,-36
1759483491.5986247,1,-2,-35
1759483491.6346247,-2,-5,-42
1759483491.6736248,0,-1,-37
1759483491.7116249,-4,-7,-38
1759483491.7496247,0,-1,-29
1759483491.7856247,0,3,-47
1759483491.8236248,-9,6,-39
1759483491.8606248,-3,1,-39
1759483491.8996248,-5,6,-46
1759483491.9356248,5,2,-48
1759483491.9736247,0,7,-40
1759483492.0116248,-4,0,-37
1759483492.0496247,-5,2,-42
1759483492.0856247,1,1,-42
1759483492.1236248,3,4,-36
1759483492.1606247,3,4,-31
1759483492.1996248,1,6,-38
1759483492.2356248,-6,-1,-33
1759483492.2746248,-2,0,-34
1759483492.3116248,-3,0,-28
1759483492.3506248,0,-7,-31
1759483492.388625,2,0,-46
1759483492.4246247,1,-3,-50
1759483492.4626248,0,6,-48
1759483492.5016248,3,5,-41
1759483492.5396247,1,-1,-47
1759483492.5756247,-3,-1,-55
1759483492.6146247,3,-1,-50
1759483492.651625,4,2,-51
1759483492.6906247,0,2,-46
1759483492.7266247,-6,1,-38
1759483492.7646248,-2,3,-37
1759483492.8026247,-4,-1,-36
1759483492.8406248,-3,1,-46
1759483492.8796248,0,-8,-39
1759483492.9156249,0,-5,-39
1759483492.9526248,-7,-4,-41
1759483492.990625,-7,-5,-29
1759483493.0296247,-12,5,-41
1759483493.0656247,-7,0,-33
1759483493.1036248,-3,3,-37
1759483493.1426249,-6,-4,-35
1759483493.1806247,0,0,-34
1759483493.2166247,-1,3,-31
1759483493.253625,5,8,-39
1759483493.2916248,-3,6,-42
1759483493.3306248,3,1,-34
1759483493.3666248,-6,1,-33
1759483493.4036248,-5,0,-37
1759483493.4426248,-8,4,-49
1759483493.480625,-1,0,-43
1759483493.5166247,1,0,-41
1759483493.5536249,-2,-5,-39
1759483493.5916247,1,2,-37
1759483493.6306248,0,3,-35
1759483493.6666248,-1,2,-38
1759483493.704625,0,-5,-30
1759483493.7436247,5,-2,-26
1759483493.7816248,3,1,-28
1759483493.819625,-1,0,-38
1759483493.855625,-2,-2,-44
1759483493.8936248,-4,-1,-45
1759483493.931625,0,0,-38
1759483493.9706247,-4,-3,-38
1759483494.0066247,-4,-7,-37
1759483494.0446248,5,1,-35
1759483494.082625,1,-5,-48
1759483494.1216247,-1,-6,-46
1759483494.1596248,-7,0,-38
1759483494.1956248,3,1,-36
1759483494.2336247,6,1,-48
1759483494.2716248,2,-3,-30
1759483494.309625,6,1,-40
1759483494.3456247,-3,3,-39
1759483494.3846247,0,10,-40
1759483494.4226248,5,-2,-37
1759483494.4606247,-1,0,-36
1759483494.4966247,-6,2,-48
1759483494.5346248,0,2,-46
1759483494.5736248,1,0,-48
1759483494.6116247,-1,4,-34
1759483494.6476247,1,1,-37
1759483494.684625,0,-1,-38
1759483494.7226248,1,-4,-42
1759483494.7616248,8,-3,-39
1759483494.7976248,2,-3,-43
1759483494.8346248,2,-3,-36
1759483494.8726249,-1,1,-26
1759483494.911625,-7,4,-42
1759483494.9476247,-2,2,-32
1759483494.9866247,-4,-2,-31
1759483495.023625,0,-3,-42
1759483495.0626247,-3,-2,-38
1759483495.1006248,1,-2,-41
1759483495.1366248,3,-4,-33
1759483495.1746247,1,4,-38
1759483495.2136247,0,2,-32
1759483495.2516248,-9,2,-37
1759483495.2876248,5,-1,-39
1759483495.3266249,7,-5,-37
1759483495.3636248,2,-8,-46
1759483495.4026248,1,-3,-48
1759483495.4406247,0,-1,-51
1759483495.4766247,0,0,-42
1759483495.513625,3,0,-41
1759483495.5526247,6,1,-40
1759483495.5906248,7,-4,-39
1759483495.6266248,6,-2,-34
1759483495.6636248,4,3,-41
1759483495.7026248,5,5,-38
1759483495.740625,5,7,-39
1759483495.776625,4,8,-43
1759483495.8136249,6,5,-39
1759483495.852625,0,1,-40
1759483495.8906248,0,0,-37
1759483495.9266248,1,-2,-38
1759483495.964625,-1,0,-43
1759483496.0026248,-1,3,-54
1759483496.0416248,1,-1,-52
1759483496.0776248,3,-1,-52
1759483496.1166248,0,1,-52
1759483496.1546247,-6,-5,-38
1759483496.1926248,-1,0,-46
1759483496.2286248,-9,3,-33
1759483496.2676249,-3,1,-37
1759483496.3056247,0,0,-34
1759483496.3496249,0,-1,-33
1759483496.3876247,3,-4,-38
1759483496.4256248,4,2,-44
1759483496.4636247,5,1,-45
1759483496.5016248,-3,-6,-53
1759483496.5376248,-1,-6,-55
1759483496.5756247,0,-6,-44
1759483496.6146247,-4,2,-43
1759483496.6526248,-5,1,-36
1759483496.6886249,0,1,-43
1759483496.7256248,0,-2,-39
1759483496.763625,2,0,-48
1759483496.8026247,3,2,-39
1759483496.8386247,6,-4,-42
1759483496.8766248,4,-3,-41
1759483496.9146247,9,0,-38
1759483496.9536247,0,1,-42
1759483496.9916248,6,-5,-37
1759483497.0276248,-5,-5,-46
1759483497.0666249,-6,-4,-40
1759483497.1036248,-1,-4,-37
1759483497.1426249,0,-3,-37
1759483497.1786249,-2,2,-36
1759483497.2166247,-2,4,-42
1759483497.2546248,0,0,-33
1759483497.2926247,8,0,-41
1759483497.3286247,4,3,-44
1759483497.3666248,1,-1,-45
1759483497.4046247,4,0,-46
1759483497.4426248,4,2,-37
1759483497.4786248,0,10,-46
1759483497.5166247,-6,0,-40
1759483497.5536249,-5,-5,-41
1759483497.592625,-1,-1,-43
1759483497.6296248,4,0,-39
1759483497.6666248,3,0,-32
1759483497.7056248,-3,-4,-39
1759483497.7436247,-3,1,-44
1759483497.7816248,0,2,-51
1759483497.8176248,0,1,-50
1759483497.855625,0,-1,-32
1759483497.8936248,-7,1,-24
1759483497.9296248,-9,-4,-37
1759483497.967625,0,1,-36
1759483498.0066247,3,-4,-32
1759483498.0436249,-6,1,-38
1759483498.082625,-7,0,-40
1759483498.1186247,-7,-6,-36
1759483498.1576247,-1,-5,-54
1759483498.194625,-5,0,-50
1759483498.2336247,-1,1,-43
1759483498.2706249,2,-1,-41
1759483498.3076248,-1,-6,-43
1759483498.3466249,3,0,-44
1759483498.3836248,0,0,-31
1759483498.4226248,-2,-3,-34
1759483498.4586248,-3,-3,-36
1759483498.4966247,2,1,-37
1759483498.5346248,2,-4,-30
1759483498.5736248,-3,4,-37
1759483498.6096249,-3,5,-47
1759483498.6466248,6,5,-33
1759483498.684625,-1,1,-38
1759483498.7236247,-2,0,-38
1759483498.7596247,9,-3,-45
1759483498.796625,0,-3,-44
1759483498.8346248,-3,-4,-41
1759483498.8736248,0,-2,-39
1759483498.9096248,0,-6,-35
1759483498.9476247,-5,0,-35
1759483498.9846249,-7,5,-47
1759483499.023625,-4,4,-43
1759483499.059625,4,0,-36
1759483499.0966249,5,0,-58
1759483499.1346247,1,-6,-51
1759483499.1736248,-14,1,-37
1759483499.2096248,-12,0,-35
1759483499.2476249,-6,4,-39
1759483499.2856247,-4,2,-30
1759483499.3246248,-3,3,-26
1759483499.362625,-4,1,-38
1759483499.398625,-6,-1,-37
1759483499.4366248,-5,1,-38
1759483499.4756248,2,3,-38
1759483499.513625,2,4,-47
1759483499.5496247,1,2,-49
1759483499.5866249,1,0,-42
1759483499.6246247,0,1,-42
1759483499.6606247,3,-4,-40
1759483499.6986248,0,0,-32
1759483499.7356248,11,6,-34
1759483499.7746248,-1,0,-32
1759483499.8106248,6,3,-25
1759483499.8476248,-4,0,-33
1759483499.885625,-15,3,-31
1759483499.9246247,-8,-1,-35
1759483499.9606247,-3,-1,-37
1759483499.9996247,0,-5,-41
1759483500.036625,6,0,-43
1759483500.0756247,4,5,-42
1759483500.1136248,3,7,-36
1759483500.1496248,5,4,-34
1759483500.1876247,0,1,-45
1759483500.2256248,-1,-6,-47
1759483500.263625,0,3,-42
1759483500.2996247,-2,-5,-30
1759483500.3386247,-1,-3,-36
1759483500.375625,-1,0,-37
1759483500.4146247,0,1,-46
1759483500.4506247,-3,2,-50
1759483500.4886248,2,7,-48
1759483500.5256248,0,-1,-34
1759483500.5646248,-4,-1,-36
1759483500.6006248,-1,4,-34
1759483500.638625,-7,-2,-31
1759483500.6766248,0,0,-31
1759483500.7156248,-1,-3,-33
1759483500.753625,-5,-7,-39
1759483500.7896247,0,-3,-45
1759483500.8286247,4,-4,-43
1759483500.865625,-3,-1,-46
1759483500.9046247,4,-4,-34
1759483500.9406247,-2,-8,-36
1759483500.9796247,10,0,-35
1759483501.0166247,5,2,-35
1759483501.0556247,-2,2,-49
1759483501.0936248,-10,-2,-43
1759483501.1296248,-8,2,-42
1759483501.1676247,-4,-2,-47
1759483501.2066247,1,-6,-35
1759483501.2446249,0,-5,-31
1759483501.2806249,-2,1,-23
1759483501.3186247,0,4,-39
1759483501.3566248,4,0,-45
1759483501.3956249,4,0,-45
1759483501.431625,-4,-1,-40
1759483501.4696248,-1,-7,-52
1759483501.5086248,-6,-4,-41
1759483501.546625,-2,-2,-43
1759483501.5846248,5,-7,-34
1759483501.6216247,5,-1,-35
1759483501.658625,3,-10,-41
1759483501.6966248,0,-7,-35
1759483501.7356248,-6,3,-29
1759483501.7716248,-4,2,-25
1759483501.8086247,-1,-3,-24
1759483501.8476248,0,-7,-37
1759483501.885625,1,2,-40
1759483501.921625,4,-2,-48
1759483501.9586248,5,-2,-38
1759483501.9966247,7,-4,-36
1759483502.0356247,3,1,-41
1759483502.0716248,-3,1,-46
1759483502.1086247,-4,-3,-46
1759483502.1466248,0,0,-34
1759483502.184625,7,-3,-35
1759483502.2216249,-5,0,-39
1759483502.2596247,-2,0,-49
1759483502.2976248,-1,-3,-50
1759483502.3356247,-1,-2,-52
1759483502.3716247,-3,-4,-47
1759483502.4096248,0,-9,-48
1759483502.4476247,-2,-5,-47
1759483502.4866247,0,-3,-45
1759483502.5246248,0,-5,-40
1759483502.5606248,0,-4,-38
1759483502.5996249,-4,0,-37
1759483502.6366248,-3,3,-36
1759483502.6756248,-10,4,-48
1759483502.7116249,-3,5,-41
1759483502.7496247,-3,1,-44
1759483502.7876248,-5,-5,-36
1759483502.8266249,0,-3,-38
1759483502.8646247,0,-10,-34
1759483502.9006248,-3,-2,-36
1759483502.9386249,-1,-5,-39
1759483502.977625,5,-4,-39
1759483503.0156248,-5,-5,-41
1759483503.0516248,0,-1,-43
1759483503.089625,-2,0,-35
1759483503.1276248,0,0,-31
1759483503.1666248,0,-3,-34
1759483503.2026248,1,0,-40
1759483503.2396247,-3,0,-41
1759483503.2786248,-1,-4,-40
1759483503.3166249,0,1,-39
1759483503.352625,-1,3,-39
1759483503.3916247,2,-3,-48
1759483503.4286249,0,0,-40
1759483503.4666247,4,-6,-38
1759483503.5056248,1,-3,-43
1759483503.5416248,-5,3,-27
1759483503.579625,6,-2,-46
1759483503.6166248,3,-9,-48
1759483503.6556249,2,-6,-31
1759483503.6916249,1,0,-39
1759483503.7286248,10,1,-39
1759483503.7666247,6,-3,-42
1759483503.8056247,3,7,-42
1759483503.8416247,5,2,-43
1759483503.8796248,4,0,-35
1759483503.9176247,0,7,-34
1759483503.9556248,1,-5,-43
1759483503.9916248,-3,-6,-31
1759483504.0296247,0,-4,-35
1759483504.0676248,-5,0,-36
1759483504.1066248,-7,-1,-41
1759483504.1426249,-1,-7,-38
1759483504.1806247,7,0,-34
1759483504.2186248,5,4,-40
1759483504.2576249,-1,3,-33
1759483504.2956247,2,5,-42
1759483504.3316247,1,-2,-31
1759483504.3686247,2,2,-39
1759483504.4076247,-7,0,-39
1759483504.4456248,3,0,-39
1759483504.4816248,0,0,-34
1759483504.5186248,-9,0,-34
1759483504.5576248,-7,4,-33
1759483504.5956247,-4,5,-46
1759483504.6316247,-4,1,-48
1759483504.6686249,0,-7,-42
1759483504.707625,-2,-1,-44
1759483504.7456248,2,2,-34
1759483504.7816248,4,1,-34
1759483504.819625,-6,-4,-30
1759483504.8576248,-1,0,-34
1759483504.8946247,0,0,-34
1759483504.9326248,2,3,-35
1759483504.9696248,6,4,-40
1759483505.0086248,-2,-4,-28
1759483505.046625,1,-5,-39
1759483505.082625,-6,-5,-46
1759483505.1216247,0,7,-43
1759483505.158625,-6,5,-31
1759483505.1976247,-2,3,-50
1759483505.2336247,0,3,-51
1759483505.2716248,2,3,-49
1759483505.3086247,2,4,-40
1759483505.3476248,0,1,-46
1759483505.3836248,0,-1,-47
1759483505.421625,5,-8,-38
1759483505.4586248,2,-3,-38
1759483505.4976249,0,-11,-44
1759483505.533625,0,-7,-43
1759483505.5716248,-2,-4,-41
1759483505.6096249,-5,-2,-48
1759483505.648625,3,-3,-55
1759483505.6866248,2,-6,-47
1759483505.7226248,2,1,-55
1759483505.7596247,5,0,-40
1759483505.7986248,8,5,-44
1759483505.8366249,1,-6,-33
1759483505.8726249,-8,-2,-48
1759483505.9106247,-5,1,-42
1759483505.9496248,1,0,-44
1759483505.987625,7,-1,-39
1759483506.023625,6,-12,-38
1759483506.0626247,-1,-10,-37
1759483506.0996249,0,-11,-39
1759483506.138625,2,-7,-45
1759483506.1766248,-2,-1,-48
1759483506.2126248,6,0,-46
1759483506.250625,0,-2,-39
1759483506.2886248,0,-3,-42
1759483506.3266249,-3,2,-41
1759483506.3716247,0,1,-35
1759483506.408625,-2,-4,-54
1759483506.4476247,-3,5,-47
1759483506.4836247,-2,-5,-54
1759483506.5216248,-2,-3,-49
1759483506.559625,6,3,-50
1759483506.5986247,6,3,-52
1759483506.6346247,-6,2,-50
1759483506.671625,4,2,-37
1759483506.7096248,-1,-3,-39
1759483506.7486248,1,0,-41
1759483506.7846248,-3,-1,-40
1759483506.8226247,-2,0,-39
1759483506.8606248,5,0,-42
1759483506.8996248,-3,-3,-48
1759483506.9376247,-6,0,-37
1759483506.9736247,-9,2,-37
1759483507.0126247,-10,-3,-33
1759483507.0496247,0,-4,-26
1759483507.0886247,0,-1,-40
1759483507.1246247,5,3,-36
1759483507.1626248,1,-2,-30
1759483507.2006247,-2,-4,-42
1759483507.2386248,-5,-3,-43
1759483507.2746248,-5,-4,-42
1759483507.3126247,5,-2,-49
1759483507.3506248,4,1,-38
1759483507.3896248,3,-3,-43
1759483507.4276247,3,-3,-38
1759483507.4636247,-6,-2,-47
1759483507.5016248,-1,2,-42
1759483507.5396247,5,-4,-46
1759483507.5786247,3,-4,-46
1759483507.6146247,5,0,-42
1759483507.651625,2,3,-40
1759483507.6896248,-2,0,-46
1759483507.7286248,-1,0,-40
1759483507.7646248,2,-5,-29
1759483507.8036249,9,-6,-48
1759483507.8416247,-9,-3,-43
1759483507.8796248,0,-4,-32
1759483507.9176247,3,0,-29
1759483507.9536247,0,0,-26
1759483507.9916248,-6,2,-39
1759483508.0296247,-5,0,-37
1759483508.0676248,-1,-3,-41
1759483508.1036248,4,0,-42
1759483508.1406248,-1,0,-37
1759483508.1796248,-1,-11,-38
1759483508.217625,-2,-4,-39
1759483508.253625,-3,0,-34
1759483508.2906249,2,5,-31
1759483508.329625,0,1,-38
1759483508.365625,1,-4,-42
1759483508.4036248,5,1,-38
1759483508.4406247,2,1,-39
1759483508.4796247,2,1,-37
1759483508.5156248,0,0,-36
1759483508.5536249,2,0,-41
1759483508.5906248,-1,-2,-46
1759483508.6296248,-7,-2,-45
1759483508.6656249,-4,-3,-34
1759483508.704625,-5,1,-42
1759483508.7426248,-5,-4,-39
1759483508.7806249,-2,-3,-39
1759483508.8186247,-8,-2,-36
1759483508.8546247,0,1,-41
1759483508.8926249,0,-3,-43
1759483508.9296248,-1,-1,-36
1759483508.9686248,0,0,-36
1759483509.0046248,-5,-3,-48
1759483509.0426247,-1,-6,-46
1759483509.0816247,-4,-3,-46
1759483509.1196249,5,0,-52
1759483509.1556249,6,3,-41
1759483509.1926248,-3,-1,-41
1759483509.230625,4,-11,-49
1759483509.2696247,0,-5,-38
1759483509.3056247,-3,-1,-47
1759483509.3446248,0,-3,-35
1759483509.3816247,1,0,-36
1759483509.4206247,-4,-7,-30
1759483509.4586248,-1,1,-42
1759483509.4946249,2,-2,-41
1759483509.533625,5,-6,-42
1759483509.5706248,7,-9,-41
1759483509.6096249,1,-11,-46
1759483509.6456249,-2,-4,-45
1759483509.6836247,0,-3,-41
1759483509.7226248,-1,-3,-40
1759483509.760625,4,-5,-39
1759483509.7986248,-4,0,-41
1759483509.8346248,-3,0,-38
1759483509.8716247,0,-5,-39
1759483509.9106247,2,-2,-46
1759483509.9486248,-4,1,-40
1759483509.9846249,-5,-1,-45
1759483510.0226247,-2,0,-51
1759483510.0606248,2,-1,-44
1759483510.0996249,-3,-5,-45
1759483510.135625,2,1,-39
1759483510.1726248,3,1,-40
1759483510.2106247,2,-3,-47
1759483510.2496247,0,-3,-33
1759483510.2856247,2,4,-40
1759483510.3226247,3,-5,-30
1759483510.3606248,2,-8,-27
1759483510.3996248,-7,-10,-43
1759483510.4356248,-4,-5,-38
1759483510.4736247,-3,0,-51
1759483510.5116248,-4,3,-35
1759483510.5516248,-3,-1,-42
1759483510.589625,-2,2,-37
1759483510.625625,0,1,-38
1759483510.6646247,5,1,-39
1759483510.7016249,7,-5,-44
1759483510.740625,3,-8,-40
1759483510.776625,0,-11,-46
1759483510.8146248,-6,0,-35
1759483510.8536248,-7,3,-42
1759483510.8916247,-8,0,-38
1759483510.9296248,0,-1,-44
1759483510.9656248,-1,-2,-35
1759483511.0046248,-6,-1,-36
1759483511.0426247,-1,-3,-43
1759483511.0806248,-1,2,-38
1759483511.1166248,-1,-3,-38
1759483511.1556249,2,6,-38
1759483511.1926248,1,0,-46
1759483511.2316248,3,-3,-39
1759483511.2696247,-1,-2,-32
1759483511.3056247,1,2,-31
1759483511.342625,2,-1,-45
1759483511.3816247,9,-2,-38
1759483511.4196248,0,-3,-48
1759483511.4556248,-3,0,-41
1759483511.4926248,0,-9,-32
1759483511.5316248,-8,-2,-35
1759483511.569625,1,-3,-47
1759483511.605625,0,-1,-45
1759483511.6426249,0,-7,-26
1759483511.681625,0,-7,-46
1759483511.7196248,2,-7,-41
1759483511.7556248,5,-7,-46
1759483511.7936249,-3,1,-31
1759483511.8316247,-4,0,-42
1759483511.8706248,0,0,-50
1759483511.9066248,1,-1,-41
1759483511.9456248,6,3,-51
1759483511.9836247,1,-2,-42
1759483512.0216248,0,0,-45
1759483512.0576248,0,-1,-48
1759483512.0956247,0,-5,-45
1759483512.1346247,4,0,-48
1759483512.1726248,2,-4,-38
1759483512.2106247,1,0,-31
1759483512.2466247,1,-2,-41
1759483512.2846248,8,-8,-36
1759483512.3226247,5,-1,-41
1759483512.3606248,0,6,-41
1759483512.3976247,-1,1,-38
1759483512.434625,0,-1,-45
1759483512.4726248,-5,3,-39
1759483512.5116248,1,-4,-28
1759483512.5476248,0,-1,-47
1759483512.5856247,-3,-3,-44
1759483512.6236248,-3,0,-40
1759483512.6626248,1,0,-42
1759483512.7006247,-4,0,-39
1759483512.7366247,-11,1,-36
1759483512.7756248,-2,-1,-46
1759483512.8136249,-3,-6,-42
1759483512.8516247,2,-8,-30
1759483512.8876247,6,0,-34
1759483512.9256248,1,4,-35
1759483512.9626248,-1,2,-51
1759483513.0016248,-1,4,-49
1759483513.0376248,1,2,-58
1759483513.0746248,-2,0,-48
1759483513.1136248,0,3,-36
1759483513.151625,4,0,-36
1759483513.1876247,4,1,-41
1759483513.2246249,-2,-6,-45
1759483513.2626247,1,-5,-32
1759483513.3016248,-6,-2,-35
1759483513.3376248,3,-4,-27
1759483513.3766248,5,5,-38
1759483513.4146247,7,0,-39
1759483513.4526248,2,4,-34
1759483513.490625,1,0,-36
1759483513.526625,0,2,-32
1759483513.5646248,3,0,-36
1759483513.602625,2,4,-41
1759483513.638625,-3,5,-45
1759483513.6766248,6,-4,-34
1759483513.714625,-1,0,-38
1759483513.7526248,-6,3,-34
1759483513.7916248,-2,-4,-36
1759483513.8276248,0,-9,-38
1759483513.865625,2,1,-45
1759483513.9036248,0,0,-42
1759483513.9426248,2,0,-39
1759483513.9786248,7,-3,-36
1759483514.0176249,2,0,-33
1759483514.0556247,1,3,-31
1759483514.0936248,-2,0,-43
1759483514.1316247,1,-5,-34
1759483514.1676247,7,-7,-36
1759483514.204625,10,-3,-21
1759483514.2436247,6,-4,-26
1759483514.2816248,-1,-1,-35
1759483514.3176248,5,-10,-37
1759483514.3566248,3,-2,-38
1759483514.3936248,8,-1,-55
1759483514.4326248,9,-6,-44
1759483514.4686248,5,-2,-42
1759483514.5066247,-2,0,-31
1759483514.5446248,3,-6,-38
1759483514.582625,5,-5,-33
1759483514.6186247,7,-7,-33
1759483514.6566248,6,-8,-35
1759483514.6936247,0,-7,-48
1759483514.7326248,3,-1,-31
1759483514.7686248,-4,-4,-39
1759483514.806625,-1,5,-45
1759483514.8446248,10,-1,-45
1759483514.8826249,5,-5,-42
1759483514.9186249,1,-1,-27
1759483514.957625,4,-3,-30
1759483514.9946249,1,-7,-35
1759483515.033625,3,-1,-39
1759483515.0716248,13,-1,-42
1759483515.1076248,6,-4,-45
1759483515.1456249,4,-5,-47
1759483515.1836247,-2,-2,-34
1759483515.2226248,-1,4,-37
1759483515.2596247,-6,3,-37
1759483515.296625,1,1,-38
1759483515.3356247,-3,4,-44
1759483515.3736248,-5,-6,-49
1759483515.4096248,-5,-7,-39
1759483515.4476247,1,-1,-35
1759483515.4856248,-6,-2,-58
1759483515.523625,-2,2,-47
1759483515.5626247,2,1,-32
1759483515.5986247,0,-2,-28
1759483515.635625,-1,0,-38
1759483515.6736248,-4,0,-41
1759483515.7126248,4,0,-37
1759483515.7486248,2,6,-44
1759483515.7856247,-2,4,-52
1759483515.8236248,0,7,-43
1759483515.862625,3,7,-43
1759483515.898625,-2,6,-36
1759483515.9366248,-5,8,-32
1759483515.9756248,-7,-3,-41
1759483516.013625,-4,2,-40
1759483516.0496247,3,-4,-40
1759483516.0876248,-1,-3,-30
1759483516.1266248,3,-2,-36
1759483516.1646247,5,-5,-36
1759483516.2026248,-3,-3,-51
1759483516.2386248,-5,-4,-37
1759483516.2776248,-8,-2,-46
1759483516.3156247,-5,1,-43
1759483516.3536248,-4,-7,-44
1759483516.3976247,-4,1,-37
1759483516.434625,5,1,-44
1759483516.4736247,-3,-2,-37
1759483516.5096247,-1,-2,-39
1759483516.5486248,-7,-3,-33
1759483516.5856247,-4,-4,-25
1759483516.6236248,-3,10,-35
1759483516.6596248,1,10,-28
1759483516.6976247,1,3,-35
1759483516.7356248,-2,1,-39
1759483516.773625,1,5,-49
1759483516.809625,5,-1,-40
1759483516.8486247,3,-6,-38
1759483516.885625,0,0,-42
1759483516.9246247,-1,0,-40
1759483516.9626248,-3,0,-28
1759483517.000625,-17,-4,-40
1759483517.0376248,0,-2,-42
1759483517.0756247,0,1,-36
1759483517.1146247,2,-4,-45
1759483517.1506248,2,-4,-45
1759483517.1876247,7,-2,-44
1759483517.2256248,0,1,-46
1759483517.2646248,12,2,-37
1759483517.3006248,5,6,-45
1759483517.3376248,5,4,-40
1759483517.375625,-1,0,-32
1759483517.4146247,1,9,-46
1759483517.4506247,0,0,-46
1759483517.487625,-4,-5,-31
1759483517.5256248,-4,0,-31
1759483517.5646248,-2,-1,-36
1759483517.6016247,-4,0,-46
1759483517.6396248,1,-2,-39
1759483517.6766248,-2,3,-39
1759483517.7156248,-1,3,-46
1759483517.753625,0,3,-48
1759483517.7896247,3,-3,-32
1759483517.8276248,4,2,-26
1759483517.865625,0,-6,-32
1759483517.9036248,3,-7,-38
1759483517.9396248,1,0,-34
1759483517.9766247,0,5,-34
1759483518.0156248,11,1,-42
1759483518.0536249,0,-5,-36
1759483518.089625,0,-4,-41
1759483518.1276248,4,-4,-47
1759483518.1656249,6,0,-53
1759483518.2036247,2,1,-50
1759483518.2396247,-2,1,-48
1759483518.2786248,0,2,-33
1759483518.3156247,-2,6,-37
1759483518.3546247,2,-3,-29
1759483518.3906248,1,0,-40
1759483518.4286249,2,-4,-43
1759483518.4666247,5,-5,-33
1759483518.5046248,6,-4,-38
1759483518.5406249,-2,5,-34
1759483518.5786247,0,1,-40
1759483518.6166248,0,2,-37
1759483518.6556249,4,7,-28
1759483518.6936247,-5,0,-41
1759483518.7296247,-4,1,-44
1759483518.7676249,0,-2,-43
1759483518.806625,2,-5,-33
1759483518.8446248,8,-1,-31
1759483518.8806248,-3,1,-34
1759483518.9186249,-4,0,-43
1759483518.9566247,-2,4,-46
1759483518.9946249,-1,1,-39
1759483519.0306249,-6,-2,-40
1759483519.069625,-3,-5,-47
1759483519.1066248,2,0,-49
1759483519.1456249,-2,2,-50
1759483519.181625,-4,0,-48
1759483519.2196248,-2,-2,-39
1759483519.2586248,-1,1,-32
1759483519.2956247,0,7,-29
1759483519.3346248,-2,-1,-41
1759483519.3706248,0,0,-39
1759483519.4076247,0,0,-27
1759483519.4456248,-1,4,-38
1759483519.4846249,-4,0,-34
1759483519.5206249,0,-4,-32
1759483519.5586247,-2,-4,-38
1759483519.5966249,0,2,-28
1759483519.6346247,8,2,-34
1759483519.6706247,4,-1,-39
1759483519.7086248,5,0,-43
1759483519.7466247,5,1,-41
1759483519.7856247,-3,-8,-53
1759483519.8216248,-5,-5,-49
1759483519.8596249,0,-4,-47
1759483519.8976247,0,0,-46
1759483519.9366248,-2,2,-45
1759483519.9746249,1,3,-35
1759483520.010625,-4,3,-29
1759483520.0476248,2,-3,-37
1759483520.0866249,-1,0,-23
1759483520.1246247,2,1,-46
1759483520.1606247,1,-1,-40
1759483520.1976247,-7,-1,-42
1759483520.2366247,-5,0,-43
1759483520.2746248,0,-1,-53
1759483520.3106248,5,-5,-49
1759483520.3476248,5,-4,-44
1759483520.3866248,8,-2,-36
1759483520.4246247,-2,2,-40
1759483520.4606247,-6,0,-31
1759483520.4976249,1,4,-32
1759483520.536625,6,0,-28
1759483520.5736248,4,3,-30
1759483520.6106248,-1,-2,-34
1759483520.6496248,8,-3,-28
1759483520.6866248,6,0,-31
1759483520.7256248,-2,-2,-26
1759483520.7616248,-5,-1,-33
1759483520.7996247,1,1,-48
1759483520.8376248,5,-3,-42
1759483520.8766248,0,0,-47
1759483520.9126248,-3,-5,-50
1759483520.9506247,5,-5,-46
1759483520.9886248,0,-4,-36
1759483521.026625,5,-6,-32
1759483521.0656247,-5,-3,-42
1759483521.1016247,2,-2,-35
1759483521.1406248,-7,1,-36
1759483521.1786249,-6,-7,-35
1759483521.2166247,-9,0,-40
1759483521.2526248,-2,2,-40
1759483521.2916248,3,6,-32
1759483521.3286247,0,-2,-39
1759483521.3676248,3,-4,-33
1759483521.4056249,-1,1,-38
1759483521.4416249,-5,0,-40
1759483521.4786248,-7,-4,-36
1759483521.5176249,-5,-5,-31
1759483521.5556247,0,-5,-30
1759483521.5916247,1,-3,-42
1759483521.628625,0,3,-37
1759483521.6676247,4,3,-42
1759483521.7056248,-3,1,-35
1759483521.7416248,-4,0,-30
1759483521.7796247,-3,0,-26
1759483521.8186247,4,1,-33
1759483521.8566248,10,-3,-46
1759483521.8926249,-2,-1,-34
1759483521.9306247,0,-5,-39
1759483521.9686248,3,-4,-34
1759483522.0076249,-1,-1,-53
1759483522.0456247,3,-4,-44
1759483522.0816247,0,1,-38
1759483522.1186247,5,0,-35
1759483522.1576247,5,-6,-43
1759483522.1956248,2,0,-38
1759483522.2316248,-1,-4,-41
1759483522.2696247,-3,-9,-28
1759483522.3086247,-6,-1,-24
1759483522.3466249,0,0,-30
1759483522.3836248,4,-3,-39
1759483522.4206247,1,3,-49
1759483522.4586248,10,7,-38
1759483522.4976249,4,-1,-40
1759483522.533625,0,0,-36
1759483522.5706248,0,-3,-37
1759483522.6086247,0,0,-41
1759483522.6476247,-1,1,-44
1759483522.6836247,0,0,-39
1759483522.7206247,10,-2,-41
1759483522.7586248,1,1,-37
1759483522.7976248,2,2,-35
1759483522.8336248,1,0,-39
1759483522.8706248,4,3,-41
1759483522.908625,-5,11,-43
1759483522.9476247,5,6,-42
1759483522.9836247,8,0,-51
1759483523.0206249,-6,0,-50
1759483523.0586247,8,-4,-53
1759483523.0976248,-3,-4,-40
1759483523.1336248,-1,-6,-35
1759483523.171625,0,-9,-44
1759483523.2096248,-1,-8,-30
1759483523.2486248,-6,-5,-40
1759483523.286625,-1,5,-32
1759483523.3226247,-3,4,-30
1759483523.3616247,2,-1,-18
1759483523.3996248,1,-1,-33
1759483523.4376247,-1,0,-26
1759483523.4736247,6,-3,-42
1759483523.5126247,3,-9,-37
1759483523.5506248,-4,-5,-34
1759483523.5886247,-3,0,-34
1759483523.6266248,0,1,-39
1759483523.6626248,-5,-7,-44
1759483523.7006247,-4,-3,-32
1759483523.7386248,1,0,-36
1759483523.7776248,0,-6,-34
1759483523.8136249,-1,1,-45
1759483523.8506248,-5,0,-46
1759483523.888625,0,1,-45
1759483523.9276247,-4,-2,-43
1759483523.9636247,7,0,-42
1759483524.000625,0,-2,-44
1759483524.0386248,3,-1,-44
1759483524.0776248,0,-3,-43
1759483524.1136248,-1,0,-27
1759483524.151625,2,3,-25
1759483524.1896248,4,-1,-45
1759483524.2286248,-3,-5,-39
1759483524.2646248,-3,-6,-49
1759483524.3026247,5,-1,-49
1759483524.3416247,3,-2,-45
1759483524.3796248,-1,1,-29
1759483524.4176247,-8,2,-42
1759483524.4536247,-5,-2,-37
1759483524.4926248,0,2,-36
1759483524.5296247,-1,0,-37
1759483524.5686247,-4,2,-23
1759483524.6046247,-1,5,-31
1759483524.6426249,0,0,-41
1759483524.6796248,-5,-2,-30
1759483524.7186248,-2,0,-51
1759483524.7546248,-4,0,-38
1759483524.7926247,-6,0,-51
1759483524.829625,5,5,-38
1759483524.8686247,2,-8,-28
1759483524.9046247,1,0,-25
1759483524.9426248,-3,0,-39
1759483524.9796247,3,2,-34
1759483525.0186248,-4,1,-45
1759483525.0546248,2,6,-33
1759483525.092625,3,2,-30
1759483525.1296248,-4,5,-39
1759483525.1686249,-7,0,-46
1759483525.204625,-4,-3,-42
1759483525.2426248,-1,-5,-37
1759483525.2806249,-7,-2,-32
1759483525.319625,-6,-3,-48
1759483525.3576248,-1,0,-53
1759483525.3936248,-4,0,-47
1759483525.4306247,1,-1,-40
1759483525.4696248,5,-3,-37
1759483525.5076249,2,0,-36
1759483525.5436249,6,0,-32
1759483525.5806248,10,-2,-44
1759483525.6196249,1,0,-45
1759483525.6576247,-7,-1,-47
1759483525.6936247,-2,-3,-42
1759483525.7326248,5,0,-36
1759483525.7706249,2,4,-27
1759483525.8086247,6,-4,-33
1759483525.8456247,3,-5,-38
1759483525.8836248,6,-3,-35
1759483525.9206247,4,1,-41
1759483525.9596248,1,-4,-46
1759483525.9956248,3,-1,-40
1759483526.0346248,3,9,-48
1759483526.0716248,0,0,-41
1759483526.1106248,3,-3,-45
1759483526.148625,3,-1,-40
1759483526.184625,6,3,-42
1759483526.2216249,0,1,-41
1759483526.2596247,6,1,-38
1759483526.2986248,3,-4,-39
1759483526.3346248,-5,-7,-39
1759483526.3726249,0,-1,-35
1759483526.4186249,0,5,-35
1759483526.454625,1,-2,-35
1759483526.4936247,0,3,-41
1759483526.5316248,0,2,-45
1759483526.569625,-8,-7,-49
1759483526.605625,8,-4,-35
1759483526.6436248,9,1,-39
1759483526.6806247,1,-2,-45
1759483526.7196248,-8,0,-44
1759483526.7556248,0,1,-34
1759483526.7926247,3,1,-38
1759483526.8316247,-3,-1,-38
1759483526.8696249,0,-6,-46
1759483526.9056249,0,-3,-47
1759483526.9436247,4,-2,-37
1759483526.980625,1,4,-41
1759483527.0196247,2,6,-42
1759483527.0556247,5,2,-45
1759483527.0936248,-1,-1,-36
1759483527.1306248,-2,-2,-44
1759483527.1696248,-2,-1,-40
1759483527.2056248,-3,-5,-46
1759483527.2446249,-2,-2,-37
1759483527.2816248,-11,0,-39
1759483527.3206248,-4,-2,-35
1759483527.3586247,-10,-6,-40
1759483527.3956249,-1,-4,-31
1759483527.4326248,-3,4,-29
1759483527.4706247,6,-4,-47
1759483527.5096247,1,0,-47
1759483527.5456247,-1,6,-43
1759483527.5836248,-1,3,-43
1759483527.6216247,-2,0,-26
1759483527.6606247,3,0,-29
1759483527.6966248,-3,0,-42
1759483527.7346249,1,-1,-40
1759483527.7716248,4,-7,-45
1759483527.8106248,-9,1,-36
1759483527.8466249,-2,-7,-32
1759483527.8846247,-2,-2,-33
1759483527.9226248,0,2,-42
1759483527.9616249,2,0,-43
1759483527.9996247,0,3,-35
1759483528.0356247,-5,3,-36
1759483528.0736248,-9,-6,-43
1759483528.1116247,-2,0,-35
1759483528.1506248,4,0,-42
1759483528.1866248,-3,-8,-29
1759483528.2246249,-3,-1,-32
1759483528.263625,-10,1,-27
1759483528.3016248,-2,-9,-34
1759483528.339625,3,0,-36
1759483528.375625,4,0,-49
1759483528.4136248,0,0,-46
1759483528.4516249,-1,2,-44
1759483528.4896247,-1,2,-37
1759483528.526625,-7,-2,-33
1759483528.5636249,-2,1,-41
1759483528.6016247,-1,0,-45
1759483528.6406248,-1,-2,-41
1759483528.6766248,-7,0,-40
1759483528.714625,-5,6,-53
1759483528.7526248,0,4,-41
1759483528.7916248,1,-4,-47
1759483528.829625,-1,-8,-60
1759483528.865625,-1,2,-54
1759483528.9046247,1,-1,-45
1759483528.9426248,1,3,-34
1759483528.980625,-3,-5,-40
1759483529.0166247,0,-6,-36
1759483529.0546248,0,5,-45
1759483529.092625,1,2,-42
1759483529.1306248,1,0,-39
1759483529.1666248,7,5,-45
1759483529.204625,-9,6,-43
1759483529.2416248,-6,4,-49
1759483529.2806249,1,-3,-48
1759483529.3166249,-7,-1,-37
1759483529.3546247,4,7,-40
1759483529.3936248,1,3,-44
1759483529.431625,4,2,-36
1759483529.467625,1,2,-37
1759483529.5046248,1,2,-40
1759483529.5436249,-3,2,-41
1759483529.5816247,2,-2,-44
1759483529.6176248,-4,-4,-43
1759483529.6556249,-7,-1,-37
1759483529.694625,-3,-5,-47
1759483529.7316248,0,-5,-50
1759483529.7706249,0,-2,-60
1759483529.806625,-1,1,-44
1759483529.8446248,-1,-2,-34
1759483529.8826249,4,5,-35
1759483529.921625,1,4,-33
1759483529.957625,1,-3,-37
1759483529.9956248,-3,4,-42
1759483530.0346248,6,11,-42
1759483530.0726247,4,-2,-29
1759483530.1106248,-5,-1,-43
1759483530.1466248,-1,-2,-49
1759483530.1856248,0,2,-37
1759483530.2226248,-11,6,-38
1759483530.2616248,-1,5,-46
1759483530.2976248,-1,2,-42
1759483530.3346248,-4,1,-37
1759483530.3726249,5,-3,-45
1759483530.411625,-3,-4,-43
1759483530.4476247,-2,3,-42
1759483530.4846249,-1,2,-33
1759483530.5226247,1,1,-36
1759483530.5616248,-5,0,-35
1759483530.5976248,0,2,-40
1759483530.6346247,-5,-12,-44
1759483530.6726248,-5,-6,-43
1759483530.7116249,0,9,-39
1759483530.7476249,0,0,-44
1759483530.7846248,0,-4,-43
1759483530.8236248,-4,-2,-45
1759483530.8616247,0,-3,-33
1759483530.8976247,-1,-4,-44
1759483530.9356248,-1,-2,-37
1759483530.9736247,-2,0,-37
1759483531.0126247,3,-2,-41
1759483531.0486248,1,0,-39
1759483531.0856247,-3,-5,-40
1759483531.1236248,-3,-2,-33
1759483531.1626248,-5,-5,-30
1759483531.1986248,-5,-4,-38
1759483531.237625,-4,-2,-29
1759483531.2746248,5,3,-38
1759483531.3136249,2,5,-38
1759483531.3516247,0,3,-29
1759483531.3876247,0,-1,-35
1759483531.4246247,7,-4,-34
1759483531.4636247,11,-2,-32
1759483531.5016248,-4,2,-37
1759483531.5376248,-1,-3,-38
1759483531.5766249,3,4,-32
1759483531.6146247,5,-5,-32
1759483531.6526248,8,-5,-33
1759483531.6886249,1,0,-43
1759483531.7256248,-8,-2,-46
1759483531.7646248,-7,3,-36
1759483531.8026247,-10,-7,-40
1759483531.8386247,-5,-1,-46
1759483531.8776248,-1,0,-35
1759483531.9146247,0,-1,-36
1759483531.9536247,0,-3,-35
1759483531.9916248,-1,-3,-43
1759483532.0276248,-4,0,-40
1759483532.0656247,-4,-3,-36
1759483532.1036248,0,-2,-38
1759483532.1426249,2,6,-38
1759483532.1786249,0,6,-44
1759483532.2156248,-2,5,-45
1759483532.253625,-7,-1,-34
1759483532.2926247,-3,0,-45
1759483532.3286247,1,5,-39
1759483532.3666248,1,5,-41
1759483532.4036248,2,9,-30
1759483532.4426248,-7,2,-32
1759483532.4786248,1,-3,-39
1759483532.5176249,2,-2,-51
1759483532.5556247,0,6,-36
1759483532.5936248,0,7,-38
1759483532.6316247,0,3,-40
1759483532.6686249,-4,8,-45
1759483532.7056248,-2,6,-33
1759483532.7446249,1,12,-39
1759483532.7826247,4,2,-41
1759483532.8186247,6,4,-45
1759483532.855625,3,-2,-53
1759483532.8946247,-4,3,-45
1759483532.9326248,-2,4,-19
1759483532.9686248,1,3,-23
1759483533.0066247,0,-4,-39
1759483533.0446248,4,1,-51
1759483533.082625,9,-11,-42
1759483533.1186247,3,-5,-38
1759483533.1566248,0,-4,-41
1759483533.1956248,0,-6,-35
1759483533.2336247,4,-2,-41
1759483533.2696247,0,-5,-35
1759483533.306625,-1,0,-33
1759483533.3446248,-1,-2,-36
1759483533.3836248,-9,3,-47
1759483533.4196248,-9,2,-42
1759483533.457625,0,11,-32
1759483533.4956248,-1,-1,-30
1759483533.5346248,1,0,-28
1759483533.5726247,0,1,-30
1759483533.6086247,3,4,-32
1759483533.6476247,-7,2,-41
1759483533.684625,-3,1,-45
1759483533.7236247,5,1,-51
1759483533.7596247,0,3,-39
1759483533.7976248,2,1,-43
1759483533.8346248,-1,-2,-37
1759483533.8736248,2,-4,-41
1759483533.9096248,2,-1,-35
1759483533.9486248,0,-1,-47
1759483533.9866247,11,2,-45
1759483534.0246248,6,3,-30
1759483534.0626247,5,-1,-33
1759483534.0986247,0,1,-35
1759483534.1366248,2,-7,-46
1759483534.1746247,0,-4,-33
1759483534.2136247,0,1,-34
1759483534.2496247,-4,0,-32
1759483534.2886248,-4,-4,-46
1759483534.3256247,-3,-2,-35
1759483534.3646247,5,0,-42
1759483534.4026248,1,-2,-40
1759483534.4386249,6,-1,-43
1759483534.477625,0,-6,-39
1759483534.5156248,0,3,-35
1759483534.5536249,4,1,-44
1759483534.589625,6,1,-42
1759483534.6266248,0,-1,-46
1759483534.6656249,-5,0,-41
1759483534.7036247,0,1,-33
1759483534.7396247,3,4,-38
1759483534.7776248,-3,-1,-40
1759483534.8156247,2,0,-40
1759483534.8536248,7,-3,-39
1759483534.8896248,0,0,-42
1759483534.9276247,4,5,-43
1759483534.9656248,2,0,-47
1759483535.003625,3,1,-37
1759483535.0396247,-1,5,-39
1759483535.0776248,0,4,-40
1759483535.115625,-2,0,-30
1759483535.1536248,-5,6,-43
1759483535.1896248,0,4,-48
1759483535.227625,5,1,-43
1759483535.2656248,2,3,-36
1759483535.3036249,3,-3,-26
1759483535.339625,-5,-5,-30
1759483535.378625,-5,0,-42
1759483535.4156249,1,-3,-44
1759483535.454625,1,-7,-37
1759483535.490625,0,0,-36
1759483535.5286248,-12,-3,-50
1759483535.5656247,-6,-3,-40
1759483535.6046247,1,6,-31
1759483535.6406248,-3,3,-34
1759483535.6786249,-8,-9,-42
1759483535.7166247,0,-1,-35
1759483535.7556248,3,-4,-44
1759483535.7936249,0,-6,-36
1759483535.829625,-6,-1,-45
1759483535.8686247,6,-2,-40
1759483535.9066248,2,7,-37
1759483535.944625,-3,3,-30
1759483535.9816248,-3,-1,-33
1759483536.0186248,-2,0,-31
1759483536.056625,2,0,-23
1759483536.0956247,4,3,-31
1759483536.1316247,-3,1,-37
1759483536.1696248,-2,7,-43
1759483536.2066247,3,2,-34
1759483536.2456248,4,5,-38
1759483536.2816248,0,2,-27
1759483536.3186247,-4,-3,-35
1759483536.3576248,-1,0,-42
1759483536.3956249,2,5,-42
1759483536.4396248,2,-4,-41
1759483536.477625,-3,-1,-47
1759483536.5156248,-1,0,-40
1759483536.5516248,0,4,-34
1759483536.5886247,0,4,-43
1759483536.6276248,-8,1,-47
1759483536.6656249,0,-1,-41
1759483536.7016249,-1,-1,-41
1759483536.740625,2,-3,-45
1759483536.7786248,-10,0,-52
1759483536.8166249,-7,-3,-44
1759483536.8546247,3,-1,-34
1759483536.8906248,0,0,-27
1759483536.9276247,5,1,-45
1759483536.9666247,2,1,-34
1759483537.0046248,6,5,-35
1759483537.0406249,7,1,-39
1759483537.0776248,5,-8,-36
1759483537.1166248,-5,3,-26
1759483537.1546247,2,1,-43
1759483537.1906247,3,-2,-57
1759483537.227625,5,-3,-54
1759483537.2666247,0,-2,-41
1759483537.3046248,-5,7,-43
1759483537.3406248,-2,4,-38
1759483537.3776248,3,0,-36
1759483537.4166248,2,0,-30
1759483537.454625,0,7,-39
1759483537.490625,2,0,-29
1759483537.5276248,3,0,-35
1759483537.5666249,0,-3,-44
1759483537.6046247,2,0,-53
1759483537.6406248,1,-6,-52
1759483537.6776247,5,-2,-45
1759483537.7166247,1,-7,-29
1759483537.7546248,-4,1,-38
1759483537.7906249,1,-2,-41
1759483537.829625,-1,1,-42
1759483537.8666248,-1,0,-35
1759483537.9056249,-3,-6,-48
1759483537.9416249,-9,2,-51
1759483537.9796247,-3,1,-42
1759483538.0166247,0,-5,-33
1759483538.0556247,-3,-1,-24
1759483538.0916247,2,0,-32
1759483538.1296248,-5,3,-35
1759483538.1666248,-1,10,-51
1759483538.2056248,-7,8,-41
1759483538.2416248,1,-1,-49
1759483538.2796247,0,-1,-46
1759483538.3166249,-2,-1,-34
1759483538.355625,-7,7,-30
1759483538.3916247,5,2,-32
1759483538.4296248,0,3,-40
1759483538.4666247,5,5,-40
1759483538.5056248,11,5,-49
1759483538.5416248,8,4,-44
1759483538.579625,12,0,-38
1759483538.6176248,2,4,-37
1759483538.6566248,9,-1,-42
1759483538.6926248,0,-2,-44
1759483538.7296247,-7,1,-49
1759483538.7676249,-1,5,-42
1759483538.806625,-5,8,-31
1759483538.842625,0,0,-33
1759483538.8796248,8,-2,-30
1759483538.9186249,-1,-4,-44
1759483538.9566247,-6,-1,-37
1759483538.9926248,0,2,-45
1759483539.0296247,-1,1,-41
1759483539.0676248,0,-3,-35
1759483539.1066248,0,-7,-47
1759483539.1426249,-2,-5,-44
1759483539.1806247,-1,-2,-37
1759483539.2196248,-13,-6,-47
1759483539.2576249,0,-2,-45
1759483539.2956247,0,-1,-37
1759483539.3316247,-2,3,-40
1759483539.3696249,0,-7,-46
1759483539.4076247,-1,-3,-44
1759483539.4466248,-1,0,-41
1759483539.4826248,-2,-2,-46
1759483539.5206249,-1,5,-38
1759483539.5586247,-1,1,-39
1759483539.5976248,0,0,-45
1759483539.6336248,4,-4,-44
1759483539.671625,2,0,-34
1759483539.7096248,-8,3,-41
1759483539.7486248,1,0,-45
1759483539.786625,6,-1,-50
1759483539.8236248,0,-3,-54
1759483539.8606248,-3,0,-41
1759483539.898625,5,3,-38
1759483539.9376247,0,-3,-45
1759483539.9736247,-2,0,-41
1759483540.010625,0,-8,-45
1759483540.0486248,4,-4,-43
1759483540.0876248,-3,-2,-38
1759483540.1236248,-2,4,-39
1759483540.1606247,-7,7,-37
1759483540.1996248,-7,10,-35
1759483540.237625,-6,0,-43
1759483540.273625,-5,0,-46
1759483540.3106248,4,-2,-43
1759483540.3496249,0,0,-43
1759483540.3876247,1,-4,-41
1759483540.4236248,-1,-2,-41
1759483540.4626248,-5,-9,-44
1759483540.500625,-4,-5,-32
1759483540.5386248,1,-1,-29
1759483540.5766249,0,-3,-29
1759483540.6136248,0,0,-42
1759483540.6506248,0,3,-26
1759483540.6886249,-10,-2,-30
1759483540.727625,-5,2,-35
1759483540.763625,-8,5,-36
1759483540.8016248,-4,2,-41
1759483540.839625,-4,2,-42
1759483540.878625,0,0,-31
1759483540.9166248,4,3,-43
1759483540.9536247,8,7,-46
1759483540.9916248,3,4,-50
1759483541.0286248,0,0,-49
1759483541.0676248,7,-7,-48
1759483541.1036248,0,-6,-42
1759483541.1416247,3,-4,-46
1759483541.1806247,5,-6,-34
1759483541.2186248,5,-8,-38
1759483541.2566247,11,-9,-30
1759483541.2926247,3,-7,-40
1759483541.3316247,5,2,-39
1759483541.3686247,-3,2,-42
1759483541.4076247,4,-1,-35
1759483541.4436247,7,1,-46
1759483541.4816248,3,-7,-41
1759483541.5186248,0,-3,-36
1759483541.5576248,-4,-4,-47
1759483541.5936248,-3,-5,-48
1759483541.6326249,-11,-4,-38
1759483541.6706247,-8,-9,-37
1759483541.7086248,-9,-3,-48
1759483541.7446249,-10,0,-53
1759483541.783625,1,-1,-51
1759483541.8216248,-1,-3,-52
1759483541.8586247,5,2,-48
1759483541.8976247,11,0,-47
1759483541.9336247,6,1,-48
1759483541.9716249,-1,-7,-40
1759483542.0096247,0,0,-46
1759483542.0476248,0,5,-31
1759483542.0836248,-1,4,-44
1759483542.1216247,1,-1,-29
1759483542.1596248,0,-4,-25
1759483542.1976247,1,0,-42
1759483542.2336247,9,4,-47
1759483542.2706249,1,1,-39
1759483542.309625,1,-4,-56
1759483542.3476248,2,1,-42
1759483542.3836248,-4,0,-36
1759483542.421625,0,0,-41
1759483542.4596248,-1,1,-35
1759483542.4976249,3,3,-28
1759483542.533625,2,-2,-32
1759483542.5706248,0,-4,-47
1759483542.6096249,-2,-4,-28
1759483542.6476247,2,-2,-34
1759483542.6836247,1,-5,-37
1759483542.7206247,-3,1,-32
1759483542.7596247,1,-3,-44
1759483542.7976248,0,-1,-36
1759483542.8336248,0,-5,-37
1759483542.8716247,0,-6,-42
1759483542.9096248,0,-12,-34
1759483542.9486248,-7,-2,-32
1759483542.9846249,-8,-4,-48
1759483543.0226247,-3,-3,-47
1759483543.0606248,0,1,-44
1759483543.0996249,6,-1,-34
1759483543.135625,6,-1,-43
1759483543.1746247,-2,3,-34
1759483543.2126248,1,0,-23
1759483543.2496247,-5,1,-34
1759483543.2886248,-5,-8,-40
1759483543.3246248,-3,0,-30
1759483543.3616247,2,-9,-38
1759483543.4006248,0,-8,-33
1759483543.4386249,1,-2,-34
1759483543.4746249,-6,0,-41
1759483543.5116248,-6,0,-34
1759483543.5496247,0,3,-24
1759483543.5886247,-5,-1,-39
1759483543.6246247,-2,5,-42
1759483543.6626248,0,0,-45
1759483543.7016249,5,-1,-38
1759483543.7396247,0,-3,-39
1759483543.7756248,-1,0,-50
1759483543.8126247,-7,-5,-45
1759483543.8516247,5,0,-42
1759483543.8896248,-1,3,-32
1759483543.9256248,0,5,-27
1759483543.9636247,0,0,-27
1759483544.0016248,-3,4,-31
1759483544.0396247,-1,1,-37
1759483544.0756247,0,9,-38
1759483544.1136248,0,0,-41
1759483544.151625,-8,4,-37
1759483544.1896248,-1,-1,-46
1759483544.2256248,-3,-5,-33
1759483544.2646248,-3,-4,-40
1759483544.3016248,-3,-1,-31
1759483544.3406248,-3,0,-24
1759483544.378625,-2,0,-41
1759483544.4146247,-1,-6,-39
1759483544.4526248,1,0,-47
1759483544.4916248,0,3,-44
1759483544.5296247,-2,4,-44
1759483544.5656247,0,7,-45
1759483544.602625,7,2,-48
1759483544.6406248,3,3,-35
1759483544.6796248,11,4,-54
1759483544.7156248,0,-2,-44
1759483544.7546248,-2,-1,-50
1759483544.7926247,-16,0,-34
1759483544.8306248,-3,1,-39
1759483544.8686247,0,3,-45
1759483544.9056249,0,-5,-36
1759483544.9426248,-6,0,-43
1759483544.9816248,-7,0,-46
1759483545.0196247,1,-3,-34
1759483545.0556247,1,2,-27
1759483545.092625,3,-2,-35
1759483545.1316247,-4,0,-44
1759483545.1696248,0,2,-46
1759483545.2066247,6,3,-46
1759483545.2436247,3,0,-40
1759483545.2816248,0,6,-52
1759483545.3206248,-4,-5,-41
1759483545.3566248,-7,-6,-44
1759483545.3946247,0,1,-39
1759483545.4336247,4,-3,-32
1759483545.4716249,2,-2,-39
1759483545.5096247,0,0,-30
1759483545.5456247,1,0,-29
1759483545.5836248,-3,-3,-40
1759483545.6226249,-3,4,-40
1759483545.6606247,0,2,-38
1759483545.6966248,4,1,-42
1759483545.7336247,0,0,-37
1759483545.7726247,0,0,-32
1759483545.8106248,-2,1,-30
1759483545.8466249,0,-2,-23
1759483545.8836248,-3,2,-38
1759483545.9226248,-5,-4,-37
1759483545.9606247,-1,5,-44
1759483545.9966247,-9,0,-34
1759483546.033625,-6,2,-45
1759483546.0726247,-1,2,-46
1759483546.1106248,-1,-1,-43
1759483546.1466248,1,0,-43
1759483546.1836247,5,3,-45
1759483546.2226248,0,6,-45
1759483546.260625,-7,6,-50
1759483546.296625,-2,5,-55
1759483546.3336248,4,0,-45
1759483546.3726249,-4,0,-40
1759483546.4106247,-6,-3,-44
1759483546.4556248,-3,0,-42
1759483546.4936247,0,0,-48
1759483546.5316248,4,0,-38
1759483546.569625,-4,1,-42
1759483546.605625,0,3,-38
1759483546.6436248,-3,3,-40
1759483546.681625,0,2,-35
1759483546.717625,-4,-2,-38
1759483546.7566247,5,3,-42
1759483546.7936249,-2,3,-36
1759483546.832625,-3,4,-48
1759483546.8706248,-3,1,-34
1759483546.9066248,5,2,-41
1759483546.9436247,-2,2,-39
1759483546.9816248,0,-3,-32
1759483547.0206249,2,0,-31
1759483547.056625,0,4,-32
1759483547.0936248,4,6,-37
1759483547.1316247,-4,6,-40
1759483547.1706247,-6,-5,-47
1759483547.2066247,-11,0,-44
1759483547.2446249,0,1,-35
1759483547.2826247,5,-2,-28
1759483547.3216248,3,0,-36
1759483547.3576248,1,5,-49
1759483547.3946247,0,5,-38
1759483547.4326248,-4,5,-37
1759483547.4716249,-9,4,-44
1759483547.5076249,-7,1,-50
1759483547.5456247,-5,5,-43
1759483547.5836248,-1,1,-35
1759483547.6226249,7,0,-33
1759483547.6606247,0,-3,-27
1759483547.6966248,0,2,-29
1759483547.7336247,2,-3,-43
1759483547.7726247,2,6,-32
1759483547.8106248,3,4,-38
1759483547.8466249,8,1,-30
1759483547.8836248,0,0,-39
1759483547.9226248,-7,2,-44
1759483547.9606247,2,3,-40
1759483547.9966247,0,2,-38
1759483548.0356247,1,-2,-38
1759483548.0736248,-3,2,-38
1759483548.1116247,0,-3,-42
1759483548.148625,-4,-3,-37
1759483548.1856248,-3,-2,-41
1759483548.2236247,0,-2,-27
1759483548.2626247,-1,-2,-34
1759483548.3006248,-4,-2,-30
1759483548.3366249,6,-3,-46
1759483548.3736248,5,0,-35
1759483548.4126248,-4,3,-32
1759483548.4486248,2,0,-39
1759483548.4856248,7,-5,-39
1759483548.523625,-3,-1,-37
1759483548.5626247,0,-4,-35
1759483548.5986247,0,-1,-23
1759483548.635625,0,-6,-32
1759483548.6736248,0,5,-44
1759483548.7126248,-6,-6,-41
1759483548.7486248,-4,-6,-38
1759483548.786625,-5,-4,-42
1759483548.8256247,-1,-1,-34
1759483548.862625,-3,2,-31
1759483548.901625,-8,-6,-28
1759483548.9376247,-5,-3,-33
1759483548.9766247,-2,-2,-34
1759483549.0146248,-2,-2,-36
1759483549.0526247,-4,-1,-32
1759483549.0886247,-4,6,-33
1759483549.1266248,1,-4,-28
1759483549.1656249,9,-3,-31
1759483549.2036247,0,0,-25
1759483549.2416248,4,3,-29
1759483549.2776248,-1,5,-40
1759483549.3156247,0,-4,-23
1759483549.3536248,3,-7,-39
1759483549.3916247,6,-2,-38
1759483549.4276247,0,2,-37
1759483549.4656248,0,0,-35
1759483549.503625,1,3,-29
1759483549.5416248,-1,0,-42
1759483549.5776248,2,-8,-42
1759483549.615625,4,0,-30
1759483549.6536248,0,-1,-37
1759483549.6916249,-5,6,-48
1759483549.727625,-10,2,-52
1759483549.7666247,2,-3,-38
1759483549.8036249,7,-1,-40
1759483549.842625,2,0,-46
1759483549.878625,-2,2,-46
1759483549.9156249,2,0,-39
1759483549.9536247,1,-5,-43
1759483549.9926248,-1,-1,-43
1759483550.0286248,-3,0,-41
1759483550.0656247,3,-10,-46
1759483550.1036248,-5,-4,-45
1759483550.1426249,-10,4,-43
1759483550.1796248,-6,1,-43
1759483550.2166247,-4,1,-44
1759483550.2546248,0,-2,-43
1759483550.2936249,7,-3,-32
1759483550.329625,1,-5,-42
1759483550.3676248,0,-3,-39
1759483550.4066248,-1,0,-49
1759483550.4436247,-7,0,-45
1759483550.4826248,-2,-1,-44
1759483550.5186248,-1,0,-49
1759483550.556625,3,-5,-43
1759483550.5946248,0,-1,-40
1759483550.6326249,4,1,-36
1759483550.6686249,5,1,-46
1759483550.7066247,0,8,-49
1759483550.7436247,-9,1,-41
1759483550.7826247,-2,0,-38
1759483550.8186247,-3,2,-41
1759483550.8566248,0,4,-50
1759483550.8946247,3,3,-42
1759483550.9326248,3,3,-42
1759483550.9686248,-1,-1,-42
1759483551.0066247,-2,0,-46
1759483551.0446248,1,-1,-41
1759483551.0836248,8,0,-46
1759483551.1196249,4,-2,-45
1759483551.1566248,0,2,-33
1759483551.194625,-3,0,-36
1759483551.2336247,-2,3,-43
1759483551.2696247,4,0,-47
1759483551.306625,-2,5,-38
1759483551.3446248,0,9,-30
1759483551.3836248,5,6,-39
1759483551.4196248,3,2,-42
1759483551.4566247,6,-4,-40
1759483551.4946249,-5,0,-30
1759483551.533625,-6,2,-38
1759483551.569625,1,0,-36
1759483551.6066248,2,0,-38
1759483551.6446247,-1,4,-43
1759483551.6836247,3,-4,-41
1759483551.7196248,-6,0,-42
1759483551.7586248,-4,0,-40
1759483551.7956247,-2,-4,-46
1759483551.8346248,-3,1,-52
1759483551.8706248,-2,3,-41
1759483551.908625,2,3,-42
1759483551.9476247,3,0,-43
1759483551.9846249,5,6,-38
1759483552.023625,9,-1,-44
1759483552.059625,4,-5,-50
1759483552.0976248,4,0,-45
1759483552.1346247,6,-4,-43
1759483552.1736248,4,-4,-44
1759483552.2096248,4,-2,-41
1759483552.2476249,2,3,-30
1759483552.2846248,6,2,-37
1759483552.3236248,13,1,-45
1759483552.3596249,10,0,-45
1759483552.3976247,3,0,-48
1759483552.4356248,4,1,-33
1759483552.4736247,3,0,-39
1759483552.5096247,-5,-2,-38
1759483552.5476248,-6,0,-33
1759483552.5866249,-7,2,-36
1759483552.6246247,3,-1,-33
1759483552.6606247,8,2,-24
1759483552.6986248,0,-4,-42
1759483552.7366247,4,-5,-47
1759483552.7746248,-1,-7,-37
1759483552.8106248,-2,-1,-31
1759483552.8496249,-3,0,-44
1759483552.8866248,-3,0,-36
1759483552.9256248,-4,2,-37
1759483552.9636247,3,-1,-28
1759483552.9996247,5,-1,-31
1759483553.0376248,1,-1,-33
1759483553.0756247,1,4,-50
1759483553.1146247,0,5,-48
1759483553.1506248,2,-3,-41
1759483553.1886249,8,-4,-38
1759483553.227625,-2,-3,-40
1759483553.2656248,-1,-1,-32
1759483553.3036249,-2,-6,-41
1759483553.339625,-2,0,-40
1759483553.3776248,-2,6,-33
1759483553.4156249,-7,1,-40
1759483553.454625,0,0,-41
1759483553.490625,4,-1,-44
1759483553.5286248,-3,-6,-34
1759483553.5676248,1,2,-36
1759483553.605625,-2,-2,-37
1759483553.6416247,-4,-1,-35
1759483553.6796248,-7,0,-37
1759483553.717625,-6,0,-37
1759483553.7566247,0,1,-35
1759483553.7946248,3,2,-36
1759483553.8306248,-4,-4,-33
1759483553.8696249,-3,1,-49
1759483553.9076247,-4,4,-48
1759483553.9456248,-5,4,-48
1759483553.9826248,-6,0,-46
1759483554.0196247,0,0,-40
1759483554.0576248,-1,-2,-34
1759483554.0956247,-6,0,-43
1759483554.1346247,-3,-2,-46
1759483554.1706247,-7,0,-28
1759483554.2086248,-7,-2,-28
1759483554.2476249,-9,0,-35
1759483554.2856247,0,8,-37
1759483554.3216248,-6,5,-32
1759483554.3586247,-6,0,-35
1759483554.3976247,-8,4,-33
1759483554.4356248,-12,7,-34
1759483554.4716249,-2,1,-40
1759483554.510625,3,0,-48
1759483554.5476248,6,10,-34
1759483554.5866249,3,4,-49
1759483554.6246247,0,-1,-34
1759483554.6606247,0,-3,-50
1759483554.6986248,-6,0,-49
1759483554.7366247,-3,-2,-49
1759483554.7746248,1,-1,-53
1759483554.8106248,2,1,-58
1759483554.8476248,4,-2,-49
1759483554.8866248,-8,2,-36
1759483554.9246247,-13,-2,-41
1759483554.9606247,-1,-2,-36
1759483554.9996247,0,0,-42
1759483555.036625,-3,1,-35
1759483555.0756247,-3,2,-27
1759483555.1116247,2,4,-31
1759483555.148625,1,5,-42
1759483555.1866248,-2,3,-41
1759483555.2256248,-3,5,-33
1759483555.2616248,1,-1,-38
1759483555.2996247,0,1,-35
1759483555.3366249,3,1,-39
1759483555.375625,5,-1,-40
1759483555.411625,3,3,-32
1759483555.4486248,0,-1,-38
1759483555.4866247,-2,2,-43
1759483555.5256248,2,3,-46
1759483555.5616248,-4,0,-41
1759483555.5986247,-5,-3,-49
1759483555.6366248,0,0,-32
1759483555.6756248,-3,-3,-29
1759483555.7116249,-1,-5,-32
1759483555.7496247,-6,-5,-43
1759483555.7876248,-4,0,-46
1759483555.8266249,-2,8,-38
1759483555.862625,-3,7,-35
1759483555.9006248,3,-2,-29
1759483555.9386249,-1,0,-36
1759483555.9766247,1,-6,-29
1759483556.0156248,-1,1,-36
1759483556.0516248,-6,-2,-39
1759483556.0906248,2,-4,-44
1759483556.1276248,2,6,-61
1759483556.1666248,0,7,-46
1759483556.2026248,-7,-4,-43
1759483556.240625,-5,-2,-54
1759483556.2786248,0,6,-42
1759483556.3176248,0,-2,-41
1759483556.355625,0,-4,-48
1759483556.3916247,-3,3,-54
1759483556.4296248,-2,-1,-37
1759483556.4736247,-1,2,-41
1759483556.510625,-4,4,-44
1759483556.5496247,1,0,-37
1759483556.5876248,-1,8,-36
1759483556.625625,-3,1,-35
1759483556.661625,-6,-3,-43
1759483556.7006247,-2,-3,-40
1759483556.7386248,5,6,-34
1759483556.776625,1,1,-41
1759483556.8126247,7,0,-44
1759483556.8516247,9,0,-34
1759483556.8896248,0,-3,-33
1759483556.9276247,-3,1,-44
1759483556.9656248,-1,0,-48
1759483557.0016248,3,-3,-38
1759483557.0406249,-2,-2,-44
1759483557.0776248,-2,0,-43
1759483557.1166248,-2,-2,-32
1759483557.1526248,-1,-4,-30
1759483557.1916249,6,0,-36
1759483557.2286248,-6,1,-46
1759483557.2676249,-1,0,-36
1759483557.3036249,2,0,-51
1759483557.3406248,2,-1,-34
1759483557.378625,3,1,-38
1759483557.4176247,0,3,-43
1759483557.4536247,2,-1,-37
1759483557.4916248,-1,-3,-38
1759483557.5306249,-3,0,-40
1759483557.5686247,3,0,-40
1759483557.6066248,3,-1,-32
1759483557.6426249,-6,5,-30
1759483557.6806247,-5,0,-25
1759483557.7186248,-8,-9,-32
1759483557.7566247,0,-3,-36
1759483557.7926247,4,-4,-39
1759483557.8306248,0,0,-52
1759483557.8686247,5,0,-38
1759483557.9066248,9,10,-37
1759483557.9426248,5,-2,-38
1759483557.980625,6,4,-41
1759483558.0186248,5,4,-41
1759483558.056625,12,0,-46
1759483558.092625,4,-3,-45
1759483558.1316247,2,-1,-41
1759483558.1696248,-6,-2,-35
1759483558.207625,-3,4,-24
1759483558.2436247,0,2,-30
1759483558.2816248,4,5,-39
1759483558.3186247,-2,-2,-38
1759483558.3576248,2,-3,-35
1759483558.3936248,2,-4,-45
1759483558.431625,-4,-3,-39
1759483558.4686248,0,-6,-37
1759483558.5066247,-7,0,-43
1759483558.5426247,-7,-3,-34
1759483558.5816247,0,-1,-36
1759483558.6186247,1,1,-40
1759483558.6576247,4,2,-33
1759483558.6936247,2,1,-39
1759483558.7316248,0,-5,-43
1759483558.7686248,0,-5,-42
1759483558.8076248,3,0,-53
1759483558.8436248,3,1,-45
1759483558.8816247,0,1,-34
1759483558.9186249,-4,-1,-35
1759483558.957625,2,0,-49
1759483558.9936247,-2,3,-45
1759483559.0326247,-2,0,-42
1759483559.069625,4,-3,-37
1759483559.1086247,9,-2,-29
1759483559.1446247,-2,2,-30
1759483559.181625,-2,-2,-43
1759483559.2196248,0,-2,-27
1759483559.2586248,6,1,-25
1759483559.2946248,1,7,-23
1759483559.3316247,0,0,-43
1759483559.3696249,3,-6,-36
1759483559.408625,-1,-3,-40
1759483559.444625,-5,2,-40
1759483559.4816248,-3,1,-37
1759483559.5196247,5,-5,-38
1759483559.5586247,5,-2,-35
1759483559.5946248,2,-4,-40
1759483559.6316247,12,0,-44
1759483559.6706247,-1,-1,-46
1759483559.7086248,-2,-2,-38
1759483559.7446249,3,2,-36
1759483559.7816248,11,-7,-51
1759483559.819625,0,-8,-54
1759483559.8586247,0,-4,-50
1759483559.8946247,4,-5,-43
1759483559.931625,1,-7,-48
1759483559.9706247,0,0,-37
1759483560.0086248,0,2,-39
1759483560.0446248,0,0,-46
1759483560.0816247,1,3,-42
1759483560.1206248,7,-1,-40
1759483560.158625,-6,-2,-38
1759483560.194625,-6,0,-42
1759483560.2326248,-5,-1,-46
1759483560.2706249,-8,0,-43
1759483560.309625,-5,-4,-43
1759483560.3476248,-1,-5,-32
1759483560.3836248,-2,-3,-34
1759483560.4226248,4,-5,-38
1759483560.4596248,1,-3,-43
1759483560.4986248,1,0,-38
1759483560.5346248,0,0,-24
1759483560.5726247,7,-1,-31
1759483560.6096249,4,3,-42
1759483560.648625,-3,-2,-44
1759483560.684625,2,1,-46
1759483560.7216249,-2,0,-47
1759483560.7596247,7,1,-33
1759483560.7956247,0,-1,-44
1759483560.8346248,-2,1,-43
1759483560.8716247,-4,0,-36
1759483560.9096248,-5,-1,-43
1759483560.9486248,-1,-3,-35
1759483560.9846249,0,0,-35
1759483561.0216248,-3,0,-39
1759483561.059625,-1,-7,-45
1759483561.0986247,-6,0,-43
1759483561.1346247,-11,-6,-47
1759483561.1736248,-5,-2,-48
1759483561.2106247,0,0,-40
1759483561.2496247,-5,0,-35
1759483561.2856247,-5,1,-55
1759483561.3236248,10,1,-45
1759483561.362625,6,2,-43
1759483561.4006248,1,-1,-47
1759483561.4386249,-10,-2,-39
1759483561.4746249,-4,0,-38
1759483561.5126247,-4,-4,-29
1759483561.5506248,-1,-5,-47
1759483561.5886247,0,-6,-43
1759483561.6246247,0,-2,-39
1759483561.6626248,0,-10,-37
1759483561.7006247,3,-5,-45
1759483561.7386248,-8,0,-45
1759483561.7746248,-1,0,-43
1759483561.8126247,-1,-4,-44
1759483561.8506248,-2,-8,-37
1759483561.888625,-5,0,-36
1759483561.9246247,-6,1,-32
1759483561.9626248,0,3,-36
1759483562.000625,-3,-1,-42
1759483562.0386248,-3,0,-43
1759483562.0746248,0,-1,-44
1759483562.1116247,0,-5,-45
1759483562.1506248,0,-2,-48
1759483562.1886249,-5,-2,-36
1759483562.2256248,5,-2,-45
1759483562.263625,0,-3,-42
1759483562.3006248,4,3,-49
1759483562.339625,-2,3,-46
1759483562.375625,-4,-2,-48
1759483562.4146247,-6,0,-44
1759483562.4516249,2,-2,-47
1759483562.490625,-8,3,-37
1759483562.526625,-3,1,-38
1759483562.5636249,3,6,-37
1759483562.6016247,6,-1,-40
1759483562.6406248,4,1,-48
1759483562.6766248,-3,-4,-57
1759483562.714625,-9,2,-46
1759483562.7526248,-5,-1,-44
1759483562.7906249,-3,-3,-50
1759483562.829625,5,-2,-44
1759483562.865625,0,-1,-32
1759483562.9036248,-3,1,-34
1759483562.9416249,0,2,-38
1759483562.980625,-2,1,-34
1759483563.0166247,-3,2,-51
1759483563.0546248,12,3,-41
1759483563.0916247,4,0,-34
1759483563.1306248,-1,1,-28
1759483563.1666248,5,0,-33
1759483563.204625,-3,2,-41
1759483563.2416248,0,1,-36
1759483563.2806249,-5,4,-39
1759483563.3166249,-3,4,-32
1759483563.3546247,-4,-1,-38
1759483563.3916247,0,2,-35
1759483563.4306247,2,1,-41
1759483563.4666247,0,-4,-41
1759483563.5046248,0,-1,-38
1759483563.5416248,0,-7,-45
1759483563.5806248,0,-3,-32
1759483563.6166248,0,2,-38
1759483563.6546247,-5,-2,-40
1759483563.6926248,-4,-6,-37
1759483563.730625,-1,-5,-45
1759483563.7666247,-1,3,-41
1759483563.8046248,-9,1,-39
1759483563.8416247,-2,-2,-43
1759483563.8806248,6,3,-43
1759483563.9166248,1,-1,-54
1759483563.954625,6,0,-39
1759483563.9926248,11,-3,-35
1759483564.0316248,5,-1,-35
1759483564.0676248,-2,3,-33
1759483564.105625,1,3,-40
1759483564.1426249,3,1,-54
1759483564.181625,-6,-4,-46
1759483564.217625,-5,0,-53
1759483564.2556248,-2,-2,-46
1759483564.2926247,0,0,-34
1759483564.3316247,0,-2,-33
1759483564.3676248,1,-3,-22
1759483564.4056249,1,-5,-38
1759483564.444625,10,-2,-38
1759483564.4816248,5,-8,-37
1759483564.5206249,-1,2,-40
1759483564.556625,5,5,-52
1759483564.5946248,-2,7,-38
1759483564.6316247,4,-3,-38
1759483564.6706247,9,1,-37
1759483564.7066247,7,-3,-47
1759483564.7446249,7,2,-38
1759483564.7826247,-5,-1,-44
1759483564.8206248,2,-7,-33
1759483564.8566248,0,-6,-43
1759483564.8946247,-2,-5,-27
1759483564.9326248,-4,-2,-32
1759483564.9706247,2,1,-37
1759483565.0066247,2,5,-35
1759483565.0456247,1,3,-39
1759483565.082625,0,-5,-42
1759483565.1216247,-7,-7,-41
1759483565.1576247,-7,-7,-31
1759483565.1956248,-5,-2,-31
1759483565.2336247,-2,3,-33
1759483565.2726247,-1,5,-39
1759483565.3106248,-2,-3,-40
1759483565.3466249,0,-1,-36
1759483565.3836248,-2,-4,-39
1759483565.4226248,2,0,-40
1759483565.4606247,-7,4,-48
1759483565.4966247,1,5,-33
1759483565.533625,3,2,-34
1759483565.5726247,3,3,-45
1759483565.6106248,1,1,-32
1759483565.6466248,4,-2,-44
1759483565.6856248,1,0,-32
1759483565.7236247,5,1,-33
1759483565.7616248,-6,3,-28
1759483565.7986248,-3,7,-38
1759483565.8366249,-1,-3,-35
1759483565.8736248,1,-5,-35
1759483565.9126248,4,-3,-32
1759483565.9486248,-3,-3,-43
1759483565.9866247,-6,0,-40
1759483566.0246248,-6,1,-41
1759483566.0626247,0,-5,-47
1759483566.1016247,0,-5,-47
1759483566.1376247,3,0,-56
1759483566.1746247,12,5,-47
1759483566.2126248,-1,5,-36
1759483566.2516248,-4,3,-38
1759483566.2876248,-2,0,-40
1759483566.3246248,4,-3,-46
1759483566.3636248,0,-1,-45
1759483566.401625,6,-2,-45
1759483566.4376247,0,-8,-43
1759483566.4836247,-2,-2,-47
1759483566.5216248,5,-4,-47
1759483566.5576248,1,-2,-50
1759483566.5956247,-1,1,-44
1759483566.6336248,1,0,-49
1759483566.671625,0,0,-40
1759483566.707625,-4,3,-38
1759483566.7456248,4,-3,-42
1759483566.783625,-1,5,-39
1759483566.8216248,3,-1,-35
1759483566.8576248,1,6,-35
1759483566.8956249,-2,5,-33
1759483566.9336247,1,3,-48
1759483566.9716249,-3,-3,-50
1759483567.0076249,0,0,-35
1759483567.0456247,1,0,-39
1759483567.0836248,0,-3,-46
1759483567.1216247,0,-5,-48
1759483567.1576247,1,-4,-47
1759483567.1956248,10,-1,-46
1759483567.2336247,5,10,-42
1759483567.2716248,0,5,-39
1759483567.3076248,9,6,-42
1759483567.3456247,4,0,-34
1759483567.3836248,5,-6,-20
1759483567.421625,-1,2,-29
1759483567.457625,3,0,-41
1759483567.4946249,-4,0,-31
1759483567.533625,5,-3,-34
1759483567.569625,8,0,-39
1759483567.6066248,2,0,-42
1759483567.6446247,-1,3,-46
1759483567.6836247,-7,-1,-42
1759483567.7196248,-1,1,-36
1759483567.7576249,3,-5,-42
1759483567.796625,6,-6,-46
1759483567.8336248,5,-6,-38
1759483567.8726249,2,0,-27
1759483567.908625,-4,2,-34
1759483567.9466248,-1,8,-29
1759483567.9846249,-3,1,-40
1759483568.023625,-7,2,-38
1759483568.059625,-4,0,-38
1759483568.0986247,-5,0,-34
1759483568.1366248,-9,5,-28
1759483568.1736248,5,-2,-39
1759483568.2126248,4,0,-37
1759483568.2486248,3,-6,-50
1759483568.2856247,4,0,-39
1759483568.3246248,-4,-9,-42
1759483568.362625,0,0,-43
1759483568.398625,2,-1,-44
1759483568.4356248,6,-5,-43
1759483568.4746249,0,0,-44
1759483568.5126247,-5,0,-45
1759483568.5486248,-3,3,-48
1759483568.5856247,-2,1,-48
1759483568.6246247,-5,3,-38
1759483568.6626248,-3,3,-35
1759483568.6986248,-3,-2,-38
1759483568.7366247,-3,-1,-43
1759483568.7746248,-1,2,-36
1759483568.8136249,-3,-3,-40
1759483568.8496249,-3,1,-45
1759483568.8876247,0,1,-41
1759483568.9266248,3,-1,-30
1759483568.964625,4,-7,-37
1759483569.0026248,3,3,-35
1759483569.0386248,3,4,-41
1759483569.0766249,0,1,-33
1759483569.1146247,-3,2,-46
1759483569.1526248,0,1,-52
1759483569.1886249,0,-1,-51
1759483569.2266247,1,-6,-46
1759483569.2646248,1,-5,-37
1759483569.3006248,3,3,-32
1759483569.3376248,0,1,-42
1759483569.3766248,-3,-4,-45
1759483569.4146247,3,0,-33
1759483569.4506247,0,0,-40
1759483569.487625,-13,3,-34
1759483569.526625,-5,1,-39
1759483569.5646248,-4,-2,-44
1759483569.6006248,-2,4,-41
1759483569.638625,-3,2,-42
1759483569.6766248,-6,-1,-44
1759483569.714625,3,0,-34
1759483569.750625,5,0,-40
1759483569.7876248,3,-5,-38
1759483569.8266249,-2,0,-34
1759483569.8646247,-7,2,-38
1759483569.9006248,0,2,-44
1759483569.9376247,-1,1,-43
1759483569.9766247,8,2,-34
1759483570.0146248,2,1,-24
1759483570.0506248,4,0,-37
1759483570.0876248,1,-9,-39
1759483570.1266248,-2,1,-38
1759483570.1646247,6,0,-38
1759483570.2006247,-1,-2,-43
1759483570.2396247,3,1,-52
1759483570.2776248,-3,-5,-40
1759483570.3156247,3,-6,-37
1759483570.3536248,3,-5,-39
1759483570.3896248,5,-1,-42
1759483570.4276247,-1,1,-32
1759483570.4656248,8,1,-40
1759483570.503625,2,-4,-38
1759483570.5396247,0,-5,-43
1759483570.5776248,0,0,-37
1759483570.615625,-1,2,-43
1759483570.6536248,-2,-1,-48
1759483570.6896248,-8,-4,-33
1759483570.727625,-2,-3,-46
1759483570.7666247,0,-1,-43
1759483570.8046248,4,-3,-49
1759483570.8406248,0,-3,-44
1759483570.8776248,1,-4,-32
1759483570.9156249,13,-3,-42
1759483570.954625,-3,-1,-42
1759483570.990625,0,-3,-48
1759483571.0276248,0,-1,-52
1759483571.0656247,-6,3,-32
1759483571.1046247,0,-1,-36
1759483571.1406248,-4,6,-36
1759483571.1786249,-2,0,-41
1759483571.2156248,6,1,-45
1759483571.2546248,8,1,-35
1759483571.2906249,7,-2,-40
1759483571.3276248,1,5,-32
1759483571.365625,0,0,-39
1759483571.4046247,-3,8,-44
1759483571.4406247,-9,0,-40
1759483571.4786248,3,-2,-37
1759483571.5156248,1,1,-40
1759483571.5546248,4,0,-32
1759483571.5906248,1,0,-38
1759483571.6276248,5,-10,-30
1759483571.6656249,2,-1,-46
1759483571.704625,3,-2,-37
1759483571.740625,-5,-2,-38
1759483571.7786248,3,-5,-41
1759483571.8176248,0,5,-31
1759483571.855625,3,1,-32
1759483571.8916247,0,4,-33
1759483571.9296248,1,3,-33
1759483571.9686248,-6,0,-32
1759483572.0066247,-7,-4,-49
1759483572.0446248,-4,0,-51
1759483572.0806248,-10,5,-46
1759483572.1186247,-10,-2,-34
1759483572.1566248,-1,2,-43
1759483572.1956248,-6,-5,-38
1759483572.2316248,-9,6,-38
1759483572.2696247,1,5,-45
1759483572.3076248,10,0,-37
1759483572.3466249,2,3,-39
1759483572.3846247,1,5,-32
1759483572.4206247,-4,0,-22
1759483572.4596248,-2,2,-33
1759483572.4966247,6,-1,-48
1759483572.5356247,0,-4,-39
1759483572.5716248,0,-5,-34
1759483572.6096249,1,-7,-50
1759483572.6476247,0,-4,-47
1759483572.6856248,0,0,-50
1759483572.7216249,-3,0,-46
1759483572.7596247,-4,4,-40
1759483572.7976248,0,2,-33
1759483572.8356247,-2,-3,-43
1759483572.8716247,0,-1,-33
1759483572.9106247,-3,-2,-36
1759483572.9476247,2,-3,-46
1759483572.9866247,-3,-2,-45
1759483573.0226247,2,-1,-38
1759483573.0606248,-1,0,-48
1759483573.0976248,3,-6,-47
1759483573.1366248,-10,-7,-40
1759483573.1726248,-4,-2,-40
1759483573.2106247,0,2,-31
1759483573.2486248,5,5,-42
1759483573.286625,-2,2,-49
1759483573.3256247,-2,0,-46
1759483573.3616247,0,1,-40
1759483573.398625,0,-1,-28
1759483573.4376247,1,-1,-28
1759483573.4756248,-11,-2,-35
1759483573.5116248,-13,3,-34
1759483573.5496247,0,5,-27
1759483573.5876248,2,2,-33
1759483573.6266248,-2,-3,-42
1759483573.6636248,-5,0,-49
1759483573.7006247,-1,1,-39
1759483573.7396247,-5,6,-38
1759483573.7776248,-6,-1,-39
1759483573.8156247,-7,5,-33
1759483573.8516247,-10,2,-29
1759483573.8896248,-3,0,-31
1759483573.9276247,0,0,-48
1759483573.9666247,-5,-1,-42
1759483574.0026248,0,-2,-42
1759483574.0406249,4,-4,-44
1759483574.0776248,1,-4,-40
1759483574.1166248,1,2,-33
1759483574.1526248,6,2,-35
1759483574.1896248,-2,0,-29
1759483574.2286248,-3,5,-28
1759483574.2666247,-4,-7,-33
1759483574.3026247,0,0,-48
1759483574.339625,0,3,-39
1759483574.3776248,6,0,-39
1759483574.4166248,7,-1,-46
1759483574.4526248,-1,-2,-42
1759483574.490625,-4,2,-29
1759483574.5286248,-3,-1,-38
1759483574.5676248,-1,-1,-47
1759483574.6036248,7,-4,-48
1759483574.6416247,0,-7,-45
1759483574.6796248,0,3,-45
1759483574.7186248,0,4,-42
1759483574.7566247,4,0,-38
1759483574.7926247,2,-5,-57
1759483574.829625,4,-2,-42
1759483574.8686247,0,0,-40
1759483574.9066248,-5,-5,-36
1759483574.9426248,-4,-8,-40
1759483574.9816248,-13,-3,-32
1759483575.0186248,-2,-3,-33
1759483575.0576248,6,-6,-31
1759483575.0936248,4,-3,-45
1759483575.1316247,3,-2,-34
1759483575.1706247,-4,1,-39
1759483575.2086248,-8,0,-37
1759483575.2466247,-2,-6,-41
1759483575.2826247,0,-6,-25
1759483575.3206248,-4,4,-39
1759483575.3596249,-5,-4,-42
1759483575.3976247,7,-2,-43
1759483575.4336247,-3,-3,-30
1759483575.4726248,0,0,-26
1759483575.510625,0,-4,-27
1759483575.5486248,0,-3,-31
1759483575.5866249,-2,-2,-31
1759483575.6226249,0,-8,-42
1759483575.6606247,0,-3,-35
1759483575.6986248,0,0,-34
1759483575.7366247,6,1,-33
1759483575.7726247,6,-2,-20
1759483575.809625,-6,-2,-38
1759483575.8486247,0,-4,-37
1759483575.8866248,1,1,-41
1759483575.9226248,-2,0,-42
1759483575.9606247,-3,-6,-54
1759483575.9986248,-1,0,-48
1759483576.036625,-3,-6,-46
1759483576.0726247,0,-4,-38
1759483576.1106248,5,-1,-42
1759483576.148625,0,-7,-31
1759483576.1876247,5,2,-39
1759483576.2236247,11,3,-44
1759483576.2616248,-10,-4,-45
1759483576.2996247,-8,0,-33
1759483576.3376248,-4,-1,-37
1759483576.3736248,-1,-2,-41
1759483576.411625,6,0,-44
1759483576.4496248,3,2,-32
1759483576.4946249,2,-2,-37
1759483576.5316248,-5,0,-47
1759483576.5706248,-4,-10,-35
1759483576.6086247,-9,-4,-47
1759483576.6446247,-5,1,-47
1759483576.6826248,-6,0,-42
1759483576.7196248,-8,3,-43
1759483576.7586248,-1,-4,-25
1759483576.7946248,-1,-5,-34
1759483576.832625,4,-4,-40
1759483576.8706248,5,-4,-40
1759483576.9096248,20,-5,-42
1759483576.9476247,8,0,-28
1759483576.9836247,4,1,-30
1759483577.0206249,3,0,-34
1759483577.059625,4,4,-38
1759483577.0976248,2,-8,-34
1759483577.1336248,-3,0,-39
1759483577.1706247,4,-3,-36
1759483577.2096248,1,0,-47
1759483577.2476249,-3,2,-45
1759483577.283625,-3,5,-49
1759483577.3226247,3,0,-35
1759483577.3596249,5,-7,-34
1759483577.398625,6,-4,-31
1759483577.434625,0,0,-35
1759483577.4726248,-5,0,-45
1759483577.5096247,0,0,-37
1759483577.5486248,7,2,-39
1759483577.5856247,4,0,-31
1759483577.6236248,-6,-3,-38
1759483577.6606247,0,-6,-34
1759483577.6996248,-1,-2,-34
1759483577.737625,-4,-6,-40
1759483577.773625,6,-9,-46
1759483577.8106248,1,-10,-33
1759483577.8496249,-2,5,-43
1759483577.885625,4,3,-36
1759483577.9226248,-6,-1,-42
1759483577.9606247,2,1,-44
1759483577.9996247,-2,-3,-36
1759483578.0356247,-2,-3,-38
1759483578.0736248,-5,-6,-39
1759483578.1116247,-4,-2,-32
1759483578.1496248,-1,-1,-36
1759483578.1886249,0,-2,-43
1759483578.2246249,1,-3,-39
1759483578.263625,3,5,-38
1759483578.3006248,-4,0,-36
1759483578.339625,-3,1,-39
1759483578.375625,0,2,-40
1759483578.4126248,0,0,-40
1759483578.4516249,-1,0,-38
1759483578.4896247,0,1,-37
1759483578.5256248,1,1,-40
1759483578.5626247,8,3,-40
1759483578.6006248,-7,-1,-41
1759483578.6396248,-1,-5,-44
1759483578.6756248,-3,-1,-44
1759483578.714625,3,-1,-45
1759483578.7526248,-2,-1,-41
1759483578.7906249,-9,-1,-38
1759483578.8286247,7,2,-42
1759483578.8646247,4,-2,-35
1759483578.901625,-4,-4,-49
1759483578.9406247,-4,0,-45
1759483578.9786248,-3,7,-34
1759483579.0146248,-4,1,-28
1759483579.0526247,4,4,-37
1759483579.0906248,8,-1,-33
1759483579.128625,2,-5,-32
1759483579.1646247,-3,4,-39
1759483579.2026248,1,-6,-43
1759483579.240625,0,3,-45
1759483579.2796247,-1,-6,-48
1759483579.3156247,-1,-4,-45
1759483579.3536248,0,3,-42
1759483579.3916247,-4,-2,-34
1759483579.4306247,0,-7,-40
1759483579.4686248,5,-3,-41
1759483579.5046248,3,0,-30
1759483579.5416248,1,-2,-31
1759483579.5806248,2,-3,-40
1759483579.6166248,0,2,-26
1759483579.6556249,-1,0,-28
1759483579.6926248,1,-7,-43
1759483579.7316248,3,0,-45
1759483579.7696247,5,-1,-34
1759483579.8056247,2,2,-40
1759483579.842625,5,0,-41
1759483579.8816247,2,2,-50
1759483579.9196248,-2,0,-49
1759483579.9556248,1,2,-48
1759483579.9936247,2,2,-42
1759483580.0316248,0,0,-42
1759483580.069625,-1,-3,-40
1759483580.105625,-5,-8,-37
1759483580.1446247,-4,-10,-36
1759483580.181625,2,-4,-40
1759483580.2206247,-2,-5,-48
1759483580.2566247,-7,-1,-57
1759483580.2956247,-2,-5,-45
1759483580.332625,0,-11,-42
1759483580.3716247,-1,0,-32
1759483580.4096248,0,-6,-48
1759483580.4456248,2,-3,-38
1759483580.4826248,-9,-2,-34
1759483580.5216248,-4,-6,-42
1759483580.559625,-5,5,-38
1759483580.5956247,2,4,-37
1759483580.6326249,-9,-3,-35
1759483580.671625,-6,-2,-39
1759483580.7096248,4,0,-32
1759483580.7456248,4,-6,-38
1759483580.7846248,-3,-6,-42
1759483580.8226247,-2,0,-46
1759483580.8606248,-2,-4,-50
1759483580.8966248,-5,-2,-35
1759483580.9356248,-2,1,-48
1759483580.9726248,-3,-3,-44
1759483581.0116248,-7,-3,-38
1759483581.0496247,-1,-4,-55
1759483581.0856247,3,-4,-56
1759483581.1226249,-3,1,-45
1759483581.161625,0,-4,-42
1759483581.1996248,-1,-6,-27
1759483581.2356248,-3,-4,-51
1759483581.273625,-7,0,-59
1759483581.3126247,-4,0,-36
1759483581.3506248,-6,8,-39
1759483581.3866248,-7,6,-39
1759483581.4236248,-3,-6,-32
1759483581.4616249,-4,-3,-28
1759483581.500625,3,-6,-38
1759483581.536625,1,7,-47
1759483581.5736248,0,0,-31
1759483581.6116247,-10,1,-30
1759483581.6506248,3,-6,-42
1759483581.6866248,8,-1,-34
1759483581.7246249,3,0,-33
1759483581.7616248,-1,-2,-38
1759483581.8006248,4,-2,-49
1759483581.8366249,-1,0,-45
1759483581.8746247,0,2,-45
1759483581.9126248,0,-10,-51
1759483581.9516249,-2,-3,-53
1759483581.9886248,6,5,-45
1759483582.026625,6,-2,-36
1759483582.0646248,-3,-2,-46
1759483582.102625,-4,-1,-41
1759483582.1406248,-8,1,-39
1759483582.1776247,-3,0,-34
1759483582.214625,-2,-1,-45
1759483582.2526248,-1,-5,-45
1759483582.2916248,1,-1,-49
1759483582.3276248,1,-9,-55
1759483582.3646247,8,-6,-45
1759483582.4026248,2,-9,-38
1759483582.4416249,-1,-1,-45
1759483582.477625,0,1,-42
1759483582.5146248,-2,4,-45
1759483582.5526247,-4,1,-35
1759483582.5916247,0,-1,-45
1759483582.6276248,-5,0,-40
1759483582.6646247,-2,2,-39
1759483582.7036247,-1,2,-41
1759483582.7416248,3,-1,-42
1759483582.7776248,0,4,-37
1759483582.8146248,-3,0,-42
1759483582.8536248,-2,-1,-47
1759483582.8916247,2,-7,-49
1759483582.9276247,5,-1,-46
1759483582.9656248,2,-1,-48
1759483583.003625,5,-3,-49
1759483583.0426247,-10,0,-41
1759483583.0806248,-1,0,-48
1759483583.1166248,6,0,-43
1759483583.1556249,1,2,-42
1759483583.1926248,3,2,-42
1759483583.2316248,2,1,-52
1759483583.2676249,2,1,-26
1759483583.3056247,0,1,-24
1759483583.3436248,-1,-8,-30
1759483583.3816247,-6,-1,-33
1759483583.4176247,-4,3,-41
1759483583.4566247,7,4,-36
1759483583.4946249,1,2,-35
1759483583.5326247,2,-3,-45
1759483583.5686247,-1,1,-45
1759483583.6066248,0,-1,-49
1759483583.6456249,-1,0,-42
1759483583.6826248,-2,0,-43
1759483583.7216249,1,1,-39
1759483583.7576249,0,-4,-36
1759483583.7956247,1,-3,-30
1759483583.832625,-1,1,-35
1759483583.8716247,5,0,-35
1759483583.9076247,1,-5,-39
1759483583.9456248,3,3,-38
1759483583.9836247,0,2,-41
1759483584.0216248,2,4,-47
1759483584.0576248,5,1,-39
1759483584.0956247,11,3,-44
1759483584.1336248,4,2,-45
1759483584.171625,-2,2,-46
1759483584.207625,-3,2,-32
1759483584.2446249,-1,10,-40
1759483584.283625,1,2,-41
1759483584.3216248,-2,3,-29
1759483584.3576248,-4,2,-27
1759483584.3956249,0,5,-37
1759483584.4336247,-5,6,-46
1759483584.4716249,0,2,-39
1759483584.5076249,-2,4,-27
1759483584.5456247,2,-2,-38
1759483584.5846248,8,1,-47
1759483584.6226249,6,0,-34
1759483584.658625,-2,2,-43
1759483584.6966248,0,0,-45
1759483584.7356248,3,4,-36
1759483584.773625,-2,-5,-34
1759483584.8116248,-5,-1,-44
1759483584.8476248,-4,0,-44
1759483584.885625,0,-5,-39
1759483584.9236248,1,-5,-25
1759483584.9596248,5,-6,-28
1759483584.9976249,1,-3,-23
1759483585.0356247,0,-2,-40
1759483585.0736248,6,1,-35
1759483585.1096249,3,1,-39
1759483585.1466248,0,-3,-39
1759483585.1856248,-1,-5,-52
1759483585.2236247,1,7,-40
1759483585.2596247,3,8,-39
1759483585.296625,1,2,-29
1759483585.3356247,-3,-5,-50
1759483585.3736248,5,1,-33
1759483585.4096248,4,1,-30
1759483585.4466248,1,-1,-41
1759483585.4856248,-2,0,-43
1759483585.523625,5,-1,-43
1759483585.559625,6,-5,-44
1759483585.5986247,0,0,-34
1759483585.6366248,0,1,-33
1759483585.6746247,0,2,-35
1759483585.7126248,-1,1,-40
1759483585.7486248,-7,2,-20
1759483585.786625,0,-3,-37
1759483585.8246248,-1,-7,-32
1759483585.862625,-3,-7,-35
1759483585.898625,0,-4,-43
1759483585.9356248,-4,1,-45
1759483585.9746249,5,3,-47
1759483586.0126247,5,3,-51
1759483586.0486248,1,0,-48
1759483586.0856247,1,1,-50
1759483586.125625,2,2,-59
1759483586.1636248,4,6,-46
1759483586.1996248,6,2,-41
1759483586.237625,0,1,-39
1759483586.276625,5,-1,-43
1759483586.3146248,2,-6,-19
1759483586.352625,1,3,-24
1759483586.388625,8,1,-37
1759483586.4266248,2,-1,-28
1759483586.464625,5,0,-36
1759483586.5096247,3,0,-39
1759483586.546625,5,2,-32
1759483586.5856247,0,6,-24
1759483586.6236248,-8,4,-30
1759483586.6596248,-4,2,-36
1759483586.6986248,-8,1,-39
1759483586.7366247,-4,0,-40
1759483586.7746248,4,0,-41
1759483586.8106248,-1,4,-33
1759483586.8486247,6,-3,-39
1759483586.8866248,-4,-8,-36
1759483586.9246247,-1,-7,-32
1759483586.9636247,11,-7,-35
1759483586.9996247,3,0,-36
1759483587.0376248,0,-5,-40
1759483587.0766249,-3,0,-34
1759483587.1146247,-3,-1,-33
1759483587.1506248,0,4,-34
1759483587.1876247,4,3,-45
1759483587.2266247,5,3,-45
1759483587.2646248,1,0,-46
1759483587.3006248,3,-4,-52
1759483587.339625,-4,2,-42
1759483587.3776248,-1,-5,-44
1759483587.4156249,2,0,-46
1759483587.4536247,5,2,-45
1759483587.4896247,7,4,-47
1759483587.5276248,3,4,-55
1759483587.5656247,5,0,-50
1759483587.6036248,-2,-1,-47
1759483587.6396248,0,3,-53
1759483587.6776247,1,0,-35
1759483587.7156248,3,4,-39
1759483587.753625,2,0,-48
1759483587.7896247,2,2,-49
1759483587.8276248,6,0,-32
1759483587.865625,3,-3,-31
1759483587.9036248,-4,4,-45
1759483587.9396248,-3,4,-32
1759483587.977625,0,0,-44
1759483588.0156248,8,-3,-36
1759483588.0536249,0,-2,-45
1759483588.089625,-4,-1,-52
1759483588.128625,-4,-6,-45
1759483588.1656249,-8,0,-37
1759483588.204625,3,3,-36
1759483588.240625,8,3,-32
1759483588.2786248,0,-3,-33
1759483588.3156247,-2,-2,-42
1759483588.3546247,5,0,-41
1759483588.3906248,7,0,-44
1759483588.4276247,4,0,-39
1759483588.4656248,-4,-1,-45
1759483588.5046248,5,7,-39
1759483588.5406249,2,2,-42
1759483588.5786247,2,2,-48
1759483588.615625,-1,6,-42
1759483588.6546247,0,-3,-32
1759483588.6906247,-3,-2,-27
1759483588.7286248,2,-1,-38
1759483588.7666247,2,-6,-31
1759483588.8056247,7,-7,-39
1759483588.8416247,5,-4,-34
1759483588.878625,1,-3,-35
1759483588.9166248,1,2,-35
1759483588.9556248,5,5,-46
1759483588.9916248,1,2,-43
1759483589.0286248,1,6,-39
1759483589.0666249,-4,1,-38
1759483589.105625,1,-1,-31
1759483589.1416247,3,0,-41
1759483589.1786249,4,-3,-46
1759483589.2166247,3,0,-32
1759483589.2556248,-4,4,-31
1759483589.2916248,1,6,-36
1759483589.3286247,0,0,-41
1759483589.3666248,3,1,-59
1759483589.4056249,1,0,-50
1759483589.4416249,-1,-14,-37
1759483589.4796247,-2,-8,-43
1759483589.5176249,9,-12,-40
1759483589.556625,1,0,-29
1759483589.5946248,-7,-2,-27
1759483589.6306248,-3,-6,-34
1759483589.6696248,5,-3,-28
1759483589.707625,3,-5,-35
1759483589.7456248,1,-4,-41
1759483589.7816248,-4,-4,-42
1759483589.819625,3,-4,-57
1759483589.8576248,0,5,-42
1759483589.8966248,1,5,-42
1759483589.934625,-1,2,-40
1759483589.9706247,-1,2,-37
1759483590.0086248,0,1,-25
1759483590.0476248,-1,-2,-23
1759483590.0856247,3,-4,-37
1759483590.1216247,-8,-3,-36
1759483590.1606247,-1,0,-31
1759483590.1986248,4,0,-48
1759483590.2366247,8,-1,-43
1759483590.2726247,8,-8,-49
1759483590.3106248,2,0,-39
1759483590.3486247,-1,0,-48
1759483590.3866248,-4,-1,-41
1759483590.4226248,-5,-2,-49
1759483590.4616249,3,-6,-42
1759483590.4986248,-4,-1,-41
1759483590.536625,-4,-8,-34
1759483590.5756247,-3,-7,-43
1759483590.6116247,-2,2,-30
1759483590.6496248,2,1,-17
1759483590.6876247,6,2,-30
1759483590.7266247,-3,-3,-34
1759483590.7626247,4,1,-39
1759483590.8006248,0,0,-37
1759483590.839625,4,-2,-38
1759483590.8776248,4,1,-43
1759483590.9156249,-1,0,-44
1759483590.9526248,1,1,-48
1759483590.9896247,0,5,-39
1759483591.0286248,1,0,-38
1759483591.0666249,-2,-1,-36
1759483591.102625,-5,0,-39
1759483591.1396248,3,2,-36
1759483591.1786249,0,0,-32
1759483591.2166247,2,-7,-26
1759483591.2526248,-4,-2,-36
1759483591.2906249,-1,7,-39
1759483591.3286247,-1,2,-31
1759483591.3676248,-3,2,-26
1759483591.4056249,1,-3,-33
1759483591.4416249,3,-1,-38
1759483591.4786248,3,-2,-35
1759483591.5176249,-1,-3,-36
1759483591.5556247,5,0,-36
1759483591.5916247,7,0,-29
1759483591.628625,5,-1,-34
1759483591.6676247,1,-2,-40
1759483591.7056248,2,2,-45
1759483591.7416248,4,5,-37
1759483591.7786248,13,1,-36
1759483591.8176248,-1,1,-33
1759483591.8536248,-2,-1,-33
1759483591.8916247,1,4,-35
1759483591.9296248,-10,0,-33
1759483591.9686248,4,7,-39
1759483592.0066247,0,4,-42
1759483592.0426247,5,-3,-40
1759483592.0806248,-3,1,-40
1759483592.1186247,9,4,-46
1759483592.1576247,4,-3,-42
1759483592.1936247,2,-3,-39
1759483592.2326248,-6,-5,-42
1759483592.2706249,-10,1,-45
1759483592.3076248,-5,1,-44
1759483592.3466249,-3,-1,-33
1759483592.3826249,-5,1,-29
1759483592.4206247,2,1,-43
1759483592.4586248,-1,5,-38
1759483592.4976249,-7,-4,-56
1759483592.533625,-5,1,-52
1759483592.5716248,10,0,-47
1759483592.6086247,13,0,-44
1759483592.6476247,0,5,-34
1759483592.6836247,9,-1,-39
1759483592.7206247,0,-8,-34
1759483592.7586248,-5,-5,-34
1759483592.7976248,-2,2,-40
1759483592.8336248,-2,5,-36
1759483592.8706248,-1,0,-32
1759483592.908625,-8,-4,-50
1759483592.9476247,-7,-6,-33
1759483592.9866247,-3,-3,-44
1759483593.0226247,-1,1,-40
1759483593.059625,-4,3,-49
1759483593.0986247,0,2,-39
1759483593.1366248,7,-2,-53
1759483593.1726248,-1,1,-47
1759483593.2116249,-1,1,-41
1759483593.2496247,-12,0,-40
1759483593.2876248,-3,-2,-49
1759483593.3236248,-2,0,-36
1759483593.3616247,5,0,-22
1759483593.3996248,11,-6,-38
1759483593.4376247,2,-2,-44
1759483593.4736247,-8,-4,-47
1759483593.5126247,2,-2,-46
1759483593.5496247,-6,-5,-40
1759483593.5886247,2,-4,-44
1759483593.6246247,-8,-8,-43
1759483593.6626248,-8,4,-44
1759483593.7016249,-4,0,-40
1759483593.7396247,-2,7,-45
1759483593.7776248,-6,3,-29
1759483593.8136249,-3,3,-34
1759483593.8506248,-1,-4,-47
1759483593.888625,-4,0,-42
1759483593.9276247,-3,1,-30
1759483593.9636247,0,2,-36
1759483594.000625,0,-2,-39
1759483594.0386248,-2,-5,-40
1759483594.0776248,-3,-5,-58
1759483594.1136248,6,0,-44
1759483594.151625,-1,-7,-44
1759483594.1906247,4,-6,-39
1759483594.2286248,0,-9,-42
1759483594.2646248,1,0,-37
1759483594.3036249,-1,4,-40
1759483594.3406248,-8,0,-50
1759483594.3796248,-1,0,-40
1759483594.4176247,2,4,-40
1759483594.4536247,0,0,-34
1759483594.490625,-8,-4,-40
1759483594.5296247,-8,0,-41
1759483594.5676248,3,4,-44
1759483594.6036248,0,2,-33
1759483594.6416247,4,-1,-36
1759483594.6796248,3,-4,-35
1759483594.7186248,-4,0,-34
1759483594.7546248,-5,5,-35
1759483594.7926247,-5,-4,-34
1759483594.8316247,-7,-4,-49
1759483594.8696249,-6,-5,-43
1759483594.9076247,-6,0,-36
1759483594.9436247,-4,2,-34
1759483594.9826248,-14,2,-29
1759483595.0206249,-1,0,-40
1759483595.0586247,3,0,-36
1759483595.0946248,1,0,-49
1759483595.1326249,-2,0,-37
1759483595.1696248,5,-4,-37
1759483595.2086248,0,0,-45
1759483595.2446249,1,-2,-49
1759483595.283625,-8,2,-35
1759483595.3206248,0,0,-43
1759483595.3596249,-3,2,-31
1759483595.3966248,8,4,-40
1759483595.4336247,-2,2,-34
1759483595.4716249,-2,-3,-35
1759483595.5096247,-2,-6,-41
1759483595.5486248,2,0,-37
1759483595.5846248,3,0,-44
1759483595.6216247,-3,0,-44
1759483595.6596248,-4,-7,-41
1759483595.6986248,-3,-2,-36
1759483595.7346249,0,0,-40
1759483595.7716248,4,4,-42
1759483595.809625,-3,-1,-44
1759483595.8486247,-5,-1,-53
1759483595.8846247,-5,-2,-50
1759483595.9226248,-6,-5,-51
1759483595.9616249,4,1,-45
1759483595.9996247,0,1,-41
1759483596.0356247,1,0,-50
1759483596.0746248,5,-2,-34
1759483596.112625,-1,-3,-38
1759483596.1506248,-2,5,-39
1759483596.1886249,2,0,-33
1759483596.2246249,4,-2,-41
1759483596.263625,6,-10,-34
1759483596.3006248,3,-4,-29
1759483596.339625,2,-1,-29
1759483596.375625,3,-9,-25
1759483596.4136248,4,-7,-28
1759483596.4506247,5,-7,-39
1759483596.4896247,5,-5,-40
1759483596.533625,2,-6,-23
1759483596.5716248,0,-6,-21
1759483596.6096249,-6,-3,-29
1759483596.6466248,-6,0,-32
1759483596.6836247,-1,1,-41
1759483596.7226248,7,-2,-33
1759483596.760625,4,0,-38
1759483596.7986248,-2,-2,-43
1759483596.8346248,-2,0,-43
1759483596.8726249,3,-7,-40
1759483596.9106247,6,-8,-37
1759483596.9486248,0,1,-47
1759483596.9846249,0,-1,-47
1759483597.0226247,-6,1,-49
1759483597.0606248,-9,2,-42
1759483597.0996249,3,-3,-41
1759483597.135625,-3,-3,-43
1759483597.1736248,-3,0,-54
1759483597.2126248,-3,5,-45
1759483597.250625,6,2,-44
1759483597.2876248,-2,-2,-40
1759483597.3256247,-5,-7,-45
1759483597.3636248,-16,-4,-27
1759483597.4006248,-4,1,-36
1759483597.4396248,-4,5,-28
1759483597.4756248,0,-3,-31
1759483597.513625,8,4,-26
1759483597.5506248,9,3,-43
1759483597.589625,-1,0,-46
1759483597.625625,-4,-4,-40
1759483597.6636248,4,0,-36
1759483597.7026248,9,3,-36
1759483597.740625,-6,5,-39
1759483597.776625,-4,6,-36
1759483597.8136249,0,-3,-39
1759483597.8516247,0,-4,-42
1759483597.8906248,-2,-1,-35
1759483597.9266248,-5,2,-33
1759483597.9636247,-5,2,-29
1759483598.0026248,6,-4,-38
1759483598.0406249,8,0,-45
1759483598.0766249,-8,-1,-36
1759483598.1146247,3,-1,-45
1759483598.1536248,0,5,-52
1759483598.1916249,0,3,-54
1759483598.2296247,-3,0,-45
1759483598.2666247,5,6,-43
1759483598.3036249,-2,-1,-49
1759483598.3416247,-5,-3,-45
1759483598.3806248,2,-4,-47
1759483598.4166248,-1,-7,-43
1759483598.454625,3,-1,-43
1759483598.4926248,0,-5,-55
1759483598.5316248,6,0,-30
1759483598.569625,5,-1,-50
1759483598.605625,2,0,-50
1759483598.6426249,2,-4,-43
1759483598.681625,3,0,-44
1759483598.7196248,1,-8,-42
1759483598.7556248,3,-5,-42
1759483598.7936249,-2,2,-52
1759483598.832625,0,0,-37
1759483598.8706248,0,0,-36
1759483598.9066248,3,3,-53
1759483598.9436247,-8,5,-43
1759483598.9826248,-9,1,-47
1759483599.0206249,3,7,-45
1759483599.056625,-1,0,-46
1759483599.0946248,0,0,-28
1759483599.1326249,-6,0,-45
1759483599.171625,3,0,-39
1759483599.207625,-1,2,-43
1759483599.2456248,2,0,-37
1759483599.2846248,-7,-5,-30
1759483599.3216248,-7,-2,-31
1759483599.3606248,-10,-4,-31
1759483599.3976247,-6,-5,-29
1759483599.434625,-1,-3,-33
1759483599.4736247,1,-1,-37
1759483599.5116248,6,-1,-43
1759483599.5476248,0,2,-37
1759483599.5846248,4,-2,-33
1759483599.6236248,7,-1,-46
1759483599.661625,7,-2,-35
1759483599.6976247,1,4,-38
1759483599.7346249,6,3,-34
1759483599.7726247,6,2,-37
1759483599.8116248,6,0,-37
1759483599.8476248,0,8,-37
1759483599.8846247,-9,4,-42
1759483599.9226248,-8,3,-51
1759483599.9616249,1,-2,-40
1759483599.9976249,0,-10,-42
1759483600.0346248,-2,-12,-37
1759483600.0726247,-2,2,-38
1759483600.1116247,-1,9,-42
1759483600.1476247,-5,4,-41
1759483600.1856248,0,4,-42
1759483600.2236247,-3,2,-43
1759483600.2626247,1,0,-42
1759483600.3006248,3,2,-37
1759483600.3366249,1,1,-31
1759483600.3746247,2,3,-37
1759483600.4126248,0,5,-49
1759483600.4506247,0,5,-33
1759483600.4866247,3,1,-31
1759483600.523625,11,0,-33
1759483600.5626247,-1,-3,-35
1759483600.5986247,2,-2,-47
1759483600.635625,-5,1,-41
1759483600.6746247,-8,1,-37
1759483600.7126248,-8,4,-43
1759483600.7486248,-3,1,-30
1759483600.7856247,2,-4,-31
1759483600.8236248,7,1,-38
1759483600.862625,6,3,-36
1759483600.898625,0,-3,-40
1759483600.9356248,2,-1,-34
1759483600.9746249,6,0,-39
1759483601.0126247,-1,2,-35
1759483601.0486248,4,3,-33
1759483601.0856247,2,0,-38
1759483601.1236248,-10,1,-38
1759483601.1626248,-7,-1,-29
1759483601.1986248,-2,2,-32
1759483601.237625,1,-1,-47
1759483601.2756248,-2,2,-52
1759483601.3136249,-4,4,-49
1759483601.3516247,5,-2,-43
1759483601.3876247,1,-10,-34
1759483601.4256248,-3,-4,-33
1759483601.464625,-4,2,-39
1759483601.5026248,0,-6,-32
1759483601.5386248,-2,-7,-43
1759483601.5766249,-9,-7,-40
1759483601.6146247,-4,-10,-37
1759483601.6536248,-1,-8,-31
1759483601.6916249,4,5,-39
1759483601.727625,5,0,-43
1759483601.7656248,5,4,-38
1759483601.8036249,0,0,-38
1759483601.8416247,-2,4,-37
1759483601.8776248,1,5,-37
1759483601.9156249,0,1,-35
1759483601.9536247,-4,3,-32
1759483601.9916248,0,1,-30
1759483602.0276248,-9,-4,-40
1759483602.0656247,-4,-3,-34
1759483602.1046247,4,2,-26
1759483602.1426249,4,-1,-22
1759483602.1786249,0,1,-42
1759483602.2166247,3,-3,-38
1759483602.2556248,-1,-3,-34
1759483602.2936249,-2,-1,-32
1759483602.329625,-3,2,-32
1759483602.3666248,-5,-3,-39
1759483602.4056249,-2,-5,-31
1759483602.4436247,4,2,-44
1759483602.4796247,-2,7,-36
1759483602.5166247,-2,3,-38
1759483602.5556247,0,5,-48
1759483602.5936248,-6,0,-38
1759483602.6296248,-2,2,-45
1759483602.6666248,1,0,-40
1759483602.7056248,4,0,-36
1759483602.7436247,-3,3,-42
1759483602.7796247,-1,-8,-34
1759483602.8186247,-3,-2,-42
1759483602.855625,-3,0,-40
1759483602.8936248,2,-3,-39
1759483602.9326248,1,0,-32
1759483602.9686248,-9,-6,-35
1759483603.0066247,-7,-7,-39
1759483603.0446248,0,-12,-40
1759483603.0836248,1,-7,-47
1759483603.1196249,-3,0,-44
1759483603.1576247,-1,0,-33
1759483603.1966248,8,0,-34
1759483603.2346249,-1,-3,-45
1759483603.2726247,0,-2,-35
1759483603.3086247,0,-9,-44
1759483603.3466249,-1,-8,-31
1759483603.3846247,1,-8,-35
1759483603.4226248,5,-6,-32
1759483603.4586248,3,-8,-37
1759483603.4966247,3,1,-34
1759483603.5356247,5,-3,-37
1759483603.5736248,1,2,-36
1759483603.6096249,-4,0,-39
1759483603.6466248,-6,0,-45
1759483603.684625,6,-1,-43
1759483603.7236247,0,1,-45
1759483603.7596247,0,5,-41
1759483603.796625,-3,0,-35
1759483603.8356247,-3,0,-53
1759483603.8736248,-6,0,-44
1759483603.9096248,0,0,-49
1759483603.9466248,-7,0,-41
1759483603.9846249,4,-5,-31
1759483604.023625,-1,-7,-46
1759483604.059625,4,-2,-51
1759483604.0966249,4,-7,-41
1759483604.1346247,-7,5,-40
1759483604.1736248,3,1,-30
1759483604.2096248,0,-1,-39
1759483604.2476249,-1,0,-50
1759483604.2846248,-3,-1,-53
1759483604.3236248,-2,-6,-46
1759483604.3596249,-7,1,-50
1759483604.3966248,-2,1,-41
1759483604.434625,-5,-2,-34
1759483604.4736247,1,4,-39
1759483604.5096247,0,0,-36
1759483604.546625,-2,0,-41
1759483604.5856247,0,-1,-41
1759483604.6236248,5,0,-37
1759483604.6596248,7,-6,-39
1759483604.6986248,9,-7,-40
1759483604.7356248,0,0,-46
1759483604.7746248,-5,-3,-37
1759483604.8106248,-2,-1,-39
1759483604.8486247,3,0,-34
1759483604.8866248,4,-7,-38
1759483604.9256248,0,-5,-23
1759483604.9636247,1,0,-26
1759483605.000625,-5,-3,-33
1759483605.0376248,0,-3,-38
1759483605.0766249,-9,-7,-46
1759483605.1146247,-8,-5,-54
1759483605.1506248,-9,0,-50
1759483605.1876247,0,2,-48
1759483605.2266247,6,-4,-44
1759483605.2646248,0,-3,-43
1759483605.3006248,-7,-5,-44
1759483605.339625,-1,0,-49
1759483605.3776248,-4,7,-42
1759483605.4156249,0,4,-49
1759483605.4536247,-1,6,-43
1759483605.4896247,-6,4,-35
1759483605.526625,-5,-3,-42
1759483605.5656247,-6,-4,-37
1759483605.6036248,-1,-1,-39
1759483605.6396248,2,-4,-36
1759483605.6766248,0,0,-44
1759483605.7156248,-3,4,-35
1759483605.7516248,-1,3,-25
1759483605.7896247,-5,4,-31
1759483605.8266249,-1,-5,-50
1759483605.865625,2,-6,-42
1759483605.901625,5,-3,-33
1759483605.9396248,-5,9,-44
1759483605.9766247,-5,6,-38
1759483606.0156248,-13,0,-38
1759483606.0516248,-1,-2,-35
1759483606.0906248,-4,0,-52
1759483606.1276248,-10,-5,-50
1759483606.1656249,3,-4,-42
1759483606.204625,4,-5,-53
1759483606.240625,1,-10,-43
1759483606.2776248,2,-1,-48
1759483606.3156247,0,3,-34
1759483606.3546247,-2,0,-39
1759483606.3906248,1,-4,-34
1759483606.4276247,2,1,-42
1759483606.4666247,1,-2,-33
1759483606.5046248,-3,7,-35
1759483606.5496247,0,2,-34
1759483606.5876248,1,5,-38
1759483606.625625,-3,-3,-35
1759483606.661625,-4,-1,-39
1759483606.7006247,1,0,-34
1759483606.7386248,-8,1,-37
1759483606.776625,-3,0,-40
1759483606.8146248,5,-5,-33
1759483606.8506248,1,-5,-34
1759483606.8876247,7,-5,-40
1759483606.9266248,4,2,-43
1759483606.964625,4,1,-46
1759483607.000625,-3,-1,-40
1759483607.0396247,4,-10,-40
1759483607.0766249,-1,-3,-49
1759483607.115625,-6,1,-41
1759483607.151625,-4,-1,-37
1759483607.1896248,1,1,-22
1759483607.227625,0,0,-34
1759483607.2666247,-3,2,-39
1759483607.3046248,0,1,-41
1759483607.3406248,0,-4,-35
1759483607.3776248,6,-7,-45
1759483607.4166248,0,-8,-53
1759483607.4526248,-2,-5,-43
1759483607.490625,0,0,-42
1759483607.5296247,3,0,-39
1759483607.5666249,0,-3,-37
1759483607.605625,-7,5,-31
1759483607.6416247,2,-1,-39
1759483607.6806247,-2,-3,-33
1759483607.7186248,-2,-7,-34
1759483607.7566247,-5,-2,-41
1759483607.7926247,0,0,-47
1759483607.8306248,2,-1,-34
1759483607.8686247,5,0,-43
1759483607.9066248,6,-9,-31
1759483607.9426248,-3,-10,-36
1759483607.9816248,6,-3,-40
1759483608.0186248,8,-3,-48
1759483608.056625,5,-1,-40
1759483608.0956247,3,0,-40
1759483608.1316247,-2,-6,-40
1759483608.1696248,1,0,-34
1759483608.207625,0,0,-45
1759483608.2466247,1,1,-38
1759483608.2826247,0,-4,-37
1759483608.319625,5,-10,-31
1759483608.3586247,4,3,-37
1759483608.3966248,-4,5,-30
1759483608.4326248,0,4,-31
1759483608.4696248,4,2,-42
1759483608.5076249,4,2,-39
1759483608.546625,2,1,-41
1759483608.582625,2,-4,-45
1759483608.6196249,-3,3,-43
1759483608.6576247,2,3,-52
1759483608.6966248,1,0,-36
1759483608.7326248,3,2,-30
1759483608.7696247,6,7,-30
1759483608.8076248,3,-2,-48
1759483608.8466249,1,0,-38
1759483608.8826249,-5,0,-41
1759483608.9196248,10,0,-45
1759483608.9586248,0,-5,-31
1759483608.9966247,0,0,-38
1759483609.0326247,1,-1,-26
1759483609.069625,8,0,-40
1759483609.1076248,-2,2,-52
1759483609.1466248,2,1,-43
1759483609.1826248,-1,1,-43
1759483609.2216249,-3,0,-34
1759483609.2586248,3,-4,-29
1759483609.2976248,5,-1,-34
1759483609.3346248,7,0,-25
1759483609.3726249,2,3,-37
1759483609.4096248,0,7,-38
1759483609.4486248,-5,5,-45
1759483609.4866247,0,-2,-39
1759483609.5226247,1,1,-42
1759483609.559625,0,-7,-39
1759483609.5986247,-3,-8,-35
1759483609.6366248,-4,0,-42
1759483609.6726248,-3,0,-35
1759483609.7106247,3,6,-52
1759483609.7486248,4,5,-42
1759483609.7876248,8,0,-47
1759483609.8236248,3,0,-47
1759483609.8606248,2,7,-41
1759483609.898625,3,7,-33
1759483609.9376247,1,9,-44
1759483609.9736247,0,0,-43
1759483610.010625,-2,-4,-36
1759483610.0486248,-1,0,-40
1759483610.0876248,0,10,-38
1759483610.1236248,2,2,-29
1759483610.1606247,4,0,-35
1759483610.1996248,5,-3,-36
1759483610.237625,4,-4,-48
1759483610.273625,0,-7,-48
1759483610.3116248,3,-3,-40
1759483610.3506248,-5,2,-42
1759483610.388625,0,-2,-39
1759483610.4266248,10,2,-46
1759483610.4626248,4,6,-48
1759483610.5016248,5,2,-46
1759483610.5396247,3,-3,-38
1759483610.5776248,6,-4,-40
1759483610.6136248,-1,-3,-28
1759483610.6526248,2,0,-37
1759483610.6896248,5,7,-41
1759483610.7286248,-4,-3,-41
1759483610.7666247,4,-2,-35
1759483610.8026247,0,-6,-28
1759483610.8406248,3,-1,-36
1759483610.878625,7,-8,-37
1759483610.9176247,7,-3,-42
1759483610.9536247,0,-7,-33
1759483610.9926248,-1,5,-37
1759483611.0306249,3,5,-22
1759483611.0686247,-1,1,-33
1759483611.1046247,3,-1,-25
1759483611.1436248,0,-1,-35
1759483611.1806247,7,2,-45
1759483611.2196248,-2,0,-52
1759483611.2576249,0,0,-52
1759483611.2936249,-1,4,-40
1759483611.3306248,0,2,-34
1759483611.3696249,-2,-2,-38
1759483611.4076247,-2,1,-41
1759483611.4436247,-4,-2,-39
1759483611.4826248,-13,-7,-44
1759483611.5206249,-3,1,-29
1759483611.5586247,0,1,-38
1759483611.5946248,3,4,-39
1759483611.6326249,-1,5,-44
1759483611.6696248,-8,3,-41
1759483611.7086248,1,4,-43
1759483611.7446249,-8,1,-47
1759483611.7816248,-12,-6,-42
1759483611.819625,-2,0,-33
1759483611.8586247,-4,-4,-41
1759483611.8946247,-2,-5,-41
1759483611.9336247,-2,5,-42
1759483611.9706247,0,1,-46
1759483612.0096247,3,2,-47
1759483612.0476248,2,-1,-44
1759483612.0846248,-4,-1,-45
1759483612.1216247,1,6,-31
1759483612.1606247,-1,2,-28
1759483612.1986248,4,-2,-40
1759483612.2346249,8,-4,-41
1759483612.2716248,6,-1,-37
1759483612.3106248,-1,0,-42
1759483612.3486247,5,8,-49
1759483612.3846247,0,4,-38
1759483612.421625,-4,-1,-42
1759483612.4606247,7,2,-45
1759483612.4986248,3,2,-44
1759483612.5346248,-2,-6,-38
1759483612.5736248,-4,-1,-28
1759483612.6106248,1,2,-26
1759483612.6496248,0,0,-34
1759483612.6856248,2,0,-27
1759483612.7236247,-4,3,-33
1759483612.760625,-5,4,-36
1759483612.7996247,-3,-1,-37
1759483612.8356247,-3,0,-39
1759483612.8736248,0,-3,-40
1759483612.9106247,2,-3,-42
1759483612.9496248,-1,-4,-43
1759483612.9856248,-3,0,-42
1759483613.023625,7,-3,-35
1759483613.0616248,8,0,-33
1759483613.0996249,-2,-6,-37
1759483613.135625,3,-5,-46
1759483613.1736248,3,0,-34
1759483613.2106247,8,5,-36
1759483613.2496247,-1,-4,-35
1759483613.2856247,-1,-3,-47
1759483613.3236248,0,-3,-41
1759483613.362625,6,-4,-37
1759483613.4006248,3,0,-45
1759483613.4386249,-5,-1,-42
1759483613.4746249,2,-4,-42
1759483613.5126247,3,-3,-35
1759483613.5506248,-6,-1,-43
1759483613.589625,-2,-2,-40
1759483613.625625,-3,-2,-37
1759483613.6646247,-1,0,-44
1759483613.7026248,-1,-4,-46
1759483613.740625,0,0,-30
1759483613.7786248,-3,1,-39
1759483613.8146248,-2,-6,-39
1759483613.852625,-3,-5,-35
1759483613.8906248,-5,1,-36
1759483613.9296248,4,-5,-45
1759483613.9656248,8,-3,-39
1759483614.003625,1,-4,-30
1759483614.0416248,-5,0,-31
1759483614.0806248,-6,5,-32
1759483614.1186247,0,-5,-25
1759483614.1546247,4,-3,-39
1759483614.1936247,0,-2,-46
1759483614.230625,0,-1,-44
1759483614.2696247,0,-3,-38
1759483614.306625,2,0,-34
1759483614.3446248,1,0,-45
1759483614.3826249,3,-3,-34
1759483614.4206247,6,-10,-37
1759483614.4566247,-4,-3,-41
1759483614.4956248,-3,-3,-39
1759483614.5326247,-4,6,-34
1759483614.5706248,2,6,-35
1759483614.6096249,1,2,-44
1759483614.6456249,4,-2,-41
1759483614.6826248,-2,1,-37
1759483614.7206247,7,-3,-48
1759483614.7596247,2,-1,-34
1759483614.796625,-6,1,-43
1759483614.8346248,2,3,-38
1759483614.8726249,-7,0,-41
1759483614.9106247,-3,2,-53
1759483614.9496248,-2,-3,-33
1759483614.9856248,-2,-4,-42
1759483615.023625,-5,-3,-39
1759483615.0616248,-10,2,-35
1759483615.1006248,-4,0,-37
1759483615.1366248,-6,2,-39
1759483615.1746247,-6,0,-47
1759483615.2116249,1,-4,-40
1759483615.250625,0,-2,-34
1759483615.286625,4,-5,-39
1759483615.3236248,0,-4,-32
1759483615.3616247,1,-6,-52
1759483615.4006248,2,-4,-52
1759483615.4366248,0,0,-47
1759483615.4746249,-5,1,-34
1759483615.5116248,0,4,-39
1759483615.5506248,4,1,-38
1759483615.5866249,4,0,-37
1759483615.6246247,-4,-5,-36
1759483615.661625,-2,-4,-33
1759483615.7006247,-2,0,-32
1759483615.7366247,-13,0,-30
1759483615.7746248,-5,-3,-22
1759483615.8126247,-7,-1,-36
1759483615.8516247,-8,-2,-39
1759483615.8896248,-8,0,-38
1759483615.9266248,0,0,-34
1759483615.9636247,-3,-2,-34
1759483616.0016248,-7,-1,-29
1759483616.0406249,-6,0,-33
1759483616.0766249,-1,-1,-35
1759483616.1146247,2,7,-41
1759483616.1536248,-3,0,-44
1759483616.1916249,5,1,-34
1759483616.227625,2,2,-31
1759483616.2656248,-3,1,-41
1759483616.3036249,3,7,-47
1759483616.3416247,2,0,-41
1759483616.3776248,-4,-1,-37
1759483616.4166248,0,7,-34
1759483616.4536247,-4,-1,-36
1759483616.4926248,-2,-2,-45
1759483616.5306249,3,-7,-43
1759483616.5746248,4,0,-36
1759483616.612625,0,11,-32
1759483616.6506248,1,-1,-33
1759483616.6866248,0,0,-34
1759483616.7246249,-8,0,-40
1759483616.7616248,0,-3,-27
1759483616.8006248,-2,-2,-42
1759483616.8366249,-4,-3,-50
1759483616.875625,-4,-1,-38
1759483616.9126248,0,-5,-32
1759483616.9516249,3,-4,-45
1759483616.987625,-3,-7,-35
1759483617.0256248,0,-4,-33
1759483617.0636249,-4,3,-43
1759483617.102625,4,4,-37
1759483617.1406248,0,-2,-32
1759483617.1766248,-2,0,-26
1759483617.2156248,-4,2,-39
1759483617.253625,2,6,-44
1759483617.2916248,-4,10,-44
1759483617.3276248,1,4,-36
1759483617.365625,4,-1,-30
1759483617.4036248,0,-8,-37
1759483617.4416249,-2,1,-43
1759483617.477625,-3,2,-44
1759483617.5156248,-1,3,-39
1759483617.5536249,-1,1,-40
1759483617.5916247,7,-3,-35
1759483617.6276248,1,1,-39
1759483617.6656249,3,0,-25
1759483617.7036247,3,1,-39
1759483617.7416248,5,-4,-26
1759483617.7776248,-2,0,-22
1759483617.8156247,-1,-1,-46
1759483617.852625,-1,-1,-34
1759483617.8916247,1,-4,-44
1759483617.9276247,-2,-1,-51
1759483617.9666247,0,-5,-31
1759483618.0046248,-1,2,-42
1759483618.0426247,2,-6,-38
1759483618.0786247,1,-1,-29
1759483618.1176248,7,1,-38
1759483618.1546247,4,-4,-42
1759483618.1926248,4,-2,-39
1759483618.2316248,10,1,-35
1759483618.2676249,9,-8,-32
1759483618.3046248,0,-6,-43
1759483618.342625,-2,-3,-33
1759483618.3816247,-2,-8,-39
1759483618.4176247,-3,-5,-27
1759483618.4556248,-1,4,-37
1759483618.4946249,-2,-1,-39
1759483618.5326247,4,-2,-44
1759483618.5686247,1,0,-44
1759483618.605625,3,0,-32
1759483618.6436248,-1,-2,-39
1759483618.6826248,-7,-9,-46
1759483618.7186248,-2,-4,-41
1759483618.7566247,1,-4,-49
1759483618.7956247,-3,5,-37
1759483618.8336248,-12,0,-28
1759483618.8716247,-1,-3,-38
1759483618.9076247,1,-7,-40
1759483618.9456248,4,-1,-54
1759483618.9836247,0,1,-43
1759483619.0226247,-5,2,-35
1759483619.0586247,0,6,-36
1759483619.0956247,0,3,-32
1759483619.1346247,4,-5,-28
1759483619.1726248,3,-2,-32
1759483619.2086248,8,0,-24
1759483619.2456248,0,-7,-28
1759483619.2846248,-1,-10,-39
1759483619.3226247,-11,-3,-48
1759483619.3586247,-9,-3,-46
1759483619.3966248,1,1,-52
1759483619.4356248,0,0,-46
1759483619.4736247,0,8,-47
1759483619.5116248,-3,5,-47
1759483619.5476248,0,-2,-42
1759483619.5846248,0,0,-30
1759483619.6236248,7,-3,-35
1759483619.6596248,4,-7,-38
1759483619.6966248,0,-6,-38
1759483619.7346249,2,1,-26
1759483619.773625,-5,-1,-44
1759483619.809625,-1,0,-37
1759483619.8476248,-2,-6,-38
1759483619.885625,-2,-2,-36
1759483619.9246247,-3,0,-36
1759483619.9626248,0,1,-33
1759483619.9986248,-2,1,-35
1759483620.036625,3,1,-34
1759483620.0756247,1,-4,-29
1759483620.1136248,-3,-3,-33
1759483620.1496248,-8,-5,-37
1759483620.1886249,-3,0,-27
1759483620.2266247,-3,0,-36
1759483620.263625,-2,0,-33
1759483620.3026247,-11,-3,-38
1759483620.3386247,0,4,-27
1759483620.375625,1,-1,-39
1759483620.4146247,-4,-3,-48
1759483620.4526248,1,3,-39
1759483620.4886248,3,-5,-35
1759483620.5256248,-2,1,-41
1759483620.5646248,2,9,-37
1759483620.602625,-6,4,-39
1759483620.638625,-5,5,-34
1759483620.6766248,0,-1,-33
1759483620.714625,0,-8,-45
1759483620.753625,0,-4,-46
1759483620.7896247,5,3,-39
1759483620.8266249,-4,6,-33
1759483620.8646247,0,4,-29
1759483620.9036248,6,3,-33
1759483620.9396248,8,0,-33
1759483620.977625,4,3,-26
1759483621.0166247,-2,7,-41
1759483621.0546248,3,1,-38
1759483621.092625,-4,0,-34
1759483621.128625,1,4,-39
1759483621.1656249,-3,1,-32
1759483621.204625,-2,-3,-25
1759483621.2426248,-1,-3,-31
1759483621.2786248,-1,0,-31
1759483621.3156247,-1,-1,-41
1759483621.3546247,5,4,-38
1759483621.3916247,-2,1,-35
1759483621.4296248,-1,0,-37
1759483621.467625,4,6,-31
1759483621.5056248,2,4,-26
1759483621.5436249,2,0,-43
1759483621.579625,0,1,-49
1759483621.6176248,1,0,-44
1759483621.6556249,-2,2,-41
1759483621.6936247,0,-3,-39
1759483621.7296247,1,-7,-49
1759483621.7676249,2,-1,-44
1759483621.8056247,1,0,-40
1759483621.8436248,2,0,-53
1759483621.8796248,2,-4,-38
1759483621.9176247,2,-7,-37
1759483621.9556248,0,-6,-46
1759483621.9936247,-4,-3,-43
1759483622.0296247,0,-4,-44
1759483622.0676248,1,0,-34
1759483622.105625,3,-1,-42
1759483622.1436248,5,0,-52
1759483622.1796248,-5,-2,-45
1759483622.2186248,-1,1,-49
1759483622.2556248,-9,0,-50
1759483622.2946248,-2,1,-45
1759483622.3306248,-5,-4,-31
1759483622.3686247,-3,-2,-39
1759483622.4056249,-4,0,-39
1759483622.444625,-7,1,-37
1759483622.480625,6,1,-33
1759483622.5186248,14,0,-39
1759483622.5556247,11,-3,-38
1759483622.5946248,4,-6,-43
1759483622.6306248,9,-9,-42
1759483622.6686249,2,0,-42
1759483622.7066247,4,6,-37
1759483622.7456248,4,-2,-31
1759483622.783625,10,3,-33
1759483622.819625,0,-3,-33
1759483622.8566248,0,-1,-48
1759483622.8956249,0,1,-44
1759483622.9336247,0,-1,-39
1759483622.9696248,4,0,-37
1759483623.0066247,0,4,-35
1759483623.0456247,-9,-1,-35
1759483623.0836248,-9,-2,-33
1759483623.1196249,-4,-3,-38
1759483623.1576247,0,-1,-38
1759483623.1966248,5,-2,-38
1759483623.2346249,8,-3,-34
1759483623.2706249,4,2,-42
1759483623.3086247,5,0,-34
1759483623.3476248,0,-3,-28
1759483623.385625,4,-8,-32
1759483623.421625,-2,-3,-31
1759483623.4606247,0,1,-29
1759483623.4976249,0,0,-44
1759483623.5356247,-7,5,-49
1759483623.5746248,-4,-2,-28
1759483623.6106248,-2,0,-41
1759483623.6476247,3,1,-36
1759483623.6856248,1,0,-51
1759483623.7246249,-3,-5,-33
1759483623.760625,-1,-1,-40
1759483623.7986248,-12,-2,-46
1759483623.8366249,-4,0,-37
1759483623.875625,-6,-5,-45
1759483623.911625,-1,1,-41
1759483623.9496248,-4,-4,-41
1759483623.987625,7,-1,-39
1759483624.026625,8,2,-34
1759483624.0646248,1,-2,-35
1759483624.1006248,-2,-9,-36
1759483624.1396248,-1,-7,-26
1759483624.1766248,0,4,-36
1759483624.2156248,-3,-3,-35
1759483624.2526248,-8,1,-45
1759483624.2896247,0,0,-41
1759483624.3276248,5,0,-32
1759483624.3666248,1,0,-40
1759483624.4046247,0,5,-31
1759483624.4406247,-3,-2,-32
1759483624.4786248,-7,-1,-33
1759483624.5166247,-4,-6,-48
1759483624.5556247,-6,-1,-49
1759483624.5916247,0,3,-49
1759483624.6306248,7,1,-43
1759483624.6686249,6,2,-45
1759483624.7066247,-1,-1,-51
1759483624.7446249,2,-2,-45
1759483624.7806249,0,-7,-44
1759483624.8176248,0,5,-44
1759483624.8566248,-1,0,-50
1759483624.8926249,-7,0,-47
1759483624.9306247,1,1,-34
1759483624.9686248,3,4,-36
1759483625.0066247,4,0,-47
1759483625.0426247,0,1,-43
1759483625.079625,-2,-3,-40
1759483625.1186247,-8,7,-38
1759483625.1566248,-13,-5,-42
1759483625.1926248,-5,-9,-48
1759483625.2316248,-3,-3,-41
1759483625.2696247,-4,0,-41
1759483625.306625,-8,2,-36
1759483625.3456247,-13,2,-39
1759483625.3816247,0,0,-45
1759483625.4196248,6,1,-49
1759483625.4566247,5,1,-35
1759483625.4956248,8,3,-40
1759483625.5316248,4,0,-34
1759483625.569625,-1,4,-47
1759483625.6076248,-1,-1,-37
1759483625.6456249,1,1,-44
1759483625.681625,-7,0,-47
1759483625.7186248,1,-1,-42
1759483625.7576249,0,-2,-41
1759483625.7956247,-2,0,-38
1759483625.8316247,0,0,-37
1759483625.8686247,-5,-4,-36
1759483625.9076247,-8,1,-45
1759483625.9456248,-4,7,-44
1759483625.9816248,-2,1,-42
1759483626.0186248,2,3,-51
1759483626.0576248,8,0,-46
1759483626.0956247,0,-5,-40
1759483626.1316247,1,-2,-52
1759483626.1696248,0,-3,-54
1759483626.207625,4,-4,-57
1759483626.2456248,-1,0,-48
1759483626.2816248,-4,1,-41
1759483626.3186247,1,-2,-42
1759483626.3576248,3,-4,-35
1759483626.3956249,2,0,-31
1759483626.431625,8,5,-30
1759483626.4696248,2,7,-31
1759483626.5076249,2,7,-40
1759483626.5456247,-4,4,-50
1759483626.5906248,1,1,-34
1759483626.628625,1,-2,-28
1759483626.6666248,-1,3,-29
1759483626.7036247,-3,3,-40
1759483626.740625,0,-3,-42
1759483626.7796247,-2,0,-41
1759483626.8176248,1,1,-30
1759483626.8536248,-1,1,-37
1759483626.8916247,1,-1,-44
1759483626.9296248,1,-1,-27
1759483626.967625,4,1,-43
1759483627.0066247,-1,2,-54
1759483627.0426247,4,-5,-37
1759483627.0816247,10,-2,-43
1759483627.1196249,0,-4,-44
1759483627.1576247,0,2,-42
1759483627.1936247,2,1,-40
1759483627.230625,2,0,-39
1759483627.2696247,-1,-4,-59
1759483627.3076248,-2,-11,-48
1759483627.3436248,1,1,-43
1759483627.3816247,-3,-8,-43
1759483627.4196248,0,0,-47
1759483627.457625,2,-7,-34
1759483627.4936247,3,-6,-33
1759483627.5326247,0,3,-40
1759483627.5706248,-1,7,-35
1759483627.6086247,-7,1,-41
1759483627.6466248,1,-4,-34
1759483627.6826248,-4,-7,-33
1759483627.7206247,-7,-3,-50
1759483627.7586248,-1,3,-33
1759483627.7976248,-2,5,-31
1759483627.8336248,-10,0,-36
1759483627.8706248,5,1,-48
1759483627.908625,-6,0,-53
1759483627.9476247,-2,-2,-40
1759483627.9836247,-3,1,-32
1759483628.0206249,0,6,-40
1759483628.0586247,-1,7,-42
1759483628.0976248,-3,3,-44
1759483628.1336248,-9,0,-54
1759483628.1706247,-7,2,-38
1759483628.2096248,2,-2,-40
1759483628.2476249,5,-3,-38
1759483628.283625,-2,6,-39
1759483628.3206248,5,4,-43
1759483628.3586247,4,3,-37
1759483628.3976247,0,3,-48
1759483628.4336247,-3,-3,-38
1759483628.4716249,-1,-5,-36
1759483628.5096247,4,2,-44
1759483628.5486248,3,3,-43
1759483628.5846248,6,1,-48
1759483628.6216247,1,-5,-43
1759483628.6596248,-4,8,-36
1759483628.6986248,0,0,-38
1759483628.7346249,-1,-7,-38
1759483628.7726247,-5,-2,-45
1759483628.8106248,-2,3,-44
1759483628.8496249,-1,0,-37
1759483628.8876247,-4,0,-51
1759483628.9236248,1,-2,-48
1759483628.9626248,4,0,-38
1759483628.9996247,8,3,-48
1759483629.0386248,-1,2,-33
1759483629.0746248,0,1,-42
1759483629.112625,2,0,-40
1759483629.1496248,6,0,-30
1759483629.1886249,0,2,-36
1759483629.2246249,-4,-1,-43
1759483629.2626247,-1,0,-37
1759483629.3006248,0,-3,-45
1759483629.339625,-8,-2,-35
1759483629.3776248,-2,1,-16
1759483629.4136248,0,4,-28
1759483629.4516249,0,0,-44
1759483629.4896247,0,3,-41
1759483629.5286248,1,9,-38
1759483629.5646248,8,1,-41
1759483629.6036248,6,0,-43
1759483629.6416247,6,0,-38
1759483629.6796248,0,1,-36
1759483629.717625,-4,3,-25
1759483629.753625,0,-1,-34
1759483629.7916248,6,0,-36
1759483629.829625,3,1,-38
1759483629.8686247,4,5,-45
1759483629.9046247,-4,-2,-48
1759483629.9426248,0,-5,-42
1759483629.980625,0,4,-40
1759483630.0196247,-10,-2,-29
1759483630.0576248,-4,1,-35
1759483630.0936248,-5,2,-34
1759483630.1326249,-1,1,-36
1759483630.1696248,0,6,-36
1759483630.2086248,4,5,-39
1759483630.2446249,3,5,-49
1759483630.2826247,1,3,-39
1759483630.3206248,1,-4,-32
1759483630.3586247,8,0,-46
1759483630.3946247,3,2,-41
1759483630.431625,7,-3,-42
1759483630.4706247,0,-6,-33
1759483630.5086248,6,0,-41
1759483630.5446248,5,1,-34
1759483630.5816247,-4,-7,-47
1759483630.6196249,-2,0,-45
1759483630.658625,1,-1,-42
1759483630.694625,-6,2,-39
1759483630.7316248,-3,3,-28
1759483630.7706249,-4,-6,-35
1759483630.8086247,-8,1,-32
1759483630.8446248,-4,2,-35
1759483630.8836248,-5,12,-33
1759483630.921625,0,4,-48
1759483630.9596248,2,-2,-43
1759483630.9966247,3,-2,-31
1759483631.033625,1,-3,-46
1759483631.0716248,2,-1,-33
1759483631.1106248,-5,0,-35
1759483631.148625,-2,-1,-45
1759483631.184625,-1,-4,-38
1759483631.2226248,1,-2,-46
1759483631.260625,5,0,-44
1759483631.2996247,5,8,-45
1759483631.3356247,1,7,-38
1759483631.3736248,5,3,-30
1759483631.411625,0,-1,-31
1759483631.4506247,2,3,-30
1759483631.4886248,-1,9,-37
1759483631.5246248,12,2,-40
1759483631.5616248,-4,0,-33
1759483631.6006248,-3,0,-44
1759483631.638625,-6,0,-39
1759483631.6746247,-4,-2,-28
1759483631.7136247,0,-6,-30
1759483631.750625,4,-9,-30
1759483631.7896247,-4,-4,-35
1759483631.8256247,5,-1,-44
1759483631.8636248,6,3,-40
1759483631.901625,7,0,-47
1759483631.9396248,9,0,-36
1759483631.9756248,6,-4,-34
1759483632.013625,-1,-7,-38
1759483632.0506248,4,1,-42
1759483632.089625,0,3,-35
1759483632.125625,2,2,-31
1759483632.1636248,0,4,-39
1759483632.2006247,-1,0,-40
1759483632.2396247,-8,-1,-29
1759483632.2756248,0,1,-33
1759483632.3126247,-2,-3,-45
1759483632.3506248,6,0,-49
1759483632.3896248,0,0,-44
1759483632.4256248,-2,4,-39
1759483632.4636247,-1,4,-27
1759483632.500625,2,0,-31
1759483632.5396247,-5,0,-32
1759483632.5756247,-5,-2,-46
1759483632.6146247,6,4,-43
1759483632.651625,1,1,-38
1759483632.6906247,1,0,-47
1759483632.7266247,-2,-1,-45
1759483632.7656248,-5,-1,-31
1759483632.8026247,-7,-3,-30
1759483632.8416247,0,-4,-40
1759483632.8796248,3,1,-41
1759483632.9156249,1,0,-40
1759483632.9526248,1,-1,-38
1759483632.9916248,0,-5,-32
1759483633.0296247,0,-5,-43
1759483633.0656247,-2,1,-45
1759483633.1036248,-2,5,-46
1759483633.1426249,-2,2,-50
1759483633.1806247,7,0,-45
1759483633.2166247,9,0,-44
1759483633.2546248,4,-6,-48
1759483633.2926247,-1,2,-45
1759483633.3306248,4,1,-39
1759483633.3666248,6,0,-37
1759483633.4046247,1,-2,-38
1759483633.4426248,-2,-7,-36
1759483633.480625,2,-4,-33
1759483633.5166247,3,0,-33
1759483633.5536249,0,-1,-33
1759483633.592625,-8,1,-34
1759483633.6306248,0,-3,-47
1759483633.6666248,-3,1,-47
1759483633.704625,2,-2,-49
1759483633.7426248,2,0,-42
1759483633.7806249,4,1,-33
1759483633.8166249,6,0,-41
1759483633.8546247,-1,4,-50
1759483633.8926249,-4,-1,-33
1759483633.9306247,2,-3,-44
1759483633.9666247,7,-6,-47
1759483634.0046248,1,0,-42
1759483634.0426247,-4,0,-42
1759483634.0806248,-1,3,-39
1759483634.1166248,-1,-1,-28
1759483634.1556249,-1,-4,-37
1759483634.1926248,-1,-1,-46
1759483634.2316248,8,-4,-45
1759483634.2676249,3,-1,-36
1759483634.3056247,4,-2,-27
1759483634.342625,-1,-3,-31
1759483634.3816247,4,1,-39
1759483634.4176247,4,3,-42
1759483634.4556248,7,-8,-35
1759483634.4926248,5,-9,-27
1759483634.5316248,4,0,-34
1759483634.5676248,3,3,-44
1759483634.605625,3,-4,-39
1759483634.6426249,-4,-1,-45
1759483634.681625,4,-3,-45
1759483634.717625,1,0,-46
1759483634.7546248,4,4,-39
1759483634.7926247,2,-4,-44
1759483634.8316247,1,2,-34
1759483634.8676248,-4,0,-37
1759483634.9046247,0,-2,-41
1759483634.9436247,-1,-4,-48
1759483634.9816248,-1,0,-39
1759483635.0176249,-5,3,-34
1759483635.0546248,-3,2,-32
1759483635.092625,5,3,-36
1759483635.1316247,-6,1,-51
1759483635.1676247,-5,0,-42
1759483635.204625,2,-2,-36
1759483635.2436247,-2,-3,-38
1759483635.2816248,4,7,-37
1759483635.3176248,0,5,-38
1759483635.3546247,-3,0,-38
1759483635.3936248,0,-2,-31
1759483635.431625,0,-1,-36
1759483635.467625,-6,0,-42
1759483635.5046248,-11,-7,-35
1759483635.5436249,0,-7,-26
1759483635.5816247,2,0,-37
1759483635.6176248,-3,0,-51
1759483635.6546247,0,0,-49
1759483635.6936247,-5,0,-44
1759483635.7316248,0,-1,-37
1759483635.7676249,0,-4,-28
1759483635.8046248,-4,1,-33
1759483635.8436248,0,-3,-39
1759483635.8816247,5,-4,-43
1759483635.9176247,3,0,-47
1759483635.954625,-2,8,-42
1759483635.9936247,-1,0,-28
1759483636.0316248,0,1,-26
1759483636.0676248,6,0,-37
1759483636.1046247,8,0,-48
1759483636.1436248,4,1,-46
1759483636.181625,6,-3,-42
1759483636.217625,2,0,-44
1759483636.2546248,4,-4,-33
1759483636.2936249,6,-2,-48
1759483636.3316247,1,0,-37
1759483636.3676248,-3,1,-40
1759483636.4056249,-2,4,-44
1759483636.4436247,-2,7,-43
1759483636.4816248,2,-2,-42
1759483636.5176249,-1,-4,-38
1759483636.556625,7,1,-39
1759483636.6016247,0,2,-39
1759483636.638625,1,1,-39
1759483636.6766248,0,-1,-46
1759483636.714625,-3,-6,-35
1759483636.7526248,-1,2,-37
1759483636.7886248,7,2,-37
1759483636.8266249,5,-4,-43
1759483636.8646247,-6,-2,-46
1759483636.9036248,-4,3,-43
1759483636.9416249,-6,4,-35
1759483636.977625,-3,-1,-30
1759483637.0166247,-2,0,-41
1759483637.0546248,-5,-2,-41
1759483637.092625,-2,-2,-46
1759483637.1296248,6,-3,-40
1759483637.1676247,-2,0,-38
1759483637.2056248,-4,5,-42
1759483637.2436247,-5,4,-43
1759483637.2796247,0,-2,-39
1759483637.3176248,0,-2,-41
1759483637.3566248,15,0,-48
1759483637.3936248,1,-1,-51
1759483637.4326248,6,7,-31
1759483637.4686248,19,1,-45
1759483637.5066247,8,0,-45
1759483637.5436249,-4,2,-50
1759483637.582625,-8,-2,-36
1759483637.6186247,-10,-1,-36
1759483637.6566248,0,3,-38
1759483637.694625,1,-6,-39
1759483637.7336247,4,-5,-52
1759483637.7696247,0,-6,-40
1759483637.806625,1,-2,-35
1759483637.8446248,-2,0,-38
1759483637.8836248,2,1,-39
1759483637.9196248,0,4,-42
1759483637.9566247,1,4,-34
1759483637.9946249,8,7,-44
1759483638.033625,3,0,-34
1759483638.069625,4,4,-50
1759483638.1066248,1,1,-42
1759483638.1456249,0,0,-34
1759483638.1836247,-2,0,-41
1759483638.2196248,3,0,-30
1759483638.2566247,4,5,-30
1759483638.2946248,2,4,-39
1759483638.3336248,0,3,-38
1759483638.3696249,0,7,-37
1759483638.4066248,-1,2,-45
1759483638.444625,2,7,-43
1759483638.4836247,6,1,-41
1759483638.5196247,1,-3,-32
1759483638.5576248,-3,0,-51
1759483638.5946248,-4,-3,-50
1759483638.6336248,3,6,-36
1759483638.6696248,-1,-2,-29
1759483638.707625,2,0,-35
1759483638.7466247,-1,4,-39
1759483638.7846248,-10,-1,-45
1759483638.8206248,-5,-3,-41
1759483638.8596249,-4,0,-48
1759483638.8976247,-2,3,-30
1759483638.934625,0,2,-27
1759483638.9736247,0,0,-36
1759483639.0096247,-2,-2,-38
1759483639.0476248,-4,-1,-49
1759483639.0856247,-1,2,-39
1759483639.1246247,-2,-2,-41
1759483639.1606247,-5,0,-32
1759483639.1976247,-4,-5,-39
1759483639.2356248,-9,0,-42
1759483639.2746248,-5,-1,-41
1759483639.3106248,4,0,-48
1759483639.3476248,3,1,-48
1759483639.385625,-1,-2,-32
1759483639.4246247,0,-2,-36
1759483639.4606247,0,-1,-39
1759483639.4976249,-1,1,-37
1759483639.5356247,-3,3,-33
1759483639.5746248,3,5,-40
1759483639.6106248,6,5,-40
1759483639.648625,0,4,-39
1759483639.6866248,-3,2,-30
1759483639.7246249,0,-6,-30
1759483639.760625,1,0,-34
1759483639.7986248,-1,0,-34
1759483639.8356247,0,0,-30
1759483639.8746247,4,0,-32
1759483639.9106247,0,0,-40
1759483639.9486248,-2,-6,-38
1759483639.9866247,-3,-4,-39
1759483640.0246248,-8,-1,-43
1759483640.0606248,-5,0,-45
1759483640.0986247,-2,-4,-40
1759483640.135625,2,0,-31
1759483640.1746247,0,-4,-34
1759483640.2106247,-3,1,-34
1759483640.2486248,-1,0,-47
1759483640.286625,0,0,-30
1759483640.3256247,-1,-3,-36
1759483640.3636248,-4,0,-40
1759483640.3996248,1,-3,-43
1759483640.4376247,0,-1,-46
1759483640.4756248,1,-2,-51
1759483640.5146248,1,2,-61
1759483640.5506248,0,3,-58
1759483640.5876248,1,-7,-44
1759483640.625625,0,-7,-33
1759483640.6646247,0,1,-40
1759483640.7006247,-3,2,-50
1759483640.7396247,-9,1,-48
1759483640.7776248,-3,-2,-35
1759483640.8156247,3,-1,-35
1759483640.8516247,4,-6,-44
1759483640.8906248,2,0,-43
1759483640.9276247,2,0,-42
1759483640.9656248,2,5,-43
1759483641.0046248,-2,10,-35
1759483641.0406249,3,0,-35
1759483641.0776248,-6,0,-31
1759483641.1166248,-7,3,-32
1759483641.1546247,-4,-3,-44
1759483641.1906247,0,-2,-40
1759483641.227625,0,3,-49
1759483641.2666247,3,5,-43
1759483641.3046248,3,-1,-36
1759483641.3406248,4,0,-33
1759483641.3776248,-1,-3,-39
1759483641.4166248,-2,-2,-49
1759483641.454625,-11,3,-37
1759483641.490625,-4,-4,-47
1759483641.5286248,3,-9,-29
1759483641.5666249,-2,-6,-35
1759483641.605625,-10,-2,-37
1759483641.6416247,-5,-7,-26
1759483641.6806247,0,0,-39
1759483641.7186248,-5,0,-29
1759483641.7566247,-3,-1,-31
1759483641.7946248,2,2,-44
1759483641.8306248,0,-1,-38
1759483641.8686247,0,-6,-46
1759483641.9076247,1,0,-45
1759483641.9456248,-1,-1,-36
1759483641.9816248,0,2,-39
1759483642.0186248,-7,4,-36
1759483642.0576248,-6,1,-49
1759483642.0956247,-4,6,-33
1759483642.1316247,1,9,-38
1759483642.1686249,0,0,-27
1759483642.207625,-8,4,-39
1759483642.2456248,-8,3,-36
1759483642.2816248,-1,4,-45
1759483642.319625,1,1,-34
1759483642.3586247,-4,-2,-27
1759483642.3966248,-3,-4,-28
1759483642.4326248,1,-4,-36
1759483642.4696248,6,3,-35
1759483642.5086248,0,0,-48
1759483642.546625,6,0,-46
1759483642.582625,3,-1,-43
1759483642.6196249,7,1,-30
1759483642.6576247,0,4,-41
1759483642.6966248,-3,-4,-37
1759483642.7326248,0,3,-45
1759483642.7696247,-1,-2,-30
1759483642.8076248,-6,6,-42
1759483642.8466249,-3,2,-41
1759483642.8826249,-3,-2,-43
1759483642.9206247,0,-6,-50
1759483642.9596248,-3,-1,-49
1759483642.9976249,-5,1,-44
1759483643.0356247,-7,-1,-46
1759483643.0716248,-2,-2,-31
1759483643.1096249,-5,0,-48
1759483643.1476247,1,1,-49
1759483643.1866248,-9,-3,-34
1759483643.2226248,-7,0,-38
1759483643.2616248,2,6,-36
1759483643.2996247,-1,8,-29
1759483643.3376248,0,-5,-42
1759483643.375625,-1,1,-37
1759483643.411625,1,1,-50
1759483643.4486248,8,-2,-46
1759483643.487625,7,6,-30
1759483643.5256248,2,1,-35
1759483643.5616248,-6,-5,-40
1759483643.6006248,-5,-7,-33
1759483643.6376247,0,-5,-33
1759483643.6766248,10,-4,-48
1759483643.7126248,5,4,-42
1759483643.7496247,0,-2,-34
1759483643.7876248,-3,-3,-36
1759483643.8266249,5,3,-40
1759483643.862625,0,2,-44
1759483643.8996248,0,9,-43
1759483643.9376247,5,3,-36
1759483643.9766247,1,-3,-26
1759483644.0126247,-2,0,-29
1759483644.0496247,-3,7,-42
1759483644.0886247,-7,7,-32
1759483644.1266248,-1,0,-31
1759483644.1626248,0,7,-42
1759483644.1996248,0,9,-47
1759483644.237625,0,0,-42
1759483644.276625,0,3,-56
1759483644.3126247,2,4,-49
1759483644.3496249,-8,0,-48
1759483644.388625,-4,-3,-35
1759483644.4266248,-2,-6,-40
1759483644.4626248,-4,-4,-38
1759483644.500625,0,-1,-29
1759483644.5386248,5,2,-33
1759483644.5776248,-4,1,-41
1759483644.6146247,1,0,-33
1759483644.6526248,0,-1,-36
1759483644.6896248,-2,-2,-39
1759483644.7286248,2,2,-51
1759483644.7666247,0,0,-37
1759483644.8026247,0,4,-38
1759483644.839625,-1,4,-38
1759483644.878625,-1,4,-32
1759483644.9166248,-1,-1,-44
1759483644.9526248,3,0,-47
1759483644.990625,8,3,-41
1759483645.0286248,0,2,-40
1759483645.0666249,-9,3,-30
1759483645.102625,-5,4,-33
1759483645.1416247,1,-1,-37
1759483645.1786249,6,2,-38
1759483645.217625,1,-1,-24
1759483645.253625,0,1,-37
1759483645.2916248,0,-4,-46
1759483645.3286247,-2,-4,-32
1759483645.3676248,5,-4,-35
1759483645.4036248,3,-2,-45
1759483645.4416249,6,-2,-44
1759483645.4786248,3,-3,-45
1759483645.5176249,3,2,-43
1759483645.5536249,5,6,-41
1759483645.5916247,0,3,-43
1759483645.628625,8,6,-36
1759483645.6676247,8,0,-53
1759483645.7036247,1,-5,-46
1759483645.7416248,4,-3,-52
1759483645.7786248,-4,-2,-45
1759483645.8176248,-6,-1,-44
1759483645.8536248,-6,4,-45
1759483645.8916247,-1,6,-43
1759483645.9296248,-1,2,-46
1759483645.967625,8,-10,-41
1759483646.003625,2,-8,-27
1759483646.0416248,5,-9,-45
1759483646.0786247,7,-2,-41
1759483646.1176248,0,-4,-34
1759483646.1536248,-6,0,-42
1759483646.1916249,-10,-2,-42
1759483646.230625,-3,-2,-34
1759483646.2686248,2,-1,-47
1759483646.3046248,0,-3,-35
1759483646.3416247,7,0,-41
1759483646.3796248,2,1,-34
1759483646.4186249,-1,-1,-33
1759483646.454625,0,1,-28
1759483646.4916248,3,1,-40
1759483646.5296247,4,2,-49
1759483646.5686247,-3,0,-47
1759483646.6136248,2,2,-51
1759483646.651625,6,0,-41
1759483646.6896248,8,-5,-43
1759483646.727625,2,-3,-33
1759483646.763625,-1,-5,-39
1759483646.8016248,-6,0,-41
1759483646.8406248,-4,4,-34
1759483646.878625,-6,-1,-30
1759483646.9146247,-2,1,-31
1759483646.9526248,1,4,-44
1759483646.990625,7,2,-52
1759483647.0286248,7,3,-40
1759483647.0646248,5,0,-50
1759483647.1016247,0,-4,-49
1759483647.1406248,-3,-1,-49
1759483647.1786249,-7,-5,-39
1759483647.214625,0,0,-36
1759483647.2516248,-6,-8,-40
1759483647.2906249,-1,-1,-43
1759483647.3286247,3,-4,-46
1759483647.3646247,2,2,-38
1759483647.401625,0,0,-32
1759483647.4406247,-3,1,-33
1759483647.4786248,-2,2,-37
1759483647.5146248,-8,2,-40
1759483647.5526247,-2,0,-40
1759483647.5916247,-4,3,-48
1759483647.6296248,0,0,-47
1759483647.6656249,-3,-3,-47
1759483647.7036247,-3,-1,-31
1759483647.7416248,1,-3,-52
1759483647.7796247,3,-1,-38
1759483647.8186247,5,3,-36
1759483647.8546247,1,-2,-50
1759483647.8916247,1,2,-50
1759483647.9296248,-2,0,-43
1759483647.9686248,3,-4,-34
1759483648.0046248,-1,0,-36
1759483648.0416248,2,2,-26
1759483648.079625,3,0,-33
1759483648.1186247,0,-2,-37
1759483648.1546247,0,-2,-41
1759483648.1916249,1,3,-38
1759483648.230625,-1,-3,-46
1759483648.2686248,3,2,-39
1759483648.3046248,4,2,-42
1759483648.3416247,2,-4,-35
1759483648.3806248,0,-5,-39
1759483648.4186249,-5,-2,-38
1759483648.454625,-2,0,-45
1759483648.4926248,-3,-4,-46
1759483648.5306249,6,-1,-43
1759483648.5686247,7,-1,-33
1759483648.6046247,7,0,-38
1759483648.6416247,1,-4,-40
1759483648.6806247,0,3,-29
1759483648.7186248,-3,-2,-36
1759483648.7546248,-1,-2,-33
1759483648.7936249,-1,0,-42
1759483648.8306248,-2,-2,-44
1759483648.8696249,3,-2,-46
1759483648.9056249,-1,0,-50
1759483648.9426248,2,0,-34
1759483648.980625,1,-3,-31
1759483649.0196247,-1,-4,-42
1759483649.0556247,0,-3,-41
1759483649.0936248,0,-6,-32
1759483649.1316247,0,-8,-44
1759483649.1706247,0,-9,-51
1759483649.2086248,2,-4,-40
1759483649.2446249,7,3,-33
1759483649.2816248,7,0,-35
1759483649.3206248,0,0,-37
1759483649.3566248,-5,-1,-40
1759483649.3956249,7,-1,-30
1759483649.4336247,5,-4,-40
1759483649.4706247,4,-2,-44
1759483649.5096247,-6,-1,-48
1759483649.5456247,0,-4,-34
1759483649.5836248,3,-3,-39
1759483649.6206248,-2,2,-42
1759483649.6596248,0,1,-40
1759483649.6956248,0,0,-46
1759483649.7336247,-2,0,-46
1759483649.7706249,0,-3,-46
1759483649.809625,-3,1,-30
1759483649.8456247,-2,0,-39
1759483649.8826249,4,5,-38
1759483649.921625,2,2,-37
1759483649.9596248,-2,2,-40
1759483649.9956248,-3,-3,-54
1759483650.033625,0,8,-47
1759483650.0716248,-1,8,-34
1759483650.1106248,0,0,-37
1759483650.1466248,9,-6,-30
1759483650.184625,6,-1,-33
1759483650.2226248,1,-2,-47
1759483650.2616248,-1,-8,-39
1759483650.2996247,-10,-10,-37
1759483650.3356247,-3,-9,-40
1759483650.3746247,-5,-7,-38
1759483650.4126248,0,-4,-46
1759483650.4506247,-2,-8,-42
1759483650.4866247,-2,-4,-41
1759483650.5256248,3,-3,-26
1759483650.5626247,-7,-4,-38
1759483650.6016247,-5,-2,-45
1759483650.6396248,-9,4,-33
1759483650.6756248,-3,1,-32
1759483650.7136247,-1,-1,-45
1759483650.7526248,3,-2,-49
1759483650.7906249,10,-8,-42
1759483650.8266249,4,0,-40
1759483650.8636248,3,5,-35
1759483650.9026248,-3,-1,-45
1759483650.9406247,-5,-4,-50
1759483650.9766247,-2,-3,-44
1759483651.0156248,-8,0,-42
1759483651.0536249,0,0,-45
1759483651.0916247,-2,0,-31
1759483651.1276248,0,-5,-38
1759483651.1656249,0,-4,-37
1759483651.2036247,3,2,-35
1759483651.2426248,-3,0,-38
1759483651.2806249,0,0,-42
1759483651.3166249,-7,5,-39
1759483651.3546247,-6,1,-24
1759483651.3926249,0,0,-30
1759483651.4306247,-1,1,-35
1759483651.4666247,-8,-4,-39
1759483651.5046248,-11,0,-41
1759483651.5436249,-1,-5,-40
1759483651.5816247,0,-3,-38
1759483651.6176248,0,3,-38
1759483651.6546247,-1,5,-36
1759483651.6936247,-4,8,-41
1759483651.7316248,5,-1,-38
1759483651.7676249,0,-1,-37
1759483651.8056247,6,6,-46
1759483651.8446248,-4,0,-53
1759483651.8826249,-10,8,-31
1759483651.9206247,-1,3,-30
1759483651.9566247,0,0,-43
1759483651.9946249,-3,0,-40
1759483652.033625,-5,1,-33
1759483652.0716248,-6,1,-34
1759483652.1076248,1,-4,-36
1759483652.1446247,4,-2,-52
1759483652.1836247,4,0,-46
1759483652.2216249,1,4,-40
1759483652.2576249,1,5,-31
1759483652.2946248,-2,5,-38
1759483652.3336248,-2,-1,-30
1759483652.3716247,1,-2,-34
1759483652.4076247,0,-9,-43
1759483652.444625,3,-7,-42
1759483652.4836247,6,-1,-42
1759483652.5216248,5,5,-46
1759483652.5576248,0,0,-38
1759483652.5946248,-6,-3,-43
1759483652.6336248,-1,3,-28
1759483652.671625,3,-1,-38
1759483652.707625,0,0,-41
1759483652.7456248,-3,2,-41
1759483652.783625,4,2,-38
1759483652.8216248,-1,0,-35
1759483652.8576248,0,0,-43
1759483652.8946247,-1,3,-52
1759483652.9336247,0,2,-38
1759483652.9716249,0,5,-43
1759483653.0076249,-1,6,-47
1759483653.046625,0,-4,-39
1759483653.0836248,5,3,-45
1759483653.1226249,2,-2,-40
1759483653.1596248,1,0,-38
1759483653.1976247,11,1,-42
1759483653.2346249,-6,-11,-47
1759483653.2726247,2,-9,-38
1759483653.3116248,0,-2,-41
1759483653.3476248,-4,1,-46
1759483653.3846247,-1,5,-36
1759483653.4236248,0,1,-32
1759483653.4616249,-2,-1,-40
1759483653.4976249,0,-5,-41
1759483653.5346248,-3,-8,-39
1759483653.5736248,-2,-3,-33
1759483653.6116247,7,-3,-30
1759483653.6476247,4,-2,-36
1759483653.684625,7,0,-28
1759483653.7236247,0,-5,-37
1759483653.7616248,4,-3,-40
1759483653.7976248,-1,-3,-34
1759483653.8366249,-8,0,-32
1759483653.8736248,4,1,-38
1759483653.9126248,0,0,-42
1759483653.9486248,-3,-7,-44
1759483653.987625,0,-1,-40
1759483654.0256248,4,2,-46
1759483654.0636249,2,5,-46
1759483654.1016247,0,6,-47
1759483654.1376247,-2,3,-46
1759483654.1746247,-7,4,-41
1759483654.2136247,-1,2,-35
1759483654.2516248,0,1,-42
1759483654.2876248,0,0,-38
1759483654.3256247,2,0,-33
1759483654.3636248,2,-3,-33
1759483654.401625,1,-5,-41
1759483654.4376247,-2,-5,-42
1759483654.4766247,0,0,-50
1759483654.513625,-1,-4,-46
1759483654.5526247,4,0,-32
1759483654.5886247,4,-4,-40
1759483654.6266248,9,0,-51
1759483654.6636248,10,-2,-37
1759483654.7026248,7,-3,-36
1759483654.7386248,2,-1,-32
1759483654.776625,-6,-3,-28
1759483654.8146248,1,5,-37
1759483654.8536248,7,-4,-47
1759483654.8896248,3,-3,-42
1759483654.9266248,0,0,-38
1759483654.964625,2,3,-40
1759483655.003625,2,1,-32
1759483655.0396247,3,4,-45
1759483655.0766249,8,0,-45
1759483655.1146247,0,4,-43
1759483655.1536248,-10,5,-43
1759483655.1896248,0,1,-46
1759483655.2266247,4,1,-39
1759483655.2646248,7,3,-38
1759483655.3036249,3,5,-29
1759483655.339625,3,-1,-29
1759483655.3766248,3,6,-34
1759483655.4146247,4,0,-49
1759483655.4536247,10,-6,-39
1759483655.4896247,4,-6,-28
1759483655.526625,6,-6,-40
1759483655.5646248,2,-1,-46
1759483655.6036248,-4,-4,-47
1759483655.6396248,-2,-6,-39
1759483655.6776247,3,-10,-47
1759483655.7166247,7,-5,-52
1759483655.7546248,3,-3,-49
1759483655.7926247,7,-3,-52
1759483655.829625,4,-6,-36
1759483655.8676248,4,-6,-41
1759483655.9056249,9,-2,-49
1759483655.9436247,-2,4,-37
1759483655.9796247,-3,1,-43
1759483656.0186248,1,0,-35
1759483656.0556247,1,-2,-47
1759483656.0946248,0,0,-42
1759483656.1326249,6,0,-43
1759483656.1686249,-1,-1,-38
1759483656.2066247,0,-7,-44
1759483656.2446249,7,-4,-36
1759483656.283625,2,-2,-36
1759483656.319625,1,-2,-47
1759483656.3576248,0,-5,-46
1759483656.3956249,0,-1,-47
1759483656.434625,7,0,-46
1759483656.4706247,6,4,-37
1759483656.5076249,3,2,-51
1759483656.546625,0,-4,-51
1759483656.5846248,0,-4,-45
1759483656.628625,-7,-2,-39
1759483656.6666248,2,0,-37
1759483656.704625,0,-1,-43
1759483656.740625,0,0,-32
1759483656.7786248,1,-3,-28
1759483656.8156247,0,-3,-38
1759483656.8546247,-2,-1,-26
1759483656.8906248,-1,-5,-43
1759483656.9286249,1,-7,-41
1759483656.9666247,-3,2,-45
1759483657.0056248,-3,-1,-38
1759483657.0436249,3,2,-45
1759483657.079625,0,1,-45
1759483657.1166248,1,3,-37
1759483657.1556249,9,0,-48
1759483657.1936247,-8,0,-47
1759483657.2296247,-5,2,-50
1759483657.2686248,-4,-2,-55
1759483657.3056247,-1,-3,-50
1759483657.3446248,-6,0,-48
1759483657.3806248,-6,1,-44
1759483657.4186249,8,4,-42
1759483657.4556248,6,2,-44
1759483657.4946249,-2,3,-45
1759483657.5306249,0,-2,-40
1759483657.5686247,-3,0,-44
1759483657.605625,-6,-3,-46
1759483657.6446247,-1,0,-41
1759483657.6806247,-4,-5,-38
1759483657.7196248,-6,3,-42
1759483657.7566247,-2,0,-44
1759483657.7956247,6,-1,-42
1759483657.8336248,9,-1,-45
1759483657.8696249,6,-1,-42
1759483657.9066248,7,0,-27
1759483657.9456248,4,-1,-37
1759483657.9816248,0,-1,-34
1759483658.0186248,2,-3,-47
1759483658.056625,1,1,-43
1759483658.0956247,5,0,-42
1759483658.1316247,1,2,-45
1759483658.1696248,5,1,-47
1759483658.2066247,6,5,-39
1759483658.2456248,8,7,-40
1759483658.2816248,4,0,-39
1759483658.319625,0,3,-33
1759483658.3566248,-6,0,-29
1759483658.3956249,-3,1,-40
1759483658.431625,-1,-2,-41
1759483658.4696248,3,-2,-42
1759483658.5076249,-6,-6,-38
1759483658.546625,-2,-10,-38
1759483658.5846248,2,-6,-50
1759483658.6216247,-3,-7,-49
1759483658.658625,-2,0,-32
1759483658.6966248,-4,2,-37
1759483658.7356248,0,6,-34
1759483658.7716248,0,2,-31
1759483658.8086247,1,0,-45
1759483658.8466249,0,5,-54
1759483658.885625,7,0,-44
1759483658.921625,0,-1,-38
1759483658.9606247,0,-1,-43
1759483658.9986248,1,0,-29
1759483659.036625,-4,1,-32
1759483659.0746248,0,-1,-26
1759483659.1106248,-2,0,-24
1759483659.148625,0,4,-37
1759483659.1866248,0,4,-52
1759483659.2256248,3,1,-45
1759483659.2616248,-3,1,-40
1759483659.2996247,-1,-3,-45
1759483659.3376248,2,-7,-38
1759483659.3766248,3,-3,-40
1759483659.4146247,2,-4,-55
1759483659.4506247,3,-1,-39
1759483659.4896247,-6,-3,-17
1759483659.526625,-1,2,-38
1759483659.5656247,2,0,-30
1759483659.6016247,2,1,-30
1759483659.638625,3,0,-40
1759483659.6776247,2,-7,-45
1759483659.7156248,1,0,-43
1759483659.7516248,-2,3,-41
1759483659.7886248,3,0,-31
1759483659.8266249,1,0,-42
1759483659.865625,-1,-4,-41
1759483659.901625,-5,-2,-30
1759483659.9406247,0,-12,-38
1759483659.9786248,2,-6,-39
1759483660.0166247,-2,-6,-42
1759483660.0536249,6,-7,-46
1759483660.0906248,0,-6,-44
1759483660.128625,0,-2,-41
1759483660.1676247,-4,-1,-40
1759483660.2056248,-6,-3,-46
1759483660.2416248,-8,-3,-37
1759483660.2796247,5,0,-45
1759483660.3186247,1,0,-47
1759483660.3566248,2,-2,-37
1759483660.3926249,4,-3,-34
1759483660.4306247,-9,-6,-31
1759483660.4696248,-3,-2,-40
1759483660.5076249,5,-1,-36
1759483660.5456247,5,-1,-38
1759483660.5816247,6,-6,-39
1759483660.6186247,1,-4,-42
1759483660.6576247,1,3,-56
1759483660.6956248,-5,3,-42
1759483660.7316248,-2,-5,-38
1759483660.7706249,0,0,-44
1759483660.8076248,-1,5,-41
1759483660.8466249,1,2,-41
1759483660.8826249,0,-2,-36
1759483660.9206247,-2,1,-44
1759483660.9586248,0,1,-36
1759483660.9976249,0,0,-43
1759483661.0356247,3,4,-38
1759483661.0716248,-2,2,-32
1759483661.1096249,-3,1,-38
1759483661.1476247,-7,-7,-55
1759483661.1876247,1,-9,-51
1759483661.2256248,-6,-1,-38
1759483661.2616248,-5,3,-39
1759483661.2996247,-7,4,-34
1759483661.3376248,6,-2,-26
1759483661.3766248,4,-4,-34
1759483661.4126248,3,-2,-37
1759483661.4506247,0,-1,-38
1759483661.4896247,-1,3,-38
1759483661.5276248,-2,0,-44
1759483661.5636249,-4,-3,-38
1759483661.602625,0,0,-30
1759483661.6406248,-8,-2,-32
1759483661.6786249,-6,0,-30
1759483661.7166247,-5,1,-41
1759483661.7526248,6,5,-33
1759483661.7906249,5,1,-44
1759483661.8276248,3,-2,-47
1759483661.8666248,-9,-6,-48
1759483661.9026248,-7,-5,-38
1759483661.9406247,0,4,-37
1759483661.9796247,-2,2,-49
1759483662.0176249,0,-5,-51
1759483662.0536249,2,-3,-53
1759483662.0916247,5,-2,-41
1759483662.1296248,1,-3,-45
1759483662.1686249,1,-7,-34
1759483662.2066247,6,-4,-34
1759483662.2426248,-3,-2,-35
1759483662.2806249,-2,-2,-36
1759483662.3186247,-2,1,-19
1759483662.3576248,-7,-4,-31
1759483662.3936248,-1,5,-35
1759483662.4326248,-7,-1,-42
1759483662.4696248,-1,1,-36
1759483662.5086248,3,-3,-39
1759483662.546625,4,-1,-40
1759483662.582625,1,0,-41
1759483662.6196249,7,0,-41
1759483662.658625,0,1,-32
1759483662.6966248,-1,6,-42
1759483662.7326248,-2,0,-43
1759483662.7706249,-2,-1,-48
1759483662.8086247,-1,-1,-41
1759483662.8466249,-2,2,-48
1759483662.8826249,-5,0,-53
1759483662.9196248,0,4,-42
1759483662.9586248,-4,-4,-37
1759483662.9966247,-6,-3,-49
1759483663.0326247,5,-6,-45
1759483663.0716248,-1,-7,-51
1759483663.1086247,-4,-6,-44
1759483663.1476247,0,-2,-51
1759483663.1836247,0,3,-52
1759483663.2216249,0,2,-46
1759483663.2586248,-3,-7,-49
1759483663.2976248,-5,1,-35
1759483663.3336248,3,1,-42
1759483663.3706248,8,12,-36
1759483663.408625,1,-1,-38
1759483663.4476247,-1,0,-53
1759483663.4836247,0,10,-48
1759483663.5216248,-1,0,-37
1759483663.5586247,-4,0,-41
1759483663.5976248,-1,-5,-36
1759483663.6336248,-1,-8,-39
1759483663.6726248,1,-6,-34
1759483663.7096248,-2,-4,-27
1759483663.7486248,8,-6,-36
1759483663.7846248,3,1,-35
1759483663.8226247,-1,1,-32
1759483663.8596249,0,8,-38
1759483663.898625,0,-7,-45
1759483663.934625,2,0,-26
1759483663.9726248,-6,2,-38
1759483664.0096247,-8,1,-43
1759483664.0486248,6,-1,-56
1759483664.0846248,7,-9,-44
1759483664.1226249,2,-1,-50
1759483664.1606247,-5,0,-28
1759483664.1996248,-2,5,-30
1759483664.237625,-3,5,-32
1759483664.273625,-6,1,-26
1759483664.3126247,0,3,-40
1759483664.3496249,7,0,-34
1759483664.388625,4,5,-37
1759483664.4246247,0,9,-36
1759483664.4626248,-6,11,-39
1759483664.4996247,-8,4,-36
1759483664.5386248,0,4,-40
1759483664.5746248,2,5,-44
1759483664.6116247,0,5,-29
1759483664.6496248,-7,2,-21
1759483664.6886249,-3,-3,-35
1759483664.7246249,8,-9,-42
1759483664.7616248,2,-2,-38
1759483664.7996247,1,-7,-33
1759483664.8386247,4,1,-30
1759483664.8746247,2,1,-41
1759483664.911625,2,-1,-35
1759483664.9496248,4,1,-38
1759483664.9886248,1,5,-38
1759483665.0246248,2,2,-39
1759483665.0616248,-2,-5,-40
1759483665.0996249,6,-4,-44
1759483665.138625,6,1,-48
1759483665.1746247,5,-2,-47
1759483665.2126248,0,-3,-49
1759483665.2516248,5,-1,-30
1759483665.2896247,-5,0,-28
1759483665.3256247,0,-3,-29
1759483665.3636248,-3,-2,-34
1759483665.401625,3,0,-43
1759483665.4396248,1,1,-48
1759483665.4756248,0,-1,-41
1759483665.5126247,3,0,-43
1759483665.5516248,-6,1,-46
1759483665.589625,-1,0,-36
1759483665.625625,1,1,-34
1759483665.6636248,-9,1,-43
1759483665.7016249,1,-2,-30
1759483665.7396247,-7,0,-44
1759483665.7756248,1,-6,-35
1759483665.8136249,0,-3,-32
1759483665.8516247,4,0,-27
1759483665.8896248,5,0,-30
1759483665.9256248,7,2,-34
1759483665.9636247,3,-5,-42
1759483666.0016248,6,2,-25
1759483666.0396247,13,5,-27
1759483666.0756247,3,2,-38
1759483666.1136248,-2,-1,-22
1759483666.151625,1,-1,-31
1759483666.1896248,-1,6,-26
1759483666.2256248,1,0,-34
1759483666.263625,1,-7,-29
1759483666.3016248,3,5,-42
1759483666.339625,-5,7,-38
1759483666.375625,-4,3,-31
1759483666.4136248,-4,1,-43
1759483666.4506247,1,-8,-44
1759483666.4896247,-2,-3,-45
1759483666.5256248,0,0,-42
1759483666.5636249,4,0,-33
1759483666.6006248,0,1,-38
1759483666.6456249,-4,-2,-42
1759483666.6836247,4,-7,-41
1759483666.7216249,0,2,-41
1759483666.7596247,0,0,-37
1759483666.7956247,4,-1,-32
1759483666.8346248,0,10,-40
1759483666.8716247,-8,0,-46
1759483666.9106247,-3,-3,-44
1759483666.9466248,-1,0,-44
1759483666.9836247,-4,-3,-43
1759483667.0216248,2,4,-60
1759483667.0606248,3,-2,-53
1759483667.0966249,0,0,-41
1759483667.1336248,-3,5,-46
1759483667.171625,-5,4,-25
1759483667.2106247,-5,0,-34
1759483667.2466247,-1,0,-38
1759483667.2856247,0,5,-49
1759483667.3226247,-3,-3,-52
1759483667.3616247,-1,1,-38
1759483667.3996248,0,-4,-47
1759483667.4356248,6,1,-37
1759483667.4736247,10,-3,-41
1759483667.5116248,-5,-1,-39
1759483667.5496247,0,0,-39
1759483667.5856247,7,5,-30
1759483667.6236248,16,-1,-40
1759483667.661625,3,4,-41
1759483667.6996248,-2,-2,-40
1759483667.7356248,1,1,-40
1759483667.773625,-8,3,-49
1759483667.8116248,1,0,-41
1759483667.8506248,-4,2,-37
1759483667.8866248,1,0,-46
1759483667.9236248,-1,-2,-41
1759483667.9616249,-2,3,-41
1759483668.000625,0,-2,-44
1759483668.036625,1,-3,-35
1759483668.0746248,-2,2,-41
1759483668.1116247,1,3,-25
1759483668.1506248,-6,6,-38
1759483668.1866248,-3,-3,-44
1759483668.2246249,4,-3,-46
1759483668.2626247,-2,-4,-40
1759483668.3016248,0,-5,-38
1759483668.339625,3,2,-33
1759483668.375625,7,7,-41
1759483668.4126248,-1,3,-38
1759483668.4516249,-8,0,-30
1759483668.487625,-2,8,-32
1759483668.5256248,-4,6,-37
1759483668.5646248,-3,3,-32
1759483668.6016247,-5,3,-31
1759483668.6406248,-1,0,-26
1759483668.6766248,-6,5,-40
1759483668.714625,-5,0,-37
1759483668.7516248,0,-4,-45
1759483668.7906249,-3,-6,-46
1759483668.8266249,0,-2,-44
1759483668.8646247,4,-1,-49
1759483668.901625,5,-4,-53
1759483668.9406247,0,-2,-46
1759483668.9766247,2,-3,-33
1759483669.0146248,-7,-2,-27
1759483669.0516248,-13,1,-34
1759483669.0906248,0,5,-22
1759483669.1266248,-5,7,-28
1759483669.1636248,-1,1,-30
1759483669.2026248,0,0,-38
1759483669.240625,0,3,-35
1759483669.276625,-1,3,-45
1759483669.3146248,0,3,-47
1759483669.3536248,6,0,-52
1759483669.3916247,1,-8,-43
1759483669.4276247,5,-1,-39
1759483669.464625,0,-2,-36
1759483669.503625,-1,-6,-39
1759483669.5416248,0,2,-31
1759483669.5776248,4,0,-39
1759483669.6146247,0,2,-30
1759483669.6536248,0,1,-48
1759483669.6916249,-5,4,-38
1759483669.727625,-6,3,-38
1759483669.7646248,9,0,-36
1759483669.8036249,0,2,-29
1759483669.8416247,5,4,-31
1759483669.8776248,5,4,-34
1759483669.9146247,0,-2,-40
1759483669.9536247,0,-8,-41
1759483669.9916248,-4,4,-40
1759483670.0276248,-6,2,-38
1759483670.0656247,0,3,-34
1759483670.1036248,0,0,-31
1759483670.1416247,0,3,-41
1759483670.1776247,-1,4,-46
1759483670.214625,0,8,-50
1759483670.253625,-1,4,-41
1759483670.2916248,-6,-1,-48
1759483670.3276248,1,-4,-47
1759483670.365625,-3,3,-55
1759483670.4036248,-4,0,-54
1759483670.4416249,-9,-4,-49
1759483670.477625,-4,0,-46
1759483670.5156248,0,1,-46
1759483670.5536249,3,5,-39
1759483670.5916247,1,0,-36
1759483670.6276248,0,-4,-45
1759483670.6656249,0,-1,-44
1759483670.7036247,-4,0,-31
1759483670.7416248,-2,-4,-34
1759483670.7776248,-2,0,-33
1759483670.8156247,0,-4,-40
1759483670.8536248,-5,-3,-46
1759483670.8916247,-11,4,-29
1759483670.9276247,-8,8,-38
1759483670.9656248,4,-3,-44
1759483671.0046248,2,-1,-42
1759483671.0426247,4,0,-41
1759483671.0786247,3,0,-42
1759483671.1166248,6,6,-49
1759483671.1546247,-1,0,-48
1759483671.1926248,-3,6,-31
1759483671.2286248,2,0,-45
1759483671.2666247,-8,-5,-40
1759483671.3046248,1,-5,-37
1759483671.342625,-3,-1,-37
1759483671.378625,-2,0,-48
1759483671.4156249,-4,-5,-34
1759483671.454625,-5,3,-37
1759483671.4926248,1,-1,-38
1759483671.5286248,-1,2,-44
1759483671.5656247,-3,1,-39
1759483671.6046247,0,6,-45
1759483671.6426249,0,6,-38
1759483671.6786249,4,2,-39
1759483671.7156248,6,-5,-35
1759483671.7546248,-7,-4,-38
1759483671.7926247,6,-3,-42
1759483671.8286247,3,2,-39
1759483671.865625,-3,0,-51
1759483671.9046247,-5,-1,-42
1759483671.9426248,3,6,-37
1759483671.9786248,-1,6,-42
1759483672.0176249,8,-3,-41
1759483672.0546248,0,0,-46
1759483672.0936248,4,0,-43
1759483672.1296248,-1,0,-40
1759483672.1676247,-6,0,-46
1759483672.204625,2,4,-48
1759483672.2436247,0,5,-41
1759483672.2796247,-1,5,-39
1759483672.3176248,3,1,-48
1759483672.3546247,-3,-1,-47
1759483672.3936248,3,3,-44
1759483672.4296248,5,1,-39
1759483672.467625,0,1,-36
1759483672.5046248,-10,-4,-41
1759483672.5436249,-8,-4,-28
1759483672.579625,-3,0,-23
1759483672.6176248,2,0,-44
1759483672.6556249,3,0,-38
1759483672.6936247,5,-2,-36
1759483672.7296247,0,2,-40
1759483672.7676249,-4,0,-35
1759483672.8046248,-2,-5,-31
1759483672.8436248,-6,-5,-37
1759483672.8796248,0,-10,-45
1759483672.9176247,0,-6,-37
1759483672.954625,-2,-2,-39
1759483672.9936247,1,-1,-29
1759483673.0296247,0,-5,-36
1759483673.0686247,1,-5,-39
1759483673.105625,2,3,-43
1759483673.1446247,6,0,-49
1759483673.1826248,-5,-5,-39
1759483673.2186248,-5,0,-47
1759483673.2576249,0,-5,-47
1759483673.2946248,-1,-2,-42
1759483673.3336248,5,-2,-33
1759483673.3696249,1,-8,-47
1759483673.4076247,-3,2,-38
1759483673.4466248,0,2,-35
1759483673.4846249,1,1,-27
1759483673.5226247,7,0,-32
1759483673.559625,8,0,-43
1759483673.5966249,0,-3,-45
1759483673.6346247,0,3,-35
1759483673.6736248,-8,-4,-25
1759483673.7096248,4,-4,-41
1759483673.7466247,-3,0,-40
1759483673.7856247,-6,4,-32
1759483673.8236248,5,0,-23
1759483673.8596249,-3,-1,-32
1759483673.8976247,1,0,-40
1759483673.9356248,0,-1,-38
1759483673.9746249,-1,-6,-27
1759483674.010625,-4,-5,-41
1759483674.0486248,2,-4,-36
1759483674.0866249,-4,-5,-38
1759483674.125625,7,-5,-44
1759483674.1636248,-2,-3,-46
1759483674.1996248,-2,-5,-39
1759483674.2386248,1,1,-38
1759483674.276625,-6,0,-42
1759483674.3146248,0,-5,-32
1759483674.3516247,0,5,-33
1759483674.388625,-5,1,-31
1759483674.4266248,-3,0,-38
1759483674.4656248,-3,7,-25
1759483674.503625,0,2,-34
1759483674.5396247,-1,3,-41
1759483674.5776248,0,5,-48
1759483674.615625,2,0,-43
1759483674.6536248,2,4,-47
1759483674.6896248,-1,-3,-39
1759483674.7286248,3,2,-46
1759483674.7666247,2,0,-47
1759483674.8046248,3,0,-42
1759483674.8406248,-4,3,-34
1759483674.8796248,3,8,-44
1759483674.9176247,-2,0,-36
1759483674.9556248,-3,4,-48
1759483674.9936247,-4,0,-32
1759483675.0296247,0,2,-44
1759483675.0676248,6,5,-39
1759483675.105625,-4,-4,-32
1759483675.1436248,-6,-4,-40
1759483675.1796248,-10,-1,-35
1759483675.2186248,3,-7,-29
1759483675.2556248,0,-2,-34
1759483675.2946248,1,0,-38
1759483675.3306248,7,2,-30
1759483675.3686247,3,0,-41
1759483675.4056249,-1,-2,-36
1759483675.444625,-1,-2,-36
1759483675.480625,4,-3,-37
1759483675.5196247,0,-1,-40
1759483675.556625,2,0,-31
1759483675.5956247,-3,0,-34
1759483675.6316247,-1,-5,-37
1759483675.6696248,-1,0,-43
1759483675.707625,6,4,-47
1759483675.7456248,6,3,-35
1759483675.7846248,0,-4,-30
1759483675.8206248,7,-7,-30
1759483675.8586247,0,0,-31
1759483675.8976247,0,3,-36
1759483675.9356248,-9,-2,-29
1759483675.9716249,-3,-3,-38
1759483676.010625,0,-4,-29
1759483676.0476248,2,-2,-37
1759483676.0866249,2,0,-35
1759483676.1246247,-2,-1,-42
1759483676.1606247,-8,-3,-37
1759483676.1996248,1,1,-44
1759483676.237625,2,-3,-33
1759483676.2756248,0,-4,-34
1759483676.3116248,-2,-10,-20
1759483676.3496249,-1,-3,-42
1759483676.388625,-3,-5,-39
1759483676.4266248,-2,-1,-39
1759483676.464625,5,4,-46
1759483676.500625,6,6,-39
1759483676.5386248,1,6,-41
1759483676.5766249,5,0,-39
1759483676.6146247,0,-4,-40
1759483676.658625,0,-6,-26
1759483676.6966248,0,1,-36
1759483676.7346249,-2,-2,-33
1759483676.7706249,3,-3,-32
1759483676.809625,3,0,-36
1759483676.8476248,3,0,-45
1759483676.885625,-6,1,-40
1759483676.921625,-2,-1,-37
1759483676.9606247,-5,3,-32
1759483676.9976249,-4,2,-39
1759483677.036625,5,2,-43
1759483677.0726247,3,1,-46
1759483677.1106248,2,1,-45
1759483677.1476247,-4,-3,-32
1759483677.1866248,1,2,-34
1759483677.2226248,6,0,-41
1759483677.260625,5,0,-40
1759483677.2976248,6,-2,-30
1759483677.3366249,6,-1,-46
1759483677.3726249,6,0,-42
1759483677.4106247,1,-4,-27
1759483677.4476247,0,-10,-38
1759483677.4866247,3,0,-38
1759483677.5226247,7,1,-41
1759483677.5606248,-9,5,-37
1759483677.5976248,-9,-3,-35
1759483677.6366248,-7,-4,-37
1759483677.6726248,3,5,-30
1759483677.7106247,0,0,-33
1759483677.7476249,1,4,-31
1759483677.786625,-4,0,-37
1759483677.8226247,-4,0,-41
1759483677.8606248,3,-7,-41
1759483677.8976247,3,-4,-44
1759483677.9366248,0,-5,-50
1759483677.9726248,-2,-7,-39
1759483678.010625,2,-7,-36
1759483678.0486248,0,-3,-30
1759483678.0876248,-1,0,-44
1759483678.125625,3,-3,-52
1759483678.161625,7,-8,-46
1759483678.1996248,0,-7,-34
1759483678.237625,2,-8,-33
1759483678.2756248,4,-5,-31
1759483678.3116248,2,-5,-42
1759483678.3486247,-2,2,-44
1759483678.3876247,0,-5,-37
1759483678.4256248,4,-3,-44
1759483678.4616249,3,-1,-33
1759483678.4986248,4,-3,-32
1759483678.5376248,0,-1,-42
1759483678.5756247,-5,-2,-42
1759483678.6116247,0,0,-41
1759483678.648625,0,-4,-47
1759483678.6876247,1,-1,-50
1759483678.7256248,-9,-1,-48
1759483678.7616248,-6,4,-36
1759483678.7996247,3,0,-51
1759483678.8376248,1,0,-36
1759483678.8766248,-4,-2,-30
1759483678.9126248,1,-2,-43
1759483678.9506247,0,4,-30
1759483678.9886248,4,-1,-43
1759483679.0276248,-2,-6,-41
1759483679.0636249,0,-9,-37
1759483679.1016247,3,-1,-45
1759483679.1396248,-1,0,-36
1759483679.1776247,-4,-2,-46
1759483679.2136247,-1,8,-31
1759483679.2516248,4,8,-36
1759483679.2906249,5,-2,-31
1759483679.3276248,5,-1,-45
1759483679.3666248,3,0,-31
1759483679.4026248,-3,1,-37
1759483679.4406247,-4,-2,-23
1759483679.4786248,-1,2,-45
1759483679.5176249,0,-4,-37
1759483679.5536249,-4,0,-45
1759483679.5916247,-3,-3,-48
1759483679.6306248,0,3,-42
1759483679.6686249,1,3,-30
1759483679.7066247,-1,0,-42
1759483679.7426248,-2,-4,-32
1759483679.7816248,-4,4,-35
1759483679.819625,3,3,-43
1759483679.8576248,-2,2,-42
1759483679.8936248,0,0,-37
1759483679.931625,-7,1,-41
1759483679.9686248,-5,-8,-33
1759483680.0076249,0,-6,-41
1759483680.0436249,5,-2,-42
1759483680.0816247,2,2,-33
1759483680.1186247,2,0,-29
1759483680.1576247,7,3,-43
1759483680.1936247,6,11,-40
1759483680.2316248,0,2,-46
1759483680.2696247,-4,9,-34
1759483680.3076248,-3,1,-38
1759483680.3436248,-9,-7,-43
1759483680.3816247,0,-10,-35
1759483680.4206247,8,-3,-39
1759483680.4586248,1,0,-40
1759483680.4966247,-2,1,-34
1759483680.5326247,-8,4,-47
1759483680.5706248,0,2,-46
1759483680.6086247,5,1,-43
1759483680.6456249,6,4,-33
1759483680.6826248,3,2,-35
1759483680.7206247,0,-3,-44
1759483680.7586248,-2,0,-38
1759483680.7976248,1,-2,-38
1759483680.8336248,4,-2,-41
1759483680.8706248,0,-4,-37
1759483680.908625,-5,-2,-47
1759483680.9476247,5,-1,-42
1759483680.9836247,1,0,-48
1759483681.0206249,-1,0,-38
1759483681.0586247,0,6,-48
1759483681.0976248,0,5,-39
1759483681.1336248,-3,3,-47
1759483681.1706247,0,-1,-58
1759483681.2086248,-1,0,-52
1759483681.2476249,1,0,-36
1759483681.283625,5,6,-39
1759483681.3206248,3,2,-26
1759483681.3596249,0,-2,-35
1759483681.3976247,0,-8,-38
1759483681.4336247,-2,-11,-37
1759483681.4716249,0,-8,-31
1759483681.5096247,-2,-4,-38
1759483681.5486248,-2,-3,-35
1759483681.5846248,-7,0,-30
1759483681.6226249,-2,3,-36
1759483681.661625,-4,1,-36
1759483681.6996248,-5,1,-41
1759483681.737625,0,8,-49
1759483681.773625,-4,9,-29
1759483681.8126247,-4,0,-30
1759483681.8496249,2,0,-37
1759483681.888625,4,-1,-43
1759483681.9246247,0,6,-43
1759483681.9626248,-1,6,-38
1759483681.9996247,-2,-5,-51
1759483682.0386248,1,-1,-46
1759483682.0756247,-1,-3,-45
1759483682.112625,2,-5,-41
1759483682.1506248,1,-3,-30
1759483682.1896248,3,-1,-43
1759483682.227625,4,0,-52
1759483682.263625,-1,4,-61
1759483682.3016248,-10,7,-47
1759483682.339625,0,0,-42
1759483682.378625,1,3,-29
1759483682.4146247,4,5,-29
1759483682.4516249,0,2,-38
1759483682.490625,-4,4,-34
1759483682.5286248,0,3,-31
1759483682.5646248,-5,0,-37
1759483682.6016247,4,2,-43
1759483682.6406248,-8,1,-43
1759483682.6786249,3,-1,-46
1759483682.714625,-1,0,-41
1759483682.753625,-3,2,-54
1759483682.7916248,-1,-2,-39
1759483682.829625,-1,-2,-34
1759483682.865625,1,-2,-41
1759483682.9036248,-1,4,-34
1759483682.9416249,4,1,-36
1759483682.9796247,1,-1,-42
1759483683.0156248,-2,0,-44
1759483683.0546248,-1,-1,-49
1759483683.0916247,-3,0,-39
1759483683.1306248,0,-2,-43
1759483683.1686249,-7,1,-38
1759483683.204625,-1,2,-37
1759483683.2426248,5,0,-41
1759483683.2806249,0,-3,-41
1759483683.319625,-5,-2,-40
1759483683.355625,-3,3,-48
1759483683.3926249,-1,5,-55
1759483683.4306247,-6,-1,-44
1759483683.4696248,-1,1,-43
1759483683.5066247,1,1,-38
1759483683.5446248,-2,2,-37
1759483683.582625,-1,-1,-31
1759483683.6206248,1,1,-37
1759483683.658625,-2,0,-42
1759483683.694625,-1,-1,-54
1759483683.7326248,-10,-2,-40
1759483683.7716248,2,-1,-31
1759483683.809625,0,-9,-39
1759483683.8456247,2,-9,-29
1759483683.8826249,2,-2,-33
1759483683.921625,4,1,-41
1759483683.9596248,1,-4,-32
1759483683.9956248,-9,0,-40
1759483684.033625,0,-7,-45
1759483684.0716248,0,0,-49
1759483684.1106248,0,1,-37
1759483684.1466248,0,-1,-48
1759483684.1836247,2,0,-42
1759483684.2226248,2,0,-36
1759483684.260625,2,3,-44
1759483684.296625,0,7,-41
1759483684.3336248,3,3,-43
1759483684.3716247,1,-4,-50
1759483684.4106247,0,-1,-45
1759483684.4466248,1,1,-44
1759483684.4836247,0,0,-46
1759483684.5216248,-9,3,-32
1759483684.5606248,-6,-4,-42
1759483684.5966249,-10,3,-38
1759483684.635625,0,-1,-43
1759483684.6726248,-1,0,-41
1759483684.7106247,-2,1,-32
1759483684.7496247,-7,-4,-37
1759483684.7856247,0,3,-44
1759483684.8246248,2,6,-43
1759483684.862625,-5,9,-44
1759483684.9006248,-5,1,-49
1759483684.9366248,-2,4,-41
1759483684.9756248,1,10,-30
1759483685.0126247,3,2,-41
1759483685.0516248,0,0,-43
1759483685.089625,3,-4,-42
1759483685.125625,1,3,-43
1759483685.1626248,8,-1,-37
1759483685.2016249,5,4,-36
1759483685.2396247,8,-3,-31
1759483685.2756248,0,2,-29
1759483685.3136249,0,-3,-30
1759483685.3516247,-3,-4,-40
1759483685.3896248,5,-3,-48
1759483685.4256248,7,-9,-33
1759483685.4626248,-6,-1,-27
1759483685.5016248,-1,-3,-33
1759483685.5396247,3,-1,-35
1759483685.5756247,6,0,-42
1759483685.6136248,-2,0,-33
1759483685.651625,4,-8,-36
1759483685.6896248,1,-2,-31
1759483685.7256248,-1,-2,-33
1759483685.7646248,-1,-4,-38
1759483685.8016248,-4,-4,-42
1759483685.8406248,-2,-5,-43
1759483685.8766248,-2,-7,-31
1759483685.9156249,8,-9,-33
1759483685.9526248,2,-4,-36
1759483685.9916248,3,-2,-36
1759483686.0276248,-4,0,-39
1759483686.0666249,-6,-5,-31
1759483686.1046247,2,0,-37
1759483686.1426249,-2,4,-49
1759483686.1806247,5,7,-45
1759483686.2166247,-2,2,-41
1759483686.253625,1,5,-46
1759483686.2926247,0,5,-33
1759483686.3306248,-1,1,-33
1759483686.3666248,-8,0,-36
1759483686.4036248,1,3,-51
1759483686.4426248,-5,-3,-41
1759483686.480625,2,-7,-23
1759483686.5166247,14,-1,-27
1759483686.5556247,8,-5,-42
1759483686.592625,-6,-5,-43
1759483686.6316247,0,-6,-40
1759483686.6766248,1,0,-48
1759483686.714625,-2,-1,-43
1759483686.7526248,-6,0,-45
1759483686.7906249,-5,1,-40
1759483686.8266249,-6,-3,-40
1759483686.8646247,-6,1,-35
1759483686.9026248,-2,1,-35
1759483686.9416249,-4,-2,-33
1759483686.977625,-2,-1,-30
1759483687.0166247,1,-9,-40
1759483687.0546248,0,0,-39
1759483687.092625,-3,-1,-42
1759483687.1306248,-6,1,-47
1759483687.1666248,0,0,-44
1759483687.204625,0,0,-43
1759483687.2426248,4,3,-31
1759483687.2806249,-5,0,-43
1759483687.3166249,-3,1,-43
1759483687.355625,1,-2,-43
1759483687.3926249,1,0,-33
1759483687.431625,-3,-5,-35
1759483687.467625,-4,-5,-40
1759483687.5066247,2,2,-38
1759483687.5436249,0,2,-39
1759483687.582625,3,-3,-46
1759483687.6186247,0,-2,-42
1759483687.6556249,-1,0,-40
1759483687.6936247,4,1,-39
1759483687.7326248,0,3,-44
1759483687.7686248,-8,0,-40
1759483687.806625,-2,-3,-34
1759483687.8436248,-9,-3,-26
1759483687.8826249,0,2,-30
1759483687.9186249,-3,0,-16
1759483687.9556248,0,-3,-36
1759483687.9936247,2,-1,-49
1759483688.0326247,3,3,-35
1759483688.0686247,0,8,-34
1759483688.105625,0,2,-43
1759483688.1436248,0,-1,-36
1759483688.1826248,5,-3,-40
1759483688.2186248,4,-1,-44
1759483688.2566247,9,-4,-33
1759483688.2956247,2,3,-47
1759483688.3336248,7,-1,-38
1759483688.3716247,2,0,-45
1759483688.4076247,3,-5,-45
1759483688.4466248,4,1,-42
1759483688.4836247,0,1,-42
1759483688.5226247,2,-1,-40
1759483688.5586247,3,-1,-45
1759483688.5966249,9,-4,-52
1759483688.6336248,1,3,-46
1759483688.6726248,-6,0,-42
1759483688.7086248,-3,-2,-45
1759483688.7466247,-1,1,-45
1759483688.7846248,-4,1,-35
1759483688.8236248,2,6,-45
1759483688.8616247,-2,-1,-46
1759483688.8976247,-4,-6,-37
1759483688.9366248,2,-4,-39
1759483688.9746249,2,-7,-47
1759483689.0126247,0,4,-37
1759483689.0486248,1,2,-34
1759483689.0866249,-5,-4,-38
1759483689.1246247,1,2,-38
1759483689.1636248,-1,0,-34
1759483689.1996248,-2,-1,-41
1759483689.237625,2,-4,-30
1759483689.276625,2,-2,-34
1759483689.3136249,1,2,-45
1759483689.352625,4,-5,-37
1759483689.388625,5,-6,-35
1759483689.4266248,0,-1,-40
1759483689.464625,4,-1,-46
1759483689.503625,3,-4,-30
1759483689.5396247,4,-1,-23
1759483689.5766249,0,-1,-42
1759483689.6146247,2,-2,-25
1759483689.6536248,1,-1,-26
1759483689.6896248,-1,-2,-30
1759483689.727625,4,4,-35
1759483689.7656248,-1,-5,-32
1759483689.8046248,5,0,-37
1759483689.842625,-6,0,-37
1759483689.878625,0,6,-38
1759483689.9176247,0,1,-37
1759483689.954625,0,-1,-37
1759483689.9936247,-4,5,-44
1759483690.0296247,-1,6,-33
1759483690.0676248,5,1,-33
1759483690.105625,-1,-2,-31
1759483690.1446247,0,-2,-36
1759483690.1826248,0,-4,-40
1759483690.2186248,6,-4,-39
1759483690.2556248,2,0,-42
1759483690.2946248,0,0,-34
1759483690.332625,2,-4,-30
1759483690.3686247,-1,-4,-36
1759483690.4066248,2,-1,-39
1759483690.444625,1,-5,-40
1759483690.4836247,4,1,-43
1759483690.5196247,8,1,-45
1759483690.556625,11,-4,-42
1759483690.5956247,-5,-1,-41
1759483690.6336248,0,1,-35
1759483690.6696248,4,-3,-54
1759483690.707625,3,-5,-42
1759483690.7456248,4,-4,-41
1759483690.7846248,8,-4,-36
1759483690.8226247,-1,-5,-41
1759483690.8586247,1,-4,-36
1759483690.8956249,-1,-3,-44
1759483690.934625,4,-2,-46
1759483690.9706247,4,-5,-40
1759483691.0096247,4,-5,-32
1759483691.0476248,7,0,-34
1759483691.0856247,4,-2,-46
1759483691.1236248,0,-3,-42
1759483691.1596248,3,-2,-48
1759483691.1976247,0,3,-33
1759483691.2356248,6,0,-39
1759483691.2746248,5,-4,-43
1759483691.3106248,-1,5,-28
1759483691.3476248,-4,1,-29
1759483691.385625,-4,-3,-35
1759483691.4246247,-4,-1,-36
1759483691.4606247,2,-2,-40
1759483691.4996247,-7,-2,-39
1759483691.536625,0,-1,-40
1759483691.5746248,-4,2,-38
1759483691.6136248,1,1,-34
1759483691.6496248,-1,0,-47
1759483691.6866248,1,-1,-41
1759483691.7256248,5,1,-44
1759483691.763625,6,3,-37
1759483691.7996247,7,2,-27
1759483691.8366249,-1,3,-32
1759483691.875625,4,-4,-29
1759483691.9136248,1,8,-45
1759483691.9496248,-8,4,-43
1759483691.9866247,-3,-6,-40
1759483692.0256248,-4,-4,-33
1759483692.0636249,0,-5,-41
1759483692.0996249,-2,0,-43
1759483692.1366248,0,0,-40
1759483692.1756248,2,0,-39
1759483692.2136247,-1,0,-50
1759483692.2496247,4,-4,-50
1759483692.286625,0,0,-46
1759483692.3256247,6,-1,-39
1759483692.3636248,3,-1,-41
1759483692.3996248,0,0,-45
1759483692.4366248,-2,2,-45
1759483692.4756248,3,-1,-48
1759483692.513625,2,7,-44
1759483692.5496247,2,0,-45
1759483692.5866249,0,-6,-42
1759483692.625625,-2,-2,-42
1759483692.6636248,-7,1,-34
1759483692.6996248,-1,-1,-54
1759483692.737625,-5,2,-48
1759483692.776625,-7,-2,-48
1759483692.8146248,-4,11,-36
1759483692.8506248,-1,6,-41
1759483692.8896248,-2,3,-48
1759483692.9276247,-5,6,-46
1759483692.9656248,1,6,-52
1759483693.0016248,1,3,-42
1759483693.0396247,0,-5,-46
1759483693.0766249,-1,-5,-52
1759483693.115625,-2,1,-42
1759483693.151625,2,-1,-38
1759483693.1896248,-1,0,-40
1759483693.2266247,0,3,-38
1759483693.2656248,-2,0,-51
1759483693.3016248,-2,-1,-45
1759483693.3406248,5,-2,-41
1759483693.3776248,2,-1,-42
1759483693.4166248,1,1,-43
1759483693.454625,0,0,-33
1759483693.490625,0,-8,-26
1759483693.5276248,-1,-4,-36
1759483693.5666249,0,-1,-54
1759483693.6046247,0,4,-45
1759483693.6406248,-2,-2,-32
1759483693.6786249,-2,-1,-37
1759483693.717625,0,2,-27
1759483693.7556248,6,0,-33
1759483693.7916248,-1,4,-36
1759483693.8306248,-2,5,-44
1759483693.8676248,0,3,-39
1759483693.9066248,1,0,-33
1759483693.944625,7,4,-46
1759483693.980625,2,1,-37
1759483694.0176249,4,3,-34
1759483694.056625,0,2,-36
1759483694.0946248,1,-5,-36
1759483694.1306248,-1,-2,-39
1759483694.1686249,-6,2,-41
1759483694.2066247,-8,0,-47
1759483694.2456248,5,-3,-50
1759483694.2816248,-1,0,-50
1759483694.3186247,0,-3,-42
1759483694.3566248,-10,-9,-32
1759483694.3956249,0,-1,-33
1759483694.4326248,-4,-3,-30
1759483694.4706247,-2,-1,-31
1759483694.5076249,9,-1,-48
1759483694.546625,1,2,-48
1759483694.582625,0,-2,-43
1759483694.6206248,-7,-1,-39
1759483694.6596248,1,2,-37
1759483694.6966248,1,2,-39
1759483694.7356248,-1,0,-33
1759483694.7716248,3,4,-32
1759483694.809625,0,2,-40
1759483694.8476248,0,0,-38
1759483694.8866248,0,2,-35
1759483694.9226248,-1,0,-49
1759483694.9606247,-5,-2,-45
1759483694.9996247,-1,-2,-37
1759483695.036625,-5,0,-41
1759483695.0756247,-3,1,-30
1759483695.1116247,3,-4,-40
1759483695.148625,5,2,-28
1759483695.1876247,-1,-2,-31
1759483695.2256248,-6,4,-30
1759483695.2616248,-1,3,-46
1759483695.2986248,10,-1,-41
1759483695.3376248,11,1,-49
1759483695.375625,7,1,-47
1759483695.411625,0,5,-43
1759483695.4486248,4,-3,-41
1759483695.487625,11,1,-47
1759483695.5256248,0,0,-39
1759483695.5616248,-1,1,-37
1759483695.6006248,1,1,-37
1759483695.6376247,6,-3,-31
1759483695.6766248,1,-1,-37
1759483695.7126248,-5,-4,-40
1759483695.750625,0,2,-35
1759483695.7896247,0,1,-23
1759483695.8276248,6,0,-38
1759483695.865625,0,0,-36
1759483695.901625,1,4,-39
1759483695.9386249,-2,-1,-48
1759483695.977625,-4,0,-47
1759483696.0156248,-1,0,-35
1759483696.0516248,-2,-2,-44
1759483696.089625,-7,0,-42
1759483696.1276248,-2,-6,-37
1759483696.1666248,4,2,-47
1759483696.2026248,0,2,-55
1759483696.2396247,4,0,-46
1759483696.2776248,1,0,-40
1759483696.3166249,1,-3,-33
1759483696.352625,0,-4,-44
1759483696.3906248,-8,-6,-36
1759483696.4296248,-2,-1,-49
1759483696.467625,-8,3,-32
1759483696.503625,-6,0,-43
1759483696.5426247,1,0,-36
1759483696.579625,5,4,-44
1759483696.6176248,0,8,-31
1759483696.6566248,1,0,-42
1759483696.7006247,4,3,-45
1759483696.7386248,0,0,-41
1759483696.776625,0,1,-35
1759483696.8126247,0,0,-44
1759483696.8506248,2,-2,-40
1759483696.888625,-3,4,-37
1759483696.9266248,-7,3,-38
1759483696.9626248,-4,3,-41
1759483697.000625,-2,-1,-41
1759483697.0386248,-7,5,-46
1759483697.0776248,-3,-1,-40
1759483697.1136248,-2,-2,-51
1759483697.1526248,-2,0,-49
1759483697.1896248,3,2,-32
1759483697.2286248,3,5,-46
1759483697.2666247,5,0,-46
1759483697.3026247,-6,0,-48
1759483697.3416247,-1,-7,-44
1759483697.3796248,-2,-5,-42
1759483697.4176247,-4,4,-49
1759483697.4536247,2,2,-39
1759483697.4916248,0,8,-46
1759483697.5296247,-3,-3,-41
1759483697.5676248,-8,-2,-34
1759483697.6036248,-3,-1,-35
1759483697.6426249,7,-10,-40
1759483697.6796248,3,2,-38
1759483697.7186248,7,0,-45
1759483697.7566247,0,0,-39
1759483697.7926247,-8,1,-40
1759483697.829625,-3,0,-36
1759483697.8686247,-3,3,-40
1759483697.9066248,0,0,-39
1759483697.9426248,-1,1,-34
1759483697.9796247,0,3,-40
1759483698.0186248,1,3,-36
1759483698.0546248,2,0,-34
1759483698.092625,-1,0,-51
1759483698.1296248,1,0,-47
1759483698.1686249,0,-1,-32
1759483698.204625,4,2,-42
1759483698.2426248,-1,0,-46
1759483698.2806249,-2,-2,-41
1759483698.3186247,0,0,-37
1759483698.3576248,3,6,-36
1759483698.3936248,-2,1,-42
1759483698.431625,0,-1,-48
1759483698.4706247,0,2,-41
1759483698.5086248,-2,3,-44
1759483698.5446248,-3,-3,-37
1759483698.5836248,3,-2,-36
1759483698.6216247,0,4,-42
1759483698.6596248,10,0,-49
1759483698.6976247,0,-4,-38
1759483698.7336247,3,1,-52
1759483698.7716248,-1,-1,-44
1759483698.809625,2,-2,-46
1759483698.8476248,-3,1,-49
1759483698.8836248,3,0,-36
1759483698.921625,2,2,-36
1759483698.9596248,4,1,-37
1759483698.9976249,2,1,-36
1759483699.033625,-3,0,-45
1759483699.0716248,1,0,-43
1759483699.1096249,-1,-1,-37
1759483699.1476247,1,-1,-41
1759483699.1836247,-1,-6,-44
1759483699.2216249,-4,-10,-45
1759483699.2596247,2,-3,-43
1759483699.2986248,-3,1,-51
1759483699.3346248,3,0,-51
1759483699.3716247,1,0,-44
1759483699.4096248,-6,1,-29
1759483699.4486248,-13,-7,-34
1759483699.4846249,0,-4,-42
1759483699.5226247,-2,-6,-40
1759483699.5616248,-13,-2,-23
1759483699.5996249,-11,-5,-30
1759483699.6376247,2,0,-37
1759483699.6736248,-2,-3,-39
1759483699.7126248,0,2,-36
1759483699.7496247,0,0,-49
1759483699.7886248,0,3,-42
1759483699.8246248,0,0,-38
1759483699.862625,-2,-3,-39
1759483699.9006248,4,-3,-32
1759483699.9386249,1,-4,-41
1759483699.9746249,2,0,-41
1759483700.0126247,1,2,-49
1759483700.0496247,6,-2,-40
1759483700.0886247,1,0,-28
1759483700.1246247,0,0,-24
1759483700.1626248,-2,0,-36
1759483700.1996248,-1,0,-37
1759483700.2386248,-2,-8,-42
1759483700.2746248,5,-7,-48
1759483700.3126247,-1,-2,-55
1759483700.3496249,2,6,-42
1759483700.388625,4,3,-40
1759483700.4246247,0,2,-38
1759483700.4626248,-1,0,-36
1759483700.500625,-1,2,-38
1759483700.5386248,-1,0,-38
1759483700.5746248,-4,-4,-36
1759483700.612625,12,2,-41
1759483700.6506248,-2,2,-29
1759483700.6896248,-1,0,-35
1759483700.7256248,-1,0,-43
1759483700.7626247,0,0,-26
1759483700.8006248,5,-1,-34
1759483700.839625,-5,-3,-37
1759483700.875625,-6,7,-33
1759483700.9136248,-1,1,-34
1759483700.9506247,0,-4,-29
1759483700.9896247,0,-1,-39
1759483701.0256248,0,-5,-47
1759483701.0636249,-6,-5,-44
1759483701.1016247,-2,-2,-54
1759483701.1406248,-5,1,-42
1759483701.1786249,0,6,-39
1759483701.214625,7,6,-40
1759483701.2516248,0,0,-36
1759483701.2906249,-3,-7,-48
1759483701.3286247,-1,-2,-46
1759483701.3646247,-6,-2,-40
1759483701.4026248,-1,-3,-43
1759483701.4416249,2,-1,-50
1759483701.4796247,6,-2,-41
1759483701.5156248,3,-7,-43
1759483701.5546248,5,0,-40
1759483701.5916247,0,2,-45
1759483701.6306248,-2,1,-34
1759483701.6666248,-3,-2,-43
1759483701.704625,-2,-1,-47
1759483701.7426248,1,-1,-34
1759483701.7806249,-6,1,-39
1759483701.819625,0,0,-40
1759483701.8566248,-5,-1,-33
1759483701.8936248,-3,-6,-35
1759483701.9326248,-5,-5,-32
1759483701.9706247,0,3,-31
1759483702.0066247,1,4,-36
1759483702.0446248,-1,0,-44
1759483702.0816247,-3,0,-36
1759483702.1206248,-1,-5,-42
1759483702.1566248,8,-5,-34
1759483702.1936247,2,-7,-37
1759483702.2316248,7,-2,-38
1759483702.2706249,-3,-5,-47
1759483702.306625,0,-1,-45
1759483702.3446248,6,-4,-47
1759483702.3816247,3,-6,-40
1759483702.4206247,-4,-4,-42
1759483702.4566247,-6,-5,-50
1759483702.4946249,-4,-2,-39
1759483702.5326247,0,1,-45
1759483702.5716248,5,-3,-34
1759483702.6096249,-5,0,-28
1759483702.6456249,0,-7,-41
1759483702.6826248,-7,-1,-36
1759483702.7216249,-1,3,-34
1759483702.7596247,1,0,-39
1759483702.7956247,-3,-2,-34
1759483702.8336248,-2,-5,-47
1759483702.8716247,0,5,-36
1759483702.9106247,0,-3,-39
1759483702.9476247,-2,5,-32
1759483702.9856248,1,-6,-44
1759483703.0226247,4,-2,-32
1759483703.0616248,-1,0,-37
1759483703.0976248,-1,-7,-34
1759483703.1366248,2,-6,-32
1759483703.1746247,3,1,-37
1759483703.2116249,0,1,-34
1759483703.250625,5,0,-38
1759483703.286625,2,2,-30
1759483703.3236248,2,-3,-30
1759483703.3616247,3,-3,-31
1759483703.4006248,9,-5,-48
1759483703.4366248,-1,-7,-48
1759483703.4756248,0,-1,-40
1759483703.513625,0,-5,-36
1759483703.5516248,-3,0,-23
1759483703.5876248,-9,0,-38
1759483703.6266248,-6,-5,-41
1759483703.6646247,-7,-2,-26
1759483703.7016249,-10,0,-43
1759483703.740625,-2,-3,-41
1759483703.776625,-6,-5,-37
1759483703.8146248,-3,3,-32
1759483703.8536248,-2,-2,-40
1759483703.8916247,-6,6,-30
1759483703.9276247,4,1,-36
1759483703.964625,0,-1,-47
1759483704.003625,0,1,-37
1759483704.0416248,8,-2,-35
1759483704.0776248,0,-2,-27
1759483704.1146247,-2,0,-33
1759483704.1536248,0,-4,-42
1759483704.1916249,-1,-6,-42
1759483704.227625,2,-5,-28
1759483704.2646248,-1,-3,-40
1759483704.3036249,3,7,-35
1759483704.3416247,4,-3,-51
1759483704.3776248,6,0,-48
1759483704.4146247,1,-2,-37
1759483704.4526248,0,1,-33
1759483704.4916248,0,-4,-49
1759483704.5276248,-6,-10,-45
1759483704.5656247,0,-2,-41
1759483704.6036248,-5,-3,-40
1759483704.6426249,-8,3,-54
1759483704.6806247,1,0,-46
1759483704.7166247,1,5,-45
1759483704.7556248,2,-8,-40
1759483704.7926247,1,4,-49
1759483704.8316247,-2,3,-49
1759483704.8676248,0,6,-47
1759483704.9046247,-2,0,-27
1759483704.9426248,2,-1,-44
1759483704.9816248,6,2,-51
1759483705.0176249,1,4,-33
1759483705.0546248,9,4,-41
1759483705.092625,8,-2,-33
1759483705.1316247,3,0,-41
1759483705.1676247,0,3,-37
1759483705.204625,5,0,-37
1759483705.2436247,0,5,-39
1759483705.2816248,0,0,-40
1759483705.3176248,8,3,-47
1759483705.3566248,-2,-2,-42
1759483705.3936248,0,6,-42
1759483705.4326248,-1,0,-47
1759483705.4686248,1,-3,-48
1759483705.5066247,2,-3,-41
1759483705.5446248,-2,-4,-46
1759483705.582625,-5,-7,-43
1759483705.6216247,-5,-3,-38
1759483705.658625,-9,-8,-38
1759483705.6966248,0,-7,-41
1759483705.7346249,-1,5,-27
1759483705.7726247,4,9,-31
1759483705.8086247,6,5,-31
1759483705.8456247,-3,4,-32
1759483705.8846247,2,-2,-39
1759483705.9226248,4,-8,-43
1759483705.9586248,-1,-4,-35
1759483705.9966247,-3,0,-39
1759483706.0356247,3,1,-41
1759483706.0736248,3,7,-35
1759483706.1116247,-4,0,-42
1759483706.1476247,-2,-1,-32
1759483706.1866248,-2,-11,-41
1759483706.2236247,-2,-2,-42
1759483706.2626247,6,-2,-35
1759483706.2986248,9,0,-42
1759483706.3366249,1,-1,-43
1759483706.3736248,-2,-6,-39
1759483706.4126248,-2,-4,-40
1759483706.4486248,3,0,-36
1759483706.4866247,-4,-2,-35
1759483706.523625,-1,6,-40
1759483706.5626247,9,1,-41
1759483706.5986247,3,-2,-44
1759483706.635625,6,4,-43
1759483706.6736248,1,0,-35
1759483706.7186248,7,2,-38
1759483706.7566247,3,0,-48
1759483706.7936249,0,3,-37
1759483706.832625,-6,0,-27
1759483706.8686247,0,0,-36
1759483706.9066248,-6,0,-45
1759483706.944625,-10,-5,-33
1759483706.9836247,-3,-2,-31
1759483707.0196247,-7,0,-24
1759483707.056625,-2,-3,-43
1759483707.0946248,3,-4,-47
1759483707.1336248,1,0,-40
1759483707.1696248,7,0,-48
1759483707.2066247,3,-3,-41
1759483707.2446249,-1,0,-41
1759483707.283625,0,0,-40
1759483707.319625,1,-2,-36
1759483707.3576248,3,-3,-36
1759483707.3966248,1,1,-38
1759483707.434625,-13,1,-44
1759483707.4726248,-7,-5,-39
1759483707.5096247,3,-3,-48
1759483707.546625,3,-6,-45
1759483707.5846248,0,-1,-52
1759483707.6236248,1,-4,-45
1759483707.6596248,1,-1,-31
1759483707.6986248,-3,4,-32
1759483707.7356248,3,-2,-43
1759483707.7746248,2,2,-45
1759483707.8126247,-5,-3,-47
1759483707.8486247,-3,0,-40
1759483707.8866248,-9,2,-31
1759483707.9256248,-4,-4,-35
1759483707.9636247,-1,-3,-37
1759483707.9996247,-6,-2,-47
1759483708.0386248,-2,-5,-43
1759483708.0756247,1,-5,-41
1759483708.1146247,0,-3,-38
1759483708.1526248,-4,-2,-39
1759483708.1886249,-2,-7,-44
1759483708.2266247,5,-3,-37
1759483708.2646248,0,-2,-46
1759483708.3036249,7,-5,-36
1759483708.339625,8,-8,-33
1759483708.3776248,-3,-4,-42
1759483708.4156249,-5,-2,-40
1759483708.454625,0,1,-37
1759483708.490625,-3,3,-30
1759483708.5286248,0,2,-32
1759483708.5676248,-2,2,-34
1759483708.605625,1,6,-28
1759483708.6436248,2,9,-36
1759483708.6796248,0,-1,-39
1759483708.717625,0,1,-43
1759483708.7546248,0,1,-42
1759483708.7936249,-1,-1,-40
1759483708.829625,-1,-3,-35
1759483708.8676248,4,4,-43
1759483708.9066248,1,0,-33
1759483708.944625,6,-2,-30
1759483708.980625,8,0,-41
1759483709.0186248,1,2,-48
1759483709.0556247,-5,1,-37
1759483709.0946248,0,-2,-40
1759483709.1306248,-1,-6,-32
1759483709.1686249,-2,-5,-34
1759483709.207625,10,3,-27
1759483709.2456248,-5,0,-30
1759483709.283625,-3,1,-49
1759483709.319625,-5,1,-42
1759483709.3566248,0,-3,-36
1759483709.3956249,-4,-1,-42
1759483709.4336247,0,4,-39
1759483709.4696248,-7,-2,-37
1759483709.5086248,-8,1,-48
1759483709.5456247,0,0,-42
1759483709.5846248,-4,1,-38
1759483709.6206248,-2,1,-37
1759483709.6596248,2,-3,-35
1759483709.6966248,0,-5,-31
1759483709.7356248,-2,-1,-38
1759483709.773625,-2,0,-31
1759483709.809625,1,-1,-41
1759483709.8476248,0,2,-36
1759483709.885625,0,0,-36
1759483709.9246247,1,-7,-36
1759483709.9606247,-1,-5,-43
1759483709.9986248,0,0,-37
1759483710.036625,8,-6,-37
1759483710.0756247,5,0,-40
1759483710.1136248,2,-10,-35
1759483710.1496248,0,-2,-37
1759483710.1866248,-7,-3,-44
1759483710.2256248,-3,-7,-29
1759483710.2616248,-5,-3,-41
1759483710.2996247,0,0,-42
1759483710.3376248,-1,4,-32
1759483710.375625,-1,0,-34
1759483710.4146247,-5,6,-41
1759483710.4506247,-4,5,-37
1759483710.4886248,3,6,-40
1759483710.5276248,6,-5,-36
1759483710.5656247,-1,-1,-37
1759483710.602625,-1,0,-33
1759483710.6406248,0,-4,-28
1759483710.6776247,3,-2,-47
1759483710.7166247,2,2,-47
1759483710.7546248,6,0,-43
1759483710.7906249,6,0,-40
1759483710.8276248,-3,1,-34
1759483710.8666248,4,-3,-20
1759483710.9046247,-4,0,-31
1759483710.9406247,-6,-3,-38
1759483710.9786248,-6,-4,-37
1759483711.0176249,9,0,-39
1759483711.0556247,3,0,-34
1759483711.0916247,1,0,-18
1759483711.128625,-3,4,-34
1759483711.1666248,-3,-3,-40
1759483711.2056248,1,3,-28
1759483711.2416248,5,-5,-34
1759483711.2786248,-4,-4,-38
1759483711.3166249,-2,0,-38
1759483711.355625,-1,1,-44
1759483711.3916247,-1,0,-43
1759483711.4296248,-4,0,-41
1759483711.467625,-2,1,-45
1759483711.5066247,-1,0,-31
1759483711.5446248,0,-7,-40
1759483711.5806248,-4,-4,-35
1759483711.6196249,1,-4,-39
1759483711.6566248,0,-4,-41
1759483711.6956248,-4,-3,-44
1759483711.7316248,1,-1,-44
1759483711.7706249,0,0,-44
1759483711.8076248,4,2,-46
1759483711.8466249,2,-1,-33
1759483711.8826249,1,0,-37
1759483711.9196248,3,-2,-32
1759483711.957625,7,-7,-31
1759483711.9966247,-1,3,-43
1759483712.0326247,1,5,-45
1759483712.069625,3,-1,-43
1759483712.1076248,3,0,-43
1759483712.1466248,0,2,-35
1759483712.1826248,1,1,-38
1759483712.2196248,3,-3,-46
1759483712.2576249,-1,-3,-44
1759483712.296625,3,1,-40
1759483712.332625,3,1,-28
1759483712.3696249,-2,0,-41
1759483712.4076247,-2,-2,-32
1759483712.4466248,-9,-4,-45
1759483712.4826248,0,-5,-39
1759483712.5216248,-3,-4,-32
1759483712.559625,-7,0,-30
1759483712.5976248,-8,-4,-34
1759483712.635625,3,0,-33
1759483712.671625,0,3,-41
1759483712.7096248,0,-2,-41
1759483712.7476249,-6,2,-42
1759483712.7856247,0,3,-38
1759483712.8226247,0,7,-43
1759483712.8596249,2,-2,-44
1759483712.898625,6,0,-43
1759483712.9366248,3,1,-34
1759483712.9726248,-1,-2,-35
1759483713.010625,-7,-7,-45
1759483713.0486248,-9,-5,-37
1759483713.0876248,0,0,-41
1759483713.125625,-3,1,-34
1759483713.161625,-4,0,-30
1759483713.2006247,10,-6,-30
1759483713.2386248,6,1,-47
1759483713.276625,-3,0,-32
1759483713.3126247,-4,0,-32
1759483713.3516247,-6,-1,-26
1759483713.388625,-9,-4,-46
1759483713.4276247,-3,-3,-45
1759483713.4656248,1,-4,-31
1759483713.5016248,-1,-1,-35
1759483713.5396247,2,-3,-38
1759483713.5776248,3,-5,-48
1759483713.6166248,2,-8,-34
1759483713.6526248,5,-5,-46
1759483713.6906247,5,-1,-50
1759483713.7296247,-3,-4,-41
1759483713.7676249,-1,0,-37
1759483713.8036249,-1,-2,-38
1759483713.842625,0,-6,-40
1759483713.8806248,-4,-1,-38
1759483713.9176247,-11,-1,-22
1759483713.9566247,-3,-2,-28
1759483713.9926248,3,-5,-33
1759483714.0306249,0,0,-26
1759483714.0676248,6,5,-30
1759483714.1066248,3,1,-36
1759483714.1426249,-2,-1,-27
1759483714.1806247,0,-1,-41
1759483714.2186248,2,1,-46
1759483714.2576249,3,2,-46
1759483714.2936249,2,4,-48
1759483714.3316247,0,-6,-41
1759483714.3686247,-5,1,-24
1759483714.4076247,-6,4,-36
1759483714.4436247,0,0,-46
1759483714.480625,-2,1,-36
1759483714.5186248,0,0,-46
1759483714.5576248,-5,2,-41
1759483714.5936248,-2,4,-44
1759483714.6316247,-6,6,-39
1759483714.6686249,7,-1,-37
1759483714.707625,4,5,-48
1759483714.7436247,1,-1,-47
1759483714.7816248,0,0,-29
1759483714.819625,2,-1,-32
1759483714.8586247,0,2,-42
1759483714.8966248,-2,4,-46
1759483714.9326248,-4,3,-40
1759483714.9696248,-10,4,-42
1759483715.0086248,-2,0,-58
1759483715.046625,0,-2,-51
1759483715.082625,-1,-2,-42
1759483715.1206248,-3,-3,-41
1759483715.1596248,2,-3,-37
1759483715.1976247,4,-5,-42
1759483715.2336247,2,-4,-44
1759483715.2716248,-8,0,-44
1759483715.3086247,2,-1,-56
1759483715.3476248,0,-1,-47
1759483715.3836248,0,-1,-47
1759483715.4206247,-2,1,-38
1759483715.4596248,-6,-4,-47
1759483715.4976249,0,-10,-45
1759483715.533625,-1,-4,-44
1759483715.5716248,-8,-2,-44
1759483715.6096249,-4,-2,-30
1759483715.648625,0,3,-34
1759483715.684625,1,5,-46
1759483715.7226248,-5,6,-28
1759483715.7616248,-5,1,-40
1759483715.7986248,0,2,-42
1759483715.8376248,-1,-3,-39
1759483715.8736248,0,1,-34
1759483715.911625,0,-6,-34
1759483715.9486248,0,-6,-46
1759483715.987625,-4,-6,-39
1759483716.023625,0,-3,-35
1759483716.0616248,1,-6,-41
1759483716.0996249,0,-5,-40
1759483716.1376247,2,-1,-44
1759483716.1736248,-5,-2,-38
1759483716.2126248,-7,-1,-45
1759483716.2496247,3,-2,-34
1759483716.2886248,0,0,-36
1759483716.3246248,-1,-2,-42
1759483716.362625,1,0,-48
1759483716.401625,-8,5,-49
1759483716.4396248,-5,2,-48
1759483716.477625,7,-3,-34
1759483716.513625,0,-5,-30
1759483716.5526247,-2,0,-52
1759483716.5906248,2,-2,-46
1759483716.628625,0,0,-32
1759483716.6646247,-6,0,-36
1759483716.7036247,5,4,-26
1759483716.7486248,-5,3,-42
1759483716.7846248,-7,2,-50
1759483716.8236248,-4,4,-45
1759483716.8616247,2,6,-38
1759483716.8996248,-1,0,-51
1759483716.9376247,-1,-1,-43
1759483716.9736247,0,-1,-42
1759483717.0126247,1,-3,-37
1759483717.0496247,0,0,-38
1759483717.0886247,0,0,-38
1759483717.1246247,-2,1,-43
1759483717.1626248,0,-3,-38
1759483717.2006247,-1,-2,-35
1759483717.2386248,-1,-2,-29
1759483717.2746248,-3,-4,-41
1759483717.3126247,-1,0,-38
1759483717.3506248,-3,1,-37
1759483717.3896248,0,-1,-37
1759483717.4256248,0,-6,-39
1759483717.4636247,1,0,-40
1759483717.500625,3,1,-49
1759483717.5396247,-4,3,-49
1759483717.5756247,0,3,-44
1759483717.6136248,0,2,-41
1759483717.6506248,-2,-2,-34
1759483717.6896248,-3,-2,-33
1759483717.7256248,3,1,-31
1759483717.763625,4,2,-36
1759483717.8006248,4,1,-29
1759483717.839625,5,0,-31
1759483717.875625,1,0,-41
1759483717.9126248,-2,-8,-42
1759483717.9506247,-1,-6,-43
1759483717.9896247,-3,-2,-33
1759483718.0256248,-7,1,-41
1759483718.0626247,-1,-6,-57
1759483718.1016247,-6,0,-45
1759483718.1396248,3,-5,-34
1759483718.1756248,0,-3,-40
1759483718.2126248,-3,-4,-40
1759483718.250625,2,-2,-40
1759483718.2896247,5,-1,-33
1759483718.3256247,1,-14,-24
1759483718.3636248,3,-12,-34
1759483718.4026248,-8,-11,-35
1759483718.4406247,-10,-3,-36
1759483718.4786248,-6,-2,-41
1759483718.5146248,2,0,-45
1759483718.5516248,0,-5,-34
1759483718.5906248,-4,-2,-33
1759483718.628625,-4,0,-36
1759483718.6646247,-4,3,-42
1759483718.7036247,2,4,-30
1759483718.740625,4,6,-39
1759483718.7796247,-3,-1,-32
1759483718.8156247,3,8,-39
1759483718.852625,2,6,-34
1759483718.8906248,4,6,-34
1759483718.9296248,0,-1,-26
1759483718.9656248,1,-2,-25
1759483719.0026248,-2,-1,-21
1759483719.0416248,0,1,-28
1759483719.079625,2,1,-43
1759483719.115625,0,3,-39
1759483719.1536248,0,2,-36
1759483719.1906247,-7,7,-23
1759483719.2296247,-4,-1,-37
1759483719.2656248,-1,-1,-35
1759483719.3036249,6,2,-38
1759483719.3416247,2,6,-50
1759483719.3806248,-10,0,-43
1759483719.4166248,0,0,-52
1759483719.4536247,0,-4,-42
1759483719.4916248,-1,-5,-36
1759483719.5306249,-4,-2,-37
1759483719.5666249,-11,2,-24
1759483719.605625,-8,-2,-32
1759483719.6436248,-6,-5,-39
1759483719.681625,1,3,-44
1759483719.7196248,7,0,-51
1759483719.7556248,0,-3,-48
1759483719.7946248,-3,0,-51
1759483719.8316247,0,-3,-40
1759483719.8706248,-8,-3,-35
1759483719.9066248,1,0,-35
1759483719.944625,8,6,-34
1759483719.9816248,-4,0,-36
1759483720.0206249,0,0,-51
1759483720.056625,0,-7,-57
1759483720.0946248,4,-2,-49
1759483720.1316247,4,-2,-38
1759483720.1706247,6,-3,-40
1759483720.2066247,1,-4,-50
1759483720.2446249,-6,-4,-48
1759483720.2816248,-1,-3,-36
1759483720.3206248,-6,0,-31
1759483720.3566248,-7,-2,-38
1759483720.3946247,4,2,-44
1759483720.4326248,-2,-2,-43
1759483720.4716249,-5,-7,-36
1759483720.5076249,-4,-5,-40
1759483720.546625,3,-4,-59
1759483720.5846248,5,-1,-34
1759483720.6226249,4,5,-23
1759483720.6606247,-4,0,-49
1759483720.6966248,-1,3,-50
1759483720.7356248,1,1,-52
1759483720.7726247,2,-5,-44
1759483720.8116248,-5,-1,-39
1759483720.8476248,1,4,-50
1759483720.885625,7,0,-35
1759483720.9226248,0,5,-42
1759483720.9616249,-7,1,-47
1759483720.9976249,-5,0,-40
1759483721.0356247,-2,-4,-33
1759483721.0736248,-4,0,-46
1759483721.1116247,-4,0,-37
1759483721.1506248,0,1,-42
1759483721.1866248,3,2,-47
1759483721.2236247,6,2,-38
1759483721.2626247,1,2,-46
1759483721.3006248,1,-1,-48
1759483721.3366249,0,-8,-41
1759483721.3746247,-5,2,-46
1759483721.4136248,-5,-8,-51
1759483721.4516249,-3,0,-42
1759483721.487625,-7,-8,-43
1759483721.526625,-3,-2,-34
1759483721.5646248,0,-3,-40
1759483721.602625,2,-9,-30
1759483721.6406248,-3,-3,-49
1759483721.6776247,0,-5,-36
1759483721.714625,-7,0,-38
1759483721.7526248,-5,0,-44
1759483721.7916248,-1,-1,-35
1759483721.8276248,5,0,-46
1759483721.8646247,-4,-1,-45
1759483721.9026248,3,-2,-39
1759483721.9416249,1,-4,-40
1759483721.977625,4,-3,-28
1759483722.0166247,7,3,-44
1759483722.0536249,7,-6,-48
1759483722.092625,4,-2,-33
1759483722.1306248,-2,-2,-50
1759483722.1666248,3,1,-50
1759483722.204625,8,-5,-38
1759483722.2426248,0,-6,-37
1759483722.2806249,5,-4,-36
1759483722.3166249,3,-2,-42
1759483722.355625,-3,0,-51
1759483722.3936248,2,2,-34
1759483722.431625,-2,3,-38
1759483722.4686248,4,-3,-50
1759483722.5056248,0,0,-39
1759483722.5436249,7,-1,-43
1759483722.582625,9,1,-33
1759483722.6186247,10,-1,-36
1759483722.6566248,0,-2,-28
1759483722.694625,-4,-1,-39
1759483722.7336247,0,1,-37
1759483722.7716248,4,1,-33
1759483722.8076248,3,0,-44
1759483722.8456247,-3,0,-40
1759483722.8846247,1,2,-34
1759483722.9226248,1,-1,-32
1759483722.9586248,-2,0,-33
1759483722.9956248,-3,4,-26
1759483723.0346248,-2,3,-37
1759483723.0726247,0,2,-40
1759483723.1086247,-2,2,-35
1759483723.1466248,3,1,-40
1759483723.184625,5,-3,-45
1759483723.2226248,0,0,-32
1759483723.2586248,0,2,-42
1759483723.2956247,-1,0,-45
1759483723.3346248,-1,-3,-53
1759483723.3726249,3,-5,-35
1759483723.408625,4,7,-33
1759483723.4466248,0,0,-30
1759483723.4846249,2,0,-43
1759483723.5226247,1,4,-36
1759483723.5586247,-1,4,-30
1759483723.5956247,-1,6,-44
1759483723.6346247,0,9,-40
1759483723.6726248,8,6,-42
1759483723.7086248,12,1,-44
1759483723.7466247,4,0,-34
1759483723.7846248,0,-1,-17
1759483723.8226247,-2,11,-43
1759483723.8586247,-6,7,-43
1759483723.8966248,1,-2,-42
1759483723.934625,2,-6,-41
1759483723.9736247,5,-4,-32
1759483724.0096247,0,-3,-36
1759483724.0476248,1,-1,-31
1759483724.0856247,-5,1,-41
1759483724.1236248,3,-4,-46
1759483724.1626248,0,0,-45
1759483724.1986248,3,4,-48
1759483724.237625,8,-4,-39
1759483724.2746248,2,-3,-42
1759483724.3136249,-5,1,-49
1759483724.3496249,-7,1,-46
1759483724.3876247,4,-7,-38
1759483724.4266248,2,-4,-21
1759483724.4636247,3,-4,-37
1759483724.5026248,0,-1,-34
1759483724.5386248,3,1,-42
1759483724.5766249,0,-2,-37
1759483724.6136248,0,7,-50
1759483724.6526248,-3,1,-41
1759483724.6886249,-5,0,-40
1759483724.7266247,1,0,-38
1759483724.7646248,0,-1,-32
1759483724.8026247,-1,-3,-40
1759483724.8386247,0,0,-43
1759483724.8766248,-1,4,-37
1759483724.9146247,0,-3,-45
1759483724.9526248,5,0,-47
1759483724.9886248,0,0,-41
1759483725.026625,1,-3,-39
1759483725.0646248,-2,-1,-33
1759483725.102625,-1,0,-34
1759483725.138625,2,-2,-42
1759483725.1766248,5,0,-49
1759483725.2156248,1,1,-40
1759483725.253625,6,6,-35
1759483725.2896247,-5,9,-30
1759483725.3286247,6,3,-39
1759483725.365625,0,-4,-51
1759483725.4046247,4,-8,-40
1759483725.4426248,1,-1,-33
1759483725.4786248,3,-4,-29
1759483725.5156248,1,-3,-35
1759483725.5546248,0,-2,-38
1759483725.592625,-3,-3,-41
1759483725.628625,4,-1,-34
1759483725.6666248,11,0,-38
1759483725.704625,-3,-2,-33
1759483725.740625,-1,2,-34
1759483725.7796247,-5,-1,-31
1759483725.8166249,1,-2,-33
1759483725.8546247,6,1,-61
1759483725.8936248,-1,-2,-45
1759483725.9296248,-1,2,-49
1759483725.9666247,-3,5,-35
1759483726.0046248,-10,10,-33
1759483726.0436249,-7,10,-38
1759483726.079625,0,5,-43
1759483726.1176248,-6,4,-41
1759483726.1546247,0,3,-44
1759483726.1936247,1,3,-38
1759483726.2296247,-1,0,-44
1759483726.2666247,-2,-5,-48
1759483726.3046248,-7,-2,-48
1759483726.3436248,-10,1,-53
1759483726.3796248,0,0,-46
1759483726.4176247,5,0,-41
1759483726.454625,2,4,-39
1759483726.4936247,4,-1,-27
1759483726.5296247,-2,3,-36
1759483726.5666249,-6,-4,-48
1759483726.605625,-3,-2,-39
1759483726.6436248,-1,-2,-39
1759483726.6796248,-9,0,-42
1759483726.7166247,0,1,-39
1759483726.7616248,-7,0,-43
1759483726.7996247,-9,-1,-42
1759483726.8366249,0,4,-43
1759483726.875625,5,2,-41
1759483726.9136248,9,-4,-42
1759483726.9496248,0,-1,-43
1759483726.9866247,-1,0,-40
1759483727.0256248,-4,3,-49
1759483727.0636249,6,3,-38
1759483727.0996249,3,3,-40
1759483727.1366248,2,0,-48
1759483727.1756248,4,5,-42
1759483727.2136247,6,5,-44
1759483727.2496247,0,0,-45
1759483727.286625,5,-1,-36
1759483727.3256247,4,2,-43
1759483727.3636248,1,-1,-30
1759483727.4006248,0,1,-41
1759483727.4386249,-9,-1,-31
1759483727.4756248,0,-6,-33
1759483727.5146248,-1,-5,-35
1759483727.5516248,5,-6,-39
1759483727.5886247,5,5,-47
1759483727.6276248,0,0,-34
1759483727.6656249,1,2,-37
1759483727.7016249,0,4,-32
1759483727.7386248,-6,4,-43
1759483727.7776248,-2,3,-45
1759483727.8156247,-4,2,-35
1759483727.8516247,0,0,-34
1759483727.888625,1,-3,-35
1759483727.9266248,-2,-4,-46
1759483727.9656248,4,-1,-48
1759483728.0016248,-5,-2,-42
1759483728.0406249,6,-2,-36
1759483728.0786247,0,-2,-40
1759483728.115625,-2,1,-36
1759483728.1546247,-3,-7,-39
1759483728.1916249,1,-2,-43
1759483728.2286248,-5,-4,-36
1759483728.2666247,1,0,-39
1759483728.3056247,5,-11,-31
1759483728.3416247,5,-6,-38
1759483728.3796248,3,-5,-34
1759483728.4176247,0,0,-31
1759483728.4566247,-6,2,-40
1759483728.4946249,-10,5,-48
1759483728.5306249,-5,6,-44
1759483728.569625,-3,3,-29
1759483728.6076248,-5,3,-32
1759483728.6456249,7,0,-34
1759483728.6826248,10,5,-41
1759483728.7196248,7,6,-41
1759483728.7576249,4,-3,-41
1759483728.796625,8,2,-44
1759483728.8346248,5,-2,-40
1759483728.8706248,3,3,-29
1759483728.9096248,5,-6,-42
1759483728.9476247,2,-2,-57
1759483728.9856248,0,-1,-45
1759483729.0216248,1,-1,-44
1759483729.059625,-3,1,-43
1759483729.0986247,-2,-3,-39
1759483729.1366248,6,2,-23
1759483729.1746247,0,0,-47
1759483729.2106247,-4,0,-41
1759483729.2486248,-4,0,-47
1759483729.286625,-5,-1,-42
1759483729.3226247,-6,-6,-47
1759483729.3616247,-9,-1,-40
1759483729.398625,4,0,-38
1759483729.4366248,-1,2,-39
1759483729.4756248,-6,5,-40
1759483729.5116248,-6,4,-46
1759483729.5496247,-4,0,-49
1759483729.5886247,-2,0,-38
1759483729.6266248,4,-1,-41
1759483729.6636248,3,-3,-28
1759483729.7006247,3,2,-36
1759483729.7386248,7,0,-39
1759483729.7776248,7,0,-46
1759483729.8156247,-3,-3,-46
1759483729.8516247,-1,-2,-48
1759483729.8906248,6,-2,-36
1759483729.9276247,6,1,-25
1759483729.9666247,0,0,-32
1759483730.0026248,1,-3,-45
1759483730.0406249,11,-4,-42
1759483730.0776248,6,-3,-35
1759483730.1166248,3,3,-46
1759483730.1526248,3,0,-37
1759483730.1906247,3,0,-36
1759483730.227625,0,-1,-51
1759483730.2666247,-6,-4,-37
1759483730.3026247,1,-1,-37
1759483730.3406248,-1,-3,-39
1759483730.378625,3,-4,-41
1759483730.4176247,-3,0,-37
1759483730.4556248,-3,4,-39
1759483730.4916248,-3,0,-43
1759483730.5296247,-4,-1,-38
1759483730.5686247,1,-1,-41
1759483730.6066248,4,1,-51
1759483730.6426249,3,5,-47
1759483730.6796248,5,7,-43
1759483730.7186248,-3,-4,-37
1759483730.7566247,-4,-1,-31
1759483730.7926247,0,-5,-35
1759483730.829625,0,0,-31
1759483730.8686247,-7,-5,-30
1759483730.9066248,9,-4,-28
1759483730.9426248,-1,-8,-33
1759483730.9816248,-1,-3,-33
1759483731.0196247,-1,-2,-37
1759483731.0576248,1,-4,-45
1759483731.0936248,0,1,-44
1759483731.1316247,1,0,-36
1759483731.1686249,-3,3,-35
1759483731.207625,-4,-3,-38
1759483731.2436247,0,-4,-33
1759483731.2816248,3,0,-29
1759483731.319625,4,-2,-33
1759483731.3576248,0,-3,-44
1759483731.3966248,2,0,-36
1759483731.4326248,0,-2,-44
1759483731.4706247,1,-8,-36
1759483731.5086248,0,0,-50
1759483731.5476248,-2,-1,-47
1759483731.5836248,3,-4,-39
1759483731.6206248,6,1,-45
1759483731.658625,-1,-3,-40
1759483731.6976247,-5,-2,-32
1759483731.7336247,-2,-4,-40
1759483731.7716248,3,0,-34
1759483731.8106248,-5,-1,-49
1759483731.8486247,3,-3,-42
1759483731.8866248,-2,-5,-44
1759483731.9226248,2,0,-31
1759483731.9606247,3,1,-33
1759483731.9986248,1,-6,-33
1759483732.036625,1,-3,-41
1759483732.0726247,-2,-1,-43
1759483732.1106248,-5,-9,-35
1759483732.1496248,1,-3,-35
1759483732.1876247,0,3,-37
1759483732.2236247,2,1,-36
1759483732.260625,4,4,-47
1759483732.2986248,6,3,-48
1759483732.3376248,-1,3,-45
1759483732.3736248,-2,6,-31
1759483732.4126248,-8,1,-42
1759483732.4506247,3,-2,-26
1759483732.4886248,5,-2,-33
1759483732.526625,3,5,-40
1759483732.5626247,3,0,-44
1759483732.6006248,0,-7,-37
1759483732.638625,7,-3,-39
1759483732.6766248,-4,0,-30
1759483732.7136247,-2,2,-41
1759483732.750625,4,-5,-45
1759483732.7896247,8,-4,-40
1759483732.8276248,3,-5,-37
1759483732.8636248,1,-1,-29
1759483732.9006248,-3,5,-36
1759483732.9396248,3,6,-38
1759483732.977625,-3,4,-44
1759483733.013625,-3,0,-39
1759483733.0506248,-5,6,-49
1759483733.089625,-2,0,-42
1759483733.1276248,-1,2,-37
1759483733.1636248,0,1,-30
1759483733.2006247,0,1,-35
1759483733.2396247,-2,0,-20
1759483733.2776248,-4,-2,-29
1759483733.3136249,-1,-6,-41
1759483733.3516247,6,1,-36
1759483733.3896248,3,-1,-42
1759483733.4286249,1,-4,-41
1759483733.464625,1,-3,-45
1759483733.5016248,3,0,-49
1759483733.5396247,4,1,-51
1759483733.5786247,5,5,-42
1759483733.6146247,2,0,-35
1759483733.651625,3,-3,-33
1759483733.6906247,6,-4,-26
1759483733.7286248,-2,4,-25
1759483733.7646248,0,3,-38
1759483733.8016248,-1,0,-44
1759483733.839625,7,1,-36
1759483733.878625,0,4,-46
1759483733.9146247,7,-5,-46
1759483733.9516249,-4,-3,-43
1759483733.990625,2,-7,-33
1759483734.0286248,-2,-2,-37
1759483734.0656247,-1,3,-52
1759483734.1036248,2,2,-43
1759483734.1406248,-5,6,-34
1759483734.1796248,-3,0,-39
1759483734.217625,-5,0,-37
1759483734.253625,0,0,-45
1759483734.2916248,-4,1,-41
1759483734.329625,-1,-7,-46
1759483734.3676248,-2,0,-36
1759483734.4036248,-3,-4,-35
1759483734.4426248,-2,-3,-38
1759483734.480625,6,2,-40
1759483734.5186248,10,1,-42
1759483734.5556247,7,-2,-40
1759483734.592625,5,3,-47
1759483734.6306248,6,-2,-37
1759483734.6696248,0,-2,-44
1759483734.7056248,2,-1,-33
1759483734.7426248,4,4,-38
1759483734.7816248,4,-4,-34
1759483734.819625,-11,-4,-44
1759483734.855625,-8,-3,-49
1759483734.8936248,0,-1,-42
1759483734.931625,5,2,-37
1759483734.9706247,0,0,-34
1759483735.0086248,3,0,-36
1759483735.0446248,-3,2,-43
1759483735.0816247,1,10,-49
1759483735.1206248,0,2,-45
1759483735.158625,-3,1,-32
1759483735.194625,0,-2,-36
1759483735.2316248,3,4,-35
1759483735.2706249,0,1,-41
1759483735.3086247,2,4,-35
1759483735.3446248,4,1,-41
1759483735.3826249,6,1,-43
1759483735.4206247,2,4,-38
1759483735.4586248,6,1,-33
1759483735.4946249,5,-4,-37
1759483735.5326247,5,6,-38
1759483735.5706248,0,2,-44
1759483735.6086247,1,-2,-53
1759483735.6446247,-2,-2,-49
1759483735.6836247,-2,-13,-36
1759483735.7216249,0,-5,-40
1759483735.7596247,-8,8,-35
1759483735.7956247,0,5,-39
1759483735.8336248,0,-7,-36
1759483735.8716247,-9,3,-37
1759483735.9096248,2,-1,-39
1759483735.9456248,1,1,-44
1759483735.9826248,3,4,-39
1759483736.0216248,7,0,-36
1759483736.059625,2,0,-38
1759483736.0956247,6,-4,-35
1759483736.1336248,-2,-2,-38
1759483736.171625,-5,-2,-27
1759483736.2106247,-3,-4,-28
1759483736.2466247,2,-2,-31
1759483736.2846248,2,0,-26
1759483736.3226247,7,-5,-39
1759483736.3616247,4,-8,-37
1759483736.3996248,-4,-11,-32
1759483736.4356248,-9,-5,-34
1759483736.4736247,0,-7,-36
1759483736.5126247,-3,-6,-32
1759483736.5506248,9,-4,-39
1759483736.5866249,2,1,-44
1759483736.6236248,6,-1,-33
1759483736.6626248,-3,-8,-34
1759483736.7006247,4,-2,-35
1759483736.7366247,-3,0,-37
1759483736.7826247,-3,0,-35
1759483736.8206248,0,-1,-47
1759483736.8576248,7,-2,-49
1759483736.8956249,2,-5,-42
1759483736.9336247,9,-5,-44
1759483736.9716249,4,-3,-48
1759483737.0096247,6,3,-42
1759483737.0456247,4,3,-36
1759483737.082625,-5,-5,-55
1759483737.1216247,-4,1,-49
1759483737.1596248,0,-3,-48
1759483737.1956248,-1,-4,-47
1759483737.2336247,2,-6,-37
1759483737.273625,-1,-2,-29
1759483737.3116248,-1,-4,-36
1759483737.3496249,1,-4,-32
1759483737.385625,-2,-2,-34
1759483737.4246247,-1,0,-34
1759483737.4626248,-1,6,-37
1759483737.500625,-3,3,-42
1759483737.5376248,1,0,-43
1759483737.5756247,12,5,-31
1759483737.612625,4,0,-33
1759483737.651625,0,0,-33
1759483737.6896248,0,-3,-44
1759483737.7256248,-2,-3,-45
1759483737.763625,-6,0,-42
1759483737.8016248,3,-2,-38
1759483737.8406248,5,4,-43
1759483737.8776248,2,0,-48
1759483737.9156249,3,-2,-54
1759483737.9526248,0,0,-39
1759483737.9916248,0,2,-46
1759483738.0276248,-4,1,-41
1759483738.0656247,2,2,-39
1759483738.1046247,1,0,-42
1759483738.1416247,-1,2,-42
1759483738.1806247,7,4,-36
1759483738.2166247,6,5,-39
1759483738.2546248,-1,-3,-32
1759483738.2926247,-5,0,-37
1759483738.3306248,0,2,-32
1759483738.3666248,-4,-5,-36
1759483738.4046247,-1,-5,-36
1759483738.4436247,-3,0,-40
1759483738.4816248,0,-1,-35
1759483738.5176249,-2,-4,-41
1759483738.5556247,-1,-8,-36
1759483738.5936248,5,-7,-36
1759483738.6326249,1,-9,-44
1759483738.6706247,2,4,-33
1759483738.7066247,-5,0,-38
1759483738.7456248,-3,-1,-35
1759483738.7826247,0,-8,-50
1759483738.8216248,3,-3,-46
1759483738.8576248,8,-6,-41
1759483738.8946247,5,1,-41
1759483738.9326248,1,-6,-39
1759483738.9716249,6,-4,-37
1759483739.0076249,4,-6,-40
1759483739.0456247,11,-5,-47
1759483739.0836248,3,-4,-42
1759483739.1226249,-3,-8,-36
1759483739.1606247,3,-5,-36
1759483739.1976247,3,-4,-36
1759483739.2346249,0,-1,-35
1759483739.2726247,2,-1,-29
1759483739.3116248,-2,3,-22
1759483739.3476248,0,7,-23
1759483739.3846247,-2,2,-29
1759483739.4226248,-3,3,-37
1759483739.4616249,0,6,-36
1759483739.4976249,-5,-1,-38
1759483739.5356247,-3,-3,-31
1759483739.5746248,7,-8,-46
1759483739.612625,7,-2,-43
1759483739.6506248,0,4,-43
1759483739.6866248,4,-3,-33
1759483739.7246249,0,-10,-38
1759483739.7626247,-5,-2,-34
1759483739.8016248,-5,-2,-35
1759483739.8376248,-8,-6,-35
1759483739.875625,-2,-1,-40
1759483739.9136248,2,0,-39
1759483739.9526248,2,-4,-37
1759483739.9886248,1,-5,-32
1759483740.0276248,1,-12,-38
1759483740.0656247,8,-5,-35
1759483740.1036248,1,2,-35
1759483740.1416247,-5,4,-38
1759483740.1776247,1,-4,-40
1759483740.2156248,-2,-1,-41
1759483740.2546248,2,-6,-55
1759483740.2926247,1,-3,-36
1759483740.3286247,-3,-10,-37
1759483740.3666248,-4,-6,-49
1759483740.4046247,-4,-6,-45
1759483740.4436247,-2,4,-41
1759483740.4816248,5,1,-39
1759483740.5176249,-3,-4,-40
1759483740.5556247,-5,0,-45
1759483740.5946248,-4,7,-40
1759483740.6326249,0,3,-41
1759483740.6686249,3,8,-40
1759483740.7056248,-2,3,-39
1759483740.7446249,-6,-4,-34
1759483740.7826247,3,-10,-34
1759483740.8186247,1,-5,-35
1759483740.8566248,0,-2,-28
1759483740.8946247,-4,-1,-41
1759483740.9326248,3,2,-33
1759483740.9686248,-1,2,-33
1759483741.0056248,2,2,-34
1759483741.0446248,0,0,-36
1759483741.082625,-6,-3,-41
1759483741.1186247,-3,-2,-33
1759483741.1566248,1,-4,-44
1759483741.1956248,-2,2,-38
1759483741.2336247,-3,2,-41
1759483741.2716248,-3,7,-35
1759483741.3076248,-1,1,-40
1759483741.3446248,4,6,-46
1759483741.3836248,5,2,-37
1759483741.421625,-5,-2,-41
1759483741.457625,0,-3,-35
1759483741.4946249,0,-1,-41
1759483741.533625,-3,4,-44
1759483741.569625,0,0,-38
1759483741.6066248,3,-1,-40
1759483741.6446247,-1,-2,-40
1759483741.6836247,-1,3,-36
1759483741.7196248,-1,3,-44
1759483741.7576249,-2,1,-36
1759483741.7956247,0,-3,-44
1759483741.8336248,10,-12,-44
1759483741.8726249,3,-2,-36
1759483741.908625,-3,-2,-39
1759483741.9476247,2,1,-34
1759483741.9856248,-2,1,-38
1759483742.023625,-5,8,-29
1759483742.059625,-1,7,-31
1759483742.0976248,0,-3,-40
1759483742.1346247,8,5,-30
1759483742.1736248,-7,0,-40
1759483742.2096248,0,0,-42
1759483742.2476249,-4,0,-39
1759483742.2856247,-1,1,-44
1759483742.3236248,1,0,-43
1759483742.3596249,-1,-6,-24
1759483742.398625,-3,-2,-19
1759483742.4366248,0,-2,-38
1759483742.4746249,-4,2,-46
1759483742.5126247,-1,3,-30
1759483742.5486248,-1,-4,-33
1759483742.5866249,2,0,-39
1759483742.6246247,0,0,-37
1759483742.6636248,-4,0,-42
1759483742.6996248,-3,-3,-41
1759483742.737625,0,-14,-43
1759483742.7756248,-4,-4,-37
1759483742.8146248,-3,-6,-28
1759483742.852625,-1,0,-47
1759483742.888625,-3,-4,-41
1759483742.9276247,0,-4,-27
1759483742.964625,-1,0,-31
1759483743.003625,-9,0,-39
1759483743.0396247,-7,1,-44
1759483743.0776248,0,1,-42
1759483743.115625,-1,0,-40
1759483743.1536248,1,1,-19
1759483743.1896248,0,-1,-23
1759483743.227625,2,4,-37
1759483743.2656248,4,7,-50
1759483743.3046248,-3,2,-46
1759483743.3406248,-6,-1,-51
1759483743.378625,2,-1,-44
1759483743.4176247,0,-5,-47
1759483743.454625,5,-3,-37
1759483743.4936247,-6,0,-35
1759483743.5296247,-4,-5,-53
1759483743.5676248,-2,4,-44
1759483743.6066248,0,2,-28
1759483743.6446247,0,1,-27
1759483743.6806247,-2,0,-36
1759483743.7186248,4,-7,-32
1759483743.7566247,-2,-5,-42
1759483743.7946248,3,0,-35
1759483743.8306248,-2,-2,-41
1759483743.8696249,1,-7,-47
1759483743.9066248,5,-3,-58
1759483743.9456248,2,-2,-26
1759483743.9836247,11,-2,-37
1759483744.0196247,-1,4,-45
1759483744.0576248,-4,-3,-49
1759483744.0956247,-2,-6,-41
1759483744.1346247,0,-4,-32
1759483744.171625,-2,-4,-43
1759483744.2086248,-5,5,-44
1759483744.2476249,4,0,-48
1759483744.2856247,7,1,-44
1759483744.3236248,5,4,-47
1759483744.3606248,1,0,-37
1759483744.3976247,1,-2,-43
1759483744.4366248,-4,0,-43
1759483744.4746249,0,-2,-32
1759483744.510625,0,2,-35
1759483744.5486248,8,9,-34
1759483744.5856247,2,-1,-50
1759483744.6246247,0,5,-46
1759483744.6606247,-1,-5,-43
1759483744.6996248,1,-4,-43
1759483744.7366247,0,-6,-40
1759483744.7756248,1,-1,-40
1759483744.8136249,4,1,-45
1759483744.8496249,0,0,-39
1759483744.8876247,-3,3,-45
1759483744.9266248,-8,5,-38
1759483744.964625,-8,4,-33
1759483745.000625,-1,5,-42
1759483745.0396247,2,2,-46
1759483745.0766249,4,0,-33
1759483745.115625,8,-5,-37
1759483745.151625,0,-8,-38
1759483745.1896248,3,-4,-42
1759483745.227625,4,-9,-35
1759483745.2656248,2,-8,-50
1759483745.3046248,-1,0,-38
1759483745.3406248,0,1,-37
1759483745.378625,-1,-2,-45
1759483745.4176247,2,-8,-39
1759483745.4556248,3,-5,-33
1759483745.4916248,3,-5,-22
1759483745.5286248,-1,-6,-21
1759483745.5676248,-10,-5,-34
1759483745.605625,2,2,-44
1759483745.6416247,2,2,-49
1759483745.6796248,0,0,-43
1759483745.717625,4,-3,-34
1759483745.7556248,0,4,-47
1759483745.7916248,-4,-3,-38
1759483745.8306248,-2,-2,-43
1759483745.8686247,2,0,-49
1759483745.9066248,1,5,-46
1759483745.944625,-2,3,-44
1759483745.980625,-5,7,-49
1759483746.0186248,0,2,-42
1759483746.056625,0,-6,-46
1759483746.0956247,0,-4,-52
1759483746.1316247,-5,-3,-39
1759483746.1706247,-1,0,-35
1759483746.2086248,5,0,-30
1759483746.2466247,6,-2,-42
1759483746.2846248,1,-13,-38
1759483746.3206248,-1,0,-39
1759483746.3596249,0,-5,-45
1759483746.3966248,-1,-4,-36
1759483746.4356248,-1,-1,-43
1759483746.4716249,1,-2,-43
1759483746.5096247,1,-3,-43
1759483746.5476248,0,-4,-40
1759483746.5866249,-2,-4,-43
1759483746.6246247,2,2,-49
1759483746.6606247,3,2,-46
1759483746.6986248,0,-1,-46
1759483746.7366247,2,6,-43
1759483746.7726247,2,2,-37
1759483746.8236248,8,1,-43
1759483746.8596249,11,-1,-51
1759483746.898625,6,4,-48
1759483746.9366248,4,0,-43
1759483746.9726248,1,1,-39
1759483747.0096247,6,0,-37
1759483747.0476248,6,9,-39
1759483747.0866249,-3,2,-43
1759483747.1226249,2,-2,-35
1759483747.1606247,2,-1,-34
1759483747.1976247,1,7,-32
1759483747.2366247,-2,4,-43
1759483747.2726247,3,-1,-39
1759483747.3106248,-4,0,-45
1759483747.3476248,-4,1,-35
1759483747.3866248,-1,-1,-28
1759483747.4226248,0,-8,-38
1759483747.4596248,4,-9,-49
1759483747.4976249,4,5,-42
1759483747.536625,6,-1,-37
1759483747.5726247,0,-6,-29
1759483747.6096249,0,-2,-35
1759483747.6476247,0,0,-35
1759483747.6866248,0,-1,-33
1759483747.7226248,-5,-3,-43
1759483747.760625,7,-5,-30
1759483747.7986248,6,3,-43
1759483747.8376248,0,-5,-44
1759483747.875625,-1,-8,-47
1759483747.911625,9,-8,-43
1759483747.9486248,8,-9,-50
1759483747.987625,-2,-4,-43
1759483748.0256248,-7,0,-36
1759483748.0616248,-11,0,-33
1759483748.1006248,-7,-3,-37
1759483748.138625,0,-3,-34
1759483748.1766248,2,-3,-41
1759483748.2126248,3,0,-42
1759483748.2496247,7,0,-35
1759483748.2886248,0,-4,-45
1759483748.3266249,4,-5,-41
1759483748.362625,2,1,-40
1759483748.3996248,-1,-4,-29
1759483748.4386249,1,1,-35
1759483748.4766247,1,6,-39
1759483748.5126247,1,8,-38
1759483748.5496247,8,1,-42
1759483748.5886247,0,-3,-42
1759483748.6266248,-2,-2,-41
1759483748.6626248,4,-1,-34
1759483748.7016249,2,-1,-34
1759483748.7396247,7,1,-42
1759483748.7776248,5,1,-41
1759483748.8136249,-7,8,-38
1759483748.8516247,-1,1,-43
1759483748.888625,3,0,-35
1759483748.9276247,1,1,-35
1759483748.9636247,1,-1,-31
1759483749.0016248,-1,-2,-30
1759483749.0386248,3,-2,-43
1759483749.0776248,1,-3,-28
1759483749.1136248,5,-7,-34
1759483749.151625,-1,-3,-31
1759483749.1886249,-8,-6,-37
1759483749.227625,0,0,-43
1759483749.263625,0,2,-46
1759483749.3016248,4,0,-41
1759483749.3386247,6,-2,-38
1759483749.3776248,2,1,-41
1759483749.4136248,3,0,-37
1759483749.4506247,5,-5,-46
1759483749.4886248,-5,-3,-27
1759483749.5276248,-1,-5,-31
1759483749.5636249,1,0,-31
1759483749.6016247,0,-3,-36
1759483749.638625,4,-9,-44
1759483749.6776247,4,-4,-48
1759483749.7136247,-1,-6,-40
1759483749.7516248,2,-2,-49
1759483749.7896247,0,1,-37
1759483749.8286247,-5,-5,-26
1759483749.8666248,-7,5,-38
1759483749.9026248,-2,3,-40
1759483749.9416249,4,0,-32
1759483749.9786248,3,-2,-20
1759483750.0176249,-2,0,-42
1759483750.0536249,3,-2,-41
1759483750.0906248,2,-2,-45
1759483750.128625,-2,-5,-51
1759483750.1676247,0,0,-31
1759483750.2036247,2,-1,-35
1759483750.2416248,2,-9,-39
1759483750.2786248,0,-1,-38
1759483750.3176248,2,7,-36
1759483750.3536248,8,1,-43
1759483750.3916247,5,2,-46
1759483750.4286249,3,-1,-40
1759483750.467625,2,0,-50
1759483750.503625,0,-2,-37
1759483750.5416248,-5,-4,-39
1759483750.579625,1,-2,-38
1759483750.6176248,-4,-7,-35
1759483750.6536248,-5,-3,-35
1759483750.6916249,-5,-2,-29
1759483750.7296247,-2,0,-44
1759483750.7686248,-8,-2,-39
1759483750.8046248,-9,-3,-38
1759483750.842625,-10,-5,-46
1759483750.8806248,-3,5,-44
1759483750.9196248,10,-3,-45
1759483750.957625,5,-2,-48
1759483750.9946249,0,0,-32
1759483751.0326247,-4,4,-34
1759483751.0706248,-1,-1,-44
1759483751.1086247,-3,0,-53
1759483751.1446247,2,0,-54
1759483751.1826248,3,-1,-40
1759483751.2196248,3,-3,-38
1759483751.2586248,2,0,-43
1759483751.2946248,0,2,-34
1759483751.332625,-7,-2,-33
1759483751.3696249,-2,4,-44
1759483751.408625,0,-3,-42
1759483751.444625,5,0,-37
1759483751.4826248,-1,-2,-43
1759483751.5206249,-2,-6,-40
1759483751.5586247,0,2,-41
1759483751.5946248,1,4,-37
1759483751.6326249,-1,6,-39
1759483751.6706247,-7,4,-35
1759483751.7086248,0,2,-42
1759483751.7446249,-2,-2,-45
1759483751.783625,-4,0,-47
1759483751.8206248,-1,-1,-43
1759483751.8596249,0,-1,-40
1759483751.8956249,3,1,-41
1759483751.9336247,6,-6,-46
1759483751.9706247,0,0,-50
1759483752.0096247,6,11,-43
1759483752.0456247,3,8,-43
1759483752.0836248,0,-3,-44
1759483752.1206248,1,-10,-35
1759483752.1596248,4,-4,-33
1759483752.1956248,-1,-9,-31
1759483752.2336247,2,-13,-52
1759483752.2716248,-9,-6,-42
1759483752.309625,-13,-4,-51
1759483752.3486247,-5,-2,-39
1759483752.3846247,3,0,-42
1759483752.421625,-2,3,-41
1759483752.4606247,2,6,-40
1759483752.4986248,1,2,-25
1759483752.5346248,6,-5,-27
1759483752.5726247,0,-1,-32
1759483752.6116247,-8,-6,-33
1759483752.6496248,0,3,-44
1759483752.6856248,-4,-2,-37
1759483752.7246249,0,-2,-34
1759483752.7616248,2,0,-36
1759483752.8006248,0,2,-33
1759483752.8386247,-5,0,-40
1759483752.8746247,7,-7,-53
1759483752.9126248,1,-5,-47
1759483752.9506247,0,0,-38
1759483752.9886248,13,1,-49
1759483753.0246248,0,1,-32
1759483753.0616248,3,-1,-35
1759483753.1006248,-1,0,-36
1759483753.138625,-6,-5,-32
1759483753.1746247,1,-4,-39
1759483753.2126248,3,-2,-34
1759483753.2516248,4,-1,-45
1759483753.2896247,-2,-3,-51
1759483753.3256247,-4,-8,-44
1759483753.3636248,-6,0,-41
1759483753.4026248,-1,0,-33
1759483753.4406247,0,0,-44
1759483753.4786248,-2,1,-44
1759483753.5146248,-1,4,-46
1759483753.5536249,-1,0,-33
1759483753.5906248,4,-1,-37
1759483753.6296248,0,4,-37
1759483753.6666248,6,1,-41
1759483753.7036247,-5,-5,-38
1759483753.7426248,0,-6,-38
1759483753.7806249,-1,0,-35
1759483753.8166249,1,2,-37
1759483753.8536248,-4,-3,-33
1759483753.8926249,-6,-6,-38
1759483753.9306247,-2,-10,-43
1759483753.9666247,-1,-5,-40
1759483754.0046248,-5,0,-38
1759483754.0426247,-8,4,-42
1759483754.0816247,-5,1,-44
1759483754.1196249,-2,0,-37
1759483754.1556249,4,0,-29
1759483754.1926248,-6,-1,-52
1759483754.2316248,0,0,-48
1759483754.2696247,-1,0,-39
1759483754.3056247,2,-5,-44
1759483754.3446248,-3,-8,-36
1759483754.3826249,4,8,-35
1759483754.4206247,4,8,-33
1759483754.4566247,4,5,-38
1759483754.4946249,1,3,-26
1759483754.5326247,-1,4,-30
1759483754.5706248,0,0,-29
1759483754.6076248,-2,-1,-28
1759483754.6446247,0,2,-44
1759483754.6836247,2,6,-42
1759483754.7216249,0,0,-42
1759483754.7596247,-3,1,-48
1759483754.7956247,-1,4,-42
1759483754.832625,9,-7,-38
1759483754.8716247,7,-2,-32
1759483754.9096248,2,0,-39
1759483754.9456248,0,-1,-42
1759483754.9836247,-3,-3,-40
1759483755.0216248,0,-2,-39
1759483755.059625,-2,-6,-37
1759483755.0956247,8,0,-36
1759483755.1326249,6,1,-32
1759483755.171625,-1,0,-33
1759483755.2096248,-2,2,-33
1759483755.2456248,4,-1,-30
1759483755.2826247,5,1,-43
1759483755.3216248,1,0,-45
1759483755.3576248,-3,0,-45
1759483755.3966248,-5,4,-42
1759483755.4336247,-3,2,-40
1759483755.4726248,7,2,-35
1759483755.510625,6,-3,-49
1759483755.546625,2,2,-37
1759483755.5846248,0,-2,-45
1759483755.6236248,2,2,-39
1759483755.661625,7,6,-26
1759483755.6976247,0,-7,-35
1759483755.7366247,-2,3,-37
1759483755.773625,-3,-3,-34
1759483755.8116248,-5,2,-45
1759483755.8506248,-4,-3,-40
1759483755.8866248,6,-3,-38
1759483755.9246247,10,0,-31
1759483755.9626248,-3,0,-32
1759483756.0016248,-3,-4,-28
1759483756.0376248,0,-5,-28
1759483756.0766249,7,-5,-31
1759483756.1146247,6,-8,-41
1759483756.1526248,0,0,-34
1759483756.1906247,8,-11,-35
1759483756.2266247,2,-5,-30
1759483756.2656248,1,-6,-30
1759483756.3026247,-3,-2,-35
1759483756.3416247,-6,-6,-34
1759483756.3776248,-3,-3,-30
1759483756.4166248,-1,-4,-32
1759483756.4536247,-5,-2,-24
1759483756.4926248,0,-1,-32
1759483756.5306249,4,2,-38
1759483756.5666249,-2,1,-37
1759483756.6036248,1,0,-47
1759483756.6426249,1,4,-36
1759483756.6806247,3,3,-31
1759483756.7166247,1,0,-35
1759483756.753625,3,5,-36
1759483756.7926247,6,7,-47
1759483756.8366249,3,0,-37
1759483756.8736248,2,0,-37
1759483756.9126248,3,0,-38
1759483756.9506247,3,2,-46
1759483756.9866247,5,0,-37
1759483757.0246248,-4,0,-44
1759483757.0626247,0,0,-41
1759483757.0986247,-2,-1,-30
1759483757.1376247,2,-3,-29
1759483757.1756248,-1,0,-35
1759483757.2126248,-3,0,-35
1759483757.2516248,0,5,-37
1759483757.2886248,-1,4,-32
1759483757.3266249,-5,1,-35
1759483757.3646247,2,0,-36
1759483757.4026248,0,4,-41
1759483757.4386249,8,0,-40
1759483757.4766247,2,0,-35
1759483757.513625,1,-5,-37
1759483757.5526247,2,-2,-35
1759483757.5886247,0,-3,-38
1759483757.6266248,-1,0,-52
1759483757.6656249,-3,9,-45
1759483757.7036247,1,4,-49
1759483757.7416248,5,3,-35
1759483757.7776248,0,2,-44
1759483757.8156247,-3,2,-45
1759483757.8536248,-6,1,-41
1759483757.8916247,2,1,-39
1759483757.9276247,-5,4,-38
1759483757.9656248,-2,1,-42
1759483758.003625,-2,-7,-34
1759483758.0416248,0,-1,-27
1759483758.0776248,0,-2,-37
1759483758.115625,1,-4,-33
1759483758.1536248,-6,-4,-34
1759483758.1916249,0,-3,-33
1759483758.227625,4,4,-27
1759483758.2646248,0,-4,-40
1759483758.3036249,4,-1,-41
1759483758.3416247,4,-9,-30
1759483758.3776248,5,-7,-37
1759483758.4156249,5,1,-38
1759483758.4536247,0,-1,-54
1759483758.4916248,-6,-2,-44
1759483758.5276248,7,0,-38
1759483758.5656247,6,-1,-29
1759483758.6036248,0,-1,-32
1759483758.6416247,0,-2,-37
1759483758.6776247,5,0,-39
1759483758.7156248,1,0,-32
1759483758.753625,0,-1,-41
1759483758.7916248,0,0,-47
1759483758.8276248,-2,-2,-35
1759483758.865625,0,4,-36
1759483758.9036248,-2,-2,-35
1759483758.9426248,-5,2,-42
1759483758.9786248,-5,4,-43
1759483759.0176249,0,2,-51
1759483759.0546248,-3,-8,-57
1759483759.0936248,1,-2,-44
1759483759.1296248,0,0,-44
1759483759.1676247,-4,-2,-38
1759483759.204625,-3,-3,-35
1759483759.2436247,4,-7,-27
1759483759.2796247,0,-6,-37
1759483759.3186247,-4,-1,-29
1759483759.355625,-3,-2,-37
1759483759.3946247,-1,1,-33
1759483759.4326248,2,4,-41
1759483759.4686248,4,1,-41
1759483759.5056248,6,1,-34
1759483759.5436249,-3,1,-35
1759483759.582625,4,4,-38
1759483759.6186247,-1,1,-36
1759483759.6566248,0,7,-38
1759483759.694625,5,4,-53
1759483759.7326248,-1,-2,-39
1759483759.7686248,0,7,-48
1759483759.8056247,3,3,-42
1759483759.8446248,-1,-3,-37
1759483759.8826249,4,0,-40
1759483759.9186249,1,-2,-45
1759483759.9556248,1,-2,-41
1759483759.9946249,0,-8,-40
1759483760.0326247,3,2,-44
1759483760.0686247,-1,-1,-43
1759483760.1076248,-4,0,-38
1759483760.1446247,7,3,-37
1759483760.1836247,-1,-2,-40
1759483760.2196248,3,-6,-43
1759483760.2576249,0,-1,-44
1759483760.296625,-1,-1,-45
1759483760.3346248,5,1,-44
1759483760.3726249,-1,-6,-50
1759483760.408625,2,0,-41
1759483760.4466248,-5,-2,-44
1759483760.4846249,3,0,-38
1759483760.5226247,-8,3,-45
1759483760.5586247,0,2,-39
1759483760.5966249,0,0,-39
1759483760.6346247,8,5,-38
1759483760.6706247,0,3,-37
1759483760.707625,2,0,-42
1759483760.7466247,6,-7,-34
1759483760.7846248,0,0,-22
1759483760.8216248,3,-2,-34
1759483760.8596249,5,-6,-30
1759483760.8976247,6,7,-34
1759483760.934625,6,1,-37
1759483760.9736247,3,-1,-52
1759483761.0096247,3,-4,-38
1759483761.0476248,3,-1,-37
1759483761.0856247,-2,3,-35
1759483761.1246247,0,0,-39
1759483761.1606247,-1,-1,-45
1759483761.1996248,0,2,-39
1759483761.237625,-2,-4,-39
1759483761.2756248,6,1,-34
1759483761.3136249,5,8,-40
1759483761.3506248,0,7,-40
1759483761.388625,-4,0,-33
1759483761.4256248,-5,-4,-34
1759483761.464625,0,0,-32
1759483761.500625,2,4,-38
1759483761.5386248,0,1,-34
1759483761.5756247,4,2,-41
1759483761.6146247,3,-2,-43
1759483761.6506248,0,5,-54
1759483761.6886249,0,0,-34
1759483761.7256248,-2,2,-44
1759483761.7646248,-3,0,-40
1759483761.8006248,0,-4,-45
1759483761.8386247,3,3,-37
1759483761.875625,2,0,-46
1759483761.9146247,3,-2,-32
1759483761.9506247,-2,-4,-35
1759483761.9886248,-11,-5,-39
1759483762.026625,-3,0,-36
1759483762.0656247,-1,-2,-39
1759483762.1036248,-1,-4,-34
1759483762.1396248,1,2,-38
1759483762.1766248,-3,2,-36
1759483762.2156248,5,-2,-39
1759483762.253625,-2,0,-39
1759483762.2896247,-1,-1,-39
1759483762.3276248,0,0,-50
1759483762.3666248,2,0,-44
1759483762.4046247,7,-5,-50
1759483762.4406247,5,-3,-40
1759483762.4786248,5,0,-43
1759483762.5166247,-2,-5,-46
1759483762.5546248,1,0,-43
1759483762.5906248,1,3,-44
1759483762.6276248,2,3,-36
1759483762.6666248,5,0,-38
1759483762.704625,1,7,-40
1759483762.740625,6,4,-47
1759483762.7776248,1,0,-41
1759483762.8156247,0,-7,-49
1759483762.8546247,-4,-1,-38
1759483762.8906248,0,-1,-40
1759483762.9286249,4,1,-41
1759483762.967625,-1,-3,-37
1759483763.0056248,-2,2,-36
1759483763.0416248,-7,-3,-29
1759483763.0806248,0,-4,-35
1759483763.1176248,10,-1,-42
1759483763.1566248,6,0,-39
1759483763.194625,-1,1,-37
1759483763.230625,3,2,-37
1759483763.2676249,2,0,-37
1759483763.306625,-3,0,-36
1759483763.3446248,0,7,-47
1759483763.3806248,-5,9,-40
1759483763.4186249,-1,1,-44
1759483763.4566247,0,3,-40
1759483763.4956248,0,-5,-34
1759483763.5316248,0,-4,-33
1759483763.569625,4,0,-45
1759483763.6086247,7,0,-42
1759483763.6466248,2,-6,-37
1759483763.684625,5,0,-38
1759483763.7216249,-4,3,-45
1759483763.7586248,3,2,-45
1759483763.7976248,-3,2,-39
1759483763.8356247,-1,-5,-45
1759483763.8716247,-4,-2,-31
1759483763.9096248,-4,2,-36
1759483763.9486248,-4,0,-31
1759483763.9866247,-4,-4,-36
1759483764.0246248,-5,4,-42
1759483764.0606248,0,4,-34
1759483764.0996249,-7,9,-40
1759483764.1376247,-6,0,-39
1759483764.1756248,0,0,-36
1759483764.2116249,-5,7,-42
1759483764.2486248,-4,4,-31
1759483764.2876248,-5,-4,-35
1759483764.3256247,-2,0,-40
1759483764.3616247,3,0,-42
1759483764.398625,-7,-1,-35
1759483764.4376247,-5,0,-32
1759483764.4756248,-4,4,-44
1759483764.5116248,0,-2,-44
1759483764.5506248,-1,-1,-34
1759483764.5876248,5,-3,-40
1759483764.6266248,0,-4,-37
1759483764.6626248,0,-2,-40
1759483764.7006247,3,-4,-41
1759483764.7386248,0,-4,-44
1759483764.7776248,-3,-4,-42
1759483764.8156247,-2,4,-50
1759483764.8516247,-12,-1,-47
1759483764.8896248,3,0,-40
1759483764.9276247,3,0,-42
1759483764.9666247,3,-1,-35
1759483765.0026248,-4,0,-37
1759483765.0406249,-2,-4,-39
1759483765.0786247,-2,-5,-34
1759483765.1166248,5,-1,-42
1759483765.1526248,3,-4,-33
1759483765.1906247,-2,0,-42
1759483765.2286248,5,0,-45
1759483765.2666247,3,-1,-39
1759483765.3026247,-7,-3,-43
1759483765.3406248,-5,1,-42
1759483765.3796248,-3,3,-41
1759483765.4176247,1,0,-35
1759483765.4556248,9,3,-40
1759483765.4916248,0,-4,-37
1759483765.5296247,4,-4,-39
1759483765.5676248,7,0,-46
1759483765.605625,2,-5,-40
1759483765.6416247,1,3,-35
1759483765.6796248,-5,0,-40
1759483765.717625,-6,2,-31
1759483765.7556248,0,-2,-32
1759483765.7916248,0,-4,-30
1759483765.829625,-8,-1,-45
1759483765.8676248,-6,0,-36
1759483765.9036248,-3,-3,-36
1759483765.9426248,2,0,-42
1759483765.9796247,-2,0,-35
1759483766.0186248,0,3,-42
1759483766.056625,0,0,-40
1759483766.092625,-1,3,-43
1759483766.1296248,4,0,-28
1759483766.1686249,4,1,-26
1759483766.2066247,0,2,-24
1759483766.2426248,-7,3,-36
1759483766.2796247,-4,2,-29
1759483766.3176248,1,2,-31
1759483766.3566248,6,0,-31
1759483766.3926249,2,0,-41
1759483766.4296248,7,0,-45
1759483766.4686248,4,-3,-31
1759483766.5066247,11,5,-36
1759483766.5426247,5,3,-43
1759483766.579625,1,9,-33
1759483766.6186247,8,7,-37
1759483766.6566248,4,0,-36
1759483766.6926248,9,-5,-49
1759483766.7316248,8,1,-57
1759483766.7696247,6,2,-33
1759483766.8076248,0,-5,-42
1759483766.852625,-1,-4,-45
1759483766.8906248,-4,2,-43
1759483766.9286249,2,-2,-37
1759483766.9666247,-4,-8,-33
1759483767.003625,-2,0,-34
1759483767.0406249,-1,-3,-40
1759483767.0786247,0,-1,-41
1759483767.1176248,0,0,-33
1759483767.1536248,-4,-2,-40
1759483767.1916249,-6,-2,-36
1759483767.2296247,-4,3,-39
1759483767.2686248,0,-3,-40
1759483767.306625,-1,2,-47
1759483767.342625,3,0,-38
1759483767.3816247,9,6,-42
1759483767.4196248,0,1,-32
1759483767.457625,6,3,-38
1759483767.4936247,5,4,-35
1759483767.5306249,0,6,-31
1759483767.5686247,-9,7,-27
1759483767.6076248,-3,0,-27
1759483767.6436248,-4,-2,-31
1759483767.6826248,-1,0,-46
1759483767.7206247,-2,0,-35
1759483767.7586248,-1,-1,-37
1759483767.7946248,-3,0,-41
1759483767.832625,1,1,-40
1759483767.8706248,-4,-4,-56
1759483767.908625,-5,0,-43
1759483767.9476247,4,1,-46
1759483767.9836247,3,0,-36
1759483768.0216248,-2,-4,-38
1759483768.0606248,-3,-2,-35
1759483768.0986247,-7,-7,-30
1759483768.1346247,-7,-2,-39
1759483768.1736248,-5,-4,-40
1759483768.2116249,0,-7,-30
1759483768.2486248,0,-4,-42
1759483768.2876248,2,-3,-35
1759483768.3236248,-4,-5,-32
1759483768.3616247,-3,-3,-31
1759483768.3996248,-2,5,-35
1759483768.4386249,-7,1,-34
1759483768.4746249,-2,1,-36
1759483768.513625,0,1,-45
1759483768.5516248,5,3,-41
1759483768.589625,-2,0,-39
1759483768.6276248,0,5,-37
1759483768.6636248,0,3,-44
1759483768.7016249,3,4,-33
1759483768.7396247,3,-2,-33
1759483768.7776248,-3,-2,-31
1759483768.8136249,7,-1,-46
1759483768.852625,0,0,-46
1759483768.8896248,0,0,-35
1759483768.9286249,2,3,-35
1759483768.964625,-8,11,-39
1759483769.0026248,-2,8,-33
1759483769.0406249,-2,3,-35
1759483769.079625,-3,-5,-33
1759483769.1176248,4,-8,-31
1759483769.1536248,2,-8,-39
1759483769.1916249,6,3,-47
1759483769.230625,-2,0,-36
1759483769.2686248,-1,-3,-41
1759483769.3046248,-7,0,-34
1759483769.342625,-2,-1,-32
1759483769.3816247,-1,-4,-42
1759483769.4196248,-7,-5,-41
1759483769.4556248,0,0,-41
1759483769.4936247,2,-1,-43
1759483769.5316248,1,0,-33
1759483769.569625,-3,7,-21
1759483769.605625,-3,1,-35
1759483769.6426249,-2,-4,-44
1759483769.681625,-6,0,-50
1759483769.7196248,-2,-1,-34
1759483769.7556248,-2,-1,-44
1759483769.7946248,-1,-1,-46
1759483769.832625,-5,2,-48
1759483769.8696249,-3,3,-45
1759483769.908625,3,0,-37
1759483769.944625,-4,8,-41
1759483769.9826248,-6,0,-44
1759483770.0206249,-8,0,-33
1759483770.059625,-2,0,-21
1759483770.0956247,-1,1,-34
1759483770.1326249,7,0,-51
1759483770.1706247,4,0,-27
1759483770.2096248,-2,0,-33
1759483770.2456248,-2,3,-34
1759483770.2846248,-2,4,-49
1759483770.3226247,-3,-5,-43
1759483770.3606248,1,-5,-44
1759483770.398625,-1,-2,-53
1759483770.434625,0,-2,-48
1759483770.4726248,-2,0,-43
1759483770.510625,-3,4,-43
1759483770.5496247,6,1,-33
1759483770.5856247,-3,1,-32
1759483770.6236248,-3,-1,-31
1759483770.6626248,-2,-2,-31
1759483770.7006247,-2,-10,-37
1759483770.7386248,-3,-8,-35
1759483770.7746248,-1,-1,-24
1759483770.8136249,-3,-4,-41
1759483770.8506248,-4,0,-41
1759483770.8896248,-4,-3,-37
1759483770.9256248,1,3,-44
1759483770.9626248,0,0,-45
1759483771.000625,-4,5,-41
1759483771.0396247,5,-7,-45
1759483771.0756247,5,0,-50
1759483771.112625,8,-4,-35
1759483771.151625,5,-4,-34
1759483771.1896248,0,-6,-30
1759483771.2256248,-6,-2,-37
1759483771.2646248,1,-1,-40
1759483771.3006248,-4,5,-33
1759483771.339625,1,0,-40
1759483771.375625,3,0,-35
1759483771.4126248,-2,7,-34
1759483771.4516249,-1,4,-37
1759483771.4896247,3,-1,-30
1759483771.5256248,-1,-2,-38
1759483771.5646248,-1,-8,-36
1759483771.6016247,0,-1,-35
1759483771.6406248,0,0,-39
1759483771.6766248,-1,0,-39
1759483771.714625,-6,-7,-49
1759483771.7526248,-3,3,-49
1759483771.7916248,-2,-6,-54
1759483771.829625,-2,-2,-52
1759483771.8666248,0,2,-48
1759483771.9036248,-1,-3,-33
1759483771.9426248,-2,-3,-40
1759483771.980625,4,3,-38
1759483772.0166247,-5,2,-32
1759483772.0556247,0,-3,-35
1759483772.0936248,2,-4,-40
1759483772.1316247,3,4,-43
1759483772.1696248,1,3,-38
1759483772.2056248,2,-1,-36
1759483772.2436247,-2,-1,-36
1759483772.2816248,0,-5,-45
1759483772.3206248,11,0,-42
1759483772.3566248,4,-3,-28
1759483772.3956249,4,-4,-35
1759483772.4336247,-1,-4,-38
1759483772.4716249,-8,-7,-32
1759483772.5096247,0,-4,-40
1759483772.5456247,-5,-2,-40
1759483772.5846248,6,-2,-25
1759483772.6216247,0,-3,-27
1759483772.6606247,-2,-6,-29
1759483772.6966248,0,2,-35
1759483772.7346249,-4,1,-49
1759483772.7716248,-13,0,-45
1759483772.8106248,-8,-1,-37
1759483772.8466249,-5,0,-35
1759483772.8846247,-2,5,-35
1759483772.921625,-4,0,-44
1759483772.9606247,0,-8,-34
1759483772.9966247,-1,-1,-29
1759483773.0356247,-1,2,-29
1759483773.0726247,1,3,-45
1759483773.1116247,-3,1,-42
1759483773.1476247,-2,0,-43
1759483773.1856248,-1,0,-27
1759483773.2226248,0,4,-38
1759483773.2616248,3,-5,-33
1759483773.2976248,0,0,-34
1759483773.3346248,0,2,-42
1759483773.3726249,-2,1,-47
1759483773.411625,0,0,-39
1759483773.4476247,0,3,-54
1759483773.4846249,-3,3,-32
1759483773.523625,-2,1,-30
1759483773.5616248,2,3,-29
1759483773.5976248,-6,0,-35
1759483773.6346247,2,-1,-21
1759483773.6726248,-1,2,-25
1759483773.7116249,1,7,-47
1759483773.7476249,-4,9,-40
1759483773.7856247,6,3,-45
1759483773.8236248,4,0,-35
1759483773.862625,11,0,-33
1759483773.9006248,0,3,-42
1759483773.9366248,-4,-2,-46
1759483773.9756248,-8,-5,-52
1759483774.013625,-3,3,-32
1759483774.0516248,0,3,-34
1759483774.0876248,-5,1,-32
1759483774.1246247,0,0,-32
1759483774.1636248,5,-2,-30
1759483774.2016249,8,-6,-35
1759483774.237625,6,-5,-32
1759483774.276625,2,-1,-38
1759483774.3136249,-1,-1,-40
1759483774.352625,0,-2,-41
1759483774.3906248,0,2,-45
1759483774.4266248,-1,1,-50
1759483774.4636247,-10,-2,-48
1759483774.5026248,-8,-4,-38
1759483774.5386248,-8,0,-42
1759483774.5766249,5,-4,-48
1759483774.6136248,3,-1,-35
1759483774.6526248,-5,2,-26
1759483774.6886249,2,-8,-34
1759483774.7266247,-5,-4,-50
1759483774.763625,-5,-2,-40
1759483774.8026247,7,2,-37
1759483774.8386247,0,6,-39
1759483774.8766248,0,-1,-50
1759483774.9136248,-5,-6,-39
1759483774.9526248,1,-6,-34
1759483774.9886248,-1,2,-34
1759483775.026625,2,-1,-30
1759483775.0636249,2,-3,-36
1759483775.102625,-1,-3,-39
1759483775.138625,-4,-2,-42
1759483775.1766248,3,-2,-38
1759483775.214625,0,-2,-35
1759483775.253625,2,0,-36
1759483775.2916248,-2,3,-34
1759483775.3276248,-4,-3,-32
1759483775.3666248,-1,0,-44
1759483775.4036248,-2,-2,-45
1759483775.4426248,0,-2,-40
1759483775.4786248,1,-8,-37
1759483775.5156248,0,-1,-41
1759483775.5546248,3,0,-35
1759483775.592625,0,2,-36
1759483775.628625,1,3,-40
1759483775.6656249,-10,-1,-39
1759483775.7036247,1,-5,-39
1759483775.7426248,5,-8,-41
1759483775.7786248,5,-6,-32
1759483775.8176248,-8,4,-35
1759483775.8546247,2,5,-46
1759483775.8936248,8,3,-49
1759483775.931625,0,0,-44
1759483775.967625,0,0,-31
1759483776.0046248,0,1,-34
1759483776.0436249,-2,-6,-37
1759483776.0816247,2,-9,-38
1759483776.1176248,3,-7,-44
1759483776.1556249,3,-9,-39
1759483776.194625,2,-1,-40
1759483776.2326248,-9,3,-46
1759483776.2696247,-1,5,-33
1759483776.306625,3,-1,-35
1759483776.3456247,-3,1,-42
1759483776.3836248,-3,0,-42
1759483776.4196248,-4,0,-39
1759483776.4566247,-6,0,-42
1759483776.4956248,3,-2,-50
1759483776.533625,4,1,-41
1759483776.569625,0,1,-40
1759483776.6066248,-3,-2,-38
1759483776.6446247,3,0,-44
1759483776.6836247,8,0,-41
1759483776.7196248,7,2,-28
1759483776.7566247,3,0,-25
1759483776.7956247,5,0,-26
1759483776.8336248,2,-4,-27
1759483776.8776248,8,0,-40
1759483776.9146247,1,1,-37
1759483776.9536247,-2,8,-28
1759483776.9896247,2,-1,-43
1759483777.0286248,0,0,-40
1759483777.0656247,-2,8,-34
1759483777.1046247,-5,3,-36
1759483777.1426249,-3,0,-31
1759483777.1786249,-2,4,-43
1759483777.2166247,1,4,-28
1759483777.2546248,-4,-1,-33
1759483777.2926247,2,-2,-25
1759483777.3286247,1,-6,-35
1759483777.365625,-1,-1,-42
1759483777.4046247,2,-2,-44
1759483777.4426248,1,0,-33
1759483777.4786248,0,4,-41
1759483777.5166247,4,3,-32
1759483777.5546248,4,-3,-34
1759483777.592625,4,1,-44
1759483777.628625,0,9,-41
1759483777.6666248,2,0,-30
1759483777.704625,0,-3,-22
1759483777.7426248,1,1,-27
1759483777.7786248,5,0,-25
1759483777.8156247,0,3,-29
1759483777.8546247,-8,-3,-26
1759483777.8926249,-2,-3,-37
1759483777.9296248,0,-1,-37
1759483777.967625,10,3,-48
1759483778.0056248,11,3,-37
1759483778.0446248,6,1,-32
1759483778.0806248,-5,2,-38
1759483778.1176248,-3,-2,-42
1759483778.1556249,2,-1,-33
1759483778.194625,-6,1,-29
1759483778.230625,-6,-1,-31
1759483778.2686248,-10,-5,-30
1759483778.306625,3,0,-42
1759483778.3446248,-6,-3,-30
1759483778.3836248,5,5,-36
1759483778.4196248,5,-2,-40
1759483778.4566247,3,-4,-45
1759483778.4946249,-4,5,-35
1759483778.533625,-3,-2,-40
1759483778.569625,-5,0,-32
1759483778.6066248,5,-4,-42
1759483778.6456249,6,0,-40
1759483778.6836247,2,-1,-42
1759483778.7196248,9,-5,-46
1759483778.7576249,4,-2,-51
1759483778.796625,0,5,-30
1759483778.8346248,5,2,-33
1759483778.8706248,-1,-1,-26
1759483778.9096248,-5,-2,-37
1759483778.9476247,0,-3,-34
1759483778.9856248,-2,-2,-31
1759483779.023625,-6,-3,-37
1759483779.059625,-5,0,-34
1759483779.0966249,-5,0,-45
1759483779.135625,-11,4,-42
1759483779.1736248,-5,3,-44
1759483779.2096248,-5,6,-29
1759483779.2476249,8,3,-30
1759483779.2856247,8,3,-48
1759483779.3246248,7,0,-39
1759483779.3606248,9,0,-39
1759483779.3976247,2,-2,-49
1759483779.4366248,-2,-8,-38
1759483779.4746249,2,-3,-45
1759483779.510625,3,0,-47
1759483779.5476248,5,-4,-37
1759483779.5856247,0,-3,-37
1759483779.6246247,-8,1,-39
1759483779.6606247,-5,6,-41
1759483779.6996248,3,2,-46
1759483779.7366247,0,-5,-43
1759483779.7756248,-5,1,-42
1759483779.8116248,-6,-3,-32
1759483779.8506248,1,0,-30
1759483779.8876247,3,0,-38
1759483779.9266248,1,3,-43
1759483779.964625,5,3,-34
1759483780.000625,-4,0,-44
1759483780.0376248,0,1,-44
1759483780.0766249,0,-4,-44
1759483780.1146247,0,-1,-40
1759483780.1506248,-5,-5,-39
1759483780.1886249,-6,-2,-30
1759483780.2266247,0,-1,-41
1759483780.2656248,0,-7,-44
1759483780.3016248,-1,-3,-34
1759483780.339625,0,-7,-29
1759483780.3776248,0,-2,-38
1759483780.4156249,3,-10,-35
1759483780.4516249,9,-2,-35
1759483780.4896247,5,-2,-31
1759483780.526625,-1,-5,-45
1759483780.5656247,-3,-3,-45
1759483780.6016247,1,0,-40
1759483780.638625,-4,-2,-40
1759483780.6766248,-3,4,-34
1759483780.7156248,-3,0,-38
1759483780.7516248,-3,-6,-53
1759483780.7906249,-1,1,-37
1759483780.8276248,3,-1,-39
1759483780.8666248,-3,-1,-45
1759483780.9046247,-4,-2,-49
1759483780.9406247,0,3,-50
1759483780.9786248,-9,1,-36
1759483781.0176249,0,2,-29
1759483781.0556247,-2,-2,-34
1759483781.0916247,-2,-4,-34
1759483781.1296248,3,-9,-28
1759483781.1676247,-3,3,-39
1759483781.2066247,-7,-4,-41
1759483781.2446249,-4,-10,-38
1759483781.2806249,-4,-3,-30
1759483781.3186247,-3,-3,-42
1759483781.3566248,-2,-5,-33
1759483781.3956249,3,-3,-48
1759483781.431625,1,0,-35
1759483781.4696248,3,0,-45
1759483781.5086248,-1,0,-30
1759483781.546625,11,0,-31
1759483781.582625,-4,2,-44
1759483781.6216247,0,0,-33
1759483781.6596248,1,-9,-45
1759483781.6966248,5,-8,-48
1759483781.7356248,-6,-3,-43
1759483781.7716248,0,-1,-37
1759483781.809625,2,-3,-42
1759483781.8466249,-4,5,-41
1759483781.885625,-5,-3,-40
1759483781.921625,-5,0,-35
1759483781.9606247,0,-1,-38
1759483781.9976249,-4,-5,-43
1759483782.036625,-1,-2,-32
1759483782.0726247,1,1,-38
1759483782.1096249,7,6,-42
1759483782.1476247,7,0,-39
1759483782.1866248,6,-3,-48
1759483782.2226248,8,-2,-52
1759483782.260625,3,2,-32
1759483782.2996247,-5,3,-32
1759483782.3376248,-1,-1,-40
1759483782.375625,-1,2,-35
1759483782.4126248,3,2,-43
1759483782.4496248,5,0,-38
1759483782.487625,2,-8,-28
1759483782.526625,0,2,-18
1759483782.5626247,0,3,-32
1759483782.5996249,8,-1,-38
1759483782.638625,8,3,-45
1759483782.6766248,-2,-4,-42
1759483782.7126248,1,-6,-43
1759483782.7496247,2,-5,-41
1759483782.7886248,0,-2,-39
1759483782.8266249,1,5,-42
1759483782.862625,1,0,-30
1759483782.8996248,-2,4,-42
1759483782.9386249,0,2,-33
1759483782.9756248,5,3,-29
1759483783.0116248,1,2,-27
1759483783.0496247,0,0,-34
1759483783.0876248,0,-3,-41
1759483783.125625,1,-8,-53
1759483783.161625,0,-5,-55
1759483783.1996248,7,-1,-44
1759483783.237625,-2,3,-42
1759483783.273625,1,2,-33
1759483783.3106248,5,5,-23
1759483783.3486247,8,3,-29
1759483783.3876247,0,-4,-28
1759483783.4236248,0,-3,-45
1759483783.4616249,-5,-7,-39
1759483783.4986248,-2,-9,-49
1759483783.5376248,4,-3,-41
1759483783.5736248,-3,1,-43
1759483783.6106248,-1,0,-40
1759483783.648625,-6,4,-47
1759483783.6876247,0,2,-40
1759483783.7236247,-2,3,-30
1759483783.7616248,8,7,-27
1759483783.7986248,1,6,-33
1759483783.8376248,-2,0,-43
1759483783.8736248,0,0,-35
1759483783.9106247,-2,2,-34
1759483783.9486248,-3,3,-38
1759483783.987625,-7,3,-39
1759483784.023625,-5,3,-39
1759483784.0616248,6,-3,-42
1759483784.0986247,4,-1,-39
1759483784.1376247,0,-4,-42
1759483784.1736248,-2,-1,-27
1759483784.2116249,2,0,-23
1759483784.2496247,0,2,-31
1759483784.2886248,-5,5,-38
1759483784.3266249,-2,-2,-37
1759483784.3636248,0,-2,-38
1759483784.4006248,2,2,-48
1759483784.4396248,3,1,-47
1759483784.477625,6,-2,-46
1759483784.513625,-1,4,-45
1759483784.5506248,-3,12,-37
1759483784.589625,0,3,-47
1759483784.6276248,-2,5,-46
1759483784.6636248,0,0,-46
1759483784.7006247,7,-6,-44
1759483784.7396247,4,-1,-36
1759483784.7776248,1,0,-49
1759483784.8136249,5,4,-53
1759483784.8506248,3,2,-42
1759483784.8896248,-6,-4,-34
1759483784.9276247,-5,-4,-47
1759483784.9636247,-1,-3,-44
1759483785.0026248,-5,0,-52
1759483785.0396247,-4,10,-42
1759483785.0786247,-11,1,-42
1759483785.1146247,-1,3,-55
1759483785.1526248,0,-5,-51
1759483785.1906247,6,-1,-43
1759483785.2286248,-1,1,-32
1759483785.2646248,4,3,-32
1759483785.3026247,0,1,-39
1759483785.339625,-8,1,-39
1759483785.378625,-1,0,-45
1759483785.4146247,0,-1,-46
1759483785.4536247,-4,0,-46
1759483785.490625,-1,3,-48
1759483785.5286248,3,-1,-35
1759483785.5676248,2,1,-42
1759483785.6036248,0,-4,-41
1759483785.6416247,1,-2,-32
1759483785.6806247,-1,-2,-44
1759483785.7186248,6,0,-39
1759483785.7556248,4,5,-37
1759483785.7926247,1,8,-34
1759483785.8306248,-7,1,-32
1759483785.8696249,1,4,-41
1759483785.9076247,-2,6,-42
1759483785.9436247,1,2,-32
1759483785.9826248,0,0,-33
1759483786.0206249,9,0,-40
1759483786.0586247,2,-4,-35
1759483786.0956247,-4,1,-26
1759483786.1326249,-4,-2,-24
1759483786.1706247,0,-8,-36
1759483786.2096248,-2,-2,-29
1759483786.2476249,5,1,-37
1759483786.283625,4,-1,-27
1759483786.3216248,3,2,-31
1759483786.3596249,0,5,-48
1759483786.3976247,-3,5,-47
1759483786.4336247,-2,3,-44
1759483786.4706247,-2,0,-35
1759483786.5096247,-2,-2,-34
1759483786.5476248,0,-8,-26
1759483786.5836248,2,-9,-41
1759483786.6216247,1,-8,-35
1759483786.6596248,3,-2,-37
1759483786.6956248,4,-2,-36
1759483786.7346249,5,-12,-34
1759483786.7716248,-4,0,-25
1759483786.809625,-7,-2,-28
1759483786.8486247,0,-1,-29
1759483786.8936248,0,5,-33
1759483786.931625,0,0,-29
1759483786.9696248,7,0,-53
1759483787.0056248,5,0,-40
1759483787.0446248,3,-1,-47
1759483787.0816247,5,0,-45
1759483787.1206248,3,0,-37
1759483787.158625,-2,0,-41
1759483787.194625,-1,2,-46
1759483787.2316248,-3,-1,-28
1759483787.2706249,-1,-8,-39
1759483787.3086247,-5,-5,-28
1759483787.3446248,-6,-4,-22
1759483787.3836248,-4,-3,-37
1759483787.4206247,0,-1,-37
1759483787.4596248,3,-2,-37
1759483787.4966247,1,2,-31
1759483787.533625,0,2,-23
1759483787.5726247,0,1,-37
1759483787.6106248,-4,9,-31
1759483787.648625,-3,3,-36
1759483787.684625,0,2,-44
1759483787.7226248,2,4,-37
1759483787.760625,1,-1,-38
1759483787.7986248,1,-2,-27
1759483787.8346248,2,-3,-34
1759483787.8716247,2,1,-27
1759483787.9106247,-3,4,-41
1759483787.9486248,0,6,-50
1759483787.9846249,4,7,-53
1759483788.0216248,6,6,-55
1759483788.0606248,3,2,-45
1759483788.0986247,-2,6,-48
1759483788.1346247,0,7,-48
1759483788.1726248,3,6,-47
1759483788.2106247,0,7,-41
1759483788.2486248,4,-3,-41
1759483788.2846248,-2,-2,-41
1759483788.3226247,-2,0,-36
1759483788.3606248,-2,-4,-37
1759483788.3996248,0,3,-40
1759483788.4356248,4,7,-46
1759483788.4746249,-2,5,-40
1759483788.5126247,1,1,-21
1759483788.5506248,-6,-7,-31
1759483788.5866249,0,4,-41
1759483788.6246247,1,3,-29
1759483788.661625,-5,-5,-36
1759483788.7006247,0,6,-35
1759483788.7366247,6,3,-44
1759483788.7746248,7,0,-40
1759483788.8116248,-2,0,-33
1759483788.8506248,0,1,-28
1759483788.8866248,-1,-7,-43
1759483788.9246247,-2,-6,-41
1759483788.9636247,-2,4,-37
1759483789.000625,-2,3,-45
1759483789.0396247,-10,9,-41
1759483789.0756247,1,0,-37
1759483789.1136248,8,0,-32
1759483789.151625,5,0,-42
1759483789.1896248,7,-2,-36
1759483789.2256248,-2,-6,-30
1759483789.2646248,-2,1,-33
1759483789.3016248,0,-1,-33
1759483789.3406248,-2,11,-29
1759483789.3766248,0,0,-36
1759483789.4136248,-2,-1,-41
1759483789.4516249,7,5,-41
1759483789.490625,-4,-3,-39
1759483789.526625,-5,0,-37
1759483789.5646248,0,-2,-42
1759483789.6036248,0,2,-39
1759483789.6416247,1,0,-43
1759483789.6796248,0,3,-38
1759483789.7166247,1,7,-37
1759483789.753625,-2,7,-33
1759483789.7916248,-4,5,-33
1759483789.8306248,0,0,-48
1759483789.8666248,4,4,-51
1759483789.9046247,4,5,-40
1759483789.9426248,2,3,-42
1759483789.980625,-1,0,-26
1759483790.0166247,-2,8,-23
1759483790.0556247,0,1,-32
1759483790.092625,0,-2,-29
1759483790.1316247,-1,-2,-42
1759483790.1676247,0,4,-53
1759483790.2056248,-4,1,-53
1759483790.2426248,0,-1,-33
1759483790.2816248,4,0,-27
1759483790.3176248,9,-5,-36
1759483790.355625,0,-1,-43
1759483790.3936248,1,-2,-35
1759483790.431625,3,4,-35
1759483790.4706247,-4,-1,-36
1759483790.5066247,0,-3,-39
1759483790.5436249,0,-4,-33
1759483790.582625,3,3,-38
1759483790.6206248,-7,0,-43
1759483790.6566248,0,4,-39
1759483790.6936247,-3,-6,-30
1759483790.7316248,9,4,-35
1759483790.7706249,-4,-2,-43
1759483790.806625,0,2,-50
1759483790.8436248,5,3,-41
1759483790.8826249,-3,5,-35
1759483790.9206247,-2,6,-31
1759483790.9566247,-4,0,-33
1759483790.9936247,-5,-4,-30
1759483791.0326247,-3,0,-37
1759483791.0706248,-4,-2,-28
1759483791.1066248,-2,0,-42
1759483791.1446247,8,-2,-35
1759483791.1836247,0,-2,-42
1759483791.2216249,0,-1,-25
1759483791.2576249,3,0,-38
1759483791.2956247,5,-2,-37
1759483791.3336248,8,0,-35
1759483791.3726249,4,2,-36
1759483791.4106247,-2,6,-37
1759483791.4466248,1,9,-41
1759483791.4836247,2,2,-34
1759483791.5226247,0,-1,-25
1759483791.5606248,-1,-3,-40
1759483791.5966249,8,0,-46
1759483791.6346247,4,0,-51
1759483791.6726248,-4,-5,-33
1759483791.7106247,6,4,-39
1759483791.7466247,3,0,-36
1759483791.7846248,8,1,-47
1759483791.8226247,12,-4,-32
1759483791.8606248,-1,-3,-39
1759483791.8966248,-1,-4,-44
1759483791.9356248,0,-1,-43
1759483791.9726248,1,-1,-40
1759483792.0116248,-1,0,-47
1759483792.0476248,-8,-3,-50
1759483792.0856247,-4,-2,-36
1759483792.1236248,3,-1,-36
1759483792.1626248,7,1,-39
1759483792.1986248,9,-3,-28
1759483792.2366247,2,1,-38
1759483792.2746248,-3,-7,-31
1759483792.3126247,-4,0,-31
1759483792.3516247,-1,0,-38
1759483792.3876247,-1,0,-39
1759483792.4266248,0,3,-42
1759483792.464625,0,0,-38
1759483792.5026248,-4,0,-44
1759483792.5386248,4,-3,-42
1759483792.5766249,2,-2,-44
1759483792.615625,-7,2,-44
1759483792.6536248,-8,-1,-37
1759483792.6916249,-3,3,-38
1759483792.727625,-4,0,-46
1759483792.7656248,-1,1,-40
1759483792.8036249,2,2,-45
1759483792.8416247,0,-1,-43
1759483792.8776248,8,-8,-44
1759483792.9156249,0,-10,-34
1759483792.9536247,-2,-4,-29
1759483792.9926248,-1,0,-39
1759483793.0286248,0,-2,-33
1759483793.0656247,0,2,-34
1759483793.1036248,3,4,-45
1759483793.1426249,4,4,-49
1759483793.1786249,3,7,-45
1759483793.2166247,3,9,-42
1759483793.2546248,1,3,-31
1759483793.2936249,-5,1,-34
1759483793.3316247,-1,5,-50
1759483793.3686247,-6,-4,-53
1759483793.4056249,-3,-9,-48
1759483793.444625,1,-6,-42
1759483793.4826248,-2,-7,-35
1759483793.5186248,-2,-6,-31
1759483793.5576248,-2,1,-41
1759483793.5956247,0,-4,-35
1759483793.6336248,-8,-4,-33
1759483793.6696248,0,-3,-35
1759483793.707625,6,-2,-40
1759483793.7446249,0,0,-40
1759483793.783625,0,-3,-45
1759483793.819625,0,0,-37
1759483793.8576248,0,-1,-34
1759483793.8946247,0,-7,-40
1759483793.9336247,-2,-7,-27
1759483793.9696248,-3,-2,-44
1759483794.0086248,1,-7,-38
1759483794.0456247,1,-3,-42
1759483794.0836248,0,-9,-46
1759483794.1226249,0,-1,-41
1759483794.158625,-1,-5,-43
1759483794.1966248,-1,-3,-41
1759483794.2346249,0,-6,-34
1759483794.273625,-5,-1,-30
1759483794.309625,-5,0,-41
1759483794.3486247,-8,0,-41
1759483794.3866248,-5,-10,-50
1759483794.4246247,-1,-2,-40
1759483794.4626248,0,-6,-46
1759483794.4986248,-2,-6,-38
1759483794.536625,0,-2,-45
1759483794.5746248,-5,0,-45
1759483794.6136248,0,4,-39
1759483794.6496248,-3,1,-47
1759483794.6876247,-4,1,-45
1759483794.7266247,0,-2,-37
1759483794.7646248,0,-15,-37
1759483794.8026247,-7,-2,-39
1759483794.8386247,-4,-4,-37
1759483794.8766248,1,-1,-46
1759483794.9156249,0,-1,-47
1759483794.9536247,-2,0,-28
1759483794.9896247,-8,-6,-21
1759483795.0286248,-4,-5,-35
1759483795.0656247,-1,1,-32
1759483795.1046247,-2,2,-37
1759483795.1426249,-8,3,-45
1759483795.1786249,-1,-5,-44
1759483795.2166247,3,3,-46
1759483795.2546248,1,0,-41
1759483795.2936249,4,-2,-42
1759483795.329625,3,0,-56
1759483795.3676248,-1,2,-38
1759483795.4046247,-3,-2,-36
1759483795.4436247,-4,-7,-32
1759483795.4796247,-2,-5,-42
1759483795.5176249,0,-2,-43
1759483795.5556247,6,-5,-40
1759483795.5946248,6,-1,-38
1759483795.6306248,-2,0,-40
1759483795.6686249,1,2,-36
1759483795.7056248,2,4,-45
1759483795.7446249,4,-5,-53
1759483795.7806249,1,8,-41
1759483795.8186247,-6,4,-28
1759483795.855625,-4,13,-43
1759483795.8946247,5,-1,-39
1759483795.9306247,1,-8,-39
1759483795.9686248,-1,-1,-30
1759483796.0056248,0,6,-32
1759483796.0446248,0,5,-33
1759483796.0806248,0,3,-35
1759483796.1176248,-8,-3,-34
1759483796.1566248,-1,0,-42
1759483796.194625,-4,4,-41
1759483796.230625,-9,0,-40
1759483796.2676249,-1,4,-44
1759483796.3056247,-3,2,-45
1759483796.3446248,0,0,-44
1759483796.3806248,1,-1,-39
1759483796.4176247,0,-3,-47
1759483796.4566247,-12,0,-42
1759483796.4946249,-8,0,-44
1759483796.5306249,0,-3,-30
1759483796.5676248,-4,-4,-40
1759483796.605625,-4,-5,-51
1759483796.6446247,-10,3,-41
1759483796.6806247,-3,0,-46
1759483796.717625,-5,4,-35
1759483796.7556248,-9,7,-47
1759483796.7946248,0,0,-44
1759483796.8306248,-10,0,-41
1759483796.8686247,-7,0,-46
1759483796.9136248,-8,0,-44
1759483796.9506247,0,-1,-36
1759483796.9886248,1,-1,-53
1759483797.0256248,6,-4,-44
1759483797.0646248,3,-7,-36
1759483797.1016247,1,-3,-35
1759483797.138625,-7,-1,-38
1759483797.1776247,-6,-2,-37
1759483797.2156248,0,-3,-34
1759483797.2516248,-3,-4,-36
1759483797.2896247,6,-3,-44
1759483797.3276248,-1,-7,-40
1759483797.365625,2,-5,-31
1759483797.4046247,4,-5,-29
1759483797.4416249,1,-1,-38
1759483797.4796247,-5,4,-52
1759483797.5176249,7,-1,-42
1759483797.5556247,-3,-1,-42
1759483797.5916247,-8,-4,-39
1759483797.6296248,3,0,-25
1759483797.6686249,2,-3,-51
1759483797.7056248,3,-6,-41
1759483797.7446249,-1,-3,-39
1759483797.7806249,3,1,-40
1759483797.8186247,-2,2,-38
1759483797.8566248,-1,-4,-46
1759483797.8946247,3,-2,-57
1759483797.9306247,0,-4,-41
1759483797.9686248,9,-5,-39
1759483798.0066247,6,0,-40
1759483798.0446248,0,4,-41
1759483798.0806248,-4,-8,-46
1759483798.1186247,-2,-3,-38
1759483798.1566248,4,-3,-33
1759483798.1956248,6,2,-31
1759483798.2316248,3,2,-31
1759483798.2686248,-1,3,-35
1759483798.3076248,-5,1,-33
1759483798.3456247,1,-6,-51
1759483798.3816247,5,-3,-42
1759483798.4196248,2,-6,-44
1759483798.4566247,0,-4,-39
1759483798.4956248,1,-5,-45
1759483798.5316248,-6,0,-37
1759483798.569625,0,5,-27
1759483798.6076248,0,1,-48
1759483798.6456249,0,-4,-41
1759483798.681625,0,-4,-36
1759483798.7196248,-11,0,-46
1759483798.7566247,-12,-8,-51
1759483798.7956247,-1,-9,-49
1759483798.8316247,0,1,-38
1759483798.8696249,-3,2,-46
1759483798.9066248,0,-10,-43
1759483798.9456248,4,-13,-48
1759483798.9816248,-3,-9,-44
1759483799.0206249,-1,1,-42
1759483799.0576248,-5,3,-38
1759483799.0966249,-1,7,-38
1759483799.1326249,4,8,-38
1759483799.1706247,-4,4,-38
1759483799.207625,-5,6,-47
1759483799.2466247,1,5,-32
1759483799.2826247,1,4,-39
1759483799.319625,-1,-4,-33
1759483799.3576248,5,-5,-43
1759483799.3966248,2,2,-35
1759483799.4326248,-5,4,-25
1759483799.4716249,0,4,-33
1759483799.5096247,0,-2,-28
1759483799.5476248,0,2,-27
1759483799.5856247,2,7,-34
1759483799.6216247,4,4,-34
1759483799.6596248,-5,4,-35
1759483799.6976247,-2,0,-41
1759483799.7356248,-4,0,-37
1759483799.7726247,0,4,-30
1759483799.809625,0,7,-38
1759483799.8476248,0,8,-53
1759483799.8866248,0,9,-46
1759483799.9226248,-4,7,-36
1759483799.9596248,-4,7,-40
1759483799.9986248,-7,0,-45
1759483800.036625,-3,3,-39
1759483800.0726247,5,-1,-42
1759483800.1106248,0,2,-38
1759483800.148625,0,6,-38
1759483800.1866248,2,3,-42
1759483800.2226248,0,-1,-40
1759483800.2596247,-6,1,-46
1759483800.2986248,-1,-1,-17
1759483800.3366249,0,3,-36
1759483800.3726249,6,5,-30
1759483800.4106247,-3,6,-34
1759483800.4486248,-2,0,-44
1759483800.4866247,-5,0,-57
1759483800.5226247,-5,-4,-56
1759483800.5616248,0,-3,-44
1759483800.5986247,1,2,-45
1759483800.6376247,-3,-1,-41
1759483800.6736248,0,0,-43
1759483800.7116249,3,-7,-33
1759483800.7486248,1,2,-37
1759483800.7876248,1,-3,-37
1759483800.8236248,-1,0,-39
1759483800.8616247,10,2,-36
1759483800.898625,7,5,-38
1759483800.9376247,-7,1,-41
1759483800.9736247,0,-3,-35
1759483801.0116248,1,-5,-38
1759483801.0486248,-1,-6,-39
1759483801.0876248,-5,-2,-46
1759483801.1236248,-7,1,-54
1759483801.1606247,-8,-3,-41
1759483801.1996248,-1,2,-38
1759483801.237625,0,0,-44
1759483801.273625,4,-2,-30
1759483801.3116248,2,-2,-37
1759483801.3486247,9,-2,-21
1759483801.3876247,1,-3,-20
1759483801.4236248,4,1,-18
1759483801.4616249,7,-6,-30
1759483801.4996247,-3,-7,-33
1759483801.5376248,-5,0,-44
1759483801.5736248,0,0,-46
1759483801.6116247,-2,5,-36
1759483801.6496248,-2,3,-34
1759483801.6876247,5,0,-22
1759483801.7236247,2,-3,-31
1759483801.760625,5,-2,-43
1759483801.7996247,-7,0,-40
1759483801.8376248,-3,-6,-31
1759483801.8736248,0,1,-31
1759483801.9106247,1,8,-25
1759483801.9496248,0,6,-45
1759483801.987625,-1,4,-42
1759483802.023625,-1,1,-35
1759483802.0616248,-2,2,-44
1759483802.0996249,-6,-4,-45
1759483802.1376247,0,3,-40
1759483802.1736248,4,6,-39
1759483802.2106247,-1,0,-41
1759483802.2496247,-1,-5,-33
1759483802.2876248,-1,2,-35
1759483802.3236248,0,0,-48
1759483802.3606248,-2,0,-39
1759483802.3996248,0,-3,-33
1759483802.4376247,-1,3,-37
1759483802.4736247,-3,-5,-38
1759483802.5126247,2,-6,-44
1759483802.5496247,3,1,-39
1759483802.5886247,2,7,-31
1759483802.6246247,0,3,-42
1759483802.6626248,-1,0,-51
1759483802.7006247,0,-1,-37
1759483802.7386248,-1,-2,-38
1759483802.7746248,5,-7,-43
1759483802.8136249,-5,-9,-41
1759483802.8506248,0,-2,-45
1759483802.888625,5,-1,-40
1759483802.9276247,0,2,-45
1759483802.9636247,-5,1,-44
1759483803.000625,-1,-2,-41
1759483803.0396247,10,-2,-36
1759483803.0776248,4,-4,-55
1759483803.1136248,-2,-9,-45
1759483803.151625,0,-11,-32
1759483803.1906247,1,-1,-27
1759483803.2286248,-3,-4,-33
1759483803.2656248,-4,-3,-31
1759483803.3026247,-4,1,-33
1759483803.3406248,0,-1,-32
1759483803.3796248,-4,0,-38
1759483803.4176247,-1,0,-24
1759483803.4536247,0,0,-37
1759483803.490625,0,0,-33
1759483803.5296247,0,0,-34
1759483803.5676248,0,0,-36
1759483803.6036248,3,-1,-34
1759483803.6416247,0,-4,-33
1759483803.6796248,5,-7,-48
1759483803.717625,-2,-2,-36
1759483803.753625,-4,1,-34
1759483803.7926247,-4,0,-29
1759483803.8306248,5,-2,-31
1759483803.8686247,1,-3,-47
1759483803.9056249,0,-4,-44
1759483803.9436247,5,0,-41
1759483803.980625,3,-1,-29
1759483804.0196247,5,-8,-37
1759483804.0576248,-1,0,-25
1759483804.0936248,2,1,-31
1759483804.1306248,-3,7,-32
1759483804.1696248,2,3,-40
1759483804.2056248,8,0,-36
1759483804.2426248,-1,1,-42
1759483804.2806249,0,-2,-36
1759483804.319625,9,0,-33
1759483804.355625,2,-1,-33
1759483804.3936248,-3,-3,-28
1759483804.431625,-7,4,-40
1759483804.4696248,-6,-5,-38
1759483804.5086248,-5,1,-49
1759483804.5446248,4,-2,-37
1759483804.5836248,0,2,-47
1759483804.6216247,-7,2,-42
1759483804.6596248,-3,3,-35
1759483804.6956248,-3,0,-40
1759483804.7326248,-4,-5,-34
1759483804.7716248,-3,4,-42
1759483804.809625,3,-2,-35
1759483804.8456247,0,-1,-38
1759483804.8836248,-5,4,-41
1759483804.921625,-5,0,-46
1759483804.9606247,-1,0,-44
1759483804.9986248,0,0,-46
1759483805.0346248,-5,-1,-44
1759483805.0736248,-8,-3,-45
1759483805.1106248,-6,0,-40
1759483805.1496248,0,0,-43
1759483805.1856248,3,-4,-32
1759483805.2236247,0,-4,-43
1759483805.260625,0,-8,-41
1759483805.2996247,1,-3,-37
1759483805.3356247,-1,1,-40
1759483805.3736248,3,1,-46
1759483805.4106247,0,-4,-37
1759483805.4496248,-10,0,-38
1759483805.4856248,-4,3,-35
1759483805.523625,-5,3,-37
1759483805.5606248,-2,0,-36
1759483805.5996249,3,-8,-31
1759483805.635625,0,-9,-42
1759483805.6736248,4,-4,-49
1759483805.7106247,4,0,-42
1759483805.7496247,5,-1,-46
1759483805.7856247,1,-2,-43
1759483805.8236248,3,9,-37
1759483805.8606248,4,7,-37
1759483805.8996248,0,-2,-29
1759483805.9356248,1,0,-35
1759483805.9736247,8,-1,-49
1759483806.010625,9,-1,-40
1759483806.0496247,4,-2,-42
1759483806.0856247,0,1,-41
1759483806.1236248,0,-2,-45
1759483806.161625,-2,-5,-36
1759483806.2006247,7,-1,-48
1759483806.2366247,7,0,-32
1759483806.273625,-4,4,-34
1759483806.3116248,2,4,-39
1759483806.3506248,5,0,-52
1759483806.3866248,1,0,-37
1759483806.4246247,-2,4,-37
1759483806.4616249,4,-5,-41
1759483806.500625,0,2,-42
1759483806.536625,3,-3,-35
1759483806.5746248,5,6,-37
1759483806.6116247,4,0,-37
1759483806.6506248,3,-2,-47
1759483806.6866248,1,-1,-36
1759483806.7246249,-4,-4,-27
1759483806.7616248,-4,2,-43
1759483806.8006248,0,6,-40
1759483806.8366249,10,1,-42
1759483806.8746247,-1,-3,-49
1759483806.9196248,-8,0,-55
1759483806.9556248,-2,2,-42
1759483806.9946249,-1,-1,-40
1759483807.0326247,-7,-3,-43
1759483807.0706248,-1,1,-35
1759483807.1076248,-4,-4,-34
1759483807.1446247,-1,-2,-46
1759483807.1836247,0,-3,-37
1759483807.2216249,-9,-2,-40
1759483807.2596247,-3,-1,-43
1759483807.2956247,-2,-5,-44
1759483807.3346248,-5,-5,-43
1759483807.3716247,-3,-1,-54
1759483807.4106247,0,-4,-33
1759483807.4466248,1,-1,-33
1759483807.4846249,-2,0,-43
1759483807.523625,-5,-3,-45
1759483807.5616248,-2,-3,-38
1759483807.5976248,-5,2,-27
1759483807.6346247,0,5,-33
1759483807.6736248,2,-1,-36
1759483807.7116249,0,5,-47
1759483807.7476249,-3,1,-42
1759483807.7856247,-4,6,-45
1759483807.8246248,5,3,-43
1759483807.862625,5,2,-42
1759483807.9006248,11,-2,-37
1759483807.9366248,2,-4,-34
1759483807.9756248,5,-6,-34
1759483808.0126247,5,-3,-51
1759483808.0516248,0,0,-45
1759483808.0876248,2,3,-36
1759483808.125625,0,-1,-44
1759483808.1626248,-6,-7,-49
1759483808.2016249,0,-2,-44
1759483808.237625,2,-1,-41
1759483808.2756248,-4,4,-46
1759483808.3126247,2,2,-28
1759483808.3516247,0,5,-32
1759483808.3876247,-4,0,-40
1759483808.4256248,-10,2,-43
1759483808.4626248,-4,-6,-41
1759483808.5016248,-4,0,-46
1759483808.5376248,-4,1,-43
1759483808.5756247,5,-8,-28
1759483808.612625,-5,0,-27
1759483808.651625,0,3,-42
1759483808.6876247,2,-2,-47
1759483808.7256248,7,0,-51
1759483808.763625,0,0,-41
1759483808.8026247,1,-1,-41
1759483808.8406248,0,7,-35
1759483808.8766248,-9,6,-34
1759483808.9136248,3,2,-34
1759483808.9526248,3,-3,-47
1759483808.990625,0,-3,-36
1759483809.026625,-5,0,-46
1759483809.0646248,-3,0,-39
1759483809.102625,-3,3,-42
1759483809.1416247,0,-2,-53
1759483809.1776247,-3,0,-52
1759483809.2166247,-1,0,-33
1759483809.2546248,-1,-1,-54
1759483809.2926247,-2,0,-40
1759483809.3286247,-1,-2,-49
1759483809.3676248,-1,-3,-39
1759483809.4046247,0,-4,-33
1759483809.4426248,0,0,-44
1759483809.4816248,1,-3,-44
1759483809.5176249,-1,2,-37
1759483809.5546248,-4,2,-37
1759483809.592625,-3,0,-26
1759483809.6316247,0,1,-40
1759483809.6676247,-2,6,-28
1759483809.7056248,0,-1,-36
1759483809.7436247,2,5,-33
1759483809.7826247,0,3,-35
1759483809.8186247,-4,6,-42
1759483809.8566248,0,1,-32
1759483809.8946247,5,7,-28
1759483809.9326248,3,9,-30
1759483809.9716249,0,6,-33
1759483810.0076249,-5,-1,-36
1759483810.046625,5,-1,-38
1759483810.0846248,-1,-7,-44
1759483810.1226249,3,-6,-29
1759483810.158625,9,-1,-42
1759483810.1956248,0,1,-34
1759483810.2346249,0,-1,-40
1759483810.2726247,1,-4,-50
1759483810.3086247,2,0,-34
1759483810.3456247,0,2,-36
1759483810.3846247,0,5,-46
1759483810.4226248,-2,0,-39
1759483810.4586248,-3,-5,-48
1759483810.4976249,-1,-1,-46
1759483810.5346248,-2,2,-40
1759483810.5736248,-1,1,-43
1759483810.6116247,3,1,-36
1759483810.6476247,1,2,-41
1759483810.6856248,5,0,-52
1759483810.7236247,-4,-1,-48
1759483810.7616248,-3,-1,-56
1759483810.7976248,1,-3,-51
1759483810.8356247,-5,-4,-40
1759483810.8736248,-1,1,-51
1759483810.9126248,2,1,-51
1759483810.9486248,6,2,-39
1759483810.9856248,0,0,-41
1759483811.023625,-3,-3,-40
1759483811.0626247,-7,0,-46
1759483811.0986247,-2,0,-44
1759483811.135625,-9,-3,-40
1759483811.1736248,-2,0,-53
1759483811.2126248,-2,4,-56
1759483811.2486248,5,1,-41
1759483811.2856247,4,0,-33
1759483811.3236248,-3,0,-29
1759483811.362625,-6,-5,-36
1759483811.398625,-2,-8,-49
1759483811.4376247,5,0,-42
1759483811.4746249,0,1,-41
1759483811.513625,-2,-6,-40
1759483811.5496247,-7,-2,-44
1759483811.5876248,-7,-5,-41
1759483811.625625,-8,-8,-46
1759483811.6646247,-3,-3,-38
1759483811.7026248,-1,-3,-34
1759483811.7386248,0,-4,-33
1759483811.776625,1,-5,-52
1759483811.8146248,3,-2,-52
1759483811.852625,-2,6,-54
1759483811.888625,-3,3,-43
1759483811.9266248,6,2,-42
1759483811.964625,4,6,-36
1759483812.0026248,-2,5,-42
1759483812.0386248,-4,9,-46
1759483812.0766249,-1,2,-38
1759483812.1146247,-4,0,-29
1759483812.1526248,4,0,-25
1759483812.1886249,7,6,-30
1759483812.2266247,0,1,-29
1759483812.2646248,-7,0,-47
1759483812.3026247,-1,0,-37
1759483812.3386247,0,3,-35
1759483812.3766248,7,1,-34
1759483812.4156249,-3,2,-47
1759483812.4536247,4,1,-39
1759483812.4896247,7,-4,-39
1759483812.526625,-1,-2,-44
1759483812.5656247,1,-7,-39
1759483812.6036248,-3,-3,-27
1759483812.6396248,-4,0,-35
1759483812.6786249,-3,-2,-33
1759483812.7156248,-3,-4,-39
1759483812.7546248,1,-8,-32
1759483812.7906249,3,-9,-38
1759483812.8286247,3,-4,-37
1759483812.8666248,-1,-3,-38
1759483812.9046247,-2,-2,-36
1759483812.9436247,1,2,-44
1759483812.9796247,-5,3,-45
1759483813.0166247,2,4,-47
1759483813.0546248,3,1,-38
1759483813.0936248,0,0,-41
1759483813.1296248,-4,3,-41
1759483813.1666248,-11,0,-40
1759483813.2056248,0,-3,-33
1759483813.2436247,0,3,-40
1759483813.2796247,-5,4,-43
1759483813.3166249,-7,-1,-37
1759483813.355625,-5,2,-38
1759483813.3936248,3,-1,-41
1759483813.4296248,3,-1,-39
1759483813.4686248,10,2,-43
1759483813.5066247,2,0,-47
1759483813.5446248,0,0,-45
1759483813.5806248,0,-2,-48
1759483813.6186247,3,-5,-35
1759483813.6566248,1,0,-41
1759483813.6956248,-1,2,-35
1759483813.7336247,0,-2,-32
1759483813.7696247,-4,5,-32
1759483813.8076248,2,2,-28
1759483813.8456247,-5,-2,-38
1759483813.8846247,9,7,-30
1759483813.9206247,0,7,-40
1759483813.957625,1,0,-39
1759483813.9956248,2,0,-39
1759483814.0346248,5,0,-42
1759483814.0706248,2,1,-50
1759483814.1076248,3,-2,-34
1759483814.1456249,-7,-5,-40
1759483814.184625,-3,0,-43
1759483814.2206247,4,0,-49
1759483814.2576249,0,0,-33
1759483814.296625,0,0,-43
1759483814.3346248,6,0,-53
1759483814.3706248,3,-1,-39
1759483814.408625,2,3,-39
1759483814.4466248,0,7,-38
1759483814.4856248,-5,-3,-41
1759483814.523625,-3,-4,-38
1759483814.559625,-1,-5,-37
1759483814.5976248,-6,-8,-38
1759483814.635625,-2,-5,-42
1759483814.6746247,0,-5,-39
1759483814.7106247,-3,1,-53
1759483814.7496247,0,-4,-42
1759483814.7876248,0,-7,-33
1759483814.8256247,0,-6,-31
1759483814.8616247,-2,-3,-43
1759483814.9006248,-4,0,-40
1759483814.9376247,-2,-1,-45
1759483814.9756248,4,1,-40
1759483815.0146248,2,5,-42
1759483815.0506248,1,5,-45
1759483815.0886247,2,1,-41
1759483815.125625,0,-11,-39
1759483815.1646247,-3,-1,-37
1759483815.2006247,-2,2,-43
1759483815.2386248,-6,2,-43
1759483815.276625,-3,0,-31
1759483815.3146248,-7,-4,-40
1759483815.3506248,-6,-8,-41
1759483815.388625,-2,-3,-42
1759483815.4266248,-4,3,-35
1759483815.4656248,-8,3,-23
1759483815.5016248,0,-1,-32
1759483815.5396247,-6,0,-43
1759483815.5786247,2,-1,-41
1759483815.6166248,2,-3,-36
1759483815.6546247,2,-9,-37
1759483815.6906247,-2,0,-43
1759483815.7286248,2,-6,-38
1759483815.7666247,-2,0,-31
1759483815.8046248,-1,-5,-37
1759483815.8406248,-3,0,-49
1759483815.8776248,-3,4,-45
1759483815.9166248,3,0,-40
1759483815.954625,-2,2,-46
1759483815.990625,0,-6,-46
1759483816.0286248,4,0,-50
1759483816.0676248,2,2,-40
1759483816.105625,8,6,-33
1759483816.1416247,5,-4,-34
1759483816.1786249,6,-5,-25
1759483816.217625,1,-1,-28
1759483816.2556248,-1,8,-45
1759483816.2916248,-1,1,-39
1759483816.3306248,0,-3,-44
1759483816.3676248,-2,-3,-34
1759483816.4066248,-17,0,-33
1759483816.4426248,-3,0,-31
1759483816.480625,-6,3,-27
1759483816.5186248,0,1,-36
1759483816.556625,1,3,-34
1759483816.5956247,-6,-3,-37
1759483816.6316247,-6,6,-36
1759483816.6686249,-4,-2,-30
1759483816.7066247,0,-5,-43
1759483816.7456248,-2,-3,-34
1759483816.7816248,-7,0,-42
1759483816.8186247,1,-2,-29
1759483816.8576248,-3,0,-38
1759483816.8956249,0,-2,-47
1759483816.9396248,-1,0,-52
1759483816.977625,-6,2,-56
1759483817.0156248,4,1,-52
1759483817.0516248,2,0,-32
1759483817.089625,9,-1,-36
1759483817.1276248,2,1,-38
1759483817.1656249,5,-7,-38
1759483817.2016249,6,-4,-45
1759483817.2386248,-1,0,-45
1759483817.2776248,-1,2,-33
1759483817.3156247,0,2,-39
1759483817.3516247,4,0,-43
1759483817.388625,-1,-1,-41
1759483817.4276247,5,-7,-44
1759483817.4656248,0,-7,-32
1759483817.5016248,-1,-4,-48
1759483817.5396247,-6,4,-33
1759483817.5776248,-4,4,-38
1759483817.6166248,-3,-5,-44
1759483817.6526248,-3,-1,-42
1759483817.6906247,-9,-5,-49
1759483817.7296247,-6,0,-45
1759483817.7676249,-3,-6,-41
1759483817.8056247,0,0,-40
1759483817.8416247,-2,3,-37
1759483817.8796248,-3,3,-46
1759483817.9176247,-2,-3,-35
1759483817.9556248,0,-13,-45
1759483817.9916248,10,-3,-38
1759483818.0296247,8,0,-28
1759483818.0686247,4,-1,-38
1759483818.1066248,0,-9,-44
1759483818.1426249,0,-6,-37
1759483818.1796248,3,-5,-41
1759483818.2186248,5,-6,-52
1759483818.2566247,0,-4,-40
1759483818.2926247,7,-4,-35
1759483818.3316247,0,-2,-31
1759483818.3686247,0,-6,-35
1759483818.4076247,0,-6,-35
1759483818.4436247,2,4,-36
1759483818.4816248,1,1,-41
1759483818.5186248,1,3,-33
1759483818.5576248,5,0,-36
1759483818.5936248,2,-5,-36
1759483818.6316247,0,-3,-35
1759483818.6686249,4,-1,-40
1759483818.707625,-3,0,-38
1759483818.7436247,-2,2,-34
1759483818.7816248,-2,-1,-29
1759483818.8186247,-3,0,-29
1759483818.8576248,-8,-5,-42
1759483818.8936248,-4,-4,-41
1759483818.931625,1,4,-36
1759483818.9696248,0,-3,-36
1759483819.0086248,9,0,-44
1759483819.046625,9,-9,-34
1759483819.082625,0,-7,-41
1759483819.1196249,0,0,-30
1759483819.158625,-10,0,-45
1759483819.1966248,2,0,-40
1759483819.2326248,1,0,-41
1759483819.2696247,2,0,-37
1759483819.3086247,4,3,-35
1759483819.3466249,0,3,-36
1759483819.3826249,-3,-2,-37
1759483819.4206247,0,-4,-44
1759483819.4596248,3,-4,-42
1759483819.4976249,-2,-2,-33
1759483819.533625,-4,2,-33
1759483819.5726247,-1,1,-29
1759483819.6106248,-2,0,-42
1759483819.648625,4,-3,-40
1759483819.6866248,-1,-1,-40
1759483819.7226248,-1,0,-43
1759483819.760625,6,-1,-34
1759483819.7986248,5,0,-45
1759483819.8376248,-3,-2,-53
1759483819.8736248,-2,-3,-49
1759483819.911625,0,0,-46
1759483819.9506247,-2,4,-46
1759483819.9886248,1,0,-47
1759483820.0246248,3,-6,-53
1759483820.0626247,0,-2,-48
1759483820.1006248,2,0,-40
1759483820.138625,4,-4,-48
1759483820.1776247,3,0,-45
1759483820.2136247,0,-2,-39
1759483820.2526248,-7,-3,-38
1759483820.2896247,4,0,-42
1759483820.3286247,4,0,-45
1759483820.365625,-7,-6,-31
1759483820.4026248,4,0,-36
1759483820.4406247,2,-1,-32
1759483820.4796247,4,2,-38
1759483820.5176249,-5,4,-36
1759483820.5536249,0,6,-36
1759483820.5906248,1,-1,-34
1759483820.6296248,-1,0,-37
1759483820.6676247,0,-8,-28
1759483820.7036247,-2,-1,-35
1759483820.7416248,0,-7,-38
1759483820.7796247,-2,-4,-36
1759483820.8186247,3,2,-44
1759483820.8546247,-2,3,-39
1759483820.8936248,-9,1,-39
1759483820.931625,-3,5,-43
1759483820.9696248,3,-1,-47
1759483821.0076249,-2,0,-42
1759483821.0436249,0,-5,-40
1759483821.0806248,-1,-5,-39
1759483821.1196249,-6,-9,-32
1759483821.1576247,5,2,-42
1759483821.1936247,0,0,-40
1759483821.2326248,-3,-4,-38
1759483821.2696247,-6,1,-29
1759483821.3086247,3,-2,-41
1759483821.3446248,0,-6,-33
1759483821.3826249,3,4,-35
1759483821.4196248,-4,3,-45
1759483821.4586248,2,2,-41
1759483821.4946249,0,-1,-36
1759483821.5326247,0,5,-36
1759483821.569625,-2,1,-38
1759483821.6086247,-2,6,-33
1759483821.6446247,-4,4,-38
1759483821.6826248,0,6,-36
1759483821.7196248,5,2,-38
1759483821.7586248,2,0,-35
1759483821.7946248,0,-1,-33
1759483821.832625,-1,-6,-43
1759483821.8696249,-2,-6,-48
1759483821.908625,-7,-5,-30
1759483821.944625,-1,-1,-41
1759483821.9826248,2,-4,-36
1759483822.0216248,4,0,-49
1759483822.059625,1,1,-40
1759483822.0956247,2,0,-39
1759483822.1326249,3,-4,-32
1759483822.171625,-1,-2,-27
1759483822.2096248,-1,0,-44
1759483822.2456248,-5,3,-28
1759483822.2826247,9,1,-37
1759483822.3206248,-4,-3,-42
1759483822.3596249,7,0,-39
1759483822.3956249,3,-2,-30
1759483822.4336247,1,3,-35
1759483822.4716249,4,4,-37
1759483822.5096247,0,-4,-33
1759483822.5456247,-4,0,-38
1759483822.582625,-5,2,-52
1759483822.6206248,-10,0,-48
1759483822.6596248,-1,1,-49
1759483822.6956248,0,-1,-36
1759483822.7336247,7,-1,-34
1759483822.7706249,-2,1,-43
1759483822.809625,-3,7,-41
1759483822.8456247,7,9,-49
1759483822.8836248,-3,-1,-34
1759483822.9206247,2,-4,-40
1759483822.9596248,2,2,-43
1759483822.9956248,2,-3,-39
1759483823.033625,2,-4,-36
1759483823.0706248,2,4,-40
1759483823.1096249,3,-5,-32
1759483823.1456249,-4,-6,-46
1759483823.1836247,0,1,-36
1759483823.2216249,3,8,-28
1759483823.260625,0,-2,-33
1759483823.296625,-5,-2,-40
1759483823.3346248,-3,1,-41
1759483823.3726249,3,5,-39
1759483823.411625,-2,0,-55
1759483823.4496248,3,1,-46
1759483823.4856248,-5,-1,-37
1759483823.5246248,-6,1,-41
1759483823.5616248,-14,7,-42
1759483823.6006248,-2,-1,-33
1759483823.6366248,0,2,-41
1759483823.6746247,3,0,-31
1759483823.7116249,6,-7,-43
1759483823.750625,4,-1,-26
1759483823.786625,8,-2,-31
1759483823.8246248,4,1,-36
1759483823.8616247,9,4,-39
1759483823.9006248,6,-2,-35
1759483823.9366248,11,6,-37
1759483823.9746249,8,0,-41
1759483824.0126247,4,12,-45
1759483824.0506248,-3,4,-53
1759483824.0866249,-3,2,-54
1759483824.1246247,2,-2,-44
1759483824.161625,8,7,-32
1759483824.2006247,7,2,-47
1759483824.2366247,-1,-2,-47
1759483824.2746248,0,-4,-49
1759483824.3136249,-3,-8,-37
1759483824.3516247,-4,-12,-43
1759483824.3896248,-10,-1,-37
1759483824.4256248,-5,4,-37
1759483824.4626248,0,4,-44
1759483824.5016248,1,1,-45
1759483824.5396247,2,-3,-42
1759483824.5756247,3,-5,-45
1759483824.6136248,-1,-5,-40
1759483824.651625,-12,0,-21
1759483824.6906247,-10,-3,-37
1759483824.727625,-2,-3,-40
1759483824.7646248,-1,1,-37
1759483824.8026247,1,3,-39
1759483824.8416247,5,10,-50
1759483824.8796248,6,-6,-45
1759483824.9156249,-3,-3,-47
1759483824.954625,3,-2,-42
1759483824.9916248,-2,5,-42
1759483825.0306249,-1,0,-42
1759483825.0676248,0,1,-36
1759483825.1046247,1,-1,-41
1759483825.1426249,-5,-3,-33
1759483825.181625,-8,5,-36
1759483825.217625,0,8,-44
1759483825.2546248,-2,1,-42
1759483825.2926247,-11,2,-42
1759483825.3316247,-2,3,-45
1759483825.3676248,3,0,-58
1759483825.4046247,-1,-2,-42
1759483825.4436247,0,-1,-45
1759483825.4816248,3,-4,-48
1759483825.5176249,0,-2,-40
1759483825.5556247,-3,0,-39
1759483825.5946248,-4,0,-45
1759483825.6316247,-1,0,-39
1759483825.6706247,-3,5,-42
1759483825.7066247,3,2,-41
1759483825.7446249,1,-2,-43
1759483825.7826247,-5,-5,-27
1759483825.8206248,0,2,-31
1759483825.8566248,4,1,-33
1759483825.8936248,1,-1,-36
1759483825.9326248,-3,0,-37
1759483825.9706247,1,-2,-44
1759483826.0066247,-2,-1,-37
1759483826.0446248,2,-3,-39
1759483826.082625,-4,-7,-29
1759483826.1216247,0,-3,-40
1759483826.158625,1,1,-36
1759483826.1966248,2,7,-43
1759483826.2346249,1,4,-41
1759483826.2726247,2,2,-35
1759483826.3106248,4,1,-32
1759483826.3466249,2,-3,-38
1759483826.3846247,-2,0,-38
1759483826.4226248,0,-1,-29
1759483826.4606247,2,-2,-39
1759483826.4966247,0,0,-47
1759483826.5346248,-5,2,-30
1759483826.5726247,1,5,-43
1759483826.6106248,-1,-1,-36
1759483826.6466248,-7,-3,-40
1759483826.684625,-5,0,-54
1759483826.7226248,6,1,-39
1759483826.7616248,0,4,-29
1759483826.7976248,0,-2,-20
1759483826.8346248,-1,-2,-37
1759483826.8736248,-14,1,-43
1759483826.911625,-1,0,-41
1759483826.9566247,0,1,-47
1759483826.9946249,4,1,-47
1759483827.0326247,-3,-4,-40
1759483827.0686247,-10,0,-40
1759483827.1066248,-3,-2,-37
1759483827.1446247,0,1,-35
1759483827.1836247,-1,6,-44
1759483827.2216249,-2,2,-51
1759483827.2576249,-5,0,-43
1759483827.296625,8,-5,-37
1759483827.3336248,3,-3,-34
1759483827.3726249,1,0,-39
1759483827.4096248,-11,3,-35
1759483827.4476247,-3,7,-34
1759483827.4846249,-6,5,-30
1759483827.523625,0,-6,-40
1759483827.5616248,-1,0,-38
1759483827.5976248,4,0,-41
1759483827.635625,1,-1,-37
1759483827.6736248,4,-3,-44
1759483827.7116249,3,-2,-47
1759483827.7476249,7,-6,-32
1759483827.7856247,7,-6,-26
1759483827.8236248,4,-1,-37
1759483827.8616247,6,-3,-44
1759483827.8976247,5,0,-42
1759483827.9356248,-3,0,-27
1759483827.9736247,1,6,-24
1759483828.0126247,1,1,-30
1759483828.0486248,0,0,-39
1759483828.0856247,0,-4,-29
1759483828.1236248,-1,-9,-34
1759483828.1626248,8,-6,-49
1759483828.1986248,0,5,-44
1759483828.2366247,-5,-1,-50
1759483828.273625,-2,-3,-42
1759483828.3126247,-1,-3,-39
1759483828.3486247,-7,3,-38
1759483828.3866248,-3,-3,-50
1759483828.4236248,-2,1,-42
1759483828.4626248,7,-3,-32
1759483828.4986248,8,2,-36
1759483828.5356247,4,0,-41
1759483828.5736248,-3,-1,-39
1759483828.612625,1,1,-46
1759483828.648625,-4,-1,-45
1759483828.6866248,-5,-5,-46
1759483828.7256248,-8,-4,-40
1759483828.763625,1,-3,-32
1759483828.7996247,-1,-6,-42
1759483828.8376248,0,-3,-46
1759483828.8766248,-3,1,-38
1759483828.9136248,0,1,-34
1759483828.9526248,-5,0,-39
1759483828.9886248,-9,0,-41
1759483829.026625,0,-5,-39
1759483829.0636249,10,-2,-40
1759483829.102625,0,3,-37
1759483829.138625,-4,0,-31
1759483829.1766248,-4,0,-39
1759483829.214625,3,-1,-43
1759483829.2526248,0,6,-44
1759483829.2886248,3,5,-46
1759483829.3266249,-4,-8,-38
1759483829.3646247,2,-4,-37
1759483829.4026248,1,-3,-35
1759483829.4386249,2,1,-31
1759483829.4766247,-9,3,-36
1759483829.5146248,-2,6,-41
1759483829.5526247,6,4,-41
1759483829.5886247,-3,0,-36
1759483829.6266248,-4,-5,-35
1759483829.6646247,3,-7,-45
1759483829.7036247,-2,-1,-35
1759483829.7396247,0,0,-27
1759483829.7776248,4,0,-42
1759483829.8146248,2,0,-43
1759483829.8536248,0,-1,-49
1759483829.8896248,-6,8,-38
1759483829.9276247,-1,5,-42
1759483829.964625,0,-3,-42
1759483830.003625,0,0,-47
1759483830.0396247,7,6,-34
1759483830.0776248,0,3,-34
1759483830.1146247,-1,3,-33
1759483830.1536248,-3,3,-29
1759483830.1896248,0,2,-29
1759483830.227625,0,2,-33
1759483830.2646248,6,0,-43
1759483830.3036249,0,-7,-50
1759483830.339625,-4,-5,-52
1759483830.3776248,0,0,-39
1759483830.4156249,3,1,-47
1759483830.454625,1,3,-43
1759483830.490625,-1,0,-48
1759483830.5276248,2,-6,-39
1759483830.5656247,0,-1,-33
1759483830.6046247,6,5,-33
1759483830.6406248,0,1,-36
1759483830.6796248,-6,4,-38
1759483830.7166247,3,-1,-39
1759483830.7546248,-9,-3,-39
1759483830.7936249,-3,0,-43
1759483830.829625,1,0,-45
1759483830.8676248,-2,0,-45
1759483830.9056249,-1,2,-47
1759483830.9436247,-3,1,-34
1759483830.9796247,-2,4,-45
1759483831.0176249,-2,-2,-43
1759483831.056625,-1,-7,-35
1759483831.0946248,-4,0,-29
1759483831.1306248,-2,-1,-47
1759483831.1696248,-9,0,-49
1759483831.2066247,-5,4,-46
1759483831.2456248,0,-8,-47
1759483831.283625,1,-1,-44
1759483831.319625,-1,-3,-48
1759483831.3576248,2,2,-36
1759483831.3956249,2,2,-48
1759483831.434625,-1,-1,-42
1759483831.4706247,0,0,-43
1759483831.5076249,-4,-2,-37
1759483831.546625,-2,3,-35
1759483831.5846248,3,-1,-24
1759483831.6206248,1,2,-32
1759483831.6576247,1,7,-39
1759483831.6966248,0,0,-42
1759483831.7346249,-4,0,-43
1759483831.7706249,-5,2,-50
1759483831.809625,-1,-2,-49
1759483831.8476248,-3,4,-48
1759483831.885625,-3,3,-39
1759483831.9236248,-4,0,-43
1759483831.9596248,-3,0,-36
1759483831.9986248,2,2,-38
1759483832.036625,4,4,-39
1759483832.0746248,2,5,-34
1759483832.1106248,2,1,-39
1759483832.1476247,8,6,-45
1759483832.1866248,2,0,-44
1759483832.2246249,1,6,-35
1759483832.260625,-1,0,-36
1759483832.2996247,5,1,-29
1759483832.3366249,8,-7,-33
1759483832.375625,4,-5,-39
1759483832.411625,-3,-6,-32
1759483832.4496248,-4,-1,-44
1759483832.487625,-2,-2,-41
1759483832.5256248,-2,2,-43
1759483832.5646248,1,2,-48
1759483832.6016247,0,0,-40
1759483832.6396248,0,3,-38
1759483832.6776247,-5,1,-46
1759483832.7156248,-1,1,-48
1759483832.7516248,-4,0,-51
1759483832.7886248,-8,4,-41
1759483832.8276248,-1,10,-46
1759483832.865625,-2,1,-29
1759483832.901625,0,-3,-29
1759483832.9396248,0,-2,-41
1759483832.977625,2,-2,-36
1759483833.0156248,-6,3,-38
1759483833.0516248,-5,-4,-45
1759483833.089625,-3,-5,-43
1759483833.128625,0,0,-30
1759483833.1666248,-8,5,-32
1759483833.204625,-5,-3,-52
1759483833.240625,-2,0,-44
1759483833.2776248,-5,-8,-38
1759483833.3166249,0,-1,-41
1759483833.3546247,-2,0,-40
1759483833.3906248,-2,4,-45
1759483833.4286249,7,6,-48
1759483833.4666247,9,5,-52
1759483833.5046248,6,-5,-51
1759483833.5406249,-2,0,-55
1759483833.5776248,-11,-2,-44
1759483833.6166248,-5,4,-29
1759483833.6526248,2,0,-45
1759483833.6896248,5,-6,-47
1759483833.7286248,-1,-1,-33
1759483833.7666247,-3,-5,-35
1759483833.8026247,1,-3,-35
1759483833.8416247,2,1,-30
1759483833.878625,1,0,-27
1759483833.9166248,4,0,-42
1759483833.9556248,1,-3,-45
1759483833.9926248,2,-2,-39
1759483834.0296247,0,-3,-41
1759483834.0676248,0,-4,-39
1759483834.1066248,10,0,-44
1759483834.1426249,-2,2,-44
1759483834.1806247,3,-1,-27
1759483834.2196248,-4,1,-39
1759483834.2566247,-8,2,-46
1759483834.2956247,0,0,-40
1759483834.3316247,-2,-4,-41
1759483834.3696249,-4,-11,-42
1759483834.4076247,2,2,-32
1759483834.4466248,1,0,-37
1759483834.4826248,-1,5,-43
1759483834.5196247,-1,-2,-43
1759483834.5586247,1,2,-43
1759483834.5966249,0,-3,-42
1759483834.6326249,-1,-2,-29
1759483834.671625,0,4,-46
1759483834.7096248,-1,6,-33
1759483834.7476249,-2,-1,-30
1759483834.7856247,-2,3,-28
1759483834.8226247,-1,4,-37
1759483834.8606248,0,1,-47
1759483834.8976247,7,0,-39
1759483834.9366248,-8,-1,-45
1759483834.9726248,1,1,-39
1759483835.010625,-2,6,-41
1759483835.0476248,0,-1,-45
1759483835.0866249,-12,2,-36
1759483835.1226249,-9,0,-39
1759483835.1606247,1,0,-41
1759483835.1996248,-4,0,-41
1759483835.237625,0,12,-37
1759483835.2756248,-4,1,-41
1759483835.3116248,0,3,-45
1759483835.3486247,2,0,-41
1759483835.3876247,-2,4,-43
1759483835.4236248,2,4,-38
1759483835.4606247,-1,5,-33
1759483835.4986248,4,1,-32
1759483835.5376248,4,2,-44
1759483835.5736248,4,0,-35
1759483835.6116247,2,0,-45
1759483835.6496248,3,-3,-37
1759483835.6886249,1,-1,-39
1759483835.7266247,2,-4,-41
1759483835.7626247,2,-5,-44
1759483835.8016248,1,-5,-35
1759483835.8386247,-7,-1,-40
1759483835.8776248,-2,0,-30
1759483835.9136248,-4,0,-31
1759483835.9516249,-1,-2,-48
1759483835.9896247,0,0,-37
1759483836.0276248,8,-6,-55
1759483836.0636249,4,-2,-53
1759483836.1016247,8,-2,-44
1759483836.1396248,1,0,-42
1759483836.1776247,4,1,-35
1759483836.2136247,1,-3,-35
1759483836.2516248,-4,-2,-53
1759483836.2886248,0,-2,-52
1759483836.3276248,-1,2,-40
1759483836.3636248,1,2,-42
1759483836.401625,3,0,-40
1759483836.4386249,3,-1,-34
1759483836.477625,0,2,-36
1759483836.513625,0,-1,-40
1759483836.5516248,7,-2,-37
1759483836.589625,1,-5,-33
1759483836.6276248,0,-1,-29
1759483836.6636248,7,-3,-42
1759483836.7016249,1,1,-38
1759483836.7396247,2,-2,-34
1759483836.7776248,0,-2,-29
1759483836.8136249,0,3,-34
1759483836.8516247,3,-4,-24
1759483836.8896248,-1,0,-33
1759483836.9276247,-3,-1,-40
1759483836.9716249,-5,-2,-43
1759483837.0096247,7,-2,-39
1759483837.0476248,0,7,-38
1759483837.0836248,-1,-1,-32
1759483837.1226249,4,-2,-43
1759483837.1606247,1,-1,-45
1759483837.1986248,-3,5,-38
1759483837.2346249,-4,-3,-45
1759483837.273625,-2,2,-51
1759483837.3106248,0,3,-47
1759483837.3486247,-1,6,-37
1759483837.3876247,-2,1,-38
1759483837.4236248,-7,0,-42
1759483837.4616249,-1,-6,-43
1759483837.4996247,-2,-3,-34
1759483837.5386248,-1,-4,-35
1759483837.5746248,5,-2,-36
1759483837.612625,2,-2,-41
1759483837.651625,2,-2,-31
1759483837.6896248,7,3,-36
1759483837.727625,-4,-2,-49
1759483837.763625,-1,3,-45
1759483837.8016248,-8,-1,-38
1759483837.839625,-3,0,-34
1759483837.8776248,-1,-3,-40
1759483837.9136248,0,0,-35
1759483837.9506247,-7,-4,-45
1759483837.9896247,-7,-2,-40
1759483838.0276248,-3,0,-43
1759483838.0636249,0,0,-36
1759483838.1006248,-2,1,-42
1759483838.1396248,-3,5,-27
1759483838.1776247,-5,7,-38
1759483838.2136247,-4,3,-46
1759483838.2516248,3,-1,-42
1759483838.2896247,9,-8,-45
1759483838.3276248,0,3,-36
1759483838.3636248,4,1,-38
1759483838.4006248,0,2,-42
1759483838.4396248,-2,6,-37
1759483838.477625,-4,0,-46
1759483838.513625,1,0,-37
1759483838.5506248,-1,-5,-45
1759483838.589625,2,-6,-43
1759483838.6276248,3,-3,-39
1759483838.6636248,3,-7,-42
1759483838.7026248,5,-2,-44
1759483838.7396247,0,8,-43
1759483838.7786248,2,0,-39
1759483838.8146248,4,0,-42
1759483838.852625,5,-2,-39
1759483838.8896248,1,0,-41
1759483838.9286249,-1,4,-44
1759483838.964625,-1,5,-41
1759483839.0026248,5,-2,-41
1759483839.0396247,3,4,-39
1759483839.0786247,2,-1,-38
1759483839.1146247,-3,-1,-41
1759483839.1536248,-1,-2,-39
1759483839.1906247,5,0,-42
1759483839.2296247,2,-1,-47
1759483839.2656248,4,1,-45
1759483839.3036249,3,1,-46
1759483839.3406248,-2,5,-56
1759483839.3796248,-7,-1,-42
1759483839.4156249,0,-4,-32
1759483839.4526248,-4,0,-26
1759483839.490625,0,5,-33
1759483839.5296247,0,0,-35
1759483839.5656247,0,-6,-40
1759483839.602625,5,0,-45
1759483839.6406248,1,0,-43
1759483839.6796248,5,-3,-41
1759483839.7156248,3,0,-41
1759483839.7526248,3,2,-44
1759483839.7906249,-6,2,-37
1759483839.829625,0,6,-31
1759483839.865625,1,12,-37
1759483839.9026248,-1,-2,-48
1759483839.9406247,-6,-5,-42
1759483839.9796247,6,1,-39
1759483840.0156248,7,4,-35
1759483840.0526247,1,2,-34
1759483840.0916247,4,0,-47
1759483840.1296248,7,-6,-43
1759483840.1656249,4,-1,-43
1759483840.2036247,-2,-6,-43
1759483840.2426248,-5,1,-42
1759483840.2806249,-5,-2,-36
1759483840.3186247,-7,7,-42
1759483840.3546247,2,5,-31
1759483840.3926249,5,8,-35
1759483840.4306247,2,0,-32
1759483840.4686248,1,2,-35
1759483840.5046248,-4,0,-39
1759483840.5416248,-5,1,-38
1759483840.5806248,-3,-3,-28
1759483840.6186247,0,-3,-36
1759483840.6546247,3,-1,-28
1759483840.6916249,3,0,-41
1759483840.730625,0,11,-45
1759483840.7666247,0,7,-48
1759483840.8036249,1,8,-40
1759483840.8416247,4,3,-40
1759483840.8806248,-2,-1,-42
1759483840.9166248,0,-1,-38
1759483840.9536247,7,-2,-35
1759483840.9926248,4,2,-42
1759483841.0306249,0,4,-35
1759483841.0666249,-3,-5,-38
1759483841.105625,0,0,-40
1759483841.1436248,3,5,-34
1759483841.1806247,-3,5,-43
1759483841.2196248,-2,2,-44
1759483841.2556248,-3,3,-51
1759483841.2926247,2,0,-46
1759483841.3316247,0,3,-45
1759483841.3696249,0,0,-44
1759483841.4056249,0,2,-43
1759483841.4426248,1,7,-40
1759483841.4816248,10,10,-37
1759483841.5196247,7,0,-29
1759483841.5556247,4,2,-30
1759483841.592625,3,-3,-39
1759483841.6316247,-1,1,-32
1759483841.6696248,1,-3,-44
1759483841.7056248,0,-1,-34
1759483841.7436247,1,-3,-34
1759483841.7816248,-1,-1,-39
1759483841.819625,5,0,-36
1759483841.855625,5,9,-30
1759483841.8926249,5,5,-40
1759483841.931625,4,-1,-39
1759483841.9696248,-1,3,-41
1759483842.0056248,-2,1,-45
1759483842.0426247,1,0,-42
1759483842.0816247,0,3,-48
1759483842.1196249,-2,2,-39
1759483842.1556249,-3,0,-30
1759483842.1936247,-8,-1,-48
1759483842.2326248,2,1,-39
1759483842.2706249,5,-11,-40
1759483842.306625,3,-6,-42
1759483842.3446248,0,1,-34
1759483842.3826249,-1,0,-29
1759483842.421625,-7,1,-42
1759483842.457625,0,1,-48
1759483842.4956248,3,0,-40
1759483842.5326247,1,0,-43
1759483842.5716248,3,5,-39
1759483842.6076248,5,7,-39
1759483842.6456249,6,6,-45
1759483842.6826248,0,0,-41
1759483842.7216249,-1,-1,-38
1759483842.7576249,-4,-7,-31
1759483842.7956247,4,-3,-30
1759483842.8346248,-5,-4,-29
1759483842.8716247,-1,-6,-32
1759483842.9106247,0,-3,-53
1759483842.9466248,0,-6,-52
1759483842.9846249,3,-4,-49
1759483843.0226247,2,-1,-40
1759483843.0616248,6,7,-29
1759483843.0976248,9,-2,-35
1759483843.1346247,6,-4,-32
1759483843.1736248,-5,0,-35
1759483843.2116249,-8,0,-40
1759483843.2476249,-1,1,-36
1759483843.2856247,-4,-3,-38
1759483843.3236248,-1,4,-41
1759483843.362625,1,4,-41
1759483843.4006248,0,-1,-43
1759483843.4366248,0,-1,-41
1759483843.4736247,-5,-5,-47
1759483843.5126247,0,0,-30
1759483843.5506248,-4,-4,-40
1759483843.5866249,8,3,-35
1759483843.6246247,5,1,-39
1759483843.6626248,2,-2,-53
1759483843.7006247,-1,0,-44
1759483843.7366247,1,-5,-45
1759483843.7746248,2,1,-44
1759483843.8126247,4,-2,-41
1759483843.8506248,0,-3,-39
1759483843.8866248,0,-5,-44
1759483843.9246247,-2,2,-37
1759483843.9626248,-2,1,-32
1759483844.0016248,0,-5,-34
1759483844.0376248,-6,-2,-38
1759483844.0766249,-1,-3,-32
1759483844.1136248,-3,-8,-39
1759483844.1526248,-3,-3,-27
1759483844.1886249,6,-5,-39
1759483844.2266247,4,0,-43
1759483844.2656248,0,-6,-40
1759483844.3026247,5,-4,-31
1759483844.3416247,-2,1,-36
1759483844.3776248,2,-2,-48
1759483844.4166248,0,-1,-32
1759483844.4536247,5,-4,-36
1759483844.4926248,3,3,-37
1759483844.5286248,0,-2,-33
1759483844.5666249,3,0,-36
1759483844.6036248,1,0,-36
1759483844.6426249,1,2,-41
1759483844.6786249,0,4,-46
1759483844.7166247,2,-6,-41
1759483844.753625,2,-3,-38
1759483844.7926247,-1,-8,-45
1759483844.8286247,-3,-2,-40
1759483844.8666248,2,-7,-49
1759483844.9046247,0,-6,-50
1759483844.9436247,3,0,-48
1759483844.9816248,-4,-3,-39
1759483845.0176249,-7,-8,-43
1759483845.056625,-3,-4,-28
1759483845.0946248,6,-6,-27
1759483845.1326249,3,-2,-27
1759483845.1696248,-2,0,-37
1759483845.207625,3,-4,-33
1759483845.2446249,4,-12,-51
1759483845.283625,9,-8,-51
1759483845.3216248,0,3,-44
1759483845.3576248,2,1,-38
1759483845.3946247,0,1,-45
1759483845.4336247,-2,-1,-49
1759483845.4716249,0,0,-41
1759483845.5076249,5,1,-47
1759483845.5456247,0,-3,-36
1759483845.5836248,-3,0,-36
1759483845.6226249,6,-1,-39
1759483845.658625,0,0,-28
1759483845.6956248,1,3,-30
1759483845.7336247,3,0,-37
1759483845.7726247,3,-2,-43
1759483845.8086247,-3,0,-41
1759483845.8456247,1,-2,-39
1759483845.8836248,-3,1,-45
1759483845.9226248,-4,1,-43
1759483845.9586248,3,5,-34
1759483845.9956248,-1,0,-37
1759483846.033625,0,0,-31
1759483846.0726247,-3,3,-44
1759483846.1086247,-3,-1,-45
1759483846.1466248,-2,-6,-46
1759483846.184625,-4,-4,-31
1759483846.2236247,-4,-4,-33
1759483846.2596247,-2,-1,-49
1759483846.2976248,1,-3,-48
1759483846.3366249,2,-2,-39
1759483846.3736248,-2,-4,-39
1759483846.4126248,-2,6,-41
1759483846.4486248,-6,8,-49
1759483846.4866247,2,1,-42
1759483846.5246248,2,0,-30
1759483846.5636249,-2,5,-35
1759483846.5996249,0,0,-33
1759483846.6376247,-7,0,-33
1759483846.6746247,-2,-4,-33
1759483846.7136247,0,4,-43
1759483846.7496247,0,-1,-42
1759483846.786625,-5,6,-37
1759483846.8246248,0,3,-40
1759483846.8636248,-1,7,-42
1759483846.8996248,1,2,-38
1759483846.9366248,-10,0,-40
1759483846.9826248,-5,-2,-43
1759483847.0186248,-7,1,-48
1759483847.0576248,-4,0,-39
1759483847.0946248,0,-5,-37
1759483847.1336248,-3,-7,-39
1759483847.1696248,3,-2,-41
1759483847.2066247,2,6,-36
1759483847.2446249,8,2,-42
1759483847.283625,-2,0,-38
1759483847.319625,7,-2,-42
1759483847.3576248,11,0,-35
1759483847.3946247,9,-1,-34
1759483847.4336247,0,-2,-43
1759483847.4696248,2,-1,-40
1759483847.5076249,1,1,-40
1759483847.5456247,3,-1,-25
1759483847.5846248,2,2,-33
1759483847.6206248,1,-3,-35
1759483847.658625,-10,-2,-46
1759483847.6956248,-8,0,-46
1759483847.7346249,-2,0,-45
1759483847.7706249,-3,0,-46
1759483847.8086247,-4,0,-44
1759483847.8476248,1,-1,-46
1759483847.8846247,1,-3,-40
1759483847.9236248,0,-7,-53
1759483847.9596248,5,-5,-52
1759483847.9976249,0,0,-37
1759483848.0346248,-6,2,-47
1759483848.0736248,-6,0,-42
1759483848.1096249,4,2,-40
1759483848.1476247,7,1,-36
1759483848.1856248,3,0,-37
1759483848.2236247,-2,-2,-38
1759483848.2596247,3,2,-44
1759483848.2976248,0,-1,-42
1759483848.3356247,1,2,-31
1759483848.3736248,-9,5,-27
1759483848.4096248,-6,2,-30
1759483848.4476247,2,-3,-27
1759483848.4856248,1,-7,-29
1759483848.523625,4,-4,-28
1759483848.559625,3,-3,-44
1759483848.5986247,-3,3,-29
1759483848.635625,1,-1,-27
1759483848.6746247,5,-3,-40
1759483848.7106247,1,-3,-41
1759483848.7486248,0,1,-47
1759483848.786625,-3,3,-41
1759483848.8246248,-3,0,-39
1759483848.8606248,-11,0,-42
1759483848.898625,-7,-10,-37
1759483848.9356248,-5,0,-35
1759483848.9746249,-4,5,-37
1759483849.010625,-4,7,-44
1759483849.0486248,-4,2,-43
1759483849.0856247,2,-2,-42
1759483849.1246247,0,1,-43
1759483849.1606247,4,3,-39
1759483849.1986248,1,0,-40
1759483849.2356248,0,-2,-19
1759483849.2746248,4,0,-41
1759483849.3106248,-3,-1,-48
1759483849.3486247,-7,0,-39
1759483849.3866248,-8,2,-43
1759483849.4256248,-4,3,-52
1759483849.4616249,-4,-4,-41
1759483849.500625,0,-6,-42
1759483849.5376248,-1,1,-46
1759483849.5766249,5,-4,-33
1759483849.6146247,0,0,-28
1759483849.6506248,0,4,-37
1759483849.6876247,1,3,-38
1759483849.7256248,-2,6,-36
1759483849.7646248,-11,3,-44
1759483849.8006248,-5,-6,-44
1759483849.839625,-2,1,-46
1759483849.8766248,2,-2,-44
1759483849.9156249,2,-3,-44
1759483849.9516249,-3,1,-41
1759483849.9886248,-2,-1,-41
1759483850.026625,-10,-2,-33
1759483850.0656247,-8,-4,-35
1759483850.1016247,-8,-5,-34
1759483850.1396248,5,-6,-38
1759483850.1776247,-2,-4,-42
1759483850.2166247,-1,0,-38
1759483850.2546248,5,3,-26
1759483850.2906249,10,3,-34
1759483850.329625,7,0,-50
1759483850.3666248,7,-2,-36
1759483850.4056249,-4,0,-34
1759483850.4416249,-5,1,-32
1759483850.4786248,3,-2,-38
1759483850.5166247,-2,0,-31
1759483850.5556247,-4,7,-34
1759483850.5916247,-3,4,-42
1759483850.6296248,0,2,-39
1759483850.6666248,3,0,-46
1759483850.7056248,11,2,-38
1759483850.7416248,0,6,-39
1759483850.7786248,4,0,-36
1759483850.8166249,0,-5,-46
1759483850.855625,0,-3,-48
1759483850.8916247,0,5,-47
1759483850.9296248,12,4,-43
1759483850.9666247,4,4,-38
1759483851.0056248,10,7,-36
1759483851.0416248,9,7,-43
1759483851.079625,4,-1,-49
1759483851.1166248,-5,-3,-56
1759483851.1556249,-2,-5,-47
1759483851.1916249,-2,-5,-52
1759483851.2296247,-5,-2,-44
1759483851.2676249,2,-3,-44
1759483851.306625,0,-7,-35
1759483851.342625,4,3,-39
1759483851.3796248,-4,2,-30
1759483851.4176247,1,-9,-39
1759483851.4566247,-6,-6,-48
1759483851.4926248,4,-5,-34
1759483851.5306249,-4,0,-40
1759483851.5676248,-5,-4,-44
1759483851.6066248,-6,6,-42
1759483851.6426249,-8,3,-35
1759483851.6806247,0,-5,-39
1759483851.717625,0,-4,-45
1759483851.7566247,0,0,-43
1759483851.7926247,2,4,-39
1759483851.8306248,3,3,-37
1759483851.8686247,-2,0,-39
1759483851.9066248,5,6,-43
1759483851.9426248,0,0,-45
1759483851.980625,-1,2,-41
1759483852.0176249,-6,0,-40
1759483852.056625,0,1,-31
1759483852.092625,0,2,-35
1759483852.1306248,0,-3,-40
1759483852.1686249,-2,0,-37
1759483852.2066247,-7,3,-41
1759483852.2426248,0,0,-50
1759483852.2806249,-4,0,-40
1759483852.3176248,-3,0,-34
1759483852.3566248,-1,5,-38
1759483852.3926249,-1,2,-40
1759483852.4306247,6,2,-28
1759483852.467625,2,4,-23
1759483852.5066247,0,-4,-38
1759483852.5426247,2,-10,-49
1759483852.5806248,6,-7,-50
1759483852.6176248,2,-4,-40
1759483852.6566248,0,-1,-35
1759483852.6926248,-6,-3,-36
1759483852.7316248,-2,-1,-34
1759483852.7686248,3,0,-39
1759483852.8076248,3,-4,-33
1759483852.8436248,3,2,-37
1759483852.8806248,8,3,-47
1759483852.9196248,-3,-1,-54
1759483852.957625,2,-5,-43
1759483852.9936247,-3,4,-36
1759483853.0306249,-4,0,-29
1759483853.0686247,-1,0,-42
1759483853.1076248,4,4,-38
1759483853.1436248,8,-1,-34
1759483853.1806247,3,1,-43
1759483853.2186248,-4,1,-41
1759483853.2576249,-4,2,-37
1759483853.2936249,0,3,-38
1759483853.3316247,-5,1,-44
1759483853.3706248,-3,1,-44
1759483853.4076247,1,0,-37
1759483853.4466248,-1,7,-39
1759483853.4826248,0,2,-37
1759483853.5206249,-4,1,-33
1759483853.5586247,-5,-3,-35
1759483853.5966249,-1,-7,-37
1759483853.6326249,6,-1,-50
1759483853.6696248,0,-5,-37
1759483853.7086248,-1,-1,-43
1759483853.7466247,2,-2,-50
1759483853.7826247,-7,1,-45
1759483853.819625,0,-2,-39
1759483853.8586247,2,-5,-48
1759483853.8966248,1,-7,-44
1759483853.9326248,0,-4,-37
1759483853.9706247,5,7,-34
1759483854.0086248,1,3,-36
1759483854.046625,-2,4,-32
1759483854.082625,5,-5,-37
1759483854.1206248,-3,2,-39
1759483854.158625,7,-4,-36
1759483854.1966248,0,-2,-40
1759483854.2326248,-7,-5,-48
1759483854.2706249,0,-4,-42
1759483854.3086247,-4,-1,-43
1759483854.3476248,-5,-3,-30
1759483854.3836248,1,-7,-30
1759483854.421625,-2,-2,-24
1759483854.4586248,-5,-5,-34
1759483854.4976249,-16,-4,-31
1759483854.533625,0,-5,-38
1759483854.5716248,4,-2,-30
1759483854.6096249,0,0,-46
1759483854.648625,-5,-3,-50
1759483854.684625,3,-4,-43
1759483854.7226248,0,0,-51
1759483854.7596247,1,2,-46
1759483854.7986248,-1,1,-45
1759483854.8346248,2,5,-40
1759483854.8726249,1,-1,-44
1759483854.911625,-1,1,-32
1759483854.9496248,-7,-4,-38
1759483854.987625,-3,0,-36
1759483855.023625,-2,-4,-37
1759483855.0626247,-8,-4,-41
1759483855.0996249,0,-3,-50
1759483855.138625,-6,3,-48
1759483855.1746247,-1,1,-43
1759483855.2126248,-2,3,-33
1759483855.2496247,2,8,-28
1759483855.2886248,-5,0,-26
1759483855.3246248,-2,-6,-37
1759483855.362625,-12,4,-27
1759483855.4006248,-1,3,-36
1759483855.4396248,1,2,-40
1759483855.477625,7,1,-43
1759483855.513625,-6,-3,-43
1759483855.5516248,0,-1,-41
1759483855.5906248,4,-4,-43
1759483855.628625,4,6,-43
1759483855.6646247,4,1,-40
1759483855.7026248,6,-2,-30
1759483855.740625,-1,2,-40
1759483855.7786248,-3,2,-40
1759483855.8146248,1,5,-36
1759483855.852625,4,-6,-44
1759483855.8906248,-4,0,-38
1759483855.9286249,-5,1,-44
1759483855.964625,0,-4,-40
1759483856.0026248,-4,-7,-34
1759483856.0406249,3,-5,-43
1759483856.079625,-1,-7,-37
1759483856.1176248,-6,-7,-47
1759483856.1536248,-8,-3,-39
1759483856.1916249,-4,-1,-41
1759483856.2296247,-11,2,-44
1759483856.2686248,-6,0,-42
1759483856.3046248,2,0,-48
1759483856.3416247,3,2,-43
1759483856.3796248,-2,-1,-36
1759483856.4186249,-7,-3,-38
1759483856.454625,-1,0,-40
1759483856.4926248,4,2,-36
1759483856.5306249,-2,-1,-46
1759483856.569625,2,-2,-36
1759483856.605625,1,0,-31
1759483856.6426249,-3,4,-33
1759483856.681625,-5,1,-46
1759483856.7196248,-6,0,-41
1759483856.7556248,-7,-4,-42
1759483856.7936249,3,-2,-25
1759483856.832625,4,8,-28
1759483856.8696249,8,-1,-36
1759483856.908625,-4,0,-31
1759483856.9456248,5,-6,-47
1759483856.990625,-3,-11,-40
1759483857.0286248,1,-5,-37
1759483857.0646248,3,-6,-33
1759483857.1036248,5,2,-41
1759483857.1406248,2,2,-37
1759483857.1796248,1,0,-33
1759483857.2156248,1,-7,-36
1759483857.253625,5,-5,-29
1759483857.2916248,0,-4,-29
1759483857.329625,-9,-5,-46
1759483857.365625,-9,-5,-36
1759483857.4046247,-4,-3,-40
1759483857.4416249,-4,4,-40
1759483857.480625,0,3,-35
1759483857.5186248,2,4,-32
1759483857.5546248,4,0,-31
1759483857.592625,5,-1,-45
1759483857.6306248,7,-3,-46
1759483857.6686249,-3,0,-38
1759483857.704625,0,0,-31
1759483857.7416248,0,-7,-27
1759483857.7806249,-5,1,-29
1759483857.8186247,-6,0,-34
1759483857.8546247,-8,-7,-39
1759483857.8936248,-6,0,-31
1759483857.931625,1,2,-53
1759483857.9696248,0,-1,-41
1759483858.0056248,0,4,-43
1759483858.0436249,5,7,-39
1759483858.0816247,0,0,-40
1759483858.1196249,-4,0,-47
1759483858.1556249,-1,0,-44
1759483858.1936247,5,7,-44
1759483858.2316248,3,1,-43
1759483858.2696247,6,4,-46
1759483858.3056247,0,-5,-45
1759483858.3436248,0,-10,-38
1759483858.3816247,-2,2,-40
1759483858.4196248,0,1,-36
1759483858.4556248,1,-4,-50
1759483858.4936247,-2,0,-34
1759483858.5316248,1,-6,-30
1759483858.569625,-4,-6,-34
1759483858.605625,-7,2,-33
1759483858.6426249,-1,-5,-47
1759483858.681625,-10,-3,-39
1759483858.7196248,-3,-1,-45
1759483858.7556248,0,0,-54
1759483858.7936249,-6,5,-41
1759483858.8316247,-7,2,-41
1759483858.8696249,4,2,-47
1759483858.9056249,3,-2,-49
1759483858.9426248,-6,-2,-49
1759483858.9816248,-7,0,-41
1759483859.0196247,-4,8,-42
1759483859.0556247,0,4,-42
1759483859.092625,0,2,-44
1759483859.1316247,0,0,-52
1759483859.1696248,1,0,-51
1759483859.2056248,0,0,-38
1759483859.2426248,0,-2,-35
1759483859.2816248,-4,0,-37
1759483859.319625,4,-2,-29
1759483859.355625,1,1,-41
1759483859.3926249,0,4,-40
1759483859.431625,0,2,-45
1759483859.4696248,-6,3,-49
1759483859.5056248,-3,2,-46
1759483859.5446248,1,5,-41
1759483859.5816247,-4,-2,-21
1759483859.6206248,0,-9,-37
1759483859.6566248,0,0,-38
1759483859.694625,-6,0,-33
1759483859.7316248,4,1,-35
1759483859.7706249,7,-2,-36
1759483859.806625,5,0,-38
1759483859.8446248,-8,0,-36
1759483859.8816247,0,4,-38
1759483859.9206247,5,-2,-37
1759483859.9566247,3,-4,-35
1759483859.9946249,4,-1,-36
1759483860.0326247,7,-4,-33
1759483860.0716248,4,-3,-35
1759483860.1076248,4,0,-38
1759483860.1446247,-3,2,-49
1759483860.1826248,4,4,-44
1759483860.2216249,1,1,-39
1759483860.2576249,-3,2,-44
1759483860.296625,-5,3,-34
1759483860.3346248,-5,-3,-33
1759483860.3716247,-7,-3,-40
1759483860.4106247,-7,0,-34
1759483860.4466248,-2,-1,-43
1759483860.4846249,0,-5,-39
1759483860.523625,-2,-3,-48
1759483860.5616248,0,-8,-32
1759483860.5976248,-3,-4,-22
1759483860.635625,-2,-4,-36
1759483860.6746247,0,1,-37
1759483860.7126248,-1,3,-39
1759483860.750625,1,4,-39
1759483860.7876248,-6,-4,-39
1759483860.8246248,3,-3,-41
1759483860.862625,6,-5,-30
1759483860.901625,0,-5,-43
1759483860.9376247,0,-6,-37
1759483860.9756248,-2,-6,-37
1759483861.0126247,8,-2,-32
1759483861.0516248,5,-2,-34
1759483861.0876248,2,1,-40
1759483861.125625,3,0,-31
1759483861.1636248,4,1,-21
1759483861.2016249,-1,-1,-22
1759483861.237625,8,-8,-32
1759483861.276625,3,0,-39
1759483861.3136249,3,-5,-34
1759483861.352625,-3,0,-38
1759483861.3906248,-7,4,-37
1759483861.4266248,-1,3,-33
1759483861.464625,-8,4,-40
1759483861.5026248,-3,1,-48
1759483861.5416248,0,0,-43
1759483861.5776248,2,-4,-40
1759483861.6166248,-3,-4,-40
1759483861.6546247,-2,-3,-27
1759483861.6926248,4,0,-35
1759483861.7286248,-1,3,-43
1759483861.7676249,5,-1,-39
1759483861.8046248,-1,2,-50
1759483861.8436248,3,0,-45
1759483861.8816247,3,3,-42
1759483861.9176247,4,7,-40
1759483861.954625,6,-3,-42
1759483861.9936247,6,-7,-45
1759483862.0316248,-8,0,-35
1759483862.0676248,-4,-4,-46
1759483862.1066248,-6,-1,-45
1759483862.1436248,-3,-4,-31
1759483862.1826248,-4,-5,-44
1759483862.2186248,0,4,-44
1759483862.2556248,-3,0,-44
1759483862.2936249,5,-2,-42
1759483862.332625,1,-1,-38
1759483862.3686247,-11,-2,-35
1759483862.4076247,-17,1,-39
1759483862.444625,-9,0,-35
1759483862.4836247,-8,-2,-38
1759483862.5216248,1,-1,-37
1759483862.5576248,-5,0,-35
1759483862.5966249,-8,2,-42
1759483862.6336248,6,0,-42
1759483862.6726248,-4,0,-52
1759483862.7086248,-2,6,-40
1759483862.7466247,-3,-2,-39
1759483862.7846248,3,0,-36
1759483862.8236248,9,2,-37
1759483862.8616247,9,-1,-43
1759483862.8976247,-3,-1,-52
1759483862.9356248,-6,1,-40
1759483862.9736247,-5,0,-32
1759483863.0126247,-2,1,-33
1759483863.0486248,1,5,-32
1759483863.0856247,-4,1,-33
1759483863.1246247,2,6,-49
1759483863.1626248,-3,4,-44
1759483863.1996248,-4,-5,-43
1759483863.237625,4,-2,-44
1759483863.2746248,-1,-1,-39
1759483863.3136249,-1,3,-36
1759483863.3496249,-3,6,-46
1759483863.3876247,-2,6,-35
1759483863.4246247,4,-1,-34
1759483863.4636247,2,-4,-36
1759483863.4996247,1,-6,-31
1759483863.5386248,-2,-3,-40
1759483863.5766249,6,-3,-39
1759483863.6136248,1,-4,-43
1759483863.6526248,5,0,-47
1759483863.6886249,0,1,-39
1759483863.7266247,-5,3,-42
1759483863.763625,3,-1,-46
1759483863.8026247,2,-1,-44
1759483863.8386247,2,1,-33
1759483863.8766248,3,-3,-44
1759483863.9146247,-3,0,-39
1759483863.9536247,-4,1,-46
1759483863.9896247,0,3,-39
1759483864.026625,1,-3,-31
1759483864.0646248,7,0,-37
1759483864.1036248,-7,0,-38
1759483864.1396248,-9,0,-39
1759483864.1766248,-2,-5,-42
1759483864.214625,-3,-4,-36
1759483864.253625,-3,-1,-38
1759483864.2896247,-1,-3,-42
1759483864.3276248,-4,2,-52
1759483864.365625,0,0,-50
1759483864.4046247,0,-3,-37
1759483864.4426248,-5,-4,-42
1759483864.4786248,-8,-5,-32
1759483864.5176249,-9,-3,-42
1759483864.5556247,0,-2,-44
1759483864.5936248,0,-5,-24
1759483864.6296248,-4,-3,-31
1759483864.6686249,5,-4,-38
1759483864.7056248,1,3,-41
1759483864.7446249,2,2,-37
1759483864.7826247,0,-4,-28
1759483864.8186247,2,-4,-33
1759483864.8566248,3,0,-44
1759483864.8946247,-1,-2,-37
1759483864.9336247,-3,-5,-32
1759483864.9696248,-6,-6,-40
1759483865.0086248,-4,-7,-32
1759483865.046625,0,1,-48
1759483865.0846248,-4,0,-34
1759483865.1206248,-4,7,-26
1759483865.1576247,3,2,-36
1759483865.1966248,5,2,-36
1759483865.2346249,0,-3,-39
1759483865.2706249,0,-7,-51
1759483865.309625,0,0,-51
1759483865.3466249,1,-2,-48
1759483865.385625,-7,3,-47
1759483865.4236248,0,3,-43
1759483865.4596248,0,4,-37
1759483865.4966247,7,3,-40
1759483865.5346248,1,-1,-29
1759483865.5736248,-7,9,-31
1759483865.6096249,3,-1,-38
1759483865.6466248,-2,1,-35
1759483865.6856248,-2,1,-25
1759483865.7236247,-1,-2,-39
1759483865.7596247,4,1,-30
1759483865.796625,0,2,-42
1759483865.8356247,6,-3,-44
1759483865.8736248,-4,-5,-45
1759483865.9096248,-3,-2,-56
1759483865.9476247,1,-7,-47
1759483865.9856248,-1,-9,-48
1759483866.0246248,-2,0,-45
1759483866.0606248,-5,7,-43
1759483866.0996249,-3,-1,-42
1759483866.1376247,-4,-9,-37
1759483866.1756248,-4,-14,-45
1759483866.2136247,0,1,-40
1759483866.2496247,-1,-3,-36
1759483866.2876248,-4,-3,-48
1759483866.3256247,0,0,-38
1759483866.3646247,4,-6,-36
1759483866.4006248,4,0,-43
1759483866.4376247,-2,5,-38
1759483866.4756248,5,-4,-51
1759483866.5146248,1,-5,-52
1759483866.5506248,0,0,-46
1759483866.5876248,-9,0,-37
1759483866.625625,-4,6,-38
1759483866.6646247,0,0,-42
1759483866.7006247,0,3,-44
1759483866.737625,-5,1,-46
1759483866.7756248,-2,-1,-42
1759483866.8146248,3,-1,-37
1759483866.8506248,2,0,-45
1759483866.8876247,0,7,-33
1759483866.9256248,0,6,-38
1759483866.964625,2,2,-38
1759483867.0096247,3,7,-36
1759483867.0476248,6,4,-42
1759483867.0856247,1,3,-37
1759483867.1216247,1,-1,-35
1759483867.1596248,3,-4,-40
1759483867.1976247,0,-6,-30
1759483867.2356248,-3,-9,-39
1759483867.2746248,2,-5,-38
1759483867.3116248,0,-4,-37
1759483867.3486247,1,4,-61
1759483867.3866248,1,4,-46
1759483867.4256248,-1,-1,-33
1759483867.4616249,2,1,-36
1759483867.4996247,-1,-5,-39
1759483867.536625,-1,-7,-38
1759483867.5756247,-4,-7,-41
1759483867.6116247,-4,1,-42
1759483867.648625,-7,6,-35
1759483867.6866248,1,0,-30
1759483867.7256248,0,0,-39
1759483867.7616248,1,0,-40
1759483867.7986248,5,-3,-38
1759483867.8366249,2,-1,-39
1759483867.875625,3,-11,-44
1759483867.911625,6,-3,-36
1759483867.9496248,-5,-3,-37
1759483867.987625,0,-4,-29
1759483868.026625,0,-5,-38
1759483868.0646248,0,-5,-40
1759483868.1006248,3,-3,-39
1759483868.1376247,1,-1,-42
1759483868.1756248,0,3,-38
1759483868.2116249,-3,1,-18
1759483868.2496247,-1,2,-35
1759483868.286625,0,0,-47
1759483868.3256247,-1,-3,-41
1759483868.3616247,-2,-2,-41
1759483868.3996248,0,0,-36
1759483868.4376247,6,-3,-32
1759483868.4766247,10,-3,-33
1759483868.5126247,6,0,-27
1759483868.5506248,-12,3,-42
1759483868.5876248,-3,-1,-44
1759483868.6266248,5,-1,-38
1759483868.6626248,1,1,-28
1759483868.7006247,0,-2,-42
1759483868.737625,2,0,-47
1759483868.776625,11,2,-46
1759483868.8126247,4,2,-36
1759483868.8506248,0,6,-27
1759483868.8876247,-2,1,-42
1759483868.9266248,0,2,-37
1759483868.9626248,3,-2,-42
1759483868.9996247,-8,2,-25
1759483869.0376248,-4,-1,-37
1759483869.0766249,-2,-4,-34
1759483869.112625,0,3,-31
1759483869.1506248,0,2,-37
1759483869.1886249,-9,-2,-44
1759483869.227625,-14,0,-52
1759483869.2656248,-3,-4,-29
1759483869.3016248,-4,-3,-32
1759483869.3406248,-1,1,-41
1759483869.378625,5,0,-43
1759483869.4166248,-6,-4,-33
1759483869.4526248,4,-3,-46
1759483869.490625,9,-5,-46
1759483869.5286248,7,-6,-36
1759483869.5666249,3,-5,-31
1759483869.602625,-3,-3,-29
1759483869.6416247,0,0,-30
1759483869.6786249,6,6,-44
1759483869.717625,-3,-1,-36
1759483869.7556248,-5,-3,-37
1759483869.7916248,-1,-3,-54
1759483869.829625,-1,-4,-41
1759483869.8676248,-4,-4,-46
1759483869.9066248,1,-6,-39
1759483869.9426248,0,3,-38
1759483869.9796247,3,-3,-35
1759483870.0186248,5,-6,-44
1759483870.056625,0,0,-36
1759483870.092625,-2,-2,-44
1759483870.1316247,0,1,-44
1759483870.1696248,3,-8,-52
1759483870.207625,-1,2,-37
1759483870.2456248,-3,-3,-37
1759483870.2816248,4,-2,-37
1759483870.319625,2,0,-34
1759483870.3586247,2,3,-43
1759483870.3966248,3,7,-43
1759483870.4326248,1,0,-42
1759483870.4696248,1,0,-33
1759483870.5086248,-1,2,-41
1759483870.546625,0,5,-47
1759483870.582625,-3,-2,-45
1759483870.6206248,-2,4,-34
1759483870.658625,0,-5,-45
1759483870.6976247,-5,-2,-40
1759483870.7336247,1,-4,-37
1759483870.7716248,3,0,-38
1759483870.8106248,6,-3,-38
1759483870.8476248,6,1,-34
1759483870.8866248,7,1,-44
1759483870.9226248,0,5,-40
1759483870.9596248,-6,2,-34
1759483870.9986248,-1,5,-41
1759483871.036625,-7,3,-38
1759483871.0726247,-8,4,-37
1759483871.1116247,0,-2,-32
1759483871.1496248,-8,5,-40
1759483871.1876247,0,4,-43
1759483871.2236247,1,9,-36
1759483871.2616248,0,-3,-36
1759483871.2986248,-2,-3,-33
1759483871.3376248,2,-5,-41
1759483871.3746247,3,-6,-41
1759483871.411625,6,-7,-41
1759483871.4496248,7,-6,-39
1759483871.4886248,11,-5,-43
1759483871.526625,2,4,-40
1759483871.5626247,6,0,-42
1759483871.5996249,0,1,-54
1759483871.638625,4,-4,-45
1759483871.6766248,1,-9,-35
1759483871.7126248,-4,-9,-44
1759483871.7516248,1,0,-38
1759483871.7896247,-4,-3,-40
1759483871.8276248,0,-2,-45
1759483871.8636248,4,-1,-41
1759483871.9006248,0,0,-33
1759483871.9396248,1,1,-46
1759483871.977625,7,-1,-40
1759483872.013625,0,0,-48
1759483872.0506248,-5,3,-51
1759483872.089625,-1,6,-41
1759483872.1276248,-4,-1,-48
1759483872.1646247,-3,-4,-47
1759483872.2026248,-5,0,-40
1759483872.2416248,-6,-2,-43
1759483872.2786248,-4,-3,-45
1759483872.3176248,-5,-5,-50
1759483872.3536248,-3,0,-39
1759483872.3916247,2,0,-52
1759483872.4306247,2,1,-45
1759483872.4686248,2,0,-35
1759483872.5046248,-3,1,-37
1759483872.5436249,0,-1,-36
1759483872.5816247,-4,2,-33
1759483872.6186247,-7,4,-28
1759483872.6576247,2,3,-39
1759483872.6936247,-1,0,-46
1759483872.7316248,1,-2,-30
1759483872.7696247,5,4,-24
1759483872.8076248,7,2,-30
1759483872.8436248,1,4,-34
1759483872.8816247,5,0,-37
1759483872.9196248,5,4,-43
1759483872.957625,2,-2,-33
1759483872.9936247,0,4,-39
1759483873.0316248,6,4,-42
1759483873.069625,5,6,-42
1759483873.1076248,-3,2,-51
1759483873.1436248,0,0,-38
1759483873.181625,-2,3,-30
1759483873.2196248,6,4,-33
1759483873.2576249,5,-2,-36
1759483873.2936249,7,-3,-35
1759483873.3316247,-6,-1,-34
1759483873.3696249,-2,0,-27
1759483873.4076247,2,0,-36
1759483873.4436247,4,0,-37
1759483873.4816248,4,-1,-34
1759483873.5196247,3,-7,-50
1759483873.5576248,-5,-1,-39
1759483873.5936248,0,0,-37
1759483873.6316247,3,2,-47
1759483873.6696248,0,4,-40
1759483873.7056248,-3,5,-40
1759483873.7436247,-3,0,-40
1759483873.7826247,-4,-4,-47
1759483873.819625,-3,-3,-45
1759483873.8586247,-2,-2,-41
1759483873.8946247,0,0,-43
1759483873.931625,0,-6,-30
1759483873.9696248,6,-6,-37
1759483874.0086248,-5,0,-43
1759483874.0446248,-8,-3,-43
1759483874.0836248,3,-2,-43
1759483874.1206248,-2,-2,-40
1759483874.1596248,-2,-4,-41
1759483874.1956248,1,-9,-34
1759483874.2346249,6,-3,-39
1759483874.2726247,3,-2,-41
1759483874.3106248,2,-5,-52
1759483874.3486247,0,1,-45
1759483874.3846247,-5,2,-37
1759483874.4236248,7,0,-38
1759483874.4606247,6,-3,-43
1759483874.4996247,3,-4,-38
1759483874.5356247,1,-3,-33
1759483874.5736248,-2,-3,-39
1759483874.6106248,-2,1,-36
1759483874.6496248,-5,5,-30
1759483874.6856248,3,-1,-29
1759483874.7226248,5,-3,-41
1759483874.760625,5,0,-34
1759483874.7996247,2,-2,-43
1759483874.8356247,1,0,-36
1759483874.8726249,2,-1,-34
1759483874.9106247,0,0,-44
1759483874.9496248,4,-1,-36
1759483874.9856248,0,-4,-42
1759483875.023625,-1,-5,-57
1759483875.0606248,1,0,-45
1759483875.0996249,2,0,-38
1759483875.135625,8,2,-39
1759483875.1726248,2,1,-36
1759483875.2116249,5,-5,-32
1759483875.2496247,10,1,-23
1759483875.2856247,11,-4,-22
1759483875.3236248,4,-7,-22
1759483875.362625,3,4,-44
1759483875.4006248,0,-1,-36
1759483875.4366248,4,0,-29
1759483875.4746249,5,0,-36
1759483875.513625,0,-9,-48
1759483875.5506248,6,3,-46
1759483875.589625,0,-5,-36
1759483875.625625,-1,3,-31
1759483875.6636248,3,2,-43
1759483875.7006247,0,-2,-43
1759483875.7396247,1,-1,-39
1759483875.7756248,3,-4,-40
1759483875.8136249,0,0,-36
1759483875.8506248,4,3,-40
1759483875.8896248,-6,1,-31
1759483875.9256248,-2,6,-42
1759483875.9636247,-4,0,-46
1759483876.000625,0,1,-39
1759483876.0396247,4,4,-38
1759483876.0756247,-1,-1,-41
1759483876.1136248,-7,5,-38
1759483876.151625,-5,5,-46
1759483876.1906247,3,5,-38
1759483876.2266247,0,8,-43
1759483876.2646248,0,2,-48
1759483876.3016248,3,-6,-37
1759483876.3406248,6,1,-37
1759483876.3766248,4,6,-35
1759483876.4136248,4,2,-39
1759483876.4516249,-2,4,-38
1759483876.490625,5,7,-30
1759483876.526625,2,-2,-34
1759483876.5656247,5,-9,-30
1759483876.602625,0,-6,-40
1759483876.6416247,-3,2,-33
1759483876.6796248,-6,1,-39
1759483876.7156248,0,6,-34
1759483876.7526248,-1,-1,-37
1759483876.7916248,-7,0,-36
1759483876.829625,-1,0,-33
1759483876.865625,7,0,-41
1759483876.9026248,3,6,-34
1759483876.9416249,5,2,-27
1759483876.9796247,2,-1,-41
1759483877.023625,0,-8,-49
1759483877.0616248,0,-1,-48
1759483877.0996249,5,-6,-33
1759483877.135625,4,-2,-29
1759483877.1746247,2,-2,-40
1759483877.2116249,-6,5,-32
1759483877.250625,3,1,-35
1759483877.286625,3,-6,-37
1759483877.3256247,-6,-5,-35
1759483877.3636248,-5,-4,-41
1759483877.401625,-1,1,-34
1759483877.4386249,2,-3,-38
1759483877.4766247,6,-2,-42
1759483877.5146248,-1,1,-42
1759483877.5526247,-6,5,-35
1759483877.5906248,-3,-2,-49
1759483877.6266248,1,1,-33
1759483877.6646247,1,-1,-45
1759483877.7016249,1,5,-45
1759483877.740625,2,0,-33
1759483877.776625,1,0,-46
1759483877.8156247,0,-5,-44
1759483877.8536248,-2,0,-29
1759483877.8916247,0,-6,-31
1759483877.9276247,5,-8,-35
1759483877.964625,0,-2,-41
1759483878.003625,-4,-5,-32
1759483878.0416248,-1,-6,-43
1759483878.0776248,-1,-1,-45
1759483878.1166248,7,0,-42
1759483878.1546247,2,0,-53
1759483878.1926248,3,7,-30
1759483878.230625,-2,5,-27
1759483878.2666247,5,-3,-29
1759483878.3046248,5,-11,-36
1759483878.342625,3,-2,-46
1759483878.3806248,5,3,-49
1759483878.4166248,3,0,-42
1759483878.454625,-5,5,-27
1759483878.4926248,6,-2,-25
1759483878.5306249,6,-2,-33
1759483878.5666249,-1,-5,-35
1759483878.6046247,-5,2,-27
1759483878.6426249,-2,1,-36
1759483878.681625,3,-2,-22
1759483878.717625,8,-3,-35
1759483878.7556248,0,-7,-41
1759483878.7936249,2,-7,-47
1759483878.8316247,3,-3,-37
1759483878.8676248,8,-2,-34
1759483878.9056249,7,-5,-34
1759483878.9426248,-2,5,-36
1759483878.9816248,-5,0,-42
1759483879.0176249,3,4,-49
1759483879.0546248,-5,6,-47
1759483879.092625,1,-3,-39
1759483879.1316247,-4,-3,-31
1759483879.1676247,3,-3,-40
1759483879.2066247,0,4,-46
1759483879.2446249,-2,1,-52
1759483879.2826247,-4,1,-40
1759483879.3186247,-7,-2,-43
1759483879.3576248,-2,-9,-45
1759483879.3956249,0,-8,-48
1759483879.4326248,-4,-2,-42
1759483879.4716249,0,-5,-43
1759483879.5076249,0,-8,-44
1759483879.5456247,-6,-1,-49
1759483879.5836248,0,2,-43
1759483879.6226249,0,0,-36
1759483879.658625,0,5,-35
1759483879.6956248,1,7,-41
1759483879.7336247,1,2,-44
1759483879.7726247,0,-2,-35
1759483879.8086247,2,-4,-36
1759483879.8456247,5,5,-42
1759483879.8836248,1,-1,-45
1759483879.9226248,-6,0,-51
1759483879.9586248,-2,-1,-38
1759483879.9976249,0,-1,-45
1759483880.0346248,5,1,-46
1759483880.0736248,-3,4,-47
1759483880.1116247,0,-5,-47
1759483880.1476247,-4,-3,-36
1759483880.1856248,0,3,-39
1759483880.2246249,-2,-1,-33
1759483880.2626247,3,-6,-34
1759483880.2986248,-3,-1,-34
1759483880.3376248,0,-4,-35
1759483880.3746247,6,0,-43
1759483880.4136248,1,2,-29
1759483880.4516249,-1,1,-28
1759483880.487625,-6,5,-41
1759483880.5256248,-4,-1,-33
1759483880.5636249,0,0,-41
1759483880.6016247,-2,-2,-52
1759483880.6376247,2,-8,-46
1759483880.6756248,0,-2,-40
1759483880.714625,-1,-2,-31
1759483880.7526248,-4,2,-29
1759483880.7886248,-11,1,-37
1759483880.8276248,-8,-2,-29
1759483880.8646247,5,-3,-39
1759483880.9036248,3,-4,-37
1759483880.9396248,3,-9,-29
1759483880.977625,-1,-3,-33
1759483881.0156248,4,-4,-30
1759483881.0536249,9,-3,-32
1759483881.092625,0,-5,-43
1759483881.128625,4,-3,-36
1759483881.1666248,4,2,-47
1759483881.204625,-3,0,-44
1759483881.2436247,-4,2,-37
1759483881.2806249,1,2,-32
1759483881.3186247,11,0,-32
1759483881.3566248,7,1,-34
1759483881.3946247,7,2,-47
1759483881.4326248,-1,-6,-46
1759483881.4686248,7,-8,-43
1759483881.5066247,0,-1,-27
1759483881.5446248,3,-3,-35
1759483881.5836248,-4,-5,-35
1759483881.6196249,9,-6,-31
1759483881.6576247,1,-3,-35
1759483881.694625,2,2,-39
1759483881.7336247,0,0,-49
1759483881.7696247,7,0,-51
1759483881.806625,-4,2,-36
1759483881.8456247,0,0,-38
1759483881.8836248,6,7,-35
1759483881.9196248,0,6,-43
1759483881.9566247,0,1,-39
1759483881.9946249,0,1,-29
1759483882.033625,1,-2,-32
1759483882.069625,0,-5,-33
1759483882.1076248,0,1,-49
1759483882.1466248,3,1,-43
1759483882.184625,-2,0,-40
1759483882.2226248,2,-5,-46
1759483882.2596247,0,2,-54
1759483882.2976248,4,2,-35
1759483882.3346248,0,0,-34
1759483882.3736248,2,0,-32
1759483882.4096248,0,3,-35
1759483882.4476247,-4,3,-36
1759483882.4846249,-4,0,-35
1759483882.523625,-2,4,-41
1759483882.559625,2,4,-41
1759483882.5976248,-1,0,-36
1759483882.6366248,-1,-4,-34
1759483882.6746247,2,0,-39
1759483882.7106247,1,3,-34
1759483882.7476249,-2,4,-36
1759483882.786625,1,0,-42
1759483882.8246248,-3,-1,-43
1759483882.8606248,-2,-6,-37
1759483882.898625,5,0,-35
1759483882.9366248,4,-6,-39
1759483882.9746249,-1,-2,-47
1759483883.013625,-1,2,-46
1759483883.0496247,4,0,-40
1759483883.0866249,-2,-4,-45
1759483883.125625,-4,-1,-35
1759483883.1636248,-5,-3,-34
1759483883.1996248,-5,0,-34
1759483883.237625,11,0,-29
1759483883.276625,0,6,-25
1759483883.3146248,1,6,-38
1759483883.3506248,10,3,-44
1759483883.388625,1,0,-41
1759483883.4256248,3,0,-31
1759483883.464625,-2,6,-32
1759483883.500625,-3,1,-36
1759483883.5396247,4,-6,-44
1759483883.5766249,0,-4,-35
1759483883.615625,-4,-5,-47
1759483883.6536248,-1,-4,-45
1759483883.6896248,1,-2,-37
1759483883.727625,5,-1,-44
1759483883.7656248,9,2,-29
1759483883.8046248,-1,0,-42
1759483883.8406248,0,-4,-36
1759483883.8776248,-1,-2,-36
1759483883.9166248,1,0,-39
1759483883.954625,-3,6,-40
1759483883.990625,2,2,-41
1759483884.0286248,-4,0,-39
1759483884.0676248,-2,-7,-31
1759483884.105625,0,-2,-43
1759483884.1416247,1,1,-29
1759483884.1786249,-3,1,-36
1759483884.217625,4,1,-38
1759483884.2556248,5,0,-28
1759483884.2916248,2,2,-39
1759483884.3286247,1,4,-37
1759483884.3676248,-2,7,-34
1759483884.4056249,1,-1,-40
1759483884.4416249,-2,-2,-43
1759483884.480625,-3,1,-38
1759483884.5186248,-1,-3,-34
1759483884.5556247,6,-1,-39
1759483884.5946248,-3,1,-39
1759483884.6306248,-1,0,-28
1759483884.6686249,0,-2,-29
1759483884.7056248,0,0,-29
1759483884.7446249,1,0,-33
1759483884.7806249,3,3,-37
1759483884.8186247,11,0,-27
1759483884.8566248,-3,5,-37
1759483884.8946247,-3,4,-36
1759483884.9306247,-6,3,-45
1759483884.9686248,-3,4,-41
1759483885.0066247,4,3,-39
1759483885.0446248,-6,-8,-41
1759483885.0806248,2,0,-40
1759483885.1186247,2,2,-45
1759483885.1566248,-3,-2,-42
1759483885.194625,-7,0,-44
1759483885.230625,-3,-4,-26
1759483885.2686248,1,-6,-33
1759483885.306625,-6,-8,-32
1759483885.3456247,-4,0,-31
1759483885.3816247,1,-1,-35
1759483885.4186249,0,0,-33
1759483885.4566247,3,2,-40
1759483885.4956248,-1,1,-31
1759483885.5316248,0,2,-20
1759483885.5686247,4,-2,-37
1759483885.6066248,-2,-1,-40
1759483885.6456249,0,-1,-42
1759483885.681625,3,0,-40
1759483885.7186248,3,-6,-35
1759483885.7576249,4,-3,-42
1759483885.7956247,0,-10,-32
1759483885.8316247,1,-8,-40
1759483885.8686247,2,0,-35
1759483885.9066248,1,4,-44
1759483885.9456248,0,0,-26
1759483885.9816248,0,2,-36
1759483886.0186248,-3,0,-31
1759483886.0576248,0,0,-32
1759483886.0956247,-5,0,-45
1759483886.1316247,4,-1,-45
1759483886.1696248,5,0,-43
1759483886.2066247,2,-2,-44
1759483886.2456248,6,-1,-40
1759483886.2816248,7,0,-38
1759483886.319625,2,-1,-31
1759483886.3576248,-7,-3,-44
1759483886.3956249,-4,0,-50
1759483886.431625,0,1,-38
1759483886.4696248,-1,2,-37
1759483886.5066247,7,2,-43
1759483886.5456247,1,2,-52
1759483886.5816247,-6,6,-52
1759483886.6196249,-8,2,-54
1759483886.6576247,-5,2,-52
1759483886.6966248,-6,0,-40
1759483886.7326248,-11,-1,-32
1759483886.7716248,-5,2,-28
1759483886.809625,-3,5,-30
1759483886.8476248,-1,4,-30
1759483886.885625,-1,5,-30
1759483886.921625,0,2,-37
1759483886.9596248,4,2,-42
1759483886.9976249,-1,8,-37
1759483887.0426247,-5,-1,-43
1759483887.0806248,-2,3,-42
1759483887.1176248,2,-2,-47
1759483887.1566248,3,-1,-41
1759483887.1926248,0,0,-53
1759483887.2296247,5,-4,-42
1759483887.2676249,0,-1,-33
1759483887.306625,-7,-5,-29
1759483887.342625,-7,-4,-28
1759483887.3806248,-8,-4,-33
1759483887.4186249,-2,-5,-38
1759483887.457625,-1,-6,-26
1759483887.4956248,-10,-3,-38
1759483887.5316248,-8,0,-41
1759483887.5706248,-6,-2,-40
1759483887.6076248,3,-4,-38
1759483887.6466248,2,-7,-37
1759483887.6826248,3,-3,-45
1759483887.7196248,0,-7,-34
1759483887.7586248,3,-3,-44
1759483887.796625,-3,4,-32
1759483887.832625,7,0,-30
1759483887.8696249,-4,0,-46
1759483887.908625,0,-1,-40
1759483887.9466248,0,-2,-43
1759483887.9826248,-3,0,-49
1759483888.0216248,1,3,-48
1759483888.059625,0,7,-38
1759483888.0976248,1,2,-37
1759483888.1346247,5,-4,-42
1759483888.171625,2,-2,-31
1759483888.2106247,1,-4,-49
1759483888.2476249,-8,-1,-41
1759483888.286625,-3,-1,-36
1759483888.3226247,-3,-3,-36
1759483888.3616247,0,-2,-36
1759483888.3996248,-2,1,-39
1759483888.4376247,-3,3,-35
1759483888.4736247,-4,0,-35
1759483888.5126247,-2,0,-34
1759483888.5496247,-5,0,-40
1759483888.5886247,5,1,-41
1759483888.6266248,1,-1,-32
1759483888.6626248,-1,-3,-39
1759483888.7006247,-6,-4,-35
1759483888.7386248,3,3,-35
1759483888.7776248,6,4,-35
1759483888.8136249,0,1,-28
1759483888.8506248,0,3,-27
1759483888.888625,2,3,-37
1759483888.9276247,3,3,-36
1759483888.9636247,-2,2,-43
1759483889.000625,-4,0,-38
1759483889.0386248,-4,0,-42
1759483889.0776248,0,-4,-37
1759483889.1136248,-1,-2,-35
1759483889.151625,1,4,-32
1759483889.1906247,8,-1,-50
1759483889.2286248,0,-7,-33
1759483889.2666247,-2,-2,-44
1759483889.3026247,3,-4,-46
1759483889.3416247,-2,-1,-35
1759483889.378625,-1,-5,-34
1759483889.4176247,-1,-5,-39
1759483889.4536247,-2,-8,-48
1759483889.4916248,-5,0,-44
1759483889.5296247,-5,-1,-36
1759483889.5686247,0,-1,-35
1759483889.6046247,-2,4,-39
1759483889.6416247,-10,8,-38
1759483889.6796248,-5,1,-37
1759483889.7186248,1,-1,-40
1759483889.7546248,0,2,-30
1759483889.7916248,-3,1,-37
1759483889.829625,0,-6,-46
1759483889.8686247,0,-2,-43
1759483889.9046247,-3,0,-45
1759483889.9416249,-5,7,-35
1759483889.9796247,-3,5,-44
1759483890.0186248,0,5,-52
1759483890.0546248,4,5,-50
1759483890.0916247,4,6,-29
1759483890.1296248,1,-1,-37
1759483890.1686249,0,0,-31
1759483890.204625,5,6,-35
1759483890.2416248,-1,-3,-24
1759483890.2796247,-5,-5,-31
1759483890.3186247,-6,-7,-40
1759483890.3546247,-3,2,-41
1759483890.3916247,-9,3,-45
1759483890.4296248,0,-3,-43
1759483890.4686248,-14,-6,-47
1759483890.5046248,-5,-2,-45
1759483890.5426247,-1,-1,-47
1759483890.5806248,-1,2,-39
1759483890.6196249,-11,4,-31
1759483890.6576247,-4,0,-37
1759483890.6936247,10,0,-34
1759483890.730625,2,-11,-37
1759483890.7696247,2,-5,-30
1759483890.8076248,1,-1,-28
1759483890.8436248,-2,0,-41
1759483890.8816247,-4,-3,-41
1759483890.9196248,1,-6,-41
1759483890.957625,0,-1,-51
1759483890.9936247,2,-2,-39
1759483891.0326247,2,-3,-39
1759483891.0706248,-7,0,-37
1759483891.1086247,2,0,-45
1759483891.1446247,0,-2,-36
1759483891.1826248,4,-2,-33
1759483891.2206247,-5,-4,-26
1759483891.2586248,-2,0,-29
1759483891.2946248,1,-1,-34
1759483891.3336248,9,0,-36
1759483891.3706248,3,-6,-36
1759483891.4096248,-1,0,-42
1759483891.4456248,0,0,-39
1759483891.4836247,2,2,-38
1759483891.5206249,-2,3,-39
1759483891.559625,-6,-2,-37
1759483891.5956247,-4,-4,-36
1759483891.6336248,-2,-5,-28
1759483891.671625,5,-2,-31
1759483891.7106247,1,1,-31
1759483891.7486248,4,5,-30
1759483891.7846248,-1,2,-41
1759483891.8216248,-5,0,-32
1759483891.8606248,1,0,-40
1759483891.898625,-1,-4,-34
1759483891.934625,-9,-2,-31
1759483891.9736247,-1,2,-37
1759483892.0116248,-5,4,-47
1759483892.0496247,-2,3,-37
1759483892.0856247,2,3,-40
1759483892.1236248,0,-1,-28
1759483892.161625,-2,7,-32
1759483892.1996248,4,0,-35
1759483892.2356248,3,-1,-38
1759483892.2746248,-2,7,-35
1759483892.3126247,0,3,-37
1759483892.3506248,-2,-2,-41
1759483892.388625,-6,-1,-40
1759483892.4246247,1,-3,-57
1759483892.4616249,6,-5,-49
1759483892.500625,11,-7,-31
1759483892.5386248,5,0,-43
1759483892.5746248,4,1,-42
1759483892.6116247,7,-4,-47
1759483892.6506248,0,-2,-45
1759483892.6886249,-2,0,-43
1759483892.7246249,2,7,-36
1759483892.7616248,0,0,-43
1759483892.8006248,-5,-1,-41
1759483892.8366249,-5,-5,-43
1759483892.8746247,2,0,-35
1759483892.9126248,-4,0,-30
1759483892.9506247,0,-1,-46
1759483892.9896247,0,7,-39
1759483893.0256248,7,1,-43
1759483893.0626247,7,-2,-37
1759483893.1006248,2,0,-41
1759483893.1396248,1,-5,-45
1759483893.1756248,0,0,-43
1759483893.2126248,6,0,-39
1759483893.250625,-1,-11,-31
1759483893.2896247,1,-5,-33
1759483893.3256247,-3,-5,-33
1759483893.3636248,0,0,-45
1759483893.4026248,7,-1,-49
1759483893.4406247,2,3,-44
1759483893.4766247,1,9,-40
1759483893.513625,1,0,-41
1759483893.5526247,-3,3,-37
1759483893.5906248,1,-3,-40
1759483893.6266248,-1,2,-30
1759483893.6646247,-2,6,-45
1759483893.7036247,4,-2,-49
1759483893.7416248,9,0,-41
1759483893.7796247,8,-6,-49
1759483893.8166249,8,0,-34
1759483893.8536248,6,-1,-38
1759483893.8916247,-5,4,-54
1759483893.9306247,-3,0,-44
1759483893.9666247,-6,2,-37
1759483894.0046248,3,-3,-52
1759483894.0426247,-6,-7,-48
1759483894.0816247,-2,2,-45
1759483894.1196249,-1,2,-44
1759483894.1556249,0,3,-50
1759483894.1926248,3,-1,-44
1759483894.2316248,-4,3,-39
1759483894.2696247,6,5,-39
1759483894.3056247,2,13,-43
1759483894.342625,-1,7,-43
1759483894.3816247,2,-1,-42
1759483894.4196248,8,4,-41
1759483894.4556248,7,6,-33
1759483894.4926248,-5,0,-38
1759483894.5316248,0,1,-31
1759483894.569625,-2,1,-40
1759483894.605625,0,-5,-26
1759483894.6426249,-1,1,-48
1759483894.681625,-3,6,-47
1759483894.717625,-6,3,-45
1759483894.7556248,3,-2,-44
1759483894.7946248,2,-2,-37
1759483894.832625,-3,-5,-37
1759483894.8706248,-3,-7,-39
1759483894.9076247,-1,-8,-43
1759483894.944625,-10,-6,-51
1759483894.9826248,2,0,-31
1759483895.0216248,3,-5,-43
1759483895.0576248,-5,-4,-28
1759483895.0956247,-5,-4,-33
1759483895.1336248,-6,-1,-45
1759483895.1726248,-4,3,-41
1759483895.2106247,6,-3,-42
1759483895.2466247,-2,-9,-42
1759483895.2856247,-2,-5,-38
1759483895.3236248,-1,-4,-41
1759483895.3616247,4,-5,-42
1759483895.3976247,4,-9,-41
1759483895.434625,0,-5,-51
1759483895.4726248,3,-2,-47
1759483895.5116248,-2,-4,-42
1759483895.5476248,-8,-8,-32
1759483895.5866249,0,-3,-40
1759483895.6236248,2,-5,-44
1759483895.6626248,-5,0,-43
1759483895.7006247,0,3,-38
1759483895.7366247,0,-1,-28
1759483895.773625,3,3,-32
1759483895.8126247,1,-3,-43
1759483895.8506248,5,1,-40
1759483895.8866248,-1,-4,-40
1759483895.9256248,0,-2,-45
1759483895.9626248,-1,4,-36
1759483896.0016248,3,4,-40
1759483896.0376248,0,1,-29
1759483896.0746248,0,-5,-29
1759483896.112625,-3,-4,-44
1759483896.151625,3,0,-49
1759483896.1876247,5,0,-39
1759483896.2246249,6,-3,-42
1759483896.2626247,4,0,-30
1759483896.3016248,5,1,-41
1759483896.3376248,2,-3,-32
1759483896.375625,1,-10,-35
1759483896.4146247,0,-6,-35
1759483896.4526248,4,-5,-47
1759483896.4886248,-4,-8,-39
1759483896.5276248,0,0,-27
1759483896.5656247,3,0,-35
1759483896.602625,0,1,-32
1759483896.6416247,0,-3,-44
1759483896.6776247,3,0,-37
1759483896.7156248,-1,6,-32
1759483896.7526248,-5,4,-37
1759483896.7916248,1,-2,-35
1759483896.8276248,3,-2,-33
1759483896.865625,3,-4,-40
1759483896.9026248,-2,4,-37
1759483896.9416249,-1,-1,-42
1759483896.977625,0,-2,-33
1759483897.0156248,-6,0,-32
1759483897.059625,3,4,-34
1759483897.0976248,-2,-3,-42
1759483897.135625,1,-2,-31
1759483897.1736248,2,-6,-33
1759483897.2116249,4,0,-45
1759483897.2476249,2,-3,-49
1759483897.2856247,-2,0,-54
1759483897.3246248,2,-3,-40
1759483897.362625,6,3,-39
1759483897.398625,4,4,-36
1759483897.4366248,1,-1,-40
1759483897.4746249,0,-3,-29
1759483897.5126247,0,-3,-31
1759483897.5486248,4,-3,-37
1759483897.5866249,-1,8,-30
1759483897.6246247,-1,0,-36
1759483897.6636248,7,-3,-43
1759483897.7016249,3,-4,-43
1759483897.737625,-2,1,-35
1759483897.7756248,-7,-4,-38
1759483897.8146248,7,0,-21
1759483897.852625,0,1,-42
1759483897.888625,-3,5,-44
1759483897.9256248,2,2,-29
1759483897.9636247,-2,-3,-49
1759483898.0026248,-7,-2,-36
1759483898.0396247,-6,-3,-41
1759483898.0766249,1,-1,-32
1759483898.115625,0,3,-36
1759483898.1536248,-8,1,-41
1759483898.1896248,-5,8,-40
1759483898.2266247,-7,11,-32
1759483898.2656248,-6,2,-40
1759483898.3036249,-9,1,-31
1759483898.339625,3,0,-33
1759483898.3776248,0,1,-38
1759483898.4156249,1,1,-36
1759483898.4536247,-7,-4,-31
1759483898.4896247,-1,-2,-26
1759483898.5276248,-4,0,-26
1759483898.5656247,-3,-3,-33
1759483898.6036248,-7,-9,-42
1759483898.6426249,1,0,-37
1759483898.6786249,5,0,-44
1759483898.7156248,2,2,-41
1759483898.753625,1,-6,-31
1759483898.7926247,2,0,-45
1759483898.8286247,2,1,-39
1759483898.8666248,1,-5,-29
1759483898.9046247,1,-3,-34
1759483898.9426248,1,2,-33
1759483898.9786248,-3,-1,-41
1759483899.0176249,-2,3,-45
1759483899.0556247,2,1,-30
1759483899.0936248,4,0,-35
1759483899.1296248,-3,4,-38
1759483899.1686249,-2,1,-28
1759483899.2066247,0,7,-28
1759483899.2446249,4,5,-32
1759483899.2826247,7,3,-28
1759483899.3186247,4,-2,-34
1759483899.3566248,2,-11,-34
1759483899.3946247,-5,-11,-38
1759483899.4326248,-2,-5,-38
1759483899.4686248,4,-1,-37
1759483899.5066247,-2,7,-48
1759483899.5446248,0,8,-48
1759483899.5836248,0,0,-33
1759483899.6196249,4,0,-33
1759483899.6566248,-6,-1,-34
1759483899.694625,-3,-8,-28
1759483899.7336247,2,-5,-30
1759483899.7696247,1,1,-39
1759483899.806625,-1,-3,-44
1759483899.8446248,3,0,-29
1759483899.8836248,1,-2,-39
1759483899.9196248,0,-5,-48
1759483899.9566247,0,0,-42
1759483899.9956248,4,-4,-39
1759483900.033625,1,-1,-39
1759483900.069625,-7,-1,-41
1759483900.1076248,-4,-4,-42
1759483900.1456249,-5,2,-43
1759483900.184625,0,-2,-41
1759483900.2206247,-1,-4,-46
1759483900.2596247,-5,0,-55
1759483900.2976248,-3,4,-51
1759483900.3356247,0,3,-43
1759483900.3736248,11,8,-29
1759483900.4096248,8,-1,-31
1759483900.4486248,7,4,-42
1759483900.4856248,3,-5,-42
1759483900.5246248,4,-6,-41
1759483900.5606248,5,-2,-40
1759483900.5986247,0,3,-38
1759483900.635625,-3,1,-46
1759483900.6746247,-2,-4,-50
1759483900.7106247,-7,-4,-46
1759483900.7486248,-6,-7,-43
1759483900.786625,-1,7,-37
1759483900.8256247,-5,1,-46
1759483900.8636248,-6,9,-39
1759483900.8996248,-1,5,-45
1759483900.9386249,4,3,-48
1759483900.9756248,6,4,-38
1759483901.0146248,0,0,-29
1759483901.0516248,-3,-2,-41
1759483901.0886247,-6,-1,-35
1759483901.1266248,-6,0,-41
1759483901.1656249,2,1,-40
1759483901.2036247,1,3,-44
1759483901.2396247,5,4,-34
1759483901.276625,-5,8,-29
1759483901.3156247,-1,11,-30
1759483901.3536248,1,11,-22
1759483901.3896248,2,8,-35
1759483901.4276247,1,1,-45
1759483901.4656248,0,-2,-56
1759483901.503625,-4,5,-37
1759483901.5396247,-2,2,-30
1759483901.5776248,2,1,-39
1759483901.615625,4,5,-32
1759483901.6546247,-4,2,-24
1759483901.6906247,-3,-5,-38
1759483901.7286248,-5,-4,-38
1759483901.7676249,0,-1,-32
1759483901.8056247,-4,-2,-25
1759483901.842625,-3,1,-42
1759483901.8796248,0,2,-41
1759483901.9176247,0,3,-28
1759483901.9566247,2,0,-40
1759483901.9946249,3,-2,-39
1759483902.0306249,3,-5,-34
1759483902.0676248,2,-1,-30
1759483902.1066248,1,-2,-42
1759483902.1446247,0,1,-33
1759483902.1806247,-1,0,-46
1759483902.217625,1,1,-41
1759483902.2566247,6,2,-41
1759483902.2946248,0,4,-40
1759483902.3306248,5,5,-34
1759483902.3676248,5,3,-34
1759483902.4066248,-1,-1,-42
1759483902.444625,4,2,-46
1759483902.480625,3,5,-45
1759483902.5176249,1,1,-42
1759483902.556625,3,-1,-41
1759483902.5946248,-5,3,-34
1759483902.6306248,3,1,-29
1759483902.6686249,10,0,-40
1759483902.7066247,5,3,-41
1759483902.7446249,-6,0,-47
1759483902.7806249,-2,-5,-43
1759483902.819625,-4,-1,-39
1759483902.8576248,-5,0,-29
1759483902.8956249,-2,-1,-35
1759483902.9326248,2,3,-38
1759483902.9696248,3,5,-28
1759483903.0076249,5,1,-39
1759483903.046625,6,2,-38
1759483903.0846248,10,-1,-46
1759483903.1206248,5,0,-43
1759483903.158625,5,4,-49
1759483903.1966248,0,4,-43
1759483903.2356248,-3,4,-42
1759483903.2716248,-2,4,-38
1759483903.3106248,0,0,-44
1759483903.3476248,4,-2,-38
1759483903.3866248,7,2,-42
1759483903.4246247,-2,-4,-38
1759483903.4616249,-2,1,-40
1759483903.500625,-1,-7,-48
1759483903.5376248,2,-2,-39
1759483903.5766249,4,7,-43
1759483903.612625,3,2,-42
1759483903.6496248,3,4,-43
1759483903.6876247,-1,-7,-45
1759483903.7266247,2,0,-38
1759483903.7626247,-3,-4,-33
1759483903.8006248,0,-5,-40
1759483903.8386247,7,0,-39
1759483903.8776248,15,0,-47
1759483903.9156249,3,2,-38
1759483903.9516249,-6,6,-34
1759483903.990625,3,-4,-41
1759483904.0276248,3,2,-44
1759483904.0666249,10,-1,-28
1759483904.102625,7,6,-20
1759483904.1406248,4,-1,-35
1759483904.1776247,-7,-8,-24
1759483904.2166247,-4,3,-36
1759483904.2526248,-2,0,-29
1759483904.2906249,6,9,-38
1759483904.3276248,0,1,-30
1759483904.3666248,-8,2,-42
1759483904.4026248,-3,-6,-36
1759483904.4416249,2,-1,-34
1759483904.4786248,3,0,-41
1759483904.5176249,5,-2,-41
1759483904.5556247,9,-1,-52
1759483904.5916247,3,0,-46
1759483904.628625,4,-2,-43
1759483904.6676247,6,-1,-46
1759483904.7056248,-1,-7,-48
1759483904.7416248,-1,0,-51
1759483904.7786248,1,-2,-38
1759483904.8176248,3,0,-37
1759483904.855625,-5,-6,-42
1759483904.8916247,-1,-12,-51
1759483904.9296248,-1,-6,-55
1759483904.967625,-1,-3,-45
1759483905.0066247,1,0,-40
1759483905.0426247,0,0,-23
1759483905.079625,-7,-2,-31
1759483905.1176248,1,0,-40
1759483905.1566248,-7,0,-41
1759483905.1926248,-1,-1,-31
1759483905.2316248,-7,-2,-35
1759483905.2686248,-7,-2,-35
1759483905.3076248,-2,-1,-39
1759483905.3436248,0,4,-39
1759483905.3816247,1,1,-36
1759483905.4196248,0,3,-34
1759483905.457625,0,4,-30
1759483905.4936247,2,2,-31
1759483905.5316248,-2,-1,-37
1759483905.5686247,-3,0,-39
1759483905.6076248,-8,-6,-53
1759483905.6436248,0,4,-52
1759483905.681625,5,3,-37
1759483905.7186248,1,-2,-39
1759483905.7576249,-2,-2,-38
1759483905.7936249,3,0,-35
1759483905.8316247,5,-2,-34
1759483905.8686247,7,0,-38
1759483905.9076247,1,0,-24
1759483905.9436247,1,0,-36
1759483905.980625,0,3,-43
1759483906.0186248,-1,5,-40
1759483906.0576248,-1,-1,-41
1759483906.0936248,1,-2,-46
1759483906.1306248,1,-1,-41
1759483906.1686249,-6,-3,-37
1759483906.207625,-2,-5,-33
1759483906.2436247,-8,4,-40
1759483906.2806249,-7,0,-31
1759483906.3186247,-3,-2,-38
1759483906.3576248,0,-1,-39
1759483906.3936248,-1,1,-38
1759483906.4306247,0,-2,-37
1759483906.4686248,2,0,-42
1759483906.5076249,-5,-6,-41
1759483906.5446248,-1,0,-40
1759483906.582625,3,3,-39
1759483906.6206248,5,7,-40
1759483906.658625,2,-3,-32
1759483906.6966248,0,-3,-28
1759483906.7336247,2,-4,-43
1759483906.7706249,8,-8,-40
1759483906.8086247,2,-1,-36
1759483906.8476248,5,2,-40
1759483906.8836248,2,4,-34
1759483906.9206247,3,1,-43
1759483906.9596248,4,-5,-47
1759483906.9976249,2,0,-47
1759483907.033625,4,4,-46
1759483907.079625,0,-1,-42
1759483907.1176248,0,-1,-45
1759483907.1546247,8,5,-43
1759483907.1916249,2,11,-46
1759483907.2296247,0,9,-39
1759483907.2686248,0,5,-37
1759483907.3046248,3,0,-39
1759483907.342625,5,1,-42
1759483907.3796248,-2,3,-43
1759483907.4186249,3,0,-38
1759483907.454625,2,-3,-47
1759483907.4926248,0,1,-32
1759483907.5296247,0,-2,-40
1759483907.5686247,0,-2,-30
1759483907.6046247,-5,1,-40
1759483907.6426249,1,-2,-38
1759483907.6806247,0,0,-39
1759483907.7196248,-3,4,-34
1759483907.7576249,-6,2,-43
1759483907.7936249,-6,1,-34
1759483907.832625,2,-4,-36
1759483907.8706248,0,-2,-25
1759483907.908625,1,2,-46
1759483907.944625,-3,3,-39
1759483907.9826248,2,0,-35
1759483908.0196247,6,0,-38
1759483908.0586247,-1,4,-27
1759483908.0946248,4,4,-26
1759483908.1326249,0,0,-32
1759483908.1696248,0,-4,-42
1759483908.2086248,-7,1,-28
1759483908.2446249,-3,-3,-42
1759483908.283625,2,-5,-39
1759483908.3216248,1,-5,-38
1759483908.3596249,-5,1,-33
1759483908.3976247,-4,-8,-45
1759483908.4336247,-4,-5,-42
1759483908.4716249,-5,-1,-34
1759483908.5096247,-7,-4,-40
1759483908.5486248,-1,1,-41
1759483908.5846248,3,-2,-37
1759483908.6216247,-3,-4,-33
1759483908.6596248,2,-3,-40
1759483908.6986248,-1,-1,-43
1759483908.7346249,-3,-3,-38
1759483908.7726247,-3,-4,-44
1759483908.8106248,1,-5,-36
1759483908.8496249,2,0,-38
1759483908.885625,7,0,-35
1759483908.9226248,-4,1,-36
1759483908.9606247,-4,-2,-51
1759483908.9996247,-7,-7,-36
1759483909.0356247,-4,1,-33
1759483909.0726247,0,6,-37
1759483909.1116247,5,8,-48
1759483909.1496248,-7,-5,-49
1759483909.1856248,-7,-7,-43
1759483909.2236247,0,-11,-35
1759483909.2626247,-1,-8,-37
1759483909.3006248,0,0,-39
1759483909.3386247,5,3,-32
1759483909.375625,2,5,-33
1759483909.4126248,3,6,-29
1759483909.4516249,-2,2,-40
1759483909.4896247,-7,0,-41
1759483909.5256248,-2,-4,-47
1759483909.5636249,-1,0,-31
1759483909.6016247,-2,-3,-35
1759483909.6406248,-4,-3,-34
1759483909.6786249,6,-1,-40
1759483909.714625,9,2,-40
1759483909.7516248,4,-3,-41
1759483909.7906249,0,5,-37
1759483909.8286247,0,-2,-29
1759483909.8646247,0,4,-29
1759483909.901625,-4,0,-34
1759483909.9406247,-5,-2,-41
1759483909.9786248,1,-1,-40
1759483910.0146248,-3,2,-43
1759483910.0516248,-4,0,-47
1759483910.0906248,-3,2,-41
1759483910.128625,3,1,-40
1759483910.1646247,0,2,-34
1759483910.2026248,3,3,-22
1759483910.240625,0,0,-29
1759483910.276625,-1,0,-31
1759483910.3146248,4,2,-38
1759483910.352625,1,-1,-42
1759483910.3916247,1,-6,-42
1759483910.4296248,0,2,-44
1759483910.4656248,1,0,-45
1759483910.503625,0,0,-41
1759483910.5426247,0,-2,-43
1759483910.5806248,-1,0,-43
1759483910.6166248,0,0,-39
1759483910.6536248,-4,0,-50
1759483910.6926248,0,-3,-30
1759483910.730625,3,0,-28
1759483910.7666247,5,-2,-27
1759483910.8036249,-3,1,-33
1759483910.842625,-9,7,-34
1759483910.8806248,-7,-1,-37
1759483910.9166248,-1,2,-40
1759483910.9536247,-7,-5,-39
1759483910.9926248,-4,4,-38
1759483911.0306249,0,1,-38
1759483911.0666249,2,0,-36
1759483911.1036248,6,-4,-48
1759483911.1426249,0,-2,-44
1759483911.1806247,-3,0,-38
1759483911.2166247,0,-1,-41
1759483911.253625,-4,-4,-40
1759483911.2926247,-1,0,-38
1759483911.3306248,-4,-6,-42
1759483911.3666248,-4,0,-40
1759483911.4056249,1,2,-38
1759483911.4426248,-1,-1,-42
1759483911.4816248,4,6,-35
1759483911.5196247,1,1,-43
1759483911.5556247,1,3,-44
1759483911.5936248,1,-2,-44
1759483911.6316247,-10,2,-54
1759483911.6696248,-4,3,-44
1759483911.7056248,-4,0,-41
1759483911.7436247,-1,-5,-41
1759483911.7816248,-4,-4,-39
1759483911.819625,0,5,-56
1759483911.855625,0,3,-37
1759483911.8936248,0,0,-44
1759483911.931625,-6,0,-43
1759483911.967625,0,0,-44
1759483912.0056248,-4,4,-28
1759483912.0436249,-4,-3,-32
1759483912.0816247,-3,-5,-40
1759483912.1206248,-4,-3,-39
1759483912.1566248,-5,-1,-28
1759483912.194625,3,-1,-21
1759483912.2326248,0,-1,-35
1759483912.2716248,-5,3,-42
1759483912.3076248,-3,1,-45
1759483912.3466249,-5,0,-45
1759483912.3836248,2,-3,-40
1759483912.4226248,-1,-1,-53
1759483912.4606247,-5,-1,-46
1759483912.4966247,3,-3,-42
1759483912.533625,5,1,-40
1759483912.5726247,-4,8,-33
1759483912.6106248,0,5,-42
1759483912.6466248,3,0,-38
1759483912.684625,0,-3,-32
1759483912.7226248,2,-5,-37
1759483912.760625,4,-2,-39
1759483912.796625,4,-5,-27
1759483912.8356247,0,-3,-25
1759483912.8726249,-2,-1,-36
1759483912.911625,-1,1,-49
1759483912.9476247,0,6,-39
1759483912.9856248,-5,1,-41
1759483913.0226247,5,-1,-34
1759483913.0616248,0,4,-28
1759483913.0976248,-5,0,-41
1759483913.135625,-7,1,-57
1759483913.1736248,2,-4,-35
1759483913.2126248,-3,-6,-45
1759483913.250625,-2,5,-47
1759483913.286625,0,2,-48
1759483913.3236248,-1,0,-38
1759483913.362625,-6,5,-42
1759483913.4006248,-3,1,-46
1759483913.4366248,1,-2,-38
1759483913.4746249,-8,1,-43
1759483913.513625,3,-3,-39
1759483913.5516248,1,-1,-45
1759483913.5876248,7,2,-46
1759483913.625625,-3,0,-50
1759483913.6636248,0,-2,-44
1759483913.7016249,2,3,-38
1759483913.737625,2,1,-42
1759483913.7756248,0,-3,-37
1759483913.8136249,2,0,-35
1759483913.8516247,-2,-2,-36
1759483913.8876247,-7,4,-43
1759483913.9256248,-7,3,-38
1759483913.9636247,-3,0,-46
1759483914.0026248,3,0,-38
1759483914.0386248,-7,-7,-43
1759483914.0766249,0,0,-36
1759483914.1146247,-7,-6,-31
1759483914.1526248,-4,-6,-28
1759483914.1916249,-3,0,-23
1759483914.227625,0,1,-20
1759483914.2656248,-1,-4,-33
1759483914.3046248,-5,-1,-31
1759483914.342625,0,-3,-41
1759483914.378625,3,0,-40
1759483914.4156249,5,4,-41
1759483914.454625,8,1,-40
1759483914.4926248,10,-1,-29
1759483914.5296247,6,-4,-39
1759483914.5666249,0,0,-39
1759483914.6046247,2,4,-36
1759483914.6436248,0,3,-45
1759483914.681625,4,-4,-42
1759483914.717625,14,-1,-37
1759483914.7566247,3,-6,-38
1759483914.7936249,-1,-6,-28
1759483914.832625,-2,-4,-34
1759483914.8696249,0,-11,-36
1759483914.9066248,4,-8,-28
1759483914.9456248,10,-1,-37
1759483914.9836247,3,-8,-35
1759483915.0216248,6,-7,-37
1759483915.0576248,6,-6,-38
1759483915.0946248,3,1,-32
1759483915.1336248,0,6,-34
1759483915.171625,2,5,-45
1759483915.207625,-1,-3,-30
1759483915.2466247,0,0,-39
1759483915.2846248,0,2,-38
1759483915.3226247,7,3,-34
1759483915.3586247,1,1,-45
1759483915.3956249,-5,-4,-45
1759483915.434625,-2,-1,-35
1759483915.4726248,3,-3,-31
1759483915.5086248,6,0,-34
1759483915.5456247,7,1,-39
1759483915.5836248,3,-1,-42
1759483915.6226249,3,-3,-37
1759483915.658625,4,-4,-45
1759483915.6976247,3,3,-32
1759483915.7346249,0,0,-42
1759483915.773625,0,-2,-45
1759483915.809625,8,-6,-32
1759483915.8476248,4,-4,-40
1759483915.8866248,2,-8,-32
1759483915.9236248,-3,0,-32
1759483915.9626248,1,2,-26
1759483915.9986248,1,3,-36
1759483916.036625,7,3,-37
1759483916.0746248,0,1,-38
1759483916.112625,-1,1,-39
1759483916.148625,1,3,-39
1759483916.1866248,-4,0,-37
1759483916.2246249,0,4,-42
1759483916.2626247,4,0,-45
1759483916.2986248,4,0,-36
1759483916.3366249,2,-4,-41
1759483916.3746247,2,-10,-36
1759483916.4126248,1,-3,-29
1759483916.4486248,-1,0,-27
1759483916.4866247,-2,-4,-36
1759483916.5246248,-2,-4,-39
1759483916.5626247,-2,0,-37
1759483916.5986247,5,-7,-35
1759483916.6366248,6,-5,-47
1759483916.6746247,-6,-2,-36
1759483916.7126248,-4,0,-30
1759483916.7486248,0,1,-44
1759483916.786625,-4,3,-31
1759483916.8246248,-4,2,-34
1759483916.862625,-5,-1,-30
1759483916.898625,-3,3,-31
1759483916.9366248,5,-3,-37
1759483916.9746249,3,-4,-37
1759483917.0126247,7,-4,-33
1759483917.0486248,3,0,-51
1759483917.0946248,12,7,-37
1759483917.1326249,0,9,-34
1759483917.1696248,6,8,-22
1759483917.2066247,8,7,-40
1759483917.2456248,6,-1,-43
1759483917.283625,3,1,-46
1759483917.319625,16,-1,-32
1759483917.3576248,12,1,-33
1759483917.3966248,8,3,-38
1759483917.434625,5,2,-29
1759483917.4706247,-5,5,-24
1759483917.5096247,-1,5,-37
1759483917.5476248,-2,-4,-45
1759483917.5856247,1,5,-41
1759483917.6236248,3,-1,-39
1759483917.6596248,1,0,-36
1759483917.6976247,2,2,-41
1759483917.7346249,3,2,-37
1759483917.773625,2,0,-37
1759483917.8106248,6,-1,-38
1759483917.8476248,0,-4,-32
1759483917.8866248,6,3,-29
1759483917.9246247,5,0,-38
1759483917.9606247,3,0,-39
1759483917.9976249,-1,-4,-38
1759483918.036625,2,-1,-42
1759483918.0746248,0,-2,-44
1759483918.1106248,5,-7,-42
1759483918.1476247,-6,-9,-45
1759483918.1866248,-10,1,-30
1759483918.2246249,-4,-1,-37
1759483918.260625,-2,1,-44
1759483918.2986248,0,5,-46
1759483918.3366249,1,3,-44
1759483918.375625,0,-2,-35
1759483918.4136248,-3,-2,-35
1759483918.4496248,0,0,-43
1759483918.4866247,1,0,-36
1759483918.5256248,-4,-6,-32
1759483918.5636249,2,-1,-34
1759483918.5996249,0,-9,-39
1759483918.6366248,3,-13,-43
1759483918.6756248,-3,-14,-36
1759483918.7136247,2,-6,-43
1759483918.7496247,5,-6,-38
1759483918.7886248,-3,-3,-44
1759483918.8256247,-1,1,-33
1759483918.8646247,-1,4,-45
1759483918.9006248,-2,-2,-38
1759483918.9396248,9,2,-32
1759483918.977625,-4,-10,-37
1759483919.0156248,-5,-1,-26
1759483919.0516248,-4,0,-42
1759483919.0906248,-6,0,-45
1759483919.1276248,3,-3,-35
1759483919.1656249,1,-3,-39
1759483919.204625,1,-3,-31
1759483919.240625,4,-4,-33
1759483919.2796247,6,1,-40
1759483919.3166249,7,-7,-43
1759483919.355625,9,1,-41
1759483919.3916247,1,-4,-45
1759483919.4296248,0,0,-43
1759483919.4686248,10,-2,-34
1759483919.5066247,1,3,-45
1759483919.5446248,-6,2,-47
1759483919.5806248,-5,-4,-46
1759483919.6196249,4,-1,-55
1759483919.6576247,5,2,-51
1759483919.6956248,2,1,-40
1759483919.7316248,0,0,-28
1759483919.7696247,1,0,-36
1759483919.806625,0,0,-45
1759483919.8456247,2,2,-45
1759483919.8816247,2,1,-48
1759483919.9196248,-2,0,-41
1759483919.957625,0,4,-33
1759483919.9956248,3,-1,-36
1759483920.0316248,7,-3,-50
1759483920.069625,-4,-1,-29
1759483920.1066248,-6,0,-26
1759483920.1456249,2,0,-42
1759483920.181625,0,-6,-34
1759483920.2196248,1,-4,-39
1759483920.2566247,6,-2,-43
1759483920.2956247,-1,4,-35
1759483920.3316247,0,5,-31
1759483920.3696249,2,7,-31
1759483920.4066248,2,0,-36
1759483920.4456248,-1,6,-33
1759483920.4816248,1,0,-30
1759483920.5196247,3,-5,-40
1759483920.556625,4,-4,-18
1759483920.5956247,0,-6,-43
1759483920.6316247,0,1,-29
1759483920.6696248,-3,-1,-44
1759483920.7066247,1,0,-43
1759483920.7456248,2,4,-39
1759483920.7816248,0,4,-31
1759483920.819625,2,1,-28
1759483920.8566248,-1,-2,-34
1759483920.8956249,-3,-6,-35
1759483920.931625,0,-1,-41
1759483920.9696248,-7,-2,-32
1759483921.0066247,0,-3,-30
1759483921.0456247,3,-9,-40
1759483921.0816247,-1,-1,-26
1759483921.1196249,-5,-1,-28
1759483921.1576247,-9,0,-31
1759483921.1966248,-4,0,-43
1759483921.2326248,5,7,-43
1759483921.2696247,0,4,-43
1759483921.3076248,0,4,-46
1759483921.3466249,1,3,-36
1759483921.3826249,-2,0,-43
1759483921.4196248,1,0,-48
1759483921.457625,3,6,-42
1759483921.4966247,0,-3,-37
1759483921.5326247,-5,0,-24
1759483921.569625,-2,0,-36
1759483921.6076248,-8,1,-37
1759483921.6466248,2,-9,-30
1759483921.6826248,0,0,-28
1759483921.7196248,0,0,-30
1759483921.7576249,6,1,-27
1759483921.796625,0,-10,-42
1759483921.832625,0,-10,-42
1759483921.8696249,4,2,-44
1759483921.908625,0,-1,-44
1759483921.9466248,9,-1,-47
1759483921.9826248,0,0,-49
1759483922.0196247,-6,-4,-34
1759483922.0576248,-7,2,-44
1759483922.0966249,-2,-3,-50
1759483922.1326249,2,-10,-39
1759483922.1706247,7,-2,-38
1759483922.2086248,-3,-2,-38
1759483922.2466247,1,-1,-42
1759483922.2826247,-7,-3,-37
1759483922.3216248,-5,-11,-48
1759483922.3596249,-4,-1,-44
1759483922.3976247,-9,0,-47
1759483922.4356248,-5,3,-41
1759483922.4716249,-5,1,-42
1759483922.510625,0,0,-28
1759483922.5476248,-3,0,-33
1759483922.5866249,-8,-1,-38
1759483922.6226249,-2,5,-44
1759483922.661625,-6,9,-42
1759483922.6996248,-4,-1,-39
1759483922.737625,-6,-4,-40
1759483922.773625,-2,-5,-29
1759483922.8116248,-3,-12,-33
1759483922.8496249,4,-6,-35
1759483922.8876247,-4,-7,-31
1759483922.9266248,1,-2,-42
1759483922.9626248,-3,-7,-46
1759483923.0016248,2,3,-49
1759483923.0396247,7,0,-49
1759483923.0776248,2,4,-44
1759483923.1136248,-1,3,-40
1759483923.151625,5,-5,-29
1759483923.1896248,4,-7,-29
1759483923.227625,1,-5,-41
1759483923.263625,0,-10,-41
1759483923.3016248,-1,-7,-41
1759483923.339625,-4,-5,-29
1759483923.3776248,-1,4,-36
1759483923.4136248,0,0,-35
1759483923.4516249,-5,1,-39
1759483923.4896247,-2,2,-42
1759483923.5276248,2,-6,-41
1759483923.5636249,3,2,-38
1759483923.6006248,2,0,-43
1759483923.6396248,5,-3,-38
1759483923.6776247,4,-6,-35
1759483923.7136247,-3,-4,-41
1759483923.7526248,1,1,-29
1759483923.7896247,-4,6,-33
1759483923.8286247,0,9,-39
1759483923.8666248,-1,2,-42
1759483923.9026248,9,0,-41
1759483923.9396248,7,3,-41
1759483923.9786248,2,4,-38
1759483924.0166247,0,-3,-36
1759483924.0526247,5,-4,-23
1759483924.0916247,12,-7,-37
1759483924.128625,5,1,-43
1759483924.1676247,2,7,-37
1759483924.2036247,5,-4,-38
1759483924.2416248,0,-4,-46
1759483924.2806249,0,0,-38
1759483924.3186247,5,3,-34
1759483924.3546247,2,2,-28
1759483924.3926249,-4,-4,-35
1759483924.4296248,-6,5,-46
1759483924.4686248,-6,1,-36
1759483924.5046248,-5,1,-42
1759483924.5426247,0,-9,-36
1759483924.5806248,-2,-3,-38
1759483924.6186247,6,0,-36
1759483924.6576247,6,1,-42
1759483924.6936247,-3,-2,-40
1759483924.7316248,-1,-6,-38
1759483924.7706249,-3,4,-36
1759483924.8086247,-1,0,-45
1759483924.8456247,-3,-3,-46
1759483924.8826249,4,0,-35
1759483924.9206247,4,-1,-33
1759483924.9596248,1,0,-47
1759483924.9976249,0,1,-55
1759483925.033625,0,0,-43
1759483925.0706248,-6,0,-47
1759483925.1096249,-1,4,-44
1759483925.1476247,-1,5,-40
1759483925.1836247,2,2,-41
1759483925.2216249,-3,6,-38
1759483925.260625,4,1,-38
1759483925.2986248,-4,0,-28
1759483925.3346248,3,0,-33
1759483925.3716247,-2,5,-50
1759483925.4106247,-1,4,-40
1759483925.4486248,0,-4,-39
1759483925.4846249,0,0,-37
1759483925.5216248,-7,-1,-41
1759483925.559625,0,3,-36
1759483925.5986247,-4,-1,-31
1759483925.6346247,-3,3,-29
1759483925.6726248,0,3,-31
1759483925.7106247,-1,0,-31
1759483925.7496247,-3,3,-37
1759483925.7876248,0,-1,-39
1759483925.8236248,0,-2,-42
1759483925.862625,4,-2,-31
1759483925.8996248,2,-10,-36
1759483925.9386249,-1,-5,-32
1759483925.9746249,-5,-3,-37
1759483926.0126247,-6,3,-45
1759483926.0506248,2,0,-41
1759483926.089625,3,-5,-37
1759483926.125625,5,0,-41
1759483926.1626248,-2,1,-45
1759483926.2006247,-5,1,-31
1759483926.2396247,0,-3,-37
1759483926.2756248,-4,-7,-43
1759483926.3136249,-4,-1,-45
1759483926.3516247,-3,3,-52
1759483926.3896248,-2,-3,-51
1759483926.4286249,1,0,-41
1759483926.464625,-3,0,-35
1759483926.503625,0,4,-31
1759483926.5416248,-2,5,-33
1759483926.579625,-4,7,-42
1759483926.615625,-7,0,-48
1759483926.6546247,-4,3,-37
1759483926.6916249,0,1,-45
1759483926.730625,0,1,-40
1759483926.7686248,4,0,-36
1759483926.8046248,3,-3,-42
1759483926.8416247,1,4,-33
1759483926.8806248,-2,0,-32
1759483926.9186249,4,4,-38
1759483926.954625,3,5,-34
1759483926.9926248,-1,3,-41
1759483927.0306249,0,10,-28
1759483927.0686247,-3,0,-35
1759483927.1136248,-6,-9,-32
1759483927.1506248,0,-11,-36
1759483927.1896248,-4,-7,-41
1759483927.2256248,-1,-3,-35
1759483927.263625,1,-5,-40
1759483927.3026247,-2,0,-47
1759483927.3406248,-4,4,-35
1759483927.378625,-3,2,-35
1759483927.4156249,-6,1,-29
1759483927.4526248,-1,-3,-46
1759483927.4916248,-5,3,-36
1759483927.5296247,-3,1,-32
1759483927.5656247,-1,0,-29
1759483927.6036248,1,-7,-45
1759483927.6416247,-3,-3,-37
1759483927.6796248,-1,-2,-33
1759483927.7156248,-2,-1,-40
1759483927.753625,0,1,-35
1759483927.7916248,-6,1,-37
1759483927.8306248,0,1,-49
1759483927.8666248,0,5,-34
1759483927.9036248,0,1,-29
1759483927.9416249,-1,3,-36
1759483927.980625,4,3,-33
1759483928.0166247,-4,-1,-43
1759483928.0556247,-4,-3,-33
1759483928.0936248,-3,-6,-29
1759483928.1306248,-5,1,-42
1759483928.1696248,0,-2,-35
1759483928.2066247,4,2,-47
1759483928.2446249,-2,1,-42
1759483928.2816248,2,-3,-48
1759483928.3206248,0,0,-45
1759483928.3576248,4,7,-48
1759483928.3946247,4,1,-27
1759483928.4336247,-1,-2,-37
1759483928.4716249,5,0,-29
1759483928.5096247,0,-2,-46
1759483928.5456247,2,-2,-36
1759483928.5836248,1,0,-30
1759483928.6216247,0,4,-36
1759483928.6596248,-1,5,-29
1759483928.6956248,-1,-1,-38
1759483928.7336247,0,2,-36
1759483928.7716248,-1,0,-33
1759483928.8106248,-1,2,-27
1759483928.8466249,0,4,-33
1759483928.8836248,9,0,-30
1759483928.921625,3,0,-33
1759483928.9606247,-1,3,-47
1759483928.9966247,-1,0,-45
1759483929.0356247,-1,-1,-38
1759483929.0736248,0,5,-44
1759483929.1116247,-3,2,-51
1759483929.1496248,2,1,-42
1759483929.1856248,0,0,-53
1759483929.2226248,-3,-3,-43
1759483929.2616248,-4,0,-42
1759483929.2996247,-3,2,-35
1759483929.3356247,-3,4,-49
1759483929.3736248,-1,10,-35
1759483929.411625,3,9,-44
1759483929.4476247,-2,9,-41
1759483929.4856248,-1,4,-42
1759483929.523625,6,2,-34
1759483929.5616248,2,5,-26
1759483929.5976248,-5,1,-27
1759483929.6346247,5,-2,-41
1759483929.6736248,1,-3,-42
1759483929.7116249,-6,-1,-44
1759483929.7476249,-5,-4,-44
1759483929.786625,2,2,-34
1759483929.8236248,0,5,-42
1759483929.8616247,1,3,-38
1759483929.9006248,-2,-1,-29
1759483929.9366248,2,2,-48
1759483929.9736247,1,5,-46
1759483930.0116248,-2,2,-36
1759483930.0506248,-1,2,-44
1759483930.0866249,-1,4,-43
1759483930.1236248,2,7,-42
1759483930.1626248,-6,-1,-35
1759483930.2006247,0,-2,-38
1759483930.2366247,-4,0,-36
1759483930.273625,0,-4,-38
1759483930.3126247,2,-3,-51
1759483930.3506248,0,1,-42
1759483930.3866248,0,1,-32
1759483930.4236248,6,4,-33
1759483930.4626248,3,0,-28
1759483930.500625,-1,8,-30
1759483930.536625,-3,3,-31
1759483930.5736248,-4,3,-39
1759483930.612625,-1,-1,-37
1759483930.6506248,3,0,-46
1759483930.6866248,0,1,-43
1759483930.7236247,-3,3,-45
1759483930.7626247,3,0,-49
1759483930.8006248,1,5,-45
1759483930.8366249,0,5,-39
1759483930.8746247,0,-2,-35
1759483930.9136248,6,0,-36
1759483930.9516249,3,5,-41
1759483930.987625,1,1,-35
1759483931.026625,0,-2,-32
1759483931.0636249,8,-6,-38
1759483931.102625,2,-6,-40
1759483931.1406248,-4,-6,-41
1759483931.1776247,-1,-2,-37
1759483931.2166247,0,-4,-36
1759483931.253625,2,-3,-49
1759483931.2926247,0,0,-45
1759483931.3286247,2,-2,-52
1759483931.3666248,0,0,-46
1759483931.4046247,-4,5,-46
1759483931.4436247,-3,4,-30
1759483931.4816248,-4,4,-37
1759483931.5176249,-5,-1,-37
1759483931.5556247,-4,-1,-39
1759483931.5936248,0,2,-28
1759483931.6326249,3,0,-32
1759483931.6686249,-1,6,-23
1759483931.7066247,2,1,-45
1759483931.7446249,1,0,-43
1759483931.7826247,1,5,-47
1759483931.8216248,-5,1,-39
1759483931.8576248,0,-4,-37
1759483931.8956249,3,2,-40
1759483931.9336247,-5,2,-37
1759483931.9726248,-3,-3,-36
1759483932.0086248,-4,-1,-46
1759483932.0476248,-1,5,-36
1759483932.0856247,-6,5,-41
1759483932.1236248,-3,-2,-42
1759483932.161625,-2,0,-39
1759483932.1986248,-2,-6,-33
1759483932.2356248,3,-2,-36
1759483932.273625,-3,1,-34
1759483932.3126247,-5,-1,-39
1759483932.3486247,-7,2,-47
1759483932.385625,-2,2,-41
1759483932.4236248,-5,2,-44
1759483932.4626248,-4,4,-41
1759483932.4986248,0,0,-29
1759483932.5356247,0,-6,-43
1759483932.5746248,-1,3,-48
1759483932.612625,0,3,-47
1759483932.648625,-7,2,-38
1759483932.6866248,-2,-3,-38
1759483932.7246249,0,5,-28
1759483932.763625,0,-3,-26
1759483932.8016248,0,-9,-28
1759483932.8376248,0,-6,-25
1759483932.8746247,0,-11,-31
1759483932.9136248,-2,-1,-32
1759483932.9496248,-6,-5,-32
1759483932.987625,-5,-3,-36
1759483933.026625,0,-1,-27
1759483933.0646248,-3,0,-40
1759483933.102625,-2,3,-39
1759483933.1396248,0,0,-37
1759483933.1766248,1,-10,-51
1759483933.214625,-2,-4,-35
1759483933.253625,-1,-1,-38
1759483933.2896247,2,2,-34
1759483933.3266249,3,1,-36
1759483933.3646247,7,0,-34
1759483933.4036248,1,4,-41
1759483933.4396248,0,0,-37
1759483933.477625,-3,1,-35
1759483933.5146248,-7,3,-34
1759483933.5536249,-3,3,-40
1759483933.589625,-3,-2,-31
1759483933.6276248,-1,-9,-38
1759483933.6666248,0,-4,-46
1759483933.704625,4,-7,-42
1759483933.7426248,5,0,-34
1759483933.7786248,8,1,-34
1759483933.8166249,9,-4,-55
1759483933.855625,-1,5,-51
1759483933.8936248,-3,6,-54
1759483933.9296248,0,7,-54
1759483933.9666247,-7,4,-36
1759483934.0056248,-1,3,-36
1759483934.0436249,4,-3,-28
1759483934.079625,6,0,-28
1759483934.1166248,6,-2,-25
1759483934.1556249,2,-1,-37
1759483934.1936247,0,0,-32
1759483934.2296247,1,-4,-39
1759483934.2666247,-3,-5,-42
1759483934.3056247,-8,-4,-36
1759483934.3436248,0,0,-43
1759483934.3796248,0,-3,-41
1759483934.4166248,-3,8,-44
1759483934.4556248,-7,1,-37
1759483934.4936247,3,0,-47
1759483934.5296247,5,-3,-41
1759483934.5666249,4,-4,-37
1759483934.605625,0,-4,-41
1759483934.6436248,3,2,-43
1759483934.6796248,6,1,-38
1759483934.7166247,-4,12,-43
1759483934.7556248,-1,0,-38
1759483934.7936249,0,0,-42
1759483934.829625,5,-2,-39
1759483934.8666248,2,6,-38
1759483934.9056249,0,-1,-30
1759483934.9436247,3,0,-41
1759483934.9796247,1,-3,-33
1759483935.0176249,-3,4,-40
1759483935.0556247,-8,0,-44
1759483935.0946248,-10,6,-42
1759483935.1306248,-11,7,-40
1759483935.1686249,-1,-2,-40
1759483935.2066247,8,-2,-31
1759483935.2446249,9,1,-35
1759483935.283625,0,0,-44
1759483935.319625,0,-4,-50
1759483935.3586247,8,-5,-49
1759483935.3966248,5,-8,-30
1759483935.434625,-1,-1,-27
1759483935.4706247,0,1,-40
1759483935.5086248,1,-3,-40
1759483935.546625,0,-3,-37
1759483935.5846248,-2,6,-30
1759483935.6206248,2,1,-37
1759483935.658625,-5,4,-47
1759483935.6966248,1,0,-37
1759483935.7346249,0,3,-46
1759483935.7706249,-4,-1,-43
1759483935.8086247,0,0,-33
1759483935.8476248,-1,0,-36
1759483935.885625,-4,-7,-28
1759483935.9236248,-1,3,-46
1759483935.9596248,3,2,-51
1759483935.9976249,5,0,-36
1759483936.0356247,2,6,-36
1759483936.0736248,5,1,-27
1759483936.1096249,4,7,-19
1759483936.1476247,2,-1,-35
1759483936.1856248,-2,0,-46
1759483936.2236247,-2,-7,-44
1759483936.2596247,0,-4,-47
1759483936.2976248,1,0,-43
1759483936.3356247,2,0,-33
1759483936.3716247,2,-1,-39
1759483936.4096248,2,4,-51
1759483936.4486248,0,-5,-35
1759483936.4856248,3,0,-45
1759483936.5246248,0,3,-40
1759483936.5606248,2,2,-41
1759483936.5976248,4,-2,-29
1759483936.635625,5,-2,-51
1759483936.6746247,0,-8,-55
1759483936.7106247,3,-4,-47
1759483936.7496247,-2,-2,-41
1759483936.786625,-7,-5,-30
1759483936.8256247,0,-5,-38
1759483936.862625,8,-3,-37
1759483936.9006248,-4,-6,-34
1759483936.9386249,0,-2,-30
1759483936.9756248,-1,-6,-39
1759483937.0146248,-4,-5,-35
1759483937.0506248,1,-3,-31
1759483937.0886247,0,0,-40
1759483937.1326249,-7,0,-47
1759483937.1706247,-4,-4,-47
1759483937.2086248,-3,2,-45
1759483937.2466247,-3,2,-39
1759483937.2846248,3,2,-40
1759483937.3206248,0,5,-28
1759483937.3586247,0,1,-39
1759483937.3966248,-3,-2,-43
1759483937.434625,8,2,-47
1759483937.4706247,0,4,-40
1759483937.5086248,1,2,-41
1759483937.546625,4,3,-35
1759483937.5846248,4,2,-34
1759483937.6216247,3,0,-28
1759483937.658625,0,1,-43
1759483937.6976247,5,-1,-44
1759483937.7356248,10,2,-33
1759483937.7716248,1,-5,-42
1759483937.809625,5,-4,-36
1759483937.8476248,6,0,-31
1759483937.8866248,1,5,-43
1759483937.9246247,3,3,-44
1759483937.9606247,4,2,-42
1759483937.9976249,7,0,-40
1759483938.036625,-1,-3,-40
1759483938.0746248,4,2,-45
1759483938.1106248,1,0,-43
1759483938.1476247,-3,-5,-30
1759483938.1866248,1,-3,-41
1759483938.2226248,0,-9,-43
1759483938.2596247,4,-6,-40
1759483938.2976248,1,-6,-39
1759483938.3366249,10,1,-42
1759483938.3726249,3,-5,-35
1759483938.4096248,-4,1,-43
1759483938.4476247,-6,2,-37
1759483938.4866247,0,0,-24
1759483938.5226247,-5,5,-38
1759483938.559625,-2,2,-32
1759483938.5976248,-1,2,-31
1759483938.6366248,0,-1,-44
1759483938.6726248,-1,-4,-33
1759483938.7106247,-1,6,-41
1759483938.7486248,-2,7,-37
1759483938.786625,-2,4,-46
1759483938.8256247,1,0,-50
1759483938.8616247,-6,0,-37
1759483938.9006248,-6,9,-31
1759483938.9386249,-7,4,-40
1759483938.9766247,-6,0,-41
1759483939.013625,-7,5,-38
1759483939.0506248,-3,-3,-46
1759483939.0886247,2,-9,-37
1759483939.1276248,-6,7,-45
1759483939.1656249,-3,6,-37
1759483939.2016249,1,7,-42
1759483939.2386248,14,0,-41
1759483939.2776248,7,-5,-34
1759483939.3156247,-3,-5,-40
1759483939.3516247,-2,-7,-48
1759483939.3896248,2,-4,-29
1759483939.4276247,0,-5,-35
1759483939.4666247,0,1,-34
1759483939.503625,0,-4,-36
1759483939.5416248,-2,-4,-39
1759483939.579625,1,-4,-31
1759483939.6176248,-1,0,-28
1759483939.6556249,1,1,-30
1759483939.6916249,7,-2,-28
1759483939.7296247,3,-7,-39
1759483939.7676249,3,0,-43
1759483939.8056247,2,0,-43
1759483939.8416247,-4,0,-40
1759483939.878625,-2,1,-49
1759483939.9176247,-2,-4,-39
1759483939.9536247,-4,1,-38
1759483939.9916248,-4,-4,-28
1759483940.0306249,-5,-3,-35
1759483940.0676248,-8,1,-35
1759483940.1066248,1,0,-33
1759483940.1426249,-5,1,-40
1759483940.1806247,-1,1,-34
1759483940.217625,-3,3,-31
1759483940.2566247,-2,-5,-35
1759483940.2926247,0,-3,-37
1759483940.3306248,-6,0,-46
1759483940.3676248,-4,-1,-30
1759483940.4066248,4,2,-37
1759483940.4426248,-1,0,-39
1759483940.480625,-5,-8,-50
1759483940.5186248,2,-3,-45
1759483940.5576248,6,-2,-50
1759483940.5936248,0,-2,-49
1759483940.6316247,1,-2,-46
1759483940.6686249,-1,0,-38
1759483940.707625,-3,-3,-41
1759483940.7436247,2,-1,-32
1759483940.7816248,2,0,-35
1759483940.819625,-2,0,-39
1759483940.8586247,1,1,-32
1759483940.8966248,-5,1,-37
1759483940.9326248,-1,0,-44
1759483940.9696248,-7,0,-39
1759483941.0086248,1,-9,-51
1759483941.046625,6,-1,-25
1759483941.082625,3,1,-33
1759483941.1196249,-1,1,-21
1759483941.158625,-1,-9,-40
1759483941.1966248,0,1,-34
1759483941.2326248,0,3,-33
1759483941.2696247,0,0,-47
1759483941.3086247,1,2,-40
1759483941.3466249,2,0,-53
1759483941.3826249,-3,1,-48
1759483941.421625,-6,0,-44
1759483941.4586248,-6,0,-30
1759483941.4966247,0,4,-40
1759483941.5326247,0,3,-36
1759483941.5706248,0,-1,-35
1759483941.6086247,4,1,-44
1759483941.6446247,0,4,-54
1759483941.6836247,1,9,-40
1759483941.7216249,-3,-1,-42
1759483941.7586248,1,0,-46
1759483941.7976248,2,1,-41
1759483941.8336248,-1,-3,-39
1759483941.8716247,0,-5,-39
1759483941.9096248,0,4,-51
1759483941.9486248,0,2,-40
1759483941.9846249,0,-7,-34
1759483942.0216248,6,2,-48
1759483942.059625,-4,7,-38
1759483942.0986247,0,1,-35
1759483942.1346247,2,-2,-47
1759483942.171625,7,4,-34
1759483942.2096248,8,4,-40
1759483942.2486248,0,1,-35
1759483942.2846248,0,-1,-32
1759483942.3226247,0,-2,-32
1759483942.3606248,0,-3,-39
1759483942.3996248,0,2,-45
1759483942.4376247,3,0,-37
1759483942.4736247,2,0,-43
1759483942.510625,5,-2,-38
1759483942.5496247,0,0,-29
1759483942.5876248,-9,0,-42
1759483942.6236248,0,-3,-27
1759483942.661625,-3,-6,-42
1759483942.7006247,0,-5,-37
1759483942.7386248,2,-2,-33
1759483942.7746248,0,-6,-52
1759483942.8136249,0,-4,-48
1759483942.8506248,-3,-2,-37
1759483942.8896248,-1,-2,-44
1759483942.9276247,-2,0,-54
1759483942.9636247,0,0,-44
1759483943.0026248,-4,-6,-43
1759483943.0396247,8,-3,-38
1759483943.0786247,0,-2,-42
1759483943.1146247,1,-8,-37
1759483943.151625,4,-3,-34
1759483943.1906247,1,-2,-37
1759483943.2286248,-9,0,-48
1759483943.2646248,-2,3,-45
1759483943.3016248,-5,1,-43
1759483943.339625,-8,-1,-48
1759483943.378625,-2,1,-47
1759483943.4146247,0,1,-48
1759483943.4516249,-8,5,-40
1759483943.490625,-2,-4,-32
1759483943.5286248,-1,0,-37
1759483943.5646248,2,0,-36
1759483943.6016247,-2,0,-35
1759483943.6396248,3,1,-44
1759483943.6786249,2,-1,-45
1759483943.714625,4,2,-46
1759483943.7516248,-2,-4,-47
1759483943.7906249,3,-4,-43
1759483943.8286247,4,3,-55
1759483943.8646247,7,0,-43
1759483943.901625,0,0,-40
1759483943.9396248,-1,0,-29
1759483943.9786248,-6,-1,-39
1759483944.0146248,2,4,-35
1759483944.0516248,3,-1,-46
1759483944.0906248,3,4,-35
1759483944.128625,1,-2,-35
1759483944.1646247,-1,-1,-31
1759483944.2036247,-1,-1,-23
1759483944.2416248,2,-4,-33
1759483944.2796247,1,-6,-39
1759483944.3166249,8,-2,-40
1759483944.3546247,3,0,-35
1759483944.3916247,6,-3,-31
1759483944.4306247,4,-4,-36
1759483944.4686248,7,-5,-36
1759483944.5046248,5,-4,-36
1759483944.5416248,4,-4,-34
1759483944.5806248,0,-5,-48
1759483944.6186247,5,-5,-33
1759483944.6546247,5,-6,-29
1759483944.6916249,0,0,-38
1759483944.730625,-5,-1,-29
1759483944.7686248,-10,0,-36
1759483944.8046248,-8,-5,-35
1759483944.8436248,-3,-3,-42
1759483944.8806248,-1,-4,-43
1759483944.9196248,0,0,-43
1759483944.9556248,-5,-7,-36
1759483944.9936247,0,4,-27
1759483945.0316248,-1,12,-25
1759483945.0706248,4,9,-35
1759483945.1086247,-8,-1,-36
1759483945.1446247,-1,-4,-35
1759483945.1826248,-4,0,-37
1759483945.2216249,5,0,-34
1759483945.2596247,-1,0,-26
1759483945.2956247,-3,-4,-43
1759483945.3346248,0,1,-38
1759483945.3716247,8,-3,-39
1759483945.4106247,5,0,-46
1759483945.4466248,-2,6,-50
1759483945.4846249,7,7,-38
1759483945.5226247,3,3,-41
1759483945.5616248,5,5,-32
1759483945.5996249,-1,-2,-34
1759483945.635625,0,0,-43
1759483945.6736248,5,-5,-39
1759483945.7126248,4,0,-41
1759483945.750625,3,-2,-40
1759483945.786625,5,0,-31
1759483945.8246248,-5,-1,-49
1759483945.862625,-1,-4,-35
1759483945.9006248,-6,0,-26
1759483945.9366248,5,5,-28
1759483945.9746249,3,-1,-32
1759483946.0126247,9,2,-41
1759483946.0506248,-2,-7,-35
1759483946.0866249,-3,-1,-31
1759483946.125625,-1,-4,-37
1759483946.1626248,3,-5,-36
1759483946.2016249,-3,-2,-49
1759483946.2396247,-3,-6,-34
1759483946.2756248,0,0,-37
1759483946.3126247,0,4,-51
1759483946.3516247,0,-5,-53
1759483946.3896248,3,0,-38
1759483946.4256248,-1,2,-24
1759483946.4626248,-7,1,-30
1759483946.5016248,-3,0,-41
1759483946.5396247,-2,2,-37
1759483946.5756247,-5,-1,-41
1759483946.6146247,2,1,-30
1759483946.651625,-5,5,-30
1759483946.6906247,-1,-2,-46
1759483946.7266247,2,-5,-42
1759483946.7656248,-2,-5,-35
1759483946.8026247,-3,-3,-38
1759483946.8416247,-2,-3,-31
1759483946.8776248,0,-6,-44
1759483946.9146247,0,-6,-53
1759483946.9526248,-1,2,-46
1759483946.9916248,-4,0,-52
1759483947.0276248,0,-5,-35
1759483947.0646248,-4,-1,-38
1759483947.1036248,2,-3,-41
1759483947.1476247,1,-3,-32
1759483947.1856248,4,0,-49
1759483947.2236247,3,0,-38
1759483947.2616248,2,3,-46
1759483947.2976248,7,-5,-38
1759483947.3356247,1,-4,-31
1759483947.3736248,0,-2,-30
1759483947.411625,2,-1,-36
1759483947.4506247,-3,-4,-43
1759483947.4866247,-2,-1,-39
1759483947.5256248,-1,-3,-34
1759483947.5636249,4,-5,-43
1759483947.6016247,-3,-2,-26
1759483947.638625,0,6,-34
1759483947.6766248,5,3,-40
1759483947.714625,9,2,-41
1759483947.7526248,4,2,-46
1759483947.7906249,5,3,-37
1759483947.8266249,2,-2,-54
1759483947.8646247,0,0,-49
1759483947.9026248,0,-6,-38
1759483947.9406247,0,-1,-29
1759483947.9766247,-6,0,-45
1759483948.0146248,0,-6,-29
1759483948.0526247,0,-7,-31
1759483948.0906248,1,-1,-32
1759483948.1266248,0,2,-36
1759483948.1646247,-6,0,-43
1759483948.2026248,0,-2,-38
1759483948.240625,-1,-1,-31
1759483948.276625,-2,0,-33
1759483948.3146248,9,1,-46
1759483948.352625,-3,-1,-41
1759483948.3906248,5,-4,-38
1759483948.4266248,-2,-5,-33
1759483948.464625,-7,-1,-37
1759483948.5026248,1,2,-40
1759483948.5416248,1,2,-37
1759483948.5776248,5,-1,-33
1759483948.6146247,1,0,-25
1759483948.6526248,2,3,-24
1759483948.6916249,0,-1,-38
1759483948.727625,-6,2,-40
1759483948.7656248,-4,-4,-38
1759483948.8046248,-3,8,-44
1759483948.842625,1,1,-41
1759483948.878625,6,6,-40
1759483948.9156249,5,0,-34
1759483948.954625,10,0,-38
1759483948.9926248,9,-4,-45
1759483949.0286248,5,7,-43
1759483949.0656247,-1,4,-36
1759483949.1036248,5,-2,-37
1759483949.1426249,6,1,-39
1759483949.1786249,0,1,-42
1759483949.2156248,-2,-2,-41
1759483949.2546248,2,-6,-41
1759483949.2926247,2,-5,-47
1759483949.3286247,1,-13,-40
1759483949.3666248,-1,-1,-40
1759483949.4046247,-1,-7,-31
1759483949.4436247,3,-9,-31
1759483949.4816248,-3,-5,-29
1759483949.5176249,-7,-1,-37
1759483949.556625,0,3,-44
1759483949.5936248,-6,1,-31
1759483949.6326249,2,3,-37
1759483949.6686249,-7,2,-35
1759483949.7066247,8,5,-47
1759483949.7436247,5,-5,-51
1759483949.7826247,-6,0,-38
1759483949.8186247,-5,-1,-48
1759483949.8576248,-8,0,-34
1759483949.8946247,-7,-2,-35
1759483949.9336247,-1,1,-34
1759483949.9716249,-1,0,-35
1759483950.0076249,0,0,-39
1759483950.0446248,-1,-2,-34
1759483950.0836248,3,-1,-25
1759483950.1216247,0,-3,-35
1759483950.1576247,0,-2,-35
1759483950.194625,5,1,-43
1759483950.2336247,-1,-1,-44
1759483950.2716248,-5,1,-36
1759483950.3076248,-4,0,-38
1759483950.3446248,0,-7,-38
1759483950.3836248,5,-1,-33
1759483950.4196248,3,-1,-42
1759483950.4566247,3,6,-36
1759483950.4946249,0,0,-32
1759483950.533625,2,3,-34
1759483950.569625,-7,0,-25
1759483950.6066248,0,1,-30
1759483950.6446247,-2,2,-45
1759483950.6836247,1,6,-40
1759483950.7196248,0,-5,-26
1759483950.7576249,6,-1,-33
1759483950.7946248,1,1,-40
1759483950.8336248,-5,-4,-52
1759483950.8696249,-1,-3,-51
1759483950.9076247,3,-8,-46
1759483950.9456248,0,-5,-41
1759483950.9836247,-2,-3,-40
1759483951.0226247,-4,-6,-36
1759483951.0586247,0,-2,-32
1759483951.0976248,1,2,-39
1759483951.1346247,4,-10,-41
1759483951.1736248,2,-3,-34
1759483951.2096248,7,0,-30
1759483951.2466247,7,3,-52
1759483951.2846248,5,-1,-48
1759483951.3236248,5,-9,-44
1759483951.3596249,0,1,-34
1759483951.3966248,0,12,-47
1759483951.434625,3,4,-35
1759483951.4736247,5,-2,-47
1759483951.5096247,3,-3,-44
1759483951.5486248,-3,0,-37
1759483951.5866249,0,6,-45
1759483951.6246247,0,-1,-29
1759483951.6626248,-2,0,-34
1759483951.6986248,-4,0,-33
1759483951.7366247,0,0,-36
1759483951.7756248,6,6,-39
1759483951.8136249,7,1,-36
1759483951.8496249,2,0,-40
1759483951.8876247,2,-2,-44
1759483951.9246247,3,0,-41
1759483951.9636247,6,0,-33
1759483951.9996247,6,0,-41
1759483952.0376248,2,-2,-29
1759483952.0746248,3,0,-27
1759483952.1136248,-2,7,-46
1759483952.1496248,-4,7,-47
1759483952.1876247,-4,0,-39
1759483952.2256248,-2,-5,-34
1759483952.2646248,-2,-2,-29
1759483952.3006248,11,0,-36
1759483952.3376248,3,2,-49
1759483952.3766248,-7,7,-39
1759483952.4146247,-2,-3,-35
1759483952.4506247,0,-4,-40
1759483952.4886248,-3,0,-51
1759483952.5276248,-11,1,-45
1759483952.5646248,4,2,-36
1759483952.6036248,5,3,-34
1759483952.6396248,2,-4,-42
1759483952.6766248,0,-2,-33
1759483952.714625,-3,-3,-25
1759483952.753625,0,3,-37
1759483952.7896247,2,0,-41
1759483952.8276248,0,3,-41
1759483952.865625,8,2,-32
1759483952.9036248,-2,0,-43
1759483952.9396248,-5,-5,-42
1759483952.9786248,0,-3,-42
1759483953.0156248,-3,-1,-40
1759483953.0546248,-1,0,-23
1759483953.0906248,-9,-4,-33
1759483953.128625,-1,-3,-35
1759483953.1676247,0,1,-33
1759483953.2056248,-7,5,-36
1759483953.2436247,1,3,-42
1759483953.2796247,0,-2,-46
1759483953.3176248,3,-8,-44
1759483953.355625,-3,-1,-36
1759483953.3936248,-5,0,-38
1759483953.4296248,-3,2,-34
1759483953.467625,-3,0,-47
1759483953.5056248,2,-1,-38
1759483953.5436249,3,-1,-44
1759483953.579625,1,3,-38
1759483953.6166248,1,0,-35
1759483953.6556249,-3,-4,-35
1759483953.6936247,0,-1,-46
1759483953.7296247,1,-1,-42
1759483953.7686248,2,0,-34
1759483953.8056247,4,-1,-46
1759483953.8446248,2,1,-39
1759483953.8806248,3,1,-35
1759483953.9186249,5,2,-40
1759483953.9566247,0,-1,-28
1759483953.9946249,3,-1,-32
1759483954.0306249,4,-4,-43
1759483954.0686247,5,3,-46
1759483954.105625,0,2,-40
1759483954.1446247,-7,-5,-41
1759483954.1806247,-3,-3,-31
1759483954.2196248,4,-6,-28
1759483954.2566247,5,-5,-35
1759483954.2956247,0,2,-50
1759483954.3316247,0,1,-40
1759483954.3696249,4,0,-39
1759483954.4066248,8,0,-31
1759483954.4456248,-2,-1,-28
1759483954.4816248,-4,-3,-39
1759483954.5206249,1,-6,-37
1759483954.5586247,6,4,-40
1759483954.5966249,0,-4,-38
1759483954.6346247,3,-1,-39
1759483954.671625,-2,-1,-40
1759483954.7086248,-8,0,-39
1759483954.7466247,-5,-2,-36
1759483954.7856247,-4,-1,-45
1759483954.8216248,0,0,-40
1759483954.8596249,0,0,-47
1759483954.8966248,14,1,-42
1759483954.9356248,6,2,-39
1759483954.9716249,2,-4,-37
1759483955.0086248,0,-5,-40
1759483955.0476248,1,-6,-47
1759483955.0856247,2,-2,-33
1759483955.1216247,1,3,-27
1759483955.158625,2,0,-52
1759483955.1966248,0,0,-47
1759483955.2356248,0,3,-38
1759483955.2716248,0,-1,-39
1759483955.3086247,4,-3,-42
1759483955.3476248,2,-5,-39
1759483955.385625,2,-7,-33
1759483955.421625,-3,4,-33
1759483955.4606247,-2,4,-40
1759483955.4976249,0,-5,-40
1759483955.536625,3,-1,-30
1759483955.5726247,0,1,-32
1759483955.6106248,5,-1,-34
1759483955.6476247,4,-1,-30
1759483955.6866248,0,-3,-31
1759483955.7226248,-3,-2,-36
1759483955.7616248,0,-5,-43
1759483955.7986248,0,0,-38
1759483955.8366249,-5,2,-34
1759483955.875625,5,-4,-38
1759483955.911625,-1,-2,-42
1759483955.9496248,2,-3,-44
1759483955.9886248,-4,1,-37
1759483956.026625,0,0,-35
1759483956.0636249,3,-9,-44
1759483956.1006248,2,-3,-40
1759483956.138625,-5,0,-43
1759483956.1776247,0,0,-41
1759483956.2156248,8,-1,-47
1759483956.2516248,0,4,-39
1759483956.2886248,-1,1,-45
1759483956.3276248,5,0,-40
1759483956.365625,2,1,-36
1759483956.401625,-5,-4,-41
1759483956.4406247,-3,-8,-37
1759483956.477625,0,-6,-38
1759483956.5166247,-5,0,-32
1759483956.5526247,0,2,-34
1759483956.5906248,1,-5,-39
1759483956.628625,0,-9,-32
1759483956.6666248,-2,-6,-40
1759483956.7026248,-2,-1,-43
1759483956.7416248,6,6,-41
1759483956.7796247,0,4,-35
1759483956.8176248,1,1,-42
1759483956.855625,4,0,-42
1759483956.8916247,4,6,-55
1759483956.9296248,0,4,-40
1759483956.967625,0,2,-37
1759483957.0056248,-4,3,-42
1759483957.0416248,0,-5,-43
1759483957.0786247,0,-4,-37
1759483957.1176248,1,-3,-45
1759483957.161625,-3,-2,-49
1759483957.1996248,2,-7,-46
1759483957.237625,2,4,-46
1759483957.273625,-2,-1,-34
1759483957.3126247,0,1,-34
1759483957.3496249,-3,-8,-41
1759483957.3876247,-7,-11,-37
1759483957.4266248,-6,6,-37
1759483957.4626248,1,3,-46
1759483957.4996247,-3,-4,-41
1759483957.5386248,2,-6,-35
1759483957.5766249,0,-4,-47
1759483957.612625,-7,0,-45
1759483957.651625,0,-5,-37
1759483957.6886249,-5,-1,-38
1759483957.727625,-3,-4,-40
1759483957.763625,-2,-4,-34
1759483957.8016248,-6,-1,-36
1759483957.839625,5,-9,-30
1759483957.8776248,4,-5,-43
1759483957.9166248,4,-2,-31
1759483957.9536247,2,2,-37
1759483957.990625,0,-5,-34
1759483958.0296247,-2,-5,-41
1759483958.0676248,-3,-4,-31
1759483958.1036248,-5,2,-34
1759483958.1406248,-5,-1,-44
1759483958.1796248,0,-5,-35
1759483958.217625,0,-5,-38
1759483958.253625,2,-1,-42
1759483958.2926247,2,-4,-42
1759483958.329625,2,-4,-43
1759483958.3686247,-7,-6,-48
1759483958.4066248,0,-5,-55
1759483958.4426248,0,-4,-49
1759483958.480625,-4,-3,-35
1759483958.5186248,-3,0,-32
1759483958.556625,2,-3,-44
1759483958.592625,-5,2,-38
1759483958.6306248,-5,1,-41
1759483958.6686249,-8,2,-39
1759483958.7066247,-5,-2,-40
1759483958.7426248,-3,-4,-31
1759483958.7806249,-7,-1,-46
1759483958.8186247,-1,-6,-37
1759483958.8576248,-1,0,-38
1759483958.8936248,-3,1,-46
1759483958.9306247,1,2,-45
1759483958.9686248,-3,3,-38
1759483959.0076249,2,5,-35
1759483959.0436249,-4,5,-39
1759483959.0816247,-8,3,-43
1759483959.1186247,-1,-5,-50
1759483959.1576247,0,-6,-43
1759483959.1936247,-3,-1,-40
1759483959.2316248,-2,-5,-30
1759483959.2696247,-1,0,-27
1759483959.3086247,-4,1,-46
1759483959.3446248,-2,-2,-45
1759483959.3836248,1,-5,-41
1759483959.421625,-4,-2,-50
1759483959.4586248,-5,3,-48
1759483959.4976249,-1,0,-45
1759483959.533625,4,0,-41
1759483959.5706248,1,0,-38
1759483959.6086247,5,3,-39
1759483959.6476247,4,1,-33
1759483959.6836247,8,0,-32
1759483959.7206247,4,2,-39
1759483959.7596247,0,4,-43
1759483959.7976248,0,0,-50
1759483959.8336248,4,5,-46
1759483959.8706248,-1,-1,-36
1759483959.9096248,-5,-1,-43
1759483959.9476247,0,0,-58
1759483959.9836247,-4,5,-36
1759483960.0216248,-1,3,-35
1759483960.0606248,-3,5,-49
1759483960.0986247,-2,-7,-39
1759483960.1346247,0,-8,-30
1759483960.1726248,2,-8,-38
1759483960.2106247,4,-3,-39
1759483960.2486248,7,-2,-35
1759483960.2846248,4,4,-34
1759483960.3226247,0,2,-36
1759483960.3606248,8,-4,-30
1759483960.398625,3,-7,-31
1759483960.434625,2,0,-45
1759483960.4726248,4,0,-49
1759483960.510625,4,3,-39
1759483960.5486248,1,3,-34
1759483960.5846248,-7,0,-40
1759483960.6226249,-10,7,-36
1759483960.6596248,-1,2,-39
1759483960.6986248,-3,4,-36
1759483960.7346249,-3,5,-38
1759483960.7716248,-1,0,-41
1759483960.809625,7,0,-37
1759483960.8486247,3,0,-27
1759483960.8846247,-1,2,-35
1759483960.9236248,5,3,-38
1759483960.9616249,-1,-10,-38
1759483960.9996247,0,-1,-39
1759483961.0356247,0,-2,-27
1759483961.0726247,2,-1,-45
1759483961.1116247,2,-6,-40
1759483961.1496248,5,-2,-38
1759483961.1856248,4,1,-42
1759483961.2236247,-1,-4,-44
1759483961.2596247,1,-6,-49
1759483961.2986248,1,-2,-39
1759483961.3356247,0,0,-35
1759483961.3736248,1,2,-25
1759483961.411625,3,0,-36
1759483961.4496248,3,-1,-40
1759483961.4856248,0,0,-38
1759483961.523625,0,-7,-37
1759483961.5606248,-2,0,-43
1759483961.5996249,-1,-4,-41
1759483961.635625,6,0,-39
1759483961.6726248,3,1,-35
1759483961.7106247,6,-8,-29
1759483961.7496247,3,0,-32
1759483961.7856247,8,1,-30
1759483961.8226247,4,1,-41
1759483961.8606248,-1,0,-54
1759483961.8996248,0,-2,-41
1759483961.9356248,2,-1,-31
1759483961.9736247,-5,-6,-34
1759483962.0126247,-1,2,-39
1759483962.0506248,0,-1,-35
1759483962.0886247,-1,-2,-45
1759483962.125625,-5,0,-47
1759483962.1626248,-1,0,-47
1759483962.2006247,0,1,-40
1759483962.2396247,10,-1,-50
1759483962.2756248,0,2,-40
1759483962.3126247,0,-7,-32
1759483962.3516247,-1,-7,-37
1759483962.3896248,-3,-5,-49
1759483962.4256248,-5,-1,-39
1759483962.464625,-6,1,-38
1759483962.5016248,-1,2,-37
1759483962.5406249,-4,0,-29
1759483962.5766249,0,4,-44
1759483962.6136248,5,5,-39
1759483962.651625,-1,-9,-32
1759483962.6906247,0,-2,-34
1759483962.7266247,1,2,-38
1759483962.763625,-1,1,-31
1759483962.8016248,0,0,-36
1759483962.8406248,-1,7,-38
1759483962.8766248,-2,-1,-41
1759483962.9146247,-8,-4,-38
1759483962.9526248,-2,-3,-33
1759483962.9916248,-2,-1,-40
1759483963.0296247,1,0,-36
1759483963.0656247,1,1,-31
1759483963.102625,1,-3,-44
1759483963.1406248,0,3,-37
1759483963.1796248,0,-3,-40
1759483963.2156248,-1,-6,-34
1759483963.2546248,-1,-5,-22
1759483963.2916248,8,0,-35
1759483963.3306248,2,0,-37
1759483963.3666248,3,2,-39
1759483963.4046247,4,2,-45
1759483963.4426248,5,2,-41
1759483963.480625,6,7,-35
1759483963.5176249,3,7,-34
1759483963.5546248,0,6,-43
1759483963.5936248,2,-2,-49
1759483963.6316247,4,-1,-49
1759483963.6696248,0,0,-38
1759483963.7056248,3,5,-43
1759483963.7436247,6,-1,-46
1759483963.7816248,-3,3,-50
1759483963.819625,-2,0,-36
1759483963.855625,-5,-1,-27
1759483963.8946247,-4,1,-35
1759483963.931625,0,-3,-39
1759483963.9706247,0,-2,-42
1759483964.0066247,-2,0,-40
1759483964.0436249,0,2,-41
1759483964.0816247,-4,-5,-40
1759483964.1206248,2,-7,-37
1759483964.1566248,1,-5,-45
1759483964.194625,-8,0,-39
1759483964.2316248,-8,0,-35
1759483964.2706249,-7,-2,-27
1759483964.306625,-1,0,-44
1759483964.3446248,2,-1,-43
1759483964.3816247,-2,-2,-40
1759483964.4206247,-2,5,-48
1759483964.4566247,-1,3,-39
1759483964.4946249,-1,1,-46
1759483964.5316248,7,9,-42
1759483964.5706248,-4,5,-35
1759483964.6066248,-6,3,-37
1759483964.6446247,-2,0,-44
1759483964.6826248,-3,-2,-41
1759483964.7216249,4,-7,-46
1759483964.7576249,-5,-4,-38
1759483964.7956247,0,2,-31
1759483964.8346248,3,-1,-38
1759483964.8726249,4,-2,-34
1759483964.9106247,7,1,-37
1759483964.9476247,3,0,-34
1759483964.9856248,0,-4,-32
1759483965.023625,5,-6,-32
1759483965.0616248,2,-3,-38
1759483965.0976248,9,0,-44
1759483965.135625,4,-4,-42
1759483965.1736248,3,0,-46
1759483965.2116249,3,3,-39
1759483965.2476249,2,1,-43
1759483965.2846248,4,1,-43
1759483965.3236248,-6,-5,-43
1759483965.3616247,3,0,-42
1759483965.3976247,0,-2,-39
1759483965.434625,1,-5,-47
1759483965.4736247,0,0,-49
1759483965.5116248,0,-7,-40
1759483965.5476248,2,-1,-47
1759483965.5866249,6,-6,-43
1759483965.6236248,2,-3,-47
1759483965.6626248,0,-1,-40
1759483965.7006247,5,0,-53
1759483965.7366247,1,1,-44
1759483965.7756248,1,5,-41
1759483965.8136249,0,0,-45
1759483965.8516247,2,0,-48
1759483965.8876247,-4,2,-40
1759483965.9256248,0,-2,-34
1759483965.9636247,-3,4,-42
1759483966.0026248,9,5,-45
1759483966.0386248,4,-3,-34
1759483966.0766249,1,-3,-41
1759483966.1146247,-2,-4,-37
1759483966.1536248,5,0,-39
1759483966.1916249,0,0,-39
1759483966.227625,-6,0,-38
1759483966.2666247,-1,-3,-36
1759483966.3046248,5,-2,-32
1759483966.342625,0,1,-39
1759483966.378625,-3,-3,-44
1759483966.4166248,-4,-2,-46
1759483966.4556248,2,-3,-37
1759483966.4926248,0,-2,-46
1759483966.5316248,1,-4,-46
1759483966.5676248,0,0,-40
1759483966.6046247,-1,2,-46
1759483966.6426249,0,0,-52
1759483966.681625,3,6,-48
1759483966.717625,6,1,-46
1759483966.7556248,5,-2,-42
1759483966.7936249,0,0,-46
1759483966.8316247,2,0,-34
1759483966.8676248,3,-2,-34
1759483966.9056249,2,-1,-29
1759483966.9436247,0,1,-29
1759483966.9816248,1,-7,-40
1759483967.0176249,5,-6,-36
1759483967.0556247,2,-2,-35
1759483967.0936248,-1,7,-36
1759483967.1316247,-10,0,-38
1759483967.1766248,2,-3,-40
1759483967.2136247,1,0,-55
1759483967.2526248,0,2,-40
1759483967.2886248,6,2,-40
1759483967.3256247,-3,0,-45
1759483967.3636248,-1,-3,-48
1759483967.4026248,0,-1,-42
1759483967.4386249,-6,-1,-37
1759483967.477625,3,4,-32
1759483967.5146248,6,7,-39
1759483967.5536249,2,4,-41
1759483967.5916247,0,-6,-51
1759483967.6276248,-2,-1,-46
1759483967.6656249,5,0,-40
1759483967.704625,10,-5,-25
1759483967.7426248,13,0,-30
1759483967.7796247,3,-7,-39
1759483967.8166249,-1,-3,-37
1759483967.855625,-2,-5,-34
1759483967.8936248,3,1,-35
1759483967.9296248,0,3,-34
1759483967.9666247,0,-3,-40
1759483968.0056248,0,-3,-43
1759483968.0436249,8,-6,-37
1759483968.079625,9,2,-39
1759483968.1166248,1,-1,-42
1759483968.1556249,2,-2,-41
1759483968.1936247,2,-1,-35
1759483968.2296247,-7,0,-28
1759483968.2686248,0,0,-27
1759483968.306625,0,7,-38
1759483968.3436248,-1,-4,-42
1759483968.3826249,-3,-6,-46
1759483968.4186249,-1,6,-52
1759483968.4556248,-5,-1,-50
1759483968.4946249,-6,-1,-42
1759483968.5326247,9,2,-36
1759483968.5686247,10,2,-36
1759483968.6066248,0,-7,-39
1759483968.6446247,2,-2,-34
1759483968.6826248,-6,-8,-42
1759483968.7186248,-4,-1,-42
1759483968.7566247,-1,4,-44
1759483968.7946248,0,0,-31
1759483968.8336248,-1,1,-35
1759483968.8696249,2,-1,-39
1759483968.9076247,0,0,-48
1759483968.944625,-4,-2,-41
1759483968.9836247,-4,-1,-47
1759483969.0196247,0,-3,-59
1759483969.0576248,0,-1,-43
1759483969.0946248,0,-3,-36
1759483969.1336248,-3,1,-39
1759483969.1696248,0,2,-29
1759483969.2066247,-2,-1,-35
1759483969.2446249,-7,3,-39
1759483969.283625,-1,1,-41
1759483969.319625,0,0,-39
1759483969.3576248,-1,2,-40
1759483969.3956249,0,7,-37
1759483969.434625,3,4,-34
1759483969.4706247,2,0,-50
1759483969.5076249,4,0,-37
1759483969.5456247,-3,-7,-44
1759483969.5846248,2,1,-47
1759483969.6206248,-2,3,-47
1759483969.658625,-3,2,-41
1759483969.6966248,0,-3,-30
1759483969.7346249,4,1,-41
1759483969.773625,-2,-1,-34
1759483969.809625,-5,0,-38
1759483969.8486247,4,-5,-47
1759483969.8866248,2,-2,-47
1759483969.9246247,-2,7,-42
1759483969.9606247,-8,5,-34
1759483969.9986248,-4,-3,-33
1759483970.036625,0,0,-46
1759483970.0746248,0,-2,-38
1759483970.1106248,5,-3,-36
1759483970.148625,0,-1,-24
1759483970.1866248,3,-7,-35
1759483970.2246249,3,-1,-35
1759483970.260625,4,1,-45
1759483970.2986248,1,0,-30
1759483970.3356247,5,4,-33
1759483970.3746247,-2,1,-25
1759483970.4106247,-2,0,-27
1759483970.4486248,4,-1,-30
1759483970.4856248,-5,-2,-34
1759483970.5246248,-5,2,-29
1759483970.5606248,-4,5,-35
1759483970.5976248,0,3,-50
1759483970.635625,3,7,-46
1759483970.6746247,3,2,-37
1759483970.7106247,-5,4,-33
1759483970.7486248,-3,2,-41
1759483970.7856247,-2,8,-37
1759483970.8246248,-1,7,-31
1759483970.8606248,1,3,-39
1759483970.8976247,1,3,-40
1759483970.9356248,4,-3,-36
1759483970.9746249,1,-7,-34
1759483971.010625,0,-5,-41
1759483971.0476248,0,0,-33
1759483971.0856247,0,-5,-40
1759483971.1246247,-3,-10,-35
1759483971.1606247,-6,-7,-33
1759483971.1996248,1,3,-40
1759483971.237625,0,1,-34
1759483971.2756248,-3,0,-39
1759483971.3116248,0,-3,-46
1759483971.3496249,4,-1,-43
1759483971.3876247,-5,-2,-38
1759483971.4256248,0,1,-42
1759483971.4616249,5,3,-31
1759483971.4996247,-3,0,-37
1759483971.536625,-5,-4,-27
1759483971.5756247,-1,1,-44
1759483971.6116247,3,-1,-49
1759483971.6496248,1,5,-43
1759483971.6866248,0,2,-40
1759483971.7256248,5,-2,-43
1759483971.7616248,2,5,-49
1759483971.7986248,-4,1,-41
1759483971.8366249,0,-7,-39
1759483971.875625,-5,-2,-27
1759483971.911625,5,-3,-38
1759483971.9486248,7,-1,-43
1759483971.987625,9,-1,-35
1759483972.0256248,7,-3,-30
1759483972.0616248,0,0,-31
1759483972.0986247,0,-8,-44
1759483972.1376247,0,-1,-41
1759483972.1756248,2,-1,-34
1759483972.2116249,3,-4,-39
1759483972.2486248,-11,3,-43
1759483972.2876248,0,5,-42
1759483972.3256247,0,4,-31
1759483972.3616247,3,7,-39
1759483972.398625,4,1,-40
1759483972.4366248,2,-5,-44
1759483972.4756248,3,-1,-45
1759483972.5116248,-2,2,-32
1759483972.5506248,-7,0,-34
1759483972.5876248,0,0,-35
1759483972.6266248,2,5,-42
1759483972.6646247,-8,-4,-47
1759483972.7006247,-4,-2,-41
1759483972.7396247,0,3,-46
1759483972.7776248,-8,1,-35
1759483972.8156247,0,-1,-45
1759483972.8516247,-1,-2,-38
1759483972.8896248,-1,-2,-39
1759483972.9276247,-2,-4,-54
1759483972.9666247,4,-4,-35
1759483973.0026248,3,1,-36
1759483973.0396247,8,7,-40
1759483973.0776248,0,0,-42
1759483973.1166248,8,1,-43
1759483973.1526248,1,1,-42
1759483973.1896248,-5,0,-36
1759483973.2286248,-11,-2,-37
1759483973.2666247,-3,-5,-31
1759483973.3026247,-3,0,-40
1759483973.339625,0,3,-35
1759483973.378625,0,-3,-36
1759483973.4166248,0,0,-41
1759483973.4526248,6,-4,-45
1759483973.4896247,-6,-7,-38
1759483973.5276248,-6,-4,-40
1759483973.5666249,-2,-4,-36
1759483973.602625,3,-3,-40
1759483973.6406248,-2,1,-35
1759483973.6786249,-1,2,-40
1759483973.717625,-1,1,-46
1759483973.7556248,-2,5,-42
1759483973.7926247,3,-3,-44
1759483973.8306248,6,-6,-48
1759483973.8686247,-2,-5,-37
1759483973.9066248,0,5,-24
1759483973.9426248,1,3,-26
1759483973.9796247,-2,2,-40
1759483974.0186248,1,4,-38
1759483974.056625,5,-3,-38
1759483974.092625,5,0,-44
1759483974.1296248,-1,-5,-45
1759483974.1686249,0,-5,-46
1759483974.2066247,2,3,-40
1759483974.2426248,8,5,-47
1759483974.2806249,3,2,-35
1759483974.3186247,3,-2,-29
1759483974.3566248,-3,0,-40
1759483974.3926249,-1,-3,-50
1759483974.431625,0,-1,-46
1759483974.4686248,-1,-1,-45
1759483974.5076249,-3,-2,-29
1759483974.5456247,0,4,-25
1759483974.5816247,5,11,-25
1759483974.6196249,5,12,-30
1759483974.6576247,8,5,-37
1759483974.6936247,0,0,-34
1759483974.7316248,2,-7,-37
1759483974.7686248,5,-3,-37
1759483974.8076248,-1,3,-41
1759483974.8436248,-5,5,-34
1759483974.8806248,6,-4,-37
1759483974.9196248,-6,0,-39
1759483974.957625,-7,-6,-43
1759483974.9936247,-9,-4,-33
1759483975.0316248,2,-3,-30
1759483975.0706248,0,-8,-23
1759483975.1076248,-1,-5,-33
1759483975.1466248,-1,-6,-36
1759483975.1826248,1,-6,-40
1759483975.2206247,0,0,-36
1759483975.2596247,-2,2,-33
1759483975.2976248,0,3,-33
1759483975.3336248,2,-3,-35
1759483975.3706248,-7,0,-41
1759483975.408625,-2,0,-48
1759483975.4476247,-10,-3,-39
1759483975.4836247,-1,-2,-47
1759483975.5216248,0,4,-38
1759483975.5606248,0,4,-39
1759483975.5986247,-1,6,-29
1759483975.6366248,7,-2,-29
1759483975.6736248,-2,2,-38
1759483975.7106247,2,0,-29
1759483975.7486248,-1,1,-23
1759483975.7876248,1,0,-37
1759483975.8236248,5,-1,-44
1759483975.8606248,3,6,-37
1759483975.898625,5,3,-33
1759483975.9376247,7,-3,-37
1759483975.9766247,-6,2,-36
1759483976.0126247,-3,-5,-34
1759483976.0506248,-4,0,-42
1759483976.0886247,-6,-5,-42
1759483976.1276248,-3,2,-35
1759483976.1636248,-3,-4,-27
1759483976.2016249,5,3,-35
1759483976.2396247,2,1,-36
1759483976.2786248,3,3,-38
1759483976.3166249,7,0,-40
1759483976.352625,5,1,-40
1759483976.3916247,0,0,-35
1759483976.4296248,-3,-3,-36
1759483976.467625,4,0,-37
1759483976.503625,1,4,-34
1759483976.5406249,9,2,-37
1759483976.579625,3,0,-30
1759483976.6176248,0,1,-28
1759483976.6536248,-2,4,-38
1759483976.6916249,-1,2,-39
1759483976.7296247,1,5,-50
1759483976.7676249,0,-3,-50
1759483976.8036249,0,-1,-42
1759483976.8406248,0,-4,-29
1759483976.8796248,3,-4,-33
1759483976.9176247,0,-5,-31
1759483976.9536247,0,-5,-24
1759483976.9926248,5,-7,-28
1759483977.0296247,-3,-3,-35
1759483977.0686247,-1,0,-30
1759483977.1046247,2,-5,-34
1759483977.1426249,1,-10,-22
1759483977.1886249,1,-1,-39
1759483977.2246249,0,3,-37
1759483977.2616248,-4,1,-44
1759483977.3006248,2,4,-49
1759483977.3386247,2,0,-40
1759483977.3746247,3,4,-47
1759483977.4126248,5,5,-33
1759483977.4506247,-1,0,-28
1759483977.4886248,-10,-9,-41
1759483977.5246248,-4,0,-41
1759483977.5636249,1,4,-28
1759483977.6006248,-7,5,-35
1759483977.6396248,-1,-7,-35
1759483977.6776247,3,-6,-39
1759483977.7136247,2,0,-43
1759483977.750625,6,-1,-36
1759483977.7896247,0,0,-37
1759483977.8276248,2,0,-31
1759483977.8636248,4,-2,-31
1759483977.9006248,0,5,-34
1759483977.9396248,0,0,-37
1759483977.977625,-1,0,-40
1759483978.013625,-2,-2,-41
1759483978.0516248,0,-2,-43
1759483978.089625,-3,-2,-47
1759483978.128625,2,-10,-46
1759483978.1646247,-1,-5,-41
1759483978.2026248,-1,1,-38
1759483978.240625,0,8,-53
1759483978.2796247,7,3,-45
1759483978.3156247,0,5,-40
1759483978.352625,1,6,-42
1759483978.3906248,9,8,-38
1759483978.4296248,3,7,-47
1759483978.4656248,7,1,-41
1759483978.5026248,0,4,-38
1759483978.5416248,-4,-8,-43
1759483978.579625,1,-5,-42
1759483978.615625,2,5,-39
1759483978.6526248,6,6,-45
1759483978.6906247,-2,4,-33
1759483978.7296247,2,4,-35
1759483978.7656248,0,4,-32
1759483978.8026247,1,2,-31
1759483978.8416247,6,6,-42
1759483978.8796248,10,2,-40
1759483978.9156249,1,-2,-35
1759483978.9526248,1,0,-36
1759483978.990625,6,1,-37
1759483979.0296247,0,-5,-42
1759483979.0656247,4,-3,-28
1759483979.102625,3,5,-45
1759483979.1416247,2,-4,-42
1759483979.1796248,2,-3,-36
1759483979.2156248,5,1,-39
1759483979.253625,0,-2,-36
1759483979.2916248,1,3,-33
1759483979.329625,2,-2,-33
1759483979.365625,0,-2,-39
1759483979.4026248,-3,0,-36
1759483979.4406247,-2,-2,-35
1759483979.4796247,5,-6,-37
1759483979.5156248,0,0,-52
1759483979.5526247,1,-5,-32
1759483979.5906248,0,-4,-44
1759483979.6296248,-1,-7,-41
1759483979.6656249,0,-7,-40
1759483979.7036247,0,0,-38
1759483979.7416248,3,3,-34
1759483979.7806249,7,2,-40
1759483979.8186247,0,1,-36
1759483979.8546247,5,-3,-28
1759483979.8936248,7,-3,-23
1759483979.9306247,6,-11,-37
1759483979.9696248,2,-1,-45
1759483980.0056248,-5,-1,-51
1759483980.0446248,-3,-6,-40
1759483980.0816247,-5,0,-34
1759483980.1206248,5,0,-40
1759483980.1566248,-3,1,-35
1759483980.194625,0,6,-32
1759483980.2326248,-4,4,-44
1759483980.2716248,-4,4,-34
1759483980.309625,0,-4,-36
1759483980.3456247,2,-4,-44
1759483980.3826249,0,-1,-35
1759483980.4206247,-2,5,-43
1759483980.4596248,2,2,-41
1759483980.4956248,-4,2,-45
1759483980.533625,5,4,-44
1759483980.5716248,-5,0,-47
1759483980.6106248,-7,0,-45
1759483980.6466248,-5,3,-42
1759483980.6856248,-2,8,-40
1759483980.7236247,1,0,-34
1759483980.7616248,-4,-4,-26
1759483980.7996247,-4,6,-42
1759483980.8356247,3,1,-39
1759483980.8736248,4,0,-25
1759483980.911625,2,0,-33
1759483980.9496248,3,-1,-33
1759483980.9856248,8,0,-37
1759483981.023625,0,-6,-42
1759483981.0616248,0,0,-51
1759483981.0996249,1,1,-51
1759483981.135625,3,2,-27
1759483981.1736248,6,4,-34
1759483981.2116249,0,0,-31
1759483981.2496247,2,-3,-36
1759483981.2856247,2,0,-36
1759483981.3236248,0,-3,-34
1759483981.3616247,-2,-4,-38
1759483981.3996248,-5,0,-46
1759483981.4356248,0,-2,-37
1759483981.4736247,2,-6,-35
1759483981.5116248,2,2,-36
1759483981.5506248,8,4,-36
1759483981.5866249,7,3,-46
1759483981.6236248,10,-3,-35
1759483981.6626248,1,-11,-26
1759483981.7006247,2,1,-43
1759483981.7366247,0,-1,-44
1759483981.773625,-2,0,-34
1759483981.8126247,0,3,-37
1759483981.8506248,-6,-5,-45
1759483981.8866248,-5,-8,-42
1759483981.9256248,-2,-2,-40
1759483981.9626248,-6,0,-43
1759483982.0016248,2,-8,-32
1759483982.0376248,2,-10,-44
1759483982.0756247,-1,-6,-33
1759483982.1146247,-3,-4,-35
1759483982.151625,-10,-4,-33
1759483982.1906247,0,-10,-37
1759483982.2266247,4,-9,-29
1759483982.2646248,3,0,-39
1759483982.3036249,-3,2,-49
1759483982.3416247,-4,0,-43
1759483982.3776248,2,0,-30
1759483982.4156249,0,-1,-36
1759483982.4536247,0,0,-37
1759483982.4916248,-6,-6,-44
1759483982.5286248,-4,2,-32
1759483982.5656247,0,-1,-36
1759483982.6036248,2,-3,-38
1759483982.6426249,-1,-3,-36
1759483982.6806247,2,-4,-47
1759483982.7166247,0,1,-33
1759483982.753625,0,-2,-29
1759483982.7926247,2,-5,-34
1759483982.8306248,2,0,-43
1759483982.8666248,5,0,-40
1759483982.9036248,-3,-3,-45
1759483982.9426248,6,-3,-44
1759483982.980625,-1,-4,-36
1759483983.0166247,-10,-3,-25
1759483983.0546248,-4,-7,-36
1759483983.092625,-8,-1,-38
1759483983.1316247,-5,-1,-40
1759483983.1676247,3,3,-34
1759483983.204625,6,-7,-39
1759483983.2436247,5,-9,-36
1759483983.2816248,5,-9,-39
1759483983.3176248,2,-5,-35
1759483983.355625,6,-3,-44
1759483983.3946247,0,0,-44
1759483983.4326248,2,0,-41
1759483983.4686248,-7,-1,-43
1759483983.5066247,0,3,-29
1759483983.5456247,3,1,-35
1759483983.582625,2,2,-32
1759483983.6216247,6,-3,-43
1759483983.6576247,0,0,-32
1759483983.6956248,1,-10,-36
1759483983.7326248,2,-1,-41
1759483983.7716248,-1,5,-39
1759483983.8076248,-4,5,-38
1759483983.8466249,-1,6,-45
1759483983.8836248,-2,4,-47
1759483983.9226248,3,0,-49
1759483983.9596248,0,-3,-44
1759483983.9966247,-4,-1,-42
1759483984.0346248,1,3,-41
1759483984.0726247,-3,0,-37
1759483984.1116247,-3,3,-34
1759483984.1476247,4,4,-41
1759483984.184625,0,-6,-49
1759483984.2236247,-3,2,-44
1759483984.2616248,1,5,-44
1759483984.2976248,2,0,-45
1759483984.3346248,2,7,-38
1759483984.3736248,-1,5,-44
1759483984.411625,1,2,-44
1759483984.4476247,4,-1,-38
1759483984.4846249,-1,4,-49
1759483984.523625,1,2,-43
1759483984.5616248,1,1,-40
1759483984.5976248,-4,5,-44
1759483984.635625,-6,0,-41
1759483984.6736248,-1,0,-41
1759483984.7116249,-3,1,-46
1759483984.7476249,-6,-5,-49
1759483984.7856247,-2,-1,-48
1759483984.8236248,5,2,-35
1759483984.862625,2,-1,-35
1759483984.898625,6,-4,-36
1759483984.9366248,0,-6,-42
1759483984.9756248,5,6,-54
1759483985.013625,-8,2,-46
1759483985.0496247,-16,-6,-39
1759483985.0876248,-2,0,-38
1759483985.125625,0,9,-37
1759483985.1646247,-2,6,-39
1759483985.2026248,-3,5,-33
1759483985.2386248,-2,1,-35
1759483985.2756248,4,0,-41
1759483985.3146248,-4,6,-38
1759483985.352625,6,2,-42
1759483985.388625,5,-1,-44
1759483985.4256248,-3,-5,-33
1759483985.464625,1,-3,-32
1759483985.5026248,3,0,-39
1759483985.5386248,-3,-2,-32
1759483985.5776248,-2,-2,-43
1759483985.6146247,-5,-4,-35
1759483985.6536248,-3,-5,-36
1759483985.6896248,2,-2,-41
1759483985.727625,5,1,-49
1759483985.7646248,0,0,-45
1759483985.8036249,4,1,-36
1759483985.839625,0,5,-36
1759483985.8776248,2,1,-42
1759483985.9146247,6,-4,-34
1759483985.9536247,4,-5,-30
1759483985.9896247,1,-1,-37
1759483986.0276248,-1,2,-18
1759483986.0646248,-1,-3,-26
1759483986.1036248,0,4,-29
1759483986.1396248,1,4,-42
1759483986.1776247,0,-5,-38
1759483986.2156248,2,-1,-37
1759483986.253625,0,0,-30
1759483986.2896247,0,-6,-33
1759483986.3276248,3,-2,-35
1759483986.3646247,4,-3,-45
1759483986.4036248,4,-6,-47
1759483986.4396248,-2,-1,-30
1759483986.477625,1,8,-44
1759483986.5156248,-1,-4,-43
1759483986.5546248,0,-7,-37
1759483986.592625,0,-5,-43
1759483986.628625,0,-6,-37
1759483986.6666248,0,3,-30
1759483986.704625,0,-1,-44
1759483986.7436247,-1,3,-42
1759483986.7806249,-4,2,-37
1759483986.8186247,-7,3,-34
1759483986.8566248,-3,-1,-40
1759483986.8946247,5,2,-36
1759483986.9306247,0,-3,-43
1759483986.9696248,2,3,-33
1759483987.0066247,1,2,-43
1759483987.0446248,7,-3,-34
1759483987.0836248,-3,-4,-29
1759483987.1196249,3,-3,-34
1759483987.1566248,-2,-8,-36
1759483987.2016249,6,-2,-32
1759483987.2396247,5,4,-36
1759483987.2776248,-2,5,-29
1759483987.3156247,-7,7,-31
1759483987.3536248,-3,0,-42
1759483987.3896248,-1,-6,-38
1759483987.4286249,2,1,-46
1759483987.4656248,2,-2,-41
1759483987.5046248,2,-3,-50
1759483987.5406249,0,-3,-41
1759483987.579625,0,-5,-40
1759483987.6166248,0,-2,-46
1759483987.6556249,1,-5,-32
1759483987.6936247,-7,-5,-32
1759483987.7296247,-7,1,-33
1759483987.7676249,-4,-5,-32
1759483987.806625,2,-3,-28
1759483987.8446248,3,0,-37
1759483987.8816247,4,0,-44
1759483987.9186249,0,-2,-31
1759483987.957625,-5,1,-33
1759483987.9956248,-3,-6,-32
1759483988.033625,-2,-2,-40
1759483988.069625,0,-5,-42
1759483988.1076248,-7,0,-40
1759483988.1456249,5,2,-34
1759483988.184625,5,0,-30
1759483988.2206247,-1,1,-34
1759483988.2586248,0,3,-33
1759483988.2956247,4,3,-57
1759483988.3346248,-10,0,-45
1759483988.3706248,-4,3,-43
1759483988.408625,-3,3,-40
1759483988.4466248,2,-1,-45
1759483988.4856248,-1,-4,-40
1759483988.523625,1,-5,-45
1759483988.559625,2,-6,-46
1759483988.5976248,2,0,-34
1759483988.635625,-2,-5,-35
1759483988.6746247,4,-3,-36
1759483988.7106247,4,-1,-38
1759483988.7496247,-4,1,-27
1759483988.7876248,-3,-3,-29
1759483988.8256247,6,4,-37
1759483988.8616247,3,3,-37
1759483988.8996248,0,5,-37
1759483988.9376247,5,-2,-43
1759483988.9756248,10,6,-39
1759483989.0116248,3,3,-42
1759483989.0486248,3,0,-34
1759483989.0876248,1,0,-35
1759483989.125625,0,-6,-32
1759483989.161625,4,-1,-32
1759483989.1996248,-2,-7,-33
1759483989.237625,1,-7,-33
1759483989.2756248,7,-2,-41
1759483989.3116248,6,0,-40
1759483989.3506248,0,-3,-24
1759483989.388625,2,4,-33
1759483989.4266248,0,-2,-31
1759483989.464625,0,-1,-33
1759483989.500625,-3,-2,-37
1759483989.5386248,0,3,-40
1759483989.5766249,-2,1,-44
1759483989.615625,0,-3,-40
1759483989.651625,-1,-1,-31
1759483989.6896248,-2,0,-33
1759483989.7286248,6,-1,-30
1759483989.7666247,5,0,-44
1759483989.8046248,0,4,-46
1759483989.8406248,0,0,-37
1759483989.8776248,-1,-1,-31
1759483989.9166248,-6,2,-38
1759483989.954625,1,7,-47
1759483989.990625,1,-3,-45
1759483990.0286248,-3,2,-33
1759483990.0666249,-4,6,-44
1759483990.1046247,1,6,-55
1759483990.1406248,0,-2,-37
1759483990.1776247,1,-1,-40
1759483990.2166247,-5,0,-49
1759483990.2546248,4,-3,-42
1759483990.2906249,5,-4,-39
1759483990.3276248,11,-4,-30
1759483990.3666248,3,0,-26
1759483990.4026248,0,-1,-25
1759483990.4416249,0,-3,-23
1759483990.4786248,4,-5,-28
1759483990.5176249,0,-7,-35
1759483990.5556247,11,0,-38
1759483990.5916247,8,0,-44
1759483990.6296248,-4,7,-51
1759483990.6676247,2,-3,-48
1759483990.7056248,-5,-3,-41
1759483990.7416248,-1,5,-44
1759483990.7796247,3,0,-39
1759483990.8176248,-5,-2,-43
1759483990.855625,-3,-8,-28
1759483990.8916247,0,-10,-41
1759483990.9296248,0,-4,-40
1759483990.9666247,-3,1,-38
1759483991.0056248,-1,2,-41
1759483991.0416248,4,0,-31
1759483991.0786247,3,0,-36
1759483991.1176248,0,-1,-29
1759483991.1556249,0,3,-28
1759483991.1916249,-7,3,-28
1759483991.2296247,-4,-3,-36
1759483991.2676249,-5,0,-39
1759483991.3056247,-1,0,-48
1759483991.3416247,8,-3,-47
1759483991.378625,2,-1,-31
1759483991.4176247,-2,-2,-39
1759483991.4556248,-4,0,-45
1759483991.4916248,-5,0,-43
1759483991.5286248,-3,-1,-45
1759483991.5676248,11,0,-41
1759483991.605625,6,-2,-32
1759483991.6416247,1,-7,-34
1759483991.6796248,0,1,-45
1759483991.7186248,-3,3,-52
1759483991.7566247,1,0,-44
1759483991.7926247,-6,1,-41
1759483991.8306248,-7,0,-30
1759483991.8686247,-4,1,-30
1759483991.9066248,0,-1,-33
1759483991.9426248,4,0,-41
1759483991.980625,4,2,-22
1759483992.0186248,0,2,-32
1759483992.056625,0,-2,-36
1759483992.092625,-6,-2,-43
1759483992.1306248,-1,7,-43
1759483992.1686249,0,0,-44
1759483992.207625,-7,0,-41
1759483992.2436247,-3,-4,-41
1759483992.2826247,-4,-4,-35
1759483992.319625,-3,1,-47
1759483992.3576248,0,-4,-47
1759483992.3966248,-1,1,-51
1759483992.4326248,-2,2,-45
1759483992.4696248,5,3,-42
1759483992.5086248,5,0,-42
1759483992.546625,9,3,-34
1759483992.582625,0,2,-35
1759483992.6196249,1,2,-34
1759483992.6576247,0,2,-34
1759483992.6966248,-6,0,-46
1759483992.7326248,-3,-3,-41
1759483992.7706249,-4,-3,-36
1759483992.8086247,-3,-2,-40
1759483992.8476248,-4,-1,-41
1759483992.8836248,-8,0,-38
1759483992.9226248,-1,6,-44
1759483992.9606247,1,-2,-39
1759483992.9986248,6,3,-44
1759483993.036625,2,2,-45
1759483993.0726247,-2,1,-32
1759483993.1106248,10,2,-37
1759483993.1496248,4,7,-38
1759483993.1876247,3,2,-41
1759483993.2236247,0,1,-44
1759483993.2616248,0,-5,-42
1759483993.2996247,0,-3,-51
1759483993.3376248,2,-2,-49
1759483993.3746247,5,0,-48
1759483993.411625,4,1,-50
1759483993.4496248,-1,0,-46
1759483993.4886248,0,-6,-43
1759483993.526625,-5,1,-40
1759483993.5626247,-11,0,-41
1759483993.6006248,-2,0,-33
1759483993.6396248,3,0,-28
1759483993.6776247,4,8,-40
1759483993.7136247,-3,3,-36
1759483993.7516248,5,0,-37
1759483993.7896247,1,-6,-45
1759483993.8286247,-1,1,-35
1759483993.8646247,-12,-4,-35
1759483993.9036248,-7,5,-41
1759483993.9406247,-2,0,-39
1759483993.9786248,0,-1,-31
1759483994.0176249,6,-1,-40
1759483994.0536249,-2,1,-46
1759483994.0916247,0,0,-40
1759483994.128625,5,0,-49
1759483994.1676247,3,-1,-33
1759483994.2036247,-3,2,-39
1759483994.2416248,-5,-2,-37
1759483994.2796247,-12,-4,-38
1759483994.3186247,0,1,-37
1759483994.3546247,-4,-2,-28
1759483994.3926249,-2,3,-29
1759483994.4306247,0,2,-32
1759483994.4686248,0,4,-37
1759483994.5076249,2,0,-36
1759483994.5436249,8,5,-38
1759483994.582625,0,0,-45
1759483994.6196249,-5,-2,-30
1759483994.658625,1,-7,-34
1759483994.694625,1,0,-32
1759483994.7326248,-5,-5,-40
1759483994.7696247,-6,3,-39
1759483994.8086247,2,9,-38
1759483994.8446248,0,-3,-34
1759483994.8816247,5,-3,-27
1759483994.9196248,7,-1,-32
1759483994.9586248,0,-1,-40
1759483994.9946249,-2,-4,-51
1759483995.0326247,-2,2,-43
1759483995.0716248,-4,5,-37
1759483995.1096249,-4,7,-35
1759483995.1476247,3,2,-39
1759483995.184625,-3,-1,-39
1759483995.2226248,0,-1,-41
1759483995.2596247,-1,4,-37
1759483995.2986248,-3,-3,-30
1759483995.3346248,-4,-4,-23
1759483995.3726249,0,-5,-23
1759483995.4106247,-2,-6,-40
1759483995.4496248,0,-1,-39
1759483995.487625,-3,-5,-37
1759483995.523625,-4,-6,-38
1759483995.5626247,-8,0,-43
1759483995.5996249,-6,6,-44
1759483995.638625,5,3,-31
1759483995.6746247,5,6,-29
1759483995.7116249,1,-1,-29
1759483995.750625,-7,-2,-37
1759483995.7886248,-3,1,-28
1759483995.8246248,3,-1,-32
1759483995.862625,0,-1,-42
1759483995.8996248,2,-1,-34
1759483995.9386249,-2,-2,-45
1759483995.9746249,-1,2,-47
1759483996.0126247,1,2,-47
1759483996.0506248,4,2,-46
1759483996.0886247,0,0,-42
1759483996.1246247,-1,-2,-37
1759483996.1636248,-3,0,-39
1759483996.2016249,-1,-1,-32
1759483996.2396247,-6,2,-39
1759483996.2756248,-12,0,-40
1759483996.3136249,-2,0,-38
1759483996.352625,2,4,-35
1759483996.3906248,3,5,-38
1759483996.4286249,2,6,-28
1759483996.464625,-3,-3,-40
1759483996.5026248,0,-2,-38
1759483996.5406249,2,-4,-47
1759483996.579625,5,0,-44
1759483996.615625,1,0,-35
1759483996.6526248,4,3,-33
1759483996.6906247,-8,-1,-21
1759483996.7296247,1,-3,-31
1759483996.7656248,-4,-1,-34
1759483996.8036249,-7,0,-34
1759483996.8416247,0,-1,-37
1759483996.8806248,-1,6,-38
1759483996.9186249,0,2,-38
1759483996.954625,-1,-1,-40
1759483996.9936247,11,3,-35
1759483997.0306249,1,0,-34
1759483997.069625,-4,3,-38
1759483997.105625,-8,2,-38
1759483997.1436248,-5,2,-41
1759483997.1806247,5,4,-31
1759483997.2256248,6,8,-36
1759483997.263625,8,1,-31
1759483997.3016248,1,5,-39
1759483997.339625,5,-2,-24
1759483997.375625,11,4,-46
1759483997.4126248,10,0,-43
1759483997.4516249,8,-1,-41
1759483997.4896247,4,1,-32
1759483997.5256248,-4,0,-35
1759483997.5626247,-6,0,-36
1759483997.6016247,-1,-7,-43
1759483997.6396248,-1,-7,-39
1759483997.6756248,-4,-7,-50
1759483997.714625,1,-9,-45
1759483997.7526248,3,-2,-35
1759483997.7906249,0,5,-42
1759483997.8266249,7,5,-34
1759483997.8646247,3,-1,-30
1759483997.901625,0,0,-43
1759483997.9406247,2,-1,-49
1759483997.977625,2,0,-45
1759483998.0146248,-4,0,-44
1759483998.0526247,4,0,-40
1759483998.0916247,4,-5,-43
1759483998.1296248,2,0,-33
1759483998.1656249,4,3,-28
1759483998.2036247,-8,-4,-44
1759483998.2416248,-5,-7,-29
1759483998.2796247,-1,-1,-43
1759483998.3156247,3,-1,-37
1759483998.3536248,5,0,-32
1759483998.3916247,3,4,-39
1759483998.4296248,4,1,-38
1759483998.4656248,5,0,-46
1759483998.503625,2,-6,-45
1759483998.5416248,-4,-9,-37
1759483998.579625,-3,-6,-43
1759483998.615625,4,-11,-46
1759483998.6546247,1,3,-30
1759483998.6916249,-2,-1,-32
1759483998.730625,0,-5,-36
1759483998.7666247,-1,1,-41
1759483998.8036249,6,0,-33
1759483998.8416247,0,0,-37
1759483998.8806248,7,6,-32
1759483998.9166248,0,0,-41
1759483998.9536247,1,-4,-37
1759483998.9916248,2,-5,-43
1759483999.0306249,-5,2,-36
1759483999.0666249,7,1,-39
1759483999.1036248,1,-2,-29
1759483999.1416247,4,8,-45
1759483999.1806247,5,1,-32
1759483999.2166247,4,0,-31
1759483999.253625,-5,0,-36
1759483999.2916248,-7,-7,-53
1759483999.3306248,0,2,-38
1759483999.3666248,0,3,-41
1759483999.4036248,3,4,-33
1759483999.4416249,-4,0,-32
1759483999.480625,0,-1,-51
1759483999.5166247,3,-2,-43
1759483999.5536249,0,-3,-38
1759483999.5916247,6,-2,-34
1759483999.6306248,-1,-2,-38
1759483999.6666248,4,0,-36
1759483999.704625,2,0,-35
1759483999.7416248,0,0,-36
1759483999.7806249,-2,-4,-40
1759483999.8166249,0,-4,-32
1759483999.8546247,0,0,-44
1759483999.8926249,2,0,-34
1759483999.9306247,0,4,-35
1759483999.9666247,4,-2,-31
1759484000.0046248,4,0,-38
1759484000.0426247,5,-5,-35
1759484000.0806248,8,0,-38
1759484000.1166248,0,-6,-28
1759484000.1546247,6,-4,-41
1759484000.1926248,-7,-4,-36
1759484000.230625,-5,3,-36
1759484000.2666247,-6,-2,-41
1759484000.3046248,-9,-2,-42
1759484000.3436248,-11,0,-27
1759484000.3816247,-1,-2,-39
1759484000.4176247,-3,1,-40
1759484000.4566247,-5,0,-48
1759484000.4946249,-1,-7,-46
1759484000.5326247,-4,-5,-49
1759484000.5706248,-5,-3,-40
1759484000.6066248,-2,-2,-35
1759484000.6446247,0,0,-43
1759484000.6826248,0,3,-41
1759484000.7216249,0,6,-37
1759484000.7576249,-1,1,-36
1759484000.7956247,0,-1,-29
1759484000.8336248,-4,-2,-35
1759484000.8726249,-2,7,-25
1759484000.908625,2,1,-40
1759484000.9466248,0,-2,-43
1759484000.9836247,2,-6,-33
1759484001.0226247,1,4,-31
1759484001.0586247,9,4,-29
1759484001.0966249,0,2,-32
1759484001.1336248,3,-1,-49
1759484001.1726248,-1,-2,-43
1759484001.2086248,3,3,-42
1759484001.2466247,4,-1,-41
1759484001.283625,1,2,-38
1759484001.3226247,0,0,-50
1759484001.3586247,0,0,-36
1759484001.3966248,3,0,-37
1759484001.4336247,2,4,-46
1759484001.4726248,10,8,-37
1759484001.5086248,4,6,-35
1759484001.546625,4,4,-25
1759484001.5836248,0,1,-43
1759484001.6226249,4,6,-47
1759484001.658625,5,2,-52
1759484001.6966248,6,4,-37
1759484001.7336247,-1,0,-36
1759484001.7726247,1,0,-43
1759484001.8086247,-5,1,-36
1759484001.8466249,1,-5,-49
1759484001.8846247,1,-5,-37
1759484001.9226248,0,0,-35
1759484001.9586248,1,1,-40
1759484001.9966247,7,1,-39
1759484002.033625,6,-1,-45
1759484002.0726247,7,-2,-49
1759484002.1086247,0,-5,-44
1759484002.1456249,2,2,-33
1759484002.1836247,3,-1,-28
1759484002.2226248,0,-5,-30
1759484002.2586248,3,-4,-46
1759484002.296625,-3,-5,-41
1759484002.3336248,4,-2,-26
1759484002.3726249,3,-2,-28
1759484002.408625,0,2,-13
1759484002.4456248,-5,5,-30
1759484002.4846249,0,4,-32
1759484002.5226247,-3,-7,-37
1759484002.5586247,-4,0,-26
1759484002.5976248,1,0,-36
1759484002.6346247,1,-3,-34
1759484002.6736248,0,0,-34
1759484002.7096248,1,-2,-33
1759484002.7466247,1,-1,-27
1759484002.7846248,4,-8,-28
1759484002.8236248,3,-4,-32
1759484002.8596249,-1,0,-30
1759484002.8976247,7,-2,-45
1759484002.934625,3,-3,-42
1759484002.9736247,2,0,-33
1759484003.0096247,1,0,-39
1759484003.0476248,-5,-1,-37
1759484003.0846248,-6,-1,-40
1759484003.1236248,-4,-1,-34
1759484003.1596248,-2,-2,-42
1759484003.1976247,-1,1,-40
1759484003.2356248,-9,-1,-27
1759484003.2746248,-5,-10,-24
1759484003.3126247,1,-7,-27
1759484003.3486247,-3,-9,-34
1759484003.3866248,-5,-5,-47
1759484003.4256248,0,-3,-36
1759484003.4636247,-2,-8,-36
1759484003.4996247,-2,0,-33
1759484003.5386248,3,0,-41
1759484003.5756247,4,0,-48
1759484003.6146247,3,0,-40
1759484003.6526248,-5,2,-39
1759484003.6886249,-1,0,-46
1759484003.7266247,4,-2,-35
1759484003.7646248,7,-5,-40
1759484003.8026247,2,-2,-32
1759484003.8386247,3,0,-34
1759484003.875625,-1,0,-43
1759484003.9146247,4,-3,-48
1759484003.9526248,3,2,-51
1759484003.9886248,13,1,-53
1759484004.0256248,7,4,-40
1759484004.0646248,16,2,-33
1759484004.102625,12,1,-33
1759484004.138625,6,0,-32
1759484004.1776247,2,3,-33
1759484004.214625,7,0,-28
1759484004.253625,7,4,-34
1759484004.2906249,4,0,-40
1759484004.3276248,4,-2,-42
1759484004.365625,-3,-5,-34
1759484004.4046247,0,1,-47
1759484004.4406247,1,-2,-38
1759484004.4786248,9,0,-31
1759484004.5176249,0,-1,-27
1759484004.5546248,6,-2,-31
1759484004.5936248,11,-1,-44
1759484004.6296248,6,0,-40
1759484004.6666248,5,-1,-52
1759484004.704625,-2,-3,-45
1759484004.7436247,1,-2,-36
1759484004.7796247,0,-9,-34
1759484004.8176248,-2,-5,-26
1759484004.8566248,5,-9,-40
1759484004.8946247,-1,-9,-35
1759484004.9306247,1,-6,-41
1759484004.967625,0,-11,-39
1759484005.0066247,-5,-2,-41
1759484005.0446248,-4,4,-33
1759484005.0806248,0,2,-34
1759484005.1176248,0,3,-38
1759484005.1566248,0,0,-38
1759484005.194625,-4,-2,-42
1759484005.230625,0,0,-42
1759484005.2686248,2,-1,-48
1759484005.306625,5,2,-36
1759484005.3446248,6,0,-35
1759484005.3806248,1,-4,-32
1759484005.4196248,-4,0,-35
1759484005.4566247,-2,0,-33
1759484005.4956248,0,2,-45
1759484005.533625,0,8,-34
1759484005.569625,3,1,-30
1759484005.6066248,4,2,-29
1759484005.6456249,0,0,-36
1759484005.6836247,-2,1,-37
1759484005.7196248,-4,0,-41
1759484005.7566247,2,1,-49
1759484005.7956247,-5,1,-52
1759484005.8336248,-5,-3,-51
1759484005.8696249,1,-1,-43
1759484005.9066248,1,-3,-41
1759484005.9456248,-3,0,-50
1759484005.9836247,-4,-4,-46
1759484006.0196247,-1,1,-48
1759484006.056625,5,0,-43
1759484006.0956247,0,4,-32
1759484006.1316247,-1,0,-38
1759484006.1696248,-5,-1,-47
1759484006.207625,2,-8,-40
1759484006.2456248,-3,-7,-44
1759484006.2816248,-5,-1,-44
1759484006.319625,-8,-6,-37
1759484006.3586247,-3,3,-35
1759484006.3956249,-5,1,-43
1759484006.434625,2,2,-43
1759484006.4706247,1,-2,-35
1759484006.5086248,0,-7,-40
1759484006.5456247,-5,-1,-33
1759484006.5846248,0,3,-37
1759484006.6206248,2,0,-35
1759484006.658625,0,-1,-28
1759484006.6966248,0,-1,-39
1759484006.7346249,-3,-4,-49
1759484006.7706249,-2,-10,-55
1759484006.8086247,-3,1,-32
1759484006.8466249,-3,-1,-43
1759484006.885625,7,-1,-38
1759484006.921625,8,5,-31
1759484006.9586248,3,-2,-39
1759484006.9966247,3,-6,-35
1759484007.0356247,1,-4,-32
1759484007.0716248,0,-7,-47
1759484007.1096249,-1,0,-59
1759484007.1466248,0,3,-45
1759484007.1856248,-8,-1,-44
1759484007.230625,7,-8,-27
1759484007.2676249,10,-6,-34
1759484007.306625,5,-7,-40
1759484007.3446248,-3,4,-36
1759484007.3806248,3,1,-40
1759484007.4186249,-2,-5,-37
1759484007.4566247,3,-3,-30
1759484007.4946249,1,0,-26
1759484007.5306249,-3,6,-27
1759484007.5676248,0,4,-28
1759484007.6066248,0,1,-24
1759484007.6446247,-3,1,-30
1759484007.6806247,-4,1,-45
1759484007.7196248,1,-5,-38
1759484007.7566247,7,-3,-45
1759484007.7956247,11,-4,-46
1759484007.8316247,4,-3,-37
1759484007.8696249,0,-6,-39
1759484007.908625,0,-2,-33
1759484007.9466248,-2,0,-36
1759484007.9826248,0,-5,-41
1759484008.0196247,-3,-2,-37
1759484008.0586247,-1,-5,-30
1759484008.0966249,1,-6,-30
1759484008.1326249,-5,-1,-29
1759484008.171625,2,1,-42
1759484008.2086248,3,-6,-33
1759484008.2466247,-2,0,-31
1759484008.2856247,-4,3,-39
1759484008.3216248,-7,1,-31
1759484008.3586247,-5,0,-28
1759484008.3976247,4,-7,-28
1759484008.4356248,2,1,-46
1759484008.4716249,0,4,-43
1759484008.5086248,-1,6,-38
1759484008.5476248,0,4,-45
1759484008.5856247,2,-1,-37
1759484008.6216247,0,3,-36
1759484008.6596248,0,3,-34
1759484008.6976247,0,1,-29
1759484008.7356248,0,-2,-42
1759484008.7716248,-1,1,-50
1759484008.8086247,-2,0,-41
1759484008.8476248,-4,-8,-40
1759484008.885625,-6,0,-42
1759484008.921625,-7,-4,-38
1759484008.9606247,-8,1,-40
1759484008.9976249,0,-2,-42
1759484009.036625,-4,1,-28
1759484009.0726247,-4,-3,-46
1759484009.1106248,-8,-2,-45
1759484009.1496248,-8,3,-43
1759484009.1876247,1,-3,-39
1759484009.2256248,0,-3,-42
1759484009.2616248,-5,-1,-32
1759484009.3006248,-4,-5,-32
1759484009.3386247,-3,0,-38
1759484009.3766248,-1,0,-37
1759484009.4136248,-13,-2,-44
1759484009.4506247,1,0,-39
1759484009.4896247,-1,-6,-43
1759484009.5276248,-6,-4,-35
1759484009.5636249,9,-7,-32
1759484009.602625,-10,-5,-31
1759484009.6396248,3,1,-29
1759484009.6776247,2,2,-36
1759484009.7166247,0,0,-37
1759484009.7526248,1,1,-35
1759484009.7896247,0,1,-46
1759484009.8276248,-2,1,-39
1759484009.8666248,-1,-2,-43
1759484009.9026248,1,0,-50
1759484009.9396248,10,6,-35
1759484009.977625,4,0,-30
1759484010.0166247,1,3,-42
1759484010.0526247,-6,5,-29
1759484010.089625,-1,-1,-29
1759484010.128625,-10,1,-49
1759484010.1666248,2,-3,-41
1759484010.2026248,4,1,-43
1759484010.2396247,7,-1,-37
1759484010.2786248,-5,-3,-41
1759484010.3166249,4,0,-28
1759484010.352625,4,-5,-33
1759484010.3906248,3,1,-46
1759484010.4296248,0,-3,-34
1759484010.467625,1,-6,-37
1759484010.503625,0,-16,-31
1759484010.5416248,-4,-5,-38
1759484010.5806248,0,0,-31
1759484010.6186247,-1,3,-36
1759484010.6566248,3,1,-49
1759484010.6926248,1,1,-44
1759484010.730625,-4,-5,-31
1759484010.7696247,1,-3,-26
1759484010.8076248,0,0,-41
1759484010.8436248,-6,8,-34
1759484010.8806248,-3,0,-31
1759484010.9196248,-2,4,-43
1759484010.957625,10,6,-47
1759484010.9936247,2,-3,-39
1759484011.0326247,2,0,-41
1759484011.069625,9,2,-40
1759484011.1086247,12,3,-36
1759484011.1466248,4,1,-40
1759484011.1826248,4,2,-46
1759484011.2206247,-1,-4,-48
1759484011.2586248,0,4,-35
1759484011.2956247,-2,5,-32
1759484011.332625,-3,2,-43
1759484011.3706248,1,-1,-42
1759484011.4096248,3,-3,-24
1759484011.4476247,2,-6,-30
1759484011.4836247,0,-6,-34
1759484011.5216248,3,-3,-27
1759484011.559625,1,-3,-41
1759484011.5986247,-3,4,-44
1759484011.6346247,-9,0,-31
1759484011.6736248,1,0,-34
1759484011.7116249,1,-3,-38
1759484011.7496247,-2,3,-36
1759484011.7876248,0,-8,-40
1759484011.8236248,1,-1,-41
1759484011.8616247,8,0,-46
1759484011.8996248,1,-1,-55
1759484011.9376247,-8,-2,-36
1759484011.9736247,-1,0,-34
1759484012.0116248,-6,0,-40
1759484012.0496247,0,0,-40
1759484012.0876248,1,3,-47
1759484012.1236248,2,0,-43
1759484012.161625,0,7,-52
1759484012.1996248,0,0,-48
1759484012.237625,-4,-2,-42
1759484012.273625,-5,0,-44
1759484012.3116248,1,0,-44
1759484012.3496249,-5,0,-37
1759484012.3876247,-4,3,-41
1759484012.4236248,-12,3,-42
1759484012.4606247,-6,0,-41
1759484012.4996247,-9,-1,-34
1759484012.5376248,0,-1,-42
1759484012.5736248,2,0,-38
1759484012.6106248,0,-1,-36
1759484012.6496248,-1,-2,-39
1759484012.6876247,2,-5,-35
1759484012.7236247,0,-2,-35
1759484012.760625,-2,-1,-45
1759484012.7996247,-5,-7,-48
1759484012.8376248,3,0,-43
1759484012.8736248,10,-6,-47
1759484012.9106247,4,-3,-44
1759484012.9496248,5,-5,-42
1759484012.9866247,4,-8,-38
1759484013.0246248,-2,-1,-28
1759484013.0626247,-1,0,-34
1759484013.1006248,-6,-3,-34
1759484013.138625,1,-5,-41
1759484013.1746247,-3,-3,-36
1759484013.2136247,2,5,-30
1759484013.2516248,-5,2,-35
1759484013.2896247,-5,5,-41
1759484013.3256247,3,4,-46
1759484013.3636248,-1,-2,-45
1759484013.4006248,4,-4,-41
1759484013.4396248,1,-5,-38
1759484013.4756248,-4,0,-45
1759484013.513625,-4,0,-44
1759484013.5506248,0,-3,-38
1759484013.589625,4,-3,-40
1759484013.625625,2,-1,-39
1759484013.6646247,-1,-2,-40
1759484013.7016249,-5,-5,-47
1759484013.740625,0,-2,-46
1759484013.7786248,-3,-7,-37
1759484013.8146248,-2,0,-41
1759484013.8516247,5,2,-48
1759484013.8906248,7,0,-47
1759484013.9286249,0,-1,-45
1759484013.964625,-2,-3,-45
1759484014.0026248,-1,3,-35
1759484014.0416248,1,1,-31
1759484014.079625,-2,0,-35
1759484014.115625,0,-4,-33
1759484014.1526248,-2,0,-41
1759484014.1906247,-5,-1,-27
1759484014.2296247,-1,0,-32
1759484014.2656248,0,-6,-32
1759484014.3026247,-1,0,-45
1759484014.3406248,-5,-3,-44
1759484014.3796248,-7,-5,-44
1759484014.4156249,0,3,-36
1759484014.4526248,1,3,-39
1759484014.4916248,-8,0,-38
1759484014.5296247,-5,3,-36
1759484014.5656247,1,-2,-37
1759484014.6046247,0,0,-36
1759484014.6426249,0,3,-46
1759484014.6806247,1,7,-49
1759484014.7186248,-3,1,-40
1759484014.7546248,-1,-3,-40
1759484014.7926247,-7,-13,-28
1759484014.8316247,0,-5,-43
1759484014.8696249,-5,-12,-46
1759484014.9056249,-6,1,-36
1759484014.9436247,2,1,-33
1759484014.9816248,4,-5,-25
1759484015.0206249,4,-2,-26
1759484015.056625,6,1,-40
1759484015.0936248,3,-5,-39
1759484015.1316247,-2,-1,-35
1759484015.1706247,5,5,-47
1759484015.2066247,-4,0,-45
1759484015.2436247,0,2,-34
1759484015.2816248,0,-1,-38
1759484015.3206248,-2,-1,-38
1759484015.3566248,-6,-1,-40
1759484015.3956249,-6,-5,-33
1759484015.4326248,0,-3,-39
1759484015.4716249,-1,-2,-46
1759484015.5096247,-4,0,-50
1759484015.5456247,-2,-3,-42
1759484015.5836248,3,-3,-43
1759484015.6226249,-6,-8,-41
1759484015.6606247,-6,-3,-28
1759484015.6966248,-8,0,-32
1759484015.7356248,-4,2,-31
1759484015.773625,-1,-6,-40
1759484015.8116248,0,-10,-28
1759484015.8496249,-3,-4,-23
1759484015.885625,-2,-11,-29
1759484015.9236248,-3,-1,-35
1759484015.9616249,2,-4,-43
1759484016.000625,1,1,-29
1759484016.036625,0,-1,-32
1759484016.0736248,0,-7,-35
1759484016.112625,0,0,-46
1759484016.1506248,8,3,-51
1759484016.1866248,2,-1,-43
1759484016.2236247,7,3,-42
1759484016.2616248,-2,2,-31
1759484016.3006248,1,7,-47
1759484016.3366249,-4,7,-54
1759484016.3736248,-1,0,-40
1759484016.411625,0,-1,-30
1759484016.4506247,-4,1,-43
1759484016.4866247,-7,2,-40
1759484016.5246248,1,-7,-39
1759484016.5616248,-8,-4,-29
1759484016.6006248,1,2,-34
1759484016.6366248,6,-3,-40
1759484016.6746247,2,0,-38
1759484016.7116249,-1,-1,-38
1759484016.750625,-2,-3,-31
1759484016.786625,2,0,-40
1759484016.8246248,4,5,-43
1759484016.8616247,5,-3,-31
1759484016.9006248,4,0,-39
1759484016.9366248,2,0,-31
1759484016.9746249,-2,-1,-34
1759484017.0116248,-4,2,-38
1759484017.0506248,-1,-1,-49
1759484017.0866249,3,-2,-50
1759484017.1236248,5,3,-44
1759484017.1626248,4,-4,-29
1759484017.2006247,7,-1,-36
1759484017.2446249,6,1,-47
1759484017.2826247,5,-2,-41
1759484017.3206248,-1,5,-37
1759484017.3566248,0,3,-31
1759484017.3946247,2,0,-29
1759484017.4326248,-4,-1,-40
1759484017.4706247,-9,3,-39
1759484017.5066247,0,5,-39
1759484017.5446248,-4,4,-41
1759484017.582625,0,-6,-31
1759484017.6206248,4,-3,-39
1759484017.6566248,1,-3,-34
1759484017.6956248,2,1,-31
1759484017.7336247,1,-2,-41
1759484017.7716248,1,-2,-39
1759484017.8086247,-6,2,-48
1759484017.8456247,-8,5,-57
1759484017.8836248,-5,-3,-36
1759484017.9226248,-8,0,-30
1759484017.9606247,6,6,-29
1759484017.9966247,5,5,-37
1759484018.0346248,1,0,-38
1759484018.0726247,3,1,-32
1759484018.1106248,0,-6,-41
1759484018.1466248,-1,-5,-37
1759484018.184625,1,-2,-42
1759484018.2236247,5,-3,-39
1759484018.2616248,0,5,-29
1759484018.2976248,2,2,-43
1759484018.3356247,2,5,-35
1759484018.3736248,2,-1,-37
1759484018.411625,7,-1,-48
1759484018.4476247,6,-2,-46
1759484018.4846249,-3,-2,-39
1759484018.5226247,1,-3,-37
1759484018.5616248,5,-4,-43
1759484018.5976248,5,0,-49
1759484018.6346247,1,0,-43
1759484018.6736248,-1,1,-44
1759484018.7116249,2,-2,-36
1759484018.7476249,-1,1,-33
1759484018.7856247,-3,3,-35
1759484018.8226247,-4,-6,-33
1759484018.8616247,0,-1,-26
1759484018.8976247,1,1,-31
1759484018.934625,3,-1,-24
1759484018.9736247,-4,-2,-35
1759484019.0116248,-2,-3,-33
1759484019.0476248,1,-3,-29
1759484019.0856247,6,1,-29
1759484019.1236248,1,5,-39
1759484019.161625,-6,0,-35
1759484019.1976247,0,-2,-35
1759484019.2356248,1,-7,-30
1759484019.2746248,0,-2,-35
1759484019.3126247,0,-4,-37
1759484019.3486247,3,-4,-41
1759484019.3866248,-1,5,-46
1759484019.4256248,1,5,-44
1759484019.4636247,2,5,-37
1759484019.5016248,-1,-3,-31
1759484019.5376248,-3,-4,-35
1759484019.5766249,-2,-8,-46
1759484019.6136248,3,-6,-42
1759484019.6526248,4,0,-40
1759484019.6886249,-1,-6,-37
1759484019.7266247,0,1,-37
1759484019.7646248,-3,2,-48
1759484019.8036249,-7,-1,-37
1759484019.8416247,-2,-1,-39
1759484019.8776248,0,-9,-42
1759484019.9156249,4,0,-46
1759484019.9536247,2,-2,-54
1759484019.9926248,9,0,-43
1759484020.0286248,3,-2,-34
1759484020.0676248,1,-8,-32
1759484020.1046247,-2,-2,-30
1759484020.1436248,-4,-1,-42
1759484020.1796248,-4,3,-33
1759484020.217625,-5,3,-32
1759484020.2546248,1,2,-31
1759484020.2936249,0,3,-37
1759484020.329625,-2,0,-39
1759484020.3666248,0,0,-34
1759484020.4046247,3,-6,-30
1759484020.4436247,0,2,-29
1759484020.4796247,3,0,-33
1759484020.5176249,0,4,-41
1759484020.5546248,6,6,-48
1759484020.5936248,-5,0,-40
1759484020.6296248,-1,-5,-38
1759484020.6686249,-3,-4,-26
1759484020.7066247,-8,3,-29
1759484020.7446249,0,4,-36
1759484020.7826247,-2,0,-29
1759484020.819625,0,4,-34
1759484020.8566248,-2,4,-30
1759484020.8946247,0,-2,-41
1759484020.9336247,0,3,-34
1759484020.9696248,-4,6,-37
1759484021.0076249,-5,-2,-36
1759484021.0456247,-5,-2,-38
1759484021.0846248,0,-2,-42
1759484021.1226249,7,-1,-41
1759484021.158625,6,-2,-38
1759484021.1976247,4,-5,-40
1759484021.2346249,1,-1,-37
1759484021.273625,-3,-5,-43
1759484021.309625,1,-6,-47
1759484021.3476248,5,-2,-33
1759484021.3866248,4,1,-36
1759484021.4246247,2,2,-42
1759484021.4626248,-2,-4,-38
1759484021.4986248,0,-3,-32
1759484021.536625,5,-3,-44
1759484021.5746248,1,0,-28
1759484021.6136248,1,4,-31
1759484021.6496248,-1,0,-29
1759484021.6876247,-3,9,-35
1759484021.7256248,0,2,-51
1759484021.7646248,4,3,-38
1759484021.8006248,3,-8,-37
1759484021.8376248,6,-4,-45
1759484021.875625,-6,-1,-38
1759484021.9146247,-2,-4,-33
1759484021.9506247,-6,-5,-30
1759484021.9886248,-6,-7,-41
1759484022.026625,-5,-3,-34
1759484022.0656247,0,-3,-38
1759484022.1036248,-4,-3,-33
1759484022.1396248,0,-2,-33
1759484022.1786249,-9,-7,-39
1759484022.2156248,-5,-3,-35
1759484022.2546248,-1,2,-47
1759484022.2906249,-5,0,-48
1759484022.3286247,-1,-5,-47
1759484022.3666248,-8,0,-53
1759484022.4046247,-2,-3,-44
1759484022.4406247,-2,-4,-34
1759484022.4786248,2,0,-30
1759484022.5166247,0,1,-33
1759484022.5556247,-1,-1,-30
1759484022.5936248,-1,4,-34
1759484022.6296248,-4,4,-34
1759484022.6686249,2,-2,-34
1759484022.7066247,0,-4,-36
1759484022.7446249,-1,4,-46
1759484022.7806249,-3,3,-44
1759484022.8186247,-5,5,-41
1759484022.8566248,-10,-1,-44
1759484022.8956249,-3,-8,-39
1759484022.9336247,7,-1,-39
1759484022.9696248,0,5,-50
1759484023.0066247,-3,1,-26
1759484023.0456247,3,-6,-43
1759484023.0836248,-6,2,-45
1759484023.1196249,-9,-1,-35
1759484023.158625,-4,-3,-39
1759484023.1956248,1,-3,-40
1759484023.2346249,5,-3,-36
1759484023.2706249,-2,-4,-37
1759484023.3086247,-1,-6,-48
1759484023.3466249,-1,-1,-37
1759484023.385625,-3,0,-30
1759484023.421625,-1,0,-30
1759484023.4586248,1,-3,-40
1759484023.4966247,3,6,-39
1759484023.5356247,-1,9,-44
1759484023.5716248,2,0,-40
1759484023.6086247,9,1,-41
1759484023.6466248,5,-3,-36
1759484023.6856248,3,3,-45
1759484023.7216249,4,0,-39
1759484023.7586248,2,7,-39
1759484023.7976248,-2,-3,-39
1759484023.8356247,-2,7,-41
1759484023.8716247,-3,5,-45
1759484023.9096248,-6,0,-43
1759484023.9476247,-4,-3,-46
1759484023.9856248,-6,-4,-51
1759484024.0246248,-4,0,-46
1759484024.0606248,-7,2,-43
1759484024.0986247,-3,4,-48
1759484024.1376247,-4,-5,-32
1759484024.1756248,-3,-4,-44
1759484024.2116249,0,-3,-32
1759484024.250625,1,-5,-41
1759484024.2876248,0,2,-51
1759484024.3266249,7,9,-55
1759484024.3646247,0,3,-45
1759484024.4006248,0,1,-52
1759484024.4376247,-3,-1,-52
1759484024.4766247,1,-1,-43
1759484024.5146248,-1,-7,-35
1759484024.5506248,-1,2,-30
1759484024.5876248,3,2,-33
1759484024.6266248,-1,0,-29
1759484024.6646247,0,-1,-31
1759484024.7006247,4,1,-34
1759484024.737625,2,4,-32
1759484024.776625,2,3,-35
1759484024.8146248,0,0,-40
1759484024.8506248,-4,-2,-37
1759484024.8896248,-8,-1,-39
1759484024.9266248,1,0,-28
1759484024.9656248,2,5,-40
1759484025.0016248,2,0,-31
1759484025.0396247,-6,2,-25
1759484025.0766249,6,-5,-31
1759484025.115625,5,-9,-42
1759484025.151625,0,-6,-33
1759484025.1896248,-2,-13,-39
1759484025.227625,0,-4,-37
1759484025.2656248,-1,2,-32
1759484025.3016248,-5,-1,-40
1759484025.3406248,-4,-1,-34
1759484025.3776248,-3,5,-34
1759484025.4166248,-4,0,-31
1759484025.4526248,-5,4,-32
1759484025.4896247,-6,-6,-20
1759484025.5276248,-4,-5,-32
1759484025.5666249,-2,10,-43
1759484025.602625,0,0,-43
1759484025.6406248,-3,-10,-43
1759484025.6776247,-3,-4,-34
1759484025.7166247,0,2,-39
1759484025.7526248,0,4,-38
1759484025.7906249,1,0,-29
1759484025.8276248,4,4,-30
1759484025.8666248,2,3,-45
1759484025.9026248,-2,5,-44
1759484025.9406247,-6,0,-50
1759484025.977625,-11,0,-31
1759484026.0166247,2,4,-45
1759484026.0526247,-1,9,-44
1759484026.0916247,-4,7,-33
1759484026.128625,-5,1,-26
1759484026.1676247,1,-7,-25
1759484026.2056248,-2,-6,-31
1759484026.2416248,0,0,-45
1759484026.2786248,4,0,-38
1759484026.3176248,5,-4,-47
1759484026.355625,-2,4,-44
1759484026.3916247,0,0,-43
1759484026.4286249,-1,-5,-39
1759484026.467625,8,4,-39
1759484026.5056248,7,1,-44
1759484026.5416248,8,1,-49
1759484026.5786247,0,0,-49
1759484026.6176248,0,-7,-51
1759484026.6556249,-8,0,-50
1759484026.6916249,-2,-1,-46
1759484026.730625,0,-4,-47
1759484026.7686248,-4,-4,-46
1759484026.806625,-11,-4,-45
1759484026.8436248,-4,0,-29
1759484026.8806248,0,-1,-43
1759484026.9196248,-1,4,-32
1759484026.957625,-1,0,-41
1759484026.9936247,-2,-5,-49
1759484027.0326247,2,-4,-65
1759484027.0706248,0,-9,-54
1759484027.1086247,-5,0,-43
1759484027.1466248,-1,5,-35
1759484027.1826248,-9,3,-33
1759484027.2196248,3,0,-49
1759484027.2646248,0,8,-37
1759484027.3026247,0,1,-35
1759484027.3406248,0,0,-40
1759484027.378625,-4,0,-38
1759484027.4166248,-5,3,-45
1759484027.4526248,-2,5,-38
1759484027.4916248,-1,2,-39
1759484027.5286248,-2,3,-32
1759484027.5676248,-6,-8,-43
1759484027.6036248,-2,-7,-31
1759484027.6426249,-3,2,-45
1759484027.6796248,3,2,-44
1759484027.7186248,-1,0,-34
1759484027.7566247,1,-2,-42
1759484027.7926247,4,-3,-48
1759484027.8316247,-1,0,-37
1759484027.8696249,0,6,-42
1759484027.9076247,0,5,-40
1759484027.944625,0,0,-33
1759484027.9816248,6,1,-34
1759484028.0206249,0,-2,-35
1759484028.0586247,0,-1,-40
1759484028.0966249,-2,1,-35
1759484028.1326249,0,-1,-44
1759484028.1706247,-2,8,-32
1759484028.2086248,4,-2,-36
1759484028.2476249,-1,-3,-42
1759484028.283625,-2,1,-34
1759484028.3216248,0,0,-42
1759484028.3596249,2,0,-43
1759484028.398625,0,2,-38
1759484028.4366248,-2,-5,-39
1759484028.4726248,-9,-3,-37
1759484028.5116248,0,-1,-41
1759484028.5486248,-7,-4,-55
1759484028.5876248,-1,-2,-40
1759484028.6236248,-5,-8,-42
1759484028.6626248,-4,2,-37
1759484028.7006247,-1,0,-34
1759484028.7386248,-3,3,-38
1759484028.7746248,-6,-1,-26
1759484028.8136249,-10,-5,-32
1759484028.8506248,-6,-4,-42
1759484028.888625,-5,-1,-46
1759484028.9276247,-2,-4,-45
1759484028.9636247,-6,0,-37
1759484029.000625,-4,-6,-42
1759484029.0386248,2,-7,-38
1759484029.0776248,0,-5,-41
1759484029.1136248,6,0,-32
1759484029.1506248,4,2,-36
1759484029.1886249,4,2,-44
1759484029.227625,2,-8,-30
1759484029.263625,2,-7,-29
1759484029.3016248,0,1,-38
1759484029.339625,0,0,-41
1759484029.378625,-4,-2,-42
1759484029.4146247,2,0,-39
1759484029.4526248,2,-8,-38
1759484029.4916248,3,-1,-32
1759484029.5296247,0,3,-36
1759484029.5676248,1,-2,-31
1759484029.6036248,0,2,-40
1759484029.6416247,0,0,-31
1759484029.6796248,5,0,-38
1759484029.717625,1,2,-43
1759484029.753625,0,-8,-33
1759484029.7906249,0,-5,-34
1759484029.829625,-1,0,-29
1759484029.8676248,10,0,-38
1759484029.9036248,2,1,-38
1759484029.9416249,6,-2,-34
1759484029.9796247,3,1,-41
1759484030.0176249,5,-1,-33
1759484030.0536249,1,2,-36
1759484030.0906248,1,2,-38
1759484030.1296248,2,0,-44
1759484030.1676247,12,-4,-43
1759484030.2036247,5,0,-42
1759484030.240625,-5,-9,-41
1759484030.2796247,4,0,-33
1759484030.3176248,0,-5,-45
1759484030.3536248,5,-6,-40
1759484030.3926249,7,1,-36
1759484030.4306247,0,1,-44
1759484030.4686248,0,0,-42
1759484030.5046248,-5,2,-42
1759484030.5426247,-3,0,-38
1759484030.5806248,-5,-1,-46
1759484030.6186247,-3,-6,-41
1759484030.6546247,1,-3,-53
1759484030.6936247,2,-2,-53
1759484030.730625,0,2,-46
1759484030.7696247,4,-3,-42
1759484030.8056247,-1,-1,-40
1759484030.8436248,4,0,-39
1759484030.8816247,8,0,-45
1759484030.9196248,-3,2,-43
1759484030.9586248,-2,-2,-32
1759484030.9946249,0,0,-33
1759484031.0316248,-9,1,-38
1759484031.069625,-4,-4,-31
1759484031.1086247,-4,-6,-37
1759484031.1446247,-3,0,-37
1759484031.181625,-5,-2,-39
1759484031.2206247,-4,-2,-26
1759484031.2586248,-4,0,-40
1759484031.2946248,3,1,-48
1759484031.3316247,5,1,-33
1759484031.3706248,5,0,-32
1759484031.408625,3,0,-36
1759484031.444625,1,-2,-36
1759484031.4826248,-4,4,-37
1759484031.5206249,-2,8,-41
1759484031.5586247,-3,1,-51
1759484031.5946248,4,4,-38
1759484031.6316247,4,-1,-35
1759484031.6706247,-2,2,-35
1759484031.7086248,1,1,-27
1759484031.7446249,2,4,-31
1759484031.7826247,2,-4,-45
1759484031.8206248,0,2,-38
1759484031.8586247,0,-3,-40
1759484031.8946247,-2,0,-51
1759484031.931625,0,0,-45
1759484031.9706247,-4,-7,-36
1759484032.0086248,-3,-3,-37
1759484032.0446248,3,-7,-35
1759484032.082625,1,-5,-37
1759484032.1206248,3,-2,-31
1759484032.1596248,-1,0,-41
1759484032.1956248,7,3,-33
1759484032.2326248,6,-2,-39
1759484032.2706249,2,-3,-35
1759484032.309625,0,-10,-31
1759484032.3456247,3,-3,-38
1759484032.3826249,-1,-1,-30
1759484032.421625,0,-1,-35
1759484032.4596248,-4,3,-50
1759484032.4956248,-4,2,-37
1759484032.5326247,-2,2,-46
1759484032.5716248,1,0,-50
1759484032.6096249,0,-5,-40
1759484032.6456249,5,-3,-38
1759484032.6836247,0,-1,-40
1759484032.7216249,1,-2,-42
1759484032.760625,4,-2,-41
1759484032.796625,0,0,-41
1759484032.8336248,2,-4,-38
1759484032.8726249,0,0,-37
1759484032.9106247,1,0,-27
1759484032.9466248,7,-2,-31
1759484032.9836247,7,-1,-33
1759484033.0226247,-1,1,-30
1759484033.0606248,0,0,-30
1759484033.0966249,-1,0,-35
1759484033.1336248,0,-1,-30
1759484033.171625,-5,0,-35
1759484033.2106247,-3,-3,-31
1759484033.2466247,-1,-3,-36
1759484033.2846248,2,1,-37
1759484033.3236248,-1,3,-30
1759484033.3616247,-3,5,-32
1759484033.3996248,-5,1,-31
1759484033.4356248,-2,0,-40
1759484033.4736247,2,-1,-44
1759484033.5116248,-1,3,-39
1759484033.5496247,7,-6,-32
1759484033.5856247,4,0,-40
1759484033.6236248,-6,2,-35
1759484033.661625,4,0,-33
1759484033.6996248,-1,4,-37
1759484033.7356248,0,1,-35
1759484033.773625,-5,0,-31
1759484033.8116248,-11,1,-25
1759484033.8476248,-1,1,-33
1759484033.885625,-3,4,-43
1759484033.9246247,-1,-1,-34
1759484033.9616249,-6,-4,-27
1759484034.000625,1,0,-34
1759484034.0376248,1,0,-37
1759484034.0746248,1,2,-36
1759484034.1136248,5,-4,-31
1759484034.151625,3,1,-28
1759484034.1876247,0,-2,-30
1759484034.2256248,-4,-6,-34
1759484034.2646248,-2,-2,-44
1759484034.3016248,-10,-1,-39
1759484034.3406248,0,-2,-36
1759484034.3766248,-8,1,-30
1759484034.4146247,-7,6,-35
1759484034.4516249,0,5,-31
1759484034.490625,-1,7,-25
1759484034.526625,-6,0,-25
1759484034.5636249,-3,4,-32
1759484034.602625,2,-5,-29
1759484034.6406248,-1,5,-31
1759484034.6766248,0,0,-44
1759484034.7136247,-3,-4,-41
1759484034.7526248,3,-5,-37
1759484034.7906249,9,3,-36
1759484034.8266249,7,4,-42
1759484034.8636248,5,2,-34
1759484034.9026248,-6,1,-50
1759484034.9406247,-4,9,-43
1759484034.9766247,0,3,-39
1759484035.013625,7,3,-36
1759484035.0526247,7,2,-22
1759484035.0906248,-1,6,-30
1759484035.1266248,-8,0,-34
1759484035.1646247,-1,3,-36
1759484035.2026248,4,-5,-34
1759484035.240625,7,0,-33
1759484035.276625,4,0,-39
1759484035.3136249,-4,-2,-41
1759484035.352625,-4,3,-28
1759484035.3906248,7,-1,-45
1759484035.4266248,-3,0,-41
1759484035.4636247,-6,0,-42
1759484035.5026248,2,-4,-40
1759484035.5406249,-4,-7,-44
1759484035.5766249,-2,-2,-47
1759484035.6146247,0,3,-39
1759484035.6526248,1,0,-41
1759484035.6916249,3,-11,-44
1759484035.727625,0,-2,-37
1759484035.7656248,-1,0,-33
1759484035.8036249,0,-1,-33
1759484035.842625,-2,-4,-36
1759484035.8796248,-1,-2,-29
1759484035.9166248,3,-6,-28
1759484035.9556248,0,-4,-39
1759484035.9926248,-6,0,-45
1759484036.0316248,2,-1,-45
1759484036.0676248,4,-1,-34
1759484036.105625,-3,0,-40
1759484036.1426249,-4,-4,-41
1759484036.181625,3,-7,-40
1759484036.217625,0,1,-41
1759484036.2556248,-8,-3,-45
1759484036.2936249,-3,0,-39
1759484036.3316247,-4,4,-49
1759484036.3676248,0,4,-42
1759484036.4056249,-5,1,-35
1759484036.4436247,-2,0,-36
1759484036.4816248,-2,1,-40
1759484036.5176249,5,0,-36
1759484036.5546248,5,-4,-43
1759484036.5936248,4,-6,-39
1759484036.6316247,-1,-6,-44
1759484036.6676247,0,-6,-41
1759484036.704625,-4,-5,-37
1759484036.7436247,1,-1,-46
1759484036.7816248,-5,4,-42
1759484036.8176248,-1,3,-34
1759484036.8546247,4,1,-34
1759484036.8936248,1,-4,-33
1759484036.931625,-5,1,-39
1759484036.967625,-1,0,-38
1759484037.0046248,3,3,-38
1759484037.0436249,-2,-3,-46
1759484037.0816247,0,0,-40
1759484037.1176248,-3,0,-42
1759484037.1546247,-3,2,-45
1759484037.1936247,3,-1,-41
1759484037.2316248,4,3,-24
1759484037.276625,0,2,-20
1759484037.3146248,0,1,-37
1759484037.352625,1,1,-42
1759484037.388625,3,3,-38
1759484037.4266248,2,7,-33
1759484037.4636247,-2,0,-27
1759484037.5026248,2,0,-39
1759484037.5386248,0,-2,-34
1759484037.5766249,-4,2,-44
1759484037.6136248,0,-4,-39
1759484037.6526248,-2,-2,-41
1759484037.6886249,1,1,-45
1759484037.7266247,2,0,-42
1759484037.7646248,0,4,-36
1759484037.8026247,8,6,-32
1759484037.839625,5,-1,-43
1759484037.8766248,5,-1,-38
1759484037.9156249,5,0,-33
1759484037.9536247,-2,7,-35
1759484037.990625,1,2,-35
1759484038.0286248,0,0,-41
1759484038.0656247,0,0,-42
1759484038.1046247,2,-3,-39
1759484038.1426249,2,-5,-41
1759484038.1786249,6,-2,-43
1759484038.2166247,-2,-2,-36
1759484038.2546248,-3,1,-33
1759484038.2926247,5,0,-37
1759484038.3286247,0,-5,-35
1759484038.3666248,0,-6,-33
1759484038.4046247,4,1,-34
1759484038.4436247,0,1,-35
1759484038.4796247,3,1,-29
1759484038.5166247,2,5,-28
1759484038.5546248,-2,3,-32
1759484038.5936248,-5,0,-42
1759484038.6296248,-1,0,-40
1759484038.6666248,-4,-7,-38
1759484038.704625,-6,-1,-37
1759484038.7436247,-9,-6,-24
1759484038.7796247,-3,-4,-35
1759484038.8176248,-1,-4,-30
1759484038.8566248,4,-5,-36
1759484038.8946247,0,-2,-26
1759484038.9326248,8,0,-33
1759484038.9686248,5,3,-37
1759484039.0066247,3,3,-47
1759484039.0446248,2,-4,-55
1759484039.0806248,6,-5,-47
1759484039.1186247,4,-8,-37
1759484039.1576247,-3,-2,-32
1759484039.194625,-4,-3,-37
1759484039.2336247,-4,-4,-40
1759484039.2696247,-2,0,-37
1759484039.3076248,-1,5,-39
1759484039.3446248,0,6,-51
1759484039.3836248,2,0,-43
1759484039.4196248,-5,-7,-37
1759484039.4586248,0,1,-41
1759484039.4956248,-2,-1,-29
1759484039.5346248,2,0,-46
1759484039.5706248,1,-1,-35
1759484039.6086247,-4,-4,-29
1759484039.6466248,-6,3,-41
1759484039.6856248,0,0,-35
1759484039.7236247,6,-6,-31
1759484039.7596247,2,0,-33
1759484039.796625,0,-1,-42
1759484039.8356247,4,-2,-30
1759484039.8736248,-1,3,-27
1759484039.9096248,-3,0,-34
1759484039.9476247,-2,-6,-35
1759484039.9856248,2,4,-39
1759484040.0246248,5,-3,-29
1759484040.0606248,2,0,-35
1759484040.0976248,3,-2,-33
1759484040.1366248,-2,0,-43
1759484040.1746247,-3,7,-31
1759484040.2106247,-3,-1,-36
1759484040.2486248,-4,3,-29
1759484040.2876248,9,6,-29
1759484040.3256247,0,1,-33
1759484040.3636248,7,1,-35
1759484040.4006248,1,3,-47
1759484040.4376247,-2,0,-44
1759484040.4756248,10,0,-38
1759484040.5146248,5,-1,-34
1759484040.5506248,0,-1,-33
1759484040.5886247,-2,-7,-37
1759484040.625625,2,0,-31
1759484040.6646247,-5,3,-32
1759484040.7006247,-5,0,-25
1759484040.7386248,1,-3,-39
1759484040.776625,2,-3,-43
1759484040.8156247,3,-3,-33
1759484040.8516247,-4,-6,-39
1759484040.8896248,2,-10,-44
1759484040.9286249,-3,3,-41
1759484040.9666247,0,4,-40
1759484041.0046248,5,1,-43
1759484041.0406249,2,0,-41
1759484041.0776248,3,0,-38
1759484041.1166248,5,2,-39
1759484041.1546247,3,-3,-33
1759484041.1906247,2,-4,-36
1759484041.227625,0,-9,-37
1759484041.2666247,-1,-6,-30
1759484041.3046248,-4,-4,-27
1759484041.3406248,-8,-1,-29
1759484041.3796248,3,0,-35
1759484041.4176247,-2,3,-30
1759484041.4556248,1,-3,-39
1759484041.4916248,0,-11,-32
1759484041.5296247,-1,-2,-40
1759484041.5686247,-2,-3,-51
1759484041.6066248,2,-1,-50
1759484041.6446247,-2,0,-45
1759484041.6806247,0,-3,-45
1759484041.7186248,-6,-2,-41
1759484041.7566247,0,1,-20
1759484041.7946248,-1,-3,-28
1759484041.8306248,3,-1,-38
1759484041.8686247,4,-4,-42
1759484041.9066248,2,1,-46
1759484041.944625,0,-4,-51
1759484041.980625,-3,-3,-47
1759484042.0186248,-3,-10,-40
1759484042.056625,1,-4,-38
1759484042.0956247,-4,-2,-39
1759484042.1316247,-3,-3,-41
1759484042.1696248,-1,2,-40
1759484042.2086248,-1,-5,-38
1759484042.2466247,1,2,-44
1759484042.2846248,0,0,-41
1759484042.3206248,0,0,-32
1759484042.3586247,5,1,-36
1759484042.3966248,9,0,-33
1759484042.434625,0,0,-28
1759484042.4716249,6,0,-24
1759484042.5096247,4,-1,-17
1759484042.546625,-3,-2,-20
1759484042.5856247,1,-1,-32
1759484042.6216247,0,-7,-34
1759484042.6596248,0,-1,-49
1759484042.6986248,0,0,-40
1759484042.7366247,0,-2,-34
1759484042.7726247,5,5,-44
1759484042.8106248,-9,5,-30
1759484042.8486247,-7,0,-45
1759484042.8866248,4,0,-43
1759484042.9226248,5,-3,-38
1759484042.9596248,2,2,-33
1759484042.9976249,-5,0,-45
1759484043.036625,-4,-2,-38
1759484043.0726247,5,0,-27
1759484043.1096249,4,0,-25
1759484043.148625,1,0,-41
1759484043.1866248,4,0,-45
1759484043.2226248,-1,-3,-35
1759484043.260625,-4,-2,-28
1759484043.2986248,-1,2,-33
1759484043.3376248,3,3,-44
1759484043.375625,-2,-1,-32
1759484043.4126248,-9,3,-28
1759484043.4496248,1,1,-27
1759484043.487625,3,0,-29
1759484043.526625,-1,0,-36
1759484043.5626247,0,3,-37
1759484043.5996249,0,-6,-38
1759484043.6376247,2,2,-42
1759484043.6766248,-3,-8,-29
1759484043.7126248,-5,2,-38
1759484043.7516248,1,5,-35
1759484043.7896247,-2,0,-29
1759484043.8276248,6,0,-25
1759484043.865625,10,3,-37
1759484043.901625,0,0,-32
1759484043.9386249,-1,-4,-49
1759484043.977625,2,-9,-43
1759484044.0156248,-3,-3,-37
1759484044.0516248,5,-2,-44
1759484044.0886247,-4,-4,-41
1759484044.1276248,-1,4,-51
1759484044.1656249,0,0,-45
1759484044.2016249,7,0,-45
1759484044.2386248,0,1,-38
1759484044.2776248,-2,1,-39
1759484044.3136249,-1,-1,-40
1759484044.3516247,-2,-2,-35
1759484044.3906248,10,-4,-40
1759484044.4286249,-9,-4,-35
1759484044.4666247,8,0,-28
1759484044.503625,6,4,-39
1759484044.5406249,0,2,-48
1759484044.5786247,0,0,-47
1759484044.6176248,-3,1,-35
1759484044.6536248,2,-5,-32
1759484044.6906247,-2,1,-40
1759484044.7286248,-1,5,-44
1759484044.7676249,3,0,-39
1759484044.8036249,-3,-2,-48
1759484044.8416247,0,-1,-39
1759484044.8796248,1,-1,-36
1759484044.9176247,5,-2,-37
1759484044.9566247,0,-3,-37
1759484044.9936247,0,0,-29
1759484045.0316248,-2,1,-18
1759484045.0686247,7,5,-34
1759484045.1076248,0,-2,-34
1759484045.1436248,3,-5,-35
1759484045.181625,-3,-3,-39
1759484045.2206247,3,2,-46
1759484045.2586248,1,-10,-43
1759484045.296625,3,-3,-39
1759484045.332625,-3,-13,-40
1759484045.3706248,-7,-5,-42
1759484045.408625,-3,0,-40
1759484045.4476247,0,0,-28
1759484045.4836247,0,-3,-25
1759484045.5206249,-7,-1,-22
1759484045.5586247,0,2,-35
1759484045.5976248,0,6,-41
1759484045.6336248,2,2,-38
1759484045.6706247,2,3,-28
1759484045.7096248,1,0,-22
1759484045.7476249,-6,1,-40
1759484045.783625,-6,-3,-34
1759484045.8216248,-4,-2,-32
1759484045.8606248,-8,-6,-32
1759484045.898625,-3,-6,-33
1759484045.9366248,3,-11,-28
1759484045.9726248,2,-6,-35
1759484046.0116248,-1,-2,-34
1759484046.0496247,-2,0,-38
1759484046.0876248,-4,-1,-20
1759484046.1236248,-6,-3,-32
1759484046.1626248,-11,0,-43
1759484046.1996248,-9,3,-39
1759484046.2386248,-4,0,-40
1759484046.2746248,-3,-1,-42
1759484046.3126247,-6,-2,-47
1759484046.3506248,4,3,-34
1759484046.388625,0,4,-36
1759484046.4276247,3,-2,-31
1759484046.4636247,4,-4,-33
1759484046.500625,4,-4,-31
1759484046.5386248,8,-6,-27
1759484046.5776248,4,-5,-35
1759484046.6136248,5,-7,-32
1759484046.6506248,4,-2,-35
1759484046.6886249,0,0,-38
1759484046.727625,2,0,-35
1759484046.763625,-6,3,-39
1759484046.8006248,-8,-2,-40
1759484046.839625,0,-2,-39
1759484046.8776248,-2,1,-29
1759484046.9136248,0,0,-32
1759484046.9506247,-1,-7,-38
1759484046.9896247,0,-4,-39
1759484047.0276248,-5,-6,-36
1759484047.0636249,1,-3,-40
1759484047.1006248,-3,-2,-34
1759484047.1396248,0,0,-27
1759484047.1776247,2,4,-25
1759484047.2136247,6,-3,-37
1759484047.2516248,3,-1,-35
1759484047.2956247,3,-8,-28
1759484047.3336248,0,-4,-29
1759484047.3706248,3,0,-41
1759484047.4096248,0,5,-42
1759484047.4476247,4,0,-42
1759484047.4836247,0,-1,-37
1759484047.5206249,-1,0,-37
1759484047.559625,3,2,-31
1759484047.5976248,1,-3,-35
1759484047.6336248,-2,-4,-30
1759484047.6726248,2,3,-48
1759484047.7096248,-4,3,-46
1759484047.7486248,-1,1,-41
1759484047.7856247,4,-3,-36
1759484047.8236248,7,2,-30
1759484047.8606248,-5,5,-43
1759484047.8996248,4,-4,-28
1759484047.9356248,0,-5,-36
1759484047.9736247,-3,3,-39
1759484048.010625,-2,5,-36
1759484048.0496247,1,0,-38
1759484048.0856247,1,0,-32
1759484048.1226249,3,2,-28
1759484048.1606247,-1,2,-41
1759484048.1996248,0,2,-25
1759484048.2356248,8,4,-38
1759484048.273625,8,-4,-37
1759484048.3106248,-3,-4,-35
1759484048.3496249,-2,-4,-30
1759484048.385625,-5,0,-29
1759484048.4226248,0,5,-44
1759484048.4606247,-3,1,-46
1759484048.4996247,-1,0,-31
1759484048.5356247,5,3,-35
1759484048.5736248,9,0,-45
1759484048.6106248,6,0,-50
1759484048.6496248,2,0,-44
1759484048.6856248,5,2,-48
1759484048.7236247,1,-4,-57
1759484048.760625,5,-6,-45
1759484048.7996247,3,-11,-41
1759484048.8356247,-4,-5,-43
1759484048.8746247,0,0,-33
1759484048.9126248,-1,4,-47
1759484048.9506247,2,-2,-40
1759484048.9886248,1,-1,-48
1759484049.0246248,-2,0,-40
1759484049.0616248,-7,-2,-37
1759484049.1006248,-8,1,-44
1759484049.138625,-5,1,-41
1759484049.1746247,2,0,-40
1759484049.2116249,-3,2,-33
1759484049.250625,-3,5,-39
1759484049.2886248,-5,0,-42
1759484049.3246248,-1,-1,-36
1759484049.3636248,0,-4,-44
1759484049.401625,2,-8,-36
1759484049.4396248,0,-3,-41
1759484049.4756248,0,1,-40
1759484049.513625,5,3,-46
1759484049.5516248,0,-1,-41
1759484049.589625,-4,-4,-46
1759484049.625625,0,-3,-50
1759484049.6636248,-5,-4,-43
1759484049.7026248,-1,-1,-49
1759484049.740625,-1,1,-44
1759484049.776625,-1,-2,-44
1759484049.8146248,-8,-5,-45
1759484049.852625,-3,4,-36
1759484049.8906248,9,2,-37
1759484049.9296248,5,-1,-41
1759484049.9656248,0,-1,-40
1759484050.0026248,5,0,-40
1759484050.0406249,9,0,-32
1759484050.079625,5,0,-32
1759484050.115625,-1,1,-25
1759484050.1536248,-2,1,-32
1759484050.1916249,-3,3,-39
1759484050.230625,2,0,-41
1759484050.2666247,0,1,-45
1759484050.3036249,-1,1,-41
1759484050.3416247,1,-1,-35
1759484050.3806248,0,-3,-39
1759484050.4166248,-6,-6,-36
1759484050.454625,-3,0,-36
1759484050.4926248,-1,2,-35
1759484050.5316248,-2,0,-29
1759484050.569625,-1,-4,-40
1759484050.6066248,0,-1,-40
1759484050.6436248,-3,-2,-51
1759484050.6826248,4,2,-43
1759484050.7206247,6,-5,-52
1759484050.7566247,1,-7,-59
1759484050.7936249,3,-3,-40
1759484050.832625,-5,0,-38
1759484050.8706248,-1,2,-26
1759484050.9066248,3,2,-44
1759484050.9436247,-1,2,-53
1759484050.9826248,2,-2,-49
1759484051.0206249,3,-5,-36
1759484051.056625,2,-1,-38
1759484051.0946248,-2,-1,-34
1759484051.1326249,6,3,-49
1759484051.1706247,2,0,-44
1759484051.2066247,-1,3,-43
1759484051.2446249,4,-6,-45
1759484051.2826247,-5,0,-45
1759484051.3206248,-4,-1,-44
1759484051.3566248,0,1,-45
1759484051.3946247,2,-3,-44
1759484051.431625,0,6,-42
1759484051.4706247,1,3,-42
1759484051.5066247,6,2,-40
1759484051.5446248,8,-1,-31
1759484051.5816247,-2,-5,-29
1759484051.6206248,5,3,-43
1759484051.6566248,2,3,-37
1759484051.6956248,1,3,-33
1759484051.7336247,-6,-4,-27
1759484051.7716248,-13,0,-32
1759484051.8076248,-9,2,-27
1759484051.8456247,2,0,-32
1759484051.8836248,3,-2,-32
1759484051.921625,-5,-3,-40
1759484051.9606247,-12,6,-25
1759484051.9966247,-5,0,-38
1759484052.0346248,0,0,-38
1759484052.0726247,-3,5,-38
1759484052.1116247,2,2,-35
1759484052.1476247,2,5,-29
1759484052.184625,0,5,-31
1759484052.2226248,-7,3,-34
1759484052.2616248,2,-2,-32
1759484052.2976248,0,-3,-42
1759484052.3356247,-10,-2,-43
1759484052.3746247,5,4,-32
1759484052.4126248,1,2,-28
1759484052.4506247,2,2,-40
1759484052.4866247,-1,1,-37
1759484052.523625,-11,-3,-50
1759484052.5626247,-8,-3,-59
1759484052.6006248,-5,0,-46
1759484052.6366248,-9,1,-42
1759484052.6756248,-4,-3,-37
1759484052.7136247,-3,-4,-44
1759484052.7516248,-6,0,-44
1759484052.7876248,0,-8,-39
1759484052.8256247,3,3,-30
1759484052.8636248,0,-2,-41
1759484052.901625,-2,1,-43
1759484052.9376247,-6,1,-40
1759484052.9746249,0,-3,-32
1759484053.013625,5,0,-35
1759484053.0516248,-2,0,-46
1759484053.0876248,-7,-8,-42
1759484053.1266248,-1,-5,-42
1759484053.1636248,6,-5,-39
1759484053.2026248,-1,0,-40
1759484053.2386248,-6,1,-39
1759484053.276625,5,1,-41
1759484053.3136249,0,5,-43
1759484053.352625,-5,1,-43
1759484053.388625,-4,-1,-34
1759484053.4266248,-1,0,-32
1759484053.464625,7,7,-34
1759484053.5026248,-3,0,-22
1759484053.5416248,-6,-6,-37
1759484053.5776248,-5,1,-25
1759484053.6146247,-5,1,-28
1759484053.6526248,-2,5,-40
1759484053.6916249,1,0,-39
1759484053.727625,-1,-4,-40
1759484053.7656248,7,9,-37
1759484053.8046248,5,5,-38
1759484053.842625,1,7,-37
1759484053.878625,1,-1,-38
1759484053.9166248,1,-3,-37
1759484053.9556248,1,-9,-37
1759484053.9936247,-2,1,-39
1759484054.0316248,4,1,-32
1759484054.0676248,-4,5,-36
1759484054.1066248,2,5,-32
1759484054.1446247,1,-2,-38
1759484054.1826248,-6,-2,-39
1759484054.2186248,-4,-5,-35
1759484054.2566247,-8,-4,-39
1759484054.2946248,0,-2,-41
1759484054.3336248,0,0,-33
1759484054.3716247,2,0,-40
1759484054.4076247,10,3,-41
1759484054.4456248,9,5,-37
1759484054.4836247,5,1,-48
1759484054.5216248,4,-4,-45
1759484054.5576248,3,-5,-32
1759484054.5946248,0,4,-31
1759484054.6336248,3,5,-34
1759484054.671625,7,-3,-33
1759484054.707625,3,5,-40
1759484054.7446249,1,-1,-30
1759484054.783625,5,-2,-41
1759484054.819625,1,-7,-41
1759484054.8566248,-4,-6,-37
1759484054.8946247,3,-5,-41
1759484054.9336247,-1,4,-54
1759484054.9696248,-2,-2,-44
1759484055.0076249,6,5,-40
1759484055.0456247,1,5,-30
1759484055.0836248,-2,3,-36
1759484055.1226249,-1,-1,-33
1759484055.158625,3,0,-40
1759484055.1956248,1,2,-21
1759484055.2346249,-4,1,-35
1759484055.2726247,-9,4,-39
1759484055.3086247,-4,-4,-34
1759484055.3466249,-1,-1,-37
1759484055.3846247,-6,3,-44
1759484055.4236248,0,-5,-45
1759484055.4596248,0,-4,-36
1759484055.4986248,0,-3,-45
1759484055.536625,4,-2,-53
1759484055.5746248,3,0,-42
1759484055.612625,4,-1,-48
1759484055.648625,-5,0,-40
1759484055.6876247,0,0,-45
1759484055.7246249,-5,1,-33
1759484055.763625,0,-1,-41
1759484055.7996247,-2,0,-44
1759484055.8366249,-8,-3,-42
1759484055.8746247,-4,-1,-44
1759484055.9136248,-2,-2,-39
1759484055.9496248,-8,0,-43
1759484055.987625,-3,0,-30
1759484056.0256248,0,6,-42
1759484056.0646248,6,-1,-37
1759484056.102625,5,-2,-47
1759484056.1396248,6,-6,-43
1759484056.1776247,4,-7,-33
1759484056.214625,-3,0,-40
1759484056.253625,0,-2,-53
1759484056.2896247,0,-3,-52
1759484056.3266249,3,0,-37
1759484056.3646247,3,-4,-42
1759484056.4036248,-2,1,-43
1759484056.4396248,-8,2,-40
1759484056.4766247,3,7,-46
1759484056.5146248,-1,3,-39
1759484056.5536249,6,0,-39
1759484056.589625,1,3,-47
1759484056.6266248,0,-9,-47
1759484056.6656249,0,-5,-46
1759484056.7036247,-2,6,-29
1759484056.7396247,-3,2,-36
1759484056.7786248,-5,0,-40
1759484056.8166249,-3,2,-27
1759484056.8546247,-2,-2,-36
1759484056.8906248,0,-4,-30
1759484056.9296248,-1,-4,-35
1759484056.9666247,-9,-5,-39
1759484057.0046248,-2,-2,-28
1759484057.0436249,-2,-8,-50
1759484057.079625,0,-7,-32
1759484057.1176248,0,-2,-46
1759484057.1556249,-2,0,-46
1759484057.194625,-7,0,-37
1759484057.230625,-3,1,-21
1759484057.2676249,0,1,-43
1759484057.3136249,-6,5,-40
1759484057.3496249,2,0,-41
1759484057.3876247,0,5,-38
1759484057.4256248,-2,5,-35
1759484057.4636247,0,0,-42
1759484057.4996247,1,0,-35
1759484057.5376248,5,4,-39
1759484057.5756247,4,0,-44
1759484057.6136248,5,0,-25
1759484057.6496248,5,0,-30
1759484057.6866248,5,1,-37
1759484057.7256248,6,-6,-37
1759484057.763625,6,-5,-23
1759484057.7996247,0,0,-23
1759484057.8366249,0,-4,-40
1759484057.875625,0,-12,-48
1759484057.9136248,-5,-2,-48
1759484057.9496248,0,-2,-38
1759484057.987625,0,-5,-35
1759484058.0256248,1,3,-34
1759484058.0636249,-3,4,-34
1759484058.0996249,4,0,-36
1759484058.1376247,0,-1,-52
1759484058.1756248,4,0,-51
1759484058.2136247,0,-5,-26
1759484058.2496247,3,-3,-25
1759484058.2886248,0,0,-37
1759484058.3256247,-5,-9,-37
1759484058.3646247,-4,-2,-36
1759484058.4006248,-2,1,-42
1759484058.4386249,1,1,-34
1759484058.4756248,-1,2,-36
1759484058.5146248,4,5,-39
1759484058.5506248,2,2,-44
1759484058.5876248,8,5,-36
1759484058.625625,0,2,-44
1759484058.6646247,0,-3,-32
1759484058.7006247,1,-3,-32
1759484058.7386248,0,-5,-47
1759484058.7756248,0,-9,-44
1759484058.8146248,0,-9,-50
1759484058.8506248,-3,-3,-55
1759484058.888625,-5,-6,-52
1759484058.9266248,0,-4,-44
1759484058.9656248,-1,-1,-51
1759484059.0016248,-7,4,-41
1759484059.0396247,3,0,-29
1759484059.0766249,1,0,-33
1759484059.115625,5,-2,-35
1759484059.151625,-1,0,-35
1759484059.1896248,1,-1,-37
1759484059.227625,1,-6,-38
1759484059.2656248,-2,0,-26
1759484059.3016248,0,0,-47
1759484059.339625,-3,-4,-53
1759484059.3766248,-1,1,-52
1759484059.4156249,1,3,-40
1759484059.4516249,-5,6,-45
1759484059.4896247,-4,5,-41
1759484059.526625,1,0,-36
1759484059.5656247,-5,3,-28
1759484059.6016247,-4,-1,-42
1759484059.6406248,-5,-4,-52
1759484059.6776247,-8,5,-45
1759484059.7166247,3,0,-42
1759484059.7546248,-2,-1,-38
1759484059.7906249,0,-1,-23
1759484059.8276248,-1,1,-38
1759484059.8666248,-6,0,-39
1759484059.9046247,-1,4,-29
1759484059.9406247,5,1,-36
1759484059.9786248,-1,1,-39
1759484060.0176249,0,2,-48
1759484060.0556247,0,-10,-44
1759484060.0916247,-5,-7,-41
1759484060.1296248,-3,3,-43
1759484060.1676247,0,0,-38
1759484060.2066247,0,0,-28
1759484060.2426248,3,-3,-32
1759484060.2796247,1,-3,-38
1759484060.3176248,-2,-2,-34
1759484060.3566248,6,-6,-35
1759484060.3926249,4,-1,-27
1759484060.4296248,-2,3,-36
1759484060.467625,-1,0,-42
1759484060.5066247,1,3,-55
1759484060.5426247,-6,1,-42
1759484060.5816247,-7,0,-38
1759484060.6196249,0,3,-42
1759484060.6576247,-4,0,-35
1759484060.6926248,0,-1,-36
1759484060.7316248,-5,-2,-45
1759484060.7696247,3,-1,-42
1759484060.8076248,-5,-3,-29
1759484060.8456247,-1,-4,-30
1759484060.8816247,-4,-6,-31
1759484060.9196248,3,-5,-34
1759484060.957625,-2,-3,-27
1759484060.9966247,-1,0,-41
1759484061.0326247,3,1,-39
1759484061.0706248,-2,4,-32
1759484061.1086247,-2,2,-28
1759484061.1466248,-2,3,-31
1759484061.1826248,-4,2,-34
1759484061.2206247,0,0,-34
1759484061.2586248,-2,0,-36
1759484061.2976248,-1,0,-33
1759484061.3356247,4,0,-35
1759484061.3716247,5,3,-37
1759484061.408625,3,0,-48
1759484061.4476247,-1,-1,-47
1759484061.4856248,6,1,-35
1759484061.5216248,-4,-1,-45
1759484061.559625,0,3,-30
1759484061.5976248,0,-1,-30
1759484061.6366248,4,-2,-38
1759484061.6736248,4,-3,-41
1759484061.7116249,7,-3,-38
1759484061.7486248,-1,-4,-37
1759484061.7876248,6,-7,-30
1759484061.8236248,0,-6,-29
1759484061.8616247,7,-3,-43
1759484061.9006248,2,-1,-38
1759484061.9376247,8,1,-30
1759484061.9766247,-1,-1,-28
1759484062.0126247,-3,2,-35
1759484062.0506248,-7,2,-27
1759484062.0886247,2,-2,-43
1759484062.1276248,0,-1,-39
1759484062.1636248,0,-3,-42
1759484062.2016249,-1,0,-40
1759484062.2386248,-5,-2,-37
1759484062.2776248,0,-1,-38
1759484062.3136249,3,4,-36
1759484062.3506248,3,0,-36
1759484062.388625,0,2,-29
1759484062.4276247,-1,0,-31
1759484062.4636247,-9,1,-32
1759484062.5016248,2,-1,-37
1759484062.5386248,0,-4,-40
1759484062.5776248,-5,-4,-46
1759484062.6136248,-6,-2,-34
1759484062.651625,-2,3,-39
1759484062.6896248,-1,4,-31
1759484062.7286248,13,8,-42
1759484062.7666247,6,3,-34
1759484062.8036249,0,2,-30
1759484062.8416247,5,0,-38
1759484062.8796248,0,-1,-43
1759484062.9176247,2,-1,-33
1759484062.9536247,-3,-5,-42
1759484062.9926248,-3,0,-48
1759484063.0296247,2,5,-50
1759484063.0686247,9,1,-44
1759484063.1066248,0,4,-36
1759484063.1426249,8,1,-35
1759484063.1796248,4,7,-42
1759484063.2186248,4,2,-37
1759484063.2566247,3,4,-34
1759484063.2926247,-4,0,-34
1759484063.329625,0,-1,-48
1759484063.3686247,0,-4,-37
1759484063.4066248,-1,3,-41
1759484063.4436247,0,3,-40
1759484063.480625,3,2,-36
1759484063.5196247,-5,0,-37
1759484063.5576248,0,-2,-38
1759484063.5936248,1,-1,-44
1759484063.6306248,-5,0,-42
1759484063.6686249,7,-11,-49
1759484063.707625,-1,-6,-45
1759484063.7436247,0,0,-38
1759484063.7806249,-4,-1,-34
1759484063.8186247,-4,-9,-36
1759484063.8576248,-4,1,-32
1759484063.8936248,0,2,-34
1759484063.9306247,-1,5,-42
1759484063.9686248,2,1,-44
1759484064.0076249,4,3,-34
1759484064.0436249,6,1,-30
1759484064.0806248,7,3,-33
1759484064.1186247,6,3,-48
1759484064.1576247,6,-4,-42
1759484064.1936247,7,-3,-49
1759484064.230625,4,0,-35
1759484064.2696247,10,1,-44
1759484064.3076248,12,4,-44
1759484064.3436248,5,0,-37
1759484064.3816247,-4,1,-43
1759484064.4196248,0,0,-33
1759484064.4586248,-2,0,-35
1759484064.4946249,4,-3,-39
1759484064.5326247,-1,-4,-38
1759484064.5706248,-2,2,-44
1759484064.6096249,5,0,-62
1759484064.6476247,2,2,-36
1759484064.6836247,4,0,-48
1759484064.7226248,1,0,-48
1759484064.760625,4,0,-35
1759484064.7986248,-4,0,-35
1759484064.8346248,0,-3,-39
1759484064.8716247,1,0,-37
1759484064.9106247,-2,-1,-38
1759484064.9486248,2,2,-45
1759484064.9846249,1,7,-38
1759484065.0216248,0,7,-28
1759484065.0606248,2,0,-42
1759484065.0986247,0,0,-34
1759484065.1346247,2,0,-40
1759484065.1726248,6,3,-41
1759484065.2106247,6,0,-35
1759484065.2486248,-3,3,-41
1759484065.2846248,-8,-1,-32
1759484065.3236248,0,-8,-32
1759484065.3606248,-1,3,-34
1759484065.3996248,1,-5,-42
1759484065.4366248,0,-3,-35
1759484065.4736247,-9,5,-50
1759484065.5116248,0,5,-62
1759484065.5496247,0,-3,-42
1759484065.5886247,-7,0,-40
1759484065.6246247,-8,0,-37
1759484065.661625,-2,3,-40
1759484065.7006247,-6,4,-39
1759484065.7386248,2,-1,-36
1759484065.7746248,5,-1,-36
1759484065.8136249,-1,-3,-44
1759484065.8506248,5,3,-37
1759484065.8896248,0,2,-33
1759484065.9256248,6,0,-32
1759484065.964625,0,1,-26
1759484066.0026248,4,-4,-34
1759484066.0406249,-1,1,-42
1759484066.0786247,-3,-3,-42
1759484066.1146247,4,0,-39
1759484066.151625,-2,-1,-43
1759484066.1906247,-3,7,-45
1759484066.2286248,1,2,-41
1759484066.2646248,0,2,-43
1759484066.3026247,-3,5,-44
1759484066.3406248,-2,5,-36
1759484066.378625,-3,-2,-40
1759484066.4146247,-5,-3,-36
1759484066.4536247,-8,-5,-41
1759484066.490625,6,-1,-28
1759484066.5296247,3,0,-35
1759484066.5656247,2,2,-30
1759484066.602625,7,4,-49
1759484066.6406248,6,0,-35
1759484066.6796248,-3,-2,-40
1759484066.7156248,-1,2,-29
1759484066.7526248,2,0,-39
1759484066.7916248,3,-1,-33
1759484066.829625,2,-4,-43
1759484066.865625,-1,-3,-46
1759484066.9046247,-6,-2,-45
1759484066.9416249,3,-1,-40
1759484066.980625,0,-5,-47
1759484067.0186248,0,1,-37
1759484067.0556247,3,-2,-39
1759484067.092625,3,-2,-31
1759484067.1306248,-6,-4,-44
1759484067.1696248,-4,-1,-24
1759484067.2056248,2,2,-27
1759484067.2426248,1,7,-47
1759484067.2816248,0,3,-39
1759484067.3256247,10,3,-31
1759484067.362625,1,0,-38
1759484067.401625,3,-5,-31
1759484067.4396248,3,1,-41
1759484067.4756248,0,-1,-35
1759484067.513625,0,0,-46
1759484067.5516248,0,-1,-48
1759484067.5906248,3,1,-48
1759484067.6266248,1,-5,-39
1759484067.6656249,-5,6,-40
1759484067.7036247,0,8,-48
1759484067.7416248,-8,7,-42
1759484067.7796247,-3,1,-39
1759484067.8156247,-7,0,-40
1759484067.8536248,2,-2,-38
1759484067.8916247,0,1,-30
1759484067.9296248,-11,-1,-37
1759484067.9656248,-5,2,-37
1759484068.003625,1,-3,-31
1759484068.0426247,5,4,-44
1759484068.0806248,-4,-5,-33
1759484068.1166248,0,-1,-35
1759484068.1536248,-2,-3,-31
1759484068.1926248,-3,-1,-32
1759484068.230625,-3,-5,-35
1759484068.2666247,-8,0,-40
1759484068.3036249,-2,-4,-44
1759484068.342625,-7,-3,-45
1759484068.3806248,0,-4,-31
1759484068.4166248,4,4,-43
1759484068.4536247,0,3,-45
1759484068.4926248,1,0,-51
1759484068.5306249,2,4,-37
1759484068.5666249,1,0,-35
1759484068.6046247,-2,1,-31
1759484068.6426249,1,-2,-37
1759484068.6806247,0,-2,-46
1759484068.7166247,1,-4,-52
1759484068.7546248,0,-4,-37
1759484068.7926247,-6,-4,-42
1759484068.8306248,6,-4,-41
1759484068.8666248,2,0,-43
1759484068.9046247,1,-4,-35
1759484068.9416249,2,-4,-40
1759484068.980625,6,1,-40
1759484069.0166247,4,0,-42
1759484069.0546248,0,-3,-25
1759484069.0916247,-10,3,-39
1759484069.1276248,-3,1,-33
1759484069.1656249,4,0,-40
1759484069.2026248,4,-2,-36
1759484069.2416248,-3,-2,-40
1759484069.2776248,-12,1,-50
1759484069.3156247,-7,4,-38
1759484069.3536248,-6,3,-34
1759484069.3916247,2,0,-32
1759484069.4306247,0,-1,-38
1759484069.4666247,5,-3,-26
1759484069.5056248,7,0,-45
1759484069.5436249,1,-1,-41
1759484069.5816247,0,2,-52
1759484069.6176248,1,10,-42
1759484069.6546247,2,-3,-43
1759484069.6936247,8,3,-29
1759484069.7316248,-6,5,-31
1759484069.7676249,-7,-1,-36
1759484069.806625,-5,3,-39
1759484069.8436248,0,5,-40
1759484069.8826249,-3,0,-36
1759484069.9206247,-4,0,-38
1759484069.9566247,5,-1,-43
1759484069.9946249,-3,2,-35
1759484070.0326247,0,0,-33
1759484070.0716248,-3,-3,-37
1759484070.1076248,0,-3,-38
1759484070.1446247,-2,-1,-46
1759484070.1836247,4,5,-40
1759484070.2216249,-1,-3,-44
1759484070.2576249,-5,0,-37
1759484070.2956247,-2,1,-43
1759484070.332625,5,-2,-38
1759484070.3716247,-2,-2,-32
1759484070.4076247,0,0,-36
1759484070.444625,-2,-1,-35
1759484070.4826248,0,-8,-23
1759484070.5216248,8,-2,-37
1759484070.5576248,-1,0,-36
1759484070.5966249,-1,-9,-48
1759484070.6336248,4,-6,-44
1759484070.6726248,3,-1,-36
1759484070.7086248,6,-1,-44
1759484070.7456248,6,-2,-36
1759484070.783625,0,0,-34
1759484070.8226247,2,0,-29
1759484070.8586247,2,3,-49
1759484070.8956249,5,2,-34
1759484070.9336247,-6,-2,-43
1759484070.9726248,6,-2,-37
1759484071.0086248,8,0,-39
1759484071.0456247,4,0,-36
1759484071.0836248,-3,4,-39
1759484071.1226249,1,-1,-45
1759484071.158625,3,0,-46
1759484071.1956248,-3,-1,-30
1759484071.2336247,2,-6,-35
1759484071.2726247,0,5,-36
1759484071.3086247,0,0,-41
1759484071.3466249,0,2,-42
1759484071.3846247,-5,-5,-44
1759484071.4236248,-1,-3,-44
1759484071.4616249,-9,0,-50
1759484071.4976249,0,6,-46
1759484071.5346248,-1,8,-41
1759484071.5736248,-4,1,-28
1759484071.6116247,2,2,-28
1759484071.6476247,-5,0,-21
1759484071.6866248,0,3,-35
1759484071.7246249,-5,0,-25
1759484071.7626247,0,4,-24
1759484071.7996247,-2,0,-35
1759484071.8366249,0,0,-42
1759484071.875625,-8,0,-38
1759484071.9136248,-4,-2,-32
1759484071.9516249,-2,-8,-35
1759484071.987625,-2,-3,-35
1759484072.026625,-3,2,-31
1759484072.0636249,2,-5,-31
1759484072.102625,8,-1,-44
1759484072.138625,-9,0,-30
1759484072.1756248,-4,-3,-41
1759484072.2136247,-8,-3,-38
1759484072.2526248,-4,-2,-38
1759484072.2886248,3,-1,-46
1759484072.3256247,3,-1,-34
1759484072.3636248,-3,6,-34
1759484072.4026248,0,2,-37
1759484072.4386249,-1,-4,-40
1759484072.4766247,1,-2,-41
1759484072.5156248,2,4,-42
1759484072.5536249,-3,0,-43
1759484072.589625,-1,5,-43
1759484072.628625,-2,4,-41
1759484072.6656249,-1,-1,-29
1759484072.704625,-6,-2,-34
1759484072.7426248,7,-1,-14
1759484072.7786248,4,-2,-25
1759484072.8166249,3,-1,-33
1759484072.8546247,-1,4,-38
1759484072.8926249,0,1,-46
1759484072.9286249,-1,1,-43
1759484072.9656248,-2,0,-48
1759484073.0046248,0,1,-32
1759484073.0426247,-5,1,-42
1759484073.0786247,-4,1,-42
1759484073.115625,-6,8,-25
1759484073.1546247,0,1,-45
1759484073.1926248,-1,-5,-43
1759484073.2286248,-8,-10,-39
1759484073.2676249,-3,-6,-43
1759484073.3046248,-3,-3,-43
1759484073.3436248,-4,-3,-34
1759484073.3796248,-4,-2,-41
1759484073.4176247,-9,0,-34
1759484073.4556248,-3,-2,-36
1759484073.4946249,1,-3,-37
1759484073.5326247,-3,2,-33
1759484073.5686247,-4,5,-38
1759484073.6066248,-10,-4,-37
1759484073.6446247,-8,-2,-48
1759484073.6836247,-3,-3,-38
1759484073.7196248,-3,0,-42
1759484073.7586248,-3,-2,-38
1759484073.7956247,-2,-2,-31
1759484073.8346248,-4,-6,-33
1759484073.8706248,-4,-5,-44
1759484073.908625,0,0,-39
1759484073.9476247,0,-5,-29
1759484073.9846249,-6,-3,-29
1759484074.023625,0,-3,-39
1759484074.0606248,0,-1,-27
1759484074.0976248,1,-1,-34
1759484074.135625,4,3,-43
1759484074.1746247,5,0,-27
1759484074.2106247,4,-2,-42
1759484074.2486248,4,-3,-43
1759484074.2876248,-4,5,-26
1759484074.3246248,2,2,-40
1759484074.3636248,1,0,-34
1759484074.3996248,3,3,-37
1759484074.4386249,5,6,-39
1759484074.4766247,3,-2,-32
1759484074.5146248,3,-2,-46
1759484074.5506248,3,-5,-52
1759484074.589625,0,-4,-38
1759484074.6276248,2,1,-43
1759484074.6656249,-1,3,-35
1759484074.7036247,1,4,-34
1759484074.7396247,-1,0,-35
1759484074.7776248,-2,0,-26
1759484074.8156247,0,4,-40
1759484074.8536248,3,-1,-46
1759484074.8896248,-1,-2,-39
1759484074.9276247,-1,-4,-40
1759484074.9656248,-8,-1,-47
1759484075.0046248,0,0,-40
1759484075.0406249,4,0,-43
1759484075.0776248,-3,1,-37
1759484075.115625,-2,2,-31
1759484075.1546247,4,3,-41
1759484075.1906247,0,0,-38
1759484075.227625,6,3,-53
1759484075.2656248,8,1,-46
1759484075.3046248,7,0,-37
1759484075.3406248,0,2,-43
1759484075.378625,-6,7,-47
1759484075.4156249,-12,3,-36
1759484075.454625,-6,2,-42
1759484075.490625,5,4,-36
1759484075.5286248,6,0,-33
1759484075.5656247,0,0,-52
1759484075.6046247,-1,0,-51
1759484075.6406248,3,0,-44
1759484075.6786249,0,0,-41
1759484075.7166247,2,1,-39
1759484075.7546248,6,0,-34
1759484075.7906249,6,2,-37
1759484075.8286247,4,8,-42
1759484075.865625,4,5,-34
1759484075.9046247,6,0,-26
1759484075.9406247,-3,0,-27
1759484075.9786248,0,1,-30
1759484076.0156248,0,0,-36
1759484076.0546248,1,-2,-33
1759484076.0906248,1,2,-42
1759484076.128625,-1,-3,-37
1759484076.1656249,-3,-2,-46
1759484076.204625,2,-2,-41
1759484076.240625,3,-3,-34
1759484076.2786248,-7,-6,-40
1759484076.3166249,-4,-8,-39
1759484076.355625,-7,-2,-32
1759484076.3916247,-7,0,-27
1759484076.4306247,-5,-5,-28
1759484076.467625,-1,-8,-32
1759484076.5066247,1,-4,-27
1759484076.5446248,-1,-1,-32
1759484076.5806248,1,0,-25
1759484076.6186247,7,1,-31
1759484076.6566248,8,-1,-33
1759484076.6956248,2,-4,-28
1759484076.7316248,4,-1,-28
1759484076.7686248,2,3,-30
1759484076.8076248,0,2,-51
1759484076.8456247,3,-1,-40
1759484076.8816247,1,-2,-38
1759484076.9206247,4,-1,-37
1759484076.957625,1,-6,-35
1759484076.9966247,5,-3,-41
1759484077.0346248,6,-3,-43
1759484077.0706248,4,0,-35
1759484077.1076248,0,1,-35
1759484077.1466248,6,4,-28
1759484077.184625,-3,2,-39
1759484077.2206247,0,-1,-37
1759484077.2576249,2,5,-35
1759484077.296625,3,4,-27
1759484077.3406248,3,3,-43
1759484077.378625,-1,4,-32
1759484077.4166248,-4,-4,-34
1759484077.4526248,2,-4,-41
1759484077.4916248,2,-3,-31
1759484077.5296247,3,-1,-31
1759484077.5666249,5,-3,-42
1759484077.605625,2,-7,-46
1759484077.6416247,1,0,-43
1759484077.6796248,0,-1,-37
1759484077.7166247,-1,-11,-39
1759484077.7556248,1,-3,-46
1759484077.7916248,6,-3,-29
1759484077.829625,6,-3,-40
1759484077.8676248,0,-4,-38
1759484077.9056249,-8,-4,-48
1759484077.9416249,-6,-9,-49
1759484077.980625,-4,0,-38
1759484078.0176249,-1,0,-32
1759484078.056625,-5,8,-39
1759484078.092625,-5,0,-40
1759484078.1306248,1,-1,-38
1759484078.1676247,-5,3,-30
1759484078.2056248,-2,2,-39
1759484078.2416248,-1,3,-31
1759484078.2796247,1,0,-34
1759484078.3176248,5,0,-36
1759484078.355625,-7,0,-38
1759484078.3916247,-4,2,-33
1759484078.4306247,-1,0,-44
1759484078.467625,1,-1,-37
1759484078.5066247,-4,-2,-40
1759484078.5426247,1,0,-28
1759484078.5806248,2,4,-39
1759484078.6176248,-4,0,-37
1759484078.6566248,1,-3,-37
1759484078.6926248,8,6,-28
1759484078.730625,0,0,-37
1759484078.7676249,-1,2,-39
1759484078.806625,1,0,-43
1759484078.842625,7,-10,-30
1759484078.8806248,3,-6,-37
1759484078.9176247,6,1,-39
1759484078.9566247,7,-4,-36
1759484078.9926248,3,0,-41
1759484079.0296247,0,0,-56
1759484079.0686247,-7,7,-55
1759484079.1066248,-3,4,-49
1759484079.1426249,-8,3,-48
1759484079.1796248,-3,3,-46
1759484079.2186248,0,5,-46
1759484079.2566247,0,2,-37
1759484079.2926247,-5,-1,-36
1759484079.3316247,-3,7,-32
1759484079.3686247,4,7,-43
1759484079.4076247,2,6,-38
1759484079.4436247,0,1,-44
1759484079.4826248,-2,-3,-47
1759484079.5196247,3,3,-46
1759484079.5586247,0,0,-40
1759484079.5966249,3,2,-37
1759484079.6326249,-1,-6,-40
1759484079.671625,-2,3,-44
1759484079.7096248,-1,-1,-36
1759484079.7476249,2,4,-51
1759484079.7846248,3,0,-44
1759484079.8226247,3,2,-35
1759484079.8596249,0,6,-29
1759484079.898625,4,5,-37
1759484079.9366248,9,1,-36
1759484079.9726248,9,0,-32
1759484080.010625,6,3,-23
1759484080.0486248,-7,0,-46
1759484080.0866249,-2,-4,-52
1759484080.1226249,2,-1,-39
1759484080.1606247,0,6,-39
1759484080.1996248,-2,-1,-31
1759484080.237625,-5,-4,-27
1759484080.273625,0,-10,-39
1759484080.3106248,3,0,-30
1759484080.3486247,-5,0,-28
1759484080.3876247,0,-3,-31
1759484080.4236248,2,-3,-27
1759484080.4606247,0,-2,-32
1759484080.4996247,-1,2,-31
1759484080.5376248,-2,3,-30
1759484080.5736248,-3,-1,-27
1759484080.6116247,-5,1,-44
1759484080.6496248,-3,5,-49
1759484080.6886249,1,4,-41
1759484080.7266247,0,2,-34
1759484080.7626247,-3,2,-32
1759484080.8006248,2,1,-41
1759484080.839625,-3,2,-32
1759484080.8776248,2,0,-35
1759484080.9136248,7,-1,-36
1759484080.9516249,0,-3,-50
1759484080.990625,-3,2,-40
1759484081.0286248,-1,-4,-39
1759484081.0646248,1,3,-37
1759484081.1016247,-3,2,-38
1759484081.1406248,-6,2,-30
1759484081.1786249,0,0,-37
1759484081.214625,-4,-4,-44
1759484081.253625,-3,0,-44
1759484081.2916248,-2,-6,-46
1759484081.3286247,1,-1,-46
1759484081.3676248,1,2,-46
1759484081.4036248,-2,2,-45
1759484081.4406247,-1,-1,-50
1759484081.4786248,-2,4,-53
1759484081.5176249,0,2,-41
1759484081.5536249,6,2,-41
1759484081.5906248,1,3,-30
1759484081.6296248,5,0,-31
1759484081.6676247,2,4,-31
1759484081.7036247,8,9,-25
1759484081.7416248,2,5,-35
1759484081.7796247,-1,5,-35
1759484081.8176248,4,5,-43
1759484081.8536248,-3,5,-47
1759484081.8906248,0,5,-44
1759484081.9296248,-3,0,-41
1759484081.967625,-5,-2,-40
1759484082.003625,-2,-3,-41
1759484082.0416248,-4,-2,-41
1759484082.079625,-1,0,-34
1759484082.1186247,-9,-6,-34
1759484082.1546247,4,0,-47
1759484082.1916249,4,0,-38
1759484082.2296247,8,1,-36
1759484082.2686248,5,4,-32
1759484082.3046248,6,0,-37
1759484082.3416247,6,0,-43
1759484082.3796248,2,-4,-44
1759484082.4186249,11,2,-45
1759484082.454625,11,0,-42
1759484082.4926248,2,-1,-36
1759484082.5296247,4,1,-30
1759484082.5686247,-3,0,-42
1759484082.6046247,-2,0,-41
1759484082.6416247,3,6,-43
1759484082.6796248,-4,9,-34
1759484082.7186248,0,6,-39
1759484082.7546248,5,2,-44
1759484082.7926247,3,-3,-41
1759484082.829625,2,5,-37
1759484082.8686247,7,1,-30
1759484082.9046247,-6,-2,-33
1759484082.9426248,-2,-9,-44
1759484082.980625,-3,-3,-29
1759484083.0186248,-2,-2,-35
1759484083.0546248,2,-7,-42
1759484083.092625,0,-3,-51
1759484083.1296248,-5,-2,-46
1759484083.1686249,-2,0,-39
1759484083.204625,2,-3,-34
1759484083.2426248,-4,2,-35
1759484083.2806249,-8,3,-26
1759484083.319625,2,-3,-35
1759484083.355625,3,0,-28
1759484083.3936248,4,-9,-24
1759484083.4306247,-3,-6,-47
1759484083.4696248,-2,-7,-50
1759484083.5056248,-2,-7,-39
1759484083.5436249,3,-5,-29
1759484083.5816247,-1,-2,-49
1759484083.6206248,-9,-5,-43
1759484083.658625,-6,-3,-39
1759484083.694625,-1,-7,-32
1759484083.7326248,-6,0,-31
1759484083.7716248,4,-1,-22
1759484083.809625,1,2,-29
1759484083.8456247,5,0,-22
1759484083.8836248,8,0,-37
1759484083.921625,-5,-7,-41
1759484083.9596248,-1,-4,-42
1759484083.9956248,1,-2,-45
1759484084.0346248,-6,-6,-47
1759484084.0716248,0,-2,-45
1759484084.1106248,-4,1,-37
1759484084.148625,4,2,-24
1759484084.184625,9,4,-36
1759484084.2226248,1,1,-39
1759484084.260625,-1,2,-50
1759484084.2986248,0,1,-39
1759484084.3346248,2,1,-34
1759484084.3726249,10,1,-41
1759484084.4106247,4,-2,-40
1759484084.4466248,-2,-7,-39
1759484084.4856248,0,-5,-44
1759484084.5246248,0,2,-51
1759484084.5616248,10,3,-50
1759484084.6006248,4,-5,-37
1759484084.6366248,-1,3,-40
1759484084.6736248,0,0,-47
1759484084.7116249,0,-3,-44
1759484084.750625,4,6,-47
1759484084.786625,8,5,-39
1759484084.8236248,-2,7,-33
1759484084.8616247,1,0,-46
1759484084.9006248,-3,2,-49
1759484084.9366248,-7,3,-40
1759484084.9736247,-5,-4,-32
1759484085.0126247,-4,0,-37
1759484085.0506248,6,0,-35
1759484085.0866249,16,-2,-43
1759484085.1246247,7,-2,-53
1759484085.1636248,0,-4,-36
1759484085.2016249,2,1,-37
1759484085.2396247,1,-1,-45
1759484085.2756248,0,2,-49
1759484085.3136249,-1,-1,-34
1759484085.3516247,-4,1,-45
1759484085.3896248,0,-2,-47
1759484085.4256248,0,4,-34
1759484085.4626248,5,3,-43
1759484085.5016248,3,5,-46
1759484085.5396247,1,3,-37
1759484085.5756247,5,3,-30
1759484085.612625,5,0,-42
1759484085.651625,-3,-1,-39
1759484085.6896248,-6,3,-43
1759484085.7256248,-8,-5,-38
1759484085.7646248,-11,-4,-32
1759484085.8026247,0,-4,-45
1759484085.8406248,1,3,-36
1759484085.8766248,2,-2,-38
1759484085.9146247,1,0,-38
1759484085.9536247,2,2,-40
1759484085.9916248,6,0,-37
1759484086.0296247,0,0,-38
1759484086.0656247,5,2,-41
1759484086.1036248,2,-3,-41
1759484086.1416247,5,-8,-36
1759484086.1776247,1,-7,-44
1759484086.2156248,7,-6,-37
1759484086.2546248,7,-1,-49
1759484086.2916248,7,-3,-47
1759484086.3306248,2,1,-36
1759484086.3666248,0,-2,-33
1759484086.4046247,7,-4,-46
1759484086.4436247,-5,-9,-36
1759484086.4816248,-2,-3,-42
1759484086.5176249,0,-8,-36
1759484086.5556247,0,-3,-31
1759484086.5946248,1,6,-28
1759484086.6316247,-2,3,-36
1759484086.6706247,6,-1,-44
1759484086.7066247,6,-3,-35
1759484086.7446249,-1,-3,-41
1759484086.7826247,0,-2,-40
1759484086.8206248,-5,-4,-42
1759484086.8566248,-8,0,-55
1759484086.8936248,-5,6,-39
1759484086.9326248,-4,0,-36
1759484086.9706247,-1,-1,-31
1759484087.0066247,1,-4,-34
1759484087.0456247,3,-1,-45
1759484087.0836248,11,-3,-39
1759484087.1216247,0,1,-37
1759484087.1576247,0,-1,-31
1759484087.194625,12,-1,-40
1759484087.2326248,1,0,-41
1759484087.2716248,5,4,-47
1759484087.3076248,-1,7,-47
1759484087.3536248,0,0,-44
1759484087.3916247,1,-3,-39
1759484087.4276247,-1,-4,-32
1759484087.4656248,-2,-1,-39
1759484087.5046248,-7,-8,-37
1759484087.5426247,-4,3,-46
1759484087.5806248,-2,4,-33
1759484087.6166248,-5,0,-31
1759484087.6546247,-1,1,-33
1759484087.6926248,4,7,-39
1759484087.730625,-1,1,-39
1759484087.7666247,-2,5,-31
1759484087.8056247,-4,3,-39
1759484087.842625,-1,1,-34
1759484087.8816247,0,0,-38
1759484087.9176247,-4,-6,-32
1759484087.9556248,6,2,-35
1759484087.9946249,-4,-3,-40
1759484088.0326247,0,-6,-41
1759484088.0686247,-5,-8,-41
1759484088.1076248,-6,-6,-47
1759484088.1456249,-6,2,-42
1759484088.1826248,4,4,-32
1759484088.2216249,-1,4,-30
1759484088.2576249,-1,-4,-29
1759484088.296625,-2,2,-36
1759484088.3336248,0,7,-29
1759484088.3726249,2,0,-38
1759484088.408625,-4,3,-44
1759484088.4466248,-6,-4,-41
1759484088.4846249,-6,1,-34
1759484088.523625,0,-1,-36
1759484088.5616248,0,-4,-36
1759484088.5976248,0,-1,-37
1759484088.635625,1,1,-42
1759484088.6736248,4,-1,-30
1759484088.7126248,4,4,-30
1759484088.7486248,2,-4,-22
1759484088.7876248,-2,0,-20
1759484088.8256247,0,6,-30
1759484088.8636248,-2,-2,-31
1759484088.901625,-1,0,-44
1759484088.9376247,0,6,-43
1759484088.9756248,0,0,-39
1759484089.013625,-4,-5,-40
1759484089.0526247,7,4,-46
1759484089.0886247,6,-3,-45
1759484089.1266248,7,0,-52
1759484089.1636248,3,0,-43
1759484089.2026248,4,3,-47
1759484089.2386248,0,3,-36
1759484089.276625,3,1,-50
1759484089.3136249,-4,-1,-40
1759484089.352625,-2,-2,-41
1759484089.388625,3,4,-43
1759484089.4266248,1,1,-40
1759484089.4636247,-2,11,-40
1759484089.5026248,1,2,-42
1759484089.5396247,-1,0,-42
1759484089.5766249,3,0,-40
1759484089.615625,0,-1,-38
1759484089.6536248,0,-1,-27
1759484089.6896248,2,1,-43
1759484089.7266247,7,5,-33
1759484089.7646248,-2,-1,-41
1759484089.8036249,1,-4,-52
1759484089.839625,-1,0,-42
1759484089.8776248,2,2,-41
1759484089.9156249,0,3,-35
1759484089.954625,-4,-5,-41
1759484089.9926248,6,-6,-49
1759484090.0286248,2,0,-41
1759484090.0656247,0,7,-40
1759484090.1036248,0,1,-27
1759484090.1426249,-3,-1,-31
1759484090.1786249,1,3,-47
1759484090.217625,0,-3,-43
1759484090.2556248,-5,-2,-40
1759484090.2936249,-5,1,-39
1759484090.3306248,4,1,-26
1759484090.3686247,0,0,-26
1759484090.4066248,-2,-5,-29
1759484090.444625,-2,-3,-41
1759484090.4826248,-1,-5,-43
1759484090.5186248,-3,-3,-38
1759484090.556625,0,-1,-30
1759484090.5946248,2,-6,-39
1759484090.6336248,0,-7,-41
1759484090.6696248,0,-7,-45
1759484090.707625,-1,-7,-37
1759484090.7456248,2,-3,-37
1759484090.7846248,0,-4,-38
1759484090.8226247,2,-6,-30
1759484090.8596249,0,-2,-46
1759484090.8966248,-1,2,-34
1759484090.9356248,-1,2,-43
1759484090.9736247,0,-3,-40
1759484091.0096247,-4,-2,-42
1759484091.0486248,-5,-4,-45
1759484091.0856247,-3,0,-41
1759484091.1246247,4,-1,-37
1759484091.1626248,-3,1,-52
1759484091.1986248,-4,0,-49
1759484091.2366247,-1,-7,-41
1759484091.2746248,5,-4,-30
1759484091.3136249,0,0,-39
1759484091.3496249,2,0,-31
1759484091.3876247,6,3,-43
1759484091.4246247,14,0,-37
1759484091.4636247,7,0,-48
1759484091.4996247,0,0,-46
1759484091.536625,1,-1,-39
1759484091.5746248,2,0,-45
1759484091.6136248,-3,2,-32
1759484091.6496248,-1,0,-36
1759484091.6876247,-1,-8,-37
1759484091.7246249,-1,-6,-31
1759484091.763625,-2,1,-44
1759484091.7996247,-2,0,-47
1759484091.8366249,1,2,-45
1759484091.8746247,5,2,-40
1759484091.9136248,9,-7,-47
1759484091.9496248,6,-2,-36
1759484091.987625,1,-3,-36
1759484092.0256248,0,-5,-24
1759484092.0646248,7,-8,-37
1759484092.1016247,7,-1,-37
1759484092.138625,7,0,-46
1759484092.1766248,2,0,-35
1759484092.2156248,-5,1,-33
1759484092.253625,-1,1,-43
1759484092.2896247,-1,-1,-35
1759484092.3286247,3,-1,-30
1759484092.365625,7,7,-30
1759484092.4046247,10,-1,-45
1759484092.4416249,-1,0,-32
1759484092.4786248,-3,8,-52
1759484092.5176249,6,0,-54
1759484092.5556247,-1,1,-51
1759484092.5936248,-8,0,-50
1759484092.6296248,2,3,-41
1759484092.6676247,4,3,-46
1759484092.7056248,4,0,-38
1759484092.7436247,2,-1,-37
1759484092.7796247,4,4,-35
1759484092.8176248,2,-1,-21
1759484092.855625,0,0,-43
1759484092.8936248,2,-2,-42
1759484092.9296248,0,-7,-45
1759484092.9666247,0,4,-30
1759484093.0056248,0,-4,-44
1759484093.0436249,2,-4,-45
1759484093.079625,1,-7,-63
1759484093.1176248,0,-2,-55
1759484093.1556249,-1,-3,-43
1759484093.1916249,-1,0,-39
1759484093.230625,-2,-8,-45
1759484093.2676249,0,-5,-40
1759484093.3056247,-4,-1,-35
1759484093.3446248,2,-2,-31
1759484093.3806248,10,-3,-35
1759484093.4186249,3,4,-40
1759484093.457625,-1,0,-41
1759484093.4956248,6,-4,-37
1759484093.5316248,4,-1,-41
1759484093.5706248,4,-2,-39
1759484093.6076248,-2,-11,-32
1759484093.6466248,-8,2,-29
1759484093.684625,5,1,-32
1759484093.7206247,7,5,-40
1759484093.7576249,5,3,-26
1759484093.796625,2,3,-35
1759484093.8346248,6,0,-41
1759484093.8706248,2,-6,-54
1759484093.9076247,-3,-3,-46
1759484093.9466248,0,0,-42
1759484093.9846249,0,-3,-40
1759484094.0206249,2,-10,-34
1759484094.059625,3,-2,-32
1759484094.0966249,2,-1,-33
1759484094.135625,0,2,-37
1759484094.171625,2,-2,-34
1759484094.2096248,4,-5,-36
1759484094.2476249,9,-4,-46
1759484094.286625,1,-9,-43
1759484094.3246248,9,-1,-37
1759484094.3606248,-1,-3,-41
1759484094.398625,1,2,-36
1759484094.4366248,1,5,-36
1759484094.4756248,1,-1,-34
1759484094.5116248,0,-1,-30
1759484094.5496247,-1,4,-49
1759484094.5886247,0,-2,-46
1759484094.6266248,3,-3,-35
1759484094.6646247,2,-1,-42
1759484094.7016249,2,-1,-37
1759484094.7386248,1,0,-33
1759484094.7776248,0,1,-40
1759484094.8156247,-5,-4,-30
1759484094.8516247,0,1,-28
1759484094.888625,0,-3,-39
1759484094.9276247,5,4,-30
1759484094.9656248,0,0,-44
1759484095.0016248,0,3,-39
1759484095.0396247,2,6,-33
1759484095.0776248,5,0,-28
1759484095.115625,7,-1,-32
1759484095.151625,4,0,-48
1759484095.1886249,0,1,-41
1759484095.227625,3,2,-44
1759484095.2656248,5,2,-40
1759484095.3016248,4,2,-30
1759484095.3386247,4,-4,-54
1759484095.3776248,4,-2,-51
1759484095.4156249,3,2,-46
1759484095.4516249,-3,-6,-44
1759484095.4896247,-3,-3,-45
1759484095.5276248,-4,-1,-33
1759484095.5666249,-6,-3,-32
1759484095.602625,-6,-8,-51
1759484095.6406248,0,0,-48
1759484095.6786249,2,3,-43
1759484095.7166247,-1,5,-24
1759484095.7526248,2,1,-26
1759484095.7906249,-2,3,-48
1759484095.8286247,-2,-3,-39
1759484095.8666248,-2,0,-49
1759484095.9026248,3,1,-36
1759484095.9406247,0,1,-38
1759484095.9786248,4,-2,-40
1759484096.0176249,-2,-3,-27
1759484096.0556247,0,0,-42
1759484096.0916247,2,4,-40
1759484096.128625,4,1,-31
1759484096.1676247,2,1,-29
1759484096.2056248,-4,-1,-39
1759484096.2416248,2,-2,-41
1759484096.2786248,4,-8,-47
1759484096.3176248,4,1,-39
1759484096.355625,2,0,-40
1759484096.3916247,5,-1,-40
1759484096.4286249,4,-6,-35
1759484096.467625,0,-2,-37
1759484096.5056248,0,0,-34
1759484096.5416248,-1,-4,-38
1759484096.579625,4,-7,-51
1759484096.6176248,0,-3,-52
1759484096.6566248,-2,4,-49
1759484096.6926248,-4,0,-48
1759484096.7296247,-1,-7,-35
1759484096.7676249,0,2,-49
1759484096.806625,-2,6,-42
1759484096.842625,-2,0,-42
1759484096.8806248,0,-4,-30
1759484096.9186249,3,-3,-32
1759484096.9566247,3,-6,-32
1759484096.9926248,-2,-1,-45
1759484097.0306249,0,0,-40
1759484097.069625,-1,-1,-43
1759484097.1076248,-2,2,-46
1759484097.1436248,0,8,-37
1759484097.181625,0,6,-37
1759484097.2206247,0,0,-22
1759484097.2586248,1,2,-30
1759484097.296625,7,-2,-42
1759484097.332625,0,0,-43
1759484097.378625,-4,5,-35
1759484097.4166248,-6,0,-30
1759484097.4526248,0,-3,-28
1759484097.4896247,6,2,-37
1759484097.5286248,0,0,-41
1759484097.5666249,1,-4,-41
1759484097.602625,4,-3,-35
1759484097.6396248,7,5,-42
1759484097.6786249,3,3,-27
1759484097.7166247,0,2,-29
1759484097.7526248,-8,-1,-37
1759484097.7916248,3,0,-43
1759484097.829625,1,-2,-36
1759484097.8676248,1,0,-30
1759484097.9036248,2,4,-30
1759484097.9416249,-2,-1,-33
1759484097.9796247,-3,1,-29
1759484098.0176249,1,5,-34
1759484098.0536249,3,2,-39
1759484098.0906248,-1,2,-29
1759484098.1296248,-7,0,-36
1759484098.1676247,-8,0,-41
1759484098.2036247,-2,0,-52
1759484098.2416248,-5,1,-45
1759484098.2796247,-2,1,-39
1759484098.3176248,0,0,-44
1759484098.3536248,-1,1,-49
1759484098.3916247,1,-4,-37
1759484098.4286249,-1,1,-35
1759484098.467625,7,-5,-39
1759484098.503625,13,-3,-36
1759484098.5426247,4,-3,-45
1759484098.5806248,-1,-2,-27
1759484098.6186247,-3,-5,-35
1759484098.6546247,-1,-2,-39
1759484098.6936247,1,-6,-35
1759484098.7316248,0,0,-42
1759484098.7686248,2,-6,-38
1759484098.8076248,-4,1,-40
1759484098.8436248,-1,0,-40
1759484098.8816247,-6,4,-48
1759484098.9186249,-8,-1,-46
1759484098.957625,6,3,-32
1759484098.9936247,-7,0,-37
1759484099.0306249,-3,-2,-33
1759484099.069625,4,-5,-46
1759484099.1076248,-2,-2,-50
1759484099.1436248,0,-1,-45
1759484099.1806247,4,-1,-50
1759484099.2196248,0,-3,-51
1759484099.2576249,3,-2,-38
1759484099.2936249,3,0,-43
1759484099.3306248,6,-6,-31
1759484099.3696249,11,-4,-37
1759484099.4076247,0,-3,-45
1759484099.4436247,-4,0,-40
1759484099.4816248,0,-7,-40
1759484099.5196247,-12,-3,-36
1759484099.5576248,-1,0,-40
1759484099.5936248,2,-4,-32
1759484099.6316247,0,-2,-48
1759484099.6696248,1,0,-48
1759484099.707625,3,-7,-42
1759484099.7436247,-1,-5,-35
1759484099.7826247,-3,0,-32
1759484099.8206248,0,0,-43
1759484099.8586247,9,3,-33
1759484099.8946247,0,2,-36
1759484099.9326248,2,2,-37
1759484099.9706247,1,6,-40
1759484100.0086248,1,6,-44
1759484100.0446248,2,3,-34
1759484100.0816247,-5,5,-43
1759484100.1206248,0,3,-34
1759484100.158625,1,2,-45
1759484100.194625,7,-3,-32
1759484100.2336247,2,-4,-36
1759484100.2706249,-2,-3,-52
1759484100.309625,1,3,-42
1759484100.3456247,3,0,-49
1759484100.3826249,0,0,-51
1759484100.4206247,0,-2,-46
1759484100.4596248,2,0,-33
1759484100.4956248,-4,-7,-43
1759484100.5346248,1,3,-45
1759484100.5716248,0,1,-31
1759484100.6106248,0,0,-25
1759484100.648625,1,-8,-36
1759484100.684625,5,-5,-45
1759484100.7216249,0,-1,-32
1759484100.760625,-1,0,-25
1759484100.7986248,4,-8,-38
1759484100.8346248,3,3,-34
1759484100.8716247,-4,-1,-20
1759484100.9106247,-10,0,-31
1759484100.9486248,-2,0,-32
1759484100.9846249,-6,-2,-43
1759484101.0226247,1,-1,-40
1759484101.0606248,7,2,-40
1759484101.0996249,4,-3,-38
1759484101.135625,-6,-5,-36
1759484101.1736248,-6,4,-33
1759484101.2126248,0,-3,-43
1759484101.250625,1,-4,-37
1759484101.2886248,-4,-1,-44
1759484101.3246248,0,-4,-36
1759484101.3616247,2,1,-46
1759484101.4006248,2,-3,-48
1759484101.4386249,7,2,-38
1759484101.4746249,5,-1,-42
1759484101.513625,-7,-2,-36
1759484101.5506248,-7,1,-43
1759484101.589625,-2,0,-47
1759484101.625625,-1,2,-31
1759484101.6636248,-4,-2,-44
1759484101.7026248,2,5,-41
1759484101.740625,-2,3,-44
1759484101.776625,1,3,-52
1759484101.8136249,-2,-1,-37
1759484101.852625,-3,2,-39
1759484101.8906248,0,-2,-39
1759484101.9266248,2,0,-47
1759484101.9636247,-4,-1,-40
1759484102.0026248,-3,3,-44
1759484102.0406249,-1,0,-51
1759484102.0766249,0,3,-38
1759484102.1146247,0,-4,-29
1759484102.1526248,5,-10,-47
1759484102.1906247,-1,-7,-37
1759484102.2296247,-1,1,-47
1759484102.2656248,-5,1,-40
1759484102.3026247,4,2,-49
1759484102.3416247,3,-12,-45
1759484102.3796248,0,0,-30
1759484102.4156249,-2,-2,-26
1759484102.454625,2,0,-42
1759484102.4916248,3,3,-25
1759484102.5306249,10,4,-32
1759484102.5666249,10,2,-36
1759484102.6036248,5,0,-43
1759484102.6416247,1,-6,-49
1759484102.6806247,-3,3,-50
1759484102.7166247,0,0,-36
1759484102.7546248,0,0,-35
1759484102.7916248,0,0,-31
1759484102.8306248,-4,1,-32
1759484102.8666248,0,-4,-35
1759484102.9036248,4,-6,-55
1759484102.9416249,2,-8,-54
1759484102.980625,1,0,-50
1759484103.0166247,-10,-3,-48
1759484103.0546248,-8,-4,-32
1759484103.0936248,-7,0,-28
1759484103.1316247,-4,-7,-45
1759484103.1696248,-6,-5,-35
1759484103.2056248,-1,-8,-28
1759484103.2436247,4,-4,-34
1759484103.2826247,0,-1,-41
1759484103.3206248,0,-2,-43
1759484103.3566248,-2,-2,-44
1759484103.3956249,0,-4,-44
1759484103.4326248,2,-3,-35
1759484103.4716249,-6,5,-40
1759484103.5076249,1,0,-42
1759484103.5456247,-2,0,-32
1759484103.582625,3,3,-42
1759484103.6216247,6,0,-39
1759484103.6576247,0,0,-32
1759484103.694625,-3,2,-34
1759484103.7326248,-6,1,-34
1759484103.7716248,0,1,-31
1759484103.8076248,-9,1,-41
1759484103.8446248,-2,1,-34
1759484103.8836248,-1,0,-32
1759484103.921625,0,0,-28
1759484103.957625,-8,0,-31
1759484103.9946249,0,-2,-35
1759484104.033625,-3,0,-41
1759484104.0716248,-6,4,-36
1759484104.1076248,-4,6,-39
1759484104.1466248,1,3,-30
1759484104.184625,3,4,-36
1759484104.2226248,-5,-3,-49
1759484104.260625,-2,6,-42
1759484104.296625,1,0,-44
1759484104.3336248,-4,-6,-36
1759484104.3726249,0,-5,-35
1759484104.4106247,5,0,-32
1759484104.4466248,4,5,-44
1759484104.4836247,0,1,-45
1759484104.5226247,-1,6,-38
1759484104.5606248,8,-1,-30
1759484104.5966249,0,2,-41
1759484104.6346247,0,-2,-49
1759484104.6726248,-4,0,-46
1759484104.7106247,0,5,-44
1759484104.7466247,0,1,-34
1759484104.7846248,0,-1,-25
1759484104.8226247,3,-1,-32
1759484104.8606248,1,-2,-38
1759484104.8976247,1,0,-38
1759484104.934625,5,1,-46
1759484104.9736247,-1,-6,-44
1759484105.0116248,-1,0,-53
1759484105.0476248,1,-4,-42
1759484105.0856247,-1,-1,-43
1759484105.1246247,-1,-5,-36
1759484105.1626248,1,-1,-47
1759484105.2006247,0,-2,-51
1759484105.2366247,1,-1,-59
1759484105.273625,3,0,-35
1759484105.3126247,1,2,-36
1759484105.3486247,0,-2,-40
1759484105.3866248,1,-2,-39
1759484105.4246247,-2,-2,-36
1759484105.4636247,-2,3,-44
1759484105.5016248,0,4,-35
1759484105.5376248,-1,4,-39
1759484105.5756247,6,3,-38
1759484105.6146247,10,-5,-39
1759484105.6526248,0,0,-39
1759484105.6886249,0,-5,-42
1759484105.727625,2,4,-31
1759484105.7656248,-7,8,-33
1759484105.8026247,-4,4,-42
1759484105.8416247,0,2,-38
1759484105.8776248,7,0,-46
1759484105.9156249,1,1,-50
1759484105.9526248,8,1,-37
1759484105.9916248,0,-1,-34
1759484106.0276248,3,4,-34
1759484106.0656247,1,-2,-35
1759484106.1036248,-1,1,-29
1759484106.1416247,-3,0,-47
1759484106.1776247,3,1,-36
1759484106.214625,0,2,-35
1759484106.253625,4,9,-31
1759484106.2916248,2,9,-36
1759484106.3276248,0,8,-48
1759484106.365625,0,4,-37
1759484106.4036248,-1,4,-41
1759484106.4416249,0,4,-44
1759484106.477625,1,-1,-42
1759484106.5146248,5,-2,-44
1759484106.5536249,0,1,-36
1759484106.5916247,-5,1,-39
1759484106.6276248,-3,-1,-32
1759484106.6666248,5,-4,-38
1759484106.7036247,-3,-9,-36
1759484106.7426248,2,-4,-39
1759484106.7786248,0,-1,-39
1759484106.8166249,7,0,-35
1759484106.8536248,2,9,-42
1759484106.8926249,-2,0,-42
1759484106.9286249,-5,2,-35
1759484106.9666247,-4,3,-29
1759484107.003625,0,4,-25
1759484107.0426247,3,-1,-28
1759484107.0786247,0,1,-32
1759484107.1166248,2,-1,-36
1759484107.1546247,7,2,-36
1759484107.1926248,0,-1,-38
1759484107.2286248,-2,-5,-39
1759484107.2676249,2,-5,-23
1759484107.3046248,5,-1,-43
1759484107.3436248,-5,3,-36
1759484107.388625,-7,4,-41
1759484107.4266248,0,-1,-38
1759484107.464625,-3,5,-40
1759484107.5026248,-5,4,-45
1759484107.5386248,-2,2,-40
1759484107.5766249,-1,2,-48
1759484107.6146247,-6,5,-41
1759484107.6536248,0,7,-46
1759484107.6896248,-2,0,-41
1759484107.727625,2,-4,-27
1759484107.7656248,1,0,-40
1759484107.8036249,0,0,-48
1759484107.839625,-8,6,-42
1759484107.8776248,-7,4,-51
1759484107.9146247,0,-2,-39
1759484107.9536247,0,0,-36
1759484107.9896247,0,-8,-36
1759484108.026625,1,-4,-38
1759484108.0646248,5,0,-36
1759484108.1036248,2,0,-35
1759484108.1396248,1,-5,-40
1759484108.1776247,0,0,-40
1759484108.214625,0,-6,-17
1759484108.253625,1,3,-36
1759484108.2896247,0,0,-45
1759484108.3276248,0,5,-38
1759484108.3646247,1,-1,-31
1759484108.4036248,0,-2,-26
1759484108.4396248,-2,0,-22
1759484108.4786248,0,0,-34
1759484108.5156248,-2,0,-36
1759484108.5546248,-3,1,-38
1759484108.592625,2,-4,-40
1759484108.628625,-3,0,-33
1759484108.6676247,0,-5,-36
1759484108.7056248,6,0,-48
1759484108.7436247,5,4,-47
1759484108.7796247,0,7,-35
1759484108.8176248,-2,2,-46
1759484108.855625,6,2,-29
1759484108.8946247,5,1,-38
1759484108.9306247,-8,-3,-44
1759484108.9686248,-1,-7,-41
1759484109.0066247,-2,-9,-42
1759484109.0446248,0,-7,-41
1759484109.0836248,-1,-4,-46
1759484109.1196249,2,0,-35
1759484109.1566248,0,0,-40
1759484109.194625,9,2,-46
1759484109.2336247,4,3,-43
1759484109.2696247,0,5,-46
1759484109.3076248,-6,-1,-38
1759484109.3456247,0,0,-42
1759484109.3836248,2,0,-40
1759484109.4196248,1,4,-44
1759484109.4566247,-1,-4,-42
1759484109.4956248,3,-2,-32
1759484109.533625,1,0,-37
1759484109.569625,-3,-1,-40
1759484109.6086247,-1,2,-31
1759484109.6466248,-1,7,-37
1759484109.684625,6,1,-30
1759484109.7206247,3,2,-36
1759484109.7576249,8,3,-36
1759484109.7956247,2,3,-19
1759484109.8346248,-5,7,-31
1759484109.8706248,0,11,-30
1759484109.9076247,-1,0,-31
1759484109.9456248,6,0,-47
1759484109.9846249,-1,-5,-35
1759484110.0206249,4,-1,-41
1759484110.0586247,3,0,-43
1759484110.0966249,4,4,-31
1759484110.135625,1,0,-39
1759484110.1736248,0,3,-34
1759484110.2096248,1,1,-31
1759484110.2466247,-6,-4,-38
1759484110.2856247,-3,0,-29
1759484110.3236248,0,-3,-29
1759484110.3596249,-3,-1,-36
1759484110.3976247,-4,-3,-48
1759484110.4356248,-7,-7,-34
1759484110.4746249,0,-5,-40
1759484110.510625,-1,-2,-34
1759484110.5486248,-9,5,-28
1759484110.5876248,0,3,-38
1759484110.625625,3,5,-28
1759484110.661625,-3,5,-30
1759484110.7006247,0,-6,-36
1759484110.7386248,0,-2,-45
1759484110.7756248,4,-2,-44
1759484110.8146248,0,-2,-37
1759484110.8506248,-2,-3,-32
1759484110.888625,11,-4,-27
1759484110.9266248,0,2,-39
1759484110.9656248,0,0,-45
1759484111.0016248,-4,-6,-32
1759484111.0406249,1,0,-34
1759484111.0776248,-6,-4,-41
1759484111.115625,-1,1,-42
1759484111.1546247,-8,0,-28
1759484111.1906247,-10,0,-41
1759484111.227625,-2,5,-38
1759484111.2666247,0,4,-35
1759484111.3046248,-9,0,-34
1759484111.3406248,-2,-4,-30
1759484111.3796248,-2,-2,-26
1759484111.4176247,-1,0,-27
1759484111.4556248,0,6,-41
1759484111.4916248,-2,6,-32
1759484111.5306249,4,-2,-35
1759484111.5676248,-4,-3,-36
1759484111.6066248,-6,0,-39
1759484111.6446247,-4,1,-36
1759484111.6806247,-2,-9,-45
1759484111.7186248,-2,1,-42
1759484111.7576249,4,3,-36
1759484111.7956247,-5,9,-43
1759484111.8316247,0,3,-35
1759484111.8686247,0,0,-48
1759484111.9066248,1,-3,-28
1759484111.9456248,2,0,-49
1759484111.9816248,0,-1,-45
1759484112.0186248,0,-6,-40
1759484112.056625,10,1,-40
1759484112.0956247,0,-1,-50
1759484112.1316247,0,6,-41
1759484112.1696248,2,2,-32
1759484112.2066247,-3,3,-29
1759484112.2456248,3,0,-33
1759484112.2816248,5,4,-28
1759484112.3186247,0,3,-30
1759484112.3566248,-1,2,-37
1759484112.3956249,-4,1,-39
1759484112.431625,0,3,-33
1759484112.4686248,-1,2,-42
1759484112.5066247,0,-6,-36
1759484112.5456247,1,-2,-44
1759484112.5816247,3,0,-44
1759484112.6196249,2,4,-30
1759484112.6566248,3,3,-40
1759484112.6956248,4,4,-36
1759484112.7316248,5,-1,-39
1759484112.7696247,5,0,-29
1759484112.8086247,-3,-1,-29
1759484112.8466249,0,-6,-41
1759484112.8826249,0,0,-41
1759484112.9196248,-2,7,-43
1759484112.957625,1,0,-44
1759484112.9966247,-4,-4,-48
1759484113.0326247,-3,-2,-37
1759484113.0706248,-1,4,-43
1759484113.1096249,-5,2,-35
1759484113.1476247,-6,4,-43
1759484113.1856248,0,6,-37
1759484113.2216249,-4,2,-43
1759484113.2586248,0,0,-34
1759484113.2976248,-1,6,-49
1759484113.3356247,5,0,-42
1759484113.3716247,2,-3,-34
1759484113.4106247,-7,-3,-33
1759484113.4486248,-8,0,-29
1759484113.4866247,-3,-3,-43
1759484113.5226247,-4,-6,-36
1759484113.5616248,-8,-4,-42
1759484113.5996249,-1,-6,-52
1759484113.6376247,-2,0,-38
1759484113.6756248,-1,0,-40
1759484113.7116249,-3,0,-34
1759484113.7496247,-5,-2,-34
1759484113.7876248,-1,-4,-36
1759484113.8266249,2,-4,-42
1759484113.862625,-5,-6,-39
1759484113.9006248,-3,-3,-39
1759484113.9386249,-6,0,-35
1759484113.977625,-6,-5,-41
1759484114.0156248,-2,-4,-36
1759484114.0526247,-2,-4,-39
1759484114.0916247,-4,0,-34
1759484114.128625,-3,0,-32
1759484114.1676247,9,0,-33
1759484114.2036247,8,-5,-48
1759484114.2416248,0,-2,-41
1759484114.2786248,6,0,-43
1759484114.3176248,1,-4,-43
1759484114.3536248,5,-5,-47
1759484114.3906248,7,-5,-45
1759484114.4296248,7,-7,-45
1759484114.467625,-4,0,-39
1759484114.503625,2,0,-43
1759484114.5416248,2,1,-31
1759484114.5786247,0,-5,-36
1759484114.6176248,-1,-8,-53
1759484114.6536248,1,-5,-37
1759484114.6926248,-2,6,-30
1759484114.730625,0,4,-42
1759484114.7686248,4,2,-41
1759484114.806625,8,0,-31
1759484114.842625,4,5,-42
1759484114.8796248,-2,5,-44
1759484114.9186249,1,4,-32
1759484114.9566247,-1,-2,-25
1759484114.9926248,0,0,-34
1759484115.0296247,3,2,-37
1759484115.0686247,3,2,-24
1759484115.1066248,0,-6,-30
1759484115.1426249,0,-7,-48
1759484115.1806247,-1,-5,-53
1759484115.2186248,0,1,-45
1759484115.2576249,-1,2,-46
1759484115.2936249,1,2,-38
1759484115.3306248,-2,6,-34
1759484115.3696249,1,-3,-36
1759484115.4076247,-1,1,-39
1759484115.4436247,0,2,-40
1759484115.480625,-8,6,-32
1759484115.5196247,-3,2,-35
1759484115.5576248,3,-2,-33
1759484115.5936248,0,3,-25
1759484115.6306248,4,1,-31
1759484115.6696248,5,0,-31
1759484115.707625,3,-5,-46
1759484115.7436247,4,-1,-48
1759484115.7806249,5,-9,-45
1759484115.8186247,6,-9,-43
1759484115.8576248,-10,0,-40
1759484115.8936248,-3,-4,-35
1759484115.931625,0,0,-37
1759484115.9696248,3,4,-36
1759484116.0086248,1,8,-33
1759484116.0446248,-4,0,-32
1759484116.0816247,1,-2,-29
1759484116.1196249,3,-12,-28
1759484116.158625,2,0,-40
1759484116.194625,1,-1,-35
1759484116.2316248,-1,-7,-40
1759484116.2696247,1,-5,-45
1759484116.3086247,-9,-1,-44
1759484116.3446248,-8,1,-46
1759484116.3816247,-4,-5,-43
1759484116.4196248,-7,-10,-44
1759484116.4586248,-7,-1,-35
1759484116.4946249,-7,-4,-39
1759484116.5326247,-4,-7,-33
1759484116.5716248,-6,-9,-35
1759484116.6096249,-7,1,-36
1759484116.6476247,-8,0,-40
1759484116.6836247,-3,0,-39
1759484116.7216249,-4,0,-35
1759484116.7596247,4,-6,-46
1759484116.7986248,0,-5,-53
1759484116.8346248,2,4,-42
1759484116.8726249,-10,0,-29
1759484116.9096248,-4,2,-33
1759484116.9486248,-7,3,-40
1759484116.9846249,3,2,-36
1759484117.0216248,0,0,-33
1759484117.059625,-5,-3,-38
1759484117.0986247,-8,-1,-46
1759484117.1346247,-6,-3,-42
1759484117.1736248,-2,-4,-35
1759484117.2106247,-2,0,-37
1759484117.2496247,-1,-4,-26
1759484117.2876248,-5,-5,-36
1759484117.3236248,5,-5,-39
1759484117.3606248,-3,-1,-44
1759484117.4056249,-5,0,-36
1759484117.4436247,0,3,-40
1759484117.4816248,0,0,-33
1759484117.5196247,-3,-1,-37
1759484117.556625,6,0,-40
1759484117.5946248,-2,-6,-42
1759484117.6316247,-8,-6,-47
1759484117.6706247,-2,-7,-28
1759484117.7086248,0,-6,-28
1759484117.7446249,0,-9,-32
1759484117.7826247,4,1,-38
1759484117.8206248,6,2,-33
1759484117.8596249,4,6,-38
1759484117.8956249,-2,3,-44
1759484117.9336247,3,-2,-40
1759484117.9726248,0,-1,-42
1759484118.010625,-4,2,-35
1759484118.0486248,-3,2,-33
1759484118.0846248,-3,-3,-32
1759484118.1236248,-2,-2,-36
1759484118.1606247,-1,-1,-36
1759484118.1996248,-3,-8,-38
1759484118.2356248,1,-8,-24
1759484118.2726247,8,4,-38
1759484118.3116248,0,2,-37
1759484118.3496249,0,-2,-22
1759484118.385625,1,4,-30
1759484118.4226248,0,1,-26
1759484118.4606247,-5,0,-37
1759484118.4996247,-1,5,-50
1759484118.5356247,-6,7,-46
1759484118.5746248,-8,1,-31
1759484118.612625,-1,7,-44
1759484118.6506248,0,-7,-43
1759484118.6886249,0,0,-45
1759484118.7246249,-3,0,-45
1759484118.7626247,-3,11,-40
1759484118.8006248,-4,0,-45
1759484118.839625,1,-3,-39
1759484118.875625,2,1,-41
1759484118.9126248,2,4,-37
1759484118.9506247,3,1,-39
1759484118.9896247,1,-3,-52
1759484119.0256248,6,3,-44
1759484119.0626247,5,0,-32
1759484119.1006248,0,-2,-38
1759484119.1396248,1,0,-39
1759484119.1756248,-1,6,-36
1759484119.2136247,0,4,-30
1759484119.2516248,-2,0,-39
1759484119.2906249,-1,0,-37
1759484119.3266249,3,-3,-41
1759484119.3636248,-3,1,-36
1759484119.401625,-2,-4,-46
1759484119.4406247,-4,-6,-47
1759484119.4766247,0,-4,-53
1759484119.5146248,4,0,-34
1759484119.5526247,2,-1,-43
1759484119.5916247,1,-3,-41
1759484119.6296248,-6,0,-40
1759484119.6656249,1,-1,-41
1759484119.7036247,-8,1,-27
1759484119.740625,1,-2,-36
1759484119.7796247,4,0,-52
1759484119.8156247,-1,0,-36
1759484119.852625,0,5,-40
1759484119.8916247,0,0,-49
1759484119.9296248,0,-5,-42
1759484119.9656248,3,5,-35
1759484120.0026248,-1,-3,-44
1759484120.0416248,2,-7,-44
1759484120.079625,-1,-6,-39
1759484120.115625,0,-1,-33
1759484120.1546247,-2,0,-34
1759484120.1916249,-2,3,-43
1759484120.230625,4,7,-48
1759484120.2676249,3,1,-41
1759484120.3046248,0,3,-30
1759484120.3436248,4,2,-39
1759484120.3816247,-5,-4,-41
1759484120.4196248,0,4,-31
1759484120.4556248,-3,0,-29
1759484120.4936247,-6,-1,-42
1759484120.5316248,-4,1,-41
1759484120.5706248,-3,-5,-33
1759484120.6066248,-4,4,-46
1759484120.6456249,0,5,-35
1759484120.6836247,-5,-1,-39
1759484120.7216249,2,-1,-42
1759484120.7596247,0,-6,-40
1759484120.7956247,-2,-5,-44
1759484120.8346248,-4,-5,-46
1759484120.8726249,-5,-1,-39
1759484120.9106247,1,-3,-37
1759484120.9476247,0,-5,-41
1759484120.9856248,-8,1,-41
1759484121.023625,-2,0,-39
1759484121.0616248,0,-1,-43
1759484121.0976248,0,1,-30
1759484121.1346247,-3,-1,-38
1759484121.1736248,3,0,-45
1759484121.2116249,3,-1,-31
1759484121.2476249,6,-3,-33
1759484121.2846248,-2,0,-30
1759484121.3236248,1,-5,-39
1759484121.3616247,5,-1,-44
1759484121.3976247,3,-7,-37
1759484121.434625,2,0,-35
1759484121.4736247,0,-3,-34
1759484121.5116248,2,-1,-35
1759484121.5476248,-4,1,-34
1759484121.5856247,0,-2,-34
1759484121.6236248,0,-1,-44
1759484121.6626248,6,-5,-50
1759484121.7006247,2,-9,-34
1759484121.7366247,-1,-9,-46
1759484121.7756248,3,-5,-36
1759484121.8136249,0,-4,-40
1759484121.8516247,0,1,-42
1759484121.8876247,-4,-2,-38
1759484121.9256248,-5,1,-36
1759484121.9636247,1,0,-43
1759484122.0026248,8,-3,-33
1759484122.0406249,2,-3,-40
1759484122.0766249,7,-4,-37
1759484122.1146247,0,-5,-37
1759484122.1526248,0,-7,-43
1759484122.1906247,-5,-6,-40
1759484122.2266247,-1,-5,-41
1759484122.2656248,0,-4,-31
1759484122.3026247,10,-11,-33
1759484122.3416247,8,-3,-40
1759484122.3776248,6,3,-32
1759484122.4156249,-1,-7,-42
1759484122.4526248,0,-11,-39
1759484122.4916248,0,0,-37
1759484122.5276248,2,2,-28
1759484122.5656247,3,0,-26
1759484122.602625,0,-1,-31
1759484122.6416247,0,-1,-33
1759484122.6776247,2,2,-37
1759484122.7156248,2,-4,-30
1759484122.7526248,0,4,-28
1759484122.7916248,-6,0,-33
1759484122.8276248,-3,0,-22
1759484122.865625,2,0,-27
1759484122.9026248,4,-4,-31
1759484122.9416249,-3,-2,-37
1759484122.977625,0,4,-41
1759484123.0156248,0,-6,-41
1759484123.0526247,0,-4,-40
1759484123.0916247,6,-4,-55
1759484123.1276248,8,-5,-49
1759484123.1656249,5,-5,-41
1759484123.2036247,8,-3,-32
1759484123.2426248,5,-4,-37
1759484123.2786248,0,-8,-48
1759484123.3176248,-7,-4,-45
1759484123.3546247,-6,1,-40
1759484123.3936248,-3,-6,-35
1759484123.431625,3,-4,-29
1759484123.467625,3,-1,-23
1759484123.5066247,-2,-8,-40
1759484123.5446248,-4,2,-34
1759484123.582625,0,0,-36
1759484123.6186247,-8,-3,-36
1759484123.6566248,-2,-2,-33
1759484123.6956248,-4,0,-31
1759484123.7336247,-6,0,-34
1759484123.7716248,-4,-2,-36
1759484123.8086247,-9,-4,-43
1759484123.8476248,1,5,-47
1759484123.8846247,-4,0,-34
1759484123.9236248,-4,2,-37
1759484123.9616249,-8,-2,-38
1759484123.9976249,0,-2,-36
1759484124.036625,1,-4,-39
1759484124.0736248,6,-1,-38
1759484124.112625,5,-2,-38
1759484124.1496248,-2,-4,-40
1759484124.1866248,1,-4,-47
1759484124.2256248,-1,-3,-42
1759484124.263625,0,-7,-34
1759484124.3016248,4,-7,-42
1759484124.3376248,2,-3,-38
1759484124.3766248,-6,-2,-48
1759484124.4136248,-1,0,-41
1759484124.4526248,1,0,-37
1759484124.4886248,6,-2,-46
1759484124.526625,5,-5,-41
1759484124.5646248,0,1,-43
1759484124.602625,-3,6,-45
1759484124.638625,-6,8,-34
1759484124.6756248,1,2,-38
1759484124.7136247,0,4,-43
1759484124.7526248,0,3,-34
1759484124.7886248,-4,2,-36
1759484124.8256247,5,0,-42
1759484124.8636248,1,-1,-35
1759484124.9026248,2,3,-40
1759484124.9386249,-4,-5,-36
1759484124.977625,-9,-6,-36
1759484125.0156248,-3,-1,-37
1759484125.0536249,4,6,-31
1759484125.089625,8,5,-37
1759484125.1276248,0,2,-45
1759484125.1656249,-2,-2,-44
1759484125.204625,-5,-5,-34
1759484125.2426248,0,-6,-35
1759484125.2786248,-4,-2,-42
1759484125.3166249,3,0,-35
1759484125.3546247,6,1,-38
1759484125.3936248,-3,-1,-42
1759484125.4296248,-2,-1,-36
1759484125.467625,0,-2,-30
1759484125.5056248,-1,1,-37
1759484125.5446248,-2,-4,-34
1759484125.582625,5,-1,-40
1759484125.6186247,1,-1,-33
1759484125.6566248,-6,0,-39
1759484125.6956248,-5,0,-46
1759484125.7336247,2,-2,-47
1759484125.7696247,-2,-3,-42
1759484125.8086247,-11,0,-38
1759484125.8466249,0,1,-52
1759484125.8846247,-2,4,-49
1759484125.9226248,-5,0,-46
1759484125.9586248,-1,0,-39
1759484125.9966247,-2,6,-32
1759484126.0346248,-2,2,-28
1759484126.0736248,-1,-2,-41
1759484126.1096249,-2,2,-39
1759484126.1476247,-2,-1,-38
1759484126.1856248,0,-1,-43
1759484126.2246249,1,2,-37
1759484126.260625,1,1,-38
1759484126.2976248,-1,8,-33
1759484126.3356247,4,-1,-33
1759484126.3746247,-6,0,-44
1759484126.4106247,-7,-4,-39
1759484126.4486248,0,2,-40
1759484126.487625,6,-7,-27
1759484126.5246248,0,0,-34
1759484126.5636249,0,-5,-28
1759484126.6006248,5,-2,-34
1759484126.6376247,0,-2,-37
1759484126.6766248,2,-3,-41
1759484126.714625,3,0,-38
1759484126.750625,2,-6,-23
1759484126.7886248,0,0,-29
1759484126.8266249,1,5,-33
1759484126.865625,1,1,-33
1759484126.9036248,-1,5,-38
1759484126.9396248,3,0,-24
1759484126.9766247,1,1,-35
1759484127.0156248,6,1,-34
1759484127.0536249,9,-8,-28
1759484127.089625,7,-7,-34
1759484127.1276248,0,-5,-37
1759484127.1656249,-2,-5,-40
1759484127.2036247,-4,0,-40
1759484127.2396247,1,1,-36
1759484127.276625,-2,-2,-34
1759484127.3156247,1,0,-32
1759484127.3536248,1,-5,-45
1759484127.3896248,4,-5,-28
1759484127.4356248,0,-1,-25
1759484127.4736247,-5,-1,-33
1759484127.5096247,-6,2,-34
1759484127.5476248,-4,4,-42
1759484127.5866249,-2,-2,-34
1759484127.6246247,5,-7,-50
1759484127.6606247,5,-4,-43
1759484127.6996248,6,4,-41
1759484127.737625,0,1,-48
1759484127.7756248,-2,0,-33
1759484127.8136249,-2,-4,-42
1759484127.8496249,-2,-3,-44
1759484127.888625,-1,-7,-34
1759484127.9266248,4,-6,-31
1759484127.964625,0,-3,-30
1759484128.000625,0,-3,-36
1759484128.0396247,-8,-8,-42
1759484128.0776248,-7,-3,-43
1759484128.115625,0,-2,-36
1759484128.151625,-1,-9,-34
1759484128.1896248,-2,-9,-36
1759484128.2286248,0,-3,-42
1759484128.2656248,2,0,-30
1759484128.3046248,-4,2,-38
1759484128.3406248,-6,0,-40
1759484128.3776248,7,-5,-42
1759484128.4156249,3,-5,-34
1759484128.454625,2,0,-33
1759484128.490625,1,-5,-50
1759484128.5296247,5,-2,-49
1759484128.5676248,1,3,-42
1759484128.605625,2,1,-33
1759484128.6416247,3,-3,-45
1759484128.6796248,3,0,-53
1759484128.7186248,1,2,-37
1759484128.7566247,-2,-3,-43
1759484128.7946248,-1,0,-43
1759484128.8306248,3,-2,-34
1759484128.8676248,4,0,-39
1759484128.9066248,1,-1,-46
1759484128.944625,2,-1,-47
1759484128.980625,-3,1,-40
1759484129.0186248,-2,1,-47
1759484129.056625,-6,2,-39
1759484129.0946248,-3,-5,-30
1759484129.1306248,-3,-2,-34
1759484129.1686249,3,0,-29
1759484129.2066247,0,0,-35
1759484129.2456248,0,1,-44
1759484129.2816248,-4,-2,-46
1759484129.319625,-1,1,-33
1759484129.3576248,3,-8,-32
1759484129.3966248,-2,1,-37
1759484129.434625,1,4,-40
1759484129.4716249,2,-3,-53
1759484129.5086248,-6,0,-41
1759484129.546625,0,-1,-38
1759484129.5856247,-5,1,-31
1759484129.6216247,0,0,-33
1759484129.658625,3,-4,-32
1759484129.6976247,8,-2,-36
1759484129.7356248,-2,3,-39
1759484129.7716248,-3,4,-46
1759484129.8106248,5,3,-49
1759484129.8486247,2,-1,-48
1759484129.8866248,-3,4,-41
1759484129.9226248,-4,4,-35
1759484129.9606247,-10,0,-36
1759484129.9986248,-4,2,-43
1759484130.036625,-4,3,-45
1759484130.0726247,-3,2,-39
1759484130.1116247,-1,4,-38
1759484130.148625,6,5,-39
1759484130.1866248,2,2,-36
1759484130.2256248,0,-1,-35
1759484130.2616248,2,-4,-34
1759484130.3006248,-4,0,-31
1759484130.3376248,-6,-2,-39
1759484130.3766248,0,0,-47
1759484130.4126248,0,6,-40
1759484130.4496248,3,-6,-44
1759484130.487625,2,6,-31
1759484130.526625,4,6,-35
1759484130.5626247,0,7,-46
1759484130.5996249,-10,-2,-36
1759484130.6376247,-6,-1,-33
1759484130.6766248,-1,0,-44
1759484130.7126248,-9,-5,-41
1759484130.7516248,-5,1,-43
1759484130.7886248,0,0,-52
1759484130.8276248,3,0,-44
1759484130.865625,-1,0,-36
1759484130.901625,-5,-3,-34
1759484130.9406247,-3,3,-48
1759484130.9786248,-4,2,-43
1759484131.0166247,-4,7,-39
1759484131.0526247,-5,3,-38
1759484131.0906248,2,-2,-34
1759484131.1296248,-1,-1,-30
1759484131.1676247,1,-1,-42
1759484131.2056248,8,0,-44
1759484131.2416248,1,2,-37
1759484131.2786248,-4,7,-40
1759484131.3176248,0,5,-40
1759484131.3536248,-1,2,-31
1759484131.3906248,0,-4,-44
1759484131.4296248,-4,-2,-39
1759484131.467625,-8,-4,-40
1759484131.503625,0,-7,-30
1759484131.5416248,-1,0,-39
1759484131.579625,5,2,-31
1759484131.6176248,6,0,-38
1759484131.6536248,4,-3,-47
1759484131.6906247,-1,2,-41
1759484131.7296247,0,0,-38
1759484131.7676249,-5,-2,-41
1759484131.8036249,-4,2,-41
1759484131.8416247,-11,-2,-38
1759484131.8796248,-2,-6,-39
1759484131.9176247,-2,-4,-36
1759484131.9566247,-6,0,-30
1759484131.9926248,-4,3,-42
1759484132.0316248,-4,-3,-42
1759484132.069625,-5,0,-44
1759484132.1076248,3,3,-39
1759484132.1436248,3,-6,-41
1759484132.181625,5,-7,-33
1759484132.2206247,-3,-2,-51
1759484132.2586248,-2,2,-35
1759484132.296625,2,-2,-33
1759484132.332625,-1,4,-41
1759484132.3706248,-5,5,-41
1759484132.408625,-6,3,-37
1759484132.4466248,-3,6,-33
1759484132.4826248,0,2,-28
1759484132.5196247,0,-3,-42
1759484132.5586247,1,4,-29
1759484132.5966249,1,0,-42
1759484132.6326249,5,-1,-35
1759484132.6696248,0,0,-34
1759484132.7086248,1,-1,-37
1759484132.7466247,-5,4,-41
1759484132.7826247,1,-5,-32
1759484132.8206248,4,-6,-40
1759484132.8596249,5,-2,-41
1759484132.8976247,6,-5,-34
1759484132.9336247,9,-6,-37
1759484132.9706247,0,-8,-40
1759484133.0086248,-5,-1,-40
1759484133.0476248,0,-3,-37
1759484133.0836248,0,-3,-25
1759484133.1206248,-8,3,-38
1759484133.158625,-1,-5,-46
1759484133.1976247,-1,3,-36
1759484133.2336247,-2,-3,-41
1759484133.2726247,4,-6,-41
1759484133.309625,0,-6,-34
1759484133.3486247,-4,-6,-41
1759484133.3846247,-6,-7,-37
1759484133.4226248,0,-10,-30
1759484133.4606247,0,-2,-32
1759484133.4986248,0,8,-41
1759484133.5376248,-4,1,-45
1759484133.5736248,-4,4,-44
1759484133.612625,-1,2,-40
1759484133.6506248,0,1,-32
1759484133.6886249,9,-3,-36
1759484133.7246249,3,0,-39
1759484133.7626247,5,2,-41
1759484133.8006248,4,0,-43
1759484133.8386247,0,0,-39
1759484133.8746247,-4,1,-38
1759484133.9126248,-7,-2,-54
1759484133.9506247,-9,-4,-52
1759484133.9886248,0,0,-45
1759484134.0246248,6,0,-41
1759484134.0626247,0,0,-43
1759484134.0996249,-3,0,-42
1759484134.138625,3,-4,-48
1759484134.1746247,-6,-5,-40
1759484134.2126248,0,-6,-26
1759484134.2516248,0,0,-47
1759484134.2896247,-1,1,-33
1759484134.3276248,-5,-9,-40
1759484134.3636248,-6,-10,-32
1759484134.401625,-2,-2,-27
1759484134.4396248,0,-2,-33
1759484134.4786248,-2,-5,-31
1759484134.5146248,1,4,-28
1759484134.5516248,0,-2,-31
1759484134.589625,1,3,-27
1759484134.628625,1,-2,-17
1759484134.6646247,-3,-3,-30
1759484134.7036247,-8,3,-38
1759484134.740625,-3,2,-46
1759484134.7796247,4,-5,-36
1759484134.8176248,2,-1,-35
1759484134.8536248,8,-5,-44
1759484134.8926249,1,-1,-37
1759484134.9296248,0,-6,-42
1759484134.9686248,6,-4,-28
1759484135.0046248,6,-5,-28
1759484135.0426247,1,-5,-31
1759484135.0816247,-4,-1,-35
1759484135.1196249,-6,-5,-38
1759484135.1556249,-1,0,-45
1759484135.1926248,2,8,-49
1759484135.2316248,-1,0,-44
1759484135.2696247,-5,5,-39
1759484135.3056247,-1,2,-50
1759484135.342625,5,1,-36
1759484135.3816247,1,-4,-45
1759484135.4196248,-9,-9,-55
1759484135.4556248,0,-4,-46
1759484135.4936247,-2,-2,-27
1759484135.5326247,2,0,-35
1759484135.569625,6,5,-43
1759484135.6086247,1,-6,-35
1759484135.6446247,-3,-3,-37
1759484135.6826248,1,1,-29
1759484135.7216249,-3,0,-38
1759484135.7596247,-6,0,-36
1759484135.7956247,-2,0,-30
1759484135.8346248,-2,-3,-37
1759484135.8726249,9,1,-37
1759484135.9106247,13,3,-42
1759484135.9486248,0,0,-33
1759484135.9846249,1,0,-33
1759484136.0226247,0,6,-39
1759484136.0606248,0,5,-52
1759484136.0986247,-3,0,-47
1759484136.1346247,-5,2,-47
1759484136.1736248,-9,0,-46
1759484136.2106247,-8,2,-33
1759484136.2496247,-6,3,-30
1759484136.2856247,-6,2,-41
1759484136.3236248,-7,-5,-37
1759484136.3606248,-1,2,-36
1759484136.3996248,8,-1,-30
1759484136.4356248,0,-1,-34
1759484136.4736247,1,-5,-43
1759484136.5116248,1,-1,-28
1759484136.5506248,9,-2,-43
1759484136.5886247,0,-3,-45
1759484136.6246247,1,-1,-37
1759484136.6626248,0,1,-49
1759484136.7006247,2,4,-46
1759484136.7396247,0,0,-36
1759484136.7756248,-2,-3,-38
1759484136.8146248,-7,-2,-48
1759484136.852625,5,0,-43
1759484136.8906248,1,0,-34
1759484136.9266248,1,8,-35
1759484136.964625,-4,0,-33
1759484137.0026248,-1,0,-34
1759484137.0406249,15,-3,-34
1759484137.0766249,2,-5,-27
1759484137.115625,5,-2,-28
1759484137.1536248,-3,3,-31
1759484137.1906247,1,1,-31
1759484137.2296247,5,0,-36
1759484137.2656248,7,1,-33
1759484137.3036249,11,9,-31
1759484137.3416247,7,3,-34
1759484137.3796248,9,4,-42
1759484137.4156249,-1,0,-41
1759484137.4616249,-9,2,-46
1759484137.4996247,0,0,-39
1759484137.5356247,0,2,-36
1759484137.5736248,0,0,-43
1759484137.6116247,0,2,-45
1759484137.6496248,1,0,-38
1759484137.6856248,0,0,-43
1759484137.7236247,-1,3,-32
1759484137.7616248,-2,2,-40
1759484137.7996247,4,3,-35
1759484137.8356247,-2,5,-50
1759484137.8736248,-1,0,-30
1759484137.911625,0,-1,-36
1759484137.9496248,0,-1,-46
1759484137.9856248,-4,1,-36
1759484138.0246248,-1,0,-34
1759484138.0616248,-1,-3,-43
1759484138.1006248,5,-3,-33
1759484138.1366248,-1,-2,-34
1759484138.1746247,0,-3,-42
1759484138.2126248,1,0,-33
1759484138.2516248,-2,4,-36
1759484138.2896247,3,0,-34
1759484138.3256247,-3,0,-38
1759484138.3636248,-7,7,-43
1759484138.401625,-1,4,-49
1759484138.4406247,2,5,-37
1759484138.4766247,1,0,-36
1759484138.513625,4,0,-31
1759484138.5516248,-2,-4,-33
1759484138.5906248,-2,-1,-40
1759484138.6266248,3,-4,-50
1759484138.6656249,-2,-5,-49
1759484138.7036247,-1,-1,-41
1759484138.7416248,-2,-2,-34
1759484138.7776248,-2,-3,-39
1759484138.8166249,0,0,-38
1759484138.8536248,-2,2,-38
1759484138.8916247,0,0,-40
1759484138.9306247,-8,6,-40
1759484138.9666247,-4,4,-37
1759484139.0046248,-4,2,-36
1759484139.0426247,0,3,-31
1759484139.0806248,2,4,-39
1759484139.1166248,3,6,-24
1759484139.1546247,-6,6,-38
1759484139.1926248,-3,-3,-40
1759484139.230625,-4,2,-45
1759484139.2666247,1,-3,-40
1759484139.3046248,-3,0,-40
1759484139.342625,-3,-3,-38
1759484139.3806248,-1,-1,-28
1759484139.4166248,-3,-5,-34
1759484139.454625,1,-2,-50
1759484139.4926248,-4,-1,-46
1759484139.5316248,-3,-6,-48
1759484139.5676248,-7,-9,-43
1759484139.605625,5,2,-41
1759484139.6436248,4,6,-46
1759484139.6826248,0,5,-37
1759484139.7206247,2,0,-36
1759484139.7566247,-3,2,-45
1759484139.7956247,-2,-1,-38
1759484139.832625,3,6,-53
1759484139.8716247,7,0,-50
1759484139.9076247,5,5,-39
1759484139.9456248,4,-1,-40
1759484139.9826248,1,0,-37
1759484140.0216248,4,5,-31
1759484140.0586247,6,7,-46
1759484140.0956247,-2,-3,-40
1759484140.1346247,-5,2,-41
1759484140.1726248,5,0,-35
1759484140.2086248,0,10,-18
1759484140.2456248,3,5,-33
1759484140.2846248,-1,1,-36
1759484140.3226247,2,1,-32
1759484140.3586247,-2,-5,-38
1759484140.3966248,-7,0,-37
1759484140.4356248,-7,-2,-44
1759484140.4726248,-5,4,-55
1759484140.5116248,2,2,-48
1759484140.5476248,7,4,-44
1759484140.5846248,5,-1,-31
1759484140.6226249,5,3,-38
1759484140.661625,-1,-7,-45
1759484140.6976247,-1,-5,-34
1759484140.7366247,1,-1,-36
1759484140.7746248,-3,-1,-31
1759484140.8126247,1,-6,-41
1759484140.8486247,-2,-1,-40
1759484140.8866248,0,4,-34
1759484140.9256248,-3,0,-24
1759484140.9636247,0,-3,-24
1759484141.0016248,-8,2,-36
1759484141.0376248,10,-4,-35
1759484141.0766249,7,0,-38
1759484141.1136248,-2,0,-38
1759484141.1526248,-10,5,-28
1759484141.1886249,-3,4,-27
1759484141.2266247,-6,3,-35
1759484141.2646248,3,1,-32
1759484141.3036249,3,0,-38
1759484141.3416247,0,-1,-34
1759484141.3776248,3,0,-42
1759484141.4146247,5,-3,-47
1759484141.4536247,6,-1,-39
1759484141.4916248,10,-2,-34
1759484141.5276248,0,-6,-36
1759484141.5666249,0,-2,-32
1759484141.6036248,-1,4,-30
1759484141.6426249,0,0,-46
1759484141.6786249,5,0,-36
1759484141.7156248,5,0,-36
1759484141.753625,0,-2,-41
1759484141.7926247,3,0,-29
1759484141.8286247,1,0,-38
1759484141.8666248,0,-3,-28
1759484141.9036248,0,6,-29
1759484141.9426248,2,-8,-40
1759484141.9786248,3,-1,-41
1759484142.0156248,-3,3,-28
1759484142.0546248,-2,2,-28
1759484142.092625,2,3,-29
1759484142.128625,5,0,-28
1759484142.1656249,-1,5,-29
1759484142.2036247,1,1,-30
1759484142.2426248,0,0,-37
1759484142.2786248,-1,-2,-34
1759484142.3176248,-1,0,-39
1759484142.355625,-7,3,-42
1759484142.3936248,4,1,-43
1759484142.4296248,1,0,-44
1759484142.467625,1,0,-40
1759484142.5056248,2,1,-26
1759484142.5436249,-3,-1,-31
1759484142.579625,-7,2,-43
1759484142.6176248,-5,-1,-44
1759484142.6556249,3,-4,-43
1759484142.6936247,3,-1,-40
1759484142.7296247,-6,-1,-38
1759484142.7686248,-1,-2,-41
1759484142.8056247,3,0,-35
1759484142.8446248,3,5,-39
1759484142.8826249,3,-1,-43
1759484142.9186249,-1,-3,-49
1759484142.9566247,-4,-3,-51
1759484142.9956248,-1,-5,-38
1759484143.033625,1,1,-36
1759484143.069625,0,3,-31
1759484143.1066248,-1,0,-42
1759484143.1446247,-4,7,-34
1759484143.1836247,-1,-2,-45
1759484143.2196248,-2,2,-47
1759484143.2566247,-2,4,-41
1759484143.2946248,-3,-6,-36
1759484143.3336248,-5,-2,-48
1759484143.3696249,-3,-1,-42
1759484143.408625,-2,0,-38
1759484143.4456248,1,-2,-38
1759484143.4846249,-3,0,-40
1759484143.5226247,-3,2,-47
1759484143.5586247,-5,-2,-45
1759484143.5966249,-1,-4,-40
1759484143.6346247,-2,-3,-44
1759484143.6736248,1,2,-38
1759484143.7106247,2,-4,-42
1759484143.7476249,-6,-5,-37
1759484143.786625,5,0,-35
1759484143.8246248,-4,-2,-38
1759484143.8606248,-8,1,-40
1759484143.898625,6,0,-28
1759484143.9366248,1,-1,-31
1759484143.9746249,0,0,-38
1759484144.013625,1,0,-37
1759484144.0496247,-1,0,-30
1759484144.0876248,2,1,-43
1759484144.125625,4,-2,-46
1759484144.1636248,-3,1,-30
1759484144.1996248,2,6,-41
1759484144.237625,3,0,-47
1759484144.2756248,-2,0,-38
1759484144.3136249,1,5,-31
1759484144.3496249,-5,4,-42
1759484144.3876247,5,3,-42
1759484144.4266248,2,-1,-28
1759484144.464625,0,0,-37
1759484144.500625,2,8,-38
1759484144.5386248,-1,-1,-48
1759484144.5776248,2,0,-44
1759484144.615625,7,0,-45
1759484144.6536248,3,-5,-48
1759484144.6896248,4,-6,-36
1759484144.7266247,3,-2,-40
1759484144.7656248,4,-4,-37
1759484144.8036249,-4,-4,-43
1759484144.839625,0,-5,-44
1759484144.8776248,0,4,-43
1759484144.9156249,2,-2,-42
1759484144.954625,0,0,-36
1759484144.990625,3,3,-39
1759484145.0276248,5,0,-27
1759484145.0656247,3,-8,-29
1759484145.1046247,-6,-3,-32
1759484145.1406248,4,-4,-28
1759484145.1786249,-5,-4,-36
1759484145.2166247,-3,-1,-31
1759484145.2556248,-2,-2,-33
1759484145.2916248,5,0,-48
1759484145.3286247,-2,-1,-36
1759484145.3676248,3,-2,-54
1759484145.4056249,-4,0,-37
1759484145.4416249,0,-3,-40
1759484145.4786248,5,7,-36
1759484145.5166247,-1,2,-28
1759484145.5556247,2,2,-26
1759484145.5916247,1,1,-41
1759484145.628625,-4,-4,-46
1759484145.6666248,-12,-4,-38
1759484145.7056248,-2,-5,-34
1759484145.7416248,-2,1,-34
1759484145.7786248,-2,0,-38
1759484145.8166249,0,1,-35
1759484145.855625,-2,1,-35
1759484145.8916247,0,-3,-46
1759484145.9296248,-8,-3,-38
1759484145.9666247,-4,0,-43
1759484146.0056248,-5,-3,-46
1759484146.0416248,0,-2,-37
1759484146.0806248,-2,-6,-43
1759484146.1176248,-5,0,-36
1759484146.1566248,-8,0,-33
1759484146.194625,-11,-12,-31
1759484146.230625,-6,0,-37
1759484146.2696247,4,-3,-47
1759484146.306625,0,-4,-30
1759484146.3456247,-2,3,-40
1759484146.3816247,3,3,-40
1759484146.4196248,5,-3,-48
1759484146.4566247,-4,6,-45
1759484146.4956248,-2,-2,-39
1759484146.5316248,-3,-5,-39
1759484146.569625,-3,-1,-38
1759484146.6086247,1,1,-45
1759484146.6466248,1,-3,-35
1759484146.684625,-4,-3,-33
1759484146.7206247,-4,-1,-40
1759484146.7586248,-2,-3,-37
1759484146.796625,-2,-2,-31
1759484146.8356247,5,-2,-36
1759484146.8716247,7,-6,-39
1759484146.908625,4,1,-46
1759484146.9466248,-3,-2,-34
1759484146.9856248,0,-1,-27
1759484147.0216248,-2,3,-37
1759484147.0586247,3,1,-32
1759484147.0966249,3,-4,-48
1759484147.135625,-4,-3,-29
1759484147.171625,-1,0,-43
1759484147.2086248,1,3,-42
1759484147.2466247,7,-1,-38
1759484147.2856247,6,-5,-37
1759484147.3216248,1,-5,-33
1759484147.3596249,0,-3,-33
1759484147.398625,5,-1,-35
1759484147.4366248,4,5,-43
1759484147.4816248,4,2,-36
1759484147.5196247,3,1,-33
1759484147.556625,-6,0,-29
1759484147.5956247,-4,1,-28
1759484147.6316247,-6,2,-45
1759484147.6706247,-8,3,-34
1759484147.7086248,0,1,-36
1759484147.7466247,0,2,-43
1759484147.7826247,-2,1,-50
1759484147.8206248,-2,0,-40
1759484147.8586247,-1,-2,-46
1759484147.8966248,2,-1,-42
1759484147.9336247,-1,3,-42
1759484147.9706247,-5,4,-31
1759484148.0096247,1,0,-32
1759484148.0476248,-3,-1,-24
1759484148.0856247,-3,0,-31
1759484148.1216247,-2,4,-39
1759484148.1596248,-1,0,-40
1759484148.1976247,4,2,-42
1759484148.2366247,5,2,-47
1759484148.2726247,1,-2,-41
1759484148.309625,-2,-1,-33
1759484148.3476248,-4,-1,-38
1759484148.3866248,4,5,-30
1759484148.4226248,1,4,-38
1759484148.4596248,2,7,-29
1759484148.4976249,6,0,-33
1759484148.536625,7,3,-43
1759484148.5726247,6,2,-47
1759484148.6096249,7,-2,-41
1759484148.6476247,1,-3,-42
1759484148.6866248,2,-1,-39
1759484148.7226248,4,-3,-32
1759484148.7596247,3,3,-31
1759484148.7976248,1,-1,-24
1759484148.8366249,-5,3,-20
1759484148.8726249,2,4,-38
1759484148.9096248,-5,2,-37
1759484148.9476247,1,0,-39
1759484148.9866247,1,-1,-28
1759484149.0226247,5,-1,-34
1759484149.0606248,0,1,-47
1759484149.0986247,1,-1,-43
1759484149.1376247,-1,0,-39
1759484149.1736248,-1,0,-32
1759484149.2106247,-5,0,-35
1759484149.2486248,-4,-5,-37
1759484149.2876248,-4,1,-35
1759484149.3236248,2,-2,-38
1759484149.362625,-6,0,-45
1759484149.4006248,3,-1,-31
1759484149.4386249,0,4,-45
1759484149.4766247,0,0,-40
1759484149.5126247,-6,-1,-34
1759484149.5516248,-2,-3,-33
1759484149.589625,3,0,-28
1759484149.6276248,5,2,-37
1759484149.6636248,0,3,-43
1759484149.7006247,-4,1,-41
1759484149.7396247,0,0,-41
1759484149.7776248,-1,-3,-38
1759484149.8136249,5,0,-36
1759484149.8516247,6,-2,-42
1759484149.8896248,3,0,-32
1759484149.9276247,4,-5,-41
1759484149.9636247,0,-6,-28
1759484150.0016248,-2,-2,-29
1759484150.0396247,0,1,-44
1759484150.0786247,0,3,-42
1759484150.1166248,2,0,-39
1759484150.1526248,-1,0,-43
1759484150.1896248,-4,-5,-39
1759484150.2286248,0,-4,-35
1759484150.2666247,3,2,-35
1759484150.3026247,0,2,-41
1759484150.339625,-3,0,-41
1759484150.378625,1,0,-40
1759484150.4166248,0,0,-28
1759484150.4526248,0,-3,-16
1759484150.490625,1,-8,-25
1759484150.5286248,-2,3,-31
1759484150.5646248,-9,-1,-33
1759484150.602625,-6,2,-42
1759484150.6406248,-1,-9,-49
1759484150.6796248,-1,-11,-42
1759484150.717625,0,3,-42
1759484150.753625,-4,4,-36
1759484150.7906249,0,-2,-37
1759484150.8286247,1,-1,-40
1759484150.8676248,0,2,-43
1759484150.9036248,-4,3,-41
1759484150.9406247,-1,1,-31
1759484150.9796247,9,-4,-42
1759484151.0176249,4,-6,-36
1759484151.0536249,0,4,-39
1759484151.0916247,0,0,-50
1759484151.128625,5,-5,-46
1759484151.1676247,-3,0,-30
1759484151.2036247,0,0,-30
1759484151.240625,-1,3,-35
1759484151.2796247,-1,2,-40
1759484151.3176248,-3,4,-38
1759484151.3536248,-6,1,-38
1759484151.3916247,0,0,-39
1759484151.4296248,3,-1,-35
1759484151.467625,-3,0,-33
1759484151.503625,-1,-1,-27
1759484151.5426247,-8,0,-30
1759484151.579625,1,-4,-28
1759484151.6186247,0,-5,-25
1759484151.6546247,-2,0,-34
1759484151.6926248,-2,2,-39
1759484151.7316248,-6,0,-43
1759484151.7696247,-1,1,-34
1759484151.8076248,2,3,-42
1759484151.8436248,0,1,-40
1759484151.8816247,1,1,-39
1759484151.9196248,2,0,-39
1759484151.957625,0,-7,-24
1759484151.9936247,0,-6,-39
1759484152.0316248,-3,0,-40
1759484152.069625,8,-3,-38
1759484152.1076248,3,-1,-29
1759484152.1436248,2,0,-41
1759484152.181625,-4,-2,-37
1759484152.2196248,-9,4,-44
1759484152.2556248,-2,2,-36
1759484152.2946248,3,-3,-30
1759484152.332625,-6,1,-36
1759484152.3696249,2,2,-32
1759484152.408625,0,-5,-43
1759484152.444625,-1,-1,-35
1759484152.4826248,0,0,-42
1759484152.5216248,-2,2,-49
1759484152.559625,5,-8,-44
1759484152.5956247,7,-8,-37
1759484152.6326249,8,-5,-39
1759484152.6706247,0,2,-33
1759484152.7096248,-1,2,-31
1759484152.7456248,0,2,-31
1759484152.7826247,-9,2,-46
1759484152.8216248,-7,-4,-49
1759484152.8596249,-6,7,-44
1759484152.8956249,-2,3,-39
1759484152.9326248,3,1,-33
1759484152.9706247,-3,0,-36
1759484153.0096247,-5,-2,-34
1759484153.0456247,-1,8,-42
1759484153.082625,-4,8,-41
1759484153.1206248,0,3,-30
1759484153.1596248,0,-3,-46
1759484153.1956248,5,0,-35
1759484153.2336247,5,-11,-29
1759484153.2706249,0,-7,-27
1759484153.309625,7,1,-38
1759484153.3456247,-1,6,-40
1759484153.3846247,-2,3,-33
1759484153.421625,6,-1,-33
1759484153.4606247,-5,0,-28
1759484153.4986248,-4,0,-32
1759484153.5346248,-5,2,-26
1759484153.5736248,8,1,-40
1759484153.6116247,-1,0,-29
1759484153.6496248,3,2,-36
1759484153.6856248,7,4,-46
1759484153.7236247,0,4,-40
1759484153.7616248,-7,-1,-28
1759484153.7996247,-9,0,-42
1759484153.8356247,-1,-1,-33
1759484153.8746247,1,-9,-38
1759484153.911625,3,8,-42
1759484153.9506247,1,3,-44
1759484153.9886248,9,0,-36
1759484154.0246248,3,0,-41
1759484154.0616248,-4,7,-38
1759484154.1006248,-6,1,-34
1759484154.1366248,-6,0,-35
1759484154.1746247,-2,7,-34
1759484154.2116249,3,-3,-35
1759484154.250625,3,-6,-34
1759484154.286625,0,-1,-43
1759484154.3236248,-1,6,-40
1759484154.362625,5,4,-29
1759484154.4006248,4,0,-32
1759484154.4366248,-3,3,-37
1759484154.4736247,1,0,-38
1759484154.5126247,2,2,-45
1759484154.5506248,-1,2,-39
1759484154.5866249,-3,3,-43
1759484154.6236248,5,3,-39
1759484154.6626248,0,2,-43
1759484154.7006247,0,0,-44
1759484154.7366247,-6,-1,-48
1759484154.7756248,-5,0,-45
1759484154.8126247,-9,1,-36
1759484154.8516247,0,0,-38
1759484154.8896248,5,4,-40
1759484154.9256248,0,-2,-35
1759484154.964625,0,0,-33
1759484155.0016248,-3,5,-30
1759484155.0406249,-3,4,-29
1759484155.0766249,-3,0,-32
1759484155.115625,0,0,-42
1759484155.1536248,1,-6,-32
1759484155.1916249,0,2,-28
1759484155.2296247,-2,5,-36
1759484155.2666247,2,3,-42
1759484155.3036249,5,2,-42
1759484155.342625,-1,-2,-41
1759484155.3806248,1,2,-42
1759484155.4166248,-3,4,-43
1759484155.4536247,1,7,-42
1759484155.4926248,1,0,-41
1759484155.5306249,6,-1,-48
1759484155.5666249,5,-2,-41
1759484155.6036248,13,-3,-46
1759484155.6426249,0,-8,-38
1759484155.6806247,-5,-1,-35
1759484155.7166247,-2,1,-37
1759484155.753625,8,4,-34
1759484155.7926247,3,-2,-39
1759484155.8306248,0,0,-45
1759484155.8666248,2,-1,-33
1759484155.9046247,1,1,-32
1759484155.9426248,-3,-6,-24
1759484155.980625,-6,-1,-36
1759484156.0166247,-4,3,-36
1759484156.0546248,0,3,-41
1759484156.092625,-4,-3,-41
1759484156.1316247,0,3,-44
1759484156.1676247,2,-1,-39
1759484156.2056248,3,4,-46
1759484156.2446249,-6,0,-39
1759484156.2826247,-6,-4,-46
1759484156.3206248,-3,-5,-48
1759484156.3566248,0,-3,-40
1759484156.3946247,-5,0,-36
1759484156.4336247,0,-12,-24
1759484156.4716249,-5,-4,-41
1759484156.5076249,3,-3,-40
1759484156.546625,0,0,-37
1759484156.5836248,-8,2,-36
1759484156.6226249,-3,3,-49
1759484156.6606247,-8,-2,-51
1759484156.6966248,-9,-3,-38
1759484156.7346249,0,0,-34
1759484156.7726247,0,6,-36
1759484156.8116248,4,4,-40
1759484156.8476248,7,3,-32
1759484156.885625,3,-2,-39
1759484156.9226248,-1,1,-52
1759484156.9616249,8,1,-48
1759484156.9976249,3,0,-39
1759484157.0346248,-1,-5,-49
1759484157.0726247,0,0,-41
1759484157.1116247,0,0,-44
1759484157.1476247,6,0,-46
1759484157.184625,-3,0,-32
1759484157.2226248,-3,-2,-35
1759484157.2616248,-7,1,-36
1759484157.2976248,0,-8,-29
1759484157.3356247,-1,0,-34
1759484157.3726249,3,-6,-39
1759484157.411625,4,0,-47
1759484157.4476247,4,0,-43
1759484157.4936247,-3,-5,-41
1759484157.5316248,0,-6,-32
1759484157.5676248,-8,-4,-39
1759484157.605625,-8,-10,-24
1759484157.6446247,3,-2,-27
1759484157.6826248,3,4,-35
1759484157.7186248,3,6,-30
1759484157.7556248,-4,-2,-38
1759484157.7946248,0,3,-43
1759484157.832625,-1,4,-39
1759484157.8686247,-2,4,-41
1759484157.9066248,-4,3,-40
1759484157.9456248,-1,4,-33
1759484157.9826248,0,9,-28
1759484158.0216248,-3,5,-41
1759484158.0576248,-7,2,-43
1759484158.0956247,-3,0,-34
1759484158.1346247,1,1,-31
1759484158.1726248,-2,1,-39
1759484158.2086248,3,0,-32
1759484158.2456248,0,-3,-40
1759484158.2846248,3,3,-40
1759484158.3226247,0,2,-38
1759484158.3586247,3,2,-42
1759484158.3966248,4,-7,-37
1759484158.434625,5,-6,-33
1759484158.4726248,2,-8,-33
1759484158.5086248,-6,-1,-38
1759484158.5476248,-3,-3,-42
1759484158.5846248,5,-4,-34
1759484158.6236248,7,-1,-36
1759484158.661625,1,-1,-45
1759484158.6976247,-3,-4,-39
1759484158.7356248,1,0,-19
1759484158.773625,9,-4,-38
1759484158.8126247,-1,4,-46
1759484158.8486247,-3,0,-44
1759484158.885625,7,0,-37
1759484158.9236248,2,4,-33
1759484158.9626248,2,-7,-41
1759484158.9986248,-5,4,-33
1759484159.0356247,-2,-1,-40
1759484159.0746248,-1,-4,-48
1759484159.112625,-4,-8,-38
1759484159.148625,-3,-3,-40
1759484159.1866248,-1,0,-42
1759484159.2246249,-4,2,-37
1759484159.263625,-5,6,-33
1759484159.2996247,1,5,-28
1759484159.3376248,-3,0,-30
1759484159.3766248,1,4,-32
1759484159.4146247,0,0,-30
1759484159.4526248,1,-2,-39
1759484159.4886248,3,-1,-34
1759484159.526625,6,-5,-33
1759484159.5646248,1,-4,-30
1759484159.602625,-1,-6,-43
1759484159.638625,-1,1,-41
1759484159.6766248,2,-7,-37
1759484159.7136247,6,-4,-29
1759484159.7526248,2,-2,-32
1759484159.7886248,2,-1,-42
1759484159.8266249,-3,0,-36
1759484159.865625,0,3,-35
1759484159.9036248,-6,-6,-40
1759484159.9396248,-7,-8,-49
1759484159.9786248,-1,-3,-37
1759484160.0156248,-4,6,-32
1759484160.0546248,-3,4,-25
1759484160.092625,-1,3,-36
1759484160.128625,-4,4,-37
1759484160.1676247,-1,-1,-42
1759484160.2056248,-3,-2,-38
1759484160.2436247,6,-3,-38
1759484160.2796247,0,6,-46
1759484160.3166249,0,2,-32
1759484160.3546247,2,-5,-30
1759484160.3936248,-3,-7,-35
1759484160.4296248,2,-3,-43
1759484160.4666247,-3,0,-47
1759484160.5056248,-1,0,-46
1759484160.5436249,4,-8,-32
1759484160.579625,-2,0,-41
1759484160.6166248,0,3,-34
1759484160.6556249,1,-2,-40
1759484160.6936247,0,-2,-43
1759484160.7296247,-2,4,-42
1759484160.7686248,1,3,-47
1759484160.806625,2,-4,-35
1759484160.8446248,-2,-4,-42
1759484160.8826249,-2,-4,-41
1759484160.9186249,0,-2,-35
1759484160.9566247,0,5,-49
1759484160.9956248,-10,0,-45
1759484161.033625,-3,-5,-46
1759484161.069625,-5,-6,-33
1759484161.1076248,-4,-2,-40
1759484161.1456249,1,-5,-40
1759484161.184625,4,-10,-31
1759484161.2206247,0,-5,-46
1759484161.2586248,1,-1,-43
1759484161.2976248,1,-4,-43
1759484161.3356247,-7,-1,-44
1759484161.3736248,-3,0,-33
1759484161.4096248,-1,2,-31
1759484161.4486248,-6,-2,-43
1759484161.4856248,5,4,-35
1759484161.5246248,-3,-4,-37
1759484161.5606248,-11,-6,-39
1759484161.5996249,-7,-5,-41
1759484161.6376247,-2,-1,-43
1759484161.6756248,-4,-7,-47
1759484161.7136247,0,-12,-49
1759484161.7496247,-5,-4,-41
1759484161.7876248,-3,0,-33
1759484161.8256247,-3,0,-42
1759484161.8646247,-3,-1,-43
1759484161.9006248,1,0,-48
1759484161.9386249,6,5,-35
1759484161.9756248,1,2,-27
1759484162.0146248,3,7,-40
1759484162.0506248,0,5,-45
1759484162.0876248,-1,6,-39
1759484162.125625,-2,0,-46
1759484162.1646247,0,0,-41
1759484162.2006247,-5,3,-33
1759484162.2386248,-1,1,-34
1759484162.2756248,0,11,-32
1759484162.3146248,-11,0,-32
1759484162.3506248,0,-6,-34
1759484162.388625,5,-3,-32
1759484162.4266248,3,-8,-36
1759484162.4656248,-4,-1,-39
1759484162.503625,0,-5,-43
1759484162.5396247,-3,0,-37
1759484162.5786247,4,-2,-32
1759484162.6166248,6,0,-30
1759484162.6546247,0,0,-30
1759484162.6906247,-2,-1,-31
1759484162.7286248,1,1,-32
1759484162.7676249,1,1,-38
1759484162.8056247,0,2,-43
1759484162.8416247,5,2,-40
1759484162.878625,0,2,-42
1759484162.9176247,-1,0,-41
1759484162.9556248,-3,-1,-27
1759484162.9916248,-2,0,-37
1759484163.0286248,0,3,-39
1759484163.0676248,2,-6,-39
1759484163.105625,5,0,-39
1759484163.1416247,3,-4,-33
1759484163.1786249,-6,-1,-25
1759484163.217625,-1,0,-35
1759484163.2556248,-4,1,-31
1759484163.2916248,4,-2,-26
1759484163.329625,-8,-4,-35
1759484163.3676248,-7,3,-48
1759484163.4056249,1,7,-28
1759484163.4416249,-5,2,-36
1759484163.4796247,4,3,-36
1759484163.5176249,2,2,-37
1759484163.5556247,-1,3,-34
1759484163.5916247,5,3,-50
1759484163.6296248,-3,6,-41
1759484163.6676247,-5,3,-42
1759484163.7056248,-11,3,-32
1759484163.7416248,-6,0,-36
1759484163.7806249,-8,1,-30
1759484163.8176248,-4,-5,-33
1759484163.8566248,3,0,-51
1759484163.8946247,2,-4,-41
1759484163.9306247,2,-2,-38
1759484163.9686248,0,-5,-42
1759484164.0066247,-3,1,-48
1759484164.0456247,-5,-4,-49
1759484164.0816247,-9,-1,-46
1759484164.1196249,-11,-2,-52
1759484164.1576247,-2,2,-46
1759484164.1966248,0,-3,-48
1759484164.2346249,1,0,-46
1759484164.2706249,1,0,-39
1759484164.3076248,0,-3,-31
1759484164.3466249,2,-1,-42
1759484164.3846247,-2,0,-43
1759484164.4206247,2,-2,-36
1759484164.4596248,-3,-3,-37
1759484164.4966247,4,0,-34
1759484164.5356247,2,-8,-37
1759484164.5716248,1,-3,-32
1759484164.6096249,8,1,-25
1759484164.648625,-6,-3,-23
1759484164.6866248,-3,-3,-22
1759484164.7226248,6,0,-25
1759484164.7596247,-2,2,-37
1759484164.7986248,-8,1,-38
1759484164.8366249,0,0,-36
1759484164.8726249,3,6,-35
1759484164.911625,6,2,-34
1759484164.9486248,-2,0,-30
1759484164.9866247,-9,-7,-31
1759484165.0256248,-11,0,-38
1759484165.0616248,-5,0,-44
1759484165.1006248,-3,1,-42
1759484165.138625,6,0,-34
1759484165.1766248,-2,3,-43
1759484165.2126248,-2,-5,-47
1759484165.250625,2,-3,-35
1759484165.2896247,-5,5,-33
1759484165.3276248,-2,2,-42
1759484165.365625,0,1,-27
1759484165.401625,0,-4,-36
1759484165.4396248,6,-2,-35
1759484165.477625,3,0,-42
1759484165.5156248,3,1,-40
1759484165.5516248,4,2,-43
1759484165.5886247,1,4,-45
1759484165.6276248,3,1,-46
1759484165.6656249,2,-4,-37
1759484165.7016249,-14,1,-33
1759484165.7396247,-4,3,-39
1759484165.7776248,-1,-3,-38
1759484165.8166249,-2,-1,-38
1759484165.852625,4,-2,-26
1759484165.8906248,-1,-1,-42
1759484165.9276247,-2,3,-38
1759484165.9656248,-5,1,-35
1759484166.0016248,-5,-1,-28
1759484166.0406249,-3,3,-40
1759484166.0776248,0,5,-36
1759484166.1166248,0,-2,-29
1759484166.1526248,-3,-4,-41
1759484166.1906247,6,-3,-42
1759484166.2286248,0,2,-39
1759484166.2676249,-1,1,-32
1759484166.3036249,8,-4,-26
1759484166.3416247,4,-1,-44
1759484166.378625,3,-1,-33
1759484166.4176247,3,-1,-34
1759484166.4536247,-3,-6,-41
1759484166.4916248,3,0,-39
1759484166.5296247,3,-8,-36
1759484166.5676248,0,-4,-38
1759484166.6066248,-1,-1,-37
1759484166.6436248,2,2,-25
1759484166.681625,-2,0,-43
1759484166.7186248,-1,-2,-49
1759484166.7576249,-5,-8,-46
1759484166.7936249,0,2,-28
1759484166.8306248,4,-8,-42
1759484166.8686247,4,4,-41
1759484166.9076247,0,-3,-39
1759484166.9436247,-3,0,-41
1759484166.980625,3,-2,-48
1759484167.0186248,-4,-4,-40
1759484167.0576248,1,-4,-34
1759484167.0936248,0,-8,-41
1759484167.1326249,-4,-12,-44
1759484167.1706247,-8,-4,-26
1759484167.2086248,-1,0,-24
1759484167.2466247,-6,-1,-31
1759484167.283625,-1,2,-35
1759484167.3206248,-6,-1,-33
1759484167.3586247,3,0,-36
1759484167.3976247,-5,-2,-33
1759484167.4336247,-6,1,-36
1759484167.4726248,-2,2,-39
1759484167.5176249,-1,0,-23
1759484167.5536249,3,1,-34
1759484167.5916247,-2,6,-29
1759484167.628625,-2,0,-33
1759484167.6676247,1,-1,-40
1759484167.7036247,0,1,-41
1759484167.7426248,0,0,-32
1759484167.7806249,-4,3,-35
1759484167.8186247,-5,-3,-43
1759484167.8566248,-2,-6,-33
1759484167.8926249,0,-6,-32
1759484167.9306247,-1,-7,-26
1759484167.9686248,-1,-6,-24
1759484168.0076249,11,0,-31
1759484168.0446248,-1,2,-18
1759484168.082625,1,3,-38
1759484168.1196249,5,-3,-33
1759484168.158625,2,7,-33
1759484168.194625,3,7,-30
1759484168.2316248,-4,5,-36
1759484168.2706249,-8,1,-35
1759484168.3086247,-3,-1,-41
1759484168.3446248,0,0,-38
1759484168.3816247,1,0,-32
1759484168.4196248,0,-6,-38
1759484168.4586248,0,0,-38
1759484168.4946249,6,5,-41
1759484168.5316248,7,0,-28
1759484168.5706248,1,3,-44
1759484168.6086247,0,0,-45
1759484168.6446247,0,0,-39
1759484168.681625,0,-3,-40
1759484168.7196248,-6,3,-46
1759484168.7586248,-11,3,-38
1759484168.7946248,-3,-1,-41
1759484168.8336248,0,-5,-43
1759484168.8716247,4,-1,-42
1759484168.9096248,0,-2,-24
1759484168.9476247,-3,-1,-36
1759484168.9836247,0,-2,-32
1759484169.0216248,6,-7,-40
1759484169.059625,0,-5,-42
1759484169.0986247,0,-5,-41
1759484169.1346247,5,-7,-42
1759484169.1726248,0,1,-31
1759484169.2116249,-5,1,-34
1759484169.2496247,-4,-11,-35
1759484169.2876248,6,-10,-53
1759484169.3236248,-1,-3,-48
1759484169.3616247,-2,-2,-46
1759484169.4006248,0,0,-42
1759484169.4386249,3,-1,-39
1759484169.4746249,3,0,-43
1759484169.5116248,-3,3,-37
1759484169.5506248,0,0,-31
1759484169.5886247,1,4,-45
1759484169.6246247,0,7,-51
1759484169.6636248,0,4,-37
1759484169.7006247,0,6,-39
1759484169.7396247,0,3,-52
1759484169.7756248,0,0,-37
1759484169.8136249,-5,3,-47
1759484169.8506248,0,0,-31
1759484169.8896248,0,0,-32
1759484169.9266248,1,2,-41
1759484169.9636247,0,-3,-35
1759484170.0026248,-2,-4,-34
1759484170.0396247,0,3,-25
1759484170.0786247,-2,0,-29
1759484170.1146247,3,0,-40
1759484170.1526248,3,0,-27
1759484170.1896248,1,-11,-22
1759484170.2286248,1,-5,-33
1759484170.2646248,-1,-3,-27
1759484170.3026247,4,-3,-31
1759484170.3406248,-3,-5,-35
1759484170.3796248,-5,5,-35
1759484170.4156249,-3,1,-33
1759484170.4526248,-1,-2,-39
1759484170.490625,-5,-1,-31
1759484170.5296247,-8,-2,-23
1759484170.5656247,-8,-2,-29
1759484170.6036248,-11,-5,-28
1759484170.6426249,-4,-4,-32
1759484170.6806247,-3,-6,-39
1759484170.7186248,7,5,-45
1759484170.7546248,2,-3,-39
1759484170.7936249,7,0,-42
1759484170.8306248,6,-3,-32
1759484170.8696249,-6,-2,-31
1759484170.9056249,2,1,-33
1759484170.9426248,10,-1,-40
1759484170.9816248,1,1,-43
1759484171.0196247,2,6,-47
1759484171.0556247,5,6,-42
1759484171.092625,0,4,-24
1759484171.1306248,-8,3,-32
1759484171.1696248,-13,-5,-42
1759484171.2056248,-1,-7,-44
1759484171.2446249,2,-1,-39
1759484171.2816248,5,2,-41
1759484171.3206248,4,-3,-38
1759484171.3586247,5,-3,-44
1759484171.3956249,-3,6,-37
1759484171.4326248,-2,-2,-39
1759484171.4706247,-6,-7,-32
1759484171.5096247,-7,-7,-36
1759484171.5456247,0,-3,-46
1759484171.582625,-3,1,-46
1759484171.6216247,-8,6,-47
1759484171.6596248,2,0,-44
1759484171.6956248,6,-1,-36
1759484171.7336247,-2,-4,-32
1759484171.7726247,-4,1,-37
1759484171.8106248,-1,2,-31
1759484171.8476248,6,-5,-41
1759484171.8846247,2,-5,-37
1759484171.9236248,-7,0,-53
1759484171.9606247,-4,3,-38
1759484171.9996247,-6,1,-36
1759484172.0356247,-6,4,-25
1759484172.0736248,-4,3,-38
1759484172.1106248,0,-4,-34
1759484172.1496248,2,-1,-31
1759484172.1856248,-5,-5,-33
1759484172.2246249,-3,3,-31
1759484172.2626247,-1,11,-25
1759484172.3006248,-7,-4,-31
1759484172.3366249,-2,-7,-38
1759484172.3746247,0,-8,-44
1759484172.4126248,1,-3,-48
1759484172.4516249,2,1,-53
1759484172.4896247,8,0,-28
1759484172.5256248,-6,-4,-30
1759484172.5636249,5,-4,-35
1759484172.6016247,2,0,-42
1759484172.6406248,-3,0,-49
1759484172.6766248,4,0,-55
1759484172.714625,-6,2,-42
1759484172.753625,2,1,-45
1759484172.7916248,-4,0,-37
1759484172.829625,-3,-3,-51
1759484172.865625,0,-2,-39
1759484172.9046247,6,-1,-44
1759484172.9416249,6,-3,-37
1759484172.980625,-6,0,-47
1759484173.0166247,5,0,-39
1759484173.0536249,-1,0,-40
1759484173.0916247,0,3,-43
1759484173.1306248,-5,-1,-51
1759484173.1666248,-6,-5,-42
1759484173.204625,2,0,-39
1759484173.2426248,2,0,-41
1759484173.2816248,1,5,-43
1759484173.3176248,-5,3,-35
1759484173.355625,-3,-2,-27
1759484173.3926249,-12,-3,-36
1759484173.431625,-5,2,-24
1759484173.467625,-4,1,-42
1759484173.5056248,3,-5,-43
1759484173.5426247,-2,1,-40
1759484173.5816247,2,-7,-40
1759484173.6176248,-1,-5,-40
1759484173.6566248,2,-8,-34
1759484173.6936247,1,-4,-37
1759484173.7316248,-1,-10,-41
1759484173.7706249,3,-2,-48
1759484173.806625,3,0,-33
1759484173.8436248,-3,-2,-39
1759484173.8816247,3,-2,-36
1759484173.9206247,0,-4,-48
1759484173.9566247,3,-3,-46
1759484173.9936247,2,-5,-47
1759484174.0326247,-5,-4,-43
1759484174.0706248,-3,-3,-42
1759484174.1066248,-3,5,-33
1759484174.1446247,1,3,-31
1759484174.1836247,-1,0,-45
1759484174.2216249,2,2,-54
1759484174.2586248,2,2,-41
1759484174.296625,0,1,-45
1759484174.3346248,0,0,-31
1759484174.3726249,3,-8,-28
1759484174.4106247,-2,-4,-34
1759484174.4466248,-1,0,-38
1759484174.4846249,-3,0,-36
1759484174.5226247,-3,4,-41
1759484174.5616248,0,-6,-45
1759484174.5976248,1,0,-40
1759484174.6346247,5,-1,-40
1759484174.6726248,1,-7,-39
1759484174.7116249,-3,-12,-52
1759484174.7476249,0,-3,-36
1759484174.7856247,-2,1,-41
1759484174.8236248,0,5,-40
1759484174.862625,-5,-1,-37
1759484174.9006248,-5,-1,-39
1759484174.9366248,0,0,-39
1759484174.9736247,-1,1,-45
1759484175.0126247,0,2,-49
1759484175.0486248,1,-1,-47
1759484175.0866249,0,-4,-46
1759484175.1246247,6,1,-40
1759484175.1626248,5,3,-41
1759484175.2016249,5,0,-29
1759484175.237625,-1,-6,-31
1759484175.2756248,-2,-2,-27
1759484175.3146248,0,7,-38
1759484175.352625,-1,-5,-43
1759484175.388625,-4,2,-40
1759484175.4256248,1,-4,-43
1759484175.464625,4,-2,-34
1759484175.5026248,3,-3,-44
1759484175.5386248,0,-2,-29
1759484175.5776248,6,-3,-40
1759484175.6146247,3,-8,-33
1759484175.6536248,4,-5,-36
1759484175.6916249,6,-1,-46
1759484175.727625,2,-2,-43
1759484175.7656248,1,0,-33
1759484175.8036249,4,0,-30
1759484175.8416247,2,0,-30
1759484175.8776248,0,3,-37
1759484175.9156249,-2,-5,-39
1759484175.9536247,-2,3,-42
1759484175.9916248,4,1,-42
1759484176.0276248,0,0,-37
1759484176.0656247,-6,0,-33
1759484176.1036248,-8,-4,-41
1759484176.1416247,2,-3,-35
1759484176.1776247,1,2,-26
1759484176.214625,0,-1,-35
1759484176.253625,1,-3,-23
1759484176.2916248,-3,1,-33
1759484176.3276248,0,-2,-40
1759484176.365625,8,-1,-31
1759484176.4036248,0,3,-48
1759484176.4416249,-2,-1,-53
1759484176.477625,0,-6,-45
1759484176.5156248,7,1,-26
1759484176.5536249,5,0,-24
1759484176.592625,2,0,-38
1759484176.628625,2,0,-30
1759484176.6666248,-4,1,-32
1759484176.7036247,4,0,-32
1759484176.7426248,3,1,-36
1759484176.7786248,0,-4,-36
1759484176.8156247,0,0,-42
1759484176.8536248,-1,1,-43
1759484176.8926249,3,6,-38
1759484176.9286249,3,2,-54
1759484176.9656248,4,-3,-38
1759484177.003625,-5,-5,-32
1759484177.0426247,-7,-3,-30
1759484177.0786247,0,1,-29
1759484177.115625,0,0,-23
1759484177.1536248,11,0,-35
1759484177.1926248,0,-7,-38
1759484177.2286248,7,-7,-38
1759484177.2656248,3,1,-33
1759484177.3046248,4,-2,-36
1759484177.342625,-1,-1,-33
1759484177.378625,-3,-2,-36
1759484177.4166248,-3,-3,-43
1759484177.454625,0,0,-43
1759484177.4936247,6,-1,-41
1759484177.5376248,1,2,-38
1759484177.5756247,-3,-1,-44
1759484177.6136248,0,-6,-35
1759484177.6496248,-5,-7,-42
1759484177.6876247,-3,0,-45
1759484177.7256248,-8,-4,-42
1759484177.7646248,-4,0,-48
1759484177.8026247,4,-3,-44
1759484177.8386247,3,0,-43
1759484177.875625,-1,1,-28
1759484177.9146247,-2,0,-29
1759484177.9526248,1,-2,-34
1759484177.9886248,-4,-5,-46
1759484178.026625,-1,-11,-39
1759484178.0646248,0,-3,-39
1759484178.1036248,1,0,-37
1759484178.1396248,1,0,-32
1759484178.1776247,3,-5,-31
1759484178.2166247,3,-1,-37
1759484178.2546248,-3,-11,-33
1759484178.2926247,0,-5,-29
1759484178.3286247,2,-1,-37
1759484178.3666248,-2,-6,-39
1759484178.4046247,-2,3,-40
1759484178.4406247,-1,6,-33
1759484178.477625,-8,-6,-42
1759484178.5166247,2,3,-37
1759484178.5546248,-1,0,-37
1759484178.5906248,0,-2,-45
1759484178.6296248,-9,1,-41
1759484178.6666248,2,0,-36
1759484178.704625,7,6,-43
1759484178.7436247,-1,1,-53
1759484178.7796247,-4,0,-48
1759484178.8166249,3,0,-37
1759484178.8546247,2,0,-43
1759484178.8936248,-2,3,-33
1759484178.9296248,4,1,-33
1759484178.967625,6,-2,-40
1759484179.0046248,0,-4,-35
1759484179.0436249,6,-1,-37
1759484179.079625,9,-4,-37
1759484179.1176248,7,-1,-39
1759484179.1556249,-2,-2,-43
1759484179.1936247,2,-10,-49
1759484179.2296247,4,-5,-36
1759484179.2676249,0,0,-33
1759484179.3056247,1,1,-49
1759484179.3436248,5,1,-38
1759484179.3796248,6,5,-35
1759484179.4176247,0,4,-27
1759484179.4556248,2,0,-29
1759484179.4936247,0,-2,-45
1759484179.5296247,4,-1,-49
1759484179.5676248,2,-1,-43
1759484179.605625,-1,0,-42
1759484179.6446247,-7,-1,-38
1759484179.6806247,-2,0,-34
1759484179.717625,1,9,-43
1759484179.7566247,4,6,-44
1759484179.7946248,-2,0,-44
1759484179.8306248,-1,-3,-48
1759484179.8686247,0,-4,-49
1759484179.9066248,1,3,-45
1759484179.9456248,10,1,-34
1759484179.9836247,-2,3,-32
1759484180.0196247,0,-3,-26
1759484180.0586247,0,3,-20
1759484180.0956247,-4,2,-37
1759484180.1346247,-1,0,-43
1759484180.1706247,0,-3,-38
1759484180.2086248,-1,5,-28
1759484180.2476249,3,-1,-38
1759484180.2856247,-4,0,-46
1759484180.3216248,-8,5,-32
1759484180.3586247,-4,-2,-33
1759484180.3976247,-2,0,-35
1759484180.4356248,-3,-2,-47
1759484180.4716249,-10,-2,-45
1759484180.510625,-6,0,-44
1759484180.5476248,-7,-2,-41
1759484180.5866249,-5,-5,-47
1759484180.6246247,-1,-5,-32
1759484180.6606247,-4,-1,-39
1759484180.6996248,2,-1,-46
1759484180.737625,1,-8,-36
1759484180.7756248,-2,0,-37
1759484180.8116248,-1,1,-38
1759484180.8486247,3,5,-36
1759484180.8876247,-2,1,-40
1759484180.9256248,1,4,-29
1759484180.9616249,0,-1,-42
1759484180.9986248,0,6,-42
1759484181.036625,-2,0,-36
1759484181.0756247,2,-4,-36
1759484181.1116247,-3,-4,-41
1759484181.1506248,8,0,-37
1759484181.1886249,0,-4,-34
1759484181.2266247,-2,2,-42
1759484181.2646248,-1,2,-51
1759484181.3006248,1,0,-31
1759484181.3376248,2,-2,-31
1759484181.3766248,-2,-2,-36
1759484181.4146247,-2,-2,-45
1759484181.4506247,2,0,-46
1759484181.487625,3,3,-55
1759484181.526625,2,2,-44
1759484181.5646248,6,-4,-45
1759484181.6006248,5,0,-32
1759484181.6376247,8,0,-36
1759484181.6766248,6,-8,-41
1759484181.714625,0,-4,-37
1759484181.750625,-4,-6,-40
1759484181.7896247,0,-1,-37
1759484181.8276248,2,-1,-37
1759484181.865625,0,-1,-48
1759484181.901625,-3,5,-49
1759484181.9396248,-4,-2,-49
1759484181.977625,0,3,-44
1759484182.0166247,-1,0,-39
1759484182.0526247,-2,-2,-37
1759484182.0906248,-7,-2,-40
1759484182.128625,0,9,-42
1759484182.1676247,2,-1,-39
1759484182.2056248,-4,0,-33
1759484182.2416248,2,4,-30
1759484182.2786248,0,1,-46
1759484182.3176248,0,6,-46
1759484182.355625,-2,1,-48
1759484182.3916247,-2,4,-44
1759484182.4286249,0,-1,-49
1759484182.4666247,0,1,-35
1759484182.5056248,0,-2,-34
1759484182.5416248,0,-5,-37
1759484182.579625,2,-4,-35
1759484182.6176248,-1,-1,-25
1759484182.6556249,1,-3,-29
1759484182.6916249,2,-2,-41
1759484182.7296247,-1,-1,-35
1759484182.7676249,1,-2,-44
1759484182.8056247,0,-1,-45
1759484182.8416247,5,-2,-29
1759484182.878625,0,1,-32
1759484182.9176247,5,0,-39
1759484182.9556248,-2,0,-35
1759484182.9916248,-7,-1,-39
1759484183.0306249,-5,-1,-41
1759484183.0686247,-9,4,-38
1759484183.1066248,-7,3,-40
1759484183.1426249,-3,6,-42
1759484183.181625,5,-1,-36
1759484183.2196248,0,0,-32
1759484183.2576249,0,-2,-44
1759484183.2956247,-3,-4,-41
1759484183.3316247,-6,-10,-31
1759484183.3706248,-3,-8,-30
1759484183.4076247,-1,-7,-32
1759484183.4466248,-2,-2,-40
1759484183.4826248,-1,-3,-48
1759484183.5206249,0,-8,-50
1759484183.5586247,0,-2,-48
1759484183.5976248,5,1,-37
1759484183.6336248,3,0,-32
1759484183.6706247,2,-1,-30
1759484183.7086248,-3,-7,-26
1759484183.7476249,1,-4,-27
1759484183.783625,-2,-3,-38
1759484183.8216248,-2,-6,-44
1759484183.8596249,2,-1,-36
1759484183.8976247,-7,0,-45
1759484183.9366248,-4,0,-48
1759484183.9726248,4,2,-44
1759484184.0096247,0,2,-49
1759484184.0476248,-2,4,-47
1759484184.0866249,1,5,-38
1759484184.1226249,0,5,-42
1759484184.1596248,2,7,-53
1759484184.1976247,-5,0,-39
1759484184.2366247,2,3,-38
1759484184.2726247,-6,0,-35
1759484184.3116248,-3,-3,-33
1759484184.3486247,0,1,-37
1759484184.3876247,3,3,-38
1759484184.4236248,-1,6,-48
1759484184.4616249,0,-1,-31
1759484184.4986248,4,1,-37
1759484184.5376248,-1,1,-36
1759484184.5736248,-1,1,-38
1759484184.6116247,2,4,-39
1759484184.6506248,-2,4,-36
1759484184.6886249,2,0,-35
1759484184.7266247,4,-1,-48
1759484184.763625,3,-8,-43
1759484184.8006248,-1,0,-48
1759484184.8386247,-1,-1,-37
1759484184.8776248,-2,0,-45
1759484184.9136248,-1,5,-39
1759484184.9506247,5,2,-39
1759484184.9886248,5,-7,-38
1759484185.0276248,3,-1,-40
1759484185.0636249,2,-3,-45
1759484185.1016247,1,-1,-28
1759484185.1396248,-3,-2,-33
1759484185.1786249,0,0,-38
1759484185.2166247,1,-3,-42
1759484185.2526248,1,-1,-51
1759484185.2896247,-2,-1,-45
1759484185.3286247,2,0,-35
1759484185.3646247,1,-6,-40
1759484185.4036248,3,-5,-44
1759484185.4416249,2,-3,-42
1759484185.4786248,7,0,-38
1759484185.5176249,-1,-4,-40
1759484185.5536249,-1,0,-48
1759484185.592625,1,5,-42
1759484185.6306248,-3,8,-43
1759484185.6686249,8,5,-39
1759484185.704625,2,4,-40
1759484185.7426248,4,5,-34
1759484185.7806249,3,4,-35
1759484185.8186247,-1,-3,-37
1759484185.8546247,3,-1,-29
1759484185.8926249,-1,-2,-40
1759484185.9306247,2,1,-36
1759484185.9686248,12,-1,-36
1759484186.0076249,5,1,-37
1759484186.0436249,0,6,-37
1759484186.0806248,0,4,-27
1759484186.1196249,0,3,-25
1759484186.1576247,0,4,-34
1759484186.1936247,-6,0,-44
1759484186.230625,-1,-2,-36
1759484186.2696247,0,0,-36
1759484186.3076248,-1,-3,-40
1759484186.3436248,-3,-6,-34
1759484186.3816247,-1,-2,-36
1759484186.4196248,0,4,-53
1759484186.4586248,-2,1,-51
1759484186.4946249,-2,-1,-32
1759484186.533625,0,0,-33
1759484186.5716248,0,-7,-29
1759484186.6096249,2,-10,-35
1759484186.6476247,2,-7,-39
1759484186.6836247,2,-2,-39
1759484186.7236247,7,0,-53
1759484186.760625,-2,6,-40
1759484186.7996247,6,0,-43
1759484186.8376248,1,0,-33
1759484186.8736248,1,0,-43
1759484186.9106247,1,-2,-36
1759484186.9496248,7,0,-32
1759484186.987625,5,1,-36
1759484187.023625,1,0,-35
1759484187.0616248,-3,0,-29
1759484187.0996249,6,-1,-32
1759484187.138625,10,-3,-43
1759484187.1746247,3,-4,-47
1759484187.2136247,4,-3,-44
1759484187.250625,6,-7,-44
1759484187.2896247,-8,-2,-44
1759484187.3256247,-8,1,-41
1759484187.3636248,-7,-5,-40
1759484187.4006248,-2,-6,-32
1759484187.4396248,-2,2,-31
1759484187.4756248,1,3,-41
1759484187.5126247,-6,-5,-32
1759484187.5586247,-10,0,-29
1759484187.5946248,-13,5,-46
1759484187.6326249,-8,3,-42
1759484187.671625,0,8,-36
1759484187.7096248,8,5,-39
1759484187.7456248,0,3,-37
1759484187.7826247,0,-3,-29
1759484187.8206248,-6,1,-21
1759484187.8596249,-8,2,-31
1759484187.8956249,0,-4,-32
1759484187.9326248,-5,0,-39
1759484187.9706247,0,4,-37
1759484188.0096247,2,5,-43
1759484188.0456247,4,2,-40
1759484188.0836248,1,-2,-32
1759484188.1216247,-10,-3,-46
1759484188.1596248,-8,-3,-40
1759484188.1956248,-3,-4,-42
1759484188.2336247,5,1,-40
1759484188.2716248,3,-3,-41
1759484188.3106248,7,-2,-32
1759484188.3486247,4,6,-37
1759484188.3846247,4,1,-38
1759484188.421625,8,-3,-35
1759484188.4606247,1,1,-40
1759484188.4986248,-4,4,-36
1759484188.5356247,0,-2,-33
1759484188.5736248,-2,0,-36
1759484188.6106248,2,-4,-26
1759484188.6496248,0,-12,-25
1759484188.6856248,3,-3,-31
1759484188.7236247,1,-1,-19
1759484188.7616248,-2,2,-25
1759484188.8006248,5,-3,-38
1759484188.8366249,1,-4,-39
1759484188.8746247,-3,-3,-46
1759484188.911625,-2,3,-43
1759484188.9506247,-1,-1,-35
1759484188.9866247,0,-5,-47
1759484189.0246248,1,-1,-38
1759484189.0616248,0,-1,-31
1759484189.1006248,-2,0,-41
1759484189.1366248,0,-4,-38
1759484189.1746247,-1,0,-24
1759484189.2126248,5,6,-42
1759484189.250625,3,0,-43
1759484189.2896247,-4,5,-46
1759484189.3256247,-5,0,-40
1759484189.3636248,-10,-2,-32
1759484189.401625,-8,-8,-39
1759484189.4406247,-6,-2,-33
1759484189.4766247,0,-6,-35
1759484189.5156248,3,0,-33
1759484189.5536249,2,0,-38
1759484189.5916247,-9,1,-42
1759484189.6296248,3,6,-33
1759484189.6656249,4,3,-45
1759484189.7036247,-1,0,-39
1759484189.7416248,0,-4,-47
1759484189.7806249,-1,4,-43
1759484189.8166249,-2,-3,-34
1759484189.8546247,-3,-3,-39
1759484189.8936248,-6,-6,-37
1759484189.931625,1,-1,-47
1759484189.9696248,9,2,-47
1759484190.0056248,-1,-1,-52
1759484190.0436249,0,-1,-38
1759484190.082625,-1,2,-24
1759484190.1206248,4,3,-37
1759484190.1566248,3,4,-32
1759484190.194625,1,-1,-44
1759484190.2326248,1,-4,-39
1759484190.2706249,4,-7,-46
1759484190.306625,10,-11,-42
1759484190.3456247,6,-7,-26
1759484190.3826249,-2,1,-32
1759484190.421625,-3,-4,-22
1759484190.4596248,0,-1,-41
1759484190.4956248,3,3,-41
1759484190.5326247,0,-5,-42
1759484190.5716248,-2,-3,-27
1759484190.6096249,0,-2,-41
1759484190.6456249,-3,0,-38
1759484190.6826248,-3,3,-38
1759484190.7216249,-5,3,-37
1759484190.7576249,-4,3,-37
1759484190.796625,0,3,-43
1759484190.8346248,-3,2,-47
1759484190.8716247,-6,1,-43
1759484190.9106247,-7,0,-44
1759484190.9466248,-3,2,-31
1759484190.9846249,-4,8,-32
1759484191.0226247,-4,5,-38
1759484191.0606248,-5,4,-40
1759484191.0966249,-5,-5,-41
1759484191.1346247,-3,-1,-39
1759484191.1726248,0,1,-45
1759484191.2116249,2,-5,-45
1759484191.2476249,0,0,-43
1759484191.2846248,-5,-2,-26
1759484191.3226247,1,-1,-37
1759484191.3616247,6,-1,-35
1759484191.3976247,-3,6,-39
1759484191.4356248,-4,2,-39
1759484191.4726248,-6,3,-30
1759484191.5116248,-2,-4,-29
1759484191.5476248,0,2,-29
1759484191.5846248,-1,2,-35
1759484191.6226249,-1,-1,-34
1759484191.661625,0,-3,-44
1759484191.6976247,-8,-4,-50
1759484191.7366247,-1,0,-42
1759484191.773625,2,-2,-40
1759484191.8126247,-1,-3,-43
1759484191.8506248,2,-1,-47
1759484191.8876247,0,-4,-35
1759484191.9246247,-5,-8,-36
1759484191.9636247,1,-5,-41
1759484192.0016248,3,-3,-38
1759484192.0376248,-1,-10,-31
1759484192.0766249,-3,-7,-39
1759484192.1136248,5,-10,-40
1759484192.1526248,-1,-3,-40
1759484192.1906247,0,-7,-22
1759484192.2266247,-10,-4,-37
1759484192.2646248,4,0,-38
1759484192.3026247,4,-1,-46
1759484192.3416247,1,0,-43
1759484192.3776248,-2,-3,-42
1759484192.4156249,0,-4,-38
1759484192.4536247,0,4,-45
1759484192.4926248,-2,-1,-47
1759484192.5286248,-1,-10,-44
1759484192.5676248,1,-1,-32
1759484192.6046247,1,4,-41
1759484192.6436248,0,0,-35
1759484192.681625,6,0,-42
1759484192.717625,1,-4,-48
1759484192.7546248,5,-3,-42
1759484192.7936249,11,-5,-34
1759484192.8316247,2,-7,-35
1759484192.8676248,3,-1,-49
1759484192.9046247,-2,2,-38
1759484192.9436247,-13,-4,-34
1759484192.9816248,-1,-1,-30
1759484193.0176249,-3,-3,-21
1759484193.056625,-4,-6,-34
1759484193.0936248,1,-5,-35
1759484193.1326249,1,-1,-17
1759484193.1696248,0,0,-32
1759484193.2066247,0,7,-33
1759484193.2456248,-4,7,-22
1759484193.283625,0,6,-28
1759484193.3216248,-7,0,-38
1759484193.3576248,-3,0,-45
1759484193.3946247,7,-2,-38
1759484193.4336247,1,-1,-45
1759484193.4716249,1,-1,-47
1759484193.5076249,-1,0,-32
1759484193.5456247,-4,3,-40
1759484193.5846248,-7,0,-46
1759484193.6226249,-3,1,-40
1759484193.658625,-1,0,-32
1759484193.6966248,1,-4,-30
1759484193.7356248,-1,-5,-32
1759484193.773625,6,0,-31
1759484193.8116248,5,-1,-33
1759484193.8476248,6,-4,-39
1759484193.885625,5,-5,-37
1759484193.9236248,2,-3,-42
1759484193.9616249,-3,3,-33
1759484193.9976249,-5,1,-46
1759484194.036625,0,4,-32
1759484194.0736248,-9,-7,-36
1759484194.112625,-4,-3,-38
1759484194.148625,1,-10,-39
1759484194.1866248,5,-2,-32
1759484194.2246249,1,7,-38
1759484194.263625,1,10,-39
1759484194.2996247,-1,7,-42
1759484194.3376248,-1,-2,-44
1759484194.375625,0,1,-49
1759484194.4146247,-1,1,-46
1759484194.4526248,3,1,-47
1759484194.4886248,0,0,-41
1759484194.5256248,2,-3,-40
1759484194.5636249,4,-4,-37
1759484194.602625,-6,-3,-46
1759484194.638625,-2,-3,-36
1759484194.6776247,1,-4,-32
1759484194.7156248,0,-5,-35
1759484194.753625,1,6,-28
1759484194.7896247,7,1,-35
1759484194.8266249,1,3,-44
1759484194.865625,3,-1,-36
1759484194.9036248,3,1,-29
1759484194.9406247,0,3,-25
1759484194.9786248,-4,4,-40
1759484195.0166247,-6,0,-40
1759484195.0546248,3,2,-33
1759484195.092625,-1,0,-31
1759484195.128625,4,1,-46
1759484195.1656249,13,-4,-52
1759484195.204625,0,-1,-45
1759484195.2426248,-1,0,-36
1759484195.2786248,-3,-6,-44
1759484195.3166249,-2,-4,-46
1759484195.3546247,-7,0,-34
1759484195.3936248,4,0,-42
1759484195.4296248,4,-3,-33
1759484195.467625,0,-4,-31
1759484195.5056248,0,0,-48
1759484195.5446248,-4,1,-30
1759484195.582625,-7,0,-32
1759484195.6186247,-6,-6,-39
1759484195.6566248,-6,0,-40
1759484195.694625,-9,6,-35
1759484195.7336247,0,1,-38
1759484195.7696247,0,-2,-39
1759484195.8086247,4,-7,-40
1759484195.8466249,8,-6,-40
1759484195.8846247,3,-3,-36
1759484195.9206247,2,-2,-38
1759484195.9586248,-9,-1,-40
1759484195.9966247,-4,-3,-42
1759484196.0346248,-7,4,-43
1759484196.0736248,-4,0,-42
1759484196.1096249,-6,-1,-40
1759484196.148625,-2,0,-43
1759484196.1856248,1,0,-23
1759484196.2246249,0,-2,-39
1759484196.260625,4,-2,-33
1759484196.2986248,-3,-2,-33
1759484196.3376248,-4,-2,-41
1759484196.3746247,0,-7,-37
1759484196.4136248,2,-1,-41
1759484196.4496248,0,0,-33
1759484196.487625,-1,-3,-25
1759484196.5256248,0,-5,-37
1759484196.5636249,9,-6,-30
1759484196.5996249,7,0,-34
1759484196.6366248,12,-3,-30
1759484196.6756248,4,-1,-38
1759484196.7136247,-3,-5,-32
1759484196.7496247,0,-5,-31
1759484196.786625,-5,-1,-30
1759484196.8256247,-8,-2,-33
1759484196.8636248,-12,0,-34
1759484196.8996248,2,-5,-52
1759484196.9386249,-7,-4,-41
1759484196.9766247,0,0,-37
1759484197.0146248,-5,0,-37
1759484197.0506248,0,7,-39
1759484197.0886247,-2,-1,-29
1759484197.1266248,0,-6,-38
1759484197.1646247,6,-6,-40
1759484197.2006247,8,-5,-29
1759484197.2386248,5,-2,-26
1759484197.276625,4,1,-25
1759484197.3146248,8,-9,-26
1759484197.3506248,0,-9,-34
1759484197.388625,0,-5,-44
1759484197.4266248,-1,-2,-37
1759484197.464625,-3,-4,-42
1759484197.500625,0,0,-43
1759484197.5386248,0,-4,-29
1759484197.5836248,-5,0,-27
1759484197.6196249,0,1,-40
1759484197.6566248,3,0,-40
1759484197.6956248,6,-1,-39
1759484197.7316248,1,0,-43
1759484197.7686248,2,-6,-40
1759484197.8076248,6,-6,-36
1759484197.8456247,7,-2,-48
1759484197.8816247,0,0,-41
1759484197.9186249,7,0,-38
1759484197.957625,0,-4,-50
1759484197.9956248,-4,2,-46
1759484198.0316248,-8,8,-36
1759484198.0686247,-8,-1,-44
1759484198.1076248,0,0,-34
1759484198.1456249,3,2,-43
1759484198.181625,0,8,-35
1759484198.2196248,-1,3,-29
1759484198.2576249,-1,0,-38
1759484198.2956247,-7,-4,-34
1759484198.3316247,-7,-2,-38
1759484198.3696249,2,-1,-35
1759484198.4076247,0,6,-52
1759484198.4466248,7,2,-47
1759484198.4846249,4,0,-48
1759484198.5206249,1,2,-41
1759484198.5576248,0,-5,-37
1759484198.5966249,-2,0,-48
1759484198.6346247,-2,-1,-37
1759484198.6706247,-2,2,-37
1759484198.7096248,0,0,-34
1759484198.7476249,4,-5,-35
1759484198.7856247,-5,0,-45
1759484198.8216248,-2,-1,-31
1759484198.8596249,-7,-3,-43
1759484198.8976247,-11,4,-38
1759484198.9366248,-1,4,-39
1759484198.9746249,-2,4,-34
1759484199.010625,-3,0,-36
1759484199.0496247,0,3,-34
1759484199.0866249,-3,4,-44
1759484199.125625,-2,7,-36
1759484199.161625,-9,0,-37
1759484199.2006247,0,0,-34
1759484199.237625,5,5,-40
1759484199.276625,2,1,-37
1759484199.3126247,0,0,-26
1759484199.3496249,-1,0,-44
1759484199.3876247,-5,2,-42
1759484199.4266248,0,0,-45
1759484199.4626248,3,0,-48
1759484199.4996247,-2,-5,-36
1759484199.5376248,7,3,-39
1759484199.5766249,1,8,-26
1759484199.612625,-2,0,-26
1759484199.6496248,-3,0,-29
1759484199.6876247,-12,0,-48
1759484199.7266247,-7,-2,-40
1759484199.7626247,0,2,-51
1759484199.8006248,5,-2,-40
1759484199.8376248,4,-1,-32
1759484199.8766248,-4,-4,-27
1759484199.9126248,-4,-3,-36
1759484199.9506247,-1,6,-39
1759484199.9886248,1,3,-45
1759484200.0276248,6,-3,-47
1759484200.0656247,5,-1,-32
1759484200.1016247,0,-5,-45
1759484200.1406248,1,-3,-47
1759484200.1776247,-1,0,-46
1759484200.2166247,0,-7,-41
1759484200.2526248,7,-2,-49
1759484200.2916248,-3,-3,-31
1759484200.329625,0,0,-33
1759484200.3676248,3,3,-37
1759484200.4056249,2,3,-29
1759484200.4416249,-5,1,-46
1759484200.4796247,0,4,-46
1759484200.5186248,-3,4,-47
1759484200.556625,-2,0,-44
1759484200.592625,3,4,-41
1759484200.6306248,-3,2,-36
1759484200.6676247,0,-3,-45
1759484200.7066247,-3,0,-43
1759484200.7426248,1,-4,-51
1759484200.7806249,-6,-8,-51
1759484200.819625,-3,-5,-35
1759484200.8576248,-6,0,-34
1759484200.8956249,-4,-5,-39
1759484200.931625,0,-7,-35
1759484200.9696248,1,-2,-37
1759484201.0086248,4,-7,-45
1759484201.046625,3,-7,-39
1759484201.082625,-1,-5,-40
1759484201.1216247,0,3,-40
1759484201.158625,-5,2,-40
1759484201.1976247,2,-3,-41
1759484201.2336247,0,-4,-35
1759484201.2716248,4,-1,-42
1759484201.309625,-1,4,-38
1759484201.3476248,-2,-2,-44
1759484201.3836248,-5,4,-41
1759484201.4206247,3,-1,-33
1759484201.4586248,2,0,-46
1759484201.4976249,1,0,-35
1759484201.533625,1,2,-48
1759484201.5716248,0,-3,-43
1759484201.6096249,3,-4,-46
1759484201.6476247,1,-3,-44
1759484201.6836247,-6,4,-43
1759484201.7226248,4,2,-34
1759484201.760625,-7,0,-38
1759484201.7986248,0,4,-42
1759484201.8366249,-3,0,-47
1759484201.8726249,0,-5,-40
1759484201.911625,3,-2,-48
1759484201.9486248,0,3,-47
1759484201.987625,3,6,-52
1759484202.023625,-2,4,-39
1759484202.0616248,0,0,-40
1759484202.0986247,-1,-3,-46
1759484202.1376247,-6,1,-48
1759484202.1736248,2,2,-42
1759484202.2116249,1,0,-48
1759484202.2486248,0,-1,-36
1759484202.2876248,1,-6,-54
1759484202.3236248,0,-4,-33
1759484202.3616247,-7,-1,-43
1759484202.398625,-7,3,-44
1759484202.4376247,3,-3,-38
1759484202.4736247,0,-3,-40
1759484202.5116248,-10,0,-52
1759484202.5486248,-6,2,-42
1759484202.5876248,-6,3,-44
1759484202.6236248,-2,2,-44
1759484202.661625,2,-4,-33
1759484202.6996248,-10,1,-56
1759484202.737625,-1,7,-34
1759484202.773625,-2,2,-34
1759484202.8116248,-5,0,-33
1759484202.8486247,0,-1,-30
1759484202.8876247,-3,1,-42
1759484202.9236248,6,5,-47
1759484202.9616249,-4,-3,-51
1759484202.9996247,-2,-8,-36
1759484203.0376248,-5,-8,-47
1759484203.0736248,-4,-8,-39
1759484203.112625,0,-1,-43
1759484203.1496248,2,2,-45
1759484203.1886249,-6,7,-36
1759484203.2246249,0,9,-34
1759484203.2616248,0,1,-36
1759484203.2996247,4,1,-34
1759484203.3386247,1,1,-30
1759484203.3746247,1,0,-45
1759484203.4126248,2,4,-48
1759484203.4496248,-1,0,-37
1759484203.4886248,-2,3,-33
1759484203.5246248,0,-1,-21
1759484203.5626247,0,1,-32
1759484203.5996249,7,-4,-37
1759484203.638625,8,0,-40
1759484203.6746247,2,-2,-29
1759484203.7126248,0,0,-52
1759484203.7496247,1,-3,-41
1759484203.7886248,5,1,-54
1759484203.8246248,-2,-7,-35
1759484203.862625,-3,-3,-35
1759484203.9006248,-5,0,-29
1759484203.9396248,0,0,-45
1759484203.977625,1,-12,-37
1759484204.013625,0,-9,-46
1759484204.0526247,-2,-5,-47
1759484204.0906248,2,2,-43
1759484204.128625,4,-1,-45
1759484204.1656249,0,-4,-41
1759484204.2036247,4,-1,-54
1759484204.240625,6,-1,-39
1759484204.2796247,0,0,-42
1759484204.3176248,5,4,-44
1759484204.3536248,-2,1,-44
1759484204.3916247,2,-1,-33
1759484204.4296248,8,0,-34
1759484204.4686248,9,0,-44
1759484204.5046248,0,-1,-36
1759484204.5436249,2,2,-34
1759484204.5806248,1,0,-34
1759484204.6196249,-8,2,-46
1759484204.6556249,-6,2,-40
1759484204.6936247,-10,-1,-34
1759484204.7326248,-3,-2,-42
1759484204.7706249,4,0,-39
1759484204.8086247,0,-1,-33
1759484204.8446248,0,-7,-30
1759484204.8836248,-11,-1,-34
1759484204.9206247,-2,-10,-34
1759484204.9596248,0,-1,-30
1759484204.9956248,-8,0,-35
1759484205.033625,-2,0,-32
1759484205.0716248,0,0,-39
1759484205.1096249,-3,0,-45
1759484205.148625,3,-4,-36
1759484205.184625,6,0,-37
1759484205.2216249,-3,-1,-34
1759484205.260625,0,-1,-36
1759484205.2986248,4,-5,-38
1759484205.3346248,9,-7,-40
1759484205.3726249,7,-3,-40
1759484205.4106247,10,-1,-37
1759484205.4486248,4,5,-44
1759484205.4846249,2,2,-38
1759484205.5216248,9,-3,-35
1759484205.5606248,-2,3,-42
1759484205.5986247,0,5,-30
1759484205.6346247,-4,7,-38
1759484205.671625,9,-3,-40
1759484205.7106247,-1,-1,-43
1759484205.7486248,1,-4,-36
1759484205.7846248,1,-2,-40
1759484205.8216248,-3,4,-35
1759484205.8606248,-5,2,-38
1759484205.898625,-5,4,-37
1759484205.934625,0,-4,-43
1759484205.9726248,3,0,-34
1759484206.010625,0,6,-26
1759484206.0486248,-7,3,-43
1759484206.0846248,0,0,-42
1759484206.1226249,-2,0,-36
1759484206.1606247,-4,0,-37
1759484206.1986248,-2,2,-37
1759484206.2346249,-1,-1,-25
1759484206.2726247,-7,-2,-36
1759484206.3106248,-11,1,-29
1759484206.3496249,-4,0,-35
1759484206.385625,-5,2,-41
1759484206.4236248,-9,4,-36
1759484206.4616249,-8,2,-53
1759484206.500625,1,-1,-36
1759484206.536625,3,-1,-37
1759484206.5756247,0,0,-40
1759484206.612625,4,0,-28
1759484206.651625,0,-3,-26
1759484206.6896248,4,0,-33
1759484206.7256248,0,0,-37
1759484206.763625,0,-3,-41
1759484206.8016248,-8,-1,-33
1759484206.839625,-3,0,-32
1759484206.875625,-1,0,-40
1759484206.9136248,-3,1,-42
1759484206.9516249,3,1,-36
1759484206.9896247,2,-1,-39
1759484207.0256248,6,-3,-38
1759484207.0636249,1,1,-40
1759484207.1016247,0,3,-39
1759484207.1396248,4,1,-31
1759484207.1756248,6,0,-45
1759484207.2136247,0,2,-35
1759484207.2516248,1,3,-36
1759484207.2896247,3,2,-35
1759484207.3256247,-3,2,-43
1759484207.3636248,-4,6,-50
1759484207.401625,0,7,-37
1759484207.4396248,-5,1,-42
1759484207.4756248,0,-1,-41
1759484207.5126247,7,0,-25
1759484207.5516248,-10,1,-34
1759484207.5966249,0,-1,-23
1759484207.6346247,-2,-1,-38
1759484207.671625,-2,-2,-36
1759484207.7106247,-7,-1,-43
1759484207.7466247,-8,0,-45
1759484207.7856247,-1,0,-25
1759484207.8236248,-8,0,-38
1759484207.8616247,1,-1,-32
1759484207.8996248,5,-2,-40
1759484207.9356248,6,-1,-31
1759484207.9736247,2,0,-38
1759484208.0116248,2,4,-40
1759484208.0476248,-1,0,-48
1759484208.0866249,-10,-2,-37
1759484208.1246247,-6,-2,-42
1759484208.161625,-1,-2,-45
1759484208.2006247,-3,0,-42
1759484208.2366247,-6,7,-37
1759484208.273625,4,-3,-41
1759484208.3116248,-2,1,-47
1759484208.3506248,0,1,-50
1759484208.3866248,4,-2,-32
1759484208.4236248,-2,-1,-39
1759484208.4616249,-3,-8,-36
1759484208.500625,3,0,-33
1759484208.536625,2,-2,-33
1759484208.5746248,2,0,-18
1759484208.612625,-4,4,-34
1759484208.651625,-10,5,-41
1759484208.6876247,-5,1,-44
1759484208.7266247,-1,-4,-31
1759484208.7646248,-1,1,-45
1759484208.8026247,-3,3,-32
1759484208.8406248,3,0,-29
1759484208.8766248,5,-3,-27
1759484208.9146247,-4,0,-34
1759484208.9526248,-8,-3,-39
1759484208.990625,-7,0,-35
1759484209.026625,2,2,-39
1759484209.0646248,-6,5,-40
1759484209.102625,0,0,-53
1759484209.1406248,0,2,-37
1759484209.1766248,0,2,-39
1759484209.2136247,-7,-3,-44
1759484209.2526248,-3,2,-45
1759484209.2906249,2,3,-43
1759484209.3266249,1,0,-34
1759484209.3636248,2,0,-33
1759484209.4026248,1,-1,-24
1759484209.4406247,7,3,-42
1759484209.4766247,4,0,-31
1759484209.513625,3,4,-34
1759484209.5526247,4,4,-29
1759484209.5906248,-3,-7,-40
1759484209.6266248,-2,-5,-34
1759484209.6646247,-9,2,-38
1759484209.7036247,-6,-1,-42
1759484209.7416248,-5,-4,-34
1759484209.7776248,6,-3,-42
1759484209.8146248,6,-1,-41
1759484209.8536248,4,9,-32
1759484209.8916247,2,9,-30
1759484209.9276247,2,1,-31
1759484209.964625,5,-5,-38
1759484210.003625,-2,-2,-40
1759484210.0416248,-8,0,-37
1759484210.0776248,-5,0,-29
1759484210.1146247,-4,-2,-35
1759484210.1536248,-3,0,-39
1759484210.1916249,-2,2,-51
1759484210.227625,-4,1,-45
1759484210.2666247,0,-4,-50
1759484210.3036249,-3,4,-42
1759484210.342625,-12,1,-44
1759484210.378625,-6,-3,-41
1759484210.4166248,-4,-8,-38
1759484210.454625,5,0,-47
1759484210.4936247,5,0,-39
1759484210.5316248,7,1,-41
1759484210.5676248,-1,4,-34
1759484210.6046247,-4,-2,-20
1759484210.6436248,-3,1,-41
1759484210.681625,2,-1,-42
1759484210.717625,2,-4,-46
1759484210.7546248,2,3,-35
1759484210.7936249,2,2,-39
1759484210.8316247,1,4,-47
1759484210.8676248,0,3,-51
1759484210.9046247,-4,1,-51
1759484210.9436247,2,-1,-38
1759484210.9816248,-1,-3,-34
1759484211.0176249,-6,-2,-33
1759484211.0556247,-7,-2,-38
1759484211.0956247,2,6,-34
1759484211.1336248,-2,5,-28
1759484211.171625,-3,-1,-41
1759484211.207625,0,0,-36
1759484211.2446249,0,1,-29
1759484211.283625,2,0,-29
1759484211.3216248,6,0,-39
1759484211.3576248,-5,4,-35
1759484211.3966248,3,-4,-30
1759484211.4336247,-4,-4,-29
1759484211.4726248,-1,7,-38
1759484211.5086248,-4,2,-26
1759484211.5476248,-3,3,-32
1759484211.5846248,3,-4,-43
1759484211.6236248,0,-3,-37
1759484211.6596248,3,-4,-53
1759484211.6966248,-3,-1,-41
1759484211.7346249,1,-9,-43
1759484211.773625,0,-1,-40
1759484211.809625,4,-4,-45
1759484211.8476248,1,6,-31
1759484211.885625,-2,1,-25
1759484211.9236248,-3,1,-26
1759484211.9626248,4,-3,-28
1759484211.9986248,3,5,-35
1759484212.0376248,3,4,-39
1759484212.0756247,-4,-1,-49
1759484212.1136248,-7,4,-43
1759484212.1496248,-6,1,-45
1759484212.1866248,-5,-2,-41
1759484212.2246249,3,3,-43
1759484212.263625,6,0,-26
1759484212.2996247,8,-3,-30
1759484212.3366249,5,2,-36
1759484212.375625,5,2,-44
1759484212.4136248,0,0,-49
1759484212.4496248,-1,1,-40
1759484212.4886248,1,5,-39
1759484212.526625,-8,-1,-45
1759484212.5646248,-4,0,-46
1759484212.602625,0,5,-37
1759484212.638625,0,0,-41
1759484212.6756248,4,0,-42
1759484212.714625,-12,1,-40
1759484212.7526248,-5,0,-39
1759484212.7886248,-3,3,-27
1759484212.8256247,0,2,-33
1759484212.8646247,6,-10,-27
1759484212.9026248,0,-5,-38
1759484212.9386249,-3,-5,-48
1759484212.977625,3,-5,-38
1759484213.0146248,1,0,-38
1759484213.0536249,8,-1,-42
1759484213.089625,-1,-5,-45
1759484213.1276248,5,4,-41
1759484213.1656249,-4,-1,-43
1759484213.204625,-2,1,-46
1759484213.2416248,-6,1,-41
1759484213.2796247,0,0,-38
1759484213.3166249,-1,-1,-26
1759484213.355625,9,-4,-38
1759484213.3936248,2,-8,-49
1759484213.4296248,0,-2,-41
1759484213.467625,-1,0,-39
1759484213.5056248,0,-3,-40
1759484213.5436249,1,-1,-33
1759484213.579625,0,4,-34
1759484213.6176248,-5,-1,-38
1759484213.6556249,-3,4,-33
1759484213.6936247,-7,-2,-41
1759484213.7296247,-4,2,-41
1759484213.7676249,-11,0,-23
1759484213.8056247,-2,0,-24
1759484213.8436248,-7,-4,-42
1759484213.8796248,-6,-5,-32
1759484213.9186249,-4,-3,-43
1759484213.9566247,-4,-6,-34
1759484213.9946249,3,-4,-25
1759484214.0306249,-2,-4,-34
1759484214.0686247,4,2,-32
1759484214.1066248,7,5,-31
1759484214.1456249,5,1,-28
1759484214.1836247,-5,8,-38
1759484214.2196248,-7,4,-41
1759484214.2566247,-2,0,-45
1759484214.2956247,-2,-2,-49
1759484214.3336248,0,-6,-39
1759484214.3706248,5,4,-36
1759484214.408625,0,2,-55
1759484214.4466248,0,2,-56
1759484214.4846249,1,-1,-42
1759484214.5216248,0,0,-37
1759484214.559625,-4,5,-37
1759484214.5966249,5,9,-31
1759484214.635625,1,5,-38
1759484214.6736248,0,0,-39
1759484214.7096248,6,2,-42
1759484214.7466247,-5,0,-34
1759484214.7856247,0,-3,-42
1759484214.8236248,4,-2,-33
1759484214.8596249,1,-2,-27
1759484214.8976247,3,0,-25
1759484214.9356248,0,-2,-31
1759484214.9746249,0,3,-40
1759484215.010625,0,9,-38
1759484215.0476248,0,4,-52
1759484215.0856247,0,-4,-53
1759484215.1246247,0,-1,-43
1759484215.1606247,-3,-1,-34
1759484215.1996248,-2,-1,-39
1759484215.2366247,3,1,-31
1759484215.2756248,7,4,-36
1759484215.3116248,0,3,-33
1759484215.3486247,-12,-1,-37
1759484215.3866248,-6,1,-28
1759484215.4256248,-1,-5,-31
1759484215.4616249,-5,2,-32
1759484215.500625,0,0,-28
1759484215.5376248,-6,6,-37
1759484215.5756247,-11,0,-45
1759484215.6146247,2,0,-41
1759484215.6506248,6,0,-23
1759484215.6876247,3,-6,-39
1759484215.7266247,0,5,-35
1759484215.7646248,4,2,-45
1759484215.8006248,9,0,-40
1759484215.839625,3,1,-33
1759484215.8766248,-8,-4,-32
1759484215.9156249,1,-1,-36
1759484215.9516249,4,-1,-41
1759484215.9896247,3,0,-48
1759484216.0276248,4,-4,-37
1759484216.0656247,2,0,-35
1759484216.1016247,-5,-3,-36
1759484216.1396248,-10,-1,-35
1759484216.1786249,-12,-6,-37
1759484216.2166247,-9,-4,-42
1759484216.2546248,-4,5,-50
1759484216.2906249,-1,5,-43
1759484216.3286247,7,4,-32
1759484216.3666248,-5,1,-34
1759484216.4056249,1,-6,-47
1759484216.4416249,2,0,-50
1759484216.480625,2,-4,-45
1759484216.5186248,-8,5,-32
1759484216.556625,-4,-2,-38
1759484216.5946248,-2,-1,-44
1759484216.6306248,-5,0,-37
1759484216.6686249,-2,2,-43
1759484216.7066247,-8,1,-39
1759484216.7426248,0,2,-43
1759484216.7796247,6,0,-43
1759484216.8186247,0,-4,-41
1759484216.8566248,-10,1,-41
1759484216.8926249,0,-2,-40
1759484216.9296248,1,-3,-42
1759484216.967625,-3,-5,-29
1759484217.0066247,-9,-1,-25
1759484217.0426247,-7,0,-25
1759484217.0816247,-1,0,-30
1759484217.1186247,-4,3,-28
1759484217.1576247,0,7,-36
1759484217.1956248,0,4,-38
1759484217.2316248,0,-6,-27
1759484217.2686248,2,5,-46
1759484217.3076248,-4,0,-38
1759484217.3456247,-2,4,-37
1759484217.3816247,-5,0,-36
1759484217.4186249,-1,3,-34
1759484217.457625,-5,-3,-28
1759484217.4956248,5,0,-40
1759484217.5316248,4,-1,-42
1759484217.5686247,4,1,-35
1759484217.6136248,0,-2,-41
1759484217.651625,1,-4,-39
1759484217.6886249,0,-4,-49
1759484217.727625,2,0,-39
1759484217.7656248,-6,2,-39
1759484217.8016248,-2,-6,-37
1759484217.8406248,1,-1,-45
1759484217.8776248,-6,-2,-43
1759484217.9166248,-2,2,-32
1759484217.9526248,-2,1,-35
1759484217.990625,0,2,-30
1759484218.0286248,9,4,-38
1759484218.0676248,6,8,-50
1759484218.105625,1,0,-38
1759484218.1416247,1,2,-36
1759484218.1796248,2,5,-45
1759484218.217625,-3,3,-36
1759484218.2556248,-1,-1,-35
1759484218.2916248,1,-1,-34
1759484218.3286247,-3,-8,-34
1759484218.3676248,0,0,-32
1759484218.4056249,-2,-1,-34
1759484218.4416249,0,0,-29
1759484218.4796247,-5,-3,-31
1759484218.5176249,-1,-1,-35
1759484218.5536249,2,0,-34
1759484218.5916247,7,-3,-41
1759484218.6296248,0,-3,-48
1759484218.6676247,-4,-5,-29
1759484218.7036247,-6,-7,-26
1759484218.7416248,-2,-1,-27
1759484218.7806249,2,0,-46
1759484218.8176248,1,2,-31
1759484218.8566248,0,0,-39
1759484218.8926249,3,-3,-32
1759484218.9296248,-11,0,-31
1759484218.967625,-9,0,-30
1759484219.0066247,-5,-1,-32
1759484219.0426247,-4,-1,-38
1759484219.0816247,-7,-3,-36
1759484219.1186247,3,-2,-43
1759484219.1576247,0,-2,-38
1759484219.1936247,9,1,-33
1759484219.2326248,-1,0,-42
1759484219.2696247,0,-3,-44
1759484219.3086247,-3,3,-40
1759484219.3466249,-7,1,-36
1759484219.3826249,0,6,-36
1759484219.4196248,1,-2,-29
1759484219.4586248,0,0,-29
1759484219.4966247,6,4,-40
1759484219.5326247,5,2,-31
1759484219.5706248,-2,0,-26
1759484219.6086247,7,1,-33
1759484219.6466248,6,3,-38
1759484219.6826248,-1,1,-28
1759484219.7216249,0,-3,-27
1759484219.7586248,6,-2,-31
1759484219.7976248,7,-5,-38
1759484219.8336248,6,0,-37
1759484219.8716247,2,-1,-35
1759484219.908625,3,2,-46
1759484219.9476247,4,0,-42
1759484219.9836247,2,-2,-48
1759484220.0216248,3,-7,-31
1759484220.0586247,-5,-8,-33
1759484220.0976248,0,0,-48
1759484220.1336248,-1,-4,-46
1759484220.171625,4,2,-37
1759484220.2106247,4,-4,-32
1759484220.2486248,1,-6,-41
1759484220.2846248,0,-2,-34
1759484220.3216248,3,3,-34
1759484220.3596249,3,2,-30
1759484220.398625,1,-4,-33
1759484220.434625,2,-6,-37
1759484220.4716249,0,0,-36
1759484220.510625,2,5,-23
1759484220.5486248,-3,1,-38
1759484220.5846248,-5,3,-45
1759484220.6226249,-5,-1,-40
1759484220.6596248,-9,2,-29
1759484220.6986248,-5,0,-26
1759484220.7346249,-4,0,-19
1759484220.7716248,7,3,-42
1759484220.809625,6,0,-32
1759484220.8486247,-2,1,-34
1759484220.8846247,0,0,-41
1759484220.9226248,6,-7,-53
1759484220.9596248,0,0,-37
1759484220.9986248,-8,-3,-31
1759484221.0346248,-6,5,-32
1759484221.0726247,-4,4,-34
1759484221.1096249,-1,-3,-27
1759484221.148625,2,6,-36
1759484221.184625,0,-4,-32
1759484221.2226248,4,0,-32
1759484221.2596247,3,-9,-30
1759484221.2986248,3,0,-41
1759484221.3346248,3,-3,-34
1759484221.3726249,10,3,-34
1759484221.4106247,7,-1,-46
1759484221.4496248,-1,-1,-45
1759484221.487625,1,1,-21
1759484221.523625,0,1,-28
1759484221.5606248,-1,0,-45
1759484221.5996249,1,-3,-43
1759484221.6376247,-6,-5,-39
1759484221.6736248,-2,1,-44
1759484221.7106247,3,-2,-28
1759484221.7496247,2,-3,-36
1759484221.7876248,5,-2,-51
1759484221.8236248,2,-3,-48
1759484221.8606248,4,-4,-45
1759484221.8996248,3,2,-40
1759484221.9356248,7,-8,-39
1759484221.9726248,-5,-4,-32
1759484222.010625,-6,0,-30
1759484222.0496247,4,1,-40
1759484222.0856247,3,4,-49
1759484222.1226249,4,3,-44
1759484222.1606247,1,5,-54
1759484222.1996248,-3,4,-37
1759484222.2356248,-2,1,-29
1759484222.2746248,5,3,-42
1759484222.3126247,-1,0,-34
1759484222.3506248,-3,1,-37
1759484222.388625,-13,1,-36
1759484222.4256248,-11,8,-43
1759484222.4636247,0,-3,-21
1759484222.5016248,-3,0,-34
1759484222.5396247,-3,3,-39
1759484222.5756247,-1,5,-33
1759484222.612625,2,-1,-31
1759484222.651625,-1,-1,-43
1759484222.6896248,-3,-2,-31
1759484222.7256248,-3,-7,-17
1759484222.7646248,-8,-9,-30
1759484222.8016248,-1,-2,-42
1759484222.8406248,2,6,-38
1759484222.878625,-3,-4,-33
1759484222.9146247,-2,-3,-33
1759484222.9526248,-3,-4,-36
1759484222.990625,-5,0,-37
1759484223.0296247,-5,-4,-44
1759484223.0656247,1,-5,-36
1759484223.1036248,2,2,-29
1759484223.1416247,4,0,-27
1759484223.1806247,5,-6,-40
1759484223.2186248,5,-7,-34
1759484223.2546248,0,3,-40
1759484223.2916248,-1,7,-41
1759484223.3306248,5,9,-44
1759484223.3686247,0,-2,-41
1759484223.4046247,6,1,-44
1759484223.4416249,9,-3,-30
1759484223.480625,5,-7,-39
1759484223.5186248,0,1,-38
1759484223.5546248,0,1,-48
1759484223.5936248,-2,2,-42
1759484223.6316247,0,0,-43
1759484223.6696248,-4,-2,-42
1759484223.7056248,5,2,-47
1759484223.7436247,1,-2,-46
1759484223.7816248,-8,2,-48
1759484223.819625,-5,4,-47
1759484223.855625,-2,3,-44
1759484223.8936248,0,-2,-38
1759484223.931625,-1,0,-36
1759484223.9696248,0,-3,-28
1759484224.0056248,0,-4,-35
1759484224.0436249,-7,-6,-28
1759484224.0816247,-1,-1,-32
1759484224.1206248,0,-3,-45
1759484224.1566248,0,-4,-52
1759484224.194625,-4,-7,-46
1759484224.2326248,-8,-2,-29
1759484224.2706249,-5,9,-37
1759484224.309625,-4,-7,-34
1759484224.3456247,-1,-4,-42
1759484224.3836248,-6,-5,-46
1759484224.4226248,-1,0,-37
1759484224.4606247,-1,-8,-42
1759484224.4966247,0,-8,-43
1759484224.5356247,1,1,-46
1759484224.5726247,7,-3,-40
1759484224.6116247,0,1,-39
1759484224.6496248,0,4,-42
1759484224.6856248,3,1,-42
1759484224.7226248,0,-1,-39
1759484224.7616248,-6,2,-40
1759484224.7996247,-2,0,-35
1759484224.8356247,0,-2,-33
1759484224.8726249,-5,2,-30
1759484224.911625,-6,2,-36
1759484224.9496248,2,9,-36
1759484224.9856248,5,2,-50
1759484225.023625,2,-2,-48
1759484225.0616248,3,1,-41
1759484225.0996249,2,2,-32
1759484225.135625,-7,4,-34
1759484225.1726248,-10,0,-44
1759484225.2116249,0,1,-45
1759484225.2496247,-2,-2,-28
1759484225.2856247,-10,-7,-26
1759484225.3246248,-7,-8,-41
1759484225.3616247,0,-3,-51
1759484225.4006248,0,1,-46
1759484225.4366248,11,-5,-39
1759484225.4746249,-1,4,-42
1759484225.5126247,-5,-1,-42
1759484225.5516248,-1,2,-47
1759484225.5876248,-1,0,-48
1759484225.6246247,-2,-2,-41
1759484225.6626248,-5,-6,-41
1759484225.7016249,2,0,-32
1759484225.737625,-5,-2,-26
1759484225.776625,-1,-2,-29
1759484225.8146248,5,-1,-31
1759484225.852625,4,0,-44
1759484225.8906248,-3,4,-35
1759484225.9266248,5,3,-24
1759484225.964625,-6,-5,-31
1759484226.0026248,-5,-7,-39
1759484226.0406249,-7,2,-29
1759484226.0766249,0,-1,-39
1759484226.115625,0,-2,-31
1759484226.1536248,-6,0,-32
1759484226.1916249,-5,-2,-31
1759484226.227625,-5,-3,-36
1759484226.2656248,-4,1,-46
1759484226.3036249,1,3,-35
1759484226.342625,3,0,-30
1759484226.3806248,2,0,-32
1759484226.4166248,1,0,-40
1759484226.454625,0,1,-38
1759484226.4926248,-4,-2,-48
1759484226.5306249,-7,-6,-41
1759484226.5666249,-1,-4,-43
1759484226.6046247,-6,1,-38
1759484226.6426249,-3,1,-33
1759484226.681625,-4,0,-36
1759484226.717625,-3,-2,-35
1759484226.7556248,-2,0,-30
1759484226.7946248,7,2,-38
1759484226.832625,4,-1,-28
1759484226.8706248,-1,0,-42
1759484226.9066248,0,2,-40
1759484226.9436247,-10,0,-45
1759484226.9826248,-6,-3,-33
1759484227.0206249,2,-7,-39
1759484227.056625,-1,0,-39
1759484227.0956247,0,-1,-47
1759484227.1336248,0,6,-52
1759484227.171625,-8,5,-42
1759484227.2086248,-1,1,-32
1759484227.2456248,6,-3,-33
1759484227.283625,0,1,-33
1759484227.3226247,-2,-3,-38
1759484227.3586247,1,2,-35
1759484227.3966248,-3,-2,-54
1759484227.434625,-4,-3,-47
1759484227.4726248,-6,-4,-57
1759484227.5086248,0,-4,-53
1759484227.5476248,4,-2,-43
1759484227.5856247,3,3,-47
1759484227.6296248,0,-3,-47
1759484227.6676247,2,-3,-43
1759484227.7056248,-8,-1,-29
1759484227.7436247,-6,-5,-28
1759484227.7816248,-3,-1,-30
1759484227.8176248,-2,0,-32
1759484227.8546247,0,-4,-42
1759484227.8936248,3,-1,-47
1759484227.931625,1,-1,-53
1759484227.967625,-2,-7,-50
1759484228.0056248,0,-3,-41
1759484228.0436249,3,-10,-34
1759484228.082625,1,2,-40
1759484228.1186247,2,-3,-38
1759484228.1566248,-3,-5,-38
1759484228.1956248,0,-7,-28
1759484228.2336247,0,-7,-36
1759484228.2716248,2,0,-33
1759484228.3076248,0,-2,-23
1759484228.3466249,0,-1,-46
1759484228.3836248,0,0,-37
1759484228.4226248,-4,-6,-41
1759484228.4586248,-3,-9,-47
1759484228.4966247,-2,-1,-37
1759484228.5346248,0,-6,-39
1759484228.5736248,1,-1,-25
1759484228.6116247,0,0,-38
1759484228.6476247,-2,2,-48
1759484228.6856248,3,6,-36
1759484228.7236247,-4,4,-35
1759484228.7626247,2,7,-40
1759484228.7986248,5,2,-32
1759484228.8376248,0,1,-37
1759484228.875625,3,-2,-27
1759484228.9136248,0,-8,-25
1759484228.9496248,0,0,-30
1759484228.987625,4,0,-30
1759484229.0246248,0,3,-30
1759484229.0636249,-6,4,-29
1759484229.0996249,-10,0,-43
1759484229.1376247,-4,-7,-24
1759484229.1756248,-1,-7,-30
1759484229.2136247,0,3,-36
1759484229.2496247,-9,1,-45
1759484229.2886248,-2,1,-52
1759484229.3266249,-2,-3,-41
1759484229.3636248,5,0,-45
1759484229.4026248,2,1,-34
1759484229.4386249,-3,-1,-46
1759484229.477625,-2,3,-37
1759484229.5146248,0,-1,-48
1759484229.5536249,-2,-3,-39
1759484229.589625,-3,2,-45
1759484229.6276248,-7,0,-39
1759484229.6646247,-4,-4,-41
1759484229.7036247,4,-3,-44
1759484229.7396247,-3,2,-45
1759484229.7776248,-6,3,-40
1759484229.8156247,2,0,-50
1759484229.8546247,3,-4,-43
1759484229.8926249,1,-4,-35
1759484229.9286249,6,0,-39
1759484229.9666247,6,1,-46
1759484230.0046248,10,-2,-38
1759484230.0426247,7,-1,-46
1759484230.0786247,4,0,-44
1759484230.115625,0,-7,-33
1759484230.1546247,-7,0,-34
1759484230.1926248,-6,-2,-48
1759484230.2286248,-6,-2,-47
1759484230.2676249,0,-2,-25
1759484230.3056247,3,-5,-36
1759484230.3436248,5,-1,-46
1759484230.3806248,3,3,-47
1759484230.4186249,-4,9,-43
1759484230.4556248,-2,3,-28
1759484230.4946249,5,1,-34
1759484230.5326247,5,2,-39
1759484230.5686247,3,1,-31
1759484230.605625,1,0,-40
1759484230.6446247,0,-7,-36
1759484230.6806247,0,-2,-39
1759484230.717625,0,0,-31
1759484230.7556248,5,-1,-33
1759484230.7946248,4,1,-37
1759484230.8306248,2,0,-43
1759484230.8676248,5,2,-46
1759484230.9066248,0,-8,-44
1759484230.944625,0,-6,-37
1759484230.980625,-4,0,-33
1759484231.0176249,0,6,-30
1759484231.056625,0,1,-21
1759484231.0946248,0,-1,-30
1759484231.1306248,-1,4,-34
1759484231.1686249,-2,1,-52
1759484231.2066247,7,2,-39
1759484231.2446249,1,-4,-37
1759484231.2806249,2,-2,-42
1759484231.319625,-5,-10,-44
1759484231.3566248,-4,0,-41
1759484231.3956249,-4,-4,-47
1759484231.4336247,0,-1,-39
1759484231.4696248,-2,3,-42
1759484231.5076249,-1,4,-43
1759484231.546625,-4,1,-38
1759484231.5846248,5,0,-26
1759484231.6206248,0,2,-32
1759484231.6576247,-1,-2,-41
1759484231.6966248,-4,-1,-26
1759484231.7346249,-1,-3,-37
1759484231.7706249,-3,-3,-33
1759484231.8086247,-7,1,-33
1759484231.8476248,-4,-2,-26
1759484231.885625,-1,-2,-36
1759484231.9236248,1,-2,-34
1759484231.9596248,-6,-3,-22
1759484231.9976249,-6,-1,-39
1759484232.036625,1,-6,-34
1759484232.0746248,-1,0,-35
1759484232.1106248,3,-2,-41
1759484232.1496248,-13,0,-42
1759484232.1876247,-3,3,-40
1759484232.2256248,5,2,-40
1759484232.263625,2,1,-34
1759484232.2996247,-1,3,-50
1759484232.3376248,11,4,-32
1759484232.375625,-2,2,-42
1759484232.4126248,0,2,-39
1759484232.4496248,0,-2,-38
1759484232.487625,2,0,-38
1759484232.5256248,2,0,-29
1759484232.5646248,-2,0,-32
1759484232.6006248,-4,4,-31
1759484232.638625,-5,14,-38
1759484232.6766248,-5,6,-35
1759484232.7156248,6,5,-34
1759484232.7516248,1,10,-31
1759484232.7896247,0,-4,-41
1759484232.8286247,0,2,-42
1759484232.865625,-8,4,-27
1759484232.9046247,4,6,-29
1759484232.9406247,2,4,-37
1759484232.9786248,0,-2,-35
1759484233.0156248,5,0,-43
1759484233.0546248,7,4,-53
1759484233.0906248,0,0,-48
1759484233.1276248,1,3,-38
1759484233.1666248,-5,5,-40
1759484233.204625,-5,2,-38
1759484233.240625,-1,0,-42
1759484233.2786248,2,3,-40
1759484233.3166249,4,0,-39
1759484233.3546247,0,-7,-36
1759484233.3906248,7,0,-38
1759484233.4276247,-8,3,-36
1759484233.4666247,-1,-1,-46
1759484233.5046248,-6,0,-35
1759484233.5406249,0,1,-31
1759484233.5776248,-3,-2,-43
1759484233.6166248,-5,1,-36
1759484233.6546247,0,1,-50
1759484233.6906247,2,1,-43
1759484233.7286248,-4,-2,-34
1759484233.7666247,-5,-5,-41
1759484233.8046248,-5,-6,-41
1759484233.8406248,3,-8,-51
1759484233.8796248,3,6,-36
1759484233.9166248,6,0,-34
1759484233.9556248,0,0,-25
1759484233.9916248,-2,1,-37
1759484234.0296247,0,1,-41
1759484234.0666249,5,0,-37
1759484234.105625,6,-6,-32
1759484234.1416247,-5,0,-44
1759484234.1786249,-2,-2,-51
1759484234.2166247,-5,4,-55
1759484234.2556248,-2,6,-44
1759484234.2916248,3,5,-43
1759484234.3286247,5,-1,-35
1759484234.3666248,0,4,-32
1759484234.4056249,0,-2,-35
1759484234.4416249,4,0,-40
1759484234.4786248,3,2,-42
1759484234.5166247,8,2,-37
1759484234.5556247,-3,-6,-50
1759484234.5916247,-1,-7,-42
1759484234.6306248,-4,-3,-37
1759484234.6676247,-2,-6,-39
1759484234.7066247,4,0,-36
1759484234.7426248,0,3,-39
1759484234.7796247,-2,3,-41
1759484234.8176248,-6,3,-38
1759484234.8566248,-2,1,-35
1759484234.8926249,1,-2,-34
1759484234.9296248,-5,-8,-49
1759484234.9686248,-1,-6,-43
1759484235.0066247,-4,3,-50
1759484235.0426247,-2,-3,-51
1759484235.0806248,0,1,-40
1759484235.1196249,-4,0,-37
1759484235.1576247,-3,-3,-33
1759484235.1956248,-2,-2,-35
1759484235.2326248,-2,5,-33
1759484235.2696247,3,2,-50
1759484235.3076248,0,1,-44
1759484235.3466249,0,2,-39
1759484235.3826249,-3,-5,-40
1759484235.4206247,3,-5,-31
1759484235.4596248,1,-5,-33
1759484235.4976249,-3,-4,-40
1759484235.5356247,3,3,-40
1759484235.5716248,3,1,-41
1759484235.6096249,0,0,-42
1759484235.648625,3,0,-32
1759484235.6866248,-2,2,-38
1759484235.7226248,9,-1,-39
1759484235.7596247,4,-5,-41
1759484235.7976248,-1,-6,-36
1759484235.8366249,-3,-2,-30
1759484235.8726249,-1,-1,-38
1759484235.911625,1,-1,-42
1759484235.9496248,0,0,-30
1759484235.987625,0,-4,-42
1759484236.023625,-5,-3,-26
1759484236.0616248,0,4,-29
1759484236.1006248,0,-3,-35
1759484236.1376247,2,-3,-29
1759484236.1766248,1,0,-31
1759484236.2126248,-3,3,-40
1759484236.250625,-5,7,-44
1759484236.2886248,-5,5,-52
1759484236.3266249,-8,0,-50
1759484236.362625,0,0,-47
1759484236.3996248,0,0,-43
1759484236.4386249,-3,-5,-46
1759484236.4766247,1,-3,-35
1759484236.5126247,0,-2,-32
1759484236.5496247,0,0,-36
1759484236.5886247,-3,5,-40
1759484236.6266248,-3,3,-44
1759484236.6626248,1,0,-36
1759484236.7006247,1,0,-35
1759484236.7386248,0,-1,-42
1759484236.776625,-2,-2,-49
1759484236.8126247,-3,-2,-39
1759484236.8516247,-3,5,-33
1759484236.888625,2,0,-44
1759484236.9276247,-2,-4,-42
1759484236.9636247,-9,-2,-36
1759484237.0026248,-5,-1,-42
1759484237.0396247,-3,-2,-44
1759484237.0786247,1,1,-34
1759484237.1166248,6,-5,-34
1759484237.1526248,1,-2,-30
1759484237.1906247,4,-6,-32
1759484237.2286248,-2,-1,-42
1759484237.2676249,0,-5,-37
1759484237.3036249,2,-1,-46
1759484237.3416247,1,-1,-41
1759484237.3796248,0,1,-35
1759484237.4186249,4,8,-29
1759484237.4566247,-2,-10,-27
1759484237.4926248,3,-7,-31
1759484237.5306249,5,-5,-54
1759484237.569625,0,0,-48
1759484237.6076248,6,0,-43
1759484237.651625,6,-2,-41
1759484237.6896248,9,-1,-38
1759484237.727625,15,0,-38
1759484237.763625,4,-1,-38
1759484237.8026247,0,8,-49
1759484237.8406248,-4,6,-45
1759484237.878625,-2,3,-39
1759484237.9146247,0,5,-47
1759484237.9526248,2,2,-40
1759484237.990625,-4,4,-38
1759484238.0286248,-1,-7,-51
1759484238.0646248,3,-3,-56
1759484238.1016247,4,-3,-45
1759484238.1406248,1,2,-41
1759484238.1786249,-6,0,-43
1759484238.214625,-1,0,-40
1759484238.2526248,-3,2,-41
1759484238.2906249,-1,-5,-36
1759484238.3286247,-4,-2,-43
1759484238.3646247,-3,4,-40
1759484238.4026248,-1,0,-32
1759484238.4406247,0,9,-27
1759484238.4786248,6,9,-43
1759484238.5146248,0,6,-41
1759484238.5526247,7,9,-40
1759484238.589625,1,0,-31
1759484238.628625,4,-2,-38
1759484238.6646247,0,-1,-51
1759484238.7026248,2,-5,-47
1759484238.740625,-8,0,-39
1759484238.7786248,-5,0,-28
1759484238.8146248,-2,-2,-32
1759484238.852625,-2,-2,-38
1759484238.8916247,1,-4,-38
1759484238.9296248,1,-6,-32
1759484238.967625,-1,-2,-38
1759484239.003625,-11,3,-35
1759484239.0416248,-5,-2,-32
1759484239.079625,7,-2,-43
1759484239.1186247,0,-4,-44
1759484239.1546247,-3,0,-49
1759484239.1926248,-1,3,-46
1759484239.230625,-5,3,-48
1759484239.2696247,0,-1,-37
1759484239.3076248,-2,-5,-33
1759484239.3436248,-1,-2,-38
1759484239.3816247,1,0,-42
1759484239.4206247,-6,6,-40
1759484239.4586248,-1,0,-41
1759484239.4946249,1,0,-47
1759484239.5316248,0,2,-40
1759484239.5706248,-10,-1,-35
1759484239.6086247,3,1,-35
1759484239.6446247,-1,-1,-36
1759484239.6836247,-1,-10,-28
1759484239.7206247,0,-4,-38
1759484239.7596247,-9,-3,-39
1759484239.7956247,-7,1,-32
1759484239.8336248,-1,-2,-33
1759484239.8726249,1,4,-40
1759484239.9096248,-6,-4,-31
1759484239.9486248,-2,-1,-39
1759484239.9846249,-5,1,-42
1759484240.0226247,0,0,-33
1759484240.0606248,-4,-2,-41
1759484240.0986247,-9,2,-27
1759484240.1346247,-1,0,-40
1759484240.1726248,3,-2,-43
1759484240.2106247,2,1,-43
1759484240.2486248,5,1,-37
1759484240.2846248,3,-4,-38
1759484240.3226247,4,-2,-47
1759484240.3606248,0,0,-43
1759484240.3996248,1,-4,-44
1759484240.4356248,-4,0,-42
1759484240.4736247,-3,9,-48
1759484240.510625,4,2,-48
1759484240.5496247,2,3,-38
1759484240.5856247,6,0,-39
1759484240.6236248,3,-3,-45
1759484240.6606247,0,-4,-37
1759484240.6996248,-6,-1,-44
1759484240.7356248,-7,-4,-34
1759484240.7746248,0,-3,-34
1759484240.8116248,-5,-4,-46
1759484240.8506248,-7,4,-40
1759484240.888625,-1,0,-47
1759484240.9246247,10,-1,-36
1759484240.9636247,4,-1,-36
1759484241.0016248,5,1,-33
1759484241.0396247,0,4,-42
1759484241.0756247,6,0,-41
1759484241.1136248,3,4,-44
1759484241.151625,-2,-3,-35
1759484241.1896248,-5,0,-31
1759484241.2256248,-9,-1,-40
1759484241.2646248,6,-4,-45
1759484241.3026247,-1,-6,-33
1759484241.3406248,10,2,-39
1759484241.3766248,9,0,-37
1759484241.4136248,5,3,-39
1759484241.4526248,0,1,-42
1759484241.490625,2,0,-37
1759484241.526625,2,-2,-37
1759484241.5656247,0,-2,-37
1759484241.602625,-6,-8,-46
1759484241.6406248,-7,-2,-50
1759484241.6796248,-6,-1,-42
1759484241.7156248,-1,0,-43
1759484241.753625,-3,-3,-36
1759484241.7926247,1,2,-23
1759484241.8306248,3,0,-33
1759484241.8666248,0,-8,-34
1759484241.9036248,2,-3,-35
1759484241.9416249,5,-7,-31
1759484241.980625,1,-7,-30
1759484242.0166247,1,5,-29
1759484242.0536249,0,1,-36
1759484242.0916247,-4,0,-32
1759484242.1306248,0,3,-31
1759484242.1666248,-3,2,-34
1759484242.2036247,2,2,-21
1759484242.2416248,4,-3,-26
1759484242.2806249,-1,-7,-37
1759484242.3166249,3,-1,-41
1759484242.3536248,-5,-1,-50
1759484242.3916247,1,-5,-43
1759484242.4306247,6,-3,-36
1759484242.4666247,0,-1,-31
1759484242.503625,4,-6,-33
1759484242.5426247,7,1,-39
1759484242.5806248,12,-2,-34
1759484242.6166248,2,4,-34
1759484242.6536248,-1,6,-34
1759484242.6926248,0,-2,-28
1759484242.730625,-3,-8,-42
1759484242.7666247,1,1,-36
1759484242.8036249,-1,0,-43
1759484242.842625,3,-4,-37
1759484242.8806248,1,-4,-37
1759484242.9166248,-4,-8,-36
1759484242.954625,-6,-4,-27
1759484242.9926248,8,5,-40
1759484243.0316248,1,2,-31
1759484243.0676248,-7,0,-46
1759484243.1046247,-2,0,-34
1759484243.1436248,14,4,-35
1759484243.181625,7,-6,-44
1759484243.217625,3,1,-49
1759484243.2556248,-5,-6,-52
1759484243.2936249,4,-9,-45
1759484243.3316247,2,-6,-46
1759484243.3676248,5,-4,-34
1759484243.4046247,3,4,-36
1759484243.4436247,0,2,-45
1759484243.4816248,2,3,-42
1759484243.5176249,-5,2,-41
1759484243.5576248,-5,5,-43
1759484243.5946248,-6,-1,-37
1759484243.6326249,-6,-4,-38
1759484243.671625,0,2,-32
1759484243.707625,-7,0,-41
1759484243.7456248,0,-1,-46
1759484243.7846248,-2,1,-41
1759484243.8226247,-1,0,-41
1759484243.8606248,1,0,-42
1759484243.8966248,7,0,-42
1759484243.9336247,1,-8,-36
1759484243.9726248,-1,-3,-45
1759484244.010625,0,7,-49
1759484244.046625,0,0,-37
1759484244.0836248,-5,0,-46
1759484244.1226249,-5,7,-33
1759484244.1606247,-4,-4,-35
1759484244.1966248,-8,-5,-41
1759484244.2356248,-4,-8,-46
1759484244.273625,-2,-5,-42
1759484244.3116248,-3,1,-43
1759484244.3476248,-7,-1,-53
1759484244.385625,1,-3,-42
1759484244.4236248,0,3,-38
1759484244.4626248,2,1,-33
1759484244.500625,3,1,-44
1759484244.536625,9,0,-43
1759484244.5736248,1,-3,-36
1759484244.612625,4,0,-39
1759484244.648625,2,2,-36
1759484244.6866248,-1,2,-35
1759484244.7236247,2,1,-29
1759484244.7626247,1,2,-36
1759484244.7986248,0,1,-43
1759484244.8366249,-3,0,-38
1759484244.8736248,0,2,-30
1759484244.9126248,-4,5,-39
1759484244.9486248,-4,4,-43
1759484244.9866247,-9,0,-33
1759484245.023625,-4,0,-45
1759484245.0626247,-4,-3,-43
1759484245.0986247,-3,-2,-49
1759484245.1376247,-2,0,-45
1759484245.1746247,0,-2,-45
1759484245.2126248,-3,4,-41
1759484245.2516248,6,0,-34
1759484245.2876248,2,5,-42
1759484245.3246248,-4,-2,-40
1759484245.3636248,-7,-7,-42
1759484245.401625,-4,-1,-32
1759484245.4376247,-1,7,-36
1759484245.4756248,7,0,-36
1759484245.513625,7,0,-49
1759484245.5526247,2,-4,-36
1759484245.5886247,0,-5,-32
1759484245.6276248,2,0,-38
1759484245.6646247,7,3,-38
1759484245.7036247,6,-3,-31
1759484245.7416248,0,-2,-36
1759484245.7776248,-2,6,-36
1759484245.8156247,-7,2,-33
1759484245.8536248,-2,-3,-31
1759484245.8916247,-2,1,-38
1759484245.9276247,0,-3,-41
1759484245.964625,4,-3,-49
1759484246.003625,2,-2,-39
1759484246.0416248,2,-7,-52
1759484246.0776248,5,3,-45
1759484246.115625,1,0,-42
1759484246.1536248,-3,1,-30
1759484246.1916249,-5,5,-38
1759484246.227625,-1,0,-46
1759484246.2666247,-6,5,-46
1759484246.3046248,-11,2,-49
1759484246.342625,-1,-6,-49
1759484246.378625,-1,-8,-45
1759484246.4166248,-3,-4,-47
1759484246.454625,-10,0,-41
1759484246.4936247,-1,0,-46
1759484246.5296247,-1,1,-35
1759484246.5676248,0,0,-40
1759484246.6046247,3,-2,-36
1759484246.6436248,0,2,-34
1759484246.6796248,-1,-3,-37
1759484246.717625,-4,-6,-38
1759484246.7566247,6,-3,-27
1759484246.7936249,5,-1,-31
1759484246.832625,-1,-1,-38
1759484246.8686247,0,-6,-43
1759484246.9066248,2,-7,-42
1759484246.944625,-3,0,-33
1759484246.9836247,0,4,-30
1759484247.0206249,2,4,-33
1759484247.0586247,3,1,-36
1759484247.0956247,4,-2,-28
1759484247.1346247,0,-3,-32
1759484247.1726248,1,2,-43
1759484247.2086248,-3,1,-38
1759484247.2466247,0,7,-41
1759484247.2846248,0,5,-31
1759484247.3226247,-2,3,-30
1759484247.3586247,0,7,-38
1759484247.3966248,-4,6,-31
1759484247.434625,-4,4,-32
1759484247.4726248,2,-8,-40
1759484247.5086248,-8,-6,-41
1759484247.5476248,-7,-1,-41
1759484247.5856247,-5,-1,-40
1759484247.6236248,-2,5,-37
1759484247.6686249,-3,-3,-48
1759484247.7056248,-10,-2,-40
1759484247.7446249,-4,0,-43
1759484247.7826247,-8,-4,-39
1759484247.8186247,-10,0,-46
1759484247.8566248,-5,6,-43
1759484247.8946247,0,6,-45
1759484247.9326248,-1,8,-43
1759484247.9686248,2,0,-48
1759484248.0056248,2,-4,-48
1759484248.0446248,-2,-1,-48
1759484248.0806248,-7,0,-38
1759484248.1176248,0,0,-45
1759484248.1566248,-6,-2,-44
1759484248.194625,0,1,-42
1759484248.230625,-1,6,-45
1759484248.2686248,1,6,-42
1759484248.306625,3,2,-33
1759484248.3446248,0,0,-22
1759484248.3806248,-1,-4,-29
1759484248.4196248,5,-1,-35
1759484248.4566247,-3,1,-41
1759484248.4946249,-2,2,-43
1759484248.533625,0,0,-38
1759484248.569625,-4,-3,-47
1759484248.6076248,-1,-5,-37
1759484248.6456249,9,-3,-44
1759484248.684625,0,0,-40
1759484248.7206247,-2,0,-50
1759484248.7586248,7,0,-49
1759484248.7976248,5,1,-52
1759484248.8356247,-1,3,-30
1759484248.8736248,-1,0,-40
1759484248.9096248,2,11,-33
1759484248.9466248,0,10,-35
1759484248.9856248,-1,0,-38
1759484249.023625,3,-8,-44
1759484249.059625,-1,-4,-39
1759484249.0986247,-3,-1,-23
1759484249.135625,0,-2,-27
1759484249.1746247,0,1,-39
1759484249.2106247,4,-3,-33
1759484249.2486248,2,1,-30
1759484249.2856247,0,-1,-41
1759484249.3246248,0,-2,-38
1759484249.3606248,-1,3,-38
1759484249.3976247,-8,0,-30
1759484249.4356248,-1,2,-35
1759484249.4746249,0,0,-44
1759484249.510625,2,0,-43
1759484249.5476248,5,1,-36
1759484249.5856247,0,1,-47
1759484249.6246247,-6,6,-52
1759484249.6606247,-7,4,-43
1759484249.6996248,-2,7,-46
1759484249.737625,1,-1,-40
1759484249.7756248,-4,0,-51
1759484249.8116248,0,0,-43
1759484249.8496249,-9,3,-33
1759484249.8866248,7,0,-32
1759484249.9256248,-3,-4,-27
1759484249.9616249,-2,-1,-32
1759484249.9996247,-4,3,-37
1759484250.0386248,0,5,-50
1759484250.0766249,6,6,-53
1759484250.1146247,4,-1,-41
1759484250.1506248,-1,4,-39
1759484250.1886249,2,5,-43
1759484250.227625,0,5,-35
1759484250.2656248,-2,2,-35
1759484250.3016248,-4,2,-28
1759484250.339625,-4,3,-32
1759484250.3776248,-6,-1,-34
1759484250.4156249,0,-2,-41
1759484250.454625,8,0,-41
1759484250.490625,2,1,-44
1759484250.5296247,-3,4,-33
1759484250.5676248,2,4,-27
1759484250.605625,-4,1,-28
1759484250.6416247,-4,1,-24
1759484250.6806247,6,1,-40
1759484250.7186248,3,-1,-34
1759484250.7566247,1,2,-35
1759484250.7946248,3,5,-45
1759484250.8306248,1,0,-41
1759484250.8686247,3,-2,-31
1759484250.9066248,0,3,-43
1759484250.944625,0,-3,-30
1759484250.980625,5,-5,-29
1759484251.0176249,0,1,-30
1759484251.056625,-6,0,-44
1759484251.0946248,0,3,-51
1759484251.1306248,-8,3,-50
1759484251.1676247,3,3,-49
1759484251.2066247,-2,5,-50
1759484251.2446249,0,4,-38
1759484251.2806249,2,0,-25
1759484251.3176248,1,0,-34
1759484251.3566248,4,6,-26
1759484251.3946247,2,-5,-25
1759484251.4306247,9,2,-40
1759484251.467625,0,1,-23
1759484251.5066247,3,1,-30
1759484251.5426247,2,-1,-32
1759484251.5806248,5,0,-44
1759484251.6196249,-9,1,-36
1759484251.6566248,-7,-2,-37
1759484251.6956248,0,-3,-35
1759484251.7316248,0,0,-36
1759484251.7686248,3,0,-48
1759484251.8076248,6,4,-46
1759484251.8456247,5,3,-56
1759484251.8816247,3,3,-36
1759484251.9186249,-3,7,-33
1759484251.957625,0,2,-39
1759484251.9956248,8,-2,-42
1759484252.0316248,0,4,-45
1759484252.0686247,0,3,-47
1759484252.1076248,-7,4,-46
1759484252.1456249,4,2,-28
1759484252.181625,-5,2,-32
1759484252.2186248,-2,-6,-32
1759484252.2576249,-2,-3,-24
1759484252.2956247,0,-7,-29
1759484252.3316247,0,0,-35
1759484252.3696249,0,3,-39
1759484252.4076247,4,0,-32
1759484252.4456248,2,0,-32
1759484252.4816248,0,0,-28
1759484252.5196247,1,8,-29
1759484252.5576248,0,0,-42
1759484252.5956247,-7,3,-44
1759484252.6316247,-8,3,-40
1759484252.6696248,5,1,-41
1759484252.707625,0,2,-45
1759484252.7456248,0,0,-43
1759484252.7816248,6,1,-45
1759484252.8186247,0,3,-46
1759484252.8576248,2,7,-42
1759484252.8956249,-1,3,-46
1759484252.931625,0,6,-46
1759484252.9686248,1,3,-42
1759484253.0076249,0,-4,-32
1759484253.0456247,4,1,-31
1759484253.082625,0,3,-38
1759484253.1206248,5,0,-43
1759484253.158625,0,1,-38
1759484253.1966248,-5,0,-31
1759484253.2326248,4,-1,-49
1759484253.2706249,0,3,-38
1759484253.3076248,-2,8,-41
1759484253.3466249,-4,4,-37
1759484253.3826249,-3,-11,-27
1759484253.4206247,-2,-11,-45
1759484253.4596248,-3,-10,-37
1759484253.4976249,-3,-6,-42
1759484253.533625,8,5,-44
1759484253.5706248,-3,1,-30
1759484253.6096249,2,-1,-35
1759484253.6476247,2,-7,-37
1759484253.6836247,-1,2,-28
1759484253.7206247,8,0,-38
1759484253.7596247,2,-1,-43
1759484253.7976248,0,0,-36
1759484253.8336248,-3,-3,-33
1759484253.8726249,-1,7,-39
1759484253.9096248,2,-7,-40
1759484253.9476247,4,1,-39
1759484253.9866247,-7,4,-41
1759484254.0226247,-6,3,-39
1759484254.0606248,-2,0,-55
1759484254.0986247,2,-3,-56
1759484254.1376247,1,1,-44
1759484254.1736248,0,-6,-38
1759484254.2106247,6,-7,-27
1759484254.2486248,-2,-4,-30
1759484254.2876248,0,-5,-34
1759484254.3236248,10,0,-30
1759484254.3606248,1,0,-36
1759484254.398625,-1,-5,-32
1759484254.4376247,11,-2,-36
1759484254.4736247,-2,0,-33
1759484254.5126247,-5,-3,-30
1759484254.5496247,5,-5,-37
1759484254.5886247,2,0,-34
1759484254.6266248,3,-5,-28
1759484254.6626248,-2,-4,-31
1759484254.7016249,-3,8,-33
1759484254.7396247,-2,-8,-30
1759484254.7776248,5,-13,-32
1759484254.8136249,10,-2,-37
1759484254.852625,9,-6,-41
1759484254.8906248,5,-1,-34
1759484254.9286249,-4,-4,-39
1759484254.9666247,0,1,-35
1759484255.0026248,8,4,-33
1759484255.0406249,0,3,-35
1759484255.0786247,0,7,-46
1759484255.115625,3,5,-49
1759484255.1526248,4,-2,-43
1759484255.1906247,-4,-6,-48
1759484255.2286248,0,-1,-46
1759484255.2676249,0,-3,-40
1759484255.3036249,5,0,-29
1759484255.3416247,1,-8,-32
1759484255.378625,-3,-3,-43
1759484255.4176247,-5,-1,-36
1759484255.4536247,-1,-3,-31
1759484255.4926248,-6,-6,-30
1759484255.5296247,-2,-6,-37
1759484255.5686247,5,-1,-37
1759484255.6046247,5,0,-34
1759484255.6426249,-3,-1,-36
1759484255.6796248,-2,-4,-34
1759484255.7186248,2,1,-45
1759484255.7546248,1,-3,-32
1759484255.7926247,5,-1,-45
1759484255.8306248,5,1,-44
1759484255.8696249,0,-5,-39
1759484255.9076247,-3,0,-36
1759484255.9436247,-1,-3,-48
1759484255.9816248,-1,1,-39
1759484256.0206249,3,-3,-34
1759484256.0586247,-3,0,-40
1759484256.0946248,7,-4,-38
1759484256.1316247,8,-4,-34
1759484256.1706247,5,-8,-29
1759484256.2086248,9,0,-34
1759484256.2446249,3,2,-39
1759484256.2826247,0,2,-34
1759484256.3206248,-7,-4,-33
1759484256.3586247,-3,0,-36
1759484256.3946247,-10,4,-30
1759484256.4336247,2,-2,-25
1759484256.4706247,0,0,-41
1759484256.5096247,0,-2,-42
1759484256.5476248,-2,-3,-39
1759484256.5836248,-3,-3,-33
1759484256.6216247,1,-1,-39
1759484256.6606247,2,-6,-37
1759484256.6986248,0,-5,-38
1759484256.7346249,-2,-9,-37
1759484256.7726247,1,-1,-39
1759484256.8116248,-3,-1,-20
1759484256.8496249,0,-2,-35
1759484256.885625,-2,-1,-43
1759484256.9236248,0,-1,-31
1759484256.9616249,0,1,-45
1759484257.000625,-6,-1,-39
1759484257.0386248,1,-9,-42
1759484257.0746248,5,-2,-25
1759484257.1136248,4,-5,-33
1759484257.1506248,0,2,-24
1759484257.1896248,0,3,-43
1759484257.2256248,0,0,-46
1759484257.263625,2,1,-47
1759484257.3016248,2,0,-45
1759484257.339625,2,-5,-39
1759484257.375625,4,-7,-36
1759484257.4126248,6,-4,-45
1759484257.4516249,11,0,-52
1759484257.4896247,1,1,-42
1759484257.5256248,0,3,-44
1759484257.5626247,1,0,-40
1759484257.6006248,0,-6,-35
1759484257.6396248,5,-9,-36
1759484257.6836247,-5,1,-28
1759484257.7206247,-4,0,-29
1759484257.7596247,3,-3,-28
1759484257.796625,0,0,-36
1759484257.8346248,5,1,-42
1759484257.8716247,0,5,-31
1759484257.9106247,0,0,-24
1759484257.9486248,1,2,-34
1759484257.9856248,3,4,-33
1759484258.0226247,9,7,-41
1759484258.0616248,8,1,-44
1759484258.0996249,0,11,-35
1759484258.135625,1,1,-36
1759484258.1726248,8,3,-39
1759484258.2116249,0,2,-27
1759484258.2496247,0,0,-43
1759484258.2856247,-6,-8,-42
1759484258.3236248,0,0,-48
1759484258.3616247,0,-2,-49
1759484258.4006248,0,1,-50
1759484258.4386249,6,2,-35
1759484258.4746249,1,-1,-37
1759484258.5116248,-2,-5,-34
1759484258.5506248,-4,-4,-48
1759484258.5866249,0,-2,-52
1759484258.6236248,7,3,-52
1759484258.661625,2,-5,-38
1759484258.7006247,0,4,-37
1759484258.7366247,4,-1,-46
1759484258.7746248,1,-3,-34
1759484258.8136249,0,-3,-41
1759484258.8506248,-2,0,-41
1759484258.8896248,0,4,-40
1759484258.9256248,-2,3,-31
1759484258.9626248,2,1,-43
1759484259.000625,2,-1,-39
1759484259.0396247,-5,-5,-38
1759484259.0756247,-3,1,-41
1759484259.1136248,0,0,-50
1759484259.1506248,-9,2,-39
1759484259.1896248,-10,-4,-37
1759484259.2256248,-5,-2,-40
1759484259.2646248,1,-7,-34
1759484259.3026247,-4,-2,-41
1759484259.3406248,-4,-4,-41
1759484259.3766248,-3,-3,-33
1759484259.4156249,-7,5,-44
1759484259.4526248,-7,3,-41
1759484259.4916248,1,-2,-41
1759484259.5296247,6,-3,-29
1759484259.5656247,3,-5,-26
1759484259.602625,3,-1,-29
1759484259.6416247,1,3,-33
1759484259.6796248,9,-7,-40
1759484259.7156248,-3,-4,-22
1759484259.7546248,1,5,-32
1759484259.7916248,-5,4,-34
1759484259.8306248,-5,1,-39
1759484259.8666248,-3,-7,-57
1759484259.9046247,2,2,-55
1759484259.9436247,4,-1,-53
1759484259.9816248,-2,-2,-35
1759484260.0196247,-1,0,-40
1759484260.056625,0,0,-33
1759484260.0936248,-7,-10,-47
1759484260.1316247,-6,-2,-49
1759484260.1706247,-1,0,-45
1759484260.2066247,1,-2,-33
1759484260.2456248,5,0,-37
1759484260.2826247,3,-2,-38
1759484260.3216248,0,0,-39
1759484260.3576248,-4,-2,-41
1759484260.3956249,-4,0,-36
1759484260.434625,2,0,-39
1759484260.4726248,6,6,-43
1759484260.510625,10,-4,-25
1759484260.5476248,-1,-8,-31
1759484260.5846248,-4,-4,-35
1759484260.6226249,-1,-3,-37
1759484260.661625,2,0,-42
1759484260.6976247,-1,0,-41
1759484260.7356248,-1,0,-45
1759484260.7746248,3,-4,-29
1759484260.8116248,0,-7,-35
1759484260.8506248,-1,-7,-45
1759484260.8866248,-3,-5,-38
1759484260.9256248,-2,-4,-29
1759484260.9636247,2,0,-24
1759484261.0016248,10,0,-45
1759484261.0376248,2,-7,-42
1759484261.0756247,3,-8,-37
1759484261.1146247,-4,-1,-33
1759484261.1526248,0,0,-34
1759484261.1906247,-1,-8,-34
1759484261.2266247,0,-9,-32
1759484261.2646248,-1,7,-43
1759484261.3026247,6,2,-30
1759484261.3406248,4,-1,-32
1759484261.3766248,3,-3,-40
1759484261.4146247,2,1,-37
1759484261.4526248,2,-2,-47
1759484261.4916248,14,2,-45
1759484261.5276248,4,0,-36
1759484261.5646248,2,2,-29
1759484261.602625,1,2,-42
1759484261.6416247,-3,3,-44
1759484261.6776247,-1,-6,-46
1759484261.7156248,0,-1,-50
1759484261.753625,-8,1,-37
1759484261.7926247,-1,-7,-40
1759484261.8306248,-3,-8,-34
1759484261.8666248,1,-3,-36
1759484261.9036248,-2,-2,-47
1759484261.9426248,-5,-4,-53
1759484261.9786248,-6,0,-52
1759484262.0156248,-7,-2,-44
1759484262.0536249,-5,0,-50
1759484262.092625,-3,1,-40
1759484262.128625,-1,0,-34
1759484262.1656249,-5,0,-32
1759484262.2036247,2,4,-31
1759484262.2426248,0,-3,-39
1759484262.2786248,-4,-3,-45
1759484262.3166249,-6,1,-54
1759484262.3546247,-3,-1,-46
1759484262.3936248,0,-8,-36
1759484262.431625,-4,-8,-40
1759484262.467625,-2,-3,-45
1759484262.5056248,0,-6,-42
1759484262.5446248,0,-5,-38
1759484262.582625,1,-3,-45
1759484262.6186247,-1,-7,-41
1759484262.6576247,5,-6,-38
1759484262.694625,4,-6,-34
1759484262.7336247,-5,0,-41
1759484262.7716248,7,-5,-42
1759484262.8076248,1,0,-37
1759484262.8446248,5,-9,-43
1759484262.8836248,-2,-7,-37
1759484262.921625,-8,-2,-33
1759484262.957625,-4,-7,-38
1759484262.9956248,-2,-2,-32
1759484263.0346248,1,-2,-37
1759484263.0726247,-2,5,-30
1759484263.1086247,-4,4,-38
1759484263.1456249,-6,-4,-31
1759484263.1836247,-5,-9,-45
1759484263.2226248,-1,-6,-45
1759484263.2586248,-4,-5,-46
1759484263.2976248,1,-4,-45
1759484263.3356247,-7,-7,-48
1759484263.3736248,-2,-6,-41
1759484263.411625,3,-4,-40
1759484263.4476247,-1,-10,-48
1759484263.4866247,0,-9,-34
1759484263.5246248,0,-2,-35
1759484263.5626247,4,3,-37
1759484263.5986247,0,-4,-45
1759484263.6376247,-4,0,-43
1759484263.6746247,1,1,-45
1759484263.7136247,1,3,-34
1759484263.750625,0,2,-31
1759484263.7876248,-6,-2,-28
1759484263.8256247,-1,-7,-26
1759484263.8636248,-5,0,-28
1759484263.8996248,-3,-2,-34
1759484263.9386249,-4,2,-38
1759484263.9766247,0,3,-44
1759484264.013625,-4,4,-36
1759484264.0526247,-6,-5,-43
1759484264.0886247,-2,-3,-38
1759484264.1266248,-3,6,-38
1759484264.1646247,-1,-2,-40
1759484264.2036247,-1,3,-46
1759484264.2396247,1,5,-35
1759484264.2776248,-4,0,-35
1759484264.3166249,1,-5,-46
1759484264.3546247,1,-1,-44
1759484264.3926249,-2,-2,-41
1759484264.4286249,0,0,-50
1759484264.4666247,-1,-1,-47
1759484264.5046248,-2,-1,-46
1759484264.5426247,-2,0,-48
1759484264.5786247,-4,0,-45
1759484264.615625,0,-4,-36
1759484264.6546247,7,-5,-41
1759484264.6926248,1,-1,-38
1759484264.7286248,-5,-2,-39
1759484264.7666247,-4,-2,-31
1759484264.8056247,-6,-6,-56
1759484264.8436248,-2,1,-40
1759484264.8796248,-4,3,-42
1759484264.9166248,-2,3,-33
1759484264.9556248,0,4,-20
1759484264.9936247,2,8,-35
1759484265.0296247,0,-2,-44
1759484265.0676248,-1,0,-44
1759484265.105625,2,2,-36
1759484265.1436248,3,-4,-41
1759484265.1796248,0,-6,-44
1759484265.217625,0,-1,-38
1759484265.2556248,4,2,-27
1759484265.2936249,5,2,-35
1759484265.329625,4,3,-37
1759484265.3676248,3,-2,-41
1759484265.4046247,1,-4,-36
1759484265.4436247,0,-7,-40
1759484265.4796247,2,-10,-43
1759484265.5176249,6,-2,-51
1759484265.556625,2,-3,-35
1759484265.5946248,-1,0,-39
1759484265.6306248,-2,0,-32
1759484265.6676247,10,2,-25
1759484265.7066247,1,3,-43
1759484265.7446249,0,-4,-43
1759484265.7806249,-4,-1,-41
1759484265.819625,-1,-2,-38
1759484265.8566248,-1,2,-39
1759484265.8946247,-5,0,-35
1759484265.9336247,-5,-6,-40
1759484265.9696248,0,-3,-40
1759484266.0066247,-7,-3,-31
1759484266.0446248,-3,-3,-51
1759484266.0836248,0,0,-53
1759484266.1196249,0,1,-36
1759484266.1566248,-3,0,-39
1759484266.194625,3,3,-47
1759484266.2336247,0,1,-35
1759484266.2696247,-3,0,-33
1759484266.3076248,-1,3,-43
1759484266.3456247,-1,5,-31
1759484266.3846247,-1,-1,-42
1759484266.4206247,0,-8,-41
1759484266.457625,0,-7,-45
1759484266.4966247,-3,-8,-26
1759484266.5346248,0,0,-40
1759484266.5706248,-2,0,-40
1759484266.6076248,1,0,-48
1759484266.6456249,-3,2,-43
1759484266.684625,-10,-1,-43
1759484266.7206247,-3,3,-33
1759484266.7586248,-6,1,-36
1759484266.7976248,-1,-3,-37
1759484266.8356247,-2,7,-38
1759484266.8736248,-1,0,-40
1759484266.9096248,-2,-4,-43
1759484266.9476247,-2,0,-36
1759484266.9866247,-2,-1,-39
1759484267.0246248,0,0,-39
1759484267.0606248,8,0,-39
1759484267.0976248,5,1,-25
1759484267.1366248,4,-5,-37
1759484267.1746247,2,-7,-47
1759484267.2106247,5,2,-42
1759484267.2486248,0,3,-48
1759484267.286625,2,0,-37
1759484267.3246248,-5,4,-44
1759484267.3606248,-3,1,-43
1759484267.3976247,-1,1,-31
1759484267.4366248,0,-1,-45
1759484267.4746249,2,3,-33
1759484267.510625,-8,6,-38
1759484267.5496247,0,-5,-39
1759484267.5866249,4,-2,-46
1759484267.625625,4,0,-49
1759484267.661625,8,3,-40
1759484267.707625,7,4,-40
1759484267.7456248,9,1,-46
1759484267.7816248,4,2,-38
1759484267.8186247,0,6,-36
1759484267.8576248,0,-6,-40
1759484267.8956249,-4,8,-43
1759484267.931625,-6,4,-34
1759484267.9706247,-5,0,-36
1759484268.0076249,-9,-1,-46
1759484268.046625,-1,-7,-45
1759484268.0846248,0,-7,-46
1759484268.1206248,2,-3,-42
1759484268.1596248,-5,1,-32
1759484268.1966248,4,2,-41
1759484268.2356248,9,-5,-29
1759484268.2726247,2,-5,-30
1759484268.3106248,-2,0,-37
1759484268.3486247,5,1,-43
1759484268.3866248,2,0,-36
1759484268.4246247,5,-2,-43
1759484268.4606247,2,-3,-37
1759484268.4976249,0,-4,-34
1759484268.536625,-6,0,-32
1759484268.5746248,-8,1,-32
1759484268.6106248,-13,3,-39
1759484268.6496248,-7,-1,-39
1759484268.6866248,0,-2,-37
1759484268.7256248,0,-2,-40
1759484268.7616248,-3,-2,-28
1759484268.7996247,3,0,-32
1759484268.8376248,2,-1,-35
1759484268.8766248,4,-4,-41
1759484268.9146247,1,-1,-43
1759484268.9506247,0,-7,-36
1759484268.9896247,5,0,-40
1759484269.026625,5,2,-32
1759484269.0656247,0,1,-35
1759484269.1016247,2,3,-46
1759484269.138625,-1,-2,-45
1759484269.1776247,7,-1,-42
1759484269.2156248,-1,2,-46
1759484269.2516248,-3,1,-32
1759484269.2906249,2,-2,-34
1759484269.3276248,-6,-10,-53
1759484269.3666248,0,-5,-47
1759484269.4026248,-4,0,-40
1759484269.4406247,0,0,-34
1759484269.477625,1,-4,-44
1759484269.5166247,1,3,-47
1759484269.5526247,2,3,-43
1759484269.5906248,-3,0,-42
1759484269.6276248,-3,5,-35
1759484269.6666248,4,-3,-36
1759484269.7026248,0,-5,-42
1759484269.740625,0,0,-33
1759484269.7776248,-5,5,-40
1759484269.8166249,-6,7,-39
1759484269.852625,-1,-1,-43
1759484269.8916247,4,-2,-43
1759484269.9286249,1,-10,-47
1759484269.967625,-2,-1,-43
1759484270.0056248,-10,-5,-37
1759484270.0416248,-4,-5,-33
1759484270.0806248,-1,2,-31
1759484270.1176248,0,1,-38
1759484270.1566248,0,-3,-39
1759484270.1926248,-1,0,-46
1759484270.2296247,-6,0,-46
1759484270.2676249,3,1,-35
1759484270.306625,-1,-6,-32
1759484270.342625,3,-7,-34
1759484270.3816247,5,-8,-30
1759484270.4196248,1,-3,-47
1759484270.457625,-6,0,-48
1759484270.4956248,0,1,-41
1759484270.5316248,0,1,-32
1759484270.5686247,-3,0,-40
1759484270.6076248,0,-5,-35
1759484270.6456249,5,0,-44
1759484270.681625,0,2,-41
1759484270.7186248,-7,3,-40
1759484270.7576249,3,0,-28
1759484270.7956247,0,-1,-37
1759484270.8316247,-2,-2,-34
1759484270.8706248,-4,3,-34
1759484270.9076247,5,2,-38
1759484270.9466248,6,1,-43
1759484270.9836247,1,-8,-37
1759484271.0206249,7,-2,-38
1759484271.059625,7,0,-44
1759484271.0976248,5,-4,-48
1759484271.1336248,0,-2,-36
1759484271.1706247,2,1,-37
1759484271.2096248,5,4,-35
1759484271.2476249,0,4,-34
1759484271.283625,-1,-4,-29
1759484271.3216248,0,-6,-45
1759484271.3596249,-1,4,-30
1759484271.3976247,-6,3,-37
1759484271.4366248,-1,7,-44
1759484271.4726248,1,4,-42
1759484271.510625,-8,0,-37
1759484271.5486248,-3,-5,-35
1759484271.5866249,-7,1,-28
1759484271.6226249,0,1,-31
1759484271.6596248,-1,0,-37
1759484271.6986248,-1,1,-40
1759484271.7366247,5,1,-33
1759484271.7726247,4,4,-38
1759484271.8106248,1,0,-38
1759484271.8486247,5,0,-40
1759484271.8866248,3,5,-41
1759484271.9226248,-1,-2,-34
1759484271.9606247,-3,0,-30
1759484271.9986248,5,2,-37
1759484272.0376248,-1,3,-40
1759484272.0736248,0,0,-36
1759484272.1106248,-4,2,-33
1759484272.148625,2,8,-27
1759484272.1876247,-3,8,-26
1759484272.2236247,4,4,-29
1759484272.260625,-1,-2,-38
1759484272.2996247,1,5,-39
1759484272.3376248,-2,1,-37
1759484272.3736248,2,-1,-34
1759484272.4106247,7,-6,-29
1759484272.4486248,5,0,-36
1759484272.487625,-5,-2,-24
1759484272.523625,-3,-2,-30
1759484272.5616248,3,0,-34
1759484272.5996249,1,4,-36
1759484272.638625,-1,0,-40
1759484272.6746247,4,-3,-37
1759484272.7126248,6,4,-39
1759484272.7496247,7,0,-49
1759484272.7886248,8,-1,-45
1759484272.8246248,7,-1,-34
1759484272.8616247,8,-2,-36
1759484272.8996248,0,-3,-54
1759484272.9386249,0,-3,-31
1759484272.9746249,0,-6,-41
1759484273.0116248,-14,-6,-41
1759484273.0496247,-6,0,-47
1759484273.0886247,-5,2,-36
1759484273.1246247,-5,1,-37
1759484273.1626248,-4,-2,-44
1759484273.2006247,-1,0,-38
1759484273.2386248,-3,-1,-39
1759484273.2746248,-1,-2,-40
1759484273.3126247,-2,0,-37
1759484273.3506248,2,-2,-40
1759484273.3896248,1,-10,-38
1759484273.4276247,4,4,-45
1759484273.4636247,0,4,-28
1759484273.500625,-5,-1,-42
1759484273.5396247,-5,-3,-32
1759484273.5776248,0,-5,-29
1759484273.6136248,-2,-4,-41
1759484273.6526248,0,0,-44
1759484273.6906247,-1,-1,-42
1759484273.7286248,2,0,-45
1759484273.7656248,0,-2,-49
1759484273.8036249,-3,-3,-44
1759484273.8406248,3,0,-41
1759484273.8796248,0,1,-40
1759484273.9176247,3,-1,-37
1759484273.9536247,3,0,-36
1759484273.990625,1,3,-41
1759484274.0296247,-1,-1,-39
1759484274.0676248,0,-3,-38
1759484274.1036248,3,-6,-40
1759484274.1416247,-1,-2,-40
1759484274.1796248,13,0,-34
1759484274.2186248,2,-1,-38
1759484274.2546248,-1,-3,-41
1759484274.2926247,5,-2,-43
1759484274.3306248,5,-1,-33
1759484274.3696249,1,0,-40
1759484274.4056249,5,2,-44
1759484274.4426248,1,-1,-34
1759484274.480625,-1,0,-46
1759484274.5196247,-1,0,-40
1759484274.5556247,0,-4,-37
1759484274.592625,0,0,-35
1759484274.6306248,3,0,-32
1759484274.6696248,-3,-4,-44
1759484274.7056248,0,5,-48
1759484274.7426248,2,0,-42
1759484274.7816248,1,-2,-43
1759484274.819625,7,-1,-45
1759484274.855625,0,-4,-45
1759484274.8936248,2,-4,-40
1759484274.9306247,0,-2,-28
1759484274.9696248,6,2,-38
1759484275.0056248,5,5,-40
1759484275.0426247,0,-2,-46
1759484275.0806248,2,-9,-40
1759484275.1196249,-3,-4,-36
1759484275.1556249,2,-5,-38
1759484275.194625,2,0,-33
1759484275.2316248,0,-4,-31
1759484275.2706249,4,-4,-48
1759484275.3086247,4,-2,-42
1759484275.3446248,0,0,-38
1759484275.3816247,-3,0,-36
1759484275.4206247,-4,-1,-40
1759484275.4586248,-3,-2,-42
1759484275.4946249,3,-1,-32
1759484275.5316248,1,6,-29
1759484275.5706248,-3,6,-48
1759484275.6086247,2,0,-33
1759484275.6446247,0,1,-41
1759484275.681625,7,5,-42
1759484275.7206247,2,-6,-38
1759484275.7586248,-3,1,-27
1759484275.7946248,-5,1,-31
1759484275.832625,-3,-1,-31
1759484275.8716247,-5,-3,-44
1759484275.9096248,-1,-1,-37
1759484275.9456248,6,-5,-44
1759484275.9846249,3,-2,-45
1759484276.0226247,-1,-7,-50
1759484276.0606248,0,0,-39
1759484276.0966249,3,2,-44
1759484276.1336248,2,5,-47
1759484276.171625,-5,3,-41
1759484276.2106247,-4,8,-29
1759484276.2466247,-3,5,-42
1759484276.2856247,-1,-1,-37
1759484276.3236248,1,-2,-23
1759484276.3606248,2,1,-26
1759484276.3996248,5,0,-35
1759484276.4356248,-1,1,-30
1759484276.4736247,-2,1,-34
1759484276.510625,0,6,-39
1759484276.5496247,1,0,-38
1759484276.5856247,1,0,-42
1759484276.6236248,5,1,-44
1759484276.661625,4,1,-46
1759484276.6996248,6,-1,-41
1759484276.7356248,6,-2,-38
1759484276.773625,1,-4,-33
1759484276.8116248,6,1,-39
1759484276.8506248,-1,4,-37
1759484276.8866248,3,0,-39
1759484276.9236248,6,-2,-37
1759484276.9616249,2,5,-42
1759484277.000625,-5,-7,-44
1759484277.036625,2,-2,-42
1759484277.0746248,0,5,-31
1759484277.112625,0,-3,-39
1759484277.151625,2,0,-44
1759484277.1896248,1,-4,-40
1759484277.2266247,0,0,-40
1759484277.263625,-1,0,-46
1759484277.3016248,-4,-1,-31
1759484277.3406248,-7,0,-40
1759484277.3766248,0,0,-34
1759484277.4136248,-9,-4,-31
1759484277.4516249,3,0,-37
1759484277.490625,-3,3,-42
1759484277.526625,-3,5,-33
1759484277.5656247,-7,5,-39
1759484277.6036248,-3,8,-44
1759484277.6416247,-4,1,-32
1759484277.6776247,-6,0,-29
1759484277.7286248,-1,0,-39
1759484277.7656248,-6,1,-40
1759484277.8036249,0,0,-22
1759484277.8416247,2,-3,-41
1759484277.8776248,1,-2,-42
1759484277.9146247,3,1,-33
1759484277.9526248,5,4,-33
1759484277.9916248,6,2,-34
1759484278.0276248,3,3,-42
1759484278.0646248,0,8,-37
1759484278.102625,-6,-1,-44
1759484278.1416247,1,4,-43
1759484278.1776247,-1,0,-40
1759484278.214625,4,-2,-50
1759484278.2526248,9,0,-46
1759484278.2916248,6,1,-30
1759484278.3276248,-4,1,-29
1759484278.3646247,-8,-3,-40
1759484278.4026248,1,3,-36
1759484278.4416249,-3,0,-33
1759484278.477625,4,-4,-36
1759484278.5166247,3,-3,-36
1759484278.5546248,-7,-9,-40
1759484278.592625,2,1,-37
1759484278.6306248,-3,2,-37
1759484278.6666248,-3,4,-39
1759484278.704625,-3,4,-36
1759484278.7426248,0,-5,-30
1759484278.7816248,7,-10,-34
1759484278.8176248,0,-11,-31
1759484278.855625,4,-5,-33
1759484278.8936248,-2,-1,-40
1759484278.9326248,-6,-1,-32
1759484278.9706247,-6,7,-34
1759484279.0066247,-3,2,-34
1759484279.0446248,-6,0,-41
1759484279.0836248,1,3,-27
1759484279.1216247,9,3,-25
1759484279.1576247,9,3,-32
1759484279.1956248,1,-6,-50
1759484279.2336247,0,-4,-45
1759484279.2716248,4,4,-42
1759484279.3076248,4,-4,-27
1759484279.3466249,0,-1,-23
1759484279.3836248,4,-3,-24
1759484279.4226248,1,1,-35
1759484279.4586248,2,0,-32
1759484279.4966247,0,-1,-35
1759484279.533625,7,-3,-44
1759484279.5726247,0,7,-43
1759484279.6086247,2,2,-43
1759484279.6466248,-2,5,-34
1759484279.6836247,1,6,-38
1759484279.7226248,-1,-2,-33
1759484279.7586248,-3,-3,-34
1759484279.796625,-2,-6,-43
1759484279.8356247,4,0,-36
1759484279.8726249,-1,2,-34
1759484279.911625,0,-2,-42
1759484279.9476247,7,1,-39
1759484279.9856248,10,6,-42
1759484280.0226247,-4,6,-33
1759484280.0616248,-8,0,-40
1759484280.0976248,0,-4,-45
1759484280.135625,0,-3,-37
1759484280.1736248,7,0,-27
1759484280.2116249,5,-1,-35
1759484280.2476249,3,1,-39
1759484280.2846248,4,2,-39
1759484280.3236248,2,0,-41
1759484280.3616247,0,0,-44
1759484280.3976247,0,2,-43
1759484280.434625,7,-7,-33
1759484280.4736247,-2,0,-45
1759484280.5116248,-3,2,-33
1759484280.5476248,4,-1,-37
1759484280.5866249,8,-4,-41
1759484280.6246247,3,1,-42
1759484280.6626248,-1,-1,-51
1759484280.6986248,-2,-3,-42
1759484280.7366247,0,-2,-43
1759484280.7746248,7,7,-44
1759484280.8136249,-2,2,-38
1759484280.8516247,-4,4,-39
1759484280.8876247,-2,1,-42
1759484280.9246247,6,1,-35
1759484280.9636247,4,-1,-47
1759484281.0016248,-2,-4,-37
1759484281.0376248,5,3,-44
1759484281.0746248,2,5,-41
1759484281.1136248,1,0,-34
1759484281.1496248,0,1,-41
1759484281.1866248,2,0,-49
1759484281.2246249,2,0,-42
1759484281.263625,-3,-1,-30
1759484281.2996247,-5,0,-34
1759484281.3366249,-9,0,-31
1759484281.3736248,3,0,-36
1759484281.4126248,1,0,-46
1759484281.4486248,8,1,-40
1759484281.4856248,5,0,-36
1759484281.523625,-2,0,-40
1759484281.5626247,-7,-3,-34
1759484281.5986247,-5,0,-35
1759484281.635625,2,0,-44
1759484281.6746247,-7,3,-42
1759484281.7126248,2,2,-49
1759484281.7486248,7,-2,-45
1759484281.7876248,0,0,-40
1759484281.8246248,2,5,-44
1759484281.8636248,3,1,-41
1759484281.8996248,-4,2,-29
1759484281.9376247,-6,1,-41
1759484281.9746249,-3,0,-37
1759484282.013625,-4,-9,-42
1759484282.0496247,0,-3,-44
1759484282.0876248,1,-5,-43
1759484282.1246247,-3,-6,-36
1759484282.1636248,3,-4,-28
1759484282.1996248,2,1,-39
1759484282.237625,-1,1,-35
1759484282.2746248,2,0,-38
1759484282.3136249,4,4,-37
1759484282.3496249,1,0,-37
1759484282.3876247,-11,-6,-32
1759484282.4246247,-4,-4,-31
1759484282.4636247,-2,-5,-46
1759484282.4996247,-1,0,-40
1759484282.5376248,-7,-4,-35
1759484282.5766249,-3,0,-34
1759484282.6146247,5,-6,-36
1759484282.6526248,2,-5,-36
1759484282.6886249,-3,3,-37
1759484282.7256248,0,-2,-36
1759484282.7646248,5,0,-40
1759484282.8026247,-1,0,-30
1759484282.8386247,-9,-4,-26
1759484282.8776248,-1,1,-33
1759484282.9146247,-2,-2,-39
1759484282.9536247,-4,-9,-38
1759484282.990625,4,0,-31
1759484283.0276248,2,4,-41
1759484283.0666249,3,-6,-30
1759484283.1046247,1,-3,-25
1759484283.1406248,3,0,-34
1759484283.1786249,-2,-6,-36
1759484283.2166247,-10,-7,-31
1759484283.2546248,0,-3,-41
1759484283.2906249,0,-3,-37
1759484283.329625,-5,1,-49
1759484283.3666248,0,1,-46
1759484283.4056249,0,-6,-36
1759484283.4436247,-1,-4,-32
1759484283.4796247,1,3,-39
1759484283.5166247,2,1,-38
1759484283.5556247,3,-1,-37
1759484283.5936248,-2,1,-31
1759484283.6296248,0,1,-38
1759484283.6666248,-4,-4,-40
1759484283.7056248,-9,-7,-37
1759484283.7436247,-2,0,-29
1759484283.7796247,-2,0,-21
1759484283.8176248,-1,0,-41
1759484283.855625,0,-4,-31
1759484283.8946247,-6,-2,-34
1759484283.9306247,3,0,-23
1759484283.967625,9,-3,-32
1759484284.0056248,6,1,-40
1759484284.0446248,-1,4,-36
1759484284.0806248,1,4,-41
1759484284.1176248,3,5,-39
1759484284.1556249,1,5,-43
1759484284.194625,2,5,-36
1759484284.230625,7,-2,-43
1759484284.2686248,2,0,-36
1759484284.306625,4,0,-40
1759484284.3456247,9,2,-43
1759484284.3836248,0,1,-41
1759484284.4196248,0,0,-24
1759484284.4566247,0,0,-21
1759484284.4956248,-3,-4,-25
1759484284.533625,1,-2,-29
1759484284.569625,1,2,-33
1759484284.6066248,-3,9,-34
1759484284.6456249,6,5,-26
1759484284.681625,1,2,-26
1759484284.7186248,5,-2,-34
1759484284.7576249,3,3,-41
1759484284.7956247,0,1,-45
1759484284.8316247,1,-2,-41
1759484284.8686247,6,6,-42
1759484284.9066248,3,5,-40
1759484284.9456248,0,1,-31
1759484284.9816248,9,-2,-35
1759484285.0196247,-1,-3,-36
1759484285.0586247,-2,0,-27
1759484285.0956247,9,-4,-33
1759484285.1346247,-1,0,-22
1759484285.1706247,2,-2,-29
1759484285.2086248,-1,3,-39
1759484285.2476249,1,4,-47
1759484285.2856247,-6,-2,-47
1759484285.3216248,-6,0,-31
1759484285.3606248,-7,0,-21
1759484285.3976247,-6,0,-32
1759484285.4366248,-3,0,-42
1759484285.4746249,0,-6,-34
1759484285.510625,-2,-7,-43
1759484285.5496247,-3,-1,-41
1759484285.5866249,-2,3,-45
1759484285.625625,1,4,-48
1759484285.661625,1,6,-43
1759484285.6996248,-7,3,-42
1759484285.7366247,2,5,-42
1759484285.7756248,0,4,-39
1759484285.8116248,5,-1,-41
1759484285.8496249,3,-5,-33
1759484285.8866248,8,-8,-40
1759484285.9256248,-9,-4,-44
1759484285.9616249,-6,0,-41
1759484285.9996247,4,-1,-33
1759484286.036625,6,-1,-32
1759484286.0756247,-2,0,-22
1759484286.1116247,-2,-3,-32
1759484286.1496248,4,-3,-30
1759484286.1866248,7,-1,-31
1759484286.2256248,0,2,-40
1759484286.2616248,0,-1,-45
1759484286.2996247,-3,-1,-37
1759484286.3376248,1,-9,-27
1759484286.3766248,0,-7,-28
1759484286.4126248,-5,-2,-41
1759484286.4506247,-3,0,-40
1759484286.4886248,0,-4,-41
1759484286.526625,-2,0,-36
1759484286.5656247,9,-4,-40
1759484286.6016247,4,1,-43
1759484286.638625,0,3,-44
1759484286.6766248,0,2,-37
1759484286.7156248,4,-2,-42
1759484286.7516248,-3,-3,-39
1759484286.7906249,7,-4,-33
1759484286.8286247,-1,0,-40
1759484286.8666248,-1,6,-25
1759484286.9026248,-3,0,-42
1759484286.9406247,3,-4,-45
1759484286.9786248,-6,-1,-39
1759484287.0166247,-2,-6,-35
1759484287.0526247,7,0,-34
1759484287.0906248,4,-1,-31
1759484287.128625,3,2,-38
1759484287.1666248,5,0,-45
1759484287.2026248,0,0,-40
1759484287.240625,1,2,-27
1759484287.2786248,-2,1,-40
1759484287.3166249,-8,-1,-41
1759484287.352625,-1,6,-36
1759484287.3906248,2,-5,-42
1759484287.4276247,-2,-1,-42
1759484287.4666247,-4,-2,-39
1759484287.5026248,-4,-2,-35
1759484287.5406249,-2,0,-38
1759484287.579625,7,0,-31
1759484287.6176248,1,-11,-41
1759484287.6556249,1,-2,-50
1759484287.6926248,7,-1,-44
1759484287.737625,2,-1,-48
1759484287.7756248,3,0,-40
1759484287.8126247,-2,0,-31
1759484287.8506248,-2,-5,-45
1759484287.8876247,-6,4,-39
1759484287.9266248,-7,-3,-47
1759484287.9626248,2,-1,-40
1759484288.000625,11,-3,-42
1759484288.0376248,4,-7,-35
1759484288.0766249,-1,0,-42
1759484288.112625,0,-2,-32
1759484288.1506248,0,4,-48
1759484288.1886249,6,0,-37
1759484288.2266247,3,3,-36
1759484288.2626247,4,0,-31
1759484288.3006248,-5,0,-39
1759484288.3386247,-5,0,-43
1759484288.3766248,8,-4,-41
1759484288.4126248,1,-3,-31
1759484288.4516249,0,1,-32
1759484288.4886248,-6,0,-31
1759484288.5276248,-1,-3,-29
1759484288.5636249,0,0,-32
1759484288.6016247,-5,-7,-33
1759484288.638625,0,-7,-36
1759484288.6776247,5,-3,-27
1759484288.7136247,4,-2,-29
1759484288.7516248,-9,2,-36
1759484288.7886248,-2,-3,-33
1759484288.8276248,0,-6,-46
1759484288.8636248,0,-5,-47
1759484288.901625,0,-3,-44
1759484288.9386249,0,5,-37
1759484288.977625,5,4,-44
1759484289.013625,0,0,-40
1759484289.0516248,1,1,-38
1759484289.0886247,-4,5,-34
1759484289.1276248,-1,-1,-37
1759484289.1636248,-3,-1,-27
1759484289.2016249,-5,11,-32
1759484289.2396247,0,3,-42
1759484289.2786248,-6,-4,-41
1759484289.3166249,-5,0,-48
1759484289.352625,-3,0,-47
1759484289.3906248,-1,5,-46
1759484289.4296248,-1,-1,-52
1759484289.467625,1,4,-52
1759484289.5046248,4,1,-42
1759484289.5416248,5,2,-35
1759484289.579625,4,-6,-36
1759484289.6186247,14,-1,-42
1759484289.6566248,3,1,-35
1759484289.6926248,2,-1,-42
1759484289.7296247,-4,-1,-40
1759484289.7686248,4,4,-37
1759484289.806625,2,4,-30
1759484289.842625,2,-4,-44
1759484289.8816247,2,3,-43
1759484289.9196248,-3,2,-35
1759484289.957625,0,2,-39
1759484289.9936247,6,0,-40
1759484290.0316248,0,1,-46
1759484290.069625,1,0,-56
1759484290.1076248,-5,3,-51
1759484290.1436248,0,2,-53
1759484290.1806247,-8,6,-34
1759484290.2196248,-7,7,-34
1759484290.2576249,-2,2,-43
1759484290.2936249,-1,1,-47
1759484290.3306248,7,4,-27
1759484290.3696249,0,-3,-44
1759484290.4076247,5,0,-49
1759484290.4436247,-1,6,-37
1759484290.4826248,3,2,-41
1759484290.5196247,5,-1,-34
1759484290.5586247,4,2,-38
1759484290.5956247,0,2,-29
1759484290.6326249,2,3,-39
1759484290.6706247,0,9,-45
1759484290.7096248,2,1,-37
1759484290.7476249,-4,-2,-34
1759484290.783625,-6,-2,-39
1759484290.8216248,1,-4,-45
1759484290.8596249,2,0,-28
1759484290.898625,0,-5,-23
1759484290.934625,0,6,-33
1759484290.9736247,0,2,-40
1759484291.010625,0,-2,-33
1759484291.0496247,-7,-7,-39
1759484291.0876248,0,-1,-42
1759484291.1236248,0,2,-44
1759484291.161625,0,3,-42
1759484291.1996248,0,-3,-30
1759484291.237625,11,-6,-37
1759484291.273625,5,-2,-46
1759484291.3116248,0,1,-55
1759484291.3506248,5,1,-46
1759484291.388625,2,2,-39
1759484291.4246247,3,-5,-40
1759484291.4616249,1,-1,-26
1759484291.500625,1,-6,-45
1759484291.5386248,-1,-4,-34
1759484291.5746248,-10,-12,-43
1759484291.6136248,-7,0,-26
1759484291.6506248,3,4,-29
1759484291.6896248,2,4,-35
1759484291.7256248,2,0,-38
1759484291.763625,-5,-1,-42
1759484291.8006248,-3,-3,-31
1759484291.839625,-6,-3,-34
1759484291.875625,-8,0,-41
1759484291.9136248,-4,-1,-53
1759484291.9506247,-3,-2,-37
1759484291.9896247,-2,0,-33
1759484292.0256248,3,3,-31
1759484292.0636249,-6,5,-34
1759484292.1016247,-1,-2,-41
1759484292.1396248,0,3,-39
1759484292.1756248,-5,-1,-38
1759484292.2136247,-6,5,-42
1759484292.2516248,-4,3,-40
1759484292.2906249,0,1,-52
1759484292.3286247,-2,1,-54
1759484292.3646247,0,3,-40
1759484292.4026248,0,-1,-43
1759484292.4406247,-2,4,-41
1759484292.4786248,-1,2,-35
1759484292.5146248,-3,9,-40
1759484292.5526247,2,-3,-23
1759484292.5906248,0,-2,-36
1759484292.6296248,-7,7,-40
1759484292.6656249,-10,0,-30
1759484292.704625,-2,-4,-44
1759484292.7426248,6,-3,-45
1759484292.7806249,1,-2,-39
1759484292.8186247,-2,-3,-41
1759484292.8546247,-5,4,-40
1759484292.8926249,-9,0,-41
1759484292.931625,-5,0,-41
1759484292.9696248,-11,4,-41
1759484293.0056248,-4,1,-50
1759484293.0436249,-1,2,-55
1759484293.0816247,1,1,-53
1759484293.1206248,3,1,-46
1759484293.158625,8,1,-42
1759484293.194625,0,0,-42
1759484293.2316248,-2,-5,-44
1759484293.2706249,-1,0,-42
1759484293.3086247,-1,-2,-35
1759484293.3446248,0,-3,-33
1759484293.3816247,-4,2,-36
1759484293.4206247,0,-1,-31
1759484293.4566247,-2,-7,-44
1759484293.4946249,0,0,-46
1759484293.533625,-1,-6,-42
1759484293.5716248,3,-2,-22
1759484293.6096249,-3,1,-41
1759484293.6456249,-3,10,-40
1759484293.6836247,0,2,-35
1759484293.7216249,-5,-4,-33
1759484293.760625,0,-4,-49
1759484293.7976248,-3,-3,-39
1759484293.8356247,0,3,-38
1759484293.8736248,4,-1,-46
1759484293.9106247,7,-2,-49
1759484293.9496248,4,0,-40
1759484293.9856248,2,7,-40
1759484294.023625,9,3,-35
1759484294.0616248,-5,-1,-33
1759484294.0996249,0,-1,-41
1759484294.135625,1,0,-32
1759484294.1726248,1,-4,-36
1759484294.2116249,0,-5,-38
1759484294.2496247,4,-6,-48
1759484294.2856247,4,-1,-45
1759484294.3226247,4,2,-42
1759484294.3616247,0,1,-33
1759484294.3996248,0,3,-46
1759484294.4356248,6,0,-40
1759484294.4726248,-3,-3,-32
1759484294.5116248,0,0,-31
1759484294.5496247,-1,0,-29
1759484294.5856247,0,1,-42
1759484294.6236248,2,2,-42
1759484294.661625,4,0,-42
1759484294.6996248,3,-7,-46
1759484294.7356248,2,-5,-25
1759484294.7746248,-3,2,-40
1759484294.8116248,0,2,-35
1759484294.8506248,1,0,-37
1759484294.8866248,-1,-2,-36
1759484294.9246247,-4,1,-29
1759484294.9626248,-8,5,-22
1759484295.0016248,-8,4,-33
1759484295.0376248,-2,-1,-47
1759484295.0756247,-6,1,-45
1759484295.1136248,-7,1,-47
1759484295.151625,-6,1,-38
1759484295.1906247,-9,-2,-38
1759484295.2266247,-4,-2,-32
1759484295.2656248,0,0,-29
1759484295.3026247,4,2,-26
1759484295.3416247,-4,2,-35
1759484295.3776248,-2,-4,-32
1759484295.4156249,0,-3,-37
1759484295.454625,0,-3,-32
1759484295.4916248,-1,1,-28
1759484295.5306249,-7,-1,-40
1759484295.5676248,-5,-5,-37
1759484295.6046247,-11,3,-42
1759484295.6426249,-2,3,-50
1759484295.681625,-2,9,-46
1759484295.717625,3,8,-34
1759484295.7546248,0,0,-32
1759484295.7926247,0,-2,-43
1759484295.8316247,-2,4,-35
1759484295.8676248,-1,5,-34
1759484295.9046247,0,0,-32
1759484295.9426248,2,3,-36
1759484295.9816248,-8,-7,-35
1759484296.0176249,-7,-2,-32
1759484296.0556247,-7,-1,-40
1759484296.0936248,0,1,-43
1759484296.1326249,7,7,-56
1759484296.1706247,4,3,-46
1759484296.2066247,7,-1,-44
1759484296.2446249,3,-2,-47
1759484296.283625,0,-5,-45
1759484296.3216248,-2,-6,-45
1759484296.3576248,-2,-1,-40
1759484296.3966248,3,-4,-28
1759484296.4336247,2,0,-37
1759484296.4726248,-5,-12,-30
1759484296.510625,0,-4,-36
1759484296.546625,0,0,-34
1759484296.5836248,6,-7,-43
1759484296.6226249,2,-2,-34
1759484296.6606247,7,-2,-39
1759484296.6966248,5,-5,-40
1759484296.7336247,13,-11,-45
1759484296.7726247,0,-8,-39
1759484296.8086247,-3,-4,-47
1759484296.8466249,-5,0,-39
1759484296.885625,-5,-3,-37
1759484296.9226248,-3,-3,-36
1759484296.9616249,-9,-3,-50
1759484296.9976249,-7,-4,-48
1759484297.0356247,6,0,-42
1759484297.0736248,-1,-1,-39
1759484297.112625,5,-1,-36
1759484297.148625,3,0,-35
1759484297.1856248,-4,-2,-41
1759484297.2236247,-4,-3,-47
1759484297.2626247,-3,-3,-39
1759484297.2986248,-1,0,-40
1759484297.3366249,5,1,-43
1759484297.3746247,2,-3,-42
1759484297.4126248,-5,3,-35
1759484297.4516249,-4,4,-35
1759484297.487625,1,0,-39
1759484297.526625,1,-1,-45
1759484297.5646248,-4,0,-34
1759484297.602625,0,1,-43
1759484297.638625,7,5,-52
1759484297.6756248,-5,0,-42
1759484297.7136247,-2,2,-39
1759484297.7586248,-8,4,-42
1759484297.796625,-2,6,-40
1759484297.8336248,2,7,-36
1759484297.8726249,8,0,-45
1759484297.908625,0,-2,-37
1759484297.9466248,0,0,-52
1759484297.9856248,-3,-1,-39
1759484298.023625,-4,-1,-49
1759484298.0616248,-1,0,-42
1759484298.0976248,0,0,-53
1759484298.135625,-2,2,-40
1759484298.1736248,-2,-2,-27
1759484298.2116249,-10,-2,-35
1759484298.2476249,0,-4,-39
1759484298.286625,-4,-2,-33
1759484298.3236248,-2,-1,-35
1759484298.362625,2,-2,-39
1759484298.398625,-1,-2,-39
1759484298.4366248,0,-3,-35
1759484298.4746249,5,-6,-33
1759484298.513625,0,0,-23
1759484298.5496247,1,-2,-23
1759484298.5876248,5,0,-34
1759484298.6266248,0,2,-43
1759484298.6636248,0,0,-38
1759484298.7026248,-1,0,-34
1759484298.7396247,-9,6,-25
1759484298.776625,-11,2,-35
1759484298.8156247,1,1,-33
1759484298.8536248,-1,-1,-36
1759484298.8896248,6,-3,-46
1759484298.9276247,6,3,-34
1759484298.9656248,6,2,-26
1759484299.003625,9,0,-30
1759484299.0396247,0,-1,-23
1759484299.0786247,0,5,-39
1759484299.115625,5,0,-38
1759484299.1546247,5,-2,-39
1759484299.1926248,-3,3,-26
1759484299.2286248,-5,3,-30
1759484299.2666247,-6,0,-36
1759484299.3046248,-5,-5,-39
1759484299.342625,-2,-7,-36
1759484299.378625,1,0,-36
1759484299.4156249,5,-1,-40
1759484299.454625,6,-5,-40
1759484299.4926248,-1,-2,-49
1759484299.5286248,6,0,-44
1759484299.5656247,5,10,-30
1759484299.6046247,0,0,-38
1759484299.6426249,2,1,-36
1759484299.6786249,1,2,-34
1759484299.7156248,2,0,-35
1759484299.7546248,-1,5,-34
1759484299.7926247,1,3,-46
1759484299.829625,1,-1,-42
1759484299.8666248,3,-4,-49
1759484299.9046247,10,-8,-51
1759484299.9436247,0,0,-28
1759484299.9796247,0,-2,-38
1759484300.0166247,4,-3,-48
1759484300.0546248,4,6,-39
1759484300.0936248,7,2,-28
1759484300.1296248,0,-1,-37
1759484300.1666248,6,-9,-42
1759484300.204625,3,-4,-48
1759484300.2436247,2,0,-56
1759484300.2796247,4,-7,-44
1759484300.3176248,7,1,-45
1759484300.355625,3,-3,-38
1759484300.3946247,-2,-5,-37
1759484300.4306247,-3,-3,-35
1759484300.4686248,0,-4,-33
1759484300.5066247,0,6,-47
1759484300.5446248,4,3,-45
1759484300.5836248,0,1,-38
1759484300.6196249,2,0,-48
1759484300.658625,-6,-6,-29
1759484300.6966248,1,-8,-28
1759484300.7346249,2,-1,-36
1759484300.7706249,6,-4,-38
1759484300.8076248,1,5,-42
1759484300.8466249,0,0,-41
1759484300.8846247,2,-2,-26
1759484300.9206247,-3,0,-33
1759484300.957625,-7,0,-42
1759484300.9966247,-3,3,-45
1759484301.0346248,0,-2,-32
1759484301.0706248,-4,2,-29
1759484301.1086247,-2,-4,-28
1759484301.1466248,0,-5,-28
1759484301.184625,7,1,-44
1759484301.2206247,3,-2,-38
1759484301.2586248,4,0,-35
1759484301.296625,6,4,-32
1759484301.3346248,6,0,-16
1759484301.3706248,0,1,-24
1759484301.408625,-1,3,-34
1759484301.4466248,-4,3,-41
1759484301.4846249,-2,-7,-42
1759484301.5206249,-3,-1,-45
1759484301.559625,0,5,-41
1759484301.5966249,3,-3,-37
1759484301.635625,-3,-2,-44
1759484301.6736248,5,-6,-40
1759484301.7096248,3,-2,-29
1759484301.7476249,-5,-1,-46
1759484301.7856247,0,-4,-41
1759484301.8236248,4,-4,-44
1759484301.8596249,-3,2,-44
1759484301.8976247,3,1,-40
1759484301.9356248,0,-1,-43
1759484301.9736247,3,-2,-39
1759484302.0096247,5,9,-43
1759484302.0476248,3,5,-41
1759484302.0856247,2,0,-38
1759484302.1246247,0,-1,-33
1759484302.1606247,0,0,-36
1759484302.1976247,-1,-4,-38
1759484302.2366247,-3,-5,-46
1759484302.2746248,1,2,-45
1759484302.3106248,0,2,-46
1759484302.3486247,-1,7,-42
1759484302.385625,0,-1,-45
1759484302.4246247,-3,-2,-35
1759484302.4606247,1,2,-35
1759484302.4976249,-4,0,-39
1759484302.5356247,-2,0,-35
1759484302.5746248,-2,2,-26
1759484302.6106248,1,0,-41
1759484302.648625,5,1,-42
1759484302.6856248,-2,-4,-43
1759484302.7246249,-6,-5,-41
1759484302.760625,-3,-4,-41
1759484302.7986248,-7,-3,-37
1759484302.8366249,-9,-3,-45
1759484302.875625,-2,5,-35
1759484302.911625,4,0,-29
1759484302.9506247,4,3,-44
1759484302.9886248,9,1,-42
1759484303.026625,0,6,-40
1759484303.0646248,-1,3,-35
1759484303.1006248,-1,0,-35
1759484303.138625,-5,0,-29
1759484303.1776247,2,7,-38
1759484303.2156248,3,0,-27
1759484303.2516248,6,-2,-26
1759484303.2906249,0,0,-31
1759484303.3276248,4,0,-35
1759484303.3666248,-5,-2,-46
1759484303.4046247,0,-7,-46
1759484303.4406247,2,-4,-43
1759484303.477625,1,-3,-47
1759484303.5166247,-5,-8,-44
1759484303.5546248,0,-3,-41
1759484303.5906248,2,3,-32
1759484303.6276248,-1,0,-35
1759484303.6666248,-6,1,-42
1759484303.704625,6,-1,-42
1759484303.740625,4,-9,-37
1759484303.7776248,-1,-7,-36
1759484303.8166249,0,-6,-37
1759484303.852625,1,-7,-45
1759484303.8906248,6,-2,-51
1759484303.9276247,6,-1,-38
1759484303.9666247,1,-1,-40
1759484304.0026248,1,3,-39
1759484304.0406249,0,7,-28
1759484304.0786247,-6,4,-38
1759484304.1166248,-4,2,-37
1759484304.1526248,0,1,-32
1759484304.1906247,-5,0,-38
1759484304.227625,2,4,-33
1759484304.2666247,1,6,-25
1759484304.3026247,-7,5,-36
1759484304.3406248,-10,2,-38
1759484304.3776248,-1,3,-48
1759484304.4156249,0,3,-47
1759484304.4516249,-1,3,-49
1759484304.4896247,0,1,-50
1759484304.5276248,4,-2,-46
1759484304.5656247,0,4,-44
1759484304.6016247,0,2,-47
1759484304.6396248,3,0,-41
1759484304.6776247,2,-2,-37
1759484304.7156248,0,3,-34
1759484304.7516248,-2,1,-34
1759484304.7896247,-5,2,-36
1759484304.8276248,-1,2,-38
1759484304.865625,2,3,-41
1759484304.901625,1,1,-40
1759484304.9396248,0,-5,-39
1759484304.977625,0,-7,-40
1759484305.0156248,4,-7,-41
1759484305.0516248,2,-7,-36
1759484305.0886247,-3,-2,-29
1759484305.1276248,1,-2,-39
1759484305.1656249,2,-3,-29
1759484305.2016249,0,-1,-35
1759484305.2396247,-3,-4,-34
1759484305.2786248,-1,1,-39
1759484305.3166249,-1,2,-41
1759484305.352625,3,1,-48
1759484305.3896248,7,0,-45
1759484305.4286249,2,0,-37
1759484305.4666247,6,-1,-29
1759484305.5026248,3,-2,-33
1759484305.5396247,11,-3,-41
1759484305.5786247,9,-2,-39
1759484305.6166248,4,0,-45
1759484305.6526248,0,0,-42
1759484305.6896248,-4,3,-41
1759484305.7286248,-10,1,-29
1759484305.7666247,0,0,-45
1759484305.8026247,-5,2,-41
1759484305.839625,-5,-2,-25
1759484305.878625,-1,-5,-33
1759484305.9166248,3,8,-44
1759484305.9526248,1,7,-37
1759484305.9896247,3,2,-35
1759484306.0286248,-4,-2,-38
1759484306.0666249,4,-2,-42
1759484306.102625,5,-5,-37
1759484306.1396248,9,-6,-40
1759484306.1786249,-1,0,-37
1759484306.2166247,4,5,-37
1759484306.2526248,0,8,-45
1759484306.2906249,-4,0,-38
1759484306.3286247,-3,-3,-35
1759484306.3666248,-3,-1,-32
1759484306.4026248,-1,0,-35
1759484306.4406247,6,-6,-44
1759484306.4786248,-5,1,-52
1759484306.5166247,0,2,-44
1759484306.5526247,12,-4,-36
1759484306.5916247,0,0,-34
1759484306.628625,0,-2,-38
1759484306.6676247,-1,0,-46
1759484306.7036247,5,1,-52
1759484306.7416248,1,6,-35
1759484306.7786248,-2,3,-38
1759484306.8176248,-4,7,-45
1759484306.8536248,3,0,-47
1759484306.8906248,1,-1,-38
1759484306.9296248,9,-3,-34
1759484306.967625,10,-5,-50
1759484307.003625,1,-3,-45
1759484307.0416248,0,4,-47
1759484307.079625,-3,-2,-40
1759484307.1176248,-7,8,-40
1759484307.1536248,-1,7,-41
1759484307.1926248,6,5,-43
1759484307.2296247,9,-4,-46
1759484307.2686248,-1,0,-41
1759484307.3046248,9,-1,-34
1759484307.342625,14,-7,-39
1759484307.3796248,12,-5,-42
1759484307.4186249,2,-3,-40
1759484307.457625,5,7,-24
1759484307.4936247,0,-1,-34
1759484307.5316248,-10,0,-32
1759484307.5706248,-9,5,-33
1759484307.6086247,-6,5,-32
1759484307.6446247,-2,-2,-32
1759484307.6836247,-3,-8,-35
1759484307.7206247,0,-6,-38
1759484307.7656248,-1,6,-48
1759484307.8036249,1,0,-34
1759484307.8406248,1,-6,-30
1759484307.8796248,2,-1,-37
1759484307.9176247,14,7,-34
1759484307.9536247,6,3,-38
1759484307.990625,10,4,-34
1759484308.0296247,7,-5,-34
1759484308.0676248,0,-4,-49
1759484308.1036248,3,0,-45
1759484308.1406248,-10,-9,-44
1759484308.1796248,-1,-3,-41
1759484308.217625,-2,-1,-42
1759484308.253625,2,0,-41
1759484308.2916248,-1,-1,-39
1759484308.329625,1,-5,-41
1759484308.3676248,4,1,-44
1759484308.4036248,2,4,-34
1759484308.4416249,1,1,-39
1759484308.4796247,-2,0,-39
1759484308.5176249,1,3,-38
1759484308.5536249,0,5,-27
1759484308.5916247,-8,-1,-39
1759484308.6296248,-9,-4,-44
1759484308.6676247,-6,-2,-40
1759484308.7036247,-1,-3,-39
1759484308.7426248,3,-7,-42
1759484308.7796247,0,-5,-38
1759484308.8186247,1,-8,-34
1759484308.8546247,-3,-6,-30
1759484308.8936248,0,-5,-33
1759484308.9306247,0,-1,-26
1759484308.9696248,2,-2,-25
1759484309.0056248,0,-1,-29
1759484309.0436249,-1,1,-35
1759484309.0806248,-2,2,-38
1759484309.1196249,-4,2,-35
1759484309.1556249,-3,2,-44
1759484309.1936247,-2,1,-46
1759484309.230625,-2,0,-28
1759484309.2696247,-6,0,-37
1759484309.3056247,-2,0,-38
1759484309.3436248,-4,-1,-47
1759484309.3806248,2,2,-45
1759484309.4196248,-3,4,-53
1759484309.4556248,0,7,-52
1759484309.4936247,3,-3,-36
1759484309.5306249,0,2,-39
1759484309.569625,1,0,-39
1759484309.605625,-8,-2,-33
1759484309.6446247,-1,-4,-37
1759484309.681625,-7,-3,-39
1759484309.7206247,-7,-3,-37
1759484309.7586248,-4,1,-28
1759484309.7946248,-4,2,-30
1759484309.8316247,-3,-4,-36
1759484309.8706248,-4,-4,-41
1759484309.908625,2,-4,-39
1759484309.944625,6,2,-32
1759484309.9816248,4,1,-36
1759484310.0206249,-1,4,-24
1759484310.0586247,-9,-2,-49
1759484310.0946248,-6,1,-37
1759484310.1336248,-9,3,-38
1759484310.171625,-7,1,-40
1759484310.2096248,-14,-2,-38
1759484310.2466247,-5,0,-45
1759484310.283625,-5,-1,-49
1759484310.3216248,3,-2,-36
1759484310.3606248,3,-2,-39
1759484310.398625,2,-1,-38
1759484310.434625,-1,-1,-33
1759484310.4726248,2,-3,-41
1759484310.510625,-2,1,-27
1759484310.5496247,0,1,-20
1759484310.5856247,-1,-2,-30
1759484310.6236248,-2,1,-33
1759484310.661625,0,-6,-27
1759484310.7006247,-4,1,-40
1759484310.7386248,4,-7,-34
1759484310.7746248,0,-5,-38
1759484310.8136249,5,-1,-48
1759484310.8506248,-1,-1,-35
1759484310.8896248,-4,-3,-42
1759484310.9256248,-2,-5,-44
1759484310.964625,2,-10,-45
1759484311.0026248,1,-3,-36
1759484311.0406249,-3,6,-37
1759484311.0776248,1,2,-34
1759484311.1146247,0,-2,-36
1759484311.1526248,-2,3,-44
1759484311.1906247,2,0,-42
1759484311.2296247,-6,-5,-33
1759484311.2656248,2,-7,-41
1759484311.3026247,1,-5,-38
1759484311.3406248,4,-5,-35
1759484311.3796248,-3,6,-29
1759484311.4156249,-3,7,-39
1759484311.4536247,-1,7,-51
1759484311.4916248,-4,1,-41
1759484311.5296247,-5,2,-38
1759484311.5656247,0,0,-36
1759484311.6036248,-1,-3,-41
1759484311.6416247,-3,-3,-39
1759484311.6796248,-3,0,-39
1759484311.7156248,-5,-5,-25
1759484311.7546248,1,1,-33
1759484311.7916248,-9,0,-27
1759484311.8306248,1,1,-27
1759484311.8666248,-4,-4,-33
1759484311.9046247,-9,-2,-40
1759484311.9436247,2,-2,-36
1759484311.9816248,10,-6,-35
1759484312.0196247,2,0,-47
1759484312.0556247,5,-8,-38
1759484312.092625,0,-5,-36
1759484312.1316247,-1,-8,-32
1759484312.1696248,-1,-6,-36
1759484312.2056248,3,-5,-38
1759484312.2426248,4,2,-43
1759484312.2816248,5,6,-38
1759484312.319625,0,0,-38
1759484312.355625,1,1,-42
1759484312.3926249,1,-4,-37
1759484312.431625,5,1,-48
1759484312.4696248,-1,-4,-47
1759484312.5056248,5,1,-47
1759484312.5426247,10,8,-44
1759484312.5816247,5,0,-40
1759484312.6176248,-4,-4,-36
1759484312.6566248,-6,2,-33
1759484312.694625,3,-2,-35
1759484312.7326248,5,-6,-32
1759484312.7706249,0,-1,-50
1759484312.806625,1,-2,-42
1759484312.8436248,0,-7,-34
1759484312.8826249,1,-2,-38
1759484312.9206247,-1,0,-52
1759484312.9566247,2,-1,-34
1759484312.9946249,1,-5,-34
1759484313.0326247,3,-2,-34
1759484313.0706248,-9,-6,-45
1759484313.1066248,-4,-3,-47
1759484313.1456249,0,1,-42
1759484313.1826248,0,0,-33
1759484313.2216249,0,2,-33
1759484313.2576249,9,6,-33
1759484313.2956247,6,-5,-37
1759484313.3336248,0,0,-41
1759484313.3716247,-3,-6,-35
1759484313.4076247,-1,-1,-34
1759484313.4456248,-5,-3,-28
1759484313.4836247,-9,4,-32
1759484313.5226247,-5,-2,-30
1759484313.5606248,0,5,-29
1759484313.5966249,0,0,-28
1759484313.6336248,2,0,-39
1759484313.6726248,-4,-2,-39
1759484313.7106247,-4,-4,-32
1759484313.7466247,4,-4,-43
1759484313.783625,-1,-2,-33
1759484313.8226247,3,4,-35
1759484313.8606248,-3,0,-28
1759484313.8966248,-1,5,-42
1759484313.9336247,-1,2,-37
1759484313.9726248,4,-3,-37
1759484314.010625,2,-1,-41
1759484314.046625,-1,0,-36
1759484314.0846248,0,-2,-27
1759484314.1236248,-2,5,-23
1759484314.161625,-5,-7,-39
1759484314.1976247,-5,0,-42
1759484314.2366247,2,6,-34
1759484314.2746248,0,3,-26
1759484314.3126247,-5,-1,-38
1759484314.3486247,-8,-2,-46
1759484314.3876247,1,0,-40
1759484314.4256248,0,3,-42
1759484314.4636247,-7,3,-39
1759484314.5016248,2,7,-43
1759484314.5376248,-3,3,-46
1759484314.5756247,0,-1,-29
1759484314.6136248,-2,0,-37
1759484314.6526248,1,-1,-37
1759484314.6886249,-6,-3,-40
1759484314.7266247,0,-4,-32
1759484314.7646248,-6,-5,-35
1759484314.8026247,-4,-10,-29
1759484314.8416247,5,-6,-31
1759484314.8776248,5,0,-39
1759484314.9146247,-2,1,-35
1759484314.9536247,4,6,-37
1759484314.9916248,-4,-2,-37
1759484315.0276248,-4,0,-40
1759484315.0646248,1,1,-34
1759484315.1036248,-1,0,-37
1759484315.1416247,-2,0,-40
1759484315.1776247,-2,4,-29
1759484315.214625,1,0,-33
1759484315.253625,0,-5,-38
1759484315.2916248,0,2,-31
1759484315.3276248,-4,0,-45
1759484315.365625,0,3,-47
1759484315.4036248,2,-4,-39
1759484315.4416249,4,-3,-35
1759484315.477625,3,-4,-44
1759484315.5156248,3,1,-35
1759484315.5536249,8,-3,-40
1759484315.5916247,1,-7,-42
1759484315.6276248,0,2,-31
1759484315.6646247,4,2,-32
1759484315.7036247,5,-2,-37
1759484315.7416248,11,4,-31
1759484315.7776248,7,1,-35
1759484315.8146248,0,0,-27
1759484315.8536248,0,-3,-36
1759484315.8916247,2,0,-40
1759484315.9276247,9,-1,-36
1759484315.964625,-3,-4,-44
1759484316.003625,-5,2,-46
1759484316.0396247,-3,-8,-40
1759484316.0776248,-6,-4,-32
1759484316.115625,-3,0,-32
1759484316.1536248,-3,2,-34
1759484316.1926248,-3,1,-29
1759484316.2286248,-4,1,-26
1759484316.2676249,-5,0,-33
1759484316.3046248,0,0,-50
1759484316.3436248,3,2,-46
1759484316.3796248,-1,-1,-38
1759484316.4186249,4,-4,-32
1759484316.4556248,1,-3,-42
1759484316.4936247,0,0,-41
1759484316.5326247,4,2,-45
1759484316.5686247,0,4,-44
1759484316.6066248,3,0,-43
1759484316.6436248,0,5,-37
1759484316.6826248,-5,5,-36
1759484316.7186248,-1,1,-32
1759484316.7566247,-2,4,-28
1759484316.7946248,5,-1,-48
1759484316.832625,1,0,-37
1759484316.8686247,0,-3,-32
1759484316.9066248,-4,2,-31
1759484316.944625,-7,5,-38
1759484316.9826248,-11,-1,-35
1759484317.0186248,-2,-7,-41
1759484317.056625,-3,0,-42
1759484317.0946248,-3,5,-32
1759484317.1336248,1,4,-34
1759484317.1696248,0,6,-37
1759484317.2066247,1,7,-27
1759484317.2446249,-4,0,-33
1759484317.283625,-2,-11,-30
1759484317.319625,5,-6,-38
1759484317.3576248,4,-11,-30
1759484317.3956249,0,-6,-39
1759484317.434625,0,0,-42
1759484317.4726248,0,-5,-33
1759484317.5086248,-1,-1,-40
1759484317.546625,-4,0,-54
1759484317.5856247,0,2,-34
1759484317.6236248,0,5,-42
1759484317.6596248,-4,-5,-44
1759484317.6986248,-6,3,-44
1759484317.7366247,0,-2,-49
1759484317.7806249,0,0,-45
1759484317.8176248,0,-4,-47
1759484317.855625,4,3,-40
1759484317.8946247,0,0,-45
1759484317.931625,4,0,-41
1759484317.9696248,2,0,-33
1759484318.0076249,-4,2,-31
1759484318.0446248,0,4,-26
1759484318.0836248,-7,1,-39
1759484318.1196249,0,3,-37
1759484318.1576247,-8,5,-47
1759484318.1956248,0,2,-43
1759484318.2336247,-3,-11,-37
1759484318.2696247,6,0,-48
1759484318.3076248,3,2,-47
1759484318.3446248,0,-5,-38
1759484318.3836248,0,-1,-34
1759484318.4196248,4,-3,-34
1759484318.457625,5,4,-25
1759484318.4956248,5,0,-33
1759484318.533625,-1,1,-30
1759484318.569625,-5,2,-41
1759484318.6076248,-11,-4,-49
1759484318.6456249,-11,0,-46
1759484318.6836247,-4,-4,-30
1759484318.7196248,2,-6,-31
1759484318.7576249,5,-5,-22
1759484318.7956247,4,-1,-38
1759484318.8346248,7,8,-32
1759484318.8706248,3,5,-39
1759484318.908625,6,1,-42
1759484318.9456248,7,-1,-45
1759484318.9846249,6,4,-39
1759484319.0206249,5,4,-38
1759484319.0586247,-2,-2,-37
1759484319.0956247,3,-8,-27
1759484319.1346247,0,-2,-36
1759484319.1706247,0,-1,-35
1759484319.2086248,4,-2,-24
1759484319.2456248,0,0,-29
1759484319.2846248,0,-3,-38
1759484319.3206248,0,-4,-36
1759484319.3586247,1,-5,-36
1759484319.3956249,-9,-7,-44
1759484319.434625,3,-4,-42
1759484319.4706247,4,-3,-44
1759484319.5086248,0,-1,-28
1759484319.546625,-2,8,-43
1759484319.5846248,-4,11,-45
1759484319.6206248,3,3,-43
1759484319.658625,-4,7,-54
1759484319.6956248,0,-3,-38
1759484319.7346249,6,-1,-33
1759484319.7706249,3,-4,-40
1759484319.809625,6,-10,-32
1759484319.8476248,4,-5,-22
1759484319.885625,0,-8,-38
1759484319.921625,-4,-8,-37
1759484319.9596248,-4,-3,-51
1759484319.9976249,-3,5,-55
1759484320.0356247,7,0,-46
1759484320.0746248,8,-9,-44
1759484320.1106248,-2,1,-33
1759484320.1476247,1,0,-42
1759484320.1856248,8,0,-48
1759484320.2216249,0,2,-33
1759484320.2596247,-6,-1,-49
1759484320.296625,-7,-4,-49
1759484320.3356247,-3,-1,-42
1759484320.3716247,1,-3,-28
1759484320.4096248,2,-4,-24
1759484320.4466248,4,-3,-29
1759484320.4856248,3,-2,-29
1759484320.5216248,0,-1,-31
1759484320.559625,1,0,-34
1759484320.5966249,0,1,-34
1759484320.635625,-3,-5,-27
1759484320.671625,3,0,-37
1759484320.7096248,-4,3,-48
1759484320.7466247,-5,-1,-39
1759484320.7856247,-6,-2,-40
1759484320.8216248,-1,-1,-27
1759484320.8596249,-2,-2,-39
1759484320.8976247,2,-2,-29
1759484320.9366248,-2,-5,-38
1759484320.9746249,-9,5,-39
1759484321.010625,-3,6,-32
1759484321.0476248,6,1,-37
1759484321.0866249,10,-1,-40
1759484321.1246247,0,0,-40
1759484321.1606247,-3,-2,-28
1759484321.1996248,0,-2,-40
1759484321.237625,0,0,-29
1759484321.2756248,-4,-3,-26
1759484321.3116248,-1,-5,-36
1759484321.3496249,1,4,-37
1759484321.3876247,1,-5,-38
1759484321.4266248,2,0,-33
1759484321.4626248,-3,1,-38
1759484321.4996247,-2,7,-30
1759484321.5376248,3,-3,-30
1759484321.5766249,7,-2,-27
1759484321.612625,2,-1,-15
1759484321.651625,0,3,-27
1759484321.6896248,1,0,-24
1759484321.727625,-4,-4,-33
1759484321.7656248,-3,-5,-36
1759484321.8016248,-8,0,-36
1759484321.839625,0,-4,-41
1759484321.8776248,8,-1,-44
1759484321.9166248,4,3,-34
1759484321.9526248,0,0,-41
1759484321.9896247,-4,3,-41
1759484322.0276248,0,2,-42
1759484322.0666249,0,0,-28
1759484322.102625,0,6,-41
1759484322.1406248,-2,1,-47
1759484322.1776247,0,4,-38
1759484322.2166247,-2,3,-45
1759484322.2526248,2,1,-41
1759484322.2906249,3,-4,-40
1759484322.3286247,-1,-2,-23
1759484322.3666248,-6,0,-30
1759484322.4036248,4,2,-34
1759484322.4406247,10,0,-31
1759484322.4796247,9,-7,-38
1759484322.5176249,2,-1,-40
1759484322.5556247,-1,-1,-38
1759484322.5916247,7,-2,-41
1759484322.6296248,6,-4,-33
1759484322.6686249,-2,0,-34
1759484322.7066247,-2,0,-30
1759484322.7426248,-1,6,-39
1759484322.7816248,-4,0,-36
1759484322.819625,3,3,-38
1759484322.8576248,-3,0,-38
1759484322.8956249,-2,0,-39
1759484322.931625,4,3,-40
1759484322.9686248,4,-5,-33
1759484323.0076249,6,-8,-33
1759484323.0436249,-1,-5,-36
1759484323.0816247,-7,-1,-41
1759484323.1206248,-7,0,-36
1759484323.1576247,0,-5,-37
1759484323.1966248,-5,0,-36
1759484323.2326248,-4,-6,-38
1759484323.2706249,-2,0,-32
1759484323.3086247,0,3,-27
1759484323.3476248,3,6,-30
1759484323.3836248,-2,0,-24
1759484323.4206247,1,3,-29
1759484323.4586248,0,-3,-27
1759484323.4976249,2,0,-24
1759484323.533625,-6,-4,-44
1759484323.5716248,-1,0,-42
1759484323.6096249,-5,-7,-47
1759484323.648625,0,-2,-40
1759484323.6866248,9,-3,-42
1759484323.7236247,0,-1,-39
1759484323.760625,4,0,-49
1759484323.7986248,5,0,-38
1759484323.8376248,4,0,-26
1759484323.8736248,8,-1,-37
1759484323.9106247,5,-2,-36
1759484323.9496248,4,1,-33
1759484323.987625,0,-3,-37
1759484324.023625,-9,0,-40
1759484324.0606248,-3,3,-44
1759484324.0996249,7,0,-39
1759484324.1376247,0,0,-46
1759484324.1736248,-3,2,-21
1759484324.2126248,-3,-2,-26
1759484324.250625,2,-5,-37
1759484324.2886248,-4,-6,-35
1759484324.3266249,3,-5,-19
1759484324.362625,2,-3,-19
1759484324.3996248,0,2,-23
1759484324.4386249,-5,1,-39
1759484324.4766247,2,3,-51
1759484324.5126247,1,-1,-48
1759484324.5516248,-5,-7,-41
1759484324.5886247,-3,0,-31
1759484324.6276248,3,4,-30
1759484324.6636248,0,1,-35
1759484324.7006247,-6,-4,-31
1759484324.7396247,-5,0,-26
1759484324.7776248,-2,0,-35
1759484324.8136249,-1,-2,-36
1759484324.8516247,5,-3,-35
1759484324.8896248,-2,2,-27
1759484324.9286249,0,0,-29
1759484324.964625,1,-5,-47
1759484325.0026248,0,1,-32
1759484325.0406249,-2,6,-25
1759484325.079625,1,1,-33
1759484325.1176248,8,5,-37
1759484325.1536248,3,-1,-35
1759484325.1926248,-1,-3,-44
1759484325.2296247,-1,-6,-47
1759484325.2686248,0,1,-44
1759484325.3056247,10,0,-41
1759484325.342625,0,-2,-36
1759484325.3806248,1,-4,-29
1759484325.4196248,5,-4,-30
1759484325.457625,0,-6,-29
1759484325.4936247,6,-2,-29
1759484325.5306249,-2,4,-37
1759484325.569625,-2,0,-40
1759484325.6076248,-1,7,-44
1759484325.6436248,4,6,-43
1759484325.681625,5,2,-39
1759484325.7196248,1,0,-39
1759484325.7576249,6,3,-43
1759484325.7936249,2,-4,-36
1759484325.8316247,1,0,-32
1759484325.8696249,2,9,-29
1759484325.908625,-2,3,-38
1759484325.944625,5,8,-37
1759484325.9826248,2,2,-35
1759484326.0206249,-2,4,-43
1759484326.059625,0,-3,-33
1759484326.0976248,-2,0,-42
1759484326.1336248,0,4,-41
1759484326.171625,1,-4,-48
1759484326.2096248,-1,1,-38
1759484326.2476249,1,1,-36
1759484326.283625,-2,0,-32
1759484326.3216248,-2,-6,-37
1759484326.3596249,3,-3,-45
1759484326.3976247,0,-3,-40
1759484326.4336247,-7,-4,-36
1759484326.4726248,-8,0,-34
1759484326.5096247,-3,0,-40
1759484326.5486248,2,-5,-42
1759484326.5846248,0,-4,-34
1759484326.6216247,1,0,-42
1759484326.6606247,-3,-2,-38
1759484326.6986248,5,-8,-45
1759484326.7346249,7,-5,-42
1759484326.7716248,-6,0,-31
1759484326.8106248,7,-3,-43
1759484326.8486247,2,3,-39
1759484326.8846247,0,6,-44
1759484326.921625,3,-1,-48
1759484326.9606247,3,0,-42
1759484326.9986248,0,3,-33
1759484327.0346248,0,-1,-33
1759484327.0716248,-4,0,-19
1759484327.1106248,-3,-1,-25
1759484327.148625,2,0,-32
1759484327.184625,-3,4,-29
1759484327.2226248,-2,-1,-49
1759484327.260625,2,0,-35
1759484327.2986248,8,-4,-42
1759484327.3346248,7,0,-41
1759484327.3716247,5,3,-30
1759484327.4106247,1,2,-34
1759484327.4486248,-7,-5,-43
1759484327.4846249,-2,0,-40
1759484327.5226247,-1,0,-46
1759484327.5606248,0,-7,-45
1759484327.5986247,6,-2,-52
1759484327.6346247,7,5,-54
1759484327.6726248,7,0,-54
1759484327.7106247,1,0,-36
1759484327.7486248,1,-1,-38
1759484327.7936249,-7,0,-36
1759484327.8316247,-10,-1,-41
1759484327.8696249,1,-4,-50
1759484327.9056249,-12,-6,-37
1759484327.944625,-8,-1,-39
1759484327.9826248,-2,3,-24
1759484328.0206249,0,-2,-39
1759484328.0586247,-9,-1,-33
1759484328.0946248,-2,1,-35
1759484328.1316247,-7,1,-30
1759484328.1706247,-7,3,-41
1759484328.2086248,0,-3,-41
1759484328.2446249,2,3,-42
1759484328.2826247,-5,2,-44
1759484328.3206248,-4,-4,-40
1759484328.3596249,0,0,-35
1759484328.3956249,-3,-2,-43
1759484328.4336247,4,3,-43
1759484328.4716249,5,2,-47
1759484328.510625,-6,-3,-39
1759484328.546625,-1,-9,-42
1759484328.5856247,0,1,-40
1759484328.6226249,-6,6,-34
1759484328.661625,-1,-2,-43
1759484328.6996248,-2,0,-32
1759484328.7356248,-3,0,-46
1759484328.7726247,-2,0,-45
1759484328.8116248,0,0,-48
1759484328.8496249,0,-1,-42
1759484328.885625,0,-5,-44
1759484328.9226248,1,-4,-47
1759484328.9616249,0,-2,-46
1759484328.9996247,1,-4,-42
1759484329.0356247,0,4,-39
1759484329.0726247,11,0,-48
1759484329.1116247,1,1,-41
1759484329.1496248,0,-1,-36
1759484329.1856248,-3,0,-30
1759484329.2236247,-10,1,-35
1759484329.2616248,-2,9,-33
1759484329.2996247,-2,0,-33
1759484329.3356247,-5,-7,-36
1759484329.3746247,0,-1,-41
1759484329.411625,-7,-5,-40
1759484329.4506247,3,-1,-43
1759484329.4866247,1,-2,-27
1759484329.5246248,3,-1,-44
1759484329.5616248,0,-4,-42
1759484329.6006248,-1,-7,-39
1759484329.6366248,-3,-2,-46
1759484329.6756248,-7,-3,-44
1759484329.7126248,-3,2,-43
1759484329.7516248,0,8,-40
1759484329.7896247,-5,3,-33
1759484329.8256247,-4,0,-36
1759484329.862625,2,0,-43
1759484329.901625,0,8,-41
1759484329.9376247,-7,6,-34
1759484329.9756248,1,0,-39
1759484330.0126247,-1,-2,-36
1759484330.0516248,8,-3,-42
1759484330.0876248,4,0,-38
1759484330.125625,0,0,-36
1759484330.1636248,-7,0,-34
1759484330.2016249,0,0,-31
1759484330.240625,4,-3,-33
1759484330.276625,-2,-1,-35
1759484330.3146248,-1,-2,-40
1759484330.3536248,0,0,-36
1759484330.3916247,1,-1,-36
1759484330.4276247,-1,7,-36
1759484330.4666247,-6,-6,-28
1759484330.503625,-5,-2,-36
1759484330.5426247,-4,2,-38
1759484330.5806248,-2,-2,-45
1759484330.6166248,-6,-2,-40
1759484330.6546247,-7,4,-46
1759484330.6936247,-1,-1,-42
1759484330.7316248,-1,-6,-43
1759484330.7676249,9,2,-52
1759484330.8056247,0,4,-40
1759484330.8436248,12,4,-37
1759484330.8816247,11,6,-42
1759484330.9176247,7,2,-43
1759484330.954625,4,-2,-42
1759484330.9926248,7,4,-39
1759484331.0316248,5,0,-31
1759484331.0676248,1,-2,-34
1759484331.1046247,-1,2,-32
1759484331.1436248,-2,-4,-35
1759484331.181625,3,3,-52
1759484331.217625,4,-1,-41
1759484331.2546248,5,2,-43
1759484331.2926247,7,-1,-36
1759484331.3316247,-1,0,-53
1759484331.3676248,-2,-3,-47
1759484331.4056249,10,5,-48
1759484331.4436247,7,-2,-34
1759484331.4826248,-4,1,-21
1759484331.5206249,-3,0,-33
1759484331.556625,-4,1,-38
1759484331.5956247,-2,2,-41
1759484331.6326249,-5,4,-45
1759484331.671625,-5,1,-49
1759484331.707625,2,-2,-43
1759484331.7466247,5,-3,-44
1759484331.7846248,3,-3,-28
1759484331.8226247,0,3,-41
1759484331.8586247,-1,1,-32
1759484331.8966248,2,0,-41
1759484331.934625,-4,3,-39
1759484331.9726248,1,-2,-39
1759484332.0116248,-4,7,-42
1759484332.0476248,-1,2,-46
1759484332.0856247,-1,0,-34
1759484332.1236248,3,0,-42
1759484332.1626248,3,3,-30
1759484332.1986248,-3,10,-39
1759484332.237625,-4,3,-47
1759484332.2746248,-1,-1,-51
1759484332.3136249,-5,-4,-40
1759484332.3516247,0,-3,-34
1759484332.3876247,5,0,-36
1759484332.4256248,-3,-4,-34
1759484332.4636247,1,-4,-36
1759484332.5016248,-4,2,-44
1759484332.5376248,-3,2,-42
1759484332.5756247,-3,-2,-38
1759484332.6136248,4,-6,-31
1759484332.651625,6,0,-43
1759484332.6876247,0,5,-41
1759484332.7256248,-8,-3,-42
1759484332.763625,2,2,-36
1759484332.8016248,11,-2,-41
1759484332.8376248,13,1,-38
1759484332.875625,8,-5,-48
1759484332.9136248,6,-1,-32
1759484332.9516249,0,-4,-35
1759484332.987625,6,0,-36
1759484333.0246248,1,-1,-36
1759484333.0636249,4,-4,-39
1759484333.1016247,4,-1,-46
1759484333.1376247,0,1,-42
1759484333.1756248,-1,3,-31
1759484333.2136247,0,0,-28
1759484333.2516248,-4,2,-38
1759484333.2876248,-3,3,-36
1759484333.3246248,3,0,-37
1759484333.3636248,-3,-1,-36
1759484333.3996248,-2,0,-57
1759484333.4366248,1,-3,-47
1759484333.4746249,0,-3,-53
1759484333.513625,1,-7,-36
1759484333.5496247,4,1,-35
1759484333.5886247,-8,-6,-51
1759484333.625625,0,1,-46
1759484333.6646247,1,-3,-38
1759484333.7026248,2,-9,-43
1759484333.7386248,1,-6,-38
1759484333.776625,-1,1,-38
1759484333.8146248,0,-2,-40
1759484333.852625,1,-2,-39
1759484333.888625,5,1,-39
1759484333.9266248,4,0,-39
1759484333.964625,7,-2,-40
1759484334.0026248,7,-4,-40
1759484334.0386248,2,0,-42
1759484334.0766249,5,0,-36
1759484334.1146247,-5,-5,-27
1759484334.1526248,0,-1,-43
1759484334.1886249,-3,1,-36
1759484334.227625,-1,4,-34
1759484334.2646248,0,3,-38
1759484334.3036249,-1,-6,-34
1759484334.339625,-5,-3,-42
1759484334.3776248,-5,-8,-43
1759484334.4156249,-8,-2,-40
1759484334.454625,1,-3,-38
1759484334.4926248,0,0,-38
1759484334.5286248,-8,4,-35
1759484334.5666249,2,-4,-30
1759484334.6046247,6,0,-32
1759484334.6436248,-1,0,-38
1759484334.6806247,-4,-5,-33
1759484334.717625,-1,-5,-31
1759484334.7566247,1,0,-32
1759484334.7946248,-5,0,-24
1759484334.832625,-3,-1,-37
1759484334.8686247,1,-1,-42
1759484334.9066248,-3,4,-43
1759484334.944625,-1,-1,-37
1759484334.9836247,-2,-5,-49
1759484335.0196247,1,0,-37
1759484335.056625,2,2,-29
1759484335.0946248,0,7,-42
1759484335.1336248,1,2,-37
1759484335.1696248,0,0,-36
1759484335.207625,-6,5,-42
1759484335.2456248,-4,5,-33
1759484335.283625,-3,4,-26
1759484335.319625,-1,3,-24
1759484335.3566248,-7,-1,-36
1759484335.3956249,-5,0,-38
1759484335.4336247,-2,0,-45
1759484335.4696248,-3,2,-48
1759484335.5076249,-2,0,-39
1759484335.546625,4,-1,-31
1759484335.5846248,-5,1,-44
1759484335.6206248,-4,2,-41
1759484335.658625,-2,-3,-33
1759484335.6966248,5,0,-30
1759484335.7346249,6,-1,-24
1759484335.773625,3,-3,-30
1759484335.809625,6,3,-29
1759484335.8476248,4,0,-35
1759484335.8866248,5,4,-34
1759484335.9246247,4,3,-48
1759484335.9606247,-6,0,-49
1759484335.9996247,-5,-5,-42
1759484336.036625,-4,-6,-46
1759484336.0756247,6,-1,-25
1759484336.1136248,5,-1,-23
1759484336.1496248,2,-4,-34
1759484336.1866248,0,-5,-30
1759484336.2256248,0,0,-30
1759484336.263625,-1,-3,-33
1759484336.2996247,-1,-2,-32
1759484336.3386247,5,-2,-39
1759484336.375625,1,-5,-33
1759484336.4146247,-4,-7,-38
1759484336.4506247,-2,-2,-35
1759484336.4886248,-2,-3,-28
1759484336.526625,3,-1,-36
1759484336.5656247,0,3,-42
1759484336.6036248,4,-10,-50
1759484336.6406248,1,-4,-44
1759484336.6776247,0,4,-35
1759484336.7166247,8,-1,-33
1759484336.7546248,1,2,-38
1759484336.7906249,-1,2,-45
1759484336.829625,-3,0,-29
1759484336.8666248,-6,0,-34
1759484336.9056249,-1,-2,-36
1759484336.9416249,0,3,-39
1759484336.9796247,0,11,-36
1759484337.0166247,0,4,-37
1759484337.0556247,0,-10,-37
1759484337.0916247,0,-3,-36
1759484337.1296248,-9,-2,-42
1759484337.1666248,4,0,-49
1759484337.2056248,0,1,-42
1759484337.2416248,0,6,-41
1759484337.2796247,0,-2,-32
1759484337.3166249,-1,-2,-33
1759484337.355625,3,-3,-35
1759484337.3916247,-5,-3,-41
1759484337.4306247,2,-6,-36
1759484337.467625,0,-1,-38
1759484337.5056248,8,-5,-44
1759484337.5446248,1,0,-29
1759484337.5806248,5,2,-31
1759484337.6176248,7,6,-38
1759484337.6566248,-4,0,-42
1759484337.694625,-9,1,-35
1759484337.730625,-9,5,-27
1759484337.7676249,-7,12,-39
1759484337.8126247,-5,6,-30
1759484337.8506248,-11,5,-37
1759484337.8876247,0,2,-37
1759484337.9266248,-5,0,-40
1759484337.964625,1,-1,-41
1759484338.000625,4,-10,-37
1759484338.0386248,-7,-4,-38
1759484338.0776248,1,-5,-30
1759484338.115625,1,-1,-36
1759484338.151625,5,6,-23
1759484338.1886249,-3,4,-32
1759484338.2266247,3,0,-36
1759484338.2656248,0,-1,-45
1759484338.3016248,1,2,-55
1759484338.339625,0,-1,-49
1759484338.3776248,-7,1,-46
1759484338.4156249,0,3,-46
1759484338.4516249,5,0,-39
1759484338.4896247,0,-3,-40
1759484338.526625,-4,0,-32
1759484338.5656247,0,3,-43
1759484338.6016247,2,0,-41
1759484338.638625,-4,-2,-40
1759484338.6766248,-7,-5,-39
1759484338.7156248,-3,-3,-40
1759484338.7516248,-3,1,-29
1759484338.7906249,3,4,-34
1759484338.8276248,8,2,-46
1759484338.8666248,3,5,-47
1759484338.9026248,0,3,-34
1759484338.9406247,-6,0,-36
1759484338.9796247,1,-6,-42
1759484339.0166247,0,1,-41
1759484339.0556247,1,6,-43
1759484339.0916247,0,6,-38
1759484339.128625,-5,-2,-47
1759484339.1666248,1,2,-46
1759484339.2056248,2,0,-44
1759484339.2416248,7,0,-34
1759484339.2786248,-2,1,-31
1759484339.3176248,-2,-10,-36
1759484339.355625,0,0,-40
1759484339.3916247,-4,-4,-33
1759484339.4306247,1,-3,-29
1759484339.4686248,-1,0,-35
1759484339.5066247,-3,-4,-35
1759484339.5426247,1,-2,-42
1759484339.579625,3,-7,-37
1759484339.6186247,-1,0,-27
1759484339.6566248,0,2,-27
1759484339.6926248,-1,-1,-36
1759484339.7316248,-3,0,-44
1759484339.7686248,2,1,-36
1759484339.8076248,6,-3,-41
1759484339.8456247,8,-3,-41
1759484339.8816247,11,-3,-49
1759484339.9206247,-2,1,-36
1759484339.9586248,-3,0,-38
1759484339.9966247,-3,-1,-40
1759484340.0326247,-1,0,-40
1759484340.0716248,-2,2,-41
1759484340.1096249,-7,0,-41
1759484340.1476247,-4,0,-43
1759484340.1856248,-2,1,-49
1759484340.2216249,0,1,-39
1759484340.2596247,4,0,-36
1759484340.2976248,2,-1,-38
1759484340.3356247,-4,-3,-33
1759484340.3716247,-2,2,-44
1759484340.4096248,-2,4,-51
1759484340.4476247,2,1,-48
1759484340.4836247,-1,0,-30
1759484340.5226247,-6,3,-37
1759484340.5606248,1,5,-39
1759484340.5986247,1,3,-33
1759484340.6366248,0,0,-27
1759484340.6736248,5,3,-34
1759484340.7106247,0,0,-36
1759484340.7486248,-3,1,-34
1759484340.7876248,2,0,-33
1759484340.8236248,4,1,-47
1759484340.8606248,6,1,-49
1759484340.898625,4,-1,-44
1759484340.9376247,2,-3,-40
1759484340.9736247,-6,-7,-35
1759484341.0116248,-8,-6,-39
1759484341.0506248,-5,0,-35
1759484341.0886247,0,1,-39
1759484341.1266248,-1,0,-36
1759484341.1626248,-11,-2,-40
1759484341.2006247,-4,-3,-40
1759484341.2386248,-2,-2,-35
1759484341.2776248,0,-1,-31
1759484341.3136249,0,-1,-39
1759484341.352625,2,-3,-42
1759484341.3896248,2,-3,-44
1759484341.4286249,-2,2,-38
1759484341.4666247,0,3,-38
1759484341.5026248,-2,1,-44
1759484341.5396247,0,6,-44
1759484341.5786247,-1,-6,-44
1759484341.6166248,4,0,-43
1759484341.6526248,-4,-2,-42
1759484341.6916249,0,-3,-36
1759484341.7286248,-3,0,-44
1759484341.7676249,5,0,-56
1759484341.8036249,3,1,-50
1759484341.8406248,0,3,-52
1759484341.878625,-7,3,-42
1759484341.9176247,-1,-4,-37
1759484341.9536247,-5,-4,-49
1759484341.9916248,-5,0,-41
1759484342.0296247,5,0,-40
1759484342.0686247,-2,-4,-39
1759484342.1046247,0,1,-41
1759484342.1426249,-3,1,-43
1759484342.1796248,1,-5,-39
1759484342.2186248,3,3,-36
1759484342.2546248,-3,3,-33
1759484342.2936249,-4,-4,-28
1759484342.3316247,0,-5,-41
1759484342.3686247,-6,0,-38
1759484342.4076247,7,-2,-41
1759484342.4436247,5,0,-52
1759484342.4816248,5,4,-42
1759484342.5186248,4,0,-36
1759484342.5576248,1,-4,-30
1759484342.5936248,-3,-2,-31
1759484342.6316247,-1,0,-38
1759484342.6706247,-4,-6,-41
1759484342.7086248,4,-4,-40
1759484342.7446249,7,2,-36
1759484342.7826247,5,-1,-41
1759484342.8206248,-1,0,-44
1759484342.8586247,1,0,-38
1759484342.8946247,-1,0,-40
1759484342.931625,3,-3,-43
1759484342.9706247,-3,-7,-29
1759484343.0086248,-8,-6,-34
1759484343.0446248,-5,-1,-27
1759484343.0836248,0,-6,-25
1759484343.1206248,-2,0,-32
1759484343.1596248,-4,-1,-40
1759484343.1976247,3,-9,-30
1759484343.2336247,1,-4,-33
1759484343.2706249,6,0,-37
1759484343.309625,4,-4,-43
1759484343.3476248,3,-8,-36
1759484343.3836248,-2,0,-38
1759484343.4206247,1,-3,-41
1759484343.4596248,0,-3,-37
1759484343.4976249,2,0,-27
1759484343.533625,1,6,-42
1759484343.5706248,-4,1,-30
1759484343.6096249,0,5,-50
1759484343.6476247,-4,1,-35
1759484343.6836247,-7,5,-37
1759484343.7216249,0,0,-41
1759484343.7596247,-5,0,-40
1759484343.7986248,-8,2,-45
1759484343.8346248,-8,1,-37
1759484343.8726249,-4,-1,-36
1759484343.911625,3,3,-37
1759484343.9496248,1,0,-38
1759484343.987625,4,-2,-38
1759484344.0246248,1,3,-43
1759484344.0626247,1,2,-35
1759484344.1006248,-6,5,-45
1759484344.138625,-3,3,-37
1759484344.1746247,-6,3,-39
1759484344.2126248,-2,1,-38
1759484344.250625,-1,8,-46
1759484344.2886248,-7,4,-43
1759484344.3256247,0,2,-33
1759484344.362625,-1,2,-34
1759484344.4006248,-1,1,-31
1759484344.4396248,2,2,-35
1759484344.4756248,1,-4,-52
1759484344.5126247,-2,-2,-38
1759484344.5516248,0,0,-41
1759484344.589625,0,-2,-40
1759484344.625625,1,1,-42
1759484344.6626248,0,-7,-37
1759484344.7006247,-2,-2,-40
1759484344.7396247,-1,0,-46
1759484344.7756248,2,-3,-46
1759484344.8136249,3,-3,-34
1759484344.8516247,-3,2,-40
1759484344.8906248,-4,0,-38
1759484344.9286249,-1,-6,-43
1759484344.964625,4,-4,-41
1759484345.0026248,3,-4,-38
1759484345.0416248,-2,-8,-27
1759484345.079625,3,0,-23
1759484345.115625,-5,0,-29
1759484345.1546247,-2,0,-31
1759484345.1926248,0,0,-35
1759484345.230625,-1,2,-48
1759484345.2686248,0,-3,-36
1759484345.3046248,0,-5,-45
1759484345.3416247,-8,-3,-41
1759484345.3806248,-3,-8,-27
1759484345.4186249,4,-4,-29
1759484345.454625,1,0,-45
1759484345.4926248,0,-5,-33
1759484345.5306249,-3,-1,-43
1759484345.5686247,0,0,-54
1759484345.6046247,-1,-2,-43
1759484345.6426249,1,0,-32
1759484345.6806247,1,4,-29
1759484345.7196248,3,-3,-35
1759484345.7556248,0,-5,-37
1759484345.7936249,6,-7,-34
1759484345.8316247,-1,-3,-31
1759484345.8706248,2,-1,-37
1759484345.9066248,0,1,-39
1759484345.9456248,4,2,-45
1759484345.9836247,2,4,-50
1759484346.0216248,6,3,-48
1759484346.059625,0,0,-43
1759484346.0956247,3,-5,-29
1759484346.1336248,-1,-4,-29
1759484346.171625,0,-4,-39
1759484346.2096248,-1,1,-50
1759484346.2456248,-4,-3,-45
1759484346.283625,-3,0,-36
1759484346.3216248,-7,-2,-45
1759484346.3606248,-11,-11,-36
1759484346.3966248,4,0,-46
1759484346.4336247,-1,0,-40
1759484346.4726248,1,7,-41
1759484346.510625,1,7,-30
1759484346.546625,3,1,-35
1759484346.5836248,0,4,-39
1759484346.6226249,-5,-2,-33
1759484346.6606247,-2,-4,-31
1759484346.6966248,2,0,-34
1759484346.7336247,0,0,-46
1759484346.7726247,-5,5,-35
1759484346.8106248,0,-2,-40
1759484346.8466249,-2,-5,-36
1759484346.885625,-1,0,-36
1759484346.9226248,4,-11,-43
1759484346.9616249,2,-3,-31
1759484346.9996247,2,2,-33
1759484347.0356247,7,-3,-42
1759484347.0736248,-1,-3,-41
1759484347.1116247,0,4,-34
1759484347.1506248,12,-6,-41
1759484347.1866248,1,-2,-47
1759484347.2256248,0,6,-41
1759484347.263625,0,5,-32
1759484347.3016248,-2,1,-40
1759484347.3376248,0,-1,-35
1759484347.3766248,-7,5,-28
1759484347.4136248,5,0,-46
1759484347.4526248,1,-5,-35
1759484347.490625,-3,-5,-27
1759484347.526625,0,2,-42
1759484347.5636249,3,2,-37
1759484347.602625,-3,6,-41
1759484347.6406248,-3,2,-35
1759484347.6766248,3,3,-40
1759484347.7136247,5,0,-38
1759484347.7526248,-6,0,-39
1759484347.7906249,-1,0,-49
1759484347.8356247,3,0,-34
1759484347.8736248,0,0,-31
1759484347.911625,0,0,-32
1759484347.9476247,-5,3,-35
1759484347.9856248,-2,-8,-40
1759484348.0226247,-1,-6,-39
1759484348.0616248,1,2,-29
1759484348.0976248,8,4,-30
1759484348.135625,4,0,-27
1759484348.1726248,2,0,-43
1759484348.2116249,0,-2,-35
1759484348.2476249,4,2,-31
1759484348.2856247,2,3,-33
1759484348.3226247,-3,2,-39
1759484348.3616247,6,2,-39
1759484348.3976247,5,3,-27
1759484348.4356248,4,0,-36
1759484348.4736247,6,1,-43
1759484348.5116248,5,-7,-40
1759484348.5476248,-1,4,-44
1759484348.5846248,-6,-6,-38
1759484348.6236248,-3,2,-48
1759484348.661625,-2,-1,-44
1759484348.6976247,7,7,-38
1759484348.7346249,5,-2,-37
1759484348.773625,5,0,-32
1759484348.8116248,3,1,-29
1759484348.8476248,3,4,-37
1759484348.8846247,3,-1,-37
1759484348.9236248,7,-2,-43
1759484348.9616249,1,-1,-50
1759484348.9976249,0,0,-33
1759484349.0356247,-1,1,-42
1759484349.0736248,-4,12,-38
1759484349.1116247,-7,7,-43
1759484349.1476247,-3,-2,-28
1759484349.1866248,2,-3,-30
1759484349.2236247,1,-2,-40
1759484349.2626247,0,-5,-31
1759484349.2986248,4,-7,-32
1759484349.3376248,-1,-4,-40
1759484349.3746247,-1,-3,-36
1759484349.4126248,4,1,-30
1759484349.4516249,0,4,-36
1759484349.487625,4,3,-34
1759484349.5246248,2,-5,-32
1759484349.5626247,0,1,-39
1759484349.6016247,-9,0,-44
1759484349.6376247,-11,0,-37
1759484349.6756248,-2,0,-40
1759484349.714625,-4,0,-41
1759484349.7526248,3,0,-47
1759484349.7886248,7,-3,-39
1759484349.8276248,2,4,-34
1759484349.8646247,-3,2,-37
1759484349.9036248,0,3,-41
1759484349.9416249,-2,1,-17
1759484349.977625,4,0,-37
1759484350.0146248,0,-1,-46
1759484350.0536249,-3,1,-38
1759484350.0916247,-4,0,-33
1759484350.1276248,4,0,-31
1759484350.1646247,1,-4,-26
1759484350.2036247,-2,-6,-28
1759484350.2416248,-5,-7,-39
1759484350.2776248,-6,0,-30
1759484350.3156247,-4,0,-39
1759484350.3536248,2,1,-40
1759484350.3926249,7,0,-44
1759484350.4286249,7,0,-35
1759484350.4656248,2,2,-41
1759484350.503625,5,6,-36
1759484350.5426247,0,-4,-38
1759484350.5786247,0,2,-46
1759484350.615625,-4,-1,-36
1759484350.6536248,-5,-1,-39
1759484350.6926248,-5,-8,-32
1759484350.7286248,0,-2,-31
1759484350.7656248,0,-1,-49
1759484350.8036249,0,-9,-41
1759484350.842625,-4,-9,-40
1759484350.878625,-2,-4,-43
1759484350.9166248,-5,-5,-28
1759484350.954625,-4,-4,-41
1759484350.9936247,4,-2,-40
1759484351.0296247,2,0,-42
1759484351.0666249,-4,0,-36
1759484351.1046247,-5,0,-38
1759484351.1436248,-1,-6,-25
1759484351.1806247,-7,-2,-44
1759484351.217625,0,0,-39
1759484351.2556248,0,1,-38
1759484351.2936249,3,2,-41
1759484351.332625,1,3,-41
1759484351.3686247,-3,1,-35
1759484351.4076247,-1,0,-38
1759484351.4456248,-4,0,-39
1759484351.4836247,-1,-3,-47
1759484351.5196247,-5,5,-46
1759484351.5576248,2,3,-49
1759484351.5966249,0,-6,-58
1759484351.6346247,3,-1,-50
1759484351.6726248,1,-2,-46
1759484351.7086248,2,-3,-41
1759484351.7466247,2,1,-33
1759484351.7846248,-2,1,-36
1759484351.8226247,0,6,-38
1759484351.8586247,1,-5,-32
1759484351.8966248,-12,-1,-33
1759484351.934625,1,0,-30
1759484351.9726248,8,3,-39
1759484352.0086248,0,-3,-39
1759484352.0456247,-2,3,-37
1759484352.0846248,0,10,-41
1759484352.1226249,-1,1,-42
1759484352.158625,-8,-2,-29
1759484352.1966248,0,0,-34
1759484352.2346249,-6,0,-38
1759484352.273625,1,4,-33
1759484352.309625,-1,0,-50
1759484352.3476248,5,1,-47
1759484352.3866248,0,0,-47
1759484352.4246247,11,-3,-27
1759484352.4626248,3,-3,-40
1759484352.4986248,-1,1,-46
1759484352.5356247,0,0,-43
1759484352.5746248,2,-1,-39
1759484352.6106248,0,1,-45
1759484352.6496248,-6,0,-49
1759484352.6866248,0,0,-29
1759484352.7256248,0,0,-32
1759484352.763625,4,0,-25
1759484352.7996247,-4,0,-45
1759484352.8366249,-5,-4,-45
1759484352.875625,-8,-5,-38
1759484352.9136248,-7,0,-57
1759484352.9496248,-1,-6,-36
1759484352.9886248,0,-1,-44
1759484353.0256248,5,0,-43
1759484353.0646248,1,-5,-37
1759484353.1006248,1,3,-42
1759484353.138625,0,2,-41
1759484353.1756248,2,-1,-47
1759484353.214625,4,0,-40
1759484353.250625,2,2,-39
1759484353.2886248,7,1,-43
1759484353.3256247,-3,1,-36
1759484353.3646247,-9,-2,-40
1759484353.4006248,6,-3,-29
1759484353.4386249,3,0,-36
1759484353.4756248,-3,-6,-42
1759484353.5146248,-4,0,-36
1759484353.5506248,0,-1,-29
1759484353.5886247,-2,0,-28
1759484353.6266248,0,-1,-35
1759484353.6656249,2,-1,-32
1759484353.7036247,-1,-3,-27
1759484353.7396247,3,1,-33
1759484353.776625,-1,0,-37
1759484353.8156247,-4,-3,-30
1759484353.8536248,0,-3,-41
1759484353.8896248,0,-3,-41
1759484353.9276247,-4,-13,-34
1759484353.9656248,-6,-1,-43
1759484354.0046248,-6,-2,-42
1759484354.0406249,1,-3,-37
1759484354.0786247,1,-1,-34
1759484354.1176248,-3,0,-45
1759484354.1556249,-5,-7,-29
1759484354.1936247,2,-5,-33
1759484354.230625,-3,-5,-29
1759484354.2676249,-9,2,-29
1759484354.3056247,-1,2,-34
1759484354.3446248,-1,7,-28
1759484354.3806248,3,9,-32
1759484354.4176247,0,4,-35
1759484354.4556248,1,4,-42
1759484354.4946249,-5,1,-40
1759484354.5306249,-5,0,-36
1759484354.5686247,-3,2,-30
1759484354.605625,-4,1,-41
1759484354.6446247,-5,-4,-46
1759484354.6806247,5,1,-53
1759484354.717625,6,5,-41
1759484354.7566247,2,1,-34
1759484354.7946248,7,7,-41
1759484354.8306248,3,2,-36
1759484354.8686247,5,3,-48
1759484354.9066248,6,0,-31
1759484354.944625,-2,-1,-34
1759484354.980625,5,0,-36
1759484355.0176249,-2,-3,-30
1759484355.056625,5,3,-35
1759484355.0946248,0,3,-30
1759484355.1306248,-3,-4,-36
1759484355.1686249,-3,0,-28
1759484355.207625,0,-2,-30
1759484355.2456248,2,-4,-36
1759484355.2816248,6,1,-21
1759484355.3186247,3,-4,-36
1759484355.3566248,4,-2,-30
1759484355.3956249,-4,3,-35
1759484355.431625,1,0,-39
1759484355.4686248,3,-8,-35
1759484355.5076249,0,-1,-39
1759484355.5456247,0,-5,-37
1759484355.5816247,6,-5,-37
1759484355.6196249,6,-6,-32
1759484355.6576247,0,-5,-41
1759484355.6966248,11,-4,-39
1759484355.7346249,7,-6,-38
1759484355.7706249,6,0,-36
1759484355.8086247,2,4,-37
1759484355.8476248,-1,4,-34
1759484355.885625,0,5,-39
1759484355.921625,6,-1,-34
1759484355.9606247,9,-9,-35
1759484355.9986248,3,0,-37
1759484356.036625,-2,0,-39
1759484356.0726247,1,3,-42
1759484356.1106248,-1,0,-39
1759484356.148625,4,0,-41
1759484356.1866248,-5,0,-33
1759484356.2256248,-1,0,-40
1759484356.2616248,0,0,-38
1759484356.2996247,-4,-8,-45
1759484356.3366249,-4,-1,-30
1759484356.375625,-2,1,-37
1759484356.411625,-3,1,-28
1759484356.4486248,0,2,-37
1759484356.4866247,6,-1,-41
1759484356.5256248,6,-4,-31
1759484356.5616248,-1,4,-32
1759484356.5986247,1,3,-46
1759484356.6366248,6,-1,-44
1759484356.6756248,-9,0,-40
1759484356.7116249,-3,0,-35
1759484356.7496247,-6,1,-51
1759484356.7876248,-4,0,-40
1759484356.8256247,3,0,-30
1759484356.8616247,4,4,-32
1759484356.898625,1,0,-32
1759484356.9376247,4,0,-35
1759484356.9756248,5,-7,-48
1759484357.0116248,4,-1,-39
1759484357.0486248,0,-5,-34
1759484357.0876248,-2,-5,-33
1759484357.125625,1,-6,-48
1759484357.161625,-2,0,-44
1759484357.1996248,3,-2,-42
1759484357.237625,0,-5,-38
1759484357.2756248,8,1,-27
1759484357.3116248,0,-3,-28
1759484357.3486247,-3,0,-29
1759484357.3876247,-6,-2,-43
1759484357.4256248,-2,1,-39
1759484357.4616249,-9,1,-41
1759484357.4986248,-4,-1,-40
1759484357.5376248,0,0,-30
1759484357.5756247,-1,-1,-36
1759484357.6116247,7,-4,-49
1759484357.648625,-3,-1,-46
1759484357.6876247,-2,-1,-33
1759484357.7256248,1,-4,-27
1759484357.7616248,5,4,-38
1759484357.7996247,1,0,-37
1759484357.8436248,-1,-3,-33
1759484357.8816247,6,1,-28
1759484357.9196248,-2,2,-34
1759484357.957625,0,2,-38
1759484357.9936247,-2,8,-39
1759484358.0306249,-3,-4,-44
1759484358.069625,0,-7,-32
1759484358.1076248,5,-5,-43
1759484358.1436248,6,-1,-38
1759484358.1826248,5,2,-48
1759484358.2196248,5,-7,-38
1759484358.2586248,-2,-6,-36
1759484358.296625,-2,-1,-40
1759484358.332625,-4,2,-41
1759484358.3716247,1,1,-22
1759484358.4096248,-2,2,-36
1759484358.4476247,5,-3,-44
1759484358.4836247,0,-10,-38
1759484358.5206249,-5,0,-46
1759484358.559625,-5,-2,-60
1759484358.5976248,-4,4,-49
1759484358.6336248,-1,-5,-49
1759484358.671625,-6,-2,-43
1759484358.7096248,2,1,-35
1759484358.7486248,-5,3,-50
1759484358.786625,-4,6,-42
1759484358.8226247,0,8,-41
1759484358.8616247,5,3,-39
1759484358.898625,0,7,-37
1759484358.9376247,2,2,-40
1759484358.9736247,-2,3,-36
1759484359.0116248,-3,9,-42
1759484359.0496247,0,3,-48
1759484359.0876248,1,0,-49
1759484359.1236248,1,-3,-42
1759484359.1626248,5,0,-42
1759484359.2006247,-1,-4,-41
1759484359.2386248,1,-2,-40
1759484359.276625,2,0,-45
1759484359.3126247,0,-3,-37
1759484359.3506248,0,-3,-38
1759484359.388625,0,-3,-48
1759484359.4266248,2,0,-51
1759484359.4626248,-3,-4,-36
1759484359.5016248,-4,4,-43
1759484359.5386248,-4,8,-38
1759484359.5776248,-4,3,-43
1759484359.6136248,-4,-6,-40
1759484359.6526248,-2,3,-44
1759484359.6896248,-3,3,-35
1759484359.7286248,-5,-7,-33
1759484359.7646248,0,-5,-28
1759484359.8026247,-2,-1,-36
1759484359.8406248,1,3,-46
1759484359.8796248,0,1,-42
1759484359.9176247,-2,0,-32
1759484359.9536247,-4,1,-37
1759484359.9926248,2,7,-32
1759484360.0296247,11,8,-37
1759484360.0686247,4,0,-35
1759484360.1046247,-3,-5,-39
1759484360.1426249,0,-4,-39
1759484360.1806247,-6,4,-40
1759484360.2186248,-4,0,-45
1759484360.2576249,2,-1,-32
1759484360.2936249,2,-4,-37
1759484360.3316247,2,-2,-31
1759484360.3706248,-3,-3,-52
1759484360.408625,-5,-3,-39
1759484360.444625,-6,9,-25
1759484360.4826248,1,-1,-41
1759484360.5216248,1,4,-44
1759484360.559625,-1,0,-37
1759484360.5976248,0,-2,-53
1759484360.6336248,0,4,-43
1759484360.671625,0,2,-50
1759484360.7106247,2,9,-47
1759484360.7486248,7,5,-35
1759484360.7846248,0,-3,-24
1759484360.8216248,-8,-2,-26
1759484360.8596249,-7,-2,-39
1759484360.898625,-8,4,-45
1759484360.934625,2,4,-39
1759484360.9716249,-4,7,-40
1759484361.010625,1,1,-29
1759484361.0486248,-3,3,-46
1759484361.0846248,-1,-3,-37
1759484361.1226249,-6,3,-46
1759484361.1606247,2,-9,-36
1759484361.1996248,2,-3,-38
1759484361.2356248,0,0,-39
1759484361.2726247,1,-2,-35
1759484361.3106248,8,0,-48
1759484361.3496249,9,4,-42
1759484361.385625,-3,1,-30
1759484361.4226248,0,2,-42
1759484361.4606247,-4,5,-42
1759484361.4996247,-2,0,-33
1759484361.5356247,-1,-2,-33
1759484361.5736248,-1,-1,-29
1759484361.6116247,3,0,-41
1759484361.6496248,0,-1,-50
1759484361.6886249,-5,1,-46
1759484361.7246249,-10,1,-42
1759484361.7626247,3,0,-51
1759484361.8016248,-1,0,-34
1759484361.839625,6,0,-35
1759484361.875625,5,0,-32
1759484361.9126248,9,-6,-36
1759484361.9516249,4,-8,-40
1759484361.9896247,3,0,-47
1759484362.0256248,3,0,-38
1759484362.0626247,-1,2,-41
1759484362.1016247,-5,-2,-35
1759484362.1396248,-4,8,-42
1759484362.1756248,2,1,-40
1759484362.2126248,0,4,-35
1759484362.250625,2,0,-28
1759484362.2896247,10,0,-40
1759484362.3256247,-2,2,-32
1759484362.3646247,-4,-4,-38
1759484362.401625,-7,1,-42
1759484362.4406247,-7,8,-35
1759484362.4786248,2,3,-36
1759484362.5146248,1,6,-38
1759484362.5526247,-5,5,-40
1759484362.5906248,-1,8,-30
1759484362.628625,-1,4,-29
1759484362.6646247,0,6,-41
1759484362.7026248,-1,0,-45
1759484362.740625,0,-1,-43
1759484362.7786248,-4,-2,-38
1759484362.8146248,0,-3,-39
1759484362.852625,-1,0,-39
1759484362.8906248,-13,0,-22
1759484362.9286249,-11,8,-36
1759484362.964625,-10,6,-41
1759484363.003625,0,1,-41
1759484363.0406249,5,-3,-41
1759484363.079625,2,-6,-42
1759484363.115625,0,0,-40
1759484363.1536248,0,0,-32
1759484363.1906247,6,4,-31
1759484363.2296247,0,-2,-27
1759484363.2656248,-1,6,-33
1759484363.3036249,-4,-3,-29
1759484363.3406248,0,-1,-39
1759484363.3796248,0,1,-43
1759484363.4156249,1,1,-35
1759484363.4526248,0,-1,-38
1759484363.490625,-5,-4,-35
1759484363.5296247,-5,0,-30
1759484363.5656247,-8,0,-33
1759484363.602625,-5,0,-35
1759484363.6406248,-6,-3,-28
1759484363.6796248,-3,2,-45
1759484363.7156248,-5,-3,-41
1759484363.753625,-1,0,-37
1759484363.7916248,-3,5,-42
1759484363.8306248,0,0,-47
1759484363.8666248,6,-3,-49
1759484363.9046247,5,-2,-50
1759484363.9426248,-5,1,-48
1759484363.9816248,-3,0,-38
1759484364.0196247,-6,3,-40
1759484364.0556247,0,2,-29
1759484364.092625,2,-3,-41
1759484364.1316247,4,-3,-51
1759484364.1696248,-1,3,-47
1759484364.2056248,-7,9,-45
1759484364.2426248,-12,0,-44
1759484364.2816248,0,2,-50
1759484364.319625,-1,-5,-38
1759484364.355625,1,5,-27
1759484364.3926249,3,1,-36
1759484364.431625,0,-4,-34
1759484364.4696248,-7,-3,-30
1759484364.5056248,-3,0,-34
1759484364.5426247,-1,0,-36
1759484364.5816247,-1,1,-34
1759484364.6196249,-3,2,-38
1759484364.6556249,-4,-2,-51
1759484364.694625,-4,2,-42
1759484364.7316248,-1,-1,-39
1759484364.7706249,-4,-5,-36
1759484364.806625,-2,0,-44
1759484364.8446248,6,-2,-55
1759484364.8836248,0,3,-45
1759484364.921625,4,5,-39
1759484364.957625,-6,4,-27
1759484364.9946249,-3,0,-24
1759484365.033625,-7,0,-42
1759484365.0716248,-5,-1,-31
1759484365.1076248,-5,0,-40
1759484365.1466248,-5,-2,-46
1759484365.1836247,-3,-1,-36
1759484365.2216249,0,-8,-27
1759484365.260625,2,-6,-33
1759484365.296625,-5,-3,-38
1759484365.3346248,0,-5,-33
1759484365.3726249,-2,3,-30
1759484365.411625,4,4,-33
1759484365.4476247,0,0,-25
1759484365.4846249,-5,0,-35
1759484365.523625,-8,1,-37
1759484365.5616248,-5,4,-50
1759484365.5976248,2,6,-45
1759484365.6346247,-1,15,-40
1759484365.6726248,5,5,-36
1759484365.7116249,0,-6,-29
1759484365.7476249,-4,3,-36
1759484365.786625,-5,0,-50
1759484365.8246248,-3,0,-42
1759484365.862625,-2,-5,-37
1759484365.9006248,-3,4,-45
1759484365.9366248,-2,10,-47
1759484365.9756248,3,1,-46
1759484366.013625,10,0,-30
1759484366.0516248,6,1,-37
1759484366.0876248,-2,4,-30
1759484366.125625,-4,-1,-35
1759484366.1636248,0,-2,-36
1759484366.2016249,-9,-1,-33
1759484366.2386248,-3,0,-48
1759484366.2756248,-5,-1,-43
1759484366.3136249,-3,3,-30
1759484366.352625,0,0,-32
1759484366.3906248,7,0,-35
1759484366.4266248,0,0,-33
1759484366.464625,0,0,-54
1759484366.5026248,-1,-2,-53
1759484366.5386248,0,-3,-45
1759484366.5766249,5,3,-43
1759484366.615625,1,0,-33
1759484366.6536248,-1,-1,-42
1759484366.6916249,0,3,-45
1759484366.727625,-1,3,-34
1759484366.7656248,3,2,-40
1759484366.8036249,1,1,-44
1759484366.8416247,-1,-2,-27
1759484366.8776248,0,-5,-22
1759484366.9146247,0,-8,-22
1759484366.9526248,-6,-6,-30
1759484366.9916248,-1,3,-32
1759484367.0276248,-1,3,-30
1759484367.0646248,-3,-3,-27
1759484367.102625,7,0,-35
1759484367.1416247,3,0,-38
1759484367.1776247,0,0,-36
1759484367.214625,4,-5,-46
1759484367.253625,-4,-7,-38
1759484367.2916248,7,-5,-35
1759484367.3276248,0,6,-31
1759484367.365625,-1,0,-46
1759484367.4036248,1,1,-39
1759484367.4416249,3,2,-36
1759484367.477625,7,-2,-36
1759484367.5146248,0,0,-34
1759484367.5536249,-2,-5,-49
1759484367.5916247,-6,-5,-43
1759484367.6276248,3,-5,-34
1759484367.6656249,-1,-3,-37
1759484367.7036247,-4,1,-35
1759484367.7416248,-2,3,-30
1759484367.7776248,-1,-2,-30
1759484367.8156247,2,0,-34
1759484367.8616247,6,-5,-46
1759484367.898625,0,-7,-40
1759484367.9366248,6,-5,-42
1759484367.9736247,6,-4,-35
1759484368.0126247,1,-1,-30
1759484368.0486248,4,-6,-27
1759484368.0866249,-3,-1,-37
1759484368.1246247,1,0,-38
1759484368.1636248,9,2,-31
1759484368.2016249,1,6,-43
1759484368.237625,-1,6,-40
1759484368.2756248,2,3,-39
1759484368.3146248,0,-1,-44
1759484368.352625,1,-7,-43
1759484368.388625,3,-7,-45
1759484368.4276247,3,2,-37
1759484368.4656248,0,2,-31
1759484368.503625,1,-8,-39
1759484368.5406249,-2,-7,-40
1759484368.5776248,9,4,-40
1759484368.615625,1,0,-40
1759484368.6536248,1,4,-48
1759484368.6926248,-1,-2,-37
1759484368.7286248,3,-1,-36
1759484368.7666247,5,-2,-47
1759484368.8036249,4,-3,-50
1759484368.842625,-1,0,-48
1759484368.878625,-6,-1,-40
1759484368.9166248,-3,-3,-42
1759484368.9556248,-3,-5,-46
1759484368.9936247,-3,4,-45
1759484369.0296247,0,-4,-42
1759484369.0666249,-4,0,-36
1759484369.105625,2,2,-30
1759484369.1436248,0,-10,-28
1759484369.1796248,0,1,-36
1759484369.217625,-1,0,-36
1759484369.2546248,1,-5,-39
1759484369.2936249,8,-3,-42
1759484369.329625,1,0,-39
1759484369.3666248,3,-3,-39
1759484369.4056249,2,1,-22
1759484369.4436247,0,-11,-29
1759484369.4796247,-3,-8,-24
1759484369.5186248,0,-9,-28
1759484369.556625,3,-3,-35
1759484369.5946248,8,-7,-38
1759484369.6326249,-1,-6,-34
1759484369.6686249,0,8,-43
1759484369.7066247,-1,1,-54
1759484369.7446249,-9,2,-49
1759484369.783625,-2,0,-44
1759484369.819625,0,1,-43
1759484369.8576248,11,0,-49
1759484369.8946247,1,0,-46
1759484369.9336247,-4,4,-40
1759484369.9696248,0,0,-32
1759484370.0076249,3,0,-39
1759484370.0456247,4,-4,-44
1759484370.0846248,4,-3,-36
1759484370.1206248,2,-7,-36
1759484370.158625,11,-3,-33
1759484370.1966248,6,-1,-38
1759484370.2356248,6,-1,-27
1759484370.273625,0,0,-34
1759484370.309625,-5,0,-36
1759484370.3466249,-1,1,-31
1759484370.3846247,2,-1,-51
1759484370.4236248,2,3,-50
1759484370.4596248,0,1,-39
1759484370.4976249,-1,-7,-30
1759484370.536625,3,-5,-34
1759484370.5746248,-1,-4,-53
1759484370.6106248,3,4,-47
1759484370.6476247,6,3,-46
1759484370.6856248,0,2,-51
1759484370.7246249,7,0,-45
1759484370.760625,-3,-3,-29
1759484370.7996247,0,-3,-36
1759484370.8366249,-7,-6,-51
1759484370.875625,6,-2,-39
1759484370.9136248,1,-1,-33
1759484370.9496248,6,1,-40
1759484370.9866247,0,-3,-38
1759484371.0256248,-2,1,-45
1759484371.0636249,-4,1,-44
1759484371.0996249,-4,1,-46
1759484371.1366248,8,-3,-38
1759484371.1756248,5,-3,-34
1759484371.2136247,5,0,-44
1759484371.2496247,0,-4,-45
1759484371.2886248,-1,-4,-54
1759484371.3256247,-7,-4,-43
1759484371.3646247,-8,3,-43
1759484371.4006248,-3,-2,-33
1759484371.4386249,-4,0,-36
1759484371.4766247,-8,1,-35
1759484371.5156248,0,0,-39
1759484371.5536249,3,4,-38
1759484371.589625,-1,2,-42
1759484371.6276248,7,5,-29
1759484371.6666248,5,3,-22
1759484371.704625,9,-1,-32
1759484371.740625,7,-1,-31
1759484371.7796247,-2,1,-42
1759484371.8176248,-1,-2,-39
1759484371.855625,1,1,-37
1759484371.8916247,7,3,-41
1759484371.9296248,-1,0,-42
1759484371.9666247,5,0,-49
1759484372.0056248,0,8,-37
1759484372.0416248,-5,4,-43
1759484372.079625,3,0,-39
1759484372.1176248,8,-4,-27
1759484372.1556249,7,-9,-25
1759484372.1916249,8,-13,-33
1759484372.230625,4,-8,-41
1759484372.2686248,10,-3,-38
1759484372.3056247,8,-5,-32
1759484372.3446248,-1,-9,-38
1759484372.3806248,0,-1,-35
1759484372.4196248,3,-3,-46
1759484372.4566247,2,-3,-42
1759484372.4956248,-3,5,-49
1759484372.5316248,2,0,-45
1759484372.569625,3,-8,-45
1759484372.6066248,-5,1,-30
1759484372.6456249,1,0,-42
1759484372.681625,-3,0,-42
1759484372.7206247,-4,1,-44
1759484372.7586248,2,-3,-36
1759484372.796625,0,3,-57
1759484372.8346248,-4,5,-27
1759484372.8706248,-10,0,-46
1759484372.9076247,-4,-1,-41
1759484372.9466248,1,-5,-37
1759484372.9846249,1,0,-31
1759484373.0206249,0,0,-43
1759484373.0576248,3,4,-41
1759484373.0966249,0,-4,-30
1759484373.1346247,-4,1,-42
1759484373.1706247,9,2,-46
1759484373.207625,0,3,-50
1759484373.2466247,-3,-3,-48
1759484373.2846248,-5,-1,-33
1759484373.3206248,-2,-2,-38
1759484373.3586247,0,0,-49
1759484373.3976247,2,3,-43
1759484373.4356248,1,1,-37
1759484373.4726248,4,3,-36
1759484373.510625,1,1,-43
1759484373.5486248,5,-1,-51
1759484373.5866249,1,-2,-47
1759484373.6226249,0,0,-42
1759484373.6606247,-4,-1,-45
1759484373.6986248,0,-5,-43
1759484373.7366247,0,-8,-29
1759484373.7726247,-2,-1,-33
1759484373.8116248,-1,0,-39
1759484373.8486247,8,1,-45
1759484373.8876247,1,3,-40
1759484373.9256248,1,1,-31
1759484373.9616249,6,-3,-44
1759484373.9986248,6,1,-35
1759484374.036625,2,-1,-31
1759484374.0756247,-2,2,-28
1759484374.1116247,-2,6,-32
1759484374.148625,0,-1,-31
1759484374.1876247,3,-6,-28
1759484374.2256248,0,5,-31
1759484374.2616248,-2,0,-33
1759484374.2996247,-1,-1,-46
1759484374.3386247,-9,2,-39
1759484374.3766248,-8,2,-37
1759484374.4126248,0,1,-49
1759484374.4496248,-7,1,-46
1759484374.487625,-4,4,-42
1759484374.526625,0,-1,-40
1759484374.5626247,-4,-4,-47
1759484374.6006248,6,-3,-40
1759484374.6396248,6,0,-38
1759484374.6776247,2,0,-39
1759484374.7156248,1,4,-30
1759484374.7516248,8,3,-42
1759484374.7896247,8,2,-32
1759484374.8276248,0,-3,-38
1759484374.8666248,4,-5,-36
1759484374.9026248,0,-1,-40
1759484374.9416249,3,6,-50
1759484374.9796247,-8,2,-45
1759484375.0176249,4,0,-38
1759484375.0556247,0,-6,-42
1759484375.0916247,-1,-4,-44
1759484375.1296248,-3,0,-43
1759484375.1676247,-7,1,-40
1759484375.2066247,0,-4,-30
1759484375.2426248,10,-4,-42
1759484375.2806249,0,-1,-30
1759484375.3186247,-4,-3,-36
1759484375.3576248,4,-4,-34
1759484375.3936248,6,-1,-39
1759484375.4326248,8,-1,-35
1759484375.4696248,2,0,-44
1759484375.5086248,2,-1,-35
1759484375.546625,2,-4,-34
1759484375.582625,2,-5,-32
1759484375.6206248,5,2,-41
1759484375.658625,0,0,-37
1759484375.6966248,-1,1,-39
1759484375.7326248,5,-2,-37
1759484375.7706249,5,0,-47
1759484375.8076248,3,-1,-43
1759484375.8466249,4,4,-46
1759484375.8826249,-2,-2,-40
1759484375.9206247,-3,0,-35
1759484375.9596248,0,-1,-43
1759484375.9976249,-1,6,-32
1759484376.033625,0,1,-33
1759484376.0706248,-1,-2,-40
1759484376.1096249,-9,0,-35
1759484376.1476247,-4,0,-36
1759484376.1836247,-6,0,-35
1759484376.2206247,-11,1,-36
1759484376.2596247,0,0,-38
1759484376.2976248,-10,0,-33
1759484376.3336248,3,-1,-31
1759484376.3706248,0,1,-33
1759484376.4096248,-2,0,-24
1759484376.4476247,-6,-8,-29
1759484376.4836247,-4,-7,-33
1759484376.5226247,0,0,-43
1759484376.559625,5,0,-41
1759484376.5986247,-5,2,-36
1759484376.6366248,-1,2,-34
1759484376.6726248,2,2,-33
1759484376.7096248,-1,5,-52
1759484376.7486248,0,1,-43
1759484376.786625,3,3,-42
1759484376.8226247,-4,-7,-35
1759484376.8606248,0,-4,-33
1759484376.898625,6,-7,-46
1759484376.9376247,4,-7,-24
1759484376.9736247,-1,-8,-41
1759484377.0116248,0,-4,-36
1759484377.0506248,-5,-4,-29
1759484377.0886247,-5,-2,-27
1759484377.125625,-1,-5,-20
1759484377.1626248,-2,2,-38
1759484377.2016249,-7,7,-40
1759484377.2386248,-4,0,-42
1759484377.2776248,-7,0,-42
1759484377.3136249,-2,-1,-32
1759484377.3516247,-7,-5,-39
1759484377.3896248,-3,-7,-35
1759484377.4286249,3,-3,-43
1759484377.464625,2,-1,-32
1759484377.503625,0,-2,-23
1759484377.5406249,6,-4,-40
1759484377.5786247,3,-5,-39
1759484377.6176248,8,-9,-46
1759484377.6536248,0,-4,-39
1759484377.6906247,-4,0,-47
1759484377.7296247,1,-2,-42
1759484377.7676249,4,-6,-45
1759484377.8036249,-5,-2,-46
1759484377.8416247,0,-7,-48
1759484377.8876247,0,-4,-40
1759484377.9236248,-3,-2,-34
1759484377.9616249,1,0,-33
1759484377.9996247,3,4,-32
1759484378.0386248,3,0,-38
1759484378.0746248,3,3,-38
1759484378.1116247,1,0,-33
1759484378.1496248,6,0,-30
1759484378.1886249,3,0,-46
1759484378.2246249,1,-4,-31
1759484378.2626247,0,0,-40
1759484378.3006248,-2,-1,-34
1759484378.339625,-4,2,-28
1759484378.3776248,0,-2,-25
1759484378.4136248,2,0,-38
1759484378.4516249,5,-1,-38
1759484378.4896247,6,-4,-40
1759484378.5276248,8,5,-37
1759484378.5636249,1,1,-28
1759484378.6016247,-3,5,-39
1759484378.6396248,-7,-1,-33
1759484378.6756248,-6,-4,-29
1759484378.7136247,1,-2,-35
1759484378.7526248,3,-5,-33
1759484378.7896247,1,-3,-42
1759484378.8286247,0,-4,-39
1759484378.8646247,4,-4,-40
1759484378.9026248,1,2,-30
1759484378.9416249,5,4,-44
1759484378.9796247,-1,-1,-28
1759484379.0156248,2,-2,-29
1759484379.0546248,3,-1,-45
1759484379.0916247,4,5,-40
1759484379.1296248,3,1,-37
1759484379.1686249,-2,-4,-42
1759484379.204625,-5,-3,-37
1759484379.2436247,-6,-2,-47
1759484379.2816248,6,0,-32
1759484379.319625,-3,-1,-47
1759484379.355625,-2,-6,-32
1759484379.3936248,0,-3,-27
1759484379.431625,0,-6,-37
1759484379.4706247,-4,-5,-44
1759484379.5086248,-3,-4,-42
1759484379.5446248,-7,-4,-45
1759484379.5836248,-2,2,-35
1759484379.6206248,-3,0,-43
1759484379.6596248,-3,2,-42
1759484379.6956248,-6,1,-38
1759484379.7336247,-2,0,-41
1759484379.7706249,-5,-2,-36
1759484379.809625,-8,-2,-44
1759484379.8456247,-6,-1,-32
1759484379.8846247,0,-4,-47
1759484379.921625,2,0,-47
1759484379.9606247,-3,3,-35
1759484379.9986248,-1,-10,-29
1759484380.0346248,2,-7,-43
1759484380.0716248,6,6,-32
1759484380.1106248,6,-5,-39
1759484380.148625,0,-8,-54
1759484380.184625,5,-7,-51
1759484380.2226248,8,-6,-36
1759484380.2616248,5,-4,-29
1759484380.2996247,2,-2,-38
1759484380.3356247,5,-3,-41
1759484380.3746247,-5,0,-49
1759484380.411625,1,4,-42
1759484380.4506247,-1,0,-33
1759484380.4866247,-1,2,-44
1759484380.523625,-1,1,-39
1759484380.5616248,-3,9,-34
1759484380.6006248,4,6,-28
1759484380.6366248,11,0,-32
1759484380.6746247,0,2,-44
1759484380.7126248,-2,1,-44
1759484380.750625,5,-2,-49
1759484380.786625,2,4,-42
1759484380.8236248,6,-6,-42
1759484380.8616247,0,3,-47
1759484380.9006248,-3,1,-32
1759484380.9366248,0,2,-29
1759484380.9736247,-5,0,-25
1759484381.0116248,0,0,-45
1759484381.0506248,1,-5,-38
1759484381.0866249,-1,-6,-37
1759484381.125625,-3,-2,-35
1759484381.1636248,0,-4,-45
1759484381.2016249,0,1,-47
1759484381.2396247,1,-6,-37
1759484381.2756248,7,-4,-46
1759484381.3126247,-5,-5,-43
1759484381.3516247,-1,-5,-39
1759484381.3896248,11,5,-37
1759484381.4256248,10,8,-40
1759484381.4626248,0,4,-37
1759484381.5016248,-1,5,-32
1759484381.5396247,3,0,-35
1759484381.5756247,-6,-4,-41
1759484381.6146247,1,-2,-31
1759484381.651625,1,0,-44
1759484381.6906247,-2,7,-33
1759484381.727625,-7,7,-28
1759484381.7646248,-3,0,-32
1759484381.8036249,2,-1,-41
1759484381.8416247,4,-1,-41
1759484381.8796248,-4,-1,-41
1759484381.9156249,-7,-5,-29
1759484381.9536247,0,2,-25
1759484381.9916248,7,2,-30
1759484382.0306249,-3,1,-31
1759484382.0666249,0,1,-32
1759484382.1046247,-10,3,-31
1759484382.1416247,-9,-5,-27
1759484382.1806247,4,-1,-27
1759484382.2166247,0,0,-28
1759484382.2556248,0,-2,-26
1759484382.2936249,2,0,-34
1759484382.3316247,-2,2,-44
1759484382.3676248,-1,7,-40
1759484382.4046247,-1,-1,-29
1759484382.4436247,2,-3,-34
1759484382.4816248,4,-4,-37
1759484382.5176249,4,0,-39
1759484382.5556247,1,-1,-39
1759484382.5936248,1,5,-47
1759484382.6316247,4,3,-42
1759484382.6676247,0,-2,-40
1759484382.7066247,4,2,-43
1759484382.7436247,3,0,-38
1759484382.7826247,4,-5,-42
1759484382.8206248,0,-3,-35
1759484382.8566248,-4,1,-36
1759484382.8936248,-1,3,-41
1759484382.9326248,0,0,-43
1759484382.9706247,-6,-3,-28
1759484383.0066247,-5,2,-39
1759484383.0436249,2,-5,-31
1759484383.082625,-3,-9,-22
1759484383.1206248,1,-3,-49
1759484383.1566248,-3,0,-45
1759484383.194625,0,-2,-47
1759484383.2326248,-5,0,-50
1759484383.2706249,0,-5,-47
1759484383.306625,-5,0,-38
1759484383.3446248,-1,0,-38
1759484383.3826249,0,-4,-40
1759484383.4206247,-5,-5,-44
1759484383.4566247,-3,-6,-41
1759484383.4956248,-1,0,-46
1759484383.5326247,6,-1,-41
1759484383.5716248,10,0,-44
1759484383.6076248,3,9,-42
1759484383.6456249,0,0,-46
1759484383.6826248,-1,3,-43
1759484383.7216249,1,0,-26
1759484383.7576249,0,-5,-18
1759484383.796625,-4,-1,-35
1759484383.8336248,3,0,-28
1759484383.8726249,5,-4,-33
1759484383.908625,0,-4,-34
1759484383.9466248,-1,6,-26
1759484383.9836247,-2,0,-36
1759484384.0226247,1,0,-42
1759484384.0586247,-2,1,-35
1759484384.0976248,-3,3,-32
1759484384.1346247,-1,3,-36
1759484384.1726248,0,6,-37
1759484384.2116249,2,0,-36
1759484384.2476249,-1,0,-30
1759484384.2846248,0,-5,-37
1759484384.3226247,-7,-6,-33
1759484384.3616247,0,-3,-43
1759484384.3976247,0,-5,-39
1759484384.4356248,0,0,-34
1759484384.4746249,-2,-2,-36
1759484384.5126247,1,5,-42
1759484384.5496247,-2,0,-52
1759484384.5866249,4,-7,-33
1759484384.6246247,-6,-4,-34
1759484384.6636248,-2,0,-39
1759484384.7016249,-1,0,-40
1759484384.737625,-3,-3,-31
1759484384.7756248,1,4,-28
1759484384.8136249,1,0,-36
1759484384.852625,-5,-1,-38
1759484384.888625,-11,-6,-39
1759484384.9266248,3,-3,-50
1759484384.964625,5,0,-36
1759484385.003625,2,-1,-30
1759484385.0416248,-1,0,-32
1759484385.0776248,0,-3,-27
1759484385.115625,0,2,-35
1759484385.1536248,2,-2,-40
1759484385.1926248,0,0,-45
1759484385.2286248,5,0,-47
1759484385.2656248,5,0,-36
1759484385.3046248,-2,-1,-19
1759484385.342625,0,0,-23
1759484385.378625,-1,3,-22
1759484385.4166248,3,0,-40
1759484385.4556248,0,-3,-35
1759484385.4936247,1,0,-43
1759484385.5316248,-6,5,-34
1759484385.5676248,2,0,-39
1759484385.605625,-1,-1,-40
1759484385.6436248,2,0,-39
1759484385.6796248,1,-4,-40
1759484385.7186248,-3,-11,-45
1759484385.7556248,1,-6,-31
1759484385.7946248,-1,5,-24
1759484385.832625,-1,0,-36
1759484385.8686247,2,-6,-38
1759484385.9056249,-5,-1,-46
1759484385.9436247,-4,2,-31
1759484385.9826248,-3,-7,-40
1759484386.0186248,-4,-3,-46
1759484386.056625,-7,0,-32
1759484386.0946248,2,-4,-31
1759484386.1336248,5,-6,-32
1759484386.1696248,6,-1,-42
1759484386.2086248,8,-5,-41
1759484386.2456248,-3,1,-37
1759484386.283625,-2,-9,-37
1759484386.3226247,6,-5,-30
1759484386.3586247,0,-1,-35
1759484386.3966248,6,1,-33
1759484386.4356248,0,3,-30
1759484386.4736247,2,1,-28
1759484386.5096247,1,3,-29
1759484386.5476248,-2,5,-35
1759484386.5856247,-2,0,-35
1759484386.6236248,1,-2,-37
1759484386.6596248,-2,-3,-39
1759484386.6986248,2,0,-38
1759484386.7366247,-1,2,-28
1759484386.7746248,-8,0,-34
1759484386.8126247,-3,0,-29
1759484386.8486247,6,8,-47
1759484386.8866248,3,-2,-45
1759484386.9246247,0,1,-45
1759484386.9626248,0,0,-38
1759484386.9986248,4,0,-40
1759484387.036625,9,-3,-48
1759484387.0746248,6,-1,-33
1759484387.1136248,0,-11,-43
1759484387.1496248,0,0,-48
1759484387.1866248,-6,1,-37
1759484387.2256248,-8,-4,-33
1759484387.263625,-7,-2,-41
1759484387.2996247,0,-4,-36
1759484387.3376248,0,-4,-45
1759484387.375625,-2,-8,-41
1759484387.4146247,7,0,-37
1759484387.4506247,0,-5,-49
1759484387.4886248,3,2,-35
1759484387.5276248,-1,-1,-28
1759484387.5656247,2,-1,-51
1759484387.6036248,4,-4,-48
1759484387.6396248,8,-4,-38
1759484387.6786249,0,-5,-27
1759484387.7166247,9,-5,-32
1759484387.7546248,0,1,-38
1759484387.7906249,1,0,-39
1759484387.8286247,-1,3,-38
1759484387.8666248,-3,0,-42
1759484387.9106247,2,0,-46
1759484387.9486248,-6,-1,-33
1759484387.9856248,1,0,-37
1759484388.0246248,0,0,-46
1759484388.0606248,-2,-5,-45
1759484388.0986247,1,-6,-45
1759484388.1376247,0,0,-46
1759484388.1756248,-3,0,-45
1759484388.2136247,3,0,-42
1759484388.2496247,-1,-3,-51
1759484388.2886248,-2,-3,-50
1759484388.3256247,4,0,-43
1759484388.3646247,6,-4,-35
1759484388.4006248,5,-4,-36
1759484388.4376247,-5,-1,-47
1759484388.4766247,6,4,-33
1759484388.5146248,1,-1,-42
1759484388.5506248,0,0,-39
1759484388.5876248,-4,1,-41
1759484388.625625,4,-1,-40
1759484388.6646247,2,0,-39
1759484388.7006247,2,-8,-43
1759484388.7386248,2,-6,-30
1759484388.776625,-1,-5,-33
1759484388.8156247,-2,-5,-44
1759484388.8536248,4,1,-38
1759484388.8896248,1,0,-30
1759484388.9276247,-6,3,-43
1759484388.9656248,0,-2,-32
1759484389.003625,0,2,-30
1759484389.0396247,-5,-6,-43
1759484389.0786247,-4,0,-43
1759484389.115625,-3,3,-35
1759484389.1546247,0,5,-23
1759484389.1916249,-9,-1,-39
1759484389.2296247,-6,-1,-33
1759484389.2666247,-3,-6,-30
1759484389.3056247,5,-2,-32
1759484389.3416247,-1,-2,-36
1759484389.3806248,-5,5,-35
1759484389.4186249,-5,3,-29
1759484389.4556248,-4,-5,-38
1759484389.4946249,-1,-4,-38
1759484389.5306249,-2,-2,-39
1759484389.5686247,-2,-12,-50
1759484389.6066248,-3,-3,-34
1759484389.6456249,0,-4,-38
1759484389.681625,-3,-5,-38
1759484389.7196248,0,-4,-37
1759484389.7576249,3,0,-36
1759484389.796625,3,-2,-52
1759484389.8346248,0,-2,-39
1759484389.8706248,-2,1,-42
1759484389.908625,2,0,-31
1759484389.9466248,-6,2,-42
1759484389.9856248,-2,5,-35
1759484390.0216248,4,0,-40
1759484390.0606248,0,-1,-36
1759484390.0986247,0,5,-42
1759484390.1366248,-3,7,-45
1759484390.1746247,2,-2,-49
1759484390.2106247,0,3,-50
1759484390.2476249,0,0,-40
1759484390.286625,2,-7,-40
1759484390.3246248,-1,-5,-40
1759484390.3606248,-4,-3,-40
1759484390.3996248,1,0,-39
1759484390.4366248,5,-5,-41
1759484390.4756248,-9,-4,-44
1759484390.5116248,-2,-3,-34
1759484390.5496247,-2,-3,-40
1759484390.5876248,-3,3,-39
1759484390.6266248,-5,3,-38
1759484390.6646247,-3,1,-37
1759484390.7006247,-5,-3,-39
1759484390.7386248,-4,0,-37
1759484390.7776248,0,-8,-44
1759484390.8156247,-2,-5,-45
1759484390.8516247,-2,0,-33
1759484390.888625,-3,-4,-42
1759484390.9266248,1,-3,-48
1759484390.9656248,1,-1,-31
1759484391.0016248,-2,-3,-24
1759484391.0406249,3,-5,-47
1759484391.0786247,-6,-8,-45
1759484391.1166248,-6,-5,-43
1759484391.1526248,-8,-4,-40
1759484391.1906247,0,1,-30
1759484391.2286248,-4,2,-41
1759484391.2666247,-4,4,-40
1759484391.3056247,-5,-1,-37
1759484391.3416247,-1,2,-29
1759484391.3796248,-3,2,-30
1759484391.4166248,-8,0,-37
1759484391.4556248,0,-3,-31
1759484391.4916248,1,-4,-36
1759484391.5296247,-1,-1,-37
1759484391.5676248,-1,3,-48
1759484391.605625,2,2,-38
1759484391.6416247,1,0,-44
1759484391.6796248,0,0,-48
1759484391.717625,2,0,-37
1759484391.7556248,7,2,-39
1759484391.7916248,2,3,-40
1759484391.829625,-3,8,-28
1759484391.8676248,6,11,-25
1759484391.9056249,1,2,-44
1759484391.9416249,-3,6,-37
1759484391.9796247,0,0,-40
1759484392.0176249,-4,0,-35
1759484392.056625,5,4,-32
1759484392.092625,4,1,-37
1759484392.1306248,0,0,-32
1759484392.1676247,0,-3,-41
1759484392.2066247,1,-2,-38
1759484392.2426248,3,1,-42
1759484392.2796247,9,0,-34
1759484392.3176248,2,4,-39
1759484392.3566248,-5,7,-26
1759484392.3926249,4,1,-31
1759484392.4296248,7,0,-22
1759484392.467625,-2,-3,-33
1759484392.5066247,5,2,-46
1759484392.5426247,1,1,-39
1759484392.5806248,6,3,-43
1759484392.6176248,6,1,-30
1759484392.6566248,0,5,-39
1759484392.6926248,4,5,-44
1759484392.730625,-3,-2,-30
1759484392.7676249,-2,0,-31
1759484392.806625,2,1,-24
1759484392.842625,3,-2,-30
1759484392.8806248,-3,-2,-35
1759484392.9176247,0,3,-33
1759484392.9566247,-2,8,-43
1759484392.9926248,-5,0,-32
1759484393.0306249,0,-2,-38
1759484393.0686247,2,-1,-37
1759484393.1066248,-2,-3,-43
1759484393.1426249,3,1,-31
1759484393.1806247,0,0,-33
1759484393.217625,-4,4,-37
1759484393.2566247,-1,0,-50
1759484393.2926247,2,-2,-39
1759484393.3306248,-2,5,-44
1759484393.3696249,-7,-1,-27
1759484393.4076247,-6,-5,-37
1759484393.4436247,-3,0,-35
1759484393.4816248,-8,-1,-40
1759484393.5186248,-2,-1,-42
1759484393.5576248,-6,5,-39
1759484393.5936248,-2,5,-43
1759484393.6316247,-4,-2,-38
1759484393.6686249,-4,-6,-42
1759484393.707625,-3,-8,-34
1759484393.7436247,3,-2,-39
1759484393.7816248,6,1,-37
1759484393.8186247,-1,7,-29
1759484393.8576248,2,-4,-38
1759484393.8936248,2,-4,-29
1759484393.931625,-1,-2,-36
1759484393.9686248,0,-1,-27
1759484394.0076249,-3,5,-41
1759484394.0436249,-8,9,-39
1759484394.0816247,-5,-1,-35
1759484394.1196249,0,6,-33
1759484394.158625,2,-3,-45
1759484394.1966248,0,0,-35
1759484394.2326248,-9,-2,-41
1759484394.2706249,-4,-5,-39
1759484394.3086247,-3,-1,-41
1759484394.3476248,-4,-4,-30
1759484394.3836248,1,-3,-33
1759484394.421625,-1,0,-36
1759484394.4606247,4,12,-39
1759484394.4986248,3,3,-34
1759484394.5346248,-2,4,-40
1759484394.5736248,-4,5,-33
1759484394.6116247,0,1,-36
1759484394.6496248,-4,5,-25
1759484394.6876247,-1,9,-35
1759484394.7236247,-4,3,-35
1759484394.7616248,6,-4,-44
1759484394.7996247,6,0,-50
1759484394.8386247,9,-2,-47
1759484394.8746247,0,-2,-54
1759484394.9126248,-8,-1,-40
1759484394.9516249,-2,3,-36
1759484394.9886248,4,4,-34
1759484395.0276248,-9,7,-26
1759484395.0636249,-2,2,-32
1759484395.102625,4,0,-44
1759484395.1406248,1,0,-46
1759484395.1786249,0,1,-26
1759484395.217625,3,0,-36
1759484395.253625,-3,8,-39
1759484395.2906249,3,8,-43
1759484395.329625,1,-2,-33
1759484395.3676248,-1,-1,-39
1759484395.4036248,0,-1,-34
1759484395.4406247,7,-3,-41
1759484395.4796247,1,2,-39
1759484395.5176249,-7,0,-46
1759484395.5536249,-2,0,-38
1759484395.592625,0,-1,-50
1759484395.6306248,-3,2,-50
1759484395.6686249,4,3,-48
1759484395.704625,-2,-1,-38
1759484395.7426248,-5,-2,-40
1759484395.7806249,-5,-3,-32
1759484395.819625,-3,-4,-26
1759484395.8576248,-11,0,-36
1759484395.8936248,4,3,-32
1759484395.9306247,2,0,-37
1759484395.9696248,0,1,-40
1759484396.0076249,-1,3,-49
1759484396.0436249,-3,2,-39
1759484396.0806248,0,2,-23
1759484396.1196249,0,0,-36
1759484396.1556249,1,0,-44
1759484396.1936247,-5,-1,-32
1759484396.230625,-5,0,-39
1759484396.2696247,-5,-7,-35
1759484396.3056247,0,-3,-36
1759484396.3436248,0,-6,-39
1759484396.3806248,-2,-2,-42
1759484396.4196248,0,1,-48
1759484396.4556248,-2,3,-43
1759484396.4936247,2,-5,-49
1759484396.5316248,-3,-2,-41
1759484396.569625,1,-1,-36
1759484396.6086247,-7,-4,-45
1759484396.6446247,-1,2,-47
1759484396.681625,-6,3,-38
1759484396.7196248,-11,3,-27
1759484396.7586248,0,5,-37
1759484396.7946248,-1,1,-40
1759484396.8316247,-8,-4,-35
1759484396.8706248,-4,2,-35
1759484396.908625,4,-7,-45
1759484396.944625,3,-2,-52
1759484396.9816248,-3,3,-45
1759484397.0206249,-1,0,-30
1759484397.0586247,0,1,-30
1759484397.0946248,1,-1,-29
1759484397.1316247,3,-6,-36
1759484397.1706247,0,-2,-40
1759484397.2086248,-2,-1,-37
1759484397.2446249,3,0,-38
1759484397.2816248,-3,-2,-35
1759484397.3206248,0,-6,-32
1759484397.3586247,-5,3,-40
1759484397.3946247,-3,3,-41
1759484397.431625,-1,-2,-43
1759484397.4706247,1,-1,-45
1759484397.5086248,-6,-2,-41
1759484397.5446248,-9,0,-47
1759484397.582625,1,8,-50
1759484397.6206248,1,0,-41
1759484397.658625,-1,-1,-32
1759484397.694625,-1,-1,-36
1759484397.7326248,2,-1,-32
1759484397.7716248,0,-2,-39
1759484397.809625,-2,0,-46
1759484397.8456247,0,-2,-42
1759484397.8846247,11,-6,-34
1759484397.9296248,3,-3,-32
1759484397.9656248,2,0,-32
1759484398.003625,0,0,-45
1759484398.0406249,2,0,-44
1759484398.079625,-3,-2,-54
1759484398.115625,-5,0,-44
1759484398.1536248,1,-1,-47
1759484398.1906247,3,1,-43
1759484398.2296247,6,0,-42
1759484398.2656248,4,0,-34
1759484398.3036249,-1,1,-40
1759484398.3406248,1,2,-34
1759484398.3796248,2,5,-31
1759484398.4156249,1,0,-41
1759484398.4526248,6,0,-36
1759484398.490625,-1,-6,-53
1759484398.5296247,1,-7,-45
1759484398.5656247,0,-1,-39
1759484398.602625,-7,-4,-52
1759484398.6416247,-9,2,-46
1759484398.6796248,0,7,-47
1759484398.7156248,-2,0,-44
1759484398.7526248,-1,1,-43
1759484398.7916248,-6,-1,-56
1759484398.829625,1,-3,-34
1759484398.865625,0,2,-33
1759484398.9026248,0,-7,-36
1759484398.9416249,1,-2,-38
1759484398.9796247,-2,0,-26
1759484399.0156248,0,-3,-40
1759484399.0546248,-4,-3,-36
1759484399.0916247,0,-1,-24
1759484399.1306248,7,3,-33
1759484399.1666248,6,1,-34
1759484399.204625,3,6,-39
1759484399.2416248,-2,-2,-36
1759484399.2806249,4,-1,-35
1759484399.3166249,11,-4,-42
1759484399.3546247,-2,0,-29
1759484399.3926249,-1,-4,-36
1759484399.431625,-3,-2,-53
1759484399.4696248,6,0,-40
1759484399.5056248,-5,4,-47
1759484399.5436249,-2,3,-41
1759484399.5816247,-7,1,-45
1759484399.6206248,-8,2,-31
1759484399.6566248,-4,-1,-29
1759484399.694625,4,-3,-38
1759484399.7326248,-1,1,-39
1759484399.7716248,1,0,-40
1759484399.8076248,6,0,-39
1759484399.8446248,2,-3,-34
1759484399.8826249,-1,1,-34
1759484399.921625,-5,2,-41
1759484399.957625,-12,-2,-36
1759484399.9966247,5,-4,-41
1759484400.0346248,-1,-1,-35
1759484400.0726247,-2,-7,-45
1759484400.1106248,-9,-2,-41
1759484400.1466248,-2,-8,-45
1759484400.1856248,-3,0,-35
1759484400.2236247,4,-4,-34
1759484400.2616248,-2,-10,-28
1759484400.2976248,-6,-4,-23
1759484400.3366249,-5,1,-40
1759484400.3746247,-1,8,-32
1759484400.4126248,1,1,-35
1759484400.4506247,0,-2,-39
1759484400.4866247,-1,-5,-37
1759484400.5246248,-4,-11,-43
1759484400.5626247,3,-4,-45
1759484400.6016247,7,-2,-38
1759484400.6376247,0,-2,-34
1759484400.6766248,-1,0,-39
1759484400.7136247,0,3,-43
1759484400.7526248,-3,5,-40
1759484400.7906249,-1,2,-29
1759484400.8266249,-1,-5,-35
1759484400.865625,-1,-4,-30
1759484400.9026248,8,-2,-39
1759484400.9416249,2,0,-41
1759484400.977625,-2,2,-34
1759484401.0156248,3,0,-33
1759484401.0546248,0,0,-34
1759484401.092625,1,0,-40
1759484401.1306248,11,2,-43
1759484401.1666248,2,-3,-37
1759484401.204625,6,0,-36
1759484401.2436247,1,4,-28
1759484401.2816248,0,1,-30
1759484401.3176248,-4,2,-29
1759484401.3566248,-1,6,-42
1759484401.3936248,-3,0,-41
1759484401.4326248,0,-3,-38
1759484401.4686248,-1,-6,-40
1759484401.5076249,2,0,-44
1759484401.5446248,-7,0,-40
1759484401.582625,0,0,-37
1759484401.6216247,0,-3,-37
1759484401.6576247,-7,3,-32
1759484401.6956248,4,-5,-28
1759484401.7336247,-2,-4,-34
1759484401.7726247,1,0,-42
1759484401.809625,0,0,-43
1759484401.8466249,0,5,-44
1759484401.8846247,-3,-6,-26
1759484401.9226248,6,-5,-37
1759484401.9616249,0,-5,-36
1759484401.9986248,4,-5,-42
1759484402.036625,5,-5,-36
1759484402.0746248,0,-3,-35
1759484402.112625,-2,0,-30
1759484402.148625,0,-5,-28
1759484402.1856248,-2,2,-39
1759484402.2246249,-6,0,-43
1759484402.2626247,-1,6,-39
1759484402.2986248,0,0,-46
1759484402.3356247,-2,-2,-49
1759484402.3746247,-7,1,-51
1759484402.4126248,-4,-4,-40
1759484402.4486248,-1,1,-31
1759484402.487625,-2,1,-40
1759484402.5246248,-1,0,-44
1759484402.5636249,0,0,-36
1759484402.6016247,5,4,-40
1759484402.6376247,-4,2,-50
1759484402.6756248,-7,0,-45
1759484402.7136247,-10,3,-37
1759484402.7516248,-9,2,-33
1759484402.7876248,-6,-6,-28
1759484402.8256247,-3,-1,-35
1759484402.8636248,-2,-1,-34
1759484402.901625,1,7,-35
1759484402.9376247,-2,0,-32
1759484402.9756248,11,-5,-29
1759484403.013625,0,0,-41
1759484403.0496247,3,3,-48
1759484403.0876248,-5,1,-48
1759484403.125625,-10,0,-32
1759484403.1636248,-1,-5,-29
1759484403.1996248,1,-1,-32
1759484403.237625,4,3,-40
1759484403.276625,7,-1,-32
1759484403.3136249,0,-1,-35
1759484403.352625,3,7,-29
1759484403.388625,1,11,-32
1759484403.4256248,-5,1,-49
1759484403.4636247,-12,-3,-46
1759484403.5026248,-7,-5,-31
1759484403.5386248,0,-5,-31
1759484403.5756247,0,0,-45
1759484403.6146247,2,-2,-37
1759484403.6526248,-3,-6,-47
1759484403.6886249,-2,-5,-42
1759484403.7266247,-1,5,-41
1759484403.7646248,-3,-3,-35
1759484403.8036249,-1,-1,-43
1759484403.839625,7,-4,-38
1759484403.8776248,-1,-6,-44
1759484403.9166248,0,-1,-28
1759484403.954625,2,0,-26
1759484403.9926248,0,0,-34
1759484404.0286248,3,-3,-32
1759484404.0656247,3,-2,-38
1759484404.1046247,2,-4,-29
1759484404.1426249,-2,-3,-39
1759484404.1786249,-1,-2,-45
1759484404.217625,0,0,-44
1759484404.2556248,-5,2,-42
1759484404.2936249,-7,-2,-44
1759484404.329625,-4,1,-38
1759484404.3686247,0,0,-33
1759484404.4056249,-6,7,-43
1759484404.444625,-5,3,-35
1759484404.4826248,0,-1,-26
1759484404.5186248,-1,0,-29
1759484404.5556247,-5,-3,-42
1759484404.5946248,1,2,-32
1759484404.6326249,1,2,-29
1759484404.6686249,0,1,-51
1759484404.7056248,3,-2,-47
1759484404.7446249,3,-2,-31
1759484404.7806249,2,0,-32
1759484404.8186247,-1,-5,-36
1759484404.855625,-1,-8,-42
1759484404.8946247,-3,-3,-39
1759484404.9306247,2,-7,-42
1759484404.967625,2,2,-46
1759484405.0066247,5,7,-26
1759484405.0446248,0,0,-24
1759484405.0806248,-4,-2,-34
1759484405.1196249,-4,-8,-43
1759484405.1566248,-2,2,-50
1759484405.1956248,-6,0,-51
1759484405.2336247,-8,0,-44
1759484405.2696247,1,0,-43
1759484405.306625,-2,0,-36
1759484405.3446248,1,-6,-37
1759484405.3836248,0,1,-38
1759484405.4196248,3,-1,-35
1759484405.4566247,4,0,-36
1759484405.4956248,0,0,-28
1759484405.533625,4,1,-36
1759484405.569625,1,5,-33
1759484405.6066248,-9,6,-37
1759484405.6456249,-4,-3,-35
1759484405.6836247,-2,0,-35
1759484405.7196248,0,0,-35
1759484405.7566247,2,-2,-30
1759484405.7956247,5,0,-48
1759484405.8336248,1,0,-42
1759484405.8696249,0,4,-37
1759484405.9066248,-2,5,-37
1759484405.9456248,-6,0,-37
1759484405.9836247,-3,-1,-33
1759484406.0196247,-5,1,-39
1759484406.0576248,0,7,-45
1759484406.0956247,0,3,-34
1759484406.1346247,-2,5,-36
1759484406.1706247,-7,-5,-45
1759484406.2096248,-6,1,-35
1759484406.2476249,-11,-1,-24
1759484406.2856247,-10,2,-40
1759484406.3236248,0,1,-43
1759484406.3596249,0,2,-35
1759484406.3976247,0,-2,-42
1759484406.4356248,-2,2,-37
1759484406.4736247,-1,0,-36
1759484406.5096247,-5,-2,-31
1759484406.5476248,3,-2,-29
1759484406.5866249,3,4,-27
1759484406.6246247,8,0,-22
1759484406.6606247,7,-2,-32
1759484406.6986248,2,-7,-40
1759484406.7366247,5,-4,-37
1759484406.7746248,5,3,-45
1759484406.8116248,-2,-4,-45
1759484406.8486247,-4,-3,-32
1759484406.8876247,2,-7,-38
1759484406.9256248,3,-4,-33
1759484406.9616249,2,-1,-39
1759484406.9986248,0,-1,-48
1759484407.036625,4,0,-36
1759484407.0756247,0,3,-37
1759484407.1116247,-4,0,-41
1759484407.148625,5,0,-44
1759484407.1876247,-1,0,-43
1759484407.2256248,1,2,-26
1759484407.2616248,6,1,-26
1759484407.2996247,1,5,-32
1759484407.3366249,-4,-6,-35
1759484407.375625,-1,-5,-47
1759484407.411625,0,3,-42
1759484407.4486248,5,0,-28
1759484407.487625,1,3,-47
1759484407.5256248,0,2,-46
1759484407.5616248,-1,2,-41
1759484407.5986247,0,-1,-39
1759484407.6366248,-4,3,-33
1759484407.6756248,-3,2,-51
1759484407.7116249,0,-2,-46
1759484407.7496247,0,0,-50
1759484407.7876248,-3,-1,-44
1759484407.8266249,-3,4,-32
1759484407.8646247,1,-4,-39
1759484407.9006248,8,-1,-42
1759484407.9466248,-4,-5,-28
1759484407.9846249,-3,-1,-34
1759484408.0206249,3,2,-37
1759484408.0586247,-9,-2,-36
1759484408.0966249,1,3,-36
1759484408.1346247,-6,0,-44
1759484408.1706247,0,-1,-41
1759484408.2086248,-2,-4,-44
1759484408.2466247,-1,-7,-41
1759484408.2856247,3,1,-36
1759484408.3216248,0,0,-35
1759484408.3586247,-10,2,-34
1759484408.3966248,1,-2,-28
1759484408.4356248,3,-2,-29
1759484408.4716249,1,2,-36
1759484408.5086248,-3,4,-49
1759484408.546625,0,1,-54
1759484408.5856247,-1,0,-36
1759484408.6216247,0,2,-34
1759484408.658625,-3,-3,-35
1759484408.6966248,3,-6,-32
1759484408.7356248,-4,-5,-24
1759484408.7716248,1,-4,-29
1759484408.8086247,-5,-5,-36
1759484408.8466249,-1,-4,-45
1759484408.885625,0,4,-39
1759484408.921625,0,3,-37
1759484408.9586248,1,-1,-41
1759484408.9966247,-7,5,-46
1759484409.0356247,0,0,-47
1759484409.0716248,0,0,-31
1759484409.1086247,0,-3,-46
1759484409.1476247,-6,-2,-36
1759484409.1856248,-7,-1,-37
1759484409.2216249,-5,5,-46
1759484409.2586248,4,4,-41
1759484409.2976248,4,0,-43
1759484409.3356247,-2,3,-34
1759484409.3716247,0,1,-38
1759484409.408625,0,-4,-48
1759484409.4476247,0,-4,-48
1759484409.4856248,-5,1,-39
1759484409.5216248,-7,1,-42
1759484409.559625,3,0,-48
1759484409.5976248,-2,1,-35
1759484409.6366248,-5,-2,-27
1759484409.6726248,2,4,-26
1759484409.7096248,6,6,-36
1759484409.7476249,2,0,-40
1759484409.786625,1,-4,-29
1759484409.8226247,-5,-3,-26
1759484409.8616247,-4,-5,-30
1759484409.8996248,-5,-3,-41
1759484409.9376247,-1,2,-53
1759484409.9756248,-2,-1,-47
1759484410.0126247,1,0,-55
1759484410.0496247,-2,0,-43
1759484410.0886247,-2,1,-38
1759484410.1266248,1,-1,-33
1759484410.1626248,3,0,-28
1759484410.2006247,-2,4,-37
1759484410.2386248,-7,-3,-27
1759484410.2776248,-2,-3,-37
1759484410.3136249,-1,-2,-43
1759484410.3516247,0,-5,-42
1759484410.3896248,0,-8,-28
1759484410.4276247,0,-1,-36
1759484410.4666247,-4,2,-36
1759484410.5026248,-8,-2,-43
1759484410.5406249,1,-7,-42
1759484410.579625,1,0,-33
1759484410.6176248,4,2,-40
1759484410.6536248,4,-5,-39
1759484410.6916249,5,-9,-29
1759484410.7296247,-2,2,-38
1759484410.7676249,-5,-4,-46
1759484410.8036249,-7,0,-32
1759484410.8416247,0,2,-34
1759484410.8806248,2,-5,-38
1759484410.9186249,0,2,-34
1759484410.9566247,-8,-1,-45
1759484410.9926248,-9,0,-33
1759484411.0306249,-7,2,-35
1759484411.0686247,1,-6,-30
1759484411.1066248,-4,1,-33
1759484411.1426249,-1,2,-38
1759484411.1806247,-3,-1,-38
1759484411.2186248,3,0,-39
1759484411.2576249,-1,0,-47
1759484411.2936249,-4,0,-41
1759484411.3316247,4,2,-38
1759484411.3706248,-2,-1,-32
1759484411.408625,6,0,-48
1759484411.4466248,3,-6,-40
1759484411.4826248,-10,-4,-37
1759484411.5216248,3,6,-41
1759484411.5586247,1,2,-35
1759484411.5976248,8,-1,-40
1759484411.6336248,8,1,-47
1759484411.6706247,-3,-9,-37
1759484411.7096248,-2,0,-38
1759484411.7476249,-8,1,-50
1759484411.783625,-8,-2,-39
1759484411.8216248,-4,1,-41
1759484411.8596249,-1,-5,-29
1759484411.898625,-3,-3,-39
1759484411.934625,3,0,-24
1759484411.9716249,4,-7,-25
1759484412.010625,0,1,-40
1759484412.0486248,2,0,-29
1759484412.0846248,-1,1,-39
1759484412.1216247,-2,0,-38
1759484412.1596248,0,-1,-45
1759484412.1986248,1,0,-43
1759484412.2346249,-2,0,-45
1759484412.2726247,4,0,-35
1759484412.3106248,7,2,-45
1759484412.3486247,3,6,-44
1759484412.3876247,6,2,-35
1759484412.4246247,1,-1,-39
1759484412.4616249,-5,-3,-28
1759484412.4996247,-5,-3,-40
1759484412.5386248,-6,-4,-49
1759484412.5746248,0,1,-38
1759484412.6116247,4,6,-38
1759484412.6506248,1,4,-46
1759484412.6886249,-4,5,-31
1759484412.7246249,-6,7,-42
1759484412.763625,-4,0,-35
1759484412.8006248,2,2,-49
1759484412.839625,4,3,-33
1759484412.8776248,2,3,-35
1759484412.9136248,-1,-1,-35
1759484412.9526248,0,1,-44
1759484412.9896247,3,0,-40
1759484413.0286248,6,0,-34
1759484413.0656247,3,-2,-26
1759484413.102625,6,2,-33
1759484413.1406248,7,-1,-31
1759484413.1796248,3,-3,-39
1759484413.217625,3,1,-27
1759484413.253625,0,4,-38
1759484413.2926247,2,-2,-41
1759484413.3306248,-6,-6,-50
1759484413.3686247,-7,-4,-37
1759484413.4046247,-3,-5,-40
1759484413.4436247,-1,-4,-38
1759484413.4816248,-1,2,-37
1759484413.5196247,0,1,-39
1759484413.5556247,5,-4,-47
1759484413.5936248,-2,-9,-35
1759484413.6306248,-8,-6,-43
1759484413.6696248,3,0,-40
1759484413.7056248,-1,5,-44
1759484413.7436247,0,-3,-44
1759484413.7816248,-2,-1,-43
1759484413.819625,0,6,-32
1759484413.855625,-8,-2,-28
1759484413.8936248,-3,0,-32
1759484413.931625,-1,-1,-40
1759484413.9696248,-6,-6,-37
1759484414.0086248,0,-5,-39
1759484414.0446248,0,-2,-46
1759484414.0836248,-3,4,-43
1759484414.1216247,0,1,-32
1759484414.1596248,0,0,-22
1759484414.1956248,6,-3,-30
1759484414.2326248,5,-6,-36
1759484414.2716248,1,-4,-32
1759484414.309625,0,-6,-39
1759484414.3456247,-2,3,-39
1759484414.3836248,-3,3,-36
1759484414.421625,-3,3,-43
1759484414.4606247,-1,3,-43
1759484414.4986248,7,-3,-37
1759484414.5346248,7,1,-38
1759484414.5716248,0,0,-40
1759484414.6106248,-1,-2,-40
1759484414.648625,-4,-4,-50
1759484414.684625,2,-3,-47
1759484414.7236247,2,5,-34
1759484414.760625,0,-3,-40
1759484414.7996247,2,4,-35
1759484414.8356247,0,0,-43
1759484414.8736248,2,0,-39
1759484414.9106247,2,1,-40
1759484414.9496248,-4,-4,-39
1759484414.9856248,0,-4,-36
1759484415.023625,-1,-1,-38
1759484415.0606248,-2,3,-40
1759484415.0996249,4,-1,-40
1759484415.135625,-3,-5,-39
1759484415.1746247,0,5,-45
1759484415.2116249,5,-2,-43
1759484415.250625,0,-4,-30
1759484415.286625,-6,-4,-37
1759484415.3246248,-7,-2,-47
1759484415.3636248,-6,0,-37
1759484415.401625,-5,4,-43
1759484415.4396248,-2,-2,-40
1759484415.4766247,-3,-2,-42
1759484415.5146248,-4,0,-37
1759484415.5516248,0,-3,-42
1759484415.5906248,-2,-1,-48
1759484415.6266248,1,-5,-50
1759484415.6636248,0,-2,-55
1759484415.7026248,0,3,-35
1759484415.740625,-7,-1,-36
1759484415.776625,-8,-4,-37
1759484415.8146248,3,0,-39
1759484415.852625,0,-6,-37
1759484415.8916247,-1,-3,-29
1759484415.9296248,4,1,-31
1759484415.9656248,5,2,-33
1759484416.003625,-1,0,-46
1759484416.0416248,5,0,-31
1759484416.079625,-4,2,-34
1759484416.115625,-3,0,-40
1759484416.1526248,0,-7,-36
1759484416.1916249,0,-3,-46
1759484416.2296247,-3,-3,-46
1759484416.2656248,-4,-7,-55
1759484416.3046248,-6,-5,-45
1759484416.3416247,-2,1,-32
1759484416.3806248,1,-3,-27
1759484416.4176247,2,5,-38
1759484416.454625,5,4,-32
1759484416.4936247,1,-2,-35
1759484416.5316248,-2,-4,-38
1759484416.569625,-2,-1,-43
1759484416.605625,-3,-5,-38
1759484416.6446247,2,-2,-27
1759484416.6826248,-7,-1,-47
1759484416.7206247,-12,-3,-44
1759484416.7566247,-1,-1,-37
1759484416.7946248,6,6,-39
1759484416.832625,0,9,-35
1759484416.8716247,0,6,-39
1759484416.9096248,-4,6,-37
1759484416.9456248,2,0,-39
1759484416.9826248,-3,0,-40
1759484417.0216248,2,0,-42
1759484417.0576248,3,-3,-46
1759484417.0946248,-2,-2,-38
1759484417.1336248,-5,3,-42
1759484417.171625,-3,-1,-38
1759484417.207625,-3,-4,-36
1759484417.2456248,7,5,-37
1759484417.283625,3,0,-48
1759484417.3216248,0,-2,-28
1759484417.3606248,1,-2,-35
1759484417.3966248,0,2,-38
1759484417.4356248,0,0,-29
1759484417.4736247,0,4,-35
1759484417.5116248,2,5,-36
1759484417.5476248,-4,-2,-41
1759484417.5856247,2,-6,-39
1759484417.6246247,12,-6,-41
1759484417.661625,-6,-6,-38
1759484417.7006247,-1,0,-45
1759484417.7366247,-6,7,-33
1759484417.7746248,-9,0,-38
1759484417.8126247,-1,-5,-34
1759484417.8506248,-1,0,-47
1759484417.8866248,-12,2,-49
1759484417.9246247,-3,-2,-40
1759484417.9706247,1,0,-41
1759484418.0066247,0,1,-38
1759484418.0436249,4,7,-45
1759484418.082625,0,2,-44
1759484418.1206248,0,0,-43
1759484418.1566248,-1,0,-42
1759484418.1956248,2,1,-30
1759484418.2336247,-3,0,-39
1759484418.2716248,-4,-3,-39
1759484418.3086247,-4,-3,-46
1759484418.3456247,0,2,-51
1759484418.3836248,1,-3,-36
1759484418.4226248,0,-1,-35
1759484418.4606247,-1,-6,-43
1759484418.4966247,1,-2,-46
1759484418.5356247,-3,5,-38
1759484418.5726247,-1,-2,-34
1759484418.6116247,5,0,-33
1759484418.648625,6,3,-40
1759484418.6866248,0,-2,-36
1759484418.7236247,-3,4,-37
1759484418.7626247,-6,3,-44
1759484418.7986248,-1,-3,-36
1759484418.8366249,-3,0,-42
1759484418.875625,0,-3,-42
1759484418.9126248,5,0,-40
1759484418.9516249,0,0,-34
1759484418.987625,-6,-5,-49
1759484419.026625,-1,6,-49
1759484419.0636249,-4,-3,-48
1759484419.102625,-4,0,-40
1759484419.138625,-2,1,-38
1759484419.1776247,1,-5,-29
1759484419.2156248,-6,0,-36
1759484419.253625,-6,-2,-41
1759484419.2916248,-4,-2,-34
1759484419.3286247,0,0,-42
1759484419.365625,-1,-1,-27
1759484419.4036248,-6,1,-27
1759484419.4426248,0,0,-32
1759484419.4786248,6,2,-42
1759484419.5166247,-1,3,-43
1759484419.5546248,-2,0,-30
1759484419.592625,-2,-8,-22
1759484419.628625,-1,-1,-31
1759484419.6666248,-5,-4,-37
1759484419.704625,0,-2,-24
1759484419.7436247,-6,-1,-33
1759484419.7816248,-6,-6,-29
1759484419.8176248,-1,-3,-35
1759484419.855625,-1,0,-35
1759484419.8946247,0,-1,-31
1759484419.9326248,-3,0,-37
1759484419.9696248,2,3,-34
1759484420.0066247,-2,0,-30
1759484420.0446248,-5,6,-40
1759484420.0836248,0,-3,-35
1759484420.1216247,-2,8,-38
1759484420.1576247,-6,8,-33
1759484420.194625,-2,4,-29
1759484420.2336247,3,4,-21
1759484420.2716248,-4,1,-34
1759484420.3076248,0,-2,-37
1759484420.3466249,3,-4,-36
1759484420.3836248,-2,2,-40
1759484420.4226248,0,4,-31
1759484420.4596248,-1,-1,-34
1759484420.4966247,-7,-3,-35
1759484420.5346248,-6,-1,-42
1759484420.5736248,-2,4,-43
1759484420.6096249,-3,3,-40
1759484420.6476247,-7,-3,-43
1759484420.6856248,-1,1,-43
1759484420.7236247,1,2,-37
1759484420.7626247,11,2,-31
1759484420.7986248,6,3,-30
1759484420.8376248,3,0,-36
1759484420.8746247,3,0,-35
1759484420.9136248,2,0,-32
1759484420.9496248,0,-4,-26
1759484420.987625,0,-1,-31
1759484421.026625,5,-1,-38
1759484421.0636249,2,-4,-31
1759484421.102625,-1,-7,-29
1759484421.138625,5,-6,-36
1759484421.1766248,2,-7,-33
1759484421.214625,4,-4,-33
1759484421.2526248,-1,-4,-31
1759484421.2886248,-4,-4,-32
1759484421.3276248,-1,4,-24
1759484421.3646247,-5,-4,-46
1759484421.4036248,-4,2,-50
1759484421.4396248,0,0,-50
1759484421.4766247,1,4,-24
1759484421.5146248,0,3,-31
1759484421.5536249,-4,2,-24
1759484421.589625,5,5,-28
1759484421.6266248,-2,3,-51
1759484421.6646247,-3,0,-40
1759484421.7036247,-3,2,-34
1759484421.7396247,0,2,-32
1759484421.776625,-2,-1,-32
1759484421.8146248,1,3,-42
1759484421.8536248,1,1,-48
1759484421.8896248,5,-2,-32
1759484421.9266248,2,5,-18
1759484421.964625,6,0,-30
1759484422.003625,2,-5,-37
1759484422.0396247,0,-2,-28
1759484422.0776248,3,0,-23
1759484422.115625,9,-2,-27
1759484422.1546247,-4,0,-22
1759484422.1926248,-5,-2,-23
1759484422.2296247,4,0,-37
1759484422.2686248,5,0,-40
1759484422.3056247,-4,0,-29
1759484422.3446248,-2,2,-35
1759484422.3806248,-1,0,-41
1759484422.4186249,-9,-3,-46
1759484422.4556248,-7,-1,-53
1759484422.4946249,3,0,-35
1759484422.5306249,-8,-2,-38
1759484422.5686247,-2,1,-39
1759484422.6066248,2,1,-41
1759484422.6446247,4,-1,-43
1759484422.6836247,-2,-3,-37
1759484422.7206247,-4,1,-37
1759484422.7576249,-4,3,-38
1759484422.7956247,-2,1,-46
1759484422.8346248,-4,-2,-41
1759484422.8706248,1,-6,-45
1759484422.9076247,-4,-3,-38
1759484422.9456248,0,-5,-37
1759484422.9846249,-1,-3,-35
1759484423.0206249,0,-12,-35
1759484423.059625,4,-4,-36
1759484423.0976248,4,3,-37
1759484423.135625,5,0,-35
1759484423.1736248,-6,0,-41
1759484423.2096248,-2,0,-32
1759484423.2476249,-5,-2,-32
1759484423.2856247,-2,-3,-42
1759484423.3246248,4,-2,-43
1759484423.3606248,0,-1,-39
1759484423.3976247,-4,6,-45
1759484423.4356248,0,3,-36
1759484423.4746249,8,-1,-44
1759484423.510625,7,1,-35
1759484423.5476248,3,2,-37
1759484423.5856247,0,7,-35
1759484423.6246247,0,2,-32
1759484423.6606247,0,-4,-48
1759484423.6996248,4,-4,-34
1759484423.7366247,3,-4,-32
1759484423.7756248,4,0,-28
1759484423.8136249,-1,0,-19
1759484423.8496249,2,4,-35
1759484423.8876247,7,-4,-29
1759484423.9266248,-4,6,-14
1759484423.964625,-9,-5,-26
1759484424.000625,-4,-2,-29
1759484424.0386248,-2,2,-35
1759484424.0776248,2,0,-35
1759484424.115625,0,-1,-37
1759484424.151625,-2,-2,-41
1759484424.1896248,-1,2,-57
1759484424.2286248,-4,-4,-43
1759484424.2656248,-1,3,-44
1759484424.3046248,-1,2,-47
1759484424.3406248,0,0,-32
1759484424.3776248,-1,2,-22
1759484424.4156249,-1,-5,-35
1759484424.454625,-2,-2,-33
1759484424.490625,-2,-2,-40
1759484424.5286248,0,-7,-43
1759484424.5666249,0,-2,-43
1759484424.605625,0,0,-48
1759484424.6416247,0,4,-36
1759484424.6786249,5,2,-34
1759484424.7166247,6,-1,-32
1759484424.7556248,4,-4,-41
1759484424.7916248,4,-2,-34
1759484424.8286247,0,-5,-39
1759484424.8666248,0,-4,-33
1759484424.9056249,1,-4,-39
1759484424.9416249,-10,-2,-33
1759484424.9796247,-1,-8,-30
1759484425.0186248,-4,-2,-35
1759484425.056625,1,-1,-40
1759484425.0946248,5,10,-43
1759484425.1306248,-5,7,-30
1759484425.1696248,-3,-3,-49
1759484425.2066247,-6,-7,-42
1759484425.2456248,3,-4,-37
1759484425.2816248,7,-9,-37
1759484425.319625,9,-7,-35
1759484425.3566248,6,-3,-43
1759484425.3956249,9,5,-48
1759484425.431625,8,0,-34
1759484425.4696248,-3,-3,-40
1759484425.5066247,-2,-1,-39
1759484425.5456247,0,4,-37
1759484425.5816247,1,3,-49
1759484425.6196249,4,1,-45
1759484425.6566248,4,6,-36
1759484425.6956248,-2,5,-32
1759484425.7316248,-4,1,-33
1759484425.7686248,0,2,-30
1759484425.806625,-2,4,-30
1759484425.8456247,4,6,-34
1759484425.8816247,0,4,-39
1759484425.9196248,0,-2,-40
1759484425.9566247,-3,-6,-34
1759484425.9956248,4,7,-28
1759484426.0316248,4,1,-31
1759484426.069625,0,-3,-45
1759484426.1066248,1,-3,-45
1759484426.1456249,-3,-5,-40
1759484426.181625,-5,-4,-38
1759484426.2206247,0,3,-36
1759484426.2576249,-3,4,-40
1759484426.296625,4,-5,-42
1759484426.332625,-3,0,-25
1759484426.3706248,2,4,-28
1759484426.4076247,-5,4,-35
1759484426.4466248,-1,-3,-30
1759484426.4826248,-1,0,-37
1759484426.5206249,0,0,-28
1759484426.5586247,2,2,-38
1759484426.5966249,-6,5,-34
1759484426.6326249,-7,3,-29
1759484426.6706247,0,-3,-40
1759484426.707625,-4,-1,-29
1759484426.7466247,-6,-5,-38
1759484426.7826247,-6,-6,-40
1759484426.8206248,4,-5,-23
1759484426.8586247,1,-3,-40
1759484426.8976247,-2,-2,-35
1759484426.9356248,7,4,-34
1759484426.9726248,3,-1,-34
1759484427.0096247,-4,-2,-26
1759484427.0486248,5,-2,-44
1759484427.0866249,-7,2,-36
1759484427.1226249,-2,-2,-35
1759484427.161625,-2,1,-45
1759484427.1996248,-6,3,-33
1759484427.237625,-2,3,-34
1759484427.2756248,1,-5,-40
1759484427.3116248,4,-2,-42
1759484427.3496249,1,-3,-29
1759484427.388625,2,6,-38
1759484427.4266248,0,-1,-34
1759484427.4626248,-4,3,-31
1759484427.4996247,3,1,-31
1759484427.5376248,0,7,-35
1759484427.5766249,3,-3,-36
1759484427.612625,-2,-1,-41
1759484427.6506248,0,0,-39
1759484427.6886249,-6,-3,-42
1759484427.727625,-2,-7,-41
1759484427.763625,-5,3,-37
1759484427.8026247,-6,4,-40
1759484427.8406248,-5,2,-50
1759484427.878625,-1,-5,-35
1759484427.9166248,-1,3,-43
1759484427.9526248,-8,5,-33
1759484427.9986248,-6,3,-36
1759484428.036625,0,-3,-27
1759484428.0726247,0,-1,-31
1759484428.1116247,-4,0,-25
1759484428.1496248,-2,2,-28
1759484428.1876247,0,1,-47
1759484428.2236247,-4,2,-41
1759484428.2616248,-2,0,-35
1759484428.2986248,-2,1,-40
1759484428.3376248,-4,1,-21
1759484428.3736248,2,0,-27
1759484428.411625,0,-4,-27
1759484428.4486248,0,-3,-21
1759484428.487625,1,1,-29
1759484428.523625,1,5,-39
1759484428.5626247,-3,-2,-25
1759484428.6006248,10,2,-41
1759484428.638625,3,5,-32
1759484428.6766248,8,0,-38
1759484428.7126248,0,-1,-41
1759484428.750625,-1,-2,-40
1759484428.7886248,4,0,-32
1759484428.8276248,-2,-7,-42
1759484428.8636248,6,0,-37
1759484428.9006248,5,-1,-46
1759484428.9386249,8,1,-34
1759484428.977625,4,-2,-38
1759484429.013625,-4,-3,-36
1759484429.0516248,0,2,-36
1759484429.089625,-3,-1,-35
1759484429.128625,4,0,-22
1759484429.1646247,0,-3,-31
1759484429.2016249,1,1,-31
1759484429.2396247,0,-5,-31
1759484429.2786248,-5,-1,-48
1759484429.3146248,-1,1,-40
1759484429.3536248,-2,2,-30
1759484429.3916247,2,2,-38
1759484429.4286249,-4,4,-27
1759484429.467625,-5,-1,-37
1759484429.503625,-8,1,-48
1759484429.5416248,-9,-2,-37
1759484429.5806248,-5,-2,-34
1759484429.6186247,-10,-1,-30
1759484429.6546247,-6,-1,-35
1759484429.6926248,-1,-3,-41
1759484429.730625,-5,-2,-37
1759484429.7686248,-2,0,-33
1759484429.8076248,0,2,-36
1759484429.8436248,3,0,-31
1759484429.8816247,11,-5,-41
1759484429.9196248,-4,-8,-39
1759484429.957625,-7,1,-40
1759484429.9936247,-1,2,-45
1759484430.0316248,6,0,-34
1759484430.069625,-2,5,-31
1759484430.1076248,10,1,-48
1759484430.1436248,2,0,-38
1759484430.1806247,3,-4,-41
1759484430.2196248,7,-6,-39
1759484430.2576249,1,-1,-45
1759484430.2936249,0,0,-43
1759484430.3306248,-4,-1,-33
1759484430.3696249,-2,1,-36
1759484430.4076247,-3,-2,-28
1759484430.4436247,1,5,-39
1759484430.4816248,-8,4,-32
1759484430.5206249,-1,0,-40
1759484430.5586247,0,0,-32
1759484430.5946248,4,1,-49
1759484430.6336248,-1,0,-42
1759484430.6706247,-1,4,-32
1759484430.7096248,-6,-1,-40
1759484430.7476249,4,-6,-33
1759484430.783625,4,1,-35
1759484430.8206248,4,2,-30
1759484430.8596249,-1,-7,-38
1759484430.8976247,-4,-2,-27
1759484430.9336247,-5,0,-40
1759484430.9706247,-6,-1,-36
1759484431.0096247,-3,-2,-33
1759484431.0456247,-1,0,-43
1759484431.0846248,5,2,-49
1759484431.1216247,5,-8,-36
1759484431.1596248,4,0,-39
1759484431.1986248,0,2,-43
1759484431.2346249,4,3,-38
1759484431.2726247,4,7,-42
1759484431.309625,-8,1,-39
1759484431.3486247,-1,1,-36
1759484431.3846247,0,4,-42
1759484431.4226248,-3,-3,-40
1759484431.4596248,-5,0,-35
1759484431.4986248,-4,4,-50
1759484431.5346248,-6,0,-41
1759484431.5726247,2,-6,-44
1759484431.6106248,6,-4,-38
1759484431.648625,1,0,-24
1759484431.684625,2,-4,-42
1759484431.7226248,3,-6,-38
1759484431.760625,-3,0,-37
1759484431.7986248,2,3,-38
1759484431.8346248,0,4,-32
1759484431.8726249,-2,3,-37
1759484431.9106247,0,-8,-38
1759484431.9486248,-5,-4,-37
1759484431.9846249,-6,-1,-42
1759484432.0226247,-2,2,-44
1759484432.0606248,-3,4,-40
1759484432.0996249,5,2,-51
1759484432.135625,3,4,-43
1759484432.1726248,-3,2,-35
1759484432.2106247,0,1,-44
1759484432.2496247,-1,0,-41
1759484432.2856247,-1,-1,-39
1759484432.3246248,-2,11,-35
1759484432.3616247,3,4,-32
1759484432.4006248,3,1,-29
1759484432.4386249,-2,0,-31
1759484432.4746249,-3,-6,-33
1759484432.513625,-7,1,-25
1759484432.5506248,-15,3,-30
1759484432.589625,-8,0,-33
1759484432.625625,0,0,-35
1759484432.6636248,0,-1,-40
1759484432.7006247,-1,-2,-38
1759484432.7396247,-6,-6,-35
1759484432.7756248,-5,3,-33
1759484432.8136249,4,-5,-36
1759484432.852625,3,-5,-33
1759484432.8906248,1,-2,-34
1759484432.9266248,0,0,-40
1759484432.964625,2,-2,-45
1759484433.0026248,1,0,-47
1759484433.0406249,-1,3,-36
1759484433.0766249,0,-2,-40
1759484433.1136248,8,0,-46
1759484433.1526248,5,-1,-38
1759484433.1906247,3,0,-39
1759484433.2266247,-3,3,-45
1759484433.2646248,1,0,-41
1759484433.3026247,0,4,-48
1759484433.3406248,0,-2,-35
1759484433.3766248,3,-5,-36
1759484433.4146247,0,-2,-40
1759484433.4526248,-5,7,-37
1759484433.490625,0,7,-42
1759484433.526625,-2,0,-49
1759484433.5636249,-3,-1,-43
1759484433.602625,-2,0,-33
1759484433.6406248,-7,-3,-37
1759484433.6766248,-11,0,-35
1759484433.7156248,-3,-2,-36
1759484433.7526248,-1,-1,-36
1759484433.7916248,6,4,-38
1759484433.829625,0,0,-44
1759484433.865625,-5,7,-38
1759484433.9036248,-1,0,-36
1759484433.9416249,-2,1,-35
1759484433.980625,-6,-2,-41
1759484434.0166247,-4,1,-41
1759484434.0556247,-13,3,-42
1759484434.092625,-3,2,-44
1759484434.1316247,-6,3,-38
1759484434.1696248,-1,-3,-39
1759484434.2056248,5,0,-27
1759484434.2436247,-1,-4,-34
1759484434.2816248,4,-1,-34
1759484434.319625,-3,3,-32
1759484434.355625,-5,2,-44
1759484434.3936248,-5,3,-39
1759484434.431625,-1,0,-47
1759484434.467625,-3,-3,-43
1759484434.5056248,-4,-1,-39
1759484434.5446248,-10,1,-34
1759484434.582625,-3,5,-39
1759484434.6206248,-2,3,-44
1759484434.6566248,-1,4,-45
1759484434.694625,8,3,-28
1759484434.7326248,-1,-1,-28
1759484434.7716248,2,-1,-30
1759484434.8076248,4,-2,-22
1759484434.8456247,-1,2,-44
1759484434.8826249,-1,1,-37
1759484434.921625,0,5,-37
1759484434.957625,0,2,-46
1759484434.9946249,-7,0,-40
1759484435.033625,-1,-3,-42
1759484435.0716248,-5,-4,-38
1759484435.1076248,0,4,-27
1759484435.1446247,-5,8,-38
1759484435.1836247,5,3,-42
1759484435.2216249,3,4,-31
1759484435.2576249,2,1,-46
1759484435.2946248,-6,-1,-50
1759484435.3336248,-8,-4,-41
1759484435.3716247,-3,-4,-39
1759484435.4076247,-1,-7,-29
1759484435.4456248,1,-3,-29
1759484435.4846249,-2,-6,-46
1759484435.5226247,3,3,-37
1759484435.5606248,5,1,-34
1759484435.5966249,4,4,-35
1759484435.6336248,0,0,-45
1759484435.6726248,2,1,-36
1759484435.7106247,11,-6,-31
1759484435.7466247,5,1,-37
1759484435.7846248,2,-1,-36
1759484435.8226247,-3,-3,-39
1759484435.8606248,-10,-7,-44
1759484435.8966248,1,-3,-35
1759484435.9336247,3,-1,-42
1759484435.9726248,1,0,-38
1759484436.010625,5,-1,-34
1759484436.046625,2,-2,-35
1759484436.0836248,-1,-2,-30
1759484436.1226249,0,0,-34
1759484436.158625,2,-2,-28
1759484436.1966248,3,1,-37
1759484436.2356248,-4,-2,-48
1759484436.273625,-4,6,-41
1759484436.3116248,2,5,-40
1759484436.3476248,-4,-3,-46
1759484436.385625,-1,-4,-30
1759484436.4236248,2,-5,-41
1759484436.4626248,2,-6,-33
1759484436.4986248,2,-4,-46
1759484436.5356247,3,1,-39
1759484436.5746248,-1,2,-37
1759484436.612625,2,2,-38
1759484436.648625,-2,1,-31
1759484436.6876247,4,1,-47
1759484436.7246249,0,0,-38
1759484436.7626247,1,-2,-43
1759484436.8016248,0,2,-43
1759484436.8376248,-3,-1,-47
1759484436.875625,-3,-1,-39
1759484436.9136248,-5,-4,-46
1759484436.9526248,-7,-6,-35
1759484436.9886248,-3,-6,-32
1759484437.026625,3,1,-38
1759484437.0646248,2,0,-47
1759484437.1036248,2,0,-43
1759484437.1416247,0,-1,-37
1759484437.1776247,-1,0,-39
1759484437.214625,-1,-8,-46
1759484437.253625,0,-1,-35
1759484437.2916248,1,2,-38
1759484437.3276248,-1,5,-48
1759484437.3646247,3,3,-34
1759484437.4036248,-3,6,-32
1759484437.4416249,-6,6,-40
1759484437.477625,-7,0,-39
1759484437.5166247,-4,-1,-48
1759484437.5546248,-7,-4,-34
1759484437.592625,-1,-3,-22
1759484437.628625,0,-10,-46
1759484437.6666248,6,-5,-31
1759484437.704625,0,-3,-41
1759484437.7426248,-8,0,-28
1759484437.7786248,-7,3,-32
1759484437.8166249,0,-1,-32
1759484437.8546247,4,-6,-30
1759484437.8926249,9,-9,-34
1759484437.9286249,5,-5,-37
1759484437.9666247,-9,-3,-37
1759484438.010625,-6,0,-28
1759484438.0486248,-7,-3,-45
1759484438.0866249,0,-8,-36
1759484438.1246247,3,3,-35
1759484438.1626248,-8,-2,-33
1759484438.1986248,3,0,-33
1759484438.2366247,-2,-2,-45
1759484438.2756248,3,-8,-51
1759484438.3136249,-3,-2,-38
1759484438.3496249,-2,-6,-30
1759484438.388625,-4,0,-36
1759484438.4266248,0,-5,-36
1759484438.4636247,-2,-1,-30
1759484438.5026248,5,-2,-43
1759484438.5386248,5,-5,-44
1759484438.5776248,-1,-4,-39
1759484438.6146247,-4,-3,-26
1759484438.6536248,4,-7,-31
1759484438.6896248,2,1,-39
1759484438.7266247,-2,-4,-36
1759484438.7646248,2,-1,-44
1759484438.8036249,3,3,-42
1759484438.839625,-4,0,-43
1759484438.8766248,-3,-1,-32
1759484438.9146247,-3,-2,-40
1759484438.9536247,4,-3,-29
1759484438.9896247,5,-5,-36
1759484439.026625,13,1,-20
1759484439.0656247,1,-3,-30
1759484439.1036248,4,-7,-38
1759484439.1396248,2,1,-46
1759484439.1766248,-1,-8,-45
1759484439.214625,-3,3,-34
1759484439.253625,-1,4,-24
1759484439.2896247,-3,2,-25
1759484439.3266249,-3,-4,-34
1759484439.3646247,0,-4,-47
1759484439.4036248,1,-2,-36
1759484439.4396248,0,-5,-36
1759484439.477625,7,-3,-42
1759484439.5146248,3,-4,-37
1759484439.5536249,2,0,-36
1759484439.589625,0,0,-33
1759484439.6266248,-1,0,-27
1759484439.6656249,5,-5,-32
1759484439.7036247,7,-1,-32
1759484439.7396247,0,0,-37
1759484439.776625,7,-4,-38
1759484439.8146248,5,0,-28
1759484439.8536248,-4,-3,-42
1759484439.8896248,-3,3,-30
1759484439.9266248,-5,3,-31
1759484439.9656248,0,0,-38
1759484440.003625,3,-3,-36
1759484440.0396247,6,-1,-35
1759484440.0766249,0,1,-42
1759484440.1146247,2,2,-36
1759484440.1536248,1,-2,-35
1759484440.1896248,-3,2,-54
1759484440.2266247,-2,-4,-39
1759484440.2646248,8,-6,-33
1759484440.3036249,-2,2,-48
1759484440.339625,8,-6,-44
1759484440.3776248,5,-10,-39
1759484440.4156249,-4,-17,-38
1759484440.4536247,-4,-13,-44
1759484440.4896247,0,-5,-39
1759484440.5276248,9,0,-42
1759484440.5656247,-1,-14,-39
1759484440.6046247,5,-7,-38
1759484440.6406248,6,0,-41
1759484440.6786249,0,-4,-39
1759484440.7156248,-1,0,-37
1759484440.7546248,-6,0,-46
1759484440.7906249,-5,-2,-46
1759484440.8286247,-1,1,-38
1759484440.8666248,-5,5,-32
1759484440.9056249,1,0,-29
1759484440.9436247,0,0,-37
1759484440.9796247,-2,-1,-37
1759484441.0176249,-3,-4,-34
1759484441.056625,-6,5,-37
1759484441.0946248,-7,6,-39
1759484441.1306248,0,-3,-34
1759484441.1686249,1,-6,-41
1759484441.2066247,-2,0,-46
1759484441.2446249,0,-3,-37
1759484441.2806249,1,-3,-35
1759484441.3186247,0,-4,-39
1759484441.3566248,-1,-1,-29
1759484441.3946247,-3,4,-41
1759484441.4306247,-11,8,-21
1759484441.4696248,-2,0,-31
1759484441.5066247,-5,2,-44
1759484441.5456247,-3,0,-35
1759484441.5816247,-1,5,-39
1759484441.6186247,-3,6,-46
1759484441.6566248,-4,4,-28
1759484441.6956248,-4,8,-35
1759484441.7316248,0,4,-32
1759484441.7686248,-5,-4,-44
1759484441.8076248,-1,-11,-47
1759484441.8456247,-6,2,-36
1759484441.8816247,-2,-1,-34
1759484441.9206247,0,-1,-50
1759484441.957625,5,-3,-38
1759484441.9956248,7,-2,-44
1759484442.0346248,1,-5,-41
1759484442.0706248,4,-3,-41
1759484442.1076248,0,-4,-36
1759484442.1466248,3,-1,-42
1759484442.184625,2,3,-35
1759484442.2206247,6,-1,-32
1759484442.2576249,0,0,-22
1759484442.296625,2,-2,-35
1759484442.3346248,1,0,-46
1759484442.3706248,4,4,-37
1759484442.4076247,0,0,-34
1759484442.4466248,3,4,-33
1759484442.4846249,0,-7,-37
1759484442.5206249,-2,-4,-33
1759484442.5586247,-2,2,-33
1759484442.5976248,5,-7,-41
1759484442.635625,1,-1,-25
1759484442.671625,3,0,-27
1759484442.7086248,5,-8,-27
1759484442.7466247,5,-6,-34
1759484442.7856247,3,4,-36
1759484442.8216248,1,0,-29
1759484442.8586247,5,-4,-31
1759484442.8966248,0,-4,-34
1759484442.9356248,0,-4,-39
1759484442.9716249,4,-3,-35
1759484443.0096247,1,-1,-29
1759484443.0486248,-1,-5,-30
1759484443.0866249,0,-5,-43
1759484443.1246247,1,-8,-32
1759484443.1606247,0,-4,-36
1759484443.1986248,-4,-6,-38
1759484443.2366247,-2,-1,-44
1759484443.2726247,-2,2,-37
1759484443.3116248,-6,4,-49
1759484443.3496249,-2,7,-53
1759484443.3876247,-1,6,-44
1759484443.4256248,-2,-2,-45
1759484443.4626248,5,2,-38
1759484443.4996247,-8,-1,-35
1759484443.5376248,-1,2,-34
1759484443.5766249,4,6,-33
1759484443.612625,1,1,-39
1759484443.6506248,4,0,-30
1759484443.6876247,6,2,-39
1759484443.7266247,2,-6,-31
1759484443.7626247,-5,-3,-25
1759484443.8006248,-1,2,-23
1759484443.8386247,5,8,-37
1759484443.8776248,4,4,-45
1759484443.9156249,2,0,-43
1759484443.9516249,2,-2,-36
1759484443.9886248,-6,-1,-34
1759484444.0276248,-3,-6,-34
1759484444.0656247,-5,2,-33
1759484444.1016247,-12,0,-43
1759484444.138625,-6,-3,-36
1759484444.1776247,-6,6,-41
1759484444.2156248,0,8,-30
1759484444.2516248,0,-1,-28
1759484444.2886248,-4,1,-36
1759484444.3276248,2,0,-34
1759484444.365625,-1,2,-42
1759484444.401625,-3,0,-38
1759484444.4396248,-5,10,-35
1759484444.4786248,1,0,-34
1759484444.5166247,8,-4,-40
1759484444.5526247,2,-4,-33
1759484444.5906248,2,0,-41
1759484444.6296248,4,0,-40
1759484444.6676247,-2,0,-46
1759484444.7056248,7,0,-38
1759484444.7416248,6,3,-30
1759484444.7796247,0,-5,-46
1759484444.8176248,7,1,-38
1759484444.855625,1,-2,-35
1759484444.8926249,0,-2,-38
1759484444.9296248,2,-1,-42
1759484444.967625,-5,5,-42
1759484445.0066247,-2,11,-28
1759484445.0426247,0,3,-26
1759484445.079625,-5,4,-37
1759484445.1176248,-3,-1,-46
1759484445.1566248,4,4,-44
1759484445.1926248,-1,0,-45
1759484445.230625,0,8,-40
1759484445.2686248,1,6,-32
1759484445.3076248,7,2,-29
1759484445.3436248,6,5,-33
1759484445.3816247,-2,0,-36
1759484445.4196248,-1,-7,-38
1759484445.457625,0,-3,-39
1759484445.4966247,-5,-2,-41
1759484445.5326247,-9,1,-34
1759484445.569625,-7,0,-39
1759484445.6086247,-1,3,-39
1759484445.6466248,-1,0,-44
1759484445.6826248,5,5,-36
1759484445.7196248,5,6,-47
1759484445.7586248,-4,3,-44
1759484445.796625,0,1,-36
1759484445.832625,-5,-2,-48
1759484445.8716247,3,3,-42
1759484445.9096248,4,7,-36
1759484445.9476247,0,5,-39
1759484445.9836247,3,6,-40
1759484446.0216248,-1,1,-37
1759484446.059625,-7,2,-39
1759484446.0976248,0,0,-29
1759484446.1336248,-1,-1,-25
1759484446.1726248,1,1,-48
1759484446.2106247,0,0,-40
1759484446.2486248,0,-4,-42
1759484446.286625,7,2,-39
1759484446.3226247,4,0,-30
1759484446.3596249,3,-2,-40
1759484446.398625,4,0,-43
1759484446.4366248,8,-3,-35
1759484446.4726248,1,-1,-26
1759484446.510625,0,-2,-36
1759484446.5486248,-7,3,-39
1759484446.5876248,-5,6,-32
1759484446.6236248,-1,0,-34
1759484446.6626248,2,4,-33
1759484446.7006247,-2,1,-30
1759484446.7386248,-5,-5,-42
1759484446.7746248,-3,-3,-37
1759484446.8126247,3,-4,-36
1759484446.8516247,0,4,-44
1759484446.8896248,3,2,-54
1759484446.9276247,8,-1,-40
1759484446.964625,7,0,-49
1759484447.0016248,-1,3,-54
1759484447.0396247,-4,4,-49
1759484447.0786247,1,0,-40
1759484447.1146247,7,-3,-35
1759484447.1526248,-1,7,-38
1759484447.1896248,-6,-1,-35
1759484447.2286248,-4,4,-25
1759484447.2646248,-10,0,-24
1759484447.3016248,-3,-1,-28
1759484447.339625,4,1,-33
1759484447.378625,9,3,-48
1759484447.4146247,4,-4,-43
1759484447.4516249,2,2,-42
1759484447.490625,9,-3,-45
1759484447.5286248,6,-1,-31
1759484447.5646248,2,-6,-31
1759484447.6016247,5,0,-41
1759484447.6406248,0,-1,-29
1759484447.6786249,3,0,-37
1759484447.714625,8,-4,-39
1759484447.7526248,3,-1,-37
1759484447.7906249,1,-2,-37
1759484447.8286247,1,-1,-40
1759484447.8646247,-4,0,-35
1759484447.9026248,1,-1,-42
1759484447.9406247,3,0,-37
1759484447.9796247,-2,-3,-33
1759484448.0246248,-1,0,-42
1759484448.0626247,1,5,-43
1759484448.1006248,-1,0,-19
1759484448.138625,1,-4,-34
1759484448.1746247,4,2,-45
1759484448.2116249,5,-8,-44
1759484448.2496247,4,-1,-30
1759484448.2886248,4,10,-38
1759484448.3246248,1,3,-47
1759484448.362625,-3,1,-37
1759484448.3996248,-2,3,-45
1759484448.4386249,2,2,-24
1759484448.4746249,6,-4,-33
1759484448.5116248,3,-7,-38
1759484448.5496247,6,-6,-49
1759484448.5886247,0,-3,-46
1759484448.6246247,0,-7,-39
1759484448.661625,0,3,-28
1759484448.7006247,3,1,-40
1759484448.7386248,-2,3,-36
1759484448.7746248,2,-2,-27
1759484448.8116248,2,1,-35
1759484448.8496249,4,2,-31
1759484448.888625,1,1,-43
1759484448.9246247,-3,1,-41
1759484448.9616249,3,0,-39
1759484449.000625,-6,6,-48
1759484449.0386248,-2,3,-46
1759484449.0746248,3,6,-32
1759484449.112625,0,9,-35
1759484449.151625,5,4,-27
1759484449.1896248,-5,3,-35
1759484449.2256248,0,0,-29
1759484449.263625,8,-2,-29
1759484449.3006248,2,2,-28
1759484449.339625,6,7,-31
1759484449.375625,7,9,-27
1759484449.4126248,0,6,-28
1759484449.4506247,11,8,-26
1759484449.4896247,2,3,-36
1759484449.5256248,2,1,-39
1759484449.5626247,4,6,-34
1759484449.6006248,9,-2,-41
1759484449.6396248,-1,-8,-34
1759484449.6756248,1,-5,-40
1759484449.7126248,3,-1,-44
1759484449.750625,-2,2,-40
1759484449.7896247,2,-4,-36
1759484449.8256247,7,-2,-42
1759484449.862625,2,-6,-45
1759484449.901625,2,0,-47
1759484449.9396248,6,-6,-36
1759484449.9756248,5,1,-42
1759484450.0126247,10,0,-46
1759484450.0506248,4,1,-40
1759484450.089625,0,-1,-39
1759484450.125625,1,3,-39
1759484450.1636248,-1,5,-31
1759484450.2026248,3,-3,-45
1759484450.240625,1,2,-33
1759484450.276625,-1,6,-35
1759484450.3156247,1,-1,-42
1759484450.3536248,5,0,-43
1759484450.3916247,-1,0,-30
1759484450.4296248,-6,-3,-36
1759484450.4656248,-1,3,-32
1759484450.503625,-2,-1,-31
1759484450.5416248,-5,-7,-37
1759484450.5806248,-1,0,-46
1759484450.6166248,1,0,-47
1759484450.6536248,-4,4,-40
1759484450.6916249,-3,8,-44
1759484450.730625,-3,0,-40
1759484450.7666247,3,3,-32
1759484450.8036249,0,0,-23
1759484450.8416247,-1,4,-34
1759484450.8806248,7,-4,-30
1759484450.9166248,1,-5,-33
1759484450.9536247,-7,-3,-18
1759484450.9926248,4,2,-29
1759484451.0306249,3,-1,-38
1759484451.0666249,7,0,-44
1759484451.1036248,0,4,-43
1759484451.1426249,0,5,-43
1759484451.1806247,-11,-1,-34
1759484451.2166247,-7,3,-35
1759484451.2546248,-5,0,-41
1759484451.2926247,-3,-5,-44
1759484451.3316247,-4,0,-39
1759484451.3696249,0,-2,-49
1759484451.4056249,-3,-4,-36
1759484451.4436247,0,-3,-38
1759484451.4816248,8,-2,-44
1759484451.5206249,3,2,-44
1759484451.556625,0,0,-40
1759484451.5946248,6,1,-38
1759484451.6336248,7,-1,-42
1759484451.671625,2,-4,-34
1759484451.7096248,6,2,-37
1759484451.7456248,6,-1,-43
1759484451.783625,3,0,-39
1759484451.8216248,3,-3,-32
1759484451.8606248,2,-7,-38
1759484451.8966248,-5,-7,-43
1759484451.934625,-4,-8,-49
1759484451.9726248,0,1,-49
1759484452.0116248,1,0,-42
1759484452.0476248,-2,0,-46
1759484452.0856247,5,1,-41
1759484452.1246247,6,-5,-41
1759484452.161625,0,0,-36
1759484452.2006247,3,4,-33
1759484452.2366247,5,3,-35
1759484452.273625,1,0,-33
1759484452.3116248,4,5,-32
1759484452.3506248,4,-4,-51
1759484452.3866248,0,-1,-54
1759484452.4236248,2,0,-40
1759484452.4626248,-5,0,-34
1759484452.500625,1,-2,-49
1759484452.536625,2,-4,-41
1759484452.5736248,5,-4,-40
1759484452.612625,7,-5,-44
1759484452.6506248,4,-1,-50
1759484452.6866248,0,1,-41
1759484452.7236247,-3,-4,-34
1759484452.7626247,-5,0,-39
1759484452.8006248,7,5,-34
1759484452.8366249,0,-2,-41
1759484452.8736248,3,-6,-24
1759484452.9126248,-3,-10,-41
1759484452.9506247,-2,-7,-35
1759484452.9866247,-5,-4,-40
1759484453.0246248,0,-4,-33
1759484453.0636249,5,-7,-32
1759484453.1016247,5,-4,-27
1759484453.1376247,6,-6,-26
1759484453.1756248,-5,1,-25
1759484453.2136247,1,0,-32
1759484453.2516248,-3,-2,-36
1759484453.2876248,-6,-3,-34
1759484453.3266249,-8,-6,-18
1759484453.3636248,4,-2,-24
1759484453.4026248,-1,-1,-34
1759484453.4406247,7,0,-41
1759484453.4766247,0,4,-41
1759484453.513625,1,-2,-32
1759484453.5526247,-8,3,-32
1759484453.5906248,-13,1,-44
1759484453.6266248,-9,1,-37
1759484453.6646247,-5,5,-28
1759484453.7036247,-7,6,-40
1759484453.7416248,4,0,-38
1759484453.7776248,6,-3,-37
1759484453.8156247,0,-5,-36
1759484453.8536248,0,-1,-38
1759484453.8926249,-5,0,-35
1759484453.9286249,-7,-4,-33
1759484453.9666247,-5,-8,-35
1759484454.0056248,5,-1,-48
1759484454.0436249,-3,0,-39
1759484454.0816247,-7,4,-27
1759484454.1176248,-6,0,-29
1759484454.1556249,1,5,-31
1759484454.194625,0,6,-35
1759484454.2326248,2,0,-23
1759484454.2686248,1,2,-32
1759484454.306625,5,3,-52
1759484454.3446248,0,-6,-46
1759484454.3826249,0,-6,-41
1759484454.4186249,4,-1,-38
1759484454.4566247,1,7,-34
1759484454.4946249,-4,0,-42
1759484454.533625,1,-7,-46
1759484454.5716248,0,-10,-41
1759484454.6076248,-7,-4,-31
1759484454.6456249,-2,-2,-32
1759484454.684625,-3,-2,-44
1759484454.7226248,-13,0,-49
1759484454.7586248,-13,0,-38
1759484454.796625,-3,-3,-38
1759484454.8356247,-1,-4,-41
1759484454.8736248,0,-3,-43
1759484454.911625,2,0,-38
1759484454.9476247,3,-5,-40
1759484454.9856248,0,-1,-45
1759484455.023625,0,0,-36
1759484455.0626247,0,1,-33
1759484455.0986247,-4,-5,-40
1759484455.1376247,4,-7,-44
1759484455.1746247,2,-3,-31
1759484455.2136247,8,1,-33
1759484455.2516248,10,0,-27
1759484455.2876248,0,5,-29
1759484455.3256247,-2,4,-33
1759484455.3636248,0,5,-29
1759484455.3996248,-1,0,-24
1759484455.4376247,1,-8,-38
1759484455.4746249,2,-2,-40
1759484455.513625,0,-3,-39
1759484455.5496247,1,0,-27
1759484455.5866249,-1,5,-35
1759484455.6246247,0,1,-43
1759484455.6636248,-8,2,-37
1759484455.6996248,-2,0,-41
1759484455.7386248,1,-2,-33
1759484455.7756248,2,-2,-37
1759484455.8136249,-3,-3,-42
1759484455.852625,-6,-4,-46
1759484455.888625,-1,-1,-34
1759484455.9276247,2,1,-31
1759484455.9656248,0,-4,-31
1759484456.003625,-4,-1,-37
1759484456.0396247,6,-4,-43
1759484456.0786247,0,-3,-35
1759484456.115625,-1,-4,-28
1759484456.1546247,1,-1,-33
1759484456.1926248,4,-6,-38
1759484456.2286248,1,-11,-37
1759484456.2666247,-9,-4,-45
1759484456.3056247,-2,0,-52
1759484456.3436248,0,2,-38
1759484456.3796248,5,-1,-29
1759484456.4166248,-4,2,-35
1759484456.4556248,-3,-1,-45
1759484456.4936247,-3,0,-53
1759484456.5296247,-2,-4,-42
1759484456.5686247,-2,0,-41
1759484456.6066248,0,-3,-44
1759484456.6446247,5,6,-41
1759484456.6826248,-1,3,-44
1759484456.7186248,0,6,-43
1759484456.7566247,1,9,-40
1759484456.7946248,-3,11,-38
1759484456.832625,3,-1,-37
1759484456.8686247,4,2,-39
1759484456.9056249,-4,3,-43
1759484456.944625,3,3,-47
1759484456.9826248,-1,0,-36
1759484457.0186248,8,-1,-39
1759484457.056625,5,-1,-25
1759484457.0946248,3,-9,-36
1759484457.1326249,3,-2,-36
1759484457.1686249,-1,-3,-40
1759484457.207625,-4,-3,-47
1759484457.2456248,0,-2,-49
1759484457.283625,0,1,-31
1759484457.3206248,7,2,-35
1759484457.3576248,3,-1,-35
1759484457.3956249,-4,2,-37
1759484457.434625,-1,7,-35
1759484457.4706247,2,7,-44
1759484457.5076249,-1,0,-42
1759484457.5456247,-1,-1,-32
1759484457.5846248,-5,1,-27
1759484457.6206248,-9,-3,-29
1759484457.658625,1,-4,-34
1759484457.6966248,-1,0,-35
1759484457.7346249,3,0,-39
1759484457.773625,0,3,-28
1759484457.809625,0,7,-28
1759484457.8466249,1,-3,-39
1759484457.885625,2,-2,-38
1759484457.9236248,2,-7,-47
1759484457.9596248,-6,-11,-46
1759484457.9976249,-2,-3,-44
1759484458.0436249,4,1,-41
1759484458.079625,4,-1,-45
1759484458.1186247,1,2,-34
1759484458.1566248,5,-2,-46
1759484458.194625,5,1,-36
1759484458.230625,3,-1,-32
1759484458.2696247,0,-1,-29
1759484458.3076248,-7,1,-27
1759484458.3456247,-2,0,-35
1759484458.3836248,-1,2,-37
1759484458.4196248,-5,1,-33
1759484458.4586248,2,0,-44
1759484458.4966247,-2,-8,-35
1759484458.5346248,0,-8,-38
1759484458.5706248,-1,4,-32
1759484458.6086247,2,-3,-36
1759484458.6466248,4,-2,-28
1759484458.6856248,-5,-2,-38
1759484458.7236247,2,-1,-31
1759484458.7596247,0,0,-30
1759484458.796625,4,0,-38
1759484458.8356247,0,3,-43
1759484458.8716247,7,-4,-36
1759484458.9096248,7,-3,-43
1759484458.9476247,2,-4,-36
1759484458.9866247,-5,-10,-34
1759484459.0246248,-3,-4,-30
1759484459.0606248,-4,-2,-37
1759484459.0986247,0,0,-29
1759484459.1366248,-1,0,-46
1759484459.1756248,-7,6,-43
1759484459.2116249,-8,-2,-46
1759484459.250625,-8,-3,-44
1759484459.2886248,0,-2,-37
1759484459.3256247,-3,0,-25
1759484459.3646247,-9,0,-24
1759484459.4006248,0,-2,-25
1759484459.4386249,-1,2,-41
1759484459.4766247,-3,2,-32
1759484459.5146248,-2,-2,-24
1759484459.5506248,-2,-3,-32
1759484459.5886247,5,-3,-33
1759484459.6276248,1,1,-41
1759484459.6656249,0,0,-44
1759484459.7016249,0,0,-38
1759484459.7396247,-3,3,-30
1759484459.776625,2,0,-33
1759484459.8156247,1,-1,-26
1759484459.8516247,-4,0,-42
1759484459.888625,-4,-3,-41
1759484459.9266248,0,-4,-45
1759484459.9656248,-1,3,-40
1759484460.0016248,-3,1,-36
1759484460.0396247,0,-4,-31
1759484460.0766249,-1,-4,-34
1759484460.115625,-1,-9,-40
1759484460.151625,-2,2,-45
1759484460.1906247,-3,3,-40
1759484460.227625,-2,1,-28
1759484460.2666247,0,5,-36
1759484460.3046248,-3,2,-34
1759484460.3406248,0,3,-44
1759484460.378625,6,-5,-37
1759484460.4176247,3,3,-40
1759484460.4556248,-3,4,-30
1759484460.4916248,-6,2,-26
1759484460.5296247,0,-5,-45
1759484460.5676248,0,-1,-51
1759484460.605625,4,2,-38
1759484460.6416247,0,2,-43
1759484460.6796248,0,3,-40
1759484460.717625,-1,2,-31
1759484460.7556248,-3,-1,-25
1759484460.7916248,4,-2,-40
1759484460.829625,-5,-1,-35
1759484460.8676248,3,0,-29
1759484460.9056249,-2,-1,-36
1759484460.9416249,-4,-4,-33
1759484460.9796247,-3,-3,-28
1759484461.0176249,-2,-5,-28
1759484461.056625,7,7,-38
1759484461.092625,0,1,-42
1759484461.1296248,0,1,-44
1759484461.1686249,-1,-3,-37
1759484461.2066247,-1,-3,-45
1759484461.2426248,-2,-2,-39
1759484461.2816248,1,-1,-55
1759484461.3186247,-2,-4,-44
1759484461.3576248,-5,-2,-41
1759484461.3956249,-4,-2,-34
1759484461.431625,4,0,-41
1759484461.4696248,3,7,-42
1759484461.5076249,-2,0,-31
1759484461.5456247,3,-1,-32
1759484461.5816247,0,0,-32
1759484461.6186247,-8,3,-38
1759484461.6576247,2,2,-35
1759484461.6956248,3,0,-44
1759484461.7316248,3,4,-53
1759484461.7686248,1,4,-45
1759484461.8076248,4,5,-38
1759484461.8456247,-5,-5,-37
1759484461.8816247,2,0,-46
1759484461.9186249,2,-5,-37
1759484461.957625,7,0,-36
1759484461.9956248,8,0,-42
1759484462.0316248,10,8,-38
1759484462.0686247,4,3,-34
1759484462.1076248,1,-2,-21
1759484462.1456249,-5,-5,-32
1759484462.181625,-3,0,-40
1759484462.2186248,0,0,-34
1759484462.2576249,2,2,-32
1759484462.2936249,0,-6,-43
1759484462.3316247,-1,-7,-45
1759484462.3696249,0,-3,-36
1759484462.4076247,-1,-6,-42
1759484462.4466248,4,-1,-49
1759484462.4826248,0,-6,-45
1759484462.5196247,0,-11,-37
1759484462.5586247,4,-5,-31
1759484462.5966249,4,-8,-32
1759484462.6326249,-2,0,-39
1759484462.6696248,0,8,-29
1759484462.707625,-6,0,-36
1759484462.7466247,-2,2,-27
1759484462.7826247,1,-1,-35
1759484462.819625,3,-1,-31
1759484462.8576248,7,0,-28
1759484462.8966248,5,-3,-40
1759484462.9326248,-2,-1,-35
1759484462.9716249,10,-3,-41
1759484463.0096247,2,0,-41
1759484463.0476248,0,-5,-34
1759484463.0846248,0,-3,-36
1759484463.1226249,-2,4,-32
1759484463.1596248,1,9,-26
1759484463.1986248,-1,5,-38
1759484463.2366247,-2,0,-48
1759484463.2726247,2,-1,-36
1759484463.3116248,-2,2,-35
1759484463.3486247,-1,0,-30
1759484463.3876247,-2,-1,-41
1759484463.4236248,8,0,-36
1759484463.4606247,0,3,-33
1759484463.4986248,-5,0,-29
1759484463.5376248,5,0,-40
1759484463.5736248,6,2,-35
1759484463.6106248,-3,-1,-35
1759484463.648625,-1,0,-34
1759484463.6876247,-5,3,-47
1759484463.7236247,-3,-3,-41
1759484463.7616248,2,-5,-37
1759484463.7996247,3,-5,-47
1759484463.8386247,2,3,-36
1759484463.8766248,3,5,-22
1759484463.9126248,0,5,-37
1759484463.9516249,3,-1,-37
1759484463.9886248,1,-9,-37
1759484464.0276248,9,-2,-43
1759484464.0636249,0,-3,-45
1759484464.102625,4,-4,-38
1759484464.1406248,-3,-5,-35
1759484464.1786249,-2,-3,-33
1759484464.214625,-5,-4,-35
1759484464.2526248,4,-5,-31
1759484464.2916248,-1,0,-34
1759484464.3286247,-7,-1,-56
1759484464.3676248,-1,-5,-35
1759484464.4036248,0,4,-34
1759484464.4416249,0,4,-37
1759484464.4786248,0,4,-49
1759484464.5176249,12,-4,-38
1759484464.5536249,-4,-3,-39
1759484464.5916247,-12,-3,-46
1759484464.6296248,-8,0,-44
1759484464.6686249,-7,6,-39
1759484464.704625,-2,5,-44
1759484464.7436247,8,0,-32
1759484464.7816248,0,0,-42
1759484464.819625,3,1,-43
1759484464.8576248,4,1,-37
1759484464.8936248,3,0,-41
1759484464.9306247,-5,-1,-35
1759484464.9696248,-4,-6,-36
1759484465.0076249,0,-4,-46
1759484465.0436249,-7,-3,-35
1759484465.082625,-6,2,-30
1759484465.1196249,3,1,-38
1759484465.158625,-3,-6,-45
1759484465.194625,0,0,-44
1759484465.2326248,1,0,-37
1759484465.2696247,0,3,-44
1759484465.3086247,5,0,-30
1759484465.3446248,0,4,-37
1759484465.3826249,-2,-2,-51
1759484465.4196248,5,-1,-33
1759484465.4586248,0,-2,-38
1759484465.4946249,4,-2,-42
1759484465.5326247,0,1,-42
1759484465.5716248,-2,5,-43
1759484465.6096249,-6,1,-40
1759484465.6476247,5,5,-34
1759484465.6836247,4,1,-29
1759484465.7206247,4,-2,-35
1759484465.7596247,-2,-2,-39
1759484465.7956247,-3,0,-45
1759484465.832625,3,-7,-38
1759484465.8716247,1,-6,-38
1759484465.9096248,4,-1,-33
1759484465.9456248,5,-4,-42
1759484465.9836247,-1,1,-30
1759484466.0206249,-2,2,-39
1759484466.059625,3,6,-40
1759484466.0956247,1,0,-33
1759484466.1336248,0,-4,-40
1759484466.1706247,-2,-2,-34
1759484466.2096248,7,-2,-45
1759484466.2456248,-1,-1,-38
1759484466.2846248,7,-8,-35
1759484466.3216248,3,2,-43
1759484466.3596249,-1,4,-39
1759484466.398625,-5,2,-32
1759484466.434625,-4,0,-37
1759484466.4716249,2,-2,-37
1759484466.510625,-8,-5,-38
1759484466.5486248,-13,0,-50
1759484466.5846248,4,2,-35
1759484466.6236248,-5,6,-39
1759484466.661625,0,0,-40
1759484466.6996248,5,4,-42
1759484466.7356248,3,-2,-41
1759484466.7746248,-1,-6,-38
1759484466.8116248,5,-2,-45
1759484466.8506248,0,0,-47
1759484466.888625,1,0,-40
1759484466.9246247,0,-2,-38
1759484466.9626248,-4,-3,-39
1759484467.0026248,-3,-6,-43
1759484467.0406249,1,-6,-46
1759484467.0786247,1,-1,-48
1759484467.1146247,0,-9,-45
1759484467.1526248,-2,0,-42
1759484467.1916249,3,4,-45
1759484467.2296247,4,-1,-28
1759484467.2656248,6,-3,-36
1759484467.3046248,6,1,-28
1759484467.3416247,0,7,-39
1759484467.3806248,0,-3,-35
1759484467.4186249,0,-4,-38
1759484467.454625,-2,0,-36
1759484467.4926248,-1,2,-32
1759484467.5306249,-2,-4,-47
1759484467.5686247,-7,-5,-26
1759484467.6046247,-4,-1,-26
1759484467.6436248,-4,-5,-23
1759484467.6806247,0,-4,-40
1759484467.7196248,3,-6,-28
1759484467.7556248,4,-4,-25
1759484467.7936249,-2,-6,-34
1759484467.832625,-1,-3,-34
1759484467.8706248,7,3,-45
1759484467.9066248,8,-1,-31
1759484467.9436247,5,0,-34
1759484467.9826248,-3,-3,-24
1759484468.0206249,-6,3,-33
1759484468.0656247,0,-5,-36
1759484468.102625,-3,5,-35
1759484468.1416247,-7,2,-29
1759484468.1796248,-3,5,-34
1759484468.2156248,-1,2,-34
1759484468.2546248,-5,-2,-45
1759484468.2926247,-4,-4,-36
1759484468.3306248,0,0,-34
1759484468.3666248,-2,0,-22
1759484468.4046247,-4,-5,-41
1759484468.4426248,-3,-3,-39
1759484468.4816248,0,-1,-42
1759484468.5196247,3,-5,-44
1759484468.556625,2,6,-45
1759484468.5946248,0,-1,-37
1759484468.6316247,-8,0,-41
1759484468.6706247,0,-2,-45
1759484468.7066247,-3,-3,-35
1759484468.7456248,-6,-2,-31
1759484468.7826247,-7,-5,-38
1759484468.8216248,1,0,-36
1759484468.8596249,1,0,-38
1759484468.8956249,4,0,-32
1759484468.9336247,2,-1,-28
1759484468.9716249,4,3,-31
1759484469.0096247,1,0,-30
1759484469.0456247,4,5,-28
1759484469.082625,5,-5,-28
1759484469.1216247,-1,-2,-36
1759484469.1596248,0,0,-39
1759484469.1956248,-6,0,-45
1759484469.2336247,0,-5,-49
1759484469.2716248,2,-2,-47
1759484469.3076248,2,0,-39
1759484469.3446248,0,1,-33
1759484469.3836248,5,3,-37
1759484469.421625,2,-9,-41
1759484469.457625,2,-1,-37
1759484469.4946249,-3,-7,-30
1759484469.533625,0,0,-33
1759484469.5716248,-4,-2,-36
1759484469.6076248,-2,-2,-28
1759484469.6466248,-3,-1,-41
1759484469.6836247,2,-9,-28
1759484469.7226248,3,-4,-43
1759484469.760625,-4,-3,-54
1759484469.796625,0,-9,-39
1759484469.8336248,-1,0,-33
1759484469.8726249,3,-2,-42
1759484469.9106247,0,4,-39
1759484469.9466248,-9,7,-36
1759484469.9836247,-6,9,-37
1759484470.0226247,-6,5,-52
1759484470.0606248,-4,1,-39
1759484470.0966249,-4,1,-32
1759484470.1336248,0,0,-36
1759484470.1726248,0,-3,-37
1759484470.2106247,-1,-5,-36
1759484470.2466247,7,2,-47
1759484470.2846248,3,1,-43
1759484470.3226247,6,2,-35
1759484470.3606248,4,4,-45
1759484470.3966248,-4,-1,-44
1759484470.4356248,0,-3,-30
1759484470.4726248,4,1,-38
1759484470.5116248,-1,-4,-42
1759484470.5476248,-2,4,-39
1759484470.5856247,-10,7,-41
1759484470.6226249,-5,4,-45
1759484470.661625,0,1,-35
1759484470.6976247,-1,0,-35
1759484470.7356248,0,3,-37
1759484470.773625,-2,-9,-33
1759484470.8126247,-2,-5,-27
1759484470.8506248,-2,1,-32
1759484470.8866248,-8,0,-40
1759484470.9256248,0,2,-37
1759484470.9636247,-2,1,-47
1759484471.0016248,-1,0,-52
1759484471.0376248,-4,-2,-56
1759484471.0766249,0,-2,-44
1759484471.1136248,0,2,-36
1759484471.1526248,-3,-3,-38
1759484471.1886249,0,-7,-40
1759484471.2256248,3,0,-39
1759484471.263625,2,-9,-44
1759484471.3036249,0,-2,-25
1759484471.3416247,0,-2,-31
1759484471.3776248,-1,-2,-35
1759484471.4156249,-7,2,-37
1759484471.4536247,-7,4,-39
1759484471.4926248,-4,2,-32
1759484471.5286248,1,-3,-37
1759484471.5666249,-9,0,-44
1759484471.605625,-2,0,-32
1759484471.6426249,2,-2,-41
1759484471.681625,4,-2,-38
1759484471.717625,4,-1,-29
1759484471.7566247,8,1,-38
1759484471.7946248,-1,6,-33
1759484471.832625,0,3,-38
1759484471.8686247,-3,2,-32
1759484471.9066248,-2,-11,-28
1759484471.944625,-3,-9,-34
1759484471.9836247,0,0,-34
1759484472.0216248,-6,3,-37
1759484472.0576248,0,3,-36
1759484472.0946248,2,-6,-44
1759484472.1336248,1,3,-37
1759484472.171625,3,0,-36
1759484472.207625,9,0,-40
1759484472.2446249,1,4,-37
1759484472.283625,-3,0,-33
1759484472.3216248,-3,2,-40
1759484472.3576248,2,6,-39
1759484472.3946247,-1,1,-27
1759484472.4336247,-2,0,-22
1759484472.4716249,3,-2,-40
1759484472.5076249,4,-2,-48
1759484472.5456247,0,-1,-38
1759484472.5836248,-7,-5,-35
1759484472.6216247,-6,-1,-35
1759484472.6576247,0,-1,-40
1759484472.694625,0,1,-49
1759484472.7336247,-3,4,-47
1759484472.7696247,-5,2,-33
1759484472.8076248,2,-2,-43
1759484472.8456247,2,-4,-41
1759484472.8836248,7,-2,-52
1759484472.9226248,-4,0,-36
1759484472.9586248,-6,2,-40
1759484472.9966247,0,4,-38
1759484473.0346248,1,1,-47
1759484473.0736248,-1,1,-43
1759484473.1096249,4,5,-43
1759484473.1466248,5,5,-50
1759484473.1856248,3,-4,-41
1759484473.2236247,5,-1,-36
1759484473.2596247,7,0,-38
1759484473.296625,-1,3,-36
1759484473.3346248,2,0,-30
1759484473.3736248,0,0,-47
1759484473.4106247,2,0,-45
1759484473.4486248,0,-4,-34
1759484473.4866247,5,3,-50
1759484473.5246248,3,0,-29
1759484473.5626247,3,-3,-41
1759484473.5986247,-5,-3,-28
1759484473.6376247,0,0,-36
1759484473.6746247,-2,-1,-36
1759484473.7136247,1,1,-35
1759484473.7496247,0,0,-40
1759484473.7876248,-4,4,-44
1759484473.8246248,0,3,-41
1759484473.8636248,4,-2,-50
1759484473.8996248,10,-3,-38
1759484473.9376247,-4,2,-47
1759484473.9756248,3,0,-32
1759484474.0146248,0,-1,-41
1759484474.0526247,-3,0,-41
1759484474.0886247,5,-1,-44
1759484474.1266248,6,2,-37
1759484474.1656249,6,-3,-31
1759484474.2036247,-4,0,-38
1759484474.2396247,-8,0,-45
1759484474.2786248,1,0,-39
1759484474.3166249,0,0,-40
1759484474.3546247,-1,-3,-24
1759484474.3926249,1,-10,-36
1759484474.4296248,-8,-7,-29
1759484474.4666247,-10,-1,-37
1759484474.5046248,-4,-1,-25
1759484474.5436249,-10,-3,-27
1759484474.579625,-2,0,-20
1759484474.6176248,-5,-2,-28
1759484474.6556249,2,3,-33
1759484474.694625,2,2,-32
1759484474.730625,2,1,-46
1759484474.7676249,-1,-3,-39
1759484474.806625,-9,-2,-42
1759484474.8446248,0,0,-36
1759484474.8806248,0,-3,-39
1759484474.9186249,-3,2,-34
1759484474.957625,8,0,-30
1759484474.9956248,10,-4,-33
1759484475.033625,4,2,-49
1759484475.069625,0,-1,-41
1759484475.1076248,-3,-3,-37
1759484475.1466248,-7,-3,-36
1759484475.184625,2,0,-36
1759484475.2206247,11,1,-50
1759484475.2576249,10,-6,-40
1759484475.296625,0,-6,-39
1759484475.3346248,-3,-5,-37
1759484475.3706248,-2,-3,-31
1759484475.4096248,-9,2,-33
1759484475.4466248,-1,-4,-40
1759484475.4856248,3,-2,-38
1759484475.523625,-2,-5,-39
1759484475.559625,0,-2,-40
1759484475.5966249,-8,3,-37
1759484475.6346247,-14,0,-37
1759484475.6706247,-13,0,-40
1759484475.7096248,-6,-2,-33
1759484475.7466247,-1,1,-31
1759484475.7856247,-2,3,-45
1759484475.8236248,3,2,-47
1759484475.8596249,0,-2,-41
1759484475.8976247,-3,-8,-40
1759484475.9356248,0,0,-50
1759484475.9736247,4,0,-40
1759484476.0096247,5,0,-39
1759484476.0476248,9,-2,-39
1759484476.0856247,-2,-5,-36
1759484476.1236248,3,3,-37
1759484476.1596248,0,4,-35
1759484476.1976247,3,8,-49
1759484476.2356248,5,0,-31
1759484476.2716248,1,0,-32
1759484476.309625,-1,-2,-44
1759484476.3476248,-6,3,-40
1759484476.385625,-1,3,-30
1759484476.421625,-2,2,-35
1759484476.4596248,0,2,-39
1759484476.4986248,-3,0,-39
1759484476.5356247,2,-1,-35
1759484476.5746248,0,-7,-41
1759484476.6106248,-7,-5,-32
1759484476.648625,-5,-2,-40
1759484476.6866248,-2,-2,-43
1759484476.7256248,-3,-4,-35
1759484476.7616248,1,-2,-39
1759484476.7996247,-6,0,-36
1759484476.8386247,-1,4,-38
1759484476.875625,0,2,-35
1759484476.9146247,-4,1,-39
1759484476.9506247,6,2,-34
1759484476.9886248,4,0,-38
1759484477.026625,2,-1,-32
1759484477.0646248,-4,-5,-28
1759484477.1006248,-5,-1,-35
1759484477.1406248,-4,0,-44
1759484477.1776247,0,0,-29
1759484477.2166247,-3,-3,-30
1759484477.2546248,-6,-3,-38
1759484477.2906249,-2,-3,-43
1759484477.3286247,0,-10,-40
1759484477.3666248,-5,2,-45
1759484477.4056249,4,2,-35
1759484477.4416249,1,-5,-41
1759484477.4796247,2,0,-27
1759484477.5186248,-4,3,-45
1759484477.556625,0,0,-35
1759484477.5946248,3,0,-32
1759484477.6316247,0,6,-43
1759484477.6686249,4,0,-35
1759484477.707625,0,3,-42
1759484477.7456248,2,-2,-35
1759484477.7816248,3,2,-46
1759484477.8186247,-3,-1,-43
1759484477.8576248,2,0,-40
1759484477.8956249,5,3,-28
1759484477.931625,0,4,-20
1759484477.9696248,-5,-2,-31
1759484478.0076249,1,-1,-32
1759484478.0456247,-7,2,-39
1759484478.089625,3,7,-32
1759484478.1276248,0,1,-38
1759484478.1656249,7,1,-52
1759484478.2016249,7,-5,-46
1759484478.2386248,-5,1,-40
1759484478.2776248,-1,3,-37
1759484478.3156247,0,3,-35
1759484478.3516247,-6,6,-38
1759484478.3896248,-3,6,-39
1759484478.4266248,0,-6,-34
1759484478.4656248,1,-3,-39
1759484478.5016248,-5,1,-41
1759484478.5396247,-3,3,-37
1759484478.5786247,-6,0,-35
1759484478.6166248,-7,0,-51
1759484478.6526248,-5,7,-33
1759484478.6916249,1,-1,-43
1759484478.7286248,0,1,-34
1759484478.7676249,-5,6,-27
1759484478.8056247,-8,4,-24
1759484478.8416247,-6,4,-30
1759484478.8796248,1,4,-39
1759484478.9176247,-8,3,-33
1759484478.9556248,-8,1,-33
1759484478.9916248,-1,0,-33
1759484479.0296247,6,-4,-42
1759484479.0676248,3,1,-40
1759484479.105625,-3,2,-29
1759484479.1426249,5,-3,-42
1759484479.1796248,0,-4,-34
1759484479.217625,1,-4,-37
1759484479.2566247,-4,-2,-36
1759484479.2926247,-6,-1,-47
1759484479.3306248,-10,1,-43
1759484479.3696249,-4,0,-48
1759484479.4076247,-6,6,-45
1759484479.4456248,1,1,-34
1759484479.4826248,0,0,-36
1759484479.5206249,0,-3,-36
1759484479.5586247,-2,2,-35
1759484479.5966249,5,-5,-34
1759484479.6326249,-6,-7,-30
1759484479.6706247,-1,0,-38
1759484479.7096248,0,5,-33
1759484479.7476249,4,1,-45
1759484479.783625,-1,1,-57
1759484479.8216248,3,0,-44
1759484479.8596249,3,-2,-41
1759484479.8976247,1,-1,-30
1759484479.9336247,0,-3,-27
1759484479.9716249,0,-5,-49
1759484480.0096247,0,-3,-32
1759484480.0476248,-1,0,-29
1759484480.0866249,4,-2,-27
1759484480.1226249,1,2,-32
1759484480.1596248,-3,5,-42
1759484480.1976247,4,4,-35
1759484480.2366247,2,2,-43
1759484480.2726247,-5,-6,-53
1759484480.3116248,-1,-1,-47
1759484480.3486247,-1,-5,-39
1759484480.3876247,-6,-5,-53
1759484480.4236248,-11,-4,-42
1759484480.4616249,-3,1,-40
1759484480.4996247,-6,1,-31
1759484480.5386248,-1,2,-36
1759484480.5766249,6,6,-33
1759484480.612625,-4,-1,-42
1759484480.651625,-2,-3,-39
1759484480.6886249,2,-3,-31
1759484480.727625,0,1,-45
1759484480.763625,0,-2,-37
1759484480.8016248,-4,-4,-43
1759484480.8386247,-1,-4,-49
1759484480.8776248,0,1,-41
1759484480.9136248,1,3,-36
1759484480.9506247,3,-3,-41
1759484480.9886248,-1,-2,-39
1759484481.0276248,-6,0,-46
1759484481.0636249,1,5,-49
1759484481.1006248,0,9,-53
1759484481.1396248,1,3,-37
1759484481.1776247,8,-8,-35
1759484481.2136247,3,-11,-37
1759484481.2526248,4,2,-36
1759484481.2896247,-5,-2,-26
1759484481.3286247,-4,4,-38
1759484481.3666248,-7,5,-32
1759484481.4026248,-3,4,-33
1759484481.4406247,1,6,-42
1759484481.4786248,10,-2,-32
1759484481.5146248,3,0,-27
1759484481.5526247,-2,4,-40
1759484481.589625,0,-1,-40
1759484481.628625,-2,-1,-36
1759484481.6646247,-7,-2,-39
1759484481.7036247,-9,0,-38
1759484481.740625,-1,0,-38
1759484481.7786248,6,-3,-41
1759484481.8176248,-5,10,-37
1759484481.8536248,2,1,-38
1759484481.8906248,0,5,-28
1759484481.9286249,2,-3,-34
1759484481.967625,7,-2,-46
1759484482.003625,-4,-2,-41
1759484482.0416248,-4,0,-39
1759484482.079625,0,-4,-38
1759484482.1186247,5,-1,-38
1759484482.1546247,3,0,-46
1759484482.1926248,0,2,-43
1759484482.230625,-1,1,-42
1759484482.2696247,-2,-3,-42
1759484482.3076248,-6,1,-38
1759484482.3436248,-2,-1,-45
1759484482.3816247,4,-9,-45
1759484482.4206247,4,-4,-44
1759484482.4586248,4,3,-36
1759484482.4946249,4,0,-33
1759484482.5316248,1,1,-39
1759484482.5706248,8,-4,-41
1759484482.6086247,7,0,-33
1759484482.6446247,8,0,-27
1759484482.6826248,5,-4,-29
1759484482.7206247,4,-1,-37
1759484482.7586248,-3,-7,-33
1759484482.7946248,-5,-2,-32
1759484482.8336248,-3,-6,-45
1759484482.8716247,-3,-4,-42
1759484482.9096248,1,1,-53
1759484482.9476247,-3,0,-30
1759484482.9836247,6,1,-36
1759484483.0216248,4,0,-35
1759484483.059625,-2,8,-39
1759484483.0976248,0,3,-43
1759484483.1336248,-2,0,-31
1759484483.171625,-9,-2,-31
1759484483.2096248,-4,-4,-30
1759484483.2456248,1,0,-33
1759484483.283625,-2,-6,-39
1759484483.3206248,-3,5,-34
1759484483.3596249,-1,7,-32
1759484483.3956249,-4,-2,-38
1759484483.434625,-1,2,-31
1759484483.4726248,-3,3,-38
1759484483.5096247,-5,2,-42
1759484483.5486248,-3,-2,-38
1759484483.5846248,-5,-3,-43
1759484483.6226249,1,-5,-40
1759484483.6606247,-2,6,-44
1759484483.6996248,-1,6,-50
1759484483.7356248,-5,6,-30
1759484483.7726247,-1,1,-32
1759484483.8106248,-3,-6,-37
1759484483.8496249,0,-7,-39
1759484483.885625,-9,-6,-44
1759484483.9236248,0,-3,-34
1759484483.9616249,3,0,-28
1759484484.0016248,1,-3,-42
1759484484.0396247,2,2,-31
1759484484.0756247,3,-2,-39
1759484484.112625,0,-2,-47
1759484484.1506248,0,-3,-34
1759484484.1896248,-3,-2,-38
1759484484.2256248,0,-3,-38
1759484484.2626247,-5,-1,-30
1759484484.3016248,-4,0,-39
1759484484.339625,3,-3,-49
1759484484.375625,1,-4,-43
1759484484.4136248,-3,-1,-35
1759484484.4506247,-3,-3,-44
1759484484.4896247,4,1,-41
1759484484.5256248,-1,-2,-42
1759484484.5646248,-13,0,-24
1759484484.602625,-5,-3,-18
1759484484.6406248,-4,0,-25
1759484484.6786249,-8,0,-46
1759484484.714625,6,-3,-50
1759484484.753625,-2,-1,-39
1759484484.7906249,-1,1,-50
1759484484.829625,-2,-7,-56
1759484484.865625,5,2,-38
1759484484.9036248,2,3,-42
1759484484.9406247,4,5,-38
1759484484.9796247,-3,8,-34
1759484485.0166247,0,2,-31
1759484485.0536249,0,0,-39
1759484485.092625,-2,-5,-28
1759484485.1306248,-3,-4,-32
1759484485.1666248,-5,0,-43
1759484485.2036247,6,0,-51
1759484485.2416248,-2,0,-38
1759484485.2806249,-3,-7,-43
1759484485.3166249,5,0,-45
1759484485.3536248,6,9,-39
1759484485.3926249,-1,2,-40
1759484485.4306247,-1,2,-32
1759484485.4666247,0,1,-29
1759484485.5046248,1,0,-33
1759484485.5426247,5,0,-33
1759484485.5806248,0,0,-38
1759484485.6176248,-2,-3,-44
1759484485.6546247,0,0,-34
1759484485.6926248,1,-1,-37
1759484485.7316248,1,4,-30
1759484485.7696247,-3,5,-35
1759484485.8056247,0,-2,-36
1759484485.8436248,0,-4,-39
1759484485.8816247,-4,0,-31
1759484485.9206247,-3,3,-35
1759484485.9566247,-8,1,-35
1759484485.9946249,-4,2,-46
1759484486.033625,-12,-5,-36
1759484486.0716248,2,0,-27
1759484486.1096249,-5,-3,-45
1759484486.1456249,-2,2,-55
1759484486.1836247,0,0,-47
1759484486.2216249,-1,6,-43
1759484486.2596247,1,0,-40
1759484486.2956247,1,-6,-37
1759484486.3336248,-3,-9,-30
1759484486.3716247,-4,1,-43
1759484486.4096248,3,-1,-39
1759484486.4456248,0,-2,-39
1759484486.4826248,1,-3,-40
1759484486.5216248,-2,4,-39
1759484486.559625,2,-1,-34
1759484486.5956247,0,-3,-19
1759484486.6326249,1,-13,-31
1759484486.671625,-4,-4,-27
1759484486.707625,-5,-6,-32
1759484486.7466247,-8,-2,-38
1759484486.7846248,-6,-1,-37
1759484486.8226247,-3,-2,-43
1759484486.8606248,-2,2,-27
1759484486.8966248,-7,0,-35
1759484486.934625,-4,-2,-44
1759484486.9726248,1,-6,-43
1759484487.010625,2,1,-27
1759484487.046625,0,3,-34
1759484487.0836248,8,3,-36
1759484487.1216247,7,4,-32
1759484487.1606247,2,9,-33
1759484487.1966248,5,1,-38
1759484487.2336247,4,-4,-27
1759484487.2726247,0,1,-26
1759484487.3106248,0,4,-36
1759484487.3466249,-9,7,-37
1759484487.3846247,0,1,-38
1759484487.4226248,-4,3,-49
1759484487.4606247,-3,1,-46
1759484487.4976249,-2,3,-33
1759484487.5356247,-4,1,-35
1759484487.5736248,-2,8,-37
1759484487.6116247,-1,-1,-40
1759484487.6476247,-1,0,-41
1759484487.6856248,2,4,-42
1759484487.7226248,4,2,-39
1759484487.7616248,3,-3,-37
1759484487.7976248,0,-6,-40
1759484487.8346248,-1,-9,-42
1759484487.8726249,-4,-3,-37
1759484487.911625,-2,0,-32
1759484487.9476247,0,0,-42
1759484487.9846249,5,3,-32
1759484488.023625,3,1,-42
1759484488.0616248,-1,-2,-48
1759484488.1066248,-8,0,-49
1759484488.1446247,0,0,-42
1759484488.1826248,1,-2,-35
1759484488.2206247,2,-2,-24
1759484488.2566247,3,-1,-35
1759484488.2946248,0,-1,-33
1759484488.332625,-5,-4,-23
1759484488.3706248,-1,-4,-28
1759484488.4076247,-2,4,-37
1759484488.4456248,-2,2,-38
1759484488.4836247,-5,1,-33
1759484488.5226247,3,1,-34
1759484488.5586247,5,2,-38
1759484488.5956247,5,0,-32
1759484488.6336248,6,-4,-40
1759484488.6726248,2,-4,-37
1759484488.7086248,4,0,-35
1759484488.7456248,9,0,-43
1759484488.783625,9,0,-35
1759484488.8226247,2,4,-31
1759484488.8586247,0,2,-39
1759484488.8966248,1,-1,-39
1759484488.934625,-2,-7,-41
1759484488.9726248,-4,-1,-39
1759484489.0086248,0,2,-34
1759484489.046625,0,7,-42
1759484489.0836248,-5,-3,-50
1759484489.1226249,2,0,-17
1759484489.158625,0,1,-31
1759484489.1966248,0,2,-29
1759484489.2346249,-1,-3,-34
1759484489.2726247,-1,-3,-41
1759484489.3086247,1,0,-27
1759484489.3456247,4,-5,-21
1759484489.3846247,2,0,-34
1759484489.4226248,0,-2,-32
1759484489.4586248,0,-3,-31
1759484489.4976249,-1,0,-35
1759484489.5346248,-6,2,-37
1759484489.5736248,0,2,-40
1759484489.6116247,1,3,-36
1759484489.6476247,-2,-1,-42
1759484489.6856248,-4,-3,-45
1759484489.7246249,-5,-4,-46
1759484489.7626247,-6,4,-51
1759484489.7986248,1,3,-48
1759484489.8356247,7,8,-40
1759484489.8736248,2,1,-40
1759484489.9126248,6,6,-36
1759484489.9486248,3,0,-37
1759484489.9856248,-1,0,-41
1759484490.023625,-1,0,-36
1759484490.0626247,0,3,-35
1759484490.0986247,4,0,-44
1759484490.135625,6,4,-33
1759484490.1736248,5,6,-43
1759484490.2126248,-5,-1,-35
1759484490.2486248,3,3,-29
1759484490.2856247,3,-4,-34
1759484490.3246248,-5,0,-28
1759484490.362625,-1,0,-38
1759484490.398625,-1,0,-42
1759484490.4356248,-3,-2,-34
1759484490.4746249,0,-1,-38
1759484490.5126247,8,-3,-34
1759484490.5486248,-1,-4,-38
1759484490.5866249,3,-2,-45
1759484490.6246247,6,0,-28
1759484490.6636248,-2,-4,-44
1759484490.6996248,2,5,-37
1759484490.7366247,-4,0,-30
1759484490.7746248,-7,-2,-40
1759484490.8136249,0,-7,-35
1759484490.8496249,3,-6,-41
1759484490.8866248,-2,-4,-46
1759484490.9256248,-4,0,-39
1759484490.9636247,-5,1,-35
1759484490.9996247,-1,-1,-42
1759484491.0376248,-4,-2,-38
1759484491.0766249,-3,-5,-54
1759484491.1146247,-2,-3,-44
1759484491.1526248,3,-6,-46
1759484491.1886249,0,-6,-45
1759484491.2256248,3,0,-38
1759484491.2646248,0,-3,-26
1759484491.3026247,-2,0,-37
1759484491.3386247,-4,-5,-43
1759484491.3776248,2,-4,-49
1759484491.4146247,-5,0,-42
1759484491.4536247,0,-2,-31
1759484491.4896247,-2,-1,-39
1759484491.5276248,-1,-3,-44
1759484491.5666249,-3,1,-45
1759484491.6046247,0,-3,-31
1759484491.6426249,6,3,-40
1759484491.6786249,4,8,-23
1759484491.717625,3,6,-36
1759484491.7546248,7,4,-38
1759484491.7936249,0,-4,-41
1759484491.829625,1,-5,-45
1759484491.8676248,2,-6,-43
1759484491.9056249,-2,-7,-43
1759484491.944625,0,2,-33
1759484491.980625,3,2,-35
1759484492.0176249,10,7,-39
1759484492.0556247,8,8,-44
1759484492.0946248,0,-2,-41
1759484492.1306248,-2,0,-37
1759484492.1686249,-8,1,-36
1759484492.2056248,3,0,-35
1759484492.2446249,3,0,-42
1759484492.2806249,1,5,-44
1759484492.3186247,-6,0,-29
1759484492.355625,-8,-2,-29
1759484492.3946247,-6,10,-35
1759484492.4306247,-2,3,-37
1759484492.4686248,0,0,-46
1759484492.5066247,2,1,-39
1759484492.5446248,1,1,-22
1759484492.5806248,1,0,-32
1759484492.6186247,-1,0,-43
1759484492.6556249,4,-2,-40
1759484492.694625,9,11,-37
1759484492.730625,5,8,-35
1759484492.7676249,0,0,-30
1759484492.806625,-7,3,-39
1759484492.8446248,-3,0,-39
1759484492.8806248,-3,6,-38
1759484492.9186249,0,0,-36
1759484492.9566247,5,4,-36
1759484492.9956248,-2,-3,-43
1759484493.033625,-1,-7,-32
1759484493.069625,0,-4,-31
1759484493.1076248,2,0,-37
1759484493.1456249,0,0,-41
1759484493.1836247,0,0,-44
1759484493.2196248,0,2,-32
1759484493.2566247,1,-6,-29
1759484493.2956247,3,2,-38
1759484493.3336248,4,-2,-39
1759484493.3696249,3,-1,-37
1759484493.4076247,6,0,-44
1759484493.4466248,11,0,-34
1759484493.4846249,6,-6,-39
1759484493.5206249,-6,-6,-41
1759484493.559625,-8,-5,-34
1759484493.5966249,-7,-4,-32
1759484493.635625,-2,4,-38
1759484493.671625,0,3,-40
1759484493.7086248,-6,-7,-36
1759484493.7466247,1,-3,-44
1759484493.7856247,7,-6,-41
1759484493.8216248,5,-6,-37
1759484493.8586247,-1,-2,-40
1759484493.8966248,5,-3,-44
1759484493.9356248,5,-3,-39
1759484493.9716249,-1,3,-39
1759484494.0096247,0,0,-30
1759484494.0476248,-1,-3,-32
1759484494.0856247,-1,2,-31
1759484494.1246247,-2,3,-38
1759484494.1606247,2,0,-36
1759484494.1996248,-2,4,-29
1759484494.237625,3,5,-41
1759484494.2756248,4,0,-32
1759484494.3116248,2,2,-44
1759484494.3496249,-1,1,-34
1759484494.3866248,0,-1,-24
1759484494.4256248,-4,2,-38
1759484494.4616249,-4,-1,-35
1759484494.500625,-2,0,-48
1759484494.5386248,-6,-2,-39
1759484494.5766249,-7,-6,-38
1759484494.6146247,1,0,-30
1759484494.6506248,0,5,-36
1759484494.6886249,-5,0,-35
1759484494.7266247,-1,5,-34
1759484494.7656248,-2,-3,-32
1759484494.8016248,-3,0,-33
1759484494.839625,1,2,-33
1759484494.8766248,1,-2,-36
1759484494.9156249,-1,1,-32
1759484494.9516249,2,3,-49
1759484494.990625,-7,3,-37
1759484495.0276248,-2,-3,-29
1759484495.0666249,-5,0,-33
1759484495.1046247,3,-3,-33
1759484495.1406248,2,-5,-31
1759484495.1786249,2,1,-37
1759484495.2166247,5,3,-37
1759484495.2556248,-1,-1,-33
1759484495.2916248,0,-4,-30
1759484495.3286247,0,-4,-41
1759484495.3676248,-3,0,-23
1759484495.4056249,1,-6,-45
1759484495.4416249,1,-4,-40
1759484495.480625,-4,-2,-36
1759484495.5186248,5,2,-28
1759484495.556625,-3,2,-47
1759484495.592625,1,-1,-40
1759484495.6306248,3,8,-52
1759484495.6676247,-2,0,-40
1759484495.7056248,-6,-6,-41
1759484495.7416248,0,0,-44
1759484495.7796247,-4,0,-39
1759484495.8176248,1,0,-42
1759484495.855625,-8,-2,-38
1759484495.8916247,-9,-2,-28
1759484495.9296248,-4,-3,-29
1759484495.967625,0,3,-27
1759484496.0066247,0,-2,-24
1759484496.0426247,-2,0,-27
1759484496.0806248,-1,0,-40
1759484496.1186247,0,-1,-43
1759484496.1566248,-1,-3,-43
1759484496.1926248,5,-4,-21
1759484496.2316248,-6,-3,-31
1759484496.2696247,-6,-2,-33
1759484496.3076248,1,-4,-41
1759484496.3456247,-3,2,-38
1759484496.3816247,-7,-3,-50
1759484496.4196248,0,0,-38
1759484496.457625,-3,4,-40
1759484496.4966247,0,-3,-38
1759484496.5326247,-1,-2,-42
1759484496.5706248,-2,-2,-41
1759484496.6086247,0,1,-43
1759484496.6476247,4,1,-42
1759484496.6856248,0,-3,-41
1759484496.7216249,-3,-5,-43
1759484496.7596247,4,-3,-40
1759484496.7986248,7,-3,-40
1759484496.8366249,3,0,-33
1759484496.8736248,-2,-6,-26
1759484496.911625,1,-5,-37
1759484496.9486248,0,5,-37
1759484496.987625,7,12,-43
1759484497.0256248,6,3,-43
1759484497.0616248,0,-2,-37
1759484497.0986247,3,-1,-41
1759484497.1376247,6,4,-49
1759484497.1736248,1,6,-46
1759484497.2116249,-2,8,-44
1759484497.2496247,0,3,-43
1759484497.2876248,-4,6,-30
1759484497.3236248,-6,0,-34
1759484497.3606248,-4,2,-34
1759484497.3996248,-2,-5,-38
1759484497.4376247,-4,-5,-49
1759484497.4736247,0,-3,-43
1759484497.5126247,-2,1,-39
1759484497.5496247,-7,-1,-39
1759484497.5886247,-8,-1,-30
1759484497.6266248,-5,-2,-27
1759484497.6626248,-7,-4,-23
1759484497.7016249,-9,2,-32
1759484497.7386248,-3,-3,-30
1759484497.7776248,-4,0,-43
1759484497.8136249,-5,0,-43
1759484497.8516247,2,-2,-33
1759484497.888625,-2,0,-15
1759484497.9276247,-1,0,-39
1759484497.9636247,6,-2,-35
1759484498.0016248,5,0,-32
1759484498.0386248,0,0,-36
1759484498.0776248,10,4,-46
1759484498.1216247,0,5,-40
1759484498.1596248,1,0,-24
1759484498.1976247,7,5,-36
1759484498.2336247,0,1,-40
1759484498.2716248,1,2,-40
1759484498.309625,0,-2,-35
1759484498.3476248,0,0,-31
1759484498.3836248,6,0,-30
1759484498.4206247,-3,0,-33
1759484498.4586248,0,-1,-39
1759484498.4976249,1,1,-33
1759484498.5346248,-5,3,-32
1759484498.5716248,-9,1,-29
1759484498.6106248,-1,5,-25
1759484498.648625,-4,0,-35
1759484498.6866248,1,1,-37
1759484498.7226248,2,3,-26
1759484498.760625,0,-2,-36
1759484498.7986248,4,0,-21
1759484498.8346248,0,4,-26
1759484498.8726249,0,-2,-34
1759484498.9106247,-8,6,-39
1759484498.9486248,-3,1,-51
1759484498.9846249,-3,-4,-42
1759484499.023625,-2,-4,-40
1759484499.0606248,-5,-2,-34
1759484499.0986247,3,-4,-25
1759484499.1376247,2,7,-43
1759484499.1736248,-6,2,-41
1759484499.2116249,6,3,-41
1759484499.2496247,-1,4,-44
1759484499.2886248,4,-1,-47
1759484499.3246248,7,-7,-38
1759484499.362625,1,1,-44
1759484499.3996248,-9,-6,-40
1759484499.4386249,-8,-4,-39
1759484499.4746249,0,-4,-34
1759484499.5116248,-4,-9,-32
1759484499.5496247,-3,2,-38
1759484499.5886247,-9,3,-28
1759484499.6246247,-2,-1,-27
1759484499.6636248,8,1,-33
1759484499.7006247,7,1,-33
1759484499.7396247,0,-5,-32
1759484499.7776248,-2,2,-28
1759484499.8146248,2,-3,-29
1759484499.8516247,1,-3,-40
1759484499.8906248,5,3,-30
1759484499.9286249,-1,-2,-37
1759484499.964625,-1,0,-42
1759484500.003625,0,-7,-43
1759484500.0416248,0,-2,-32
1759484500.079625,0,2,-26
1759484500.1176248,-2,-1,-39
1759484500.1536248,5,-2,-45
1759484500.1916249,-6,-12,-47
1759484500.2296247,-5,-2,-42
1759484500.2686248,1,-1,-43
1759484500.3046248,-7,-8,-33
1759484500.342625,1,0,-37
1759484500.3816247,3,1,-36
1759484500.4196248,2,8,-29
1759484500.457625,2,-8,-44
1759484500.4936247,0,1,-38
1759484500.5316248,-4,-3,-35
1759484500.5706248,1,-2,-40
1759484500.6086247,-1,1,-33
1759484500.6446247,-7,2,-36
1759484500.6836247,-13,0,-42
1759484500.7206247,-5,-2,-43
1759484500.7596247,-4,-4,-36
1759484500.7956247,1,0,-33
1759484500.8336248,-3,0,-31
1759484500.8726249,0,1,-33
1759484500.9096248,-6,7,-46
1759484500.9486248,2,0,-46
1759484500.9846249,-2,-3,-31
1759484501.023625,-2,-11,-30
1759484501.0606248,3,-3,-38
1759484501.0996249,-4,1,-40
1759484501.135625,-7,-1,-46
1759484501.1736248,-2,1,-37
1759484501.2116249,4,4,-34
1759484501.250625,0,7,-40
1759484501.2886248,0,-5,-23
1759484501.3246248,-1,-8,-41
1759484501.3636248,0,-3,-33
1759484501.401625,2,0,-42
1759484501.4396248,-5,-3,-40
1759484501.4756248,-4,3,-42
1759484501.5126247,-10,13,-41
1759484501.5516248,-9,9,-34
1759484501.589625,-2,-5,-41
1759484501.625625,-4,0,-33
1759484501.6626248,-2,-2,-43
1759484501.7016249,0,4,-38
1759484501.7396247,2,-2,-33
1759484501.7756248,1,-2,-43
1759484501.8146248,2,2,-43
1759484501.8516247,4,-3,-41
1759484501.8906248,-4,0,-38
1759484501.9286249,-7,1,-37
1759484501.964625,-2,1,-43
1759484502.0016248,4,2,-26
1759484502.0406249,1,0,-37
1759484502.0786247,-2,-4,-40
1759484502.1146247,-2,0,-42
1759484502.1526248,0,2,-36
1759484502.1906247,1,-8,-40
1759484502.2296247,0,-8,-43
1759484502.2656248,-1,-4,-45
1759484502.3036249,-5,-3,-41
1759484502.3416247,-1,5,-42
1759484502.3806248,0,0,-40
1759484502.4166248,6,11,-39
1759484502.4536247,0,2,-48
1759484502.4916248,1,0,-44
1759484502.5306249,1,-5,-54
1759484502.5666249,-5,-1,-43
1759484502.6046247,-6,-7,-37
1759484502.6436248,1,-9,-42
1759484502.681625,2,-6,-43
1759484502.7196248,-3,-5,-27
1759484502.7556248,-10,-1,-32
1759484502.7936249,-7,0,-31
1759484502.832625,-2,3,-47
1759484502.8706248,3,7,-30
1759484502.9066248,0,13,-24
1759484502.944625,3,6,-41
1759484502.9816248,6,2,-37
1759484503.0206249,6,-4,-33
1759484503.056625,1,2,-46
1759484503.0936248,4,5,-41
1759484503.1316247,4,10,-45
1759484503.1706247,-2,1,-37
1759484503.2066247,-3,3,-49
1759484503.2456248,-5,6,-42
1759484503.283625,-7,6,-38
1759484503.3216248,-1,6,-30
1759484503.3596249,2,1,-40
1759484503.3956249,1,-1,-35
1759484503.4336247,0,0,-32
1759484503.4716249,5,1,-38
1759484503.5096247,1,-7,-29
1759484503.5456247,2,-6,-34
1759484503.5836248,0,-14,-39
1759484503.6216247,-3,-2,-35
1759484503.6596248,0,0,-31
1759484503.6956248,0,0,-35
1759484503.7336247,-3,-3,-31
1759484503.7716248,-2,1,-32
1759484503.809625,-4,0,-38
1759484503.8456247,-2,0,-32
1759484503.8826249,2,3,-33
1759484503.921625,3,-2,-28
1759484503.9596248,0,-3,-32
1759484503.9956248,-1,-5,-39
1759484504.0346248,3,-8,-40
1759484504.0726247,1,4,-42
1759484504.1106248,1,-2,-39
1759484504.1466248,0,0,-44
1759484504.184625,2,2,-34
1759484504.2216249,0,5,-30
1759484504.260625,-2,6,-31
1759484504.296625,0,1,-44
1759484504.3346248,3,2,-42
1759484504.3716247,-3,-1,-37
1759484504.4106247,8,2,-35
1759484504.4466248,1,-3,-40
1759484504.4846249,-3,-2,-30
1759484504.5216248,-3,-1,-36
1759484504.5606248,0,-1,-44
1759484504.5966249,-2,1,-38
1759484504.6336248,-4,9,-32
1759484504.671625,-3,2,-35
1759484504.7106247,-8,5,-42
1759484504.7466247,-2,1,-37
1759484504.7846248,-1,3,-36
1759484504.8226247,11,1,-43
1759484504.8606248,2,-5,-32
1759484504.8966248,5,-2,-43
1759484504.9336247,-5,-4,-48
1759484504.9726248,-2,2,-31
1759484505.010625,0,3,-31
1759484505.046625,2,2,-30
1759484505.0846248,2,-2,-50
1759484505.1226249,7,0,-35
1759484505.1606247,5,2,-36
1759484505.1976247,8,-1,-33
1759484505.2356248,0,3,-48
1759484505.2726247,0,3,-42
1759484505.3116248,2,-4,-37
1759484505.3476248,0,-7,-47
1759484505.385625,0,-4,-32
1759484505.4226248,-8,-1,-29
1759484505.4616249,-8,0,-31
1759484505.4976249,-5,-6,-40
1759484505.5356247,-1,-11,-42
1759484505.5736248,-1,0,-27
1759484505.612625,-7,2,-33
1759484505.6506248,-3,2,-36
1759484505.6866248,-3,1,-46
1759484505.7246249,-1,0,-51
1759484505.7626247,0,-1,-39
1759484505.7986248,-3,0,-33
1759484505.8366249,1,3,-31
1759484505.8736248,-1,5,-45
1759484505.9126248,2,0,-42
1759484505.9486248,1,-7,-43
1759484505.9866247,0,-4,-48
1759484506.023625,0,1,-45
1759484506.0626247,2,2,-45
1759484506.0986247,2,0,-38
1759484506.135625,0,6,-34
1759484506.1746247,1,4,-38
1759484506.2126248,4,2,-37
1759484506.2486248,-1,0,-37
1759484506.2856247,3,-1,-43
1759484506.3256247,5,-2,-52
1759484506.362625,1,-7,-45
1759484506.401625,-8,0,-32
1759484506.4376247,-1,0,-34
1759484506.4746249,5,6,-41
1759484506.513625,3,5,-35
1759484506.5516248,-7,-2,-35
1759484506.5876248,-1,-7,-21
1759484506.6266248,3,-4,-31
1759484506.6636248,0,-4,-32
1759484506.7026248,-3,-1,-30
1759484506.7386248,-4,-4,-38
1759484506.776625,0,0,-37
1759484506.8146248,1,2,-36
1759484506.8536248,-2,-2,-33
1759484506.8916247,-4,-3,-43
1759484506.9276247,-9,-1,-34
1759484506.9656248,-5,-3,-22
1759484507.0046248,-5,0,-31
1759484507.0426247,2,3,-36
1759484507.0786247,2,3,-36
1759484507.115625,-2,0,-31
1759484507.1546247,1,1,-44
1759484507.1926248,5,-5,-39
1759484507.2286248,6,-4,-37
1759484507.2666247,4,6,-37
1759484507.3036249,2,2,-34
1759484507.342625,-3,-5,-27
1759484507.378625,-5,-9,-37
1759484507.4176247,0,-3,-36
1759484507.4556248,0,-1,-44
1759484507.4936247,2,0,-27
1759484507.5316248,5,-1,-37
1759484507.5676248,3,3,-36
1759484507.605625,5,-2,-33
1759484507.6436248,11,-4,-48
1759484507.6796248,1,0,-41
1759484507.7166247,0,1,-41
1759484507.7556248,0,-4,-44
1759484507.7936249,10,0,-46
1759484507.829625,8,-3,-38
1759484507.8686247,3,2,-37
1759484507.9056249,-3,-1,-47
1759484507.9436247,5,1,-38
1759484507.9826248,1,6,-34
1759484508.0186248,-1,4,-25
1759484508.056625,0,-2,-33
1759484508.0936248,3,1,-42
1759484508.138625,-1,-2,-45
1759484508.1766248,1,2,-33
1759484508.2136247,3,3,-43
1759484508.2526248,4,3,-35
1759484508.2896247,2,0,-46
1759484508.3266249,5,-2,-38
1759484508.365625,6,4,-49
1759484508.4036248,-1,-3,-44
1759484508.4396248,3,-4,-38
1759484508.477625,-3,1,-33
1759484508.5156248,-4,0,-34
1759484508.5536249,0,-1,-40
1759484508.589625,-6,-3,-31
1759484508.6276248,-2,-7,-31
1759484508.6656249,4,-4,-30
1759484508.704625,8,4,-41
1759484508.7426248,0,-3,-44
1759484508.7786248,0,-1,-48
1759484508.8166249,-4,3,-35
1759484508.8546247,-3,8,-41
1759484508.8936248,-15,3,-37
1759484508.9296248,-11,3,-26
1759484508.967625,5,-4,-26
1759484509.0056248,-1,7,-43
1759484509.0446248,-1,0,-35
1759484509.082625,5,0,-42
1759484509.1186247,8,2,-47
1759484509.1566248,8,-2,-37
1759484509.194625,3,-3,-43
1759484509.2326248,-4,-3,-38
1759484509.2696247,-11,-2,-40
1759484509.3076248,-11,0,-44
1759484509.3446248,1,3,-31
1759484509.3836248,-5,0,-42
1759484509.4196248,4,-1,-43
1759484509.4566247,3,5,-36
1759484509.4956248,-4,-1,-35
1759484509.533625,-1,1,-35
1759484509.569625,0,3,-43
1759484509.6076248,0,-1,-38
1759484509.6456249,-6,6,-45
1759484509.6836247,-2,5,-40
1759484509.7196248,13,0,-42
1759484509.7566247,0,0,-44
1759484509.7956247,2,-1,-39
1759484509.8336248,5,0,-32
1759484509.8696249,7,-7,-42
1759484509.908625,-3,-1,-43
1759484509.9456248,-9,0,-35
1759484509.9846249,-12,-4,-34
1759484510.0206249,-3,-1,-34
1759484510.059625,-6,0,-49
1759484510.0966249,-2,9,-40
1759484510.135625,-2,2,-43
1759484510.1736248,1,-2,-36
1759484510.2096248,12,2,-36
1759484510.2476249,2,-7,-32
1759484510.2856247,-7,-3,-33
1759484510.3246248,-7,-1,-38
1759484510.3606248,-3,-4,-34
1759484510.398625,1,-2,-33
1759484510.4376247,3,0,-31
1759484510.4756248,0,1,-29
1759484510.513625,6,3,-21
1759484510.5496247,6,0,-33
1759484510.5886247,-6,-8,-32
1759484510.6266248,3,-2,-33
1759484510.6646247,3,0,-35
1759484510.7006247,0,0,-34
1759484510.737625,2,0,-35
1759484510.776625,-1,-6,-28
1759484510.8146248,7,-2,-30
1759484510.8506248,2,-2,-30
1759484510.8876247,3,-3,-40
1759484510.9266248,0,4,-40
1759484510.964625,1,5,-37
1759484511.000625,0,2,-36
1759484511.0386248,-5,-8,-38
1759484511.0766249,-7,0,-39
1759484511.1146247,0,1,-48
1759484511.1506248,0,-2,-42
1759484511.1876247,-2,-1,-36
1759484511.2256248,4,4,-38
1759484511.2646248,-5,1,-44
1759484511.3006248,-2,-2,-45
1759484511.339625,-5,0,-51
1759484511.3776248,1,3,-43
1759484511.4156249,-6,-6,-41
1759484511.4516249,-7,-6,-43
1759484511.4896247,0,-3,-36
1759484511.5286248,3,-5,-19
1759484511.5656247,0,-2,-28
1759484511.6046247,0,1,-39
1759484511.6406248,-1,1,-36
1759484511.6796248,-6,-1,-43
1759484511.7166247,-2,-5,-48
1759484511.7556248,0,-4,-34
1759484511.7916248,6,-7,-35
1759484511.829625,1,-7,-42
1759484511.8676248,-2,-10,-39
1759484511.9066248,-2,-3,-39
1759484511.944625,2,1,-37
1759484511.980625,1,1,-40
1759484512.0176249,-5,1,-23
1759484512.056625,-4,5,-33
1759484512.0946248,0,2,-33
1759484512.1306248,2,0,-24
1759484512.1676247,1,-1,-33
1759484512.2066247,1,1,-33
1759484512.2446249,1,1,-26
1759484512.2806249,0,4,-35
1759484512.319625,0,-8,-34
1759484512.3576248,2,0,-42
1759484512.3956249,4,0,-41
1759484512.431625,7,-2,-40
1759484512.4696248,-3,4,-46
1759484512.5066247,-9,-4,-36
1759484512.5456247,-1,-2,-40
1759484512.5816247,2,-1,-33
1759484512.6186247,0,-5,-34
1759484512.6566248,1,-1,-28
1759484512.6956248,-5,0,-34
1759484512.7316248,1,-3,-34
1759484512.7686248,-1,-7,-38
1759484512.806625,-3,4,-37
1759484512.8456247,2,-3,-40
1759484512.8816247,0,-10,-21
1759484512.9206247,0,-5,-40
1759484512.9586248,5,-3,-39
1759484512.9966247,2,-2,-45
1759484513.0326247,5,-5,-52
1759484513.0706248,1,0,-40
1759484513.1086247,1,-4,-35
1759484513.1466248,1,2,-42
1759484513.1826248,4,0,-40
1759484513.2206247,-7,-4,-34
1759484513.2576249,2,6,-37
1759484513.296625,-2,1,-41
1759484513.332625,6,1,-28
1759484513.3696249,8,1,-28
1759484513.4076247,-1,4,-34
1759484513.4466248,-5,1,-39
1759484513.4826248,1,6,-31
1759484513.5196247,3,5,-15
1759484513.5586247,-1,4,-30
1759484513.5966249,2,1,-29
1759484513.6326249,6,0,-42
1759484513.6696248,0,0,-41
1759484513.707625,-5,0,-33
1759484513.7466247,-7,4,-32
1759484513.7826247,-5,0,-30
1759484513.819625,1,0,-32
1759484513.8576248,-2,-7,-39
1759484513.8966248,0,4,-42
1759484513.9326248,-6,-1,-33
1759484513.9716249,-7,0,-41
1759484514.0096247,3,1,-30
1759484514.0476248,0,0,-34
1759484514.0856247,-3,-5,-29
1759484514.1216247,-1,-2,-34
1759484514.1606247,0,-4,-32
1759484514.1976247,2,3,-41
1759484514.2366247,0,-1,-38
1759484514.273625,3,7,-34
1759484514.3116248,-1,-2,-46
1759484514.3486247,1,-1,-39
1759484514.3876247,0,2,-39
1759484514.4256248,0,-1,-44
1759484514.4616249,0,-1,-46
1759484514.4986248,5,-5,-48
1759484514.5376248,-4,1,-33
1759484514.5736248,-1,-4,-34
1759484514.6116247,-5,0,-25
1759484514.6496248,-2,1,-45
1759484514.6876247,-6,-5,-31
1759484514.7266247,-1,-3,-33
1759484514.7626247,7,1,-42
1759484514.8006248,11,1,-38
1759484514.839625,3,0,-41
1759484514.8776248,1,0,-50
1759484514.9136248,3,-2,-39
1759484514.9516249,3,-2,-40
1759484514.9896247,3,-1,-37
1759484515.0276248,8,0,-44
1759484515.0636249,8,2,-25
1759484515.1006248,0,5,-20
1759484515.138625,5,0,-35
1759484515.1776247,3,-6,-34
1759484515.214625,0,-3,-38
1759484515.2526248,0,-1,-32
1759484515.2896247,-1,1,-34
1759484515.3286247,0,4,-35
1759484515.3666248,5,-3,-43
1759484515.4026248,10,-2,-33
1759484515.4406247,4,-9,-21
1759484515.4786248,0,-11,-39
1759484515.5166247,8,-11,-41
1759484515.5526247,7,-7,-43
1759484515.5916247,0,-7,-30
1759484515.628625,0,-5,-41
1759484515.6676247,-3,-8,-39
1759484515.7036247,2,-5,-33
1759484515.7416248,-5,0,-42
1759484515.7786248,3,1,-26
1759484515.8176248,1,-2,-35
1759484515.8536248,-3,-1,-36
1759484515.8926249,5,2,-32
1759484515.9296248,11,0,-36
1759484515.9686248,12,-2,-30
1759484516.0066247,6,1,-25
1759484516.0426247,0,-6,-30
1759484516.0806248,-6,-5,-34
1759484516.1186247,-3,-4,-36
1759484516.1576247,-1,1,-42
1759484516.1936247,0,-3,-38
1759484516.230625,1,0,-27
1759484516.2686248,-4,-1,-31
1759484516.3076248,3,2,-35
1759484516.3436248,3,-1,-32
1759484516.3806248,-4,-6,-30
1759484516.4186249,-2,0,-30
1759484516.457625,-3,-8,-27
1759484516.4936247,-6,0,-33
1759484516.5306249,-2,0,-34
1759484516.5686247,1,1,-35
1759484516.6076248,0,0,-37
1759484516.6436248,4,0,-45
1759484516.6806247,0,-5,-42
1759484516.7186248,10,-4,-35
1759484516.7576249,1,-3,-44
1759484516.7936249,-1,1,-46
1759484516.8306248,5,-3,-42
1759484516.8696249,1,-1,-34
1759484516.9076247,-1,3,-34
1759484516.9436247,-2,-3,-35
1759484516.9816248,-1,3,-44
1759484517.0196247,6,-1,-31
1759484517.0586247,-1,-1,-28
1759484517.0946248,-4,-5,-37
1759484517.1336248,-8,1,-39
1759484517.171625,-5,8,-40
1759484517.2096248,3,2,-40
1759484517.2476249,1,0,-44
1759484517.283625,-1,-1,-43
1759484517.3216248,-6,2,-34
1759484517.3606248,0,-3,-39
1759484517.398625,5,-6,-36
1759484517.434625,-1,0,-36
1759484517.4726248,1,-1,-46
1759484517.510625,0,4,-36
1759484517.5496247,2,0,-44
1759484517.5876248,-2,0,-46
1759484517.6236248,1,-3,-45
1759484517.661625,-4,-6,-36
1759484517.6996248,5,-7,-30
1759484517.737625,-3,-7,-37
1759484517.773625,3,-4,-45
1759484517.8116248,-2,-1,-35
1759484517.8496249,8,-3,-32
1759484517.8876247,5,0,-31
1759484517.9236248,4,-3,-44
1759484517.9616249,0,-4,-50
1759484517.9996247,0,-4,-36
1759484518.0356247,-1,-12,-32
1759484518.0736248,-1,0,-40
1759484518.1116247,-3,1,-31
1759484518.1566248,-1,0,-28
1759484518.194625,-7,-4,-41
1759484518.2326248,-7,-2,-26
1759484518.2696247,0,0,-34
1759484518.3086247,-2,-3,-36
1759484518.3456247,0,-1,-46
1759484518.3826249,5,0,-39
1759484518.4206247,6,-3,-35
1759484518.4596248,-2,4,-40
1759484518.4956248,2,2,-32
1759484518.5326247,0,-1,-43
1759484518.5706248,5,1,-35
1759484518.6096249,3,0,-36
1759484518.6456249,0,0,-33
1759484518.6826248,4,4,-29
1759484518.7216249,3,5,-32
1759484518.7596247,-1,0,-29
1759484518.7956247,-3,3,-36
1759484518.8336248,-2,5,-39
1759484518.8726249,2,2,-40
1759484518.9106247,-2,0,-44
1759484518.9486248,-4,0,-32
1759484518.9846249,-3,0,-38
1759484519.023625,-7,-1,-33
1759484519.0616248,-6,8,-37
1759484519.0996249,-6,1,-45
1759484519.135625,-1,-8,-48
1759484519.1746247,10,-4,-45
1759484519.2116249,4,2,-43
1759484519.250625,3,5,-38
1759484519.2886248,-1,-2,-44
1759484519.3246248,5,-6,-34
1759484519.3636248,-2,3,-35
1759484519.4006248,-3,3,-28
1759484519.4396248,0,-2,-31
1759484519.4756248,-1,1,-34
1759484519.513625,-2,0,-43
1759484519.5516248,0,0,-35
1759484519.5906248,0,-2,-43
1759484519.628625,2,-1,-41
1759484519.6646247,-12,0,-35
1759484519.7036247,0,2,-30
1759484519.7416248,1,0,-32
1759484519.7796247,-5,-2,-36
1759484519.8156247,-3,-1,-40
1759484519.8546247,-5,3,-41
1759484519.8926249,1,-2,-35
1759484519.9306247,0,5,-43
1759484519.9666247,2,7,-49
1759484520.003625,4,5,-43
1759484520.0426247,0,-5,-43
1759484520.0806248,0,3,-37
1759484520.1166248,-4,-3,-32
1759484520.1556249,-8,-3,-42
1759484520.1926248,6,0,-27
1759484520.2316248,6,-3,-34
1759484520.2696247,2,-1,-40
1759484520.3056247,4,-3,-33
1759484520.3436248,2,2,-45
1759484520.3816247,-4,-1,-37
1759484520.4206247,-4,3,-36
1759484520.4566247,0,3,-48
1759484520.4946249,-7,6,-32
1759484520.533625,-10,6,-47
1759484520.5716248,-3,5,-41
1759484520.6096249,2,-3,-37
1759484520.6456249,0,0,-49
1759484520.6836247,-3,0,-42
1759484520.7216249,-2,0,-27
1759484520.760625,1,0,-24
1759484520.796625,-6,1,-24
1759484520.8356247,2,-1,-34
1759484520.8736248,7,0,-41
1759484520.911625,6,-9,-34
1759484520.9496248,6,-4,-26
1759484520.9856248,6,2,-28
1759484521.023625,-4,1,-41
1759484521.0616248,-5,7,-47
1759484521.0996249,-12,0,-40
1759484521.135625,-3,-1,-35
1759484521.1746247,-3,0,-44
1759484521.2116249,2,-4,-47
1759484521.250625,-4,-9,-36
1759484521.286625,1,-3,-28
1759484521.3236248,2,2,-30
1759484521.3616247,-1,9,-38
1759484521.4006248,4,0,-30
1759484521.4366248,0,0,-33
1759484521.4736247,1,-5,-37
1759484521.5116248,0,8,-30
1759484521.5506248,0,0,-39
1759484521.5866249,0,-5,-26
1759484521.6246247,-3,-5,-34
1759484521.6626248,1,0,-33
1759484521.7016249,1,7,-39
1759484521.737625,6,1,-42
1759484521.7746248,1,-3,-44
1759484521.8126247,0,-3,-44
1759484521.8516247,4,-1,-40
1759484521.8876247,4,2,-52
1759484521.9256248,0,-5,-44
1759484521.9636247,-6,-1,-35
1759484522.0016248,2,-5,-45
1759484522.0406249,0,-9,-51
1759484522.0766249,3,-7,-51
1759484522.115625,-2,2,-33
1759484522.1526248,-2,2,-41
1759484522.1916249,-4,-5,-41
1759484522.227625,0,0,-37
1759484522.2646248,-1,1,-29
1759484522.3036249,5,1,-35
1759484522.3416247,0,-7,-49
1759484522.3776248,-6,1,-39
1759484522.4146247,-6,0,-28
1759484522.4526248,-1,0,-43
1759484522.4916248,1,0,-50
1759484522.5276248,8,-3,-47
1759484522.5646248,-5,-1,-41
1759484522.6036248,2,-1,-47
1759484522.6416247,3,1,-44
1759484522.6776247,1,2,-31
1759484522.7156248,-2,-4,-40
1759484522.7526248,0,-7,-37
1759484522.7916248,1,-8,-38
1759484522.8276248,3,0,-42
1759484522.8646247,0,0,-38
1759484522.9026248,2,-3,-37
1759484522.9416249,-1,0,-35
1759484522.977625,3,-1,-33
1759484523.0166247,-2,-1,-29
1759484523.0536249,8,-8,-36
1759484523.092625,1,0,-45
1759484523.1306248,-3,-2,-42
1759484523.1666248,-4,1,-34
1759484523.2056248,-1,-2,-37
1759484523.2426248,2,-6,-46
1759484523.2816248,2,-1,-40
1759484523.3186247,-1,1,-46
1759484523.355625,0,3,-41
1759484523.3936248,2,2,-40
1759484523.4326248,-3,0,-39
1759484523.4686248,3,2,-43
1759484523.5056248,4,-3,-34
1759484523.5436249,9,3,-41
1759484523.582625,6,1,-44
1759484523.6186247,0,2,-48
1759484523.6556249,-1,2,-42
1759484523.694625,-2,3,-38
1759484523.7326248,-7,-2,-45
1759484523.7686248,-9,-3,-38
1759484523.806625,5,-3,-40
1759484523.8456247,-1,1,-48
1759484523.8826249,1,1,-43
1759484523.921625,4,-5,-41
1759484523.957625,0,0,-48
1759484523.9956248,-4,5,-35
1759484524.033625,-6,-8,-36
1759484524.0726247,-4,0,-36
1759484524.1096249,-4,0,-40
1759484524.1476247,-3,0,-46
1759484524.184625,5,-6,-42
1759484524.2236247,-1,4,-40
1759484524.2616248,-2,0,-40
1759484524.2976248,6,-2,-29
1759484524.3356247,8,1,-37
1759484524.3736248,1,1,-34
1759484524.411625,-14,1,-40
1759484524.4476247,-12,-2,-43
1759484524.4866247,-7,0,-37
1759484524.523625,-4,-4,-37
1759484524.5626247,-8,3,-38
1759484524.5986247,-3,-2,-34
1759484524.6366248,-11,-5,-44
1759484524.6746247,-10,-2,-29
1759484524.7136247,-6,0,-38
1759484524.7516248,-8,1,-26
1759484524.7876248,-3,-4,-31
1759484524.8256247,-2,-2,-28
1759484524.8646247,5,-8,-36
1759484524.9026248,-9,-3,-38
1759484524.9386249,0,-2,-41
1759484524.9756248,-4,2,-46
1759484525.013625,-2,0,-49
1759484525.0526247,-5,3,-37
1759484525.0886247,-1,1,-31
1759484525.1276248,-1,-4,-37
1759484525.1656249,-5,-6,-42
1759484525.2036247,-1,-2,-37
1759484525.2396247,-2,1,-38
1759484525.2786248,0,5,-24
1759484525.3156247,3,-2,-39
1759484525.3546247,0,-1,-40
1759484525.3926249,0,-6,-39
1759484525.4286249,1,-4,-35
1759484525.4666247,1,-6,-38
1759484525.5046248,11,0,-34
1759484525.5426247,2,3,-31
1759484525.579625,0,2,-36
1759484525.6166248,0,2,-39
1759484525.6546247,2,0,-47
1759484525.6936247,-2,2,-47
1759484525.7296247,0,-1,-36
1759484525.7666247,-7,2,-33
1759484525.8046248,0,0,-36
1759484525.8436248,-7,-1,-19
1759484525.8796248,-3,-1,-27
1759484525.9176247,-5,-1,-26
1759484525.9556248,-5,2,-28
1759484525.9946249,-5,6,-42
1759484526.0326247,-5,0,-38
1759484526.0686247,-6,0,-37
1759484526.1066248,-7,2,-36
1759484526.1446247,3,1,-29
1759484526.1826248,-1,1,-32
1759484526.2186248,-1,0,-34
1759484526.2556248,-4,1,-29
1759484526.2946248,-2,0,-35
1759484526.332625,0,4,-30
1759484526.3686247,2,1,-44
1759484526.4056249,3,7,-34
1759484526.444625,1,-4,-29
1759484526.4826248,1,-6,-40
1759484526.5186248,0,-4,-41
1759484526.556625,-5,1,-32
1759484526.5946248,-4,4,-31
1759484526.6326249,-6,4,-33
1759484526.6686249,-1,2,-42
1759484526.7066247,5,0,-45
1759484526.7446249,1,4,-28
1759484526.7806249,-3,1,-37
1759484526.8186247,2,0,-31
1759484526.8566248,-2,-4,-38
1759484526.8946247,-3,3,-31
1759484526.9336247,3,0,-33
1759484526.9696248,-3,0,-30
1759484527.0066247,-2,-1,-27
1759484527.0446248,-1,0,-23
1759484527.0836248,-7,3,-29
1759484527.1196249,0,2,-35
1759484527.1566248,1,1,-34
1759484527.194625,-3,1,-38
1759484527.2336247,0,3,-49
1759484527.2696247,-6,0,-44
1759484527.306625,-2,0,-41
1759484527.3446248,-8,2,-46
1759484527.3836248,-10,-2,-42
1759484527.4196248,-4,2,-36
1759484527.457625,0,3,-36
1759484527.4966247,11,-2,-30
1759484527.5346248,7,3,-30
1759484527.5706248,6,4,-27
1759484527.6076248,3,4,-35
1759484527.6456249,3,6,-22
1759484527.684625,0,-5,-22
1759484527.7206247,-5,-3,-25
1759484527.7586248,0,1,-36
1759484527.796625,4,0,-52
1759484527.8356247,0,0,-45
1759484527.8736248,-3,3,-39
1759484527.9096248,0,6,-39
1759484527.9476247,-1,1,-41
1759484527.9856248,0,-6,-32
1759484528.023625,7,0,-29
1759484528.0606248,-1,-3,-43
1759484528.0976248,1,-2,-44
1759484528.1376247,1,1,-30
1759484528.181625,10,0,-28
1759484528.2196248,3,-2,-35
1759484528.2576249,8,1,-38
1759484528.2956247,-1,-9,-35
1759484528.3336248,1,-7,-40
1759484528.3696249,1,-1,-38
1759484528.408625,-3,0,-43
1759484528.4466248,2,-2,-45
1759484528.4846249,0,0,-54
1759484528.5206249,-1,1,-38
1759484528.5586247,-1,0,-36
1759484528.5966249,-5,3,-30
1759484528.635625,3,0,-35
1759484528.671625,0,-1,-42
1759484528.7086248,-4,-2,-37
1759484528.7476249,0,-9,-35
1759484528.7856247,-2,-9,-39
1759484528.8216248,8,-1,-38
1759484528.8596249,-6,-2,-37
1759484528.8966248,-4,-3,-45
1759484528.9356248,4,-9,-39
1759484528.9716249,-1,0,-30
1759484529.0096247,-1,-3,-26
1759484529.046625,-2,-4,-35
1759484529.0856247,-11,-4,-32
1759484529.1216247,-1,-4,-31
1759484529.1606247,-5,-4,-37
1759484529.1976247,-2,-5,-19
1759484529.2366247,-1,-2,-41
1759484529.2746248,4,-1,-32
1759484529.3106248,0,-2,-37
1759484529.3496249,-1,11,-37
1759484529.3876247,-1,2,-43
1759484529.4256248,-2,4,-43
1759484529.4626248,1,3,-53
1759484529.4996247,8,5,-40
1759484529.5376248,8,4,-30
1759484529.5766249,0,2,-27
1759484529.6146247,4,3,-35
1759484529.6506248,3,0,-33
1759484529.6876247,-2,-5,-40
1759484529.7266247,-1,1,-43
1759484529.7646248,-11,5,-42
1759484529.8016248,-1,0,-29
1759484529.8386247,-2,-2,-37
1759484529.8776248,1,2,-33
1759484529.9156249,0,4,-35
1759484529.9516249,5,-2,-34
1759484529.9896247,6,-3,-43
1759484530.0276248,6,0,-47
1759484530.0666249,2,-5,-41
1759484530.1046247,6,-4,-39
1759484530.1406248,0,-3,-32
1759484530.1776247,-2,2,-34
1759484530.2166247,0,-2,-49
1759484530.2526248,0,-4,-45
1759484530.2906249,0,-7,-32
1759484530.3286247,0,-2,-27
1759484530.3666248,-3,-2,-36
1759484530.4026248,-1,0,-37
1759484530.4396248,-2,-2,-38
1759484530.477625,-4,2,-38
1759484530.5166247,1,0,-29
1759484530.5526247,2,0,-43
1759484530.5906248,3,1,-44
1759484530.6276248,4,0,-38
1759484530.6666248,1,-1,-41
1759484530.7026248,2,3,-44
1759484530.7396247,4,-2,-38
1759484530.7776248,0,-9,-36
1759484530.8166249,4,1,-33
1759484530.852625,-4,-1,-26
1759484530.8906248,-4,-2,-32
1759484530.9286249,0,2,-36
1759484530.967625,-4,1,-34
1759484531.0056248,-2,0,-33
1759484531.0416248,1,-4,-36
1759484531.0786247,5,-4,-52
1759484531.1176248,2,-1,-42
1759484531.1556249,3,-3,-42
1759484531.1916249,8,0,-33
1759484531.2296247,12,-3,-44
1759484531.2676249,7,1,-44
1759484531.3056247,1,-1,-35
1759484531.3416247,0,0,-36
1759484531.378625,2,-8,-48
1759484531.4176247,-3,-3,-42
1759484531.4556248,-4,-5,-37
1759484531.4916248,-3,-4,-46
1759484531.5296247,0,-3,-35
1759484531.5686247,0,2,-42
1759484531.6066248,-4,1,-45
1759484531.6426249,-4,1,-37
1759484531.681625,2,0,-40
1759484531.7196248,0,5,-41
1759484531.7576249,0,3,-32
1759484531.7956247,3,-2,-42
1759484531.8316247,6,6,-37
1759484531.8686247,0,1,-41
1759484531.9076247,-3,-6,-44
1759484531.944625,-3,-3,-41
1759484531.9816248,0,0,-50
1759484532.0206249,3,-3,-31
1759484532.0576248,2,-3,-37
1759484532.0966249,1,-1,-48
1759484532.1326249,2,0,-36
1759484532.1706247,6,0,-27
1759484532.207625,7,1,-25
1759484532.2466247,5,0,-31
1759484532.2826247,1,0,-40
1759484532.3206248,-4,-1,-39
1759484532.3576248,-5,2,-34
1759484532.3966248,-2,4,-37
1759484532.4326248,0,1,-35
1759484532.4716249,4,0,-48
1759484532.5086248,6,-1,-48
1759484532.5476248,6,-3,-40
1759484532.5836248,-2,-3,-48
1759484532.6216247,-2,-5,-37
1759484532.6596248,-3,-1,-31
1759484532.6986248,8,0,-37
1759484532.7366247,0,0,-39
1759484532.7726247,-2,2,-37
1759484532.8106248,-3,1,-31
1759484532.8496249,1,2,-25
1759484532.8876247,3,-4,-37
1759484532.9236248,6,-3,-34
1759484532.9626248,-4,0,-37
1759484533.000625,1,2,-44
1759484533.0386248,7,0,-36
1759484533.0766249,11,-5,-33
1759484533.112625,5,3,-35
1759484533.1506248,2,-1,-40
1759484533.1886249,6,2,-39
1759484533.2266247,-1,2,-26
1759484533.2626247,-1,4,-21
1759484533.3016248,2,1,-39
1759484533.3386247,1,0,-41
1759484533.3776248,6,0,-36
1759484533.4136248,2,7,-43
1759484533.4516249,5,2,-46
1759484533.4896247,6,3,-30
1759484533.5276248,-3,-2,-42
1759484533.5646248,4,-8,-35
1759484533.6016247,3,-8,-29
1759484533.6396248,3,-8,-37
1759484533.6786249,4,-3,-29
1759484533.714625,0,0,-31
1759484533.7516248,-2,-7,-39
1759484533.7896247,-3,-5,-27
1759484533.8286247,-1,-9,-36
1759484533.8646247,-2,1,-45
1759484533.9026248,-3,1,-48
1759484533.9416249,-8,-6,-46
1759484533.9796247,-3,-4,-32
1759484534.0176249,3,6,-41
1759484534.0536249,1,2,-44
1759484534.0916247,8,1,-45
1759484534.1306248,6,5,-47
1759484534.1686249,6,6,-36
1759484534.204625,2,7,-30
1759484534.2416248,-2,2,-43
1759484534.2806249,-2,-1,-45
1759484534.3186247,-1,1,-43
1759484534.3546247,0,2,-42
1759484534.3916247,0,-4,-39
1759484534.4306247,-3,-4,-30
1759484534.4686248,1,-3,-47
1759484534.5046248,0,0,-42
1759484534.5416248,-6,7,-29
1759484534.579625,0,4,-30
1759484534.6186247,0,-7,-36
1759484534.6556249,3,0,-43
1759484534.6936247,2,-1,-43
1759484534.730625,0,0,-37
1759484534.7696247,3,0,-34
1759484534.8076248,6,4,-36
1759484534.8436248,2,10,-41
1759484534.8816247,0,1,-39
1759484534.9196248,2,1,-35
1759484534.957625,1,0,-30
1759484534.9936247,12,2,-49
1759484535.0316248,0,3,-40
1759484535.069625,7,1,-42
1759484535.1076248,4,1,-51
1759484535.1436248,1,1,-53
1759484535.181625,2,0,-35
1759484535.2196248,-5,-11,-39
1759484535.2576249,-5,-8,-50
1759484535.2936249,3,-4,-51
1759484535.3316247,9,-1,-35
1759484535.3696249,3,1,-47
1759484535.4076247,2,-2,-34
1759484535.444625,0,-2,-36
1759484535.4816248,-1,0,-44
1759484535.5206249,-7,7,-37
1759484535.5586247,3,2,-34
1759484535.5946248,-1,4,-37
1759484535.6316247,0,-4,-35
1759484535.6706247,0,-10,-41
1759484535.7086248,0,-13,-39
1759484535.7446249,3,-6,-41
1759484535.783625,2,-5,-31
1759484535.8206248,-3,3,-41
1759484535.8596249,-2,1,-24
1759484535.8956249,1,-5,-29
1759484535.9336247,3,-3,-29
1759484535.9706247,-2,5,-32
1759484536.0096247,3,1,-24
1759484536.0456247,0,-3,-35
1759484536.0836248,3,-5,-44
1759484536.1206248,10,0,-43
1759484536.1596248,0,4,-39
1759484536.1956248,4,3,-38
1759484536.2326248,5,-7,-42
1759484536.2706249,9,-3,-25
1759484536.309625,7,-5,-48
1759484536.3456247,5,0,-46
1759484536.3826249,11,1,-42
1759484536.421625,1,3,-44
1759484536.4596248,2,0,-40
1759484536.4956248,-2,1,-38
1759484536.533625,1,1,-49
1759484536.5716248,3,-3,-51
1759484536.6096249,0,-5,-33
1759484536.6456249,-3,-5,-40
1759484536.684625,-5,-6,-40
1759484536.7216249,-6,1,-35
1759484536.760625,-6,-6,-42
1759484536.7986248,2,2,-32
1759484536.8346248,6,4,-30
1759484536.8726249,8,0,-35
1759484536.911625,3,0,-37
1759484536.9496248,4,0,-46
1759484536.9856248,2,-1,-51
1759484537.0226247,-1,-2,-55
1759484537.0606248,-1,4,-47
1759484537.0996249,-2,3,-47
1759484537.135625,-9,3,-41
1759484537.1726248,-3,-2,-40
1759484537.2106247,-3,0,-39
1759484537.2496247,0,-5,-29
1759484537.2856247,0,-1,-37
1759484537.3226247,7,-2,-35
1759484537.3606248,-1,4,-29
1759484537.3996248,-7,-5,-36
1759484537.4356248,-5,0,-37
1759484537.4726248,0,1,-37
1759484537.510625,-2,5,-38
1759484537.5496247,1,0,-33
1759484537.5856247,4,-4,-37
1759484537.6226249,6,-3,-28
1759484537.661625,0,-6,-33
1759484537.6996248,3,-6,-44
1759484537.7356248,4,-4,-44
1759484537.773625,1,-1,-43
1759484537.8116248,1,-5,-40
1759484537.8506248,6,-6,-36
1759484537.8866248,12,2,-34
1759484537.9236248,-1,-1,-33
1759484537.9626248,-8,-4,-34
1759484538.000625,-1,0,-46
1759484538.036625,3,0,-41
1759484538.0746248,5,-2,-38
1759484538.1116247,0,5,-36
1759484538.1506248,-2,1,-36
1759484538.194625,-8,4,-37
1759484538.2316248,6,5,-42
1759484538.2706249,-10,6,-37
1759484538.306625,0,0,-36
1759484538.3436248,0,0,-36
1759484538.3826249,5,4,-42
1759484538.4206247,5,1,-37
1759484538.4566247,1,1,-33
1759484538.4946249,-4,2,-34
1759484538.5316248,-4,0,-43
1759484538.5706248,-2,-4,-33
1759484538.6066248,0,-5,-27
1759484538.6446247,4,2,-34
1759484538.6826248,11,-5,-32
1759484538.7206247,4,0,-40
1759484538.7576249,7,2,-39
1759484538.7946248,-1,0,-32
1759484538.832625,0,0,-41
1759484538.8716247,0,3,-30
1759484538.9076247,-1,1,-32
1759484538.944625,4,-3,-28
1759484538.9826248,3,-7,-40
1759484539.0216248,-1,-1,-53
1759484539.0576248,-5,-6,-46
1759484539.0966249,1,2,-39
1759484539.1336248,-3,3,-34
1759484539.171625,0,-1,-31
1759484539.2106247,-3,-1,-47
1759484539.2466247,-3,-3,-42
1759484539.2856247,1,-4,-31
1759484539.3236248,-2,4,-38
1759484539.3616247,-2,6,-45
1759484539.3976247,-8,-1,-44
1759484539.4356248,0,6,-40
1759484539.4746249,0,3,-29
1759484539.5126247,0,-1,-34
1759484539.5506248,3,-2,-40
1759484539.5866249,-2,-5,-41
1759484539.6246247,7,3,-37
1759484539.6626248,0,4,-50
1759484539.7016249,-4,-3,-46
1759484539.737625,-2,3,-38
1759484539.7746248,-3,3,-36
1759484539.8136249,1,3,-44
1759484539.8516247,-1,9,-54
1759484539.8876247,1,1,-42
1759484539.9246247,1,3,-39
1759484539.9626248,1,5,-37
1759484540.0016248,-2,5,-37
1759484540.0376248,0,0,-43
1759484540.0746248,-13,0,-41
1759484540.1136248,-6,-1,-24
1759484540.151625,-7,-5,-36
1759484540.1876247,-1,-2,-40
1759484540.2266247,0,-5,-41
1759484540.263625,-1,-4,-43
1759484540.3026247,2,-9,-48
1759484540.3406248,-3,2,-42
1759484540.3776248,-5,3,-36
1759484540.4146247,2,-1,-37
1759484540.4536247,-1,5,-30
1759484540.4916248,0,1,-34
1759484540.5286248,-2,-6,-31
1759484540.5666249,2,-2,-45
1759484540.6046247,-1,-3,-33
1759484540.6426249,2,-1,-27
1759484540.6786249,-7,-2,-41
1759484540.7166247,-6,0,-41
1759484540.7556248,3,7,-43
1759484540.7926247,-1,-1,-36
1759484540.8316247,-9,0,-30
1759484540.8676248,-2,1,-22
1759484540.9056249,-2,2,-31
1759484540.9436247,3,1,-36
1759484540.9816248,3,2,-33
1759484541.0176249,2,2,-45
1759484541.0556247,3,0,-37
1759484541.092625,-3,-4,-36
1759484541.1316247,0,1,-38
1759484541.1676247,5,0,-36
1759484541.2056248,6,0,-37
1759484541.2436247,2,-3,-42
1759484541.2816248,0,0,-38
1759484541.3176248,-8,-1,-42
1759484541.355625,-6,0,-37
1759484541.3936248,-3,1,-37
1759484541.4326248,-1,-1,-31
1759484541.4686248,1,-2,-33
1759484541.5056248,0,4,-43
1759484541.5436249,5,-5,-40
1759484541.582625,-9,2,-39
1759484541.6186247,-8,-4,-42
1759484541.6566248,3,-2,-47
1759484541.694625,-1,2,-47
1759484541.7336247,0,-12,-34
1759484541.7716248,0,-2,-20
1759484541.8086247,-2,0,-27
1759484541.8466249,2,3,-30
1759484541.8836248,2,4,-31
1759484541.9226248,0,-2,-37
1759484541.9586248,1,4,-32
1759484541.9956248,0,2,-52
1759484542.0346248,1,0,-41
1759484542.0726247,5,-2,-43
1759484542.1086247,-6,-3,-38
1759484542.1466248,-8,0,-36
1759484542.184625,3,1,-35
1759484542.2236247,6,-3,-37
1759484542.2616248,0,0,-29
1759484542.2986248,1,-2,-28
1759484542.3366249,9,-6,-20
1759484542.3746247,5,-2,-39
1759484542.4136248,5,-9,-40
1759484542.4496248,0,-6,-38
1759484542.4886248,3,1,-41
1759484542.5256248,-11,7,-38
1759484542.5646248,-3,3,-38
1759484542.602625,-10,-1,-39
1759484542.638625,-6,0,-36
1759484542.6766248,-1,4,-44
1759484542.714625,-3,-3,-42
1759484542.7526248,-3,5,-35
1759484542.7886248,0,3,-37
1759484542.8256247,-1,0,-24
1759484542.8646247,4,-2,-31
1759484542.9026248,2,0,-32
1759484542.9386249,3,-8,-46
1759484542.977625,4,3,-36
1759484543.0146248,-7,1,-33
1759484543.0536249,-2,0,-29
1759484543.089625,-2,8,-31
1759484543.1276248,3,1,-37
1759484543.1656249,0,-6,-36
1759484543.204625,-6,-6,-46
1759484543.2426248,2,-4,-43
1759484543.2786248,2,-6,-33
1759484543.3156247,-5,-6,-45
1759484543.3546247,-2,2,-48
1759484543.3926249,1,3,-31
1759484543.4286249,-3,-4,-37
1759484543.4666247,-1,0,-43
1759484543.5046248,-2,1,-35
1759484543.5436249,-6,0,-31
1759484543.579625,-12,0,-38
1759484543.6176248,-4,0,-46
1759484543.6566248,4,-4,-35
1759484543.694625,2,-5,-38
1759484543.7326248,-3,-3,-50
1759484543.7686248,-4,-4,-41
1759484543.8076248,2,4,-44
1759484543.8446248,6,5,-30
1759484543.8836248,2,-1,-37
1759484543.9196248,6,-6,-36
1759484543.9566247,3,1,-39
1759484543.9956248,1,-2,-40
1759484544.033625,0,2,-38
1759484544.069625,2,6,-41
1759484544.1076248,0,-1,-29
1759484544.1456249,4,-5,-34
1759484544.1836247,1,4,-41
1759484544.2196248,2,-5,-38
1759484544.2576249,-3,0,-35
1759484544.2956247,-3,6,-45
1759484544.3336248,-7,3,-31
1759484544.3696249,-10,0,-28
1759484544.4066248,0,8,-42
1759484544.4456248,0,5,-31
1759484544.4836247,-5,2,-35
1759484544.5196247,1,2,-37
1759484544.5576248,1,0,-22
1759484544.5956247,2,0,-45
1759484544.6336248,-5,3,-37
1759484544.6696248,0,5,-41
1759484544.707625,-2,3,-39
1759484544.7446249,-1,5,-42
1759484544.783625,1,-1,-34
1759484544.819625,-3,0,-40
1759484544.8576248,-8,-4,-40
1759484544.8956249,0,-3,-37
1759484544.9336247,0,4,-39
1759484544.9696248,-5,-3,-44
1759484545.0076249,5,0,-33
1759484545.046625,-4,1,-38
1759484545.0846248,0,0,-41
1759484545.1206248,-4,-3,-38
1759484545.1596248,0,6,-30
1759484545.1966248,-2,-1,-31
1759484545.2356248,0,-1,-33
1759484545.273625,-4,1,-36
1759484545.309625,0,2,-41
1759484545.3466249,0,2,-31
1759484545.385625,2,-3,-23
1759484545.4236248,-1,1,-28
1759484545.4596248,-4,2,-41
1759484545.4966247,-1,6,-39
1759484545.5356247,3,3,-34
1759484545.5736248,10,0,-36
1759484545.6096249,0,0,-29
1759484545.6476247,3,-3,-39
1759484545.6856248,-3,-3,-42
1759484545.7236247,7,-7,-34
1759484545.7596247,5,-5,-50
1759484545.7976248,-5,1,-35
1759484545.8356247,-3,-2,-28
1759484545.8716247,-6,-4,-37
1759484545.9106247,-5,0,-37
1759484545.9476247,-1,-2,-35
1759484545.9856248,10,-1,-35
1759484546.0246248,12,1,-28
1759484546.0606248,1,4,-26
1759484546.0976248,0,4,-29
1759484546.135625,4,0,-38
1759484546.1746247,2,3,-37
1759484546.2106247,1,-2,-36
1759484546.2486248,-1,-5,-34
1759484546.2876248,-7,-5,-31
1759484546.3256247,-4,4,-38
1759484546.3616247,2,4,-39
1759484546.398625,0,4,-35
1759484546.4366248,2,-5,-33
1759484546.4756248,0,-4,-32
1759484546.5116248,-1,-2,-43
1759484546.5496247,1,-3,-39
1759484546.5876248,3,0,-37
1759484546.6266248,-3,1,-38
1759484546.6646247,-1,0,-44
1759484546.7006247,2,0,-46
1759484546.7386248,-3,3,-36
1759484546.776625,0,3,-39
1759484546.8146248,-2,-1,-39
1759484546.8506248,2,-1,-36
1759484546.8876247,1,-1,-38
1759484546.9266248,-2,7,-40
1759484546.964625,-1,2,-33
1759484547.000625,6,-3,-35
1759484547.0376248,-1,-5,-42
1759484547.0766249,5,-8,-38
1759484547.1146247,1,-5,-49
1759484547.1506248,-5,3,-47
1759484547.1886249,-5,0,-36
1759484547.2266247,7,3,-42
1759484547.2646248,-2,0,-35
1759484547.3006248,-3,5,-47
1759484547.339625,5,1,-35
1759484547.3766248,3,0,-34
1759484547.4156249,-6,0,-41
1759484547.4516249,-4,1,-36
1759484547.4896247,2,-5,-38
1759484547.5276248,5,0,-47
1759484547.5656247,0,0,-51
1759484547.6016247,5,1,-41
1759484547.638625,3,0,-35
1759484547.6776247,1,-1,-43
1759484547.7156248,2,5,-46
1759484547.7516248,0,1,-48
1759484547.7886248,1,1,-53
1759484547.8276248,-5,0,-45
1759484547.865625,-4,-4,-42
1759484547.901625,-4,-8,-37
1759484547.9396248,-3,-11,-26
1759484547.977625,8,-11,-31
1759484548.0166247,4,-5,-16
1759484548.0536249,-5,-2,-32
1759484548.0906248,-11,-6,-29
1759484548.1296248,-7,-3,-33
1759484548.1666248,0,-1,-38
1759484548.2116249,3,-1,-37
1759484548.2496247,-5,-3,-34
1759484548.2876248,0,1,-41
1759484548.3256247,-2,2,-36
1759484548.362625,0,0,-40
1759484548.3996248,9,5,-37
1759484548.4376247,3,0,-33
1759484548.4766247,-5,0,-35
1759484548.5126247,0,0,-36
1759484548.5506248,-1,-1,-35
1759484548.589625,-5,-6,-35
1759484548.6276248,1,-5,-23
1759484548.6656249,7,-6,-29
1759484548.7016249,1,-4,-36
1759484548.7396247,1,-7,-29
1759484548.7786248,3,1,-27
1759484548.8166249,-4,-2,-24
1759484548.852625,-2,1,-28
1759484548.8906248,-2,-1,-32
1759484548.9286249,0,2,-42
1759484548.9666247,-1,-1,-39
1759484549.0026248,0,0,-41
1759484549.0396247,2,-6,-36
1759484549.0786247,0,-2,-42
1759484549.1166248,-1,0,-45
1759484549.1526248,1,1,-42
1759484549.1896248,-7,-1,-45
1759484549.2286248,-11,0,-39
1759484549.2666247,-4,1,-41
1759484549.3036249,-1,1,-51
1759484549.3416247,-1,0,-43
1759484549.3796248,10,1,-24
1759484549.4176247,-2,-3,-36
1759484549.4536247,-9,-4,-30
1759484549.4916248,-1,-11,-38
1759484549.5306249,1,-1,-44
1759484549.5676248,-3,-1,-45
1759484549.6066248,2,-5,-34
1759484549.6426249,2,0,-26
1759484549.6806247,-1,6,-37
1759484549.717625,2,4,-26
1759484549.7566247,-6,2,-32
1759484549.7926247,-7,2,-35
1759484549.8306248,0,2,-48
1759484549.8686247,3,1,-43
1759484549.9076247,4,5,-49
1759484549.9436247,-1,2,-40
1759484549.9816248,2,-2,-44
1759484550.0196247,5,-3,-31
1759484550.0576248,9,-4,-37
1759484550.0966249,0,-1,-36
1759484550.1336248,0,-4,-48
1759484550.1706247,-1,2,-51
1759484550.2086248,2,2,-45
1759484550.2476249,0,-1,-35
1759484550.283625,-2,0,-40
1759484550.3206248,3,0,-43
1759484550.3596249,4,0,-41
1759484550.3976247,4,5,-36
1759484550.4336247,1,4,-39
1759484550.4716249,-1,2,-47
1759484550.5096247,-4,-4,-31
1759484550.5476248,1,-4,-38
1759484550.5836248,-2,1,-44
1759484550.6226249,0,-4,-39
1759484550.6606247,-2,0,-42
1759484550.6986248,-2,1,-34
1759484550.7366247,-6,0,-25
1759484550.7726247,0,-6,-36
1759484550.8106248,0,4,-42
1759484550.8496249,1,1,-33
1759484550.8876247,2,4,-45
1759484550.9236248,0,5,-32
1759484550.9606247,-1,-1,-36
1759484550.9986248,0,-2,-40
1759484551.0376248,7,-1,-26
1759484551.0736248,3,-3,-24
1759484551.1106248,0,-1,-27
1759484551.148625,6,-1,-42
1759484551.1876247,3,-3,-39
1759484551.2236247,2,-1,-36
1759484551.260625,2,2,-41
1759484551.2986248,-1,-3,-26
1759484551.3376248,-5,-1,-41
1759484551.3736248,-4,2,-53
1759484551.4106247,-1,1,-42
1759484551.4486248,-7,0,-32
1759484551.487625,-4,-2,-28
1759484551.523625,-2,-3,-35
1759484551.5616248,-2,1,-31
1759484551.5996249,-4,0,-32
1759484551.638625,1,0,-46
1759484551.6746247,-2,2,-54
1759484551.7116249,1,5,-34
1759484551.7496247,3,-2,-30
1759484551.7886248,-1,-2,-28
1759484551.8246248,1,4,-36
1759484551.8616247,-10,4,-33
1759484551.9006248,-5,-3,-45
1759484551.9386249,3,-1,-34
1759484551.9746249,3,-4,-29
1759484552.0126247,2,-1,-28
1759484552.0506248,2,-2,-33
1759484552.089625,1,0,-32
1759484552.1276248,0,-3,-30
1759484552.1636248,2,3,-41
1759484552.2026248,-6,1,-32
1759484552.240625,0,2,-34
1759484552.2786248,0,3,-33
1759484552.3146248,0,5,-36
1759484552.3516247,-3,0,-31
1759484552.3906248,4,6,-28
1759484552.4286249,3,0,-39
1759484552.464625,3,-1,-24
1759484552.503625,-1,0,-37
1759484552.5406249,-7,0,-22
1759484552.579625,0,-2,-37
1759484552.6176248,0,-3,-28
1759484552.6536248,3,-3,-45
1759484552.6906247,-2,3,-47
1759484552.7296247,-5,0,-44
1759484552.7676249,-2,3,-36
1759484552.8046248,0,-3,-44
1759484552.8416247,-5,-2,-29
1759484552.8796248,-2,-4,-19
1759484552.9186249,3,0,-37
1759484552.954625,6,-3,-44
1759484552.9916248,-5,-4,-46
1759484553.0296247,4,-4,-31
1759484553.0686247,-7,-1,-30
1759484553.1046247,-7,1,-34
1759484553.1426249,-14,-1,-30
1759484553.1796248,-3,-1,-34
1759484553.2186248,-8,0,-32
1759484553.2546248,0,0,-31
1759484553.2916248,0,-1,-32
1759484553.3306248,4,-7,-36
1759484553.3686247,5,-6,-39
1759484553.4046247,0,2,-30
1759484553.4416249,1,0,-25
1759484553.4796247,2,-4,-41
1759484553.5186248,-2,-2,-30
1759484553.5546248,2,-4,-37
1759484553.592625,-1,-7,-43
1759484553.6316247,-4,-3,-32
1759484553.6696248,-4,2,-25
1759484553.7056248,0,2,-34
1759484553.7436247,3,-7,-46
1759484553.7806249,7,-5,-47
1759484553.819625,7,0,-42
1759484553.855625,1,3,-39
1759484553.8926249,3,1,-30
1759484553.9306247,1,-2,-41
1759484553.9696248,2,-7,-38
1759484554.0056248,2,-7,-35
1759484554.0436249,-2,-6,-32
1759484554.0806248,6,-1,-24
1759484554.1196249,3,-2,-28
1759484554.1556249,4,1,-36
1759484554.1926248,-7,0,-37
1759484554.230625,-7,1,-36
1759484554.2696247,-5,5,-34
1759484554.3056247,0,-3,-37
1759484554.342625,-5,-4,-32
1759484554.3806248,-2,0,-35
1759484554.4196248,-3,-9,-34
1759484554.4556248,-8,-1,-43
1759484554.4936247,-6,-1,-46
1759484554.5316248,0,-3,-43
1759484554.5706248,0,3,-44
1759484554.6066248,0,1,-38
1759484554.6446247,-4,2,-46
1759484554.6836247,-3,-2,-35
1759484554.7206247,-3,0,-37
1759484554.7596247,0,-2,-41
1759484554.7956247,2,2,-35
1759484554.8336248,6,1,-39
1759484554.8706248,-2,-1,-32
1759484554.9096248,-4,0,-32
1759484554.9456248,-3,0,-44
1759484554.9826248,-3,-4,-47
1759484555.0206249,-3,5,-49
1759484555.059625,-5,-3,-34
1759484555.0956247,-8,0,-36
1759484555.1326249,-3,-5,-28
1759484555.1706247,-4,0,-33
1759484555.2096248,-9,1,-37
1759484555.2456248,-6,0,-35
1759484555.2826247,-3,1,-35
1759484555.3216248,-3,1,-36
1759484555.3596249,2,-2,-30
1759484555.3956249,2,-1,-36
1759484555.434625,-1,-4,-38
1759484555.4726248,1,-6,-35
1759484555.510625,-5,-7,-37
1759484555.546625,-1,-3,-27
1759484555.5856247,3,-1,-39
1759484555.6226249,-4,1,-32
1759484555.661625,7,7,-36
1759484555.6996248,6,6,-40
1759484555.7356248,5,2,-43
1759484555.7726247,5,3,-38
1759484555.8116248,8,-6,-37
1759484555.8496249,-7,0,-32
1759484555.885625,-1,3,-27
1759484555.9236248,0,0,-32
1759484555.9616249,0,3,-25
1759484556.000625,0,0,-31
1759484556.036625,-1,9,-34
1759484556.0736248,3,6,-31
1759484556.1116247,-1,6,-31
1759484556.1506248,-13,0,-23
1759484556.1866248,-10,0,-34
1759484556.2246249,-6,7,-36
1759484556.2626247,1,5,-40
1759484556.3016248,-12,0,-45
1759484556.3376248,0,-2,-40
1759484556.375625,-1,3,-49
1759484556.4146247,0,-3,-48
1759484556.4516249,0,2,-32
1759484556.490625,5,3,-30
1759484556.5276248,-1,0,-32
1759484556.5646248,4,0,-34
1759484556.6036248,4,-1,-32
1759484556.6416247,3,2,-38
1759484556.6776247,0,-2,-43
1759484556.7156248,0,-5,-38
1759484556.753625,0,-6,-35
1759484556.7916248,-4,2,-33
1759484556.8306248,-7,1,-38
1759484556.8666248,-3,2,-38
1759484556.9036248,-6,-1,-42
1759484556.9416249,1,-12,-41
1759484556.980625,-2,-5,-55
1759484557.0166247,0,-3,-50
1759484557.0556247,2,4,-39
1759484557.0936248,0,3,-44
1759484557.1316247,-8,0,-24
1759484557.1676247,-7,2,-30
1759484557.2056248,2,1,-30
1759484557.2446249,-8,-1,-37
1759484557.2826247,-3,0,-39
1759484557.3206248,1,-6,-33
1759484557.3566248,3,-10,-24
1759484557.3956249,7,-2,-32
1759484557.4326248,-1,-2,-28
1759484557.4716249,-5,-4,-27
1759484557.5076249,-11,6,-38
1759484557.546625,-5,-1,-44
1759484557.5836248,5,-2,-47
1759484557.6226249,5,-4,-30
1759484557.6606247,-6,2,-39
1759484557.6966248,-6,3,-36
1759484557.7346249,-1,-1,-39
1759484557.773625,0,-4,-38
1759484557.8116248,4,-2,-28
1759484557.8476248,3,5,-43
1759484557.8846247,0,4,-24
1759484557.9226248,-4,-6,-43
1759484557.9616249,-4,-7,-47
1759484557.9976249,-10,-3,-41
1759484558.0356247,-1,-4,-45
1759484558.0746248,-4,-1,-38
1759484558.112625,-2,4,-38
1759484558.148625,-2,2,-39
1759484558.1866248,-2,-1,-36
1759484558.2316248,2,2,-36
1759484558.2676249,0,-3,-37
1759484558.3056247,-5,-4,-39
1759484558.3436248,-5,0,-32
1759484558.3816247,-5,0,-32
1759484558.4176247,7,-3,-29
1759484558.4556248,-2,6,-32
1759484558.4946249,0,-3,-35
1759484558.5326247,-1,-2,-45
1759484558.5686247,1,3,-52
1759484558.6066248,4,0,-52
1759484558.6446247,3,-3,-39
1759484558.6826248,3,-3,-24
1759484558.7216249,-1,0,-38
1759484558.7576249,-3,0,-40
1759484558.7956247,-1,5,-36
1759484558.8336248,-8,0,-45
1759484558.8726249,-8,0,-33
1759484558.908625,1,4,-38
1759484558.9466248,-5,2,-43
1759484558.9836247,0,-1,-46
1759484559.0226247,-1,1,-41
1759484559.0586247,-8,7,-49
1759484559.0966249,-4,4,-52
1759484559.1346247,-2,3,-48
1759484559.1736248,0,-2,-32
1759484559.2116249,-1,-5,-39
1759484559.2486248,4,-7,-45
1759484559.2856247,0,-7,-30
1759484559.3246248,-2,-8,-41
1759484559.362625,1,1,-33
1759484559.398625,1,5,-35
1759484559.4356248,0,8,-40
1759484559.4746249,-1,4,-38
1759484559.5126247,4,3,-35
1759484559.5486248,3,6,-45
1759484559.5856247,1,-4,-50
1759484559.6236248,3,0,-37
1759484559.6626248,1,-3,-34
1759484559.6986248,0,4,-32
1759484559.737625,-4,0,-30
1759484559.7756248,-7,2,-32
1759484559.8136249,0,-5,-39
1759484559.8496249,-6,-6,-38
1759484559.8876247,-6,-4,-34
1759484559.9266248,-6,-1,-42
1759484559.964625,-4,1,-39
1759484560.0026248,-1,3,-38
1759484560.0386248,1,1,-35
1759484560.0766249,-7,-3,-39
1759484560.1136248,2,2,-40
1759484560.1526248,0,-4,-35
1759484560.1896248,-4,-1,-22
1759484560.2266247,-3,7,-22
1759484560.2646248,-2,-2,-37
1759484560.3036249,2,5,-25
1759484560.339625,-8,0,-30
1759484560.3776248,-8,-2,-40
1759484560.4156249,-5,4,-36
1759484560.4536247,6,0,-42
1759484560.4926248,3,-4,-35
1759484560.5286248,2,-1,-33
1759484560.5676248,6,3,-35
1759484560.6046247,3,0,-38
1759484560.6436248,0,5,-34
1759484560.6806247,7,1,-41
1759484560.717625,2,-3,-42
1759484560.7566247,6,-2,-32
1759484560.7946248,11,3,-32
1759484560.832625,2,0,-44
1759484560.8686247,0,-4,-44
1759484560.9076247,0,-3,-43
1759484560.944625,-1,-7,-33
1759484560.9836247,-2,-3,-40
1759484561.0196247,-3,2,-50
1759484561.056625,3,-4,-40
1759484561.0946248,8,6,-43
1759484561.1336248,0,0,-39
1759484561.1696248,-7,-4,-40
1759484561.2086248,4,-10,-39
1759484561.2466247,0,-3,-34
1759484561.2846248,0,4,-27
1759484561.3226247,0,-5,-29
1759484561.3586247,-3,-4,-40
1759484561.3976247,2,1,-36
1759484561.4356248,5,-5,-38
1759484561.4736247,3,0,-41
1759484561.5096247,-1,-1,-40
1759484561.5486248,-2,0,-34
1759484561.5856247,-7,-3,-38
1759484561.6246247,-2,-2,-37
1759484561.6606247,1,-3,-40
1759484561.6996248,0,5,-33
1759484561.7366247,-1,-1,-28
1759484561.7746248,2,2,-36
1759484561.8136249,-3,-3,-31
1759484561.8506248,0,-1,-40
1759484561.8876247,0,0,-49
1759484561.9256248,-5,-1,-42
1759484561.964625,1,0,-42
1759484562.000625,-1,1,-40
1759484562.0386248,0,4,-43
1759484562.0756247,-5,0,-34
1759484562.1146247,-1,2,-28
1759484562.1506248,0,4,-36
1759484562.1876247,1,1,-41
1759484562.2256248,8,2,-41
1759484562.2646248,-4,0,-40
1759484562.3006248,-3,-7,-35
1759484562.339625,-5,0,-43
1759484562.3766248,-6,6,-45
1759484562.4156249,-4,4,-29
1759484562.4536247,-5,0,-28
1759484562.4896247,-1,-1,-33
1759484562.5286248,0,-4,-24
1759484562.5656247,8,-8,-19
1759484562.6046247,-1,3,-26
1759484562.6406248,2,3,-31
1759484562.6786249,-5,0,-37
1759484562.717625,0,-2,-53
1759484562.7556248,-2,-7,-38
1759484562.7936249,-5,-6,-39
1759484562.829625,-3,-3,-30
1759484562.8676248,-8,7,-32
1759484562.9066248,1,-1,-35
1759484562.944625,0,-8,-43
1759484562.980625,3,-7,-42
1759484563.0176249,7,0,-37
1759484563.056625,1,0,-36
1759484563.0946248,2,0,-23
1759484563.1306248,3,-3,-28
1759484563.1686249,2,-3,-37
1759484563.2056248,-4,-2,-28
1759484563.2446249,-2,-2,-35
1759484563.2806249,-2,-4,-37
1759484563.319625,-4,-1,-44
1759484563.3566248,3,3,-33
1759484563.3946247,4,0,-31
1759484563.4306247,-2,-2,-38
1759484563.4696248,5,-2,-32
1759484563.5066247,0,-1,-40
1759484563.5456247,-6,4,-45
1759484563.5816247,-6,-1,-40
1759484563.6206248,-2,-9,-54
1759484563.658625,-3,0,-26
1759484563.6956248,6,0,-33
1759484563.7346249,6,-1,-40
1759484563.7706249,1,-3,-25
1759484563.8086247,1,-10,-38
1759484563.8466249,-4,0,-39
1759484563.885625,-7,1,-38
1759484563.921625,-2,1,-47
1759484563.9596248,-3,-5,-43
1759484563.9976249,0,-1,-37
1759484564.036625,0,2,-40
1759484564.0746248,-1,0,-42
1759484564.1106248,5,-5,-41
1759484564.148625,3,0,-38
1759484564.1876247,5,2,-47
1759484564.2256248,-3,3,-34
1759484564.2616248,-1,2,-34
1759484564.2996247,4,2,-40
1759484564.3376248,-3,-4,-43
1759484564.375625,1,0,-44
1759484564.411625,0,0,-42
1759484564.4486248,-3,7,-35
1759484564.487625,11,7,-50
1759484564.5256248,6,6,-32
1759484564.5616248,5,0,-45
1759484564.5986247,3,-2,-52
1759484564.6376247,7,5,-41
1759484564.6756248,7,-2,-45
1759484564.7116249,3,0,-41
1759484564.7496247,-8,-2,-51
1759484564.7876248,-1,2,-43
1759484564.8256247,1,0,-40
1759484564.8616247,3,-5,-33
1759484564.9006248,2,-10,-50
1759484564.9376247,-5,-4,-49
1759484564.9766247,-2,0,-47
1759484565.0126247,4,-6,-33
1759484565.0496247,4,0,-43
1759484565.0876248,6,1,-37
1759484565.1266248,9,-4,-38
1759484565.1626248,7,-3,-25
1759484565.2016249,6,1,-36
1759484565.2386248,-6,-4,-26
1759484565.276625,0,-1,-38
1759484565.3156247,-2,6,-40
1759484565.3516247,-1,0,-51
1759484565.388625,1,5,-41
1759484565.4266248,2,1,-33
1759484565.4656248,3,0,-38
1759484565.5016248,4,0,-38
1759484565.5386248,-2,-4,-44
1759484565.5766249,-8,-1,-42
1759484565.615625,-4,0,-39
1759484565.651625,0,-1,-37
1759484565.6886249,2,2,-43
1759484565.7266247,-6,0,-37
1759484565.7656248,4,0,-35
1759484565.8016248,11,1,-41
1759484565.8386247,2,-1,-45
1759484565.8776248,0,3,-37
1759484565.9156249,0,-2,-35
1759484565.9516249,-4,2,-38
1759484565.9886248,-1,-2,-32
1759484566.0276248,0,-3,-41
1759484566.0656247,-9,4,-34
1759484566.1016247,-2,2,-22
1759484566.1396248,0,2,-34
1759484566.1776247,2,-3,-49
1759484566.2166247,2,-3,-35
1759484566.2526248,1,2,-36
1759484566.2896247,-5,3,-50
1759484566.3276248,-4,-6,-49
1759484566.3666248,0,-1,-39
1759484566.4026248,-2,-3,-36
1759484566.4416249,-5,0,-39
1759484566.4786248,0,3,-36
1759484566.5176249,6,6,-38
1759484566.5556247,4,-3,-50
1759484566.5916247,1,0,-39
1759484566.6296248,-5,-1,-32
1759484566.6686249,-1,0,-23
1759484566.7066247,4,-3,-37
1759484566.7426248,7,-3,-38
1759484566.7816248,10,0,-38
1759484566.8186247,0,6,-44
1759484566.8576248,-1,6,-45
1759484566.8956249,2,1,-40
1759484566.931625,4,2,-35
1759484566.9686248,5,-2,-33
1759484567.0076249,6,6,-32
1759484567.0446248,5,3,-37
1759484567.0816247,5,1,-40
1759484567.1196249,-3,-10,-37
1759484567.158625,1,-10,-31
1759484567.1966248,0,-4,-28
1759484567.2326248,0,-6,-40
1759484567.2706249,0,-3,-47
1759484567.3076248,0,-4,-51
1759484567.3466249,5,2,-41
1759484567.3826249,-2,-3,-39
1759484567.4206247,1,-3,-53
1759484567.4596248,-2,-7,-43
1759484567.4976249,5,-3,-47
1759484567.533625,1,-10,-31
1759484567.5726247,4,0,-28
1759484567.6096249,0,2,-41
1759484567.648625,1,-12,-34
1759484567.6866248,-3,-7,-25
1759484567.7226248,0,-6,-28
1759484567.760625,3,0,-31
1759484567.7986248,4,1,-38
1759484567.8366249,7,1,-41
1759484567.8726249,-1,2,-43
1759484567.9096248,-2,-5,-44
1759484567.9486248,-4,-4,-33
1759484567.9866247,-3,-3,-39
1759484568.0226247,4,0,-42
1759484568.0606248,-1,-6,-41
1759484568.0986247,0,1,-35
1759484568.1366248,-2,2,-43
1759484568.1726248,-2,-2,-43
1759484568.2116249,0,-7,-47
1759484568.2566247,-3,-2,-45
1759484568.2936249,3,0,-37
1759484568.3306248,0,0,-36
1759484568.3696249,0,8,-28
1759484568.4076247,2,6,-29
1759484568.4436247,0,0,-33
1759484568.4816248,-2,-2,-36
1759484568.5196247,-5,-2,-36
1759484568.5576248,-4,-3,-39
1759484568.5936248,-5,-3,-30
1759484568.6326249,-1,0,-33
1759484568.6696248,6,8,-36
1759484568.7086248,4,0,-35
1759484568.7456248,2,-2,-32
1759484568.7826247,0,2,-38
1759484568.8216248,-1,2,-43
1759484568.8586247,-4,-1,-46
1759484568.8976247,-1,-1,-38
1759484568.9336247,0,0,-46
1759484568.9716249,1,-3,-43
1759484569.0086248,2,0,-29
1759484569.0476248,4,6,-34
1759484569.0836248,-2,-4,-38
1759484569.1226249,0,-1,-40
1759484569.1596248,-5,2,-40
1759484569.1986248,6,-3,-38
1759484569.2346249,8,-2,-40
1759484569.273625,0,-1,-40
1759484569.3106248,-1,-7,-49
1759484569.3496249,-6,-8,-35
1759484569.3876247,0,-4,-47
1759484569.4236248,6,-9,-39
1759484569.4606247,2,-6,-32
1759484569.4996247,-2,2,-31
1759484569.5376248,0,5,-30
1759484569.5736248,-3,-1,-28
1759484569.612625,-5,0,-34
1759484569.6496248,0,-1,-38
1759484569.6886249,3,0,-38
1759484569.7246249,3,0,-39
1759484569.7626247,0,-5,-30
1759484569.7996247,1,0,-37
1759484569.8386247,1,0,-41
1759484569.8746247,-1,-2,-34
1759484569.9136248,-2,-2,-41
1759484569.9506247,-2,1,-49
1759484569.9896247,-2,3,-49
1759484570.0276248,-2,-2,-45
1759484570.0636249,-1,-2,-43
1759484570.102625,0,1,-40
1759484570.1406248,-4,-3,-42
1759484570.1786249,-2,-1,-41
1759484570.214625,-1,2,-42
1759484570.253625,1,4,-37
1759484570.2906249,-1,5,-30
1759484570.329625,2,3,-29
1759484570.365625,4,3,-35
1759484570.4036248,1,4,-26
1759484570.4416249,-2,5,-36
1759484570.4796247,-3,6,-42
1759484570.5186248,-1,-1,-42
1759484570.5546248,2,0,-41
1759484570.5916247,-2,-3,-36
1759484570.6306248,0,-2,-47
1759484570.6686249,1,-3,-35
1759484570.704625,5,4,-46
1759484570.7426248,3,-1,-42
1759484570.7796247,-2,-4,-43
1759484570.8186247,-3,-6,-43
1759484570.8546247,-4,-3,-40
1759484570.8926249,-2,-2,-55
1759484570.9306247,-3,-4,-38
1759484570.9696248,-9,1,-38
1759484571.0056248,-8,-1,-42
1759484571.0446248,-2,-2,-34
1759484571.0816247,-1,2,-29
1759484571.1206248,1,0,-44
1759484571.158625,-1,-2,-38
1759484571.194625,0,-7,-40
1759484571.2336247,0,-3,-42
1759484571.2706249,3,-3,-30
1759484571.309625,-6,0,-30
1759484571.3466249,-3,1,-33
1759484571.3836248,1,5,-38
1759484571.421625,-2,4,-45
1759484571.4606247,-4,1,-40
1759484571.4986248,-1,-2,-22
1759484571.5346248,6,0,-31
1759484571.5716248,8,0,-40
1759484571.6106248,3,-6,-41
1759484571.648625,-8,-8,-52
1759484571.684625,-4,-5,-46
1759484571.7226248,-3,-9,-36
1759484571.7616248,0,-1,-43
1759484571.7996247,1,-3,-31
1759484571.8356247,5,2,-29
1759484571.8746247,0,-2,-40
1759484571.911625,3,-3,-39
1759484571.9506247,3,8,-34
1759484571.9866247,-3,2,-41
1759484572.0246248,4,0,-38
1759484572.0636249,-1,1,-41
1759484572.1006248,1,0,-45
1759484572.1396248,4,3,-36
1759484572.1756248,1,-2,-40
1759484572.2136247,0,-8,-39
1759484572.250625,1,-3,-45
1759484572.2896247,8,-1,-43
1759484572.3256247,9,1,-35
1759484572.3636248,7,1,-26
1759484572.4006248,1,4,-40
1759484572.4396248,0,2,-49
1759484572.4756248,-2,3,-39
1759484572.513625,-3,3,-42
1759484572.5516248,0,2,-33
1759484572.5906248,-2,-3,-36
1759484572.6266248,0,-6,-40
1759484572.6636248,-6,-2,-19
1759484572.7016249,-2,1,-17
1759484572.740625,-4,-1,-29
1759484572.776625,2,0,-39
1759484572.8136249,4,-7,-37
1759484572.8516247,3,-6,-35
1759484572.8906248,-2,0,-23
1759484572.9266248,-3,1,-32
1759484572.9636247,0,8,-26
1759484573.0016248,3,-1,-41
1759484573.0406249,1,-1,-31
1759484573.0766249,9,4,-38
1759484573.1136248,3,-4,-39
1759484573.151625,2,-1,-45
1759484573.1906247,0,-1,-38
1759484573.2266247,0,-3,-35
1759484573.263625,-3,-3,-43
1759484573.3026247,1,-1,-51
1759484573.3406248,0,6,-40
1759484573.3766248,0,3,-40
1759484573.4146247,5,1,-33
1759484573.4516249,3,1,-29
1759484573.490625,9,-1,-42
1759484573.526625,3,-3,-41
1759484573.5646248,3,0,-34
1759484573.602625,6,-1,-36
1759484573.6406248,3,2,-32
1759484573.6766248,-5,2,-21
1759484573.714625,4,7,-27
1759484573.7516248,1,2,-28
1759484573.7906249,4,2,-40
1759484573.8266249,1,3,-35
1759484573.8646247,-2,1,-43
1759484573.901625,-2,-4,-35
1759484573.9406247,-1,-6,-37
1759484573.9766247,-2,-4,-43
1759484574.0156248,0,-1,-52
1759484574.0526247,-6,6,-45
1759484574.0916247,0,12,-49
1759484574.1276248,2,4,-43
1759484574.1656249,-8,4,-35
1759484574.2026248,-7,0,-44
1759484574.2416248,-12,0,-35
1759484574.2776248,3,0,-47
1759484574.3156247,0,-1,-40
1759484574.352625,-3,-2,-39
1759484574.3916247,0,-6,-41
1759484574.4276247,-3,4,-38
1759484574.4656248,-7,6,-46
1759484574.5046248,-1,0,-47
1759484574.5426247,-6,2,-44
1759484574.5806248,-3,5,-33
1759484574.6166248,1,0,-29
1759484574.6556249,-6,-2,-46
1759484574.6926248,0,0,-38
1759484574.7316248,3,-4,-47
1759484574.7676249,9,-4,-41
1759484574.8056247,6,-3,-44
1759484574.842625,0,-2,-46
1759484574.8816247,-7,-3,-37
1759484574.9176247,1,0,-31
1759484574.954625,9,-2,-37
1759484574.9926248,0,-7,-38
1759484575.0316248,7,-1,-31
1759484575.0676248,2,1,-39
1759484575.1046247,2,1,-29
1759484575.1436248,3,-1,-35
1759484575.181625,4,-1,-39
1759484575.217625,6,-4,-39
1759484575.2556248,3,3,-35
1759484575.2936249,-2,2,-38
1759484575.3316247,6,-1,-31
1759484575.3676248,0,6,-34
1759484575.4056249,3,0,-42
1759484575.4436247,-9,0,-41
1759484575.4816248,2,0,-44
1759484575.5176249,4,2,-40
1759484575.5556247,0,0,-40
1759484575.5936248,7,5,-45
1759484575.6316247,0,1,-52
1759484575.6676247,-2,-2,-39
1759484575.7056248,1,-3,-40
1759484575.7436247,-8,1,-40
1759484575.7826247,-6,1,-37
1759484575.8186247,3,4,-26
1759484575.8566248,0,0,-24
1759484575.8936248,4,-1,-26
1759484575.9326248,-1,-4,-45
1759484575.9686248,2,-1,-49
1759484576.0066247,-1,-1,-36
1759484576.0446248,-2,2,-44
1759484576.082625,-5,8,-40
1759484576.1216247,-8,4,-32
1759484576.158625,-3,-1,-32
1759484576.1956248,-8,4,-40
1759484576.2336247,-3,-4,-34
1759484576.2726247,0,-1,-28
1759484576.3086247,-2,6,-44
1759484576.3476248,2,6,-38
1759484576.385625,1,3,-35
1759484576.4236248,2,4,-35
1759484576.4616249,6,0,-38
1759484576.4976249,0,-5,-40
1759484576.5356247,2,3,-46
1759484576.5746248,9,1,-50
1759484576.612625,2,-1,-44
1759484576.648625,4,-2,-39
1759484576.6866248,7,1,-36
1759484576.7246249,2,3,-34
1759484576.763625,2,-2,-38
1759484576.8016248,4,-3,-24
1759484576.8376248,-4,0,-29
1759484576.8766248,0,0,-34
1759484576.9146247,0,0,-41
1759484576.9526248,0,1,-37
1759484576.9886248,-5,0,-32
1759484577.0256248,1,2,-40
1759484577.0646248,-3,-6,-34
1759484577.102625,4,-3,-25
1759484577.138625,3,-8,-26
1759484577.1756248,7,0,-45
1759484577.214625,5,3,-43
1759484577.2526248,-1,0,-42
1759484577.2886248,4,3,-39
1759484577.3256247,-3,-1,-47
1759484577.3646247,0,7,-44
1759484577.4026248,-3,0,-40
1759484577.4386249,-6,0,-42
1759484577.477625,-5,1,-37
1759484577.5146248,0,0,-23
1759484577.5536249,-10,4,-30
1759484577.5906248,-3,3,-38
1759484577.6276248,-8,0,-35
1759484577.6666248,0,0,-34
1759484577.7036247,-1,6,-39
1759484577.7426248,-3,-3,-25
1759484577.7786248,-3,-5,-30
1759484577.8176248,10,-4,-38
1759484577.8546247,1,-1,-36
1759484577.8936248,2,-7,-29
1759484577.9296248,-2,-5,-37
1759484577.9686248,-4,0,-35
1759484578.0066247,-2,-1,-39
1759484578.0446248,-5,-3,-43
1759484578.082625,-5,0,-41
1759484578.1186247,0,1,-42
1759484578.1566248,2,3,-37
1759484578.194625,-2,0,-31
1759484578.2326248,0,-2,-39
1759484578.276625,6,-1,-37
1759484578.3146248,0,0,-33
1759484578.352625,-1,-5,-41
1759484578.388625,5,-8,-50
1759484578.4266248,-2,0,-53
1759484578.4656248,3,7,-43
1759484578.503625,-1,2,-45
1759484578.5396247,-6,1,-49
1759484578.5786247,-6,1,-45
1759484578.6166248,-3,2,-38
1759484578.6546247,-3,1,-43
1759484578.6926248,0,12,-39
1759484578.7286248,-2,6,-45
1759484578.7666247,2,-1,-40
1759484578.8046248,2,7,-44
1759484578.8436248,0,0,-34
1759484578.8796248,2,3,-37
1759484578.9176247,1,8,-38
1759484578.954625,-4,4,-39
1759484578.9936247,0,5,-36
1759484579.0296247,4,1,-44
1759484579.0676248,1,8,-51
1759484579.1046247,1,3,-32
1759484579.1436248,-7,1,-38
1759484579.1796248,0,0,-35
1759484579.217625,1,0,-40
1759484579.2546248,6,-9,-41
1759484579.2936249,0,-7,-41
1759484579.329625,-2,-1,-43
1759484579.3686247,-2,3,-45
1759484579.4056249,0,2,-43
1759484579.444625,1,4,-46
1759484579.480625,5,4,-39
1759484579.5176249,1,3,-42
1759484579.5556247,-3,0,-43
1759484579.5946248,-2,-3,-33
1759484579.6306248,0,0,-35
1759484579.6676247,-2,-5,-23
1759484579.7056248,2,2,-24
1759484579.7446249,0,2,-31
1759484579.7806249,0,1,-38
1759484579.8176248,5,-2,-36
1759484579.8566248,-8,1,-37
1759484579.8946247,-5,-4,-30
1759484579.9306247,-4,3,-36
1759484579.967625,-3,0,-29
1759484580.0056248,7,0,-31
1759484580.0446248,2,-1,-39
1759484580.0806248,1,0,-47
1759484580.1176248,0,-5,-44
1759484580.1556249,-2,-1,-44
1759484580.194625,-2,2,-35
1759484580.230625,0,5,-27
1759484580.2676249,-7,0,-40
1759484580.3056247,-2,0,-38
1759484580.3446248,-4,0,-38
1759484580.3806248,-1,-2,-37
1759484580.4186249,0,1,-37
1759484580.4566247,0,5,-36
1759484580.4956248,0,2,-41
1759484580.533625,-5,2,-44
1759484580.569625,-5,1,-41
1759484580.6076248,0,0,-30
1759484580.6466248,-2,0,-42
1759484580.684625,3,0,-31
1759484580.7206247,4,2,-38
1759484580.7576249,6,2,-44
1759484580.796625,-2,6,-39
1759484580.8346248,2,-3,-35
1759484580.8706248,2,-2,-39
1759484580.908625,-4,2,-35
1759484580.9466248,-4,-1,-38
1759484580.9856248,0,0,-31
1759484581.0216248,-2,8,-29
1759484581.059625,0,2,-44
1759484581.0966249,9,0,-45
1759484581.135625,2,3,-33
1759484581.171625,-5,1,-27
1759484581.2096248,-9,8,-35
1759484581.2466247,-5,6,-40
1759484581.2856247,0,5,-47
1759484581.3216248,2,2,-50
1759484581.3596249,-4,0,-43
1759484581.3966248,2,7,-40
1759484581.4356248,-2,-2,-50
1759484581.4716249,-1,-1,-32
1759484581.5096247,0,-2,-39
1759484581.5476248,7,0,-41
1759484581.5866249,0,-2,-31
1759484581.6246247,2,3,-42
1759484581.6606247,2,0,-40
1759484581.6986248,-1,1,-32
1759484581.7366247,-1,6,-37
1759484581.7746248,0,-4,-42
1759484581.8106248,-1,-5,-42
1759484581.8486247,6,-3,-50
1759484581.8866248,3,-2,-46
1759484581.9256248,14,0,-41
1759484581.9626248,0,3,-45
1759484582.000625,3,3,-35
1759484582.0376248,-1,-2,-38
1759484582.0766249,0,-1,-41
1759484582.1146247,2,-1,-46
1759484582.1506248,0,1,-42
1759484582.1886249,2,4,-46
1759484582.2266247,-1,6,-57
1759484582.2646248,0,1,-49
1759484582.3006248,-3,1,-42
1759484582.339625,-8,-6,-35
1759484582.3766248,0,-11,-51
1759484582.4156249,2,-10,-37
1759484582.4526248,-1,-8,-35
1759484582.4896247,1,1,-42
1759484582.5276248,0,2,-49
1759484582.5666249,3,3,-43
1759484582.602625,-2,0,-37
1759484582.6406248,4,-4,-38
1759484582.6786249,13,0,-42
1759484582.717625,3,-9,-40
1759484582.7556248,0,0,-38
1759484582.7916248,2,0,-36
1759484582.8306248,0,-1,-41
1759484582.8686247,3,1,-36
1759484582.9066248,-3,-6,-36
1759484582.9426248,-6,-5,-46
1759484582.980625,0,-5,-45
1759484583.0196247,-4,0,-37
1759484583.056625,-13,1,-39
1759484583.0956247,-6,5,-45
1759484583.1316247,-2,0,-38
1759484583.1696248,1,3,-30
1759484583.207625,1,0,-31
1759484583.2466247,-2,-1,-27
1759484583.2826247,-6,-5,-40
1759484583.3206248,0,3,-35
1759484583.3596249,-3,0,-39
1759484583.3976247,-7,-1,-28
1759484583.4356248,-2,1,-34
1759484583.4726248,5,-3,-37
1759484583.510625,-7,-1,-31
1759484583.5476248,-1,-1,-32
1759484583.5866249,-1,4,-48
1759484583.6226249,-6,2,-53
1759484583.661625,-6,5,-36
1759484583.6996248,-3,0,-35
1759484583.737625,-4,-3,-44
1759484583.7756248,-6,-1,-37
1759484583.8116248,-12,5,-31
1759484583.8506248,-9,-5,-35
1759484583.8876247,-3,-1,-38
1759484583.9266248,-1,3,-31
1759484583.9626248,1,4,-20
1759484583.9996247,5,2,-37
1759484584.0376248,-1,-3,-36
1759484584.0766249,-2,2,-43
1759484584.112625,2,0,-52
1759484584.1506248,0,1,-47
1759484584.1876247,0,-1,-37
1759484584.2266247,-6,1,-34
1759484584.2626247,-2,2,-27
1759484584.2996247,-4,6,-37
1759484584.3376248,-1,0,-42
1759484584.3766248,-1,-6,-40
1759484584.4126248,2,-12,-34
1759484584.4506247,-6,-2,-24
1759484584.4886248,-1,-4,-36
1759484584.5276248,-3,-9,-39
1759484584.5636249,-4,-1,-38
1759484584.602625,-5,-3,-43
1759484584.6396248,-3,-1,-42
1759484584.6786249,-9,0,-31
1759484584.7166247,0,-8,-38
1759484584.7526248,1,0,-32
1759484584.7896247,1,0,-26
1759484584.8286247,1,-1,-25
1759484584.8666248,-6,3,-35
1759484584.9026248,4,-3,-45
1759484584.9396248,0,-4,-44
1759484584.9786248,0,-2,-36
1759484585.0166247,0,5,-33
1759484585.0526247,-1,0,-46
1759484585.089625,0,2,-54
1759484585.128625,0,1,-49
1759484585.1666248,0,0,-40
1759484585.2026248,-2,2,-36
1759484585.2416248,-2,0,-38
1759484585.2786248,1,-11,-42
1759484585.3176248,-2,-5,-40
1759484585.3546247,-3,-6,-34
1759484585.3916247,-2,-6,-42
1759484585.4306247,1,-1,-39
1759484585.4686248,0,0,-40
1759484585.5066247,5,1,-39
1759484585.5426247,3,0,-49
1759484585.579625,-1,1,-37
1759484585.6186247,-2,3,-40
1759484585.6566248,-8,3,-37
1759484585.6926248,-3,0,-36
1759484585.7296247,2,0,-32
1759484585.7686248,5,-1,-36
1759484585.806625,3,-1,-31
1759484585.842625,-4,-3,-26
1759484585.8806248,1,0,-31
1759484585.9186249,-4,-2,-38
1759484585.957625,5,1,-40
1759484585.9936247,2,0,-43
1759484586.0326247,2,0,-47
1759484586.0706248,5,-3,-32
1759484586.1086247,1,2,-29
1759484586.1446247,-2,0,-32
1759484586.181625,3,-7,-39
1759484586.2206247,-8,-7,-36
1759484586.2586248,-6,1,-38
1759484586.2946248,-2,1,-33
1759484586.3336248,0,-2,-38
1759484586.3716247,4,-1,-27
1759484586.408625,3,-2,-33
1759484586.4476247,3,1,-42
1759484586.4836247,0,-1,-25
1759484586.5206249,6,1,-38
1759484586.5586247,-2,0,-41
1759484586.5976248,-6,8,-33
1759484586.6336248,-8,3,-41
1759484586.6706247,2,0,-44
1759484586.7096248,0,-2,-39
1759484586.7476249,1,-7,-36
1759484586.783625,-9,-1,-36
1759484586.8226247,0,2,-29
1759484586.8596249,0,3,-35
1759484586.898625,-4,-5,-29
1759484586.934625,3,0,-28
1759484586.9726248,-2,-2,-21
1759484587.0096247,-5,-9,-46
1759484587.0486248,0,-6,-46
1759484587.0846248,3,-1,-45
1759484587.1226249,-5,1,-50
1759484587.1596248,2,-2,-46
1759484587.1986248,5,-3,-53
1759484587.2346249,4,3,-46
1759484587.2726247,0,-5,-42
1759484587.309625,-6,-8,-44
1759484587.3486247,-5,-8,-41
1759484587.3846247,0,-5,-34
1759484587.4226248,4,-3,-38
1759484587.4596248,-7,2,-36
1759484587.4986248,0,0,-36
1759484587.5346248,2,-4,-28
1759484587.5726247,3,-7,-24
1759484587.6106248,-5,-11,-27
1759484587.6496248,-5,1,-33
1759484587.6856248,-4,-1,-29
1759484587.7246249,-3,-4,-29
1759484587.7626247,2,-6,-28
1759484587.8006248,1,0,-34
1759484587.8386247,-4,-6,-33
1759484587.875625,-3,-2,-38
1759484587.9126248,0,-1,-31
1759484587.9506247,-6,0,-33
1759484587.9896247,-3,-6,-42
1759484588.0256248,-3,0,-36
1759484588.0626247,0,-3,-41
1759484588.1016247,2,-3,-43
1759484588.1396248,-1,-3,-40
1759484588.1756248,-1,-7,-43
1759484588.214625,-3,-7,-38
1759484588.2516248,2,-4,-37
1759484588.296625,-2,2,-34
1759484588.3346248,-3,-2,-30
1759484588.3726249,0,-1,-31
1759484588.4106247,5,-2,-35
1759484588.4486248,-5,2,-37
1759484588.4846249,-2,0,-31
1759484588.5216248,6,-1,-29
1759484588.5606248,0,0,-32
1759484588.5986247,2,4,-40
1759484588.6346247,4,0,-32
1759484588.671625,-5,-3,-31
1759484588.7106247,3,-2,-25
1759484588.7486248,-2,0,-36
1759484588.7846248,-6,-4,-33
1759484588.8236248,1,-1,-35
1759484588.8616247,-7,-2,-26
1759484588.8996248,1,-5,-32
1759484588.9356248,0,-5,-34
1759484588.9736247,-1,5,-31
1759484589.010625,-5,8,-38
1759484589.0496247,0,2,-39
1759484589.0856247,-1,0,-40
1759484589.1236248,-4,1,-27
1759484589.1606247,-8,1,-41
1759484589.1996248,-2,-3,-37
1759484589.2356248,-7,-2,-35
1759484589.2746248,2,0,-25
1759484589.3116248,10,-3,-37
1759484589.3506248,2,-8,-34
1759484589.3866248,3,0,-32
1759484589.4236248,-5,-2,-44
1759484589.4616249,-6,-2,-37
1759484589.500625,1,-6,-35
1759484589.536625,-4,-5,-39
1759484589.5746248,-11,-8,-32
1759484589.612625,-2,-6,-42
1759484589.651625,0,-1,-44
1759484589.6896248,2,-4,-32
1759484589.7256248,-1,-2,-35
1759484589.763625,3,-1,-41
1759484589.8016248,5,0,-43
1759484589.8406248,5,-2,-46
1759484589.8766248,3,-3,-42
1759484589.9146247,3,-5,-42
1759484589.9526248,0,-7,-29
1759484589.9916248,0,-2,-25
1759484590.0296247,-4,-7,-36
1759484590.0656247,5,1,-39
1759484590.102625,-4,-3,-26
1759484590.1416247,-4,-5,-39
1759484590.1796248,-2,2,-39
1759484590.2156248,-4,1,-43
1759484590.253625,-3,0,-41
1759484590.2926247,-2,0,-42
1759484590.3306248,0,-7,-41
1759484590.3666248,5,-3,-40
1759484590.4046247,0,-3,-38
1759484590.4416249,-7,0,-36
1759484590.480625,6,-4,-41
1759484590.5166247,0,7,-44
1759484590.5536249,1,0,-50
1759484590.5916247,8,4,-47
1759484590.6306248,7,2,-43
1759484590.6666248,1,-3,-32
1759484590.704625,0,1,-25
1759484590.7426248,5,0,-31
1759484590.7816248,4,1,-33
1759484590.819625,0,0,-47
1759484590.855625,-8,1,-42
1759484590.8936248,-6,0,-37
1759484590.9326248,-5,-6,-39
1759484590.9706247,-5,-8,-39
1759484591.0066247,0,-5,-40
1759484591.0446248,-3,-4,-43
1759484591.0836248,3,-5,-40
1759484591.1216247,5,-7,-46
1759484591.1596248,-1,-7,-45
1759484591.1956248,3,-7,-35
1759484591.2326248,8,-5,-43
1759484591.2716248,5,-1,-46
1759484591.3076248,3,-6,-52
1759484591.3456247,0,1,-43
1759484591.3836248,-4,0,-36
1759484591.421625,-2,6,-37
1759484591.4606247,-1,11,-34
1759484591.4966247,-4,1,-45
1759484591.5346248,-3,2,-36
1759484591.5736248,0,0,-47
1759484591.6116247,-1,0,-51
1759484591.6476247,2,0,-44
1759484591.6856248,-3,-5,-41
1759484591.7236247,-5,-7,-37
1759484591.7616248,4,-7,-36
1759484591.7976248,4,0,-34
1759484591.8346248,2,-4,-28
1759484591.8726249,4,-1,-39
1759484591.911625,5,0,-31
1759484591.9476247,6,0,-43
1759484591.9846249,3,-2,-40
1759484592.0226247,3,-2,-46
1759484592.0616248,0,0,-37
1759484592.0976248,-1,5,-40
1759484592.1366248,-1,-2,-33
1759484592.1746247,2,-1,-26
1759484592.2126248,1,-6,-36
1759484592.250625,-2,-7,-46
1759484592.286625,0,-8,-46
1759484592.3246248,0,1,-51
1759484592.362625,-2,3,-42
1759484592.4006248,3,-1,-40
1759484592.4366248,-5,-10,-23
1759484592.4756248,-3,-5,-39
1759484592.5126247,0,-1,-39
1759484592.5516248,0,0,-32
1759484592.5876248,4,3,-34
1759484592.625625,8,-5,-38
1759484592.6626248,4,-6,-41
1759484592.7016249,5,0,-48
1759484592.737625,6,-3,-31
1759484592.7756248,-2,2,-31
1759484592.8126247,1,-6,-29
1759484592.8516247,1,-8,-30
1759484592.8876247,7,0,-28
1759484592.9256248,-1,-3,-34
1759484592.9626248,-2,0,-37
1759484593.0016248,-1,-1,-46
1759484593.0376248,0,-1,-47
1759484593.0746248,0,-2,-42
1759484593.112625,-1,0,-42
1759484593.151625,-4,0,-37
1759484593.1876247,-5,-2,-39
1759484593.2266247,0,-9,-33
1759484593.2646248,-4,-5,-29
1759484593.3026247,3,0,-26
1759484593.3386247,-2,1,-35
1759484593.3766248,0,1,-30
1759484593.4136248,-1,-2,-35
1759484593.4526248,1,-5,-25
1759484593.4886248,-2,2,-26
1759484593.526625,5,3,-37
1759484593.5646248,3,-6,-41
1759484593.602625,-1,0,-32
1759484593.638625,7,1,-31
1759484593.6766248,7,2,-41
1759484593.7136247,4,1,-48
1759484593.7526248,2,3,-44
1759484593.7886248,4,-2,-42
1759484593.8266249,0,3,-45
1759484593.8636248,9,-1,-44
1759484593.9026248,6,0,-37
1759484593.9386249,1,-5,-42
1759484593.9766247,-3,-1,-38
1759484594.013625,3,6,-35
1759484594.0526247,0,2,-43
1759484594.0886247,2,6,-43
1759484594.1266248,3,-3,-28
1759484594.1636248,-1,1,-36
1759484594.2026248,3,-2,-44
1759484594.2386248,11,1,-53
1759484594.276625,-3,0,-41
1759484594.3146248,-6,-1,-33
1759484594.352625,-1,0,-35
1759484594.388625,-1,5,-46
1759484594.4266248,4,3,-40
1759484594.464625,-3,1,-45
1759484594.503625,-9,-4,-42
1759484594.5416248,-4,-2,-41
1759484594.5776248,3,-1,-34
1759484594.6146247,-3,2,-33
1759484594.6536248,-6,15,-45
1759484594.6896248,-1,6,-37
1759484594.727625,7,3,-31
1759484594.7666247,0,0,-30
1759484594.8036249,-1,-1,-42
1759484594.842625,-4,-4,-47
1759484594.878625,-4,3,-44
1759484594.9166248,3,-1,-38
1759484594.9556248,6,-4,-36
1759484594.9936247,2,0,-35
1759484595.0296247,8,-6,-34
1759484595.0686247,-3,0,-36
1759484595.1066248,2,-3,-45
1759484595.1446247,2,-7,-46
1759484595.1826248,0,-6,-44
1759484595.2186248,6,-4,-46
1759484595.2566247,-1,-5,-37
1759484595.2946248,3,-4,-25
1759484595.3336248,0,1,-41
1759484595.3696249,-3,-5,-36
1759484595.4076247,-1,-1,-38
1759484595.4456248,-2,-5,-40
1759484595.4846249,-7,-4,-39
1759484595.5226247,-5,1,-33
1759484595.5586247,2,6,-40
1759484595.5966249,5,0,-46
1759484595.635625,5,-2,-41
1759484595.6736248,-1,-1,-34
1759484595.7096248,0,0,-42
1759484595.7466247,-4,-3,-51
1759484595.7856247,0,1,-39
1759484595.8236248,4,4,-29
1759484595.8596249,11,6,-19
1759484595.8966248,2,-4,-30
1759484595.9356248,-7,1,-35
1759484595.9736247,2,-2,-37
1759484596.0096247,0,0,-35
1759484596.046625,-1,-1,-36
1759484596.0846248,-3,-3,-42
1759484596.1236248,-1,-1,-36
1759484596.1596248,1,-1,-42
1759484596.1986248,1,0,-40
1759484596.2366247,5,-1,-31
1759484596.2746248,1,2,-36
1759484596.3126247,-3,0,-33
1759484596.3486247,-2,0,-30
1759484596.3866248,-5,2,-44
1759484596.4246247,0,-13,-43
1759484596.4616249,-1,-8,-46
1759484596.4986248,6,1,-42
1759484596.536625,-3,6,-44
1759484596.5746248,-4,1,-36
1759484596.6136248,1,-2,-38
1759484596.6496248,-1,-2,-22
1759484596.6876247,-4,-6,-26
1759484596.7256248,-3,-9,-40
1759484596.7646248,0,-1,-36
1759484596.8006248,-3,3,-40
1759484596.839625,0,-2,-34
1759484596.8776248,-3,0,-36
1759484596.9156249,0,-6,-35
1759484596.9536247,8,0,-33
1759484596.9896247,2,1,-30
1759484597.0276248,0,2,-32
1759484597.0656247,-3,0,-36
1759484597.1036248,-2,5,-37
1759484597.1396248,1,0,-36
1759484597.1776247,10,0,-35
1759484597.2156248,-1,0,-38
1759484597.253625,-1,2,-29
1759484597.2896247,-5,0,-42
1759484597.3276248,-4,0,-51
1759484597.365625,0,-3,-45
1759484597.4036248,-2,0,-37
1759484597.4396248,0,-1,-31
1759484597.4766247,-1,-1,-41
1759484597.5156248,-2,0,-44
1759484597.5536249,2,2,-43
1759484597.589625,-2,0,-39
1759484597.6266248,1,0,-50
1759484597.6656249,-5,2,-39
1759484597.7036247,-2,0,-42
1759484597.7396247,-1,4,-30
1759484597.7776248,-5,2,-42
1759484597.8156247,-5,-3,-38
1759484597.8536248,-8,-1,-40
1759484597.8896248,-2,2,-37
1759484597.9276247,-3,2,-23
1759484597.9666247,0,1,-24
1759484598.0046248,1,6,-39
1759484598.0406249,11,3,-39
1759484598.0786247,6,0,-35
1759484598.1166248,3,2,-45
1759484598.1546247,3,-1,-40
1759484598.1906247,4,-2,-48
1759484598.2296247,7,1,-38
1759484598.2666247,3,5,-41
1759484598.3116248,2,0,-36
1759484598.3486247,3,3,-33
1759484598.3876247,5,1,-34
1759484598.4256248,-2,-2,-43
1759484598.4616249,-2,-5,-30
1759484598.500625,-2,-3,-33
1759484598.5376248,-1,4,-27
1759484598.5756247,1,-4,-39
1759484598.6146247,8,-4,-39
1759484598.6506248,2,-4,-40
1759484598.6896248,0,-1,-43
1759484598.7266247,1,2,-34
1759484598.7656248,-3,3,-55
1759484598.8016248,0,6,-40
1759484598.839625,-6,3,-37
1759484598.8776248,0,-1,-38
1759484598.9166248,-3,-2,-35
1759484598.954625,2,-7,-36
1759484598.990625,6,0,-26
1759484599.0276248,-7,0,-38
1759484599.0666249,-1,-2,-33
1759484599.1046247,-4,-1,-31
1759484599.1406248,-2,-1,-32
1759484599.1796248,-2,-2,-40
1759484599.217625,0,4,-39
1759484599.2556248,-1,1,-32
1759484599.2916248,3,0,-37
1759484599.329625,5,-6,-46
1759484599.3676248,5,0,-46
1759484599.4056249,-1,4,-39
1759484599.4416249,0,0,-33
1759484599.4796247,-5,0,-37
1759484599.5176249,-8,-3,-38
1759484599.5556247,0,-4,-35
1759484599.5916247,-1,1,-43
1759484599.6296248,-1,3,-45
1759484599.6666248,0,5,-25
1759484599.7056248,4,0,-39
1759484599.7416248,5,-6,-41
1759484599.7796247,-5,1,-30
1759484599.8176248,-2,0,-40
1759484599.855625,0,-5,-45
1759484599.8916247,-3,0,-30
1759484599.9296248,-6,-4,-28
1759484599.9686248,0,-2,-30
1759484600.0066247,-1,2,-33
1759484600.0426247,0,-5,-32
1759484600.079625,1,-4,-30
1759484600.1186247,1,-7,-36
1759484600.1566248,0,-5,-39
1759484600.1926248,0,-2,-39
1759484600.230625,0,0,-38
1759484600.2686248,-3,2,-37
1759484600.306625,-1,0,-34
1759484600.342625,-3,-4,-44
1759484600.3816247,0,-5,-28
1759484600.4186249,-7,7,-29
1759484600.457625,0,1,-40
1759484600.4956248,-7,-7,-35
1759484600.5316248,0,-5,-42
1759484600.569625,-2,-7,-36
1759484600.6076248,4,-1,-47
1759484600.6466248,0,-7,-47
1759484600.6826248,0,-4,-33
1759484600.7196248,0,5,-34
1759484600.7576249,-5,4,-43
1759484600.796625,-1,5,-35
1759484600.832625,2,0,-41
1759484600.8696249,7,-1,-41
1759484600.9076247,1,3,-43
1759484600.9466248,1,-5,-39
1759484600.9826248,3,-5,-43
1759484601.0196247,2,0,-38
1759484601.0576248,2,0,-49
1759484601.0966249,6,1,-30
1759484601.1326249,-1,-3,-42
1759484601.171625,2,1,-33
1759484601.2096248,3,4,-41
1759484601.2476249,0,3,-31
1759484601.2856247,5,6,-26
1759484601.3216248,-1,2,-22
1759484601.3606248,-1,-5,-26
1759484601.3976247,4,-1,-24
1759484601.4366248,7,-1,-24
1759484601.4726248,-4,-1,-36
1759484601.510625,4,0,-41
1759484601.5486248,1,-2,-36
1759484601.5876248,7,0,-26
1759484601.6236248,12,2,-34
1759484601.661625,9,-3,-42
1759484601.6996248,0,-1,-39
1759484601.737625,6,-6,-40
1759484601.773625,5,-5,-44
1759484601.8106248,0,-5,-50
1759484601.8496249,6,6,-47
1759484601.8876247,-6,7,-38
1759484601.9236248,-7,3,-33
1759484601.9606247,-5,-5,-34
1759484601.9996247,-5,3,-40
1759484602.0376248,0,1,-29
1759484602.0736248,-1,-4,-38
1759484602.1116247,0,-1,-47
1759484602.1506248,5,1,-53
1759484602.1876247,0,0,-44
1759484602.2266247,1,-4,-38
1759484602.2626247,0,0,-27
1759484602.3006248,0,1,-33
1759484602.3386247,-3,2,-46
1759484602.3766248,0,-7,-39
1759484602.4126248,-2,-6,-34
1759484602.4506247,2,-3,-35
1759484602.4896247,-1,0,-29
1759484602.5276248,0,10,-29
1759484602.5636249,1,0,-34
1759484602.602625,-3,1,-38
1759484602.6396248,4,-6,-35
1759484602.6786249,2,-2,-39
1759484602.7166247,6,-7,-34
1759484602.7526248,-3,1,-36
1759484602.7896247,-1,-1,-48
1759484602.8286247,8,-1,-38
1759484602.8666248,7,0,-46
1759484602.9026248,2,-1,-50
1759484602.9406247,4,-5,-37
1759484602.9786248,-2,-2,-47
1759484603.0166247,-4,3,-31
1759484603.0526247,1,0,-34
1759484603.0906248,-4,-2,-33
1759484603.128625,3,-1,-56
1759484603.1666248,6,-2,-36
1759484603.2026248,1,2,-43
1759484603.2416248,1,-2,-46
1759484603.2786248,1,0,-33
1759484603.3176248,2,-1,-28
1759484603.3536248,3,4,-45
1759484603.3916247,-1,5,-49
1759484603.4286249,7,-5,-45
1759484603.467625,2,-6,-46
1759484603.503625,-4,-1,-42
1759484603.5416248,-2,3,-33
1759484603.579625,-2,6,-35
1759484603.6186247,-2,2,-40
1759484603.6546247,6,1,-41
1759484603.6926248,6,-1,-35
1759484603.7296247,-8,5,-39
1759484603.7686248,-1,0,-40
1759484603.8046248,6,1,-36
1759484603.8416247,1,-5,-39
1759484603.8796248,5,-8,-42
1759484603.9186249,-1,-1,-47
1759484603.954625,-5,0,-41
1759484603.9926248,-1,-1,-40
1759484604.0296247,2,-3,-44
1759484604.0686247,1,-4,-23
1759484604.1046247,4,0,-25
1759484604.1416247,0,-2,-35
1759484604.1796248,4,1,-38
1759484604.2186248,1,1,-30
1759484604.2546248,-4,0,-38
1759484604.2926247,4,2,-38
1759484604.3306248,6,6,-39
1759484604.3686247,-1,3,-50
1759484604.4046247,2,4,-44
1759484604.4416249,6,3,-41
1759484604.4796247,8,-4,-47
1759484604.5186248,4,-4,-39
1759484604.5546248,6,-1,-38
1759484604.5916247,2,-1,-24
1759484604.6296248,-1,-5,-37
1759484604.6686249,-5,-2,-33
1759484604.704625,1,5,-41
1759484604.7416248,2,1,-39
1759484604.7796247,6,4,-35
1759484604.8186247,-2,-3,-38
1759484604.8546247,-1,-4,-29
1759484604.8926249,2,-2,-29
1759484604.9306247,5,-3,-40
1759484604.9696248,-2,-5,-32
1759484605.0076249,1,-3,-28
1759484605.0436249,0,0,-29
1759484605.0806248,3,-2,-29
1759484605.1196249,2,-3,-38
1759484605.1556249,1,2,-37
1759484605.1926248,-1,-1,-41
1759484605.230625,2,-1,-38
1759484605.2696247,0,-1,-33
1759484605.3056247,-1,5,-37
1759484605.3436248,-7,1,-36
1759484605.3806248,-2,-3,-28
1759484605.4196248,0,-12,-32
1759484605.4556248,0,-12,-29
1759484605.4936247,0,0,-30
1759484605.5316248,1,-5,-40
1759484605.5706248,4,-3,-31
1759484605.6086247,1,1,-30
1759484605.6446247,0,-4,-28
1759484605.6826248,0,0,-32
1759484605.7216249,2,0,-30
1759484605.7596247,0,-3,-34
1759484605.7956247,2,2,-42
1759484605.832625,7,-1,-49
1759484605.8716247,0,1,-36
1759484605.9096248,4,-4,-32
1759484605.9456248,0,-1,-30
1759484605.9836247,4,0,-30
1759484606.0216248,3,-11,-34
1759484606.059625,3,-4,-26
1759484606.0956247,1,-8,-41
1759484606.1336248,-3,-8,-39
1759484606.171625,-1,-1,-37
1759484606.2096248,6,5,-28
1759484606.2456248,-1,-1,-32
1759484606.2846248,-5,0,-33
1759484606.3216248,4,2,-31
1759484606.3606248,5,-3,-31
1759484606.398625,0,-2,-38
1759484606.434625,5,6,-39
1759484606.4726248,0,3,-42
1759484606.510625,1,2,-44
1759484606.5486248,-1,1,-41
1759484606.5846248,2,3,-34
1759484606.6216247,-7,0,-41
1759484606.6606247,-3,0,-32
1759484606.6986248,-3,-5,-35
1759484606.7346249,-1,0,-27
1759484606.7716248,-1,-2,-23
1759484606.8106248,4,2,-33
1759484606.8466249,7,0,-43
1759484606.8846247,2,1,-40
1759484606.9226248,5,0,-38
1759484606.9606247,0,-1,-33
1759484606.9996247,5,-1,-45
1759484607.0356247,-3,-1,-42
1759484607.0746248,4,7,-35
1759484607.112625,-2,4,-30
1759484607.1506248,-2,3,-40
1759484607.1876247,-4,2,-47
1759484607.2246249,4,0,-47
1759484607.263625,10,4,-52
1759484607.3016248,0,3,-40
1759484607.339625,7,7,-34
1759484607.3766248,-1,3,-36
1759484607.4136248,4,7,-41
1759484607.4516249,5,11,-40
1759484607.490625,3,0,-43
1759484607.526625,0,2,-43
1759484607.5646248,2,4,-46
1759484607.6016247,4,0,-37
1759484607.6406248,4,1,-55
1759484607.6766248,4,-1,-49
1759484607.714625,7,-2,-49
1759484607.7526248,0,1,-25
1759484607.7916248,-3,3,-26
1759484607.829625,2,0,-43
1759484607.865625,1,-1,-48
1759484607.9036248,6,-7,-42
1759484607.9416249,7,0,-37
1759484607.980625,-2,0,-50
1759484608.0166247,1,-3,-33
1759484608.0556247,7,7,-18
1759484608.092625,0,-3,-34
1759484608.1316247,-4,-5,-47
1759484608.1696248,3,-4,-48
1759484608.2056248,2,-1,-43
1759484608.2436247,-4,3,-39
1759484608.2816248,0,3,-39
1759484608.3266249,-2,3,-32
1759484608.3636248,-3,-5,-29
1759484608.4026248,1,-2,-44
1759484608.4406247,-1,-11,-43
1759484608.4766247,3,-6,-46
1759484608.5156248,2,-5,-44
1759484608.5526247,-3,1,-38
1759484608.5916247,4,-6,-37
1759484608.6276248,-1,-4,-44
1759484608.6656249,3,0,-44
1759484608.7036247,3,0,-35
1759484608.7416248,4,-1,-34
1759484608.7806249,-4,-4,-37
1759484608.8176248,-3,0,-40
1759484608.8546247,0,0,-32
1759484608.8936248,4,-3,-38
1759484608.931625,3,4,-25
1759484608.967625,8,2,-40
1759484609.0046248,7,5,-32
1759484609.0436249,0,2,-43
1759484609.0816247,-5,1,-33
1759484609.1176248,-6,9,-40
1759484609.1546247,2,7,-38
1759484609.1936247,7,1,-45
1759484609.2316248,6,1,-44
1759484609.2676249,6,-2,-54
1759484609.306625,6,-3,-43
1759484609.3446248,-2,0,-38
1759484609.3826249,-5,-2,-25
1759484609.4206247,2,-1,-34
1759484609.4566247,5,1,-45
1759484609.4946249,9,2,-46
1759484609.5326247,-1,-2,-37
1759484609.5706248,-2,-3,-25
1759484609.6066248,-8,0,-39
1759484609.6446247,-3,-3,-33
1759484609.6826248,-2,1,-29
1759484609.7206247,-1,6,-29
1759484609.7566247,0,1,-40
1759484609.7936249,-2,0,-38
1759484609.832625,-2,0,-25
1759484609.8706248,-4,-9,-31
1759484609.9066248,2,-2,-40
1759484609.944625,-2,0,-43
1759484609.9826248,0,4,-29
1759484610.0216248,4,-1,-41
1759484610.0606248,-1,0,-35
1759484610.0966249,-4,-2,-35
1759484610.1346247,0,1,-29
1759484610.1736248,-2,2,-37
1759484610.2116249,0,4,-41
1759484610.2476249,0,0,-33
1759484610.2846248,-4,0,-32
1759484610.3236248,-6,0,-37
1759484610.3616247,-1,0,-43
1759484610.3976247,0,1,-44
1759484610.434625,-5,1,-29
1759484610.4736247,-1,-4,-37
1759484610.5116248,-3,-3,-36
1759484610.5476248,6,-1,-40
1759484610.5846248,2,3,-29
1759484610.6236248,-2,-1,-47
1759484610.661625,-9,-4,-32
1759484610.6976247,-2,-4,-29
1759484610.7366247,4,0,-33
1759484610.773625,1,-3,-34
1759484610.8126247,-2,1,-41
1759484610.8486247,0,0,-38
1759484610.8866248,1,0,-45
1759484610.9236248,2,-1,-31
1759484610.9626248,1,-3,-37
1759484610.9986248,-4,0,-34
1759484611.036625,0,1,-38
1759484611.0736248,4,0,-40
1759484611.112625,-2,6,-42
1759484611.148625,3,1,-48
1759484611.1866248,2,0,-29
1759484611.2236247,5,-6,-36
1759484611.2626247,8,-1,-37
1759484611.2986248,4,7,-39
1759484611.3366249,-2,2,-42
1759484611.3736248,3,0,-47
1759484611.4126248,7,-6,-39
1759484611.4486248,-1,7,-46
1759484611.4866247,-5,-3,-47
1759484611.523625,4,-2,-32
1759484611.5626247,3,-9,-34
1759484611.5986247,7,-2,-41
1759484611.6366248,15,0,-43
1759484611.6746247,5,5,-42
1759484611.7136247,-1,3,-47
1759484611.7516248,-3,6,-50
1759484611.7876248,0,9,-41
1759484611.8246248,5,5,-43
1759484611.8636248,1,-2,-48
1759484611.901625,2,0,-48
1759484611.9376247,-1,0,-45
1759484611.9746249,9,-6,-25
1759484612.013625,-1,0,-38
1759484612.0496247,0,6,-32
1759484612.0866249,3,2,-28
1759484612.1246247,3,0,-24
1759484612.1636248,6,2,-39
1759484612.1996248,0,1,-44
1759484612.2366247,-5,2,-42
1759484612.2746248,-4,0,-49
1759484612.3136249,4,0,-48
1759484612.3496249,-1,-1,-50
1759484612.3876247,-3,2,-42
1759484612.4266248,0,-4,-35
1759484612.464625,4,-1,-40
1759484612.5026248,-1,-3,-42
1759484612.5396247,-2,-2,-37
1759484612.5766249,-4,-3,-33
1759484612.615625,-1,-4,-32
1759484612.6536248,-5,-1,-31
1759484612.6896248,1,-4,-31
1759484612.727625,3,-2,-34
1759484612.7646248,2,3,-34
1759484612.8036249,1,-1,-42
1759484612.839625,-2,-4,-46
1759484612.878625,2,6,-46
1759484612.9156249,1,-1,-43
1759484612.954625,5,-4,-41
1759484612.9926248,-1,-3,-50
1759484613.0286248,0,0,-41
1759484613.0656247,0,0,-36
1759484613.1046247,3,-3,-41
1759484613.1426249,2,-3,-37
1759484613.1786249,1,-2,-38
1759484613.2166247,-1,2,-33
1759484613.2546248,4,2,-46
1759484613.2936249,-4,2,-29
1759484613.329625,-5,-1,-27
1759484613.3666248,-6,0,-30
1759484613.4046247,-4,2,-34
1759484613.4436247,-3,-2,-48
1759484613.4796247,0,2,-42
1759484613.5166247,-5,2,-50
1759484613.5546248,-7,-2,-35
1759484613.5936248,6,1,-35
1759484613.6296248,0,-3,-36
1759484613.6666248,5,-1,-38
1759484613.704625,0,-3,-43
1759484613.7436247,-1,2,-35
1759484613.7796247,7,-3,-35
1759484613.8176248,0,-9,-38
1759484613.855625,3,-1,-44
1759484613.8946247,1,0,-35
1759484613.9306247,3,0,-39
1759484613.967625,-1,0,-41
1759484614.0056248,-7,0,-42
1759484614.0446248,-5,3,-40
1759484614.0806248,-8,-5,-33
1759484614.1196249,0,0,-40
1759484614.1576247,4,-2,-42
1759484614.1956248,4,4,-44
1759484614.2336247,1,4,-31
1759484614.2696247,2,-2,-26
1759484614.306625,4,-7,-39
1759484614.3456247,5,0,-32
1759484614.3836248,-6,5,-34
1759484614.4196248,-6,-2,-32
1759484614.4586248,0,-10,-38
1759484614.4956248,4,-4,-29
1759484614.5346248,0,-8,-34
1759484614.5706248,2,-2,-38
1759484614.6086247,-1,3,-39
1759484614.6466248,0,3,-49
1759484614.6856248,3,0,-39
1759484614.7236247,3,0,-43
1759484614.7596247,-5,1,-33
1759484614.7976248,-1,-2,-40
1759484614.8366249,-1,-3,-32
1759484614.8746247,2,1,-50
1759484614.9106247,2,-6,-44
1759484614.9486248,-4,-3,-32
1759484614.9866247,1,0,-39
1759484615.0246248,-1,1,-47
1759484615.0606248,0,0,-33
1759484615.0976248,-5,1,-35
1759484615.1366248,-1,-2,-36
1759484615.1746247,-10,2,-44
1759484615.2106247,-9,2,-44
1759484615.2486248,0,-1,-33
1759484615.286625,2,-8,-30
1759484615.3246248,-2,0,-29
1759484615.3606248,-4,1,-24
1759484615.3996248,3,-1,-45
1759484615.4366248,-3,-6,-49
1759484615.4756248,-7,-1,-32
1759484615.513625,-3,0,-40
1759484615.5496247,-4,1,-45
1759484615.5866249,0,-8,-39
1759484615.625625,-3,-4,-51
1759484615.661625,-5,0,-52
1759484615.7006247,-3,-3,-37
1759484615.7386248,-1,-1,-37
1759484615.7756248,2,0,-30
1759484615.8146248,11,2,-31
1759484615.8506248,3,-3,-47
1759484615.888625,0,7,-39
1759484615.9266248,-6,1,-24
1759484615.9656248,-4,2,-26
1759484616.0016248,-7,-2,-27
1759484616.0406249,-3,7,-49
1759484616.0786247,-3,12,-41
1759484616.1166248,0,5,-42
1759484616.1546247,0,-3,-44
1759484616.1906247,0,0,-35
1759484616.227625,3,-1,-34
1759484616.2666247,1,0,-40
1759484616.3046248,-5,8,-35
1759484616.3416247,-2,5,-44
1759484616.3796248,-1,0,-34
1759484616.4166248,1,4,-48
1759484616.4556248,-8,-3,-49
1759484616.4916248,-2,0,-50
1759484616.5286248,0,3,-42
1759484616.5666249,3,2,-36
1759484616.605625,9,-1,-47
1759484616.6416247,6,0,-38
1759484616.6786249,-3,2,-39
1759484616.717625,-7,4,-34
1759484616.7556248,-7,0,-30
1759484616.7916248,-2,0,-36
1759484616.8286247,-2,-2,-38
1759484616.8676248,-6,-2,-38
1759484616.9056249,-5,-4,-44
1759484616.9416249,-4,6,-44
1759484616.9786248,0,7,-44
1759484617.0176249,8,3,-39
1759484617.0556247,0,2,-39
1759484617.0916247,-4,0,-34
1759484617.1296248,-10,-4,-32
1759484617.1676247,-3,1,-42
1759484617.2056248,-3,-2,-30
1759484617.2416248,0,-2,-45
1759484617.2806249,3,0,-46
1759484617.3176248,-2,3,-45
1759484617.3566248,-1,-6,-42
1759484617.3926249,-5,2,-43
1759484617.431625,-1,8,-44
1759484617.4686248,-8,6,-36
1759484617.5066247,0,1,-41
1759484617.5456247,-3,3,-31
1759484617.5816247,0,0,-30
1759484617.6186247,4,-4,-31
1759484617.6566248,2,-5,-35
1759484617.6956248,5,-1,-37
1759484617.7316248,-2,-9,-28
1759484617.7696247,5,-8,-34
1759484617.8076248,2,-4,-36
1759484617.8466249,2,-9,-39
1759484617.8826249,0,-1,-42
1759484617.921625,-2,1,-33
1759484617.9586248,-5,0,-37
1759484617.9976249,0,-1,-47
1759484618.0356247,2,0,-45
1759484618.0716248,-2,-3,-45
1759484618.1106248,1,0,-36
1759484618.148625,2,-4,-35
1759484618.1866248,-1,0,-34
1759484618.2226248,4,-2,-32
1759484618.260625,4,0,-37
1759484618.2986248,-2,5,-43
1759484618.3436248,-5,8,-45
1759484618.3816247,0,4,-40
1759484618.4186249,0,-3,-36
1759484618.457625,-7,-6,-35
1759484618.4956248,-1,-4,-40
1759484618.5316248,1,0,-50
1759484618.569625,-3,-4,-49
1759484618.6076248,-4,0,-48
1759484618.6456249,-3,0,-42
1759484618.681625,-2,-2,-49
1759484618.7196248,-1,-1,-47
1759484618.7586248,-2,-4,-45
1759484618.796625,0,-2,-45
1759484618.8336248,-2,-5,-43
1759484618.8706248,0,0,-40
1759484618.908625,-1,-5,-35
1759484618.9476247,-3,-4,-37
1759484618.9856248,0,-2,-38
1759484619.0216248,0,2,-27
1759484619.059625,6,-3,-31
1759484619.0976248,-1,-2,-45
1759484619.1336248,-3,0,-43
1759484619.171625,2,3,-45
1759484619.2086248,2,5,-35
1759484619.2476249,7,1,-25
1759484619.283625,4,0,-26
1759484619.3206248,-1,-2,-23
1759484619.3586247,0,-3,-33
1759484619.3976247,0,3,-43
1759484619.4336247,0,6,-33
1759484619.4706247,-1,5,-29
1759484619.5086248,-6,-2,-29
1759484619.5476248,-5,0,-39
1759484619.5836248,-3,-2,-30
1759484619.6226249,-4,0,-30
1759484619.6606247,-8,-3,-35
1759484619.6986248,0,-6,-36
1759484619.7366247,0,-4,-37
1759484619.7726247,-7,-6,-33
1759484619.8106248,3,-1,-42
1759484619.8486247,5,2,-30
1759484619.8876247,-1,1,-35
1759484619.9236248,-5,8,-41
1759484619.9616249,-5,0,-38
1759484619.9996247,0,2,-36
1759484620.0386248,-4,1,-41
1759484620.0766249,-7,7,-29
1759484620.112625,-3,2,-34
1759484620.151625,-3,-2,-36
1759484620.1896248,-1,-7,-54
1759484620.227625,3,0,-34
1759484620.263625,2,1,-45
1759484620.3016248,1,-2,-46
1759484620.339625,-8,2,-36
1759484620.3776248,-11,1,-42
1759484620.4136248,-2,-3,-50
1759484620.4526248,3,-3,-53
1759484620.490625,0,-4,-41
1759484620.5286248,-3,-4,-46
1759484620.5666249,1,-5,-38
1759484620.602625,0,-4,-32
1759484620.6406248,3,3,-36
1759484620.6786249,-4,4,-35
1759484620.717625,-7,0,-33
1759484620.753625,-1,0,-37
1759484620.7906249,0,-1,-44
1759484620.8286247,5,1,-36
1759484620.8676248,1,0,-28
1759484620.9036248,3,0,-23
1759484620.9406247,2,-3,-37
1759484620.9786248,5,4,-38
1759484621.0176249,-3,3,-31
1759484621.0536249,0,8,-35
1759484621.0906248,1,1,-34
1759484621.128625,0,-2,-30
1759484621.1676247,1,-6,-38
1759484621.2036247,3,0,-45
1759484621.2416248,0,-3,-35
1759484621.2786248,2,0,-30
1759484621.3176248,2,0,-33
1759484621.3536248,5,-3,-29
1759484621.3916247,9,-2,-37
1759484621.4286249,0,-6,-33
1759484621.467625,0,-4,-33
1759484621.503625,-3,-3,-32
1759484621.5416248,-5,-2,-36
1759484621.579625,4,0,-34
1759484621.6186247,-4,0,-44
1759484621.6546247,-2,1,-35
1759484621.6916249,1,-2,-37
1759484621.730625,1,0,-33
1759484621.7686248,2,4,-39
1759484621.8046248,2,10,-46
1759484621.842625,7,10,-43
1759484621.8796248,0,3,-47
1759484621.9186249,-3,0,-40
1759484621.954625,-3,2,-35
1759484621.9916248,2,-7,-36
1759484622.0296247,2,-3,-38
1759484622.0686247,0,1,-36
1759484622.1046247,0,3,-43
1759484622.1426249,4,-6,-42
1759484622.1796248,4,-1,-40
1759484622.2186248,-2,-2,-35
1759484622.2546248,1,-4,-44
1759484622.2916248,6,-2,-39
1759484622.329625,-3,8,-36
1759484622.3686247,-7,3,-38
1759484622.4046247,-9,0,-36
1759484622.4416249,2,0,-44
1759484622.4796247,5,-6,-35
1759484622.5186248,0,-3,-32
1759484622.5546248,3,-1,-34
1759484622.5936248,-3,-4,-33
1759484622.6306248,-12,0,-34
1759484622.6696248,-3,-3,-34
1759484622.7056248,2,-2,-38
1759484622.7436247,4,0,-42
1759484622.7816248,7,6,-37
1759484622.819625,0,-3,-35
1759484622.8586247,5,-2,-40
1759484622.8946247,6,0,-47
1759484622.9326248,6,2,-37
1759484622.9696248,2,5,-40
1759484623.0086248,3,-10,-36
1759484623.0446248,0,-4,-39
1759484623.082625,-2,-4,-49
1759484623.1196249,5,-5,-43
1759484623.158625,-4,-6,-41
1759484623.194625,3,-3,-44
1759484623.2326248,6,3,-41
1759484623.2716248,10,2,-43
1759484623.309625,4,1,-42
1759484623.3456247,5,3,-35
1759484623.3836248,8,6,-36
1759484623.4206247,13,-2,-30
1759484623.4596248,4,-4,-47
1759484623.4956248,-1,-3,-40
1759484623.533625,1,-1,-46
1759484623.5726247,1,1,-40
1759484623.6106248,-2,1,-43
1759484623.648625,-3,-3,-52
1759484623.684625,-2,6,-45
1759484623.7226248,-6,-2,-28
1759484623.7616248,-7,0,-26
1759484623.7996247,0,-2,-37
1759484623.8356247,3,0,-40
1759484623.8726249,3,1,-35
1759484623.9106247,6,-3,-26
1759484623.9496248,-2,1,-24
1759484623.9856248,3,1,-33
1759484624.0226247,4,0,-41
1759484624.0606248,3,4,-42
1759484624.0996249,3,7,-42
1759484624.135625,6,7,-40
1759484624.1726248,3,-1,-34
1759484624.2116249,4,-1,-48
1759484624.2496247,9,-2,-41
1759484624.2856247,8,-2,-43
1759484624.3236248,13,0,-50
1759484624.362625,2,3,-46
1759484624.4006248,-3,3,-36
1759484624.4366248,1,8,-36
1759484624.4736247,-2,0,-37
1759484624.5126247,5,-7,-35
1759484624.5506248,5,-1,-47
1759484624.5866249,-3,1,-36
1759484624.6246247,3,0,-44
1759484624.6626248,8,-2,-34
1759484624.7006247,3,-7,-45
1759484624.7366247,-2,-5,-39
1759484624.7756248,2,0,-30
1759484624.8126247,5,0,-43
1759484624.8506248,6,0,-42
1759484624.8896248,2,1,-43
1759484624.9256248,3,-2,-40
1759484624.9626248,2,-6,-39
1759484625.0016248,-1,-8,-24
1759484625.0396247,0,2,-34
1759484625.0756247,-2,3,-39
1759484625.112625,-3,4,-31
1759484625.151625,2,3,-37
1759484625.1896248,1,1,-31
1759484625.2256248,3,-2,-37
1759484625.2626247,1,0,-34
1759484625.3016248,10,0,-36
1759484625.339625,7,6,-47
1759484625.375625,5,0,-40
1759484625.4136248,0,-2,-45
1759484625.4516249,-3,-3,-44
1759484625.4896247,0,-3,-36
1759484625.5256248,-1,-1,-43
1759484625.5636249,3,-2,-47
1759484625.6016247,0,-3,-40
1759484625.6406248,3,-4,-41
1759484625.6766248,0,-4,-33
1759484625.7136247,1,4,-36
1759484625.7526248,4,-3,-33
1759484625.7906249,-3,-7,-47
1759484625.8266249,3,1,-44
1759484625.8636248,-5,5,-33
1759484625.901625,0,6,-28
1759484625.9406247,1,4,-26
1759484625.9766247,1,1,-28
1759484626.013625,0,-3,-39
1759484626.0516248,7,-2,-33
1759484626.0906248,5,-3,-36
1759484626.1266248,0,1,-35
1759484626.1636248,-3,3,-28
1759484626.2016249,4,-2,-38
1759484626.240625,1,5,-40
1759484626.276625,5,3,-31
1759484626.3136249,2,4,-46
1759484626.3516247,-4,0,-40
1759484626.3906248,0,0,-33
1759484626.4266248,1,2,-33
1759484626.4636247,8,0,-44
1759484626.5016248,1,0,-42
1759484626.5406249,-7,0,-44
1759484626.5766249,-2,1,-48
1759484626.6146247,4,1,-31
1759484626.6536248,3,1,-37
1759484626.6916249,-6,0,-37
1759484626.727625,-2,2,-51
1759484626.7646248,5,1,-41
1759484626.8036249,-1,-2,-38
1759484626.8416247,0,3,-43
1759484626.8776248,0,-4,-40
1759484626.9156249,0,0,-35
1759484626.954625,2,0,-40
1759484626.9926248,2,0,-40
1759484627.0306249,1,-1,-34
1759484627.0666249,-1,0,-42
1759484627.1036248,0,0,-48
1759484627.1426249,2,-6,-41
1759484627.1806247,0,-4,-39
1759484627.2166247,0,0,-41
1759484627.2546248,-4,0,-38
1759484627.2926247,3,0,-33
1759484627.3306248,-1,-5,-46
1759484627.3676248,-1,0,-33
1759484627.4046247,3,-4,-39
1759484627.4436247,6,-5,-38
1759484627.4816248,9,-6,-37
1759484627.5176249,-1,0,-33
1759484627.5556247,2,-8,-53
1759484627.5936248,0,-4,-42
1759484627.6326249,-6,3,-38
1759484627.6706247,-8,3,-56
1759484627.7066247,-5,4,-41
1759484627.7436247,3,-5,-40
1759484627.7826247,-3,-4,-44
1759484627.8186247,0,-1,-38
1759484627.855625,-3,-4,-46
1759484627.8936248,-3,0,-32
1759484627.9326248,-2,12,-34
1759484627.9686248,-4,-2,-37
1759484628.0066247,5,-3,-38
1759484628.0446248,0,1,-40
1759484628.0836248,-2,3,-45
1759484628.1216247,0,6,-41
1759484628.1576247,-3,5,-44
1759484628.1966248,-8,-1,-43
1759484628.2346249,-2,4,-45
1759484628.2726247,5,3,-34
1759484628.3086247,0,1,-35
1759484628.3546247,1,0,-37
1759484628.3926249,-3,-5,-35
1759484628.4286249,3,-1,-32
1759484628.467625,1,2,-33
1759484628.5056248,-3,1,-26
1759484628.5436249,-7,3,-41
1759484628.5816247,-2,-7,-52
1759484628.6176248,-6,-6,-38
1759484628.6556249,-5,2,-31
1759484628.694625,3,-5,-29
1759484628.7326248,-6,-6,-35
1759484628.7686248,0,-5,-47
1759484628.8056247,-1,0,-39
1759484628.8446248,-2,-4,-41
1759484628.8826249,-7,-10,-45
1759484628.9186249,-1,-8,-34
1759484628.9566247,4,0,-44
1759484628.9946249,0,-2,-38
1759484629.033625,-6,-5,-31
1759484629.0716248,0,2,-23
1759484629.1076248,5,-2,-37
1759484629.1456249,3,-2,-47
1759484629.1836247,1,-7,-47
1759484629.2216249,-7,0,-46
1759484629.2576249,-2,6,-42
1759484629.2956247,-4,2,-50
1759484629.3336248,6,-3,-47
1759484629.3716247,3,-7,-38
1759484629.4076247,0,-3,-45
1759484629.4456248,-4,-6,-42
1759484629.4846249,0,2,-43
1759484629.5226247,-6,0,-41
1759484629.5586247,-15,-3,-41
1759484629.5966249,0,6,-38
1759484629.635625,1,3,-40
1759484629.6736248,-3,4,-33
1759484629.7096248,1,-2,-32
1759484629.7466247,-1,2,-47
1759484629.7856247,-4,4,-43
1759484629.8246248,9,3,-41
1759484629.862625,2,11,-45
1759484629.898625,5,4,-45
1759484629.9356248,-2,0,-35
1759484629.9736247,0,-2,-36
1759484630.0126247,-6,-4,-37
1759484630.0486248,5,5,-38
1759484630.0856247,-1,0,-31
1759484630.1236248,0,5,-35
1759484630.1626248,-2,1,-34
1759484630.1986248,5,-6,-42
1759484630.2366247,-3,-6,-42
1759484630.2746248,-7,-1,-30
1759484630.3136249,1,1,-30
1759484630.3496249,7,0,-39
1759484630.3876247,5,-3,-47
1759484630.4256248,4,-2,-51
1759484630.464625,4,-1,-37
1759484630.5026248,0,-1,-44
1759484630.5386248,-2,-1,-44
1759484630.5766249,-3,-2,-35
1759484630.615625,-3,-4,-48
1759484630.6536248,-6,-6,-36
1759484630.6896248,-10,-5,-39
1759484630.7286248,2,-1,-47
1759484630.7656248,0,2,-45
1759484630.8046248,2,6,-51
1759484630.842625,2,2,-51
1759484630.878625,1,3,-46
1759484630.9156249,3,5,-28
1759484630.954625,7,0,-32
1759484630.9926248,2,-2,-56
1759484631.0286248,1,2,-52
1759484631.0666249,2,-6,-53
1759484631.1046247,-10,-2,-46
1759484631.1426249,-1,-7,-51
1759484631.1796248,2,-9,-49
1759484631.2186248,0,-10,-50
1759484631.2566247,5,-6,-33
1759484631.2946248,1,-5,-35
1759484631.3316247,-1,-9,-28
1759484631.3696249,-2,0,-34
1759484631.4066248,-1,0,-31
1759484631.4456248,-1,1,-41
1759484631.4836247,2,3,-47
1759484631.5196247,7,5,-45
1759484631.556625,3,-2,-33
1759484631.5956247,1,-8,-27
1759484631.6336248,0,2,-34
1759484631.6696248,-1,0,-37
1759484631.707625,1,-3,-39
1759484631.7456248,0,2,-41
1759484631.7846248,0,-2,-42
1759484631.8206248,0,-3,-31
1759484631.8576248,3,1,-40
1759484631.8956249,-2,-1,-42
1759484631.934625,-5,-14,-32
1759484631.9706247,-4,-1,-37
1759484632.0086248,-1,3,-47
1759484632.046625,-1,-1,-47
1759484632.0856247,1,1,-46
1759484632.1236248,-4,0,-44
1759484632.1596248,-5,0,-28
1759484632.1976247,0,7,-35
1759484632.2366247,4,3,-40
1759484632.2746248,4,2,-41
1759484632.3106248,2,-5,-33
1759484632.3476248,-1,-5,-31
1759484632.3866248,8,-3,-38
1759484632.4246247,2,-4,-34
1759484632.4606247,0,-11,-38
1759484632.4996247,7,-6,-30
1759484632.5376248,2,0,-35
1759484632.5756247,5,0,-36
1759484632.6136248,0,-4,-35
1759484632.6496248,0,-1,-40
1759484632.6876247,0,0,-35
1759484632.7256248,0,1,-37
1759484632.763625,-3,-1,-28
1759484632.7996247,-7,0,-29
1759484632.8376248,-6,0,-42
1759484632.875625,2,-3,-40
1759484632.9136248,0,1,-42
1759484632.9496248,-2,2,-39
1759484632.987625,0,4,-45
1759484633.0256248,-2,0,-34
1759484633.0616248,0,-3,-39
1759484633.0996249,6,1,-39
1759484633.1376247,-4,1,-33
1759484633.1756248,1,-2,-41
1759484633.2116249,1,-2,-41
1759484633.2486248,3,0,-46
1759484633.2876248,0,0,-53
1759484633.3256247,9,-7,-46
1759484633.3616247,4,-6,-47
1759484633.398625,-1,-8,-41
1759484633.4376247,-1,5,-45
1759484633.4756248,3,1,-33
1759484633.5116248,-2,-1,-50
1759484633.5506248,0,0,-44
1759484633.5876248,5,1,-36
1759484633.625625,0,-2,-33
1759484633.6646247,-2,-3,-34
1759484633.7006247,3,-3,-43
1759484633.7386248,0,4,-38
1759484633.776625,-1,3,-48
1759484633.8156247,1,0,-50
1759484633.8516247,-1,-7,-33
1759484633.8896248,4,-11,-37
1759484633.9276247,7,-3,-31
1759484633.9666247,4,-9,-38
1759484634.0046248,8,-4,-37
1759484634.0406249,6,-1,-41
1759484634.0776248,4,-5,-43
1759484634.1166248,0,-1,-33
1759484634.1546247,0,0,-42
1759484634.1906247,1,1,-38
1759484634.227625,4,-3,-38
1759484634.2666247,8,-4,-36
1759484634.3046248,7,0,-39
1759484634.3406248,1,2,-35
1759484634.3776248,0,-7,-30
1759484634.4166248,-1,-2,-34
1759484634.454625,-4,0,-38
1759484634.490625,-2,-7,-40
1759484634.5296247,-2,0,-52
1759484634.5676248,-1,-6,-38
1759484634.605625,-6,-8,-30
1759484634.6416247,-7,-2,-39
1759484634.6806247,-1,0,-43
1759484634.717625,2,2,-47
1759484634.7566247,2,3,-48
1759484634.7926247,0,-2,-38
1759484634.8306248,-2,-1,-30
1759484634.8676248,-9,0,-39
1759484634.9066248,-3,-4,-39
1759484634.9426248,-4,-3,-40
1759484634.980625,0,2,-28
1759484635.0186248,-2,4,-29
1759484635.056625,4,1,-55
1759484635.0956247,0,-2,-44
1759484635.1316247,-5,0,-36
1759484635.1686249,2,-3,-48
1759484635.2066247,2,-5,-32
1759484635.2456248,-3,-3,-40
1759484635.2816248,-4,-7,-42
1759484635.319625,-6,5,-49
1759484635.3586247,-1,3,-46
1759484635.3966248,5,5,-35
1759484635.4336247,6,-6,-29
1759484635.4716249,0,-2,-32
1759484635.5096247,-6,-2,-32
1759484635.5476248,0,5,-33
1759484635.5856247,1,6,-34
1759484635.6216247,-1,4,-35
1759484635.661625,-3,2,-35
1759484635.6996248,-4,1,-33
1759484635.737625,4,1,-32
1759484635.7756248,2,-1,-27
1759484635.8116248,0,0,-27
1759484635.8496249,3,3,-35
1759484635.888625,0,0,-35
1759484635.9266248,0,-2,-28
1759484635.9626248,-3,-5,-32
1759484636.0016248,0,0,-33
1759484636.0386248,-8,0,-40
1759484636.0776248,-6,2,-38
1759484636.115625,0,1,-38
1759484636.151625,-2,-3,-30
1759484636.1896248,2,-1,-34
1759484636.227625,-2,0,-30
1759484636.2666247,0,2,-31
1759484636.3026247,-6,-2,-43
1759484636.3406248,3,-9,-37
1759484636.3796248,7,1,-37
1759484636.4176247,8,0,-29
1759484636.4536247,2,-7,-31
1759484636.4926248,-5,1,-30
1759484636.5306249,-8,0,-31
1759484636.5686247,-3,0,-36
1759484636.6066248,2,0,-42
1759484636.6426249,0,0,-44
1759484636.6806247,-1,1,-41
1759484636.7186248,-4,0,-36
1759484636.7566247,-1,3,-42
1759484636.7926247,-2,5,-40
1759484636.8306248,2,1,-35
1759484636.8686247,-1,1,-45
1759484636.9066248,-4,0,-45
1759484636.9426248,0,7,-34
1759484636.980625,0,0,-30
1759484637.0186248,2,-5,-33
1759484637.056625,-6,-5,-32
1759484637.092625,-5,5,-46
1759484637.1306248,0,0,-31
1759484637.1686249,-1,3,-32
1759484637.2066247,0,4,-46
1759484637.2426248,0,1,-39
1759484637.2806249,0,0,-37
1759484637.3186247,5,-2,-31
1759484637.3566248,0,-8,-24
1759484637.3926249,3,-4,-32
1759484637.4306247,-5,0,-25
1759484637.4686248,0,0,-29
1759484637.5066247,0,-6,-32
1759484637.5426247,-2,-1,-27
1759484637.5806248,4,0,-23
1759484637.6186247,-1,0,-41
1759484637.6576247,1,-3,-42
1759484637.6936247,0,-1,-36
1759484637.730625,-3,-5,-36
1759484637.7696247,-3,0,-37
1759484637.8076248,0,1,-33
1759484637.8436248,-1,0,-36
1759484637.8806248,-5,0,-40
1759484637.9196248,0,7,-44
1759484637.957625,-4,0,-36
1759484637.9936247,-3,0,-33
1759484638.0306249,0,0,-32
1759484638.069625,-2,-3,-26
1759484638.1076248,3,-4,-34
1759484638.1436248,-1,2,-35
1759484638.1806247,-1,2,-38
1759484638.2196248,-8,1,-40
1759484638.2576249,-2,7,-40
1759484638.2936249,2,6,-42
1759484638.3316247,5,7,-36
1759484638.375625,3,2,-29
1759484638.4136248,1,-2,-41
1759484638.4516249,1,-1,-43
1759484638.4886248,-4,-8,-30
1759484638.5276248,0,0,-32
1759484638.5636249,-2,3,-34
1759484638.602625,3,-3,-35
1759484638.6396248,0,1,-36
1759484638.6786249,-5,1,-40
1759484638.714625,4,-6,-35
1759484638.7526248,0,0,-30
1759484638.7916248,2,6,-36
1759484638.829625,0,5,-40
1759484638.8676248,1,0,-36
1759484638.9036248,-4,-6,-19
1759484638.9416249,0,-1,-32
1759484638.9796247,0,-3,-42
1759484639.0186248,0,-8,-37
1759484639.0546248,0,-4,-36
1759484639.0936248,-3,-5,-33
1759484639.1316247,-4,0,-29
1759484639.1696248,3,0,-37
1759484639.207625,4,2,-29
1759484639.2436247,4,0,-36
1759484639.2816248,0,-5,-34
1759484639.319625,1,0,-37
1759484639.3576248,0,2,-49
1759484639.3936248,2,0,-47
1759484639.431625,0,5,-42
1759484639.4696248,0,3,-30
1759484639.5076249,-2,0,-31
1759484639.5436249,-1,-1,-38
1759484639.5816247,2,-2,-37
1759484639.6196249,7,-8,-38
1759484639.658625,9,1,-52
1759484639.694625,2,0,-49
1759484639.7316248,-3,-1,-35
1759484639.7706249,2,-1,-43
1759484639.8086247,0,-3,-53
1759484639.8446248,0,0,-47
1759484639.8816247,-2,0,-41
1759484639.9206247,0,-6,-51
1759484639.9586248,-5,-1,-35
1759484639.9946249,-12,4,-36
1759484640.033625,-1,0,-29
1759484640.0706248,2,-1,-32
1759484640.1096249,0,1,-38
1759484640.1456249,-12,3,-29
1759484640.1836247,0,0,-24
1759484640.2216249,3,0,-41
1759484640.2596247,-4,-4,-33
1759484640.2986248,2,0,-36
1759484640.3346248,-2,-1,-26
1759484640.3736248,2,-6,-39
1759484640.411625,0,-8,-45
1759484640.4496248,-3,-5,-41
1759484640.4856248,-4,1,-43
1759484640.5246248,0,0,-40
1759484640.5616248,2,2,-38
1759484640.6006248,3,3,-44
1759484640.638625,5,-3,-41
1759484640.6746247,-3,-3,-37
1759484640.7126248,-6,-6,-38
1759484640.750625,-7,-4,-49
1759484640.7896247,0,-5,-43
1759484640.8256247,6,-2,-33
1759484640.862625,5,1,-45
1759484640.9006248,3,4,-33
1759484640.9396248,0,3,-44
1759484640.9756248,7,-2,-50
1759484641.013625,1,0,-56
1759484641.0516248,3,0,-42
1759484641.0906248,-5,0,-37
1759484641.128625,2,2,-45
1759484641.1646247,1,0,-30
1759484641.2026248,-1,3,-36
1759484641.2416248,-2,0,-33
1759484641.2796247,-2,0,-32
1759484641.3156247,-4,3,-35
1759484641.352625,-4,-3,-40
1759484641.3916247,-6,7,-34
1759484641.4296248,-2,3,-35
1759484641.4656248,1,1,-37
1759484641.503625,2,0,-41
1759484641.5416248,1,5,-34
1759484641.579625,-3,-2,-28
1759484641.615625,0,1,-27
1759484641.6526248,-3,0,-32
1759484641.6916249,2,0,-35
1759484641.7296247,0,-1,-50
1759484641.7656248,4,2,-36
1759484641.8036249,-4,1,-46
1759484641.8406248,-1,2,-33
1759484641.8796248,-4,0,-43
1759484641.9156249,1,-1,-37
1759484641.9526248,-6,1,-46
1759484641.9916248,2,7,-32
1759484642.0296247,2,1,-34
1759484642.0656247,3,5,-38
1759484642.1036248,-4,-1,-32
1759484642.1406248,0,5,-38
1759484642.1796248,-2,0,-32
1759484642.2156248,-4,8,-21
1759484642.2546248,0,3,-39
1759484642.2926247,-1,4,-34
1759484642.3306248,6,1,-41
1759484642.3666248,2,-1,-36
1759484642.4046247,2,-1,-49
1759484642.4426248,-2,0,-45
1759484642.4816248,-10,-4,-33
1759484642.5196247,-8,2,-36
1759484642.5556247,-8,0,-32
1759484642.5936248,-3,-2,-27
1759484642.6316247,11,3,-37
1759484642.6706247,4,1,-37
1759484642.7066247,0,-1,-29
1759484642.7456248,-6,-5,-36
1759484642.783625,-3,-3,-34
1759484642.8216248,-3,1,-24
1759484642.8596249,2,4,-40
1759484642.8956249,1,-3,-45
1759484642.9336247,-5,-7,-43
1759484642.9716249,0,-4,-39
1759484643.0096247,1,-3,-49
1759484643.0456247,2,-1,-36
1759484643.082625,-7,-5,-34
1759484643.1216247,1,-5,-46
1759484643.1596248,1,-2,-46
1759484643.1956248,4,-4,-46
1759484643.2336247,-1,-4,-35
1759484643.2716248,1,6,-42
1759484643.309625,0,3,-37
1759484643.3456247,5,1,-19
1759484643.3836248,0,0,-32
1759484643.421625,1,-7,-35
1759484643.457625,-1,-3,-42
1759484643.4966247,-2,3,-39
1759484643.5346248,-5,2,-39
1759484643.5716248,-4,0,-44
1759484643.6106248,0,-2,-34
1759484643.6466248,0,-3,-39
1759484643.6836247,-3,-5,-42
1759484643.7216249,2,0,-38
1759484643.760625,-2,8,-43
1759484643.796625,-4,-2,-37
1759484643.8346248,2,-4,-37
1759484643.8726249,2,-4,-32
1759484643.911625,1,-9,-28
1759484643.9476247,-3,-3,-32
1759484643.9856248,1,2,-49
1759484644.023625,4,0,-41
1759484644.0616248,10,-3,-45
1759484644.1006248,0,-1,-35
1759484644.1376247,0,-3,-21
1759484644.1746247,-2,-1,-39
1759484644.2136247,-1,-5,-41
1759484644.2516248,-1,-6,-38
1759484644.2876248,-7,4,-36
1759484644.3266249,-6,-5,-33
1759484644.3646247,0,-3,-38
1759484644.4026248,7,1,-50
1759484644.4406247,0,-2,-36
1759484644.4766247,0,-5,-30
1759484644.513625,2,-3,-35
1759484644.5526247,0,7,-44
1759484644.5906248,2,-5,-31
1759484644.6266248,2,-3,-35
1759484644.6636248,0,3,-35
1759484644.7026248,-2,0,-29
1759484644.740625,-4,-7,-24
1759484644.776625,-9,-5,-32
1759484644.8146248,1,-9,-39
1759484644.852625,2,4,-31
1759484644.8916247,3,0,-35
1759484644.9276247,-3,-1,-36
1759484644.9656248,-7,0,-32
1759484645.003625,-2,4,-39
1759484645.0426247,2,2,-43
1759484645.0806248,-1,0,-48
1759484645.1166248,4,-3,-44
1759484645.1546247,1,0,-36
1759484645.1936247,0,2,-46
1759484645.2316248,1,3,-36
1759484645.2676249,-1,5,-33
1759484645.3046248,3,-3,-43
1759484645.3436248,0,5,-36
1759484645.3816247,5,1,-43
1759484645.4176247,-4,1,-43
1759484645.454625,-2,3,-28
1759484645.4936247,2,0,-33
1759484645.5316248,-8,0,-42
1759484645.5676248,-7,-3,-39
1759484645.6066248,2,2,-42
1759484645.6436248,-9,5,-38
1759484645.6826248,-1,2,-32
1759484645.7196248,2,1,-32
1759484645.7566247,2,-7,-38
1759484645.7956247,0,-1,-37
1759484645.832625,-4,4,-38
1759484645.8716247,3,-4,-33
1759484645.9076247,3,-8,-37
1759484645.944625,5,0,-23
1759484645.9836247,1,5,-24
1759484646.0216248,2,0,-41
1759484646.0576248,0,-3,-36
1759484646.0966249,8,-2,-28
1759484646.1336248,-2,-2,-34
1759484646.1726248,-3,0,-49
1759484646.2086248,-2,-2,-46
1759484646.2476249,0,-6,-42
1759484646.2846248,-5,-3,-40
1759484646.3236248,1,2,-39
1759484646.3616247,2,-6,-45
1759484646.3976247,3,-3,-33
1759484646.4366248,2,-9,-35
1759484646.4736247,5,-7,-38
1759484646.5126247,-1,-2,-43
1759484646.5486248,0,1,-39
1759484646.5866249,0,2,-43
1759484646.6236248,3,2,-41
1759484646.6626248,5,-3,-36
1759484646.6986248,0,-8,-46
1759484646.7366247,-5,-7,-52
1759484646.7746248,-5,-9,-39
1759484646.8136249,-8,-5,-34
1759484646.8496249,-4,2,-38
1759484646.8866248,-6,0,-33
1759484646.9246247,-8,1,-27
1759484646.9636247,3,-6,-40
1759484646.9996247,-2,-7,-39
1759484647.0376248,1,-4,-32
1759484647.0756247,1,-2,-38
1759484647.1136248,1,-4,-43
1759484647.1526248,4,0,-43
1759484647.1886249,0,-2,-35
1759484647.2266247,4,-2,-32
1759484647.2646248,2,0,-25
1759484647.3036249,0,-7,-25
1759484647.339625,1,-3,-27
1759484647.3766248,-2,0,-30
1759484647.4156249,4,-4,-47
1759484647.4536247,3,0,-39
1759484647.4896247,5,-3,-42
1759484647.526625,4,-1,-51
1759484647.5656247,4,-3,-38
1759484647.6036248,6,1,-37
1759484647.6396248,8,0,-42
1759484647.6766248,3,-3,-43
1759484647.7156248,2,-2,-40
1759484647.753625,4,0,-27
1759484647.7896247,0,0,-32
1759484647.8266249,-2,3,-41
1759484647.865625,0,1,-29
1759484647.9036248,0,-1,-27
1759484647.9396248,3,1,-38
1759484647.9766247,-4,1,-35
1759484648.0156248,3,0,-38
1759484648.0536249,-3,-1,-41
1759484648.089625,0,0,-33
1759484648.1276248,-2,3,-38
1759484648.1656249,0,-9,-38
1759484648.2036247,5,-2,-35
1759484648.240625,-6,-5,-33
1759484648.2786248,-1,-2,-37
1759484648.3156247,1,-2,-35
1759484648.3546247,-3,5,-35
1759484648.3996248,1,3,-35
1759484648.4376247,-7,4,-46
1759484648.4746249,0,0,-44
1759484648.513625,0,-6,-44
1759484648.5496247,-8,-4,-40
1759484648.5876248,1,-3,-44
1759484648.625625,3,1,-45
1759484648.6646247,0,1,-37
1759484648.7006247,2,-3,-31
1759484648.737625,10,-3,-45
1759484648.7756248,2,1,-49
1759484648.8146248,4,0,-48
1759484648.8506248,3,-4,-41
1759484648.888625,3,4,-41
1759484648.9256248,4,-1,-33
1759484648.964625,-4,-1,-27
1759484649.000625,-1,0,-31
1759484649.0386248,-3,0,-42
1759484649.0776248,-3,1,-41
1759484649.1146247,0,6,-48
1759484649.1536248,-3,2,-40
1759484649.1896248,-1,0,-34
1759484649.227625,0,-3,-35
1759484649.2666247,4,0,-45
1759484649.3046248,-2,-3,-41
1759484649.3406248,4,-3,-43
1759484649.3796248,2,0,-44
1759484649.4166248,3,-1,-37
1759484649.4556248,4,2,-34
1759484649.4936247,-2,-4,-32
1759484649.5296247,-1,-3,-34
1759484649.5686247,0,-2,-43
1759484649.605625,1,-4,-40
1759484649.6446247,0,0,-30
1759484649.6806247,4,1,-29
1759484649.717625,-1,2,-29
1759484649.7556248,4,4,-34
1759484649.7946248,0,-3,-27
1759484649.8306248,0,1,-42
1759484649.8676248,0,5,-48
1759484649.9056249,0,6,-48
1759484649.944625,-3,0,-46
1759484649.980625,0,6,-36
1759484650.0176249,-3,-2,-41
1759484650.0556247,-7,-1,-29
1759484650.0946248,0,1,-36
1759484650.1306248,-4,2,-33
1759484650.1676247,-5,0,-33
1759484650.2066247,2,-4,-26
1759484650.2446249,4,3,-31
1759484650.2806249,4,5,-44
1759484650.3186247,-2,3,-32
1759484650.355625,0,-2,-38
1759484650.3946247,-2,-2,-35
1759484650.4306247,-7,-2,-37
1759484650.4686248,-5,0,-38
1759484650.5076249,0,-1,-36
1759484650.5456247,-5,-5,-33
1759484650.5816247,-4,-9,-31
1759484650.6206248,1,0,-32
1759484650.6576247,3,0,-27
1759484650.6966248,-2,-1,-31
1759484650.7346249,2,-3,-35
1759484650.7706249,4,-3,-24
1759484650.809625,6,-6,-30
1759484650.8476248,-3,-2,-36
1759484650.885625,-3,-6,-37
1759484650.921625,-1,-8,-40
1759484650.9596248,2,0,-35
1759484650.9976249,-1,0,-41
1759484651.0356247,0,0,-39
1759484651.0746248,1,-3,-39
1759484651.1106248,1,-2,-36
1759484651.1476247,0,5,-55
1759484651.1866248,-2,3,-49
1759484651.2246249,4,0,-45
1759484651.260625,3,6,-40
1759484651.2976248,1,-6,-38
1759484651.3366249,0,-6,-29
1759484651.3746247,-2,0,-28
1759484651.4106247,5,6,-38
1759484651.4476247,-2,2,-52
1759484651.4866247,0,7,-43
1759484651.5246248,-3,-1,-25
1759484651.5606248,-3,3,-47
1759484651.5976248,-2,0,-38
1759484651.6366248,-3,-5,-34
1759484651.6746247,-4,0,-41
1759484651.7106247,-3,2,-38
1759484651.7476249,-1,-5,-34
1759484651.786625,2,-7,-41
1759484651.8246248,1,1,-38
1759484651.8606248,-1,-7,-44
1759484651.898625,-2,-2,-47
1759484651.9376247,0,-7,-35
1759484651.9756248,0,4,-38
1759484652.0116248,0,-2,-27
1759484652.0486248,-1,-6,-40
1759484652.0866249,3,-3,-42
1759484652.125625,-5,-4,-43
1759484652.161625,0,-6,-43
1759484652.1996248,-1,-2,-38
1759484652.2366247,0,4,-28
1759484652.2756248,8,-2,-40
1759484652.3116248,8,1,-34
1759484652.3496249,6,-5,-31
1759484652.3866248,6,-1,-34
1759484652.4256248,-1,1,-36
1759484652.4616249,-2,3,-41
1759484652.4986248,-3,7,-25
1759484652.536625,2,4,-34
1759484652.5756247,6,7,-41
1759484652.6116247,2,1,-44
1759484652.648625,12,-6,-32
1759484652.6866248,4,-2,-35
1759484652.7256248,5,-9,-34
1759484652.7616248,1,-6,-40
1759484652.8006248,-6,-4,-38
1759484652.8376248,0,-5,-48
1759484652.8766248,-3,-4,-50
1759484652.9126248,-5,-2,-43
1759484652.9516249,0,2,-33
1759484652.9896247,-1,2,-33
1759484653.0276248,0,-1,-23
1759484653.0656247,0,-2,-26
1759484653.1016247,0,4,-11
1759484653.1396248,6,12,-31
1759484653.1776247,3,0,-32
1759484653.2156248,-1,5,-34
1759484653.2516248,-5,0,-26
1759484653.2896247,-5,0,-44
1759484653.3276248,1,-2,-39
1759484653.365625,0,-5,-27
1759484653.401625,2,-9,-22
1759484653.4396248,0,-5,-30
1759484653.477625,3,-2,-40
1759484653.5156248,4,-4,-33
1759484653.5516248,-3,-5,-39
1759484653.589625,3,-1,-50
1759484653.628625,3,-5,-40
1759484653.6666248,-4,-4,-45
1759484653.7026248,0,-8,-38
1759484653.7396247,1,-7,-36
1759484653.7786248,3,4,-37
1759484653.8166249,-6,2,-28
1759484653.852625,-1,0,-31
1759484653.8906248,0,2,-41
1759484653.9286249,6,0,-52
1759484653.9666247,8,0,-45
1759484654.0026248,6,0,-39
1759484654.0406249,-1,1,-30
1759484654.0786247,1,-4,-39
1759484654.1166248,-1,1,-37
1759484654.1526248,1,-2,-46
1759484654.1916249,0,0,-43
1759484654.2286248,1,3,-51
1759484654.2676249,-4,-4,-37
1759484654.3036249,-9,0,-36
1759484654.3416247,-5,-1,-31
1759484654.378625,-3,-4,-17
1759484654.4176247,6,-2,-29
1759484654.4536247,0,-3,-27
1759484654.4916248,-1,1,-33
1759484654.5286248,-3,1,-48
1759484654.5676248,-4,5,-38
1759484654.6036248,1,-2,-46
1759484654.6416247,-4,2,-44
1759484654.6786249,0,0,-37
1759484654.717625,-4,-1,-29
1759484654.753625,-3,-2,-30
1759484654.7916248,0,2,-33
1759484654.829625,0,5,-32
1759484654.8686247,0,2,-32
1759484654.9066248,-7,2,-31
1759484654.9426248,-2,3,-40
1759484654.9796247,-7,0,-42
1759484655.0186248,2,0,-39
1759484655.056625,6,0,-26
1759484655.092625,-1,-3,-31
1759484655.1306248,-2,-2,-35
1759484655.1696248,3,-1,-44
1759484655.207625,5,0,-39
1759484655.2446249,0,-2,-30
1759484655.2826247,2,-1,-32
1759484655.3206248,-5,-2,-25
1759484655.3586247,0,0,-39
1759484655.3966248,0,-5,-41
1759484655.4326248,-5,-6,-38
1759484655.4706247,-6,-5,-31
1759484655.5086248,-6,0,-38
1759484655.5476248,-1,1,-33
1759484655.5836248,3,-2,-47
1759484655.6216247,1,-5,-27
1759484655.6606247,2,1,-32
1759484655.6986248,2,0,-35
1759484655.7346249,-4,-2,-42
1759484655.7726247,-6,-4,-36
1759484655.8106248,-2,0,-29
1759484655.8496249,1,2,-29
1759484655.8876247,0,-2,-45
1759484655.9236248,0,-6,-43
1759484655.9626248,-2,-1,-44
1759484655.9996247,-8,-6,-50
1759484656.0386248,-2,-8,-56
1759484656.0756247,0,-5,-41
1759484656.112625,-4,-5,-45
1759484656.1506248,5,1,-46
1759484656.1886249,0,5,-42
1759484656.227625,-1,10,-35
1759484656.263625,5,8,-29
1759484656.3006248,0,2,-40
1759484656.339625,-5,4,-44
1759484656.3776248,3,4,-33
1759484656.4136248,-9,3,-30
1759484656.4526248,0,2,-29
1759484656.4896247,3,0,-31
1759484656.5286248,0,-2,-39
1759484656.5646248,-1,-2,-39
1759484656.602625,-7,5,-45
1759484656.6416247,-7,-6,-41
1759484656.6796248,-3,-4,-39
1759484656.717625,2,-8,-43
1759484656.753625,-1,-3,-40
1759484656.7926247,-5,-1,-36
1759484656.829625,2,3,-46
1759484656.8686247,-2,6,-40
1759484656.9046247,-2,3,-41
1759484656.9426248,1,0,-43
1759484656.9796247,-4,0,-34
1759484657.0186248,0,-3,-41
1759484657.0546248,1,-2,-45
1759484657.092625,0,0,-41
1759484657.1296248,-1,-4,-38
1759484657.1686249,-7,-4,-28
1759484657.204625,-2,2,-20
1759484657.2426248,-2,2,-33
1759484657.2796247,0,0,-36
1759484657.3186247,0,0,-37
1759484657.3546247,-1,-4,-38
1759484657.3926249,-2,0,-41
1759484657.4306247,4,0,-48
1759484657.4696248,0,-6,-52
1759484657.5056248,-4,-7,-43
1759484657.5446248,0,-3,-51
1759484657.582625,-2,-7,-44
1759484657.6206248,7,0,-54
1759484657.658625,-2,0,-42
1759484657.6956248,-3,-1,-32
1759484657.7336247,-5,-1,-36
1759484657.7706249,-4,-5,-38
1759484657.809625,-3,1,-37
1759484657.8456247,-2,-2,-38
1759484657.8846247,1,-4,-36
1759484657.921625,1,3,-34
1759484657.9606247,-1,4,-37
1759484657.9986248,1,2,-32
1759484658.0346248,7,2,-39
1759484658.0716248,5,-8,-36
1759484658.1106248,0,-2,-41
1759484658.148625,0,1,-48
1759484658.184625,4,-3,-43
1759484658.2226248,4,0,-35
1759484658.260625,2,0,-42
1759484658.2996247,3,5,-50
1759484658.3356247,4,-5,-41
1759484658.3736248,2,-6,-49
1759484658.4196248,4,-9,-48
1759484658.4556248,-1,-6,-35
1759484658.4936247,5,0,-39
1759484658.5316248,4,-1,-42
1759484658.5706248,1,-3,-41
1759484658.6086247,-1,4,-50
1759484658.6456249,4,0,-36
1759484658.6836247,2,1,-48
1759484658.7206247,-2,-7,-48
1759484658.7596247,4,0,-39
1759484658.7956247,-1,1,-49
1759484658.832625,-4,-5,-44
1759484658.8706248,0,0,-45
1759484658.9096248,2,0,-34
1759484658.9456248,-3,-1,-41
1759484658.9846249,3,0,-41
1759484659.0226247,-6,5,-43
1759484659.0606248,0,6,-43
1759484659.0966249,-4,2,-33
1759484659.1346247,-8,1,-31
1759484659.171625,-7,-1,-38
1759484659.2106247,3,1,-37
1759484659.2466247,-1,0,-44
1759484659.2846248,4,2,-26
1759484659.3216248,0,-3,-38
1759484659.3606248,2,-5,-44
1759484659.3966248,1,-5,-41
1759484659.434625,0,0,-37
1759484659.4716249,2,-10,-43
1759484659.510625,-8,-7,-36
1759484659.546625,0,0,-36
1759484659.5846248,5,-6,-30
1759484659.6226249,9,0,-45
1759484659.6606247,0,-3,-31
1759484659.6966248,-1,-1,-33
1759484659.7346249,-8,-3,-31
1759484659.7726247,-3,-1,-40
1759484659.8116248,-3,-3,-42
1759484659.8496249,-4,0,-43
1759484659.885625,-5,-1,-32
1759484659.9236248,3,4,-27
1759484659.9616249,0,0,-21
1759484660.000625,1,-2,-37
1759484660.036625,1,-2,-40
1759484660.0756247,-1,-9,-38
1759484660.1136248,7,-5,-38
1759484660.151625,6,-2,-30
1759484660.1896248,10,0,-39
1759484660.2256248,1,0,-34
1759484660.263625,3,-2,-33
1759484660.3026247,12,-4,-33
1759484660.3406248,5,0,-34
1759484660.3766248,1,-4,-37
1759484660.4146247,0,-3,-33
1759484660.4526248,-2,-1,-42
1759484660.4916248,6,0,-50
1759484660.5296247,0,4,-35
1759484660.5656247,6,0,-34
1759484660.602625,-4,-4,-42
1759484660.6416247,0,-5,-48
1759484660.6796248,5,-7,-35
1759484660.7156248,3,-2,-38
1759484660.753625,-2,0,-45
1759484660.7916248,5,1,-38
1759484660.8276248,-1,-4,-36
1759484660.8666248,4,-3,-46
1759484660.9046247,3,-6,-40
1759484660.9416249,0,-3,-43
1759484660.980625,0,-1,-37
1759484661.0176249,1,-1,-44
1759484661.0546248,-1,3,-35
1759484661.0936248,2,0,-31
1759484661.1316247,0,-1,-47
1759484661.1676247,-1,-3,-43
1759484661.2056248,-8,2,-43
1759484661.2446249,6,-3,-26
1759484661.2816248,1,-4,-41
1759484661.3206248,6,3,-35
1759484661.3566248,1,3,-37
1759484661.3936248,0,0,-37
1759484661.431625,2,-3,-37
1759484661.4706247,-2,1,-29
1759484661.5066247,-7,9,-39
1759484661.5446248,-5,4,-30
1759484661.582625,1,-6,-27
1759484661.6206248,-2,0,-26
1759484661.6566248,-5,2,-34
1759484661.6936247,0,1,-43
1759484661.7326248,2,0,-54
1759484661.7706249,1,-4,-43
1759484661.806625,0,-7,-40
1759484661.8436248,1,2,-34
1759484661.8826249,-2,1,-29
1759484661.9206247,0,4,-38
1759484661.9566247,-4,2,-37
1759484661.9936247,0,-1,-39
1759484662.0326247,1,-1,-44
1759484662.0706248,0,3,-42
1759484662.1066248,3,1,-49
1759484662.1436248,0,-6,-41
1759484662.1826248,-1,-1,-44
1759484662.2206247,-6,4,-43
1759484662.2566247,0,3,-33
1759484662.2936249,-2,4,-30
1759484662.332625,-1,0,-34
1759484662.3706248,-4,-3,-40
1759484662.4066248,3,-3,-39
1759484662.4436247,-2,-3,-41
1759484662.4826248,-4,-3,-39
1759484662.5186248,-2,-4,-37
1759484662.556625,-1,0,-41
1759484662.5956247,-2,0,-39
1759484662.6336248,2,1,-38
1759484662.671625,-3,-6,-34
1759484662.707625,-9,1,-47
1759484662.7456248,-5,0,-34
1759484662.783625,0,0,-26
1759484662.8226247,0,-4,-32
1759484662.8586247,0,-3,-27
1759484662.8976247,-7,-5,-44
1759484662.934625,4,-6,-38
1759484662.9726248,3,-7,-34
1759484663.0116248,1,-5,-36
1759484663.0476248,-1,-10,-40
1759484663.0856247,-5,-4,-47
1759484663.1236248,0,3,-41
1759484663.1626248,2,0,-47
1759484663.1986248,8,3,-42
1759484663.2356248,5,8,-38
1759484663.273625,3,0,-40
1759484663.3126247,8,-3,-28
1759484663.3486247,5,-1,-44
1759484663.385625,-2,0,-45
1759484663.4236248,3,1,-35
1759484663.4626248,-6,-2,-25
1759484663.4986248,0,-2,-35
1759484663.5356247,-2,3,-26
1759484663.5736248,-9,0,-39
1759484663.612625,-4,2,-27
1759484663.648625,0,-4,-27
1759484663.6856248,6,5,-37
1759484663.7236247,-4,0,-27
1759484663.7626247,-2,0,-17
1759484663.7986248,1,-1,-26
1759484663.8366249,7,-4,-32
1759484663.8746247,-2,6,-36
1759484663.9136248,-4,0,-32
1759484663.9516249,3,0,-47
1759484663.987625,-4,-8,-43
1759484664.026625,-3,-6,-50
1759484664.0646248,-3,-1,-45
1759484664.102625,0,1,-29
1759484664.138625,4,0,-37
1759484664.1756248,-2,2,-51
1759484664.214625,-1,2,-46
1759484664.2526248,1,3,-34
1759484664.2886248,0,4,-26
1759484664.3256247,-2,-1,-30
1759484664.3646247,6,2,-45
1759484664.4026248,10,-2,-49
1759484664.4386249,0,-1,-39
1759484664.4766247,-9,2,-36
1759484664.5146248,0,0,-49
1759484664.5526247,-3,1,-42
1759484664.5886247,-3,-3,-36
1759484664.6276248,0,0,-38
1759484664.6646247,0,1,-36
1759484664.7036247,2,-3,-42
1759484664.7396247,5,-2,-41
1759484664.7786248,-2,0,-40
1759484664.8166249,0,0,-50
1759484664.8536248,0,-4,-44
1759484664.8926249,0,0,-35
1759484664.9286249,-4,5,-42
1759484664.9656248,-1,6,-32
1759484665.003625,-6,0,-45
1759484665.0426247,-11,0,-35
1759484665.0786247,-5,2,-34
1759484665.1166248,1,-3,-46
1759484665.1556249,3,1,-41
1759484665.1936247,-4,-1,-36
1759484665.2296247,3,-1,-37
1759484665.2686248,2,3,-38
1759484665.3056247,3,-3,-46
1759484665.3446248,-5,5,-33
1759484665.3826249,0,3,-41
1759484665.4186249,-3,3,-44
1759484665.4566247,-5,2,-32
1759484665.4946249,-5,-5,-41
1759484665.5326247,-7,1,-26
1759484665.5686247,-5,7,-24
1759484665.6066248,-8,3,-42
1759484665.6446247,-3,-6,-28
1759484665.6836247,0,1,-38
1759484665.7206247,-3,2,-30
1759484665.7576249,2,2,-44
1759484665.7956247,2,0,-50
1759484665.8346248,0,-1,-43
1759484665.8726249,-3,-4,-47
1759484665.9096248,4,-1,-47
1759484665.9466248,6,0,-47
1759484665.9856248,0,-3,-28
1759484666.023625,1,-8,-41
1759484666.059625,4,-6,-35
1759484666.0976248,2,-6,-36
1759484666.135625,-4,1,-39
1759484666.1746247,0,0,-38
1759484666.2106247,0,-3,-34
1759484666.2486248,0,0,-42
1759484666.286625,-1,0,-33
1759484666.3246248,-2,0,-39
1759484666.3636248,3,-1,-43
1759484666.3996248,6,-1,-41
1759484666.4386249,1,-1,-42
1759484666.4766247,-4,-1,-33
1759484666.5146248,1,0,-25
1759484666.5506248,0,-2,-33
1759484666.5886247,0,-1,-36
1759484666.6266248,6,3,-44
1759484666.6646247,2,3,-54
1759484666.7006247,4,-4,-47
1759484666.7386248,0,-4,-48
1759484666.7776248,5,-7,-46
1759484666.8156247,2,-4,-40
1759484666.8536248,-4,4,-47
1759484666.8896248,0,5,-46
1759484666.9276247,-2,-1,-38
1759484666.9656248,-3,-2,-42
1759484667.003625,-8,0,-42
1759484667.0396247,-11,2,-33
1759484667.0776248,0,4,-36
1759484667.1166248,0,5,-46
1759484667.1546247,-5,0,-39
1759484667.1906247,-3,-2,-41
1759484667.2286248,-8,-4,-30
1759484667.2676249,5,-6,-42
1759484667.3056247,8,-3,-33
1759484667.3436248,3,-3,-30
1759484667.3796248,-2,-3,-35
1759484667.4176247,2,0,-42
1759484667.4566247,-1,-3,-33
1759484667.4946249,-3,-2,-48
1759484667.5306249,2,-5,-33
1759484667.5686247,2,3,-35
1759484667.6066248,1,-4,-30
1759484667.6446247,2,5,-34
1759484667.6806247,8,-2,-34
1759484667.7186248,6,-1,-32
1759484667.7556248,3,1,-41
1759484667.7946248,-2,1,-40
1759484667.8306248,6,0,-45
1759484667.8676248,2,6,-44
1759484667.9056249,-8,5,-44
1759484667.944625,0,-1,-41
1759484667.980625,10,2,-40
1759484668.0186248,0,0,-27
1759484668.0556247,0,2,-30
1759484668.0946248,0,0,-35
1759484668.1306248,-1,2,-41
1759484668.1676247,-2,4,-44
1759484668.2066247,1,0,-24
1759484668.2446249,3,2,-29
1759484668.2806249,0,5,-42
1759484668.3176248,-3,3,-40
1759484668.3566248,-1,0,-41
1759484668.3946247,0,6,-37
1759484668.4396248,0,-3,-41
1759484668.477625,4,-1,-40
1759484668.5156248,5,1,-35
1759484668.5516248,4,2,-44
1759484668.589625,-3,0,-49
1759484668.6276248,-10,-2,-38
1759484668.6656249,-4,-2,-41
1759484668.7016249,-6,-5,-39
1759484668.740625,-1,-1,-32
1759484668.7776248,-7,4,-35
1759484668.8166249,1,-1,-35
1759484668.8546247,0,-2,-36
1759484668.8906248,-7,-3,-40
1759484668.9286249,5,-7,-42
1759484668.967625,1,0,-38
1759484669.0056248,-5,-1,-28
1759484669.0416248,0,-3,-37
1759484669.079625,0,-2,-44
1759484669.1176248,-1,4,-42
1759484669.1566248,-7,1,-43
1759484669.194625,0,1,-45
1759484669.230625,-1,-1,-31
1759484669.2696247,3,-1,-38
1759484669.306625,6,-3,-34
1759484669.3456247,9,-1,-40
1759484669.3816247,-3,1,-38
1759484669.4196248,1,-3,-27
1759484669.4566247,4,-8,-37
1759484669.4956248,0,-7,-22
1759484669.5316248,4,5,-30
1759484669.5686247,0,-2,-28
1759484669.6066248,0,0,-21
1759484669.6456249,-4,-5,-29
1759484669.681625,-2,-3,-34
1759484669.7196248,2,0,-35
1759484669.7586248,-2,2,-36
1759484669.796625,-1,-1,-36
1759484669.832625,-1,0,-39
1759484669.8696249,-1,-3,-40
1759484669.9076247,8,3,-44
1759484669.9466248,4,1,-45
1759484669.9826248,-2,0,-33
1759484670.0196247,0,3,-36
1759484670.0576248,-5,-4,-34
1759484670.0966249,-3,-4,-29
1759484670.1326249,-8,-3,-39
1759484670.171625,-3,-4,-27
1759484670.2086248,5,1,-26
1759484670.2476249,5,2,-30
1759484670.2856247,5,0,-38
1759484670.3216248,3,-2,-37
1759484670.3606248,3,-7,-47
1759484670.398625,-1,-5,-39
1759484670.4366248,-4,0,-42
1759484670.4726248,0,0,-36
1759484670.510625,2,-3,-39
1759484670.5486248,5,-7,-31
1759484670.5866249,0,-2,-33
1759484670.6226249,6,2,-47
1759484670.6606247,1,-6,-34
1759484670.6986248,-1,-5,-37
1759484670.7366247,-3,-6,-35
1759484670.7726247,-2,-1,-38
1759484670.8116248,6,-4,-40
1759484670.8486247,-5,2,-41
1759484670.8876247,-6,4,-35
1759484670.9256248,0,2,-32
1759484670.9616249,1,0,-37
1759484670.9986248,3,3,-41
1759484671.0376248,-2,0,-36
1759484671.0756247,-3,3,-32
1759484671.1116247,0,2,-36
1759484671.148625,2,4,-41
1759484671.1876247,3,6,-43
1759484671.2256248,0,-2,-43
1759484671.2616248,-6,0,-37
1759484671.2996247,-7,0,-34
1759484671.3376248,-2,-8,-36
1759484671.3736248,-1,0,-37
1759484671.411625,2,0,-39
1759484671.4486248,1,-2,-43
1759484671.487625,-1,-3,-35
1759484671.523625,3,-3,-46
1759484671.5616248,-2,2,-47
1759484671.5986247,2,-1,-45
1759484671.6376247,1,4,-42
1759484671.6736248,1,5,-36
1759484671.7116249,6,0,-36
1759484671.7486248,5,3,-29
1759484671.7876248,1,0,-35
1759484671.8236248,-2,2,-48
1759484671.8606248,-3,0,-43
1759484671.898625,2,2,-38
1759484671.9376247,-11,1,-36
1759484671.9736247,-3,3,-42
1759484672.0116248,-3,2,-43
1759484672.0496247,3,-1,-39
1759484672.0886247,3,-6,-30
1759484672.1266248,2,-4,-54
1759484672.1626248,4,-5,-43
1759484672.2006247,-4,-7,-35
1759484672.2396247,-2,-5,-39
1759484672.2776248,-1,-7,-32
1759484672.3146248,0,-5,-37
1759484672.3516247,0,0,-33
1759484672.3906248,-2,-8,-30
1759484672.4286249,7,-2,-40
1759484672.4666247,1,-2,-33
1759484672.5026248,-2,6,-35
1759484672.5406249,-2,0,-48
1759484672.5786247,-3,-10,-43
1759484672.6176248,-6,-5,-49
1759484672.6536248,1,-7,-28
1759484672.6906247,1,-2,-48
1759484672.7286248,-3,11,-48
1759484672.7676249,-9,7,-42
1759484672.8036249,-9,2,-34
1759484672.8406248,-3,-1,-40
1759484672.878625,-3,1,-50
1759484672.9176247,-3,0,-45
1759484672.9536247,5,0,-50
1759484672.990625,-4,-4,-40
1759484673.0286248,-11,-2,-33
1759484673.0676248,-4,-2,-32
1759484673.1036248,4,-3,-41
1759484673.1426249,6,3,-48
1759484673.1796248,12,0,-44
1759484673.2186248,8,0,-34
1759484673.2546248,9,-2,-49
1759484673.2916248,2,2,-46
1759484673.329625,-1,0,-41
1759484673.3686247,2,3,-39
1759484673.4046247,3,-3,-41
1759484673.4436247,-1,0,-32
1759484673.480625,2,5,-37
1759484673.5186248,-5,2,-28
1759484673.5576248,-2,3,-30
1759484673.5936248,1,0,-37
1759484673.6306248,-1,0,-42
1759484673.6686249,-2,0,-26
1759484673.707625,-2,2,-38
1759484673.7436247,-1,3,-35
1759484673.7826247,6,-5,-36
1759484673.8206248,6,0,-37
1759484673.8586247,1,-2,-37
1759484673.8946247,7,-8,-43
1759484673.9326248,3,0,-42
1759484673.9706247,3,3,-23
1759484674.0096247,2,1,-36
1759484674.0476248,3,0,-31
1759484674.0836248,-1,-2,-25
1759484674.1216247,-5,-10,-38
1759484674.1606247,4,-4,-33
1759484674.1986248,2,1,-33
1759484674.2346249,0,-3,-30
1759484674.2726247,8,3,-39
1759484674.3116248,5,2,-41
1759484674.3496249,6,-4,-51
1759484674.3876247,4,-7,-45
1759484674.4236248,-5,-3,-41
1759484674.4626248,-1,0,-31
1759484674.4996247,-5,0,-32
1759484674.5386248,-1,1,-34
1759484674.5746248,1,2,-37
1759484674.612625,-6,0,-37
1759484674.6496248,-3,3,-35
1759484674.6886249,2,4,-30
1759484674.7246249,4,0,-36
1759484674.7626247,-3,-4,-32
1759484674.7996247,-1,-1,-34
1759484674.8386247,-10,0,-49
1759484674.8746247,-7,3,-42
1759484674.9126248,-2,3,-44
1759484674.9506247,1,0,-53
1759484674.9896247,0,5,-45
1759484675.0256248,4,2,-42
1759484675.0636249,4,0,-30
1759484675.1006248,0,-2,-32
1759484675.1396248,2,-1,-32
1759484675.1756248,0,2,-32
1759484675.2126248,-3,-2,-22
1759484675.250625,6,0,-39
1759484675.2896247,0,2,-49
1759484675.3256247,-1,6,-52
1759484675.3636248,-3,3,-45
1759484675.4006248,2,5,-41
1759484675.4396248,-2,-1,-35
1759484675.4756248,-1,-2,-43
1759484675.513625,0,-2,-45
1759484675.5516248,-2,-6,-41
1759484675.5906248,-5,-3,-38
1759484675.628625,0,8,-39
1759484675.6646247,-1,-2,-40
1759484675.7036247,1,3,-41
1759484675.740625,-7,0,-41
1759484675.7796247,-6,-3,-39
1759484675.8156247,-1,-1,-35
1759484675.8546247,4,1,-30
1759484675.8916247,-3,0,-30
1759484675.9306247,0,-2,-31
1759484675.9686248,2,-4,-29
1759484676.0046248,11,-6,-37
1759484676.0426247,8,-5,-40
1759484676.0806248,4,-3,-27
1759484676.1196249,4,-7,-33
1759484676.1556249,5,-6,-27
1759484676.1926248,8,-8,-32
1759484676.230625,2,1,-39
1759484676.2696247,0,5,-37
1759484676.3056247,-3,0,-37
1759484676.3436248,-3,0,-39
1759484676.3816247,-4,3,-50
1759484676.4206247,-1,-5,-46
1759484676.4586248,3,3,-45
1759484676.4946249,3,1,-35
1759484676.5326247,0,6,-34
1759484676.5716248,-8,0,-33
1759484676.6096249,-7,1,-34
1759484676.6456249,-2,1,-38
1759484676.6826248,3,0,-38
1759484676.7216249,0,-4,-42
1759484676.7596247,-2,-2,-40
1759484676.7956247,4,3,-41
1759484676.832625,9,4,-20
1759484676.8716247,0,-2,-28
1759484676.9096248,-7,1,-40
1759484676.9456248,7,1,-48
1759484676.9826248,-1,-5,-35
1759484677.0216248,-2,3,-26
1759484677.059625,-5,1,-40
1759484677.0956247,-2,0,-30
1759484677.1336248,-2,0,-36
1759484677.171625,4,2,-43
1759484677.2096248,2,0,-35
1759484677.2456248,3,0,-35
1759484677.2826247,0,-2,-49
1759484677.3216248,3,5,-33
1759484677.3596249,-3,2,-41
1759484677.3956249,-2,-1,-62
1759484677.434625,0,0,-50
1759484677.4726248,4,0,-43
1759484677.510625,-1,2,-41
1759484677.546625,-2,-1,-39
1759484677.5846248,-3,-4,-32
1759484677.6226249,-2,-8,-42
1759484677.661625,-7,-4,-33
1759484677.6996248,-5,-3,-43
1759484677.7356248,-4,0,-44
1759484677.7726247,-3,-5,-46
1759484677.8116248,2,-5,-50
1759484677.8496249,-2,-2,-44
1759484677.885625,1,1,-36
1759484677.9226248,3,2,-28
1759484677.9616249,-1,3,-34
1759484677.9996247,-3,-1,-34
1759484678.0356247,-3,-4,-42
1759484678.0736248,-1,-1,-32
1759484678.1116247,4,5,-40
1759484678.1506248,6,4,-27
1759484678.1876247,4,1,-28
1759484678.2256248,0,1,-35
1759484678.2626247,-3,-4,-38
1759484678.3016248,-8,0,-41
1759484678.3376248,-5,-2,-41
1759484678.3766248,-7,-3,-44
1759484678.4146247,-2,0,-31
1759484678.4586248,1,0,-53
1759484678.4966247,4,6,-59
1759484678.5346248,3,1,-50
1759484678.5726247,2,-7,-39
1759484678.6106248,2,0,-52
1759484678.6466248,-2,0,-40
1759484678.6836247,-14,3,-44
1759484678.7226248,-2,0,-45
1759484678.760625,-1,8,-34
1759484678.796625,-1,4,-44
1759484678.8356247,2,2,-40
1759484678.8736248,0,-3,-45
1759484678.911625,0,0,-42
1759484678.9486248,-3,0,-42
1759484678.9856248,0,1,-41
1759484679.0246248,2,2,-42
1759484679.0626247,7,1,-32
1759484679.1006248,0,0,-36
1759484679.1366248,-8,-2,-38
1759484679.1746247,-2,2,-39
1759484679.2126248,1,-1,-35
1759484679.2516248,-2,0,-50
1759484679.2886248,-2,-2,-41
1759484679.3266249,1,-2,-45
1759484679.3636248,4,3,-33
1759484679.4026248,0,0,-32
1759484679.4406247,0,-2,-29
1759484679.4766247,3,5,-32
1759484679.5146248,5,9,-38
1759484679.5526247,4,2,-30
1759484679.5906248,1,1,-43
1759484679.6266248,-5,0,-44
1759484679.6636248,9,-1,-44
1759484679.7026248,-3,-2,-35
1759484679.740625,2,-3,-32
1759484679.776625,-2,-3,-33
1759484679.8156247,2,0,-30
1759484679.852625,1,-3,-42
1759484679.8916247,0,-3,-41
1759484679.9276247,-4,0,-42
1759484679.9656248,-2,-3,-46
1759484680.003625,-3,0,-46
1759484680.0416248,-1,-1,-41
1759484680.0776248,-3,0,-46
1759484680.115625,5,-4,-43
1759484680.1526248,3,1,-40
1759484680.1916249,0,-2,-44
1759484680.227625,-4,0,-42
1759484680.2656248,-3,9,-42
1759484680.3036249,4,3,-35
1759484680.3416247,-3,5,-36
1759484680.3776248,3,0,-38
1759484680.4146247,-7,-1,-38
1759484680.4536247,-9,0,-47
1759484680.4916248,-4,0,-40
1759484680.5276248,0,0,-41
1759484680.5646248,-6,-1,-34
1759484680.6036248,-1,4,-25
1759484680.6416247,0,-1,-38
1759484680.6776247,5,0,-46
1759484680.714625,-3,-3,-42
1759484680.753625,-6,1,-36
1759484680.7916248,-3,3,-33
1759484680.8276248,3,4,-44
1759484680.8646247,-3,-4,-47
1759484680.9036248,-2,-1,-33
1759484680.9416249,-2,2,-36
1759484680.977625,2,-1,-37
1759484681.0146248,2,-5,-40
1759484681.0536249,0,1,-33
1759484681.0916247,4,5,-39
1759484681.1276248,8,7,-28
1759484681.1646247,0,-3,-33
1759484681.2036247,0,0,-42
1759484681.2416248,2,-1,-32
1759484681.2776248,-4,-4,-39
1759484681.3166249,5,0,-46
1759484681.3536248,-4,-3,-42
1759484681.3926249,2,-3,-49
1759484681.4286249,0,5,-49
1759484681.4666247,-8,1,-42
1759484681.5046248,-2,0,-36
1759484681.5436249,-2,-1,-37
1759484681.5816247,1,2,-47
1759484681.6176248,1,3,-47
1759484681.6546247,0,5,-48
1759484681.6936247,-2,0,-37
1759484681.7296247,-3,-1,-39
1759484681.7676249,-10,3,-40
1759484681.8056247,0,1,-37
1759484681.8446248,4,5,-40
1759484681.8826249,2,7,-43
1759484681.9196248,0,-2,-34
1759484681.9566247,-6,-2,-39
1759484681.9956248,-1,2,-44
1759484682.033625,-1,1,-46
1759484682.069625,-8,1,-45
1759484682.1076248,0,2,-37
1759484682.1456249,-1,-1,-26
1759484682.1836247,5,-1,-46
1759484682.2196248,5,1,-36
1759484682.2576249,2,3,-34
1759484682.2956247,-1,2,-35
1759484682.3336248,1,-1,-48
1759484682.3696249,-2,-3,-34
1759484682.408625,2,-1,-44
1759484682.4456248,5,0,-54
1759484682.4846249,10,2,-44
1759484682.5226247,7,-2,-32
1759484682.5586247,-6,0,-35
1759484682.5966249,-8,6,-38
1759484682.635625,1,6,-43
1759484682.6736248,-6,4,-30
1759484682.7096248,-8,-3,-32
1759484682.7476249,5,-3,-39
1759484682.7856247,4,-2,-40
1759484682.8246248,5,1,-29
1759484682.862625,6,7,-32
1759484682.898625,1,1,-15
1759484682.9366248,-1,2,-31
1759484682.9756248,2,12,-41
1759484683.013625,-8,-3,-35
1759484683.0496247,0,1,-31
1759484683.0866249,2,-3,-33
1759484683.125625,0,-1,-32
1759484683.1636248,3,-8,-26
1759484683.1996248,0,-1,-41
1759484683.2386248,-8,0,-40
1759484683.276625,-9,2,-38
1759484683.3146248,-4,0,-36
1759484683.352625,-5,-5,-30
1759484683.388625,-5,-5,-26
1759484683.4266248,-6,-3,-33
1759484683.464625,-1,-5,-30
1759484683.503625,6,-2,-26
1759484683.5396247,2,3,-25
1759484683.5766249,7,2,-33
1759484683.6146247,-3,2,-38
1759484683.6536248,-2,-2,-48
1759484683.6896248,-2,3,-36
1759484683.7286248,0,4,-35
1759484683.7656248,-9,4,-31
1759484683.8046248,0,-3,-37
1759484683.8406248,1,-5,-36
1759484683.8796248,-3,0,-25
1759484683.9176247,0,1,-31
1759484683.9556248,-4,-2,-40
1759484683.9936247,0,1,-46
1759484684.0296247,1,5,-45
1759484684.0676248,0,4,-45
1759484684.105625,-4,4,-48
1759484684.1436248,0,5,-36
1759484684.1796248,-2,-2,-43
1759484684.2186248,0,-2,-37
1759484684.2556248,-6,2,-38
1759484684.2946248,0,1,-34
1759484684.3306248,0,0,-37
1759484684.3676248,-5,-3,-39
1759484684.4066248,-1,2,-45
1759484684.444625,1,-8,-43
1759484684.480625,0,-7,-36
1759484684.5176249,-8,4,-33
1759484684.556625,-2,3,-32
1759484684.5946248,6,0,-39
1759484684.6306248,2,3,-41
1759484684.6676247,-1,0,-39
1759484684.7066247,-3,1,-41
1759484684.7446249,-1,-1,-33
1759484684.7806249,-4,6,-32
1759484684.8186247,4,2,-33
1759484684.8566248,3,1,-37
1759484684.8946247,-9,-1,-31
1759484684.9306247,0,-2,-39
1759484684.9686248,0,4,-40
1759484685.0066247,8,4,-32
1759484685.0446248,-1,1,-28
1759484685.0806248,-4,0,-42
1759484685.1186247,3,0,-37
1759484685.1566248,0,-4,-39
1759484685.194625,4,-5,-50
1759484685.230625,6,-6,-38
1759484685.2686248,5,-4,-35
1759484685.306625,3,-1,-44
1759484685.3446248,0,2,-40
1759484685.3806248,-5,2,-31
1759484685.4196248,-9,-4,-32
1759484685.4566247,-2,3,-30
1759484685.4956248,0,0,-23
1759484685.5316248,-8,4,-25
1759484685.569625,-5,2,-36
1759484685.6076248,-2,2,-49
1759484685.6456249,1,0,-32
1759484685.684625,0,-2,-34
1759484685.7206247,8,0,-38
1759484685.7576249,-9,0,-48
1759484685.7956247,0,-2,-48
1759484685.8346248,3,0,-42
1759484685.8706248,-2,0,-35
1759484685.9076247,-2,-2,-33
1759484685.9466248,-2,-3,-44
1759484685.9846249,-6,-7,-46
1759484686.0206249,-2,-4,-33
1759484686.0586247,0,0,-34
1759484686.0966249,5,-3,-38
1759484686.135625,0,-10,-40
1759484686.171625,0,0,-30
1759484686.2086248,-2,0,-38
1759484686.2476249,3,-1,-32
1759484686.2856247,3,0,-36
1759484686.3216248,-2,0,-38
1759484686.3606248,-3,5,-33
1759484686.398625,0,1,-31
1759484686.4366248,3,9,-34
1759484686.4746249,0,5,-38
1759484686.510625,-1,3,-42
1759484686.5486248,3,1,-29
1759484686.5866249,-2,-4,-39
1759484686.6246247,-1,-1,-39
1759484686.6606247,-2,-7,-33
1759484686.6996248,-1,-1,-41
1759484686.737625,2,-3,-25
1759484686.7756248,-1,3,-29
1759484686.8116248,1,8,-44
1759484686.8496249,-2,0,-39
1759484686.8876247,1,-4,-40
1759484686.9256248,-1,0,-50
1759484686.9616249,-2,-9,-38
1759484686.9996247,-5,-8,-32
1759484687.0376248,3,-4,-33
1759484687.0766249,1,-3,-27
1759484687.112625,0,-9,-24
1759484687.1496248,3,-2,-39
1759484687.1886249,6,0,-43
1759484687.2266247,8,0,-42
1759484687.2626247,7,0,-44
1759484687.2996247,4,1,-39
1759484687.3386247,-5,0,-33
1759484687.3766248,2,-5,-32
1759484687.4126248,1,-4,-43
1759484687.4506247,0,1,-42
1759484687.4886248,-2,1,-38
1759484687.526625,1,-2,-40
1759484687.5656247,0,-3,-32
1759484687.6016247,1,-4,-32
1759484687.638625,3,0,-36
1759484687.6776247,-6,-2,-34
1759484687.7156248,0,-4,-25
1759484687.7516248,6,-6,-31
1759484687.7896247,0,3,-36
1759484687.8276248,-3,-4,-29
1759484687.865625,-2,-2,-43
1759484687.901625,4,-1,-30
1759484687.9396248,0,5,-28
1759484687.977625,-6,4,-23
1759484688.0156248,-6,8,-35
1759484688.0516248,-3,1,-43
1759484688.0906248,-14,1,-42
1759484688.128625,-8,-4,-37
1759484688.1666248,-1,0,-38
1759484688.2026248,5,3,-42
1759484688.2396247,-2,6,-36
1759484688.2776248,-3,4,-41
1759484688.3166249,4,-1,-35
1759484688.352625,-2,-1,-41
1759484688.3906248,-1,-4,-46
1759484688.4296248,3,0,-42
1759484688.4736247,-2,-3,-44
1759484688.510625,-6,-3,-31
1759484688.5486248,-4,1,-32
1759484688.5876248,1,2,-34
1759484688.625625,2,2,-34
1759484688.6626248,-1,0,-45
1759484688.7006247,-1,-5,-49
1759484688.7386248,-4,-3,-40
1759484688.776625,3,-1,-34
1759484688.8126247,5,-2,-31
1759484688.8506248,1,-3,-34
1759484688.8896248,1,0,-35
1759484688.9276247,-1,0,-44
1759484688.9636247,-1,1,-41
1759484689.0016248,0,5,-50
1759484689.0406249,5,0,-36
1759484689.0776248,6,-1,-47
1759484689.1166248,-4,-1,-40
1759484689.1526248,0,-4,-38
1759484689.1906247,-8,-6,-29
1759484689.227625,-4,0,-33
1759484689.2666247,8,0,-41
1759484689.3026247,4,4,-32
1759484689.3406248,1,-1,-42
1759484689.3776248,0,0,-50
1759484689.4166248,-3,-1,-36
1759484689.4526248,0,0,-40
1759484689.490625,0,-5,-36
1759484689.5286248,-2,0,-39
1759484689.5666249,0,-3,-36
1759484689.602625,1,-2,-35
1759484689.6406248,1,-10,-43
1759484689.6786249,-3,4,-31
1759484689.7166247,-8,2,-35
1759484689.7526248,0,1,-24
1759484689.7896247,-3,6,-30
1759484689.8286247,0,4,-36
1759484689.8666248,-1,0,-37
1759484689.9026248,-2,-2,-41
1759484689.9406247,0,-5,-37
1759484689.9786248,-1,-6,-42
1759484690.0176249,-4,1,-42
1759484690.0536249,1,4,-38
1759484690.0916247,9,2,-43
1759484690.128625,6,-2,-33
1759484690.1676247,5,0,-34
1759484690.2036247,-1,2,-50
1759484690.2416248,1,-4,-37
1759484690.2786248,-4,-7,-37
1759484690.3176248,0,-6,-43
1759484690.3536248,-1,3,-33
1759484690.3916247,-7,0,-33
1759484690.4286249,3,6,-33
1759484690.467625,-3,5,-36
1759484690.503625,-6,-1,-29
1759484690.5416248,-6,1,-30
1759484690.579625,1,4,-36
1759484690.6186247,2,1,-37
1759484690.6546247,1,0,-34
1759484690.6926248,3,0,-31
1759484690.7296247,-3,6,-35
1759484690.7686248,0,-3,-37
1759484690.8046248,-2,0,-44
1759484690.842625,2,6,-33
1759484690.8796248,-2,0,-32
1759484690.9186249,1,-2,-35
1759484690.954625,2,-4,-41
1759484690.9926248,0,-9,-48
1759484691.0306249,2,-5,-50
1759484691.0686247,-1,3,-41
1759484691.1076248,0,4,-44
1759484691.1436248,1,2,-53
1759484691.1806247,1,3,-41
1759484691.2196248,5,0,-39
1759484691.2576249,3,0,-40
1759484691.2936249,2,-1,-44
1759484691.3306248,1,-4,-45
1759484691.3696249,0,1,-47
1759484691.4076247,1,-4,-42
1759484691.4436247,1,-4,-31
1759484691.480625,5,-6,-39
1759484691.5196247,7,-1,-35
1759484691.5576248,-3,-7,-36
1759484691.5936248,0,-10,-48
1759484691.6306248,2,-5,-47
1759484691.6696248,7,-6,-53
1759484691.707625,10,-2,-42
1759484691.7436247,0,0,-31
1759484691.7806249,-2,2,-28
1759484691.819625,-4,-1,-27
1759484691.8576248,-6,-1,-37
1759484691.8936248,-3,-5,-43
1759484691.931625,-5,-10,-40
1759484691.9696248,-4,-1,-47
1759484692.0086248,-1,-2,-55
1759484692.0446248,-6,4,-43
1759484692.082625,-12,0,-32
1759484692.1206248,-8,-2,-39
1759484692.1596248,0,-2,-41
1759484692.1976247,-4,-4,-33
1759484692.2336247,0,1,-40
1759484692.2716248,1,-3,-38
1759484692.309625,-3,2,-45
1759484692.3456247,0,-7,-41
1759484692.3836248,1,0,-43
1759484692.4226248,-4,2,-35
1759484692.4596248,3,-4,-29
1759484692.4986248,4,-3,-33
1759484692.5356247,-5,-5,-34
1759484692.5736248,4,-16,-41
1759484692.6116247,2,-5,-48
1759484692.6496248,0,2,-43
1759484692.6856248,-4,3,-48
1759484692.7226248,-8,-1,-49
1759484692.7616248,2,-3,-46
1759484692.7996247,-6,-4,-43
1759484692.8356247,0,2,-37
1759484692.8726249,-5,0,-42
1759484692.911625,-4,1,-32
1759484692.9496248,5,1,-34
1759484692.9866247,1,1,-43
1759484693.023625,-2,-1,-46
1759484693.0626247,-3,-6,-36
1759484693.1006248,0,3,-26
1759484693.138625,3,2,-41
1759484693.1746247,1,6,-43
1759484693.2126248,-2,-3,-44
1759484693.250625,0,-1,-38
1759484693.2886248,-2,2,-37
1759484693.3246248,4,-2,-37
1759484693.362625,-7,-7,-45
1759484693.4006248,0,-4,-46
1759484693.4386249,0,-7,-47
1759484693.4746249,0,-6,-34
1759484693.5126247,-2,1,-35
1759484693.5506248,-1,0,-36
1759484693.5886247,2,-2,-29
1759484693.6246247,0,-2,-33
1759484693.6626248,-2,-1,-28
1759484693.7006247,-7,-1,-38
1759484693.7396247,-6,-8,-44
1759484693.7756248,0,-8,-37
1759484693.8126247,0,-1,-30
1759484693.8506248,0,-3,-29
1759484693.8896248,4,0,-33
1759484693.9256248,2,-1,-34
1759484693.9636247,-3,1,-26
1759484694.0026248,-1,3,-39
1759484694.0406249,2,4,-33
1759484694.0766249,0,4,-40
1759484694.1136248,-2,-1,-33
1759484694.151625,0,-5,-35
1759484694.1906247,5,0,-43
1759484694.2266247,7,1,-51
1759484694.263625,11,1,-45
1759484694.3016248,2,3,-34
1759484694.3406248,-8,4,-37
1759484694.3766248,-1,0,-32
1759484694.4136248,-1,-2,-33
1759484694.4516249,1,-2,-39
1759484694.490625,0,-4,-35
1759484694.526625,-8,-2,-45
1759484694.5646248,-3,-4,-40
1759484694.6036248,-5,-7,-30
1759484694.6416247,0,2,-45
1759484694.6796248,-4,3,-43
1759484694.7156248,0,3,-37
1759484694.753625,0,3,-49
1759484694.7916248,-2,-6,-51
1759484694.829625,3,-2,-45
1759484694.865625,7,3,-37
1759484694.9026248,-2,-4,-44
1759484694.9416249,-7,-5,-38
1759484694.9796247,-5,2,-33
1759484695.0156248,1,-1,-38
1759484695.0526247,-1,4,-30
1759484695.0916247,4,5,-31
1759484695.1296248,-6,0,-27
1759484695.1656249,-5,0,-36
1759484695.204625,0,0,-36
1759484695.2426248,8,3,-32
1759484695.2806249,10,-1,-41
1759484695.3166249,3,0,-43
1759484695.3546247,0,1,-38
1759484695.3936248,1,6,-44
1759484695.431625,-1,0,-48
1759484695.4696248,0,-7,-44
1759484695.5056248,-2,3,-39
1759484695.5436249,-1,0,-41
1759484695.582625,5,4,-41
1759484695.6206248,-5,-4,-45
1759484695.6566248,0,-4,-46
1759484695.694625,-7,0,-41
1759484695.7326248,0,-5,-44
1759484695.7726247,-3,-5,-32
1759484695.8106248,0,3,-33
1759484695.8466249,-3,3,-32
1759484695.8846247,3,4,-34
1759484695.9236248,2,0,-41
1759484695.9616249,-1,-1,-27
1759484695.9976249,0,0,-36
1759484696.0356247,-5,-4,-38
1759484696.0736248,1,-10,-36
1759484696.1116247,2,-7,-36
1759484696.1476247,0,-3,-46
1759484696.1856248,4,2,-38
1759484696.2226248,-1,1,-41
1759484696.2616248,8,0,-41
1759484696.2976248,2,-3,-42
1759484696.3366249,3,5,-37
1759484696.3736248,1,-1,-26
1759484696.4126248,2,-1,-31
1759484696.4506247,-3,0,-43
1759484696.4866247,-5,-7,-38
1759484696.5246248,1,-1,-42
1759484696.5626247,-4,2,-37
1759484696.6016247,0,-3,-45
1759484696.6376247,0,-4,-41
1759484696.6746247,-3,3,-39
1759484696.7126248,-4,2,-35
1759484696.7516248,-3,1,-43
1759484696.7876248,-2,-6,-37
1759484696.8256247,-1,0,-32
1759484696.8636248,-2,0,-24
1759484696.9026248,0,-1,-27
1759484696.9406247,2,0,-29
1759484696.9766247,5,5,-48
1759484697.013625,-8,-1,-41
1759484697.0526247,-3,7,-32
1759484697.0906248,-7,-2,-20
1759484697.1266248,-4,2,-31
1759484697.1646247,-5,-1,-33
1759484697.2036247,-5,-5,-43
1759484697.2416248,-1,-5,-45
1759484697.2776248,0,-6,-37
1759484697.3146248,-2,0,-44
1759484697.352625,0,-4,-34
1759484697.3916247,3,-1,-38
1759484697.4276247,7,5,-39
1759484697.464625,0,-3,-38
1759484697.5026248,4,-3,-37
1759484697.5416248,3,-3,-43
1759484697.5776248,0,-6,-39
1759484697.6166248,8,2,-40
1759484697.6536248,9,-9,-38
1759484697.6926248,1,-5,-50
1759484697.7286248,-3,-5,-37
1759484697.7666247,-1,-1,-42
1759484697.8056247,-4,-3,-29
1759484697.8436248,-10,0,-40
1759484697.8816247,-7,-2,-33
1759484697.9186249,-1,-6,-33
1759484697.9556248,-3,4,-25
1759484697.9936247,-2,2,-35
1759484698.0326247,-2,0,-28
1759484698.0686247,6,-3,-34
1759484698.1066248,3,-5,-38
1759484698.1446247,13,1,-45
1759484698.1836247,-5,3,-40
1759484698.2216249,-6,0,-40
1759484698.2586248,-8,0,-34
1759484698.2956247,-2,0,-35
1759484698.3346248,10,0,-37
1759484698.3726249,9,3,-34
1759484698.408625,2,3,-23
1759484698.4466248,1,-2,-30
1759484698.4916248,0,-3,-40
1759484698.5286248,-5,2,-44
1759484698.5656247,4,2,-39
1759484698.6046247,0,-2,-40
1759484698.6426249,0,-4,-35
1759484698.6786249,0,-4,-38
1759484698.7166247,1,-1,-34
1759484698.7556248,1,2,-41
1759484698.7936249,-3,0,-41
1759484698.8316247,-1,0,-47
1759484698.8676248,1,-3,-52
1759484698.9066248,-1,0,-38
1759484698.944625,2,1,-32
1759484698.9826248,-2,-6,-35
1759484699.0186248,-6,-3,-36
1759484699.0576248,-1,4,-34
1759484699.0956247,0,4,-38
1759484699.1336248,0,0,-35
1759484699.171625,4,-4,-41
1759484699.207625,-2,-1,-49
1759484699.2456248,4,0,-38
1759484699.283625,-6,2,-48
1759484699.3226247,0,4,-27
1759484699.3586247,1,2,-32
1759484699.3956249,8,0,-32
1759484699.4336247,0,-6,-30
1759484699.4726248,0,2,-43
1759484699.5086248,3,1,-39
1759484699.5456247,0,-2,-46
1759484699.5836248,4,4,-43
1759484699.6226249,9,-10,-38
1759484699.658625,-2,-4,-46
1759484699.6966248,3,0,-47
1759484699.7346249,1,-4,-38
1759484699.773625,0,-8,-43
1759484699.809625,6,-4,-36
1759484699.8486247,5,-2,-36
1759484699.8866248,-2,8,-30
1759484699.9246247,1,3,-34
1759484699.9626248,0,-2,-33
1759484699.9986248,-2,3,-34
1759484700.036625,1,0,-40
1759484700.0746248,-1,0,-40
1759484700.112625,-2,-4,-45
1759484700.148625,0,-4,-42
1759484700.1856248,0,0,-48
1759484700.2246249,1,-2,-40
1759484700.2626247,4,-4,-30
1759484700.2986248,0,-5,-24
1759484700.3356247,1,-6,-36
1759484700.3746247,-1,-5,-46
1759484700.4126248,2,-3,-49
1759484700.4486248,0,-1,-49
1759484700.4856248,1,0,-50
1759484700.5246248,0,-2,-38
1759484700.5626247,0,3,-31
1759484700.5986247,4,2,-42
1759484700.6376247,3,2,-55
1759484700.6746247,2,0,-39
1759484700.7136247,-4,0,-44
1759484700.7496247,-3,3,-46
1759484700.7876248,5,0,-35
1759484700.8246248,7,3,-35
1759484700.8636248,0,6,-49
1759484700.8996248,-1,-1,-51
1759484700.9376247,-1,1,-51
1759484700.9766247,0,-1,-43
1759484701.0146248,-2,-7,-36
1759484701.0506248,4,0,-35
1759484701.0876248,1,0,-49
1759484701.1266248,-12,-2,-38
1759484701.1646247,-7,1,-45
1759484701.2006247,-4,1,-32
1759484701.2396247,-4,1,-40
1759484701.276625,0,4,-26
1759484701.3146248,-1,8,-26
1759484701.3536248,2,3,-34
1759484701.3896248,2,2,-38
1759484701.4266248,-1,-5,-42
1759484701.464625,0,1,-41
1759484701.503625,-1,0,-45
1759484701.5396247,-4,2,-39
1759484701.5776248,-3,-5,-32
1759484701.615625,5,-1,-38
1759484701.6546247,1,-3,-42
1759484701.6906247,-1,2,-44
1759484701.7296247,0,0,-43
1759484701.7666247,-2,1,-39
1759484701.8056247,4,0,-27
1759484701.8436248,2,4,-28
1759484701.8806248,-1,4,-43
1759484701.9186249,-6,3,-31
1759484701.9556248,-8,-2,-30
1759484701.9946249,-5,-3,-22
1759484702.0306249,-3,-3,-25
1759484702.0686247,0,-9,-29
1759484702.1076248,3,0,-28
1759484702.1456249,13,2,-41
1759484702.1836247,3,0,-34
1759484702.2196248,-5,-5,-34
1759484702.2576249,0,0,-36
1759484702.2956247,0,0,-45
1759484702.3346248,-2,7,-41
1759484702.3706248,0,8,-32
1759484702.4076247,0,7,-43
1759484702.4456248,-2,1,-34
1759484702.4846249,-2,4,-42
1759484702.5206249,0,3,-45
1759484702.5586247,-5,3,-32
1759484702.5956247,0,5,-45
1759484702.6346247,5,2,-45
1759484702.6706247,5,0,-44
1759484702.7086248,4,7,-42
1759484702.7456248,5,8,-44
1759484702.7846248,-3,9,-42
1759484702.8206248,0,0,-44
1759484702.8586247,-1,-1,-33
1759484702.8956249,0,1,-35
1759484702.934625,0,2,-46
1759484702.9706247,1,-1,-43
1759484703.0086248,-3,-3,-52
1759484703.046625,5,0,-41
1759484703.0846248,5,-10,-32
1759484703.1206248,-4,-6,-38
1759484703.1596248,-1,-1,-43
1759484703.1966248,-6,0,-36
1759484703.2356248,-8,-3,-41
1759484703.2716248,-10,0,-39
1759484703.309625,2,-6,-41
1759484703.3486247,2,-3,-35
1759484703.3866248,2,-5,-34
1759484703.4246247,4,-4,-27
1759484703.4606247,0,0,-28
1759484703.4976249,-7,4,-34
1759484703.536625,-2,8,-40
1759484703.5746248,-3,5,-34
1759484703.6106248,-1,2,-29
1759484703.6476247,-4,3,-34
1759484703.6866248,-5,0,-31
1759484703.7246249,3,1,-34
1759484703.760625,5,2,-35
1759484703.7996247,0,5,-46
1759484703.8376248,8,-2,-40
1759484703.875625,-4,-1,-43
1759484703.911625,-5,-6,-37
1759484703.9506247,-7,1,-31
1759484703.987625,1,3,-25
1759484704.026625,2,2,-32
1759484704.0646248,3,0,-30
1759484704.1006248,1,4,-29
1759484704.138625,3,0,-36
1759484704.1766248,3,1,-46
1759484704.214625,9,0,-38
1759484704.2516248,9,6,-30
1759484704.2886248,6,-3,-32
1759484704.3276248,2,-2,-27
1759484704.365625,3,-2,-31
1759484704.401625,6,0,-29
1759484704.4386249,6,-3,-30
1759484704.477625,-7,3,-38
1759484704.5156248,-7,-2,-37
1759484704.5516248,-5,-3,-34
1759484704.589625,-4,-2,-45
1759484704.6276248,5,-3,-32
1759484704.6666248,0,-4,-41
1759484704.7026248,0,-3,-25
1759484704.7396247,1,-2,-43
1759484704.7786248,-4,5,-36
1759484704.8166249,2,1,-44
1759484704.852625,0,1,-43
1759484704.8896248,0,-5,-45
1759484704.9276247,5,1,-36
1759484704.9666247,6,-8,-34
1759484705.0026248,-1,-3,-35
1759484705.0406249,0,-3,-36
1759484705.079625,-3,-3,-40
1759484705.1176248,7,2,-38
1759484705.1556249,5,-5,-34
1759484705.1916249,3,-1,-29
1759484705.2286248,5,0,-31
1759484705.2676249,5,-7,-40
1759484705.3056247,3,-3,-33
1759484705.3416247,3,-2,-29
1759484705.378625,-1,-7,-44
1759484705.4176247,-3,-1,-40
1759484705.4556248,5,0,-41
1759484705.4916248,1,-6,-40
1759484705.5286248,-2,-6,-37
1759484705.5676248,-5,0,-43
1759484705.605625,-11,0,-28
1759484705.6416247,-11,-4,-26
1759484705.6796248,-7,-2,-30
1759484705.717625,-5,-5,-32
1759484705.7566247,-5,-3,-27
1759484705.7926247,2,-5,-36
1759484705.8306248,3,-3,-36
1759484705.8676248,8,-5,-35
1759484705.9066248,8,-1,-29
1759484705.9426248,1,3,-44
1759484705.9796247,2,1,-30
1759484706.0176249,2,0,-37
1759484706.056625,-3,-3,-33
1759484706.092625,3,1,-39
1759484706.1296248,-3,-4,-32
1759484706.1676247,-9,-8,-36
1759484706.2066247,-7,-2,-37
1759484706.2426248,0,0,-38
1759484706.2806249,-6,4,-37
1759484706.3186247,1,3,-39
1759484706.3566248,-6,6,-35
1759484706.3926249,-6,4,-47
1759484706.4306247,0,9,-44
1759484706.467625,6,6,-43
1759484706.5066247,5,-4,-41
1759484706.5426247,4,0,-42
1759484706.5806248,2,0,-43
1759484706.6176248,-3,-2,-36
1759484706.6566248,1,1,-40
1759484706.6926248,-2,2,-35
1759484706.730625,-5,3,-37
1759484706.7676249,-1,-2,-31
1759484706.806625,-7,0,-31
1759484706.842625,-6,-3,-38
1759484706.8806248,-2,-2,-41
1759484706.9186249,-10,2,-42
1759484706.957625,2,0,-37
1759484706.9936247,4,0,-35
1759484707.0316248,-11,-3,-43
1759484707.0686247,0,7,-42
1759484707.1076248,-2,9,-35
1759484707.1436248,-9,7,-44
1759484707.181625,-7,-3,-45
1759484707.2186248,4,-4,-41
1759484707.2576249,0,-12,-30
1759484707.2936249,-4,-9,-22
1759484707.3316247,6,2,-39
1759484707.3696249,7,2,-30
1759484707.408625,-4,4,-40
1759484707.4466248,-2,5,-42
1759484707.4826248,-4,-4,-40
1759484707.5216248,-8,-3,-38
1759484707.559625,-2,0,-43
1759484707.5976248,-1,-4,-36
1759484707.6346247,0,0,-44
1759484707.671625,6,-4,-34
1759484707.7106247,4,-1,-44
1759484707.7486248,2,-4,-49
1759484707.786625,6,-4,-43
1759484707.8236248,6,-4,-35
1759484707.8616247,5,1,-41
1759484707.8996248,5,2,-42
1759484707.9376247,1,-1,-36
1759484707.9736247,0,1,-45
1759484708.010625,-13,2,-35
1759484708.0496247,7,-1,-31
1759484708.0876248,4,-1,-38
1759484708.1236248,0,0,-37
1759484708.161625,-1,-7,-28
1759484708.1996248,0,-8,-38
1759484708.237625,-4,-1,-31
1759484708.273625,-4,1,-37
1759484708.3116248,0,6,-31
1759484708.3496249,1,-2,-28
1759484708.388625,1,-1,-40
1759484708.4246247,4,0,-39
1759484708.4616249,-6,-1,-30
1759484708.5076249,8,2,-26
1759484708.5436249,3,-2,-42
1759484708.582625,-6,0,-43
1759484708.6206248,-8,2,-40
1759484708.658625,-5,3,-28
1759484708.694625,-4,1,-26
1759484708.7336247,-3,0,-38
1759484708.7716248,-1,1,-40
1759484708.809625,2,1,-34
1759484708.8476248,4,4,-29
1759484708.8836248,1,-1,-23
1759484708.921625,2,0,-34
1759484708.9596248,0,-3,-36
1759484708.9986248,0,0,-37
1759484709.0346248,-1,-1,-35
1759484709.0736248,-1,3,-26
1759484709.1106248,8,0,-32
1759484709.1496248,0,0,-32
1759484709.1876247,4,-3,-40
1759484709.2236247,9,1,-35
1759484709.2616248,0,-9,-45
1759484709.2996247,-5,-1,-34
1759484709.3376248,-5,0,-35
1759484709.3736248,-2,-3,-34
1759484709.4126248,-3,0,-31
1759484709.4506247,0,5,-23
1759484709.4886248,-2,0,-30
1759484709.5246248,8,3,-38
1759484709.5616248,-1,-3,-41
1759484709.6006248,5,-3,-27
1759484709.638625,3,0,-41
1759484709.6746247,-2,0,-47
1759484709.7136247,-4,-1,-46
1759484709.750625,2,1,-39
1759484709.7896247,-1,-2,-49
1759484709.8266249,2,-4,-50
1759484709.8636248,2,-3,-34
1759484709.9026248,1,-3,-38
1759484709.9396248,-5,-4,-37
1759484709.9786248,0,0,-37
1759484710.0146248,-1,-2,-39
1759484710.0526247,-2,2,-34
1759484710.0906248,1,2,-39
1759484710.1296248,-7,4,-36
1759484710.1656249,0,5,-47
1759484710.2026248,8,1,-48
1759484710.240625,0,-1,-51
1759484710.2796247,2,2,-46
1759484710.3156247,0,3,-44
1759484710.352625,0,1,-31
1759484710.3906248,0,0,-35
1759484710.4296248,0,-2,-36
1759484710.4656248,7,1,-37
1759484710.503625,2,-3,-39
1759484710.5406249,-3,-2,-39
1759484710.579625,0,1,-41
1759484710.615625,-1,-2,-47
1759484710.6536248,-6,0,-43
1759484710.6916249,-8,-2,-32
1759484710.730625,-9,-7,-35
1759484710.7686248,-2,-7,-33
1759484710.8046248,-2,-5,-32
1759484710.8436248,3,-5,-35
1759484710.8816247,-4,0,-34
1759484710.9196248,6,-3,-42
1759484710.9566247,7,-5,-35
1759484710.9936247,-1,6,-38
1759484711.0326247,-3,6,-38
1759484711.0706248,-4,2,-35
1759484711.1086247,2,1,-21
1759484711.1446247,3,-4,-30
1759484711.1826248,-1,0,-31
1759484711.2206247,9,-7,-21
1759484711.2596247,1,-1,-30
1759484711.2956247,0,-5,-45
1759484711.332625,9,-7,-50
1759484711.3706248,3,-1,-50
1759484711.4096248,5,-5,-49
1759484711.4456248,1,-1,-51
1759484711.4836247,4,0,-33
1759484711.5226247,2,0,-39
1759484711.5606248,3,3,-48
1759484711.5966249,4,0,-38
1759484711.6336248,-3,-3,-48
1759484711.671625,-4,-2,-41
1759484711.7106247,6,-4,-33
1759484711.7466247,11,-4,-40
1759484711.7846248,3,3,-46
1759484711.8236248,4,-4,-38
1759484711.8616247,8,-1,-45
1759484711.8996248,1,0,-38
1759484711.9356248,3,-4,-41
1759484711.9736247,-1,2,-28
1759484712.0116248,3,-1,-34
1759484712.0506248,-7,-5,-34
1759484712.0866249,-5,-3,-39
1759484712.125625,-8,2,-50
1759484712.1636248,-4,1,-35
1759484712.2016249,0,-12,-31
1759484712.2396247,-2,-7,-46
1759484712.2756248,5,-4,-46
1759484712.3136249,0,-3,-37
1759484712.3516247,-4,-3,-48
1759484712.3896248,-2,-4,-49
1759484712.4256248,-6,-3,-43
1759484712.464625,0,-7,-33
1759484712.5016248,-12,-5,-40
1759484712.5406249,-6,-9,-35
1759484712.5766249,-3,-5,-31
1759484712.6146247,2,2,-41
1759484712.6526248,-2,3,-45
1759484712.6916249,-1,-2,-50
1759484712.7296247,-2,-2,-40
1759484712.7656248,4,-4,-40
1759484712.8036249,3,-4,-39
1759484712.842625,2,0,-36
1759484712.8806248,-2,3,-28
1759484712.9166248,2,-2,-42
1759484712.9556248,0,-6,-38
1759484712.9936247,0,0,-41
1759484713.0316248,0,3,-42
1759484713.0676248,0,2,-34
1759484713.105625,2,-5,-33
1759484713.1426249,-2,-8,-29
1759484713.181625,0,-6,-33
1759484713.217625,-2,1,-24
1759484713.2546248,0,1,-26
1759484713.2926247,-2,4,-34
1759484713.3316247,2,-5,-41
1759484713.3676248,0,-4,-38
1759484713.4046247,-3,-7,-46
1759484713.4426248,-2,-3,-38
1759484713.4816248,3,-4,-23
1759484713.5176249,5,-3,-26
1759484713.5546248,7,-5,-46
1759484713.592625,-5,0,-32
1759484713.6316247,-3,-1,-37
1759484713.6676247,1,0,-42
1759484713.704625,0,3,-33
1759484713.7426248,-8,-3,-42
1759484713.7816248,0,-2,-40
1759484713.8176248,5,4,-37
1759484713.8546247,-1,6,-36
1759484713.8936248,-1,-3,-34
1759484713.931625,-6,-3,-33
1759484713.967625,-6,-5,-39
1759484714.0066247,-1,-7,-26
1759484714.0436249,0,-1,-43
1759484714.082625,2,-1,-35
1759484714.1206248,-1,10,-34
1759484714.1566248,2,0,-34
1759484714.194625,-4,0,-38
1759484714.2326248,2,1,-37
1759484714.2706249,2,3,-38
1759484714.306625,2,-5,-36
1759484714.3456247,-6,-2,-29
1759484714.3836248,2,4,-49
1759484714.421625,-4,-2,-53
1759484714.457625,-8,-4,-49
1759484714.4956248,0,0,-28
1759484714.533625,-2,-3,-26
1759484714.5726247,-1,-6,-32
1759484714.6106248,-4,-3,-29
1759484714.6466248,-3,-4,-24
1759484714.684625,-4,-3,-43
1759484714.7226248,4,-4,-38
1759484714.7616248,0,6,-34
1759484714.7976248,2,4,-31
1759484714.8346248,8,2,-35
1759484714.8726249,9,0,-31
1759484714.911625,0,-3,-39
1759484714.9476247,0,-2,-47
1759484714.9856248,-3,4,-43
1759484715.0246248,-6,-4,-36
1759484715.0626247,5,-1,-39
1759484715.0986247,2,-6,-39
1759484715.1376247,1,-2,-36
1759484715.1746247,-2,-2,-46
1759484715.2136247,0,-3,-40
1759484715.2516248,-2,-1,-37
1759484715.2876248,4,0,-24
1759484715.3256247,0,0,-25
1759484715.3636248,1,3,-27
1759484715.401625,3,2,-32
1759484715.4376247,1,0,-41
1759484715.4756248,-5,0,-28
1759484715.5126247,0,-3,-38
1759484715.5516248,1,-3,-41
1759484715.5876248,1,0,-43
1759484715.6246247,-4,2,-41
1759484715.6636248,3,0,-33
1759484715.7016249,3,-3,-33
1759484715.737625,1,0,-35
1759484715.7746248,3,1,-40
1759484715.8136249,-2,-1,-34
1759484715.8516247,0,5,-37
1759484715.8876247,-4,-2,-32
1759484715.9256248,-2,-6,-35
1759484715.964625,0,-2,-36
1759484716.0026248,-5,0,-37
1759484716.0386248,-1,0,-31
1759484716.0766249,0,0,-33
1759484716.1146247,2,0,-43
1759484716.1526248,3,1,-41
1759484716.1886249,2,0,-46
1759484716.2266247,3,-1,-31
1759484716.263625,7,0,-29
1759484716.3026247,7,1,-31
1759484716.3386247,0,3,-29
1759484716.375625,2,3,-39
1759484716.4136248,-3,2,-41
1759484716.4526248,-2,0,-39
1759484716.4886248,-3,-1,-36
1759484716.5276248,-3,-4,-40
1759484716.5656247,-2,2,-40
1759484716.6036248,0,7,-28
1759484716.6396248,7,0,-34
1759484716.6776247,1,1,-24
1759484716.7156248,1,0,-42
1759484716.753625,-1,-2,-31
1759484716.7896247,-2,-2,-28
1759484716.8276248,3,-3,-33
1759484716.8666248,3,-4,-34
1759484716.9036248,4,-5,-33
1759484716.9426248,-7,-2,-48
1759484716.9786248,-8,-1,-34
1759484717.0166247,-1,0,-27
1759484717.0546248,0,9,-37
1759484717.0936248,-11,1,-40
1759484717.1296248,-7,-3,-35
1759484717.1686249,0,0,-31
1759484717.2056248,1,-5,-30
1759484717.2436247,2,5,-49
1759484717.2826247,4,5,-48
1759484717.3186247,0,1,-38
1759484717.3576248,-1,-4,-32
1759484717.3956249,-1,0,-44
1759484717.4336247,0,2,-39
1759484717.4696248,-2,-2,-38
1759484717.5076249,-1,-4,-42
1759484717.546625,1,2,-41
1759484717.5846248,9,-1,-40
1759484717.6226249,-7,0,-43
1759484717.658625,-3,4,-34
1759484717.6956248,5,0,-35
1759484717.7346249,-5,0,-34
1759484717.7726247,3,2,-41
1759484717.8086247,-2,-2,-28
1759484717.8476248,0,1,-29
1759484717.885625,-1,2,-42
1759484717.9236248,-4,5,-44
1759484717.9596248,0,2,-38
1759484717.9976249,-1,-2,-30
1759484718.0346248,-5,-4,-44
1759484718.0736248,-8,-4,-38
1759484718.1096249,0,0,-45
1759484718.1476247,3,1,-40
1759484718.184625,-5,2,-39
1759484718.2236247,1,0,-30
1759484718.2596247,3,-7,-37
1759484718.2976248,6,-8,-37
1759484718.3346248,5,6,-25
1759484718.3736248,-5,4,-45
1759484718.4096248,-7,0,-32
1759484718.4466248,-3,-3,-32
1759484718.4856248,-5,0,-32
1759484718.5296247,0,0,-35
1759484718.5666249,-2,5,-29
1759484718.6046247,0,5,-37
1759484718.6436248,-8,-1,-39
1759484718.6796248,3,2,-37
1759484718.7166247,-3,-1,-47
1759484718.7546248,0,-3,-35
1759484718.7936249,-6,-1,-34
1759484718.8306248,-8,-2,-33
1759484718.8676248,-2,-4,-32
1759484718.9066248,-3,-3,-26
1759484718.944625,-7,-1,-36
1759484718.980625,3,-1,-38
1759484719.0186248,-7,-5,-48
1759484719.056625,0,-3,-51
1759484719.0946248,-1,0,-40
1759484719.1306248,-2,1,-38
1759484719.1686249,1,1,-44
1759484719.2056248,-4,-8,-48
1759484719.2446249,6,-2,-38
1759484719.2806249,8,-2,-38
1759484719.319625,-1,0,-38
1759484719.3576248,2,-5,-30
1759484719.3956249,3,0,-41
1759484719.4336247,0,7,-38
1759484719.4696248,-1,0,-31
1759484719.5076249,5,5,-36
1759484719.5456247,-2,-2,-32
1759484719.5836248,-7,-5,-38
1759484719.6196249,0,-6,-42
1759484719.6576247,3,-5,-46
1759484719.6956248,-1,-5,-37
1759484719.7336247,1,-2,-35
1759484719.7696247,0,2,-32
1759484719.806625,2,0,-45
1759484719.8456247,0,5,-29
1759484719.8836248,-1,-2,-36
1759484719.9196248,6,-2,-41
1759484719.9566247,0,5,-51
1759484719.9956248,1,2,-47
1759484720.033625,0,0,-42
1759484720.069625,1,1,-38
1759484720.1076248,0,-1,-42
1759484720.1456249,6,-6,-34
1759484720.1826248,9,-1,-46
1759484720.2196248,7,-1,-45
1759484720.2586248,6,6,-40
1759484720.2956247,-1,6,-32
1759484720.3346248,0,7,-31
1759484720.3706248,-1,2,-34
1759484720.408625,-2,-1,-35
1759484720.4466248,0,-1,-43
1759484720.4856248,4,-5,-38
1759484720.5216248,-1,-5,-33
1759484720.5606248,-1,-2,-27
1759484720.5976248,-1,4,-37
1759484720.6366248,-4,10,-38
1759484720.6746247,-6,3,-35
1759484720.7106247,-10,7,-32
1759484720.7486248,-3,7,-32
1759484720.786625,0,5,-24
1759484720.8256247,0,0,-42
1759484720.8616247,5,1,-32
1759484720.898625,-1,-1,-31
1759484720.9366248,0,2,-36
1759484720.9756248,4,10,-28
1759484721.0116248,6,4,-37
1759484721.0506248,8,0,-46
1759484721.0886247,0,1,-33
1759484721.1266248,7,2,-42
1759484721.1646247,4,0,-36
1759484721.2006247,4,-5,-34
1759484721.237625,-2,-1,-29
1759484721.276625,1,-2,-47
1759484721.3146248,3,-4,-45
1759484721.3506248,-4,-5,-41
1759484721.3896248,4,-1,-37
1759484721.4266248,7,4,-34
1759484721.4656248,7,-2,-39
1759484721.5026248,-1,0,-39
1759484721.5396247,0,-5,-43
1759484721.5786247,6,-8,-39
1759484721.6166248,2,0,-39
1759484721.6546247,1,-2,-37
1759484721.6906247,0,1,-26
1759484721.727625,-4,-6,-38
1759484721.7666247,1,-4,-46
1759484721.8026247,0,-4,-35
1759484721.8406248,-6,2,-41
1759484721.8796248,-6,0,-33
1759484721.9166248,-8,-1,-41
1759484721.9556248,-3,-1,-33
1759484721.9916248,-3,-3,-43
1759484722.0296247,2,5,-42
1759484722.0686247,1,5,-40
1759484722.1066248,-1,0,-31
1759484722.1426249,0,-1,-35
1759484722.181625,2,1,-40
1759484722.2186248,1,4,-42
1759484722.2576249,0,2,-39
1759484722.2956247,-2,1,-34
1759484722.3316247,0,-3,-42
1759484722.3686247,-3,0,-33
1759484722.4076247,-12,-2,-37
1759484722.4456248,-2,0,-32
1759484722.4816248,-1,-1,-35
1759484722.5206249,-2,3,-38
1759484722.5576248,0,0,-46
1759484722.5966249,-3,-2,-47
1759484722.6326249,-5,0,-45
1759484722.6706247,-3,2,-39
1759484722.707625,2,0,-34
1759484722.7466247,0,1,-48
1759484722.7826247,-1,3,-41
1759484722.8206248,-3,-4,-41
1759484722.8586247,-1,1,-39
1759484722.8976247,-2,0,-41
1759484722.9356248,-4,1,-45
1759484722.9716249,-2,2,-38
1759484723.0096247,-6,0,-38
1759484723.0476248,-3,4,-38
1759484723.0856247,0,-1,-41
1759484723.1216247,1,-7,-35
1759484723.158625,2,-5,-39
1759484723.1976247,-2,0,-28
1759484723.2356248,-2,3,-40
1759484723.2716248,1,4,-41
1759484723.3086247,2,0,-40
1759484723.3476248,-1,2,-39
1759484723.385625,-1,1,-48
1759484723.421625,-3,-3,-38
1759484723.4596248,0,-2,-38
1759484723.4976249,0,1,-28
1759484723.536625,3,-8,-34
1759484723.5726247,-2,-3,-52
1759484723.6116247,3,0,-54
1759484723.648625,-2,-2,-48
1759484723.6876247,-1,6,-36
1759484723.7236247,-4,-1,-32
1759484723.7616248,3,-5,-39
1759484723.8006248,3,-4,-46
1759484723.8376248,3,-5,-44
1759484723.8766248,4,1,-35
1759484723.9126248,1,0,-35
1759484723.9506247,-3,0,-36
1759484723.9896247,-2,-1,-42
1759484724.0276248,2,4,-52
1759484724.0636249,2,-1,-47
1759484724.1016247,3,-3,-37
1759484724.1406248,5,0,-32
1759484724.1776247,2,-3,-45
1759484724.2166247,-1,0,-35
1759484724.2526248,0,-2,-31
1759484724.2896247,11,-4,-33
1759484724.3286247,5,2,-30
1759484724.3666248,1,0,-18
1759484724.4026248,0,3,-34
1759484724.4406247,-1,-4,-35
1759484724.4786248,1,-7,-54
1759484724.5166247,0,-1,-50
1759484724.5526247,0,0,-46
1759484724.5906248,2,-3,-37
1759484724.628625,-9,-7,-40
1759484724.6666248,-7,-2,-34
1759484724.7026248,-2,-2,-35
1759484724.740625,-6,-5,-35
1759484724.7786248,3,-1,-29
1759484724.8176248,-5,0,-40
1759484724.8536248,-4,-1,-42
1759484724.8916247,-4,6,-36
1759484724.9306247,0,2,-32
1759484724.9686248,-1,9,-39
1759484725.0066247,2,-2,-33
1759484725.0426247,2,-4,-36
1759484725.0806248,-4,0,-40
1759484725.1186247,-7,6,-43
1759484725.1576247,-12,2,-39
1759484725.1936247,-1,0,-45
1759484725.2326248,0,-4,-38
1759484725.2696247,-1,0,-40
1759484725.3086247,-10,-3,-32
1759484725.3446248,-16,3,-37
1759484725.3826249,-5,2,-40
1759484725.4206247,-4,-2,-48
1759484725.4586248,0,-8,-38
1759484725.4976249,-1,-8,-39
1759484725.533625,-4,-6,-42
1759484725.5726247,-2,0,-22
1759484725.6096249,-3,5,-28
1759484725.648625,5,5,-34
1759484725.684625,0,2,-41
1759484725.7216249,5,-5,-57
1759484725.7596247,-1,-7,-42
1759484725.7986248,3,-4,-37
1759484725.8356247,-1,-1,-48
1759484725.8726249,0,2,-50
1759484725.9106247,-1,11,-46
1759484725.9496248,0,2,-41
1759484725.987625,-7,0,-35
1759484726.023625,0,0,-36
1759484726.0606248,-5,2,-33
1759484726.0996249,-5,6,-35
1759484726.1376247,4,10,-35
1759484726.1736248,0,2,-44
1759484726.2106247,-1,2,-43
1759484726.2496247,-2,0,-44
1759484726.2876248,0,-6,-45
1759484726.3246248,3,-6,-41
1759484726.362625,4,-1,-28
1759484726.4006248,6,-2,-32
1759484726.4386249,8,2,-43
1759484726.4746249,7,7,-44
1759484726.5116248,0,2,-36
1759484726.5506248,-4,-7,-39
1759484726.5886247,-2,3,-25
1759484726.6246247,3,1,-25
1759484726.6626248,1,1,-37
1759484726.7006247,3,-1,-36
1759484726.7386248,2,-1,-31
1759484726.7746248,6,-4,-37
1759484726.8136249,-1,-4,-31
1759484726.8506248,-8,-1,-39
1759484726.8896248,-7,-3,-32
1759484726.9276247,-4,-5,-38
1759484726.9636247,1,4,-48
1759484727.0016248,2,5,-48
1759484727.0396247,-4,3,-36
1759484727.0756247,-4,0,-43
1759484727.1136248,-4,0,-40
1759484727.151625,0,-3,-36
1759484727.1896248,2,-3,-27
1759484727.2286248,-4,-4,-26
1759484727.2646248,-2,-3,-42
1759484727.3036249,-1,2,-29
1759484727.3406248,-2,0,-28
1759484727.3796248,-4,2,-41
1759484727.4156249,-6,-1,-42
1759484727.4536247,-10,-5,-39
1759484727.4916248,-1,-3,-42
1759484727.5296247,3,-1,-35
1759484727.5686247,1,5,-29
1759484727.6046247,3,0,-27
1759484727.6416247,0,0,-30
1759484727.6796248,0,0,-23
1759484727.7186248,2,3,-24
1759484727.7546248,-1,0,-37
1759484727.7936249,0,-6,-25
1759484727.8316247,-3,2,-42
1759484727.8696249,-5,1,-38
1759484727.9056249,-1,-1,-34
1759484727.944625,1,-8,-40
1759484727.9816248,1,0,-31
1759484728.0206249,-3,3,-41
1759484728.0586247,-2,1,-38
1759484728.0946248,-9,0,-53
1759484728.1336248,-6,-5,-44
1759484728.1706247,-6,0,-36
1759484728.2096248,0,4,-47
1759484728.2456248,-2,1,-38
1759484728.2826247,-9,-4,-35
1759484728.3206248,-5,-12,-37
1759484728.3596249,1,-5,-40
1759484728.3956249,0,-4,-38
1759484728.4336247,3,-6,-44
1759484728.4706247,-1,-2,-38
1759484728.5096247,-1,0,-48
1759484728.5546248,0,1,-40
1759484728.5916247,5,1,-37
1759484728.6306248,-2,4,-44
1759484728.6686249,-1,7,-38
1759484728.704625,1,2,-27
1759484728.7426248,-3,4,-39
1759484728.7806249,0,0,-37
1759484728.8166249,4,0,-36
1759484728.8536248,-2,2,-43
1759484728.8926249,0,1,-42
1759484728.9306247,-1,4,-43
1759484728.9666247,-4,2,-47
1759484729.0046248,-5,3,-49
1759484729.0416248,-5,-2,-40
1759484729.0806248,-5,0,-30
1759484729.1166248,2,-4,-30
1759484729.1546247,1,0,-25
1759484729.1916249,0,-2,-31
1759484729.230625,-2,0,-22
1759484729.2666247,-1,2,-36
1759484729.3046248,-2,-4,-33
1759484729.342625,0,0,-36
1759484729.3806248,0,4,-36
1759484729.4196248,0,0,-33
1759484729.4556248,1,1,-25
1759484729.4926248,-3,2,-37
1759484729.5316248,0,-4,-48
1759484729.569625,0,-5,-42
1759484729.605625,0,1,-43
1759484729.6426249,5,4,-39
1759484729.681625,4,0,-35
1759484729.7196248,1,2,-37
1759484729.7556248,-2,2,-25
1759484729.7926247,-6,-1,-32
1759484729.8316247,-8,2,-38
1759484729.8696249,2,0,-22
1759484729.9056249,7,-3,-34
1759484729.9426248,0,-3,-27
1759484729.9816248,-9,-1,-22
1759484730.0196247,-6,4,-30
1759484730.0556247,-1,7,-42
1759484730.0936248,-1,7,-36
1759484730.1326249,3,8,-38
1759484730.1706247,1,3,-36
1759484730.2066247,-5,1,-36
1759484730.2436247,-3,0,-36
1759484730.2826247,-6,2,-43
1759484730.3206248,2,1,-36
1759484730.3566248,5,0,-33
1759484730.3936248,5,-5,-54
1759484730.431625,-1,-3,-48
1759484730.4706247,4,0,-43
1759484730.5066247,-1,0,-38
1759484730.5436249,-5,-3,-31
1759484730.582625,4,0,-37
1759484730.6206248,-5,4,-34
1759484730.6566248,0,2,-47
1759484730.6956248,-6,4,-37
1759484730.7326248,-2,1,-50
1759484730.7716248,1,1,-48
1759484730.8076248,6,2,-50
1759484730.8446248,4,-3,-36
1759484730.8836248,-2,-6,-28
1759484730.921625,-6,-10,-33
1759484730.957625,-8,0,-32
1759484730.9956248,0,-5,-38
1759484731.0326247,3,-4,-43
1759484731.0716248,6,0,-35
1759484731.1076248,3,0,-38
1759484731.1446247,5,3,-47
1759484731.1826248,3,0,-41
1759484731.2216249,1,-4,-46
1759484731.2576249,-3,-2,-46
1759484731.2956247,-3,-6,-36
1759484731.3336248,3,-7,-35
1759484731.3726249,-7,-2,-30
1759484731.4106247,-3,2,-30
1759484731.4466248,-4,-4,-34
1759484731.4846249,-3,0,-44
1759484731.5226247,-3,-8,-47
1759484731.5616248,-3,-6,-33
1759484731.5976248,-9,2,-33
1759484731.635625,-6,0,-47
1759484731.6746247,-3,1,-43
1759484731.7126248,0,1,-43
1759484731.750625,2,1,-40
1759484731.786625,-3,0,-37
1759484731.8246248,-8,7,-43
1759484731.862625,-2,1,-36
1759484731.9006248,0,0,-29
1759484731.9366248,-1,-2,-37
1759484731.9756248,-6,-2,-39
1759484732.0126247,-2,-1,-34
1759484732.0516248,-5,-4,-37
1759484732.0876248,-10,0,-34
1759484732.125625,-4,3,-36
1759484732.1626248,-2,0,-27
1759484732.2016249,2,0,-35
1759484732.237625,4,4,-34
1759484732.2756248,-1,-1,-25
1759484732.3126247,-4,2,-35
1759484732.3516247,2,0,-35
1759484732.3876247,-6,0,-44
1759484732.4256248,-7,0,-52
1759484732.4626248,-8,0,-43
1759484732.5016248,-5,-2,-40
1759484732.5376248,0,-3,-34
1759484732.5766249,-3,0,-42
1759484732.6136248,7,0,-34
1759484732.6526248,-2,4,-40
1759484732.6886249,-1,-2,-35
1759484732.7266247,-1,2,-33
1759484732.7646248,-6,4,-25
1759484732.8036249,3,2,-28
1759484732.8416247,2,2,-26
1759484732.8776248,2,-2,-33
1759484732.9156249,-2,0,-30
1759484732.9536247,-6,-1,-48
1759484732.9926248,-2,0,-37
1759484733.0286248,-1,-8,-28
1759484733.0666249,0,1,-38
1759484733.105625,0,0,-41
1759484733.1436248,4,2,-47
1759484733.181625,1,3,-37
1759484733.217625,5,5,-39
1759484733.2556248,-2,6,-42
1759484733.2936249,3,12,-50
1759484733.3316247,1,-2,-40
1759484733.3676248,0,1,-37
1759484733.4046247,0,4,-33
1759484733.4436247,-4,2,-36
1759484733.4816248,-10,5,-39
1759484733.5176249,-4,-1,-47
1759484733.556625,0,2,-40
1759484733.5936248,5,1,-34
1759484733.6326249,9,-4,-44
1759484733.6696248,0,0,-39
1759484733.7066247,0,2,-34
1759484733.7446249,0,10,-39
1759484733.783625,-4,1,-35
1759484733.8216248,-3,0,-33
1759484733.8576248,-3,0,-28
1759484733.8946247,2,4,-36
1759484733.9336247,-6,6,-36
1759484733.9696248,0,5,-34
1759484734.0066247,-1,-2,-43
1759484734.0446248,2,0,-32
1759484734.0836248,-4,-5,-37
1759484734.1196249,-2,0,-37
1759484734.1576247,-2,3,-40
1759484734.1956248,4,2,-39
1759484734.2336247,5,0,-35
1759484734.2726247,-1,4,-48
1759484734.3086247,0,2,-41
1759484734.3476248,0,2,-38
1759484734.385625,0,-6,-35
1759484734.4236248,8,1,-44
1759484734.4596248,2,0,-40
1759484734.4966247,5,-1,-27
1759484734.5356247,0,0,-40
1759484734.5736248,1,3,-36
1759484734.6106248,2,0,-25
1759484734.648625,-4,-2,-34
1759484734.6856248,3,0,-30
1759484734.7246249,1,3,-35
1759484734.7626247,0,6,-35
1759484734.7986248,-7,2,-42
1759484734.8366249,0,3,-32
1759484734.8746247,1,7,-38
1759484734.9126248,-1,2,-45
1759484734.9486248,-1,-2,-41
1759484734.987625,2,0,-36
1759484735.0246248,2,0,-46
1759484735.0636249,-2,-2,-34
1759484735.0996249,-5,-4,-32
1759484735.1376247,6,-3,-35
1759484735.1756248,1,-2,-40
1759484735.214625,0,2,-39
1759484735.2526248,5,0,-28
1759484735.2886248,3,-8,-31
1759484735.3256247,9,-8,-40
1759484735.3646247,5,-4,-33
1759484735.4026248,-5,-1,-36
1759484735.4386249,2,3,-40
1759484735.4756248,-1,3,-32
1759484735.5146248,3,-4,-40
1759484735.5526247,6,-2,-43
1759484735.5886247,6,-6,-41
1759484735.6266248,4,-4,-35
1759484735.6646247,-1,-6,-27
1759484735.7036247,3,-1,-35
1759484735.7396247,4,-2,-39
1759484735.7786248,1,-3,-41
1759484735.8166249,1,-5,-40
1759484735.8546247,-5,-2,-35
1759484735.8916247,1,-4,-34
1759484735.9296248,4,-3,-45
1759484735.9666247,6,-1,-33
1759484736.0056248,0,0,-37
1759484736.0436249,2,2,-34
1759484736.0806248,2,1,-40
1759484736.1196249,0,0,-29
1759484736.1566248,-3,3,-39
1759484736.1956248,0,-1,-48
1759484736.2336247,0,-5,-40
1759484736.2696247,-1,-7,-38
1759484736.3076248,-4,-9,-36
1759484736.3466249,-2,0,-30
1759484736.3846247,2,-3,-38
1759484736.421625,-3,-2,-35
1759484736.4596248,-7,1,-47
1759484736.4976249,-8,3,-38
1759484736.5356247,0,-2,-43
1759484736.5736248,-2,-4,-34
1759484736.6096249,1,-4,-29
1759484736.6476247,0,0,-33
1759484736.6856248,-2,0,-36
1759484736.7236247,0,0,-39
1759484736.7596247,6,4,-29
1759484736.7976248,3,-4,-31
1759484736.8356247,-3,-3,-23
1759484736.8736248,-1,-4,-31
1759484736.9096248,0,-2,-42
1759484736.9466248,0,-3,-42
1759484736.9856248,-5,2,-29
1759484737.023625,-9,0,-46
1759484737.059625,-9,1,-37
1759484737.0966249,1,-4,-26
1759484737.135625,-5,-3,-35
1759484737.1736248,-5,-2,-39
1759484737.2096248,1,1,-42
1759484737.2476249,2,-2,-40
1759484737.2856247,-1,3,-41
1759484737.3236248,-2,4,-39
1759484737.3596249,-4,0,-34
1759484737.398625,3,-3,-37
1759484737.4356248,9,0,-28
1759484737.4746249,0,1,-31
1759484737.510625,2,-6,-35
1759484737.5486248,1,-4,-30
1759484737.5856247,-1,-1,-22
1759484737.6246247,-1,-1,-32
1759484737.6606247,3,-5,-41
1759484737.6986248,1,-5,-36
1759484737.7366247,-3,-5,-36
1759484737.7746248,-4,-5,-29
1759484737.8106248,-5,-5,-31
1759484737.8496249,-1,0,-39
1759484737.8866248,-4,-10,-40
1759484737.9256248,0,-9,-48
1759484737.9616249,0,-5,-40
1759484737.9996247,0,0,-33
1759484738.0376248,-4,2,-29
1759484738.0756247,-2,-1,-38
1759484738.1146247,0,-3,-35
1759484738.1506248,-2,-2,-36
1759484738.1886249,4,0,-29
1759484738.2266247,-2,1,-29
1759484738.2656248,-3,-3,-38
1759484738.3026247,-5,0,-30
1759484738.3406248,0,-2,-32
1759484738.3776248,-8,2,-33
1759484738.4166248,-9,-3,-31
1759484738.454625,3,-1,-49
1759484738.490625,0,-4,-36
1759484738.5276248,3,-8,-30
1759484738.5726247,-1,-6,-34
1759484738.6096249,1,-4,-36
1759484738.6476247,-2,-3,-44
1759484738.6866248,-1,0,-43
1759484738.7246249,-1,3,-40
1759484738.760625,3,-6,-30
1759484738.7996247,-5,-3,-37
1759484738.8376248,0,-2,-40
1759484738.875625,-1,-2,-39
1759484738.911625,1,1,-41
1759484738.9496248,6,0,-53
1759484738.987625,-2,-1,-38
1759484739.0256248,0,2,-36
1759484739.0626247,3,0,-44
1759484739.1006248,2,0,-42
1759484739.1376247,0,-8,-41
1759484739.1766248,2,1,-41
1759484739.2126248,-4,-10,-36
1759484739.2516248,3,-5,-37
1759484739.2896247,0,-3,-34
1759484739.3266249,3,-2,-40
1759484739.365625,-7,3,-34
1759484739.401625,-4,3,-34
1759484739.4386249,-11,-4,-34
1759484739.4766247,-2,-3,-34
1759484739.5156248,-2,5,-35
1759484739.5516248,1,3,-30
1759484739.5886247,-3,0,-42
1759484739.6276248,1,0,-40
1759484739.6656249,-2,-5,-47
1759484739.7016249,-1,-4,-49
1759484739.7396247,-4,-1,-53
1759484739.7776248,0,-2,-49
1759484739.8166249,-2,3,-45
1759484739.852625,0,-3,-35
1759484739.8896248,8,0,-31
1759484739.9286249,8,-2,-33
1759484739.9666247,1,-5,-39
1759484740.0026248,-1,-1,-31
1759484740.0406249,0,-10,-45
1759484740.0786247,6,-4,-37
1759484740.1176248,0,-1,-36
1759484740.1556249,1,0,-32
1759484740.1916249,3,0,-37
1759484740.230625,0,0,-40
1759484740.2676249,-3,1,-50
1759484740.306625,4,0,-36
1759484740.342625,5,-1,-37
1759484740.3816247,0,3,-34
1759484740.4206247,1,-1,-32
1759484740.457625,-2,0,-40
1759484740.4966247,-8,-3,-36
1759484740.5326247,-11,5,-30
1759484740.5706248,-2,-1,-29
1759484740.6086247,-1,0,-39
1759484740.6476247,-3,1,-40
1759484740.6856248,-5,0,-36
1759484740.7216249,-4,-3,-34
1759484740.760625,2,-6,-34
1759484740.7986248,-5,-3,-41
1759484740.8366249,3,-1,-34
1759484740.8726249,5,0,-39
1759484740.9106247,3,1,-39
1759484740.9476247,0,4,-32
1759484740.9866247,-2,-4,-31
1759484741.0226247,-10,-7,-32
1759484741.0606248,-5,-1,-50
1759484741.0996249,2,-2,-34
1759484741.1376247,-4,0,-31
1759484741.1736248,-3,-3,-24
1759484741.2126248,1,0,-36
1759484741.2496247,4,-1,-40
1759484741.2876248,3,3,-50
1759484741.3266249,2,-3,-40
1759484741.362625,-4,-1,-34
1759484741.4006248,0,-8,-35
1759484741.4396248,0,0,-31
1759484741.477625,2,7,-35
1759484741.513625,1,2,-38
1759484741.5516248,-4,0,-40
1759484741.5886247,-4,-2,-35
1759484741.6276248,1,2,-49
1759484741.6636248,-1,-7,-49
1759484741.7026248,1,-8,-41
1759484741.740625,-4,-6,-47
1759484741.7786248,0,-4,-24
1759484741.8166249,-5,-3,-28
1759484741.852625,-2,2,-35
1759484741.8906248,-1,-2,-25
1759484741.9296248,-1,3,-33
1759484741.967625,0,-1,-34
1759484742.003625,1,-2,-32
1759484742.0416248,-1,-1,-41
1759484742.079625,-2,3,-37
1759484742.1186247,0,4,-35
1759484742.1566248,0,-4,-45
1759484742.1926248,0,0,-44
1759484742.230625,-6,-1,-36
1759484742.2686248,2,-11,-28
1759484742.306625,3,-4,-39
1759484742.342625,3,-2,-36
1759484742.3806248,-5,-6,-39
1759484742.4186249,6,-6,-34
1759484742.4566247,0,-8,-31
1759484742.4926248,-2,-3,-30
1759484742.5306249,0,-10,-29
1759484742.569625,-1,0,-35
1759484742.6076248,-9,3,-39
1759484742.6436248,-4,0,-34
1759484742.6806247,-5,-4,-28
1759484742.7186248,-2,0,-38
1759484742.7576249,0,3,-45
1759484742.7936249,-9,5,-30
1759484742.8306248,2,-1,-32
1759484742.8686247,3,5,-31
1759484742.9076247,0,3,-31
1759484742.9436247,0,-3,-29
1759484742.9816248,-10,-3,-29
1759484743.0186248,-6,-3,-37
1759484743.0576248,-2,-7,-33
1759484743.0936248,0,-5,-35
1759484743.1316247,-2,-5,-30
1759484743.1686249,-3,-6,-45
1759484743.207625,-5,2,-49
1759484743.2436247,-1,3,-52
1759484743.2816248,3,-2,-46
1759484743.3186247,3,-2,-42
1759484743.3576248,4,-2,-54
1759484743.3936248,1,0,-50
1759484743.431625,-1,-6,-45
1759484743.4696248,4,-5,-27
1759484743.5076249,2,0,-30
1759484743.5436249,5,0,-38
1759484743.5816247,-4,2,-38
1759484743.6196249,-6,4,-26
1759484743.6576247,-5,0,-37
1759484743.6936247,1,2,-34
1759484743.7316248,-5,5,-47
1759484743.7696247,-2,0,-45
1759484743.8076248,-3,-5,-34
1759484743.8436248,-7,1,-48
1759484743.8806248,-10,7,-35
1759484743.9196248,-3,2,-37
1759484743.957625,0,-4,-36
1759484743.9936247,1,-4,-28
1759484744.0306249,-3,-3,-31
1759484744.069625,-5,-3,-30
1759484744.1076248,-5,-3,-34
1759484744.1436248,-6,0,-40
1759484744.1806247,0,0,-37
1759484744.2196248,0,2,-34
1759484744.2576249,0,6,-39
1759484744.2936249,6,0,-41
1759484744.3306248,1,-4,-33
1759484744.3696249,2,-2,-30
1759484744.4076247,-6,2,-37
1759484744.4436247,0,6,-35
1759484744.480625,-10,2,-36
1759484744.5196247,-5,-4,-35
1759484744.5556247,-3,0,-34
1759484744.592625,-7,-4,-35
1759484744.6316247,1,0,-42
1759484744.6696248,1,0,-52
1759484744.7056248,2,-4,-41
1759484744.7426248,-1,-2,-60
1759484744.7816248,-8,3,-44
1759484744.819625,-4,0,-32
1759484744.855625,-3,1,-30
1759484744.8926249,-4,0,-42
1759484744.931625,1,1,-52
1759484744.9696248,0,0,-37
1759484745.0056248,9,1,-37
1759484745.0426247,13,1,-39
1759484745.0806248,13,12,-32
1759484745.1196249,3,0,-30
1759484745.1566248,1,-11,-27
1759484745.194625,4,-2,-36
1759484745.2316248,-1,0,-38
1759484745.2706249,0,1,-28
1759484745.3086247,0,1,-43
1759484745.3446248,-2,2,-36
1759484745.3826249,-3,0,-33
1759484745.4206247,0,1,-40
1759484745.4586248,3,2,-42
1759484745.4946249,3,-3,-45
1759484745.533625,-4,1,-41
1759484745.5706248,1,3,-31
1759484745.6096249,3,2,-40
1759484745.6456249,1,4,-37
1759484745.6836247,2,-6,-37
1759484745.7206247,5,0,-34
1759484745.7596247,7,-1,-39
1759484745.7956247,4,-3,-37
1759484745.8336248,0,-5,-37
1759484745.8706248,3,-3,-35
1759484745.9096248,-1,4,-27
1759484745.9456248,2,-2,-29
1759484745.9826248,3,-4,-40
1759484746.0206249,-2,-4,-34
1759484746.059625,5,0,-25
1759484746.0956247,0,2,-28
1759484746.1326249,-4,8,-35
1759484746.171625,-2,2,-43
1759484746.2096248,0,0,-42
1759484746.2456248,-5,3,-49
1759484746.283625,6,3,-42
1759484746.3216248,4,-4,-44
1759484746.3596249,1,6,-34
1759484746.3956249,8,3,-32
1759484746.4336247,7,4,-24
1759484746.4716249,-2,10,-35
1759484746.5096247,2,0,-47
1759484746.5456247,0,3,-43
1759484746.582625,7,-2,-41
1759484746.6216247,4,6,-42
1759484746.6596248,5,4,-39
1759484746.6956248,-4,7,-51
1759484746.7336247,-4,5,-45
1759484746.7716248,0,1,-49
1759484746.809625,-6,-3,-39
1759484746.8456247,-2,-5,-44
1759484746.8846247,1,-5,-27
1759484746.921625,-6,0,-32
1759484746.9606247,-8,3,-30
1759484746.9966247,2,-3,-33
1759484747.033625,6,-5,-33
1759484747.0726247,2,-5,-38
1759484747.1106248,-1,0,-41
1759484747.1466248,0,7,-46
1759484747.184625,0,2,-33
1759484747.2226248,-2,4,-27
1759484747.260625,-4,3,-36
1759484747.296625,-4,0,-36
1759484747.3336248,0,9,-40
1759484747.3726249,2,3,-41
1759484747.4106247,-5,-2,-22
1759484747.4466248,-5,-1,-31
1759484747.4856248,-6,3,-43
1759484747.5226247,-2,-7,-32
1759484747.5616248,-3,-2,-41
1759484747.5996249,1,1,-38
1759484747.635625,-4,0,-36
1759484747.6736248,8,-1,-38
1759484747.7116249,0,2,-32
1759484747.750625,-3,0,-34
1759484747.786625,8,1,-32
1759484747.8236248,5,-7,-32
1759484747.8616247,13,-3,-41
1759484747.9006248,-7,5,-41
1759484747.9366248,0,8,-31
1759484747.9736247,-5,5,-40
1759484748.0126247,-4,1,-42
1759484748.0506248,-1,2,-34
1759484748.0866249,0,-2,-31
1759484748.125625,3,-8,-39
1759484748.1626248,0,-4,-40
1759484748.2016249,6,-7,-42
1759484748.237625,4,0,-39
1759484748.2746248,3,-1,-32
1759484748.3126247,-4,1,-32
1759484748.3516247,1,-5,-36
1759484748.388625,3,-4,-26
1759484748.4256248,1,3,-30
1759484748.464625,0,-3,-30
1759484748.5026248,5,-2,-33
1759484748.5406249,4,-3,-45
1759484748.5856247,-2,0,-41
1759484748.6236248,0,0,-47
1759484748.661625,0,1,-26
1759484748.6976247,2,2,-28
1759484748.7356248,-2,3,-39
1759484748.773625,-6,-4,-39
1759484748.8116248,0,-2,-39
1759484748.8476248,-1,-1,-23
1759484748.8866248,-4,1,-35
1759484748.9246247,-2,2,-38
1759484748.9626248,-1,-3,-36
1759484749.000625,1,0,-38
1759484749.036625,1,-5,-40
1759484749.0756247,-6,3,-36
1759484749.112625,2,1,-35
1759484749.151625,0,5,-38
1759484749.1876247,0,5,-33
1759484749.2256248,5,-4,-34
1759484749.2626247,5,6,-38
1759484749.3016248,0,-1,-44
1759484749.3376248,-5,-1,-36
1759484749.375625,-1,-1,-32
1759484749.4136248,-1,5,-20
1759484749.4526248,-3,4,-36
1759484749.490625,1,4,-38
1759484749.526625,0,2,-47
1759484749.5636249,0,2,-48
1759484749.602625,2,3,-47
1759484749.6406248,2,5,-44
1759484749.6766248,2,5,-41
1759484749.7136247,0,2,-38
1759484749.7526248,3,7,-34
1759484749.7886248,5,7,-36
1759484749.8266249,6,-1,-37
1759484749.8636248,13,0,-34
1759484749.9026248,1,-1,-40
1759484749.9386249,-1,2,-37
1759484749.977625,-3,2,-38
1759484750.0156248,2,-2,-38
1759484750.0526247,0,2,-40
1759484750.0916247,8,-6,-29
1759484750.1276248,3,0,-38
1759484750.1656249,7,5,-41
1759484750.2026248,4,1,-27
1759484750.2416248,0,0,-37
1759484750.2776248,2,2,-37
1759484750.3156247,-1,-1,-28
1759484750.3536248,-3,-2,-40
1759484750.3916247,3,-5,-28
1759484750.4276247,1,0,-26
1759484750.4656248,-4,0,-35
1759484750.503625,-4,-2,-29
1759484750.5416248,-1,1,-39
1759484750.5776248,5,2,-36
1759484750.615625,0,-6,-44
1759484750.6536248,1,-2,-57
1759484750.6916249,-5,-1,-34
1759484750.7286248,-2,0,-41
1759484750.7666247,-3,-2,-35
1759484750.8046248,1,-4,-32
1759484750.842625,8,-3,-35
1759484750.8796248,1,-1,-28
1759484750.9166248,-2,-5,-42
1759484750.954625,-2,-10,-33
1759484750.9936247,-5,-6,-34
1759484751.0316248,1,0,-36
1759484751.0686247,-2,-3,-36
1759484751.1076248,-9,0,-38
1759484751.1446247,-6,-1,-41
1759484751.1836247,5,3,-36
1759484751.2216249,1,2,-41
1759484751.2576249,5,2,-40
1759484751.2946248,1,7,-41
1759484751.3336248,-3,0,-37
1759484751.3696249,-3,-5,-43
1759484751.408625,1,-9,-40
1759484751.4456248,-1,-2,-34
1759484751.4836247,-4,2,-45
1759484751.5226247,-6,0,-37
1759484751.5586247,-1,-5,-33
1759484751.5966249,-2,3,-32
1759484751.6346247,0,4,-36
1759484751.6736248,-2,3,-36
1759484751.7096248,4,3,-40
1759484751.7466247,3,-3,-52
1759484751.7856247,0,-6,-48
1759484751.8236248,-10,-3,-37
1759484751.8596249,-6,4,-31
1759484751.8966248,-3,1,-30
1759484751.934625,-1,-2,-42
1759484751.9736247,-1,5,-20
1759484752.0096247,3,10,-24
1759484752.046625,-6,0,-41
1759484752.0846248,0,-2,-43
1759484752.1236248,1,-1,-39
1759484752.1596248,-7,0,-45
1759484752.1966248,0,0,-49
1759484752.2346249,1,0,-41
1759484752.273625,-4,-7,-41
1759484752.309625,-2,-4,-47
1759484752.3476248,1,1,-40
1759484752.385625,-4,-2,-41
1759484752.4246247,-1,-2,-36
1759484752.4626248,4,2,-27
1759484752.4996247,6,-2,-35
1759484752.5376248,4,0,-28
1759484752.5756247,1,2,-43
1759484752.6136248,-4,4,-41
1759484752.6496248,-1,6,-40
1759484752.6876247,3,7,-39
1759484752.7246249,-4,-1,-46
1759484752.763625,7,2,-41
1759484752.7996247,5,2,-41
1759484752.8366249,-2,1,-39
1759484752.8746247,-8,5,-38
1759484752.9136248,0,-2,-31
1759484752.9496248,-2,-4,-35
1759484752.987625,-6,-5,-30
1759484753.026625,-6,0,-36
1759484753.0646248,1,1,-33
1759484753.102625,2,10,-39
1759484753.1396248,3,-3,-40
1759484753.1766248,0,-7,-40
1759484753.2156248,0,0,-32
1759484753.253625,1,-4,-36
1759484753.2896247,-5,0,-36
1759484753.3276248,1,0,-41
1759484753.3646247,6,-2,-35
1759484753.4036248,5,3,-41
1759484753.4396248,3,1,-50
1759484753.4766247,-8,-4,-41
1759484753.5146248,0,-4,-50
1759484753.5536249,-8,-6,-50
1759484753.589625,0,1,-53
1759484753.6276248,1,-1,-36
1759484753.6646247,-6,-4,-46
1759484753.7036247,-8,-4,-44
1759484753.7396247,-2,-5,-43
1759484753.7776248,2,-8,-31
1759484753.8156247,-3,-1,-33
1759484753.8546247,-5,-1,-32
1759484753.8906248,-5,-1,-29
1759484753.9296248,-5,0,-28
1759484753.967625,-6,0,-35
1759484754.0056248,-4,2,-39
1759484754.0436249,-2,-7,-37
1759484754.079625,-2,0,-38
1759484754.1176248,0,-6,-44
1759484754.1556249,-3,-3,-39
1759484754.1936247,-9,-1,-38
1759484754.2296247,-3,-2,-19
1759484754.2676249,-5,0,-37
1759484754.306625,0,-3,-40
1759484754.3446248,4,4,-28
1759484754.3816247,4,5,-31
1759484754.4186249,2,-3,-34
1759484754.4566247,0,-2,-43
1759484754.4956248,0,-3,-27
1759484754.533625,-3,-2,-22
1759484754.569625,2,0,-31
1759484754.6066248,7,-1,-32
1759484754.6456249,6,3,-38
1759484754.6836247,0,0,-45
1759484754.7196248,1,-3,-41
1759484754.7576249,-4,-8,-34
1759484754.7956247,-6,-3,-33
1759484754.8336248,-3,0,-26
1759484754.8696249,-1,5,-31
1759484754.9076247,2,7,-34
1759484754.9456248,6,7,-34
1759484754.9816248,3,5,-36
1759484755.0186248,0,0,-50
1759484755.0576248,-7,0,-37
1759484755.0956247,-8,-4,-46
1759484755.1316247,0,-2,-47
1759484755.1686249,-2,-3,-31
1759484755.207625,1,4,-39
1759484755.2456248,0,0,-27
1759484755.2816248,-3,2,-32
1759484755.3186247,1,-3,-39
1759484755.3576248,1,1,-47
1759484755.3956249,3,0,-45
1759484755.431625,-1,3,-38
1759484755.4686248,1,2,-43
1759484755.5076249,-4,-6,-33
1759484755.5456247,-3,-2,-27
1759484755.5816247,-5,0,-34
1759484755.6196249,0,-4,-46
1759484755.6576247,-1,-5,-49
1759484755.6956248,-4,-1,-34
1759484755.7316248,-1,1,-44
1759484755.7696247,-2,0,-37
1759484755.8076248,-3,-4,-26
1759484755.8466249,2,-9,-37
1759484755.8846247,0,4,-44
1759484755.9206247,4,-1,-40
1759484755.957625,2,3,-42
1759484755.9966247,5,-6,-40
1759484756.0346248,3,-4,-36
1759484756.0706248,3,-4,-44
1759484756.1086247,5,0,-33
1759484756.1476247,-1,6,-25
1759484756.1856248,0,0,-34
1759484756.2216249,-5,3,-24
1759484756.2596247,0,-9,-25
1759484756.2986248,4,-1,-32
1759484756.3366249,1,0,-38
1759484756.3746247,-2,-6,-34
1759484756.4106247,1,-2,-37
1759484756.4476247,9,-2,-32
1759484756.4866247,2,-5,-32
1759484756.5246248,-3,-2,-32
1759484756.5606248,2,0,-40
1759484756.5986247,0,-2,-31
1759484756.6366248,5,1,-43
1759484756.6726248,4,-4,-44
1759484756.7116249,12,-5,-41
1759484756.7496247,0,1,-39
1759484756.786625,-8,0,-38
1759484756.8256247,-5,0,-41
1759484756.8616247,-1,2,-40
1759484756.8996248,-6,1,-36
1759484756.9366248,1,0,-42
1759484756.9756248,-3,-7,-40
1759484757.0116248,-3,-3,-47
1759484757.0506248,-11,0,-45
1759484757.0876248,0,5,-40
1759484757.1266248,-1,-3,-42
1759484757.1626248,0,-6,-37
1759484757.2006247,-9,2,-43
1759484757.237625,-5,0,-46
1759484757.276625,0,-2,-44
1759484757.3126247,5,-2,-40
1759484757.3506248,0,-4,-40
1759484757.388625,-3,-9,-51
1759484757.4276247,0,-5,-42
1759484757.4656248,-10,-7,-39
1759484757.5026248,0,-6,-39
1759484757.5396247,-3,-4,-38
1759484757.5776248,1,1,-30
1759484757.6166248,0,1,-33
1759484757.6526248,4,5,-43
1759484757.6896248,-6,0,-36
1759484757.7286248,-4,2,-35
1759484757.7666247,1,0,-46
1759484757.8026247,-3,-3,-40
1759484757.8416247,-9,0,-33
1759484757.8796248,-2,-1,-43
1759484757.9176247,2,-2,-48
1759484757.9556248,10,0,-47
1759484757.9916248,-2,0,-43
1759484758.0306249,-5,1,-48
1759484758.0676248,-2,0,-33
1759484758.1066248,-6,0,-30
1759484758.1426249,-4,1,-29
1759484758.1806247,1,-9,-27
1759484758.2186248,0,-8,-31
1759484758.2576249,0,-5,-35
1759484758.2956247,-6,-1,-41
1759484758.3316247,-3,4,-46
1759484758.3706248,3,-2,-34
1759484758.4076247,4,-10,-38
1759484758.4466248,5,-5,-32
1759484758.4826248,8,0,-40
1759484758.5206249,3,0,-38
1759484758.5586247,0,2,-42
1759484758.602625,0,4,-33
1759484758.6406248,0,3,-38
1759484758.6776247,0,8,-56
1759484758.7166247,-3,2,-56
1759484758.753625,-4,4,-46
1759484758.7916248,3,1,-34
1759484758.8286247,-1,0,-28
1759484758.8676248,2,-2,-27
1759484758.9036248,-1,0,-30
1759484758.9406247,-7,3,-27
1759484758.9786248,2,8,-30
1759484759.0176249,9,3,-37
1759484759.0536249,-2,0,-36
1759484759.092625,-2,-2,-39
1759484759.1306248,-1,-1,-30
1759484759.1686249,-3,-1,-34
1759484759.2066247,0,3,-40
1759484759.2436247,7,0,-41
1759484759.2806249,0,0,-34
1759484759.3186247,-5,-4,-28
1759484759.3576248,0,-6,-27
1759484759.3936248,2,-1,-37
1759484759.431625,2,-3,-33
1759484759.4706247,2,-2,-24
1759484759.5086248,0,2,-36
1759484759.546625,3,1,-46
1759484759.582625,3,1,-38
1759484759.6216247,-8,0,-41
1759484759.6596248,3,1,-44
1759484759.6976247,1,-3,-47
1759484759.7346249,0,-5,-48
1759484759.7726247,4,-10,-49
1759484759.8106248,-2,6,-52
1759484759.8486247,0,2,-49
1759484759.8866248,-2,1,-44
1759484759.9226248,-1,-5,-38
1759484759.9606247,0,-3,-37
1759484759.9986248,0,-5,-37
1759484760.0376248,-7,-6,-36
1759484760.0736248,-6,0,-28
1759484760.1106248,2,-2,-37
1759484760.148625,3,-2,-29
1759484760.1876247,-6,-2,-43
1759484760.2236247,-5,-2,-50
1759484760.2616248,-2,4,-42
1759484760.3006248,3,-1,-32
1759484760.3386247,0,3,-39
1759484760.3746247,2,-1,-40
1759484760.4136248,0,-7,-30
1759484760.4516249,4,0,-27
1759484760.4886248,0,5,-32
1759484760.5276248,4,0,-36
1759484760.5636249,1,3,-47
1759484760.6006248,0,3,-46
1759484760.638625,2,12,-47
1759484760.6776247,-1,0,-46
1759484760.7136247,-5,0,-37
1759484760.7526248,-6,2,-33
1759484760.7896247,0,3,-35
1759484760.8286247,0,0,-35
1759484760.8646247,-1,-2,-40
1759484760.9036248,-5,-3,-34
1759484760.9406247,-1,0,-28
1759484760.9796247,-3,-4,-35
1759484761.0176249,5,-4,-23
1759484761.0536249,5,-1,-36
1759484761.0906248,2,0,-42
1759484761.1296248,1,0,-47
1759484761.1676247,5,-4,-36
1759484761.2036247,6,-1,-44
1759484761.2416248,3,2,-41
1759484761.2796247,-5,1,-39
1759484761.3186247,-1,-3,-43
1759484761.355625,3,-1,-50
1759484761.3936248,6,-4,-33
1759484761.4306247,2,-5,-48
1759484761.4696248,0,0,-31
1759484761.5076249,-5,-1,-38
1759484761.5436249,-4,-1,-51
1759484761.582625,-7,-1,-35
1759484761.6196249,-1,0,-31
1759484761.658625,3,-7,-37
1759484761.6956248,2,-2,-43
1759484761.7326248,5,-5,-34
1759484761.7716248,3,0,-46
1759484761.809625,4,-2,-32
1759484761.8456247,-2,0,-32
1759484761.8826249,1,0,-31
1759484761.921625,5,0,-30
1759484761.9596248,9,3,-34
1759484761.9956248,7,1,-34
1759484762.0326247,6,4,-40
1759484762.0706248,6,1,-42
1759484762.1096249,1,-4,-36
1759484762.1456249,2,-4,-44
1759484762.1836247,1,-3,-33
1759484762.2226248,-4,-5,-36
1759484762.2596247,4,0,-23
1759484762.2986248,3,-4,-42
1759484762.3356247,9,-3,-47
1759484762.3736248,2,0,-49
1759484762.411625,3,2,-54
1759484762.4496248,0,-4,-31
1759484762.4856248,-3,-2,-44
1759484762.523625,-4,-5,-40
1759484762.5626247,3,6,-35
1759484762.6006248,-4,4,-33
1759484762.638625,3,3,-37
1759484762.6746247,8,0,-37
1759484762.7126248,9,4,-45
1759484762.750625,4,2,-27
1759484762.7886248,0,0,-29
1759484762.8246248,-2,0,-34
1759484762.862625,0,-1,-42
1759484762.9006248,-1,-4,-38
1759484762.9396248,-9,-4,-43
1759484762.9756248,-1,-7,-39
1759484763.013625,2,-3,-39
1759484763.0516248,-9,-2,-34
1759484763.0906248,-1,-1,-40
1759484763.128625,-4,-3,-29
1759484763.1656249,1,-2,-37
1759484763.2026248,-1,1,-32
1759484763.2416248,0,0,-29
1759484763.2796247,-2,0,-34
1759484763.3156247,1,0,-37
1759484763.3536248,4,-1,-32
1759484763.3906248,7,1,-39
1759484763.4296248,2,-7,-40
1759484763.4656248,7,-2,-40
1759484763.5046248,-1,3,-38
1759484763.5416248,-6,0,-36
1759484763.5806248,-2,3,-31
1759484763.6166248,-1,1,-39
1759484763.6546247,-1,-1,-45
1759484763.6926248,-6,-1,-42
1759484763.7316248,-4,-2,-35
1759484763.7696247,-2,-6,-36
1759484763.8056247,2,-2,-27
1759484763.842625,-2,-2,-22
1759484763.8806248,4,-8,-36
1759484763.9196248,2,-1,-43
1759484763.9556248,5,-1,-37
1759484763.9936247,0,-6,-36
1759484764.0326247,5,0,-35
1759484764.0706248,1,-7,-41
1759484764.1066248,0,-5,-38
1759484764.1446247,-3,0,-23
1759484764.1836247,-5,0,-38
1759484764.2216249,-5,-2,-38
1759484764.2596247,7,1,-39
1759484764.2956247,5,2,-43
1759484764.332625,6,1,-50
1759484764.3716247,5,0,-41
1759484764.4096248,2,0,-36
1759484764.4456248,-11,1,-30
1759484764.4846249,-9,3,-33
1759484764.5226247,-1,4,-31
1759484764.5606248,0,-5,-31
1759484764.5976248,-4,-6,-33
1759484764.6346247,3,2,-33
1759484764.6736248,6,-1,-41
1759484764.7116249,2,-5,-46
1759484764.7496247,4,2,-39
1759484764.7856247,3,2,-48
1759484764.8236248,2,0,-45
1759484764.8616247,0,0,-33
1759484764.8996248,0,3,-36
1759484764.9356248,-1,-1,-24
1759484764.9736247,-9,-2,-34
1759484765.0116248,0,-4,-31
1759484765.0506248,-2,-1,-36
1759484765.0876248,0,0,-43
1759484765.125625,1,-5,-34
1759484765.1636248,-4,-11,-36
1759484765.2016249,4,-2,-29
1759484765.2396247,-5,-8,-39
1759484765.2756248,-1,-6,-35
1759484765.3136249,3,1,-39
1759484765.352625,-2,-1,-37
1759484765.3906248,3,3,-32
1759484765.4266248,-1,0,-25
1759484765.4656248,-3,0,-40
1759484765.503625,2,-3,-39
1759484765.5416248,7,-1,-34
1759484765.5776248,-2,-4,-38
1759484765.6166248,2,0,-42
1759484765.6546247,-2,2,-31
1759484765.6916249,-6,0,-33
1759484765.730625,-2,-2,-39
1759484765.7666247,-2,-3,-38
1759484765.8056247,8,-3,-36
1759484765.8436248,1,-5,-38
1759484765.8816247,4,-1,-34
1759484765.9186249,4,-1,-38
1759484765.9566247,5,2,-32
1759484765.9936247,7,2,-42
1759484766.0326247,4,-4,-42
1759484766.0706248,3,-4,-33
1759484766.1066248,2,3,-35
1759484766.1436248,7,0,-35
1759484766.1826248,-4,0,-30
1759484766.2206247,-3,7,-31
1759484766.2566247,0,1,-35
1759484766.2946248,0,1,-32
1759484766.332625,3,0,-38
1759484766.3706248,4,-2,-30
1759484766.4066248,2,-3,-33
1759484766.444625,1,-11,-31
1759484766.4826248,0,-3,-46
1759484766.5216248,1,-2,-50
1759484766.5576248,-4,-2,-43
1759484766.5956247,4,-4,-44
1759484766.6346247,-1,2,-48
1759484766.6726248,1,0,-43
1759484766.7106247,7,-2,-27
1759484766.7466247,6,-8,-23
1759484766.783625,5,-3,-43
1759484766.8226247,6,2,-39
1759484766.8606248,1,0,-39
1759484766.8966248,-2,0,-32
1759484766.9336247,1,4,-39
1759484766.9726248,7,-3,-41
1759484767.010625,0,-8,-43
1759484767.046625,6,0,-38
1759484767.0846248,-5,-5,-45
1759484767.1226249,-1,0,-45
1759484767.158625,2,-1,-46
1759484767.1966248,1,2,-51
1759484767.2356248,0,2,-45
1759484767.273625,-3,2,-34
1759484767.3116248,3,-1,-31
1759484767.3476248,-1,-8,-36
1759484767.385625,-1,-10,-37
1759484767.4246247,-7,1,-20
1759484767.4626248,3,3,-23
1759484767.4986248,1,7,-32
1759484767.536625,-9,-1,-40
1759484767.5736248,-4,-1,-50
1759484767.612625,-4,-1,-46
1759484767.648625,0,-2,-31
1759484767.6876247,-6,1,-38
1759484767.7256248,-2,-1,-32
1759484767.763625,2,-6,-49
1759484767.8016248,1,-2,-44
1759484767.8376248,-2,-1,-40
1759484767.8766248,0,4,-31
1759484767.9136248,-8,12,-39
1759484767.9526248,5,0,-29
1759484767.9886248,2,-1,-30
1759484768.0256248,-1,7,-45
1759484768.0646248,-2,-2,-38
1759484768.102625,5,0,-26
1759484768.138625,4,3,-37
1759484768.1766248,-1,0,-41
1759484768.2136247,0,-1,-51
1759484768.2526248,6,0,-34
1759484768.2886248,4,4,-38
1759484768.3266249,8,0,-37
1759484768.3636248,6,-1,-45
1759484768.4026248,1,0,-44
1759484768.4386249,0,-6,-38
1759484768.4766247,5,0,-47
1759484768.513625,-4,-2,-40
1759484768.5526247,0,-4,-43
1759484768.5886247,0,-6,-39
1759484768.6346247,0,5,-35
1759484768.6726248,5,0,-28
1759484768.7096248,9,-1,-38
1759484768.7466247,10,6,-38
1759484768.7856247,6,-1,-38
1759484768.8236248,2,-3,-44
1759484768.8596249,5,-2,-31
1759484768.8966248,5,-2,-37
1759484768.9356248,0,-2,-38
1759484768.9736247,-3,1,-29
1759484769.0096247,2,5,-36
1759484769.046625,5,0,-35
1759484769.0856247,1,-3,-32
1759484769.1236248,0,-8,-30
1759484769.1596248,-5,0,-34
1759484769.1986248,13,-4,-33
1759484769.2356248,7,1,-43
1759484769.273625,0,-2,-42
1759484769.3126247,0,-4,-46
1759484769.3486247,-3,-3,-52
1759484769.3866248,2,-2,-40
1759484769.4246247,-2,0,-36
1759484769.4636247,0,1,-34
1759484769.4996247,5,0,-32
1759484769.5376248,1,0,-28
1759484769.5766249,-1,2,-39
1759484769.6146247,0,7,-40
1759484769.6526248,2,2,-33
1759484769.6886249,10,3,-40
1759484769.7266247,-2,-9,-48
1759484769.7646248,-4,-1,-33
1759484769.8026247,1,-4,-40
1759484769.8386247,-3,0,-36
1759484769.875625,-10,-2,-37
1759484769.9146247,-1,-5,-30
1759484769.9526248,4,-6,-27
1759484769.9886248,2,-5,-31
1759484770.026625,-4,-10,-41
1759484770.0646248,-12,-3,-27
1759484770.102625,-3,-4,-39
1759484770.138625,-2,0,-48
1759484770.1756248,3,-6,-56
1759484770.214625,2,4,-34
1759484770.2526248,2,0,-34
1759484770.2886248,1,0,-37
1759484770.3266249,-4,-4,-34
1759484770.3646247,-1,-6,-39
1759484770.4026248,-3,0,-37
1759484770.4386249,0,-6,-43
1759484770.4756248,4,-4,-40
1759484770.5146248,-1,-4,-30
1759484770.5506248,3,-3,-40
1759484770.589625,9,0,-29
1759484770.6276248,0,5,-41
1759484770.6646247,1,2,-36
1759484770.7036247,2,0,-44
1759484770.7396247,3,1,-46
1759484770.7776248,-2,-2,-39
1759484770.8156247,1,-2,-41
1759484770.8546247,-9,-2,-33
1759484770.8906248,-5,2,-32
1759484770.9276247,-3,-1,-42
1759484770.9656248,3,-1,-43
1759484771.0046248,5,-3,-42
1759484771.0406249,1,-6,-49
1759484771.0786247,-8,-9,-42
1759484771.1166248,-6,-2,-48
1759484771.1546247,-2,2,-54
1759484771.1936247,-5,1,-38
1759484771.2296247,-2,3,-42
1759484771.2686248,-3,2,-38
1759484771.306625,-2,-1,-36
1759484771.3446248,0,-2,-34
1759484771.3806248,-5,1,-36
1759484771.4186249,-4,-2,-40
1759484771.4556248,-1,-2,-47
1759484771.4946249,-1,0,-45
1759484771.5306249,0,-2,-38
1759484771.5686247,-7,8,-35
1759484771.605625,-5,9,-34
1759484771.6446247,2,-1,-31
1759484771.6806247,3,-1,-36
1759484771.7186248,3,4,-29
1759484771.7576249,4,1,-43
1759484771.7956247,-1,0,-34
1759484771.8336248,-3,-2,-42
1759484771.8696249,-3,-3,-47
1759484771.9076247,-2,-4,-33
1759484771.9456248,-1,0,-41
1759484771.9846249,5,-2,-20
1759484772.0206249,0,2,-37
1759484772.0586247,-1,-6,-40
1759484772.0956247,-4,-2,-45
1759484772.1346247,9,-4,-44
1759484772.1706247,-2,-2,-35
1759484772.2086248,3,-4,-42
1759484772.2476249,-2,-2,-38
1759484772.2856247,2,0,-40
1759484772.3216248,4,0,-40
1759484772.3586247,0,-8,-41
1759484772.3966248,1,-1,-35
1759484772.4356248,5,1,-30
1759484772.4716249,9,-2,-26
1759484772.510625,6,1,-36
1759484772.5486248,9,-2,-32
1759484772.5856247,7,-5,-43
1759484772.6246247,4,-2,-51
1759484772.661625,8,2,-40
1759484772.6996248,3,2,-31
1759484772.737625,-1,-1,-36
1759484772.7756248,0,0,-40
1759484772.8116248,0,0,-44
1759484772.8486247,7,-4,-43
1759484772.8876247,0,-3,-41
1759484772.9256248,0,-7,-53
1759484772.9616249,0,-6,-40
1759484772.9986248,7,-4,-45
1759484773.0376248,8,-2,-56
1759484773.0756247,2,1,-44
1759484773.1116247,0,-3,-33
1759484773.1496248,3,-6,-48
1759484773.1886249,7,-9,-38
1759484773.2266247,3,-6,-34
1759484773.2646248,4,-2,-29
1759484773.3006248,4,-2,-33
1759484773.3386247,-1,0,-46
1759484773.3766248,0,-5,-40
1759484773.4146247,-2,-10,-38
1759484773.4506247,-1,-4,-31
1759484773.4886248,-3,-5,-36
1759484773.5276248,2,2,-46
1759484773.5656247,-3,-3,-35
1759484773.6016247,3,4,-38
1759484773.6396248,4,1,-48
1759484773.6786249,-1,0,-48
1759484773.7166247,-2,-6,-47
1759484773.7546248,1,0,-34
1759484773.7906249,1,4,-45
1759484773.8286247,5,-5,-35
1759484773.8666248,4,-2,-36
1759484773.9046247,-2,-4,-32
1759484773.9406247,5,-4,-46
1759484773.9786248,4,-3,-37
1759484774.0166247,1,-5,-29
1759484774.0526247,2,-2,-32
1759484774.089625,9,3,-44
1759484774.128625,7,-1,-34
1759484774.1666248,5,-6,-42
1759484774.2026248,1,-1,-46
1759484774.2416248,-1,-3,-41
1759484774.2786248,5,-2,-43
1759484774.3176248,0,0,-38
1759484774.355625,5,0,-37
1759484774.3916247,5,-4,-37
1759484774.4286249,2,0,-43
1759484774.4666247,5,1,-47
1759484774.5056248,-2,-4,-46
1759484774.5416248,0,0,-40
1759484774.5786247,-8,2,-32
1759484774.6176248,-5,-1,-35
1759484774.6556249,0,4,-44
1759484774.6916249,0,-1,-40
1759484774.7286248,0,0,-38
1759484774.7676249,2,-5,-45
1759484774.8056247,-7,-3,-47
1759484774.8416247,-5,0,-43
1759484774.878625,3,-1,-41
1759484774.9176247,11,4,-39
1759484774.9556248,7,1,-44
1759484774.9916248,1,5,-37
1759484775.0296247,0,0,-39
1759484775.0676248,-6,0,-45
1759484775.105625,-6,2,-37
1759484775.1416247,-1,3,-38
1759484775.1796248,0,-2,-41
1759484775.217625,-7,-4,-43
1759484775.2556248,1,4,-50
1759484775.2916248,-3,-9,-38
1759484775.329625,8,0,-39
1759484775.3676248,6,-2,-34
1759484775.4066248,-5,-8,-31
1759484775.4426248,0,-2,-33
1759484775.480625,3,0,-38
1759484775.5196247,1,-1,-25
1759484775.5576248,-1,-1,-35
1759484775.5956247,4,-9,-32
1759484775.6316247,4,-6,-38
1759484775.6686249,6,1,-45
1759484775.707625,6,-1,-31
1759484775.7446249,-2,-7,-30
1759484775.7826247,-2,-5,-15
1759484775.819625,-5,4,-25
1759484775.8586247,-4,-2,-34
1759484775.8966248,-1,-5,-27
1759484775.9326248,-6,0,-35
1759484775.9696248,-5,0,-43
1759484776.0086248,-3,5,-51
1759484776.046625,0,-2,-50
1759484776.082625,0,-1,-48
1759484776.1216247,4,-5,-36
1759484776.1596248,2,2,-46
1759484776.1976247,-2,1,-41
1759484776.2336247,2,-3,-40
1759484776.2716248,2,4,-32
1759484776.3086247,-3,-1,-25
1759484776.3476248,-6,2,-35
1759484776.3836248,-5,5,-39
1759484776.421625,0,1,-42
1759484776.4586248,-1,-1,-41
1759484776.4976249,-3,-3,-48
1759484776.533625,5,1,-43
1759484776.5716248,-3,1,-38
1759484776.6086247,-6,-4,-31
1759484776.6476247,-3,1,-50
1759484776.6836247,-1,9,-43
1759484776.7216249,-2,3,-38
1759484776.7586248,0,0,-43
1759484776.7976248,-3,-7,-40
1759484776.8336248,-3,-5,-34
1759484776.8726249,0,-3,-32
1759484776.9096248,-2,0,-35
1759484776.9486248,-2,4,-28
1759484776.9866247,-4,0,-48
1759484777.0226247,-2,1,-50
1759484777.059625,1,7,-35
1759484777.0986247,0,-1,-47
1759484777.1366248,4,-6,-38
1759484777.1726248,1,-5,-37
1759484777.2116249,-4,4,-37
1759484777.2496247,-3,-9,-41
1759484777.2876248,0,-1,-32
1759484777.3236248,-1,3,-37
1759484777.362625,-5,3,-29
1759484777.3996248,-1,-5,-43
1759484777.4386249,-5,0,-41
1759484777.4766247,-5,3,-44
1759484777.5126247,-7,6,-37
1759484777.5496247,2,-1,-26
1759484777.5886247,-9,-6,-35
1759484777.6246247,-14,0,-33
1759484777.6626248,-7,-8,-37
1759484777.7006247,-5,-1,-48
1759484777.7386248,0,-3,-37
1759484777.7776248,14,0,-31
1759484777.8136249,3,0,-29
1759484777.8506248,-1,4,-32
1759484777.888625,-6,-1,-34
1759484777.9276247,4,0,-44
1759484777.9636247,-7,-2,-42
1759484778.0026248,-1,0,-43
1759484778.0396247,0,3,-32
1759484778.0786247,0,5,-39
1759484778.1146247,1,8,-54
1759484778.151625,-3,-1,-53
1759484778.1896248,-4,0,-49
1759484778.2286248,0,-1,-50
1759484778.2646248,2,4,-43
1759484778.3016248,-5,4,-38
1759484778.339625,-3,5,-38
1759484778.378625,-2,0,-25
1759484778.4146247,-1,3,-34
1759484778.4536247,6,-5,-40
1759484778.490625,4,-4,-32
1759484778.5296247,0,-3,-49
1759484778.5676248,0,0,-43
1759484778.6036248,-10,2,-43
1759484778.6496248,0,-2,-37
1759484778.6876247,8,-4,-43
1759484778.7246249,9,-1,-27
1759484778.7626247,0,-1,-31
1759484778.8006248,0,-3,-34
1759484778.8386247,1,-3,-28
1759484778.8746247,-1,-3,-43
1759484778.9126248,3,2,-37
1759484778.9506247,-7,-2,-37
1759484778.9896247,-7,-4,-34
1759484779.0276248,-5,8,-27
1759484779.0636249,-1,1,-32
1759484779.1006248,1,-1,-26
1759484779.1396248,2,0,-38
1759484779.1776247,-1,-2,-38
1759484779.2136247,0,-2,-35
1759484779.2516248,-6,-5,-31
1759484779.2896247,3,-6,-27
1759484779.3286247,-3,-4,-39
1759484779.365625,-8,0,-38
1759484779.4026248,3,-6,-42
1759484779.4416249,7,-10,-37
1759484779.4796247,3,0,-32
1759484779.5156248,4,0,-30
1759484779.5536249,-4,-2,-36
1759484779.5906248,-2,7,-37
1759484779.6296248,-7,1,-36
1759484779.6656249,-1,-1,-37
1759484779.7036247,-3,-6,-38
1759484779.7436247,-12,-6,-51
1759484779.7806249,0,-6,-45
1759484779.819625,-13,1,-43
1759484779.855625,-8,-11,-46
1759484779.8936248,-1,-9,-36
1759484779.931625,-7,-2,-32
1759484779.9706247,0,2,-45
1759484780.0086248,-4,0,-30
1759484780.0446248,0,-1,-30
1759484780.0836248,3,-6,-32
1759484780.1216247,3,-2,-30
1759484780.1596248,-2,-2,-37
1759484780.1956248,2,1,-46
1759484780.2336247,1,8,-28
1759484780.2706249,-2,-1,-24
1759484780.309625,-1,-1,-40
1759484780.3466249,-6,0,-45
1759484780.3836248,-2,-3,-35
1759484780.421625,-2,-3,-39
1759484780.4606247,-1,2,-49
1759484780.4986248,0,-1,-45
1759484780.5346248,-6,-4,-51
1759484780.5726247,-4,0,-45
1759484780.6116247,-3,-7,-38
1759484780.6496248,-10,-1,-34
1759484780.6856248,-7,8,-39
1759484780.7236247,-4,7,-34
1759484780.7626247,-3,0,-34
1759484780.8006248,-9,10,-35
1759484780.8386247,1,0,-43
1759484780.8746247,-1,1,-47
1759484780.9136248,-6,2,-55
1759484780.9506247,-2,2,-50
1759484780.9896247,-4,0,-51
1759484781.0256248,-4,-5,-39
1759484781.0636249,-2,-4,-29
1759484781.1016247,-5,-4,-35
1759484781.1406248,-3,0,-37
1759484781.1766248,-6,1,-36
1759484781.214625,-8,-1,-42
1759484781.2526248,-8,-7,-39
1759484781.2916248,0,-5,-21
1759484781.329625,-1,-1,-31
1759484781.365625,-6,3,-39
1759484781.4026248,5,0,-44
1759484781.4416249,1,-1,-36
1759484781.4796247,-6,1,-31
1759484781.5156248,-8,0,-31
1759484781.5526247,5,3,-34
1759484781.5916247,2,7,-40
1759484781.6296248,3,3,-34
1759484781.6656249,3,0,-33
1759484781.7036247,3,0,-31
1759484781.7416248,-6,-5,-28
1759484781.7796247,-1,2,-35
1759484781.8156247,-1,-6,-35
1759484781.8536248,-5,-6,-39
1759484781.8926249,-6,-4,-37
1759484781.9306247,10,1,-45
1759484781.9666247,7,-6,-37
1759484782.0046248,3,-4,-41
1759484782.0426247,0,-8,-35
1759484782.0806248,1,-2,-37
1759484782.1166248,1,-2,-35
1759484782.1546247,-3,0,-36
1759484782.1926248,1,-4,-39
1759484782.230625,3,-6,-44
1759484782.2666247,2,-5,-42
1759484782.3046248,0,-2,-30
1759484782.342625,-2,-2,-35
1759484782.3806248,2,1,-29
1759484782.4166248,9,0,-41
1759484782.454625,6,0,-37
1759484782.4926248,2,-1,-23
1759484782.5306249,5,-4,-24
1759484782.5666249,-1,-1,-36
1759484782.605625,-1,3,-34
1759484782.6426249,0,3,-43
1759484782.681625,4,1,-38
1759484782.7196248,-3,-1,-44
1759484782.7566247,1,0,-40
1759484782.7936249,-6,1,-45
1759484782.8316247,-1,0,-54
1759484782.8706248,-2,1,-42
1759484782.9066248,-1,-3,-42
1759484782.9456248,0,3,-35
1759484782.9826248,4,1,-34
1759484783.0216248,2,5,-36
1759484783.0576248,-1,-1,-42
1759484783.0956247,-1,-4,-40
1759484783.1336248,0,0,-37
1759484783.1726248,-2,0,-35
1759484783.2106247,0,-1,-44
1759484783.2466247,-3,-2,-37
1759484783.2846248,-3,-3,-46
1759484783.3236248,-1,6,-38
1759484783.3616247,-2,0,-25
1759484783.3976247,-1,0,-28
1759484783.4356248,0,0,-31
1759484783.4746249,1,7,-31
1759484783.5126247,0,-6,-25
1759484783.5506248,-2,0,-28
1759484783.5866249,1,-2,-27
1759484783.625625,-1,5,-34
1759484783.6626248,0,9,-40
1759484783.7016249,-2,4,-32
1759484783.737625,-1,0,-35
1759484783.776625,2,6,-37
1759484783.8136249,-4,5,-41
1759484783.852625,-11,-1,-38
1759484783.8906248,-3,3,-35
1759484783.9266248,-8,8,-42
1759484783.9636247,3,0,-32
1759484784.0026248,-4,-4,-47
1759484784.0406249,-7,-4,-39
1759484784.0766249,-3,-5,-44
1759484784.1146247,0,0,-40
1759484784.1526248,0,0,-38
1759484784.1916249,1,4,-42
1759484784.227625,1,0,-38
1759484784.2646248,6,-2,-41
1759484784.3026247,-4,4,-32
1759484784.3416247,-8,-3,-33
1759484784.3776248,-3,0,-44
1759484784.4156249,-4,0,-47
1759484784.454625,-8,0,-36
1759484784.4926248,-7,0,-39
1759484784.5286248,0,3,-25
1759484784.5656247,-1,0,-21
1759484784.6036248,2,0,-22
1759484784.6426249,1,5,-27
1759484784.6786249,0,2,-31
1759484784.7156248,6,4,-31
1759484784.753625,7,0,-42
1759484784.7926247,6,-1,-38
1759484784.8286247,5,0,-29
1759484784.865625,6,1,-31
1759484784.9036248,0,-10,-36
1759484784.9426248,0,-5,-32
1759484784.9786248,3,-4,-33
1759484785.0166247,8,-2,-42
1759484785.0556247,3,6,-52
1759484785.0936248,-3,2,-48
1759484785.1316247,4,1,-40
1759484785.1676247,9,-1,-45
1759484785.2066247,0,0,-40
1759484785.2436247,-4,-8,-37
1759484785.2826247,0,0,-39
1759484785.3186247,0,4,-34
1759484785.3566248,-3,0,-25
1759484785.3936248,4,0,-30
1759484785.4326248,4,-3,-39
1759484785.4686248,1,4,-32
1759484785.5066247,4,-2,-29
1759484785.5436249,0,0,-30
1759484785.582625,8,0,-34
1759484785.6186247,6,-4,-36
1759484785.6566248,2,-1,-43
1759484785.6936247,-4,4,-24
1759484785.7326248,3,-5,-42
1759484785.7686248,5,-5,-41
1759484785.806625,10,-4,-33
1759484785.8436248,3,-1,-37
1759484785.8826249,6,2,-31
1759484785.9186249,2,1,-34
1759484785.9566247,9,2,-28
1759484785.9936247,3,1,-36
1759484786.0326247,-4,3,-32
1759484786.0686247,-1,0,-31
1759484786.1066248,-7,2,-51
1759484786.1436248,1,2,-36
1759484786.1826248,-3,5,-32
1759484786.2186248,3,9,-31
1759484786.2566247,-4,1,-39
1759484786.2936249,-6,0,-29
1759484786.332625,0,0,-31
1759484786.3686247,1,0,-35
1759484786.4066248,6,-2,-36
1759484786.4436247,0,-7,-39
1759484786.4826248,0,-6,-36
1759484786.5186248,3,0,-40
1759484786.556625,8,-1,-44
1759484786.5936248,5,-5,-29
1759484786.6326249,4,-7,-33
1759484786.6686249,-1,-4,-34
1759484786.707625,-5,0,-40
1759484786.7446249,-5,0,-44
1759484786.783625,-6,8,-35
1759484786.819625,-5,8,-39
1759484786.8576248,-7,3,-37
1759484786.8946247,-4,1,-33
1759484786.9336247,-4,-5,-43
1759484786.9696248,3,-6,-29
1759484787.0076249,0,-1,-36
1759484787.0446248,1,5,-42
1759484787.0836248,0,0,-48
1759484787.1196249,1,3,-44
1759484787.1566248,0,4,-43
1759484787.194625,3,0,-47
1759484787.2336247,8,6,-42
1759484787.2696247,6,2,-32
1759484787.3076248,9,-4,-36
1759484787.3446248,3,-2,-34
1759484787.3836248,-3,-1,-36
1759484787.4196248,-2,-1,-33
1759484787.457625,0,-6,-40
1759484787.4956248,1,0,-44
1759484787.5346248,4,-6,-37
1759484787.5726247,6,-3,-23
1759484787.6086247,4,-5,-23
1759484787.6466248,2,-2,-34
1759484787.6856248,0,4,-32
1759484787.7236247,2,0,-40
1759484787.7596247,-4,2,-37
1759484787.796625,4,7,-45
1759484787.8356247,3,0,-37
1759484787.8736248,-2,-3,-41
1759484787.9096248,-5,-4,-36
1759484787.9486248,5,0,-26
1759484787.9856248,1,0,-38
1759484788.0246248,9,4,-44
1759484788.0606248,-2,2,-46
1759484788.0986247,-7,0,-30
1759484788.1366248,-3,0,-41
1759484788.1746247,-1,0,-45
1759484788.2106247,-4,-3,-40
1759484788.2496247,-4,0,-44
1759484788.286625,-6,-2,-44
1759484788.3246248,-6,5,-31
1759484788.3636248,-4,6,-30
1759484788.3996248,3,3,-39
1759484788.4366248,8,-4,-37
1759484788.4746249,10,0,-33
1759484788.513625,1,2,-29
1759484788.5506248,-4,-2,-38
1759484788.5876248,0,0,-49
1759484788.625625,-3,-5,-50
1759484788.6706247,0,0,-36
1759484788.7086248,4,5,-24
1759484788.7466247,3,10,-27
1759484788.7846248,-2,5,-33
1759484788.8216248,-4,0,-31
1759484788.8596249,-2,7,-30
1759484788.8976247,4,1,-47
1759484788.9356248,3,0,-38
1759484788.9736247,7,8,-38
1759484789.010625,9,0,-43
1759484789.0486248,0,1,-40
1759484789.0856247,-1,-5,-29
1759484789.1246247,6,-4,-45
1759484789.1606247,3,-4,-41
1759484789.1996248,-1,-2,-39
1759484789.2366247,-6,2,-44
1759484789.2756248,-3,-6,-24
1759484789.3136249,5,-7,-42
1759484789.3496249,5,-3,-45
1759484789.3876247,-3,0,-47
1759484789.4256248,3,0,-44
1759484789.464625,0,2,-44
1759484789.500625,-1,4,-54
1759484789.5386248,8,6,-47
1759484789.5776248,0,0,-47
1759484789.615625,5,1,-58
1759484789.6536248,0,-1,-51
1759484789.6896248,0,2,-35
1759484789.7266247,-3,1,-42
1759484789.7656248,-4,4,-37
1759484789.8016248,-10,5,-42
1759484789.8386247,0,8,-48
1759484789.8776248,0,4,-29
1759484789.9156249,-4,0,-43
1759484789.9516249,0,1,-38
1759484789.9886248,10,4,-32
1759484790.026625,0,4,-35
1759484790.0656247,-4,0,-29
1759484790.1016247,-4,5,-53
1759484790.138625,-1,2,-58
1759484790.1766248,4,-5,-33
1759484790.2156248,1,5,-35
1759484790.2516248,4,0,-42
1759484790.2896247,0,-2,-44
1759484790.3276248,0,2,-41
1759484790.365625,7,8,-24
1759484790.401625,3,1,-21
1759484790.4386249,-5,3,-26
1759484790.477625,-5,2,-35
1759484790.5156248,-3,1,-36
1759484790.5516248,-7,-2,-30
1759484790.589625,-5,0,-42
1759484790.628625,-7,-3,-32
1759484790.6666248,-5,-2,-45
1759484790.704625,-3,-3,-42
1759484790.7416248,-7,-4,-39
1759484790.7786248,2,-5,-44
1759484790.8166249,2,-9,-42
1759484790.855625,1,-7,-38
1759484790.8916247,-1,-2,-51
1759484790.9296248,7,-1,-32
1759484790.967625,-7,2,-35
1759484791.0066247,-1,-1,-40
1759484791.0446248,-1,0,-45
1759484791.0806248,2,-1,-46
1759484791.1196249,0,2,-41
1759484791.1566248,0,-1,-33
1759484791.1956248,2,0,-28
1759484791.2316248,-7,0,-46
1759484791.2696247,-3,-5,-47
1759484791.3076248,2,0,-46
1759484791.3456247,6,3,-43
1759484791.3816247,2,5,-37
1759484791.4196248,4,3,-46
1759484791.4566247,0,1,-49
1759484791.4956248,0,-3,-37
1759484791.5316248,-8,3,-32
1759484791.569625,-2,0,-46
1759484791.6066248,4,0,-49
1759484791.6456249,-1,2,-37
1759484791.681625,-4,1,-45
1759484791.7196248,-8,-4,-41
1759484791.7576249,-5,-5,-42
1759484791.7956247,3,-5,-41
1759484791.8316247,10,-1,-38
1759484791.8696249,8,-2,-37
1759484791.908625,-4,-2,-34
1759484791.9466248,3,-3,-38
1759484791.9826248,3,-1,-41
1759484792.0206249,1,2,-37
1759484792.0586247,3,7,-44
1759484792.0966249,5,0,-43
1759484792.135625,8,6,-38
1759484792.171625,2,1,-41
1759484792.2086248,0,0,-47
1759484792.2476249,-1,-5,-41
1759484792.2856247,2,-4,-52
1759484792.3216248,1,0,-49
1759484792.3586247,3,-7,-45
1759484792.3976247,7,-6,-45
1759484792.4356248,-2,1,-47
1759484792.4716249,-4,-12,-46
1759484792.5096247,-3,-7,-48
1759484792.5486248,-6,-4,-39
1759484792.5866249,-1,2,-25
1759484792.6226249,0,0,-39
1759484792.661625,-1,-5,-44
1759484792.6996248,1,-2,-45
1759484792.737625,1,-2,-42
1759484792.7756248,-2,2,-42
1759484792.8116248,0,0,-40
1759484792.8496249,-4,-5,-37
1759484792.8876247,0,-2,-43
1759484792.9256248,7,-3,-41
1759484792.9616249,6,-6,-38
1759484792.9996247,10,-4,-41
1759484793.0376248,5,-4,-39
1759484793.0756247,1,0,-39
1759484793.1116247,3,-1,-38
1759484793.148625,2,-4,-48
1759484793.1876247,3,-5,-19
1759484793.2236247,2,0,-21
1759484793.2616248,3,-4,-37
1759484793.2986248,2,-10,-44
1759484793.3376248,3,-5,-37
1759484793.3736248,-5,-6,-32
1759484793.4126248,5,-7,-21
1759484793.4506247,0,4,-43
1759484793.487625,3,-4,-42
1759484793.526625,1,0,-34
1759484793.5626247,1,-2,-34
1759484793.6006248,-1,-4,-38
1759484793.638625,-6,-2,-36
1759484793.6776247,1,0,-39
1759484793.7136247,-2,-3,-36
1759484793.7516248,-2,-10,-34
1759484793.7896247,2,0,-37
1759484793.8286247,-7,-2,-39
1759484793.8666248,3,-1,-41
1759484793.9026248,5,3,-27
1759484793.9396248,1,0,-30
1759484793.9786248,-2,0,-31
1759484794.0166247,-4,-5,-34
1759484794.0526247,-5,0,-36
1759484794.089625,2,-2,-36
1759484794.128625,1,-4,-43
1759484794.1666248,7,-6,-41
1759484794.2026248,-4,-2,-36
1759484794.2416248,-1,-1,-49
1759484794.2796247,5,2,-36
1759484794.3176248,0,-1,-45
1759484794.3536248,-2,-1,-30
1759484794.3926249,4,-2,-50
1759484794.4296248,-3,0,-46
1759484794.4686248,-4,-4,-40
1759484794.5066247,-7,1,-35
1759484794.5426247,0,3,-36
1759484794.579625,-3,3,-44
1759484794.6186247,-1,2,-44
1759484794.6566248,3,1,-33
1759484794.6926248,2,2,-46
1759484794.7296247,2,7,-37
1759484794.7686248,6,-2,-34
1759484794.806625,3,5,-35
1759484794.842625,4,0,-31
1759484794.8796248,6,1,-32
1759484794.9186249,8,1,-45
1759484794.954625,-9,0,-35
1759484794.9916248,-2,-4,-34
1759484795.0296247,-1,-2,-34
1759484795.0686247,0,-7,-30
1759484795.1046247,-2,-3,-33
1759484795.1426249,-7,-7,-41
1759484795.1806247,1,2,-36
1759484795.2186248,8,1,-35
1759484795.2576249,1,5,-35
1759484795.2936249,2,-5,-42
1759484795.3306248,3,-1,-36
1759484795.3686247,2,3,-34
1759484795.4076247,0,-1,-37
1759484795.4436247,-6,-5,-44
1759484795.4816248,-10,1,-49
1759484795.5196247,-4,-6,-47
1759484795.5586247,-1,-1,-41
1759484795.5956247,1,-3,-49
1759484795.6326249,5,3,-38
1759484795.671625,-7,0,-35
1759484795.7096248,1,1,-39
1759484795.7476249,-3,-1,-29
1759484795.7846248,-4,-1,-47
1759484795.8226247,-2,-4,-49
1759484795.8596249,0,-2,-45
1759484795.898625,5,-7,-35
1759484795.934625,5,1,-46
1759484795.9716249,7,-4,-50
1759484796.010625,1,-1,-47
1759484796.0486248,0,1,-44
1759484796.0846248,10,-1,-38
1759484796.1236248,0,-1,-50
1759484796.1606247,-3,2,-28
1759484796.1996248,-6,5,-37
1759484796.237625,2,4,-38
1759484796.273625,0,0,-33
1759484796.3106248,0,3,-31
1759484796.3496249,3,2,-28
1759484796.3876247,2,1,-37
1759484796.4236248,7,1,-42
1759484796.4606247,3,0,-44
1759484796.4996247,-2,-5,-39
1759484796.5376248,-6,-1,-35
1759484796.5736248,-4,-2,-31
1759484796.6116247,6,0,-34
1759484796.6506248,2,7,-42
1759484796.6886249,5,0,-49
1759484796.7256248,6,2,-45
1759484796.763625,-1,0,-45
1759484796.8016248,-2,0,-46
1759484796.839625,1,-1,-38
1759484796.875625,8,2,-37
1759484796.9126248,3,5,-33
1759484796.9516249,-2,3,-34
1759484796.9896247,0,6,-34
1759484797.0256248,1,-1,-34
1759484797.0626247,-6,-5,-38
1759484797.1016247,0,0,-51
1759484797.1396248,-5,-4,-42
1759484797.1756248,0,-6,-30
1759484797.2126248,-1,0,-42
1759484797.2516248,5,2,-50
1759484797.2896247,5,-8,-47
1759484797.3256247,0,-6,-48
1759484797.3646247,4,-6,-53
1759484797.401625,-3,-5,-39
1759484797.4406247,-4,-12,-52
1759484797.4786248,1,0,-47
1759484797.5146248,-1,-2,-39
1759484797.5526247,-2,-2,-38
1759484797.5906248,-1,-4,-43
1759484797.6296248,-1,0,-29
1759484797.6656249,-2,2,-37
1759484797.7036247,-3,-1,-37
1759484797.7426248,-1,4,-33
1759484797.7806249,-7,4,-33
1759484797.8186247,3,8,-40
1759484797.8546247,10,4,-42
1759484797.8926249,8,-2,-39
1759484797.9306247,12,-8,-37
1759484797.9686248,2,-2,-44
1759484798.0046248,5,-2,-41
1759484798.0426247,1,0,-32
1759484798.0806248,0,0,-35
1759484798.1186247,4,-1,-43
1759484798.1546247,-1,-2,-43
1759484798.1926248,3,-5,-36
1759484798.2316248,0,1,-32
1759484798.2696247,1,0,-31
1759484798.3056247,1,-1,-29
1759484798.342625,3,-3,-39
1759484798.3816247,7,-6,-40
1759484798.4196248,1,-4,-40
1759484798.4556248,-3,-4,-38
1759484798.4946249,0,5,-36
1759484798.5316248,-1,5,-37
1759484798.5706248,2,2,-33
1759484798.6066248,-2,0,-45
1759484798.6446247,-1,-1,-38
1759484798.6896248,-4,-11,-27
1759484798.7256248,0,-4,-36
1759484798.7646248,4,3,-42
1759484798.8016248,7,0,-36
1759484798.8406248,0,7,-39
1759484798.8776248,-1,6,-38
1759484798.9146247,-2,-4,-28
1759484798.9526248,3,-5,-41
1759484798.9916248,-3,0,-43
1759484799.0296247,-2,3,-50
1759484799.0656247,-3,4,-47
1759484799.1036248,-2,1,-49
1759484799.1416247,0,-3,-41
1759484799.1806247,5,3,-42
1759484799.2166247,1,6,-39
1759484799.2556248,-4,6,-41
1759484799.2926247,4,1,-50
1759484799.3316247,2,0,-41
1759484799.3696249,-2,-2,-45
1759484799.4056249,-3,-4,-33
1759484799.444625,-7,-7,-35
1759484799.4816248,0,-1,-35
1759484799.5206249,2,-2,-51
1759484799.556625,-3,5,-43
1759484799.5946248,5,0,-41
1759484799.6326249,-1,-1,-33
1759484799.671625,-5,0,-26
1759484799.7096248,-3,-4,-33
1759484799.7456248,-4,-6,-47
1759484799.783625,0,-6,-43
1759484799.8226247,0,1,-35
1759484799.8606248,-2,3,-31
1759484799.8966248,4,3,-45
1759484799.934625,3,3,-32
1759484799.9726248,2,-1,-38
1759484800.010625,1,-2,-24
1759484800.046625,1,-4,-30
1759484800.0846248,0,-2,-30
1759484800.1236248,0,-5,-40
1759484800.161625,0,2,-39
1759484800.1976247,3,1,-30
1759484800.2356248,-4,-7,-39
1759484800.2726247,-3,-7,-33
1759484800.3116248,2,0,-35
1759484800.3476248,-4,-2,-41
1759484800.385625,-5,-3,-29
1759484800.4246247,5,0,-32
1759484800.4616249,1,-3,-46
1759484800.500625,-1,-2,-36
1759484800.536625,2,0,-33
1759484800.5736248,-2,-2,-30
1759484800.6116247,-3,-3,-29
1759484800.6506248,0,-7,-42
1759484800.6866248,1,-11,-39
1759484800.7246249,1,0,-43
1759484800.7626247,5,0,-36
1759484800.8016248,3,5,-28
1759484800.8376248,-4,2,-37
1759484800.875625,-13,0,-39
1759484800.9136248,-4,1,-33
1759484800.9526248,-1,-5,-33
1759484800.990625,4,-8,-48
1759484801.026625,1,-1,-36
1759484801.0656247,-2,-2,-33
1759484801.1036248,-5,-2,-42
1759484801.1416247,-3,0,-32
1759484801.1786249,4,4,-39
1759484801.2156248,1,6,-32
1759484801.253625,0,3,-27
1759484801.2926247,-5,0,-24
1759484801.3306248,2,0,-44
1759484801.3666248,-2,2,-50
1759484801.4036248,-1,-2,-45
1759484801.4426248,0,1,-42
1759484801.480625,4,2,-34
1759484801.5166247,2,-2,-39
1759484801.5556247,-1,-2,-29
1759484801.592625,-5,-4,-35
1759484801.6316247,-1,0,-30
1759484801.6676247,-4,1,-38
1759484801.7066247,-7,-6,-38
1759484801.7436247,-4,2,-45
1759484801.7826247,-8,-1,-40
1759484801.8206248,-2,0,-30
1759484801.8566248,2,-2,-39
1759484801.8956249,4,-4,-41
1759484801.9326248,1,-6,-44
1759484801.9716249,0,0,-41
1759484802.0076249,2,6,-44
1759484802.0456247,5,0,-56
1759484802.082625,0,-3,-43
1759484802.1216247,1,-3,-43
1759484802.1576247,0,-3,-38
1759484802.1956248,0,-1,-32
1759484802.2326248,0,0,-31
1759484802.2716248,-6,0,-38
1759484802.3076248,-5,0,-39
1759484802.3456247,11,6,-38
1759484802.3826249,1,0,-33
1759484802.421625,4,-1,-38
1759484802.457625,-8,0,-43
1759484802.4956248,-4,0,-48
1759484802.5326247,4,-1,-38
1759484802.5716248,1,2,-35
1759484802.6076248,1,0,-27
1759484802.6456249,-2,4,-28
1759484802.6836247,-6,-4,-35
1759484802.7216249,8,-2,-31
1759484802.7576249,8,-5,-34
1759484802.7956247,10,-2,-32
1759484802.8336248,2,0,-34
1759484802.8716247,-2,-2,-47
1759484802.9076247,-3,0,-45
1759484802.9456248,0,-4,-48
1759484802.9836247,0,-1,-37
1759484803.0216248,1,-7,-43
1759484803.0576248,0,0,-43
1759484803.0956247,-5,-6,-47
1759484803.1336248,4,-4,-34
1759484803.171625,4,2,-24
1759484803.207625,2,0,-34
1759484803.2446249,3,2,-42
1759484803.283625,2,1,-36
1759484803.3216248,-1,-1,-39
1759484803.3576248,-4,-1,-36
1759484803.3966248,1,4,-23
1759484803.4336247,-4,2,-25
1759484803.4726248,-3,4,-33
1759484803.5086248,-7,0,-32
1759484803.546625,7,-2,-40
1759484803.5836248,0,5,-41
1759484803.6226249,-4,-1,-37
1759484803.658625,-5,-5,-35
1759484803.6966248,-2,-2,-35
1759484803.7346249,-1,-1,-41
1759484803.773625,2,0,-48
1759484803.809625,2,0,-35
1759484803.8476248,-8,-1,-44
1759484803.8846247,-2,1,-45
1759484803.9236248,-2,2,-35
1759484803.9596248,1,8,-30
1759484803.9976249,-7,-1,-37
1759484804.0346248,-11,-12,-45
1759484804.0736248,-1,-8,-40
1759484804.1096249,-3,-7,-42
1759484804.1476247,-3,0,-51
1759484804.1866248,-2,-1,-45
1759484804.2246249,0,-8,-36
1759484804.2626247,-1,-2,-39
1759484804.2996247,0,-2,-27
1759484804.3376248,-7,-3,-33
1759484804.3746247,-4,2,-44
1759484804.4136248,-2,5,-39
1759484804.4496248,-2,12,-42
1759484804.487625,0,0,-45
1759484804.526625,-1,-1,-41
1759484804.5646248,-4,0,-30
1759484804.602625,-5,0,-38
1759484804.638625,-3,0,-31
1759484804.6766248,4,-2,-46
1759484804.714625,9,-5,-44
1759484804.753625,0,-2,-37
1759484804.7896247,3,-9,-34
1759484804.8286247,7,-4,-45
1759484804.865625,9,9,-43
1759484804.9046247,10,-2,-28
1759484804.9426248,5,-5,-39
1759484804.9786248,3,-1,-36
1759484805.0176249,3,-3,-41
1759484805.0556247,0,-12,-40
1759484805.0936248,5,-2,-37
1759484805.1306248,-1,-4,-49
1759484805.1676247,0,2,-48
1759484805.2066247,-1,-2,-44
1759484805.2446249,0,-3,-46
1759484805.2826247,5,-9,-46
1759484805.3186247,0,-3,-33
1759484805.3576248,-10,-3,-29
1759484805.3946247,-6,-4,-33
1759484805.4336247,-5,1,-33
1759484805.4696248,-2,-3,-34
1759484805.5086248,4,3,-45
1759484805.5456247,3,2,-39
1759484805.5846248,-4,0,-38
1759484805.6206248,-5,-4,-35
1759484805.658625,-1,-6,-32
1759484805.6976247,3,-2,-39
1759484805.7346249,0,-3,-52
1759484805.773625,3,-7,-44
1759484805.809625,2,5,-30
1759484805.8476248,8,5,-48
1759484805.8846247,-3,3,-42
1759484805.9236248,-3,1,-36
1759484805.9596248,-3,0,-37
1759484805.9976249,0,2,-33
1759484806.0356247,-1,-1,-39
1759484806.0746248,0,-1,-33
1759484806.1106248,1,-9,-49
1759484806.1476247,0,-9,-45
1759484806.1856248,-1,-6,-43
1759484806.2246249,0,-7,-42
1759484806.260625,10,4,-37
1759484806.2976248,4,0,-34
1759484806.3356247,-2,0,-40
1759484806.3746247,0,2,-42
1759484806.4106247,0,5,-34
1759484806.4476247,-5,5,-37
1759484806.4856248,-6,12,-29
1759484806.5246248,-2,7,-42
1759484806.5606248,0,0,-32
1759484806.5986247,-2,-3,-39
1759484806.635625,4,0,-39
1759484806.6746247,9,-5,-36
1759484806.7106247,11,1,-40
1759484806.7486248,0,1,-27
1759484806.7856247,-1,-4,-27
1759484806.8246248,2,2,-40
1759484806.8606248,4,1,-46
1759484806.898625,2,0,-38
1759484806.9356248,0,0,-40
1759484806.9746249,0,0,-40
1759484807.010625,3,3,-54
1759484807.0486248,-1,1,-46
1759484807.0866249,-2,4,-37
1759484807.1246247,5,2,-37
1759484807.1606247,4,0,-37
1759484807.1986248,10,-7,-40
1759484807.2356248,-3,-4,-39
1759484807.2746248,7,-4,-38
1759484807.3106248,0,-2,-38
1759484807.3486247,-2,1,-29
1759484807.3866248,0,3,-43
1759484807.4246247,0,0,-38
1759484807.4606247,0,0,-41
1759484807.4986248,-1,-1,-35
1759484807.5356247,-8,-1,-32
1759484807.5746248,-5,-1,-46
1759484807.6106248,1,3,-52
1759484807.648625,1,3,-35
1759484807.6856248,-2,6,-23
1759484807.7246249,-7,5,-44
1759484807.760625,-2,4,-40
1759484807.7996247,0,-3,-47
1759484807.8366249,2,1,-44
1759484807.875625,0,-1,-27
1759484807.911625,1,-2,-35
1759484807.9496248,10,1,-49
1759484807.987625,8,6,-43
1759484808.026625,8,0,-35
1759484808.0646248,3,-4,-41
1759484808.1016247,7,0,-30
1759484808.138625,5,2,-34
1759484808.1776247,1,4,-36
1759484808.2156248,0,-1,-32
1759484808.2516248,0,1,-36
1759484808.2886248,0,-5,-31
1759484808.3276248,0,-4,-33
1759484808.365625,-7,-2,-39
1759484808.401625,-8,1,-37
1759484808.4386249,-5,-3,-44
1759484808.477625,-2,-2,-46
1759484808.5156248,0,-2,-41
1759484808.5516248,0,6,-38
1759484808.5886247,-1,3,-29
1759484808.6276248,3,0,-40
1759484808.6656249,0,0,-43
1759484808.7106247,4,10,-33
1759484808.7486248,4,10,-27
1759484808.786625,5,5,-25
1759484808.8246248,2,-3,-41
1759484808.8606248,-4,-1,-45
1759484808.8996248,-1,0,-43
1759484808.9366248,-1,0,-29
1759484808.9756248,2,2,-32
1759484809.0116248,0,4,-43
1759484809.0496247,-7,-5,-38
1759484809.0866249,-3,-5,-44
1759484809.125625,2,-3,-36
1759484809.161625,0,-3,-41
1759484809.1996248,-1,-4,-44
1759484809.237625,4,-4,-48
1759484809.2756248,-3,-2,-46
1759484809.3116248,-2,-6,-47
1759484809.3496249,-4,2,-51
1759484809.3876247,7,1,-41
1759484809.4266248,2,6,-43
1759484809.4626248,2,0,-40
1759484809.4996247,-5,4,-36
1759484809.5386248,-11,11,-28
1759484809.5766249,-5,0,-26
1759484809.612625,-7,-1,-40
1759484809.6506248,-4,6,-41
1759484809.6886249,1,1,-49
1759484809.727625,0,-5,-40
1759484809.7656248,4,-6,-37
1759484809.8016248,2,0,-36
1759484809.8386247,-2,-3,-39
1759484809.8776248,0,-8,-37
1759484809.9156249,-3,-4,-35
1759484809.9516249,-9,2,-31
1759484809.9896247,-1,0,-39
1759484810.0286248,0,3,-34
1759484810.0666249,-6,0,-31
1759484810.102625,-9,0,-40
1759484810.1416247,-5,-2,-39
1759484810.1786249,-5,-2,-40
1759484810.217625,1,-4,-37
1759484810.2556248,-10,4,-33
1759484810.2916248,-1,-8,-38
1759484810.329625,1,-7,-28
1759484810.3676248,-5,-3,-38
1759484810.4066248,6,-6,-37
1759484810.4426248,11,4,-46
1759484810.4796247,7,3,-45
1759484810.5186248,3,-1,-42
1759484810.556625,1,-2,-41
1759484810.592625,-5,-6,-41
1759484810.6306248,6,-4,-37
1759484810.6696248,0,-5,-43
1759484810.707625,-5,-5,-42
1759484810.7436247,1,2,-34
1759484810.7806249,-9,0,-36
1759484810.819625,-6,-5,-32
1759484810.8576248,0,3,-30
1759484810.8946247,0,3,-36
1759484810.931625,4,5,-38
1759484810.9706247,8,1,-43
1759484811.0076249,-1,-5,-48
1759484811.046625,4,-4,-33
1759484811.082625,2,-3,-33
1759484811.1216247,-4,0,-39
1759484811.1596248,-4,0,-37
1759484811.1976247,4,6,-41
1759484811.2336247,0,8,-49
1759484811.2716248,-5,0,-48
1759484811.309625,-2,-1,-39
1759484811.3486247,0,-7,-27
1759484811.3866248,5,4,-25
1759484811.4226248,7,0,-32
1759484811.4596248,4,-1,-45
1759484811.4986248,5,-3,-46
1759484811.536625,-4,-3,-39
1759484811.5726247,4,0,-34
1759484811.6096249,-5,-4,-44
1759484811.648625,-3,0,-41
1759484811.6866248,-4,-1,-47
1759484811.7226248,-7,2,-37
1759484811.7596247,-7,0,-44
1759484811.7986248,6,3,-43
1759484811.8366249,6,-2,-36
1759484811.8726249,6,-2,-35
1759484811.9096248,-1,0,-26
1759484811.9486248,1,0,-24
1759484811.9866247,0,1,-31
1759484812.0226247,2,4,-40
1759484812.059625,0,4,-39
1759484812.0986247,3,-1,-42
1759484812.1366248,12,0,-31
1759484812.1726248,10,2,-40
1759484812.2106247,3,3,-42
1759484812.2486248,3,-1,-43
1759484812.286625,2,-2,-37
1759484812.3226247,-1,-3,-44
1759484812.3606248,0,1,-38
1759484812.398625,-3,2,-37
1759484812.4376247,-1,-1,-38
1759484812.4736247,5,3,-42
1759484812.5116248,7,3,-37
1759484812.5486248,5,-5,-38
1759484812.5876248,7,3,-42
1759484812.6236248,3,2,-42
1759484812.6606247,4,-7,-40
1759484812.6996248,2,-7,-36
1759484812.737625,0,3,-34
1759484812.773625,0,4,-44
1759484812.8106248,9,0,-40
1759484812.8486247,7,0,-42
1759484812.8876247,4,-3,-46
1759484812.9236248,0,-2,-40
1759484812.9616249,-3,-2,-32
1759484812.9996247,0,8,-36
1759484813.0386248,-12,0,-33
1759484813.0746248,-4,-5,-28
1759484813.1136248,-5,-10,-37
1759484813.1506248,-3,-2,-42
1759484813.1896248,7,2,-43
1759484813.227625,1,0,-28
1759484813.263625,-8,0,-45
1759484813.3016248,-4,1,-41
1759484813.339625,-4,-2,-52
1759484813.3776248,-7,-5,-41
1759484813.4136248,-5,-1,-36
1759484813.4526248,0,-3,-46
1759484813.4896247,0,-2,-34
1759484813.5286248,4,1,-38
1759484813.5646248,10,-1,-31
1759484813.602625,-4,0,-43
1759484813.6406248,-5,-3,-44
1759484813.6796248,-4,-3,-43
1759484813.717625,-1,-1,-36
1759484813.753625,1,1,-37
1759484813.7926247,-1,0,-39
1759484813.8306248,-6,7,-43
1759484813.8686247,0,1,-33
1759484813.9056249,-8,-5,-35
1759484813.9426248,-9,-5,-30
1759484813.980625,1,-4,-36
1759484814.0196247,-6,-4,-42
1759484814.0576248,0,0,-42
1759484814.0936248,-5,0,-44
1759484814.1316247,0,5,-32
1759484814.1696248,2,-5,-38
1759484814.2086248,0,-4,-40
1759484814.2446249,-8,-2,-34
1759484814.2826247,-9,-2,-42
1759484814.3206248,-7,4,-30
1759484814.3596249,6,-2,-31
1759484814.3956249,6,0,-37
1759484814.4326248,-1,-5,-25
1759484814.4706247,-2,-4,-40
1759484814.5096247,-6,-2,-44
1759484814.5456247,3,-3,-48
1759484814.5836248,5,-1,-53
1759484814.6216247,3,-2,-42
1759484814.6606247,-2,-3,-43
1759484814.6986248,-3,0,-31
1759484814.7346249,0,-3,-37
1759484814.773625,0,-4,-43
1759484814.8116248,5,0,-43
1759484814.8496249,-3,0,-49
1759484814.8866248,0,1,-42
1759484814.9236248,2,-1,-38
1759484814.9616249,-6,2,-36
1759484815.000625,-7,-4,-40
1759484815.0386248,5,-5,-42
1759484815.0746248,1,0,-46
1759484815.1116247,-1,-2,-42
1759484815.1506248,0,6,-41
1759484815.1886249,-2,6,-34
1759484815.2246249,-4,2,-38
1759484815.2616248,0,1,-36
1759484815.3006248,-1,-5,-35
1759484815.3386247,-1,-7,-54
1759484815.3746247,-1,-4,-47
1759484815.4126248,-5,-8,-45
1759484815.4506247,-5,-3,-39
1759484815.4896247,1,-6,-40
1759484815.5256248,-2,-8,-39
1759484815.5636249,-5,2,-45
1759484815.602625,-3,4,-50
1759484815.6406248,0,2,-41
1759484815.6786249,0,-5,-33
1759484815.714625,-3,0,-38
1759484815.7526248,-4,-4,-34
1759484815.7906249,-8,0,-46
1759484815.8286247,-9,0,-51
1759484815.8646247,-1,-1,-27
1759484815.9026248,-3,-7,-36
1759484815.9406247,4,-11,-42
1759484815.9796247,1,0,-41
1759484816.0156248,0,-5,-54
1759484816.0526247,0,-8,-43
1759484816.0916247,-3,0,-37
1759484816.1296248,-3,1,-40
1759484816.1656249,0,-3,-33
1759484816.204625,3,2,-33
1759484816.2416248,-5,3,-45
1759484816.2806249,-9,-2,-32
1759484816.3166249,0,0,-31
1759484816.3546247,-3,1,-24
1759484816.3916247,-3,4,-30
1759484816.4306247,3,3,-43
1759484816.4666247,6,-4,-43
1759484816.5046248,0,3,-43
1759484816.5416248,0,-5,-40
1759484816.5806248,0,-5,-35
1759484816.6166248,1,-3,-40
1759484816.6546247,0,0,-39
1759484816.6916249,-4,3,-40
1759484816.730625,-7,2,-30
1759484816.7666247,0,-3,-34
1759484816.8046248,-2,-8,-52
1759484816.8416247,3,-1,-57
1759484816.8806248,1,0,-49
1759484816.9166248,-3,3,-46
1759484816.954625,-7,10,-50
1759484816.9926248,-4,3,-41
1759484817.0316248,-3,-5,-39
1759484817.069625,-2,-2,-45
1759484817.105625,1,0,-41
1759484817.1426249,0,0,-41
1759484817.181625,2,5,-40
1759484817.2196248,0,0,-40
1759484817.2556248,0,-1,-35
1759484817.2946248,4,0,-39
1759484817.332625,-4,5,-23
1759484817.3706248,-1,0,-40
1759484817.4066248,0,-2,-33
1759484817.444625,-2,-5,-28
1759484817.4826248,0,0,-42
1759484817.5216248,-4,3,-35
1759484817.559625,0,0,-32
1759484817.5956247,1,-1,-40
1759484817.6336248,9,0,-33
1759484817.671625,6,3,-43
1759484817.707625,0,1,-43
1759484817.7456248,-2,7,-41
1759484817.783625,1,2,-41
1759484817.8216248,0,4,-56
1759484817.8576248,1,1,-46
1759484817.8956249,4,3,-40
1759484817.9336247,2,-2,-37
1759484817.9716249,-4,-5,-38
1759484818.0076249,-2,-3,-34
1759484818.0456247,0,-8,-34
1759484818.0836248,-3,-6,-38
1759484818.1216247,0,-4,-45
1759484818.1606247,-3,-4,-36
1759484818.1966248,-5,0,-34
1759484818.2336247,0,11,-42
1759484818.2716248,-2,6,-33
1759484818.3106248,-2,5,-37
1759484818.3466249,-3,4,-36
1759484818.3846247,2,0,-31
1759484818.4226248,-4,3,-33
1759484818.4616249,3,5,-38
1759484818.4976249,2,-2,-46
1759484818.5346248,-6,-6,-42
1759484818.5726247,-4,-1,-36
1759484818.6116247,4,0,-45
1759484818.6476247,2,-3,-26
1759484818.684625,-7,-2,-40
1759484818.730625,-9,0,-43
1759484818.7666247,2,3,-39
1759484818.8036249,1,-1,-37
1759484818.842625,2,-9,-23
1759484818.8806248,4,-3,-37
1759484818.9166248,1,-13,-42
1759484818.9556248,5,-3,-38
1759484818.9926248,2,2,-45
1759484819.0316248,-5,0,-36
1759484819.0676248,-2,3,-31
1759484819.105625,-3,7,-37
1759484819.1436248,-6,0,-36
1759484819.1826248,1,2,-30
1759484819.2206247,-4,0,-36
1759484819.2566247,3,-3,-34
1759484819.2956247,0,0,-41
1759484819.3336248,3,3,-44
1759484819.3716247,0,1,-31
1759484819.408625,-1,-1,-28
1759484819.4456248,-4,4,-35
1759484819.4836247,-7,0,-37
1759484819.5226247,2,-2,-33
1759484819.5586247,1,5,-42
1759484819.5956247,0,5,-37
1759484819.6336248,0,0,-39
1759484819.6726248,0,-5,-39
1759484819.7086248,-1,-2,-45
1759484819.7476249,-5,-9,-46
1759484819.7846248,0,-4,-39
1759484819.8226247,3,-2,-35
1759484819.8616247,-1,1,-29
1759484819.8976247,-4,-3,-44
1759484819.9356248,-3,-3,-46
1759484819.9736247,-1,2,-42
1759484820.0126247,6,0,-48
1759484820.0486248,3,3,-41
1759484820.0866249,4,3,-32
1759484820.1236248,-4,5,-46
1759484820.1626248,1,0,-36
1759484820.1986248,-2,0,-28
1759484820.2366247,0,-1,-43
1759484820.2746248,0,0,-52
1759484820.3136249,3,-1,-42
1759484820.3516247,-5,1,-28
1759484820.3876247,6,1,-38
1759484820.4246247,1,6,-43
1759484820.4636247,2,0,-45
1759484820.5016248,-6,5,-47
1759484820.5376248,0,8,-42
1759484820.5766249,-1,1,-41
1759484820.6146247,0,1,-32
1759484820.6526248,-1,3,-28
1759484820.6886249,1,-5,-40
1759484820.7256248,5,-4,-30
1759484820.7646248,1,5,-35
1759484820.8026247,2,-3,-34
1759484820.8386247,3,-4,-34
1759484820.8766248,6,-1,-39
1759484820.9156249,-2,-1,-25
1759484820.9536247,6,-2,-28
1759484820.9916248,5,0,-29
1759484821.0276248,-3,-6,-35
1759484821.0656247,-3,-6,-33
1759484821.1036248,-2,3,-39
1759484821.1426249,-3,-6,-33
1759484821.1786249,0,-1,-37
1759484821.217625,-5,-3,-39
1759484821.2556248,-1,0,-38
1759484821.2936249,-1,-1,-41
1759484821.329625,2,1,-39
1759484821.3666248,4,-2,-37
1759484821.4046247,1,0,-32
1759484821.4436247,-1,-4,-42
1759484821.4796247,1,-5,-38
1759484821.5186248,8,-3,-42
1759484821.5556247,2,-2,-33
1759484821.5946248,2,0,-33
1759484821.6326249,9,12,-43
1759484821.6686249,0,4,-33
1759484821.7056248,0,4,-35
1759484821.7446249,0,-1,-34
1759484821.7826247,4,-4,-34
1759484821.8186247,0,-3,-24
1759484821.8566248,3,-2,-33
1759484821.8946247,2,0,-40
1759484821.9326248,-5,-5,-47
1759484821.9686248,-7,-4,-47
1759484822.0076249,2,-5,-42
1759484822.0446248,3,-1,-48
1759484822.0836248,3,-4,-37
1759484822.1196249,0,0,-36
1759484822.1576247,3,0,-37
1759484822.194625,1,0,-35
1759484822.2336247,1,6,-38
1759484822.2696247,-2,-1,-44
1759484822.3076248,4,-1,-49
1759484822.3466249,0,-3,-44
1759484822.3846247,0,4,-38
1759484822.4226248,-4,-3,-43
1759484822.4586248,0,-5,-36
1759484822.4976249,0,-7,-51
1759484822.5356247,0,-3,-43
1759484822.5736248,-9,-2,-38
1759484822.6106248,-2,-1,-46
1759484822.648625,4,-1,-47
1759484822.6856248,-3,0,-43
1759484822.7246249,0,-6,-36
1759484822.7626247,1,-8,-41
1759484822.7986248,0,-5,-42
1759484822.8366249,-2,-1,-46
1759484822.8746247,-3,-2,-38
1759484822.9136248,-8,-4,-24
1759484822.9496248,-8,-8,-29
1759484822.987625,-7,-3,-27
1759484823.0256248,-4,0,-41
1759484823.0646248,-6,-3,-39
1759484823.1006248,2,-8,-49
1759484823.1376247,0,0,-43
1759484823.1756248,-1,2,-42
1759484823.214625,-5,-4,-29
1759484823.250625,-5,1,-42
1759484823.2876248,0,0,-33
1759484823.3256247,1,4,-28
1759484823.3646247,0,1,-29
1759484823.4006248,1,7,-34
1759484823.4376247,-4,0,-41
1759484823.4756248,-8,-4,-48
1759484823.5146248,-4,-5,-39
1759484823.5506248,5,0,-31
1759484823.5876248,-4,1,-37
1759484823.6266248,-5,0,-42
1759484823.6646247,-8,-3,-48
1759484823.7006247,-3,-8,-46
1759484823.7386248,-4,-11,-47
1759484823.7776248,-1,-4,-40
1759484823.8156247,1,-5,-38
1759484823.8536248,-3,-3,-39
1759484823.8896248,0,-3,-41
1759484823.9276247,1,-4,-40
1759484823.9666247,0,-11,-34
1759484824.0046248,-4,-4,-34
1759484824.0406249,2,-6,-41
1759484824.079625,-8,0,-46
1759484824.1166248,-1,5,-42
1759484824.1556249,-1,-1,-39
1759484824.1936247,7,4,-38
1759484824.2296247,-1,0,-30
1759484824.2676249,2,4,-27
1759484824.3056247,-3,0,-21
1759484824.3436248,-5,-1,-33
1759484824.3796248,-5,-3,-33
1759484824.4186249,1,0,-39
1759484824.4556248,2,1,-39
1759484824.4946249,3,-3,-38
1759484824.5306249,0,4,-43
1759484824.5686247,-7,2,-38
1759484824.605625,-6,4,-39
1759484824.6446247,-4,0,-31
1759484824.6806247,0,0,-33
1759484824.717625,4,4,-39
1759484824.7556248,4,5,-44
1759484824.7946248,4,3,-32
1759484824.8306248,0,-2,-27
1759484824.8676248,0,4,-38
1759484824.9066248,-5,2,-36
1759484824.944625,-1,3,-29
1759484824.980625,2,-6,-28
1759484825.0186248,1,-4,-40
1759484825.0556247,2,0,-44
1759484825.0946248,-1,1,-33
1759484825.1306248,-4,7,-29
1759484825.1686249,-3,-2,-38
1759484825.207625,-7,-1,-28
1759484825.2456248,-6,-3,-34
1759484825.2816248,-1,-3,-29
1759484825.319625,4,-3,-44
1759484825.3576248,1,1,-32
1759484825.3966248,2,10,-35
1759484825.434625,-1,1,-40
1759484825.4706247,0,-2,-25
1759484825.5086248,3,2,-26
1759484825.546625,-5,2,-28
1759484825.5846248,-4,5,-29
1759484825.6206248,0,2,-36
1759484825.6576247,-5,-3,-44
1759484825.6966248,-3,3,-37
1759484825.7346249,-5,0,-24
1759484825.7706249,0,-3,-29
1759484825.8076248,0,4,-35
1759484825.8466249,-1,6,-38
1759484825.8846247,0,-3,-39
1759484825.9206247,-3,-1,-45
1759484825.9596248,-1,1,-36
1759484825.9976249,-1,-3,-37
1759484826.0356247,2,-7,-32
1759484826.0716248,-5,-4,-39
1759484826.1106248,-2,-9,-34
1759484826.1476247,0,-6,-34
1759484826.1866248,-3,0,-31
1759484826.2246249,1,0,-26
1759484826.260625,1,3,-37
1759484826.2976248,1,4,-36
1759484826.3366249,5,2,-43
1759484826.3726249,0,5,-32
1759484826.4096248,-3,-6,-37
1759484826.4476247,-7,-3,-49
1759484826.4866247,-6,-3,-28
1759484826.5226247,0,0,-27
1759484826.559625,0,-1,-33
1759484826.5986247,-6,2,-41
1759484826.6366248,-4,0,-33
1759484826.6726248,-2,2,-23
1759484826.7116249,-4,1,-39
1759484826.7496247,-2,-3,-39
1759484826.7876248,0,4,-35
1759484826.8256247,-3,4,-44
1759484826.8616247,1,-3,-37
1759484826.898625,-4,-4,-42
1759484826.9366248,-4,0,-39
1759484826.9756248,-1,3,-36
1759484827.0116248,5,-2,-40
1759484827.0496247,3,1,-53
1759484827.0876248,1,2,-51
1759484827.125625,0,-2,-50
1759484827.161625,-8,-2,-37
1759484827.2006247,-1,-1,-40
1759484827.2386248,3,2,-32
1759484827.276625,-9,-9,-28
1759484827.3126247,1,-3,-44
1759484827.3496249,4,-1,-36
1759484827.3876247,6,-3,-47
1759484827.4266248,-8,-2,-35
1759484827.4626248,-15,0,-34
1759484827.5016248,0,3,-39
1759484827.5396247,-5,1,-49
1759484827.5776248,-2,-1,-27
1759484827.615625,-7,-2,-30
1759484827.651625,3,-3,-40
1759484827.6906247,2,-8,-36
1759484827.7286248,0,-3,-35
1759484827.7666247,-1,0,-29
1759484827.8026247,-4,4,-37
1759484827.8406248,0,4,-35
1759484827.878625,0,4,-40
1759484827.9176247,-2,-3,-37
1759484827.9556248,1,-8,-34
1759484827.9916248,-3,-7,-38
1759484828.0296247,6,2,-41
1759484828.0686247,0,4,-34
1759484828.1066248,2,-4,-30
1759484828.1426249,4,4,-31
1759484828.1806247,3,2,-30
1759484828.217625,7,5,-45
1759484828.2566247,3,0,-32
1759484828.2926247,2,1,-36
1759484828.329625,-2,-4,-36
1759484828.3676248,-4,1,-31
1759484828.4066248,0,-6,-38
1759484828.4426248,0,-2,-39
1759484828.480625,-4,-1,-49
1759484828.5176249,1,-6,-37
1759484828.556625,-1,-2,-37
1759484828.592625,2,-6,-37
1759484828.6296248,2,-5,-38
1759484828.6676247,0,-3,-46
1759484828.7066247,1,1,-42
1759484828.7516248,0,3,-36
1759484828.7896247,-2,0,-47
1759484828.8276248,-3,0,-34
1759484828.8636248,-1,-1,-40
1759484828.9026248,-6,-3,-43
1759484828.9396248,0,0,-39
1759484828.9786248,0,1,-41
1759484829.0166247,3,4,-33
1759484829.0526247,3,-4,-42
1759484829.089625,3,2,-42
1759484829.128625,0,4,-35
1759484829.1666248,2,4,-41
1759484829.2026248,8,-2,-36
1759484829.240625,8,-4,-30
1759484829.2786248,8,0,-27
1759484829.3166249,0,0,-45
1759484829.352625,-7,7,-39
1759484829.3916247,-2,1,-40
1759484829.4296248,-1,2,-35
1759484829.467625,0,-3,-36
1759484829.503625,4,0,-40
1759484829.5406249,4,1,-38
1759484829.579625,3,6,-43
1759484829.6176248,4,1,-48
1759484829.6536248,0,-4,-39
1759484829.6906247,0,1,-37
1759484829.7296247,1,3,-34
1759484829.7676249,-1,6,-31
1759484829.8036249,3,4,-37
1759484829.8406248,7,1,-33
1759484829.8796248,5,1,-35
1759484829.9176247,0,2,-30
1759484829.9536247,0,0,-34
1759484829.990625,-3,4,-39
1759484830.0296247,2,-2,-44
1759484830.0676248,4,-1,-41
1759484830.1036248,-1,-6,-47
1759484830.1416247,1,-9,-39
1759484830.1796248,-2,0,-37
1759484830.2186248,-8,-9,-36
1759484830.2546248,-3,-11,-38
1759484830.2926247,-5,-3,-38
1759484830.3316247,-8,-4,-38
1759484830.3686247,-6,-3,-38
1759484830.4076247,-2,-4,-31
1759484830.4436247,6,-5,-34
1759484830.4816248,9,-4,-23
1759484830.5196247,-5,0,-37
1759484830.5576248,-8,2,-38
1759484830.5936248,-6,0,-44
1759484830.6316247,1,1,-25
1759484830.6696248,-1,-5,-31
1759484830.707625,-2,-3,-35
1759484830.7436247,0,-4,-30
1759484830.7816248,1,1,-34
1759484830.819625,-3,3,-40
1759484830.8586247,-4,6,-31
1759484830.8946247,0,1,-28
1759484830.931625,-8,-6,-28
1759484830.9696248,-8,-4,-36
1759484831.0086248,-4,-6,-41
1759484831.0446248,-6,0,-28
1759484831.082625,-7,0,-35
1759484831.1216247,-4,0,-44
1759484831.1596248,-1,-1,-42
1759484831.1976247,0,-6,-41
1759484831.2336247,-3,-4,-42
1759484831.2716248,2,-2,-37
1759484831.3106248,-6,4,-45
1759484831.3486247,0,-6,-30
1759484831.3846247,3,-2,-22
1759484831.4236248,-4,5,-32
1759484831.4606247,-12,3,-35
1759484831.4996247,-6,3,-27
1759484831.5356247,-5,2,-32
1759484831.5736248,-5,1,-43
1759484831.6106248,3,0,-37
1759484831.6496248,-3,8,-33
1759484831.6856248,5,3,-39
1759484831.7236247,4,12,-36
1759484831.7616248,0,0,-22
1759484831.7996247,2,-3,-34
1759484831.8356247,7,0,-43
1759484831.8736248,5,-4,-44
1759484831.9106247,1,-3,-40
1759484831.9496248,0,-6,-35
1759484831.9856248,-1,2,-34
1759484832.0226247,-8,-5,-41
1759484832.0616248,-8,-3,-37
1759484832.0996249,6,-2,-29
1759484832.135625,3,2,-31
1759484832.1736248,-1,0,-44
1759484832.2106247,-4,0,-37
1759484832.2496247,1,-2,-30
1759484832.2856247,-1,-2,-31
1759484832.3246248,0,3,-40
1759484832.3616247,-3,-4,-39
1759484832.4006248,5,-3,-43
1759484832.4386249,-4,-1,-48
1759484832.4746249,-3,-11,-45
1759484832.5126247,0,-7,-45
1759484832.5506248,0,-9,-41
1759484832.589625,0,0,-39
1759484832.625625,0,4,-33
1759484832.6626248,0,0,-34
1759484832.7006247,-1,-5,-37
1759484832.7396247,-2,-4,-48
1759484832.7756248,-4,1,-40
1759484832.8136249,-3,3,-40
1759484832.8516247,-4,7,-41
1759484832.8906248,-3,-5,-54
1759484832.9286249,4,-2,-42
1759484832.964625,-7,-3,-48
1759484833.0026248,2,-9,-49
1759484833.0416248,-4,5,-42
1759484833.079625,-3,3,-32
1759484833.115625,2,0,-25
1759484833.1536248,0,3,-33
1759484833.1906247,-6,4,-28
1759484833.2296247,-5,-5,-42
1759484833.2656248,0,-5,-44
1759484833.3046248,-5,-3,-36
1759484833.342625,-4,0,-38
1759484833.3806248,-7,-1,-44
1759484833.4166248,-1,1,-41
1759484833.454625,2,-3,-40
1759484833.4926248,0,-13,-36
1759484833.5306249,-4,-4,-35
1759484833.569625,-4,0,-41
1759484833.605625,2,2,-46
1759484833.6436248,3,-2,-41
1759484833.6806247,-2,4,-24
1759484833.7196248,0,8,-48
1759484833.7556248,-6,3,-36
1759484833.7926247,-4,-2,-41
1759484833.8316247,-3,6,-39
1759484833.8696249,-6,5,-35
1759484833.9056249,-7,0,-38
1759484833.9426248,-13,-1,-37
1759484833.9816248,-9,0,-44
1759484834.0196247,-3,4,-42
1759484834.0556247,1,2,-37
1759484834.0936248,-7,2,-34
1759484834.1316247,-4,2,-33
1759484834.1696248,5,3,-36
1759484834.2056248,4,0,-41
1759484834.2436247,1,-3,-36
1759484834.2816248,-2,-2,-28
1759484834.319625,-7,-3,-52
1759484834.355625,-8,0,-45
1759484834.3926249,-2,2,-39
1759484834.431625,0,3,-35
1759484834.4696248,2,2,-39
1759484834.5056248,0,-1,-31
1759484834.5436249,-9,-6,-28
1759484834.5816247,-1,-1,-32
1759484834.6196249,0,-6,-34
1759484834.6556249,-1,-1,-35
1759484834.6936247,-8,6,-30
1759484834.7326248,-3,6,-37
1759484834.7706249,-2,2,-39
1759484834.806625,-4,1,-37
1759484834.8446248,-4,0,-36
1759484834.8816247,0,-3,-48
1759484834.9206247,4,4,-38
1759484834.9566247,0,-2,-30
1759484834.9946249,-7,-2,-33
1759484835.0316248,-9,0,-42
1759484835.0706248,-4,7,-31
1759484835.1066248,-3,0,-33
1759484835.1446247,2,10,-36
1759484835.181625,-3,11,-31
1759484835.2206247,-5,1,-33
1759484835.2566247,0,0,-32
1759484835.2936249,-5,-2,-40
1759484835.3316247,-6,2,-40
1759484835.3706248,-7,1,-57
1759484835.4066248,4,1,-40
1759484835.444625,6,0,-22
1759484835.4816248,0,-4,-28
1759484835.5206249,9,0,-40
1759484835.556625,3,-2,-33
1759484835.5946248,4,0,-42
1759484835.6326249,4,-3,-39
1759484835.671625,-2,-4,-39
1759484835.707625,0,0,-39
1759484835.7446249,-3,1,-42
1759484835.7826247,-1,-1,-40
1759484835.8216248,-10,-6,-29
1759484835.8586247,-6,-4,-34
1759484835.8966248,4,-2,-33
1759484835.9336247,2,0,-39
1759484835.9726248,-1,-1,-45
1759484836.010625,-1,-1,-22
1759484836.046625,4,-4,-23
1759484836.0846248,7,-9,-35
1759484836.1236248,3,2,-31
1759484836.161625,1,3,-40
1759484836.1976247,1,4,-39
1759484836.2366247,0,1,-43
1759484836.2746248,0,0,-33
1759484836.3126247,-5,0,-33
1759484836.3506248,-3,-5,-34
1759484836.3866248,0,-4,-28
1759484836.4246247,9,-3,-33
1759484836.4626248,1,6,-26
1759484836.5016248,-2,-4,-28
1759484836.5376248,-2,-6,-34
1759484836.5766249,2,-3,-28
1759484836.6146247,3,0,-31
1759484836.6526248,-10,-1,-38
1759484836.6906247,-1,3,-49
1759484836.7266247,5,1,-37
1759484836.7646248,11,-1,-43
1759484836.8026247,1,-1,-46
1759484836.8386247,-1,0,-36
1759484836.875625,1,-2,-22
1759484836.9136248,3,-1,-41
1759484836.9526248,3,-1,-38
1759484836.9886248,4,-1,-43
1759484837.026625,5,1,-30
1759484837.0646248,-1,-3,-37
1759484837.102625,-4,0,-40
1759484837.1416247,-2,3,-34
1759484837.1776247,1,3,-39
1759484837.2166247,0,2,-47
1759484837.253625,2,-6,-38
1759484837.2926247,1,-3,-29
1759484837.3286247,-5,-4,-30
1759484837.3676248,0,0,-45
1759484837.4056249,0,5,-44
1759484837.4426248,-1,3,-36
1759484837.4816248,0,0,-32
1759484837.5176249,-4,4,-35
1759484837.5556247,-1,-2,-34
1759484837.5936248,1,0,-37
1759484837.6316247,-4,-5,-28
1759484837.6676247,2,-2,-27
1759484837.7056248,-1,0,-28
1759484837.7436247,-5,-3,-42
1759484837.7816248,0,3,-46
1759484837.8176248,-1,0,-44
1759484837.8566248,-4,-2,-35
1759484837.8936248,-3,1,-28
1759484837.9326248,-3,3,-38
1759484837.9686248,0,1,-35
1759484838.0066247,-2,-5,-31
1759484838.0436249,-8,-2,-25
1759484838.082625,4,4,-24
1759484838.1186247,4,0,-35
1759484838.1566248,-3,0,-39
1759484838.1936247,0,10,-28
1759484838.2326248,8,7,-39
1759484838.2686248,8,4,-49
1759484838.306625,4,2,-46
1759484838.3436248,-4,-2,-46
1759484838.3826249,-2,-9,-29
1759484838.4186249,10,-4,-26
1759484838.457625,4,-4,-23
1759484838.4946249,0,-1,-39
1759484838.533625,0,-9,-35
1759484838.569625,-2,-1,-46
1759484838.6076248,3,3,-40
1759484838.6456249,-4,9,-43
1759484838.684625,-1,6,-41
1759484838.7226248,7,0,-45
1759484838.7666247,-2,0,-32
1759484838.8036249,2,4,-37
1759484838.842625,-1,3,-49
1759484838.878625,0,4,-47
1759484838.9166248,7,-7,-36
1759484838.9536247,1,-5,-42
1759484838.9926248,-5,-2,-37
1759484839.0286248,0,-1,-26
1759484839.0666249,0,-2,-34
1759484839.1046247,-9,3,-31
1759484839.1436248,-6,-2,-39
1759484839.1796248,-1,0,-39
1759484839.2186248,5,-4,-47
1759484839.2556248,2,2,-46
1759484839.2946248,10,-2,-41
1759484839.332625,1,2,-28
1759484839.3686247,-2,4,-31
1759484839.4066248,-1,5,-46
1759484839.4456248,2,3,-45
1759484839.4836247,-8,1,-36
1759484839.5196247,0,0,-47
1759484839.5576248,-2,0,-31
1759484839.5956247,0,3,-46
1759484839.6336248,8,1,-42
1759484839.6696248,1,0,-37
1759484839.707625,0,-2,-42
1759484839.7456248,0,-4,-47
1759484839.783625,-8,-2,-36
1759484839.819625,0,1,-49
1759484839.8576248,2,3,-46
1759484839.8946247,0,-1,-38
1759484839.9336247,-3,0,-35
1759484839.9696248,3,-3,-37
1759484840.0066247,-1,0,-51
1759484840.0446248,5,3,-36
1759484840.0836248,5,2,-41
1759484840.1196249,5,6,-38
1759484840.1576247,-2,-3,-53
1759484840.194625,-6,0,-49
1759484840.2336247,1,-3,-46
1759484840.2696247,3,3,-49
1759484840.306625,-1,4,-44
1759484840.3446248,-1,2,-36
1759484840.3836248,0,0,-34
1759484840.4196248,0,0,-38
1759484840.4586248,2,-2,-28
1759484840.4966247,-1,0,-34
1759484840.5346248,0,-1,-35
1759484840.5706248,9,0,-29
1759484840.6086247,6,5,-22
1759484840.6456249,0,0,-35
1759484840.684625,-1,0,-48
1759484840.7206247,-12,-2,-44
1759484840.7586248,-2,5,-42
1759484840.7976248,-6,-4,-28
1759484840.8346248,7,-1,-36
1759484840.8736248,4,1,-42
1759484840.9106247,0,6,-48
1759484840.9476247,-2,1,-34
1759484840.9866247,1,0,-44
1759484841.0246248,-4,2,-45
1759484841.0606248,-4,-1,-42
1759484841.0986247,-1,-5,-38
1759484841.1366248,-2,1,-41
1759484841.1756248,-4,1,-28
1759484841.2136247,0,-3,-33
1759484841.2496247,-8,1,-37
1759484841.2886248,-4,0,-34
1759484841.3266249,-1,0,-33
1759484841.3646247,-7,4,-29
1759484841.4006248,-6,1,-27
1759484841.4396248,-7,-1,-38
1759484841.477625,-2,-1,-37
1759484841.5156248,3,-5,-42
1759484841.5536249,7,-3,-29
1759484841.589625,-2,-2,-28
1759484841.628625,-3,-3,-33
1759484841.6656249,-4,-4,-33
1759484841.704625,4,-4,-41
1759484841.740625,-2,-2,-43
1759484841.7786248,-2,4,-37
1759484841.8166249,2,3,-42
1759484841.855625,10,0,-44
1759484841.8936248,6,-7,-40
1759484841.9296248,6,5,-48
1759484841.9666247,3,-1,-47
1759484842.0056248,0,-2,-43
1759484842.0416248,-1,-3,-41
1759484842.0806248,-2,-3,-29
1759484842.1186247,0,6,-38
1759484842.1566248,7,8,-42
1759484842.194625,-1,7,-39
1759484842.2316248,3,0,-42
1759484842.2686248,-5,-1,-38
1759484842.3076248,0,0,-24
1759484842.3456247,0,-2,-40
1759484842.3816247,2,1,-39
1759484842.4196248,3,-7,-36
1759484842.457625,11,2,-28
1759484842.4956248,7,-3,-33
1759484842.5316248,9,-5,-29
1759484842.5706248,3,-3,-39
1759484842.6076248,0,-3,-36
1759484842.6466248,7,-1,-36
1759484842.684625,-1,2,-38
1759484842.7206247,0,1,-35
1759484842.7576249,-2,2,-29
1759484842.796625,0,-5,-29
1759484842.8346248,-7,5,-34
1759484842.8706248,-6,-3,-33
1759484842.908625,4,-4,-28
1759484842.9466248,5,0,-42
1759484842.9856248,0,-5,-46
1759484843.0216248,-2,0,-40
1759484843.059625,0,3,-35
1759484843.0976248,4,2,-37
1759484843.1366248,-1,1,-40
1759484843.1746247,3,0,-30
1759484843.2106247,-4,0,-27
1759484843.2486248,-1,-1,-35
1759484843.286625,1,1,-44
1759484843.3256247,1,0,-45
1759484843.3616247,0,-4,-48
1759484843.3996248,1,-3,-39
1759484843.4386249,4,-1,-49
1759484843.4766247,-1,-5,-41
1759484843.5146248,5,-1,-44
1759484843.5506248,4,2,-40
1759484843.5886247,2,0,-45
1759484843.6266248,-2,-4,-43
1759484843.6646247,0,-2,-46
1759484843.7006247,0,0,-32
1759484843.7386248,-2,-2,-37
1759484843.776625,2,0,-41
1759484843.8126247,-3,0,-43
1759484843.8516247,-1,-4,-34
1759484843.8896248,0,-3,-35
1759484843.9266248,-1,1,-40
1759484843.9656248,-2,0,-36
1759484844.0016248,5,1,-42
1759484844.0386248,9,-4,-33
1759484844.0766249,3,0,-30
1759484844.115625,3,-12,-36
1759484844.151625,-4,-9,-19
1759484844.1896248,-9,-1,-26
1759484844.227625,-1,-4,-22
1759484844.2666247,-2,-5,-28
1759484844.3026247,-1,-3,-41
1759484844.3406248,8,-4,-35
1759484844.378625,1,-11,-37
1759484844.4166248,2,-8,-37
1759484844.4556248,1,-4,-45
1759484844.4916248,-2,-8,-37
1759484844.5296247,-2,0,-39
1759484844.5686247,-4,4,-49
1759484844.6066248,-3,-1,-38
1759484844.6426249,0,2,-35
1759484844.6796248,6,0,-30
1759484844.717625,3,3,-46
1759484844.7566247,0,2,-51
1759484844.7926247,3,1,-48
1759484844.8306248,3,-1,-47
1759484844.8686247,2,2,-47
1759484844.9066248,5,7,-37
1759484844.9426248,7,3,-29
1759484844.9796247,3,0,-32
1759484845.0176249,-1,5,-39
1759484845.056625,-5,-1,-38
1759484845.092625,-4,1,-40
1759484845.1316247,2,-2,-43
1759484845.1686249,1,-3,-37
1759484845.207625,0,-2,-33
1759484845.2456248,0,-9,-30
1759484845.2816248,-5,-4,-31
1759484845.3206248,0,1,-31
1759484845.3576248,-4,1,-33
1759484845.3966248,-1,4,-29
1759484845.4336247,-1,0,-25
1759484845.4706247,-1,7,-33
1759484845.5086248,4,1,-20
1759484845.5476248,3,0,-25
1759484845.5836248,5,-2,-20
1759484845.6216247,-1,1,-34
1759484845.6596248,1,3,-37
1759484845.6986248,5,0,-35
1759484845.7366247,9,0,-39
1759484845.7726247,5,1,-39
1759484845.8116248,4,-1,-35
1759484845.8486247,3,3,-27
1759484845.8876247,2,-2,-24
1759484845.9236248,1,-1,-30
1759484845.9626248,-1,4,-28
1759484846.000625,-2,3,-32
1759484846.0376248,2,0,-42
1759484846.0766249,1,-3,-42
1759484846.112625,-3,-1,-36
1759484846.1506248,-1,1,-36
1759484846.1886249,4,4,-43
1759484846.227625,6,-5,-40
1759484846.263625,8,-1,-44
1759484846.3016248,3,-2,-40
1759484846.3386247,0,-2,-31
1759484846.3776248,6,-2,-31
1759484846.4136248,0,-8,-26
1759484846.4516249,0,0,-30
1759484846.4886248,3,4,-36
1759484846.5276248,0,0,-40
1759484846.5636249,-1,-1,-40
1759484846.6016247,2,0,-23
1759484846.6396248,-3,-7,-37
1759484846.6786249,-6,0,-50
1759484846.7166247,2,-4,-42
1759484846.7526248,5,2,-49
1759484846.7896247,8,0,-50
1759484846.8286247,7,-2,-35
1759484846.8666248,-2,-1,-33
1759484846.9026248,2,-1,-41
1759484846.9396248,0,0,-36
1759484846.9786248,0,-4,-34
1759484847.0166247,0,-4,-38
1759484847.0526247,-1,1,-40
1759484847.089625,-1,4,-34
1759484847.128625,1,2,-41
1759484847.1666248,0,-1,-43
1759484847.2036247,5,4,-39
1759484847.240625,4,-2,-35
1759484847.2786248,5,-4,-38
1759484847.3176248,-4,-2,-40
1759484847.3536248,0,-5,-43
1759484847.3906248,5,0,-28
1759484847.4296248,7,-1,-38
1759484847.467625,5,0,-31
1759484847.503625,2,0,-47
1759484847.5406249,5,-2,-50
1759484847.579625,7,4,-49
1759484847.6176248,3,8,-47
1759484847.6536248,6,5,-37
1759484847.6906247,8,-6,-25
1759484847.7296247,3,-1,-44
1759484847.7676249,0,-7,-39
1759484847.8036249,-2,-1,-46
1759484847.842625,-5,1,-32
1759484847.8796248,-3,-5,-52
1759484847.9186249,-2,1,-39
1759484847.954625,-2,2,-39
1759484847.9916248,1,1,-36
1759484848.0296247,8,1,-29
1759484848.0686247,6,0,-35
1759484848.1046247,-4,-3,-36
1759484848.1436248,-4,-6,-38
1759484848.181625,4,-9,-40
1759484848.2196248,3,-3,-37
1759484848.2576249,5,-1,-38
1759484848.2936249,3,-5,-24
1759484848.332625,0,3,-28
1759484848.3706248,-4,-7,-42
1759484848.408625,-4,-9,-35
1759484848.444625,-7,-6,-41
1759484848.4826248,2,-6,-39
1759484848.5206249,4,-2,-32
1759484848.559625,2,-8,-35
1759484848.5976248,8,-4,-34
1759484848.6336248,0,-2,-40
1759484848.671625,9,-3,-49
1759484848.7096248,13,0,-45
1759484848.7476249,5,2,-44
1759484848.7926247,-1,0,-43
1759484848.8306248,5,5,-37
1759484848.8686247,5,0,-39
1759484848.9046247,6,-1,-37
1759484848.9426248,1,-3,-34
1759484848.980625,-1,1,-41
1759484849.0196247,5,-4,-30
1759484849.0556247,3,-3,-44
1759484849.0936248,0,-3,-44
1759484849.1326249,-2,-3,-34
1759484849.1706247,-5,-3,-35
1759484849.2086248,-3,-3,-34
1759484849.2446249,-3,0,-41
1759484849.2816248,-4,-3,-35
1759484849.3206248,4,-10,-38
1759484849.3586247,6,-8,-39
1759484849.3946247,3,1,-43
1759484849.4336247,-5,2,-35
1759484849.4706247,0,2,-41
1759484849.5096247,-1,0,-46
1759484849.5456247,0,0,-40
1759484849.5836248,5,-5,-44
1759484849.6206248,5,1,-26
1759484849.6596248,0,-8,-30
1759484849.6966248,-6,-5,-42
1759484849.7336247,-2,-9,-35
1759484849.7726247,-3,-5,-34
1759484849.8106248,-5,-6,-39
1759484849.8486247,-2,-8,-48
1759484849.8846247,-2,-3,-39
1759484849.9226248,-12,-2,-38
1759484849.9606247,-3,-5,-30
1759484849.9996247,4,-7,-37
1759484850.0356247,-2,-9,-33
1759484850.0746248,0,-4,-32
1759484850.112625,-1,-8,-42
1759484850.1506248,-3,-3,-27
1759484850.1886249,3,0,-36
1759484850.2256248,4,-1,-36
1759484850.2626247,0,5,-29
1759484850.3016248,-3,2,-30
1759484850.339625,2,-6,-28
1759484850.375625,4,-10,-40
1759484850.4146247,2,-4,-36
1759484850.4516249,5,-5,-39
1759484850.490625,11,-2,-41
1759484850.5286248,5,-1,-43
1759484850.5666249,6,0,-41
1759484850.6036248,0,0,-24
1759484850.6416247,4,-5,-30
1759484850.6806247,-2,-2,-36
1759484850.7166247,-4,-8,-41
1759484850.7556248,-4,-10,-39
1759484850.7936249,-2,-9,-38
1759484850.8316247,3,-10,-45
1759484850.8696249,0,-3,-36
1759484850.9056249,0,3,-41
1759484850.944625,0,-4,-30
1759484850.9816248,0,-3,-27
1759484851.0206249,2,5,-42
1759484851.056625,-2,2,-35
1759484851.0946248,-3,4,-28
1759484851.1326249,10,3,-30
1759484851.1706247,5,-5,-30
1759484851.2096248,0,0,-29
1759484851.2456248,-6,0,-36
1759484851.283625,3,0,-38
1759484851.3226247,-2,-4,-35
1759484851.3606248,-1,-3,-31
1759484851.3966248,-6,1,-41
1759484851.4336247,-8,2,-43
1759484851.4716249,-5,0,-40
1759484851.510625,-1,2,-39
1759484851.546625,-6,2,-37
1759484851.5856247,6,1,-42
1759484851.6226249,-1,0,-39
1759484851.661625,-5,-3,-36
1759484851.6996248,0,0,-37
1759484851.7356248,0,0,-36
1759484851.773625,5,-7,-32
1759484851.8116248,3,1,-39
1759484851.8496249,-9,0,-37
1759484851.885625,-4,0,-40
1759484851.9236248,0,-10,-36
1759484851.9616249,-4,-7,-41
1759484851.9996247,-6,2,-44
1759484852.0356247,0,3,-41
1759484852.0736248,-6,4,-49
1759484852.1116247,-1,2,-44
1759484852.1496248,0,5,-41
1759484852.1856248,-4,6,-38
1759484852.2226248,-1,-3,-48
1759484852.2616248,-2,-4,-39
1759484852.2996247,-3,-2,-47
1759484852.3356247,-1,0,-49
1759484852.3726249,-7,7,-38
1759484852.411625,-3,1,-35
1759484852.4476247,-4,6,-48
1759484852.4866247,-1,5,-41
1759484852.5246248,-1,-3,-31
1759484852.5626247,-9,3,-31
1759484852.6006248,-5,-6,-38
1759484852.6366248,-1,4,-31
1759484852.6746247,0,4,-34
1759484852.7126248,-5,1,-36
1759484852.750625,3,-4,-34
1759484852.786625,2,-4,-37
1759484852.8246248,2,0,-34
1759484852.8616247,-3,0,-38
1759484852.9006248,-11,-4,-31
1759484852.9366248,-1,-4,-34
1759484852.9746249,-10,-3,-38
1759484853.013625,1,0,-34
1759484853.0516248,-1,0,-44
1759484853.0876248,1,-4,-54
1759484853.1246247,-7,-1,-49
1759484853.1636248,-4,0,-45
1759484853.2016249,-7,1,-48
1759484853.237625,-7,0,-45
1759484853.2746248,-10,4,-39
1759484853.3136249,-4,0,-37
1759484853.3516247,-10,4,-49
1759484853.3876247,-6,3,-39
1759484853.4256248,0,4,-26
1759484853.4636247,1,1,-36
1759484853.5016248,5,1,-39
1759484853.5376248,1,3,-41
1759484853.5756247,3,-1,-45
1759484853.612625,2,-5,-49
1759484853.651625,3,-2,-36
1759484853.6876247,0,2,-44
1759484853.7256248,-3,1,-44
1759484853.7626247,1,2,-44
1759484853.8016248,8,5,-41
1759484853.8376248,1,-1,-28
1759484853.8746247,6,1,-30
1759484853.9126248,7,0,-29
1759484853.9516249,-2,5,-21
1759484853.987625,-6,-1,-36
1759484854.026625,-2,-4,-35
1759484854.0646248,2,-1,-29
1759484854.102625,3,1,-32
1759484854.1406248,1,0,-36
1759484854.1776247,4,-2,-40
1759484854.214625,4,-1,-29
1759484854.2526248,6,5,-29
1759484854.2916248,-2,2,-30
1759484854.3276248,1,3,-31
1759484854.3646247,0,0,-26
1759484854.4026248,0,5,-41
1759484854.4416249,0,0,-41
1759484854.477625,-5,2,-38
1759484854.5156248,2,-2,-25
1759484854.5536249,-2,-8,-38
1759484854.592625,-1,1,-43
1759484854.628625,0,-5,-37
1759484854.6656249,-2,-3,-23
1759484854.704625,-5,-6,-23
1759484854.7426248,-6,5,-40
1759484854.7786248,-3,-2,-38
1759484854.8166249,6,-2,-40
1759484854.8546247,0,-5,-33
1759484854.8936248,-4,-2,-38
1759484854.931625,-5,-5,-39
1759484854.967625,-3,5,-35
1759484855.0066247,-4,8,-39
1759484855.0446248,0,9,-31
1759484855.082625,1,0,-42
1759484855.1186247,1,0,-43
1759484855.1566248,0,-5,-36
1759484855.194625,-13,-5,-33
1759484855.2326248,-8,-7,-35
1759484855.2686248,-8,-12,-37
1759484855.3076248,-6,-1,-38
1759484855.3446248,-2,2,-42
1759484855.3836248,4,1,-42
1759484855.421625,-1,3,-40
1759484855.457625,-6,3,-39
1759484855.4946249,-1,2,-55
1759484855.533625,-3,-7,-43
1759484855.5716248,2,-2,-46
1759484855.6076248,0,0,-23
1759484855.6446247,0,2,-39
1759484855.6836247,-1,5,-34
1759484855.7216249,4,0,-28
1759484855.7576249,-1,0,-31
1759484855.7946248,1,-6,-29
1759484855.8336248,-6,-3,-26
1759484855.8716247,-8,4,-20
1759484855.9076247,-2,-2,-32
1759484855.9466248,0,0,-38
1759484855.9836247,-2,-2,-38
1759484856.0226247,2,0,-49
1759484856.0586247,1,0,-38
1759484856.0966249,3,-7,-42
1759484856.1346247,3,0,-41
1759484856.1726248,-5,-4,-41
1759484856.2086248,-10,-3,-34
1759484856.2476249,-3,1,-32
1759484856.2846248,-3,3,-24
1759484856.3236248,7,-1,-21
1759484856.3596249,1,4,-32
1759484856.3976247,-2,-2,-42
1759484856.434625,6,-2,-41
1759484856.4736247,-1,1,-39
1759484856.5096247,3,0,-40
1759484856.5476248,-4,1,-44
1759484856.5846248,-3,-6,-38
1759484856.6236248,1,-5,-30
1759484856.6596248,0,0,-32
1759484856.6976247,9,-5,-36
1759484856.7346249,-3,-6,-46
1759484856.773625,0,1,-44
1759484856.809625,2,3,-33
1759484856.8476248,-9,-3,-44
1759484856.8846247,-1,-3,-32
1759484856.9236248,3,4,-35
1759484856.9596248,1,-1,-39
1759484856.9986248,-3,-3,-29
1759484857.0356247,-5,1,-29
1759484857.0746248,-1,-6,-37
1759484857.112625,-1,-7,-26
1759484857.148625,-1,-1,-27
1759484857.1866248,-1,1,-37
1759484857.2256248,-2,-1,-38
1759484857.263625,-3,1,-42
1759484857.2996247,0,-1,-41
1759484857.3366249,-3,3,-34
1759484857.3746247,-10,-2,-45
1759484857.4136248,-1,0,-41
1759484857.4496248,0,6,-34
1759484857.4866247,-7,2,-50
1759484857.5256248,-5,0,-55
1759484857.5636249,-3,0,-35
1759484857.5996249,-2,7,-40
1759484857.638625,-4,-2,-44
1759484857.6766248,2,-1,-47
1759484857.714625,0,-4,-33
1759484857.750625,3,2,-35
1759484857.7876248,-3,7,-37
1759484857.8256247,-3,10,-29
1759484857.8646247,-2,7,-31
1759484857.9006248,0,0,-34
1759484857.9376247,-1,0,-37
1759484857.9756248,2,-8,-31
1759484858.0146248,4,-2,-44
1759484858.0506248,-1,-4,-48
1759484858.0886247,0,-2,-48
1759484858.1276248,-3,2,-31
1759484858.1646247,-5,7,-41
1759484858.2036247,-2,4,-36
1759484858.2396247,-2,1,-34
1759484858.2776248,1,2,-32
1759484858.3166249,0,0,-31
1759484858.3546247,-5,2,-30
1759484858.3906248,2,-1,-34
1759484858.4286249,-2,1,-33
1759484858.4666247,-1,0,-33
1759484858.5056248,-2,-1,-33
1759484858.5436249,-3,-4,-26
1759484858.579625,-2,-2,-31
1759484858.6176248,1,0,-30
1759484858.6556249,0,-6,-32
1759484858.694625,0,-5,-30
1759484858.730625,3,-9,-35
1759484858.7696247,-6,0,-33
1759484858.8146248,7,0,-30
1759484858.8506248,2,0,-38
1759484858.888625,0,-1,-35
1759484858.9266248,0,-5,-39
1759484858.964625,-5,-5,-31
1759484859.000625,1,0,-27
1759484859.0386248,1,-3,-43
1759484859.0776248,5,0,-38
1759484859.115625,1,2,-47
1759484859.1536248,5,0,-42
1759484859.1896248,-3,-3,-32
1759484859.227625,-1,0,-29
1759484859.2666247,1,1,-48
1759484859.3046248,3,-1,-41
1759484859.3406248,7,2,-33
1759484859.378625,-2,0,-37
1759484859.4166248,7,0,-34
1759484859.454625,3,-3,-44
1759484859.490625,6,-1,-42
1759484859.5286248,5,0,-45
1759484859.5666249,2,0,-46
1759484859.6046247,4,-5,-38
1759484859.6406248,3,-3,-40
1759484859.6776247,-1,0,-34
1759484859.7166247,0,-1,-46
1759484859.7546248,-3,-3,-32
1759484859.7906249,-3,-7,-32
1759484859.829625,1,-5,-44
1759484859.8666248,1,-2,-32
1759484859.9056249,0,-5,-34
1759484859.9416249,-3,-3,-32
1759484859.9796247,-2,4,-33
1759484860.0186248,4,0,-50
1759484860.0556247,-5,1,-30
1759484860.0946248,-6,0,-33
1759484860.1306248,0,3,-32
1759484860.1686249,1,0,-45
1759484860.2066247,0,-3,-34
1759484860.2446249,0,-1,-32
1759484860.2806249,1,0,-23
1759484860.3186247,-5,-6,-39
1759484860.3566248,-8,6,-24
1759484860.3946247,-6,-1,-30
1759484860.4306247,-3,-1,-34
1759484860.4686248,3,-4,-34
1759484860.5066247,0,-2,-36
1759484860.5456247,-10,-3,-46
1759484860.5816247,-9,1,-38
1759484860.6196249,0,-1,-40
1759484860.6576247,-2,0,-44
1759484860.6966248,-7,-2,-46
1759484860.7346249,-8,-4,-25
1759484860.7706249,-1,-3,-23
1759484860.8086247,4,-6,-40
1759484860.8476248,4,-1,-47
1759484860.885625,11,3,-43
1759484860.921625,1,5,-46
1759484860.9606247,-4,2,-41
1759484860.9976249,-1,-2,-35
1759484861.036625,-5,0,-43
1759484861.0746248,-3,-5,-42
1759484861.1106248,0,0,-50
1759484861.148625,3,5,-45
1759484861.1866248,5,1,-47
1759484861.2226248,4,4,-35
1759484861.2596247,1,3,-34
1759484861.2976248,-1,-4,-48
1759484861.3366249,-4,-5,-43
1759484861.3726249,3,-4,-37
1759484861.4096248,-7,2,-39
1759484861.4486248,0,-1,-44
1759484861.4866247,0,2,-45
1759484861.5226247,3,4,-38
1759484861.559625,4,-1,-32
1759484861.5986247,1,3,-30
1759484861.6366248,0,4,-45
1759484861.6726248,-8,4,-40
1759484861.7116249,-5,-1,-40
1759484861.7486248,1,-1,-28
1759484861.7876248,9,-6,-40
1759484861.8256247,0,0,-27
1759484861.8616247,-3,-1,-33
1759484861.8996248,1,0,-33
1759484861.9376247,0,2,-43
1759484861.9766247,-1,1,-33
1759484862.0126247,-2,0,-45
1759484862.0506248,-6,0,-39
1759484862.0886247,-7,-2,-36
1759484862.1276248,-6,-4,-31
1759484862.1656249,0,0,-34
1759484862.2016249,4,-2,-39
1759484862.240625,4,0,-36
1759484862.2786248,3,0,-42
1759484862.3166249,-4,-4,-40
1759484862.352625,-4,0,-43
1759484862.3916247,-7,9,-37
1759484862.4296248,-5,6,-28
1759484862.467625,-4,0,-24
1759484862.5056248,4,2,-27
1759484862.5416248,-6,8,-34
1759484862.579625,-7,3,-36
1759484862.6176248,-7,3,-36
1759484862.6566248,-4,3,-28
1759484862.6926248,-3,0,-29
1759484862.730625,-1,0,-41
1759484862.7686248,-4,2,-35
1759484862.8076248,2,1,-32
1759484862.8436248,2,-3,-35
1759484862.8816247,0,-7,-34
1759484862.9206247,-1,-2,-31
1759484862.957625,1,0,-38
1759484862.9966247,-3,0,-34
1759484863.0326247,8,1,-33
1759484863.0706248,2,3,-39
1759484863.1076248,5,8,-36
1759484863.1466248,1,6,-46
1759484863.1826248,-3,-1,-36
1759484863.2206247,4,0,-39
1759484863.2596247,1,2,-27
1759484863.2976248,0,0,-27
1759484863.3336248,4,-6,-41
1759484863.3716247,14,-3,-45
1759484863.4096248,3,3,-33
1759484863.4476247,1,8,-34
1759484863.4836247,-4,-1,-39
1759484863.5226247,0,1,-45
1759484863.559625,0,-10,-39
1759484863.5986247,-1,-8,-46
1759484863.6366248,0,-6,-38
1759484863.6726248,3,-8,-31
1759484863.7116249,4,-2,-22
1759484863.7486248,2,-6,-41
1759484863.7876248,-5,-6,-43
1759484863.8236248,-6,-2,-33
1759484863.8616247,-5,-3,-36
1759484863.8996248,-5,6,-41
1759484863.9386249,-1,6,-39
1759484863.9766247,0,1,-28
1759484864.0126247,3,-4,-26
1759484864.0516248,6,-3,-33
1759484864.0886247,5,2,-35
1759484864.1276248,4,-1,-44
1759484864.1646247,-2,0,-39
1759484864.2016249,4,0,-50
1759484864.240625,2,2,-43
1759484864.2786248,1,-2,-31
1759484864.3166249,-3,0,-38
1759484864.352625,-3,0,-36
1759484864.3906248,3,-6,-32
1759484864.4286249,5,-4,-41
1759484864.4666247,3,-6,-44
1759484864.5026248,2,-6,-50
1759484864.5406249,1,-4,-42
1759484864.5786247,3,0,-47
1759484864.6146247,7,-7,-39
1759484864.651625,9,-4,-31
1759484864.6906247,-5,-3,-52
1759484864.7286248,-3,1,-36
1759484864.7646248,-9,-4,-23
1759484864.8026247,-6,-12,-22
1759484864.8416247,-1,-3,-29
1759484864.878625,-1,5,-41
1759484864.9176247,-3,5,-27
1759484864.9536247,-5,1,-35
1759484864.990625,-5,3,-30
1759484865.0286248,-3,-4,-46
1759484865.0676248,-1,-3,-36
1759484865.1036248,2,-5,-24
1759484865.1416247,2,4,-50
1759484865.1786249,0,0,-35
1759484865.217625,3,4,-31
1759484865.253625,0,3,-35
1759484865.2916248,-2,0,-42
1759484865.329625,-3,1,-35
1759484865.3676248,-3,-2,-41
1759484865.4036248,-1,-5,-31
1759484865.4426248,0,-10,-39
1759484865.4796247,-9,-2,-34
1759484865.5186248,5,0,-34
1759484865.5546248,-5,4,-44
1759484865.592625,0,-4,-47
1759484865.6316247,-1,-7,-44
1759484865.6696248,-3,0,-43
1759484865.707625,0,-2,-36
1759484865.7446249,0,-2,-39
1759484865.7826247,-3,-1,-42
1759484865.819625,-6,2,-43
1759484865.8586247,-5,5,-43
1759484865.8946247,1,2,-29
1759484865.9326248,1,-3,-38
1759484865.9706247,-1,-8,-30
1759484866.0086248,3,0,-35
1759484866.0446248,2,-2,-33
1759484866.082625,0,3,-38
1759484866.1206248,1,0,-31
1759484866.158625,0,-3,-33
1759484866.194625,-2,-7,-33
1759484866.2336247,8,-2,-40
1759484866.2716248,-4,-9,-37
1759484866.309625,-3,-3,-36
1759484866.3476248,3,0,-35
1759484866.3836248,10,7,-33
1759484866.4206247,8,1,-39
1759484866.4596248,0,3,-33
1759484866.4956248,0,-1,-39
1759484866.533625,3,3,-35
1759484866.5706248,2,3,-37
1759484866.6096249,4,-1,-42
1759484866.6456249,-1,0,-47
1759484866.6836247,0,9,-39
1759484866.7206247,-3,2,-48
1759484866.7596247,-1,-3,-39
1759484866.7956247,0,-2,-32
1759484866.8336248,2,-2,-42
1759484866.8706248,0,4,-52
1759484866.9096248,-1,-1,-41
1759484866.9456248,-1,-1,-39
1759484866.9836247,-4,0,-40
1759484867.0206249,-5,0,-40
1759484867.059625,-3,-4,-42
1759484867.0956247,0,4,-32
1759484867.1326249,4,-2,-26
1759484867.1706247,0,-2,-32
1759484867.2096248,0,2,-29
1759484867.2456248,9,2,-34
1759484867.2826247,5,2,-30
1759484867.3216248,10,-11,-22
1759484867.3596249,7,-5,-31
1759484867.3956249,-1,-1,-44
1759484867.434625,-9,3,-41
1759484867.4716249,0,4,-45
1759484867.510625,-1,1,-38
1759484867.5486248,3,2,-25
1759484867.5846248,0,1,-34
1759484867.6216247,-2,-2,-36
1759484867.6606247,0,1,-42
1759484867.6986248,0,-3,-42
1759484867.7346249,-1,-1,-45
1759484867.7726247,2,-2,-42
1759484867.8106248,1,3,-33
1759484867.8496249,2,-2,-32
1759484867.885625,8,-2,-40
1759484867.9236248,-1,0,-40
1759484867.9616249,3,3,-28
1759484868.000625,5,0,-36
1759484868.0386248,1,10,-44
1759484868.0746248,2,1,-49
1759484868.1136248,3,-3,-39
1759484868.151625,1,-3,-26
1759484868.1896248,0,0,-35
1759484868.2256248,0,-5,-27
1759484868.2646248,-1,-5,-25
1759484868.3016248,0,-3,-19
1759484868.3406248,-3,-1,-20
1759484868.3776248,-5,0,-35
1759484868.4146247,0,0,-49
1759484868.4526248,4,3,-31
1759484868.490625,3,5,-34
1759484868.5296247,-1,11,-41
1759484868.5656247,0,3,-44
1759484868.602625,3,4,-47
1759484868.6406248,0,0,-47
1759484868.6796248,0,-4,-50
1759484868.7156248,0,1,-48
1759484868.7526248,0,4,-37
1759484868.7916248,7,2,-35
1759484868.8366249,-2,1,-51
1759484868.8736248,4,4,-38
1759484868.9126248,11,2,-37
1759484868.9506247,3,0,-33
1759484868.9866247,7,-2,-38
1759484869.023625,3,-1,-35
1759484869.0616248,8,0,-36
1759484869.1006248,2,2,-39
1759484869.1366248,6,3,-36
1759484869.1746247,4,4,-37
1759484869.2126248,3,0,-35
1759484869.250625,-4,-5,-37
1759484869.286625,3,-5,-31
1759484869.3236248,1,-4,-44
1759484869.3616247,5,0,-32
1759484869.4006248,5,5,-46
1759484869.4366248,7,3,-43
1759484869.4746249,5,2,-41
1759484869.5116248,3,2,-40
1759484869.5506248,9,1,-43
1759484869.5866249,-2,2,-42
1759484869.6236248,2,-8,-38
1759484869.661625,-1,-2,-33
1759484869.7006247,-6,0,-34
1759484869.7366247,-6,-1,-32
1759484869.7746248,-8,3,-37
1759484869.8126247,-6,0,-41
1759484869.8516247,-2,0,-39
1759484869.8896248,-6,-4,-42
1759484869.9266248,0,0,-37
1759484869.964625,8,2,-45
1759484870.0016248,5,3,-30
1759484870.0406249,4,6,-31
1759484870.0766249,3,0,-43
1759484870.1136248,2,4,-40
1759484870.151625,0,0,-40
1759484870.1906247,10,-4,-54
1759484870.2266247,4,-5,-44
1759484870.2656248,-1,-6,-29
1759484870.3036249,0,-1,-48
1759484870.3416247,2,4,-39
1759484870.3776248,3,2,-37
1759484870.4146247,5,5,-37
1759484870.4536247,5,-3,-42
1759484870.4916248,0,6,-24
1759484870.5276248,-4,2,-23
1759484870.5646248,9,0,-35
1759484870.6036248,6,0,-36
1759484870.6416247,8,1,-38
1759484870.6776247,7,-1,-34
1759484870.7166247,1,-3,-36
1759484870.753625,3,-2,-31
1759484870.7926247,-1,-6,-41
1759484870.8306248,-1,-5,-37
1759484870.8666248,0,-4,-39
1759484870.9036248,7,-2,-50
1759484870.9426248,-1,-2,-45
1759484870.980625,-2,-7,-37
1759484871.0166247,1,-5,-36
1759484871.0536249,5,5,-43
1759484871.092625,6,1,-34
1759484871.1306248,-2,3,-39
1759484871.1666248,-4,1,-35
1759484871.204625,-2,-1,-33
1759484871.2426248,-3,1,-31
1759484871.2806249,-5,2,-25
1759484871.3166249,-1,-6,-41
1759484871.3546247,4,3,-44
1759484871.3936248,2,1,-35
1759484871.431625,-9,2,-38
1759484871.467625,0,3,-40
1759484871.5046248,6,0,-34
1759484871.5426247,5,0,-26
1759484871.5816247,5,3,-31
1759484871.6176248,2,3,-38
1759484871.6546247,-3,-2,-33
1759484871.6926248,-1,-8,-18
1759484871.7316248,-2,-7,-24
1759484871.7676249,0,0,-30
1759484871.8056247,-6,-8,-39
1759484871.842625,-1,-2,-40
1759484871.8816247,3,2,-32
1759484871.9176247,3,3,-29
1759484871.954625,4,1,-31
1759484871.9926248,0,0,-39
1759484872.0316248,0,1,-40
1759484872.0676248,0,2,-35
1759484872.105625,-1,2,-30
1759484872.1426249,-2,0,-34
1759484872.181625,4,1,-22
1759484872.217625,6,2,-38
1759484872.2546248,2,-3,-41
1759484872.2936249,5,0,-44
1759484872.3316247,-3,4,-40
1759484872.3676248,0,1,-37
1759484872.4046247,0,0,-45
1759484872.4436247,0,1,-48
1759484872.4816248,4,1,-48
1759484872.5176249,2,1,-49
1759484872.5556247,1,-3,-43
1759484872.5936248,0,5,-46
1759484872.6316247,2,-5,-51
1759484872.6676247,1,-2,-49
1759484872.7056248,-5,5,-45
1759484872.7436247,-7,-3,-51
1759484872.7816248,3,3,-54
1759484872.8176248,5,0,-49
1759484872.8546247,3,1,-47
1759484872.8936248,-1,4,-40
1759484872.931625,1,-3,-51
1759484872.967625,1,-2,-53
1759484873.0056248,-2,-5,-52
1759484873.0436249,2,-6,-41
1759484873.0816247,-2,0,-29
1759484873.1176248,0,7,-30
1759484873.1556249,0,-2,-45
1759484873.1936247,0,1,-52
1759484873.2316248,5,1,-48
1759484873.2676249,3,7,-38
1759484873.3056247,-1,3,-40
1759484873.3436248,-9,-1,-47
1759484873.3796248,1,-11,-50
1759484873.4176247,4,-7,-41
1759484873.4566247,-1,-1,-33
1759484873.4936247,4,4,-33
1759484873.5326247,0,0,-22
1759484873.5686247,0,3,-29
1759484873.6066248,0,0,-40
1759484873.6446247,-7,3,-43
1759484873.6826248,-3,1,-33
1759484873.7186248,-1,1,-29
1759484873.7556248,1,-2,-36
1759484873.7936249,3,-5,-34
1759484873.832625,5,-4,-32
1759484873.8686247,2,-5,-28
1759484873.9056249,3,6,-45
1759484873.9436247,-4,3,-30
1759484873.9826248,-5,3,-35
1759484874.0186248,-3,-3,-42
1759484874.0576248,2,0,-38
1759484874.0946248,0,-2,-47
1759484874.1336248,-5,-4,-44
1759484874.1696248,3,-4,-36
1759484874.207625,3,2,-36
1759484874.2466247,0,7,-43
1759484874.2846248,-3,5,-37
1759484874.3226247,0,-1,-43
1759484874.3586247,0,-2,-36
1759484874.3966248,0,0,-39
1759484874.4356248,6,10,-38
1759484874.4736247,-1,3,-39
1759484874.5096247,8,0,-36
1759484874.546625,3,-3,-39
1759484874.5856247,3,-4,-38
1759484874.6236248,4,0,-48
1759484874.6596248,0,0,-36
1759484874.6966248,0,-1,-29
1759484874.7356248,2,1,-38
1759484874.773625,1,0,-37
1759484874.809625,-2,0,-38
1759484874.8466249,-4,3,-34
1759484874.885625,0,2,-39
1759484874.9236248,9,1,-41
1759484874.9596248,4,2,-51
1759484874.9976249,0,0,-41
1759484875.0356247,-3,-1,-37
1759484875.0736248,-7,1,-33
1759484875.1096249,-9,1,-45
1759484875.1476247,-2,1,-38
1759484875.1856248,0,3,-31
1759484875.2236247,-1,-4,-35
1759484875.2596247,7,-8,-33
1759484875.296625,2,-1,-34
1759484875.3356247,-3,-4,-32
1759484875.3736248,-1,-1,-38
1759484875.4096248,-6,0,-32
1759484875.4466248,0,0,-30
1759484875.4856248,2,-9,-27
1759484875.523625,0,-3,-31
1759484875.559625,-4,-3,-35
1759484875.5986247,-10,-3,-37
1759484875.635625,-3,-2,-29
1759484875.6746247,-3,0,-27
1759484875.7106247,-6,0,-27
1759484875.7486248,-5,1,-24
1759484875.7856247,-5,2,-33
1759484875.8246248,-2,-4,-28
1759484875.8606248,-6,-4,-24
1759484875.8996248,-3,4,-32
1759484875.9366248,0,-5,-28
1759484875.9756248,0,3,-29
1759484876.013625,-1,0,-43
1759484876.0496247,-7,2,-35
1759484876.0866249,0,4,-28
1759484876.125625,-1,0,-39
1759484876.1636248,2,-5,-45
1759484876.1996248,0,-8,-27
1759484876.2366247,-2,-1,-37
1759484876.2756248,-1,-2,-43
1759484876.3136249,-11,1,-45
1759484876.3496249,-8,-2,-38
1759484876.3876247,-8,2,-26
1759484876.4256248,-3,7,-41
1759484876.464625,-5,-1,-44
1759484876.5016248,-6,0,-40
1759484876.5386248,-4,-2,-47
1759484876.5776248,1,-5,-51
1759484876.615625,1,-1,-51
1759484876.6536248,0,2,-42
1759484876.6896248,2,4,-40
1759484876.727625,4,0,-43
1759484876.7656248,-3,3,-34
1759484876.8016248,0,-1,-28
1759484876.8386247,5,-9,-29
1759484876.8766248,0,-6,-24
1759484876.9156249,-3,2,-36
1759484876.9516249,2,0,-43
1759484876.9886248,4,4,-36
1759484877.0276248,3,-1,-31
1759484877.0656247,0,-1,-34
1759484877.1016247,3,2,-30
1759484877.138625,3,8,-33
1759484877.1776247,5,1,-38
1759484877.2156248,-9,0,-43
1759484877.2516248,0,-1,-45
1759484877.2906249,0,-6,-46
1759484877.3286247,0,-5,-24
1759484877.3666248,-5,-2,-25
1759484877.4046247,-2,-2,-35
1759484877.4406247,-1,-2,-35
1759484877.4786248,-2,-1,-31
1759484877.5176249,-2,-2,-46
1759484877.5556247,-2,-3,-40
1759484877.5916247,-3,-7,-40
1759484877.6296248,-2,-8,-52
1759484877.6676247,-7,1,-38
1759484877.7066247,-8,-1,-43
1759484877.7446249,-9,0,-44
1759484877.7806249,0,-3,-34
1759484877.8186247,1,-3,-24
1759484877.8576248,-4,-1,-28
1759484877.8956249,-9,-3,-30
1759484877.931625,-9,2,-44
1759484877.9686248,3,7,-30
1759484878.0076249,4,0,-31
1759484878.0456247,-2,-5,-33
1759484878.0816247,-3,-2,-36
1759484878.1206248,-3,0,-42
1759484878.158625,-4,-7,-44
1759484878.1966248,0,4,-37
1759484878.2346249,4,2,-31
1759484878.2706249,-5,4,-44
1759484878.3076248,1,-2,-45
1759484878.3466249,-1,3,-37
1759484878.3846247,-4,7,-34
1759484878.4206247,-3,2,-34
1759484878.4596248,3,1,-37
1759484878.4966247,0,10,-42
1759484878.5356247,0,2,-44
1759484878.5716248,1,-1,-36
1759484878.6106248,3,2,-40
1759484878.6476247,0,0,-41
1759484878.6866248,4,-1,-45
1759484878.7226248,2,2,-43
1759484878.7596247,4,2,-34
1759484878.7976248,1,-2,-34
1759484878.842625,2,-2,-38
1759484878.8796248,-2,-2,-36
1759484878.9176247,2,-11,-23
1759484878.9566247,6,0,-47
1759484878.9926248,3,-1,-41
1759484879.0306249,-4,-9,-42
1759484879.069625,2,-2,-27
1759484879.1066248,0,-3,-49
1759484879.1456249,-1,-1,-44
1759484879.181625,-1,5,-38
1759484879.2206247,-6,-2,-41
1759484879.2586248,-8,0,-36
1759484879.296625,-1,0,-18
1759484879.332625,8,-2,-30
1759484879.3706248,2,4,-37
1759484879.408625,4,1,-39
1759484879.4476247,0,4,-39
1759484879.4856248,6,4,-40
1759484879.5216248,5,1,-39
1759484879.5586247,0,-7,-36
1759484879.5976248,-6,-6,-27
1759484879.635625,-1,-1,-40
1759484879.671625,-6,0,-32
1759484879.7086248,6,9,-39
1759484879.7476249,7,0,-39
1759484879.7856247,-4,-3,-27
1759484879.8216248,-3,0,-34
1759484879.8596249,-10,-5,-27
1759484879.8976247,-4,-7,-38
1759484879.9356248,1,-5,-46
1759484879.9716249,-3,-1,-38
1759484880.0096247,1,2,-43
1759484880.0476248,2,10,-30
1759484880.0866249,0,6,-40
1759484880.1226249,-7,8,-44
1759484880.1606247,-1,-7,-48
1759484880.1996248,0,0,-38
1759484880.237625,2,-2,-46
1759484880.2756248,-3,1,-43
1759484880.3116248,-3,-2,-44
1759484880.3496249,2,-3,-47
1759484880.388625,-1,2,-42
1759484880.4266248,-2,-1,-32
1759484880.4626248,-2,0,-26
1759484880.4996247,2,-1,-30
1759484880.5386248,1,0,-38
1759484880.5766249,-4,1,-34
1759484880.612625,-4,0,-42
1759484880.651625,-12,6,-31
1759484880.6886249,-4,0,-28
1759484880.727625,0,9,-32
1759484880.763625,-1,4,-40
1759484880.8016248,-4,0,-39
1759484880.8386247,0,1,-31
1759484880.8776248,4,3,-41
1759484880.9136248,1,-4,-38
1759484880.9516249,1,0,-21
1759484880.9896247,0,4,-34
1759484881.0286248,6,-1,-30
1759484881.0666249,2,-4,-43
1759484881.102625,0,-10,-39
1759484881.1396248,5,0,-57
1759484881.1786249,0,0,-46
1759484881.2166247,-4,-3,-30
1759484881.2526248,1,-1,-39
1759484881.2916248,3,6,-46
1759484881.329625,6,0,-39
1759484881.3676248,-7,-4,-35
1759484881.4036248,-7,-6,-32
1759484881.4416249,-4,-1,-32
1759484881.4796247,-4,-8,-33
1759484881.5186248,-4,-7,-29
1759484881.556625,0,-1,-30
1759484881.592625,3,-4,-29
1759484881.6316247,-1,-5,-45
1759484881.6686249,0,1,-41
1759484881.707625,-8,-5,-41
1759484881.7436247,-4,-4,-40
1759484881.7816248,-2,-3,-33
1759484881.819625,-6,2,-34
1759484881.8586247,0,2,-35
1759484881.8966248,2,3,-41
1759484881.9326248,0,-1,-32
1759484881.9706247,-6,2,-30
1759484882.0096247,-1,5,-36
1759484882.0476248,0,3,-40
1759484882.0836248,-4,5,-38
1759484882.1226249,-8,-3,-29
1759484882.1606247,-3,5,-38
1759484882.1986248,5,1,-51
1759484882.2346249,4,-3,-47
1759484882.2726247,3,-3,-39
1759484882.3106248,-4,1,-37
1759484882.3496249,1,5,-39
1759484882.3876247,-5,0,-30
1759484882.4236248,-6,1,-27
1759484882.4606247,-8,-1,-38
1759484882.4986248,-3,0,-39
1759484882.5376248,0,7,-46
1759484882.5736248,-3,2,-37
1759484882.6116247,0,-1,-45
1759484882.6496248,6,-4,-42
1759484882.6886249,-2,9,-44
1759484882.7256248,4,1,-41
1759484882.763625,0,-3,-39
1759484882.8006248,2,-6,-43
1759484882.839625,-1,5,-28
1759484882.8776248,9,-2,-23
1759484882.9136248,6,-2,-33
1759484882.9516249,-2,-1,-39
1759484882.9896247,-7,-4,-38
1759484883.0276248,2,0,-38
1759484883.0636249,5,0,-42
1759484883.1016247,0,-2,-39
1759484883.1396248,1,-2,-35
1759484883.1776247,-2,-2,-43
1759484883.2136247,-2,-3,-51
1759484883.2516248,4,2,-43
1759484883.2896247,0,-4,-44
1759484883.3286247,-3,-3,-34
1759484883.3646247,0,-4,-36
1759484883.401625,2,0,-35
1759484883.4406247,-1,2,-42
1759484883.4786248,1,4,-44
1759484883.5146248,-3,-1,-39
1759484883.5536249,-3,-6,-42
1759484883.5906248,-10,-7,-30
1759484883.6296248,-12,-6,-38
1759484883.6676247,-5,-3,-33
1759484883.704625,-3,0,-32
1759484883.7426248,-3,0,-30
1759484883.7816248,1,-2,-36
1759484883.819625,2,4,-38
1759484883.855625,0,0,-40
1759484883.8936248,1,4,-41
1759484883.931625,-3,-8,-33
1759484883.9696248,1,-2,-34
1759484884.0056248,3,-5,-41
1759484884.0446248,0,-1,-31
1759484884.0816247,-3,-2,-38
1759484884.1206248,-3,1,-40
1759484884.158625,0,0,-42
1759484884.194625,-4,0,-37
1759484884.2326248,-2,1,-39
1759484884.2706249,-7,-2,-33
1759484884.309625,0,0,-36
1759484884.3456247,-2,-3,-35
1759484884.3836248,1,-6,-41
1759484884.421625,4,-4,-38
1759484884.4606247,3,0,-40
1759484884.4986248,2,3,-33
1759484884.5346248,10,0,-31
1759484884.5726247,1,0,-31
1759484884.6116247,-1,-3,-37
1759484884.6496248,2,-4,-26
1759484884.6856248,-3,-2,-20
1759484884.7246249,-1,-1,-34
1759484884.7616248,-3,-3,-34
1759484884.8006248,8,-4,-23
1759484884.8386247,2,-5,-32
1759484884.8746247,-2,-2,-39
1759484884.9136248,6,-1,-41
1759484884.9506247,4,2,-47
1759484884.9896247,-2,5,-44
1759484885.0256248,1,3,-46
1759484885.0636249,-3,-2,-37
1759484885.1006248,-10,2,-40
1759484885.1396248,-11,0,-32
1759484885.1756248,-10,-2,-32
1759484885.214625,-2,1,-25
1759484885.2516248,1,0,-26
1759484885.2906249,-2,5,-37
1759484885.3286247,-2,2,-39
1759484885.3646247,-5,-1,-36
1759484885.4036248,-1,-1,-32
1759484885.4416249,0,4,-43
1759484885.4796247,-9,-1,-34
1759484885.5156248,-5,1,-37
1759484885.5526247,-7,2,-36
1759484885.5916247,-3,3,-48
1759484885.6296248,-3,6,-34
1759484885.6656249,-1,2,-21
1759484885.704625,-2,3,-18
1759484885.7416248,0,0,-31
1759484885.7806249,-1,-2,-31
1759484885.8166249,5,-4,-34
1759484885.8546247,6,-1,-26
1759484885.8926249,5,0,-20
1759484885.931625,7,0,-35
1759484885.9696248,9,3,-33
1759484886.0056248,0,-4,-35
1759484886.0436249,4,-9,-32
1759484886.0806248,4,-6,-38
1759484886.1196249,2,-10,-28
1759484886.1556249,1,-4,-39
1759484886.1926248,9,-3,-43
1759484886.230625,5,-5,-49
1759484886.2696247,7,-4,-36
1759484886.3056247,0,-3,-42
1759484886.3446248,2,-1,-38
1759484886.3826249,-4,-8,-30
1759484886.4206247,4,-6,-37
1759484886.457625,1,-5,-41
1759484886.4946249,-5,-2,-28
1759484886.5326247,-7,-1,-36
1759484886.5716248,3,-6,-41
1759484886.6096249,3,-3,-38
1759484886.6466248,2,0,-39
1759484886.6836247,2,-2,-42
1759484886.7216249,-5,-3,-34
1759484886.760625,-1,0,-46
1759484886.796625,2,2,-44
1759484886.8346248,-1,0,-35
1759484886.8716247,0,6,-30
1759484886.9106247,4,0,-29
1759484886.9466248,7,-3,-34
1759484886.9836247,1,-1,-42
1759484887.0216248,-5,2,-44
1759484887.0606248,-2,6,-39
1759484887.0966249,-2,3,-46
1759484887.1336248,-1,2,-26
1759484887.1726248,2,-3,-52
1759484887.2106247,0,0,-42
1759484887.2466247,-2,2,-48
1759484887.2846248,-2,4,-44
1759484887.3226247,-3,2,-41
1759484887.3606248,0,0,-42
1759484887.3966248,4,-2,-50
1759484887.434625,1,-9,-51
1759484887.4736247,-2,0,-52
1759484887.5116248,-5,0,-53
1759484887.5476248,4,-7,-50
1759484887.5856247,-8,-1,-44
1759484887.6236248,-2,2,-33
1759484887.661625,-9,6,-30
1759484887.7006247,-3,3,-24
1759484887.7366247,0,-5,-30
1759484887.7756248,0,3,-33
1759484887.8136249,2,-2,-27
1759484887.8516247,1,3,-30
1759484887.8876247,-3,-3,-41
1759484887.9266248,-2,-1,-44
1759484887.9636247,-5,-5,-41
1759484888.0026248,-4,-4,-47
1759484888.0406249,0,-2,-41
1759484888.0766249,2,0,-40
1759484888.1136248,2,-2,-35
1759484888.1526248,4,-8,-40
1759484888.1906247,1,3,-36
1759484888.2266247,-2,0,-33
1759484888.2646248,2,6,-34
1759484888.3026247,5,-1,-40
1759484888.3406248,-1,-2,-36
1759484888.3766248,0,-6,-36
1759484888.4136248,0,6,-50
1759484888.4526248,3,4,-43
1759484888.490625,-4,4,-40
1759484888.526625,-11,1,-40
1759484888.5646248,-2,4,-40
1759484888.6036248,-3,0,-35
1759484888.6416247,1,0,-38
1759484888.6776247,2,7,-32
1759484888.7156248,-1,7,-37
1759484888.7526248,-1,6,-30
1759484888.7916248,-3,0,-41
1759484888.8276248,-8,-6,-42
1759484888.8736248,0,-3,-37
1759484888.911625,3,-3,-35
1759484888.9476247,11,-3,-42
1759484888.9856248,12,-1,-44
1759484889.023625,5,7,-40
1759484889.0626247,0,0,-34
1759484889.0986247,-2,-1,-39
1759484889.1366248,2,-5,-27
1759484889.1756248,-1,-2,-34
1759484889.2136247,5,0,-31
1759484889.2516248,4,2,-41
1759484889.2886248,0,-5,-45
1759484889.3256247,-3,-4,-42
1759484889.3646247,-2,-2,-36
1759484889.4026248,1,6,-33
1759484889.4386249,-4,2,-36
1759484889.477625,0,1,-30
1759484889.5156248,-4,0,-37
1759484889.5526247,0,8,-36
1759484889.5916247,-1,7,-32
1759484889.6276248,2,-2,-31
1759484889.6646247,-4,-4,-38
1759484889.7036247,-6,-6,-42
1759484889.7416248,4,1,-50
1759484889.7776248,-2,3,-42
1759484889.8156247,3,2,-43
1759484889.8536248,1,-7,-37
1759484889.8916247,-1,-1,-36
1759484889.9276247,0,-2,-32
1759484889.9656248,-2,0,-54
1759484890.003625,6,1,-44
1759484890.0426247,1,-2,-27
1759484890.0786247,0,-4,-32
1759484890.1166248,-4,0,-36
1759484890.1556249,-15,0,-48
1759484890.1936247,-9,0,-47
1759484890.2316248,-2,0,-38
1759484890.2676249,0,-4,-37
1759484890.3056247,4,-2,-42
1759484890.3436248,0,-3,-40
1759484890.3816247,-6,-1,-35
1759484890.4176247,0,0,-36
1759484890.454625,-3,0,-29
1759484890.4936247,-6,4,-44
1759484890.5316248,-1,2,-42
1759484890.5676248,-9,3,-44
1759484890.605625,-6,-3,-41
1759484890.6446247,-7,-2,-32
1759484890.6826248,-1,1,-39
1759484890.7186248,4,2,-46
1759484890.7556248,0,4,-40
1759484890.7946248,-2,3,-46
1759484890.832625,-4,1,-37
1759484890.8686247,-6,0,-32
1759484890.9066248,-2,-5,-35
1759484890.944625,3,-2,-35
1759484890.9826248,0,-4,-33
1759484891.0186248,-5,1,-35
1759484891.056625,5,0,-35
1759484891.0946248,-1,-5,-34
1759484891.1326249,3,-1,-34
1759484891.1686249,-2,0,-37
1759484891.2066247,5,-4,-41
1759484891.2446249,-1,0,-34
1759484891.2826247,0,0,-38
1759484891.3186247,1,1,-34
1759484891.355625,2,-2,-40
1759484891.3946247,2,0,-53
1759484891.4326248,4,-3,-37
1759484891.4686248,-5,-6,-34
1759484891.5076249,-1,5,-32
1759484891.5446248,0,4,-31
1759484891.5836248,5,2,-41
1759484891.6196249,3,0,-42
1759484891.6576247,5,-6,-47
1759484891.694625,0,-6,-43
1759484891.7336247,-3,-6,-42
1759484891.7696247,2,-1,-42
1759484891.8076248,5,1,-47
1759484891.8456247,1,2,-36
1759484891.8846247,6,0,-29
1759484891.9226248,-4,-1,-34
1759484891.9586248,-6,0,-43
1759484891.9956248,0,-5,-37
1759484892.0346248,4,-2,-29
1759484892.0726247,-12,0,-42
1759484892.1086247,-12,-3,-36
1759484892.1466248,-1,-4,-30
1759484892.1856248,0,4,-48
1759484892.2236247,-1,0,-43
1759484892.260625,-11,1,-36
1759484892.2976248,-10,-5,-35
1759484892.3356247,-3,-3,-48
1759484892.3746247,-3,5,-43
1759484892.4126248,6,6,-42
1759484892.4496248,4,1,-35
1759484892.487625,4,-4,-40
1759484892.5246248,3,0,-36
1759484892.5636249,2,5,-45
1759484892.5996249,4,6,-45
1759484892.6366248,0,3,-36
1759484892.6746247,-2,0,-35
1759484892.7136247,3,-1,-43
1759484892.7496247,-2,3,-41
1759484892.7876248,3,1,-36
1759484892.8256247,0,3,-30
1759484892.8646247,0,2,-41
1759484892.9006248,-3,1,-35
1759484892.9386249,1,1,-33
1759484892.9766247,-2,-1,-19
1759484893.0146248,1,-2,-36
1759484893.0536249,0,-1,-29
1759484893.089625,1,0,-44
1759484893.128625,6,-3,-36
1759484893.1666248,5,-4,-42
1759484893.204625,0,-7,-46
1759484893.240625,4,-1,-42
1759484893.2786248,8,-8,-35
1759484893.3166249,9,-6,-44
1759484893.355625,5,0,-35
1759484893.3936248,-2,1,-34
1759484893.4296248,-1,3,-38
1759484893.4666247,-8,-2,-31
1759484893.5056248,0,-4,-31
1759484893.5436249,3,0,-45
1759484893.579625,4,-4,-39
1759484893.6176248,4,0,-25
1759484893.6556249,3,1,-28
1759484893.6936247,4,6,-31
1759484893.7296247,1,6,-32
1759484893.7666247,-7,1,-32
1759484893.8056247,2,0,-46
1759484893.8436248,-3,-6,-36
1759484893.8796248,4,0,-32
1759484893.9176247,2,5,-39
1759484893.9556248,1,0,-34
1759484893.9936247,2,-9,-41
1759484894.0296247,6,-7,-31
1759484894.0676248,-6,-5,-34
1759484894.105625,0,-5,-35
1759484894.1446247,4,-2,-34
1759484894.1806247,-1,-4,-27
1759484894.2186248,0,0,-23
1759484894.2576249,-2,0,-39
1759484894.2956247,-4,2,-32
1759484894.3316247,-4,3,-35
1759484894.3686247,0,-1,-38
1759484894.4076247,0,0,-46
1759484894.4456248,-6,-9,-37
1759484894.4816248,0,-2,-44
1759484894.5206249,0,-1,-32
1759484894.5576248,-1,0,-39
1759484894.5966249,5,-2,-51
1759484894.6346247,-1,-1,-46
1759484894.6706247,-3,-4,-39
1759484894.7086248,0,0,-30
1759484894.7476249,-5,-1,-41
1759484894.7856247,-6,5,-46
1759484894.8216248,-2,0,-45
1759484894.8596249,-1,0,-36
1759484894.8966248,-5,-1,-39
1759484894.9356248,1,1,-36
1759484894.9716249,0,-1,-38
1759484895.0096247,0,-5,-21
1759484895.0476248,6,-1,-28
1759484895.0856247,-1,3,-26
1759484895.1216247,-1,-5,-35
1759484895.1596248,2,-4,-39
1759484895.1976247,-4,-1,-42
1759484895.2366247,2,-8,-38
1759484895.2746248,6,-4,-48
1759484895.3106248,-1,-6,-47
1759484895.3486247,-7,-7,-47
1759484895.3876247,-4,-2,-41
1759484895.4256248,7,2,-45
1759484895.4616249,0,-1,-28
1759484895.500625,5,0,-43
1759484895.5376248,0,-2,-38
1759484895.5766249,1,0,-29
1759484895.6146247,6,-1,-28
1759484895.6506248,5,4,-35
1759484895.6876247,4,1,-40
1759484895.7266247,2,3,-38
1759484895.7646248,3,-7,-43
1759484895.8006248,-3,-4,-44
1759484895.8386247,-3,0,-36
1759484895.8766248,-7,-1,-33
1759484895.9156249,-6,-3,-34
1759484895.9516249,-1,-3,-36
1759484895.9896247,-1,0,-42
1759484896.0276248,0,6,-32
1759484896.0666249,0,6,-29
1759484896.102625,1,0,-31
1759484896.1396248,0,-5,-39
1759484896.1786249,2,0,-33
1759484896.2166247,-4,4,-38
1759484896.2526248,6,-3,-29
1759484896.2896247,2,1,-37
1759484896.3276248,2,-3,-36
1759484896.3666248,0,-2,-39
1759484896.4026248,-1,-4,-47
1759484896.4416249,11,-1,-44
1759484896.4786248,5,4,-37
1759484896.5176249,1,-6,-31
1759484896.5556247,3,-3,-25
1759484896.5916247,0,-3,-28
1759484896.628625,-6,-1,-40
1759484896.6676247,0,-1,-29
1759484896.7056248,-7,-3,-31
1759484896.7416248,-7,-2,-38
1759484896.7806249,-4,0,-32
1759484896.8186247,0,0,-42
1759484896.8566248,1,2,-36
1759484896.8926249,3,0,-33
1759484896.9306247,3,-1,-38
1759484896.9686248,-1,-1,-38
1759484897.0076249,0,-4,-39
1759484897.0456247,-2,0,-32
1759484897.0816247,1,0,-44
1759484897.1206248,1,-1,-34
1759484897.158625,-3,-3,-34
1759484897.1966248,4,2,-45
1759484897.2326248,5,-4,-50
1759484897.2696247,0,-4,-44
1759484897.3086247,-3,-3,-40
1759484897.3466249,-7,-2,-37
1759484897.3826249,-1,-2,-41
1759484897.421625,0,1,-32
1759484897.4586248,1,0,-41
1759484897.4976249,4,3,-37
1759484897.5356247,0,2,-42
1759484897.5716248,-2,6,-39
1759484897.6086247,-3,0,-44
1759484897.6476247,-8,-5,-46
1759484897.6856248,1,-5,-29
1759484897.7216249,-5,0,-33
1759484897.7586248,-1,0,-36
1759484897.7976248,0,5,-39
1759484897.8336248,-1,5,-32
1759484897.8716247,-1,-6,-35
1759484897.9096248,14,-5,-29
1759484897.9476247,-1,0,-40
1759484897.9846249,0,4,-50
1759484898.0226247,2,-1,-50
1759484898.0606248,-6,1,-39
1759484898.0976248,-4,0,-35
1759484898.1366248,-2,4,-38
1759484898.1726248,0,0,-43
1759484898.2106247,5,-3,-36
1759484898.2476249,1,-2,-36
1759484898.286625,3,-3,-31
1759484898.3226247,3,-11,-30
1759484898.3606248,-1,0,-35
1759484898.3996248,-3,-1,-41
1759484898.4376247,-2,-7,-45
1759484898.4736247,0,-8,-39
1759484898.5116248,0,-6,-30
1759484898.5496247,-1,1,-35
1759484898.5886247,-1,0,-34
1759484898.6266248,-3,4,-47
1759484898.6626248,-3,2,-51
1759484898.7006247,0,-3,-40
1759484898.7386248,-5,-2,-37
1759484898.776625,3,8,-30
1759484898.8126247,-1,2,-39
1759484898.8496249,-5,0,-33
1759484898.8946247,-5,-1,-22
1759484898.931625,3,-7,-32
1759484898.9696248,5,-9,-32
1759484899.0086248,4,3,-36
1759484899.046625,-2,0,-35
1759484899.082625,-3,2,-33
1759484899.1206248,2,-2,-34
1759484899.1596248,1,0,-40
1759484899.1976247,0,1,-41
1759484899.2336247,-6,2,-41
1759484899.2716248,-2,1,-38
1759484899.3086247,3,0,-44
1759484899.3476248,8,-1,-36
1759484899.3836248,1,1,-35
1759484899.421625,1,0,-22
1759484899.4596248,-2,-1,-39
1759484899.4976249,3,-1,-32
1759484899.533625,6,-4,-36
1759484899.5726247,0,3,-32
1759484899.6106248,0,-1,-36
1759484899.648625,-6,0,-36
1759484899.684625,1,2,-38
1759484899.7216249,-2,3,-27
1759484899.760625,-10,0,-36
1759484899.7986248,-5,4,-37
1759484899.8346248,-2,-1,-34
1759484899.8726249,-1,2,-41
1759484899.9106247,0,1,-39
1759484899.9486248,-1,-3,-53
1759484899.987625,-2,7,-36
1759484900.023625,-4,4,-38
1759484900.0616248,-4,4,-35
1759484900.0986247,-4,-5,-37
1759484900.1376247,3,-10,-44
1759484900.1736248,8,-2,-47
1759484900.2116249,1,2,-33
1759484900.250625,2,5,-33
1759484900.2886248,3,3,-31
1759484900.3246248,1,2,-40
1759484900.3636248,3,1,-41
1759484900.4006248,0,-6,-38
1759484900.4396248,-4,-3,-40
1759484900.477625,0,0,-42
1759484900.513625,5,-5,-43
1759484900.5516248,7,-1,-36
1759484900.589625,1,-2,-43
1759484900.6276248,-4,0,-45
1759484900.6636248,-1,7,-30
1759484900.7006247,1,4,-30
1759484900.7396247,-1,0,-35
1759484900.7776248,0,-5,-34
1759484900.8136249,10,-4,-32
1759484900.852625,2,-2,-45
1759484900.8896248,-4,-2,-41
1759484900.9286249,-5,0,-33
1759484900.964625,-6,1,-40
1759484901.0026248,-2,0,-34
1759484901.0396247,2,-1,-34
1759484901.0786247,-2,0,-37
1759484901.1146247,-4,2,-39
1759484901.1526248,7,3,-33
1759484901.1906247,-3,1,-39
1759484901.2286248,1,1,-42
1759484901.2646248,-2,1,-44
1759484901.3026247,0,0,-35
1759484901.339625,-6,0,-39
1759484901.378625,-5,-2,-37
1759484901.4146247,-1,-2,-36
1759484901.4526248,0,5,-34
1759484901.490625,3,7,-34
1759484901.5296247,2,3,-43
1759484901.5656247,10,6,-45
1759484901.6036248,2,4,-40
1759484901.6406248,0,0,-42
1759484901.6796248,-4,-5,-29
1759484901.7156248,-2,-2,-38
1759484901.753625,-3,-10,-34
1759484901.7916248,0,-6,-32
1759484901.8306248,-1,0,-38
1759484901.8686247,0,3,-31
1759484901.9046247,-1,1,-38
1759484901.9436247,-13,0,-38
1759484901.9816248,2,1,-40
1759484902.0196247,1,0,-49
1759484902.0556247,-1,-3,-42
1759484902.0946248,3,3,-26
1759484902.1316247,0,-6,-35
1759484902.1706247,1,-2,-52
1759484902.2086248,5,-4,-41
1759484902.2446249,-1,3,-48
1759484902.2816248,-4,-4,-35
1759484902.3206248,0,-6,-30
1759484902.3586247,0,-7,-37
1759484902.3946247,1,0,-44
1759484902.431625,8,7,-30
1759484902.4706247,3,6,-35
1759484902.5086248,-1,1,-36
1759484902.5446248,-1,2,-35
1759484902.5836248,2,2,-29
1759484902.6216247,-1,-1,-35
1759484902.6596248,10,0,-35
1759484902.6956248,2,2,-28
1759484902.7336247,-3,5,-34
1759484902.7706249,-9,0,-34
1759484902.809625,-1,5,-45
1759484902.8456247,-11,2,-47
1759484902.8836248,-4,2,-32
1759484902.9226248,-2,-3,-16
1759484902.9606247,0,-6,-26
1759484902.9986248,0,6,-34
1759484903.0346248,-2,4,-39
1759484903.0736248,1,0,-36
1759484903.1116247,3,1,-41
1759484903.1496248,-2,-2,-34
1759484903.1856248,-2,-5,-29
1759484903.2236247,2,-6,-42
1759484903.2616248,0,-8,-44
1759484903.3006248,-3,-14,-40
1759484903.3366249,-5,-8,-43
1759484903.3746247,-5,-2,-35
1759484903.4126248,1,0,-40
1759484903.4516249,6,3,-45
1759484903.4896247,3,3,-25
1759484903.5256248,0,4,-45
1759484903.5636249,-5,4,-44
1759484903.6016247,-7,-2,-34
1759484903.6406248,-5,0,-37
1759484903.6766248,0,0,-38
1759484903.7136247,-11,3,-34
1759484903.7526248,0,-2,-35
1759484903.7906249,0,-1,-27
1759484903.8266249,-1,0,-24
1759484903.865625,0,-1,-38
1759484903.9036248,-8,-3,-29
1759484903.9416249,-5,0,-39
1759484903.9796247,2,2,-37
1759484904.0156248,1,2,-34
1759484904.0536249,3,0,-27
1759484904.0916247,3,8,-36
1759484904.1296248,3,5,-36
1759484904.1656249,7,1,-39
1759484904.2036247,3,2,-38
1759484904.2416248,0,7,-42
1759484904.2796247,1,7,-31
1759484904.3156247,0,6,-28
1759484904.3536248,-6,5,-27
1759484904.3916247,-8,0,-37
1759484904.4296248,0,0,-32
1759484904.4656248,1,4,-37
1759484904.5046248,8,0,-42
1759484904.5416248,0,3,-45
1759484904.5806248,-1,-7,-49
1759484904.6166248,-1,-4,-52
1759484904.6546247,1,-5,-37
1759484904.6936247,-1,-1,-41
1759484904.7316248,-7,-1,-45
1759484904.7676249,-3,-5,-38
1759484904.806625,-4,-4,-39
1759484904.8446248,-8,4,-36
1759484904.8826249,-4,4,-31
1759484904.9206247,-4,-4,-38
1759484904.9566247,6,-4,-34
1759484904.9946249,6,-3,-14
1759484905.0326247,6,1,-26
1759484905.0706248,4,0,-31
1759484905.1066248,8,0,-30
1759484905.1436248,4,-2,-33
1759484905.1826248,2,6,-33
1759484905.2206247,5,0,-24
1759484905.2566247,7,-1,-43
1759484905.2946248,1,-1,-44
1759484905.332625,2,-6,-42
1759484905.3706248,0,-3,-36
1759484905.4066248,-9,-2,-37
1759484905.4456248,-10,-1,-40
1759484905.4826248,-4,-3,-28
1759484905.5216248,-8,-1,-32
1759484905.5576248,-9,-2,-35
1759484905.5966249,-2,-1,-35
1759484905.6336248,-2,0,-47
1759484905.6726248,-2,-1,-43
1759484905.7106247,1,2,-41
1759484905.7466247,0,-4,-50
1759484905.783625,-3,-11,-45
1759484905.8226247,-3,0,-44
1759484905.8606248,2,4,-44
1759484905.8966248,-1,3,-46
1759484905.9356248,0,1,-41
1759484905.9726248,0,0,-31
1759484906.0116248,-4,0,-36
1759484906.0486248,-3,4,-40
1759484906.0856247,2,-1,-48
1759484906.1246247,5,3,-52
1759484906.1626248,-1,1,-49
1759484906.2006247,-1,0,-36
1759484906.2366247,-4,1,-46
1759484906.2746248,11,-2,-33
1759484906.3136249,9,2,-41
1759484906.3516247,3,2,-37
1759484906.3876247,3,5,-43
1759484906.4246247,1,4,-40
1759484906.4626248,-3,2,-49
1759484906.5016248,-8,8,-33
1759484906.5376248,-11,9,-35
1759484906.5756247,-12,1,-45
1759484906.6136248,-2,0,-35
1759484906.6526248,-1,0,-39
1759484906.6886249,-7,1,-41
1759484906.7266247,-4,-3,-44
1759484906.7656248,-4,-4,-35
1759484906.8026247,-2,-3,-35
1759484906.8416247,0,-2,-41
1759484906.8776248,-1,0,-44
1759484906.9146247,-3,0,-34
1759484906.9526248,1,3,-41
1759484906.9916248,-3,2,-44
1759484907.0276248,0,3,-45
1759484907.0646248,5,0,-38
1759484907.102625,0,-2,-33
1759484907.1416247,0,-2,-37
1759484907.1776247,0,-5,-40
1759484907.2166247,1,5,-39
1759484907.253625,3,4,-42
1759484907.2926247,0,2,-43
1759484907.329625,3,-5,-43
1759484907.3666248,1,-6,-41
1759484907.4046247,0,-8,-45
1759484907.4436247,-3,-6,-34
1759484907.4816248,-3,-2,-38
1759484907.5176249,3,-1,-38
1759484907.5556247,7,0,-44
1759484907.5936248,-2,-7,-35
1759484907.6326249,-4,0,-47
1759484907.6686249,-1,0,-48
1759484907.707625,-1,1,-46
1759484907.7456248,-11,0,-44
1759484907.783625,-1,-1,-29
1759484907.8216248,-6,0,-39
1759484907.8576248,-3,1,-47
1759484907.8956249,-3,-4,-34
1759484907.9336247,4,-1,-46
1759484907.9716249,6,0,-45
1759484908.0076249,4,-1,-29
1759484908.0456247,-2,0,-33
1759484908.0836248,3,-6,-31
1759484908.1216247,3,-5,-33
1759484908.1576247,1,1,-28
1759484908.1956248,-5,-3,-28
1759484908.2336247,-2,1,-34
1759484908.2696247,1,-2,-37
1759484908.3076248,-2,0,-32
1759484908.3456247,0,-9,-29
1759484908.3836248,0,-3,-37
1759484908.4196248,4,2,-37
1759484908.457625,-1,0,-33
1759484908.4956248,-2,0,-35
1759484908.533625,0,1,-35
1759484908.569625,2,0,-43
1759484908.6066248,-1,0,-41
1759484908.6456249,0,2,-31
1759484908.6836247,-2,2,-32
1759484908.7196248,-7,2,-29
1759484908.7566247,-2,1,-37
1759484908.7956247,2,0,-42
1759484908.8336248,6,0,-46
1759484908.8696249,1,-4,-47
1759484908.9156249,4,0,-49
1759484908.9536247,4,-1,-45
1759484908.990625,1,-4,-44
1759484909.0276248,3,-1,-31
1759484909.0666249,-5,-5,-34
1759484909.1046247,-3,-6,-43
1759484909.1426249,2,0,-51
1759484909.1786249,-11,3,-33
1759484909.217625,0,-7,-34
1759484909.2556248,-3,-9,-35
1759484909.2936249,-2,-1,-35
1759484909.329625,1,-3,-40
1759484909.3676248,2,-1,-31
1759484909.4056249,-1,-8,-26
1759484909.444625,-1,1,-29
1759484909.4826248,-4,0,-37
1759484909.5186248,-9,3,-52
1759484909.556625,-1,7,-49
1759484909.5946248,-1,0,-45
1759484909.6336248,-1,1,-35
1759484909.6696248,-4,1,-38
1759484909.7086248,2,0,-26
1759484909.7456248,-2,-9,-25
1759484909.7846248,0,-4,-35
1759484909.8226247,8,-4,-43
1759484909.8586247,0,0,-42
1759484909.8966248,1,0,-52
1759484909.934625,1,0,-46
1759484909.9706247,-3,-6,-36
1759484910.0086248,-9,-4,-32
1759484910.0476248,1,1,-43
1759484910.0856247,-1,4,-44
1759484910.1236248,-8,0,-45
1759484910.1596248,-11,-1,-34
1759484910.1976247,0,3,-38
1759484910.2356248,10,7,-32
1759484910.2746248,0,1,-38
1759484910.3106248,1,4,-31
1759484910.3476248,3,1,-40
1759484910.385625,-1,-1,-44
1759484910.4246247,-2,-5,-43
1759484910.4606247,1,-3,-34
1759484910.4976249,0,0,-27
1759484910.5356247,3,-2,-28
1759484910.5746248,2,2,-36
1759484910.6106248,-10,0,-49
1759484910.648625,-7,1,-42
1759484910.6876247,-2,1,-41
1759484910.7256248,-4,-5,-45
1759484910.763625,1,-5,-30
1759484910.7996247,-3,-7,-32
1759484910.8376248,-5,3,-51
1759484910.875625,1,2,-38
1759484910.9146247,5,0,-39
1759484910.9506247,2,5,-36
1759484910.987625,0,-2,-37
1759484911.026625,-3,-1,-43
1759484911.0646248,-6,4,-42
1759484911.1006248,0,2,-43
1759484911.1376247,0,5,-42
1759484911.1766248,3,6,-39
1759484911.214625,-4,8,-45
1759484911.250625,0,6,-45
1759484911.2876248,-9,0,-47
1759484911.3266249,-2,3,-34
1759484911.3646247,0,0,-45
1759484911.4006248,3,0,-41
1759484911.4386249,-7,-10,-43
1759484911.4766247,-3,-10,-50
1759484911.5146248,1,-4,-49
1759484911.5506248,-1,-1,-45
1759484911.589625,-3,-1,-39
1759484911.6266248,-8,-6,-37
1759484911.6656249,-6,-1,-37
1759484911.7016249,3,0,-39
1759484911.7396247,1,-1,-38
1759484911.776625,-1,0,-25
1759484911.8156247,0,5,-39
1759484911.8516247,5,2,-44
1759484911.8896248,4,0,-44
1759484911.9266248,-2,0,-40
1759484911.9656248,0,-5,-46
1759484912.0016248,-1,-2,-36
1759484912.0406249,-1,1,-31
1759484912.0776248,2,0,-29
1759484912.115625,2,-3,-39
1759484912.1546247,0,11,-36
1759484912.1906247,6,-4,-36
1759484912.2286248,5,1,-38
1759484912.2666247,0,-1,-41
1759484912.3056247,0,-7,-38
1759484912.3416247,7,4,-30
1759484912.378625,-1,1,-31
1759484912.4166248,1,-3,-31
1759484912.4556248,-3,-4,-32
1759484912.4926248,5,-1,-30
1759484912.5306249,0,-1,-37
1759484912.5676248,-9,1,-26
1759484912.6066248,-7,-1,-31
1759484912.6446247,0,-1,-30
1759484912.6806247,-4,-2,-30
1759484912.7196248,1,3,-30
1759484912.7566247,0,6,-33
1759484912.7956247,4,2,-41
1759484912.8316247,8,-3,-45
1759484912.8696249,5,-2,-39
1759484912.9076247,0,1,-43
1759484912.9466248,5,6,-37
1759484912.9846249,2,8,-36
1759484913.0206249,-2,4,-36
1759484913.059625,0,8,-28
1759484913.0976248,5,-6,-36
1759484913.135625,-1,0,-51
1759484913.171625,1,1,-45
1759484913.2106247,8,6,-36
1759484913.2476249,9,-3,-38
1759484913.286625,7,-3,-38
1759484913.3246248,5,0,-42
1759484913.3606248,7,-3,-40
1759484913.3976247,6,-2,-39
1759484913.4366248,-2,0,-39
1759484913.4746249,1,-3,-45
1759484913.510625,-9,-3,-39
1759484913.5496247,-2,-6,-45
1759484913.5876248,11,-6,-50
1759484913.625625,4,-2,-48
1759484913.661625,-2,4,-50
1759484913.6996248,-1,-2,-40
1759484913.7366247,0,-7,-33
1759484913.7756248,-2,-4,-33
1759484913.8116248,0,-1,-30
1759484913.8496249,-2,6,-46
1759484913.8876247,0,4,-42
1759484913.9256248,-3,0,-43
1759484913.9616249,-1,-7,-40
1759484913.9996247,4,-6,-38
1759484914.0376248,4,1,-47
1759484914.0766249,-4,0,-34
1759484914.112625,-4,1,-38
1759484914.1506248,-1,0,-32
1759484914.1876247,-1,3,-29
1759484914.2266247,3,3,-29
1759484914.2626247,3,0,-32
1759484914.3006248,2,0,-46
1759484914.3376248,-3,-1,-40
1759484914.3766248,0,1,-41
1759484914.4126248,0,0,-38
1759484914.4496248,7,3,-32
1759484914.487625,7,1,-32
1759484914.526625,-1,-4,-33
1759484914.5626247,0,-6,-35
1759484914.5996249,0,-7,-28
1759484914.6376247,0,-8,-33
1759484914.6766248,-5,-9,-39
1759484914.7126248,-1,-7,-29
1759484914.750625,-9,-8,-32
1759484914.7896247,0,3,-30
1759484914.8276248,0,1,-28
1759484914.865625,0,1,-24
1759484914.901625,-5,3,-37
1759484914.9406247,0,0,-36
1759484914.977625,3,0,-34
1759484915.0166247,4,-4,-32
1759484915.0526247,4,0,-33
1759484915.089625,-3,2,-33
1759484915.1276248,1,2,-40
1759484915.1666248,0,4,-35
1759484915.2026248,5,0,-43
1759484915.240625,5,-4,-40
1759484915.2776248,8,4,-32
1759484915.3166249,8,3,-36
1759484915.352625,9,0,-42
1759484915.3906248,6,-2,-36
1759484915.4286249,8,0,-39
1759484915.4666247,2,0,-44
1759484915.5026248,0,-1,-37
1759484915.5406249,3,2,-37
1759484915.5786247,4,0,-38
1759484915.6166248,1,0,-29
1759484915.6526248,0,-2,-36
1759484915.6896248,4,-4,-39
1759484915.727625,6,0,-37
1759484915.7666247,0,-5,-39
1759484915.8026247,0,-3,-38
1759484915.8406248,1,0,-38
1759484915.878625,-3,-2,-42
1759484915.9166248,-4,-3,-37
1759484915.9526248,-4,-1,-43
1759484915.9916248,-6,0,-44
1759484916.0286248,-4,-1,-39
1759484916.0676248,0,1,-41
1759484916.1036248,-3,1,-35
1759484916.1416247,-1,-4,-30
1759484916.1786249,-7,-1,-35
1759484916.217625,-4,-4,-39
1759484916.253625,-3,-6,-44
1759484916.2916248,0,0,-33
1759484916.329625,-6,1,-35
1759484916.3686247,-3,0,-39
1759484916.4066248,-4,-2,-21
1759484916.4426248,3,2,-30
1759484916.4796247,-2,0,-40
1759484916.5186248,7,3,-29
1759484916.556625,2,0,-38
1759484916.592625,1,-2,-32
1759484916.6296248,3,-4,-43
1759484916.6686249,0,-6,-42
1759484916.7066247,-3,-3,-52
1759484916.7426248,-6,-3,-44
1759484916.7806249,0,2,-30
1759484916.8186247,7,-1,-30
1759484916.8576248,1,-4,-34
1759484916.8936248,0,0,-38
1759484916.9306247,5,-2,-38
1759484916.9696248,4,1,-44
1759484917.0076249,5,0,-54
1759484917.0446248,5,7,-53
1759484917.0816247,4,-6,-41
1759484917.1196249,-1,-4,-32
1759484917.158625,0,0,-42
1759484917.194625,3,6,-51
1759484917.2316248,4,2,-40
1759484917.2706249,0,3,-41
1759484917.3086247,5,-1,-23
1759484917.3446248,2,0,-26
1759484917.3816247,-2,2,-41
1759484917.4206247,0,-4,-42
1759484917.4586248,-6,2,-35
1759484917.4946249,-4,0,-29
1759484917.5316248,-2,2,-32
1759484917.5706248,0,5,-34
1759484917.6086247,7,0,-35
1759484917.6446247,12,-3,-38
1759484917.6826248,11,2,-38
1759484917.7206247,2,3,-31
1759484917.7586248,3,-1,-22
1759484917.7946248,0,4,-40
1759484917.8316247,-1,4,-40
1759484917.8696249,6,-6,-25
1759484917.908625,4,-6,-31
1759484917.944625,10,0,-37
1759484917.9826248,5,4,-39
1759484918.0196247,3,0,-29
1759484918.0586247,0,-4,-27
1759484918.0956247,-1,-3,-30
1759484918.1336248,-4,-3,-40
1759484918.171625,-8,0,-44
1759484918.2096248,-3,-2,-43
1759484918.2476249,0,3,-47
1759484918.283625,1,-2,-42
1759484918.3216248,-5,0,-47
1759484918.3596249,3,-4,-35
1759484918.398625,0,-1,-40
1759484918.434625,-3,-2,-38
1759484918.4726248,0,-1,-32
1759484918.510625,-3,-7,-38
1759484918.5496247,0,-3,-39
1759484918.5876248,1,2,-54
1759484918.6236248,0,8,-46
1759484918.661625,-7,1,-47
1759484918.7006247,-2,0,-40
1759484918.7386248,4,3,-33
1759484918.7746248,7,2,-30
1759484918.8126247,5,2,-28
1759484918.8506248,9,-1,-31
1759484918.888625,3,3,-24
1759484918.9326248,0,-1,-35
1759484918.9696248,-7,2,-34
1759484919.0086248,-2,-6,-36
1759484919.0446248,1,-3,-35
1759484919.0836248,-1,-3,-41
1759484919.1206248,0,1,-45
1759484919.1596248,7,-4,-39
1759484919.1956248,4,2,-40
1759484919.2326248,-2,0,-39
1759484919.2706249,4,1,-39
1759484919.309625,3,-2,-35
1759484919.3456247,7,-2,-41
1759484919.3826249,0,2,-40
1759484919.421625,-4,1,-37
1759484919.4596248,2,6,-31
1759484919.4956248,0,0,-32
1759484919.5326247,0,0,-31
1759484919.5716248,2,1,-30
1759484919.6096249,6,4,-33
1759484919.6456249,0,3,-30
1759484919.6826248,0,-1,-32
1759484919.7216249,4,-8,-32
1759484919.7596247,1,-5,-31
1759484919.7956247,13,0,-41
1759484919.8336248,9,2,-31
1759484919.8706248,2,0,-37
1759484919.9096248,4,0,-37
1759484919.9456248,0,-1,-24
1759484919.9826248,6,4,-35
1759484920.0206249,0,0,-34
1759484920.059625,0,4,-35
1759484920.0966249,-1,0,-40
1759484920.1346247,-2,1,-31
1759484920.1726248,0,-3,-37
1759484920.2106247,0,-1,-34
1759484920.2486248,3,3,-39
1759484920.2846248,8,4,-36
1759484920.3226247,5,-1,-31
1759484920.3606248,3,2,-39
1759484920.3966248,2,2,-34
1759484920.434625,4,-1,-46
1759484920.4726248,1,0,-44
1759484920.510625,0,1,-55
1759484920.546625,1,-4,-39
1759484920.5856247,6,-2,-37
1759484920.6236248,-2,0,-42
1759484920.661625,-4,-2,-39
1759484920.6996248,-6,-2,-42
1759484920.7356248,-10,-2,-46
1759484920.773625,-6,-9,-48
1759484920.8126247,-7,0,-35
1759484920.8506248,-5,1,-40
1759484920.8866248,0,1,-37
1759484920.9236248,-3,0,-28
1759484920.9616249,5,0,-31
1759484921.000625,6,-3,-41
1759484921.036625,0,-9,-37
1759484921.0746248,4,-3,-32
1759484921.112625,2,0,-34
1759484921.151625,7,-1,-31
1759484921.1896248,8,-5,-34
1759484921.2256248,0,-4,-39
1759484921.2656248,0,5,-27
1759484921.3036249,8,1,-42
1759484921.3416247,1,4,-37
1759484921.3796248,1,0,-39
1759484921.4156249,4,-3,-38
1759484921.4526248,2,-3,-35
1759484921.4916248,-5,0,-33
1759484921.5296247,-2,-1,-43
1759484921.5656247,-7,-4,-19
1759484921.6036248,-3,1,-39
1759484921.6416247,0,0,-48
1759484921.6806247,3,5,-45
1759484921.7166247,-7,-3,-51
1759484921.7546248,3,11,-48
1759484921.7926247,2,-1,-42
1759484921.8316247,1,3,-39
1759484921.8696249,-9,0,-33
1759484921.9056249,-4,-2,-37
1759484921.944625,-1,7,-40
1759484921.9826248,3,0,-32
1759484922.0206249,3,-5,-29
1759484922.056625,4,-2,-32
1759484922.0946248,3,1,-46
1759484922.1326249,-6,-2,-49
1759484922.171625,-9,-1,-40
1759484922.207625,-8,0,-25
1759484922.2456248,-2,-7,-35
1759484922.283625,-2,-4,-32
1759484922.3216248,-7,0,-45
1759484922.3576248,3,0,-43
1759484922.3946247,1,5,-36
1759484922.4326248,0,-2,-37
1759484922.4716249,1,-2,-43
1759484922.5076249,-9,-6,-43
1759484922.5456247,-13,-4,-33
1759484922.5846248,-7,0,-37
1759484922.6216247,0,1,-39
1759484922.6606247,-1,-3,-39
1759484922.6976247,-4,0,-28
1759484922.7356248,-9,-12,-44
1759484922.7726247,-3,0,-44
1759484922.8116248,0,-1,-44
1759484922.8476248,-3,-2,-38
1759484922.885625,-8,-1,-44
1759484922.9246247,0,-1,-45
1759484922.9626248,-4,-1,-48
1759484923.000625,0,7,-38
1759484923.036625,4,3,-31
1759484923.0746248,-2,1,-26
1759484923.112625,-4,-2,-42
1759484923.1506248,0,0,-48
1759484923.1876247,0,0,-39
1759484923.2246249,0,4,-40
1759484923.263625,0,1,-31
1759484923.3016248,-13,0,-43
1759484923.3376248,-5,2,-61
1759484923.375625,3,0,-46
1759484923.4146247,2,-6,-49
1759484923.4526248,-7,-5,-35
1759484923.490625,1,1,-39
1759484923.526625,0,-1,-38
1759484923.5656247,-3,-3,-28
1759484923.602625,-1,-2,-42
1759484923.6416247,-1,-4,-37
1759484923.6776247,-2,0,-42
1759484923.7156248,-2,-1,-42
1759484923.7546248,1,-1,-38
1759484923.7926247,0,0,-37
1759484923.8306248,-5,3,-39
1759484923.8666248,3,-1,-49
1759484923.9046247,0,-3,-48
1759484923.9426248,-2,-2,-37
1759484923.9786248,-2,-1,-41
1759484924.0166247,-3,4,-35
1759484924.0546248,0,1,-31
1759484924.092625,1,0,-36
1759484924.1316247,0,0,-44
1759484924.1676247,2,0,-42
1759484924.204625,0,0,-37
1759484924.2426248,0,-3,-44
1759484924.2816248,0,-2,-35
1759484924.3176248,-2,0,-36
1759484924.3546247,-6,6,-26
1759484924.3926249,-1,1,-30
1759484924.431625,1,0,-47
1759484924.467625,0,-2,-40
1759484924.5046248,-6,2,-46
1759484924.5436249,-9,1,-44
1759484924.5816247,0,0,-38
1759484924.6176248,-11,0,-51
1759484924.6566248,4,2,-52
1759484924.694625,-5,-1,-38
1759484924.7326248,-2,0,-46
1759484924.7686248,0,-1,-32
1759484924.8076248,6,-2,-32
1759484924.8456247,3,-6,-28
1759484924.8836248,-7,-2,-23
1759484924.921625,-1,2,-32
1759484924.957625,0,0,-31
1759484924.9946249,4,2,-22
1759484925.033625,-1,1,-35
1759484925.0716248,0,4,-34
1759484925.1076248,-2,2,-41
1759484925.1446247,1,7,-34
1759484925.1836247,4,4,-32
1759484925.2216249,2,0,-26
1759484925.2576249,5,0,-44
1759484925.2946248,2,1,-38
1759484925.3336248,-3,0,-46
1759484925.3716247,-9,1,-36
1759484925.4076247,-7,-1,-41
1759484925.4466248,1,-3,-42
1759484925.4836247,1,-4,-40
1759484925.5226247,-3,-8,-36
1759484925.5586247,-2,-8,-31
1759484925.5966249,3,-8,-37
1759484925.6336248,5,0,-39
1759484925.6726248,0,3,-37
1759484925.7086248,-2,0,-42
1759484925.7466247,-4,5,-19
1759484925.783625,-5,5,-25
1759484925.8226247,0,4,-45
1759484925.8586247,5,4,-29
1759484925.8966248,1,3,-34
1759484925.9336247,1,-1,-32
1759484925.9726248,-3,-5,-35
1759484926.0086248,-1,-6,-37
1759484926.046625,-7,0,-41
1759484926.0856247,-4,-4,-39
1759484926.1236248,-3,-2,-33
1759484926.1596248,0,0,-34
1759484926.1966248,4,4,-30
1759484926.2346249,-2,4,-43
1759484926.273625,0,-1,-47
1759484926.309625,0,2,-38
1759484926.3466249,-2,1,-38
1759484926.385625,2,-2,-42
1759484926.4236248,5,0,-36
1759484926.4596248,1,-4,-42
1759484926.4966247,-5,-4,-33
1759484926.5346248,0,-4,-40
1759484926.5736248,0,-1,-42
1759484926.6096249,-3,-1,-34
1759484926.6476247,-6,2,-47
1759484926.6866248,-3,0,-47
1759484926.7246249,-5,2,-33
1759484926.7626247,4,0,-26
1759484926.7996247,2,1,-27
1759484926.8366249,2,4,-42
1759484926.8746247,8,0,-39
1759484926.9136248,8,-5,-42
1759484926.9496248,1,-2,-46
1759484926.987625,-3,-5,-43
1759484927.026625,-7,-1,-38
1759484927.0646248,-1,0,-43
1759484927.102625,-8,1,-38
1759484927.1396248,-1,-5,-34
1759484927.1766248,0,0,-34
1759484927.214625,-1,-1,-48
1759484927.253625,2,-4,-43
1759484927.2896247,3,-2,-49
1759484927.3266249,5,-4,-41
1759484927.3646247,0,0,-42
1759484927.4036248,-5,1,-41
1759484927.4396248,0,-3,-33
1759484927.4766247,-8,-3,-36
1759484927.5146248,1,-4,-38
1759484927.5536249,1,-1,-40
1759484927.589625,-1,-2,-32
1759484927.6276248,-6,2,-31
1759484927.6656249,-4,3,-38
1759484927.704625,0,0,-37
1759484927.740625,1,-1,-40
1759484927.7776248,4,-1,-47
1759484927.8166249,-1,-1,-28
1759484927.8546247,-4,0,-38
1759484927.8906248,6,0,-41
1759484927.9276247,2,3,-49
1759484927.9656248,5,3,-43
1759484928.0046248,-5,4,-47
1759484928.0406249,-6,2,-41
1759484928.0776248,-3,2,-42
1759484928.115625,-7,-2,-44
1759484928.1546247,-7,-4,-28
1759484928.1906247,-3,-10,-38
1759484928.2296247,-7,0,-31
1759484928.2676249,-1,3,-46
1759484928.3056247,-1,4,-47
1759484928.3436248,0,0,-29
1759484928.3796248,1,-4,-38
1759484928.4166248,1,1,-42
1759484928.4556248,0,2,-29
1759484928.4936247,0,0,-23
1759484928.5296247,0,7,-34
1759484928.5666249,10,-2,-45
1759484928.605625,0,-1,-42
1759484928.6436248,0,2,-43
1759484928.6796248,-4,-3,-34
1759484928.7186248,-3,0,-38
1759484928.7556248,0,-8,-34
1759484928.7946248,4,0,-39
1759484928.8316247,5,-2,-46
1759484928.8686247,3,1,-38
1759484928.9076247,3,1,-38
1759484928.9516249,-5,4,-34
1759484928.9886248,1,-3,-43
1759484929.0276248,-6,-7,-40
1759484929.0656247,-4,-4,-25
1759484929.1016247,0,1,-39
1759484929.1396248,-10,3,-41
1759484929.1776247,-7,2,-44
1759484929.2156248,-3,-7,-31
1759484929.2516248,-4,0,-37
1759484929.2906249,-1,2,-32
1759484929.3276248,0,8,-47
1759484929.365625,1,3,-41
1759484929.4046247,-1,-1,-30
1759484929.4406247,3,0,-25
1759484929.4786248,0,1,-32
1759484929.5156248,-3,-2,-35
1759484929.5546248,-7,1,-41
1759484929.5906248,-6,2,-37
1759484929.6276248,0,9,-40
1759484929.6666248,-1,1,-36
1759484929.704625,3,-2,-34
1759484929.740625,5,-3,-33
1759484929.7776248,-5,0,-44
1759484929.8166249,-1,1,-33
1759484929.8546247,0,-4,-34
1759484929.8906248,4,-3,-30
1759484929.9276247,0,0,-31
1759484929.9666247,-6,-4,-39
1759484930.0046248,-1,1,-30
1759484930.0406249,2,6,-21
1759484930.0776248,0,3,-38
1759484930.1166248,0,5,-41
1759484930.1546247,4,1,-33
1759484930.1906247,2,2,-38
1759484930.2286248,4,0,-41
1759484930.2666247,4,-3,-39
1759484930.3046248,-2,-1,-40
1759484930.3406248,-3,-2,-40
1759484930.3796248,1,2,-38
1759484930.4176247,0,-1,-41
1759484930.4556248,1,-1,-32
1759484930.4916248,-1,-3,-31
1759484930.5306249,-6,-4,-38
1759484930.5676248,-3,-1,-36
1759484930.6066248,-2,0,-31
1759484930.6446247,8,-7,-35
1759484930.6806247,2,0,-55
1759484930.717625,2,0,-32
1759484930.7566247,2,6,-38
1759484930.7946248,0,4,-37
1759484930.8306248,-1,0,-42
1759484930.8676248,-11,1,-44
1759484930.9066248,-3,0,-35
1759484930.9426248,-3,-3,-40
1759484930.980625,5,-7,-25
1759484931.0196247,-5,2,-31
1759484931.056625,-2,4,-30
1759484931.0956247,1,0,-30
1759484931.1326249,0,-5,-36
1759484931.1696248,12,-1,-34
1759484931.2086248,3,-2,-50
1759484931.2466247,3,-7,-44
1759484931.2826247,-4,1,-42
1759484931.319625,-3,4,-38
1759484931.3586247,0,0,-42
1759484931.3966248,3,4,-39
1759484931.4326248,-1,-3,-46
1759484931.4706247,-1,-1,-39
1759484931.5086248,1,4,-34
1759484931.5476248,-5,0,-23
1759484931.5856247,-1,4,-40
1759484931.6216247,1,4,-46
1759484931.6596248,0,2,-39
1759484931.6976247,4,0,-40
1759484931.7356248,-2,2,-49
1759484931.7716248,5,-2,-44
1759484931.809625,2,-3,-38
1759484931.8476248,1,-8,-24
1759484931.885625,-5,-7,-26
1759484931.921625,-5,-6,-41
1759484931.9596248,-8,-1,-39
1759484931.9986248,-10,1,-41
1759484932.036625,0,0,-39
1759484932.0726247,0,2,-51
1759484932.1106248,0,4,-37
1759484932.1496248,4,-1,-42
1759484932.1876247,2,6,-31
1759484932.2256248,2,0,-44
1759484932.2616248,0,-6,-41
1759484932.2996247,4,-1,-36
1759484932.3376248,0,1,-27
1759484932.375625,2,-1,-29
1759484932.411625,1,-1,-39
1759484932.4496248,5,4,-39
1759484932.487625,0,0,-40
1759484932.526625,1,3,-45
1759484932.5626247,1,3,-39
1759484932.5996249,-3,2,-37
1759484932.6376247,-1,6,-41
1759484932.6766248,0,0,-51
1759484932.7126248,1,1,-44
1759484932.750625,-2,-6,-50
1759484932.7876248,2,-3,-40
1759484932.8266249,1,1,-48
1759484932.862625,6,0,-40
1759484932.9006248,-3,-10,-37
1759484932.9396248,3,-1,-39
1759484932.977625,4,-4,-45
1759484933.013625,8,0,-50
1759484933.0506248,2,0,-36
1759484933.0886247,0,0,-42
1759484933.1276248,0,-2,-39
1759484933.1636248,0,4,-20
1759484933.2016249,-8,0,-17
1759484933.240625,-2,-2,-28
1759484933.2786248,-6,3,-35
1759484933.3166249,0,-4,-36
1759484933.352625,-1,3,-52
1759484933.3916247,3,0,-47
1759484933.4296248,-4,1,-47
1759484933.467625,0,-5,-38
1759484933.503625,-4,-4,-43
1759484933.5426247,-9,1,-39
1759484933.579625,0,2,-47
1759484933.6186247,-2,-4,-52
1759484933.6566248,1,-9,-33
1759484933.6926248,6,-4,-31
1759484933.730625,0,4,-36
1759484933.7686248,-6,-3,-51
1759484933.8076248,6,0,-53
1759484933.8436248,0,-2,-40
1759484933.8806248,-3,-5,-37
1759484933.9186249,2,1,-42
1759484933.957625,6,-5,-34
1759484933.9936247,-2,-3,-47
1759484934.0316248,1,0,-38
1759484934.0706248,-2,-4,-37
1759484934.1086247,0,-2,-43
1759484934.1466248,-9,-7,-33
1759484934.1826248,-4,-2,-29
1759484934.2206247,7,1,-45
1759484934.2596247,5,4,-40
1759484934.2976248,-3,-4,-28
1759484934.3336248,-3,-11,-38
1759484934.3716247,0,-4,-40
1759484934.4096248,0,4,-36
1759484934.4486248,1,1,-44
1759484934.4846249,3,1,-45
1759484934.5216248,1,-2,-25
1759484934.559625,-6,-1,-31
1759484934.5986247,-2,3,-30
1759484934.6346247,4,-1,-45
1759484934.671625,5,1,-33
1759484934.7096248,-3,-7,-30
1759484934.7486248,-3,-5,-34
1759484934.7846248,-2,0,-41
1759484934.8226247,-1,2,-44
1759484934.8606248,1,2,-32
1759484934.8996248,0,4,-36
1759484934.9376247,4,-1,-38
1759484934.9736247,0,-6,-40
1759484935.0126247,-1,-1,-47
1759484935.0496247,-3,6,-29
1759484935.0886247,0,1,-36
1759484935.1246247,0,0,-34
1759484935.161625,4,3,-39
1759484935.1996248,-6,3,-28
1759484935.2386248,1,-6,-34
1759484935.2746248,0,3,-37
1759484935.3116248,4,1,-36
1759484935.3496249,2,4,-37
1759484935.388625,-5,1,-42
1759484935.4246247,-3,0,-43
1759484935.4636247,-9,1,-37
1759484935.5016248,3,-3,-36
1759484935.5396247,0,-4,-38
1759484935.5776248,1,3,-45
1759484935.6136248,-4,8,-41
1759484935.651625,-4,-4,-38
1759484935.6896248,-5,-1,-32
1759484935.727625,-5,-2,-49
1759484935.763625,-1,-4,-42
1759484935.8016248,-6,3,-31
1759484935.839625,0,0,-35
1759484935.878625,-5,3,-36
1759484935.9146247,-9,2,-31
1759484935.9516249,-9,0,-36
1759484935.9896247,1,-1,-40
1759484936.0286248,-4,0,-36
1759484936.0646248,-2,1,-29
1759484936.102625,4,1,-25
1759484936.1406248,-9,-4,-36
1759484936.1796248,-1,-1,-29
1759484936.2156248,0,-3,-34
1759484936.2546248,2,-3,-32
1759484936.2926247,-5,-5,-42
1759484936.3306248,1,-4,-40
1759484936.3686247,4,2,-28
1759484936.4046247,-3,-6,-27
1759484936.4436247,-6,-3,-42
1759484936.480625,-1,0,-35
1759484936.5196247,0,3,-26
1759484936.5556247,-3,5,-37
1759484936.592625,-4,-3,-36
1759484936.6316247,-2,6,-34
1759484936.6696248,0,0,-37
1759484936.7056248,-5,-1,-36
1759484936.7436247,-2,8,-26
1759484936.7816248,-2,5,-34
1759484936.8206248,1,0,-23
1759484936.8586247,-1,4,-30
1759484936.8946247,-1,4,-39
1759484936.9326248,-1,1,-52
1759484936.9706247,-2,-1,-37
1759484937.0086248,-3,2,-38
1759484937.0446248,-2,3,-40
1759484937.082625,-1,3,-40
1759484937.1216247,8,3,-40
1759484937.1596248,7,3,-34
1759484937.1956248,4,-2,-43
1759484937.2346249,-1,0,-38
1759484937.2726247,-3,2,-38
1759484937.3106248,1,-6,-31
1759484937.3486247,10,0,-34
1759484937.3846247,6,0,-42
1759484937.4226248,3,-4,-28
1759484937.4606247,0,-7,-35
1759484937.4986248,0,3,-32
1759484937.5356247,0,-1,-26
1759484937.5726247,3,7,-39
1759484937.6116247,-3,2,-47
1759484937.6496248,3,1,-38
1759484937.6856248,0,0,-37
1759484937.7226248,-1,1,-34
1759484937.7616248,-3,3,-32
1759484937.7996247,0,5,-42
1759484937.8356247,-4,1,-44
1759484937.8726249,1,-5,-42
1759484937.911625,2,-5,-45
1759484937.9496248,2,-2,-43
1759484937.9856248,4,0,-48
1759484938.0226247,3,0,-46
1759484938.0616248,4,3,-43
1759484938.0996249,3,0,-36
1759484938.135625,0,2,-29
1759484938.1726248,4,2,-30
1759484938.2116249,4,-3,-34
1759484938.2496247,5,3,-34
1759484938.2856247,4,1,-45
1759484938.3226247,-2,3,-30
1759484938.3616247,-6,0,-37
1759484938.3996248,-2,1,-31
1759484938.4356248,1,-2,-36
1759484938.4736247,3,0,-49
1759484938.5116248,0,4,-41
1759484938.5496247,-4,4,-44
1759484938.5856247,-3,3,-37
1759484938.6236248,-7,2,-34
1759484938.661625,-4,-2,-39
1759484938.7006247,3,-3,-38
1759484938.7366247,3,-2,-35
1759484938.773625,0,-1,-42
1759484938.8116248,0,-7,-41
1759484938.8506248,1,-5,-45
1759484938.8866248,-1,-1,-35
1759484938.9246247,-4,-1,-34
1759484938.9706247,-2,-2,-28
1759484939.0066247,-6,-2,-35
1759484939.0456247,-5,0,-33
1759484939.082625,0,-3,-36
1759484939.1216247,0,1,-40
1759484939.1596248,-2,-7,-33
1759484939.1956248,4,0,-39
1759484939.2326248,8,0,-41
1759484939.2716248,8,2,-40
1759484939.309625,7,0,-42
1759484939.3456247,11,3,-43
1759484939.3826249,4,4,-31
1759484939.421625,0,10,-33
1759484939.4596248,-3,2,-37
1759484939.4976249,-6,1,-35
1759484939.5346248,-4,1,-32
1759484939.5726247,-7,-5,-36
1759484939.6116247,-2,-3,-42
1759484939.6476247,-3,5,-43
1759484939.6866248,-2,0,-36
1759484939.7236247,0,5,-45
1759484939.7626247,1,-3,-45
1759484939.8006248,-3,-2,-41
1759484939.8366249,-5,1,-47
1759484939.8746247,5,1,-34
1759484939.9126248,8,0,-34
1759484939.9516249,3,-4,-32
1759484939.987625,4,-3,-26
1759484940.0246248,-1,0,-33
1759484940.0626247,-1,2,-39
1759484940.1016247,3,-2,-34
1759484940.1376247,3,-1,-34
1759484940.1746247,-3,-4,-43
1759484940.2136247,3,0,-33
1759484940.2516248,-8,-4,-35
1759484940.2876248,-5,2,-27
1759484940.3246248,-2,0,-41
1759484940.362625,5,3,-31
1759484940.401625,3,7,-35
1759484940.4376247,5,1,-31
1759484940.4746249,2,4,-25
1759484940.513625,-1,1,-28
1759484940.5516248,4,1,-35
1759484940.5876248,3,5,-34
1759484940.6246247,0,-5,-35
1759484940.6636248,-1,-2,-44
1759484940.7016249,6,1,-35
1759484940.737625,-1,4,-35
1759484940.7746248,-4,1,-35
1759484940.8136249,4,0,-29
1759484940.8516247,2,1,-29
1759484940.8876247,-2,4,-31
1759484940.9256248,6,8,-27
1759484940.9636247,2,-4,-43
1759484941.0026248,-7,0,-32
1759484941.0406249,6,-3,-36
1759484941.0766249,4,3,-46
1759484941.1146247,6,4,-46
1759484941.1536248,2,2,-37
1759484941.1916249,-3,-2,-36
1759484941.227625,5,5,-45
1759484941.2646248,2,4,-41
1759484941.3036249,-4,0,-37
1759484941.3416247,-2,5,-50
1759484941.3776248,0,10,-41
1759484941.4146247,7,2,-38
1759484941.4536247,3,1,-39
1759484941.4916248,0,0,-42
1759484941.5276248,-5,-3,-42
1759484941.5666249,1,1,-45
1759484941.6036248,-3,4,-37
1759484941.6426249,3,5,-34
1759484941.6786249,1,5,-40
1759484941.7166247,0,9,-43
1759484941.7546248,-7,2,-39
1759484941.7926247,-1,-3,-29
1759484941.8316247,-6,-4,-29
1759484941.8676248,-3,0,-29
1759484941.9046247,0,-4,-40
1759484941.9426248,-1,-4,-40
1759484941.9816248,-1,-2,-45
1759484942.0176249,7,-3,-36
1759484942.056625,0,1,-28
1759484942.0936248,0,4,-39
1759484942.1326249,3,5,-32
1759484942.1686249,-1,3,-41
1759484942.207625,7,0,-39
1759484942.2456248,8,6,-38
1759484942.283625,0,0,-35
1759484942.3216248,-4,2,-29
1759484942.3576248,-3,-1,-37
1759484942.3966248,-4,-4,-39
1759484942.4336247,7,-2,-34
1759484942.4726248,9,0,-44
1759484942.5086248,5,-5,-42
1759484942.546625,2,0,-44
1759484942.5836248,0,-1,-35
1759484942.6226249,0,-3,-46
1759484942.658625,-4,0,-47
1759484942.6966248,-2,4,-42
1759484942.7336247,8,1,-42
1759484942.7726247,3,-1,-46
1759484942.8086247,-1,-1,-41
1759484942.8466249,0,2,-39
1759484942.8846247,0,1,-39
1759484942.9236248,-5,-1,-44
1759484942.9616249,0,2,-37
1759484942.9976249,1,5,-32
1759484943.0346248,-6,7,-32
1759484943.0736248,-6,0,-47
1759484943.1096249,-5,0,-51
1759484943.1466248,5,-1,-48
1759484943.1856248,3,1,-41
1759484943.2236247,-2,2,-39
1759484943.2596247,0,0,-33
1759484943.296625,4,0,-38
1759484943.3346248,7,5,-46
1759484943.3736248,0,0,-61
1759484943.4096248,-3,2,-46
1759484943.4466248,-4,-2,-38
1759484943.4856248,0,-8,-46
1759484943.523625,0,-2,-45
1759484943.559625,0,4,-39
1759484943.5976248,-3,-6,-35
1759484943.6346247,3,-8,-24
1759484943.6736248,-2,-4,-33
1759484943.7096248,-7,-5,-41
1759484943.7476249,2,2,-38
1759484943.7856247,1,2,-38
1759484943.8246248,-6,-1,-43
1759484943.862625,-2,5,-38
1759484943.8996248,0,5,-32
1759484943.9376247,-1,6,-32
1759484943.9756248,0,4,-31
1759484944.013625,0,2,-27
1759484944.0496247,1,5,-41
1759484944.0876248,-1,0,-25
1759484944.125625,4,-7,-41
1759484944.1636248,7,-8,-45
1759484944.1996248,11,-4,-50
1759484944.2386248,7,-6,-54
1759484944.2756248,7,-3,-41
1759484944.3146248,4,1,-48
1759484944.352625,-3,1,-41
1759484944.388625,4,2,-40
1759484944.4256248,2,2,-34
1759484944.464625,0,0,-35
1759484944.5026248,-7,-5,-34
1759484944.5386248,-2,0,-35
1759484944.5756247,0,-10,-25
1759484944.6146247,-1,0,-39
1759484944.6526248,3,0,-40
1759484944.6886249,5,0,-39
1759484944.7256248,4,2,-41
1759484944.7646248,-7,2,-40
1759484944.8006248,0,-2,-44
1759484944.8386247,-3,0,-49
1759484944.875625,1,-7,-38
1759484944.9146247,-4,1,-34
1759484944.9506247,-5,-2,-37
1759484944.9886248,-1,-1,-34
1759484945.0276248,-1,0,-50
1759484945.0656247,3,1,-47
1759484945.1036248,-1,5,-49
1759484945.1396248,0,5,-40
1759484945.1766248,1,0,-39
1759484945.214625,7,0,-29
1759484945.253625,-6,4,-34
1759484945.2896247,-7,7,-27
1759484945.3266249,1,6,-36
1759484945.3646247,8,-2,-47
1759484945.4036248,3,-3,-41
1759484945.4396248,7,-5,-28
1759484945.477625,2,-3,-45
1759484945.5166247,2,-2,-42
1759484945.5546248,1,3,-40
1759484945.5916247,2,4,-35
1759484945.628625,-1,0,-46
1759484945.6676247,7,-3,-51
1759484945.7056248,10,0,-47
1759484945.7436247,3,1,-30
1759484945.7796247,1,-2,-34
1759484945.8186247,2,0,-29
1759484945.8566248,11,0,-34
1759484945.8946247,0,3,-36
1759484945.931625,-4,-3,-35
1759484945.9686248,0,3,-40
1759484946.0066247,5,-1,-45
1759484946.0456247,6,-2,-30
1759484946.0836248,1,-3,-39
1759484946.1196249,-1,-1,-38
1759484946.158625,-4,-2,-35
1759484946.1956248,-4,-4,-39
1759484946.2346249,5,-2,-35
1759484946.2706249,0,0,-31
1759484946.309625,1,2,-43
1759484946.3466249,2,3,-32
1759484946.3846247,1,4,-38
1759484946.4206247,-1,3,-47
1759484946.4596248,-5,5,-47
1759484946.4976249,-8,-1,-28
1759484946.5356247,-1,-2,-34
1759484946.5716248,0,-9,-51
1759484946.6096249,-1,3,-37
1759484946.6476247,0,-2,-41
1759484946.6856248,0,-3,-45
1759484946.7216249,1,-4,-29
1759484946.7596247,4,-1,-38
1759484946.796625,0,-10,-32
1759484946.8356247,-5,0,-40
1759484946.8716247,0,-2,-38
1759484946.908625,0,0,-39
1759484946.9476247,9,2,-45
1759484946.9856248,-3,1,-39
1759484947.0216248,-2,0,-44
1759484947.0586247,-3,-1,-46
1759484947.0976248,-1,-5,-40
1759484947.135625,0,1,-32
1759484947.171625,-2,0,-40
1759484947.2096248,0,0,-29
1759484947.2476249,-2,-3,-30
1759484947.2856247,0,3,-40
1759484947.3216248,0,5,-46
1759484947.3596249,6,0,-31
1759484947.3976247,8,-2,-45
1759484947.4356248,-2,5,-33
1759484947.4716249,0,5,-34
1759484947.5086248,-5,2,-31
1759484947.5476248,-10,2,-37
1759484947.5856247,2,-3,-39
1759484947.6216247,1,0,-38
1759484947.658625,2,-10,-26
1759484947.6966248,0,0,-34
1759484947.7356248,-6,-1,-32
1759484947.7716248,3,-2,-32
1759484947.8086247,-7,-4,-35
1759484947.8476248,-3,4,-42
1759484947.885625,0,1,-44
1759484947.921625,0,1,-37
1759484947.9596248,-2,0,-44
1759484947.9976249,-1,-4,-52
1759484948.0356247,0,-1,-42
1759484948.0716248,-3,2,-38
1759484948.1106248,-2,-3,-39
1759484948.1476247,-1,4,-33
1759484948.1866248,5,-2,-29
1759484948.2246249,8,-4,-30
1759484948.260625,2,-1,-30
1759484948.2996247,-6,-4,-32
1759484948.3366249,5,6,-35
1759484948.375625,9,2,-29
1759484948.411625,4,1,-30
1759484948.4496248,-6,-3,-31
1759484948.4866247,-3,-2,-33
1759484948.5256248,3,1,-32
1759484948.5616248,0,3,-36
1759484948.5996249,6,4,-34
1759484948.6366248,1,-2,-38
1759484948.6756248,3,-3,-43
1759484948.7116249,5,-5,-42
1759484948.7496247,0,-1,-48
1759484948.7876248,2,-6,-44
1759484948.8266249,-5,0,-36
1759484948.862625,-9,-2,-48
1759484948.901625,-5,-2,-57
1759484948.9396248,-8,2,-46
1759484948.9836247,-6,1,-36
1759484949.0216248,0,1,-32
1759484949.0586247,-2,1,-18
1759484949.0976248,2,3,-37
1759484949.135625,2,1,-45
1759484949.1726248,-1,0,-40
1759484949.2096248,0,3,-36
1759484949.2486248,-7,2,-37
1759484949.286625,-2,5,-41
1759484949.3226247,1,-1,-39
1759484949.3606248,0,-3,-34
1759484949.3996248,1,1,-41
1759484949.4376247,-5,-1,-33
1759484949.4756248,-10,-4,-39
1759484949.5116248,-15,-4,-48
1759484949.5506248,-2,-3,-52
1759484949.5886247,6,-3,-53
1759484949.6266248,9,0,-40
1759484949.6626248,12,-1,-30
1759484949.7006247,8,-8,-28
1759484949.7386248,1,2,-45
1759484949.7776248,-2,1,-29
1759484949.8156247,-3,1,-39
1759484949.852625,-3,3,-35
1759484949.8896248,-3,5,-45
1759484949.9286249,0,2,-40
1759484949.9666247,6,0,-35
1759484950.0026248,8,1,-33
1759484950.0406249,6,0,-45
1759484950.0786247,5,-4,-37
1759484950.1166248,1,2,-35
1759484950.1526248,-3,0,-47
1759484950.1906247,-7,-2,-35
1759484950.2286248,-5,-5,-38
1759484950.2666247,4,0,-45
1759484950.3026247,-1,0,-33
1759484950.3416247,0,0,-38
1759484950.378625,-3,0,-38
1759484950.4176247,0,0,-33
1759484950.4536247,2,0,-33
1759484950.4916248,-1,-1,-34
1759484950.5296247,4,0,-43
1759484950.5676248,-2,1,-39
1759484950.6066248,-7,-3,-26
1759484950.6426249,-2,-4,-34
1759484950.6806247,2,1,-34
1759484950.7186248,4,1,-36
1759484950.7576249,-7,3,-42
1759484950.7936249,-7,0,-38
1759484950.832625,-1,0,-35
1759484950.8696249,2,-4,-38
1759484950.908625,-7,-5,-43
1759484950.9466248,-3,-7,-31
1759484950.9826248,-7,-5,-31
1759484951.0206249,-2,0,-42
1759484951.059625,3,4,-29
1759484951.0976248,4,4,-50
1759484951.1336248,0,-5,-51
1759484951.1726248,2,-4,-40
1759484951.2096248,12,-2,-36
1759484951.2486248,0,1,-30
1759484951.286625,1,3,-39
1759484951.3226247,0,0,-36
1759484951.3606248,-5,1,-44
1759484951.3996248,0,0,-48
1759484951.4376247,1,-4,-42
1759484951.4736247,-3,-7,-36
1759484951.5126247,0,-12,-31
1759484951.5506248,1,-11,-35
1759484951.5886247,0,-2,-38
1759484951.6266248,0,14,-34
1759484951.6626248,1,8,-47
1759484951.7006247,3,5,-40
1759484951.7386248,-1,3,-28
1759484951.7746248,-4,-1,-33
1759484951.8126247,-3,0,-31
1759484951.8506248,-1,0,-39
1759484951.8896248,-1,4,-49
1759484951.9276247,-1,1,-36
1759484951.9636247,0,1,-35
1759484952.0016248,2,-1,-39
1759484952.0386248,-3,-2,-44
1759484952.0776248,1,-5,-38
1759484952.1136248,4,-1,-38
1759484952.151625,4,-1,-41
1759484952.1886249,2,1,-45
1759484952.227625,7,-7,-32
1759484952.263625,9,3,-31
1759484952.3016248,-2,12,-44
1759484952.3386247,0,4,-35
1759484952.3776248,-1,-1,-32
1759484952.4136248,0,-2,-38
1759484952.4516249,0,4,-40
1759484952.4896247,3,-2,-34
1759484952.5276248,3,1,-38
1759484952.5636249,6,0,-37
1759484952.6016247,6,0,-39
1759484952.6396248,6,-3,-32
1759484952.6776247,6,-1,-37
1759484952.7136247,0,-5,-33
1759484952.7516248,6,-2,-33
1759484952.7896247,-1,0,-44
1759484952.8286247,6,1,-41
1759484952.8646247,-4,3,-41
1759484952.9026248,2,4,-44
1759484952.9396248,2,0,-57
1759484952.9786248,-2,0,-43
1759484953.0146248,1,0,-37
1759484953.0516248,-3,0,-48
1759484953.089625,3,0,-38
1759484953.128625,0,5,-37
1759484953.1646247,-2,5,-39
1759484953.2016249,2,0,-32
1759484953.2396247,-2,-9,-40
1759484953.2786248,4,2,-36
1759484953.3146248,0,0,-40
1759484953.352625,1,-4,-41
1759484953.3916247,-5,-1,-36
1759484953.4296248,0,0,-47
1759484953.4656248,-2,-1,-33
1759484953.503625,-3,0,-41
1759484953.5416248,1,-3,-35
1759484953.579625,2,-2,-32
1759484953.6186247,7,-1,-39
1759484953.6546247,0,-6,-40
1759484953.6916249,-7,-4,-36
1759484953.730625,2,0,-43
1759484953.7686248,-4,-3,-43
1759484953.8046248,-5,-1,-42
1759484953.8436248,0,-2,-39
1759484953.8806248,-1,0,-46
1759484953.9196248,-4,4,-37
1759484953.9556248,3,0,-28
1759484953.9936247,6,4,-30
1759484954.0316248,-5,6,-31
1759484954.069625,0,-2,-50
1759484954.105625,-1,-3,-45
1759484954.1436248,7,-1,-49
1759484954.181625,1,-1,-33
1759484954.2206247,3,3,-35
1759484954.2586248,1,-2,-48
1759484954.2956247,10,1,-43
1759484954.332625,-2,-2,-28
1759484954.3706248,-1,0,-24
1759484954.4096248,8,-2,-24
1759484954.4456248,3,4,-44
1759484954.4826248,12,0,-34
1759484954.5216248,9,7,-39
1759484954.559625,12,0,-42
1759484954.5956247,6,-5,-34
1759484954.6336248,1,-3,-33
1759484954.6726248,-3,2,-29
1759484954.7106247,5,2,-36
1759484954.7486248,1,5,-33
1759484954.7846248,2,-1,-28
1759484954.8226247,5,-5,-33
1759484954.8606248,-2,-6,-38
1759484954.8996248,-5,-8,-38
1759484954.9356248,-4,-1,-41
1759484954.9736247,8,8,-48
1759484955.0116248,0,0,-36
1759484955.0506248,0,-2,-39
1759484955.0886247,-2,-1,-48
1759484955.1246247,1,0,-47
1759484955.1626248,-3,-5,-32
1759484955.2006247,1,0,-47
1759484955.2386248,0,0,-40
1759484955.2746248,-2,-1,-41
1759484955.3136249,5,-5,-37
1759484955.3516247,0,-10,-34
1759484955.3896248,-5,-5,-34
1759484955.4256248,-7,-2,-30
1759484955.464625,-3,2,-31
1759484955.5026248,1,3,-27
1759484955.5406249,-2,5,-33
1759484955.5766249,3,2,-43
1759484955.6146247,-9,-4,-39
1759484955.6526248,-2,-6,-42
1759484955.6906247,0,-1,-37
1759484955.7296247,4,1,-42
1759484955.7656248,7,0,-37
1759484955.8026247,0,-1,-37
1759484955.8406248,0,0,-50
1759484955.8796248,-1,-5,-38
1759484955.9156249,-4,-9,-40
1759484955.9536247,-4,0,-44
1759484955.9916248,2,4,-41
1759484956.0306249,6,5,-44
1759484956.0666249,3,3,-41
1759484956.1036248,7,1,-37
1759484956.1426249,-1,2,-37
1759484956.1806247,0,-7,-44
1759484956.2166247,8,-11,-46
1759484956.2546248,0,4,-46
1759484956.2936249,7,0,-32
1759484956.3316247,3,1,-44
1759484956.3696249,0,0,-56
1759484956.4056249,6,-3,-52
1759484956.4426248,0,-3,-43
1759484956.4816248,-3,-6,-27
1759484956.5196247,1,-4,-34
1759484956.5556247,-2,3,-41
1759484956.5936248,0,1,-38
1759484956.6316247,4,-8,-37
1759484956.6696248,0,3,-42
1759484956.7056248,-7,-1,-37
1759484956.7436247,1,-8,-34
1759484956.7816248,6,-5,-42
1759484956.8206248,7,4,-27
1759484956.8566248,2,1,-23
1759484956.8946247,4,5,-36
1759484956.931625,6,3,-46
1759484956.9706247,7,1,-40
1759484957.0066247,5,-2,-42
1759484957.0456247,4,-4,-42
1759484957.082625,0,0,-37
1759484957.1216247,-1,-4,-33
1759484957.1576247,0,-2,-32
1759484957.194625,2,0,-36
1759484957.2326248,7,-1,-45
1759484957.2716248,0,-3,-41
1759484957.3076248,-1,-4,-42
1759484957.3456247,4,-9,-41
1759484957.3836248,3,-4,-42
1759484957.421625,-1,-2,-33
1759484957.4606247,-8,2,-42
1759484957.4966247,-2,3,-38
1759484957.5356247,-8,6,-37
1759484957.5726247,-1,7,-29
1759484957.6116247,0,-1,-30
1759484957.6476247,5,0,-34
1759484957.6856248,-3,2,-43
1759484957.7236247,-2,0,-38
1759484957.7616248,-2,5,-47
1759484957.7976248,5,4,-37
1759484957.8356247,14,0,-45
1759484957.8726249,7,-6,-38
1759484957.911625,-4,-5,-34
1759484957.9476247,7,-6,-37
1759484957.9846249,-5,-4,-41
1759484958.023625,1,-1,-37
1759484958.0616248,5,-4,-31
1759484958.0976248,3,-5,-39
1759484958.135625,8,0,-37
1759484958.1736248,6,5,-42
1759484958.2116249,-3,-6,-34
1759484958.2476249,-7,-2,-31
1759484958.286625,1,-1,-40
1759484958.3246248,0,-4,-49
1759484958.362625,-3,-2,-35
1759484958.4006248,-6,-2,-37
1759484958.4376247,-8,-1,-36
1759484958.4746249,-2,2,-37
1759484958.5126247,0,6,-41
1759484958.5516248,3,0,-37
1759484958.5876248,-3,-1,-39
1759484958.625625,0,-8,-40
1759484958.6636248,-1,-2,-31
1759484958.7026248,-3,-3,-40
1759484958.7386248,-3,-1,-31
1759484958.7776248,-5,-1,-27
1759484958.8156247,0,0,-32
1759484958.852625,5,1,-34
1759484958.8916247,0,-5,-27
1759484958.9276247,-1,-10,-32
1759484958.9656248,10,-10,-32
1759484959.0116248,4,0,-38
1759484959.0486248,-2,-2,-40
1759484959.0866249,6,4,-34
1759484959.1246247,6,-1,-40
1759484959.1626248,8,-3,-39
1759484959.1986248,2,0,-25
1759484959.2366247,0,3,-45
1759484959.273625,-5,3,-47
1759484959.3126247,3,-1,-28
1759484959.3486247,6,-2,-31
1759484959.3866248,11,-2,-37
1759484959.4236248,-5,-3,-36
1759484959.4626248,8,-6,-38
1759484959.4986248,4,-4,-38
1759484959.536625,0,-4,-32
1759484959.5746248,-6,2,-38
1759484959.612625,-2,4,-39
1759484959.648625,0,-9,-34
1759484959.6866248,2,5,-33
1759484959.7236247,0,0,-37
1759484959.7626247,-1,-3,-36
1759484959.7986248,0,-4,-36
1759484959.8366249,0,-3,-29
1759484959.8736248,1,2,-52
1759484959.9126248,4,-3,-47
1759484959.9486248,3,-4,-39
1759484959.9856248,0,-3,-30
1759484960.023625,1,-1,-37
1759484960.0626247,-5,2,-33
1759484960.0986247,-6,0,-49
1759484960.135625,-5,2,-47
1759484960.1746247,0,-4,-38
1759484960.2126248,-5,3,-32
1759484960.2486248,-10,0,-33
1759484960.286625,0,-6,-34
1759484960.3236248,-1,-5,-34
1759484960.362625,-5,-2,-27
1759484960.398625,-4,-11,-48
1759484960.4376247,0,0,-39
1759484960.4756248,1,-1,-40
1759484960.513625,0,5,-45
1759484960.5496247,5,2,-45
1759484960.5886247,-9,1,-47
1759484960.625625,0,-1,-47
1759484960.6636248,-3,-2,-45
1759484960.7026248,-2,4,-49
1759484960.7386248,0,-1,-45
1759484960.776625,0,0,-42
1759484960.8146248,-1,2,-38
1759484960.8536248,-8,2,-24
1759484960.8896248,0,-2,-30
1759484960.9286249,0,-5,-37
1759484960.9666247,0,0,-38
1759484961.0046248,9,-1,-35
1759484961.0426247,0,1,-45
1759484961.0786247,-1,2,-45
1759484961.1166248,7,1,-42
1759484961.1556249,0,0,-38
1759484961.1936247,1,-1,-32
1759484961.2296247,-2,-5,-36
1759484961.2676249,-4,-6,-33
1759484961.306625,-2,-4,-40
1759484961.3446248,3,-1,-32
1759484961.3826249,-5,-3,-19
1759484961.4186249,-1,1,-24
1759484961.4556248,-6,1,-28
1759484961.4946249,0,0,-31
1759484961.5326247,0,1,-34
1759484961.5686247,0,1,-40
1759484961.6066248,-1,-1,-47
1759484961.6446247,-2,-4,-35
1759484961.6826248,0,-4,-38
1759484961.7186248,0,0,-31
1759484961.7556248,0,2,-40
1759484961.7946248,-3,0,-48
1759484961.832625,-1,0,-43
1759484961.8686247,-7,0,-39
1759484961.9056249,-1,0,-34
1759484961.944625,-7,8,-36
1759484961.9826248,-2,2,-43
1759484962.0186248,4,-3,-33
1759484962.056625,5,0,-46
1759484962.0956247,2,-12,-36
1759484962.1336248,3,-3,-43
1759484962.1696248,-1,-8,-41
1759484962.207625,2,5,-43
1759484962.2466247,0,0,-40
1759484962.2846248,1,1,-34
1759484962.3206248,-2,0,-32
1759484962.3596249,-4,2,-34
1759484962.3976247,-2,1,-37
1759484962.434625,0,-2,-47
1759484962.4736247,0,-4,-42
1759484962.5096247,1,-6,-37
1759484962.5476248,4,7,-38
1759484962.5856247,7,0,-41
1759484962.6236248,1,-2,-38
1759484962.6596248,1,-5,-36
1759484962.6986248,-4,-3,-34
1759484962.7366247,-3,-5,-28
1759484962.7746248,0,-2,-27
1759484962.8106248,2,3,-22
1759484962.8476248,-2,6,-30
1759484962.885625,-1,-2,-45
1759484962.9246247,-3,-9,-43
1759484962.9606247,4,-7,-42
1759484962.9986248,-7,-1,-42
1759484963.0356247,-2,1,-29
1759484963.0746248,-2,0,-36
1759484963.1106248,0,-5,-32
1759484963.148625,5,-2,-44
1759484963.1856248,1,2,-55
1759484963.2246249,-2,-3,-38
1759484963.260625,-5,-5,-34
1759484963.2986248,-1,-3,-41
1759484963.3376248,-1,-11,-45
1759484963.375625,-2,-6,-28
1759484963.4136248,12,3,-37
1759484963.4496248,6,3,-39
1759484963.4866247,5,-2,-43
1759484963.5256248,0,-3,-39
1759484963.5636249,2,1,-36
1759484963.6006248,12,-1,-38
1759484963.638625,5,-2,-36
1759484963.6756248,7,-3,-41
1759484963.714625,3,0,-45
1759484963.750625,-1,3,-44
1759484963.7886248,0,6,-41
1759484963.8256247,2,0,-44
1759484963.865625,0,-3,-29
1759484963.901625,0,-6,-35
1759484963.9386249,-6,-5,-38
1759484963.977625,1,-5,-38
1759484964.0156248,-8,0,-44
1759484964.0516248,-1,3,-40
1759484964.0886247,4,0,-32
1759484964.1276248,8,-3,-38
1759484964.1656249,1,-5,-39
1759484964.2016249,4,-3,-42
1759484964.2396247,1,1,-42
1759484964.2776248,-6,1,-54
1759484964.3156247,-8,3,-34
1759484964.3516247,2,4,-30
1759484964.3896248,4,4,-33
1759484964.4276247,0,0,-36
1759484964.4656248,-4,-2,-36
1759484964.5016248,0,1,-34
1759484964.5386248,4,-5,-41
1759484964.5776248,0,-4,-41
1759484964.615625,3,-5,-34
1759484964.651625,-2,-2,-39
1759484964.6906247,-4,6,-38
1759484964.727625,-5,6,-40
1759484964.7666247,0,1,-45
1759484964.8046248,3,-3,-42
1759484964.8406248,0,3,-36
1759484964.8776248,-1,1,-28
1759484964.9166248,-8,-3,-31
1759484964.954625,-7,-4,-34
1759484964.990625,-3,0,-34
1759484965.0286248,4,3,-38
1759484965.0666249,0,-7,-29
1759484965.105625,-4,-1,-37
1759484965.1416247,-10,1,-40
1759484965.1806247,0,-3,-36
1759484965.2186248,4,-1,-35
1759484965.2566247,-3,-1,-32
1759484965.2946248,1,-4,-34
1759484965.3306248,-1,0,-38
1759484965.3686247,9,-3,-28
1759484965.4066248,6,-2,-39
1759484965.444625,0,-6,-27
1759484965.480625,7,-8,-31
1759484965.5186248,0,-3,-29
1759484965.556625,-5,-7,-42
1759484965.5946248,0,-5,-50
1759484965.6306248,5,-1,-40
1759484965.6686249,5,-2,-45
1759484965.707625,7,-7,-36
1759484965.7456248,1,-2,-42
1759484965.7816248,-6,2,-44
1759484965.819625,-2,0,-33
1759484965.8576248,1,-3,-24
1759484965.8966248,2,-3,-36
1759484965.9326248,0,-1,-41
1759484965.9706247,1,-8,-35
1759484966.0096247,-2,-7,-37
1759484966.046625,-2,-4,-38
1759484966.0856247,0,1,-27
1759484966.1216247,-2,6,-32
1759484966.1596248,0,-4,-46
1759484966.1986248,-4,0,-36
1759484966.2366247,1,-2,-30
1759484966.2726247,-3,4,-43
1759484966.3116248,0,3,-42
1759484966.3496249,-4,-1,-39
1759484966.3876247,-5,0,-43
1759484966.4256248,-1,-2,-43
1759484966.4616249,-3,-1,-45
1759484966.4996247,-4,1,-25
1759484966.5376248,-3,0,-28
1759484966.5766249,2,4,-35
1759484966.612625,2,0,-37
1759484966.6496248,0,-6,-39
1759484966.6876247,1,0,-33
1759484966.7266247,-4,6,-36
1759484966.7626247,2,4,-37
1759484966.7996247,3,-3,-36
1759484966.8376248,1,-4,-36
1759484966.8766248,-2,-8,-41
1759484966.9126248,-4,-5,-41
1759484966.9506247,-1,-1,-45
1759484966.9886248,-1,-5,-37
1759484967.0276248,-5,0,-32
1759484967.0656247,0,0,-34
1759484967.1016247,2,-1,-29
1759484967.1406248,-3,-3,-31
1759484967.1786249,-6,2,-42
1759484967.2166247,-6,0,-43
1759484967.2526248,-1,6,-42
1759484967.2906249,-2,6,-41
1759484967.3286247,-4,-2,-52
1759484967.3666248,2,-5,-41
1759484967.4026248,-1,-8,-46
1759484967.4416249,3,-4,-30
1759484967.4786248,4,0,-36
1759484967.5176249,-5,3,-35
1759484967.5536249,0,0,-36
1759484967.592625,0,-1,-31
1759484967.6296248,-1,1,-37
1759484967.6676247,-1,-3,-39
1759484967.7066247,0,0,-43
1759484967.7426248,2,-1,-43
1759484967.7816248,-5,-1,-35
1759484967.8186247,-5,4,-35
1759484967.8576248,-1,-4,-25
1759484967.8936248,-8,1,-38
1759484967.9326248,-1,1,-43
1759484967.9706247,-3,1,-46
1759484968.0086248,1,0,-30
1759484968.046625,3,-6,-37
1759484968.0836248,3,2,-41
1759484968.1206248,-3,-2,-38
1759484968.158625,1,5,-43
1759484968.1966248,8,0,-35
1759484968.2326248,0,0,-42
1759484968.2706249,0,-2,-34
1759484968.3086247,2,-2,-45
1759484968.3466249,0,-2,-39
1759484968.3826249,1,-5,-35
1759484968.4206247,1,-2,-37
1759484968.4586248,-4,1,-47
1759484968.4976249,-6,3,-32
1759484968.533625,1,-2,-29
1759484968.5716248,-1,-7,-30
1759484968.6096249,-6,-9,-46
1759484968.6476247,4,-5,-48
1759484968.6836247,8,-3,-36
1759484968.7216249,-3,0,-27
1759484968.7596247,2,-2,-44
1759484968.7986248,-7,-7,-42
1759484968.8366249,-2,3,-37
1759484968.8726249,-6,11,-26
1759484968.9096248,-4,6,-30
1759484968.9486248,3,7,-26
1759484968.9866247,1,-3,-37
1759484969.0316248,-2,5,-45
1759484969.069625,7,-3,-22
1759484969.1076248,2,0,-28
1759484969.1436248,-4,3,-28
1759484969.1806247,-9,2,-37
1759484969.2186248,-2,-1,-41
1759484969.2576249,-5,0,-33
1759484969.2936249,-1,0,-43
1759484969.332625,5,-1,-30
1759484969.3706248,4,-5,-43
1759484969.408625,-3,1,-46
1759484969.4456248,-6,0,-46
1759484969.4836247,-1,-1,-51
1759484969.5206249,-2,0,-44
1759484969.559625,-7,-4,-40
1759484969.5976248,0,2,-43
1759484969.6336248,1,2,-39
1759484969.671625,3,5,-51
1759484969.7096248,5,-5,-38
1759484969.7476249,4,-9,-42
1759484969.783625,3,-2,-35
1759484969.8206248,2,-6,-44
1759484969.8596249,-2,-10,-43
1759484969.8976247,-2,-3,-30
1759484969.934625,0,0,-37
1759484969.9716249,3,3,-28
1759484970.0096247,-5,2,-41
1759484970.0486248,-2,1,-52
1759484970.0846248,0,-2,-31
1759484970.1226249,0,-2,-33
1759484970.1606247,0,-5,-30
1759484970.1996248,2,-3,-30
1759484970.237625,4,-2,-33
1759484970.273625,1,-4,-38
1759484970.3126247,-3,0,-49
1759484970.3506248,6,4,-38
1759484970.388625,-3,5,-31
1759484970.4246247,1,-4,-33
1759484970.4636247,-5,0,-43
1759484970.5016248,-2,0,-37
1759484970.5396247,0,5,-31
1759484970.5776248,2,0,-37
1759484970.6136248,-4,5,-38
1759484970.651625,-7,4,-27
1759484970.6896248,-2,6,-34
1759484970.7286248,1,2,-36
1759484970.7646248,4,0,-24
1759484970.8016248,-1,0,-33
1759484970.839625,0,-3,-29
1759484970.878625,-1,-1,-30
1759484970.9146247,-4,-3,-40
1759484970.9526248,-5,0,-38
1759484970.990625,0,-6,-43
1759484971.0296247,0,-4,-41
1759484971.0656247,-2,0,-38
1759484971.1046247,5,-3,-41
1759484971.1416247,1,-5,-40
1759484971.1806247,-5,-4,-36
1759484971.2186248,0,0,-29
1759484971.2546248,-10,1,-33
1759484971.2926247,-7,5,-38
1759484971.3306248,0,8,-25
1759484971.3686247,10,4,-38
1759484971.4046247,4,6,-39
1759484971.4426248,2,0,-30
1759484971.480625,2,-4,-33
1759484971.5186248,-2,4,-41
1759484971.5546248,-3,5,-30
1759484971.5936248,-1,0,-29
1759484971.6306248,-1,6,-41
1759484971.6696248,-13,6,-37
1759484971.7056248,-5,-2,-42
1759484971.7446249,-2,-4,-38
1759484971.7816248,-3,-1,-36
1759484971.8206248,3,0,-28
1759484971.8586247,1,-5,-29
1759484971.8946247,-2,-6,-42
1759484971.9326248,-2,-7,-46
1759484971.9706247,1,2,-46
1759484972.0096247,0,1,-44
1759484972.0456247,3,3,-43
1759484972.0836248,3,1,-34
1759484972.1216247,1,-3,-37
1759484972.1606247,-8,-1,-38
1759484972.1986248,-4,1,-49
1759484972.2356248,5,0,-45
1759484972.2726247,5,1,-45
1759484972.3106248,1,-5,-31
1759484972.3496249,7,4,-43
1759484972.385625,1,2,-39
1759484972.4226248,-1,0,-41
1759484972.4616249,-7,0,-29
1759484972.4996247,-3,-3,-44
1759484972.5356247,1,-7,-35
1759484972.5736248,2,-6,-40
1759484972.6106248,-3,0,-35
1759484972.6496248,0,2,-40
1759484972.6856248,-5,3,-34
1759484972.7236247,-6,2,-33
1759484972.7616248,0,0,-37
1759484972.8006248,-8,0,-26
1759484972.8366249,0,0,-36
1759484972.8746247,4,3,-40
1759484972.911625,7,3,-46
1759484972.9506247,-3,-2,-40
1759484972.9866247,-3,0,-33
1759484973.0246248,6,0,-36
1759484973.0626247,8,6,-38
1759484973.1016247,8,0,-29
1759484973.1396248,5,0,-28
1759484973.1756248,0,0,-29
1759484973.2126248,-5,-4,-36
1759484973.250625,-3,2,-30
1759484973.2896247,0,3,-36
1759484973.3256247,-3,-1,-38
1759484973.3646247,4,0,-48
1759484973.401625,1,1,-40
1759484973.4406247,-1,-6,-31
1759484973.4766247,-8,-3,-30
1759484973.5146248,-1,-2,-41
1759484973.5526247,-5,0,-43
1759484973.5916247,0,3,-46
1759484973.6296248,2,-4,-35
1759484973.6656249,3,0,-31
1759484973.7036247,8,-1,-30
1759484973.7416248,2,2,-47
1759484973.7796247,-2,1,-31
1759484973.8156247,-2,-2,-34
1759484973.8536248,1,-3,-40
1759484973.8916247,0,-7,-36
1759484973.9306247,-2,-7,-27
1759484973.9666247,1,1,-31
1759484974.0056248,1,5,-47
1759484974.0426247,5,7,-32
1759484974.0816247,2,0,-38
1759484974.1196249,1,3,-28
1759484974.1556249,4,0,-33
1759484974.1936247,5,-5,-29
1759484974.2316248,3,-1,-38
1759484974.2696247,-1,0,-38
1759484974.3056247,0,-1,-31
1759484974.3446248,-1,1,-33
1759484974.3816247,0,-1,-29
1759484974.4206247,0,-4,-40
1759484974.4566247,-3,-6,-42
1759484974.4946249,5,-12,-34
1759484974.5326247,3,6,-27
1759484974.5716248,-1,7,-37
1759484974.6076248,-2,2,-40
1759484974.6446247,1,6,-43
1759484974.6826248,0,0,-40
1759484974.7216249,3,2,-31
1759484974.7576249,5,0,-34
1759484974.7946248,0,0,-30
1759484974.832625,2,-3,-29
1759484974.8716247,2,-10,-39
1759484974.9076247,-2,-7,-32
1759484974.9456248,-2,0,-30
1759484974.9846249,-8,0,-49
1759484975.0226247,1,3,-33
1759484975.0606248,-7,5,-37
1759484975.0976248,-7,2,-28
1759484975.135625,3,0,-33
1759484975.1726248,-7,0,-35
1759484975.2116249,-6,0,-45
1759484975.2476249,-4,-3,-45
1759484975.286625,0,3,-48
1759484975.3236248,0,1,-43
1759484975.362625,1,2,-42
1759484975.4006248,3,1,-38
1759484975.4366248,-5,1,-31
1759484975.4746249,-2,-5,-42
1759484975.513625,3,1,-30
1759484975.5516248,0,0,-30
1759484975.5886247,-2,3,-40
1759484975.625625,-3,3,-35
1759484975.6636248,-8,8,-35
1759484975.7026248,5,-1,-41
1759484975.740625,-2,1,-38
1759484975.776625,0,3,-36
1759484975.8146248,4,0,-33
1759484975.852625,0,-5,-40
1759484975.8906248,4,0,-38
1759484975.9266248,-2,0,-34
1759484975.9656248,0,-5,-24
1759484976.0026248,0,-4,-45
1759484976.0416248,-6,-2,-29
1759484976.0786247,-4,-1,-32
1759484976.115625,3,-1,-26
1759484976.1546247,-5,-8,-36
1759484976.1926248,-8,-2,-40
1759484976.2286248,-3,3,-30
1759484976.2666247,-6,0,-39
1759484976.3056247,-4,-3,-35
1759484976.342625,-2,-2,-46
1759484976.3816247,-3,-1,-41
1759484976.4176247,-1,0,-39
1759484976.4566247,6,0,-45
1759484976.4936247,7,8,-32
1759484976.5326247,-4,2,-40
1759484976.5686247,-6,0,-42
1759484976.6066248,4,-3,-46
1759484976.6456249,-1,0,-48
1759484976.6826248,1,1,-31
1759484976.7216249,5,2,-37
1759484976.7576249,1,0,-42
1759484976.7956247,3,-7,-45
1759484976.832625,0,-8,-33
1759484976.8716247,0,0,-39
1759484976.9076247,-5,-2,-41
1759484976.9466248,-6,2,-41
1759484976.9836247,-3,0,-36
1759484977.0226247,2,1,-36
1759484977.0586247,-5,3,-33
1759484977.0966249,-4,-3,-40
1759484977.1346247,6,-3,-41
1759484977.1736248,5,-10,-41
1759484977.2116249,-3,-2,-52
1759484977.2476249,-1,2,-54
1759484977.286625,-2,-1,-43
1759484977.3236248,-6,0,-43
1759484977.362625,1,2,-29
1759484977.398625,1,-1,-42
1759484977.4366248,0,-3,-43
1759484977.4736247,0,0,-30
1759484977.5126247,-5,-6,-32
1759484977.5486248,-3,-4,-39
1759484977.5876248,-2,-2,-36
1759484977.6246247,-3,1,-37
1759484977.6636248,-3,-2,-29
1759484977.7016249,-1,0,-27
1759484977.737625,3,-5,-28
1759484977.7746248,3,-3,-34
1759484977.8136249,2,0,-39
1759484977.8496249,0,0,-48
1759484977.8866248,1,0,-38
1759484977.9246247,2,-4,-39
1759484977.9636247,-2,0,-36
1759484977.9996247,3,1,-33
1759484978.036625,3,3,-38
1759484978.0746248,5,2,-42
1759484978.1136248,4,-1,-42
1759484978.1496248,5,-1,-39
1759484978.1876247,0,0,-34
1759484978.2246249,3,0,-39
1759484978.263625,-2,-3,-45
1759484978.2996247,1,1,-51
1759484978.3376248,1,1,-39
1759484978.3746247,0,0,-40
1759484978.4136248,4,3,-26
1759484978.4496248,1,5,-43
1759484978.487625,-3,0,-51
1759484978.5246248,-2,3,-47
1759484978.5636249,4,3,-50
1759484978.5996249,5,2,-50
1759484978.6376247,-3,0,-38
1759484978.6746247,-2,-6,-35
1759484978.7136247,-5,1,-41
1759484978.7496247,5,0,-45
1759484978.7876248,-5,0,-35
1759484978.8246248,-10,-1,-35
1759484978.8636248,-6,2,-42
1759484978.8996248,-2,5,-41
1759484978.9376247,-5,-2,-32
1759484978.9746249,0,-4,-31
1759484979.013625,2,-5,-36
1759484979.0576248,-2,0,-35
1759484979.0956247,-1,-5,-37
1759484979.1336248,-3,6,-41
1759484979.1706247,1,3,-41
1759484979.207625,2,-6,-44
1759484979.2466247,4,-2,-41
1759484979.2846248,1,-3,-35
1759484979.3226247,3,0,-44
1759484979.3586247,-3,1,-33
1759484979.3966248,-3,3,-33
1759484979.4356248,1,0,-37
1759484979.4736247,1,-1,-43
1759484979.5096247,4,0,-38
1759484979.5476248,10,-3,-34
1759484979.5856247,10,-5,-39
1759484979.6236248,0,-9,-41
1759484979.6596248,-2,-1,-50
1759484979.6986248,-1,-4,-50
1759484979.7366247,2,-2,-40
1759484979.7746248,-5,0,-40
1759484979.8106248,1,0,-45
1759484979.8486247,8,-1,-31
1759484979.8876247,-1,-3,-42
1759484979.9246247,1,-2,-38
1759484979.9636247,1,3,-25
1759484979.9996247,-6,-2,-32
1759484980.0376248,-3,-3,-26
1759484980.0756247,3,0,-31
1759484980.1146247,2,2,-30
1759484980.1506248,2,-4,-24
1759484980.1896248,-1,0,-32
1759484980.2266247,4,0,-32
1759484980.2656248,2,-2,-39
1759484980.3036249,-4,-8,-34
1759484980.339625,-3,-2,-37
1759484980.378625,-3,-4,-33
1759484980.4156249,-9,-6,-35
1759484980.454625,3,1,-26
1759484980.490625,3,3,-22
1759484980.5276248,3,1,-31
1759484980.5656247,1,2,-45
1759484980.6046247,0,1,-44
1759484980.6406248,-4,2,-40
1759484980.6786249,-10,-1,-46
1759484980.717625,2,-7,-39
1759484980.7556248,-4,4,-34
1759484980.7936249,-10,3,-34
1759484980.829625,-4,0,-32
1759484980.8676248,5,0,-35
1759484980.9066248,1,1,-42
1759484980.944625,-1,5,-41
1759484980.980625,0,0,-42
1759484981.0176249,0,-1,-44
1759484981.0556247,4,3,-41
1759484981.0946248,5,-2,-35
1759484981.1306248,2,-2,-34
1759484981.1686249,4,0,-43
1759484981.2066247,0,-5,-31
1759484981.2446249,2,-4,-33
1759484981.2806249,-3,-3,-40
1759484981.3186247,-3,-2,-30
1759484981.3566248,1,-2,-42
1759484981.3956249,-1,0,-43
1759484981.431625,3,1,-39
1759484981.4686248,-2,0,-36
1759484981.5066247,-5,1,-36
1759484981.5456247,2,-1,-40
1759484981.5816247,-5,-4,-40
1759484981.6206248,-5,8,-30
1759484981.658625,2,5,-29
1759484981.6956248,1,4,-32
1759484981.7346249,0,-1,-33
1759484981.7716248,5,0,-40
1759484981.8086247,-1,0,-36
1759484981.8476248,3,-4,-28
1759484981.885625,-4,-8,-35
1759484981.921625,-1,0,-26
1759484981.9586248,6,-3,-39
1759484981.9976249,2,-7,-30
1759484982.0356247,-2,0,-35
1759484982.0716248,4,6,-35
1759484982.1086247,5,-1,-36
1759484982.1476247,1,-5,-34
1759484982.1856248,0,0,-38
1759484982.2216249,-3,-1,-32
1759484982.2596247,0,0,-35
1759484982.2986248,2,-2,-37
1759484982.3366249,-2,-5,-44
1759484982.3746247,3,2,-40
1759484982.4106247,-2,-1,-48
1759484982.4496248,4,-5,-37
1759484982.487625,4,-3,-33
1759484982.5256248,3,3,-34
1759484982.5616248,2,-1,-42
1759484982.6006248,-1,-1,-45
1759484982.638625,1,-1,-31
1759484982.6766248,-4,1,-34
1759484982.714625,0,-3,-43
1759484982.750625,-8,-2,-37
1759484982.7886248,-2,1,-34
1759484982.8266249,0,0,-28
1759484982.865625,-4,1,-36
1759484982.901625,1,-2,-30
1759484982.9386249,-2,-4,-37
1759484982.9766247,-8,0,-46
1759484983.0156248,-8,1,-49
1759484983.0516248,-4,-6,-47
1759484983.089625,0,-1,-36
1759484983.1276248,3,-1,-34
1759484983.1666248,0,-5,-22
1759484983.2026248,-3,0,-20
1759484983.2396247,-2,-1,-23
1759484983.2776248,4,3,-36
1759484983.3166249,0,0,-54
1759484983.352625,0,-1,-37
1759484983.3906248,3,4,-27
1759484983.4296248,-1,-9,-29
1759484983.4666247,-5,-3,-37
1759484983.5056248,-1,9,-46
1759484983.5416248,-1,0,-36
1759484983.5786247,2,-4,-45
1759484983.6166248,3,0,-28
1759484983.6556249,2,0,-33
1759484983.6916249,0,-2,-40
1759484983.7296247,0,2,-39
1759484983.7666247,-3,3,-39
1759484983.8056247,-2,-3,-31
1759484983.8416247,3,0,-37
1759484983.878625,-10,-11,-39
1759484983.9176247,0,-7,-33
1759484983.9556248,3,0,-32
1759484983.9916248,0,-2,-34
1759484984.0286248,0,1,-35
1759484984.0676248,0,4,-39
1759484984.105625,8,1,-40
1759484984.1416247,3,4,-35
1759484984.1786249,-1,2,-27
1759484984.217625,5,-4,-36
1759484984.2556248,-1,-2,-38
1759484984.2916248,-3,-1,-36
1759484984.3306248,-4,4,-32
1759484984.3686247,-4,4,-32
1759484984.4066248,6,6,-28
1759484984.4426248,0,0,-34
1759484984.4796247,-3,1,-43
1759484984.5186248,-1,-1,-39
1759484984.556625,3,1,-44
1759484984.592625,0,0,-39
1759484984.6306248,3,6,-39
1759484984.6686249,5,-3,-34
1759484984.7066247,3,3,-28
1759484984.7426248,-2,0,-22
1759484984.7806249,-8,-1,-36
1759484984.8186247,-3,-5,-38
1759484984.8566248,2,-4,-40
1759484984.8926249,0,-5,-35
1759484984.9306247,1,0,-38
1759484984.967625,0,2,-39
1759484985.0066247,5,4,-28
1759484985.0426247,-1,0,-24
1759484985.0806248,-4,3,-35
1759484985.1176248,-2,6,-28
1759484985.1566248,-2,7,-34
1759484985.1926248,-3,6,-41
1759484985.230625,0,0,-28
1759484985.2676249,3,0,-33
1759484985.306625,7,0,-41
1759484985.342625,4,2,-29
1759484985.3806248,3,3,-36
1759484985.4176247,-1,1,-46
1759484985.4566247,0,4,-51
1759484985.4926248,-1,2,-45
1759484985.5296247,3,-2,-37
1759484985.5686247,-1,3,-36
1759484985.6066248,-7,-2,-36
1759484985.6426249,-2,1,-34
1759484985.6806247,-5,3,-44
1759484985.7186248,-7,-2,-48
1759484985.7566247,-14,-4,-47
1759484985.7926247,-6,-4,-43
1759484985.8306248,3,-1,-35
1759484985.8696249,1,0,-43
1759484985.9076247,-4,-3,-37
1759484985.9436247,0,1,-38
1759484985.9816248,0,0,-37
1759484986.0196247,3,1,-38
1759484986.0576248,1,-6,-38
1759484986.0936248,2,-4,-41
1759484986.1316247,0,-4,-36
1759484986.1696248,-2,-4,-35
1759484986.207625,-1,-2,-36
1759484986.2436247,1,-5,-37
1759484986.2816248,-1,5,-31
1759484986.319625,4,2,-33
1759484986.3576248,4,2,-34
1759484986.3936248,0,1,-40
1759484986.4326248,-2,0,-35
1759484986.4696248,-4,-3,-48
1759484986.5086248,-2,-2,-44
1759484986.546625,-5,-6,-28
1759484986.5836248,-3,0,-31
1759484986.6206248,-12,6,-38
1759484986.658625,-3,0,-33
1759484986.6976247,3,-4,-24
1759484986.7336247,-2,0,-25
1759484986.7706249,5,4,-40
1759484986.8086247,2,11,-34
1759484986.8476248,0,10,-37
1759484986.8836248,-2,0,-48
1759484986.921625,-1,-2,-35
1759484986.9606247,1,-4,-46
1759484986.9986248,2,0,-44
1759484987.0356247,6,-2,-40
1759484987.0726247,0,-4,-39
1759484987.1116247,2,2,-38
1759484987.1496248,-1,6,-47
1759484987.1876247,-5,2,-45
1759484987.2236247,-7,-1,-49
1759484987.2616248,0,-3,-43
1759484987.2996247,6,0,-37
1759484987.3386247,6,0,-33
1759484987.3746247,5,2,-31
1759484987.4126248,-1,0,-43
1759484987.4496248,3,-5,-45
1759484987.4886248,4,-3,-38
1759484987.5246248,0,-7,-30
1759484987.5616248,-5,0,-25
1759484987.5996249,-1,3,-31
1759484987.638625,-1,-3,-28
1759484987.6746247,-3,-9,-36
1759484987.7126248,0,-2,-40
1759484987.750625,4,-1,-33
1759484987.7896247,-4,3,-41
1759484987.8276248,-8,5,-44
1759484987.8636248,-2,6,-55
1759484987.901625,-1,-6,-49
1759484987.9396248,-1,-2,-47
1759484987.9786248,-2,-2,-52
1759484988.0146248,-2,-5,-41
1759484988.0536249,-2,-1,-44
1759484988.0916247,-1,-5,-42
1759484988.1296248,-2,0,-39
1759484988.1676247,-3,-6,-34
1759484988.2036247,-2,-6,-29
1759484988.2426248,2,-1,-26
1759484988.2796247,0,6,-38
1759484988.3186247,-4,-1,-41
1759484988.3546247,-1,3,-42
1759484988.3916247,-1,-2,-39
1759484988.4296248,0,-4,-41
1759484988.4686248,-1,0,-37
1759484988.5046248,0,1,-38
1759484988.5426247,1,0,-32
1759484988.579625,0,1,-33
1759484988.6186247,-4,2,-40
1759484988.6546247,5,-2,-47
1759484988.6926248,-1,-5,-39
1759484988.730625,0,-2,-34
1759484988.7696247,2,0,-34
1759484988.8056247,0,-2,-46
1759484988.8436248,1,2,-50
1759484988.8826249,2,1,-32
1759484988.9206247,8,-9,-32
1759484988.9586248,1,-5,-35
1759484988.9946249,4,-2,-36
1759484989.0326247,5,-1,-29
1759484989.0766249,-1,2,-48
1759484989.1136248,7,-7,-42
1759484989.151625,10,-7,-32
1759484989.1906247,4,1,-42
1759484989.2286248,1,4,-30
1759484989.2646248,8,1,-33
1759484989.3026247,-2,-1,-25
1759484989.3406248,0,0,-35
1759484989.3796248,-5,1,-35
1759484989.4156249,-2,-4,-29
1759484989.454625,2,0,-29
1759484989.4916248,2,-10,-32
1759484989.5306249,-3,-1,-38
1759484989.5686247,1,0,-41
1759484989.6046247,-3,2,-48
1759484989.6426249,0,-5,-50
1759484989.681625,0,0,-37
1759484989.7196248,-1,-3,-30
1759484989.7556248,-4,-5,-35
1759484989.7946248,3,-7,-26
1759484989.8316247,-3,-3,-30
1759484989.8706248,-1,0,-25
1759484989.908625,-1,-1,-22
1759484989.944625,-4,0,-34
1759484989.9816248,4,1,-32
1759484990.0206249,2,-3,-38
1759484990.0576248,0,-1,-28
1759484990.0956247,-2,-1,-31
1759484990.1326249,2,-2,-39
1759484990.171625,-8,-5,-42
1759484990.2096248,-2,-3,-46
1759484990.2456248,0,-4,-57
1759484990.283625,-5,-3,-47
1759484990.3216248,0,-2,-51
1759484990.3596249,-6,-5,-46
1759484990.3956249,0,-1,-36
1759484990.4336247,0,-2,-39
1759484990.4716249,1,-8,-42
1759484990.5096247,0,-6,-33
1759484990.5456247,3,-4,-39
1759484990.5846248,0,6,-34
1759484990.6216247,-1,5,-36
1759484990.6606247,3,-1,-32
1759484990.6966248,-3,-6,-38
1759484990.7346249,-5,-9,-39
1759484990.7726247,0,-2,-30
1759484990.8116248,2,2,-31
1759484990.8496249,2,-1,-32
1759484990.885625,4,-2,-41
1759484990.9246247,0,-1,-42
1759484990.9626248,-2,3,-42
1759484991.000625,2,0,-47
1759484991.036625,2,-4,-48
1759484991.0756247,-7,-2,-35
1759484991.112625,1,-1,-47
1759484991.151625,2,0,-29
1759484991.1896248,4,-2,-26
1759484991.2256248,4,-4,-26
1759484991.263625,3,-6,-40
1759484991.3016248,-1,-6,-34
1759484991.3406248,0,-11,-34
1759484991.3766248,-3,-5,-27
1759484991.4156249,-4,4,-26
1759484991.4536247,0,0,-33
1759484991.4916248,-3,-8,-41
1759484991.5296247,-5,-6,-36
1759484991.5656247,-4,0,-39
1759484991.6036248,2,-3,-40
1759484991.6416247,-3,-4,-36
1759484991.6806247,-4,1,-34
1759484991.7166247,-3,-1,-40
1759484991.7556248,2,0,-35
1759484991.7936249,-2,-1,-27
1759484991.8316247,-5,2,-45
1759484991.8696249,5,0,-43
1759484991.9056249,0,-2,-43
1759484991.9426248,0,6,-32
1759484991.9816248,-1,1,-33
1759484992.0186248,6,3,-46
1759484992.0556247,1,-6,-41
1759484992.0936248,2,-3,-44
1759484992.1316247,4,3,-52
1759484992.1706247,11,1,-39
1759484992.2066247,6,5,-34
1759484992.2436247,4,0,-30
1759484992.2816248,4,4,-34
1759484992.3206248,0,3,-28
1759484992.3566248,-1,0,-33
1759484992.3936248,0,-4,-34
1759484992.431625,1,0,-30
1759484992.4706247,2,-5,-36
1759484992.5066247,-3,-7,-42
1759484992.5446248,-4,-1,-34
1759484992.582625,-2,3,-35
1759484992.6216247,-6,-2,-39
1759484992.6576247,-5,-2,-29
1759484992.6966248,-5,-1,-31
1759484992.7336247,-4,0,-39
1759484992.7726247,0,-5,-37
1759484992.8106248,1,2,-53
1759484992.8466249,-2,1,-45
1759484992.885625,0,0,-42
1759484992.9226248,0,1,-53
1759484992.9616249,7,2,-51
1759484992.9976249,0,-2,-48
1759484993.0356247,-4,0,-46
1759484993.0726247,2,0,-41
1759484993.1116247,4,0,-37
1759484993.1476247,0,0,-43
1759484993.1856248,-3,-3,-54
1759484993.2226248,2,0,-51
1759484993.2616248,3,-3,-47
1759484993.2976248,-1,1,-38
1759484993.3356247,9,3,-40
1759484993.3726249,8,7,-43
1759484993.411625,2,-1,-37
1759484993.4476247,-5,1,-28
1759484993.4856248,2,-1,-34
1759484993.5226247,0,2,-42
1759484993.5616248,1,0,-29
1759484993.5976248,-5,0,-40
1759484993.635625,-7,2,-33
1759484993.6726248,-4,0,-45
1759484993.7116249,0,1,-33
1759484993.7476249,1,-9,-42
1759484993.7846248,6,-4,-37
1759484993.8226247,9,-2,-40
1759484993.8616247,5,2,-28
1759484993.8976247,9,-6,-42
1759484993.934625,2,-3,-29
1759484993.9736247,-1,5,-47
1759484994.0116248,-6,3,-41
1759484994.0476248,2,5,-41
1759484994.0846248,-1,6,-40
1759484994.1236248,-2,3,-35
1759484994.161625,-3,3,-46
1759484994.1976247,0,2,-39
1759484994.2346249,-4,1,-33
1759484994.273625,-2,1,-34
1759484994.3116248,-1,3,-31
1759484994.3476248,0,2,-36
1759484994.385625,-3,4,-40
1759484994.4236248,-7,2,-38
1759484994.4616249,-7,2,-39
1759484994.4976249,-6,-2,-33
1759484994.536625,-6,0,-38
1759484994.5736248,-4,-1,-37
1759484994.612625,-2,-8,-36
1759484994.648625,-6,-4,-41
1759484994.6876247,4,-5,-32
1759484994.7246249,4,-1,-34
1759484994.763625,0,-3,-27
1759484994.8016248,0,-3,-35
1759484994.8376248,-6,-6,-29
1759484994.8766248,-6,-2,-28
1759484994.9146247,4,0,-35
1759484994.9526248,0,1,-41
1759484994.9886248,-1,0,-41
1759484995.0276248,1,-3,-39
1759484995.0646248,0,-7,-39
1759484995.1036248,-10,-3,-28
1759484995.1416247,1,-1,-33
1759484995.1776247,0,-4,-27
1759484995.2156248,-1,-3,-30
1759484995.253625,-4,2,-44
1759484995.2926247,-2,-1,-42
1759484995.3286247,5,-3,-39
1759484995.365625,-1,-4,-26
1759484995.4046247,4,-2,-49
1759484995.4426248,-2,-3,-30
1759484995.4786248,-2,-7,-31
1759484995.5166247,-3,-8,-47
1759484995.5546248,-4,-8,-37
1759484995.5936248,-3,-2,-37
1759484995.6296248,-6,-7,-38
1759484995.6676247,0,3,-37
1759484995.7066247,-1,-3,-43
1759484995.7446249,-1,-1,-43
1759484995.7826247,-4,-5,-36
1759484995.8186247,0,-4,-35
1759484995.8576248,-6,2,-41
1759484995.8946247,-2,-1,-44
1759484995.9336247,4,1,-32
1759484995.9706247,-4,-2,-43
1759484996.0076249,-7,1,-39
1759484996.046625,-1,-5,-40
1759484996.0846248,0,-2,-32
1759484996.1226249,-4,3,-36
1759484996.158625,0,0,-37
1759484996.1956248,-1,2,-39
1759484996.2346249,-10,-2,-38
1759484996.2726247,-12,1,-38
1759484996.3086247,-5,3,-49
1759484996.3466249,4,8,-48
1759484996.3846247,-1,3,-33
1759484996.4236248,-4,0,-34
1759484996.4596248,1,-1,-42
1759484996.4986248,-4,0,-46
1759484996.5356247,-5,0,-49
1759484996.5746248,-3,0,-31
1759484996.612625,-5,0,-42
1759484996.648625,0,0,-31
1759484996.6866248,-5,-1,-35
1759484996.7246249,-6,-5,-42
1759484996.7626247,-4,-6,-38
1759484996.7986248,1,-5,-51
1759484996.8366249,-3,-11,-45
1759484996.8746247,0,-5,-36
1759484996.9126248,6,2,-42
1759484996.9486248,-5,-3,-32
1759484996.987625,-4,-2,-37
1759484997.0246248,-1,0,-47
1759484997.0636249,-2,3,-52
1759484997.0996249,3,4,-31
1759484997.1376247,1,2,-40
1759484997.1746247,0,5,-29
1759484997.2136247,5,0,-38
1759484997.2496247,1,-1,-33
1759484997.2876248,-1,5,-39
1759484997.3256247,-1,0,-46
1759484997.3646247,0,1,-45
1759484997.4006248,2,0,-49
1759484997.4376247,7,0,-36
1759484997.4756248,9,-4,-40
1759484997.5146248,1,-1,-37
1759484997.5506248,0,-4,-32
1759484997.5886247,-7,0,-38
1759484997.6276248,-9,2,-34
1759484997.6656249,0,3,-32
1759484997.7036247,8,7,-34
1759484997.7396247,5,2,-41
1759484997.776625,-3,3,-34
1759484997.8156247,-9,-3,-36
1759484997.8536248,1,0,-36
1759484997.8896248,0,-6,-36
1759484997.9276247,4,2,-39
1759484997.9666247,-4,-2,-44
1759484998.0046248,5,-1,-35
1759484998.0406249,0,5,-34
1759484998.0786247,0,-4,-52
1759484998.115625,4,-2,-35
1759484998.1546247,7,-2,-27
1759484998.1906247,7,-3,-31
1759484998.227625,10,-2,-31
1759484998.2656248,5,1,-39
1759484998.3046248,-4,0,-38
1759484998.3406248,0,-2,-26
1759484998.378625,-2,1,-37
1759484998.4166248,-3,-4,-46
1759484998.454625,-3,-5,-44
1759484998.490625,0,-6,-39
1759484998.5276248,-1,-8,-31
1759484998.5666249,0,-3,-36
1759484998.6046247,0,-2,-35
1759484998.6406248,5,-4,-41
1759484998.6786249,8,-1,-35
1759484998.7156248,5,2,-32
1759484998.7546248,3,0,-43
1759484998.7906249,-1,-6,-30
1759484998.829625,2,-2,-32
1759484998.8666248,5,0,-47
1759484998.9056249,0,6,-40
1759484998.9416249,3,1,-44
1759484998.9796247,3,6,-38
1759484999.0166247,2,-1,-35
1759484999.0556247,6,-7,-35
1759484999.0996249,5,1,-38
1759484999.1366248,-1,2,-43
1759484999.1756248,4,-2,-36
1759484999.2116249,-3,1,-34
1759484999.2486248,-1,-1,-40
1759484999.2876248,0,-3,-48
1759484999.3256247,-2,-2,-40
1759484999.3616247,-4,-1,-46
1759484999.4006248,0,0,-37
1759484999.4386249,2,2,-37
1759484999.4766247,-1,-4,-37
1759484999.5146248,0,0,-33
1759484999.5506248,0,2,-35
1759484999.5886247,-4,1,-43
1759484999.6266248,-5,-5,-35
1759484999.6646247,2,6,-33
1759484999.7006247,-1,6,-37
1759484999.7386248,1,5,-38
1759484999.776625,0,0,-33
1759484999.8156247,0,0,-30
1759484999.8516247,-2,4,-34
1759484999.888625,8,3,-45
1759484999.9266248,7,9,-27
1759484999.9656248,5,3,-37
1759485000.0016248,3,4,-40
1759485000.0386248,-3,3,-35
1759485000.0766249,-3,0,-32
1759485000.115625,-1,3,-41
1759485000.151625,5,2,-40
1759485000.1886249,4,-6,-43
1759485000.2266247,7,0,-45
1759485000.2656248,2,-2,-39
1759485000.3016248,6,-4,-43
1759485000.339625,-1,-4,-40
1759485000.3766248,1,1,-34
1759485000.4156249,2,0,-33
1759485000.4516249,4,2,-34
1759485000.4896247,-1,-1,-33
1759485000.5276248,-4,5,-43
1759485000.5656247,1,-1,-41
1759485000.6016247,0,8,-43
1759485000.6396248,0,-3,-42
1759485000.6766248,0,0,-34
1759485000.7156248,0,2,-35
1759485000.7516248,1,-3,-44
1759485000.7896247,7,-2,-40
1759485000.8266249,7,-3,-37
1759485000.865625,5,1,-43
1759485000.901625,-2,2,-35
1759485000.9396248,0,0,-34
1759485000.9766247,1,-3,-36
1759485001.0156248,0,-2,-43
1759485001.0516248,-5,0,-47
1759485001.089625,0,-1,-37
1759485001.1266248,-1,0,-44
1759485001.1656249,-5,1,-42
1759485001.2016249,-2,5,-35
1759485001.240625,-6,6,-37
1759485001.2776248,-2,1,-47
1759485001.3166249,-3,-2,-39
1759485001.352625,-6,0,-38
1759485001.3896248,-7,-3,-34
1759485001.4276247,-2,3,-46
1759485001.4666247,0,-5,-46
1759485001.5026248,1,-6,-33
1759485001.5396247,-3,6,-39
1759485001.5776248,1,2,-42
1759485001.6166248,-2,5,-31
1759485001.6526248,-1,3,-45
1759485001.6906247,-5,2,-47
1759485001.7286248,-4,10,-47
1759485001.7676249,-11,3,-35
1759485001.8056247,-3,3,-46
1759485001.8416247,-2,3,-39
1759485001.8796248,-3,0,-30
1759485001.9186249,0,0,-38
1759485001.9566247,3,0,-42
1759485001.9926248,2,-2,-31
1759485002.0316248,8,-3,-48
1759485002.0686247,6,-7,-45
1759485002.1076248,3,-5,-51
1759485002.1456249,-3,-3,-36
1759485002.1826248,-4,-3,-37
1759485002.2206247,-3,1,-43
1759485002.2586248,1,-3,-38
1759485002.2976248,0,-11,-43
1759485002.3336248,0,-6,-40
1759485002.3726249,-3,-7,-37
1759485002.4106247,-1,-1,-34
1759485002.4486248,-3,-5,-41
1759485002.4866247,-4,-3,-45
1759485002.523625,-4,8,-46
1759485002.5606248,2,6,-46
1759485002.5986247,5,4,-45
1759485002.6376247,0,-4,-34
1759485002.6766248,4,-3,-29
1759485002.7126248,-1,0,-35
1759485002.7516248,-3,5,-36
1759485002.7896247,0,-4,-45
1759485002.8276248,0,-12,-43
1759485002.8636248,-5,-4,-51
1759485002.901625,-9,-2,-42
1759485002.9406247,-6,-7,-46
1759485002.9786248,-6,1,-29
1759485003.0166247,-3,0,-37
1759485003.0526247,0,0,-35
1759485003.0906248,6,-3,-19
1759485003.128625,6,3,-34
1759485003.1666248,-3,0,-39
1759485003.2026248,-6,2,-46
1759485003.240625,4,4,-40
1759485003.2786248,3,2,-41
1759485003.3166249,8,5,-36
1759485003.352625,1,3,-34
1759485003.3916247,0,0,-20
1759485003.4286249,1,-7,-37
1759485003.467625,0,-5,-36
1759485003.503625,-3,-4,-26
1759485003.5416248,-2,8,-33
1759485003.579625,0,1,-31
1759485003.6186247,3,-3,-36
1759485003.6566248,-2,-2,-38
1759485003.6936247,-6,0,-38
1759485003.7296247,-2,-3,-48
1759485003.7686248,-7,-4,-49
1759485003.806625,1,-5,-38
1759485003.842625,2,-4,-44
1759485003.8816247,0,-3,-39
1759485003.9196248,-3,-5,-30
1759485003.957625,-2,2,-37
1759485003.9936247,-8,1,-48
1759485004.0306249,-9,-2,-35
1759485004.069625,-3,-2,-29
1759485004.1076248,1,1,-40
1759485004.1436248,9,0,-33
1759485004.1806247,0,-3,-29
1759485004.2196248,-1,2,-26
1759485004.2576249,1,-3,-33
1759485004.2936249,3,-3,-25
1759485004.332625,3,-1,-42
1759485004.3696249,5,6,-42
1759485004.408625,1,1,-41
1759485004.444625,2,4,-34
1759485004.4826248,-1,0,-43
1759485004.5196247,2,1,-48
1759485004.5586247,-2,6,-47
1759485004.5946248,2,1,-39
1759485004.6326249,7,1,-37
1759485004.6696248,0,0,-34
1759485004.7086248,0,-1,-27
1759485004.7446249,-3,-1,-29
1759485004.783625,-3,3,-30
1759485004.8216248,4,1,-37
1759485004.8596249,-2,7,-28
1759485004.8976247,-4,-1,-31
1759485004.9336247,0,-4,-32
1759485004.9716249,0,-6,-37
1759485005.0096247,4,1,-31
1759485005.0486248,1,-3,-34
1759485005.0846248,-5,-4,-35
1759485005.1226249,0,0,-34
1759485005.1606247,-10,5,-40
1759485005.1996248,0,-4,-45
1759485005.237625,-15,0,-43
1759485005.273625,-5,5,-35
1759485005.3126247,4,-1,-47
1759485005.3496249,3,-8,-35
1759485005.388625,-5,-6,-34
1759485005.4246247,-6,-3,-29
1759485005.4626248,-1,1,-24
1759485005.500625,1,0,-36
1759485005.5396247,5,-2,-37
1759485005.5776248,-4,-1,-39
1759485005.6136248,-1,0,-44
1759485005.651625,-1,1,-30
1759485005.6896248,0,2,-32
1759485005.7256248,-6,1,-26
1759485005.7626247,-3,0,-35
1759485005.8006248,-4,0,-37
1759485005.839625,0,-6,-37
1759485005.875625,0,0,-31
1759485005.9126248,0,0,-39
1759485005.9516249,8,1,-32
1759485005.9896247,4,-2,-33
1759485006.0256248,6,1,-39
1759485006.0626247,0,-5,-37
1759485006.1006248,-4,-5,-52
1759485006.1396248,-6,3,-39
1759485006.1756248,5,3,-36
1759485006.2136247,3,2,-44
1759485006.2516248,2,-3,-38
1759485006.2896247,11,0,-34
1759485006.3256247,6,-9,-38
1759485006.3646247,0,0,-33
1759485006.401625,0,-3,-38
1759485006.4406247,0,-3,-39
1759485006.4786248,2,-7,-41
1759485006.5146248,0,0,-33
1759485006.5536249,-3,0,-32
1759485006.5916247,0,0,-36
1759485006.6296248,-3,-2,-35
1759485006.6656249,-2,-2,-21
1759485006.704625,-5,4,-39
1759485006.7426248,2,0,-42
1759485006.7806249,1,-7,-34
1759485006.8186247,6,1,-31
1759485006.8546247,0,0,-34
1759485006.8916247,-2,0,-30
1759485006.9306247,4,2,-35
1759485006.9686248,2,0,-41
1759485007.0046248,2,2,-50
1759485007.0416248,-2,0,-37
1759485007.0806248,0,-4,-39
1759485007.1186247,4,-5,-32
1759485007.1546247,-3,0,-37
1759485007.1916249,-1,-1,-24
1759485007.230625,3,-6,-35
1759485007.2686248,7,-5,-40
1759485007.3046248,1,-6,-37
1759485007.3436248,8,-1,-43
1759485007.3806248,1,-5,-41
1759485007.4196248,0,-3,-30
1759485007.4556248,-6,-8,-26
1759485007.4946249,-3,-9,-31
1759485007.5316248,4,4,-37
1759485007.5706248,0,0,-32
1759485007.6066248,1,0,-44
1759485007.6446247,4,-6,-36
1759485007.681625,5,-8,-46
1759485007.7206247,-6,-5,-45
1759485007.7566247,5,2,-37
1759485007.7946248,-10,-3,-38
1759485007.8316247,-7,1,-40
1759485007.8706248,-10,0,-40
1759485007.9066248,-3,-2,-42
1759485007.944625,2,-1,-38
1759485007.9836247,5,0,-27
1759485008.0216248,3,5,-30
1759485008.059625,6,1,-28
1759485008.0966249,-5,-4,-31
1759485008.1336248,-1,0,-32
1759485008.171625,3,-7,-35
1759485008.2106247,0,-8,-33
1759485008.2466247,2,-2,-32
1759485008.2846248,-2,0,-33
1759485008.3226247,5,-3,-41
1759485008.3616247,4,-6,-46
1759485008.3996248,-1,-3,-42
1759485008.4356248,-2,-8,-48
1759485008.4736247,6,0,-46
1759485008.513625,7,4,-35
1759485008.5516248,4,1,-41
1759485008.589625,3,-4,-35
1759485008.625625,1,-1,-29
1759485008.6626248,-1,4,-30
1759485008.7016249,-4,3,-25
1759485008.7396247,-1,0,-30
1759485008.7756248,4,-8,-38
1759485008.8146248,5,-10,-27
1759485008.8516247,2,-3,-43
1759485008.8906248,1,-8,-41
1759485008.9276247,-3,-8,-46
1759485008.964625,-2,-5,-52
1759485009.003625,-2,0,-39
1759485009.0416248,3,-2,-51
1759485009.079625,1,2,-45
1759485009.1246247,3,0,-41
1759485009.1626248,-2,0,-41
1759485009.2006247,-2,1,-36
1759485009.237625,0,-1,-46
1759485009.2746248,1,0,-55
1759485009.3136249,3,-8,-52
1759485009.3516247,-1,0,-43
1759485009.3876247,-2,1,-38
1759485009.4266248,0,-4,-47
1759485009.464625,-3,6,-37
1759485009.5016248,2,0,-41
1759485009.5406249,3,3,-40
1759485009.5766249,9,2,-40
1759485009.6146247,0,3,-44
1759485009.6536248,-3,0,-38
1759485009.6916249,-1,2,-36
1759485009.727625,2,-6,-37
1759485009.7656248,12,-7,-44
1759485009.8046248,1,-4,-41
1759485009.8416247,5,0,-43
1759485009.8806248,2,-9,-32
1759485009.9166248,1,-10,-32
1759485009.9556248,7,-7,-39
1759485009.9926248,3,2,-39
1759485010.0316248,0,4,-39
1759485010.0676248,3,4,-38
1759485010.105625,0,-2,-44
1759485010.1436248,2,-2,-46
1759485010.181625,6,-1,-43
1759485010.217625,4,0,-47
1759485010.2556248,-1,-2,-45
1759485010.2936249,0,2,-38
1759485010.3316247,1,-1,-38
1759485010.3686247,-4,-4,-40
1759485010.4056249,-3,-2,-37
1759485010.444625,-4,-4,-39
1759485010.4826248,2,-5,-33
1759485010.5206249,-4,-6,-25
1759485010.556625,-1,-3,-37
1759485010.5946248,-3,-1,-29
1759485010.6326249,2,-6,-19
1759485010.671625,-8,-1,-36
1759485010.707625,-7,0,-49
1759485010.7466247,-6,0,-48
1759485010.7846248,-1,-3,-41
1759485010.8226247,0,0,-41
1759485010.8606248,1,4,-35
1759485010.8966248,2,3,-44
1759485010.9356248,4,4,-27
1759485010.9736247,0,4,-31
1759485011.0116248,-4,1,-35
1759485011.0476248,6,1,-36
1759485011.0856247,2,2,-26
1759485011.1226249,-2,3,-43
1759485011.161625,-6,3,-44
1759485011.1976247,-5,4,-47
1759485011.2356248,-1,3,-36
1759485011.2746248,-6,2,-18
1759485011.3126247,-3,0,-42
1759485011.3486247,0,4,-42
1759485011.3866248,3,3,-34
1759485011.4236248,-2,3,-50
1759485011.4626248,3,0,-44
1759485011.4986248,2,-3,-35
1759485011.5356247,7,2,-28
1759485011.5736248,2,-4,-36
1759485011.612625,5,-7,-42
1759485011.648625,7,2,-47
1759485011.6866248,0,2,-44
1759485011.7236247,2,1,-36
1759485011.7626247,3,7,-40
1759485011.7986248,0,4,-43
1759485011.8356247,5,-5,-40
1759485011.8736248,2,-2,-26
1759485011.9126248,5,1,-46
1759485011.9486248,3,0,-32
1759485011.9866247,2,0,-49
1759485012.023625,4,-1,-38
1759485012.0626247,0,-5,-51
1759485012.0986247,2,-6,-34
1759485012.1366248,1,-6,-37
1759485012.1746247,5,-6,-30
1759485012.2136247,3,-4,-37
1759485012.2516248,-5,-2,-47
1759485012.2876248,0,0,-54
1759485012.3246248,-4,0,-52
1759485012.3636248,-4,0,-45
1759485012.401625,-2,0,-41
1759485012.4386249,0,-1,-44
1759485012.4756248,-6,-1,-35
1759485012.513625,0,0,-42
1759485012.5526247,2,-7,-41
1759485012.5886247,2,1,-41
1759485012.625625,2,-1,-48
1759485012.6636248,6,-8,-45
1759485012.7026248,2,-9,-32
1759485012.7386248,-1,-5,-35
1759485012.776625,5,-4,-45
1759485012.8156247,1,-3,-40
1759485012.8536248,1,-6,-42
1759485012.8896248,-3,-2,-45
1759485012.9286249,-6,0,-32
1759485012.9656248,3,-4,-30
1759485013.003625,6,2,-39
1759485013.0426247,3,0,-36
1759485013.0786247,3,-1,-34
1759485013.1166248,-7,1,-36
1759485013.1536248,-1,-10,-28
1759485013.1926248,0,-7,-43
1759485013.2286248,0,1,-38
1759485013.2656248,-2,-6,-34
1759485013.3036249,2,-4,-33
1759485013.342625,2,-6,-33
1759485013.378625,-3,0,-33
1759485013.4166248,-5,-4,-38
1759485013.454625,0,-9,-50
1759485013.4936247,-3,-6,-35
1759485013.5296247,1,-4,-35
1759485013.5676248,-4,-2,-33
1759485013.605625,-4,0,-45
1759485013.6446247,0,1,-34
1759485013.6826248,0,0,-38
1759485013.7186248,2,1,-41
1759485013.7566247,-5,0,-47
1759485013.7946248,0,0,-40
1759485013.832625,4,7,-34
1759485013.8686247,-2,0,-28
1759485013.9056249,0,3,-30
1759485013.944625,-3,0,-29
1759485013.9826248,0,1,-40
1759485014.0186248,-5,0,-45
1759485014.056625,-2,3,-40
1759485014.0946248,-2,3,-44
1759485014.1326249,0,4,-41
1759485014.1686249,0,-1,-49
1759485014.2056248,8,-1,-34
1759485014.2446249,3,-2,-31
1759485014.2826247,-2,-2,-35
1759485014.3186247,-9,-1,-30
1759485014.3576248,-1,0,-43
1759485014.3946247,-2,0,-44
1759485014.4336247,-4,-1,-39
1759485014.4706247,-7,-1,-33
1759485014.5076249,6,-3,-37
1759485014.5456247,0,4,-27
1759485014.5846248,-3,-1,-27
1759485014.6206248,3,-1,-39
1759485014.6576247,-2,-4,-35
1759485014.6966248,-2,-5,-44
1759485014.7346249,-1,-8,-37
1759485014.7706249,5,-4,-45
1759485014.8076248,-1,-5,-39
1759485014.8466249,-2,1,-42
1759485014.8846247,2,2,-45
1759485014.9206247,0,5,-35
1759485014.9586248,0,0,-49
1759485014.9966247,-1,-4,-38
1759485015.0346248,3,-4,-34
1759485015.0706248,-1,-4,-33
1759485015.1086247,-5,-2,-29
1759485015.1466248,-9,-3,-42
1759485015.1856248,1,0,-39
1759485015.2236247,3,3,-39
1759485015.2596247,0,2,-36
1759485015.296625,-3,2,-47
1759485015.3356247,-7,0,-54
1759485015.3746247,-4,1,-35
1759485015.4106247,0,2,-40
1759485015.4486248,-2,7,-38
1759485015.487625,-5,1,-29
1759485015.5256248,2,-1,-28
1759485015.5636249,1,1,-32
1759485015.5996249,3,4,-30
1759485015.6376247,7,-2,-30
1759485015.6756248,0,-3,-50
1759485015.7136247,-2,5,-62
1759485015.7496247,-6,2,-53
1759485015.7876248,4,-4,-38
1759485015.8256247,2,1,-31
1759485015.8636248,4,0,-33
1759485015.8996248,0,-5,-36
1759485015.9376247,-4,3,-35
1759485015.9756248,-6,3,-36
1759485016.013625,-1,6,-39
1759485016.0496247,3,1,-30
1759485016.0876248,3,1,-43
1759485016.125625,-1,5,-44
1759485016.1636248,1,3,-43
1759485016.1996248,2,-1,-39
1759485016.2366247,-4,-1,-31
1759485016.2756248,1,5,-37
1759485016.3116248,8,7,-34
1759485016.3496249,0,0,-35
1759485016.3866248,1,-2,-31
1759485016.4256248,-3,-3,-37
1759485016.4616249,3,6,-38
1759485016.4996247,4,7,-52
1759485016.536625,0,1,-57
1759485016.5756247,-4,0,-46
1759485016.6116247,0,0,-43
1759485016.648625,13,0,-37
1759485016.6866248,-4,-2,-33
1759485016.7256248,6,-2,-39
1759485016.7616248,3,1,-39
1759485016.7986248,3,-6,-39
1759485016.8366249,0,0,-30
1759485016.875625,1,1,-41
1759485016.911625,-4,-2,-38
1759485016.9506247,3,2,-42
1759485016.9886248,0,3,-32
1759485017.026625,-5,0,-45
1759485017.0646248,0,-4,-36
1759485017.1006248,3,-1,-47
1759485017.138625,3,0,-48
1759485017.1766248,-1,6,-29
1759485017.214625,3,6,-45
1759485017.250625,-1,-2,-34
1759485017.2886248,-4,-6,-42
1759485017.3266249,-1,-2,-48
1759485017.365625,8,1,-40
1759485017.401625,0,-3,-32
1759485017.4396248,-1,0,-31
1759485017.4766247,0,0,-25
1759485017.5156248,-5,3,-33
1759485017.5516248,-11,-2,-28
1759485017.5906248,0,1,-28
1759485017.628625,-5,0,-39
1759485017.6666248,-10,-2,-36
1759485017.704625,0,-1,-42
1759485017.740625,-1,-8,-39
1759485017.7796247,0,-6,-37
1759485017.8176248,-3,-8,-38
1759485017.855625,-6,-4,-40
1759485017.8916247,-5,-4,-40
1759485017.9306247,-5,3,-38
1759485017.967625,-1,5,-29
1759485018.0066247,-1,4,-33
1759485018.0426247,0,0,-33
1759485018.0806248,5,6,-39
1759485018.1176248,-1,3,-40
1759485018.1566248,0,0,-35
1759485018.1926248,3,5,-45
1759485018.230625,-3,-4,-50
1759485018.2676249,-6,0,-33
1759485018.306625,0,4,-29
1759485018.342625,2,0,-37
1759485018.3796248,-3,1,-35
1759485018.4186249,-5,-3,-35
1759485018.4566247,0,-2,-34
1759485018.4926248,-2,3,-39
1759485018.5296247,9,2,-41
1759485018.5686247,5,-1,-34
1759485018.6066248,5,3,-38
1759485018.6426249,-6,0,-35
1759485018.6796248,-8,1,-36
1759485018.7186248,-3,-1,-43
1759485018.7566247,0,5,-35
1759485018.7926247,3,0,-56
1759485018.829625,0,1,-45
1759485018.8686247,4,0,-37
1759485018.9066248,-2,-1,-52
1759485018.9426248,1,-7,-56
1759485018.9796247,-2,0,-41
1759485019.0186248,5,-3,-42
1759485019.056625,3,-3,-35
1759485019.092625,2,-3,-26
1759485019.138625,6,-2,-30
1759485019.1766248,18,5,-42
1759485019.2126248,9,1,-45
1759485019.2496247,4,0,-41
1759485019.2886248,9,0,-30
1759485019.3266249,1,-3,-36
1759485019.3636248,-1,-1,-40
1759485019.401625,5,-5,-31
1759485019.4396248,3,-5,-30
1759485019.477625,0,-9,-38
1759485019.5156248,-7,-1,-33
1759485019.5516248,-5,0,-33
1759485019.589625,-5,0,-32
1759485019.6276248,-2,-1,-31
1759485019.6636248,1,0,-41
1759485019.7016249,0,0,-47
1759485019.7396247,3,0,-38
1759485019.7776248,4,0,-33
1759485019.8136249,-6,-3,-27
1759485019.8516247,-2,-2,-34
1759485019.8896248,0,3,-42
1759485019.9276247,-1,-2,-43
1759485019.9666247,2,-5,-39
1759485020.0026248,9,-3,-36
1759485020.0406249,8,-2,-44
1759485020.0776248,1,9,-46
1759485020.1166248,4,5,-52
1759485020.1526248,4,4,-58
1759485020.1906247,1,0,-54
1759485020.227625,2,-5,-43
1759485020.2666247,0,-2,-26
1759485020.3026247,1,-5,-29
1759485020.3406248,-3,2,-35
1759485020.378625,-2,2,-33
1759485020.4176247,0,1,-30
1759485020.4536247,0,0,-36
1759485020.4926248,2,-2,-43
1759485020.5306249,0,0,-37
1759485020.5686247,0,0,-38
1759485020.6066248,0,-1,-37
1759485020.6426249,-1,0,-33
1759485020.6806247,-1,-4,-38
1759485020.7186248,-5,-5,-38
1759485020.7566247,-10,-6,-40
1759485020.7926247,-9,-3,-45
1759485020.8306248,-3,-6,-46
1759485020.8696249,1,-13,-46
1759485020.9076247,0,-4,-21
1759485020.9436247,-2,0,-30
1759485020.980625,1,-1,-35
1759485021.0196247,-10,-1,-36
1759485021.0576248,-10,1,-36
1759485021.0936248,-5,2,-41
1759485021.1306248,1,-2,-29
1759485021.1696248,1,-1,-33
1759485021.207625,0,4,-27
1759485021.2436247,-6,9,-32
1759485021.2826247,-6,6,-40
1759485021.319625,-3,1,-36
1759485021.3586247,-9,1,-32
1759485021.3946247,-10,2,-30
1759485021.4326248,-3,-5,-35
1759485021.4696248,0,-1,-44
1759485021.5086248,-2,1,-37
1759485021.5446248,1,7,-30
1759485021.582625,-4,0,-34
1759485021.6196249,-3,1,-26
1759485021.658625,-2,-1,-26
1759485021.694625,-1,5,-24
1759485021.7326248,-3,0,-37
1759485021.7696247,2,3,-40
1759485021.8086247,4,-2,-44
1759485021.8446248,10,1,-29
1759485021.8826249,9,4,-21
1759485021.9196248,0,0,-38
1759485021.9586248,5,1,-45
1759485021.9946249,3,2,-40
1759485022.0326247,-5,1,-31
1759485022.069625,3,1,-44
1759485022.1086247,-1,-4,-44
1759485022.1446247,-4,0,-37
1759485022.1826248,2,1,-44
1759485022.2196248,-2,5,-35
1759485022.2586248,-4,4,-45
1759485022.2946248,0,-3,-38
1759485022.332625,3,-3,-27
1759485022.3696249,5,-6,-36
1759485022.408625,-1,-2,-42
1759485022.444625,4,0,-39
1759485022.4826248,-1,4,-38
1759485022.5196247,-3,3,-43
1759485022.5586247,3,9,-33
1759485022.5946248,5,-1,-39
1759485022.6326249,-2,-2,-40
1759485022.6696248,-6,-1,-46
1759485022.7086248,-3,1,-50
1759485022.7446249,-2,-1,-42
1759485022.7826247,-6,-2,-39
1759485022.8206248,-4,-2,-25
1759485022.8596249,3,-2,-27
1759485022.8976247,6,0,-35
1759485022.9336247,-2,-2,-37
1759485022.9716249,-2,-3,-45
1759485023.010625,-5,0,-43
1759485023.0486248,-6,-5,-30
1759485023.0846248,-9,-2,-36
1759485023.1226249,-7,7,-47
1759485023.161625,0,-3,-35
1759485023.1996248,-1,-1,-35
1759485023.2356248,-6,1,-43
1759485023.2726247,0,-8,-35
1759485023.3116248,3,3,-29
1759485023.3496249,7,6,-39
1759485023.385625,0,5,-38
1759485023.4246247,-1,7,-47
1759485023.4616249,-4,-3,-37
1759485023.4996247,-2,1,-19
1759485023.5386248,-2,0,-15
1759485023.5746248,-4,1,-26
1759485023.6116247,-6,-4,-38
1759485023.6496248,-1,2,-33
1759485023.6886249,-8,0,-37
1759485023.7246249,-6,-4,-37
1759485023.7626247,1,-5,-42
1759485023.8006248,-1,6,-27
1759485023.839625,-2,-4,-32
1759485023.875625,0,-5,-34
1759485023.9136248,-5,0,-46
1759485023.9516249,1,6,-44
1759485023.990625,1,6,-33
1759485024.0286248,3,0,-24
1759485024.0646248,11,0,-40
1759485024.1016247,5,-5,-39
1759485024.1406248,3,-1,-44
1759485024.1786249,2,-4,-34
1759485024.214625,5,1,-45
1759485024.2516248,4,1,-42
1759485024.2906249,5,2,-32
1759485024.3286247,12,2,-29
1759485024.3646247,5,-2,-33
1759485024.4036248,0,-4,-39
1759485024.4416249,-1,1,-47
1759485024.4796247,0,-1,-35
1759485024.5166247,-2,-3,-39
1759485024.5536249,-4,-1,-37
1759485024.592625,-4,-1,-30
1759485024.6306248,-3,-5,-39
1759485024.6686249,1,-4,-28
1759485024.704625,1,-6,-28
1759485024.7426248,0,0,-29
1759485024.7806249,3,-4,-43
1759485024.819625,2,2,-44
1759485024.855625,-3,5,-44
1759485024.8946247,0,4,-35
1759485024.931625,8,3,-44
1759485024.9706247,-4,3,-46
1759485025.0066247,1,2,-44
1759485025.0446248,7,1,-52
1759485025.0816247,6,-1,-38
1759485025.1206248,3,3,-38
1759485025.1566248,0,3,-31
1759485025.1936247,4,-1,-47
1759485025.2316248,2,-4,-42
1759485025.2706249,0,0,-49
1759485025.306625,-1,-4,-52
1759485025.3446248,3,-1,-42
1759485025.3836248,-2,-1,-38
1759485025.4206247,-3,-3,-42
1759485025.4596248,-1,-3,-35
1759485025.4956248,-3,-3,-36
1759485025.533625,4,2,-31
1759485025.5716248,3,6,-34
1759485025.6106248,4,0,-40
1759485025.6466248,5,0,-30
1759485025.6836247,-1,1,-57
1759485025.7226248,7,4,-38
1759485025.760625,0,6,-32
1759485025.796625,0,1,-34
1759485025.8336248,0,-2,-38
1759485025.8716247,0,-3,-38
1759485025.9106247,6,0,-41
1759485025.9466248,0,6,-36
1759485025.9836247,-2,0,-44
1759485026.0216248,-1,-3,-43
1759485026.0606248,-4,2,-49
1759485026.0966249,-1,0,-54
1759485026.1346247,-9,-1,-49
1759485026.171625,-2,7,-45
1759485026.2106247,-3,0,-35
1759485026.2466247,-1,5,-39
1759485026.2846248,-6,5,-50
1759485026.3226247,0,2,-43
1759485026.3616247,-2,-5,-34
1759485026.3996248,5,-7,-36
1759485026.4356248,-4,-7,-35
1759485026.4746249,-10,-1,-32
1759485026.5126247,2,-6,-36
1759485026.5506248,5,0,-43
1759485026.5866249,-2,4,-35
1759485026.625625,-3,0,-33
1759485026.6626248,-2,-2,-33
1759485026.7016249,-6,0,-46
1759485026.737625,3,2,-43
1759485026.7756248,0,6,-34
1759485026.8126247,0,1,-36
1759485026.8516247,-5,0,-23
1759485026.8876247,-6,0,-34
1759485026.9256248,-2,6,-28
1759485026.9626248,1,6,-34
1759485027.0016248,6,-5,-30
1759485027.0376248,4,-1,-38
1759485027.0756247,1,0,-47
1759485027.112625,0,1,-40
1759485027.151625,0,0,-34
1759485027.1876247,7,-1,-32
1759485027.2246249,-2,-4,-31
1759485027.2626247,6,0,-38
1759485027.3016248,2,0,-43
1759485027.3376248,-6,0,-41
1759485027.375625,-4,0,-28
1759485027.4136248,-1,0,-44
1759485027.4526248,-6,2,-24
1759485027.490625,1,6,-38
1759485027.526625,0,4,-41
1759485027.5646248,-7,-2,-34
1759485027.602625,2,-4,-27
1759485027.6406248,5,-2,-32
1759485027.6766248,6,4,-53
1759485027.714625,0,0,-46
1759485027.7526248,-4,0,-42
1759485027.7916248,-1,2,-38
1759485027.8276248,5,-5,-33
1759485027.865625,3,-3,-34
1759485027.9026248,6,-3,-37
1759485027.9416249,7,-3,-44
1759485027.977625,2,3,-44
1759485028.0146248,-1,4,-27
1759485028.0526247,-5,1,-38
1759485028.0916247,-1,2,-38
1759485028.1276248,-3,0,-37
1759485028.1666248,-1,3,-36
1759485028.204625,-4,-4,-46
1759485028.2426248,0,-3,-37
1759485028.2806249,0,-6,-45
1759485028.3166249,0,-7,-44
1759485028.3546247,-9,-7,-35
1759485028.3926249,-5,-5,-34
1759485028.431625,-8,-3,-32
1759485028.467625,-9,1,-38
1759485028.5046248,-1,-1,-48
1759485028.5426247,3,2,-54
1759485028.5816247,2,-1,-44
1759485028.6176248,-1,-9,-53
1759485028.6556249,1,5,-46
1759485028.6936247,8,-1,-37
1759485028.7326248,7,-3,-50
1759485028.7686248,8,-8,-46
1759485028.8056247,2,-3,-40
1759485028.8446248,7,-1,-40
1759485028.8826249,1,-2,-37
1759485028.9186249,3,0,-38
1759485028.9556248,2,3,-38
1759485028.9946249,-7,-4,-41
1759485029.0326247,-1,-12,-41
1759485029.0686247,2,-6,-28
1759485029.1076248,2,-5,-29
1759485029.1526248,9,-7,-33
1759485029.1886249,0,0,-37
1759485029.227625,4,-6,-41
1759485029.2646248,-2,-7,-31
1759485029.3036249,-2,2,-33
1759485029.3416247,-3,0,-37
1759485029.3776248,-9,2,-34
1759485029.4166248,7,1,-39
1759485029.4536247,6,0,-47
1759485029.4926248,-4,-1,-42
1759485029.5286248,0,2,-34
1759485029.5666249,-1,0,-29
1759485029.6046247,2,0,-28
1759485029.6426249,-13,-8,-32
1759485029.6786249,-1,-5,-38
1759485029.7166247,0,2,-44
1759485029.7556248,0,-1,-41
1759485029.7936249,-4,-7,-26
1759485029.8316247,1,-5,-34
1759485029.8676248,-4,-8,-38
1759485029.9056249,-2,-5,-43
1759485029.9436247,0,-9,-45
1759485029.9826248,0,-5,-36
1759485030.0186248,0,-8,-36
1759485030.0576248,-7,1,-36
1759485030.0946248,-2,0,-32
1759485030.1336248,0,-6,-35
1759485030.171625,-6,-3,-40
1759485030.2086248,-7,-1,-34
1759485030.2466247,-8,-3,-52
1759485030.2846248,0,4,-46
1759485030.3236248,-2,6,-41
1759485030.3596249,7,-3,-41
1759485030.3966248,1,2,-41
1759485030.434625,-4,-4,-30
1759485030.4736247,-1,-2,-44
1759485030.5096247,-4,-7,-34
1759485030.5476248,0,-8,-27
1759485030.5856247,0,-2,-39
1759485030.6246247,8,0,-32
1759485030.6626248,0,-5,-38
1759485030.6986248,-3,-2,-32
1759485030.737625,2,2,-47
1759485030.7746248,2,-4,-43
1759485030.8136249,-9,-1,-46
1759485030.8496249,-5,-3,-42
1759485030.888625,-2,-3,-35
1759485030.9266248,-3,-6,-30
1759485030.964625,-3,-1,-36
1759485031.0026248,2,-3,-42
1759485031.0386248,-11,-2,-39
1759485031.0776248,-6,0,-46
1759485031.1146247,2,2,-42
1759485031.1536248,0,5,-42
1759485031.1896248,-7,0,-37
1759485031.227625,3,0,-52
1759485031.2656248,0,0,-44
1759485031.3046248,5,0,-47
1759485031.342625,-9,1,-42
1759485031.378625,-3,-3,-40
1759485031.4166248,-5,-3,-26
1759485031.4556248,0,-11,-30
1759485031.4936247,0,-8,-32
1759485031.5296247,-1,-10,-44
1759485031.5686247,1,-5,-29
1759485031.605625,-2,0,-36
1759485031.6446247,0,5,-33
1759485031.6826248,-1,2,-46
1759485031.7186248,-3,4,-35
1759485031.7566247,-12,-5,-41
1759485031.7946248,-10,-3,-50
1759485031.832625,0,-5,-44
1759485031.8696249,-3,-3,-38
1759485031.9076247,-3,-1,-35
1759485031.9466248,-3,-3,-44
1759485031.9846249,-11,-2,-42
1759485032.0206249,-8,0,-39
1759485032.059625,-2,-1,-34
1759485032.0966249,3,-2,-35
1759485032.1346247,-3,3,-34
1759485032.1736248,-3,0,-28
1759485032.2096248,1,-3,-28
1759485032.2476249,10,-1,-40
1759485032.2856247,4,-7,-42
1759485032.3246248,4,-4,-43
1759485032.3606248,9,-7,-50
1759485032.398625,3,0,-43
1759485032.4366248,-1,-4,-37
1759485032.4746249,6,-5,-36
1759485032.513625,5,-6,-47
1759485032.5496247,0,-1,-36
1759485032.5886247,4,-4,-45
1759485032.625625,-8,-10,-39
1759485032.6646247,-2,-1,-29
1759485032.7006247,5,-1,-33
1759485032.7386248,1,-10,-46
1759485032.776625,0,-9,-34
1759485032.8156247,0,-5,-31
1759485032.8536248,3,0,-37
1759485032.8896248,8,-6,-45
1759485032.9276247,-3,-5,-35
1759485032.9656248,-3,-2,-36
1759485033.0046248,4,-7,-47
1759485033.0416248,0,-4,-44
1759485033.0786247,5,0,-43
1759485033.1166248,1,-3,-41
1759485033.1556249,-4,-10,-31
1759485033.1936247,-2,-8,-37
1759485033.2296247,-1,-2,-41
1759485033.2686248,0,1,-34
1759485033.306625,0,2,-32
1759485033.3446248,2,0,-30
1759485033.3806248,1,2,-49
1759485033.4186249,0,-1,-50
1759485033.4556248,-3,1,-43
1759485033.4946249,-6,-1,-44
1759485033.5306249,-6,-6,-48
1759485033.5686247,0,-6,-42
1759485033.6076248,-2,-2,-38
1759485033.6456249,-2,-6,-36
1759485033.681625,0,-6,-44
1759485033.7186248,-3,-2,-43
1759485033.7566247,-1,0,-30
1759485033.7956247,2,-2,-29
1759485033.8316247,-2,1,-39
1759485033.8686247,-5,4,-43
1759485033.9066248,-2,4,-46
1759485033.9456248,-1,2,-42
1759485033.9816248,3,-3,-44
1759485034.0186248,6,-7,-39
1759485034.056625,7,-8,-35
1759485034.0956247,6,0,-46
1759485034.1316247,-1,0,-39
1759485034.1686249,5,2,-39
1759485034.2066247,0,-1,-38
1759485034.2456248,3,-4,-35
1759485034.2816248,5,0,-38
1759485034.319625,-4,1,-31
1759485034.3566248,-9,-4,-39
1759485034.3956249,-8,-5,-34
1759485034.431625,-5,-2,-31
1759485034.4696248,0,-4,-39
1759485034.5086248,2,-6,-44
1759485034.546625,2,-1,-49
1759485034.5846248,1,-4,-38
1759485034.6216247,2,-6,-37
1759485034.658625,-8,-8,-36
1759485034.6966248,-11,-8,-41
1759485034.7356248,-1,-4,-27
1759485034.7716248,-4,0,-33
1759485034.8086247,2,-2,-22
1759485034.8466249,0,-7,-31
1759485034.885625,-4,-6,-37
1759485034.921625,-2,-9,-41
1759485034.9606247,-4,-4,-46
1759485034.9976249,-4,-2,-43
1759485035.036625,4,2,-39
1759485035.0746248,7,-9,-37
1759485035.1106248,10,-4,-35
1759485035.148625,3,0,-31
1759485035.1876247,2,0,-33
1759485035.2256248,3,7,-46
1759485035.2616248,1,0,-48
1759485035.2986248,5,-5,-32
1759485035.3376248,-1,0,-51
1759485035.375625,6,0,-46
1759485035.411625,5,-3,-40
1759485035.4506247,9,-1,-34
1759485035.487625,7,2,-33
1759485035.526625,8,0,-38
1759485035.5626247,7,0,-42
1759485035.5996249,-3,5,-44
1759485035.6376247,1,0,-33
1759485035.6766248,-1,-3,-40
1759485035.7126248,-1,1,-38
1759485035.750625,0,-1,-36
1759485035.7876248,-2,0,-39
1759485035.8266249,-2,1,-30
1759485035.862625,-2,1,-32
1759485035.8996248,-3,0,-38
1759485035.9376247,-9,0,-39
1759485035.9766247,3,1,-40
1759485036.0126247,7,-2,-29
1759485036.0516248,1,-5,-41
1759485036.089625,0,0,-47
1759485036.1276248,-9,-4,-33
1759485036.1656249,-2,1,-32
1759485036.2016249,-5,-3,-46
1759485036.2396247,-2,1,-48
1759485036.2786248,-9,0,-35
1759485036.3166249,-7,1,-36
1759485036.352625,-10,0,-38
1759485036.3906248,-1,-2,-38
1759485036.4286249,0,0,-41
1759485036.467625,0,-1,-45
1759485036.5056248,7,-2,-36
1759485036.5426247,-1,0,-40
1759485036.5806248,-4,3,-38
1759485036.6176248,-1,-3,-32
1759485036.6566248,1,-2,-37
1759485036.6926248,-1,0,-34
1759485036.730625,5,-2,-39
1759485036.7696247,2,-4,-42
1759485036.8076248,-1,-3,-34
1759485036.8456247,2,4,-46
1759485036.8816247,3,1,-36
1759485036.9196248,0,0,-37
1759485036.957625,0,2,-40
1759485036.9956248,-5,-1,-41
1759485037.0316248,0,-3,-36
1759485037.069625,2,1,-33
1759485037.1076248,6,-8,-25
1759485037.1436248,5,-8,-44
1759485037.181625,1,-4,-34
1759485037.2196248,1,-5,-41
1759485037.2576249,-3,-5,-35
1759485037.2936249,3,-4,-30
1759485037.3316247,0,2,-36
1759485037.3696249,-4,2,-34
1759485037.4076247,1,6,-37
1759485037.4436247,0,2,-42
1759485037.480625,-3,-2,-40
1759485037.5196247,3,0,-26
1759485037.5576248,2,-7,-35
1759485037.5936248,1,-7,-25
1759485037.6306248,-10,-5,-28
1759485037.6696248,-3,1,-35
1759485037.707625,2,1,-35
1759485037.7436247,1,5,-50
1759485037.7816248,0,-3,-35
1759485037.819625,-4,-2,-43
1759485037.8576248,-4,-2,-26
1759485037.8936248,0,-5,-32
1759485037.931625,-4,-5,-33
1759485037.9696248,2,-5,-34
1759485038.0086248,1,-1,-38
1759485038.046625,-2,-5,-40
1759485038.082625,-2,-3,-35
1759485038.1206248,-5,7,-36
1759485038.158625,-8,7,-39
1759485038.1976247,-8,8,-29
1759485038.2336247,-4,5,-33
1759485038.2716248,0,5,-29
1759485038.3106248,0,2,-34
1759485038.3486247,-1,5,-43
1759485038.3866248,-2,5,-44
1759485038.4226248,2,4,-38
1759485038.4596248,6,1,-35
1759485038.4986248,4,3,-30
1759485038.536625,-4,0,-33
1759485038.5726247,-1,3,-48
1759485038.6096249,2,2,-56
1759485038.648625,-1,-1,-42
1759485038.6866248,1,-3,-33
1759485038.7226248,-1,-1,-44
1759485038.7616248,-1,-4,-39
1759485038.7986248,-4,-5,-39
1759485038.8376248,-8,-2,-38
1759485038.8736248,3,0,-37
1759485038.911625,0,2,-40
1759485038.9486248,-3,0,-51
1759485038.987625,0,2,-43
1759485039.023625,7,5,-45
1759485039.0606248,-5,0,-40
1759485039.0986247,0,-5,-42
1759485039.1376247,-5,-6,-32
1759485039.181625,-7,0,-37
1759485039.2196248,0,-5,-34
1759485039.2576249,5,-4,-33
1759485039.2946248,-1,-3,-31
1759485039.3316247,4,-5,-47
1759485039.3706248,5,-3,-50
1759485039.408625,-1,-3,-45
1759485039.444625,-6,-3,-42
1759485039.4826248,1,-4,-37
1759485039.5206249,0,0,-43
1759485039.559625,-1,0,-36
1759485039.5976248,0,-6,-32
1759485039.6336248,9,-7,-36
1759485039.6706247,-3,-15,-43
1759485039.7096248,0,0,-38
1759485039.7476249,2,2,-29
1759485039.783625,0,-3,-33
1759485039.8206248,2,7,-33
1759485039.8596249,5,7,-27
1759485039.8976247,4,14,-42
1759485039.9336247,-9,3,-39
1759485039.9716249,-1,0,-23
1759485040.0096247,0,-2,-32
1759485040.0486248,-3,2,-39
1759485040.0846248,2,-3,-36
1759485040.1226249,2,-2,-43
1759485040.161625,-3,-4,-30
1759485040.1996248,-8,-1,-43
1759485040.237625,1,3,-43
1759485040.273625,0,1,-40
1759485040.3116248,-1,3,-52
1759485040.3496249,0,-6,-29
1759485040.3876247,0,-4,-26
1759485040.4236248,-1,-8,-33
1759485040.4636247,-1,-7,-32
1759485040.500625,0,0,-37
1759485040.5396247,-7,2,-39
1759485040.5756247,-8,0,-38
1759485040.6136248,4,5,-30
1759485040.6526248,0,0,-29
1759485040.6896248,-1,-7,-20
1759485040.7286248,0,0,-29
1759485040.7646248,4,1,-33
1759485040.8026247,-1,-1,-40
1759485040.8416247,3,2,-32
1759485040.8796248,-2,0,-38
1759485040.9156249,-5,-2,-47
1759485040.954625,-4,1,-36
1759485040.9916248,-1,-1,-40
1759485041.0296247,-2,-1,-41
1759485041.0686247,-2,-1,-39
1759485041.1046247,-3,-3,-38
1759485041.1426249,0,4,-52
1759485041.181625,-4,-8,-41
1759485041.2196248,0,2,-39
1759485041.2556248,1,3,-36
1759485041.2926247,5,4,-29
1759485041.3306248,-3,0,-23
1759485041.3696249,-12,5,-20
1759485041.4056249,-2,3,-38
1759485041.4436247,-2,0,-38
1759485041.4826248,-10,-7,-42
1759485041.5206249,-8,-2,-37
1759485041.5586247,0,-4,-40
1759485041.5946248,4,-2,-38
1759485041.6326249,6,0,-26
1759485041.671625,3,-1,-31
1759485041.7096248,6,0,-33
1759485041.7456248,-2,3,-40
1759485041.783625,0,4,-40
1759485041.8216248,8,1,-41
1759485041.8606248,-8,-3,-36
1759485041.898625,-1,1,-31
1759485041.934625,5,6,-47
1759485041.9716249,4,0,-38
1759485042.010625,2,4,-38
1759485042.0486248,3,1,-41
1759485042.0846248,-5,-2,-43
1759485042.1226249,0,-3,-37
1759485042.1606247,0,-6,-43
1759485042.1996248,-6,1,-32
1759485042.2356248,-5,-2,-43
1759485042.2746248,-9,-1,-39
1759485042.3126247,-3,0,-45
1759485042.3506248,-9,-3,-45
1759485042.3866248,-2,2,-42
1759485042.4256248,1,0,-43
1759485042.4626248,5,-1,-28
1759485042.500625,-2,2,-35
1759485042.5396247,-5,2,-37
1759485042.5756247,0,-1,-39
1759485042.612625,-4,3,-43
1759485042.6506248,-1,0,-28
1759485042.6896248,9,-4,-45
1759485042.7256248,1,-2,-39
1759485042.763625,0,-1,-33
1759485042.8006248,1,2,-31
1759485042.839625,10,4,-35
1759485042.875625,0,1,-38
1759485042.9136248,0,0,-43
1759485042.9506247,4,-4,-35
1759485042.9896247,6,0,-28
1759485043.0256248,1,-1,-36
1759485043.0636249,-5,-1,-38
1759485043.1016247,-5,5,-39
1759485043.1406248,-1,-5,-29
1759485043.1766248,1,-11,-33
1759485043.214625,3,1,-33
1759485043.2526248,1,-2,-39
1759485043.2916248,4,1,-28
1759485043.329625,-2,0,-40
1759485043.365625,0,2,-40
1759485043.4026248,4,-3,-34
1759485043.4416249,0,-5,-24
1759485043.4796247,-2,0,-34
1759485043.5156248,-6,0,-30
1759485043.5546248,-3,0,-27
1759485043.592625,0,0,-29
1759485043.6306248,-5,-7,-31
1759485043.6666248,-1,-8,-34
1759485043.704625,0,2,-36
1759485043.7436247,-6,5,-31
1759485043.7816248,-3,1,-24
1759485043.819625,6,4,-33
1759485043.855625,3,-3,-42
1759485043.8936248,0,-1,-43
1759485043.9326248,-1,0,-42
1759485043.9706247,2,0,-37
1759485044.0066247,-2,-2,-33
1759485044.0446248,3,0,-44
1759485044.082625,-5,-1,-40
1759485044.1216247,3,-1,-46
1759485044.1576247,8,2,-45
1759485044.194625,1,3,-36
1759485044.2326248,1,1,-37
1759485044.2716248,1,5,-39
1759485044.3076248,-1,0,-31
1759485044.3446248,-3,0,-38
1759485044.3826249,-1,2,-36
1759485044.421625,-4,2,-38
1759485044.457625,-2,0,-25
1759485044.4966247,1,-3,-39
1759485044.5346248,1,9,-36
1759485044.5716248,6,2,-43
1759485044.6106248,2,5,-46
1759485044.6466248,6,-2,-44
1759485044.684625,-2,5,-45
1759485044.7236247,3,2,-35
1759485044.7616248,8,-2,-35
1759485044.7976248,4,-4,-41
1759485044.8346248,4,-5,-33
1759485044.8736248,4,6,-46
1759485044.911625,-2,0,-32
1759485044.9476247,-4,1,-41
1759485044.9856248,0,-1,-41
1759485045.023625,0,2,-54
1759485045.0626247,0,-8,-43
1759485045.1006248,4,2,-43
1759485045.1366248,0,0,-42
1759485045.1746247,0,3,-44
1759485045.2126248,2,-2,-44
1759485045.250625,-5,2,-39
1759485045.286625,0,0,-52
1759485045.3236248,0,-3,-56
1759485045.362625,5,-6,-49
1759485045.4006248,5,0,-33
1759485045.4366248,1,0,-33
1759485045.4736247,-1,-2,-42
1759485045.5126247,-2,-1,-53
1759485045.5506248,-3,0,-45
1759485045.5866249,-4,7,-34
1759485045.6246247,-1,0,-35
1759485045.6626248,4,0,-40
1759485045.7016249,-1,1,-29
1759485045.737625,-4,5,-34
1759485045.7746248,-3,1,-46
1759485045.8126247,0,0,-53
1759485045.8516247,7,-2,-44
1759485045.888625,4,-10,-41
1759485045.9256248,2,1,-35
1759485045.9636247,-3,-1,-37
1759485046.0026248,-7,4,-28
1759485046.0386248,-1,6,-38
1759485046.0766249,1,2,-22
1759485046.115625,0,-3,-27
1759485046.1526248,0,-3,-43
1759485046.1916249,-10,2,-35
1759485046.227625,1,0,-34
1759485046.2656248,3,-5,-40
1759485046.3036249,-2,-4,-31
1759485046.3416247,2,2,-37
1759485046.3776248,6,2,-35
1759485046.4156249,3,-5,-34
1759485046.4526248,4,-3,-36
1759485046.4916248,0,-3,-37
1759485046.5276248,6,0,-32
1759485046.5656247,0,1,-38
1759485046.6036248,1,0,-40
1759485046.6416247,0,3,-30
1759485046.6776247,-5,0,-31
1759485046.7156248,-3,-5,-28
1759485046.753625,2,-4,-37
1759485046.7916248,-2,-3,-41
1759485046.8276248,-5,-2,-44
1759485046.8666248,-10,-1,-42
1759485046.9036248,-7,3,-42
1759485046.9426248,-3,4,-40
1759485046.9786248,-5,6,-38
1759485047.0166247,-2,2,-27
1759485047.0536249,2,1,-36
1759485047.092625,6,3,-43
1759485047.128625,4,0,-37
1759485047.1666248,2,2,-39
1759485047.2036247,2,4,-51
1759485047.2426248,2,-2,-41
1759485047.2786248,5,-4,-44
1759485047.3166249,4,5,-49
1759485047.3536248,14,0,-38
1759485047.3926249,4,-3,-38
1759485047.4286249,6,0,-47
1759485047.4666247,5,4,-39
1759485047.503625,4,-2,-43
1759485047.5426247,0,-1,-33
1759485047.5786247,-5,1,-43
1759485047.6166248,0,-1,-45
1759485047.6536248,5,0,-40
1759485047.6926248,5,-1,-35
1759485047.7286248,0,-2,-46
1759485047.7666247,8,5,-40
1759485047.8046248,8,5,-48
1759485047.8436248,1,-4,-36
1759485047.8796248,0,-5,-34
1759485047.9176247,-3,-1,-28
1759485047.954625,0,10,-42
1759485047.9936247,1,-2,-38
1759485048.0296247,2,-6,-34
1759485048.0676248,2,0,-37
1759485048.1046247,0,5,-32
1759485048.1436248,-4,-4,-33
1759485048.1796248,1,-1,-42
1759485048.217625,1,0,-32
1759485048.2556248,4,-5,-37
1759485048.2946248,0,0,-41
1759485048.332625,0,3,-32
1759485048.3686247,5,-2,-22
1759485048.4056249,4,6,-30
1759485048.444625,0,2,-41
1759485048.4826248,-2,1,-38
1759485048.5186248,0,0,-42
1759485048.556625,-3,-5,-50
1759485048.5946248,-2,-1,-41
1759485048.6326249,-3,2,-37
1759485048.6686249,-2,-4,-40
1759485048.7066247,0,4,-39
1759485048.7446249,-1,-2,-46
1759485048.783625,1,-6,-45
1759485048.819625,1,-7,-42
1759485048.8586247,4,-6,-38
1759485048.8956249,-8,1,-26
1759485048.934625,0,0,-31
1759485048.9726248,2,-3,-36
1759485049.0086248,6,0,-35
1759485049.0456247,0,0,-38
1759485049.0846248,-5,-3,-28
1759485049.1226249,-3,0,-41
1759485049.158625,-4,3,-36
1759485049.204625,-2,0,-37
1759485049.2436247,-1,1,-31
1759485049.2796247,-4,1,-31
1759485049.3186247,1,-3,-31
1759485049.355625,5,-8,-37
1759485049.3946247,-3,-5,-51
1759485049.4306247,-5,2,-50
1759485049.4686248,-1,6,-37
1759485049.5056248,1,-2,-43
1759485049.5446248,0,-2,-36
1759485049.5806248,7,0,-46
1759485049.6186247,-1,2,-40
1759485049.6566248,0,1,-39
1759485049.694625,3,4,-31
1759485049.7336247,6,5,-32
1759485049.7696247,6,10,-36
1759485049.8076248,1,5,-31
1759485049.8456247,5,0,-36
1759485049.8836248,0,-1,-50
1759485049.9196248,1,-3,-42
1759485049.9566247,0,-2,-40
1759485049.9956248,5,1,-42
1759485050.033625,-1,-6,-40
1759485050.069625,0,-4,-42
1759485050.1076248,-1,0,-40
1759485050.1456249,-4,0,-41
1759485050.184625,3,6,-49
1759485050.2206247,-2,-2,-37
1759485050.2586248,1,1,-33
1759485050.296625,4,3,-32
1759485050.3356247,-1,-2,-24
1759485050.3736248,-3,3,-33
1759485050.4096248,5,4,-28
1759485050.4466248,2,1,-30
1759485050.4856248,-1,-7,-28
1759485050.523625,3,-8,-23
1759485050.559625,6,-6,-26
1759485050.5986247,0,-2,-33
1759485050.635625,2,-8,-37
1759485050.6746247,-1,-9,-47
1759485050.7116249,4,1,-51
1759485050.7486248,0,4,-36
1759485050.786625,-3,0,-30
1759485050.8256247,-4,0,-31
1759485050.8636248,0,-1,-43
1759485050.8996248,-12,-1,-50
1759485050.9376247,-6,-6,-37
1759485050.9756248,-7,-2,-44
1759485051.0146248,3,0,-42
1759485051.0506248,-2,-5,-46
1759485051.089625,-6,2,-47
1759485051.1266248,-1,0,-50
1759485051.1656249,-10,0,-39
1759485051.2016249,-4,0,-44
1759485051.2386248,-4,1,-37
1759485051.2776248,-2,-2,-36
1759485051.3156247,-6,1,-36
1759485051.3516247,0,-3,-29
1759485051.388625,-2,0,-37
1759485051.4276247,-2,5,-41
1759485051.4656248,-3,-3,-39
1759485051.5016248,1,-8,-41
1759485051.5386248,7,1,-41
1759485051.5776248,0,-1,-35
1759485051.615625,-2,-5,-37
1759485051.651625,-5,-12,-35
1759485051.6906247,3,-9,-41
1759485051.7286248,0,0,-39
1759485051.7666247,0,-3,-45
1759485051.8046248,4,-2,-42
1759485051.8406248,1,-4,-43
1759485051.8796248,6,9,-32
1759485051.9166248,0,-1,-40
1759485051.9556248,1,0,-45
1759485051.9916248,-1,2,-39
1759485052.0296247,9,1,-28
1759485052.0666249,1,4,-33
1759485052.105625,-8,1,-53
1759485052.1416247,-2,0,-43
1759485052.1796248,2,-6,-38
1759485052.2166247,1,0,-42
1759485052.2556248,-7,4,-44
1759485052.2916248,-5,4,-51
1759485052.329625,-3,2,-49
1759485052.3666248,-3,-1,-52
1759485052.4056249,3,2,-39
1759485052.4416249,4,-2,-38
1759485052.4796247,3,-2,-38
1759485052.5176249,3,1,-24
1759485052.556625,0,3,-41
1759485052.5946248,-3,3,-38
1759485052.6306248,-8,-1,-55
1759485052.6686249,2,0,-46
1759485052.7066247,9,-2,-39
1759485052.7456248,1,-2,-39
1759485052.7816248,-7,-1,-37
1759485052.819625,-7,-4,-43
1759485052.8586247,0,0,-40
1759485052.8966248,-2,-2,-43
1759485052.9326248,0,-2,-37
1759485052.9716249,-2,-1,-35
1759485053.0086248,0,0,-42
1759485053.046625,1,0,-45
1759485053.0856247,0,4,-41
1759485053.1216247,5,3,-40
1759485053.158625,1,8,-49
1759485053.1966248,-1,4,-46
1759485053.2356248,1,6,-48
1759485053.2716248,5,9,-46
1759485053.3086247,1,6,-52
1759485053.3476248,3,2,-40
1759485053.385625,8,0,-24
1759485053.421625,4,0,-34
1759485053.4586248,11,-6,-33
1759485053.4976249,0,0,-40
1759485053.5356247,-4,-3,-41
1759485053.5716248,0,-2,-32
1759485053.6096249,1,3,-34
1759485053.6476247,-1,0,-43
1759485053.6866248,1,2,-32
1759485053.7226248,0,0,-27
1759485053.7596247,-2,2,-42
1759485053.7986248,0,5,-44
1759485053.8366249,1,3,-39
1759485053.8726249,3,0,-30
1759485053.9106247,2,1,-27
1759485053.9486248,0,4,-30
1759485053.987625,-10,2,-23
1759485054.0256248,-4,12,-31
1759485054.0616248,-3,8,-35
1759485054.1006248,3,4,-45
1759485054.138625,5,4,-45
1759485054.1766248,-1,-8,-46
1759485054.2126248,0,-14,-43
1759485054.2516248,-11,0,-42
1759485054.2896247,-7,3,-37
1759485054.3276248,2,2,-38
1759485054.365625,-2,0,-44
1759485054.401625,-5,0,-41
1759485054.4396248,-1,1,-42
1759485054.477625,0,2,-31
1759485054.513625,-4,3,-32
1759485054.5516248,0,5,-35
1759485054.5906248,-1,-3,-34
1759485054.6276248,1,-7,-37
1759485054.6666248,0,-6,-40
1759485054.7026248,5,1,-30
1759485054.7396247,0,-1,-31
1759485054.7776248,0,-2,-32
1759485054.8166249,0,-4,-39
1759485054.852625,3,-5,-38
1759485054.8896248,-1,6,-37
1759485054.9276247,0,0,-30
1759485054.9666247,-3,-3,-36
1759485055.0026248,-5,4,-42
1759485055.0396247,0,7,-47
1759485055.0776248,-1,0,-37
1759485055.1166248,-3,3,-35
1759485055.1526248,-7,4,-39
1759485055.1896248,-7,0,-37
1759485055.2286248,-3,-1,-41
1759485055.2666247,6,0,-26
1759485055.3026247,6,5,-26
1759485055.3406248,10,3,-42
1759485055.378625,7,4,-48
1759485055.4166248,-3,6,-36
1759485055.4526248,-5,0,-36
1759485055.490625,-3,-1,-35
1759485055.5286248,0,-3,-34
1759485055.5666249,7,7,-42
1759485055.602625,2,3,-37
1759485055.6406248,0,7,-22
1759485055.6786249,-1,0,-30
1759485055.7166247,-3,-5,-33
1759485055.7526248,-3,2,-31
1759485055.7906249,-7,1,-27
1759485055.8286247,0,0,-32
1759485055.8666248,-2,0,-41
1759485055.9026248,2,0,-39
1759485055.9406247,1,3,-32
1759485055.9786248,-2,8,-30
1759485056.0166247,-1,4,-39
1759485056.0526247,4,1,-36
1759485056.0906248,3,3,-34
1759485056.128625,4,3,-37
1759485056.1666248,8,2,-48
1759485056.2026248,3,6,-36
1759485056.240625,-5,-2,-25
1759485056.2786248,-1,-1,-22
1759485056.3146248,3,-8,-23
1759485056.3536248,-3,-2,-39
1759485056.3916247,0,0,-38
1759485056.4286249,-3,1,-26
1759485056.467625,0,0,-24
1759485056.503625,-5,3,-27
1759485056.5416248,-1,0,-39
1759485056.5786247,-3,0,-36
1759485056.6176248,-2,4,-28
1759485056.6536248,-3,6,-32
1759485056.6916249,2,5,-31
1759485056.7296247,6,0,-28
1759485056.7686248,8,-1,-36
1759485056.8046248,5,-3,-33
1759485056.8416247,0,3,-40
1759485056.8796248,0,-2,-37
1759485056.9186249,-2,-3,-28
1759485056.954625,4,-6,-36
1759485056.9916248,-1,-4,-43
1759485057.0296247,-4,0,-42
1759485057.0686247,3,1,-35
1759485057.1046247,1,3,-23
1759485057.1426249,0,0,-35
1759485057.1796248,7,-1,-32
1759485057.2186248,-2,0,-33
1759485057.2546248,-3,3,-25
1759485057.2926247,0,5,-47
1759485057.3306248,1,-5,-34
1759485057.3696249,-5,4,-34
1759485057.4076247,0,0,-24
1759485057.4436247,-7,6,-24
1759485057.4816248,-2,3,-30
1759485057.5206249,1,-2,-40
1759485057.5586247,0,-2,-40
1759485057.5946248,0,-2,-39
1759485057.6316247,-3,-1,-45
1759485057.6696248,-1,0,-29
1759485057.7086248,4,-1,-36
1759485057.7446249,-1,-2,-40
1759485057.783625,-2,-3,-43
1759485057.8206248,4,0,-41
1759485057.8596249,3,0,-36
1759485057.8976247,0,2,-48
1759485057.9336247,-1,2,-46
1759485057.9716249,0,3,-43
1759485058.0096247,-2,4,-35
1759485058.0456247,-6,3,-38
1759485058.0836248,-6,1,-54
1759485058.1226249,3,1,-32
1759485058.1596248,5,-1,-33
1759485058.1986248,-4,-4,-33
1759485058.2356248,1,1,-37
1759485058.2726247,-3,0,-38
1759485058.3106248,-5,1,-37
1759485058.3496249,0,-2,-33
1759485058.385625,5,-1,-39
1759485058.4236248,2,-5,-46
1759485058.4616249,-7,-3,-56
1759485058.4996247,2,2,-40
1759485058.5386248,1,8,-38
1759485058.5746248,1,4,-20
1759485058.6136248,-2,-5,-36
1759485058.6506248,-4,1,-34
1759485058.6896248,-5,1,-34
1759485058.7256248,-3,2,-38
1759485058.7626247,-4,0,-37
1759485058.8016248,5,-5,-37
1759485058.839625,1,-8,-33
1759485058.875625,0,-11,-33
1759485058.9146247,-1,1,-35
1759485058.9526248,-3,0,-41
1759485058.990625,0,-1,-48
1759485059.0286248,7,0,-43
1759485059.0646248,3,5,-36
1759485059.102625,5,-2,-39
1759485059.1406248,5,0,-35
1759485059.1786249,-2,2,-46
1759485059.2226248,3,2,-42
1759485059.260625,1,0,-37
1759485059.2986248,-3,0,-39
1759485059.3346248,0,-1,-37
1759485059.3726249,-2,4,-35
1759485059.4106247,-2,4,-37
1759485059.4486248,2,0,-38
1759485059.4846249,3,-3,-40
1759485059.523625,-2,-5,-31
1759485059.5616248,0,-10,-29
1759485059.5996249,-4,-10,-35
1759485059.635625,2,-8,-34
1759485059.6726248,-11,0,-35
1759485059.7116249,-4,-4,-44
1759485059.7496247,-3,0,-37
1759485059.7856247,0,4,-34
1759485059.8236248,-9,4,-37
1759485059.8616247,-2,4,-33
1759485059.8996248,6,-2,-47
1759485059.9356248,2,0,-48
1759485059.9726248,5,-4,-46
1759485060.0116248,7,-1,-35
1759485060.0496247,0,-8,-40
1759485060.0856247,0,-1,-30
1759485060.1246247,2,0,-38
1759485060.1626248,2,0,-50
1759485060.2006247,-1,-5,-39
1759485060.2366247,-8,2,-40
1759485060.2746248,-3,-1,-39
1759485060.3126247,-6,3,-49
1759485060.3506248,0,-7,-45
1759485060.3896248,1,-4,-43
1759485060.4256248,0,-9,-44
1759485060.4636247,3,-5,-45
1759485060.5016248,7,0,-38
1759485060.5406249,6,-3,-45
1759485060.5766249,-2,-1,-41
1759485060.615625,1,0,-35
1759485060.6536248,5,0,-24
1759485060.6916249,2,-4,-39
1759485060.7296247,0,1,-54
1759485060.7656248,-3,-5,-54
1759485060.8036249,-1,7,-39
1759485060.842625,0,2,-35
1759485060.8806248,-3,-1,-41
1759485060.9166248,-2,3,-39
1759485060.9536247,2,4,-41
1759485060.9926248,1,6,-36
1759485061.0306249,-1,4,-38
1759485061.0666249,-4,0,-38
1759485061.1036248,-3,5,-50
1759485061.1426249,-10,5,-38
1759485061.1806247,-4,0,-47
1759485061.2166247,1,-2,-43
1759485061.2546248,0,-4,-51
1759485061.2926247,-5,1,-31
1759485061.3306248,-2,1,-44
1759485061.3666248,-7,0,-46
1759485061.4046247,7,1,-37
1759485061.4426248,2,0,-41
1759485061.480625,4,0,-36
1759485061.5166247,3,2,-35
1759485061.5546248,-1,2,-32
1759485061.5916247,-1,2,-34
1759485061.6306248,-7,3,-33
1759485061.6666248,-5,1,-31
1759485061.7036247,1,1,-46
1759485061.7416248,0,5,-39
1759485061.7806249,0,0,-39
1759485061.8166249,-2,1,-40
1759485061.8546247,3,1,-33
1759485061.8936248,4,-5,-44
1759485061.931625,2,-1,-37
1759485061.967625,4,0,-40
1759485062.0046248,4,0,-40
1759485062.0436249,-3,-3,-45
1759485062.0816247,2,-4,-37
1759485062.1176248,-3,-6,-44
1759485062.1566248,0,2,-34
1759485062.1936247,-5,0,-42
1759485062.2326248,-7,-4,-38
1759485062.2706249,1,-6,-44
1759485062.306625,5,-5,-45
1759485062.3436248,2,-4,-40
1759485062.3826249,1,-2,-43
1759485062.4206247,7,-2,-35
1759485062.4566247,2,-9,-36
1759485062.4946249,-3,-7,-34
1759485062.5326247,-2,-4,-42
1759485062.5716248,3,0,-36
1759485062.6076248,0,1,-42
1759485062.6446247,2,-1,-32
1759485062.6836247,1,0,-22
1759485062.7216249,-2,-2,-16
1759485062.7576249,-1,0,-34
1759485062.7946248,3,-3,-41
1759485062.832625,6,-6,-33
1759485062.8716247,2,-5,-38
1759485062.9076247,-1,-5,-37
1759485062.9456248,-1,-7,-49
1759485062.9846249,3,-3,-42
1759485063.0226247,3,-1,-33
1759485063.0606248,-1,-2,-57
1759485063.0966249,1,1,-45
1759485063.135625,-5,-2,-41
1759485063.1736248,-7,1,-33
1759485063.2116249,0,0,-40
1759485063.2476249,-1,4,-38
1759485063.2846248,-7,-2,-33
1759485063.3236248,1,-1,-37
1759485063.3616247,1,1,-48
1759485063.3976247,1,0,-40
1759485063.434625,0,0,-39
1759485063.4726248,-2,0,-34
1759485063.5116248,-1,0,-39
1759485063.5476248,-7,-4,-36
1759485063.5866249,-6,2,-41
1759485063.6246247,-2,-1,-22
1759485063.6626248,3,0,-29
1759485063.6986248,0,-4,-36
1759485063.7366247,1,2,-40
1759485063.7756248,5,-1,-35
1759485063.8126247,-1,3,-34
1759485063.8516247,-5,1,-29
1759485063.8876247,-3,2,-42
1759485063.9256248,-2,-2,-27
1759485063.9636247,-8,0,-41
1759485064.0016248,2,-1,-35
1759485064.0376248,1,1,-34
1759485064.0746248,3,2,-47
1759485064.1136248,0,0,-43
1759485064.151625,5,1,-37
1759485064.1876247,-1,1,-44
1759485064.2246249,0,-1,-50
1759485064.263625,0,0,-36
1759485064.3016248,0,-5,-42
1759485064.3376248,1,-1,-40
1759485064.3766248,2,1,-29
1759485064.4136248,1,-10,-34
1759485064.4526248,4,-4,-34
1759485064.4886248,3,-3,-43
1759485064.526625,-1,-11,-40
1759485064.5636249,-2,-3,-38
1759485064.602625,-6,-6,-35
1759485064.638625,0,0,-29
1759485064.6766248,-2,-7,-30
1759485064.7136247,-3,-8,-31
1759485064.7526248,7,-7,-44
1759485064.7886248,-3,0,-48
1759485064.8256247,-6,-4,-46
1759485064.8646247,1,-3,-34
1759485064.9026248,0,4,-47
1759485064.9386249,-2,-1,-40
1759485064.977625,5,-5,-33
1759485065.0146248,-6,0,-40
1759485065.0536249,-2,-8,-46
1759485065.089625,-3,-3,-45
1759485065.128625,-5,1,-38
1759485065.1656249,-1,4,-32
1759485065.2036247,1,3,-25
1759485065.2426248,2,-4,-33
1759485065.2786248,1,-6,-44
1759485065.3156247,3,-4,-35
1759485065.3536248,3,0,-41
1759485065.3926249,3,1,-27
1759485065.4286249,0,-5,-23
1759485065.4666247,-2,-3,-32
1759485065.5046248,-2,3,-41
1759485065.5436249,0,2,-36
1759485065.579625,-2,-8,-51
1759485065.6176248,1,7,-48
1759485065.6566248,2,-5,-38
1759485065.694625,2,1,-45
1759485065.7326248,4,1,-36
1759485065.7686248,4,6,-27
1759485065.8056247,3,-1,-36
1759485065.8446248,2,-3,-45
1759485065.8826249,2,2,-33
1759485065.9196248,-4,0,-35
1759485065.957625,0,0,-22
1759485065.9956248,0,3,-34
1759485066.033625,2,0,-42
1759485066.069625,-2,1,-40
1759485066.1066248,1,0,-45
1759485066.1456249,-3,1,-36
1759485066.1836247,-6,-1,-31
1759485066.2196248,0,0,-35
1759485066.2566247,-3,1,-40
1759485066.2956247,0,0,-39
1759485066.3336248,6,4,-39
1759485066.3706248,1,5,-39
1759485066.4076247,0,5,-47
1759485066.4456248,0,3,-35
1759485066.4846249,-2,-2,-40
1759485066.5226247,-7,-3,-35
1759485066.5586247,-4,-10,-34
1759485066.5966249,6,-3,-35
1759485066.6346247,1,-2,-35
1759485066.6736248,3,-3,-47
1759485066.7096248,-3,-1,-49
1759485066.7476249,-3,2,-61
1759485066.786625,2,-6,-37
1759485066.8246248,9,-3,-41
1759485066.8606248,3,-2,-45
1759485066.898625,-3,2,-46
1759485066.9376247,-4,0,-34
1759485066.9746249,8,-3,-35
1759485067.013625,3,-3,-35
1759485067.0496247,3,0,-32
1759485067.0886247,3,0,-38
1759485067.125625,2,-1,-45
1759485067.1646247,2,-1,-44
1759485067.2006247,-3,-3,-36
1759485067.2386248,-1,2,-26
1759485067.276625,5,3,-41
1759485067.3156247,3,3,-40
1759485067.3536248,1,4,-32
1759485067.3906248,0,-4,-32
1759485067.4276247,1,-3,-46
1759485067.4666247,0,-9,-40
1759485067.5046248,0,-5,-29
1759485067.5406249,-2,-2,-39
1759485067.5786247,2,0,-52
1759485067.6176248,0,-2,-53
1759485067.6556249,5,-3,-41
1759485067.6936247,0,-1,-43
1759485067.7296247,0,-3,-44
1759485067.7676249,6,6,-25
1759485067.8056247,4,2,-40
1759485067.8436248,1,-5,-38
1759485067.8796248,-5,-6,-40
1759485067.9186249,-8,-3,-35
1759485067.9556248,0,-3,-33
1759485067.9946249,-5,3,-39
1759485068.0316248,1,1,-36
1759485068.0686247,-2,0,-37
1759485068.1076248,2,2,-45
1759485068.1456249,-1,0,-32
1759485068.1836247,-3,3,-36
1759485068.2196248,-3,-2,-40
1759485068.2576249,0,-5,-39
1759485068.2956247,-3,-3,-26
1759485068.3346248,-2,-3,-34
1759485068.3706248,-13,5,-35
1759485068.4096248,-8,2,-39
1759485068.4466248,-4,-2,-38
1759485068.4856248,-7,-5,-31
1759485068.5216248,-2,-3,-39
1759485068.5606248,5,0,-51
1759485068.5986247,-1,-7,-47
1759485068.635625,7,0,-41
1759485068.6746247,8,0,-26
1759485068.7106247,2,0,-33
1759485068.7476249,-8,-1,-34
1759485068.7856247,1,-4,-35
1759485068.8246248,-1,1,-47
1759485068.8606248,1,0,-39
1759485068.8976247,8,0,-26
1759485068.9366248,-2,-3,-37
1759485068.9746249,-4,1,-37
1759485069.010625,-11,2,-36
1759485069.0496247,-3,0,-25
1759485069.0866249,7,-9,-37
1759485069.125625,4,-10,-21
1759485069.161625,1,-10,-40
1759485069.1996248,-3,-6,-38
1759485069.2446249,-5,-1,-32
1759485069.2816248,-4,4,-34
1759485069.319625,-1,6,-34
1759485069.3576248,-1,3,-42
1759485069.3956249,1,11,-36
1759485069.431625,0,4,-37
1759485069.4686248,-4,-1,-46
1759485069.5076249,4,2,-51
1759485069.5456247,-3,3,-53
1759485069.5816247,-4,6,-40
1759485069.6206248,-1,-5,-40
1759485069.658625,0,4,-47
1759485069.6966248,0,0,-43
1759485069.7346249,-5,0,-36
1759485069.7706249,-9,-4,-38
1759485069.8086247,-8,0,-38
1759485069.8466249,-3,0,-32
1759485069.885625,-2,-3,-42
1759485069.921625,-2,-4,-32
1759485069.9606247,4,4,-41
1759485069.9976249,0,4,-46
1759485070.036625,3,0,-38
1759485070.0746248,3,0,-31
1759485070.1106248,0,1,-44
1759485070.1476247,0,-5,-25
1759485070.1866248,-7,0,-40
1759485070.2226248,-5,0,-30
1759485070.260625,4,0,-28
1759485070.2976248,-2,-1,-40
1759485070.3366249,-3,-2,-41
1759485070.3726249,-8,0,-44
1759485070.4096248,-4,-2,-42
1759485070.4476247,-1,0,-28
1759485070.4866247,0,-1,-36
1759485070.5226247,10,3,-40
1759485070.559625,7,-2,-39
1759485070.5976248,6,0,-31
1759485070.6366248,-1,-3,-32
1759485070.6726248,2,-1,-33
1759485070.7106247,1,-4,-31
1759485070.7486248,1,-1,-39
1759485070.786625,0,5,-39
1759485070.8256247,0,1,-35
1759485070.8616247,-3,0,-47
1759485070.9006248,-5,0,-41
1759485070.9376247,-8,-3,-39
1759485070.9766247,-11,1,-48
1759485071.0126247,-7,3,-39
1759485071.0506248,9,-1,-35
1759485071.089625,4,6,-39
1759485071.1276248,0,0,-40
1759485071.1656249,4,0,-29
1759485071.2026248,-6,-1,-39
1759485071.2396247,-1,-7,-45
1759485071.2776248,-3,-2,-43
1759485071.3166249,7,0,-30
1759485071.352625,2,-1,-41
1759485071.3906248,0,0,-33
1759485071.4286249,3,-2,-35
1759485071.467625,-5,1,-36
1759485071.5056248,-2,-5,-31
1759485071.5416248,2,3,-32
1759485071.579625,3,5,-25
1759485071.6186247,-4,0,-32
1759485071.6566248,-3,-1,-32
1759485071.6926248,-1,-5,-28
1759485071.7316248,1,0,-30
1759485071.7696247,0,5,-36
1759485071.8076248,0,0,-31
1759485071.8456247,7,-1,-35
1759485071.8816247,-3,-2,-53
1759485071.9196248,-4,0,-42
1759485071.957625,-6,2,-38
1759485071.9966247,-8,-3,-38
1759485072.0326247,-6,-2,-40
1759485072.0706248,-2,-1,-35
1759485072.1086247,-6,2,-36
1759485072.1476247,-1,-2,-34
1759485072.1836247,-4,0,-35
1759485072.2206247,0,1,-36
1759485072.2586248,-2,-2,-47
1759485072.2976248,7,2,-48
1759485072.3336248,7,-8,-48
1759485072.3706248,-2,0,-51
1759485072.4096248,-1,2,-45
1759485072.4476247,4,0,-42
1759485072.4836247,-6,-2,-36
1759485072.5216248,-4,0,-42
1759485072.559625,2,1,-39
1759485072.5986247,0,0,-42
1759485072.6366248,6,-2,-35
1759485072.6726248,4,1,-34
1759485072.7106247,-8,0,-45
1759485072.7486248,-1,-4,-34
1759485072.786625,-1,0,-36
1759485072.8226247,0,2,-37
1759485072.8596249,-5,0,-49
1759485072.898625,-3,1,-36
1759485072.9366248,-9,3,-30
1759485072.9726248,-3,-3,-32
1759485073.0116248,-4,0,-34
1759485073.0496247,-9,-3,-48
1759485073.0876248,-6,2,-46
1759485073.1236248,-4,-3,-47
1759485073.1626248,6,-1,-39
1759485073.2006247,6,-1,-40
1759485073.2386248,-4,2,-31
1759485073.276625,4,4,-39
1759485073.3126247,0,-4,-37
1759485073.3506248,-5,-10,-31
1759485073.388625,-8,-5,-31
1759485073.4276247,-4,1,-32
1759485073.4636247,0,0,-39
1759485073.500625,1,-2,-23
1759485073.5396247,-1,-3,-29
1759485073.5776248,-1,-4,-20
1759485073.6136248,0,0,-27
1759485073.6506248,-1,1,-42
1759485073.6896248,-1,-1,-29
1759485073.727625,1,2,-42
1759485073.763625,2,0,-42
1759485073.8006248,-7,0,-42
1759485073.839625,-3,2,-39
1759485073.8776248,0,5,-28
1759485073.9136248,0,-1,-22
1759485073.9526248,-4,4,-40
1759485073.9896247,6,-2,-35
1759485074.0286248,1,1,-51
1759485074.0646248,4,0,-43
1759485074.1016247,1,7,-36
1759485074.1396248,3,1,-38
1759485074.1786249,-2,-2,-43
1759485074.214625,-1,-4,-35
1759485074.253625,0,0,-41
1759485074.2906249,1,-4,-35
1759485074.3286247,0,-6,-36
1759485074.3676248,-5,-2,-35
1759485074.4036248,1,-1,-27
1759485074.4406247,-3,0,-31
1759485074.4796247,4,-4,-30
1759485074.5176249,-4,-4,-29
1759485074.5536249,0,5,-40
1759485074.5916247,7,0,-37
1759485074.6296248,0,-7,-29
1759485074.6676247,-2,2,-50
1759485074.7036247,7,-8,-40
1759485074.740625,2,-2,-37
1759485074.7796247,0,-1,-30
1759485074.8176248,1,2,-44
1759485074.8536248,-3,0,-34
1759485074.8906248,-3,-3,-40
1759485074.9296248,-3,-3,-30
1759485074.967625,0,-1,-19
1759485075.003625,1,-4,-28
1759485075.0406249,-2,-5,-38
1759485075.079625,1,-9,-43
1759485075.1176248,0,-9,-38
1759485075.1536248,0,0,-44
1759485075.1916249,1,0,-36
1759485075.2296247,-2,-2,-46
1759485075.2676249,-6,-4,-38
1759485075.3036249,2,-6,-33
1759485075.3416247,0,-7,-35
1759485075.3796248,-1,-3,-31
1759485075.4156249,-6,-8,-27
1759485075.4536247,-8,-5,-31
1759485075.4916248,-3,1,-44
1759485075.5296247,0,2,-30
1759485075.5686247,1,-3,-26
1759485075.6046247,0,-4,-34
1759485075.6416247,-2,-5,-33
1759485075.6796248,2,-2,-41
1759485075.7186248,-1,-1,-42
1759485075.7546248,-3,-2,-29
1759485075.7926247,-1,0,-32
1759485075.8306248,1,1,-40
1759485075.8696249,0,-6,-33
1759485075.9056249,0,-6,-37
1759485075.9436247,3,-8,-24
1759485075.980625,2,-7,-23
1759485076.0196247,-4,0,-30
1759485076.0556247,-9,-3,-37
1759485076.0946248,0,-1,-40
1759485076.1326249,0,0,-40
1759485076.1706247,9,-5,-39
1759485076.2086248,-1,1,-36
1759485076.2456248,-1,5,-39
1759485076.2826247,0,-2,-31
1759485076.3206248,-4,-1,-26
1759485076.3596249,-3,4,-34
1759485076.3956249,-5,0,-28
1759485076.4326248,3,-4,-35
1759485076.4706247,-2,0,-43
1759485076.5096247,-5,-4,-36
1759485076.5456247,-5,-1,-40
1759485076.5846248,-2,1,-38
1759485076.6216247,0,6,-46
1759485076.6606247,0,6,-42
1759485076.6986248,0,1,-36
1759485076.7346249,5,0,-25
1759485076.7716248,4,4,-45
1759485076.8106248,2,-1,-35
1759485076.8486247,1,4,-45
1759485076.8846247,0,4,-44
1759485076.921625,-1,2,-36
1759485076.9606247,2,-3,-38
1759485076.9986248,2,-1,-33
1759485077.0346248,0,2,-38
1759485077.0716248,-2,0,-17
1759485077.1106248,-2,-4,-32
1759485077.1466248,0,-5,-37
1759485077.1836247,-6,5,-35
1759485077.2226248,1,12,-47
1759485077.260625,7,1,-40
1759485077.296625,0,2,-38
1759485077.3346248,7,-4,-36
1759485077.3716247,0,-2,-35
1759485077.4106247,7,-1,-36
1759485077.4466248,0,-7,-23
1759485077.4836247,0,-6,-36
1759485077.5226247,-5,-4,-38
1759485077.5606248,0,1,-40
1759485077.5966249,1,-2,-31
1759485077.635625,-1,5,-33
1759485077.6726248,-9,6,-32
1759485077.7116249,3,7,-32
1759485077.7496247,2,4,-42
1759485077.7856247,-4,1,-38
1759485077.8236248,-4,3,-43
1759485077.8616247,-6,-1,-35
1759485077.9006248,-6,1,-37
1759485077.9366248,-4,2,-38
1759485077.9746249,2,8,-44
1759485078.013625,1,-1,-32
1759485078.0516248,3,0,-37
1759485078.089625,4,0,-38
1759485078.125625,0,2,-49
1759485078.1646247,0,6,-38
1759485078.2026248,0,-2,-46
1759485078.240625,0,-2,-43
1759485078.276625,-4,1,-45
1759485078.3156247,5,-4,-44
1759485078.352625,3,-5,-35
1759485078.3916247,-2,-4,-38
1759485078.4296248,-1,0,-38
1759485078.4656248,-4,0,-35
1759485078.503625,-5,0,-41
1759485078.5416248,0,3,-47
1759485078.579625,5,-3,-42
1759485078.615625,1,0,-38
1759485078.6536248,1,0,-34
1759485078.6916249,3,-2,-46
1759485078.7296247,0,9,-38
1759485078.7656248,-4,2,-32
1759485078.8036249,4,0,-26
1759485078.842625,3,-1,-25
1759485078.8806248,2,0,-34
1759485078.9166248,1,4,-40
1759485078.954625,0,0,-34
1759485078.9916248,-4,4,-34
1759485079.0306249,4,-1,-39
1759485079.0666249,5,0,-34
1759485079.1036248,-1,2,-38
1759485079.1416247,1,-3,-44
1759485079.1806247,-1,-4,-43
1759485079.2166247,-3,-2,-33
1759485079.2626247,1,-4,-41
1759485079.3006248,4,-4,-21
1759485079.3366249,5,-8,-29
1759485079.375625,-8,4,-26
1759485079.4136248,2,-2,-45
1759485079.4516249,-2,-8,-43
1759485079.487625,2,-2,-41
1759485079.5256248,-4,-7,-39
1759485079.5636249,-7,1,-30
1759485079.602625,0,-3,-27
1759485079.6406248,1,4,-22
1759485079.6766248,3,5,-15
1759485079.7136247,3,11,-17
1759485079.7526248,2,1,-31
1759485079.7906249,1,-5,-40
1759485079.8266249,6,-3,-38
1759485079.8646247,-3,2,-38
1759485079.9026248,-2,0,-26
1759485079.9416249,-6,0,-37
1759485079.977625,-5,0,-36
1759485080.0146248,-1,-3,-40
1759485080.0526247,-2,-1,-46
1759485080.0916247,0,-4,-39
1759485080.1276248,0,0,-47
1759485080.1646247,5,-2,-35
1759485080.2026248,-2,-6,-34
1759485080.2416248,-1,1,-33
1759485080.2776248,0,-2,-36
1759485080.3146248,11,-1,-37
1759485080.352625,12,-2,-30
1759485080.3916247,9,0,-35
1759485080.4276247,0,0,-41
1759485080.464625,0,0,-33
1759485080.503625,5,0,-33
1759485080.5416248,-4,-8,-29
1759485080.5776248,-4,-4,-31
1759485080.615625,-8,2,-27
1759485080.6536248,1,3,-22
1759485080.6926248,4,1,-32
1759485080.7286248,5,0,-40
1759485080.7656248,4,1,-43
1759485080.8046248,-3,0,-41
1759485080.842625,2,0,-49
1759485080.878625,1,5,-36
1759485080.9156249,9,4,-36
1759485080.9536247,4,-3,-41
1759485080.9926248,0,-2,-35
1759485081.0286248,-4,0,-41
1759485081.0656247,-6,5,-34
1759485081.1036248,1,1,-35
1759485081.1426249,0,-1,-42
1759485081.1786249,-1,0,-43
1759485081.2166247,0,-5,-41
1759485081.253625,2,-1,-38
1759485081.2926247,3,0,-41
1759485081.3286247,5,-1,-40
1759485081.365625,-5,0,-34
1759485081.4036248,-2,-1,-25
1759485081.4426248,-5,-4,-40
1759485081.4786248,-4,-3,-46
1759485081.5166247,3,2,-35
1759485081.5546248,-4,2,-44
1759485081.5936248,-8,-2,-34
1759485081.6316247,-2,2,-34
1759485081.6676247,-10,-1,-30
1759485081.7066247,-8,0,-40
1759485081.7446249,-1,-2,-36
1759485081.7826247,-2,0,-37
1759485081.819625,-5,-2,-40
1759485081.8576248,-1,-4,-29
1759485081.8946247,3,-2,-43
1759485081.9336247,-2,3,-40
1759485081.9716249,0,5,-34
1759485082.0076249,11,3,-31
1759485082.0446248,7,0,-29
1759485082.0836248,3,2,-49
1759485082.1216247,0,0,-42
1759485082.1576247,-4,3,-42
1759485082.1956248,-5,1,-49
1759485082.2336247,3,1,-24
1759485082.2726247,2,0,-42
1759485082.3086247,4,0,-38
1759485082.3466249,5,6,-37
1759485082.3846247,3,9,-51
1759485082.4226248,-1,1,-33
1759485082.4586248,-2,6,-38
1759485082.4966247,-1,3,-47
1759485082.5346248,-1,0,-48
1759485082.5736248,5,3,-47
1759485082.6096249,1,-2,-46
1759485082.6476247,0,-3,-45
1759485082.6856248,0,1,-33
1759485082.7236247,4,3,-33
1759485082.7596247,9,2,-32
1759485082.796625,-2,2,-36
1759485082.8346248,-1,-2,-43
1759485082.8736248,-3,1,-29
1759485082.9096248,-4,-2,-38
1759485082.9476247,4,2,-42
1759485082.9856248,0,1,-35
1759485083.023625,-4,1,-34
1759485083.0626247,-2,4,-39
1759485083.0986247,-2,4,-33
1759485083.135625,-3,5,-45
1759485083.1746247,3,1,-38
1759485083.2126248,4,0,-40
1759485083.2486248,-3,3,-40
1759485083.286625,3,1,-36
1759485083.3246248,-1,2,-34
1759485083.362625,-10,3,-15
1759485083.398625,-4,1,-25
1759485083.4356248,-1,-3,-28
1759485083.4746249,0,2,-36
1759485083.5126247,-5,0,-35
1759485083.5486248,3,1,-35
1759485083.5856247,2,2,-37
1759485083.6246247,7,5,-39
1759485083.6626248,-5,-1,-41
1759485083.6986248,-6,-3,-41
1759485083.7366247,-1,0,-40
1759485083.7756248,4,1,-34
1759485083.8136249,0,-1,-41
1759485083.8496249,-4,3,-32
1759485083.8876247,3,4,-42
1759485083.9256248,0,4,-35
1759485083.964625,-1,-7,-32
1759485084.0026248,4,-7,-39
1759485084.0396247,-3,-2,-46
1759485084.0776248,0,-1,-46
1759485084.115625,5,0,-46
1759485084.1546247,7,-2,-33
1759485084.1906247,4,-3,-33
1759485084.2286248,-4,-1,-40
1759485084.2666247,-2,1,-37
1759485084.3046248,3,1,-38
1759485084.3436248,5,-4,-38
1759485084.3796248,2,-2,-33
1759485084.4176247,-1,-3,-31
1759485084.4556248,-8,-4,-29
1759485084.4946249,-7,3,-33
1759485084.5306249,0,3,-34
1759485084.5676248,1,0,-31
1759485084.605625,-9,0,-34
1759485084.6446247,-4,-8,-29
1759485084.6806247,-9,0,-32
1759485084.717625,-7,-4,-37
1759485084.7556248,-9,-1,-27
1759485084.7946248,-5,-5,-30
1759485084.8306248,-1,-1,-31
1759485084.8696249,-2,4,-51
1759485084.9076247,0,1,-45
1759485084.9456248,0,1,-40
1759485084.9836247,1,3,-43
1759485085.0196247,-1,-3,-39
1759485085.0586247,-1,2,-27
1759485085.0966249,0,-4,-36
1759485085.1346247,-5,-2,-34
1759485085.1706247,1,0,-39
1759485085.2086248,2,2,-30
1759485085.2456248,-3,-1,-38
1759485085.2846248,4,1,-42
1759485085.3216248,0,-4,-40
1759485085.3586247,1,-4,-43
1759485085.3966248,-1,1,-32
1759485085.4356248,-2,-4,-46
1759485085.4736247,3,5,-51
1759485085.5096247,0,0,-49
1759485085.5476248,-7,2,-47
1759485085.5856247,-16,-2,-41
1759485085.6236248,-15,4,-38
1759485085.6596248,-13,4,-36
1759485085.6986248,1,0,-34
1759485085.7356248,0,-3,-49
1759485085.7746248,2,-1,-31
1759485085.8106248,3,0,-36
1759485085.8496249,2,-1,-37
1759485085.8876247,2,3,-44
1759485085.9256248,2,0,-36
1759485085.9616249,-2,-1,-39
1759485086.000625,-7,-3,-44
1759485086.0386248,-5,3,-44
1759485086.0766249,4,-4,-47
1759485086.1146247,-3,0,-31
1759485086.1506248,0,-7,-33
1759485086.1876247,0,-5,-36
1759485086.2266247,2,0,-42
1759485086.2646248,-3,1,-47
1759485086.3006248,-7,0,-39
1759485086.3386247,2,-5,-31
1759485086.3766248,-1,-5,-38
1759485086.4146247,1,-2,-40
1759485086.4506247,0,-1,-41
1759485086.4886248,0,5,-40
1759485086.526625,-2,3,-40
1759485086.5646248,0,2,-42
1759485086.6006248,0,-2,-51
1759485086.638625,0,-3,-36
1759485086.6766248,-2,-5,-35
1759485086.714625,-8,-4,-35
1759485086.750625,-9,-3,-34
1759485086.7886248,-9,0,-32
1759485086.8276248,-5,1,-47
1759485086.865625,3,-2,-38
1759485086.901625,3,3,-51
1759485086.9386249,-4,2,-40
1759485086.977625,3,-4,-39
1759485087.0156248,7,0,-42
1759485087.0516248,2,3,-45
1759485087.089625,0,0,-49
1759485087.1276248,-6,-4,-45
1759485087.1656249,1,0,-36
1759485087.2016249,1,1,-48
1759485087.2396247,-1,1,-40
1759485087.2776248,2,1,-45
1759485087.3156247,0,1,-51
1759485087.3516247,8,5,-36
1759485087.3896248,8,-4,-42
1759485087.4266248,-3,0,-43
1759485087.4656248,6,0,-53
1759485087.5016248,-3,-3,-41
1759485087.5396247,0,-3,-38
1759485087.5786247,1,-1,-40
1759485087.6166248,-4,-1,-35
1759485087.6526248,-2,1,-28
1759485087.6916249,2,0,-33
1759485087.7286248,3,0,-37
1759485087.7676249,-5,3,-35
1759485087.8056247,0,4,-37
1759485087.8416247,4,4,-46
1759485087.8796248,7,0,-48
1759485087.9166248,-6,0,-40
1759485087.9556248,-1,-6,-39
1759485087.9916248,3,-5,-43
1759485088.0286248,-2,-1,-41
1759485088.0676248,-1,-10,-36
1759485088.105625,-4,-1,-42
1759485088.1416247,-4,-3,-47
1759485088.1806247,0,-5,-40
1759485088.2186248,-2,-2,-32
1759485088.2566247,-1,-2,-41
1759485088.2926247,2,0,-39
1759485088.329625,6,-4,-26
1759485088.3676248,-2,-5,-34
1759485088.4066248,0,-7,-40
1759485088.4426248,0,-5,-36
1759485088.4796247,1,-5,-37
1759485088.5176249,0,4,-38
1759485088.556625,-7,3,-32
1759485088.592625,-6,-5,-34
1759485088.6306248,-4,7,-39
1759485088.6686249,2,0,-29
1759485088.707625,0,-3,-38
1759485088.7456248,4,-4,-37
1759485088.7816248,2,0,-44
1759485088.8206248,0,-1,-44
1759485088.8586247,1,5,-33
1759485088.8966248,-5,-8,-37
1759485088.9326248,-2,0,-43
1759485088.9696248,0,-4,-28
1759485089.0086248,0,-8,-38
1759485089.046625,0,-6,-37
1759485089.082625,-3,-7,-26
1759485089.1216247,7,-2,-35
1759485089.158625,-1,-4,-39
1759485089.1976247,4,-3,-22
1759485089.2356248,0,-5,-18
1759485089.2806249,-2,-5,-27
1759485089.3186247,-5,-1,-32
1759485089.3566248,-3,-1,-44
1759485089.3936248,1,-1,-42
1759485089.4306247,3,-6,-33
1759485089.4686248,2,-2,-36
1759485089.5076249,0,0,-36
1759485089.5436249,-5,3,-48
1759485089.5816247,-1,2,-38
1759485089.6196249,-4,2,-37
1759485089.658625,0,-5,-36
1759485089.6966248,4,1,-31
1759485089.7326248,11,3,-34
1759485089.7706249,7,4,-44
1759485089.809625,2,6,-34
1759485089.8476248,-4,8,-38
1759485089.8836248,0,-6,-31
1759485089.9226248,0,0,-32
1759485089.9596248,7,0,-39
1759485089.9986248,3,-1,-43
1759485090.036625,-4,-1,-34
1759485090.0726247,-1,-4,-35
1759485090.1116247,-6,0,-37
1759485090.148625,4,0,-43
1759485090.1876247,-1,1,-31
1759485090.2236247,-2,-9,-23
1759485090.2616248,1,-5,-41
1759485090.2996247,4,-6,-39
1759485090.3386247,-2,-4,-42
1759485090.3766248,0,1,-49
1759485090.4126248,0,7,-48
1759485090.4496248,4,3,-41
1759485090.4886248,3,8,-37
1759485090.526625,0,4,-50
1759485090.5626247,0,2,-43
1759485090.5996249,7,-6,-28
1759485090.638625,0,-2,-31
1759485090.6766248,0,-5,-34
1759485090.7126248,-2,-7,-34
1759485090.750625,-3,-6,-40
1759485090.7896247,0,0,-48
1759485090.8276248,-4,1,-38
1759485090.8636248,2,-2,-37
1759485090.9026248,-5,-4,-30
1759485090.9406247,-4,0,-36
1759485090.9786248,4,-5,-33
1759485091.0166247,6,0,-44
1759485091.0526247,8,0,-35
1759485091.0906248,4,-1,-33
1759485091.128625,0,0,-39
1759485091.1646247,-3,2,-47
1759485091.2026248,-3,1,-45
1759485091.2416248,-5,6,-45
1759485091.2796247,-8,3,-39
1759485091.3176248,-4,0,-39
1759485091.3546247,-4,2,-40
1759485091.3916247,-3,-1,-39
1759485091.4296248,-2,-1,-33
1759485091.4686248,-1,-3,-34
1759485091.5046248,1,2,-33
1759485091.5416248,1,8,-29
1759485091.5806248,3,0,-24
1759485091.6186247,7,0,-38
1759485091.6546247,0,-2,-48
1759485091.6916249,-1,-4,-40
1759485091.730625,-12,2,-38
1759485091.7686248,-11,9,-43
1759485091.8046248,-12,7,-37
1759485091.842625,-6,0,-26
1759485091.8806248,1,2,-39
1759485091.9196248,4,-2,-41
1759485091.957625,2,3,-36
1759485091.9936247,-4,1,-33
1759485092.0306249,1,0,-31
1759485092.069625,2,2,-37
1759485092.1076248,-1,-1,-38
1759485092.1436248,-3,0,-41
1759485092.1806247,1,10,-32
1759485092.2196248,1,3,-40
1759485092.2576249,-1,6,-39
1759485092.2936249,-5,-2,-46
1759485092.332625,0,0,-43
1759485092.3696249,-5,-2,-43
1759485092.408625,0,0,-37
1759485092.444625,4,-6,-36
1759485092.4826248,0,-1,-38
1759485092.5196247,3,-3,-22
1759485092.5586247,1,0,-24
1759485092.5946248,8,3,-26
1759485092.6316247,6,1,-20
1759485092.6696248,2,-1,-30
1759485092.7086248,-4,0,-41
1759485092.7446249,-1,0,-44
1759485092.7816248,4,-1,-38
1759485092.819625,0,1,-35
1759485092.8586247,3,0,-34
1759485092.8946247,0,1,-41
1759485092.931625,0,7,-46
1759485092.9696248,-6,4,-36
1759485093.0086248,-4,7,-27
1759485093.0446248,-9,6,-35
1759485093.082625,-4,5,-31
1759485093.1196249,1,0,-33
1759485093.158625,5,0,-34
1759485093.194625,12,-1,-42
1759485093.2326248,6,3,-35
1759485093.2706249,6,0,-37
1759485093.309625,-1,-1,-35
1759485093.3456247,2,-2,-39
1759485093.3826249,2,3,-46
1759485093.4206247,4,8,-30
1759485093.4596248,1,5,-31
1759485093.4956248,-1,7,-26
1759485093.5326247,-3,8,-37
1759485093.5706248,-3,2,-36
1759485093.6096249,-9,-2,-43
1759485093.6456249,-3,-2,-48
1759485093.6836247,-1,-2,-38
1759485093.7216249,-2,2,-41
1759485093.760625,1,-1,-48
1759485093.7986248,-3,0,-36
1759485093.8346248,-4,1,-40
1759485093.8726249,-4,-4,-34
1759485093.911625,1,0,-35
1759485093.9496248,5,6,-40
1759485093.9856248,6,6,-40
1759485094.023625,0,0,-46
1759485094.0616248,2,-5,-34
1759485094.0996249,-1,1,-30
1759485094.135625,-2,0,-21
1759485094.1736248,6,-4,-25
1759485094.2116249,8,-3,-35
1759485094.250625,-7,-6,-34
1759485094.2886248,-2,-3,-34
1759485094.3256247,2,0,-38
1759485094.362625,0,-3,-36
1759485094.4006248,-2,-2,-43
1759485094.4396248,7,0,-44
1759485094.4756248,-2,4,-45
1759485094.5126247,2,7,-34
1759485094.5516248,3,2,-32
1759485094.589625,-1,-2,-44
1759485094.625625,-5,4,-37
1759485094.6636248,-10,-2,-31
1759485094.7016249,-3,0,-37
1759485094.740625,0,-3,-43
1759485094.776625,-2,-7,-54
1759485094.8146248,-1,-2,-37
1759485094.852625,-4,-6,-32
1759485094.8916247,-4,4,-38
1759485094.9296248,-2,4,-37
1759485094.9656248,-6,-5,-38
1759485095.003625,2,-1,-48
1759485095.0426247,-2,0,-44
1759485095.0806248,-6,1,-32
1759485095.1166248,0,0,-35
1759485095.1536248,0,3,-30
1759485095.1926248,1,4,-35
1759485095.230625,5,0,-32
1759485095.2666247,0,0,-46
1759485095.3036249,1,-5,-45
1759485095.3416247,-3,-3,-37
1759485095.3806248,-8,0,-42
1759485095.4166248,-4,0,-47
1759485095.4556248,2,2,-49
1759485095.4936247,5,-1,-32
1759485095.5316248,-4,0,-42
1759485095.569625,-9,-2,-36
1759485095.605625,-7,2,-38
1759485095.6436248,3,5,-34
1759485095.681625,2,-1,-34
1759485095.7196248,-2,-4,-38
1759485095.7556248,-3,-11,-39
1759485095.7936249,1,-5,-44
1759485095.8316247,-5,-5,-41
1759485095.8706248,-2,2,-38
1759485095.9066248,9,4,-43
1759485095.9436247,1,4,-38
1759485095.9816248,5,5,-32
1759485096.0206249,0,-2,-37
1759485096.056625,-4,-3,-47
1759485096.0956247,1,-4,-33
1759485096.1326249,2,0,-37
1759485096.171625,-5,-1,-35
1759485096.2096248,-7,1,-32
1759485096.2466247,1,2,-38
1759485096.283625,4,-8,-39
1759485096.3226247,4,-1,-39
1759485096.3606248,-5,3,-36
1759485096.3966248,0,0,-30
1759485096.4336247,4,-5,-30
1759485096.4726248,0,0,-30
1759485096.510625,0,2,-35
1759485096.546625,6,-1,-35
1759485096.5856247,0,0,-39
1759485096.6226249,-5,-1,-36
1759485096.661625,0,-2,-29
1759485096.6976247,0,-1,-27
1759485096.7356248,0,4,-36
1759485096.7746248,4,-3,-38
1759485096.8126247,-3,-2,-34
1759485096.8506248,-8,-4,-35
1759485096.8876247,-3,-5,-32
1759485096.9246247,2,-5,-47
1759485096.9626248,7,-3,-38
1759485097.0016248,1,0,-39
1759485097.0376248,7,0,-40
1759485097.0746248,10,-6,-33
1759485097.112625,7,-9,-37
1759485097.151625,0,-4,-42
1759485097.1876247,3,-8,-34
1759485097.2256248,8,-13,-41
1759485097.263625,7,-6,-38
1759485097.3026247,1,-5,-30
1759485097.3406248,6,0,-35
1759485097.3766248,11,-1,-24
1759485097.4146247,-1,-2,-30
1759485097.4536247,-4,6,-37
1759485097.4916248,2,5,-36
1759485097.5276248,-1,4,-44
1759485097.5656247,-9,-4,-28
1759485097.6046247,-6,-6,-26
1759485097.6426249,-2,-3,-44
1759485097.6806247,1,0,-53
1759485097.7166247,-7,4,-41
1759485097.753625,-6,-8,-31
1759485097.7926247,0,-3,-30
1759485097.8306248,-5,3,-32
1759485097.8666248,-1,-2,-35
1759485097.9056249,0,-5,-41
1759485097.9426248,0,-5,-37
1759485097.9816248,0,0,-38
1759485098.0176249,-1,-3,-29
1759485098.0556247,0,2,-35
1759485098.0946248,3,1,-34
1759485098.1326249,5,0,-21
1759485098.1686249,0,0,-19
1759485098.2056248,3,-2,-31
1759485098.2436247,-5,3,-27
1759485098.2826247,8,-4,-30
1759485098.3186247,4,-8,-35
1759485098.3566248,6,-2,-41
1759485098.3946247,2,-1,-46
1759485098.4326248,4,-4,-45
1759485098.4716249,0,0,-34
1759485098.5076249,1,-1,-37
1759485098.5456247,-4,-3,-28
1759485098.5846248,-4,-6,-25
1759485098.6226249,0,0,-38
1759485098.658625,-2,0,-34
1759485098.6976247,9,-3,-39
1759485098.7346249,7,-3,-44
1759485098.773625,0,-1,-33
1759485098.8116248,-1,0,-31
1759485098.8476248,0,2,-32
1759485098.8846247,-7,0,-31
1759485098.9236248,1,0,-34
1759485098.9616249,2,-5,-38
1759485098.9976249,-1,-9,-32
1759485099.036625,-5,-11,-38
1759485099.0736248,-1,0,-35
1759485099.112625,-1,-6,-39
1759485099.148625,-2,3,-42
1759485099.1866248,5,5,-44
1759485099.2246249,-1,2,-33
1759485099.263625,4,-1,-37
1759485099.3076248,1,-2,-32
1759485099.3456247,-1,-8,-38
1759485099.3836248,2,0,-39
1759485099.421625,6,-5,-29
1759485099.457625,5,-6,-32
1759485099.4956248,2,-4,-48
1759485099.5346248,0,0,-49
1759485099.5726247,0,0,-44
1759485099.6086247,2,4,-38
1759485099.6466248,-7,-4,-35
1759485099.684625,0,2,-45
1759485099.7226248,0,2,-52
1759485099.7586248,-2,0,-42
1759485099.7976248,0,4,-38
1759485099.8356247,3,1,-45
1759485099.8736248,0,-2,-18
1759485099.9106247,-2,3,-34
1759485099.9486248,0,-2,-35
1759485099.9856248,-4,-1,-27
1759485100.0246248,-2,-2,-34
1759485100.0626247,-4,-1,-34
1759485100.0986247,0,0,-42
1759485100.135625,0,3,-47
1759485100.1736248,-1,2,-39
1759485100.2126248,-6,-1,-38
1759485100.2496247,-1,1,-42
1759485100.2876248,-3,0,-40
1759485100.3256247,-5,-12,-35
1759485100.3636248,-3,-8,-52
1759485100.3996248,-1,-2,-43
1759485100.4376247,2,4,-32
1759485100.4766247,4,2,-40
1759485100.513625,1,-7,-44
1759485100.5526247,0,-1,-42
1759485100.5886247,2,-3,-46
1759485100.625625,1,-1,-46
1759485100.6646247,4,-3,-34
1759485100.7026248,7,-7,-39
1759485100.7386248,6,-5,-31
1759485100.7756248,-5,3,-37
1759485100.8146248,-2,0,-32
1759485100.852625,1,-6,-36
1759485100.888625,-4,-6,-40
1759485100.9266248,0,2,-26
1759485100.964625,-4,0,-31
1759485101.003625,6,1,-35
1759485101.0396247,2,-1,-28
1759485101.0766249,-4,-3,-38
1759485101.115625,3,-1,-46
1759485101.1536248,1,7,-43
1759485101.1896248,0,3,-42
1759485101.227625,-6,2,-38
1759485101.2646248,1,2,-51
1759485101.3036249,-2,1,-47
1759485101.339625,6,1,-34
1759485101.3766248,5,3,-39
1759485101.4146247,4,9,-45
1759485101.4536247,-1,2,-35
1759485101.4896247,-3,0,-37
1759485101.526625,-1,0,-47
1759485101.5646248,-2,4,-46
1759485101.6036248,2,0,-46
1759485101.6396248,2,0,-34
1759485101.6766248,0,-3,-35
1759485101.714625,-7,-1,-29
1759485101.753625,-2,1,-40
1759485101.7896247,0,4,-42
1759485101.8276248,-3,2,-39
1759485101.8646247,0,-5,-21
1759485101.9036248,-4,-5,-38
1759485101.9396248,-9,-4,-41
1759485101.977625,-1,-3,-39
1759485102.0166247,-6,-7,-31
1759485102.0546248,4,0,-24
1759485102.0906248,0,3,-32
1759485102.128625,0,-1,-33
1759485102.1656249,-2,1,-36
1759485102.204625,0,0,-34
1759485102.240625,2,-3,-34
1759485102.2776248,1,2,-44
1759485102.3166249,-3,0,-40
1759485102.3546247,2,-3,-33
1759485102.3906248,1,-1,-30
1759485102.4276247,-6,4,-36
1759485102.4656248,-2,2,-38
1759485102.5046248,0,-2,-32
1759485102.5406249,-2,-11,-29
1759485102.5786247,-1,-3,-32
1759485102.6176248,4,-3,-39
1759485102.6556249,0,0,-41
1759485102.6936247,-3,-2,-37
1759485102.730625,1,-2,-29
1759485102.7686248,7,0,-33
1759485102.806625,1,0,-30
1759485102.8446248,-4,-2,-37
1759485102.8806248,-2,0,-41
1759485102.9186249,3,2,-37
1759485102.9566247,5,4,-38
1759485102.9946249,6,0,-44
1759485103.0306249,-3,-5,-42
1759485103.069625,-6,0,-47
1759485103.1066248,-12,-4,-44
1759485103.1456249,-7,0,-37
1759485103.1836247,-8,-1,-38
1759485103.2206247,-3,0,-34
1759485103.2576249,3,0,-39
1759485103.2956247,-5,3,-35
1759485103.3346248,-11,-3,-27
1759485103.3706248,-1,-10,-36
1759485103.408625,3,0,-33
1759485103.4466248,3,-3,-26
1759485103.4856248,-2,-8,-37
1759485103.5216248,-4,-8,-35
1759485103.559625,2,-5,-50
1759485103.5986247,2,-3,-33
1759485103.635625,3,1,-32
1759485103.6746247,4,-1,-34
1759485103.7106247,4,-2,-38
1759485103.7496247,0,0,-39
1759485103.7876248,-3,0,-34
1759485103.8256247,0,1,-45
1759485103.8616247,5,1,-36
1759485103.898625,6,-3,-34
1759485103.9376247,0,0,-32
1759485103.9756248,0,-7,-41
1759485104.0116248,4,0,-38
1759485104.0486248,4,2,-38
1759485104.0876248,3,0,-24
1759485104.125625,0,2,-30
1759485104.161625,10,-2,-30
1759485104.2006247,-1,3,-53
1759485104.237625,-1,0,-43
1759485104.276625,2,-2,-27
1759485104.3146248,1,-6,-27
1759485104.3506248,-3,-3,-29
1759485104.388625,-2,3,-42
1759485104.4266248,-3,0,-38
1759485104.4656248,0,-1,-39
1759485104.5016248,1,-4,-37
1759485104.5396247,0,0,-37
1759485104.5766249,1,-1,-35
1759485104.615625,-1,5,-32
1759485104.651625,0,0,-27
1759485104.6886249,1,2,-31
1759485104.7266247,-5,2,-41
1759485104.7656248,0,0,-30
1759485104.8016248,5,0,-36
1759485104.8386247,2,-7,-34
1759485104.8766248,0,6,-33
1759485104.9156249,7,4,-44
1759485104.9516249,1,-6,-59
1759485104.9886248,2,-6,-43
1759485105.026625,-6,3,-47
1759485105.0656247,0,2,-47
1759485105.1016247,0,0,-40
1759485105.138625,5,0,-44
1759485105.1776247,2,1,-36
1759485105.2156248,3,1,-44
1759485105.2516248,4,-1,-37
1759485105.2896247,0,2,-37
1759485105.3266249,0,5,-42
1759485105.365625,0,3,-37
1759485105.401625,-5,2,-41
1759485105.4396248,-5,-3,-42
1759485105.4766247,4,0,-40
1759485105.5156248,5,6,-44
1759485105.5516248,0,4,-38
1759485105.589625,9,4,-40
1759485105.6266248,8,1,-34
1759485105.6656249,2,0,-38
1759485105.7016249,6,-3,-32
1759485105.7396247,-3,0,-44
1759485105.7776248,0,-1,-32
1759485105.8166249,0,0,-48
1759485105.852625,7,6,-38
1759485105.8896248,-3,5,-28
1759485105.9276247,-1,0,-31
1759485105.9666247,-6,0,-44
1759485106.0026248,-6,-5,-54
1759485106.0406249,-1,6,-39
1759485106.0786247,-2,-3,-36
1759485106.1176248,-4,1,-29
1759485106.1556249,-4,2,-46
1759485106.1926248,0,1,-48
1759485106.2296247,-3,-4,-42
1759485106.2676249,-8,10,-28
1759485106.306625,0,6,-37
1759485106.342625,4,11,-43
1759485106.3796248,-7,8,-37
1759485106.4176247,-3,6,-26
1759485106.4566247,2,4,-28
1759485106.4926248,0,3,-39
1759485106.5296247,-4,11,-43
1759485106.5676248,0,0,-36
1759485106.6066248,2,5,-35
1759485106.6426249,7,1,-40
1759485106.6796248,6,0,-29
1759485106.7186248,2,0,-34
1759485106.7566247,0,0,-41
1759485106.7926247,6,-1,-44
1759485106.8316247,5,-1,-39
1759485106.8686247,2,-10,-42
1759485106.9076247,7,0,-37
1759485106.9436247,9,-2,-44
1759485106.980625,8,-9,-43
1759485107.0196247,4,-6,-40
1759485107.0576248,-2,-12,-47
1759485107.0936248,-1,-10,-51
1759485107.1326249,-7,2,-48
1759485107.1706247,-1,0,-49
1759485107.207625,-2,0,-29
1759485107.2466247,-1,-2,-41
1759485107.2826247,-3,4,-35
1759485107.3206248,-2,5,-28
1759485107.3586247,1,3,-39
1759485107.3976247,4,7,-38
1759485107.4336247,3,2,-41
1759485107.4706247,4,-1,-41
1759485107.5086248,-3,1,-33
1759485107.5476248,-4,2,-27
1759485107.5836248,-8,-3,-31
1759485107.6216247,-5,-3,-32
1759485107.6596248,-3,2,-43
1759485107.6986248,-2,4,-37
1759485107.7366247,-10,0,-32
1759485107.7726247,-6,-4,-30
1759485107.8116248,4,1,-42
1759485107.8496249,-4,-3,-39
1759485107.8876247,-4,6,-42
1759485107.9236248,0,0,-36
1759485107.9606247,-1,5,-39
1759485107.9996247,-1,-8,-40
1759485108.0376248,-3,4,-40
1759485108.0736248,3,4,-38
1759485108.1106248,0,-9,-34
1759485108.1496248,3,-2,-33
1759485108.1876247,5,-1,-36
1759485108.2246249,9,-3,-30
1759485108.2626247,1,-1,-42
1759485108.3006248,0,-8,-43
1759485108.3386247,4,0,-50
1759485108.3766248,0,1,-41
1759485108.4126248,-3,1,-44
1759485108.4506247,0,-5,-32
1759485108.4886248,0,0,-35
1759485108.5246248,-3,4,-39
1759485108.5626247,0,0,-35
1759485108.5996249,1,4,-36
1759485108.638625,2,0,-34
1759485108.6746247,-1,1,-35
1759485108.7136247,-2,4,-34
1759485108.7516248,-4,5,-25
1759485108.7886248,1,3,-18
1759485108.8276248,4,-1,-34
1759485108.8636248,3,-1,-37
1759485108.901625,0,-4,-38
1759485108.9396248,-5,-4,-43
1759485108.9786248,-2,-3,-44
1759485109.0146248,-1,-1,-51
1759485109.0526247,0,6,-54
1759485109.0906248,1,-7,-43
1759485109.128625,3,-4,-25
1759485109.1676247,1,1,-35
1759485109.2036247,-1,0,-34
1759485109.2416248,2,4,-32
1759485109.2806249,2,4,-42
1759485109.3246248,-3,2,-41
1759485109.362625,2,0,-45
1759485109.4006248,-2,-1,-45
1759485109.4386249,0,-4,-54
1759485109.4746249,-4,-2,-51
1759485109.513625,-4,0,-48
1759485109.5516248,-3,1,-28
1759485109.589625,9,0,-37
1759485109.6276248,5,2,-31
1759485109.6636248,0,-5,-34
1759485109.7006247,-3,0,-40
1759485109.7396247,-3,4,-33
1759485109.7776248,4,-2,-38
1759485109.8136249,4,2,-46
1759485109.8516247,4,4,-38
1759485109.8896248,-1,1,-32
1759485109.9276247,5,0,-29
1759485109.9636247,1,-2,-35
1759485110.0026248,2,3,-43
1759485110.0396247,0,1,-30
1759485110.0786247,-3,-1,-26
1759485110.1146247,-7,4,-26
1759485110.151625,2,0,-35
1759485110.1906247,0,3,-37
1759485110.2286248,-4,1,-37
1759485110.2646248,-4,-2,-41
1759485110.3036249,-2,0,-53
1759485110.3406248,-1,-1,-36
1759485110.3796248,-4,-7,-38
1759485110.4156249,-2,-5,-48
1759485110.4536247,-2,-4,-41
1759485110.4916248,-6,1,-53
1759485110.5306249,-8,-2,-37
1759485110.5686247,-3,0,-40
1759485110.6046247,-6,0,-28
1759485110.6426249,1,-4,-30
1759485110.6806247,-3,0,-45
1759485110.7196248,0,-1,-31
1759485110.7556248,3,0,-29
1759485110.7936249,0,-6,-28
1759485110.8316247,-3,-1,-31
1759485110.8696249,0,-2,-26
1759485110.9066248,1,-2,-39
1759485110.944625,-1,1,-37
1759485110.9816248,-1,-7,-41
1759485111.0206249,0,1,-38
1759485111.0586247,0,-3,-43
1759485111.0946248,0,1,-31
1759485111.1316247,-5,5,-47
1759485111.1706247,0,2,-31
1759485111.2086248,-1,0,-45
1759485111.2446249,-1,1,-35
1759485111.2826247,-1,6,-40
1759485111.3216248,3,-1,-49
1759485111.3596249,5,0,-39
1759485111.3956249,2,2,-35
1759485111.4326248,5,5,-51
1759485111.4706247,0,-2,-36
1759485111.5096247,0,0,-34
1759485111.5456247,2,2,-47
1759485111.582625,-4,0,-42
1759485111.6206248,-3,-3,-34
1759485111.6596248,5,1,-48
1759485111.6956248,5,5,-30
1759485111.7336247,-3,3,-36
1759485111.7706249,-4,0,-47
1759485111.809625,1,-3,-43
1759485111.8456247,3,0,-33
1759485111.8826249,-1,-6,-37
1759485111.9206247,-2,0,-42
1759485111.9596248,1,3,-39
1759485111.9956248,6,-3,-43
1759485112.0326247,0,-3,-41
1759485112.0716248,0,0,-46
1759485112.1096249,-3,-1,-48
1759485112.1456249,-5,-2,-41
1759485112.1836247,-8,0,-40
1759485112.2216249,-2,8,-50
1759485112.260625,-3,3,-48
1759485112.296625,-2,2,-37
1759485112.3336248,4,2,-36
1759485112.3716247,1,0,-33
1759485112.4106247,0,6,-21
1759485112.4466248,0,1,-44
1759485112.4836247,3,1,-50
1759485112.5216248,-4,3,-50
1759485112.5606248,-2,5,-48
1759485112.5966249,0,2,-49
1759485112.6336248,2,2,-37
1759485112.6726248,2,0,-40
1759485112.7106247,-3,-6,-36
1759485112.7466247,-3,-2,-48
1759485112.7856247,-5,2,-33
1759485112.8226247,-2,4,-29
1759485112.8616247,-2,-3,-39
1759485112.8996248,-2,3,-35
1759485112.9356248,-8,0,-37
1759485112.9736247,0,-1,-42
1759485113.0126247,0,0,-45
1759485113.0506248,-3,5,-35
1759485113.0866249,-3,1,-33
1759485113.1236248,4,-1,-42
1759485113.1626248,4,-9,-44
1759485113.2006247,1,-5,-33
1759485113.2366247,6,-4,-38
1759485113.2746248,12,-2,-37
1759485113.3116248,7,-2,-35
1759485113.3506248,7,-1,-38
1759485113.3866248,1,0,-29
1759485113.4246247,-5,-8,-34
1759485113.4616249,-8,0,-39
1759485113.500625,-1,2,-38
1759485113.536625,-1,3,-37
1759485113.5756247,0,-2,-34
1759485113.6136248,2,0,-27
1759485113.651625,2,1,-42
1759485113.6896248,-2,0,-44
1759485113.7266247,-6,-1,-40
1759485113.7646248,0,4,-39
1759485113.8026247,6,-1,-42
1759485113.8416247,0,-1,-28
1759485113.8776248,3,-2,-26
1759485113.9156249,7,-4,-38
1759485113.954625,3,0,-35
1759485113.9926248,0,-1,-37
1759485114.0306249,-4,3,-40
1759485114.0666249,-3,-1,-33
1759485114.105625,-4,-3,-40
1759485114.1426249,0,1,-38
1759485114.181625,1,0,-41
1759485114.217625,4,-4,-38
1759485114.2556248,-2,-3,-40
1759485114.2936249,-3,-2,-36
1759485114.3316247,0,-5,-40
1759485114.3676248,0,-2,-34
1759485114.4056249,2,-2,-40
1759485114.4426248,7,0,-35
1759485114.4816248,3,5,-35
1759485114.5176249,3,1,-47
1759485114.5556247,0,-3,-48
1759485114.592625,0,1,-41
1759485114.6316247,3,-3,-41
1759485114.6676247,-1,-3,-38
1759485114.7066247,3,-4,-38
1759485114.7436247,-4,0,-31
1759485114.7826247,-1,0,-46
1759485114.8206248,-3,-1,-43
1759485114.8566248,-5,0,-32
1759485114.8936248,0,1,-43
1759485114.9326248,-2,0,-36
1759485114.9706247,-3,2,-40
1759485115.0066247,0,0,-35
1759485115.0436249,8,0,-44
1759485115.082625,7,7,-46
1759485115.1206248,0,7,-38
1759485115.1566248,6,0,-45
1759485115.1936247,8,2,-45
1759485115.2326248,0,-2,-50
1759485115.2706249,1,0,-42
1759485115.306625,-1,-4,-49
1759485115.3456247,-4,-2,-39
1759485115.3836248,2,-3,-37
1759485115.421625,2,1,-44
1759485115.457625,-1,5,-42
1759485115.4946249,-8,3,-37
1759485115.5326247,0,5,-47
1759485115.5716248,-4,1,-45
1759485115.6076248,5,1,-40
1759485115.6446247,14,-1,-38
1759485115.6836247,10,0,-47
1759485115.7216249,9,0,-41
1759485115.7576249,6,-3,-46
1759485115.7946248,-1,-3,-40
1759485115.8336248,1,1,-41
1759485115.8716247,-9,-4,-38
1759485115.9076247,-1,-3,-42
1759485115.9456248,0,0,-34
1759485115.9846249,-2,-2,-36
1759485116.0226247,-2,-2,-41
1759485116.059625,-3,2,-39
1759485116.0976248,-5,-5,-32
1759485116.1346247,0,1,-47
1759485116.1736248,5,0,-44
1759485116.2116249,0,1,-41
1759485116.2476249,1,-2,-42
1759485116.2856247,2,4,-46
1759485116.3236248,2,4,-41
1759485116.362625,2,-3,-42
1759485116.398625,0,-4,-29
1759485116.4356248,6,-2,-36
1759485116.4746249,-3,-7,-43
1759485116.5126247,0,2,-40
1759485116.5486248,2,0,-37
1759485116.5866249,1,-4,-34
1759485116.625625,1,0,-51
1759485116.6636248,7,-1,-50
1759485116.7016249,-6,-1,-35
1759485116.737625,-4,1,-27
1759485116.7756248,0,0,-34
1759485116.8146248,-5,0,-32
1759485116.852625,-2,0,-26
1759485116.888625,-3,-1,-36
1759485116.9276247,-4,-6,-32
1759485116.9656248,-12,0,-34
1759485117.003625,-4,-2,-36
1759485117.0416248,0,0,-39
1759485117.0776248,2,3,-37
1759485117.115625,-4,0,-30
1759485117.1536248,5,6,-37
1759485117.1916249,0,0,-26
1759485117.227625,0,-8,-32
1759485117.2656248,0,-4,-39
1759485117.3036249,0,-5,-36
1759485117.3406248,4,-4,-38
1759485117.3776248,4,-5,-44
1759485117.4156249,-1,1,-35
1759485117.4536247,3,-3,-38
1759485117.4926248,-6,-7,-41
1759485117.5286248,3,-7,-34
1759485117.5676248,-3,-4,-29
1759485117.6046247,3,-6,-46
1759485117.6436248,8,-7,-38
1759485117.6796248,4,-3,-42
1759485117.7166247,0,-5,-42
1759485117.7546248,1,1,-46
1759485117.7936249,2,0,-39
1759485117.829625,0,0,-34
1759485117.8686247,1,-5,-39
1759485117.9066248,-9,0,-41
1759485117.944625,-9,-2,-42
1759485117.9826248,3,0,-37
1759485118.0186248,0,0,-38
1759485118.056625,4,-2,-35
1759485118.0946248,1,2,-27
1759485118.1326249,8,3,-34
1759485118.1686249,2,0,-22
1759485118.2056248,0,1,-29
1759485118.2446249,-1,-6,-37
1759485118.2826247,-3,3,-49
1759485118.3186247,1,1,-40
1759485118.3566248,0,0,-30
1759485118.3946247,-3,2,-28
1759485118.4326248,0,-5,-30
1759485118.4686248,-6,-3,-36
1759485118.5076249,-3,0,-34
1759485118.5446248,0,1,-30
1759485118.5836248,9,2,-38
1759485118.6196249,7,3,-45
1759485118.6576247,-4,-10,-35
1759485118.6956248,1,2,-46
1759485118.7336247,-4,2,-34
1759485118.7696247,1,2,-41
1759485118.8076248,3,-2,-42
1759485118.8446248,0,-8,-39
1759485118.8836248,-1,-9,-41
1759485118.9196248,3,-5,-44
1759485118.957625,0,-4,-43
1759485118.9956248,4,-3,-37
1759485119.0346248,-1,-6,-42
1759485119.0706248,-2,-9,-38
1759485119.1096249,1,0,-37
1759485119.1466248,0,-5,-42
1759485119.184625,0,1,-32
1759485119.2236247,3,2,-27
1759485119.260625,0,-2,-30
1759485119.2976248,-1,0,-35
1759485119.3436248,2,1,-41
1759485119.3796248,0,2,-41
1759485119.4186249,5,-2,-40
1759485119.4556248,6,3,-46
1759485119.4946249,0,0,-34
1759485119.5316248,0,-1,-31
1759485119.569625,-4,-1,-36
1759485119.6076248,2,3,-44
1759485119.6456249,1,7,-27
1759485119.6836247,0,0,-37
1759485119.7196248,-1,1,-40
1759485119.7586248,5,2,-25
1759485119.7956247,0,-2,-37
1759485119.8346248,3,-1,-46
1759485119.8706248,3,0,-37
1759485119.908625,3,0,-36
1759485119.9466248,-2,3,-27
1759485119.9846249,-1,0,-38
1759485120.0206249,-1,1,-42
1759485120.0586247,-2,2,-33
1759485120.0956247,-8,-1,-32
1759485120.1346247,-2,0,-33
1759485120.1706247,-5,0,-36
1759485120.2086248,-6,1,-32
1759485120.2456248,-4,-5,-44
1759485120.2846248,1,-3,-42
1759485120.3206248,-4,0,-39
1759485120.3586247,-1,-1,-42
1759485120.3956249,0,6,-42
1759485120.434625,0,3,-37
1759485120.4706247,5,9,-40
1759485120.5086248,3,5,-33
1759485120.5456247,-1,2,-40
1759485120.5846248,4,-2,-37
1759485120.6206248,-3,-1,-31
1759485120.658625,-6,4,-33
1759485120.6966248,0,7,-41
1759485120.7356248,1,4,-32
1759485120.7716248,0,0,-26
1759485120.8086247,7,-1,-35
1759485120.8476248,7,-3,-31
1759485120.885625,3,-1,-44
1759485120.921625,5,0,-32
1759485120.9596248,-1,-7,-33
1759485120.9966247,-2,-1,-30
1759485121.0356247,-1,5,-40
1759485121.0716248,0,5,-27
1759485121.1096249,2,-3,-27
1759485121.1466248,0,1,-40
1759485121.1856248,4,8,-46
1759485121.2216249,-1,4,-43
1759485121.2596247,-1,-1,-29
1759485121.296625,-6,1,-41
1759485121.3356247,-4,-7,-41
1759485121.3716247,2,-3,-38
1759485121.4096248,1,-4,-41
1759485121.4466248,-4,1,-43
1759485121.4856248,-10,1,-47
1759485121.5216248,-12,-1,-38
1759485121.559625,-6,6,-32
1759485121.5986247,-1,2,-31
1759485121.6366248,-8,2,-29
1759485121.6746247,-5,-2,-34
1759485121.7106247,3,-11,-43
1759485121.7496247,-3,-4,-41
1759485121.7876248,5,0,-40
1759485121.8256247,0,0,-41
1759485121.862625,-3,1,-38
1759485121.9006248,2,1,-45
1759485121.9376247,0,0,-40
1759485121.9766247,3,-4,-40
1759485122.0146248,2,-3,-38
1759485122.0506248,1,0,-31
1759485122.0876248,0,3,-36
1759485122.1266248,0,1,-46
1759485122.1646247,-4,2,-32
1759485122.2006247,-2,-3,-38
1759485122.2386248,-4,-3,-44
1759485122.2776248,1,-4,-42
1759485122.3156247,-6,-6,-51
1759485122.3516247,-6,0,-53
1759485122.3896248,-3,0,-45
1759485122.4286249,1,-4,-42
1759485122.4666247,2,3,-34
1759485122.5046248,-1,0,-28
1759485122.5406249,1,0,-26
1759485122.5786247,-3,0,-43
1759485122.6166248,-4,-7,-38
1759485122.6556249,0,-10,-38
1759485122.6916249,0,0,-34
1759485122.7286248,1,-4,-29
1759485122.7676249,0,0,-29
1759485122.8056247,-1,5,-28
1759485122.8416247,-3,1,-25
1759485122.8806248,-2,9,-29
1759485122.9186249,-4,4,-34
1759485122.9566247,-1,0,-42
1759485122.9936247,-2,1,-33
1759485123.0306249,-1,2,-43
1759485123.0686247,9,-1,-43
1759485123.1076248,5,-2,-37
1759485123.1456249,5,0,-36
1759485123.181625,12,1,-38
1759485123.2186248,1,0,-35
1759485123.2576249,-9,-1,-35
1759485123.2956247,6,-3,-39
1759485123.3316247,-1,3,-36
1759485123.3686247,1,2,-34
1759485123.4076247,-2,2,-36
1759485123.4456248,3,-5,-40
1759485123.4816248,1,-5,-43
1759485123.5186248,-1,-3,-44
1759485123.5576248,7,-5,-30
1759485123.5956247,0,3,-35
1759485123.6316247,0,2,-33
1759485123.6686249,5,-3,-34
1759485123.707625,-8,-3,-23
1759485123.7456248,-8,0,-31
1759485123.7816248,-2,0,-26
1759485123.8186247,1,-6,-31
1759485123.8576248,0,0,-38
1759485123.8956249,-5,0,-30
1759485123.931625,4,-3,-42
1759485123.9686248,-4,-2,-37
1759485124.0076249,-2,0,-46
1759485124.0456247,-3,7,-42
1759485124.0816247,-5,0,-34
1759485124.1186247,-4,1,-30
1759485124.1576247,8,-3,-31
1759485124.1956248,3,2,-20
1759485124.2316248,3,4,-27
1759485124.2686248,2,7,-38
1759485124.3076248,0,-2,-27
1759485124.3436248,-2,5,-27
1759485124.3816247,-5,0,-27
1759485124.4206247,3,-3,-28
1759485124.457625,10,4,-26
1759485124.4966247,10,1,-23
1759485124.5326247,3,-1,-33
1759485124.5706248,2,5,-18
1759485124.6086247,0,6,-30
1759485124.6476247,0,0,-30
1759485124.6836247,4,4,-29
1759485124.7226248,-4,10,-36
1759485124.760625,-2,8,-36
1759485124.7986248,0,0,-40
1759485124.8366249,6,-1,-25
1759485124.8726249,1,-5,-31
1759485124.9096248,-7,-6,-39
1759485124.9486248,-2,-6,-25
1759485124.9866247,-5,-5,-30
1759485125.0226247,1,3,-29
1759485125.0606248,2,0,-37
1759485125.0986247,0,0,-34
1759485125.1366248,5,-2,-34
1759485125.1726248,2,0,-42
1759485125.2106247,2,3,-32
1759485125.2486248,0,0,-39
1759485125.286625,-1,6,-40
1759485125.3226247,3,-1,-38
1759485125.3616247,0,0,-34
1759485125.398625,-3,-3,-36
1759485125.4376247,-2,4,-40
1759485125.4736247,7,-1,-41
1759485125.510625,0,-6,-31
1759485125.5486248,5,-3,-38
1759485125.5876248,-1,-1,-41
1759485125.6236248,0,0,-36
1759485125.661625,-7,1,-47
1759485125.6996248,0,1,-29
1759485125.737625,2,1,-26
1759485125.773625,0,-8,-22
1759485125.8106248,2,-3,-36
1759485125.8496249,6,0,-42
1759485125.8876247,4,-2,-31
1759485125.9236248,1,2,-30
1759485125.9606247,-3,-8,-30
1759485125.9996247,-5,-3,-40
1759485126.0376248,-1,-2,-33
1759485126.0736248,5,-10,-31
1759485126.112625,12,-2,-27
1759485126.1496248,4,5,-35
1759485126.1886249,-1,9,-23
1759485126.2246249,-6,2,-23
1759485126.2626247,-2,1,-40
1759485126.2996247,0,-2,-26
1759485126.3386247,-6,2,-28
1759485126.3746247,1,0,-31
1759485126.4126248,4,0,-36
1759485126.4496248,-9,-2,-43
1759485126.4886248,-1,1,-43
1759485126.5246248,-2,0,-40
1759485126.5626247,-4,-2,-44
1759485126.5996249,2,-3,-32
1759485126.638625,0,0,-43
1759485126.6746247,-1,-2,-27
1759485126.7126248,4,-4,-31
1759485126.750625,8,-2,-31
1759485126.7896247,-1,2,-42
1759485126.8276248,-1,0,-36
1759485126.8636248,-4,5,-36
1759485126.9006248,0,-3,-37
1759485126.9396248,-5,-6,-43
1759485126.977625,-4,-4,-38
1759485127.013625,-2,-1,-29
1759485127.0516248,0,-3,-44
1759485127.0906248,-2,-3,-38
1759485127.128625,-4,-5,-44
1759485127.1646247,0,-4,-42
1759485127.2026248,4,-6,-46
1759485127.240625,-5,-3,-33
1759485127.2796247,-12,5,-39
1759485127.3176248,1,6,-35
1759485127.3546247,3,0,-41
1759485127.3916247,-1,0,-32
1759485127.4306247,-7,2,-29
1759485127.4686248,0,1,-42
1759485127.5046248,0,1,-37
1759485127.5416248,1,2,-48
1759485127.5806248,4,2,-37
1759485127.6186247,-4,-5,-34
1759485127.6546247,-3,-2,-40
1759485127.6926248,-1,0,-31
1759485127.7316248,0,1,-38
1759485127.7696247,0,1,-35
1759485127.8056247,-3,-3,-32
1759485127.8436248,1,8,-49
1759485127.8816247,4,5,-39
1759485127.9206247,2,6,-44
1759485127.9586248,4,0,-37
1759485127.9946249,0,0,-37
1759485128.0326247,-3,2,-42
1759485128.0716248,-2,2,-42
1759485128.1096249,-7,7,-42
1759485128.1456249,5,0,-34
1759485128.1836247,5,2,-43
1759485128.2216249,0,-2,-37
1759485128.2596247,-3,6,-37
1759485128.2956247,-2,5,-45
1759485128.3346248,1,-1,-37
1759485128.3716247,-4,3,-41
1759485128.4106247,-3,1,-43
1759485128.4486248,0,-2,-39
1759485128.4846249,-2,4,-41
1759485128.5226247,5,-2,-41
1759485128.5606248,3,-1,-37
1759485128.5986247,-2,1,-48
1759485128.6346247,0,0,-41
1759485128.671625,0,2,-40
1759485128.7106247,1,1,-35
1759485128.7486248,2,5,-31
1759485128.7846248,2,6,-40
1759485128.8226247,7,1,-38
1759485128.8606248,5,2,-36
1759485128.898625,1,-6,-41
1759485128.934625,0,1,-30
1759485128.9726248,-10,-1,-35
1759485129.010625,-2,-2,-41
1759485129.0496247,0,-2,-47
1759485129.0856247,-6,-1,-47
1759485129.1246247,6,-6,-46
1759485129.161625,6,-1,-41
1759485129.2006247,-6,0,-34
1759485129.2386248,1,-5,-32
1759485129.2746248,-9,-7,-34
1759485129.3136249,-4,-8,-33
1759485129.3586247,1,-2,-33
1759485129.3946247,1,9,-46
1759485129.4326248,-5,0,-53
1759485129.4706247,0,-3,-41
1759485129.5066247,5,2,-36
1759485129.5436249,-1,1,-50
1759485129.5816247,-6,0,-38
1759485129.6206248,-7,0,-36
1759485129.6566248,-1,-5,-39
1759485129.694625,1,-4,-37
1759485129.7326248,1,-4,-44
1759485129.7716248,0,-1,-38
1759485129.809625,-5,5,-37
1759485129.8456247,-10,4,-39
1759485129.8846247,-3,6,-26
1759485129.921625,-2,5,-41
1759485129.9606247,3,5,-43
1759485129.9966247,0,5,-42
1759485130.033625,9,0,-38
1759485130.0716248,3,-4,-43
1759485130.1106248,1,-2,-34
1759485130.1466248,2,0,-39
1759485130.1836247,-2,5,-45
1759485130.2216249,-3,0,-39
1759485130.260625,-3,-4,-38
1759485130.2976248,3,-5,-36
1759485130.3346248,3,-2,-47
1759485130.3736248,1,3,-43
1759485130.411625,-1,-2,-46
1759485130.4496248,3,-5,-35
1759485130.4856248,0,-4,-33
1759485130.523625,0,-4,-28
1759485130.5616248,-2,-11,-24
1759485130.5996249,2,-3,-38
1759485130.635625,3,-5,-34
1759485130.6736248,0,1,-42
1759485130.7116249,1,4,-40
1759485130.7496247,5,-1,-38
1759485130.7856247,4,0,-38
1759485130.8236248,-1,4,-38
1759485130.8616247,-5,1,-40
1759485130.8996248,-7,-7,-36
1759485130.9356248,-5,-1,-33
1759485130.9736247,0,3,-32
1759485131.0116248,-4,2,-33
1759485131.0506248,-2,4,-47
1759485131.0866249,-3,4,-41
1759485131.1246247,-2,1,-41
1759485131.1626248,3,2,-36
1759485131.2016249,2,3,-35
1759485131.237625,8,3,-37
1759485131.2746248,3,-1,-32
1759485131.3126247,10,5,-27
1759485131.3516247,6,0,-43
1759485131.3876247,10,-2,-34
1759485131.4256248,2,-4,-45
1759485131.4626248,3,0,-33
1759485131.5016248,-1,-3,-41
1759485131.5376248,-6,-1,-49
1759485131.5756247,0,-1,-35
1759485131.6136248,0,-1,-36
1759485131.6526248,-1,-3,-33
1759485131.6906247,-3,-3,-42
1759485131.7266247,5,-4,-42
1759485131.7646248,0,4,-48
1759485131.8036249,4,3,-41
1759485131.8416247,5,-3,-35
1759485131.8776248,0,-3,-38
1759485131.9156249,1,-1,-42
1759485131.9536247,2,-6,-47
1759485131.9916248,-3,0,-48
1759485132.0276248,-4,-1,-48
1759485132.0666249,2,2,-32
1759485132.1036248,9,0,-37
1759485132.1426249,3,3,-34
1759485132.1806247,4,4,-28
1759485132.2166247,-3,2,-38
1759485132.2546248,-5,-1,-32
1759485132.2926247,-4,3,-36
1759485132.3316247,0,4,-48
1759485132.3676248,2,-2,-29
1759485132.4046247,2,-2,-36
1759485132.4426248,6,-3,-30
1759485132.4816248,0,7,-33
1759485132.5176249,-5,2,-30
1759485132.556625,-6,8,-29
1759485132.5946248,-6,-5,-27
1759485132.6326249,-7,0,-34
1759485132.6706247,-1,3,-38
1759485132.7066247,-3,5,-41
1759485132.7456248,-5,-3,-41
1759485132.783625,-6,-3,-45
1759485132.8216248,-2,0,-39
1759485132.8586247,1,-6,-49
1759485132.8956249,5,0,-34
1759485132.934625,2,0,-24
1759485132.9726248,1,0,-35
1759485133.0086248,0,-3,-36
1759485133.0456247,2,-4,-36
1759485133.0836248,-4,-2,-44
1759485133.1226249,-3,-3,-38
1759485133.158625,3,-2,-38
1759485133.1956248,10,-3,-37
1759485133.2346249,1,-1,-44
1759485133.2726247,-1,0,-39
1759485133.3086247,7,2,-40
1759485133.3456247,1,-3,-34
1759485133.3846247,-6,-5,-31
1759485133.4226248,0,-4,-41
1759485133.4586248,5,-1,-37
1759485133.4966247,5,-2,-35
1759485133.5356247,1,8,-39
1759485133.5726247,6,3,-49
1759485133.6116247,-6,5,-49
1759485133.6476247,-7,-1,-46
1759485133.6866248,-3,0,-49
1759485133.7246249,0,0,-38
1759485133.7626247,-4,1,-38
1759485133.7986248,9,0,-46
1759485133.8366249,0,1,-37
1759485133.8746247,4,1,-37
1759485133.9136248,-4,-3,-31
1759485133.9516249,-2,-1,-31
1759485133.987625,2,0,-38
1759485134.0256248,-4,0,-41
1759485134.0636249,-4,-1,-42
1759485134.1016247,-5,0,-37
1759485134.1376247,0,1,-43
1759485134.1756248,3,2,-42
1759485134.2136247,3,7,-42
1759485134.2516248,2,4,-44
1759485134.2876248,1,3,-44
1759485134.3256247,6,-4,-38
1759485134.3636248,13,-4,-34
1759485134.401625,7,-5,-41
1759485134.4376247,10,4,-50
1759485134.4756248,0,-2,-43
1759485134.513625,-7,-5,-37
1759485134.5516248,-1,2,-25
1759485134.5876248,-9,0,-27
1759485134.6246247,-5,3,-23
1759485134.6636248,1,0,-38
1759485134.6996248,3,-4,-39
1759485134.7386248,7,-2,-36
1759485134.776625,0,-6,-34
1759485134.8136249,-2,-8,-42
1759485134.852625,0,-6,-46
1759485134.888625,-3,-2,-30
1759485134.9266248,-3,-1,-45
1759485134.964625,-8,-3,-38
1759485135.003625,2,-4,-44
1759485135.0396247,4,-1,-43
1759485135.0766249,6,0,-38
1759485135.1136248,-2,-4,-32
1759485135.1526248,0,0,-27
1759485135.1886249,-3,0,-15
1759485135.2266247,2,0,-16
1759485135.2646248,-2,2,-35
1759485135.3036249,-1,3,-37
1759485135.339625,9,2,-37
1759485135.3766248,0,0,-30
1759485135.4146247,5,-10,-41
1759485135.4536247,7,2,-37
1759485135.4896247,4,-3,-31
1759485135.5276248,2,3,-41
1759485135.5656247,0,1,-50
1759485135.6046247,-2,3,-42
1759485135.6426249,-1,-2,-48
1759485135.6786249,8,-4,-41
1759485135.717625,4,0,-40
1759485135.7546248,2,-3,-52
1759485135.7936249,-1,-1,-46
1759485135.829625,1,-3,-52
1759485135.8666248,-3,-1,-49
1759485135.9056249,0,-1,-47
1759485135.9436247,-1,-2,-38
1759485135.9796247,-2,3,-32
1759485136.0166247,-5,5,-37
1759485136.0546248,-5,1,-27
1759485136.0936248,1,0,-40
1759485136.1296248,-3,0,-36
1759485136.1666248,-4,0,-33
1759485136.2056248,0,-6,-31
1759485136.2436247,-2,0,-34
1759485136.2796247,0,0,-38
1759485136.3166249,2,2,-39
1759485136.3546247,5,8,-36
1759485136.3936248,5,1,-36
1759485136.4296248,-2,0,-45
1759485136.4666247,0,-1,-43
1759485136.5056248,-1,-4,-44
1759485136.5436249,0,4,-27
1759485136.579625,-4,2,-32
1759485136.6186247,2,1,-36
1759485136.6566248,0,-1,-43
1759485136.694625,-3,0,-46
1759485136.730625,-2,2,-39
1759485136.7676249,3,0,-34
1759485136.806625,2,2,-34
1759485136.8446248,-6,-4,-36
1759485136.8806248,0,-3,-48
1759485136.9186249,0,-8,-40
1759485136.9566247,-1,0,-50
1759485136.9946249,-8,-3,-27
1759485137.0306249,-6,-4,-32
1759485137.069625,-6,-1,-33
1759485137.1066248,5,1,-40
1759485137.1456249,6,2,-37
1759485137.1836247,-3,3,-40
1759485137.2196248,-11,2,-49
1759485137.2576249,-3,-2,-44
1759485137.2956247,5,0,-47
1759485137.3346248,-1,-4,-38
1759485137.3706248,-11,3,-39
1759485137.4096248,-4,0,-33
1759485137.4466248,-5,8,-25
1759485137.4856248,0,7,-28
1759485137.523625,0,0,-36
1759485137.559625,0,-1,-33
1759485137.5966249,3,-2,-37
1759485137.635625,2,3,-29
1759485137.6736248,9,6,-35
1759485137.7096248,3,1,-34
1759485137.7476249,-3,0,-29
1759485137.7856247,9,-1,-42
1759485137.8236248,1,2,-40
1759485137.8596249,0,-1,-42
1759485137.898625,-2,0,-36
1759485137.9366248,-5,-1,-26
1759485137.9746249,-3,-1,-29
1759485138.010625,0,1,-39
1759485138.0486248,2,-1,-38
1759485138.0856247,0,0,-36
1759485138.1246247,6,6,-45
1759485138.1606247,0,1,-44
1759485138.1976247,1,3,-45
1759485138.2356248,0,-1,-48
1759485138.2746248,3,-1,-44
1759485138.3116248,1,-1,-42
1759485138.3496249,0,-1,-37
1759485138.3866248,-14,0,-35
1759485138.4256248,-3,-2,-33
1759485138.4616249,0,-2,-35
1759485138.4986248,-1,-2,-43
1759485138.5376248,-1,7,-46
1759485138.5756247,0,6,-48
1759485138.6116247,6,7,-50
1759485138.648625,2,5,-34
1759485138.6876247,-2,0,-35
1759485138.7256248,-9,7,-34
1759485138.7616248,-4,-1,-38
1759485138.7996247,1,-1,-44
1759485138.8376248,7,-4,-29
1759485138.8766248,4,-4,-28
1759485138.9146247,-8,-1,-25
1759485138.9506247,0,0,-33
1759485138.987625,-5,-3,-46
1759485139.026625,1,-2,-41
1759485139.0646248,1,0,-39
1759485139.1006248,0,-4,-36
1759485139.138625,-4,-6,-33
1759485139.1766248,-4,0,-25
1759485139.214625,1,1,-39
1759485139.250625,7,3,-49
1759485139.2886248,1,0,-37
1759485139.3266249,0,6,-35
1759485139.3706248,6,-3,-42
1759485139.408625,-1,-5,-52
1759485139.4466248,-4,-4,-37
1759485139.4846249,0,0,-30
1759485139.5206249,2,-2,-31
1759485139.5586247,0,1,-27
1759485139.5966249,-3,4,-30
1759485139.635625,-6,4,-36
1759485139.671625,-1,6,-36
1759485139.7086248,0,1,-47
1759485139.7466247,4,3,-51
1759485139.7856247,0,2,-32
1759485139.8216248,4,-1,-41
1759485139.8586247,-1,1,-44
1759485139.8976247,-2,3,-40
1759485139.9356248,0,1,-38
1759485139.9716249,1,4,-46
1759485140.0086248,1,5,-27
1759485140.0476248,0,1,-38
1759485140.0856247,-3,2,-40
1759485140.1216247,-5,0,-50
1759485140.158625,-6,3,-35
1759485140.1966248,0,0,-26
1759485140.2356248,-1,-2,-31
1759485140.2716248,0,-7,-25
1759485140.309625,2,-1,-27
1759485140.3476248,5,-2,-34
1759485140.385625,-4,1,-46
1759485140.421625,5,-2,-37
1759485140.4606247,0,-1,-29
1759485140.4986248,-1,0,-48
1759485140.536625,0,0,-43
1759485140.5726247,-6,-6,-31
1759485140.6106248,-4,-9,-41
1759485140.648625,0,-4,-29
1759485140.6876247,-2,-1,-34
1759485140.7256248,2,-1,-35
1759485140.7616248,1,-3,-36
1759485140.7996247,6,-3,-40
1759485140.8376248,1,-3,-34
1759485140.8766248,0,-5,-36
1759485140.9126248,-3,-5,-40
1759485140.9506247,3,-3,-43
1759485140.9886248,3,-4,-44
1759485141.0276248,-4,0,-44
1759485141.0656247,0,-1,-40
1759485141.1016247,6,-2,-45
1759485141.138625,1,-4,-46
1759485141.1776247,-6,-5,-38
1759485141.2156248,-6,-4,-39
1759485141.2516248,4,-2,-29
1759485141.2886248,3,0,-28
1759485141.3276248,-5,-3,-38
1759485141.365625,0,-3,-29
1759485141.401625,-3,-5,-41
1759485141.4396248,0,0,-40
1759485141.477625,-5,1,-40
1759485141.5166247,-7,1,-41
1759485141.5526247,-4,0,-44
1759485141.5916247,-2,0,-30
1759485141.6296248,-2,3,-44
1759485141.6676247,0,2,-34
1759485141.7036247,1,0,-36
1759485141.7416248,-2,-2,-42
1759485141.7786248,0,-4,-48
1759485141.8176248,-4,0,-41
1759485141.8536248,-4,-6,-41
1759485141.8916247,-7,-1,-44
1759485141.9296248,2,0,-37
1759485141.967625,3,0,-29
1759485142.0066247,2,0,-30
1759485142.0426247,-2,-1,-40
1759485142.0806248,2,4,-36
1759485142.1186247,-1,1,-27
1759485142.1576247,3,-1,-38
1759485142.1936247,0,3,-36
1759485142.2316248,3,2,-33
1759485142.2706249,-2,-3,-32
1759485142.3086247,-9,-7,-36
1759485142.3466249,3,-6,-43
1759485142.3826249,5,-7,-32
1759485142.4206247,-2,0,-42
1759485142.4586248,-4,6,-39
1759485142.4966247,-2,0,-43
1759485142.5326247,5,6,-36
1759485142.5706248,4,3,-33
1759485142.6086247,-3,1,-35
1759485142.6466248,6,0,-38
1759485142.6826248,2,0,-43
1759485142.7206247,-5,-7,-32
1759485142.7586248,0,-7,-38
1759485142.796625,10,0,-42
1759485142.832625,0,5,-34
1759485142.8706248,0,2,-42
1759485142.908625,0,-4,-35
1759485142.9466248,0,-7,-41
1759485142.9826248,-1,-6,-45
1759485143.0216248,3,-2,-35
1759485143.0586247,1,-1,-37
1759485143.0976248,-1,-10,-44
1759485143.1336248,4,-2,-43
1759485143.171625,4,1,-33
1759485143.2086248,0,-3,-39
1759485143.2476249,5,-5,-54
1759485143.283625,2,-1,-42
1759485143.3216248,0,0,-39
1759485143.3586247,-1,0,-44
1759485143.3976247,1,-5,-59
1759485143.4336247,0,-7,-58
1759485143.4706247,7,-6,-42
1759485143.5086248,-2,-4,-35
1759485143.5476248,4,0,-38
1759485143.5836248,-3,0,-41
1759485143.6216247,-5,0,-32
1759485143.6596248,-7,-2,-24
1759485143.6986248,2,0,-28
1759485143.7346249,1,-1,-33
1759485143.7726247,4,-2,-21
1759485143.809625,0,1,-29
1759485143.8486247,-1,0,-20
1759485143.8846247,-8,-3,-34
1759485143.9226248,7,2,-47
1759485143.9606247,5,8,-52
1759485143.9986248,7,1,-48
1759485144.0376248,0,0,-34
1759485144.0736248,-1,0,-28
1759485144.1116247,-3,2,-29
1759485144.1506248,3,0,-46
1759485144.1886249,3,3,-44
1759485144.2246249,0,-3,-43
1759485144.2616248,-1,-1,-40
1759485144.3006248,0,-1,-39
1759485144.3386247,2,0,-34
1759485144.3746247,-1,2,-43
1759485144.411625,-1,3,-46
1759485144.4506247,3,0,-38
1759485144.4886248,3,0,-34
1759485144.5246248,0,0,-33
1759485144.5616248,8,-5,-36
1759485144.6006248,1,-2,-50
1759485144.638625,7,-9,-36
1759485144.6746247,0,-4,-38
1759485144.7126248,0,-5,-32
1759485144.750625,-3,-3,-30
1759485144.7886248,0,-5,-42
1759485144.8246248,0,0,-39
1759485144.8616247,-4,0,-37
1759485144.9006248,-1,-3,-38
1759485144.9386249,-2,-3,-38
1759485144.9746249,-2,-2,-44
1759485145.013625,0,-2,-34
1759485145.0506248,3,6,-29
1759485145.089625,2,3,-43
1759485145.125625,3,0,-42
1759485145.1636248,8,5,-42
1759485145.2006247,4,0,-50
1759485145.2396247,1,-5,-58
1759485145.2756248,-1,-1,-42
1759485145.3146248,-3,-3,-30
1759485145.3516247,-6,-5,-49
1759485145.3896248,-2,3,-36
1759485145.4286249,-2,-1,-33
1759485145.464625,-2,0,-35
1759485145.5016248,0,0,-36
1759485145.5396247,-4,-4,-30
1759485145.5786247,-1,-2,-34
1759485145.6146247,-4,2,-33
1759485145.651625,-1,3,-32
1759485145.6896248,-3,3,-31
1759485145.7286248,-8,0,-39
1759485145.7646248,2,0,-37
1759485145.8016248,-2,-4,-43
1759485145.8406248,-1,-1,-36
1759485145.878625,1,2,-31
1759485145.9146247,-1,-5,-29
1759485145.9526248,1,-1,-30
1759485145.990625,0,-4,-44
1759485146.0296247,-1,0,-40
1759485146.0656247,-6,-1,-42
1759485146.1046247,-6,1,-39
1759485146.1426249,-3,4,-34
1759485146.1806247,3,-6,-37
1759485146.2186248,6,-1,-41
1759485146.2546248,7,-7,-39
1759485146.2926247,2,2,-35
1759485146.3306248,3,0,-41
1759485146.3696249,-7,-4,-45
1759485146.4056249,-3,-2,-44
1759485146.4436247,9,-2,-29
1759485146.480625,-2,-1,-41
1759485146.5196247,6,1,-42
1759485146.5556247,3,-3,-35
1759485146.5936248,4,5,-34
1759485146.6316247,0,1,-32
1759485146.6706247,0,5,-38
1759485146.7086248,-3,0,-49
1759485146.7446249,-11,-3,-49
1759485146.7826247,-4,1,-37
1759485146.8216248,-6,-1,-32
1759485146.8596249,0,1,-40
1759485146.8956249,0,1,-36
1759485146.9326248,0,-3,-40
1759485146.9716249,5,-9,-42
1759485147.0096247,1,1,-41
1759485147.0456247,1,6,-38
1759485147.0836248,7,4,-33
1759485147.1216247,0,0,-45
1759485147.1596248,2,-3,-40
1759485147.1956248,0,-4,-43
1759485147.2336247,0,-5,-33
1759485147.2726247,-6,4,-40
1759485147.3106248,-3,1,-34
1759485147.3476248,1,-4,-26
1759485147.3846247,-2,1,-41
1759485147.4226248,-3,-8,-41
1759485147.4606247,-5,-5,-45
1759485147.4996247,-4,-2,-44
1759485147.5356247,1,-2,-33
1759485147.5726247,0,0,-40
1759485147.6116247,1,0,-34
1759485147.6496248,0,0,-30
1759485147.6856248,1,10,-32
1759485147.7226248,0,0,-43
1759485147.7616248,-2,6,-35
1759485147.7996247,1,3,-41
1759485147.8356247,-2,5,-39
1759485147.8736248,7,1,-29
1759485147.911625,2,0,-40
1759485147.9506247,4,-2,-40
1759485147.9866247,3,9,-51
1759485148.0256248,-6,2,-43
1759485148.0636249,-4,-6,-33
1759485148.1016247,6,-6,-44
1759485148.1396248,-8,-6,-35
1759485148.1756248,-5,-8,-27
1759485148.214625,6,2,-32
1759485148.2516248,7,-1,-31
1759485148.2906249,7,2,-38
1759485148.3266249,9,-1,-29
1759485148.3646247,-3,4,-35
1759485148.4026248,9,0,-34
1759485148.4406247,7,0,-41
1759485148.4766247,5,-5,-37
1759485148.5146248,5,-5,-47
1759485148.5516248,-3,-2,-44
1759485148.5906248,-7,0,-41
1759485148.6266248,-2,0,-27
1759485148.6646247,0,4,-38
1759485148.7026248,0,2,-27
1759485148.740625,5,4,-27
1759485148.776625,13,2,-28
1759485148.8146248,6,-3,-42
1759485148.8516247,0,0,-42
1759485148.8906248,0,2,-38
1759485148.9266248,0,3,-19
1759485148.964625,0,0,-24
1759485149.0016248,0,9,-39
1759485149.0406249,-2,5,-34
1759485149.0766249,-1,-1,-28
1759485149.115625,1,-2,-38
1759485149.1526248,0,4,-29
1759485149.1916249,0,1,-38
1759485149.227625,3,-2,-40
1759485149.2646248,2,-4,-39
1759485149.3026247,6,7,-30
1759485149.3416247,5,1,-47
1759485149.3866248,-2,-3,-41
1759485149.4236248,2,0,-28
1759485149.4626248,4,0,-38
1759485149.500625,4,-4,-31
1759485149.536625,0,-3,-36
1759485149.5746248,6,-6,-36
1759485149.612625,9,-7,-26
1759485149.651625,-1,-8,-34
1759485149.6876247,2,-3,-43
1759485149.7266247,5,-3,-38
1759485149.7646248,9,-6,-32
1759485149.8026247,1,-1,-55
1759485149.8406248,5,3,-41
1759485149.8766248,7,0,-29
1759485149.9146247,-1,4,-43
1759485149.9526248,-3,1,-43
1759485149.990625,-1,-3,-42
1759485150.026625,-4,0,-52
1759485150.0646248,9,3,-49
1759485150.102625,7,3,-35
1759485150.1406248,5,2,-44
1759485150.1766248,9,0,-42
1759485150.214625,7,1,-28
1759485150.2526248,2,-3,-33
1759485150.2906249,-4,0,-32
1759485150.3266249,2,5,-33
1759485150.3646247,0,4,-27
1759485150.4026248,-5,-1,-32
1759485150.4386249,0,-2,-36
1759485150.477625,0,-1,-33
1759485150.5146248,0,0,-38
1759485150.5526247,1,4,-36
1759485150.5916247,-4,0,-35
1759485150.6276248,-5,1,-28
1759485150.6646247,0,3,-38
1759485150.7036247,4,2,-34
1759485150.7416248,0,0,-43
1759485150.7776248,-5,3,-42
1759485150.8146248,1,0,-33
1759485150.8536248,2,3,-28
1759485150.8916247,-3,2,-42
1759485150.9276247,-3,-4,-38
1759485150.9656248,-8,-6,-37
1759485151.003625,-1,3,-39
1759485151.0426247,0,0,-32
1759485151.079625,7,0,-26
1759485151.1166248,2,3,-39
1759485151.1556249,-5,-2,-29
1759485151.1936247,-6,0,-32
1759485151.2316248,1,-1,-32
1759485151.2676249,6,-3,-35
1759485151.306625,7,-5,-30
1759485151.3436248,3,-3,-36
1759485151.3826249,4,-3,-33
1759485151.4186249,0,-7,-46
1759485151.4556248,-4,0,-36
1759485151.4936247,0,0,-38
1759485151.5326247,-8,0,-31
1759485151.5716248,-4,2,-33
1759485151.6076248,-1,3,-23
1759485151.6446247,-1,2,-34
1759485151.6836247,-5,1,-39
1759485151.7216249,4,-2,-31
1759485151.7576249,-2,0,-35
1759485151.7946248,4,1,-31
1759485151.8336248,-1,0,-39
1759485151.8716247,-4,1,-45
1759485151.9076247,-3,0,-41
1759485151.944625,2,0,-37
1759485151.9836247,0,0,-27
1759485152.0216248,-6,0,-37
1759485152.0576248,0,1,-38
1759485152.0946248,0,-5,-36
1759485152.1336248,3,2,-46
1759485152.1696248,0,-1,-36
1759485152.207625,0,0,-40
1759485152.2446249,-4,2,-56
1759485152.283625,1,1,-41
1759485152.319625,2,4,-32
1759485152.3576248,-2,-3,-31
1759485152.3956249,3,1,-36
1759485152.4336247,-5,0,-33
1759485152.4696248,-2,-2,-38
1759485152.5076249,-2,-8,-32
1759485152.5456247,4,-5,-35
1759485152.5836248,-4,4,-38
1759485152.6226249,3,2,-43
1759485152.658625,0,-4,-49
1759485152.6976247,2,-2,-51
1759485152.7346249,1,-3,-46
1759485152.773625,6,0,-25
1759485152.809625,1,-3,-33
1759485152.8466249,5,-1,-33
1759485152.885625,-2,1,-49
1759485152.9236248,-3,3,-39
1759485152.9596248,-4,-4,-33
1759485152.9986248,6,-3,-32
1759485153.0356247,3,-1,-39
1759485153.0746248,5,1,-43
1759485153.112625,3,-1,-37
1759485153.148625,-5,-4,-42
1759485153.1866248,2,0,-38
1759485153.2246249,4,4,-41
1759485153.263625,6,-6,-37
1759485153.2996247,6,-2,-38
1759485153.3366249,4,-2,-28
1759485153.3746247,0,-2,-34
1759485153.4136248,2,-1,-36
1759485153.4496248,-2,-6,-37
1759485153.487625,-1,-2,-39
1759485153.5256248,-3,0,-30
1759485153.5646248,2,-1,-41
1759485153.602625,-2,-3,-31
1759485153.638625,0,-7,-44
1759485153.6776247,0,-1,-40
1759485153.7156248,-4,-3,-36
1759485153.753625,2,-2,-29
1759485153.7896247,2,-2,-38
1759485153.8276248,9,0,-37
1759485153.865625,7,0,-44
1759485153.9046247,8,0,-41
1759485153.9406247,-3,-1,-47
1759485153.9786248,2,-3,-44
1759485154.0166247,-1,-4,-44
1759485154.0546248,1,0,-41
1759485154.0936248,7,-4,-29
1759485154.1296248,8,0,-32
1759485154.1676247,5,3,-33
1759485154.2066247,9,-1,-44
1759485154.2446249,-2,1,-36
1759485154.2806249,-12,-1,-26
1759485154.3186247,-3,-1,-33
1759485154.3576248,-1,-1,-39
1759485154.3946247,-3,-1,-41
1759485154.4336247,0,-4,-39
1759485154.4696248,1,-4,-39
1759485154.5076249,6,-3,-34
1759485154.5456247,3,-4,-32
1759485154.5836248,-5,-2,-41
1759485154.6196249,0,0,-44
1759485154.6576247,0,-1,-50
1759485154.6956248,4,-4,-47
1759485154.7336247,0,-5,-38
1759485154.7696247,-4,-5,-39
1759485154.8076248,1,2,-36
1759485154.8456247,-2,1,-32
1759485154.8846247,5,-1,-39
1759485154.9206247,-1,0,-39
1759485154.957625,7,4,-38
1759485154.9956248,-1,0,-40
1759485155.0346248,1,-2,-43
1759485155.0706248,-4,-5,-39
1759485155.1086247,-1,-2,-47
1759485155.1466248,0,0,-34
1759485155.1856248,-1,0,-30
1759485155.2236247,-7,1,-33
1759485155.2596247,1,-3,-37
1759485155.2986248,4,-7,-46
1759485155.3366249,1,-5,-38
1759485155.3746247,4,-3,-33
1759485155.4106247,1,0,-33
1759485155.4476247,7,11,-40
1759485155.4866247,1,0,-39
1759485155.5246248,1,5,-45
1759485155.5606248,0,0,-41
1759485155.5986247,-1,-3,-43
1759485155.6366248,-4,-5,-38
1759485155.6746247,-3,-2,-43
1759485155.7106247,-2,0,-40
1759485155.7476249,-6,-4,-33
1759485155.786625,0,-4,-37
1759485155.8246248,3,1,-23
1759485155.8606248,0,0,-31
1759485155.8976247,6,0,-27
1759485155.9366248,0,4,-36
1759485155.9746249,4,3,-34
1759485156.010625,6,-6,-35
1759485156.0476248,7,-8,-28
1759485156.0866249,-1,-4,-31
1759485156.1246247,5,-3,-38
1759485156.1606247,3,-4,-33
1759485156.1996248,2,-4,-31
1759485156.2366247,-3,-1,-26
1759485156.2756248,-5,-2,-28
1759485156.3116248,-1,0,-42
1759485156.3506248,1,-4,-39
1759485156.3876247,-3,-4,-32
1759485156.4266248,-4,-5,-31
1759485156.464625,-2,-2,-36
1759485156.500625,6,1,-30
1759485156.5376248,2,0,-39
1759485156.5766249,1,4,-35
1759485156.6146247,6,4,-32
1759485156.6506248,6,0,-41
1759485156.6886249,4,-6,-36
1759485156.7266247,0,-6,-30
1759485156.7646248,0,-4,-32
1759485156.8006248,-2,-2,-34
1759485156.8386247,4,0,-29
1759485156.8766248,0,0,-35
1759485156.9156249,0,0,-25
1759485156.9526248,-5,0,-33
1759485156.990625,-1,-1,-46
1759485157.0276248,0,8,-44
1759485157.0666249,6,-3,-39
1759485157.1046247,12,-7,-30
1759485157.1406248,3,-7,-37
1759485157.1786249,5,0,-45
1759485157.217625,0,-4,-34
1759485157.2556248,-3,-6,-23
1759485157.2916248,-2,-10,-30
1759485157.329625,0,-4,-28
1759485157.3676248,-4,-8,-45
1759485157.4066248,-8,-6,-39
1759485157.4426248,-1,-2,-44
1759485157.4816248,-1,-2,-57
1759485157.5196247,-4,0,-42
1759485157.5576248,1,-3,-36
1759485157.5956247,12,-1,-44
1759485157.6316247,9,5,-46
1759485157.6696248,0,0,-46
1759485157.707625,3,4,-44
1759485157.7456248,0,0,-43
1759485157.7816248,-8,-1,-44
1759485157.8206248,1,0,-43
1759485157.8586247,3,-2,-34
1759485157.8966248,5,-1,-35
1759485157.9336247,3,3,-42
1759485157.9706247,-1,4,-35
1759485158.0096247,1,3,-40
1759485158.0476248,3,-1,-46
1759485158.0856247,-3,-3,-44
1759485158.1216247,-5,-6,-37
1759485158.1596248,1,-4,-33
1759485158.1976247,0,-3,-41
1759485158.2366247,0,-3,-46
1759485158.2726247,3,-6,-39
1759485158.309625,5,-6,-39
1759485158.3476248,3,1,-36
1759485158.3866248,-1,-6,-32
1759485158.4226248,0,0,-36
1759485158.4596248,8,-5,-48
1759485158.4976249,3,0,-42
1759485158.536625,3,0,-42
1759485158.5726247,3,-4,-46
1759485158.6096249,-1,-2,-42
1759485158.6476247,-3,-4,-39
1759485158.6866248,-2,1,-34
1759485158.7226248,0,-2,-42
1759485158.760625,0,-4,-46
1759485158.7976248,0,0,-44
1759485158.8366249,0,-2,-35
1759485158.8726249,-6,0,-50
1759485158.9096248,-2,-4,-35
1759485158.9486248,-2,-2,-44
1759485158.9866247,-11,1,-43
1759485159.0226247,-2,0,-43
1759485159.0606248,7,1,-38
1759485159.0996249,-2,-2,-42
1759485159.1376247,2,0,-31
1759485159.1736248,7,-6,-35
1759485159.2116249,0,1,-34
1759485159.250625,3,0,-43
1759485159.2876248,-1,4,-42
1759485159.3266249,0,-2,-35
1759485159.362625,-1,0,-32
1759485159.408625,-5,2,-34
1759485159.4466248,-4,-4,-41
1759485159.4826248,-5,2,-41
1759485159.5206249,-6,6,-46
1759485159.5576248,4,8,-34
1759485159.5966249,-2,-1,-23
1759485159.6326249,2,-5,-29
1759485159.6706247,3,-5,-31
1759485159.7086248,4,4,-30
1759485159.7466247,2,1,-43
1759485159.7826247,-1,2,-48
1759485159.819625,3,-4,-49
1759485159.8586247,6,0,-47
1759485159.8966248,6,3,-45
1759485159.9326248,-2,3,-39
1759485159.9716249,-5,0,-41
1759485160.0096247,-4,-2,-41
1759485160.0476248,-3,-5,-44
1759485160.0836248,1,-4,-47
1759485160.1216247,4,3,-41
1759485160.1596248,0,1,-45
1759485160.1986248,2,-6,-43
1759485160.2366247,1,0,-35
1759485160.2726247,-2,-1,-40
1759485160.3106248,5,0,-44
1759485160.3496249,0,3,-31
1759485160.3876247,-5,-5,-34
1759485160.4236248,0,1,-32
1759485160.4616249,4,-5,-41
1759485160.4996247,0,-1,-37
1759485160.5386248,-5,1,-37
1759485160.5766249,-3,1,-40
1759485160.612625,-4,6,-44
1759485160.6496248,2,2,-45
1759485160.6886249,8,-3,-50
1759485160.7266247,2,-1,-46
1759485160.7626247,0,0,-43
1759485160.8006248,-6,-1,-29
1759485160.8386247,-1,0,-30
1759485160.8746247,-2,0,-36
1759485160.9136248,1,0,-35
1759485160.9516249,0,0,-40
1759485160.9896247,0,1,-33
1759485161.0276248,-3,3,-33
1759485161.0636249,1,7,-37
1759485161.1016247,0,5,-40
1759485161.138625,4,0,-39
1759485161.1776247,-4,-4,-30
1759485161.2136247,2,0,-29
1759485161.250625,-4,-4,-24
1759485161.2886248,-1,1,-34
1759485161.3276248,4,-2,-45
1759485161.3636248,3,-3,-37
1759485161.401625,-4,0,-48
1759485161.4386249,-8,0,-36
1759485161.477625,0,4,-43
1759485161.513625,-5,-1,-46
1759485161.5516248,-1,-1,-28
1759485161.589625,-8,-1,-36
1759485161.628625,-5,1,-40
1759485161.6646247,-10,4,-39
1759485161.7016249,0,4,-28
1759485161.7396247,-11,1,-36
1759485161.7776248,-8,0,-33
1759485161.8136249,-8,-7,-30
1759485161.8516247,-1,-3,-26
1759485161.8896248,0,1,-35
1759485161.9286249,3,2,-38
1759485161.964625,0,4,-48
1759485162.0016248,0,-1,-39
1759485162.0396247,-5,0,-43
1759485162.0786247,0,0,-36
1759485162.1146247,-2,3,-39
1759485162.1526248,-5,-6,-40
1759485162.1906247,2,-1,-32
1759485162.2296247,2,-5,-39
1759485162.2676249,-5,8,-41
1759485162.3036249,-7,0,-46
1759485162.3406248,-5,4,-29
1759485162.3796248,0,-5,-29
1759485162.4176247,0,-3,-40
1759485162.4536247,-2,-4,-31
1759485162.4926248,4,5,-35
1759485162.5306249,4,0,-25
1759485162.5686247,-1,1,-33
1759485162.6046247,0,-2,-31
1759485162.6436248,0,-10,-45
1759485162.6806247,2,-3,-46
1759485162.7196248,-1,3,-50
1759485162.7556248,-2,3,-50
1759485162.7936249,5,5,-40
1759485162.8316247,2,0,-47
1759485162.8696249,4,-3,-49
1759485162.9056249,6,-6,-37
1759485162.9436247,0,-7,-37
1759485162.980625,-3,0,-36
1759485163.0196247,-8,4,-38
1759485163.0556247,-5,2,-34
1759485163.0936248,-6,-3,-32
1759485163.1316247,0,0,-39
1759485163.1696248,-2,-2,-44
1759485163.2086248,-7,-2,-36
1759485163.2446249,1,0,-35
1759485163.2816248,1,3,-47
1759485163.3206248,-2,-2,-49
1759485163.3586247,2,6,-39
1759485163.3946247,-2,2,-51
1759485163.431625,6,6,-48
1759485163.4706247,0,0,-39
1759485163.5086248,5,-2,-44
1759485163.5446248,1,0,-38
1759485163.5816247,-6,1,-44
1759485163.6206248,-4,1,-39
1759485163.658625,-3,5,-44
1759485163.694625,0,1,-44
1759485163.7316248,-2,0,-36
1759485163.7706249,5,6,-43
1759485163.8086247,-2,-5,-32
1759485163.8446248,-3,-1,-39
1759485163.8836248,-8,-1,-33
1759485163.921625,0,-2,-38
1759485163.9596248,2,-7,-28
1759485163.9966247,0,-10,-32
1759485164.033625,-1,-2,-31
1759485164.0716248,-3,3,-42
1759485164.1106248,-8,-2,-40
1759485164.148625,-10,2,-44
1759485164.1856248,-8,2,-50
1759485164.2236247,-3,0,-46
1759485164.2616248,1,2,-45
1759485164.3006248,2,-2,-39
1759485164.3366249,6,-3,-33
1759485164.3746247,0,0,-43
1759485164.4126248,3,-1,-42
1759485164.4516249,0,0,-32
1759485164.4896247,-5,-7,-27
1759485164.5256248,-2,-4,-24
1759485164.5646248,0,0,-30
1759485164.6016247,0,1,-29
1759485164.6406248,-2,-1,-40
1759485164.6766248,1,0,-43
1759485164.714625,-2,-2,-31
1759485164.753625,0,0,-24
1759485164.7906249,-4,-5,-40
1759485164.829625,0,2,-46
1759485164.865625,1,-2,-32
1759485164.9036248,0,5,-43
1759485164.9426248,-3,4,-53
1759485164.980625,0,5,-41
1759485165.0166247,0,0,-48
1759485165.0536249,-8,5,-27
1759485165.092625,-5,-6,-40
1759485165.1306248,2,-8,-38
1759485165.1666248,-1,-2,-32
1759485165.2056248,-3,-2,-35
1759485165.2426248,-4,0,-31
1759485165.2816248,-5,0,-24
1759485165.319625,2,2,-42
1759485165.355625,0,-3,-51
1759485165.3936248,-5,-2,-36
1759485165.431625,-3,9,-29
1759485165.4696248,-3,0,-38
1759485165.5056248,-1,-2,-32
1759485165.5446248,-1,0,-34
1759485165.5816247,3,0,-37
1759485165.6206248,0,2,-33
1759485165.6566248,7,1,-32
1759485165.694625,3,-4,-36
1759485165.7316248,6,0,-32
1759485165.7706249,6,3,-36
1759485165.806625,4,0,-48
1759485165.8446248,8,0,-39
1759485165.8826249,1,2,-42
1759485165.921625,-3,2,-36
1759485165.9596248,-1,4,-39
1759485165.9956248,-6,0,-48
1759485166.033625,-2,1,-35
1759485166.0726247,-7,1,-40
1759485166.1106248,4,2,-35
1759485166.1466248,1,0,-36
1759485166.1836247,1,3,-33
1759485166.2226248,-4,2,-41
1759485166.260625,-5,1,-39
1759485166.296625,-2,1,-40
1759485166.3336248,0,-2,-30
1759485166.3726249,-1,-2,-35
1759485166.4106247,-1,0,-29
1759485166.4466248,-11,0,-41
1759485166.4856248,-10,-3,-40
1759485166.523625,-1,-3,-39
1759485166.5616248,8,-8,-46
1759485166.5976248,1,0,-47
1759485166.635625,0,-4,-44
1759485166.6726248,0,-1,-36
1759485166.7116249,-3,-3,-38
1759485166.7476249,-5,-8,-31
1759485166.7856247,-2,1,-46
1759485166.8246248,4,7,-38
1759485166.862625,0,2,-37
1759485166.9006248,-1,0,-29
1759485166.9366248,2,-2,-27
1759485166.9746249,-2,2,-24
1759485167.0126247,-6,2,-32
1759485167.0516248,2,5,-24
1759485167.0876248,0,2,-42
1759485167.1266248,6,0,-41
1759485167.1646247,5,4,-37
1759485167.2026248,-6,-2,-35
1759485167.240625,-1,-1,-46
1759485167.276625,-2,5,-37
1759485167.3146248,1,-2,-36
1759485167.352625,-6,3,-30
1759485167.3916247,-1,1,-34
1759485167.4276247,3,-2,-29
1759485167.4656248,0,-9,-33
1759485167.503625,-2,-6,-35
1759485167.5426247,0,0,-33
1759485167.5806248,-2,0,-41
1759485167.6166248,0,-4,-42
1759485167.6556249,0,1,-26
1759485167.6936247,-5,-7,-32
1759485167.7316248,-10,0,-48
1759485167.7676249,-1,-1,-49
1759485167.8056247,8,0,-40
1759485167.8446248,1,1,-34
1759485167.8826249,-3,-7,-32
1759485167.9186249,0,-6,-46
1759485167.957625,0,0,-36
1759485167.9946249,3,2,-35
1759485168.0326247,6,-2,-32
1759485168.0716248,8,-7,-32
1759485168.1076248,2,-4,-47
1759485168.1446247,4,-3,-38
1759485168.1826248,0,0,-35
1759485168.2216249,2,1,-35
1759485168.2576249,4,0,-35
1759485168.296625,5,-1,-34
1759485168.3346248,0,-2,-37
1759485168.3726249,0,0,-40
1759485168.408625,1,-3,-38
1759485168.4466248,-4,2,-54
1759485168.4856248,-3,3,-50
1759485168.523625,-1,-7,-49
1759485168.5616248,5,-4,-49
1759485168.5976248,1,1,-43
1759485168.635625,-2,2,-41
1759485168.6736248,-3,-5,-40
1759485168.7116249,-9,1,-40
1759485168.7476249,-5,-2,-41
1759485168.7856247,0,3,-44
1759485168.8236248,2,0,-49
1759485168.862625,6,0,-39
1759485168.898625,11,0,-34
1759485168.9356248,0,0,-30
1759485168.9736247,-6,-5,-37
1759485169.0126247,-5,-6,-33
1759485169.0486248,0,-5,-27
1759485169.0866249,1,-3,-31
1759485169.1236248,8,0,-28
1759485169.1626248,3,-3,-40
1759485169.1986248,-2,0,-39
1759485169.2366247,-5,2,-32
1759485169.2746248,3,2,-39
1759485169.3136249,0,-2,-40
1759485169.3516247,-1,0,-40
1759485169.388625,-6,1,-38
1759485169.4336247,1,0,-43
1759485169.4716249,-4,0,-44
1759485169.5076249,-2,-1,-35
1759485169.5456247,4,1,-32
1759485169.5836248,0,-1,-41
1759485169.6226249,4,3,-36
1759485169.658625,6,0,-29
1759485169.6956248,3,-1,-38
1759485169.7336247,0,0,-40
1759485169.7726247,3,1,-31
1759485169.8086247,0,0,-28
1759485169.8456247,0,4,-39
1759485169.8836248,1,0,-23
1759485169.9226248,-2,1,-31
1759485169.9586248,-6,7,-34
1759485169.9966247,2,0,-46
1759485170.0356247,0,1,-31
1759485170.0736248,1,-1,-39
1759485170.1096249,-2,-2,-39
1759485170.148625,8,1,-26
1759485170.1866248,1,3,-34
1759485170.2236247,0,4,-32
1759485170.2626247,-7,3,-30
1759485170.2986248,1,-1,-32
1759485170.3376248,-3,-6,-29
1759485170.3746247,0,2,-44
1759485170.4136248,-3,3,-41
1759485170.4496248,-2,0,-48
1759485170.4866247,5,-2,-45
1759485170.5246248,5,1,-48
1759485170.5636249,9,-3,-47
1759485170.5996249,2,0,-40
1759485170.6376247,2,3,-33
1759485170.6746247,-3,-1,-37
1759485170.7136247,-13,1,-29
1759485170.7496247,0,-4,-37
1759485170.7876248,-2,5,-35
1759485170.8266249,-6,3,-39
1759485170.8646247,0,-4,-23
1759485170.9026248,0,-4,-34
1759485170.9386249,3,-4,-40
1759485170.9756248,-4,-3,-37
1759485171.0146248,-1,2,-38
1759485171.0526247,2,-3,-44
1759485171.0886247,-1,3,-40
1759485171.1266248,-4,-3,-44
1759485171.1646247,0,3,-34
1759485171.2026248,1,0,-38
1759485171.2386248,5,-1,-47
1759485171.2756248,5,-3,-52
1759485171.3146248,10,0,-37
1759485171.3506248,3,-1,-37
1759485171.3896248,-2,-1,-40
1759485171.4276247,2,6,-36
1759485171.4656248,-5,2,-42
1759485171.503625,-11,0,-48
1759485171.5396247,-3,0,-51
1759485171.5786247,-4,-1,-40
1759485171.615625,-2,-3,-32
1759485171.6546247,-1,-1,-39
1759485171.6906247,-4,2,-34
1759485171.7286248,-2,-3,-39
1759485171.7656248,-7,-3,-45
1759485171.8046248,-5,0,-57
1759485171.8406248,-3,6,-35
1759485171.878625,4,1,-41
1759485171.9166248,1,4,-34
1759485171.954625,-1,1,-39
1759485171.9936247,-2,2,-38
1759485172.0296247,-2,-2,-40
1759485172.0686247,0,1,-30
1759485172.1066248,2,-1,-43
1759485172.1446247,0,-7,-45
1759485172.1806247,-8,0,-36
1759485172.2196248,3,5,-39
1759485172.2566247,-2,0,-32
1759485172.2956247,4,3,-40
1759485172.3336248,5,0,-32
1759485172.3696249,8,0,-30
1759485172.4066248,7,0,-24
1759485172.4456248,5,1,-29
1759485172.4836247,-2,0,-44
1759485172.5196247,0,5,-39
1759485172.556625,2,1,-35
1759485172.5946248,10,4,-42
1759485172.6306248,6,-2,-46
1759485172.6696248,16,3,-40
1759485172.707625,14,3,-30
1759485172.7456248,2,0,-39
1759485172.783625,0,0,-42
1759485172.819625,4,-4,-43
1759485172.8576248,-4,0,-43
1759485172.8956249,2,1,-40
1759485172.934625,6,3,-28
1759485172.9706247,-2,3,-31
1759485173.0086248,-6,5,-38
1759485173.046625,3,-1,-41
1759485173.0856247,2,-1,-36
1759485173.1226249,8,-4,-39
1759485173.1596248,3,-1,-47
1759485173.1986248,1,-2,-41
1759485173.2366247,2,4,-44
1759485173.2746248,5,-1,-36
1759485173.3106248,5,-7,-40
1759485173.3496249,-4,-5,-50
1759485173.3876247,4,-7,-37
1759485173.4256248,-1,3,-39
1759485173.4626248,-6,-4,-38
1759485173.4996247,0,0,-41
1759485173.5376248,-4,-1,-35
1759485173.5756247,1,-4,-25
1759485173.6146247,1,-2,-41
1759485173.6506248,-1,0,-47
1759485173.6896248,3,0,-31
1759485173.727625,1,-4,-27
1759485173.7656248,1,0,-32
1759485173.8016248,1,2,-33
1759485173.8386247,3,3,-34
1759485173.8776248,9,-2,-37
1759485173.9156249,12,-6,-34
1759485173.9516249,4,-1,-44
1759485173.990625,0,3,-45
1759485174.0276248,-2,-1,-43
1759485174.0666249,3,-9,-40
1759485174.1046247,-1,-4,-37
1759485174.1406248,0,0,-35
1759485174.1776247,-5,7,-35
1759485174.2166247,-3,7,-33
1759485174.2546248,6,0,-40
1759485174.2906249,-3,-2,-50
1759485174.329625,-2,-2,-42
1759485174.3666248,-10,2,-36
1759485174.4056249,-8,-7,-37
1759485174.4416249,-6,0,-27
1759485174.4796247,-5,6,-19
1759485174.5166247,4,-2,-27
1759485174.5556247,6,4,-32
1759485174.5916247,3,0,-42
1759485174.6296248,1,1,-46
1759485174.6666248,-4,1,-47
1759485174.7056248,0,4,-54
1759485174.7416248,-6,0,-33
1759485174.7796247,-7,-1,-32
1759485174.8176248,2,1,-26
1759485174.855625,4,4,-27
1759485174.8916247,-1,4,-35
1759485174.9296248,-4,4,-48
1759485174.9666247,-4,7,-43
1759485175.0056248,-4,1,-34
1759485175.0416248,0,0,-35
1759485175.079625,6,-2,-32
1759485175.1166248,5,6,-37
1759485175.1526248,7,5,-42
1759485175.1906247,2,-3,-39
1759485175.2286248,5,0,-41
1759485175.2666247,0,0,-53
1759485175.3026247,-2,-1,-42
1759485175.3406248,-4,5,-39
1759485175.3796248,-8,0,-48
1759485175.4166248,-8,-3,-38
1759485175.4556248,-3,0,-37
1759485175.4916248,3,0,-38
1759485175.5296247,7,-1,-32
1759485175.5676248,0,2,-33
1759485175.605625,3,2,-26
1759485175.6416247,2,1,-38
1759485175.6796248,3,-1,-29
1759485175.717625,-3,0,-33
1759485175.7556248,-1,-6,-45
1759485175.7916248,-4,-5,-38
1759485175.829625,-3,5,-38
1759485175.8676248,-3,4,-44
1759485175.9066248,-2,2,-23
1759485175.9426248,2,-4,-40
1759485175.980625,-2,0,-42
1759485176.0196247,-4,-1,-41
1759485176.0576248,-5,-9,-38
1759485176.0956247,-2,-4,-38
1759485176.1326249,-1,-2,-49
1759485176.1706247,0,0,-38
1759485176.207625,0,4,-36
1759485176.2466247,0,-3,-42
1759485176.2826247,3,-5,-47
1759485176.3206248,2,-4,-40
1759485176.3586247,-3,-3,-49
1759485176.3966248,-7,0,-44
1759485176.4326248,-6,-1,-36
1759485176.4706247,1,0,-32
1759485176.5086248,-2,0,-39
1759485176.5476248,1,2,-34
1759485176.5836248,1,3,-39
1759485176.6206248,-3,1,-45
1759485176.6606247,0,-3,-34
1759485176.6986248,-2,-10,-30
1759485176.7366247,-5,-2,-41
1759485176.7726247,-2,-1,-33
1759485176.8116248,4,-2,-32
1759485176.8486247,0,1,-26
1759485176.8876247,0,6,-32
1759485176.9236248,1,-4,-23
1759485176.9616249,-2,0,-38
1759485176.9986248,-1,-2,-37
1759485177.0376248,1,0,-30
1759485177.0736248,0,-2,-24
1759485177.1116247,-5,5,-35
1759485177.1506248,-7,6,-27
1759485177.1876247,0,1,-37
1759485177.2266247,-4,4,-37
1759485177.2626247,-5,-1,-30
1759485177.3006248,0,-4,-36
1759485177.3386247,-8,0,-48
1759485177.3776248,-7,0,-44
1759485177.4136248,-2,0,-41
1759485177.4506247,7,3,-38
1759485177.4886248,3,2,-38
1759485177.5276248,0,5,-32
1759485177.5636249,-4,5,-37
1759485177.6016247,-2,0,-37
1759485177.638625,-7,0,-36
1759485177.6776247,-10,-2,-49
1759485177.7136247,-6,-2,-44
1759485177.7516248,-3,2,-42
1759485177.7896247,-5,1,-38
1759485177.8286247,-1,0,-32
1759485177.8666248,4,0,-32
1759485177.9026248,0,-4,-45
1759485177.9416249,2,1,-41
1759485177.9786248,0,-5,-49
1759485178.0176249,3,-1,-48
1759485178.0536249,4,7,-39
1759485178.0916247,-2,4,-31
1759485178.128625,0,-3,-41
1759485178.1676247,-3,0,-34
1759485178.2036247,0,0,-33
1759485178.2416248,3,0,-30
1759485178.2786248,-1,7,-31
1759485178.3176248,2,0,-30
1759485178.3536248,0,0,-38
1759485178.3916247,-11,-6,-49
1759485178.4286249,-1,0,-48
1759485178.467625,5,-8,-37
1759485178.503625,3,-2,-30
1759485178.5416248,0,0,-37
1759485178.5806248,-5,4,-33
1759485178.6186247,-4,0,-35
1759485178.6546247,0,0,-41
1759485178.6916249,-5,0,-39
1759485178.730625,-6,-1,-36
1759485178.7686248,-3,0,-39
1759485178.8046248,-11,-1,-36
1759485178.842625,-4,-5,-35
1759485178.8806248,1,-3,-42
1759485178.9186249,0,-4,-47
1759485178.957625,-1,-4,-40
1759485178.9936247,-2,-3,-38
1759485179.0316248,0,0,-32
1759485179.069625,2,-2,-33
1759485179.1086247,-6,7,-44
1759485179.1446247,-5,6,-41
1759485179.1826248,-2,3,-30
1759485179.2216249,4,1,-48
1759485179.2596247,0,0,-52
1759485179.2976248,2,-1,-38
1759485179.3336248,0,-3,-48
1759485179.3716247,0,-2,-40
1759485179.4096248,8,0,-37
1759485179.4536247,10,-8,-41
1759485179.4916248,0,-5,-48
1759485179.5296247,4,-2,-27
1759485179.5676248,0,-2,-33
1759485179.6036248,-5,-7,-42
1759485179.6426249,-10,0,-45
1759485179.6806247,-6,-3,-44
1759485179.7186248,-3,2,-44
1759485179.7546248,0,-2,-41
1759485179.7916248,-1,-3,-34
1759485179.8306248,-8,7,-45
1759485179.8686247,2,5,-39
1759485179.9046247,3,0,-40
1759485179.9426248,-2,0,-48
1759485179.980625,-5,1,-37
1759485180.0186248,-2,-6,-30
1759485180.0556247,-5,5,-36
1759485180.092625,-5,4,-31
1759485180.1306248,-1,7,-43
1759485180.1696248,-1,5,-27
1759485180.2056248,3,3,-33
1759485180.2436247,0,-3,-32
1759485180.2806249,-7,-8,-41
1759485180.319625,-3,-3,-30
1759485180.355625,-4,1,-34
1759485180.3926249,-2,0,-47
1759485180.4306247,-4,-3,-42
1759485180.4696248,0,-7,-28
1759485180.5056248,-2,-6,-28
1759485180.5436249,2,-8,-32
1759485180.5816247,-5,-5,-33
1759485180.6196249,-2,2,-41
1759485180.658625,-4,-5,-32
1759485180.694625,0,-2,-34
1759485180.7316248,-1,4,-36
1759485180.7706249,-4,0,-38
1759485180.8086247,-8,5,-43
1759485180.8446248,1,0,-47
1759485180.8816247,-6,2,-34
1759485180.9206247,-5,-5,-32
1759485180.9586248,-4,0,-37
1759485180.9946249,-3,0,-47
1759485181.0316248,0,0,-39
1759485181.0706248,6,-2,-30
1759485181.1086247,7,-1,-37
1759485181.1446247,0,-2,-40
1759485181.181625,-2,6,-35
1759485181.2206247,-1,-1,-35
1759485181.2586248,-10,-8,-37
1759485181.2946248,-2,-2,-40
1759485181.332625,1,-2,-34
1759485181.3716247,1,1,-34
1759485181.4096248,-6,5,-44
1759485181.4456248,1,2,-30
1759485181.4836247,2,5,-27
1759485181.5226247,4,0,-23
1759485181.5606248,4,0,-36
1759485181.5986247,4,2,-32
1759485181.6346247,1,0,-42
1759485181.6726248,0,-4,-36
1759485181.7106247,6,-7,-39
1759485181.7466247,7,0,-43
1759485181.783625,10,-4,-38
1759485181.8226247,4,-1,-45
1759485181.8606248,2,0,-41
1759485181.8966248,2,0,-34
1759485181.9336247,0,0,-40
1759485181.9726248,7,0,-31
1759485182.010625,2,-6,-33
1759485182.046625,-3,-2,-32
1759485182.0856247,-1,-4,-29
1759485182.1226249,-3,-5,-35
1759485182.1606247,0,-5,-36
1759485182.1996248,-6,-3,-36
1759485182.2356248,2,-8,-39
1759485182.2726247,-4,-10,-43
1759485182.3106248,-8,-3,-44
1759485182.3496249,-2,-1,-34
1759485182.385625,1,-2,-36
1759485182.4236248,6,2,-51
1759485182.4616249,3,0,-31
1759485182.4996247,0,-5,-47
1759485182.5356247,6,0,-47
1759485182.5736248,2,8,-32
1759485182.6116247,-1,5,-31
1759485182.6496248,-4,0,-46
1759485182.6856248,2,2,-43
1759485182.7226248,-8,3,-32
1759485182.7616248,0,6,-33
1759485182.7996247,-2,0,-39
1759485182.8356247,2,1,-38
1759485182.8736248,-5,0,-33
1759485182.911625,2,0,-31
1759485182.9496248,3,0,-33
1759485182.9856248,0,0,-26
1759485183.023625,0,1,-31
1759485183.0616248,-7,2,-41
1759485183.0996249,1,0,-45
1759485183.135625,0,-4,-50
1759485183.1736248,-2,-10,-39
1759485183.2116249,-2,0,-44
1759485183.2496247,6,-3,-38
1759485183.2856247,7,-2,-43
1759485183.3236248,-1,2,-44
1759485183.3616247,-5,0,-31
1759485183.3996248,-12,-5,-43
1759485183.4356248,2,-5,-34
1759485183.4736247,-6,-5,-39
1759485183.5116248,-2,-1,-48
1759485183.5506248,-1,-1,-40
1759485183.5866249,-2,-3,-43
1759485183.625625,-5,-5,-48
1759485183.6626248,-2,3,-45
1759485183.7016249,1,-3,-43
1759485183.737625,0,1,-31
1759485183.7746248,9,5,-31
1759485183.8126247,4,2,-35
1759485183.8516247,-5,-6,-29
1759485183.8876247,-3,-8,-37
1759485183.9266248,-9,-2,-37
1759485183.964625,7,0,-39
1759485184.0016248,8,-3,-38
1759485184.0406249,0,0,-42
1759485184.0766249,0,3,-29
1759485184.1146247,2,-2,-39
1759485184.151625,4,-2,-50
1759485184.1906247,5,1,-47
1759485184.2266247,0,-3,-46
1759485184.2646248,4,-2,-37
1759485184.3036249,1,0,-45
1759485184.3416247,2,-4,-31
1759485184.3776248,5,-5,-39
1759485184.4146247,0,0,-42
1759485184.4536247,0,0,-29
1759485184.4916248,-5,0,-30
1759485184.5276248,-7,-2,-28
1759485184.5666249,-13,4,-38
1759485184.6036248,-5,7,-29
1759485184.6426249,0,0,-38
1759485184.6806247,-5,-3,-37
1759485184.7166247,-3,-7,-39
1759485184.7556248,-5,-1,-35
1759485184.7926247,6,3,-39
1759485184.8316247,-2,1,-35
1759485184.8676248,0,6,-38
1759485184.9046247,0,4,-52
1759485184.9426248,3,-4,-40
1759485184.9816248,0,-6,-40
1759485185.0176249,0,4,-29
1759485185.0546248,-1,-3,-36
1759485185.092625,0,0,-36
1759485185.1316247,0,9,-42
1759485185.1676247,-4,0,-39
1759485185.204625,-1,1,-31
1759485185.2426248,-2,1,-21
1759485185.2816248,0,3,-33
1759485185.3176248,-1,-8,-36
1759485185.3566248,2,1,-43
1759485185.3946247,3,-1,-34
1759485185.4326248,0,2,-47
1759485185.4696248,0,3,-50
1759485185.5066247,1,0,-34
1759485185.5456247,7,-2,-41
1759485185.5836248,-3,2,-37
1759485185.6216247,1,-5,-31
1759485185.6576247,-5,-5,-35
1759485185.6956248,3,2,-42
1759485185.7336247,-1,1,-33
1759485185.7726247,-4,-2,-39
1759485185.8086247,-1,1,-37
1759485185.8466249,-5,-3,-49
1759485185.8846247,-2,0,-38
1759485185.9236248,5,0,-46
1759485185.9616249,3,-8,-47
1759485185.9976249,1,-14,-47
1759485186.036625,2,-5,-40
1759485186.0746248,0,-6,-52
1759485186.112625,3,-3,-37
1759485186.148625,4,-1,-39
1759485186.1876247,-1,1,-34
1759485186.2256248,-3,0,-44
1759485186.263625,-3,0,-50
1759485186.3016248,-4,-2,-40
1759485186.3376248,-8,-7,-30
1759485186.375625,-5,3,-39
1759485186.4136248,-4,7,-36
1759485186.4526248,-1,5,-40
1759485186.4886248,5,4,-35
1759485186.526625,1,0,-41
1759485186.5646248,0,3,-43
1759485186.6036248,5,0,-35
1759485186.6416247,12,-4,-39
1759485186.6776247,1,-1,-40
1759485186.7156248,2,-1,-44
1759485186.7546248,0,4,-41
1759485186.7926247,-4,0,-43
1759485186.8286247,-7,0,-36
1759485186.865625,-1,-4,-43
1759485186.9046247,-6,-2,-38
1759485186.9426248,-1,6,-42
1759485186.9786248,-1,1,-37
1759485187.0166247,-5,5,-29
1759485187.0546248,4,1,-30
1759485187.092625,-2,1,-36
1759485187.128625,0,-1,-34
1759485187.1666248,-2,0,-29
1759485187.204625,-6,2,-23
1759485187.2426248,-1,-4,-35
1759485187.2786248,0,-5,-36
1759485187.3166249,3,-5,-36
1759485187.3536248,8,0,-25
1759485187.3926249,-4,4,-37
1759485187.4286249,-1,-1,-34
1759485187.4666247,1,2,-38
1759485187.5056248,5,0,-30
1759485187.5436249,2,-1,-32
1759485187.579625,-3,4,-38
1759485187.6176248,-4,1,-42
1759485187.6556249,3,-2,-45
1759485187.6936247,-1,1,-51
1759485187.7296247,4,3,-45
1759485187.7666247,0,1,-45
1759485187.8056247,-2,-1,-39
1759485187.8436248,-1,-4,-38
1759485187.8796248,6,-3,-27
1759485187.9166248,4,-2,-44
1759485187.9556248,-4,3,-33
1759485187.9936247,2,0,-28
1759485188.0296247,6,0,-38
1759485188.0666249,5,0,-40
1759485188.105625,-6,-2,-42
1759485188.1436248,-1,0,-36
1759485188.1796248,0,0,-37
1759485188.2166247,0,-1,-33
1759485188.2556248,-8,-6,-27
1759485188.2936249,-5,-5,-34
1759485188.329625,1,-8,-37
1759485188.3686247,4,5,-29
1759485188.4056249,1,-4,-29
1759485188.444625,2,0,-27
1759485188.4826248,0,0,-32
1759485188.5186248,3,7,-32
1759485188.5556247,2,3,-34
1759485188.5946248,-4,-5,-44
1759485188.6326249,-4,0,-40
1759485188.6686249,-6,2,-36
1759485188.7066247,-1,5,-40
1759485188.7456248,4,-7,-45
1759485188.783625,0,0,-39
1759485188.819625,-1,2,-56
1759485188.8586247,-3,7,-48
1759485188.8966248,-2,1,-33
1759485188.934625,1,3,-37
1759485188.9716249,2,1,-45
1759485189.0086248,0,1,-41
1759485189.0476248,1,5,-36
1759485189.0856247,-2,4,-28
1759485189.1236248,-1,-3,-35
1759485189.1596248,0,-7,-31
1759485189.1976247,7,-2,-30
1759485189.2356248,11,-2,-23
1759485189.273625,7,4,-30
1759485189.309625,-5,1,-32
1759485189.3466249,5,1,-36
1759485189.385625,0,3,-38
1759485189.4236248,0,7,-41
1759485189.4686248,-1,9,-42
1759485189.5066247,1,2,-34
1759485189.5446248,2,-5,-39
1759485189.5806248,0,-1,-44
1759485189.6196249,2,-3,-40
1759485189.6566248,-3,-3,-31
1759485189.6956248,-4,-4,-36
1759485189.7336247,3,-8,-33
1759485189.7696247,2,-5,-27
1759485189.8076248,5,-1,-40
1759485189.8466249,-1,0,-27
1759485189.8846247,2,0,-34
1759485189.9206247,1,1,-28
1759485189.957625,4,2,-32
1759485189.9966247,6,5,-53
1759485190.0346248,7,-6,-47
1759485190.0706248,2,-6,-37
1759485190.1076248,0,-5,-34
1759485190.1466248,-4,-2,-33
1759485190.184625,1,4,-48
1759485190.2206247,5,6,-46
1759485190.2576249,-1,-4,-46
1759485190.296625,-2,-8,-44
1759485190.3346248,1,4,-46
1759485190.3706248,-3,5,-42
1759485190.4076247,-2,1,-34
1759485190.4456248,4,3,-42
1759485190.4846249,-1,-2,-29
1759485190.5206249,-1,2,-36
1759485190.5586247,-4,-5,-34
1759485190.5976248,0,-2,-41
1759485190.635625,-1,1,-41
1759485190.671625,-1,2,-27
1759485190.7096248,0,0,-24
1759485190.7486248,-1,-4,-32
1759485190.786625,-6,-4,-34
1759485190.8246248,-4,-3,-43
1759485190.8606248,0,-2,-32
1759485190.8996248,6,3,-28
1759485190.9366248,1,7,-49
1759485190.9756248,0,4,-47
1759485191.0116248,3,0,-42
1759485191.0486248,4,0,-39
1759485191.0866249,0,-4,-42
1759485191.125625,2,-4,-31
1759485191.161625,7,-7,-40
1759485191.1996248,6,0,-38
1759485191.237625,5,1,-38
1759485191.2756248,2,-3,-47
1759485191.3116248,2,-1,-45
1759485191.3496249,1,-3,-43
1759485191.3876247,6,-2,-36
1759485191.4266248,3,2,-29
1759485191.464625,-2,0,-39
1759485191.500625,-1,-2,-42
1759485191.5386248,2,-6,-42
1759485191.5766249,2,-8,-35
1759485191.615625,-3,0,-45
1759485191.6526248,-3,0,-37
1759485191.6906247,2,-2,-29
1759485191.7286248,3,-1,-33
1759485191.7666247,5,5,-34
1759485191.8046248,3,2,-38
1759485191.8406248,3,5,-51
1759485191.878625,11,3,-36
1759485191.9166248,2,0,-29
1759485191.954625,5,0,-31
1759485191.990625,0,0,-35
1759485192.0286248,-1,0,-48
1759485192.0666249,-8,-1,-42
1759485192.1046247,1,0,-37
1759485192.1406248,-3,-3,-32
1759485192.1786249,-3,-2,-35
1759485192.2166247,3,0,-28
1759485192.2556248,2,5,-32
1759485192.2916248,0,2,-38
1759485192.329625,8,8,-36
1759485192.3666248,0,-3,-34
1759485192.4056249,5,-5,-33
1759485192.4416249,-2,-6,-35
1759485192.4796247,-2,4,-35
1759485192.5176249,-5,-1,-27
1759485192.556625,0,0,-32
1759485192.592625,3,-4,-35
1759485192.6306248,1,0,-25
1759485192.6676247,6,1,-29
1759485192.7066247,-8,4,-36
1759485192.7426248,0,-4,-33
1759485192.7796247,3,0,-32
1759485192.8176248,1,0,-43
1759485192.8566248,-4,-2,-39
1759485192.8926249,0,-4,-39
1759485192.9306247,-8,-3,-34
1759485192.9686248,-11,-3,-29
1759485193.0076249,-4,1,-34
1759485193.0456247,3,4,-37
1759485193.0816247,5,0,-30
1759485193.1186247,3,-3,-34
1759485193.1576247,0,-2,-29
1759485193.1956248,-5,0,-38
1759485193.2316248,5,1,-34
1759485193.2686248,0,0,-33
1759485193.3076248,0,-1,-43
1759485193.3456247,0,2,-46
1759485193.3816247,4,6,-36
1759485193.4186249,6,-1,-48
1759485193.457625,5,2,-46
1759485193.4956248,1,0,-45
1759485193.5326247,2,2,-41
1759485193.5706248,-2,3,-32
1759485193.6086247,-7,-2,-36
1759485193.6466248,-1,-5,-32
1759485193.6826248,0,-5,-30
1759485193.7206247,0,-8,-36
1759485193.7586248,4,0,-37
1759485193.796625,-8,5,-42
1759485193.832625,2,0,-45
1759485193.8706248,6,-4,-43
1759485193.9076247,5,0,-31
1759485193.9466248,3,-1,-39
1759485193.9826248,0,0,-41
1759485194.0206249,4,-6,-53
1759485194.0576248,6,0,-38
1759485194.0966249,0,2,-40
1759485194.1326249,6,2,-44
1759485194.171625,0,2,-43
1759485194.2096248,4,6,-38
1759485194.2476249,-1,3,-44
1759485194.283625,-3,-1,-33
1759485194.3226247,2,-6,-27
1759485194.3596249,-2,-1,-27
1759485194.398625,-1,-1,-37
1759485194.4366248,5,-3,-32
1759485194.4726248,7,-3,-33
1759485194.510625,0,-4,-38
1759485194.5486248,-6,0,-36
1759485194.5876248,-2,-1,-45
1759485194.6236248,2,-2,-36
1759485194.6626248,2,-5,-45
1759485194.7006247,5,-5,-42
1759485194.7386248,-4,0,-37
1759485194.776625,-1,0,-43
1759485194.8126247,2,-2,-34
1759485194.8516247,5,1,-41
1759485194.8896248,0,0,-35
1759485194.9276247,0,2,-32
1759485194.9636247,6,-3,-34
1759485195.000625,5,-1,-39
1759485195.0396247,-6,-6,-37
1759485195.0776248,-10,-4,-35
1759485195.1136248,-5,-2,-40
1759485195.151625,-1,-2,-43
1759485195.1906247,-4,0,-41
1759485195.2286248,0,-2,-47
1759485195.2666247,0,0,-31
1759485195.3026247,2,2,-27
1759485195.339625,1,4,-37
1759485195.378625,7,1,-34
1759485195.4166248,-5,1,-41
1759485195.4526248,-1,-2,-36
1759485195.490625,2,0,-35
1759485195.5296247,2,0,-46
1759485195.5676248,-4,-6,-41
1759485195.6036248,-5,-3,-40
1759485195.6426249,-9,-3,-44
1759485195.6796248,-2,4,-36
1759485195.7186248,-2,5,-32
1759485195.7546248,-5,2,-43
1759485195.7936249,6,-7,-44
1759485195.8316247,0,4,-42
1759485195.8686247,-3,-1,-40
1759485195.9076247,2,-6,-48
1759485195.9436247,4,-3,-52
1759485195.9816248,-1,4,-44
1759485196.0196247,0,0,-37
1759485196.0576248,-2,2,-46
1759485196.0936248,-5,0,-44
1759485196.1316247,-1,0,-33
1759485196.1686249,0,1,-39
1759485196.207625,-5,0,-43
1759485196.2436247,-1,4,-37
1759485196.2816248,3,0,-42
1759485196.319625,2,2,-30
1759485196.3576248,0,0,-30
1759485196.3936248,1,2,-34
1759485196.431625,-2,-2,-36
1759485196.4696248,-6,-5,-28
1759485196.5076249,5,6,-30
1759485196.5436249,1,-3,-26
1759485196.5816247,0,0,-41
1759485196.6196249,1,-1,-41
1759485196.6576247,1,-2,-41
1759485196.6936247,0,1,-39
1759485196.7316248,0,3,-34
1759485196.7696247,12,2,-42
1759485196.8076248,4,3,-39
1759485196.8436248,-5,2,-40
1759485196.8816247,-7,5,-35
1759485196.9196248,-4,-1,-31
1759485196.957625,1,1,-36
1759485196.9936247,7,2,-36
1759485197.0316248,2,0,-43
1759485197.069625,6,0,-33
1759485197.1076248,1,1,-47
1759485197.1436248,0,0,-40
1759485197.181625,-7,4,-38
1759485197.2196248,0,-1,-48
1759485197.2576249,4,4,-43
1759485197.2936249,3,0,-41
1759485197.3316247,-3,-10,-36
1759485197.3696249,2,-6,-46
1759485197.4056249,0,3,-51
1759485197.4436247,2,8,-41
1759485197.480625,-1,7,-38
1759485197.5196247,0,5,-44
1759485197.5556247,3,0,-43
1759485197.592625,3,8,-36
1759485197.6316247,3,1,-40
1759485197.6696248,0,-1,-36
1759485197.7066247,2,0,-45
1759485197.7446249,5,2,-36
1759485197.7826247,-1,-2,-25
1759485197.819625,7,-3,-29
1759485197.8586247,0,-4,-47
1759485197.8946247,1,0,-50
1759485197.9326248,2,1,-34
1759485197.9696248,4,0,-36
1759485198.0086248,-1,-2,-35
1759485198.0446248,4,-8,-39
1759485198.082625,1,-9,-31
1759485198.1206248,0,0,-40
1759485198.158625,8,4,-35
1759485198.194625,5,4,-37
1759485198.2326248,3,-3,-35
1759485198.2706249,0,0,-42
1759485198.3086247,-1,0,-42
1759485198.3446248,-2,0,-38
1759485198.3826249,-7,-4,-44
1759485198.4206247,2,2,-45
1759485198.4586248,2,2,-35
1759485198.4946249,7,2,-46
1759485198.5316248,2,5,-30
1759485198.5706248,-3,-1,-29
1759485198.6086247,-1,-11,-41
1759485198.6446247,0,-5,-42
1759485198.6826248,7,-11,-34
1759485198.7206247,9,-3,-37
1759485198.7596247,2,-4,-38
1759485198.7956247,9,0,-39
1759485198.832625,2,-1,-40
1759485198.8706248,4,2,-33
1759485198.9096248,-3,4,-36
1759485198.9456248,-6,2,-33
1759485198.9846249,-6,3,-43
1759485199.0216248,-6,4,-40
1759485199.0606248,-6,-6,-32
1759485199.0986247,0,2,-26
1759485199.1346247,0,-1,-33
1759485199.1726248,-1,0,-34
1759485199.2106247,4,-7,-42
1759485199.2496247,-3,-5,-34
1759485199.2856247,-6,-1,-40
1759485199.3236248,-1,-5,-23
1759485199.362625,0,-1,-28
1759485199.4006248,-3,2,-34
1759485199.4366248,-2,0,-38
1759485199.4826248,-6,0,-34
1759485199.5206249,6,0,-33
1759485199.556625,7,4,-43
1759485199.5956247,1,1,-39
1759485199.6336248,0,-4,-39
1759485199.6706247,-4,0,-25
1759485199.7096248,0,0,-24
1759485199.7456248,0,-1,-33
1759485199.783625,-9,-8,-39
1759485199.8206248,-2,-8,-28
1759485199.8596249,-4,-5,-29
1759485199.8956249,-2,0,-34
1759485199.9336247,-6,-1,-39
1759485199.9716249,-8,-2,-31
1759485200.010625,0,1,-43
1759485200.046625,-8,-1,-46
1759485200.0846248,-4,0,-32
1759485200.1226249,-1,-4,-30
1759485200.161625,-1,-5,-40
1759485200.1996248,0,-1,-42
1759485200.2356248,-4,0,-51
1759485200.273625,5,4,-45
1759485200.3126247,-1,2,-48
1759485200.3506248,0,-1,-29
1759485200.3866248,3,-3,-44
1759485200.4236248,0,1,-49
1759485200.4616249,6,3,-48
1759485200.500625,5,-2,-52
1759485200.536625,-2,-3,-46
1759485200.5756247,6,-6,-43
1759485200.6136248,-1,2,-40
1759485200.651625,-3,8,-34
1759485200.6896248,3,10,-33
1759485200.7266247,-1,3,-33
1759485200.763625,-3,0,-39
1759485200.8016248,-3,0,-39
1759485200.8406248,-1,-5,-42
1759485200.8766248,-3,-2,-44
1759485200.9146247,0,0,-41
1759485200.9526248,1,1,-47
1759485200.9916248,0,0,-33
1759485201.0276248,1,2,-25
1759485201.0646248,1,-4,-37
1759485201.102625,-1,-3,-41
1759485201.1416247,-6,-3,-36
1759485201.1776247,-4,0,-34
1759485201.2166247,0,-7,-25
1759485201.2546248,0,-5,-39
1759485201.2926247,-2,-1,-47
1759485201.3306248,10,2,-39
1759485201.3666248,1,-3,-36
1759485201.4036248,-5,-5,-37
1759485201.4426248,-4,0,-37
1759485201.480625,-5,-1,-50
1759485201.5166247,-3,5,-45
1759485201.5556247,-6,4,-40
1759485201.5936248,-3,3,-31
1759485201.6316247,-4,2,-36
1759485201.6676247,3,-2,-32
1759485201.7056248,9,4,-24
1759485201.7446249,3,5,-43
1759485201.7826247,6,1,-31
1759485201.8206248,3,-6,-32
1759485201.8566248,4,-5,-32
1759485201.8946247,1,-3,-42
1759485201.9326248,-3,-7,-32
1759485201.9706247,-7,-6,-32
1759485202.0066247,-8,-4,-29
1759485202.0446248,0,-3,-34
1759485202.082625,8,0,-39
1759485202.1216247,0,-8,-36
1759485202.1576247,3,0,-31
1759485202.194625,4,-7,-35
1759485202.2326248,4,-3,-43
1759485202.2716248,1,1,-38
1759485202.3076248,3,0,-40
1759485202.3446248,-1,-3,-40
1759485202.3826249,-4,-5,-39
1759485202.421625,-1,-7,-27
1759485202.457625,0,-3,-32
1759485202.4956248,0,-8,-43
1759485202.5326247,0,0,-25
1759485202.5716248,2,3,-39
1759485202.6076248,-2,-2,-37
1759485202.6456249,0,1,-40
1759485202.6836247,1,2,-33
1759485202.7226248,-1,0,-34
1759485202.7586248,-3,0,-33
1759485202.796625,0,-4,-40
1759485202.8356247,-1,0,-48
1759485202.8736248,4,-4,-41
1759485202.911625,2,-9,-40
1759485202.9476247,0,-14,-36
1759485202.9856248,-2,-9,-45
1759485203.0226247,-5,0,-40
1759485203.0616248,-2,-1,-45
1759485203.0976248,-4,1,-30
1759485203.1346247,-2,0,-39
1759485203.1736248,6,1,-44
1759485203.2116249,0,4,-47
1759485203.2476249,0,0,-44
1759485203.2856247,-6,-1,-43
1759485203.3236248,-2,-6,-42
1759485203.3616247,-1,-7,-36
1759485203.3976247,-2,-4,-45
1759485203.4356248,4,-5,-42
1759485203.4736247,3,-3,-45
1759485203.5126247,0,-2,-38
1759485203.5486248,0,-4,-34
1759485203.5866249,1,0,-39
1759485203.6236248,-4,0,-43
1759485203.6626248,0,1,-32
1759485203.6986248,1,0,-41
1759485203.7366247,-3,-4,-29
1759485203.7746248,0,-6,-37
1759485203.8136249,-5,0,-40
1759485203.8516247,-3,4,-36
1759485203.8876247,0,-3,-34
1759485203.9246247,-4,-2,-32
1759485203.9636247,-2,0,-37
1759485204.0016248,2,-1,-37
1759485204.0376248,-2,-1,-45
1759485204.0756247,-1,2,-31
1759485204.1136248,2,1,-26
1759485204.1526248,7,-3,-36
1759485204.1886249,4,-5,-42
1759485204.227625,-1,7,-31
1759485204.2646248,2,0,-39
1759485204.3036249,3,9,-37
1759485204.3416247,5,10,-30
1759485204.3776248,0,0,-48
1759485204.4146247,9,0,-46
1759485204.4536247,-2,-2,-49
1759485204.4896247,-4,2,-46
1759485204.526625,0,0,-35
1759485204.5656247,1,0,-43
1759485204.6036248,4,0,-40
1759485204.6396248,3,-6,-47
1759485204.6766248,-1,-1,-43
1759485204.7156248,-7,-5,-29
1759485204.753625,0,-3,-40
1759485204.7896247,-4,-2,-31
1759485204.8276248,1,-1,-42
1759485204.8666248,-1,1,-37
1759485204.9046247,0,-2,-24
1759485204.9426248,-1,0,-30
1759485204.9796247,-4,-3,-34
1759485205.0166247,-1,5,-31
1759485205.0556247,0,0,-44
1759485205.0936248,2,0,-37
1759485205.1296248,-5,-2,-35
1759485205.1676247,2,0,-37
1759485205.2056248,5,0,-34
1759485205.2446249,1,-3,-34
1759485205.2826247,-7,-5,-28
1759485205.3186247,-6,-2,-38
1759485205.3566248,-4,0,-47
1759485205.3956249,-4,9,-44
1759485205.4336247,-11,1,-23
1759485205.4696248,-5,-5,-30
1759485205.5086248,0,-5,-28
1759485205.546625,0,-3,-32
1759485205.5846248,2,-1,-38
1759485205.6226249,-1,6,-34
1759485205.658625,-1,7,-43
1759485205.6956248,3,-3,-44
1759485205.7346249,-2,-3,-31
1759485205.7726247,4,-2,-43
1759485205.8086247,-3,-5,-39
1759485205.8476248,-5,-3,-35
1759485205.8846247,-1,-5,-39
1759485205.9236248,9,4,-30
1759485205.9596248,0,-1,-33
1759485205.9976249,-2,0,-40
1759485206.0346248,-1,-1,-36
1759485206.0736248,-3,7,-33
1759485206.1096249,-4,8,-36
1759485206.1476247,-1,4,-37
1759485206.184625,9,-2,-37
1759485206.2236247,12,-1,-43
1759485206.2596247,1,-2,-32
1759485206.2986248,-2,-1,-24
1759485206.3356247,-1,-4,-36
1759485206.3746247,-9,-5,-36
1759485206.4106247,-1,-6,-35
1759485206.4486248,1,0,-27
1759485206.487625,-1,-5,-40
1759485206.5256248,3,-8,-50
1759485206.5636249,0,-6,-40
1759485206.5996249,3,1,-37
1759485206.6366248,0,-1,-35
1759485206.6756248,1,-7,-39
1759485206.7136247,-4,-10,-34
1759485206.750625,-3,0,-37
1759485206.7886248,0,-4,-41
1759485206.8256247,-11,-4,-35
1759485206.8646247,-1,-7,-38
1759485206.9006248,0,-7,-36
1759485206.9376247,-2,-2,-37
1759485206.9766247,2,-2,-39
1759485207.0146248,0,-2,-38
1759485207.0506248,4,0,-35
1759485207.0876248,1,2,-31
1759485207.1266248,-1,4,-38
1759485207.1646247,0,0,-49
1759485207.2006247,-3,-3,-36
1759485207.2396247,3,-3,-33
1759485207.2776248,6,-7,-23
1759485207.3156247,5,2,-35
1759485207.3536248,-2,4,-32
1759485207.3896248,-1,5,-48
1759485207.4276247,-1,2,-44
1759485207.4656248,-2,1,-43
1759485207.5046248,0,0,-30
1759485207.5416248,-3,5,-27
1759485207.5786247,-5,2,-27
1759485207.615625,0,2,-33
1759485207.6546247,0,1,-51
1759485207.6906247,-4,0,-44
1759485207.7286248,-9,-2,-32
1759485207.7666247,-4,-9,-37
1759485207.8056247,-2,-7,-36
1759485207.8416247,-2,-2,-29
1759485207.8796248,-1,-6,-42
1759485207.9176247,-7,-4,-46
1759485207.9566247,-10,3,-41
1759485207.9946249,0,-2,-39
1759485208.0306249,4,7,-33
1759485208.069625,-2,3,-42
1759485208.1066248,0,0,-52
1759485208.1456249,0,7,-56
1759485208.1826248,-4,6,-52
1759485208.2196248,-1,5,-43
1759485208.2576249,0,1,-46
1759485208.2956247,2,0,-44
1759485208.3346248,3,1,-36
1759485208.3706248,5,4,-39
1759485208.408625,0,4,-47
1759485208.4456248,2,4,-41
1759485208.4846249,8,1,-42
1759485208.5206249,0,2,-48
1759485208.5586247,1,-5,-46
1759485208.5966249,-6,9,-38
1759485208.6346247,0,2,-31
1759485208.6706247,2,4,-38
1759485208.707625,-4,0,-34
1759485208.7466247,-3,-1,-34
1759485208.7846248,-6,3,-25
1759485208.8206248,0,7,-34
1759485208.8576248,3,3,-30
1759485208.8966248,3,-2,-33
1759485208.934625,0,-5,-40
1759485208.9706247,0,-13,-42
1759485209.0086248,-5,-2,-34
1759485209.046625,3,-2,-40
1759485209.0856247,-6,2,-50
1759485209.1216247,1,0,-39
1759485209.1596248,-3,3,-41
1759485209.1986248,-6,4,-36
1759485209.2366247,0,-5,-43
1759485209.2746248,0,-3,-42
1759485209.3106248,0,0,-33
1759485209.3476248,-5,4,-33
1759485209.3866248,-6,-2,-43
1759485209.4246247,2,-6,-30
1759485209.4606247,-1,-9,-41
1759485209.5066247,0,-4,-31
1759485209.5446248,0,0,-49
1759485209.5806248,-3,-3,-40
1759485209.6196249,-2,-3,-37
1759485209.6576247,-5,-3,-37
1759485209.6956248,-5,-5,-46
1759485209.7316248,5,-3,-43
1759485209.7706249,0,0,-37
1759485209.8086247,0,7,-25
1759485209.8466249,2,-1,-37
1759485209.8826249,-8,4,-45
1759485209.921625,3,-1,-40
1759485209.9586248,3,8,-36
1759485209.9966247,3,2,-45
1759485210.0356247,1,0,-31
1759485210.0716248,1,1,-38
1759485210.1096249,-1,-1,-43
1759485210.1476247,0,3,-37
1759485210.1856248,-2,-1,-42
1759485210.2216249,0,2,-41
1759485210.2596247,2,0,-43
1759485210.296625,-10,3,-37
1759485210.3356247,-6,4,-56
1759485210.3716247,-3,0,-46
1759485210.4096248,-3,0,-41
1759485210.4486248,-5,2,-46
1759485210.4866247,2,-1,-48
1759485210.5226247,-1,-6,-37
1759485210.5616248,0,-2,-36
1759485210.5986247,-5,-2,-40
1759485210.6376247,0,0,-30
1759485210.6756248,2,-1,-39
1759485210.7116249,-2,-3,-37
1759485210.7496247,7,-8,-27
1759485210.7886248,5,2,-39
1759485210.8266249,5,-2,-31
1759485210.862625,1,2,-37
1759485210.901625,4,0,-39
1759485210.9386249,3,2,-48
1759485210.977625,0,2,-44
1759485211.0156248,2,0,-40
1759485211.0516248,-4,4,-44
1759485211.0886247,-4,5,-45
1759485211.1276248,0,2,-37
1759485211.1656249,-7,0,-34
1759485211.2016249,6,0,-45
1759485211.2386248,-2,-5,-43
1759485211.2776248,1,-5,-30
1759485211.3156247,4,1,-37
1759485211.3516247,3,-1,-36
1759485211.3896248,5,-3,-31
1759485211.4276247,0,-1,-34
1759485211.4666247,6,0,-33
1759485211.5026248,2,4,-39
1759485211.5396247,-3,3,-49
1759485211.5786247,6,3,-41
1759485211.6166248,0,9,-48
1759485211.6526248,6,0,-43
1759485211.6896248,0,-2,-39
1759485211.727625,-2,3,-32
1759485211.7666247,-3,0,-37
1759485211.8026247,-2,-6,-38
1759485211.8406248,-2,0,-38
1759485211.878625,2,1,-57
1759485211.9176247,-4,3,-46
1759485211.9536247,-5,-3,-35
1759485211.9916248,-1,0,-44
1759485212.0296247,-2,5,-50
1759485212.0686247,-3,5,-40
1759485212.1066248,-1,2,-42
1759485212.1426249,3,-1,-32
1759485212.1806247,2,0,-33
1759485212.2196248,8,-5,-30
1759485212.2576249,3,-8,-21
1759485212.2936249,4,-4,-26
1759485212.3316247,4,-7,-34
1759485212.3696249,-1,-3,-36
1759485212.408625,-6,-3,-40
1759485212.4466248,-8,0,-42
1759485212.4826248,0,5,-47
1759485212.5206249,0,-2,-42
1759485212.5586247,-1,-1,-39
1759485212.5966249,1,-4,-32
1759485212.6326249,2,-2,-36
1759485212.6696248,1,-6,-41
1759485212.7086248,1,-3,-35
1759485212.7466247,-5,-3,-36
1759485212.7826247,0,0,-43
1759485212.819625,0,0,-48
1759485212.8586247,9,-1,-32
1759485212.8966248,8,-1,-39
1759485212.9326248,1,1,-37
1759485212.9696248,-11,-7,-34
1759485213.0086248,-3,-8,-40
1759485213.046625,-3,-11,-38
1759485213.082625,1,-7,-48
1759485213.1216247,0,-2,-43
1759485213.158625,-6,-2,-40
1759485213.1976247,1,3,-41
1759485213.2336247,-1,1,-41
1759485213.2716248,0,0,-44
1759485213.309625,-4,-3,-30
1759485213.3486247,2,-2,-42
1759485213.3846247,0,-1,-35
1759485213.4236248,-2,-7,-42
1759485213.4616249,-1,-3,-43
1759485213.4986248,0,-1,-33
1759485213.5376248,2,-1,-36
1759485213.5736248,0,-1,-36
1759485213.6116247,-5,-5,-21
1759485213.648625,-4,2,-30
1759485213.6876247,0,4,-37
1759485213.7236247,4,-2,-39
1759485213.7616248,-5,-2,-35
1759485213.7996247,0,-3,-39
1759485213.8386247,0,0,-30
1759485213.8746247,-7,0,-29
1759485213.911625,1,-5,-37
1759485213.9496248,2,-2,-37
1759485213.9886248,0,2,-32
1759485214.0246248,4,1,-38
1759485214.0626247,0,-5,-34
1759485214.0996249,5,-7,-39
1759485214.138625,-5,-7,-35
1759485214.1746247,-1,-2,-44
1759485214.2126248,8,5,-37
1759485214.250625,3,6,-35
1759485214.2896247,4,5,-33
1759485214.3276248,-6,4,-34
1759485214.3636248,-1,-1,-36
1759485214.401625,6,-8,-23
1759485214.4396248,0,-2,-35
1759485214.477625,-8,0,-44
1759485214.5146248,-8,1,-27
1759485214.5526247,-4,0,-27
1759485214.589625,-6,1,-27
1759485214.628625,-2,0,-30
1759485214.6646247,3,2,-31
1759485214.7016249,0,2,-31
1759485214.740625,4,3,-30
1759485214.7786248,0,3,-22
1759485214.8146248,3,8,-29
1759485214.852625,-6,7,-43
1759485214.8896248,-8,4,-42
1759485214.9286249,-9,-4,-42
1759485214.964625,-9,0,-46
1759485215.003625,-2,-10,-43
1759485215.0416248,2,-1,-35
1759485215.079625,-4,4,-44
1759485215.115625,-2,1,-50
1759485215.1536248,0,0,-42
1759485215.1916249,-2,0,-35
1759485215.2296247,6,-4,-39
1759485215.2656248,9,0,-27
1759485215.3036249,0,2,-20
1759485215.3416247,-4,-4,-26
1759485215.3806248,-2,2,-32
1759485215.4186249,2,-1,-34
1759485215.454625,-2,-2,-41
1759485215.4926248,4,-3,-39
1759485215.5306249,3,3,-36
1759485215.569625,-3,-3,-36
1759485215.605625,-5,-5,-39
1759485215.6436248,2,-3,-32
1759485215.6826248,-3,-4,-36
1759485215.7206247,6,-6,-38
1759485215.7586248,4,-1,-39
1759485215.7946248,2,0,-23
1759485215.8316247,0,-8,-29
1759485215.8706248,5,-4,-32
1759485215.908625,5,4,-37
1759485215.944625,4,-2,-43
1759485215.9836247,3,1,-38
1759485216.0206249,6,-4,-27
1759485216.059625,3,-5,-29
1759485216.0966249,-2,5,-29
1759485216.1336248,-3,-2,-49
1759485216.1726248,0,-3,-41
1759485216.2106247,6,3,-42
1759485216.2486248,-3,3,-33
1759485216.2846248,-4,1,-28
1759485216.3226247,-5,-1,-36
1759485216.3606248,-1,-4,-36
1759485216.3996248,-7,-4,-36
1759485216.4356248,-3,4,-50
1759485216.4736247,1,0,-41
1759485216.5126247,-8,-2,-44
1759485216.5506248,0,-5,-35
1759485216.5866249,3,-5,-45
1759485216.6246247,-4,-7,-33
1759485216.6636248,5,4,-36
1759485216.7016249,4,-3,-34
1759485216.7396247,-2,1,-31
1759485216.7756248,-5,0,-30
1759485216.8126247,-1,-2,-26
1759485216.8516247,0,5,-28
1759485216.8896248,-3,6,-36
1759485216.9256248,-2,2,-36
1759485216.964625,0,-2,-20
1759485217.0026248,2,-6,-23
1759485217.0406249,-6,3,-26
1759485217.0766249,-8,6,-36
1759485217.1146247,0,7,-39
1759485217.151625,-4,5,-38
1759485217.1906247,-3,1,-42
1759485217.2266247,-1,4,-34
1759485217.2646248,-2,-9,-35
1759485217.3026247,-2,-11,-40
1759485217.3416247,-2,-7,-48
1759485217.3796248,-5,0,-37
1759485217.4156249,0,-2,-44
1759485217.4536247,-2,5,-41
1759485217.4916248,0,1,-30
1759485217.5306249,-2,0,-41
1759485217.5666249,-6,-4,-34
1759485217.605625,-4,0,-41
1759485217.6426249,5,-2,-37
1759485217.681625,2,-2,-33
1759485217.7196248,0,0,-34
1759485217.7556248,4,1,-33
1759485217.7926247,-1,-1,-29
1759485217.8316247,0,0,-33
1759485217.8696249,-5,6,-36
1759485217.9056249,-8,2,-33
1759485217.9426248,-4,-3,-22
1759485217.9816248,0,-5,-29
1759485218.0196247,4,1,-37
1759485218.0556247,-3,0,-46
1759485218.0946248,-2,-2,-41
1759485218.1326249,4,0,-56
1759485218.1706247,0,-2,-34
1759485218.207625,-4,-5,-20
1759485218.2446249,3,-4,-21
1759485218.2826247,-2,-4,-37
1759485218.3216248,2,-4,-49
1759485218.3576248,-1,-3,-40
1759485218.3956249,-5,7,-28
1759485218.4336247,-7,0,-46
1759485218.4716249,-7,2,-35
1759485218.510625,-2,-1,-35
1759485218.546625,-4,0,-29
1759485218.5856247,-4,0,-33
1759485218.6226249,-5,-4,-39
1759485218.661625,-3,-3,-27
1759485218.6976247,-8,-5,-34
1759485218.7366247,1,-4,-35
1759485218.7746248,3,0,-47
1759485218.8116248,3,-2,-36
1759485218.8506248,3,-8,-29
1759485218.8866248,0,0,-33
1759485218.9246247,-2,-1,-37
1759485218.9616249,-2,-4,-36
1759485219.000625,-2,0,-24
1759485219.036625,0,3,-32
1759485219.0746248,0,1,-34
1759485219.112625,0,2,-33
1759485219.1506248,-2,5,-31
1759485219.1866248,0,5,-45
1759485219.2236247,0,1,-41
1759485219.2626247,0,2,-41
1759485219.3006248,-3,-2,-29
1759485219.3366249,0,1,-34
1759485219.3736248,0,1,-33
1759485219.4126248,1,-1,-33
1759485219.4506247,0,-4,-39
1759485219.4866247,1,4,-41
1759485219.5326247,-4,-4,-41
1759485219.5706248,-2,0,-33
1759485219.6066248,-5,3,-40
1759485219.6456249,3,0,-41
1759485219.6836247,2,0,-42
1759485219.7216249,-2,3,-42
1759485219.7576249,-1,3,-45
1759485219.7956247,0,2,-37
1759485219.8336248,-4,1,-38
1759485219.8726249,-2,0,-32
1759485219.9106247,1,0,-36
1759485219.9466248,-2,-5,-40
1759485219.9846249,-9,-3,-30
1759485220.0226247,-6,-11,-40
1759485220.0616248,-3,-6,-37
1759485220.0976248,-1,-8,-31
1759485220.1366248,0,0,-30
1759485220.1746247,2,4,-28
1759485220.2126248,6,3,-36
1759485220.2486248,0,1,-40
1759485220.2856247,5,1,-41
1759485220.3246248,-3,4,-33
1759485220.362625,-9,3,-32
1759485220.398625,-3,1,-22
1759485220.4376247,-1,-2,-37
1759485220.4746249,-2,-5,-41
1759485220.513625,-1,0,-36
1759485220.5516248,-8,-2,-40
1759485220.5876248,-5,-2,-26
1759485220.6266248,2,4,-28
1759485220.6636248,0,5,-20
1759485220.7026248,0,-1,-22
1759485220.7386248,-1,-5,-15
1759485220.776625,2,1,-27
1759485220.8146248,-3,1,-28
1759485220.8536248,-1,-2,-35
1759485220.8916247,0,3,-38
1759485220.9276247,-3,2,-46
1759485220.964625,2,0,-40
1759485221.003625,-1,-3,-30
1759485221.0416248,-2,0,-42
1759485221.0776248,1,-1,-41
1759485221.115625,0,4,-36
1759485221.1546247,3,3,-45
1759485221.1926248,4,2,-44
1759485221.2296247,2,1,-40
1759485221.2666247,0,-6,-44
1759485221.3056247,-6,3,-37
1759485221.3436248,-1,0,-27
1759485221.3816247,1,-1,-33
1759485221.4176247,-5,3,-38
1759485221.4556248,-11,3,-29
1759485221.4936247,-7,0,-48
1759485221.5326247,0,-7,-44
1759485221.5686247,-2,-1,-34
1759485221.6066248,-1,4,-34
1759485221.6446247,1,0,-46
1759485221.6836247,-2,0,-45
1759485221.7216249,0,1,-39
1759485221.7576249,-1,5,-38
1759485221.7946248,0,0,-46
1759485221.8336248,4,-2,-30
1759485221.8696249,8,0,-35
1759485221.9066248,0,0,-45
1759485221.944625,5,0,-46
1759485221.9836247,6,-1,-31
1759485222.0196247,3,-2,-35
1759485222.0576248,-6,-1,-33
1759485222.0966249,-5,5,-35
1759485222.1346247,6,0,-41
1759485222.1726248,-1,-4,-39
1759485222.2086248,-3,-3,-33
1759485222.2466247,0,0,-25
1759485222.2856247,3,3,-41
1759485222.3236248,3,2,-35
1759485222.3596249,6,-5,-41
1759485222.3966248,10,-5,-35
1759485222.4356248,-4,-1,-38
1759485222.4736247,8,0,-40
1759485222.5096247,5,1,-34
1759485222.5476248,7,1,-36
1759485222.5846248,2,1,-40
1759485222.6236248,-3,7,-29
1759485222.6596248,-5,-1,-24
1759485222.6986248,1,-9,-30
1759485222.7366247,-3,-3,-32
1759485222.7746248,2,-2,-36
1759485222.8126247,0,-4,-46
1759485222.8486247,0,-7,-46
1759485222.8866248,1,-2,-32
1759485222.9246247,0,1,-55
1759485222.9626248,-3,0,-44
1759485222.9986248,-3,2,-32
1759485223.036625,-5,0,-37
1759485223.0746248,0,2,-42
1759485223.112625,1,-3,-32
1759485223.148625,2,0,-19
1759485223.1866248,0,1,-25
1759485223.2246249,0,-7,-47
1759485223.263625,1,-3,-38
1759485223.2996247,-3,-1,-41
1759485223.3386247,3,0,-47
1759485223.375625,2,3,-45
1759485223.4146247,-1,0,-34
1759485223.4526248,-3,0,-35
1759485223.4886248,-6,0,-46
1759485223.526625,4,7,-40
1759485223.5656247,0,5,-47
1759485223.6036248,-2,1,-30
1759485223.6396248,0,-7,-38
1759485223.6766248,-2,-2,-32
1759485223.714625,-4,-2,-39
1759485223.753625,1,-7,-38
1759485223.7896247,-2,6,-33
1759485223.8286247,1,0,-35
1759485223.8666248,-1,-5,-25
1759485223.9046247,3,1,-40
1759485223.9406247,2,0,-31
1759485223.9786248,0,-2,-46
1759485224.0166247,-4,-1,-46
1759485224.0546248,-1,1,-30
1759485224.0906248,3,0,-39
1759485224.128625,10,-4,-29
1759485224.1666248,1,-1,-34
1759485224.204625,0,0,-38
1759485224.240625,-2,2,-41
1759485224.2786248,1,0,-32
1759485224.3156247,0,-11,-41
1759485224.3546247,-1,-4,-40
1759485224.3906248,-2,-3,-40
1759485224.4286249,-1,-7,-38
1759485224.467625,3,-4,-49
1759485224.5056248,6,4,-39
1759485224.5436249,1,-5,-33
1759485224.5806248,2,0,-30
1759485224.6176248,1,3,-28
1759485224.6556249,4,-5,-37
1759485224.694625,7,0,-35
1759485224.730625,10,-2,-36
1759485224.7676249,0,4,-40
1759485224.8056247,9,1,-40
1759485224.8446248,5,-4,-48
1759485224.8806248,0,-5,-36
1759485224.9186249,-2,-1,-33
1759485224.9566247,-7,-1,-42
1759485224.9956248,0,0,-30
1759485225.033625,6,0,-32
1759485225.069625,-1,-2,-36
1759485225.1086247,0,1,-33
1759485225.1456249,0,3,-21
1759485225.184625,-1,-3,-26
1759485225.2206247,3,0,-24
1759485225.2576249,1,-1,-36
1759485225.296625,-1,0,-27
1759485225.3346248,-7,-6,-30
1759485225.3706248,-1,-5,-46
1759485225.4096248,4,-2,-42
1759485225.4476247,5,1,-29
1759485225.4856248,5,7,-29
1759485225.5216248,4,2,-28
1759485225.559625,-1,-3,-24
1759485225.5966249,-1,0,-29
1759485225.635625,2,-1,-35
1759485225.6726248,8,0,-31
1759485225.7106247,0,0,-48
1759485225.7486248,6,-9,-39
1759485225.7856247,1,-2,-22
1759485225.8246248,0,0,-21
1759485225.8606248,-3,-1,-37
1759485225.8996248,1,-2,-38
1759485225.9366248,-4,-1,-39
1759485225.9756248,-2,-6,-37
1759485226.0116248,7,-3,-33
1759485226.0496247,4,-4,-44
1759485226.0876248,-2,-8,-46
1759485226.1266248,0,1,-45
1759485226.1646247,0,-3,-53
1759485226.2006247,-1,0,-26
1759485226.2396247,3,0,-30
1759485226.276625,8,0,-49
1759485226.3156247,-1,2,-43
1759485226.3516247,-2,3,-47
1759485226.388625,0,0,-39
1759485226.4276247,3,-5,-31
1759485226.4656248,-1,-13,-38
1759485226.5016248,-1,-3,-33
1759485226.5396247,0,-1,-30
1759485226.5776248,-1,-1,-33
1759485226.6166248,10,-1,-42
1759485226.6546247,3,2,-49
1759485226.6906247,12,0,-44
1759485226.727625,2,1,-33
1759485226.7666247,0,0,-39
1759485226.8046248,2,4,-48
1759485226.8406248,0,3,-42
1759485226.8776248,-4,-1,-38
1759485226.9166248,-15,-1,-38
1759485226.954625,-13,0,-41
1759485226.990625,-7,0,-42
1759485227.0286248,-2,0,-51
1759485227.0666249,10,5,-45
1759485227.105625,-2,-1,-39
1759485227.1416247,3,-6,-43
1759485227.1786249,3,-7,-46
1759485227.2166247,1,3,-42
1759485227.2556248,6,-1,-38
1759485227.2916248,-1,-2,-39
1759485227.329625,-9,3,-41
1759485227.3686247,-2,0,-55
1759485227.4066248,5,-4,-40
1759485227.4426248,5,-3,-36
1759485227.480625,11,-6,-38
1759485227.5196247,7,-2,-44
1759485227.5576248,-1,3,-44
1759485227.5956247,-6,0,-36
1759485227.6316247,-7,0,-34
1759485227.6706247,-2,0,-35
1759485227.7086248,0,2,-36
1759485227.7466247,-1,6,-36
1759485227.783625,5,10,-34
1759485227.8206248,5,10,-35
1759485227.8596249,5,1,-43
1759485227.8976247,0,-1,-37
1759485227.9356248,1,2,-28
1759485227.9716249,2,3,-36
1759485228.0096247,0,0,-37
1759485228.0476248,6,5,-35
1759485228.0856247,4,-1,-30
1759485228.1216247,4,0,-28
1759485228.1596248,2,4,-38
1759485228.1976247,2,3,-26
1759485228.2356248,-2,-4,-19
1759485228.2716248,1,3,-26
1759485228.3086247,7,0,-39
1759485228.3476248,7,0,-30
1759485228.385625,-1,-3,-28
1759485228.421625,-2,-1,-44
1759485228.4596248,0,-1,-37
1759485228.4976249,-3,0,-37
1759485228.536625,-5,-6,-38
1759485228.5726247,3,-6,-47
1759485228.6096249,2,-3,-35
1759485228.6476247,3,-1,-35
1759485228.6866248,-5,0,-39
1759485228.7226248,0,4,-41
1759485228.7596247,0,2,-35
1759485228.7976248,-4,-1,-37
1759485228.8366249,-2,-1,-35
1759485228.8726249,2,6,-38
1759485228.9096248,-4,1,-45
1759485228.9476247,-8,0,-38
1759485228.9866247,-1,0,-27
1759485229.0226247,-5,0,-42
1759485229.059625,3,-1,-44
1759485229.0976248,8,0,-36
1759485229.1366248,3,0,-35
1759485229.1726248,4,5,-39
1759485229.2096248,0,-2,-34
1759485229.2476249,-1,-6,-38
1759485229.286625,-6,-4,-41
1759485229.3226247,2,0,-33
1759485229.3606248,0,4,-39
1759485229.398625,0,1,-37
1759485229.4366248,-8,0,-29
1759485229.4726248,-2,0,-37
1759485229.510625,0,-6,-35
1759485229.5546248,1,0,-40
1759485229.592625,1,-1,-35
1759485229.6306248,-2,0,-35
1759485229.6686249,-3,-3,-34
1759485229.7066247,4,-1,-46
1759485229.7426248,1,3,-45
1759485229.7806249,-4,3,-37
1759485229.819625,0,0,-32
1759485229.8576248,1,0,-28
1759485229.8936248,1,2,-45
1759485229.9306247,6,2,-47
1759485229.9696248,-3,4,-39
1759485230.0076249,0,5,-37
1759485230.0436249,-7,8,-36
1759485230.0816247,-2,3,-26
1759485230.1206248,-4,4,-38
1759485230.158625,-11,3,-30
1759485230.1966248,3,0,-32
1759485230.2326248,-1,0,-33
1759485230.2696247,0,-3,-35
1759485230.3086247,-6,-8,-42
1759485230.3466249,0,-2,-42
1759485230.3826249,2,-3,-49
1759485230.4196248,-1,-2,-38
1759485230.4586248,-2,-6,-32
1759485230.4946249,-2,1,-36
1759485230.5316248,0,3,-48
1759485230.5706248,2,4,-40
1759485230.6086247,0,0,-43
1759485230.6446247,3,4,-41
1759485230.681625,-2,-2,-42
1759485230.7206247,1,-8,-40
1759485230.7586248,5,-8,-29
1759485230.7946248,-1,0,-29
1759485230.832625,-5,4,-34
1759485230.8706248,-4,0,-46
1759485230.908625,-3,-3,-29
1759485230.944625,-6,-5,-38
1759485230.9826248,-1,-1,-42
1759485231.0206249,-2,0,-38
1759485231.0586247,-1,4,-38
1759485231.0976248,4,3,-41
1759485231.1336248,5,5,-35
1759485231.171625,1,3,-31
1759485231.2106247,5,3,-24
1759485231.2486248,0,-1,-29
1759485231.2846248,-1,-2,-31
1759485231.3226247,0,-3,-45
1759485231.3606248,4,-2,-36
1759485231.3996248,-10,1,-31
1759485231.4376247,-3,-1,-35
1759485231.4736247,-2,0,-24
1759485231.510625,-3,8,-36
1759485231.5496247,4,4,-35
1759485231.5876248,4,-1,-32
1759485231.6236248,-4,-1,-39
1759485231.6626248,3,-2,-33
1759485231.7006247,3,-1,-28
1759485231.7386248,1,-1,-35
1759485231.7746248,5,3,-37
1759485231.8126247,2,-3,-36
1759485231.8496249,-2,-4,-38
1759485231.888625,-4,2,-37
1759485231.9246247,2,-3,-34
1759485231.9626248,-1,0,-32
1759485231.9996247,-3,-2,-43
1759485232.0386248,-1,-1,-39
1759485232.0746248,3,-6,-36
1759485232.1116247,0,-9,-45
1759485232.1496248,-5,0,-44
1759485232.1886249,-10,2,-46
1759485232.2246249,-11,2,-43
1759485232.263625,-5,0,-41
1759485232.3006248,-6,-8,-31
1759485232.339625,3,-5,-30
1759485232.375625,0,-5,-33
1759485232.4136248,1,0,-30
1759485232.4506247,-5,4,-37
1759485232.4896247,4,1,-42
1759485232.5256248,0,-1,-34
1759485232.5636249,0,-2,-46
1759485232.6006248,4,-8,-42
1759485232.6396248,-3,-4,-35
1759485232.6756248,-2,-5,-43
1759485232.7136247,-3,0,-42
1759485232.7516248,-6,3,-42
1759485232.7896247,0,0,-44
1759485232.8286247,-6,-5,-33
1759485232.8646247,0,0,-48
1759485232.901625,-2,4,-41
1759485232.9406247,-8,-2,-35
1759485232.9786248,0,1,-29
1759485233.0146248,-3,1,-34
1759485233.0516248,1,1,-36
1759485233.0906248,-4,8,-46
1759485233.128625,-7,0,-50
1759485233.1646247,-5,0,-44
1759485233.2016249,-3,0,-44
1759485233.240625,3,-7,-30
1759485233.2786248,-5,-5,-31
1759485233.3146248,-1,-3,-29
1759485233.3536248,-3,-1,-38
1759485233.3906248,0,-2,-33
1759485233.4296248,-2,-1,-38
1759485233.4656248,-1,6,-33
1759485233.5026248,1,0,-31
1759485233.5406249,-1,2,-31
1759485233.579625,2,4,-50
1759485233.615625,4,0,-43
1759485233.6526248,0,0,-40
1759485233.6916249,-2,-2,-34
1759485233.7296247,-1,-2,-40
1759485233.7656248,0,2,-39
1759485233.8036249,7,0,-37
1759485233.8406248,-2,3,-38
1759485233.8796248,-4,5,-48
1759485233.9156249,-3,4,-43
1759485233.9526248,0,0,-37
1759485233.990625,0,-10,-38
1759485234.0296247,4,-2,-30
1759485234.0656247,0,-2,-31
1759485234.1036248,0,5,-35
1759485234.1406248,-5,5,-31
1759485234.1796248,5,1,-40
1759485234.2156248,3,2,-40
1759485234.2526248,3,-1,-38
1759485234.2906249,3,8,-37
1759485234.329625,0,8,-43
1759485234.365625,-8,8,-33
1759485234.4026248,1,2,-32
1759485234.4416249,2,-9,-34
1759485234.4796247,3,-3,-34
1759485234.5156248,7,-2,-33
1759485234.5536249,6,-1,-44
1759485234.5916247,-6,7,-35
1759485234.6306248,-3,7,-40
1759485234.6666248,-3,7,-44
1759485234.7036247,2,4,-32
1759485234.7416248,4,0,-32
1759485234.7806249,3,-1,-43
1759485234.8166249,-1,1,-37
1759485234.8546247,-1,-2,-39
1759485234.8916247,-5,4,-38
1759485234.9306247,0,7,-39
1759485234.9666247,0,-1,-40
1759485235.003625,0,-1,-45
1759485235.0416248,-3,2,-33
1759485235.0806248,-8,-2,-40
1759485235.1166248,-7,-4,-44
1759485235.1546247,-6,-4,-38
1759485235.1926248,-5,-1,-37
1759485235.2316248,0,2,-31
1759485235.2696247,-5,1,-34
1759485235.3056247,-2,-7,-33
1759485235.3436248,-1,2,-33
1759485235.3816247,-3,1,-47
1759485235.4206247,5,1,-37
1759485235.4566247,-1,0,-25
1759485235.4946249,0,0,-33
1759485235.533625,6,0,-32
1759485235.5716248,-1,3,-34
1759485235.6096249,3,4,-35
1759485235.6456249,1,2,-29
1759485235.6836247,0,2,-38
1759485235.7216249,-2,0,-36
1759485235.7576249,0,6,-41
1759485235.7946248,-9,-1,-32
1759485235.8336248,-2,-5,-52
1759485235.8716247,-9,-8,-45
1759485235.9076247,-4,-2,-49
1759485235.9466248,5,0,-38
1759485235.9846249,7,-6,-44
1759485236.0216248,4,-6,-33
1759485236.0606248,3,-1,-39
1759485236.0966249,4,0,-39
1759485236.1346247,5,-6,-39
1759485236.171625,4,-2,-35
1759485236.2106247,-1,0,-36
1759485236.2466247,-5,-2,-30
1759485236.2846248,-5,-1,-39
1759485236.3226247,10,4,-33
1759485236.3616247,4,6,-41
1759485236.3976247,-1,2,-32
1759485236.434625,2,1,-35
1759485236.4726248,2,0,-44
1759485236.5116248,2,7,-32
1759485236.5476248,1,7,-37
1759485236.5846248,0,-1,-36
1759485236.6226249,-1,0,-32
1759485236.661625,-3,-2,-35
1759485236.6976247,0,1,-41
1759485236.7346249,-3,2,-46
1759485236.7726247,0,-2,-35
1759485236.8116248,-8,-4,-48
1759485236.8476248,-8,-1,-33
1759485236.885625,-2,-6,-42
1759485236.9236248,-2,-1,-35
1759485236.9626248,-1,2,-38
1759485237.000625,-5,2,-34
1759485237.0376248,-9,-4,-31
1759485237.0756247,4,1,-39
1759485237.112625,1,2,-43
1759485237.151625,-2,1,-39
1759485237.1876247,-2,5,-49
1759485237.2256248,2,-3,-52
1759485237.2646248,1,-5,-40
1759485237.3026247,-4,-4,-40
1759485237.3406248,6,-2,-38
1759485237.3776248,2,-1,-40
1759485237.4146247,-1,4,-48
1759485237.4526248,-3,-2,-45
1759485237.4916248,2,0,-30
1759485237.5276248,4,-5,-51
1759485237.5656247,2,0,-49
1759485237.6046247,-7,0,-29
1759485237.6426249,0,0,-38
1759485237.6786249,3,0,-34
1759485237.7156248,0,0,-40
1759485237.753625,-1,-2,-42
1759485237.7926247,5,-1,-44
1759485237.8286247,8,-1,-36
1759485237.865625,6,3,-31
1759485237.9036248,8,-3,-23
1759485237.9426248,3,-3,-30
1759485237.9786248,5,0,-39
1759485238.0156248,-3,-1,-23
1759485238.0536249,5,-8,-37
1759485238.092625,5,-11,-32
1759485238.128625,0,-7,-29
1759485238.1666248,10,1,-35
1759485238.2056248,2,-4,-39
1759485238.2436247,-3,1,-43
1759485238.2816248,-1,3,-45
1759485238.3176248,-2,5,-42
1759485238.355625,0,0,-48
1759485238.3936248,1,2,-33
1759485238.4326248,-6,-6,-28
1759485238.4686248,-6,-2,-34
1759485238.5076249,-8,-5,-37
1759485238.5456247,-8,-8,-34
1759485238.5836248,0,0,-40
1759485238.6216247,3,-8,-32
1759485238.6576247,1,-1,-34
1759485238.6956248,3,-5,-36
1759485238.7336247,1,-9,-28
1759485238.7716248,6,-8,-38
1759485238.8076248,-1,-7,-42
1759485238.8456247,-2,-3,-42
1759485238.8836248,-9,-3,-41
1759485238.9226248,-6,-7,-39
1759485238.9586248,-3,-1,-45
1759485238.9976249,0,4,-21
1759485239.0346248,-4,0,-34
1759485239.0736248,2,1,-37
1759485239.1116247,3,0,-26
1759485239.1476247,5,2,-36
1759485239.1866248,-3,0,-38
1759485239.2246249,2,8,-35
1759485239.2626247,4,4,-41
1759485239.2986248,2,1,-42
1759485239.3366249,2,5,-37
1759485239.3736248,3,-4,-31
1759485239.4126248,-3,2,-34
1759485239.4486248,-2,0,-32
1759485239.4856248,0,2,-34
1759485239.5246248,-11,2,-44
1759485239.5686247,-2,4,-35
1759485239.6066248,-3,-4,-32
1759485239.6446247,-4,-5,-33
1759485239.6826248,2,-6,-31
1759485239.7186248,3,1,-27
1759485239.7556248,1,2,-31
1759485239.7936249,-7,-2,-45
1759485239.832625,-4,4,-33
1759485239.8696249,7,2,-41
1759485239.9076247,10,7,-36
1759485239.944625,7,2,-46
1759485239.9836247,6,3,-47
1759485240.0196247,5,4,-37
1759485240.0576248,-3,0,-44
1759485240.0946248,-11,-1,-37
1759485240.1336248,-3,1,-35
1759485240.1706247,0,0,-37
1759485240.207625,-3,-11,-37
1759485240.2466247,-3,0,-44
1759485240.2846248,-1,-10,-31
1759485240.3226247,1,-7,-42
1759485240.3586247,5,-7,-44
1759485240.3966248,1,-1,-49
1759485240.434625,2,1,-40
1759485240.4736247,2,3,-38
1759485240.5096247,1,2,-36
1759485240.546625,-3,-4,-42
1759485240.5846248,-1,0,-44
1759485240.6236248,-1,0,-48
1759485240.6596248,0,-1,-38
1759485240.6986248,6,0,-39
1759485240.7366247,4,2,-40
1759485240.7746248,1,-4,-38
1759485240.8126247,2,3,-27
1759485240.8496249,-2,-5,-38
1759485240.8866248,-3,-2,-31
1759485240.9256248,-8,0,-45
1759485240.9636247,1,0,-52
1759485240.9996247,-5,-2,-35
1759485241.0386248,-8,1,-19
1759485241.0756247,0,-2,-43
1759485241.1146247,-4,-4,-35
1759485241.1506248,-7,-2,-34
1759485241.1886249,0,-1,-35
1759485241.2266247,8,1,-37
1759485241.2646248,0,-2,-49
1759485241.3036249,-1,0,-42
1759485241.339625,-1,-2,-32
1759485241.378625,-2,0,-38
1759485241.4156249,-4,-2,-35
1759485241.454625,-3,4,-42
1759485241.490625,-6,3,-36
1759485241.5276248,1,4,-33
1759485241.5656247,0,-5,-34
1759485241.6046247,4,1,-32
1759485241.6406248,4,-1,-32
1759485241.6796248,1,-8,-39
1759485241.717625,1,-2,-37
1759485241.7556248,6,-3,-32
1759485241.7936249,0,-5,-32
1759485241.829625,-3,-10,-35
1759485241.8676248,-3,-10,-35
1759485241.9056249,0,-16,-41
1759485241.944625,8,-3,-30
1759485241.980625,1,-2,-40
1759485242.0176249,-3,0,-33
1759485242.0556247,-3,-4,-34
1759485242.0946248,0,-7,-38
1759485242.1306248,0,-3,-27
1759485242.1676247,1,5,-27
1759485242.2056248,0,-2,-41
1759485242.2446249,-1,3,-44
1759485242.2806249,2,-3,-32
1759485242.3186247,2,2,-38
1759485242.3566248,8,0,-32
1759485242.3956249,5,-3,-37
1759485242.4336247,7,1,-23
1759485242.4696248,0,3,-37
1759485242.5076249,-3,0,-33
1759485242.546625,0,5,-34
1759485242.5846248,-1,4,-39
1759485242.6206248,4,-1,-42
1759485242.6576247,4,4,-35
1759485242.6966248,0,0,-41
1759485242.7346249,1,-4,-33
1759485242.7706249,13,-5,-39
1759485242.809625,10,-2,-36
1759485242.8466249,2,-1,-37
1759485242.885625,0,-3,-35
1759485242.921625,-3,-10,-31
1759485242.9596248,0,0,-29
1759485242.9976249,6,-4,-35
1759485243.0356247,0,-6,-36
1759485243.0746248,-4,-4,-28
1759485243.1106248,2,-6,-35
1759485243.1476247,0,-7,-35
1759485243.1856248,2,-2,-30
1759485243.2246249,4,0,-42
1759485243.260625,3,1,-40
1759485243.2986248,0,5,-43
1759485243.3356247,0,-1,-45
1759485243.3746247,-3,5,-42
1759485243.4106247,-7,0,-42
1759485243.4486248,5,0,-21
1759485243.4866247,-3,2,-23
1759485243.5246248,-7,3,-42
1759485243.5606248,5,4,-47
1759485243.5986247,2,-3,-30
1759485243.6366248,1,-3,-29
1759485243.6746247,4,-3,-27
1759485243.7106247,1,-2,-37
1759485243.7486248,0,-3,-38
1759485243.786625,0,2,-40
1759485243.8246248,0,6,-35
1759485243.8606248,-2,4,-31
1759485243.898625,-3,2,-29
1759485243.9366248,0,-5,-37
1759485243.9746249,0,-5,-50
1759485244.010625,-2,1,-44
1759485244.0486248,0,-1,-41
1759485244.0866249,-2,0,-48
1759485244.1246247,-9,-3,-49
1759485244.1606247,0,0,-46
1759485244.1986248,0,1,-49
1759485244.2366247,-3,-3,-48
1759485244.2746248,0,-1,-42
1759485244.3106248,-2,4,-40
1759485244.3486247,5,-3,-46
1759485244.3866248,-1,-4,-49
1759485244.4226248,0,-8,-46
1759485244.4606247,7,-11,-36
1759485244.4996247,-2,-6,-43
1759485244.536625,1,1,-41
1759485244.5756247,-2,-1,-38
1759485244.6116247,0,-8,-40
1759485244.648625,0,-7,-36
1759485244.6866248,3,-4,-40
1759485244.7256248,2,0,-51
1759485244.7616248,-12,3,-46
1759485244.7996247,-6,1,-31
1759485244.8376248,-3,3,-39
1759485244.8766248,-1,-4,-42
1759485244.9126248,1,-4,-45
1759485244.9506247,11,-4,-46
1759485244.9896247,6,-1,-49
1759485245.026625,3,-1,-37
1759485245.0656247,-7,2,-35
1759485245.1016247,-6,-2,-49
1759485245.1406248,0,-2,-39
1759485245.1776247,0,-2,-38
1759485245.2166247,0,-3,-38
1759485245.2526248,0,-9,-46
1759485245.2896247,8,-6,-39
1759485245.3276248,2,-2,-45
1759485245.3666248,5,-1,-43
1759485245.4026248,-3,-3,-31
1759485245.4406247,4,-2,-34
1759485245.4786248,1,5,-36
1759485245.5176249,2,4,-35
1759485245.5556247,5,1,-38
1759485245.592625,2,-1,-33
1759485245.6306248,5,-3,-33
1759485245.6676247,1,3,-25
1759485245.7066247,-1,4,-36
1759485245.7426248,6,2,-40
1759485245.7806249,-2,6,-36
1759485245.8176248,-11,7,-36
1759485245.8566248,-5,1,-35
1759485245.8926249,1,-5,-33
1759485245.9306247,-1,-2,-29
1759485245.967625,-7,3,-27
1759485246.0066247,0,-4,-43
1759485246.0426247,1,-10,-26
1759485246.0806248,3,-9,-27
1759485246.1176248,1,-1,-27
1759485246.1566248,0,-1,-38
1759485246.1926248,4,0,-31
1759485246.2296247,-3,0,-42
1759485246.2676249,3,4,-37
1759485246.306625,0,6,-39
1759485246.342625,-1,3,-39
1759485246.3796248,0,2,-29
1759485246.4176247,9,2,-28
1759485246.4566247,-1,0,-36
1759485246.4926248,0,2,-41
1759485246.5306249,-13,-6,-40
1759485246.569625,-4,-2,-34
1759485246.6076248,-5,0,-41
1759485246.6436248,-8,0,-42
1759485246.681625,-8,-2,-38
1759485246.7196248,-7,-6,-41
1759485246.7576249,-1,0,-32
1759485246.7936249,-1,-3,-36
1759485246.832625,-3,-4,-32
1759485246.8696249,6,-7,-30
1759485246.9096248,4,-7,-28
1759485246.9476247,-3,-1,-53
1759485246.9836247,-2,3,-52
1759485247.0206249,3,0,-42
1759485247.0586247,-3,0,-42
1759485247.0976248,1,2,-38
1759485247.1336248,-2,-2,-35
1759485247.1726248,6,0,-38
1759485247.2106247,3,3,-27
1759485247.2486248,8,-5,-36
1759485247.286625,3,-3,-37
1759485247.3236248,4,-1,-17
1759485247.3606248,1,1,-33
1759485247.3996248,3,-1,-41
1759485247.4376247,-1,6,-41
1759485247.4736247,-5,2,-36
1759485247.5116248,-6,-8,-35
1759485247.5496247,4,4,-38
1759485247.5886247,-4,1,-48
1759485247.6266248,-8,-3,-40
1759485247.6626248,-8,3,-40
1759485247.7006247,-2,4,-44
1759485247.7396247,0,6,-38
1759485247.7776248,-2,4,-44
1759485247.8136249,-3,0,-37
1759485247.8516247,-4,4,-35
1759485247.8906248,0,3,-40
1759485247.9286249,-2,-1,-35
1759485247.964625,-5,-3,-38
1759485248.0026248,1,-6,-40
1759485248.0416248,0,-9,-44
1759485248.0786247,-7,-11,-41
1759485248.1176248,-2,-4,-44
1759485248.1536248,2,-8,-39
1759485248.1906247,-7,-3,-33
1759485248.2286248,-7,0,-43
1759485248.2676249,-5,0,-42
1759485248.3036249,5,-5,-43
1759485248.3416247,0,0,-38
1759485248.378625,1,-3,-32
1759485248.4176247,6,0,-31
1759485248.4536247,0,2,-27
1759485248.4916248,-1,0,-53
1759485248.5286248,0,0,-42
1759485248.5676248,-2,-3,-35
1759485248.6036248,0,-1,-34
1759485248.6416247,0,-1,-37
1759485248.6796248,0,-9,-37
1759485248.7186248,-2,-6,-44
1759485248.7546248,-6,-10,-37
1759485248.7936249,3,-4,-35
1759485248.8316247,1,0,-45
1759485248.8696249,-6,-2,-33
1759485248.9076247,-4,-4,-30
1759485248.9436247,0,-4,-39
1759485248.9816248,4,-8,-47
1759485249.0196247,0,1,-41
1759485249.0576248,2,2,-32
1759485249.0936248,-6,-5,-41
1759485249.1316247,-6,4,-40
1759485249.1696248,6,0,-28
1759485249.2086248,3,2,-35
1759485249.2446249,0,0,-31
1759485249.2816248,0,-4,-42
1759485249.3206248,-1,-7,-45
1759485249.3586247,1,-7,-41
1759485249.3946247,3,-2,-38
1759485249.431625,-2,-13,-41
1759485249.4706247,-4,-5,-40
1759485249.5086248,0,-7,-38
1759485249.5446248,0,-8,-40
1759485249.5906248,3,0,-45
1759485249.628625,5,-2,-29
1759485249.6646247,-1,-5,-42
1759485249.7036247,8,5,-45
1759485249.7416248,-2,0,-50
1759485249.7796247,2,-3,-49
1759485249.8166249,-2,-6,-42
1759485249.8536248,3,0,-35
1759485249.8916247,0,6,-33
1759485249.9296248,-4,-2,-46
1759485249.9686248,-1,-6,-42
1759485250.0046248,0,-2,-48
1759485250.0436249,6,2,-53
1759485250.0816247,5,0,-39
1759485250.1196249,2,-2,-31
1759485250.1556249,0,-3,-35
1759485250.194625,-3,-4,-36
1759485250.2316248,3,-1,-37
1759485250.2706249,3,3,-37
1759485250.3086247,2,-3,-39
1759485250.3446248,3,-4,-39
1759485250.3816247,-5,0,-36
1759485250.4206247,-3,-2,-40
1759485250.4586248,-5,-3,-38
1759485250.4946249,-5,0,-46
1759485250.533625,-3,-4,-35
1759485250.5706248,5,2,-36
1759485250.6096249,0,-2,-30
1759485250.6456249,0,-1,-41
1759485250.6836247,-1,-4,-39
1759485250.7216249,-1,-6,-44
1759485250.760625,-4,0,-45
1759485250.7986248,-2,7,-40
1759485250.8346248,0,1,-39
1759485250.8716247,-3,0,-41
1759485250.9106247,2,-4,-42
1759485250.9486248,-7,-5,-37
1759485250.9846249,-5,0,-40
1759485251.0216248,-2,0,-44
1759485251.0606248,-3,-3,-39
1759485251.0986247,-2,-6,-36
1759485251.1346247,0,1,-35
1759485251.171625,0,2,-41
1759485251.2106247,4,2,-33
1759485251.2486248,8,-3,-28
1759485251.2846248,1,-5,-28
1759485251.3236248,-2,0,-31
1759485251.3616247,-3,-1,-44
1759485251.3996248,-7,0,-40
1759485251.4356248,-3,2,-43
1759485251.4746249,0,-2,-42
1759485251.5126247,0,0,-35
1759485251.5506248,2,0,-25
1759485251.5866249,4,0,-38
1759485251.6246247,0,2,-36
1759485251.661625,-8,5,-29
1759485251.7006247,0,5,-36
1759485251.7366247,-4,0,-29
1759485251.773625,-5,4,-40
1759485251.8126247,-5,1,-28
1759485251.8506248,-4,0,-43
1759485251.8866248,-4,-1,-35
1759485251.9256248,-2,0,-25
1759485251.9626248,1,1,-40
1759485252.000625,0,2,-34
1759485252.0396247,0,2,-38
1759485252.0756247,1,0,-29
1759485252.112625,4,-2,-33
1759485252.151625,2,-4,-40
1759485252.1896248,0,2,-42
1759485252.2256248,-5,0,-36
1759485252.263625,-2,-3,-41
1759485252.3016248,-6,-6,-30
1759485252.3406248,-2,1,-49
1759485252.3766248,-1,0,-42
1759485252.4146247,2,2,-38
1759485252.4536247,-1,0,-36
1759485252.4916248,-1,0,-44
1759485252.5296247,2,-3,-44
1759485252.5656247,8,0,-45
1759485252.6036248,3,-3,-55
1759485252.6416247,0,-3,-45
1759485252.6796248,0,-2,-37
1759485252.7156248,-7,-3,-44
1759485252.7546248,-12,-5,-47
1759485252.7916248,0,-3,-34
1759485252.8306248,-2,2,-50
1759485252.8676248,1,0,-34
1759485252.9046247,2,0,-40
1759485252.9426248,5,-7,-41
1759485252.9816248,1,-8,-45
1759485253.0196247,2,-2,-44
1759485253.0556247,-1,0,-44
1759485253.0936248,0,-2,-34
1759485253.1316247,-3,0,-37
1759485253.1706247,-11,3,-40
1759485253.2066247,-4,5,-36
1759485253.2446249,-3,4,-48
1759485253.283625,0,4,-48
1759485253.3216248,1,4,-38
1759485253.3576248,6,2,-36
1759485253.3966248,-1,7,-25
1759485253.434625,-1,4,-33
1759485253.4716249,-2,1,-36
1759485253.510625,-2,4,-40
1759485253.546625,-2,0,-33
1759485253.5846248,0,-2,-34
1759485253.6216247,0,-2,-38
1759485253.6606247,-8,-3,-35
1759485253.6966248,-9,-4,-32
1759485253.7346249,-5,-3,-32
1759485253.773625,1,7,-31
1759485253.8116248,3,1,-34
1759485253.8476248,4,0,-43
1759485253.885625,-2,8,-36
1759485253.9246247,1,5,-34
1759485253.9626248,-4,-3,-40
1759485254.000625,-7,0,-34
1759485254.0376248,2,-4,-38
1759485254.0756247,1,-2,-32
1759485254.112625,9,0,-35
1759485254.151625,-2,2,-44
1759485254.1876247,-2,1,-25
1759485254.2246249,3,0,-17
1759485254.263625,1,7,-29
1759485254.3016248,-4,0,-27
1759485254.3376248,0,3,-43
1759485254.3746247,6,0,-41
1759485254.4136248,-4,1,-29
1759485254.4516249,2,1,-36
1759485254.487625,-1,-2,-41
1759485254.5256248,-2,3,-38
1759485254.5636249,0,-1,-35
1759485254.602625,1,5,-29
1759485254.6406248,2,0,-33
1759485254.6766248,-2,-8,-48
1759485254.714625,-2,-2,-46
1759485254.7526248,-2,0,-42
1759485254.7916248,-4,-4,-35
1759485254.8276248,-1,5,-41
1759485254.865625,-1,1,-43
1759485254.9046247,10,2,-41
1759485254.9426248,0,2,-35
1759485254.9786248,5,1,-37
1759485255.0156248,2,1,-46
1759485255.0536249,-1,0,-26
1759485255.092625,-1,0,-28
1759485255.128625,-4,0,-29
1759485255.1676247,0,7,-22
1759485255.2056248,-7,-2,-34
1759485255.2436247,3,-3,-38
1759485255.2816248,-3,-8,-37
1759485255.3176248,2,0,-40
1759485255.355625,-6,4,-46
1759485255.3936248,-3,2,-48
1759485255.431625,-3,5,-42
1759485255.467625,-4,-9,-51
1759485255.5066247,4,-7,-34
1759485255.5436249,-4,-2,-32
1759485255.582625,-2,-4,-38
1759485255.6186247,3,4,-32
1759485255.6556249,3,0,-26
1759485255.6936247,3,1,-37
1759485255.7326248,10,-3,-32
1759485255.7686248,5,-6,-38
1759485255.806625,11,-7,-26
1759485255.8446248,-2,-1,-31
1759485255.8836248,3,2,-33
1759485255.921625,9,0,-32
1759485255.957625,5,-2,-25
1759485255.9956248,-3,-6,-35
1759485256.0346248,1,-6,-36
1759485256.0726247,-2,2,-30
1759485256.1086247,-6,0,-40
1759485256.1456249,-4,6,-31
1759485256.184625,1,8,-43
1759485256.2226248,2,6,-44
1759485256.2586248,-7,-1,-45
1759485256.2976248,-4,4,-43
1759485256.3356247,2,3,-39
1759485256.3736248,6,-1,-42
1759485256.411625,1,-1,-41
1759485256.4476247,-3,0,-45
1759485256.4846249,3,-4,-41
1759485256.523625,-5,-9,-45
1759485256.5616248,-3,-7,-36
1759485256.5976248,-5,-9,-43
1759485256.6366248,0,-1,-28
1759485256.6736248,1,-3,-33
1759485256.7126248,0,-6,-42
1759485256.7486248,-4,-6,-42
1759485256.786625,-7,-4,-40
1759485256.8246248,3,-2,-48
1759485256.8636248,9,2,-36
1759485256.8996248,-1,0,-30
1759485256.9366248,0,-2,-31
1759485256.9746249,-3,2,-45
1759485257.013625,0,0,-37
1759485257.0496247,-6,0,-44
1759485257.0876248,-6,0,-32
1759485257.125625,-3,-1,-36
1759485257.1646247,-3,5,-38
1759485257.2026248,-2,0,-31
1759485257.2386248,-1,-6,-34
1759485257.2776248,5,-5,-40
1759485257.3146248,0,-6,-24
1759485257.3536248,0,-7,-23
1759485257.3896248,-4,0,-19
1759485257.4276247,1,1,-36
1759485257.464625,3,-1,-36
1759485257.503625,0,-3,-37
1759485257.5396247,4,-3,-33
1759485257.5776248,3,-1,-25
1759485257.6146247,0,2,-33
1759485257.6536248,-2,1,-45
1759485257.6896248,-6,1,-36
1759485257.727625,-5,1,-23
1759485257.7656248,0,5,-33
1759485257.8036249,2,-4,-43
1759485257.839625,2,3,-51
1759485257.8776248,1,-4,-46
1759485257.9146247,-3,0,-40
1759485257.9536247,-3,0,-47
1759485257.9896247,3,-4,-36
1759485258.0276248,0,0,-32
1759485258.0656247,0,0,-25
1759485258.1036248,1,-9,-37
1759485258.1396248,-1,-7,-43
1759485258.1786249,3,-5,-41
1759485258.2156248,-1,0,-36
1759485258.2546248,-4,-2,-38
1759485258.2926247,-3,3,-30
1759485258.3286247,0,0,-31
1759485258.365625,15,0,-21
1759485258.4046247,5,-5,-31
1759485258.4406247,4,3,-39
1759485258.4786248,3,1,-28
1759485258.5156248,4,0,-32
1759485258.5546248,2,0,-32
1759485258.5906248,10,-3,-31
1759485258.628625,3,-5,-33
1759485258.6666248,8,0,-38
1759485258.704625,0,-4,-20
1759485258.7436247,5,-3,-35
1759485258.7806249,3,0,-33
1759485258.8176248,-2,1,-30
1759485258.855625,-1,-5,-44
1759485258.8946247,0,-4,-42
1759485258.9306247,-3,1,-40
1759485258.967625,2,5,-43
1759485259.0066247,-2,0,-32
1759485259.0446248,0,7,-34
1759485259.0806248,-5,2,-31
1759485259.1176248,1,1,-36
1759485259.1566248,7,0,-44
1759485259.194625,-5,3,-33
1759485259.230625,-6,-1,-32
1759485259.2696247,2,0,-31
1759485259.3076248,4,0,-40
1759485259.3456247,0,-4,-30
1759485259.3836248,-1,-8,-34
1759485259.4196248,-14,0,-35
1759485259.457625,-12,5,-33
1759485259.4956248,-3,0,-33
1759485259.5346248,-5,1,-37
1759485259.5706248,-2,-3,-50
1759485259.6166248,-3,3,-37
1759485259.6546247,1,-3,-33
1759485259.6906247,4,4,-27
1759485259.7286248,9,4,-41
1759485259.7656248,2,0,-31
1759485259.8046248,2,6,-33
1759485259.8406248,3,0,-37
1759485259.878625,0,0,-29
1759485259.9166248,1,3,-37
1759485259.954625,-12,1,-34
1759485259.990625,-3,5,-37
1759485260.0286248,1,5,-43
1759485260.0666249,1,0,-44
1759485260.105625,-1,-3,-48
1759485260.1416247,-3,-2,-46
1759485260.1806247,-1,-5,-44
1759485260.2186248,1,-3,-43
1759485260.2556248,3,-2,-44
1759485260.2946248,6,0,-40
1759485260.3306248,0,-1,-43
1759485260.3696249,0,4,-38
1759485260.4066248,1,6,-37
1759485260.4456248,1,4,-49
1759485260.4816248,-6,-4,-43
1759485260.5196247,-2,3,-41
1759485260.5576248,-1,9,-42
1759485260.5956247,-1,1,-44
1759485260.6346247,-2,6,-37
1759485260.6706247,-1,0,-37
1759485260.7086248,6,-4,-33
1759485260.7466247,1,-1,-40
1759485260.7856247,-2,-1,-44
1759485260.8216248,0,-2,-47
1759485260.8596249,-4,-1,-42
1759485260.8966248,-7,1,-40
1759485260.9356248,0,-1,-43
1759485260.9716249,6,-4,-49
1759485261.0086248,-3,-1,-40
1759485261.0476248,-2,4,-31
1759485261.0856247,4,0,-34
1759485261.1216247,2,4,-50
1759485261.158625,-3,3,-39
1759485261.1976247,-6,0,-39
1759485261.2356248,2,0,-41
1759485261.2716248,4,-5,-38
1759485261.3086247,10,-2,-39
1759485261.3476248,-1,-13,-42
1759485261.385625,-7,-5,-40
1759485261.421625,-2,-3,-47
1759485261.4596248,0,-6,-42
1759485261.4976249,-2,-3,-41
1759485261.536625,0,-4,-41
1759485261.5746248,-1,1,-35
1759485261.6106248,3,1,-23
1759485261.648625,0,-1,-31
1759485261.6866248,-5,-4,-43
1759485261.7246249,0,-3,-38
1759485261.7616248,2,-7,-31
1759485261.7996247,2,0,-43
1759485261.8366249,3,-1,-53
1759485261.875625,-4,-4,-55
1759485261.9126248,0,-1,-46
1759485261.9496248,2,0,-52
1759485261.9886248,2,-2,-52
1759485262.026625,0,-3,-49
1759485262.0626247,3,4,-31
1759485262.0996249,-8,0,-41
1759485262.138625,-2,-6,-24
1759485262.1766248,0,5,-35
1759485262.2126248,-3,2,-35
1759485262.250625,0,-3,-27
1759485262.2896247,-9,-6,-34
1759485262.3266249,-7,-1,-30
1759485262.365625,0,1,-28
1759485262.401625,0,2,-32
1759485262.4396248,3,1,-42
1759485262.4766247,2,-2,-47
1759485262.5156248,-3,0,-35
1759485262.5516248,-1,0,-46
1759485262.5886247,2,-6,-37
1759485262.6276248,1,-5,-41
1759485262.6656249,-10,2,-35
1759485262.7016249,-7,5,-45
1759485262.740625,5,-2,-40
1759485262.7786248,4,2,-49
1759485262.8166249,1,-3,-54
1759485262.852625,3,-4,-45
1759485262.8906248,6,-7,-41
1759485262.9296248,8,1,-37
1759485262.967625,15,-1,-39
1759485263.0056248,0,0,-43
1759485263.0416248,3,1,-38
1759485263.079625,-3,0,-34
1759485263.1176248,0,0,-30
1759485263.1556249,-3,2,-43
1759485263.1916249,-5,-3,-30
1759485263.2296247,-9,0,-34
1759485263.2676249,-2,-2,-36
1759485263.306625,-4,2,-44
1759485263.342625,-2,2,-44
1759485263.3806248,-3,0,-54
1759485263.4186249,-3,-1,-42
1759485263.457625,2,0,-35
1759485263.4956248,4,3,-38
1759485263.5326247,-3,-1,-36
1759485263.569625,0,-2,-36
1759485263.6086247,-2,3,-34
1759485263.6466248,-6,-4,-41
1759485263.6826248,-4,-8,-42
1759485263.7216249,-4,0,-33
1759485263.7596247,2,-3,-28
1759485263.7976248,3,-3,-36
1759485263.8336248,4,0,-31
1759485263.8706248,-2,5,-49
1759485263.9096248,1,2,-43
1759485263.9476247,-2,-1,-40
1759485263.9836247,4,1,-39
1759485264.0216248,-2,0,-40
1759485264.059625,1,12,-37
1759485264.0976248,-6,7,-37
1759485264.1336248,0,0,-29
1759485264.171625,0,-4,-27
1759485264.2096248,0,-4,-29
1759485264.2476249,0,0,-32
1759485264.283625,0,-4,-35
1759485264.3206248,-1,-5,-50
1759485264.3596249,-1,0,-45
1759485264.3976247,-1,-2,-41
1759485264.4336247,-2,-5,-43
1759485264.4726248,-2,-1,-51
1759485264.5096247,-1,0,-39
1759485264.5486248,-6,-6,-35
1759485264.5866249,-6,-4,-40
1759485264.6226249,-1,-8,-33
1759485264.6606247,8,-3,-37
1759485264.6996248,-2,-1,-26
1759485264.737625,0,0,-36
1759485264.773625,-2,2,-43
1759485264.8106248,-1,5,-31
1759485264.8486247,1,1,-30
1759485264.8876247,-1,0,-31
1759485264.9236248,2,0,-39
1759485264.9606247,6,-4,-30
1759485264.9986248,0,-3,-39
1759485265.0376248,4,-1,-39
1759485265.0736248,0,5,-45
1759485265.1106248,3,3,-40
1759485265.148625,-8,1,-48
1759485265.1876247,-5,2,-39
1759485265.2236247,-5,9,-44
1759485265.2616248,-1,1,-34
1759485265.2996247,0,0,-33
1759485265.3386247,-1,1,-36
1759485265.3746247,0,-7,-37
1759485265.4126248,-1,0,-27
1759485265.4516249,-2,2,-41
1759485265.4896247,0,5,-40
1759485265.5276248,-2,1,-36
1759485265.5646248,-10,-2,-35
1759485265.6016247,-8,-2,-39
1759485265.6396248,-2,-1,-45
1759485265.6786249,6,0,-41
1759485265.714625,0,0,-34
1759485265.7516248,0,2,-33
1759485265.7896247,10,-7,-32
1759485265.8286247,0,-6,-39
1759485265.8646247,5,-2,-35
1759485265.901625,7,-4,-35
1759485265.9396248,5,0,-50
1759485265.9786248,5,-13,-45
1759485266.0146248,5,-8,-43
1759485266.0536249,4,-6,-32
1759485266.0906248,0,-5,-32
1759485266.1296248,0,2,-35
1759485266.1676247,-3,3,-33
1759485266.2036247,-6,1,-41
1759485266.240625,1,4,-35
1759485266.2796247,0,-1,-33
1759485266.3176248,3,1,-37
1759485266.3536248,5,2,-33
1759485266.3906248,0,0,-22
1759485266.4296248,-1,1,-30
1759485266.4686248,2,2,-31
1759485266.5046248,5,-1,-46
1759485266.5436249,3,5,-43
1759485266.5816247,1,4,-42
1759485266.6196249,-3,5,-34
1759485266.6576247,0,5,-43
1759485266.6936247,0,0,-36
1759485266.7316248,1,-2,-42
1759485266.7696247,0,-1,-35
1759485266.8076248,-3,2,-38
1759485266.8436248,-1,1,-41
1759485266.8816247,-1,-3,-52
1759485266.9196248,-2,-3,-45
1759485266.957625,0,1,-35
1759485266.9936247,5,4,-36
1759485267.0316248,7,2,-36
1759485267.069625,3,3,-36
1759485267.105625,-7,0,-43
1759485267.1426249,-6,0,-40
1759485267.181625,5,2,-35
1759485267.2196248,1,-1,-30
1759485267.2556248,0,-9,-32
1759485267.2926247,-1,-4,-42
1759485267.3316247,-4,-2,-44
1759485267.3696249,0,0,-42
1759485267.4056249,-1,-5,-36
1759485267.444625,-6,2,-41
1759485267.4816248,1,2,-42
1759485267.5196247,-1,0,-31
1759485267.5586247,-3,3,-39
1759485267.5946248,-4,0,-35
1759485267.6326249,0,0,-39
1759485267.6706247,0,-6,-39
1759485267.7096248,3,-5,-42
1759485267.7456248,2,1,-44
1759485267.7826247,-7,0,-35
1759485267.8206248,-5,-6,-25
1759485267.8596249,0,1,-38
1759485267.8956249,-5,0,-38
1759485267.934625,0,-7,-45
1759485267.9716249,0,0,-37
1759485268.010625,-4,1,-37
1759485268.0486248,0,0,-41
1759485268.0846248,-1,1,-30
1759485268.1226249,1,-1,-26
1759485268.161625,4,0,-28
1759485268.1996248,-1,-1,-33
1759485268.2356248,1,2,-40
1759485268.273625,6,-2,-42
1759485268.3116248,-1,0,-32
1759485268.3496249,3,-3,-33
1759485268.385625,7,-3,-40
1759485268.4226248,3,-2,-47
1759485268.4616249,5,0,-39
1759485268.4996247,13,-4,-47
1759485268.5356247,3,-4,-42
1759485268.5746248,8,-4,-43
1759485268.612625,-7,1,-29
1759485268.6506248,0,1,-30
1759485268.6886249,3,0,-46
1759485268.7256248,0,-3,-44
1759485268.7626247,1,-3,-42
1759485268.8016248,1,-4,-37
1759485268.839625,3,-3,-42
1759485268.875625,5,-2,-35
1759485268.9136248,6,-2,-29
1759485268.9526248,5,0,-39
1759485268.990625,11,3,-39
1759485269.026625,12,-2,-35
1759485269.0656247,7,2,-39
1759485269.102625,-2,-2,-24
1759485269.1416247,-6,0,-26
1759485269.1796248,-3,-1,-33
1759485269.2156248,0,1,-35
1759485269.2526248,0,5,-24
1759485269.2916248,0,5,-26
1759485269.329625,5,5,-42
1759485269.365625,0,6,-40
1759485269.4036248,-3,9,-33
1759485269.4416249,0,1,-34
1759485269.4796247,2,0,-36
1759485269.5166247,6,-5,-29
1759485269.5536249,0,-7,-33
1759485269.5916247,1,-3,-32
1759485269.6366248,7,-3,-36
1759485269.6736248,6,6,-28
1759485269.7116249,5,0,-39
1759485269.750625,5,5,-32
1759485269.786625,4,1,-45
1759485269.8236248,1,3,-24
1759485269.862625,-2,0,-30
1759485269.9006248,2,-4,-43
1759485269.9366248,-1,-4,-41
1759485269.9756248,0,3,-31
1759485270.0126247,0,-2,-30
1759485270.0516248,1,4,-41
1759485270.089625,-4,2,-42
1759485270.125625,-1,6,-39
1759485270.1636248,2,9,-28
1759485270.2016249,-1,0,-31
1759485270.240625,0,-3,-39
1759485270.276625,1,-3,-37
1759485270.3146248,1,-4,-42
1759485270.3536248,3,4,-35
1759485270.3916247,4,2,-33
1759485270.4296248,2,-2,-38
1759485270.4666247,1,-7,-44
1759485270.503625,-6,-4,-40
1759485270.5426247,10,1,-44
1759485270.5806248,4,-2,-36
1759485270.6166248,8,-3,-41
1759485270.6536248,5,-6,-29
1759485270.6926248,0,-2,-35
1759485270.730625,6,2,-28
1759485270.7676249,0,-3,-33
1759485270.8046248,1,3,-25
1759485270.842625,1,-2,-32
1759485270.8816247,-2,-5,-42
1759485270.9176247,-2,-3,-49
1759485270.9556248,-5,0,-44
1759485270.9936247,2,-4,-36
1759485271.0326247,0,0,-33
1759485271.0706248,-6,-2,-27
1759485271.1066248,-7,0,-24
1759485271.1446247,1,1,-32
1759485271.1836247,11,-4,-38
1759485271.2216249,3,3,-50
1759485271.2576249,3,0,-45
1759485271.2946248,3,-2,-35
1759485271.3336248,1,0,-30
1759485271.3716247,7,1,-31
1759485271.4076247,5,-2,-29
1759485271.444625,2,0,-47
1759485271.4836247,7,-3,-35
1759485271.5216248,7,-1,-39
1759485271.5576248,-3,-4,-34
1759485271.5966249,2,-2,-28
1759485271.6336248,2,1,-33
1759485271.6726248,-2,3,-27
1759485271.7106247,0,-2,-32
1759485271.7466247,-1,-6,-31
1759485271.7846248,-7,-1,-39
1759485271.8226247,-4,0,-34
1759485271.8616247,3,-1,-42
1759485271.8976247,-4,-1,-49
1759485271.9356248,-4,-3,-53
1759485271.9736247,-3,-10,-42
1759485272.0126247,0,-7,-33
1759485272.0506248,-2,-2,-36
1759485272.0866249,-3,1,-32
1759485272.1236248,4,-3,-39
1759485272.1626248,5,-1,-41
1759485272.2006247,6,2,-38
1759485272.2366247,1,-4,-37
1759485272.273625,2,-5,-40
1759485272.3126247,3,5,-38
1759485272.3486247,5,0,-19
1759485272.3876247,4,-3,-34
1759485272.4246247,5,2,-45
1759485272.4636247,5,7,-37
1759485272.5016248,4,5,-42
1759485272.5376248,5,6,-35
1759485272.5746248,4,7,-36
1759485272.6136248,15,-5,-36
1759485272.651625,5,-8,-37
1759485272.6876247,1,-6,-26
1759485272.7256248,4,-7,-38
1759485272.763625,4,-3,-38
1759485272.8016248,6,0,-28
1759485272.8376248,8,4,-47
1759485272.8746247,-1,6,-35
1759485272.9136248,0,0,-30
1759485272.9516249,10,-3,-33
1759485272.987625,1,0,-32
1759485273.0256248,6,-1,-37
1759485273.0636249,7,0,-41
1759485273.1016247,0,0,-27
1759485273.1376247,4,-1,-35
1759485273.1756248,2,-5,-44
1759485273.2136247,2,1,-37
1759485273.2516248,-1,-1,-36
1759485273.2876248,-1,1,-33
1759485273.3256247,0,0,-32
1759485273.3636248,5,-7,-29
1759485273.401625,-1,-6,-36
1759485273.4376247,-2,-1,-50
1759485273.4766247,4,-8,-32
1759485273.513625,-3,1,-19
1759485273.5526247,1,2,-37
1759485273.5886247,1,-1,-46
1759485273.6266248,0,-2,-37
1759485273.6646247,-2,4,-25
1759485273.7036247,-4,0,-42
1759485273.7416248,-2,1,-28
1759485273.7776248,-2,-2,-29
1759485273.8156247,-2,-2,-33
1759485273.8536248,0,-2,-40
1759485273.8926249,-10,2,-35
1759485273.9286249,-4,2,-40
1759485273.967625,-2,0,-38
1759485274.0046248,0,-1,-37
1759485274.0436249,3,-3,-41
1759485274.079625,0,2,-34
1759485274.1166248,0,-3,-36
1759485274.1556249,0,-3,-38
1759485274.1936247,3,-5,-37
1759485274.2296247,6,-6,-34
1759485274.2666247,8,-5,-40
1759485274.3056247,5,0,-28
1759485274.3436248,0,1,-36
1759485274.3796248,-2,0,-44
1759485274.4166248,-1,-3,-39
1759485274.4556248,-5,-6,-36
1759485274.4936247,0,-5,-36
1759485274.5296247,1,-7,-42
1759485274.5686247,1,-4,-41
1759485274.605625,2,-5,-36
1759485274.6446247,3,0,-34
1759485274.6826248,-8,4,-39
1759485274.7186248,-6,2,-38
1759485274.7576249,-5,0,-40
1759485274.7946248,0,-1,-44
1759485274.8336248,2,3,-34
1759485274.8696249,0,2,-45
1759485274.9066248,4,2,-45
1759485274.9456248,4,-1,-39
1759485274.9836247,0,2,-28
1759485275.0196247,0,-5,-36
1759485275.0576248,3,-2,-42
1759485275.0956247,0,-4,-37
1759485275.1346247,10,-1,-35
1759485275.1726248,2,-3,-47
1759485275.2086248,0,3,-43
1759485275.2466247,0,0,-45
1759485275.2856247,2,-1,-47
1759485275.3236248,6,4,-45
1759485275.3596249,3,2,-53
1759485275.3966248,-1,2,-36
1759485275.4356248,0,2,-24
1759485275.4736247,-1,-3,-46
1759485275.5096247,0,0,-40
1759485275.546625,0,-4,-47
1759485275.5856247,0,-5,-43
1759485275.6236248,-2,5,-31
1759485275.6596248,-6,1,-31
1759485275.6986248,1,-1,-38
1759485275.7356248,0,9,-32
1759485275.7746248,6,9,-27
1759485275.8126247,0,8,-37
1759485275.8486247,-1,3,-30
1759485275.8866248,-5,3,-36
1759485275.9246247,4,4,-44
1759485275.9606247,2,0,-40
1759485275.9986248,0,-2,-41
1759485276.036625,-9,1,-48
1759485276.0746248,-6,0,-34
1759485276.1136248,-7,6,-33
1759485276.1496248,-4,0,-34
1759485276.1866248,1,0,-34
1759485276.2246249,4,7,-29
1759485276.263625,-6,-3,-35
1759485276.2996247,-7,-4,-41
1759485276.3376248,0,2,-32
1759485276.375625,-5,4,-39
1759485276.4146247,-1,3,-35
1759485276.4506247,-8,1,-50
1759485276.4896247,-1,7,-40
1759485276.5276248,-2,2,-31
1759485276.5656247,-4,1,-41
1759485276.6036248,-3,3,-55
1759485276.6396248,0,-1,-42
1759485276.6766248,-9,3,-28
1759485276.7156248,-5,10,-36
1759485276.753625,-3,1,-30
1759485276.7896247,7,-1,-14
1759485276.8276248,4,0,-27
1759485276.865625,-2,4,-31
1759485276.9036248,-3,-3,-29
1759485276.9396248,0,2,-40
1759485276.977625,-3,6,-39
1759485277.0156248,-9,7,-32
1759485277.0536249,-2,4,-28
1759485277.089625,-2,3,-31
1759485277.128625,-3,-6,-25
1759485277.1656249,-6,0,-39
1759485277.204625,-8,1,-34
1759485277.240625,-10,-2,-29
1759485277.2786248,0,6,-21
1759485277.3176248,-9,6,-26
1759485277.355625,1,6,-30
1759485277.3936248,6,1,-26
1759485277.4296248,0,3,-29
1759485277.4666247,0,-5,-40
1759485277.5056248,0,-2,-25
1759485277.5416248,-5,-3,-36
1759485277.579625,-7,4,-31
1759485277.6176248,-2,7,-36
1759485277.6556249,0,2,-47
1759485277.694625,-5,0,-40
1759485277.7316248,6,8,-49
1759485277.7686248,5,3,-34
1759485277.8076248,1,3,-29
1759485277.8456247,-4,-2,-28
1759485277.8816247,-1,-6,-31
1759485277.9206247,-5,-8,-39
1759485277.957625,-3,0,-41
1759485277.9966247,0,-2,-43
1759485278.0346248,1,-2,-33
1759485278.0706248,-1,2,-39
1759485278.1096249,-1,-6,-37
1759485278.1476247,-10,3,-32
1759485278.1856248,-3,5,-37
1759485278.2216249,-2,-1,-34
1759485278.2596247,-3,-7,-30
1759485278.2976248,-2,-4,-32
1759485278.3366249,-5,1,-37
1759485278.3746247,-1,0,-44
1759485278.4106247,-1,-1,-31
1759485278.4496248,-7,1,-35
1759485278.487625,-2,2,-33
1759485278.5256248,2,-5,-36
1759485278.5616248,-1,-7,-33
1759485278.5996249,-2,2,-47
1759485278.638625,-1,0,-49
1759485278.6766248,-3,2,-37
1759485278.714625,-2,4,-41
1759485278.750625,-8,1,-46
1759485278.7876248,-6,-3,-41
1759485278.8266249,-3,-5,-31
1759485278.8646247,-8,-2,-36
1759485278.9006248,-12,0,-40
1759485278.9386249,-2,-2,-39
1759485278.9766247,-1,0,-46
1759485279.0156248,0,-2,-40
1759485279.0516248,0,-1,-36
1759485279.089625,-5,5,-39
1759485279.128625,6,3,-37
1759485279.1666248,3,0,-31
1759485279.204625,3,0,-37
1759485279.240625,3,0,-38
1759485279.2786248,-1,3,-35
1759485279.3166249,-1,2,-30
1759485279.352625,-2,-3,-39
1759485279.3906248,-2,-3,-38
1759485279.4286249,-10,0,-40
1759485279.467625,-6,1,-38
1759485279.5056248,-9,-1,-41
1759485279.5416248,-2,0,-38
1759485279.5786247,5,-5,-42
1759485279.6176248,-2,-1,-40
1759485279.661625,-1,1,-38
1759485279.6996248,-4,0,-42
1759485279.737625,-12,1,-37
1759485279.7756248,-6,3,-40
1759485279.8126247,-6,3,-40
1759485279.8506248,-5,7,-34
1759485279.888625,4,1,-40
1759485279.9266248,-5,0,-35
1759485279.9636247,-9,-1,-22
1759485280.000625,-10,-2,-35
1759485280.0396247,0,-1,-42
1759485280.0776248,-2,-2,-42
1759485280.115625,-1,-3,-41
1759485280.151625,-8,-9,-44
1759485280.1906247,-7,-3,-43
1759485280.227625,-5,-3,-42
1759485280.2666247,0,6,-38
1759485280.3026247,2,2,-37
1759485280.3416247,3,0,-39
1759485280.378625,-4,-1,-37
1759485280.4176247,-3,0,-30
1759485280.4556248,-7,6,-41
1759485280.4916248,-1,4,-47
1759485280.5306249,2,0,-25
1759485280.5676248,-2,3,-37
1759485280.6066248,-1,1,-45
1759485280.6426249,2,-3,-43
1759485280.6806247,-7,-6,-36
1759485280.717625,-3,1,-46
1759485280.7566247,-1,0,-35
1759485280.7926247,5,-4,-35
1759485280.8306248,5,-6,-46
1759485280.8676248,-4,-1,-36
1759485280.9076247,2,0,-43
1759485280.9456248,2,-1,-34
1759485280.9816248,3,1,-32
1759485281.0186248,0,4,-30
1759485281.0576248,2,-1,-45
1759485281.0936248,0,-1,-41
1759485281.1306248,-2,0,-47
1759485281.1686249,5,3,-42
1759485281.207625,0,2,-35
1759485281.2436247,2,0,-42
1759485281.2806249,1,2,-41
1759485281.319625,-4,0,-37
1759485281.3576248,-1,-2,-43
1759485281.3936248,-1,-8,-43
1759485281.431625,-6,-4,-41
1759485281.4696248,-12,-4,-41
1759485281.5076249,-10,0,-34
1759485281.546625,0,-1,-34
1759485281.5836248,0,-6,-27
1759485281.6206248,0,1,-32
1759485281.6596248,5,-5,-40
1759485281.6976247,2,-7,-34
1759485281.7336247,6,1,-37
1759485281.7706249,8,-4,-42
1759485281.809625,1,-2,-43
1759485281.8476248,-1,1,-48
1759485281.8836248,0,3,-34
1759485281.9206247,1,2,-35
1759485281.9596248,-4,6,-34
1759485281.9976249,-2,9,-44
1759485282.033625,-6,5,-42
1759485282.0726247,-3,1,-40
1759485282.1106248,-1,2,-32
1759485282.148625,1,0,-45
1759485282.1866248,-2,2,-37
1759485282.2226248,1,4,-34
1759485282.2596247,4,-4,-43
1759485282.2986248,-1,4,-35
1759485282.3366249,2,7,-33
1759485282.3726249,2,7,-39
1759485282.4096248,2,-4,-34
1759485282.4486248,1,-5,-36
1759485282.4866247,0,-2,-33
1759485282.5226247,0,5,-35
1759485282.559625,2,3,-34
1759485282.5986247,-1,-1,-44
1759485282.6366248,2,0,-38
1759485282.6726248,-1,0,-31
1759485282.7106247,-1,-6,-25
1759485282.7496247,2,-6,-33
1759485282.7876248,5,-1,-26
1759485282.8236248,4,-4,-38
1759485282.8616247,6,-1,-29
1759485282.8996248,3,-2,-22
1759485282.9376247,11,-6,-24
1759485282.9736247,4,-7,-34
1759485283.0116248,-1,0,-33
1759485283.0496247,0,-1,-33
1759485283.0886247,1,-4,-40
1759485283.125625,0,-3,-33
1759485283.1636248,2,-4,-33
1759485283.2006247,-7,-2,-19
1759485283.2396247,-9,-3,-27
1759485283.2776248,0,-2,-37
1759485283.3136249,0,2,-35
1759485283.3506248,-2,1,-51
1759485283.3896248,-3,1,-33
1759485283.4276247,3,6,-31
1759485283.4636247,2,2,-42
1759485283.500625,1,7,-41
1759485283.5396247,1,2,-41
1759485283.5776248,-3,2,-32
1759485283.6136248,0,1,-33
1759485283.6506248,1,-2,-40
1759485283.6896248,-4,-3,-43
1759485283.727625,-1,-4,-41
1759485283.763625,0,2,-37
1759485283.8006248,-1,1,-42
1759485283.839625,-5,-2,-47
1759485283.8776248,-3,-1,-45
1759485283.9136248,-2,-2,-35
1759485283.9526248,-1,-1,-32
1759485283.9896247,-8,-3,-41
1759485284.0286248,-3,3,-41
1759485284.0656247,-2,1,-36
1759485284.102625,-2,2,-40
1759485284.1406248,-4,-1,-42
1759485284.1796248,1,-2,-36
1759485284.217625,0,-1,-39
1759485284.253625,-2,-7,-52
1759485284.2926247,2,0,-42
1759485284.329625,0,-1,-42
1759485284.3686247,1,-1,-44
1759485284.4056249,-1,0,-40
1759485284.4436247,-6,7,-37
1759485284.480625,-9,-2,-31
1759485284.5196247,0,0,-35
1759485284.5556247,-1,0,-50
1759485284.5946248,2,-4,-37
1759485284.6326249,-1,-7,-25
1759485284.6696248,0,-2,-33
1759485284.7086248,1,1,-41
1759485284.7446249,-2,-1,-43
1759485284.783625,-5,0,-38
1759485284.8206248,-8,-2,-32
1759485284.8596249,3,-2,-33
1759485284.8956249,-6,-2,-30
1759485284.9336247,-3,3,-39
1759485284.9726248,-9,-7,-50
1759485285.010625,5,0,-40
1759485285.0486248,5,5,-39
1759485285.0846248,0,1,-37
1759485285.1216247,-2,2,-23
1759485285.1606247,-2,0,-40
1759485285.1986248,0,0,-38
1759485285.2346249,0,-2,-38
1759485285.273625,-4,0,-32
1759485285.3116248,-4,0,-40
1759485285.3496249,-2,-2,-38
1759485285.385625,1,-5,-37
1759485285.4236248,0,1,-43
1759485285.4606247,2,2,-38
1759485285.4996247,0,0,-41
1759485285.5356247,-3,0,-40
1759485285.5736248,0,2,-22
1759485285.612625,7,4,-32
1759485285.6506248,2,3,-45
1759485285.6886249,3,4,-46
1759485285.7246249,1,1,-42
1759485285.7616248,2,1,-40
1759485285.8006248,3,0,-47
1759485285.8386247,4,-2,-44
1759485285.8746247,1,1,-42
1759485285.911625,2,-10,-36
1759485285.9506247,3,-1,-38
1759485285.9886248,-2,0,-40
1759485286.0246248,2,-5,-40
1759485286.0626247,3,-4,-45
1759485286.1016247,0,0,-47
1759485286.1396248,-5,4,-38
1759485286.1766248,-3,0,-39
1759485286.2136247,-1,1,-36
1759485286.2516248,-8,3,-47
1759485286.2906249,0,0,-50
1759485286.3266249,3,1,-47
1759485286.3636248,-3,1,-45
1759485286.401625,-2,-1,-44
1759485286.4406247,-8,1,-32
1759485286.4766247,-4,3,-34
1759485286.513625,-1,0,-42
1759485286.5516248,4,0,-44
1759485286.5906248,-4,-4,-36
1759485286.6266248,1,0,-34
1759485286.6636248,-3,7,-38
1759485286.7026248,7,5,-46
1759485286.740625,1,4,-41
1759485286.776625,-1,-2,-29
1759485286.8156247,0,-7,-40
1759485286.8536248,-2,2,-35
1759485286.8916247,-1,0,-42
1759485286.9296248,0,-1,-51
1759485286.9666247,6,-2,-42
1759485287.003625,-1,-4,-36
1759485287.0426247,-2,4,-35
1759485287.0806248,-4,2,-36
1759485287.1166248,3,0,-36
1759485287.1546247,0,5,-37
1759485287.1916249,-5,6,-25
1759485287.230625,-1,0,-36
1759485287.2666247,1,6,-39
1759485287.3036249,-2,-4,-49
1759485287.3416247,-2,-3,-38
1759485287.3806248,-2,-5,-43
1759485287.4166248,0,-2,-40
1759485287.4536247,0,4,-30
1759485287.4916248,-3,0,-37
1759485287.5296247,5,-1,-41
1759485287.5666249,5,-3,-24
1759485287.6036248,12,-5,-33
1759485287.6416247,3,-7,-28
1759485287.6806247,3,-7,-35
1759485287.7166247,-5,-7,-38
1759485287.7546248,-2,-6,-40
1759485287.7926247,0,-2,-34
1759485287.8316247,-1,-3,-35
1759485287.8696249,-3,-4,-42
1759485287.9056249,5,2,-34
1759485287.9436247,-4,-2,-25
1759485287.9816248,-2,-4,-30
1759485288.0206249,-4,-4,-36
1759485288.056625,-7,-4,-34
1759485288.0956247,3,-8,-24
1759485288.1336248,2,-6,-33
1759485288.171625,0,-4,-14
1759485288.207625,-4,-2,-35
1759485288.2456248,4,-2,-36
1759485288.283625,7,1,-33
1759485288.3216248,3,2,-42
1759485288.3606248,-2,0,-48
1759485288.3966248,-2,4,-51
1759485288.4336247,2,2,-39
1759485288.4716249,-1,0,-36
1759485288.510625,3,3,-34
1759485288.546625,5,1,-35
1759485288.5846248,0,1,-33
1759485288.6216247,5,4,-40
1759485288.6606247,-2,9,-39
1759485288.6966248,5,3,-48
1759485288.7336247,0,5,-35
1759485288.7726247,-6,4,-49
1759485288.8106248,0,0,-48
1759485288.8466249,2,-2,-48
1759485288.8836248,0,-9,-46
1759485288.9226248,1,0,-46
1759485288.9606247,0,-2,-41
1759485288.9966247,0,-4,-31
1759485289.0346248,1,-5,-34
1759485289.0726247,-7,-1,-41
1759485289.1116247,5,-6,-36
1759485289.1476247,-2,-8,-37
1759485289.1856248,-2,-1,-29
1759485289.2236247,0,-8,-22
1759485289.2626247,-9,-1,-23
1759485289.3006248,-4,-1,-29
1759485289.3366249,-1,4,-33
1759485289.3736248,0,4,-34
1759485289.4126248,1,-6,-32
1759485289.4506247,2,-3,-21
1759485289.4866247,1,0,-30
1759485289.523625,3,-3,-37
1759485289.5626247,-6,-5,-29
1759485289.6006248,0,-9,-32
1759485289.6366248,-2,-2,-34
1759485289.6826248,-5,2,-38
1759485289.7186248,0,6,-42
1759485289.7556248,1,-1,-39
1759485289.7936249,4,-2,-23
1759485289.832625,10,0,-35
1759485289.8686247,14,2,-44
1759485289.9056249,0,2,-37
1759485289.9436247,2,-1,-40
1759485289.9826248,-4,8,-39
1759485290.0186248,-1,5,-38
1759485290.056625,-5,5,-31
1759485290.0956247,-1,-2,-33
1759485290.1326249,4,4,-23
1759485290.171625,0,-1,-28
1759485290.207625,5,-2,-38
1759485290.2456248,6,-7,-31
1759485290.2846248,4,-1,-42
1759485290.3226247,4,-3,-29
1759485290.3586247,5,-4,-36
1759485290.3966248,2,0,-33
1759485290.4356248,2,-1,-29
1759485290.4736247,-2,3,-36
1759485290.5116248,2,2,-42
1759485290.5476248,4,0,-44
1759485290.5846248,-2,-7,-40
1759485290.6236248,-7,-6,-35
1759485290.661625,-5,-2,-35
1759485290.6976247,1,0,-29
1759485290.7346249,-2,1,-33
1759485290.773625,-1,-3,-36
1759485290.8116248,4,-1,-34
1759485290.8476248,0,-6,-34
1759485290.8846247,-6,-3,-40
1759485290.9236248,0,-4,-44
1759485290.9616249,3,-6,-43
1759485290.9976249,-3,-1,-52
1759485291.0356247,-8,-5,-34
1759485291.0736248,0,0,-28
1759485291.112625,1,-4,-33
1759485291.148625,2,1,-31
1759485291.1876247,9,-5,-39
1759485291.2246249,11,-6,-36
1759485291.263625,9,1,-45
1759485291.3016248,8,4,-49
1759485291.3376248,4,1,-37
1759485291.3746247,3,3,-23
1759485291.4136248,3,-1,-36
1759485291.4516249,-1,2,-36
1759485291.4886248,-1,-1,-33
1759485291.526625,-5,-8,-24
1759485291.5646248,-1,-10,-37
1759485291.6036248,-8,-1,-43
1759485291.6396248,-9,2,-37
1759485291.6766248,2,4,-31
1759485291.714625,1,0,-26
1759485291.753625,2,-1,-26
1759485291.7896247,4,1,-26
1759485291.8276248,8,-1,-31
1759485291.8666248,0,-4,-30
1759485291.9046247,1,-7,-32
1759485291.9426248,-4,-4,-34
1759485291.9786248,-3,-8,-41
1759485292.0166247,-3,-8,-40
1759485292.0556247,-2,-5,-34
1759485292.0936248,-6,-3,-30
1759485292.1296248,2,0,-44
1759485292.1676247,1,-3,-41
1759485292.2056248,-2,0,-38
1759485292.2436247,0,-5,-40
1759485292.2796247,2,0,-45
1759485292.3176248,-1,0,-39
1759485292.355625,-6,-5,-38
1759485292.3936248,-10,-3,-34
1759485292.4296248,-13,-4,-40
1759485292.467625,-5,-6,-41
1759485292.5056248,2,0,-31
1759485292.5446248,0,-5,-33
1759485292.582625,-1,-7,-39
1759485292.6186247,-5,-1,-45
1759485292.6566248,-9,3,-39
1759485292.694625,-3,1,-29
1759485292.7336247,-2,2,-38
1759485292.7696247,0,2,-43
1759485292.8076248,-1,3,-40
1759485292.8446248,-5,2,-49
1759485292.8836248,-3,0,-45
1759485292.9196248,-5,-1,-46
1759485292.957625,3,-4,-42
1759485292.9966247,-1,-7,-44
1759485293.0346248,-4,3,-37
1759485293.0726247,1,0,-38
1759485293.1086247,1,-2,-27
1759485293.1456249,2,-5,-33
1759485293.184625,-2,-3,-47
1759485293.2206247,9,-6,-55
1759485293.2576249,5,-1,-42
1759485293.296625,0,-6,-42
1759485293.3346248,0,-5,-39
1759485293.3706248,-3,-2,-42
1759485293.4096248,-8,-9,-42
1759485293.4476247,-3,-6,-44
1759485293.4846249,1,-2,-42
1759485293.523625,2,1,-41
1759485293.5606248,1,0,-42
1759485293.5976248,2,-1,-38
1759485293.6346247,-3,0,-31
1759485293.6736248,-4,-1,-28
1759485293.7096248,-3,0,-25
1759485293.7476249,2,-2,-36
1759485293.786625,0,-1,-48
1759485293.8246248,-4,3,-31
1759485293.8606248,0,5,-41
1759485293.8976247,-1,0,-38
1759485293.9366248,0,3,-40
1759485293.9746249,-6,-4,-31
1759485294.010625,-8,-1,-40
1759485294.0486248,0,-2,-46
1759485294.0866249,0,-1,-33
1759485294.125625,-1,-3,-34
1759485294.1636248,-2,-4,-36
1759485294.1996248,3,0,-34
1759485294.2366247,-3,-1,-37
1759485294.2756248,1,-6,-34
1759485294.3136249,-1,-7,-33
1759485294.3496249,0,-6,-27
1759485294.3866248,-4,2,-45
1759485294.4256248,-1,1,-39
1759485294.4636247,-3,2,-34
1759485294.4996247,0,5,-34
1759485294.536625,0,2,-42
1759485294.5756247,4,-3,-38
1759485294.6136248,1,5,-38
1759485294.6496248,6,3,-39
1759485294.6866248,5,7,-38
1759485294.7256248,-2,-2,-36
1759485294.763625,-8,-2,-34
1759485294.7996247,-3,0,-37
1759485294.8376248,-1,0,-26
1759485294.875625,-1,1,-23
1759485294.9136248,-3,3,-34
1759485294.9496248,6,-5,-32
1759485294.987625,3,-6,-40
1759485295.0256248,6,-7,-45
1759485295.0616248,4,0,-34
1759485295.0986247,-3,3,-42
1759485295.1376247,-3,2,-49
1759485295.1756248,-5,-2,-44
1759485295.2116249,-4,-4,-45
1759485295.2496247,2,-4,-38
1759485295.2876248,0,-1,-45
1759485295.3256247,0,-1,-44
1759485295.3646247,0,1,-24
1759485295.4006248,-4,2,-26
1759485295.4376247,-3,6,-34
1759485295.4756248,7,3,-34
1759485295.5146248,6,1,-47
1759485295.5506248,-6,0,-36
1759485295.589625,-5,5,-41
1759485295.6276248,-4,0,-41
1759485295.6656249,-5,-5,-33
1759485295.7016249,7,2,-36
1759485295.7396247,0,2,-41
1759485295.7786248,0,7,-43
1759485295.8166249,-4,3,-33
1759485295.8546247,0,1,-40
1759485295.8906248,3,1,-37
1759485295.9276247,3,-1,-34
1759485295.9666247,0,-2,-42
1759485296.0046248,1,-1,-47
1759485296.0406249,-7,-4,-39
1759485296.079625,-1,-1,-33
1759485296.1166248,3,-6,-34
1759485296.1556249,1,1,-26
1759485296.1916249,0,-1,-40
1759485296.2296247,-3,0,-31
1759485296.2666247,3,0,-32
1759485296.3056247,0,-4,-32
1759485296.3416247,-11,-1,-36
1759485296.3796248,-3,0,-44
1759485296.4176247,-5,-6,-43
1759485296.4566247,2,-2,-32
1759485296.4946249,-5,-4,-38
1759485296.5306249,-1,-5,-37
1759485296.569625,2,-2,-39
1759485296.6066248,9,4,-37
1759485296.6456249,4,1,-26
1759485296.681625,1,1,-23
1759485296.7186248,2,3,-32
1759485296.7566247,3,-3,-27
1759485296.7956247,0,1,-34
1759485296.8316247,0,-1,-41
1759485296.8686247,3,-4,-40
1759485296.9066248,2,0,-31
1759485296.9456248,-4,-6,-36
1759485296.9826248,0,0,-36
1759485297.0206249,-3,3,-32
1759485297.0576248,-3,-5,-38
1759485297.0966249,-5,5,-47
1759485297.1326249,-2,-6,-30
1759485297.1706247,-2,-5,-23
1759485297.2096248,0,-6,-25
1759485297.2466247,-4,-4,-30
1759485297.2856247,0,-3,-33
1759485297.3216248,-3,-1,-34
1759485297.3596249,0,-8,-29
1759485297.398625,5,-1,-38
1759485297.4366248,-5,-1,-42
1759485297.4726248,-3,3,-43
1759485297.5096247,0,0,-30
1759485297.5476248,4,8,-38
1759485297.5866249,-2,6,-34
1759485297.6226249,-5,-3,-36
1759485297.6606247,2,-1,-27
1759485297.6996248,7,3,-31
1759485297.737625,5,5,-25
1759485297.7756248,10,-1,-29
1759485297.8126247,4,-4,-27
1759485297.8506248,1,-1,-38
1759485297.8876247,3,-8,-55
1759485297.9266248,5,-1,-41
1759485297.9626248,0,-1,-39
1759485298.000625,-2,0,-40
1759485298.0376248,3,9,-42
1759485298.0766249,3,-2,-47
1759485298.112625,8,-3,-46
1759485298.151625,1,0,-35
1759485298.1896248,4,-7,-29
1759485298.227625,1,-6,-38
1759485298.2656248,-7,0,-25
1759485298.3016248,4,13,-34
1759485298.339625,-1,10,-36
1759485298.3776248,3,13,-35
1759485298.4156249,5,0,-44
1759485298.4516249,-1,0,-40
1759485298.4896247,0,-8,-44
1759485298.5276248,-1,0,-40
1759485298.5636249,3,0,-41
1759485298.6016247,-2,0,-34
1759485298.638625,4,-1,-43
1759485298.6776247,1,-8,-36
1759485298.7136247,-2,-3,-28
1759485298.7516248,-3,-2,-28
1759485298.7906249,-3,-3,-44
1759485298.8286247,3,-4,-40
1759485298.8666248,0,-6,-46
1759485298.9026248,4,-3,-34
1759485298.9406247,2,-17,-38
1759485298.977625,-2,-9,-40
1759485299.0166247,0,-10,-42
1759485299.0526247,0,-1,-36
1759485299.0906248,-5,-10,-39
1759485299.1276248,-8,-3,-34
1759485299.1666248,-12,-4,-35
1759485299.2026248,-7,-7,-39
1759485299.2416248,0,-5,-35
1759485299.2786248,5,0,-29
1759485299.3176248,0,0,-41
1759485299.3536248,0,6,-41
1759485299.3906248,0,3,-33
1759485299.4286249,0,2,-29
1759485299.467625,2,6,-37
1759485299.503625,8,-6,-42
1759485299.5416248,0,2,-35
1759485299.5786247,-2,0,-34
1759485299.6176248,0,-2,-35
1759485299.6536248,-1,-1,-36
1759485299.6996248,-2,-3,-33
1759485299.737625,0,-4,-37
1759485299.7746248,0,-2,-37
1759485299.8126247,0,1,-35
1759485299.8506248,1,1,-33
1759485299.888625,0,-2,-39
1759485299.9266248,6,0,-43
1759485299.9626248,3,-3,-42
1759485299.9996247,-1,-7,-41
1759485300.0386248,5,0,-40
1759485300.0766249,-1,2,-41
1759485300.112625,-4,6,-42
1759485300.1496248,0,-3,-33
1759485300.1886249,-5,4,-36
1759485300.2246249,0,5,-29
1759485300.2616248,0,7,-46
1759485300.2996247,0,-4,-43
1759485300.3386247,-3,-3,-32
1759485300.3746247,0,-3,-51
1759485300.4126248,-8,-2,-43
1759485300.4506247,-1,2,-44
1759485300.4896247,0,0,-27
1759485300.5276248,0,-3,-41
1759485300.5636249,3,2,-39
1759485300.6016247,2,0,-40
1759485300.6406248,-3,0,-29
1759485300.6786249,0,1,-45
1759485300.714625,1,1,-40
1759485300.7516248,0,0,-50
1759485300.7906249,-2,0,-39
1759485300.8286247,3,0,-43
1759485300.8646247,1,0,-43
1759485300.9026248,2,-3,-26
1759485300.9396248,3,-7,-26
1759485300.9786248,-3,-4,-36
1759485301.0146248,-5,0,-28
1759485301.0516248,-2,0,-41
1759485301.089625,-2,-4,-38
1759485301.128625,-1,-7,-43
1759485301.1656249,0,-8,-32
1759485301.2036247,-7,-3,-36
1759485301.240625,0,-1,-41
1759485301.2796247,1,3,-52
1759485301.3176248,6,1,-33
1759485301.3536248,4,1,-35
1759485301.3916247,0,-3,-41
1759485301.4296248,1,-6,-36
1759485301.467625,-3,-1,-33
1759485301.503625,-2,3,-29
1759485301.5406249,7,4,-20
1759485301.579625,7,-2,-33
1759485301.6176248,7,1,-31
1759485301.6536248,11,1,-49
1759485301.6916249,3,-3,-40
1759485301.7296247,0,-1,-47
1759485301.7676249,-1,-5,-39
1759485301.8036249,-2,1,-37
1759485301.842625,-3,2,-29
1759485301.8796248,-4,4,-33
1759485301.9186249,0,3,-33
1759485301.954625,1,6,-40
1759485301.9916248,4,1,-37
1759485302.0296247,2,-6,-44
1759485302.0686247,0,-5,-39
1759485302.1046247,-2,-3,-29
1759485302.1436248,2,1,-26
1759485302.1806247,-4,-5,-36
1759485302.2196248,5,-4,-41
1759485302.2556248,3,0,-48
1759485302.2936249,-2,1,-41
1759485302.3306248,2,3,-49
1759485302.3696249,2,0,-47
1759485302.4056249,-8,2,-42
1759485302.444625,-4,4,-35
1759485302.4816248,-6,-1,-46
1759485302.5196247,-3,1,-40
1759485302.5586247,7,5,-42
1759485302.5946248,6,3,-37
1759485302.6316247,7,0,-37
1759485302.6706247,4,-1,-35
1759485302.7086248,4,-4,-38
1759485302.7446249,0,0,-32
1759485302.7816248,0,3,-35
1759485302.8206248,3,1,-47
1759485302.8586247,6,-3,-34
1759485302.8946247,1,-5,-37
1759485302.9336247,2,0,-24
1759485302.9706247,5,0,-23
1759485303.0096247,7,-3,-39
1759485303.0456247,1,-3,-39
1759485303.0836248,5,0,-40
1759485303.1216247,-2,-1,-41
1759485303.1606247,1,-1,-48
1759485303.1986248,2,0,-44
1759485303.2346249,3,0,-48
1759485303.2726247,3,2,-34
1759485303.3106248,3,2,-35
1759485303.3486247,0,0,-44
1759485303.3846247,3,1,-42
1759485303.4226248,4,-1,-45
1759485303.4606247,5,4,-49
1759485303.4986248,1,0,-40
1759485303.5356247,0,-3,-39
1759485303.5726247,3,-2,-36
1759485303.6116247,0,3,-27
1759485303.6496248,-9,0,-37
1759485303.6856248,-3,-1,-42
1759485303.7236247,-3,5,-42
1759485303.7616248,-2,3,-42
1759485303.8006248,-2,-1,-37
1759485303.8366249,-3,0,-37
1759485303.8746247,5,-2,-36
1759485303.9126248,-7,3,-45
1759485303.9516249,-3,-3,-39
1759485303.9896247,0,-3,-36
1759485304.0256248,-1,0,-34
1759485304.0646248,-2,4,-42
1759485304.102625,0,-1,-41
1759485304.1406248,6,-4,-45
1759485304.1766248,3,2,-34
1759485304.214625,-2,-5,-34
1759485304.2526248,6,-8,-19
1759485304.2906249,-2,-12,-39
1759485304.3266249,-1,-11,-29
1759485304.365625,-1,-3,-36
1759485304.4036248,4,-3,-49
1759485304.4416249,6,-4,-52
1759485304.4796247,3,0,-47
1759485304.5156248,3,3,-36
1759485304.5536249,-1,-1,-40
1759485304.5916247,0,4,-37
1759485304.6296248,-2,-3,-33
1759485304.6656249,-3,3,-29
1759485304.7036247,7,-5,-30
1759485304.7416248,5,1,-34
1759485304.7806249,0,-2,-29
1759485304.8166249,-3,-2,-24
1759485304.8546247,-4,-3,-39
1759485304.8926249,-3,-7,-39
1759485304.931625,-8,-6,-33
1759485304.9696248,0,-3,-31
1759485305.0056248,-3,2,-33
1759485305.0446248,-2,1,-34
1759485305.082625,6,2,-28
1759485305.1206248,1,6,-32
1759485305.1566248,1,2,-34
1759485305.194625,-1,-2,-46
1759485305.2326248,5,-2,-37
1759485305.2706249,1,-1,-36
1759485305.306625,3,0,-39
1759485305.3446248,0,0,-34
1759485305.3826249,-2,-4,-37
1759485305.4206247,-1,2,-37
1759485305.4566247,0,0,-41
1759485305.4936247,5,0,-37
1759485305.5316248,5,2,-43
1759485305.5706248,-4,3,-41
1759485305.6066248,-3,7,-46
1759485305.6436248,-2,-1,-39
1759485305.681625,2,4,-36
1759485305.7206247,0,0,-28
1759485305.7566247,2,0,-32
1759485305.7936249,0,-9,-32
1759485305.8316247,1,-1,-34
1759485305.8706248,-2,2,-33
1759485305.9066248,0,-4,-45
1759485305.944625,0,-9,-43
1759485305.9836247,4,0,-41
1759485306.0216248,0,-4,-36
1759485306.0576248,-1,0,-40
1759485306.0956247,3,-4,-28
1759485306.1336248,2,0,-32
1759485306.171625,-3,-3,-29
1759485306.207625,-12,-7,-27
1759485306.2456248,-5,-3,-40
1759485306.283625,1,0,-37
1759485306.3226247,-3,2,-27
1759485306.3606248,3,-2,-29
1759485306.3966248,7,-2,-50
1759485306.434625,0,-1,-50
1759485306.4726248,-4,0,-41
1759485306.5116248,-4,3,-40
1759485306.5476248,-5,4,-28
1759485306.5846248,2,4,-33
1759485306.6236248,3,-2,-30
1759485306.661625,-7,-2,-32
1759485306.6976247,-2,-7,-34
1759485306.7356248,7,-5,-35
1759485306.773625,0,1,-23
1759485306.8126247,-4,-1,-28
1759485306.8506248,0,-5,-40
1759485306.8876247,-2,-7,-33
1759485306.9256248,1,-2,-35
1759485306.9626248,9,-1,-28
1759485307.0016248,1,-5,-37
1759485307.0386248,8,-2,-44
1759485307.0756247,8,-3,-43
1759485307.1146247,0,-2,-34
1759485307.1526248,0,0,-31
1759485307.1886249,-4,-4,-39
1759485307.227625,0,-5,-30
1759485307.2646248,-2,-5,-37
1759485307.3026247,2,2,-33
1759485307.3416247,-3,-1,-30
1759485307.3776248,-15,-2,-34
1759485307.4156249,-2,0,-37
1759485307.454625,-1,0,-36
1759485307.4926248,5,-3,-33
1759485307.5286248,1,-3,-30
1759485307.5676248,0,-1,-47
1759485307.6046247,1,11,-33
1759485307.6426249,3,3,-34
1759485307.681625,1,3,-34
1759485307.717625,-2,-2,-40
1759485307.7566247,-2,4,-40
1759485307.7936249,-5,3,-29
1759485307.832625,-1,2,-35
1759485307.8686247,1,2,-39
1759485307.9066248,-2,3,-40
1759485307.944625,1,-2,-36
1759485307.9826248,9,0,-42
1759485308.0186248,2,-2,-35
1759485308.056625,-1,-3,-38
1759485308.0946248,3,-8,-44
1759485308.1336248,4,-11,-31
1759485308.171625,0,0,-34
1759485308.207625,-2,5,-33
1759485308.2456248,1,5,-37
1759485308.283625,0,1,-39
1759485308.3216248,-7,-1,-32
1759485308.3576248,-5,-1,-31
1759485308.3956249,4,2,-28
1759485308.4336247,-2,-1,-38
1759485308.4726248,2,0,-37
1759485308.5086248,10,0,-28
1759485308.5456247,0,4,-31
1759485308.5836248,0,4,-39
1759485308.6226249,0,5,-41
1759485308.6596248,-3,1,-33
1759485308.6966248,2,8,-48
1759485308.7346249,1,3,-42
1759485308.773625,6,-2,-36
1759485308.8116248,-4,-5,-36
1759485308.8476248,-12,7,-39
1759485308.8866248,-3,0,-43
1759485308.9236248,-8,0,-44
1759485308.9626248,1,0,-37
1759485308.9986248,4,-2,-45
1759485309.036625,3,-8,-43
1759485309.0746248,6,-6,-33
1759485309.1136248,3,-2,-40
1759485309.1496248,1,-1,-34
1759485309.1876247,-1,-5,-25
1759485309.2256248,0,-3,-31
1759485309.263625,0,-3,-40
1759485309.3026247,5,-6,-32
1759485309.3386247,1,1,-45
1759485309.375625,3,-1,-42
1759485309.4136248,5,1,-45
1759485309.4526248,-1,-2,-46
1759485309.4886248,1,0,-51
1759485309.526625,-3,-2,-45
1759485309.5656247,-1,-7,-43
1759485309.6036248,2,-2,-32
1759485309.6396248,0,-3,-36
1759485309.6776247,11,-4,-43
1759485309.7226248,3,-5,-46
1759485309.7586248,7,-2,-41
1759485309.796625,1,0,-34
1759485309.8356247,-2,5,-40
1759485309.8736248,-1,7,-39
1759485309.9096248,-3,0,-40
1759485309.9466248,1,-2,-50
1759485309.9856248,0,0,-43
1759485310.023625,-7,-2,-35
1759485310.059625,-2,2,-41
1759485310.0976248,0,5,-46
1759485310.135625,3,-2,-40
1759485310.1746247,2,0,-39
1759485310.2126248,7,8,-33
1759485310.2486248,0,4,-38
1759485310.2876248,-5,2,-31
1759485310.3256247,-2,4,-28
1759485310.3636248,6,4,-37
1759485310.3996248,-2,6,-41
1759485310.4386249,1,2,-34
1759485310.4756248,-4,6,-35
1759485310.5146248,-1,-3,-34
1759485310.5526247,1,2,-43
1759485310.5886247,-2,-4,-32
1759485310.6266248,6,3,-36
1759485310.6646247,0,-1,-32
1759485310.7036247,-3,0,-41
1759485310.7396247,-6,0,-39
1759485310.776625,0,-1,-34
1759485310.8146248,-10,-6,-20
1759485310.8536248,-2,-1,-40
1759485310.8896248,-2,-1,-44
1759485310.9286249,-5,-3,-51
1759485310.9656248,-3,-1,-45
1759485311.0046248,-7,-2,-49
1759485311.0406249,-6,-3,-45
1759485311.079625,-3,2,-44
1759485311.1176248,-5,0,-40
1759485311.1556249,1,3,-43
1759485311.1936247,5,5,-39
1759485311.2296247,1,4,-43
1759485311.2666247,-1,-2,-40
1759485311.3056247,-5,0,-40
1759485311.3436248,3,-6,-29
1759485311.3796248,0,-2,-38
1759485311.4176247,3,-3,-30
1759485311.4556248,-1,1,-35
1759485311.4936247,-5,5,-34
1759485311.5296247,-1,0,-37
1759485311.5686247,-5,-2,-38
1759485311.605625,-5,0,-29
1759485311.6446247,-6,-3,-17
1759485311.6806247,0,-3,-26
1759485311.717625,-1,-3,-42
1759485311.7566247,-1,0,-37
1759485311.7946248,1,3,-32
1759485311.8306248,8,-7,-35
1759485311.8696249,3,0,-28
1759485311.9066248,-2,-1,-37
1759485311.9456248,-3,-1,-36
1759485311.9836247,-6,2,-35
1759485312.0196247,-13,5,-31
1759485312.0576248,-10,7,-38
1759485312.0956247,1,9,-32
1759485312.1346247,1,1,-37
1759485312.1706247,-3,2,-46
1759485312.207625,-4,-3,-47
1759485312.2456248,-2,-5,-47
1759485312.2846248,5,0,-29
1759485312.3206248,4,0,-33
1759485312.3576248,5,0,-30
1759485312.3956249,-7,0,-33
1759485312.434625,-6,0,-32
1759485312.4706247,-4,-4,-42
1759485312.5096247,-1,-3,-30
1759485312.5476248,-6,-1,-36
1759485312.5856247,-3,1,-41
1759485312.6226249,4,-5,-39
1759485312.6596248,4,-10,-31
1759485312.6976247,-1,-8,-37
1759485312.7366247,-8,0,-18
1759485312.7746248,-10,-2,-33
1759485312.8106248,-1,3,-41
1759485312.8486247,-4,1,-34
1759485312.8866248,0,4,-32
1759485312.9256248,2,-3,-27
1759485312.9616249,6,-7,-39
1759485312.9996247,1,-4,-45
1759485313.0376248,-3,0,-28
1759485313.0756247,-1,2,-27
1759485313.1146247,-1,0,-39
1759485313.1506248,-3,0,-30
1759485313.1876247,-5,-5,-26
1759485313.2266247,-4,-2,-30
1759485313.2646248,-1,-1,-32
1759485313.3006248,1,-1,-43
1759485313.3386247,-2,5,-47
1759485313.3766248,-4,-6,-32
1759485313.4146247,-1,-4,-49
1759485313.4506247,7,1,-48
1759485313.487625,-3,-5,-41
1759485313.526625,1,0,-41
1759485313.5646248,1,0,-41
1759485313.6006248,-4,3,-39
1759485313.6376247,-5,1,-31
1759485313.6766248,0,5,-33
1759485313.714625,0,-3,-35
1759485313.750625,0,3,-35
1759485313.7876248,2,0,-40
1759485313.8266249,4,7,-28
1759485313.8646247,-1,-1,-40
1759485313.9006248,5,2,-39
1759485313.9376247,8,7,-49
1759485313.9766247,-3,6,-41
1759485314.0146248,0,3,-42
1759485314.0506248,-3,4,-33
1759485314.0886247,0,0,-44
1759485314.1266248,0,0,-35
1759485314.1626248,-11,0,-28
1759485314.2006247,5,-1,-39
1759485314.2396247,2,-6,-30
1759485314.276625,2,-8,-40
1759485314.3156247,-5,-2,-44
1759485314.3516247,-5,1,-37
1759485314.3896248,-6,0,-36
1759485314.4266248,0,0,-36
1759485314.4656248,0,1,-36
1759485314.5016248,1,0,-32
1759485314.5386248,8,-4,-27
1759485314.5766249,0,-5,-30
1759485314.615625,1,-2,-36
1759485314.651625,6,-8,-45
1759485314.6886249,-9,-8,-37
1759485314.7266247,-5,-3,-27
1759485314.7656248,0,-7,-39
1759485314.8016248,4,0,-38
1759485314.8386247,0,2,-48
1759485314.8776248,0,9,-46
1759485314.9156249,-1,6,-32
1759485314.9516249,0,0,-43
1759485314.9896247,10,-8,-48
1759485315.0276248,2,-12,-49
1759485315.0656247,1,-3,-37
1759485315.1016247,-3,-2,-44
1759485315.1406248,-8,0,-44
1759485315.1776247,-4,3,-47
1759485315.2166247,3,1,-41
1759485315.2526248,6,0,-29
1759485315.2896247,3,3,-43
1759485315.3276248,0,0,-38
1759485315.3666248,6,-3,-35
1759485315.4026248,0,0,-43
1759485315.4396248,-1,-3,-37
1759485315.477625,-1,-6,-50
1759485315.5166247,-5,-3,-47
1759485315.5526247,-6,-2,-42
1759485315.5906248,0,0,-29
1759485315.6296248,-2,-2,-36
1759485315.6676247,-3,-5,-29
1759485315.7056248,-8,-2,-33
1759485315.7416248,-5,-5,-43
1759485315.7796247,0,-5,-32
1759485315.8176248,1,2,-30
1759485315.8566248,-1,1,-44
1759485315.8926249,0,-2,-39
1759485315.9306247,5,-7,-34
1759485315.9686248,3,-4,-29
1759485316.0066247,-1,-6,-32
1759485316.0426247,0,-2,-40
1759485316.079625,0,2,-37
1759485316.1186247,1,6,-43
1759485316.1566248,1,-1,-38
1759485316.1926248,0,3,-27
1759485316.230625,2,4,-34
1759485316.2686248,1,1,-38
1759485316.306625,4,-4,-36
1759485316.342625,8,5,-37
1759485316.3816247,-1,-2,-42
1759485316.4186249,-2,0,-35
1759485316.457625,-1,1,-42
1759485316.4936247,-1,0,-49
1759485316.5316248,-2,-5,-40
1759485316.5686247,-3,-2,-38
1759485316.6076248,-1,0,-37
1759485316.6436248,6,2,-35
1759485316.681625,4,2,-42
1759485316.7196248,10,-3,-29
1759485316.7586248,-2,0,-26
1759485316.796625,-4,2,-23
1759485316.832625,0,-4,-38
1759485316.8696249,-2,0,-33
1759485316.908625,-8,0,-36
1759485316.9466248,-1,-3,-39
1759485316.9826248,-7,3,-35
1759485317.0196247,3,-8,-41
1759485317.0586247,7,-2,-46
1759485317.0966249,4,-4,-43
1759485317.1326249,2,0,-44
1759485317.1696248,-5,2,-39
1759485317.2086248,-6,8,-34
1759485317.2466247,-1,3,-43
1759485317.2826247,4,0,-41
1759485317.319625,-4,1,-44
1759485317.3586247,0,1,-41
1759485317.3966248,-7,-7,-35
1759485317.4326248,-1,-4,-39
1759485317.4706247,0,-6,-25
1759485317.5096247,6,-1,-38
1759485317.5476248,4,0,-30
1759485317.5836248,-1,-2,-36
1759485317.6216247,-7,-5,-39
1759485317.6596248,1,-3,-38
1759485317.6986248,1,1,-48
1759485317.7346249,-1,0,-46
1759485317.773625,1,-2,-30
1759485317.8106248,-3,-6,-31
1759485317.8496249,3,-3,-40
1759485317.8876247,-2,-6,-51
1759485317.9236248,1,0,-42
1759485317.9616249,-5,1,-34
1759485317.9986248,0,-1,-42
1759485318.0376248,-1,-3,-40
1759485318.0736248,5,-1,-47
1759485318.112625,0,-7,-41
1759485318.1506248,1,-2,-35
1759485318.1886249,2,0,-41
1759485318.2246249,3,-1,-48
1759485318.2626247,-2,0,-28
1759485318.3006248,-2,-5,-31
1759485318.339625,5,-1,-43
1759485318.3776248,-4,-6,-39
1759485318.4136248,-6,-9,-37
1759485318.4516249,-1,-6,-30
1759485318.4896247,4,2,-40
1759485318.5286248,6,4,-38
1759485318.5646248,9,2,-46
1759485318.6036248,0,-3,-48
1759485318.6406248,4,-7,-42
1759485318.6796248,-4,-8,-36
1759485318.717625,3,-6,-27
1759485318.753625,-1,1,-34
1759485318.7916248,7,-2,-36
1759485318.829625,-2,6,-33
1759485318.8676248,-2,4,-30
1759485318.9036248,5,-1,-39
1759485318.9416249,2,1,-45
1759485318.9796247,-6,4,-40
1759485319.0176249,1,5,-45
1759485319.0536249,9,2,-36
1759485319.0916247,4,-3,-30
1759485319.1296248,-8,-4,-35
1759485319.1676247,-1,-4,-35
1759485319.204625,9,-7,-36
1759485319.2416248,1,-5,-43
1759485319.2806249,-4,4,-26
1759485319.3186247,-1,1,-40
1759485319.3546247,0,1,-40
1759485319.3916247,8,2,-54
1759485319.4306247,8,0,-45
1759485319.4686248,7,0,-47
1759485319.5046248,0,2,-49
1759485319.5416248,3,0,-45
1759485319.5806248,5,-1,-35
1759485319.6186247,2,1,-34
1759485319.6546247,5,2,-45
1759485319.6926248,2,-6,-39
1759485319.7366247,-5,-2,-45
1759485319.773625,-2,2,-36
1759485319.8126247,-1,-2,-40
1759485319.8506248,-4,0,-39
1759485319.888625,-5,0,-43
1759485319.9246247,-5,-1,-45
1759485319.9626248,-4,2,-46
1759485320.0016248,-1,4,-30
1759485320.0396247,-1,-4,-46
1759485320.0756247,5,0,-39
1759485320.1136248,-2,-10,-47
1759485320.151625,-4,-4,-42
1759485320.1896248,0,2,-33
1759485320.2256248,-7,0,-42
1759485320.2646248,0,-4,-36
1759485320.3016248,-5,1,-36
1759485320.3406248,-5,2,-39
1759485320.378625,-1,-9,-45
1759485320.4146247,3,-10,-45
1759485320.4526248,-1,4,-33
1759485320.490625,0,0,-42
1759485320.5286248,-7,-1,-42
1759485320.5646248,-3,1,-39
1759485320.6016247,2,6,-42
1759485320.6406248,0,1,-33
1759485320.6786249,-1,-2,-37
1759485320.714625,-5,-2,-25
1759485320.7526248,0,-4,-34
1759485320.7906249,-1,0,-25
1759485320.829625,-4,1,-30
1759485320.865625,-3,-2,-35
1759485320.9036248,-5,0,-33
1759485320.9426248,2,-2,-37
1759485320.980625,-2,-4,-47
1759485321.0186248,0,-2,-35
1759485321.0546248,3,-2,-41
1759485321.0916247,-1,-2,-38
1759485321.1306248,-5,-1,-43
1759485321.1666248,3,1,-35
1759485321.204625,-5,4,-35
1759485321.2426248,3,-1,-36
1759485321.2816248,-1,-1,-37
1759485321.319625,0,0,-28
1759485321.355625,-1,-2,-35
1759485321.3946247,-4,-1,-30
1759485321.431625,-2,6,-31
1759485321.4706247,-6,-2,-44
1759485321.5066247,2,1,-43
1759485321.5446248,3,3,-34
1759485321.5816247,1,4,-36
1759485321.6206248,3,-4,-31
1759485321.6566248,-1,-1,-39
1759485321.694625,3,-1,-29
1759485321.7326248,0,-3,-41
1759485321.7716248,0,2,-49
1759485321.809625,-4,0,-45
1759485321.8456247,3,-2,-55
1759485321.8846247,-1,-3,-44
1759485321.9226248,0,0,-32
1759485321.9606247,1,-1,-35
1759485321.9966247,7,1,-32
1759485322.033625,-9,-4,-38
1759485322.0726247,-7,-4,-43
1759485322.1106248,1,-7,-39
1759485322.1476247,-1,-1,-51
1759485322.184625,-7,-1,-43
1759485322.2236247,5,7,-35
1759485322.2616248,5,5,-38
1759485322.2996247,-3,0,-34
1759485322.3366249,2,1,-37
1759485322.3746247,2,3,-37
1759485322.4126248,0,8,-50
1759485322.4506247,5,6,-32
1759485322.4866247,6,1,-33
1759485322.5246248,1,-5,-33
1759485322.5626247,-2,1,-44
1759485322.6016247,1,2,-33
1759485322.6396248,0,4,-41
1759485322.6756248,3,1,-32
1759485322.7126248,-1,5,-35
1759485322.7516248,0,3,-43
1759485322.7896247,-5,-2,-39
1759485322.8266249,0,-3,-36
1759485322.865625,1,-3,-46
1759485322.9036248,0,-3,-42
1759485322.9416249,1,-2,-45
1759485322.977625,-6,0,-41
1759485323.0146248,-1,-2,-46
1759485323.0536249,0,-5,-41
1759485323.0916247,-3,0,-30
1759485323.1276248,0,-2,-33
1759485323.1646247,-5,-1,-33
1759485323.2036247,1,0,-27
1759485323.2416248,-3,-3,-37
1759485323.2776248,-10,-4,-28
1759485323.3166249,5,-3,-36
1759485323.3536248,1,-1,-37
1759485323.3916247,1,-1,-41
1759485323.4306247,3,5,-33
1759485323.4666247,-3,1,-35
1759485323.5046248,-3,0,-33
1759485323.5426247,-11,8,-35
1759485323.5816247,-7,6,-45
1759485323.6176248,-6,5,-38
1759485323.6566248,-5,1,-31
1759485323.6936247,-8,4,-39
1759485323.7326248,3,0,-36
1759485323.7706249,-2,-1,-28
1759485323.806625,-4,0,-37
1759485323.8456247,0,2,-28
1759485323.8836248,2,1,-38
1759485323.921625,3,-5,-31
1759485323.957625,-1,-5,-30
1759485323.9966247,0,0,-41
1759485324.033625,0,-4,-38
1759485324.0726247,1,0,-40
1759485324.1106248,-5,2,-36
1759485324.1466248,0,-4,-38
1759485324.184625,-1,0,-37
1759485324.2236247,-2,2,-42
1759485324.2616248,-2,7,-29
1759485324.2976248,4,4,-26
1759485324.3346248,10,-3,-36
1759485324.3726249,2,0,-42
1759485324.411625,-1,-1,-34
1759485324.4476247,-4,-3,-34
1759485324.4856248,-4,-4,-36
1759485324.523625,-10,-3,-42
1759485324.5616248,6,-7,-52
1759485324.5976248,8,0,-47
1759485324.635625,4,4,-46
1759485324.6726248,-7,2,-35
1759485324.7116249,-5,4,-39
1759485324.7476249,2,-1,-43
1759485324.7856247,-4,-4,-43
1759485324.8246248,2,-1,-35
1759485324.862625,6,-5,-30
1759485324.898625,-1,-6,-39
1759485324.9376247,0,4,-40
1759485324.9746249,-7,-1,-47
1759485325.013625,1,3,-41
1759485325.0516248,-3,2,-39
1759485325.0886247,-5,5,-35
1759485325.125625,-5,1,-41
1759485325.1636248,0,-1,-33
1759485325.2026248,3,0,-37
1759485325.2386248,-4,5,-48
1759485325.2756248,-7,3,-30
1759485325.3146248,-3,9,-38
1759485325.352625,-5,5,-41
1759485325.388625,-2,7,-48
1759485325.4256248,-3,6,-40
1759485325.464625,-1,7,-39
1759485325.5026248,-3,-2,-55
1759485325.5386248,1,-3,-41
1759485325.5756247,-1,-1,-37
1759485325.6146247,0,-6,-40
1759485325.6526248,0,2,-45
1759485325.6886249,5,6,-37
1759485325.7256248,1,0,-40
1759485325.7646248,0,-3,-40
1759485325.8026247,-1,-2,-40
1759485325.8386247,-3,3,-36
1759485325.875625,0,5,-34
1759485325.9146247,1,-1,-35
1759485325.9526248,4,0,-44
1759485325.9886248,4,-1,-35
1759485326.026625,5,2,-32
1759485326.0646248,2,-2,-29
1759485326.1036248,7,-2,-31
1759485326.1416247,5,-3,-32
1759485326.1776247,0,0,-32
1759485326.214625,-1,1,-35
1759485326.253625,3,5,-27
1759485326.2916248,-3,3,-41
1759485326.3276248,-1,1,-44
1759485326.365625,0,4,-36
1759485326.4046247,-9,7,-34
1759485326.4426248,-9,0,-32
1759485326.4786248,-8,-3,-41
1759485326.5176249,-6,-6,-26
1759485326.5556247,4,0,-37
1759485326.5936248,0,0,-29
1759485326.6296248,-3,-1,-24
1759485326.6686249,5,-2,-42
1759485326.7056248,7,-1,-34
1759485326.7436247,4,-3,-26
1759485326.7826247,-3,-4,-30
1759485326.8186247,-4,-3,-33
1759485326.8566248,1,0,-35
1759485326.8946247,-2,-7,-44
1759485326.9336247,-4,0,-42
1759485326.9696248,-5,-2,-32
1759485327.0076249,-1,-6,-33
1759485327.0456247,-1,1,-40
1759485327.0846248,-5,-2,-34
1759485327.1226249,0,1,-28
1759485327.158625,-2,8,-21
1759485327.1966248,0,2,-26
1759485327.2356248,0,0,-32
1759485327.273625,-4,-4,-38
1759485327.309625,-3,-5,-37
1759485327.3486247,0,-4,-42
1759485327.385625,-4,0,-43
1759485327.4246247,4,-3,-50
1759485327.4626248,-3,1,-35
1759485327.4986248,0,-4,-37
1759485327.5356247,-3,-2,-37
1759485327.5746248,0,-7,-36
1759485327.612625,1,0,-27
1759485327.648625,0,1,-23
1759485327.6866248,-3,8,-35
1759485327.7246249,-5,1,-33
1759485327.7626247,-7,4,-30
1759485327.7986248,0,3,-26
1759485327.8366249,7,3,-37
1759485327.8746247,7,3,-30
1759485327.9126248,-2,-2,-42
1759485327.9486248,-7,2,-47
1759485327.9866247,2,0,-38
1759485328.0246248,-2,-3,-35
1759485328.0636249,-3,-2,-45
1759485328.0996249,2,6,-35
1759485328.1366248,0,-3,-34
1759485328.1746247,5,-5,-39
1759485328.2136247,5,-8,-33
1759485328.2496247,5,-9,-26
1759485328.286625,2,-6,-39
1759485328.3256247,0,-4,-38
1759485328.3636248,-5,-4,-39
1759485328.3996248,1,3,-33
1759485328.4366248,-1,2,-45
1759485328.4746249,4,0,-34
1759485328.513625,-1,0,-29
1759485328.5496247,1,0,-37
1759485328.5866249,0,-4,-36
1759485328.6246247,0,0,-23
1759485328.6636248,0,-3,-35
1759485328.6996248,1,-5,-37
1759485328.737625,-1,5,-30
1759485328.7756248,1,2,-31
1759485328.8146248,3,2,-39
1759485328.8506248,-5,-3,-52
1759485328.8896248,-3,-4,-41
1759485328.9276247,-1,2,-28
1759485328.9656248,-2,1,-41
1759485329.003625,0,2,-44
1759485329.0396247,7,-1,-52
1759485329.0776248,3,0,-43
1759485329.115625,0,-1,-41
1759485329.1536248,-11,-9,-51
1759485329.1896248,-1,0,-49
1759485329.2286248,1,0,-45
1759485329.2666247,7,-3,-32
1759485329.3046248,8,-1,-36
1759485329.3416247,3,-4,-39
1759485329.378625,2,5,-34
1759485329.4166248,-1,3,-37
1759485329.4556248,-2,2,-35
1759485329.4936247,5,0,-30
1759485329.5296247,0,1,-36
1759485329.5676248,-4,0,-38
1759485329.605625,1,-3,-32
1759485329.6436248,-1,-3,-35
1759485329.6796248,-8,0,-36
1759485329.7166247,-5,-5,-27
1759485329.7616248,-9,-9,-38
1759485329.7986248,-3,-9,-31
1759485329.8376248,-8,-3,-45
1759485329.875625,4,1,-35
1759485329.911625,0,-1,-33
1759485329.9496248,-4,0,-52
1759485329.987625,-6,-6,-49
1759485330.0256248,-3,0,-47
1759485330.0616248,1,-1,-46
1759485330.1006248,8,4,-34
1759485330.138625,0,-2,-53
1759485330.1756248,-4,0,-44
1759485330.214625,4,-2,-41
1759485330.250625,2,-6,-42
1759485330.2886248,7,-1,-36
1759485330.3266249,2,-1,-24
1759485330.365625,-4,2,-37
1759485330.401625,-6,4,-29
1759485330.4406247,-1,3,-37
1759485330.4786248,1,0,-42
1759485330.5166247,-3,-3,-41
1759485330.5546248,-2,-3,-43
1759485330.5906248,-3,0,-48
1759485330.6276248,-1,5,-42
1759485330.6666248,0,5,-37
1759485330.704625,0,-2,-24
1759485330.740625,0,1,-27
1759485330.7786248,2,1,-32
1759485330.8166249,-4,0,-40
1759485330.8546247,-7,-3,-29
1759485330.8906248,-2,6,-29
1759485330.9276247,-4,0,-34
1759485330.9666247,-1,-2,-40
1759485331.0046248,-8,-2,-36
1759485331.0406249,2,0,-36
1759485331.0776248,-2,4,-38
1759485331.1166248,-5,0,-45
1759485331.1546247,-1,1,-41
1759485331.1906247,0,-1,-40
1759485331.2296247,3,1,-38
1759485331.2666247,2,0,-37
1759485331.3056247,2,-2,-25
1759485331.3416247,-1,3,-47
1759485331.3796248,0,-2,-37
1759485331.4186249,2,-5,-40
1759485331.4566247,-1,-2,-39
1759485331.4946249,1,0,-34
1759485331.5306249,2,1,-39
1759485331.5686247,0,0,-42
1759485331.6066248,0,3,-40
1759485331.6426249,-2,4,-41
1759485331.6806247,1,-3,-39
1759485331.7186248,-5,-2,-48
1759485331.7566247,-4,-3,-45
1759485331.7956247,-1,-3,-36
1759485331.8316247,2,-2,-38
1759485331.8696249,-8,-4,-39
1759485331.908625,-1,-6,-36
1759485331.9466248,-3,-1,-39
1759485331.9826248,0,0,-32
1759485332.0206249,0,8,-26
1759485332.059625,3,0,-33
1759485332.0966249,2,-8,-32
1759485332.135625,2,-1,-31
1759485332.171625,-2,0,-38
1759485332.2096248,-1,1,-29
1759485332.2466247,2,-5,-34
1759485332.2856247,1,-1,-39
1759485332.3216248,5,-4,-45
1759485332.3586247,-3,-4,-54
1759485332.3976247,-5,-1,-51
1759485332.4356248,-5,-6,-48
1759485332.4716249,-5,-7,-44
1759485332.5096247,4,0,-38
1759485332.5476248,6,0,-31
1759485332.5866249,-3,-9,-49
1759485332.6226249,0,-4,-36
1759485332.6606247,0,9,-34
1759485332.6996248,5,-6,-38
1759485332.737625,0,2,-37
1759485332.7756248,2,3,-36
1759485332.8116248,0,-3,-33
1759485332.8496249,-4,-4,-32
1759485332.8876247,4,1,-45
1759485332.9266248,2,-5,-28
1759485332.9626248,0,1,-38
1759485332.9996247,-10,0,-33
1759485333.0386248,-2,2,-26
1759485333.0766249,2,-3,-35
1759485333.112625,7,0,-35
1759485333.1496248,11,5,-38
1759485333.1886249,5,0,-41
1759485333.2266247,4,-2,-41
1759485333.2626247,4,3,-38
1759485333.2996247,-3,7,-42
1759485333.3386247,2,6,-39
1759485333.3766248,-2,7,-34
1759485333.4126248,-2,9,-30
1759485333.4516249,-6,5,-36
1759485333.4896247,-7,3,-47
1759485333.5276248,-8,0,-41
1759485333.5636249,-4,4,-39
1759485333.602625,-4,3,-40
1759485333.6406248,-2,3,-44
1759485333.6776247,6,5,-29
1759485333.7166247,-1,1,-33
1759485333.7526248,-4,-2,-39
1759485333.7906249,-1,-4,-39
1759485333.8286247,-6,-3,-50
1759485333.8676248,-1,0,-41
1759485333.9036248,0,1,-29
1759485333.9406247,2,1,-39
1759485333.9786248,-10,3,-37
1759485334.0176249,-5,1,-28
1759485334.0536249,-5,7,-38
1759485334.0916247,0,3,-37
1759485334.1296248,-4,8,-50
1759485334.1686249,4,2,-28
1759485334.2066247,-3,-2,-31
1759485334.2426248,0,0,-39
1759485334.2796247,3,0,-35
1759485334.3186247,5,-4,-32
1759485334.3566248,0,1,-44
1759485334.3926249,3,-1,-50
1759485334.431625,-8,-3,-53
1759485334.4696248,-3,-1,-32
1759485334.5076249,-3,-4,-32
1759485334.5436249,-1,0,-33
1759485334.5816247,-6,0,-40
1759485334.6206248,0,2,-37
1759485334.658625,1,-5,-37
1759485334.6966248,2,-2,-35
1759485334.7326248,0,0,-42
1759485334.7706249,2,-2,-38
1759485334.8086247,-3,-9,-43
1759485334.8466249,0,-1,-53
1759485334.8826249,-7,-2,-46
1759485334.921625,-8,-2,-44
1759485334.9586248,-2,2,-42
1759485334.9976249,1,-2,-51
1759485335.033625,3,-1,-57
1759485335.0706248,-2,-1,-45
1759485335.1086247,6,-5,-43
1759485335.1476247,1,-9,-46
1759485335.1836247,-2,-5,-36
1759485335.2216249,1,0,-40
1759485335.2596247,-2,-1,-33
1759485335.2986248,-4,1,-42
1759485335.3346248,-2,-3,-42
1759485335.3736248,2,2,-38
1759485335.411625,-3,0,-46
1759485335.4486248,-4,-7,-55
1759485335.487625,7,0,-45
1759485335.523625,5,7,-41
1759485335.5606248,0,-1,-31
1759485335.5986247,4,-8,-47
1759485335.6376247,-1,-2,-40
1759485335.6736248,1,-9,-46
1759485335.7126248,2,1,-37
1759485335.7496247,0,-9,-35
1759485335.7886248,-9,-4,-45
1759485335.8246248,-7,1,-43
1759485335.862625,-1,0,-39
1759485335.9006248,7,5,-52
1759485335.9396248,0,3,-37
1759485335.977625,0,-4,-44
1759485336.013625,2,-6,-41
1759485336.0516248,-2,-5,-35
1759485336.089625,-5,-4,-45
1759485336.128625,-4,-4,-44
1759485336.1646247,5,-9,-47
1759485336.2036247,6,-2,-37
1759485336.2416248,-7,1,-34
1759485336.2796247,-8,2,-41
1759485336.3176248,-4,0,-25
1759485336.3536248,-7,-2,-25
1759485336.3916247,0,-3,-27
1759485336.4296248,3,0,-36
1759485336.4686248,-2,-4,-36
1759485336.5046248,0,-3,-36
1759485336.5426247,-1,0,-24
1759485336.579625,-4,-2,-28
1759485336.6186247,8,1,-36
1759485336.6546247,1,5,-39
1759485336.6926248,-4,6,-30
1759485336.7296247,5,7,-35
1759485336.7686248,3,-2,-34
1759485336.8046248,4,7,-44
1759485336.842625,-4,4,-42
1759485336.8806248,-10,4,-40
1759485336.9196248,-5,9,-33
1759485336.9556248,-7,1,-38
1759485336.9926248,0,-2,-37
1759485337.0306249,-3,0,-48
1759485337.069625,-7,2,-37
1759485337.105625,-1,-11,-44
1759485337.1436248,1,-12,-43
1759485337.181625,-4,0,-43
1759485337.2196248,0,-2,-28
1759485337.2586248,-2,-4,-34
1759485337.2956247,-5,0,-31
1759485337.3336248,-3,-6,-45
1759485337.3706248,-4,0,-34
1759485337.4096248,-9,-3,-37
1759485337.4456248,-4,0,-33
1759485337.4836247,-5,-5,-35
1759485337.5226247,-4,-4,-25
1759485337.5606248,3,-4,-39
1759485337.5986247,5,-3,-35
1759485337.6346247,-3,3,-34
1759485337.6726248,-7,2,-30
1759485337.7106247,-3,3,-22
1759485337.7496247,-3,0,-34
1759485337.7856247,0,-1,-53
1759485337.8246248,3,-1,-42
1759485337.862625,1,0,-30
1759485337.9006248,0,-2,-33
1759485337.9386249,7,-3,-38
1759485337.9746249,0,-7,-30
1759485338.013625,0,0,-26
1759485338.0506248,-2,-4,-42
1759485338.089625,1,-4,-44
1759485338.125625,0,2,-46
1759485338.1626248,7,0,-42
1759485338.2006247,0,3,-39
1759485338.2396247,2,0,-36
1759485338.2756248,2,-1,-44
1759485338.3126247,0,-1,-28
1759485338.3516247,-8,1,-24
1759485338.3896248,-9,3,-30
1759485338.4256248,-3,-1,-32
1759485338.4636247,2,-4,-34
1759485338.5016248,-10,3,-30
1759485338.5406249,-10,-1,-35
1759485338.5766249,-8,-5,-40
1759485338.6146247,-3,-4,-32
1759485338.6526248,3,5,-43
1759485338.6906247,3,2,-39
1759485338.7296247,1,-1,-39
1759485338.7656248,-5,-2,-37
1759485338.8036249,-4,0,-34
1759485338.8416247,-7,-1,-39
1759485338.8806248,-5,7,-42
1759485338.9166248,4,4,-28
1759485338.9536247,-3,-3,-37
1759485338.9916248,1,-4,-35
1759485339.0306249,7,1,-47
1759485339.0666249,4,1,-45
1759485339.1036248,0,2,-40
1759485339.1416247,-7,-2,-35
1759485339.1806247,-2,-3,-36
1759485339.2166247,-2,1,-37
1759485339.2556248,-3,1,-35
1759485339.2926247,5,-4,-32
1759485339.3316247,7,-1,-46
1759485339.3696249,7,-2,-29
1759485339.4056249,1,-6,-31
1759485339.4426248,3,-3,-32
1759485339.4816248,6,2,-44
1759485339.5196247,4,7,-28
1759485339.5556247,2,-1,-42
1759485339.592625,2,0,-39
1759485339.6316247,7,-3,-35
1759485339.6696248,-1,-7,-40
1759485339.7056248,3,2,-36
1759485339.7436247,0,-1,-44
1759485339.7876248,3,-1,-33
1759485339.8246248,0,5,-35
1759485339.8636248,5,-5,-45
1759485339.901625,-9,-5,-46
1759485339.9396248,-1,-7,-44
1759485339.9756248,-4,0,-36
1759485340.0126247,-3,0,-39
1759485340.0516248,-3,-9,-43
1759485340.089625,-1,-5,-33
1759485340.125625,0,-3,-42
1759485340.1636248,-1,-1,-41
1759485340.2026248,1,1,-41
1759485340.240625,1,7,-44
1759485340.276625,-4,2,-49
1759485340.3156247,-1,-6,-46
1759485340.352625,-6,-1,-53
1759485340.3916247,-2,-6,-44
1759485340.4276247,-2,-3,-42
1759485340.4656248,1,-3,-40
1759485340.503625,-2,-6,-43
1759485340.5426247,2,-6,-46
1759485340.5806248,4,-1,-41
1759485340.6166248,2,-4,-47
1759485340.6536248,-1,-3,-47
1759485340.6916249,1,-2,-49
1759485340.730625,-3,-4,-47
1759485340.7666247,-3,-12,-42
1759485340.8046248,4,0,-41
1759485340.842625,0,-4,-35
1759485340.8816247,-4,0,-31
1759485340.9176247,-5,3,-29
1759485340.9556248,0,-2,-36
1759485340.9936247,0,0,-38
1759485341.0326247,2,4,-29
1759485341.0706248,-2,4,-39
1759485341.1066248,-2,0,-28
1759485341.1456249,0,2,-42
1759485341.1836247,-1,-1,-35
1759485341.2216249,-6,-2,-43
1759485341.2576249,-2,-2,-35
1759485341.2956247,-2,-1,-37
1759485341.3336248,-3,-2,-38
1759485341.3726249,2,-4,-44
1759485341.4106247,-1,-6,-39
1759485341.4466248,0,-5,-38
1759485341.4836247,2,-4,-34
1759485341.5226247,0,1,-42
1759485341.5606248,-2,6,-41
1759485341.5966249,-3,0,-30
1759485341.6346247,-2,1,-36
1759485341.6726248,0,-2,-34
1759485341.7106247,-3,-2,-27
1759485341.7466247,1,0,-31
1759485341.7846248,2,-5,-43
1759485341.8226247,0,7,-48
1759485341.8606248,-8,0,-29
1759485341.8966248,-1,-1,-28
1759485341.9356248,1,-2,-32
1759485341.9726248,3,0,-35
1759485342.0116248,0,0,-39
1759485342.0476248,0,-4,-33
1759485342.0856247,0,-4,-39
1759485342.1246247,-2,0,-38
1759485342.1626248,-8,-2,-33
1759485342.1986248,-9,0,-36
1759485342.237625,-3,-1,-30
1759485342.2746248,-7,0,-40
1759485342.3136249,-4,-3,-37
1759485342.3516247,3,1,-39
1759485342.3876247,2,3,-48
1759485342.4246247,-1,-4,-34
1759485342.4636247,1,0,-35
1759485342.5016248,-1,0,-42
1759485342.5376248,-2,-4,-34
1759485342.5766249,6,1,-41
1759485342.6136248,3,-1,-50
1759485342.6526248,4,-4,-34
1759485342.6886249,-5,-5,-33
1759485342.727625,0,-1,-35
1759485342.7646248,-1,-6,-44
1759485342.8036249,-6,0,-24
1759485342.8416247,-3,-3,-26
1759485342.8776248,-3,0,-28
1759485342.9146247,0,0,-39
1759485342.9536247,6,-2,-48
1759485342.9916248,-2,0,-33
1759485343.0276248,1,-2,-27
1759485343.0656247,2,-4,-35
1759485343.1036248,1,-5,-36
1759485343.1416247,-4,-8,-32
1759485343.1776247,-8,-7,-36
1759485343.2156248,-3,0,-34
1759485343.2546248,1,-3,-31
1759485343.2926247,4,-5,-26
1759485343.329625,4,-5,-22
1759485343.3676248,0,3,-38
1759485343.4056249,5,2,-22
1759485343.4436247,3,-5,-44
1759485343.4816248,-3,-2,-42
1759485343.5186248,-4,-6,-44
1759485343.5556247,-6,-4,-43
1759485343.5936248,-6,-2,-45
1759485343.6326249,3,0,-40
1759485343.6686249,-2,-2,-32
1759485343.7066247,0,7,-36
1759485343.7446249,-8,-1,-38
1759485343.783625,-3,6,-39
1759485343.819625,-3,4,-36
1759485343.8566248,0,-3,-40
1759485343.8946247,-6,3,-24
1759485343.9336247,-3,2,-24
1759485343.9696248,-4,-1,-29
1759485344.0076249,1,1,-42
1759485344.0456247,-6,-2,-28
1759485344.0846248,2,5,-31
1759485344.1226249,0,0,-37
1759485344.158625,2,1,-42
1759485344.1976247,4,7,-41
1759485344.2356248,5,4,-41
1759485344.273625,1,4,-37
1759485344.309625,1,-4,-44
1759485344.3486247,0,3,-40
1759485344.3866248,4,2,-41
1759485344.4236248,1,7,-40
1759485344.4626248,2,6,-27
1759485344.4986248,-1,2,-28
1759485344.5356247,-1,4,-42
1759485344.5746248,-3,0,-49
1759485344.612625,-7,1,-45
1759485344.648625,-7,-3,-46
1759485344.6866248,-1,-2,-41
1759485344.7246249,1,0,-49
1759485344.763625,1,-2,-50
1759485344.7996247,1,-1,-50
1759485344.8366249,-2,-3,-50
1759485344.8746247,2,-5,-34
1759485344.9136248,6,-4,-40
1759485344.9496248,5,-3,-39
1759485344.987625,5,0,-44
1759485345.0256248,-2,-3,-41
1759485345.0646248,-7,-8,-48
1759485345.102625,-7,2,-48
1759485345.138625,0,-1,-42
1759485345.1766248,4,-4,-43
1759485345.2156248,4,6,-30
1759485345.253625,-1,2,-46
1759485345.2896247,-2,7,-34
1759485345.3276248,0,2,-44
1759485345.365625,0,2,-50
1759485345.4036248,6,0,-41
1759485345.4396248,5,0,-37
1759485345.477625,0,6,-46
1759485345.5156248,-8,-4,-40
1759485345.5536249,-2,3,-35
1759485345.589625,0,3,-40
1759485345.6276248,1,0,-41
1759485345.6646247,9,-1,-37
1759485345.7036247,7,-5,-41
1759485345.7396247,0,-2,-39
1759485345.7776248,-5,2,-37
1759485345.8146248,3,-3,-37
1759485345.8536248,3,-5,-41
1759485345.8896248,-4,-3,-46
1759485345.9286249,1,-1,-43
1759485345.9666247,-6,-5,-39
1759485346.0046248,0,-7,-45
1759485346.0406249,3,0,-35
1759485346.0776248,-4,1,-35
1759485346.1166248,4,2,-46
1759485346.1546247,5,5,-45
1759485346.1906247,-7,7,-45
1759485346.2296247,-8,0,-45
1759485346.2666247,7,-4,-40
1759485346.3056247,8,-3,-39
1759485346.3436248,3,-6,-33
1759485346.3796248,1,-4,-42
1759485346.4166248,0,-2,-48
1759485346.4556248,4,6,-32
1759485346.4936247,-2,0,-34
1759485346.5296247,-3,5,-26
1759485346.5676248,-5,9,-44
1759485346.605625,3,3,-35
1759485346.6446247,2,2,-35
1759485346.6806247,2,-3,-24
1759485346.7186248,1,-6,-34
1759485346.7576249,2,-9,-38
1759485346.7956247,1,-5,-33
1759485346.8336248,0,-4,-31
1759485346.8696249,0,-2,-38
1759485346.9076247,-2,0,-43
1759485346.9456248,4,4,-35
1759485346.9836247,3,1,-30
1759485347.0196247,1,-1,-27
1759485347.0576248,5,-2,-43
1759485347.0956247,-1,0,-33
1759485347.1336248,-1,-2,-34
1759485347.1696248,-6,0,-33
1759485347.2086248,-2,5,-29
1759485347.2456248,0,7,-43
1759485347.2846248,-2,3,-41
1759485347.3216248,-3,-2,-45
1759485347.3586247,-2,-11,-50
1759485347.3966248,-3,-1,-40
1759485347.4356248,0,-1,-39
1759485347.4716249,6,-3,-35
1759485347.5096247,-6,-5,-41
1759485347.5486248,-5,2,-41
1759485347.5856247,-4,-6,-46
1759485347.6246247,-10,1,-33
1759485347.6606247,-4,2,-34
1759485347.6996248,-2,2,-46
1759485347.737625,-4,0,-42
1759485347.7756248,3,0,-47
1759485347.8116248,4,4,-38
1759485347.8496249,1,4,-41
1759485347.888625,-3,3,-40
1759485347.9256248,4,0,-29
1759485347.964625,0,2,-37
1759485348.000625,-5,-1,-34
1759485348.0396247,1,2,-40
1759485348.0766249,0,4,-45
1759485348.1146247,2,-3,-43
1759485348.1506248,-6,0,-43
1759485348.1886249,-8,6,-51
1759485348.2266247,-2,4,-40
1759485348.2646248,-7,4,-40
1759485348.3006248,-3,0,-42
1759485348.3376248,1,1,-53
1759485348.3766248,4,0,-48
1759485348.4146247,-2,-5,-43
1759485348.4506247,2,-1,-36
1759485348.4886248,-2,-4,-36
1759485348.526625,-1,-3,-38
1759485348.5646248,-11,0,-37
1759485348.6006248,-9,0,-39
1759485348.6396248,-2,6,-23
1759485348.6766248,1,8,-42
1759485348.7156248,0,6,-41
1759485348.7516248,1,7,-45
1759485348.7896247,5,3,-31
1759485348.8266249,1,-2,-32
1759485348.865625,-6,9,-27
1759485348.901625,0,0,-35
1759485348.9386249,1,-1,-42
1759485348.9766247,3,-2,-45
1759485349.0156248,1,-2,-49
1759485349.0516248,0,-4,-36
1759485349.0886247,6,4,-42
1759485349.1276248,3,0,-31
1759485349.1656249,4,10,-48
1759485349.2016249,1,5,-34
1759485349.2386248,-4,-8,-42
1759485349.2776248,0,-1,-44
1759485349.3156247,-5,-2,-29
1759485349.3516247,-11,0,-30
1759485349.3896248,-2,0,-43
1759485349.4276247,2,5,-46
1759485349.4666247,11,5,-44
1759485349.5026248,10,6,-35
1759485349.5406249,5,-4,-32
1759485349.5776248,5,-2,-36
1759485349.6166248,-3,-1,-22
1759485349.6526248,-2,-8,-33
1759485349.6906247,-3,0,-32
1759485349.7286248,0,0,-41
1759485349.7676249,5,6,-38
1759485349.8126247,-1,-1,-36
1759485349.8496249,-6,-6,-28
1759485349.888625,1,-7,-34
1759485349.9266248,6,-3,-38
1759485349.9626248,3,-4,-30
1759485350.000625,1,4,-30
1759485350.0386248,3,6,-27
1759485350.0776248,-5,5,-33
1759485350.115625,2,6,-28
1759485350.1526248,5,5,-32
1759485350.1896248,2,0,-40
1759485350.2286248,1,0,-31
1759485350.2666247,6,0,-33
1759485350.3026247,3,0,-31
1759485350.3406248,3,-7,-28
1759485350.378625,-2,1,-37
1759485350.4166248,5,6,-32
1759485350.4536247,1,3,-31
1759485350.4916248,2,3,-38
1759485350.5286248,1,-3,-44
1759485350.5676248,-3,-4,-43
1759485350.605625,-12,-2,-34
1759485350.6426249,-3,2,-42
1759485350.6806247,0,-1,-38
1759485350.7196248,-1,-2,-24
1759485350.7576249,2,2,-37
1759485350.7956247,6,-2,-39
1759485350.8316247,0,-4,-40
1759485350.8696249,-6,0,-34
1759485350.908625,-2,0,-44
1759485350.9466248,-5,-1,-38
1759485350.9826248,-2,0,-38
1759485351.0196247,-4,-1,-32
1759485351.0586247,6,0,-32
1759485351.0966249,0,4,-32
1759485351.1326249,0,3,-27
1759485351.1696248,0,-2,-37
1759485351.207625,-3,-7,-30
1759485351.2466247,2,-1,-34
1759485351.2826247,2,4,-38
1759485351.319625,10,6,-40
1759485351.3586247,6,2,-41
1759485351.3966248,5,2,-32
1759485351.4326248,-4,3,-40
1759485351.4706247,0,0,-34
1759485351.5096247,0,-2,-35
1759485351.5476248,0,-2,-29
1759485351.5836248,-4,0,-25
1759485351.6206248,-1,2,-43
1759485351.6596248,5,7,-31
1759485351.6976247,-10,4,-22
1759485351.7336247,0,0,-26
1759485351.7716248,0,-1,-35
1759485351.809625,0,-3,-32
1759485351.8476248,-1,3,-46
1759485351.8836248,-1,4,-47
1759485351.9226248,-3,8,-38
1759485351.9596248,5,3,-51
1759485351.9986248,9,0,-36
1759485352.036625,3,0,-36
1759485352.0726247,-1,3,-35
1759485352.1106248,0,-2,-41
1759485352.148625,2,-5,-41
1759485352.1876247,-2,-5,-41
1759485352.2236247,2,-2,-35
1759485352.2616248,0,5,-31
1759485352.2986248,-1,4,-30
1759485352.3376248,3,-1,-22
1759485352.3736248,6,0,-32
1759485352.4106247,3,1,-34
1759485352.4486248,5,0,-39
1759485352.487625,-3,4,-45
1759485352.523625,-6,4,-43
1759485352.5606248,-1,-1,-46
1759485352.5986247,6,-2,-39
1759485352.6376247,0,1,-35
1759485352.6736248,3,2,-27
1759485352.7116249,0,-2,-34
1759485352.7486248,4,3,-32
1759485352.7876248,7,-4,-35
1759485352.8236248,5,-2,-40
1759485352.8616247,-2,8,-35
1759485352.8996248,-12,-1,-31
1759485352.9376247,-4,-2,-35
1759485352.9736247,-6,-5,-34
1759485353.0116248,-2,-2,-26
1759485353.0496247,-4,-5,-30
1759485353.0886247,-1,2,-43
1759485353.1246247,4,0,-37
1759485353.1626248,4,-2,-35
1759485353.2006247,-1,1,-28
1759485353.2386248,-5,0,-30
1759485353.2746248,-8,5,-33
1759485353.3126247,-7,4,-28
1759485353.3496249,-2,-1,-39
1759485353.388625,8,0,-39
1759485353.4246247,4,-3,-34
1759485353.4626248,9,-2,-48
1759485353.4996247,-2,-2,-45
1759485353.5386248,-3,0,-44
1759485353.5746248,-2,-3,-37
1759485353.6136248,-2,-6,-38
1759485353.6506248,-4,6,-34
1759485353.6896248,-1,-1,-44
1759485353.727625,-1,0,-39
1759485353.763625,-8,-2,-41
1759485353.8016248,-3,-2,-30
1759485353.839625,-7,-1,-31
1759485353.878625,0,6,-37
1759485353.9146247,3,1,-33
1759485353.9516249,2,0,-36
1759485353.9896247,1,0,-34
1759485354.0286248,0,2,-34
1759485354.0656247,2,-1,-39
1759485354.1036248,10,0,-37
1759485354.1406248,9,4,-41
1759485354.1796248,-5,5,-44
1759485354.2156248,-5,4,-44
1759485354.253625,0,-4,-38
1759485354.2906249,3,-1,-41
1759485354.329625,0,0,-32
1759485354.365625,-6,1,-44
1759485354.4026248,3,3,-50
1759485354.4406247,-3,-1,-44
1759485354.4796247,-2,1,-45
1759485354.5156248,0,1,-45
1759485354.5526247,-6,2,-42
1759485354.5916247,-6,4,-50
1759485354.6296248,0,4,-53
1759485354.6656249,5,9,-45
1759485354.7036247,-5,6,-40
1759485354.7416248,2,0,-33
1759485354.7796247,-1,2,-34
1759485354.8156247,-3,1,-34
1759485354.8546247,-9,2,-38
1759485354.8926249,-6,3,-36
1759485354.9296248,-5,-5,-38
1759485354.9686248,-1,-6,-35
1759485355.0046248,5,-2,-48
1759485355.0426247,-1,-1,-45
1759485355.0806248,2,-4,-38
1759485355.1186247,-1,1,-40
1759485355.1546247,0,3,-38
1759485355.1916249,-1,0,-37
1759485355.230625,-6,0,-33
1759485355.2686248,-2,0,-28
1759485355.3046248,0,2,-29
1759485355.342625,2,0,-45
1759485355.3806248,-2,7,-39
1759485355.4186249,-2,0,-44
1759485355.454625,1,1,-42
1759485355.4926248,0,3,-39
1759485355.5306249,-1,0,-31
1759485355.5686247,-6,1,-33
1759485355.6046247,-5,1,-29
1759485355.6436248,-8,-1,-29
1759485355.681625,0,-3,-37
1759485355.7196248,-4,-8,-47
1759485355.7556248,-1,0,-37
1759485355.7936249,-1,0,-38
1759485355.8316247,0,1,-32
1759485355.8706248,-2,1,-28
1759485355.908625,0,-1,-29
1759485355.944625,1,0,-24
1759485355.9816248,0,-5,-35
1759485356.0206249,-1,-5,-26
1759485356.056625,-1,-7,-41
1759485356.0946248,-4,3,-46
1759485356.1326249,0,7,-36
1759485356.1706247,0,7,-32
1759485356.2096248,7,6,-34
1759485356.2456248,2,9,-30
1759485356.283625,-3,1,-30
1759485356.3226247,-3,5,-31
1759485356.3606248,0,-1,-26
1759485356.3966248,-4,0,-39
1759485356.4336247,-6,5,-30
1759485356.4716249,2,-6,-28
1759485356.510625,7,-2,-34
1759485356.546625,-1,-4,-42
1759485356.5856247,3,-3,-30
1759485356.6226249,11,0,-43
1759485356.661625,3,0,-34
1759485356.6996248,2,0,-32
1759485356.7356248,2,0,-40
1759485356.773625,0,-5,-37
1759485356.8116248,4,1,-43
1759485356.8496249,3,3,-37
1759485356.885625,-2,3,-44
1759485356.9246247,-3,0,-31
1759485356.9616249,2,-3,-31
1759485357.000625,5,2,-35
1759485357.036625,8,-3,-42
1759485357.0746248,9,-4,-39
1759485357.1116247,0,0,-39
1759485357.1506248,-4,0,-36
1759485357.1866248,3,-7,-27
1759485357.2246249,4,0,-26
1759485357.2616248,4,-2,-17
1759485357.3006248,0,2,-39
1759485357.3366249,1,2,-43
1759485357.3736248,3,-1,-42
1759485357.411625,0,4,-34
1759485357.4506247,-7,2,-56
1759485357.4866247,-3,3,-48
1759485357.523625,-3,-1,-48
1759485357.5626247,3,-3,-33
1759485357.6006248,-1,-1,-39
1759485357.6366248,2,-1,-38
1759485357.6736248,2,-4,-39
1759485357.7126248,-7,3,-36
1759485357.750625,-4,-3,-46
1759485357.786625,-1,-2,-43
1759485357.8256247,3,-1,-50
1759485357.862625,-1,-3,-42
1759485357.901625,-3,0,-43
1759485357.9376247,-2,1,-39
1759485357.9756248,0,6,-35
1759485358.013625,-5,4,-29
1759485358.0516248,3,4,-36
1759485358.0876248,-2,1,-42
1759485358.125625,-5,0,-30
1759485358.1626248,-3,1,-36
1759485358.2016249,8,4,-37
1759485358.237625,2,-3,-35
1759485358.2756248,0,-3,-33
1759485358.3126247,4,2,-36
1759485358.3516247,2,2,-32
1759485358.3876247,-1,0,-29
1759485358.4256248,0,1,-31
1759485358.4626248,-5,-1,-34
1759485358.5016248,-11,-2,-30
1759485358.5376248,-10,2,-39
1759485358.5756247,-4,3,-33
1759485358.6146247,2,1,-48
1759485358.6526248,4,-1,-26
1759485358.6906247,0,0,-36
1759485358.7266247,-1,5,-51
1759485358.763625,0,7,-38
1759485358.8026247,0,0,-44
1759485358.8406248,-7,4,-33
1759485358.8766248,-4,6,-38
1759485358.9146247,-9,3,-38
1759485358.9526248,-8,3,-34
1759485358.9916248,0,-4,-37
1759485359.0276248,-1,0,-41
1759485359.0656247,-3,0,-25
1759485359.1046247,3,0,-36
1759485359.1426249,4,2,-50
1759485359.1806247,0,-2,-48
1759485359.217625,0,-4,-35
1759485359.2546248,7,-1,-36
1759485359.2936249,5,4,-40
1759485359.3316247,4,-3,-44
1759485359.3676248,1,-2,-39
1759485359.4046247,0,0,-38
1759485359.4436247,8,-1,-31
1759485359.4816248,3,-1,-43
1759485359.5176249,-4,1,-46
1759485359.5556247,-5,1,-31
1759485359.5936248,-7,4,-26
1759485359.6316247,0,0,-36
1759485359.6676247,0,0,-43
1759485359.704625,1,-2,-36
1759485359.7436247,-8,-1,-42
1759485359.7816248,-3,0,-32
1759485359.8256247,8,-1,-41
1759485359.8636248,3,0,-35
1759485359.901625,-4,-7,-42
1759485359.9376247,-6,-6,-38
1759485359.9766247,-1,0,-31
1759485360.0146248,-4,-3,-34
1759485360.0526247,-2,-3,-39
1759485360.0886247,-3,4,-45
1759485360.1276248,-1,-2,-42
1759485360.1656249,0,2,-39
1759485360.2036247,-4,0,-41
1759485360.2416248,-2,-2,-26
1759485360.2776248,2,0,-35
1759485360.3146248,0,4,-33
1759485360.3536248,-1,2,-37
1759485360.3916247,0,-3,-33
1759485360.4276247,-2,0,-40
1759485360.464625,-7,-3,-28
1759485360.503625,-15,0,-30
1759485360.5416248,0,3,-40
1759485360.5776248,3,0,-37
1759485360.615625,0,0,-46
1759485360.6536248,0,-1,-43
1759485360.6916249,-6,0,-47
1759485360.727625,-7,3,-44
1759485360.7656248,-3,-3,-48
1759485360.8036249,2,-7,-50
1759485360.842625,1,-11,-47
1759485360.878625,1,0,-34
1759485360.9176247,6,0,-37
1759485360.9556248,3,-9,-48
1759485360.9936247,-3,-3,-46
1759485361.0316248,5,-7,-46
1759485361.0676248,2,-2,-42
1759485361.105625,-2,1,-37
1759485361.1446247,-7,-4,-38
1759485361.1826248,-6,-1,-42
1759485361.2186248,0,4,-29
1759485361.2566247,2,-5,-32
1759485361.2946248,-2,5,-44
1759485361.332625,-1,9,-40
1759485361.3686247,-1,2,-39
1759485361.4066248,0,0,-38
1759485361.444625,-8,-3,-38
1759485361.4836247,0,-6,-33
1759485361.5196247,-6,0,-35
1759485361.556625,0,-1,-33
1759485361.5956247,-2,-13,-45
1759485361.6336248,-4,-1,-36
1759485361.6696248,4,0,-42
1759485361.707625,12,4,-45
1759485361.7446249,5,2,-43
1759485361.783625,3,-5,-35
1759485361.819625,-1,1,-44
1759485361.8576248,0,5,-42
1759485361.8956249,-2,-6,-40
1759485361.934625,4,-4,-45
1759485361.9726248,-8,-2,-33
1759485362.0086248,4,-2,-33
1759485362.046625,5,-4,-41
1759485362.0856247,-3,-2,-31
1759485362.1236248,0,0,-42
1759485362.1596248,3,2,-31
1759485362.1966248,-2,-2,-39
1759485362.2346249,0,-5,-39
1759485362.273625,-4,-1,-41
1759485362.309625,-5,2,-30
1759485362.3486247,-3,-1,-41
1759485362.3866248,-4,0,-27
1759485362.4246247,-7,1,-30
1759485362.4626248,4,-3,-39
1759485362.4986248,1,-7,-30
1759485362.536625,2,0,-32
1759485362.5746248,-6,-3,-32
1759485362.612625,-3,-3,-37
1759485362.648625,2,0,-37
1759485362.6866248,-1,-1,-35
1759485362.7246249,6,2,-36
1759485362.7626247,5,-4,-46
1759485362.7986248,9,-4,-38
1759485362.8366249,1,-2,-44
1759485362.8746247,0,5,-48
1759485362.9126248,0,-3,-49
1759485362.9486248,-7,1,-32
1759485362.9866247,0,-1,-37
1759485363.0246248,8,-3,-46
1759485363.0606248,3,-6,-36
1759485363.0976248,2,-2,-44
1759485363.1366248,1,-4,-38
1759485363.1746247,-3,-4,-42
1759485363.2106247,-10,-7,-42
1759485363.2496247,0,-3,-41
1759485363.286625,-10,-7,-39
1759485363.3246248,1,-1,-34
1759485363.3636248,4,-1,-34
1759485363.3996248,4,-5,-35
1759485363.4376247,3,-4,-44
1759485363.4746249,3,-4,-41
1759485363.513625,-1,0,-45
1759485363.5496247,-3,2,-35
1759485363.5876248,-4,-1,-36
1759485363.625625,1,-6,-51
1759485363.6646247,-2,-5,-40
1759485363.7006247,3,0,-39
1759485363.737625,1,-4,-42
1759485363.7756248,-2,-2,-42
1759485363.8146248,-5,-3,-41
1759485363.8506248,-5,0,-44
1759485363.8876247,-2,5,-33
1759485363.9256248,-8,-2,-54
1759485363.964625,-7,4,-48
1759485364.000625,-8,1,-42
1759485364.0376248,-6,1,-34
1759485364.0756247,0,-1,-33
1759485364.1146247,0,0,-39
1759485364.1506248,-5,-2,-39
1759485364.1886249,7,0,-33
1759485364.2266247,-1,0,-30
1759485364.2656248,-2,-3,-35
1759485364.3036249,-7,0,-38
1759485364.339625,0,2,-44
1759485364.3766248,-5,1,-42
1759485364.4156249,0,2,-39
1759485364.4536247,-7,2,-43
1759485364.4896247,-5,1,-41
1759485364.526625,-7,3,-32
1759485364.5656247,0,2,-39
1759485364.6036248,-1,0,-38
1759485364.6406248,1,1,-33
1759485364.6786249,-4,-7,-34
1759485364.7166247,0,0,-36
1759485364.7546248,-2,0,-45
1759485364.7906249,-1,0,-38
1759485364.8286247,-5,8,-32
1759485364.8666248,-6,0,-21
1759485364.9046247,-5,5,-28
1759485364.9406247,-5,4,-32
1759485364.9786248,3,-2,-40
1759485365.0156248,-8,2,-25
1759485365.0546248,0,-3,-33
1759485365.0906248,8,2,-31
1759485365.128625,4,0,-37
1759485365.1656249,1,-1,-37
1759485365.204625,0,-11,-26
1759485365.240625,2,-6,-33
1759485365.2786248,0,5,-40
1759485365.3176248,2,4,-44
1759485365.355625,-7,0,-51
1759485365.3916247,0,-2,-37
1759485365.4306247,4,-2,-39
1759485365.467625,3,0,-44
1759485365.5066247,-4,0,-42
1759485365.5446248,-1,0,-36
1759485365.5806248,6,-5,-38
1759485365.6176248,-5,-4,-31
1759485365.6566248,0,1,-32
1759485365.694625,0,2,-40
1759485365.730625,4,-4,-38
1759485365.7676249,-3,4,-36
1759485365.806625,0,4,-41
1759485365.8446248,4,-1,-35
1759485365.8806248,0,-1,-33
1759485365.9176247,-3,0,-42
1759485365.9566247,0,-4,-47
1759485365.9946249,4,-4,-43
1759485366.0306249,0,-7,-37
1759485366.0676248,-3,-2,-40
1759485366.1066248,-4,-2,-43
1759485366.1446247,3,6,-36
1759485366.1806247,-3,2,-49
1759485366.2186248,4,0,-42
1759485366.2566247,10,-1,-30
1759485366.2956247,7,2,-32
1759485366.3316247,7,0,-37
1759485366.3686247,-1,1,-34
1759485366.4066248,-8,-1,-32
1759485366.4456248,-4,-5,-39
1759485366.4816248,0,-1,-36
1759485366.5196247,0,0,-42
1759485366.556625,3,-2,-33
1759485366.5956247,0,1,-35
1759485366.6316247,-7,-2,-40
1759485366.6696248,-1,-2,-40
1759485366.7086248,-2,0,-44
1759485366.7466247,0,0,-35
1759485366.783625,0,4,-34
1759485366.8206248,-1,-6,-42
1759485366.8586247,-3,1,-34
1759485366.8976247,4,-2,-35
1759485366.9356248,-1,-4,-33
1759485366.9716249,-6,-5,-38
1759485367.0096247,-5,-1,-40
1759485367.0476248,-1,2,-51
1759485367.0866249,-2,-1,-46
1759485367.1226249,1,1,-51
1759485367.1596248,0,0,-38
1759485367.1976247,-3,-8,-41
1759485367.2366247,2,-15,-42
1759485367.2726247,-4,-16,-36
1759485367.3106248,5,-1,-35
1759485367.3486247,0,-5,-42
1759485367.3876247,-1,-5,-41
1759485367.4256248,1,-4,-62
1759485367.4616249,3,-7,-59
1759485367.4996247,-1,0,-55
1759485367.5386248,-3,-2,-32
1759485367.5766249,-5,-6,-33
1759485367.612625,-1,0,-33
1759485367.651625,0,3,-45
1759485367.6896248,-1,-8,-39
1759485367.727625,3,3,-39
1759485367.7656248,6,1,-31
1759485367.8016248,-1,4,-33
1759485367.839625,8,5,-36
1759485367.8776248,3,-2,-47
1759485367.9156249,0,1,-46
1759485367.9516249,7,2,-35
1759485367.9896247,7,6,-42
1759485368.0276248,-1,4,-41
1759485368.0656247,-1,-1,-35
1759485368.1016247,1,-7,-45
1759485368.1396248,6,0,-44
1759485368.1776247,-5,1,-51
1759485368.2136247,2,-2,-40
1759485368.2516248,0,-9,-40
1759485368.2896247,-3,-6,-39
1759485368.3276248,-5,-10,-30
1759485368.3636248,0,-1,-47
1759485368.4026248,0,3,-42
1759485368.4406247,-1,1,-41
1759485368.477625,4,6,-27
1759485368.5166247,1,3,-22
1759485368.5526247,-3,4,-27
1759485368.589625,-10,-5,-29
1759485368.6276248,-7,4,-33
1759485368.6676247,-1,-1,-35
1759485368.7036247,5,1,-27
1759485368.7416248,4,-1,-31
1759485368.7806249,4,-3,-32
1759485368.8176248,7,-7,-34
1759485368.8566248,0,-1,-29
1759485368.8926249,0,-3,-32
1759485368.9306247,-7,-5,-34
1759485368.9696248,-4,-6,-31
1759485369.0076249,-1,-1,-36
1759485369.0436249,2,-6,-37
1759485369.0806248,2,2,-40
1759485369.1196249,1,-3,-32
1759485369.1576247,-2,0,-34
1759485369.1936247,-3,2,-44
1759485369.230625,-1,-2,-46
1759485369.2696247,-3,1,-39
1759485369.3076248,0,-2,-52
1759485369.3436248,-4,-6,-43
1759485369.3826249,2,-7,-35
1759485369.4196248,1,-8,-34
1759485369.4586248,0,-11,-30
1759485369.4966247,-1,0,-30
1759485369.5326247,4,1,-36
1759485369.569625,4,1,-33
1759485369.6086247,3,-2,-34
1759485369.6466248,-1,1,-35
1759485369.6826248,0,-8,-25
1759485369.7206247,0,2,-37
1759485369.7586248,3,-2,-38
1759485369.7976248,0,0,-48
1759485369.842625,2,2,-37
1759485369.8806248,2,-1,-30
1759485369.9186249,0,1,-31
1759485369.954625,6,3,-33
1759485369.9936247,3,-1,-30
1759485370.0316248,-6,2,-34
1759485370.069625,-5,0,-49
1759485370.1076248,5,-1,-44
1759485370.1436248,5,1,-37
1759485370.181625,4,-2,-34
1759485370.2196248,0,1,-30
1759485370.2576249,-2,-5,-37
1759485370.2936249,-5,-8,-33
1759485370.332625,-2,-7,-29
1759485370.3696249,6,-3,-32
1759485370.408625,2,-2,-32
1759485370.444625,0,-3,-36
1759485370.4816248,4,-3,-24
1759485370.5206249,3,-3,-35
1759485370.5586247,-3,-2,-39
1759485370.5946248,-4,-3,-40
1759485370.6336248,-3,-9,-47
1759485370.6706247,-3,-4,-33
1759485370.7096248,3,-7,-31
1759485370.7476249,7,-1,-44
1759485370.783625,6,-4,-29
1759485370.8206248,9,-3,-30
1759485370.8596249,8,-1,-44
1759485370.8976247,-2,-4,-38
1759485370.9336247,-3,-3,-40
1759485370.9716249,0,-2,-32
1759485371.0096247,4,-3,-40
1759485371.0486248,6,0,-33
1759485371.0846248,0,0,-30
1759485371.1226249,-2,-1,-36
1759485371.1596248,-1,-5,-36
1759485371.1986248,0,-2,-33
1759485371.2346249,-1,-4,-32
1759485371.273625,-2,4,-25
1759485371.3116248,0,-1,-32
1759485371.3496249,0,-5,-35
1759485371.3876247,7,-7,-48
1759485371.4246247,0,-5,-38
1759485371.4616249,4,2,-39
1759485371.500625,3,-4,-46
1759485371.5386248,-6,1,-35
1759485371.5746248,-5,-7,-36
1759485371.612625,-4,-6,-35
1759485371.6506248,-1,-3,-32
1759485371.6896248,-2,-1,-33
1759485371.7256248,2,-1,-37
1759485371.763625,4,-5,-42
1759485371.8016248,3,-7,-46
1759485371.8406248,0,-3,-43
1759485371.878625,7,-6,-38
1759485371.9146247,-2,0,-41
1759485371.9526248,-1,7,-38
1759485371.990625,1,5,-35
1759485372.0296247,7,3,-41
1759485372.0656247,5,0,-32
1759485372.102625,0,-3,-42
1759485372.1416247,-5,0,-28
1759485372.1796248,-2,-3,-32
1759485372.2156248,4,-4,-40
1759485372.2546248,-7,-4,-36
1759485372.2926247,-15,3,-27
1759485372.329625,-2,3,-28
1759485372.3686247,3,0,-28
1759485372.4046247,-1,-6,-33
1759485372.4426248,-3,-1,-33
1759485372.480625,-4,2,-34
1759485372.5196247,-4,0,-39
1759485372.5556247,5,-5,-34
1759485372.5936248,2,-2,-35
1759485372.6316247,0,-5,-46
1759485372.6706247,4,0,-36
1759485372.7086248,2,-2,-34
1759485372.7446249,7,3,-25
1759485372.7816248,0,1,-41
1759485372.8206248,-4,0,-39
1759485372.8586247,-1,0,-38
1759485372.8946247,-6,-5,-41
1759485372.9326248,-2,0,-35
1759485372.9716249,3,-3,-38
1759485373.0096247,-3,4,-41
1759485373.0456247,-3,-4,-28
1759485373.0846248,-1,-3,-43
1759485373.1216247,-11,-8,-37
1759485373.1606247,2,1,-44
1759485373.1986248,3,-6,-34
1759485373.2346249,6,-3,-28
1759485373.2726247,-2,0,-32
1759485373.3106248,3,6,-36
1759485373.3486247,-3,-1,-42
1759485373.3846247,-4,0,-38
1759485373.421625,4,-2,-41
1759485373.4606247,13,-3,-48
1759485373.4966247,10,0,-45
1759485373.533625,5,-8,-30
1759485373.5726247,2,-6,-33
1759485373.6106248,-3,-4,-30
1759485373.6466248,-2,-9,-34
1759485373.6856248,6,-5,-30
1759485373.7226248,-3,0,-38
1759485373.760625,1,-10,-36
1759485373.7996247,-4,-2,-41
1759485373.8356247,3,-8,-48
1759485373.8726249,2,-3,-40
1759485373.9106247,-5,-1,-38
1759485373.9496248,-2,-4,-36
1759485373.9856248,6,-2,-37
1759485374.023625,0,-3,-45
1759485374.0616248,-2,-3,-42
1759485374.1006248,-2,2,-44
1759485374.1366248,0,-1,-37
1759485374.1736248,0,2,-27
1759485374.2126248,3,-2,-29
1759485374.250625,3,-3,-28
1759485374.286625,0,0,-27
1759485374.3246248,1,-9,-28
1759485374.3616247,0,-2,-27
1759485374.4006248,-2,0,-30
1759485374.4366248,2,-6,-32
1759485374.4736247,0,-4,-24
1759485374.5116248,3,1,-28
1759485374.5506248,-1,-7,-40
1759485374.5866249,2,2,-44
1759485374.6236248,6,3,-35
1759485374.6626248,7,0,-38
1759485374.7006247,3,0,-36
1759485374.7366247,1,2,-37
1759485374.773625,-1,-5,-47
1759485374.8116248,-5,-2,-38
1759485374.8506248,2,-3,-37
1759485374.8866248,1,2,-38
1759485374.9236248,-1,4,-44
1759485374.9616249,1,0,-51
1759485375.000625,1,1,-50
1759485375.036625,8,3,-42
1759485375.0736248,-1,3,-40
1759485375.112625,0,2,-29
1759485375.1506248,-2,-5,-36
1759485375.1866248,-3,-5,-39
1759485375.2256248,-1,-4,-33
1759485375.2626247,0,-2,-43
1759485375.3016248,-2,1,-33
1759485375.3376248,3,1,-21
1759485375.3746247,1,-1,-31
1759485375.4136248,0,1,-40
1759485375.4516249,5,3,-31
1759485375.487625,3,-3,-34
1759485375.5246248,3,-3,-37
1759485375.5636249,0,-2,-42
1759485375.6016247,1,0,-31
1759485375.6376247,-1,0,-38
1759485375.6746247,2,1,-30
1759485375.7126248,0,3,-40
1759485375.7516248,-1,0,-37
1759485375.7876248,-5,0,-44
1759485375.8246248,-8,-6,-36
1759485375.8636248,-8,-8,-39
1759485375.901625,-1,-3,-43
1759485375.9376247,-5,2,-36
1759485375.9766247,1,0,-39
1759485376.0146248,0,1,-40
1759485376.0526247,0,-1,-52
1759485376.0906248,2,1,-37
1759485376.1266248,5,-4,-35
1759485376.1646247,6,1,-37
1759485376.2026248,0,5,-39
1759485376.240625,0,0,-38
1759485376.276625,0,-1,-26
1759485376.3136249,1,-2,-29
1759485376.352625,0,3,-28
1759485376.3906248,3,2,-37
1759485376.4266248,5,0,-35
1759485376.4636247,3,-5,-35
1759485376.5026248,2,3,-30
1759485376.5406249,0,0,-35
1759485376.5766249,-1,-4,-43
1759485376.615625,0,-3,-43
1759485376.6536248,0,3,-36
1759485376.6916249,-6,-2,-30
1759485376.727625,-2,0,-32
1759485376.7656248,-2,6,-34
1759485376.8036249,0,5,-42
1759485376.842625,-10,9,-52
1759485376.878625,-9,3,-33
1759485376.9156249,-1,5,-35
1759485376.9536247,-7,-1,-31
1759485376.9926248,-1,-3,-28
1759485377.0286248,-5,-3,-27
1759485377.0676248,0,-4,-38
1759485377.1046247,-8,-2,-26
1759485377.1436248,0,0,-36
1759485377.181625,4,2,-33
1759485377.217625,0,5,-37
1759485377.2546248,-1,1,-42
1759485377.2936249,-3,2,-39
1759485377.3316247,-1,0,-45
1759485377.3676248,-6,3,-31
1759485377.4056249,2,1,-45
1759485377.444625,0,-1,-37
1759485377.4826248,7,-2,-39
1759485377.5186248,-1,-1,-29
1759485377.556625,-7,0,-36
1759485377.5956247,0,2,-29
1759485377.6336248,-4,1,-39
1759485377.671625,-4,-1,-42
1759485377.707625,-1,-2,-24
1759485377.7456248,-6,7,-35
1759485377.7846248,0,8,-42
1759485377.8226247,-2,5,-40
1759485377.8586247,-2,5,-47
1759485377.8966248,-6,-1,-52
1759485377.934625,-2,5,-45
1759485377.9736247,-2,-1,-35
1759485378.0116248,0,-4,-21
1759485378.0476248,0,0,-33
1759485378.0856247,3,0,-40
1759485378.1236248,3,0,-38
1759485378.161625,5,-4,-39
1759485378.1986248,-4,6,-40
1759485378.2356248,-4,0,-43
1759485378.273625,0,-2,-35
1759485378.3126247,4,-1,-28
1759485378.3486247,0,9,-28
1759485378.385625,-5,3,-24
1759485378.4236248,-2,0,-25
1759485378.4626248,-5,-3,-40
1759485378.4986248,-1,2,-41
1759485378.536625,3,4,-44
1759485378.5756247,-4,-6,-41
1759485378.6136248,-1,4,-48
1759485378.6496248,-1,2,-47
1759485378.6876247,0,7,-33
1759485378.7256248,-4,3,-40
1759485378.763625,-3,1,-49
1759485378.7996247,-2,3,-35
1759485378.8386247,-3,2,-29
1759485378.875625,3,4,-40
1759485378.9136248,11,9,-30
1759485378.9526248,5,2,-35
1759485378.9886248,-2,-2,-46
1759485379.026625,0,1,-39
1759485379.0656247,5,-2,-38
1759485379.1036248,12,3,-37
1759485379.1396248,7,0,-39
1759485379.1766248,11,-1,-41
1759485379.2156248,3,-3,-34
1759485379.253625,6,-1,-23
1759485379.2896247,3,-1,-29
1759485379.3276248,3,1,-36
1759485379.3666248,0,-3,-47
1759485379.4046247,6,-2,-43
1759485379.4426248,1,-5,-43
1759485379.4786248,-4,-7,-41
1759485379.5176249,-5,-5,-48
1759485379.5556247,-11,-1,-43
1759485379.5936248,-12,0,-47
1759485379.6296248,-6,2,-49
1759485379.6676247,-4,7,-38
1759485379.7056248,3,2,-48
1759485379.7446249,0,-1,-38
1759485379.7826247,0,0,-35
1759485379.8186247,2,-2,-30
1759485379.8646247,7,1,-35
1759485379.9026248,-4,-1,-26
1759485379.9386249,-3,-3,-36
1759485379.977625,2,1,-36
1759485380.0146248,0,1,-41
1759485380.0536249,-5,-1,-47
1759485380.089625,-8,-1,-47
1759485380.1276248,-5,3,-44
1759485380.1656249,-1,0,-29
1759485380.204625,0,-2,-43
1759485380.2426248,1,0,-43
1759485380.2786248,3,-3,-33
1759485380.3176248,-3,-3,-29
1759485380.3546247,-3,2,-34
1759485380.3936248,0,0,-41
1759485380.4296248,0,-3,-38
1759485380.467625,5,0,-32
1759485380.5066247,5,-2,-36
1759485380.5446248,3,-1,-40
1759485380.5806248,5,0,-40
1759485380.6176248,1,0,-30
1759485380.6566248,9,2,-38
1759485380.694625,0,-2,-38
1759485380.730625,1,1,-38
1759485380.7676249,-5,0,-41
1759485380.806625,2,-2,-39
1759485380.8446248,-1,0,-35
1759485380.8806248,0,0,-28
1759485380.9186249,0,-2,-37
1759485380.9566247,2,0,-43
1759485380.9946249,0,0,-45
1759485381.0306249,0,3,-36
1759485381.0686247,-2,0,-39
1759485381.1066248,-1,0,-29
1759485381.1446247,-4,0,-45
1759485381.181625,1,0,-48
1759485381.2186248,-2,-1,-37
1759485381.2566247,1,-3,-42
1759485381.2956247,0,2,-35
1759485381.3336248,3,3,-39
1759485381.3696249,2,-1,-41
1759485381.4066248,2,3,-46
1759485381.4456248,-3,3,-36
1759485381.4836247,-10,0,-38
1759485381.5196247,-4,-2,-31
1759485381.5576248,-4,0,-44
1759485381.5966249,-6,-8,-40
1759485381.6346247,0,0,-45
1759485381.6706247,0,0,-37
1759485381.707625,2,-3,-27
1759485381.7456248,1,1,-27
1759485381.7846248,4,3,-34
1759485381.8206248,3,-4,-37
1759485381.8576248,6,-2,-31
1759485381.8956249,-1,0,-29
1759485381.934625,0,9,-33
1759485381.9706247,3,6,-35
1759485382.0086248,3,6,-46
1759485382.046625,0,8,-31
1759485382.0856247,2,1,-41
1759485382.1216247,0,-4,-48
1759485382.1596248,5,-3,-37
1759485382.1986248,0,0,-33
1759485382.2356248,2,0,-43
1759485382.2746248,0,-3,-36
1759485382.3106248,1,-3,-36
1759485382.3486247,-4,-3,-31
1759485382.3866248,0,-5,-36
1759485382.4246247,0,0,-34
1759485382.4606247,0,4,-36
1759485382.4986248,4,0,-41
1759485382.5356247,1,1,-39
1759485382.5746248,-6,0,-33
1759485382.6106248,-5,0,-32
1759485382.648625,-7,-1,-24
1759485382.6856248,0,5,-39
1759485382.7246249,-1,3,-32
1759485382.760625,-4,1,-41
1759485382.7986248,-9,5,-36
1759485382.8366249,4,6,-47
1759485382.8746247,-1,0,-40
1759485382.9106247,-1,-1,-26
1759485382.9496248,1,4,-27
1759485382.9866247,12,2,-33
1759485383.0256248,0,-2,-38
1759485383.0616248,2,2,-38
1759485383.0986247,0,7,-21
1759485383.1366248,-4,8,-36
1759485383.1746247,1,0,-40
1759485383.2106247,1,0,-41
1759485383.2476249,-3,-5,-48
1759485383.286625,2,0,-37
1759485383.3246248,0,-3,-33
1759485383.3606248,-2,0,-40
1759485383.3976247,-3,2,-42
1759485383.4366248,-4,-1,-34
1759485383.4746249,-1,-2,-39
1759485383.510625,0,-5,-42
1759485383.5496247,-1,-3,-32
1759485383.5866249,3,0,-38
1759485383.625625,3,4,-41
1759485383.661625,0,5,-41
1759485383.6996248,4,-2,-40
1759485383.7366247,1,-1,-46
1759485383.7756248,-1,-4,-44
1759485383.8116248,-5,-9,-38
1759485383.8496249,2,-5,-42
1759485383.8876247,11,-1,-37
1759485383.9266248,2,1,-37
1759485383.9626248,0,0,-45
1759485383.9996247,-2,0,-42
1759485384.0376248,-2,1,-38
1759485384.0766249,4,1,-36
1759485384.112625,-3,-2,-38
1759485384.1506248,0,-3,-39
1759485384.1886249,0,1,-42
1759485384.227625,-3,-4,-52
1759485384.2656248,0,-1,-42
1759485384.3026247,1,2,-40
1759485384.3406248,1,3,-35
1759485384.3776248,-5,2,-34
1759485384.4166248,-4,0,-45
1759485384.4526248,0,0,-45
1759485384.4896247,-4,-3,-53
1759485384.5276248,5,0,-42
1759485384.5666249,0,-1,-36
1759485384.602625,3,-10,-41
1759485384.6396248,-2,4,-32
1759485384.6776247,4,0,-42
1759485384.7166247,0,-2,-46
1759485384.7526248,-4,0,-38
1759485384.7896247,8,3,-32
1759485384.8276248,8,-5,-39
1759485384.8666248,4,1,-30
1759485384.9026248,0,0,-31
1759485384.9396248,0,-1,-40
1759485384.9786248,8,-6,-37
1759485385.0166247,5,-6,-51
1759485385.0526247,4,-2,-46
1759485385.0916247,-6,0,-35
1759485385.1296248,-5,3,-49
1759485385.1676247,-10,2,-39
1759485385.2056248,0,0,-30
1759485385.2416248,0,-3,-34
1759485385.2796247,2,-10,-32
1759485385.3176248,7,-5,-35
1759485385.3566248,-1,-5,-42
1759485385.3926249,4,-3,-32
1759485385.4296248,0,-2,-24
1759485385.467625,-4,2,-43
1759485385.5066247,-3,0,-40
1759485385.5426247,-5,6,-43
1759485385.5806248,0,1,-33
1759485385.6196249,-5,-2,-31
1759485385.6576247,0,2,-40
1759485385.6936247,0,-2,-43
1759485385.730625,5,-1,-41
1759485385.7696247,4,-1,-24
1759485385.8076248,3,-2,-36
1759485385.8436248,5,-4,-39
1759485385.8826249,-1,-7,-34
1759485385.9196248,0,-7,-33
1759485385.9586248,-2,-2,-28
1759485385.9966247,-1,6,-31
1759485386.0326247,0,3,-37
1759485386.069625,-7,2,-34
1759485386.1086247,-2,5,-34
1759485386.1466248,-5,-8,-44
1759485386.1826248,-8,-8,-39
1759485386.2216249,-5,-4,-38
1759485386.2586248,0,-2,-39
1759485386.2976248,-8,-7,-40
1759485386.3346248,-4,-2,-34
1759485386.3716247,-1,-3,-28
1759485386.4106247,-2,-13,-39
1759485386.4486248,-4,4,-39
1759485386.4866247,4,-1,-38
1759485386.5226247,7,-2,-31
1759485386.5606248,0,0,-46
1759485386.5986247,-8,-3,-36
1759485386.6366248,0,-2,-49
1759485386.6726248,1,-3,-44
1759485386.7106247,1,4,-32
1759485386.7486248,4,-3,-44
1759485386.7876248,0,2,-47
1759485386.8236248,-3,1,-40
1759485386.862625,-3,2,-32
1759485386.9006248,0,-6,-52
1759485386.9386249,0,-4,-46
1759485386.9766247,-6,4,-36
1759485387.0126247,-5,-1,-35
1759485387.0516248,2,-2,-28
1759485387.0886247,0,-2,-22
1759485387.1276248,-4,-4,-36
1759485387.1636248,-6,0,-31
1759485387.2016249,-1,0,-34
1759485387.2386248,-3,0,-28
1759485387.2776248,0,1,-30
1759485387.3136249,-4,0,-39
1759485387.352625,0,-2,-33
1759485387.3896248,0,4,-36
1759485387.4286249,3,0,-41
1759485387.464625,3,2,-31
1759485387.5026248,-5,-5,-35
1759485387.5396247,-3,-2,-34
1759485387.5786247,0,-2,-40
1759485387.6146247,-2,5,-43
1759485387.6526248,-5,2,-36
1759485387.6906247,-2,0,-38
1759485387.7286248,0,-2,-26
1759485387.7676249,-3,-3,-37
1759485387.8036249,-3,-1,-34
1759485387.8416247,0,-2,-39
1759485387.8796248,-5,4,-41
1759485387.9186249,2,0,-47
1759485387.954625,-7,-7,-35
1759485387.9936247,-11,-2,-31
1759485388.0306249,-7,-8,-37
1759485388.069625,-3,-6,-29
1759485388.1076248,3,0,-36
1759485388.1436248,-1,-9,-51
1759485388.181625,-3,-8,-43
1759485388.2206247,-2,0,-45
1759485388.2586248,-3,-4,-40
1759485388.2946248,1,0,-32
1759485388.332625,1,0,-34
1759485388.3706248,0,1,-31
1759485388.408625,-4,-1,-35
1759485388.444625,-2,-2,-40
1759485388.4826248,-3,4,-38
1759485388.5206249,-2,0,-36
1759485388.559625,0,0,-40
1759485388.5976248,0,0,-31
1759485388.6336248,0,-1,-31
1759485388.671625,-2,0,-33
1759485388.7106247,0,3,-34
1759485388.7486248,-4,0,-40
1759485388.7846248,-2,-3,-42
1759485388.8236248,-1,-2,-46
1759485388.8606248,5,2,-51
1759485388.8996248,-1,-2,-36
1759485388.9376247,1,0,-37
1759485388.9736247,-9,8,-36
1759485389.010625,5,-2,-38
1759485389.0496247,2,0,-38
1759485389.0866249,-3,-3,-42
1759485389.1236248,-2,-4,-36
1759485389.1626248,-4,1,-40
1759485389.2006247,0,2,-48
1759485389.2386248,-3,0,-39
1759485389.2746248,-2,-4,-42
1759485389.3126247,2,-1,-34
1759485389.3516247,-3,2,-33
1759485389.3896248,-3,3,-30
1759485389.4256248,-3,-2,-36
1759485389.4636247,-2,-1,-34
1759485389.5026248,2,1,-35
1759485389.5406249,0,2,-35
1759485389.5786247,-3,3,-37
1759485389.6146247,3,1,-48
1759485389.6526248,3,7,-44
1759485389.6906247,-6,2,-33
1759485389.7296247,3,0,-45
1759485389.7656248,0,-2,-41
1759485389.8046248,1,-4,-43
1759485389.8416247,-7,-2,-35
1759485389.8866248,-1,0,-29
1759485389.9246247,-2,1,-36
1759485389.9626248,0,-2,-47
1759485390.000625,-4,2,-41
1759485390.0386248,3,-6,-43
1759485390.0746248,2,-6,-33
1759485390.1116247,-1,0,-39
1759485390.1506248,-2,-1,-41
1759485390.1886249,-2,-2,-34
1759485390.2246249,0,9,-36
1759485390.2616248,-6,1,-40
1759485390.3006248,-3,-6,-34
1759485390.3386247,8,-1,-33
1759485390.3746247,4,-5,-38
1759485390.411625,-1,-3,-41
1759485390.4506247,6,-7,-44
1759485390.4886248,3,-1,-43
1759485390.5246248,1,-4,-38
1759485390.5626247,7,-1,-36
1759485390.6006248,4,0,-20
1759485390.638625,-3,-7,-40
1759485390.6746247,0,-6,-40
1759485390.7126248,2,-6,-51
1759485390.750625,0,1,-36
1759485390.7886248,5,2,-37
1759485390.8246248,-1,-1,-31
1759485390.8636248,2,-1,-35
1759485390.9006248,3,0,-31
1759485390.9396248,4,-2,-33
1759485390.9756248,-5,-6,-31
1759485391.013625,3,-3,-34
1759485391.0516248,2,-2,-43
1759485391.0906248,-1,4,-54
1759485391.1266248,-4,0,-42
1759485391.1636248,-5,0,-41
1759485391.2016249,-5,-7,-39
1759485391.240625,-6,4,-46
1759485391.276625,-3,0,-49
1759485391.3136249,-2,-8,-40
1759485391.3516247,5,-1,-33
1759485391.3906248,4,-3,-52
1759485391.4266248,2,3,-47
1759485391.464625,0,6,-45
1759485391.503625,-1,1,-30
1759485391.5416248,2,4,-34
1759485391.579625,8,5,-37
1759485391.615625,0,4,-36
1759485391.6526248,7,2,-33
1759485391.6916249,-3,0,-40
1759485391.7296247,5,2,-20
1759485391.7656248,5,0,-29
1759485391.8026247,2,-5,-26
1759485391.8416247,7,2,-46
1759485391.8796248,-1,6,-48
1759485391.9156249,0,3,-42
1759485391.9526248,6,2,-46
1759485391.9916248,1,2,-40
1759485392.0296247,6,0,-34
1759485392.0656247,-1,-2,-38
1759485392.1046247,1,-10,-31
1759485392.1426249,2,-5,-25
1759485392.1806247,8,0,-22
1759485392.217625,4,-1,-27
1759485392.2556248,5,-5,-40
1759485392.2926247,2,2,-41
1759485392.3316247,5,3,-30
1759485392.3696249,6,-1,-33
1759485392.4056249,1,-6,-41
1759485392.4436247,-9,0,-32
1759485392.4816248,3,7,-31
1759485392.5206249,3,6,-44
1759485392.556625,1,5,-44
1759485392.5936248,4,0,-37
1759485392.6326249,0,1,-44
1759485392.6706247,1,3,-45
1759485392.7066247,5,4,-51
1759485392.7436247,-1,1,-31
1759485392.7816248,0,0,-32
1759485392.8206248,-2,6,-23
1759485392.8566248,7,0,-27
1759485392.8936248,9,5,-29
1759485392.9326248,6,0,-37
1759485392.9706247,-2,1,-34
1759485393.0066247,3,0,-42
1759485393.0446248,0,-3,-30
1759485393.082625,5,-2,-29
1759485393.1206248,-1,-6,-20
1759485393.1566248,0,0,-32
1759485393.1936247,0,-2,-31
1759485393.2326248,-5,-4,-43
1759485393.2706249,-1,-2,-40
1759485393.306625,2,-6,-41
1759485393.3446248,3,-1,-30
1759485393.3826249,12,5,-27
1759485393.4206247,5,0,-32
1759485393.4566247,-2,1,-24
1759485393.4936247,-3,6,-29
1759485393.5326247,0,2,-36
1759485393.5706248,-1,5,-29
1759485393.6066248,-4,6,-32
1759485393.6446247,5,2,-38
1759485393.6826248,3,7,-38
1759485393.7216249,2,-3,-42
1759485393.7576249,0,2,-31
1759485393.7946248,7,1,-42
1759485393.832625,4,-1,-44
1759485393.8716247,2,4,-49
1759485393.9076247,0,0,-48
1759485393.944625,0,-3,-41
1759485393.9826248,0,2,-40
1759485394.0216248,4,3,-34
1759485394.0576248,-5,6,-39
1759485394.0956247,-2,2,-36
1759485394.1336248,-1,-5,-40
1759485394.1726248,-3,-5,-40
1759485394.2106247,1,1,-29
1759485394.2466247,-4,-3,-29
1759485394.2856247,3,4,-36
1759485394.3226247,-2,-1,-41
1759485394.3616247,0,-6,-38
1759485394.3976247,1,-3,-43
1759485394.4366248,0,0,-37
1759485394.4746249,-1,-3,-45
1759485394.5126247,3,-1,-39
1759485394.5486248,2,3,-35
1759485394.5866249,-4,2,-35
1759485394.6246247,-5,2,-42
1759485394.6626248,-1,7,-32
1759485394.6986248,-6,2,-41
1759485394.7366247,-5,-2,-42
1759485394.7756248,-1,3,-46
1759485394.8126247,1,9,-48
1759485394.8516247,-1,6,-43
1759485394.8876247,-1,-1,-45
1759485394.9256248,-4,2,-38
1759485394.9636247,-1,1,-42
1759485395.0026248,4,12,-42
1759485395.0386248,-4,8,-35
1759485395.0776248,4,6,-33
1759485395.115625,1,2,-45
1759485395.1536248,-3,1,-34
1759485395.1916249,0,-2,-44
1759485395.227625,9,1,-44
1759485395.2656248,2,4,-36
1759485395.3036249,0,6,-42
1759485395.3416247,0,-4,-34
1759485395.3776248,0,-7,-34
1759485395.4156249,6,-6,-45
1759485395.4536247,6,-4,-45
1759485395.4916248,-3,6,-39
1759485395.5276248,5,-1,-35
1759485395.5646248,4,-1,-44
1759485395.6036248,4,0,-34
1759485395.6416247,3,0,-34
1759485395.6776247,2,1,-25
1759485395.714625,0,6,-29
1759485395.753625,-2,3,-45
1759485395.7916248,0,2,-45
1759485395.8276248,0,3,-36
1759485395.8646247,0,0,-33
1759485395.9036248,-5,0,-32
1759485395.9416249,2,0,-32
1759485395.977625,1,5,-35
1759485396.0146248,-5,0,-30
1759485396.0536249,2,3,-36
1759485396.089625,10,6,-30
1759485396.128625,-2,0,-41
1759485396.1666248,-5,-3,-28
1759485396.204625,4,-3,-30
1759485396.2426248,-2,-6,-35
1759485396.2786248,-1,-8,-48
1759485396.3176248,3,-6,-36
1759485396.3546247,3,0,-48
1759485396.3936248,-3,-2,-54
1759485396.4296248,0,1,-47
1759485396.467625,0,-1,-42
1759485396.5046248,-1,2,-48
1759485396.5436249,5,-5,-43
1759485396.579625,1,-6,-45
1759485396.6176248,3,-1,-46
1759485396.6546247,0,-5,-43
1759485396.6936247,2,0,-42
1759485396.7296247,-3,3,-42
1759485396.7686248,-3,-3,-42
1759485396.8056247,-4,0,-46
1759485396.8446248,1,0,-27
1759485396.8826249,-3,3,-32
1759485396.9186249,-6,-1,-33
1759485396.957625,-1,-2,-34
1759485396.9956248,3,0,-40
1759485397.033625,7,-3,-33
1759485397.069625,4,-3,-30
1759485397.1076248,5,2,-37
1759485397.1456249,12,6,-44
1759485397.184625,1,3,-35
1759485397.2226248,-2,4,-36
1759485397.2596247,-1,-3,-36
1759485397.296625,8,2,-39
1759485397.3356247,1,-1,-40
1759485397.3736248,-4,3,-40
1759485397.4096248,-4,0,-33
1759485397.4486248,-8,-1,-32
1759485397.4856248,-4,-3,-45
1759485397.5246248,-6,-6,-46
1759485397.5626247,0,-11,-40
1759485397.5986247,4,-6,-35
1759485397.6366248,-6,-6,-38
1759485397.6746247,-4,-2,-34
1759485397.7136247,4,-3,-50
1759485397.7496247,3,3,-49
1759485397.7886248,2,3,-34
1759485397.8266249,6,2,-45
1759485397.8646247,-6,-1,-42
1759485397.9006248,0,0,-41
1759485397.9376247,0,-2,-48
1759485397.9766247,-2,3,-37
1759485398.0146248,0,-1,-37
1759485398.0506248,0,0,-35
1759485398.0876248,-1,3,-37
1759485398.1266248,-1,8,-37
1759485398.1646247,0,4,-38
1759485398.2006247,-11,0,-36
1759485398.2396247,-2,-3,-48
1759485398.276625,-1,0,-42
1759485398.3146248,-12,-2,-41
1759485398.3536248,-2,1,-32
1759485398.3896248,3,1,-44
1759485398.4266248,1,0,-34
1759485398.4656248,-1,-4,-22
1759485398.503625,0,-5,-30
1759485398.5396247,-2,-1,-38
1759485398.5786247,2,3,-39
1759485398.6166248,7,-1,-41
1759485398.6546247,4,1,-43
1759485398.6906247,1,0,-41
1759485398.727625,3,-4,-34
1759485398.7656248,-3,-1,-37
1759485398.8046248,1,3,-45
1759485398.8406248,2,2,-36
1759485398.8796248,9,0,-27
1759485398.9166248,5,-2,-49
1759485398.9556248,-7,-2,-40
1759485398.9936247,-8,-3,-36
1759485399.0296247,-2,2,-40
1759485399.0676248,3,0,-37
1759485399.1066248,2,-6,-38
1759485399.1446247,13,0,-38
1759485399.1806247,6,8,-40
1759485399.2196248,-6,6,-31
1759485399.2566247,-6,-2,-26
1759485399.2956247,0,-5,-39
1759485399.3336248,2,3,-41
1759485399.3696249,6,4,-35
1759485399.4066248,0,4,-38
1759485399.4456248,0,-1,-43
1759485399.4836247,0,0,-47
1759485399.5206249,0,5,-45
1759485399.5576248,3,1,-51
1759485399.5966249,0,0,-39
1759485399.6346247,4,-2,-38
1759485399.6706247,4,-4,-35
1759485399.707625,-1,0,-28
1759485399.7466247,2,-10,-34
1759485399.7846248,2,-4,-39
1759485399.8206248,2,-6,-45
1759485399.8576248,0,-7,-40
1759485399.9026248,0,0,-37
1759485399.9396248,-1,5,-42
1759485399.9786248,-1,-1,-39
1759485400.0166247,1,-2,-44
1759485400.0546248,-4,1,-26
1759485400.0906248,3,-2,-34
1759485400.128625,4,0,-38
1759485400.1666248,-1,-2,-51
1759485400.2056248,6,-6,-35
1759485400.2416248,3,0,-39
1759485400.2806249,2,7,-38
1759485400.3186247,-3,5,-32
1759485400.3566248,0,11,-40
1759485400.3946247,1,0,-44
1759485400.4306247,3,4,-45
1759485400.4686248,-12,-2,-49
1759485400.5066247,3,0,-42
1759485400.5446248,2,1,-31
1759485400.5806248,0,-5,-43
1759485400.6186247,-2,-3,-33
1759485400.6566248,-4,4,-46
1759485400.694625,-1,-3,-37
1759485400.730625,0,-6,-33
1759485400.7686248,4,-2,-31
1759485400.806625,-4,2,-37
1759485400.8446248,0,3,-38
1759485400.8806248,3,1,-39
1759485400.9186249,-3,2,-46
1759485400.9566247,-11,0,-40
1759485400.9946249,-10,-2,-36
1759485401.0306249,-6,0,-27
1759485401.0686247,-8,0,-45
1759485401.1076248,-1,-8,-36
1759485401.1456249,5,-12,-51
1759485401.181625,0,-4,-34
1759485401.2206247,6,-8,-29
1759485401.2576249,2,-5,-34
1759485401.296625,4,2,-32
1759485401.332625,0,-6,-44
1759485401.3716247,0,-5,-41
1759485401.408625,0,-4,-36
1759485401.4466248,4,-7,-37
1759485401.4856248,1,-8,-34
1759485401.5216248,-3,-8,-42
1759485401.5606248,-2,-3,-35
1759485401.5986247,2,-4,-33
1759485401.6366248,-2,-6,-34
1759485401.6726248,-1,0,-15
1759485401.7116249,-1,0,-29
1759485401.7496247,0,-1,-44
1759485401.786625,-1,6,-46
1759485401.8256247,2,8,-46
1759485401.8616247,0,8,-44
1759485401.898625,-4,2,-44
1759485401.9376247,-1,-2,-33
1759485401.9756248,3,-4,-29
1759485402.0116248,4,0,-29
1759485402.0496247,0,-10,-34
1759485402.0876248,7,3,-37
1759485402.1266248,2,4,-40
1759485402.1626248,0,3,-34
1759485402.2006247,0,0,-42
1759485402.237625,3,2,-39
1759485402.276625,-1,1,-37
1759485402.3126247,3,2,-41
1759485402.3496249,-5,3,-41
1759485402.3876247,-4,-3,-46
1759485402.4266248,-3,-7,-34
1759485402.4626248,-2,-2,-28
1759485402.500625,-10,-1,-38
1759485402.5396247,-5,-1,-28
1759485402.5776248,1,-8,-44
1759485402.615625,-6,-2,-47
1759485402.651625,-2,-1,-40
1759485402.6896248,3,-7,-37
1759485402.7286248,1,-4,-34
1759485402.7666247,-3,-3,-38
1759485402.8026247,0,-5,-43
1759485402.8416247,0,1,-42
1759485402.8796248,2,-2,-42
1759485402.9176247,-2,9,-32
1759485402.9556248,0,8,-41
1759485402.9916248,3,2,-31
1759485403.0296247,0,0,-35
1759485403.0676248,8,-1,-30
1759485403.105625,2,3,-37
1759485403.1416247,-5,-1,-40
1759485403.1806247,2,0,-46
1759485403.217625,1,0,-38
1759485403.2566247,1,0,-42
1759485403.2926247,3,-3,-44
1759485403.329625,-3,2,-33
1759485403.3686247,1,-2,-28
1759485403.4066248,0,0,-47
1759485403.4426248,1,-2,-41
1759485403.4796247,0,-1,-31
1759485403.5176249,0,-3,-30
1759485403.556625,0,-4,-34
1759485403.592625,-4,0,-41
1759485403.6316247,2,2,-27
1759485403.6686249,0,1,-27
1759485403.707625,0,3,-33
1759485403.7436247,0,-2,-37
1759485403.7806249,-4,8,-28
1759485403.8186247,-4,-2,-45
1759485403.8576248,0,3,-49
1759485403.8936248,0,4,-33
1759485403.9326248,0,0,-29
1759485403.9696248,0,0,-28
1759485404.0086248,-1,0,-35
1759485404.046625,-3,-1,-33
1759485404.082625,3,-7,-41
1759485404.1196249,-6,1,-41
1759485404.158625,-4,-2,-39
1759485404.1966248,0,-4,-39
1759485404.2326248,3,1,-38
1759485404.2706249,-3,2,-44
1759485404.3086247,-3,0,-48
1759485404.3466249,-2,2,-37
1759485404.3826249,5,5,-35
1759485404.4206247,-3,3,-40
1759485404.4586248,0,-1,-44
1759485404.4966247,4,5,-40
1759485404.5326247,0,0,-37
1759485404.5706248,0,1,-32
1759485404.6086247,-3,-1,-39
1759485404.6466248,-6,-6,-40
1759485404.6826248,3,-4,-39
1759485404.7216249,5,0,-35
1759485404.7586248,-1,1,-49
1759485404.7976248,-4,-1,-40
1759485404.8336248,0,-6,-49
1759485404.8706248,5,-4,-38
1759485404.908625,3,-3,-40
1759485404.9476247,-1,-6,-34
1759485404.9836247,-2,-5,-27
1759485405.0226247,6,3,-40
1759485405.059625,2,-6,-41
1759485405.0986247,-3,0,-46
1759485405.1346247,0,5,-41
1759485405.1726248,-6,5,-31
1759485405.2096248,0,4,-45
1759485405.2486248,6,2,-45
1759485405.2846248,5,4,-31
1759485405.3226247,0,2,-37
1759485405.3596249,0,-1,-31
1759485405.398625,-4,2,-38
1759485405.434625,3,3,-48
1759485405.4726248,0,2,-38
1759485405.5096247,-2,-2,-36
1759485405.5486248,0,0,-43
1759485405.5846248,-1,1,-39
1759485405.6226249,3,4,-42
1759485405.6606247,0,-3,-52
1759485405.6996248,3,-4,-47
1759485405.737625,7,-7,-47
1759485405.773625,6,-3,-37
1759485405.8116248,6,-7,-44
1759485405.8506248,-1,0,-32
1759485405.888625,-2,0,-45
1759485405.9246247,-6,-6,-40
1759485405.9636247,0,-2,-45
1759485406.000625,-6,1,-42
1759485406.0396247,-4,-3,-42
1759485406.0776248,-1,1,-43
1759485406.1136248,3,8,-30
1759485406.1506248,-2,-1,-36
1759485406.1896248,-2,4,-29
1759485406.227625,1,1,-32
1759485406.263625,6,0,-32
1759485406.3006248,-8,-6,-49
1759485406.339625,-2,0,-37
1759485406.3776248,0,3,-33
1759485406.4136248,4,4,-33
1759485406.4516249,-4,0,-27
1759485406.4896247,0,0,-34
1759485406.5256248,0,0,-32
1759485406.5636249,4,6,-33
1759485406.6006248,2,9,-32
1759485406.6396248,-7,-4,-39
1759485406.6756248,-3,-2,-50
1759485406.7136247,-2,-3,-48
1759485406.7516248,-5,-4,-37
1759485406.7906249,0,-1,-35
1759485406.8286247,7,5,-32
1759485406.8646247,1,3,-35
1759485406.9026248,3,3,-41
1759485406.9406247,-4,4,-28
1759485406.9796247,-6,2,-49
1759485407.0166247,-5,2,-41
1759485407.0536249,-4,0,-37
1759485407.0916247,1,-3,-40
1759485407.1306248,6,7,-31
1759485407.1686249,5,6,-33
1759485407.204625,-3,8,-41
1759485407.2436247,-4,5,-32
1759485407.2806249,-3,3,-38
1759485407.319625,-1,2,-36
1759485407.3566248,-6,0,-32
1759485407.3936248,2,-4,-35
1759485407.431625,13,1,-34
1759485407.4706247,-2,-2,-31
1759485407.5086248,-2,2,-35
1759485407.5446248,-2,1,-32
1759485407.582625,0,1,-31
1759485407.6206248,5,-5,-39
1759485407.658625,7,-3,-43
1759485407.694625,1,-8,-38
1759485407.7326248,0,-2,-42
1759485407.7706249,0,1,-42
1759485407.809625,2,-1,-40
1759485407.8456247,1,1,-41
1759485407.8836248,0,-2,-37
1759485407.9206247,2,-4,-48
1759485407.9596248,-5,0,-44
1759485407.9966247,-1,-5,-44
1759485408.0346248,2,0,-32
1759485408.0716248,0,5,-33
1759485408.1106248,6,1,-36
1759485408.148625,5,1,-34
1759485408.184625,6,3,-29
1759485408.2226248,0,3,-24
1759485408.260625,2,2,-47
1759485408.296625,5,11,-43
1759485408.3346248,6,5,-36
1759485408.3736248,3,1,-49
1759485408.4106247,3,0,-44
1759485408.4496248,0,-6,-42
1759485408.4856248,-2,-6,-44
1759485408.523625,2,0,-44
1759485408.5616248,-4,-1,-41
1759485408.6006248,0,-5,-37
1759485408.6366248,1,0,-40
1759485408.6736248,2,-3,-38
1759485408.7126248,-1,-3,-37
1759485408.750625,0,-1,-34
1759485408.786625,-6,6,-40
1759485408.8236248,-1,5,-35
1759485408.8616247,0,1,-39
1759485408.9006248,-1,-1,-42
1759485408.9366248,-5,-5,-37
1759485408.9746249,-3,-6,-32
1759485409.013625,-7,-5,-31
1759485409.0516248,4,-7,-37
1759485409.089625,1,-1,-39
1759485409.1266248,6,5,-31
1759485409.1646247,9,8,-30
1759485409.2016249,8,2,-39
1759485409.240625,3,-2,-37
1759485409.276625,1,0,-42
1759485409.3136249,2,-5,-44
1759485409.3516247,-7,-6,-35
1759485409.3906248,0,-5,-37
1759485409.4266248,-9,-1,-38
1759485409.4656248,-4,-5,-41
1759485409.5026248,-7,-5,-43
1759485409.5416248,-9,-11,-46
1759485409.579625,-4,-7,-39
1759485409.615625,0,1,-38
1759485409.6526248,4,-1,-40
1759485409.6916249,2,-2,-41
1759485409.7296247,1,1,-48
1759485409.7656248,-4,0,-38
1759485409.8026247,-8,-8,-46
1759485409.8416247,0,-6,-44
1759485409.8796248,-4,-6,-41
1759485409.9246247,-8,-2,-40
1759485409.9626248,-5,-3,-44
1759485410.000625,4,-9,-37
1759485410.036625,5,-5,-35
1759485410.0746248,-3,0,-29
1759485410.1116247,-8,0,-46
1759485410.1506248,0,0,-44
1759485410.1866248,3,-3,-36
1759485410.2246249,1,-6,-39
1759485410.2626247,2,-6,-34
1759485410.3016248,-1,1,-25
1759485410.3376248,4,-5,-28
1759485410.3766248,6,-6,-48
1759485410.4146247,7,-5,-32
1759485410.4526248,2,-1,-30
1759485410.490625,-3,-3,-31
1759485410.526625,0,-4,-38
1759485410.5656247,-1,0,-32
1759485410.602625,0,-8,-37
1759485410.6416247,0,0,-31
1759485410.6776247,7,-4,-30
1759485410.7156248,4,1,-37
1759485410.7526248,1,0,-38
1759485410.7916248,1,2,-43
1759485410.8276248,-3,-2,-37
1759485410.865625,2,-8,-46
1759485410.9036248,-6,-5,-50
1759485410.9426248,3,-3,-40
1759485410.980625,-2,0,-32
1759485411.0166247,-6,-2,-31
1759485411.0546248,3,4,-30
1759485411.0936248,-7,-2,-37
1759485411.1316247,-6,-5,-42
1759485411.1676247,-4,-2,-44
1759485411.2056248,1,3,-38
1759485411.2436247,0,-5,-39
1759485411.2826247,-4,-3,-34
1759485411.3206248,0,-4,-41
1759485411.3566248,2,-3,-37
1759485411.3936248,-1,2,-34
1759485411.4326248,-1,0,-25
1759485411.4706247,0,0,-34
1759485411.5066247,0,-3,-37
1759485411.5456247,-5,0,-46
1759485411.582625,-2,-7,-49
1759485411.6216247,0,-1,-42
1759485411.658625,-2,0,-40
1759485411.6956248,4,-3,-48
1759485411.7336247,6,1,-60
1759485411.7726247,-3,3,-41
1759485411.8086247,-2,2,-36
1759485411.8456247,-2,4,-37
1759485411.8846247,-1,-4,-42
1759485411.9226248,-9,-4,-26
1759485411.9586248,-6,-3,-26
1759485411.9966247,-1,-6,-32
1759485412.0346248,-5,-6,-36
1759485412.0726247,-1,-11,-36
1759485412.1116247,-7,-1,-39
1759485412.148625,2,-3,-31
1759485412.1866248,-4,3,-38
1759485412.2236247,3,3,-48
1759485412.2626247,0,-2,-37
1759485412.2986248,1,4,-33
1759485412.3366249,-10,-1,-40
1759485412.3736248,4,5,-31
1759485412.4126248,3,5,-38
1759485412.4486248,0,-3,-40
1759485412.4866247,0,-1,-24
1759485412.5246248,-4,-5,-36
1759485412.5626247,0,-2,-39
1759485412.5986247,-1,-1,-38
1759485412.6366248,-1,-1,-31
1759485412.6756248,-4,3,-29
1759485412.7136247,7,1,-32
1759485412.7516248,3,1,-33
1759485412.7876248,-1,3,-36
1759485412.8256247,1,5,-49
1759485412.8636248,5,0,-44
1759485412.901625,0,1,-39
1759485412.9376247,2,-1,-39
1759485412.9756248,1,4,-38
1759485413.013625,-5,1,-37
1759485413.0516248,2,0,-41
1759485413.0876248,7,1,-38
1759485413.125625,1,6,-36
1759485413.1636248,-2,2,-44
1759485413.2016249,-6,-1,-54
1759485413.237625,-2,-2,-58
1759485413.2756248,-2,-7,-52
1759485413.3156247,3,-1,-41
1759485413.3536248,1,1,-39
1759485413.3916247,3,-1,-37
1759485413.4276247,2,-2,-45
1759485413.4666247,-1,-7,-34
1759485413.503625,-5,-4,-47
1759485413.5426247,-3,-4,-45
1759485413.5786247,-3,-2,-44
1759485413.6176248,4,8,-38
1759485413.6546247,4,8,-36
1759485413.6936247,1,-1,-32
1759485413.7296247,-6,0,-42
1759485413.7676249,-4,-2,-37
1759485413.8046248,-3,2,-34
1759485413.8436248,-2,-6,-30
1759485413.8796248,0,1,-29
1759485413.9176247,6,-5,-40
1759485413.954625,4,-2,-48
1759485413.9936247,2,-4,-45
1759485414.0296247,7,-2,-41
1759485414.0676248,-7,-8,-43
1759485414.105625,0,-7,-35
1759485414.1436248,6,-8,-36
1759485414.1826248,0,-3,-38
1759485414.2186248,-3,-3,-33
1759485414.2566247,-3,1,-42
1759485414.2946248,-3,2,-36
1759485414.3336248,0,2,-44
1759485414.3696249,-1,0,-37
1759485414.4066248,-4,-2,-50
1759485414.4456248,0,0,-34
1759485414.4836247,5,-2,-32
1759485414.5196247,0,-2,-34
1759485414.556625,-6,3,-32
1759485414.5946248,-2,9,-26
1759485414.6336248,0,5,-27
1759485414.6696248,0,4,-24
1759485414.7066247,-1,-3,-27
1759485414.7456248,7,2,-37
1759485414.783625,5,-2,-35
1759485414.819625,5,-4,-50
1759485414.8586247,-1,-8,-37
1759485414.8966248,1,-3,-42
1759485414.934625,0,-3,-40
1759485414.9726248,1,-9,-36
1759485415.0096247,3,-1,-32
1759485415.046625,3,-3,-38
1759485415.0846248,8,3,-33
1759485415.1236248,8,-4,-49
1759485415.1596248,11,-1,-50
1759485415.1986248,1,1,-42
1759485415.2356248,-1,1,-48
1759485415.2746248,2,5,-48
1759485415.3106248,4,2,-48
1759485415.3476248,7,0,-36
1759485415.3866248,-2,0,-25
1759485415.4246247,-10,-2,-38
1759485415.4606247,-12,1,-38
1759485415.4996247,-4,0,-40
1759485415.536625,2,3,-37
1759485415.5756247,9,7,-39
1759485415.6136248,3,4,-39
1759485415.6496248,-2,2,-31
1759485415.6866248,-1,3,-37
1759485415.7256248,0,0,-32
1759485415.763625,0,-4,-50
1759485415.7996247,-3,-3,-36
1759485415.8386247,10,-8,-40
1759485415.8766248,4,1,-40
1759485415.9146247,0,-2,-29
1759485415.9506247,2,2,-38
1759485415.987625,0,3,-33
1759485416.026625,-3,2,-38
1759485416.0646248,-6,-4,-32
1759485416.1016247,4,-4,-30
1759485416.138625,0,1,-40
1759485416.1776247,-3,2,-29
1759485416.2156248,-4,5,-30
1759485416.253625,0,5,-35
1759485416.2896247,5,0,-47
1759485416.3276248,4,-1,-46
1759485416.365625,5,0,-48
1759485416.4036248,6,-4,-24
1759485416.4396248,6,-6,-25
1759485416.477625,3,0,-41
1759485416.5156248,5,-5,-30
1759485416.5536249,-2,-4,-35
1759485416.5906248,2,-2,-33
1759485416.6276248,0,0,-27
1759485416.6656249,-2,0,-36
1759485416.704625,2,1,-44
1759485416.740625,-2,1,-46
1759485416.7776248,-6,4,-47
1759485416.8166249,-5,3,-38
1759485416.8546247,5,0,-31
1759485416.8906248,3,5,-42
1759485416.9276247,0,3,-34
1759485416.9656248,2,-5,-31
1759485417.0046248,0,0,-35
1759485417.0406249,1,0,-37
1759485417.0786247,7,4,-47
1759485417.115625,0,1,-34
1759485417.1546247,-1,4,-47
1759485417.1906247,0,3,-48
1759485417.227625,-3,1,-44
1759485417.2656248,-1,-5,-39
1759485417.3046248,1,0,-36
1759485417.3406248,6,-1,-36
1759485417.3776248,1,1,-38
1759485417.4166248,-6,-3,-46
1759485417.454625,6,-8,-41
1759485417.490625,12,-4,-40
1759485417.5296247,6,-3,-33
1759485417.5666249,1,1,-40
1759485417.605625,7,4,-45
1759485417.6416247,3,-1,-47
1759485417.6806247,2,1,-41
1759485417.7186248,0,3,-41
1759485417.7566247,-1,1,-36
1759485417.7946248,0,6,-45
1759485417.8306248,-1,6,-47
1759485417.8686247,0,1,-47
1759485417.9066248,-1,0,-43
1759485417.944625,2,0,-44
1759485417.980625,-1,-3,-39
1759485418.0196247,0,1,-42
1759485418.056625,-1,6,-37
1759485418.0956247,1,5,-42
1759485418.1316247,0,7,-42
1759485418.1696248,4,4,-37
1759485418.2066247,4,-1,-36
1759485418.2456248,1,0,-45
1759485418.2816248,0,-6,-41
1759485418.319625,3,1,-39
1759485418.3566248,3,2,-38
1759485418.3956249,-1,3,-41
1759485418.431625,-2,7,-43
1759485418.4696248,1,1,-40
1759485418.5076249,-5,-2,-50
1759485418.546625,6,-2,-36
1759485418.5846248,1,3,-40
1759485418.6206248,0,0,-36
1759485418.658625,3,1,-33
1759485418.6976247,4,7,-29
1759485418.7356248,-1,-2,-27
1759485418.7716248,1,0,-36
1759485418.8086247,0,-3,-37
1759485418.8476248,7,-1,-42
1759485418.885625,2,-2,-37
1759485418.921625,-3,-2,-40
1759485418.9606247,-4,-4,-40
1759485418.9986248,2,-3,-37
1759485419.036625,-2,-3,-45
1759485419.0726247,-1,-4,-44
1759485419.1116247,1,-4,-32
1759485419.1496248,-2,-2,-34
1759485419.1866248,-2,-1,-32
1759485419.2256248,5,-3,-46
1759485419.2616248,9,1,-41
1759485419.2986248,-4,4,-35
1759485419.3366249,-1,0,-42
1759485419.375625,-4,6,-37
1759485419.411625,-5,1,-34
1759485419.4486248,1,0,-41
1759485419.487625,3,0,-27
1759485419.5256248,2,-6,-29
1759485419.5616248,1,2,-31
1759485419.5986247,1,3,-38
1759485419.6376247,-5,1,-34
1759485419.6756248,4,5,-34
1759485419.7116249,1,0,-37
1759485419.7486248,7,7,-41
1759485419.7876248,2,3,-31
1759485419.8256247,0,-1,-39
1759485419.8616247,-1,-1,-36
1759485419.898625,6,2,-38
1759485419.9436247,7,3,-33
1759485419.980625,5,0,-41
1759485420.0196247,-1,-3,-45
1759485420.0576248,-3,2,-35
1759485420.0956247,-4,5,-45
1759485420.1316247,-2,1,-33
1759485420.1696248,1,-3,-30
1759485420.207625,12,-1,-27
1759485420.2456248,7,1,-29
1759485420.2816248,1,5,-42
1759485420.319625,0,1,-34
1759485420.3576248,-7,1,-44
1759485420.3956249,3,-2,-47
1759485420.431625,-1,-7,-47
1759485420.4696248,-2,-6,-45
1759485420.5076249,-1,-3,-42
1759485420.546625,0,-4,-27
1759485420.582625,-2,0,-51
1759485420.6216247,-7,0,-43
1759485420.658625,5,-3,-36
1759485420.6976247,0,-4,-42
1759485420.7336247,5,4,-30
1759485420.7716248,3,6,-31
1759485420.809625,3,-1,-43
1759485420.8476248,0,0,-43
1759485420.8866248,-1,-7,-38
1759485420.9226248,-2,1,-36
1759485420.9596248,4,0,-40
1759485420.9976249,5,2,-44
1759485421.036625,2,0,-36
1759485421.0726247,-2,-5,-33
1759485421.1106248,-2,0,-39
1759485421.1496248,0,4,-41
1759485421.1876247,-1,-2,-42
1759485421.2236247,-1,2,-39
1759485421.2616248,-1,2,-33
1759485421.2996247,6,2,-38
1759485421.3376248,-1,3,-39
1759485421.3736248,-4,-1,-36
1759485421.4126248,0,-2,-43
1759485421.4496248,4,-4,-40
1759485421.4886248,0,2,-43
1759485421.526625,-4,-1,-38
1759485421.5626247,3,10,-37
1759485421.5996249,4,-3,-45
1759485421.638625,0,-4,-34
1759485421.6766248,2,-7,-40
1759485421.7126248,1,-7,-38
1759485421.750625,-1,-4,-44
1759485421.7896247,-1,-5,-27
1759485421.8276248,-1,-1,-34
1759485421.8636248,-3,-4,-44
1759485421.901625,-3,-2,-46
1759485421.9406247,4,1,-36
1759485421.9786248,-1,-6,-46
1759485422.0166247,-4,-10,-38
1759485422.0526247,-2,1,-41
1759485422.0906248,-1,0,-29
1759485422.1296248,0,-1,-35
1759485422.1676247,2,0,-31
1759485422.2036247,-2,-2,-38
1759485422.2416248,5,4,-44
1759485422.2796247,1,0,-35
1759485422.3186247,6,-1,-31
1759485422.3546247,4,-8,-33
1759485422.3916247,3,-4,-33
1759485422.4306247,2,-1,-37
1759485422.4686248,-4,-8,-38
1759485422.5046248,-6,-2,-38
1759485422.5426247,-11,-1,-37
1759485422.5806248,-1,-1,-44
1759485422.6196249,-7,2,-47
1759485422.6576247,-7,0,-35
1759485422.6936247,-2,-1,-35
1759485422.7326248,-10,2,-47
1759485422.7696247,-1,5,-40
1759485422.8086247,9,0,-38
1759485422.8446248,0,2,-38
1759485422.8826249,-6,0,-36
1759485422.9196248,6,1,-43
1759485422.9586248,4,-7,-41
1759485422.9946249,-1,-7,-36
1759485423.033625,0,0,-41
1759485423.0716248,-3,1,-38
1759485423.1096249,3,-1,-38
1759485423.1476247,7,-1,-41
1759485423.1836247,3,0,-37
1759485423.2216249,-5,-3,-41
1759485423.2596247,-3,1,-47
1759485423.2976248,-3,5,-34
1759485423.3336248,-8,-6,-47
1759485423.3726249,-4,-5,-51
1759485423.4096248,6,-2,-42
1759485423.4486248,-3,0,-35
1759485423.4846249,1,-1,-43
1759485423.5216248,-8,6,-39
1759485423.5606248,0,0,-33
1759485423.5986247,11,-1,-33
1759485423.6346247,7,-5,-38
1759485423.6726248,3,1,-41
1759485423.7106247,-4,5,-42
1759485423.7496247,-7,0,-44
1759485423.7876248,-4,1,-29
1759485423.8236248,1,4,-31
1759485423.8616247,2,1,-23
1759485423.8996248,0,-3,-25
1759485423.9356248,1,-4,-30
1759485423.9746249,4,-7,-38
1759485424.0126247,4,-4,-42
1759485424.0506248,3,-3,-33
1759485424.0886247,0,2,-25
1759485424.1246247,-1,4,-34
1759485424.1626248,1,-3,-38
1759485424.2006247,2,3,-42
1759485424.2386248,-5,0,-30
1759485424.2746248,-4,1,-39
1759485424.3136249,1,1,-30
1759485424.3506248,-1,-7,-37
1759485424.3896248,-9,-11,-33
1759485424.4256248,-10,-8,-37
1759485424.4636247,-4,-1,-32
1759485424.5016248,-1,-5,-42
1759485424.5396247,-1,-2,-40
1759485424.5786247,-1,-6,-32
1759485424.6146247,4,-5,-30
1759485424.651625,-1,-2,-31
1759485424.6906247,0,-4,-42
1759485424.7286248,0,-1,-35
1759485424.7646248,1,-1,-29
1759485424.8016248,7,3,-32
1759485424.8406248,7,-4,-35
1759485424.878625,5,2,-30
1759485424.9146247,0,2,-31
1759485424.9516249,0,0,-26
1759485424.990625,1,4,-30
1759485425.0286248,0,4,-41
1759485425.0646248,5,2,-33
1759485425.1016247,1,0,-45
1759485425.1406248,-2,0,-40
1759485425.1786249,1,-7,-33
1759485425.214625,7,-5,-31
1759485425.2516248,4,-6,-34
1759485425.2906249,-2,-4,-45
1759485425.3286247,-9,-2,-45
1759485425.3646247,-1,-6,-50
1759485425.4026248,4,-2,-47
1759485425.4406247,-1,-1,-46
1759485425.4796247,1,-2,-31
1759485425.5156248,0,-3,-39
1759485425.5526247,-1,-4,-37
1759485425.5906248,-3,-6,-41
1759485425.6296248,0,0,-38
1759485425.6656249,-3,5,-38
1759485425.7036247,2,4,-35
1759485425.740625,-3,6,-36
1759485425.7796247,0,-2,-30
1759485425.8156247,-2,0,-48
1759485425.8546247,-8,-4,-41
1759485425.8926249,-5,2,-42
1759485425.9306247,-4,0,-36
1759485425.9666247,-5,-3,-44
1759485426.0056248,-3,-1,-39
1759485426.0426247,0,-5,-39
1759485426.0816247,-5,1,-31
1759485426.1196249,-1,-4,-39
1759485426.1556249,5,-3,-34
1759485426.1936247,-2,2,-26
1759485426.2316248,-1,6,-23
1759485426.2706249,-1,-2,-33
1759485426.306625,4,-6,-33
1759485426.3436248,5,-5,-38
1759485426.3816247,7,-3,-39
1759485426.4206247,2,-1,-39
1759485426.4566247,6,1,-54
1759485426.4936247,7,-3,-43
1759485426.5316248,0,0,-45
1759485426.5706248,1,-4,-47
1759485426.6066248,3,-2,-31
1759485426.6446247,11,-7,-33
1759485426.6826248,12,-2,-30
1759485426.7216249,0,-3,-45
1759485426.7596247,-4,2,-39
1759485426.7956247,-2,-5,-27
1759485426.8346248,-9,0,-43
1759485426.8726249,0,-1,-41
1759485426.9106247,-5,0,-34
1759485426.9466248,-1,0,-34
1759485426.9856248,-2,-7,-40
1759485427.023625,2,-5,-41
1759485427.0616248,-2,-6,-37
1759485427.0996249,-3,2,-30
1759485427.135625,0,-5,-44
1759485427.1736248,4,1,-50
1759485427.2116249,1,0,-42
1759485427.250625,-3,-5,-47
1759485427.286625,-9,-5,-41
1759485427.3246248,-3,-6,-51
1759485427.362625,-2,-5,-49
1759485427.401625,-5,-5,-46
1759485427.4376247,-5,0,-37
1759485427.4766247,2,-1,-43
1759485427.5146248,3,0,-35
1759485427.5526247,2,-1,-28
1759485427.5906248,3,-2,-30
1759485427.6266248,-1,-4,-32
1759485427.6656249,-2,1,-35
1759485427.7036247,-10,-3,-23
1759485427.7416248,2,0,-30
1759485427.7776248,1,-3,-34
1759485427.8156247,-2,-2,-48
1759485427.8536248,0,-3,-37
1759485427.8916247,1,-1,-32
1759485427.9276247,0,0,-37
1759485427.9656248,-2,5,-37
1759485428.0026248,-2,-1,-28
1759485428.0416248,7,1,-32
1759485428.0776248,9,-5,-28
1759485428.115625,6,-8,-30
1759485428.1526248,3,1,-33
1759485428.1916249,-1,3,-38
1759485428.227625,-1,1,-38
1759485428.2666247,-1,-1,-38
1759485428.3036249,-2,1,-39
1759485428.342625,-3,0,-31
1759485428.3806248,0,0,-36
1759485428.4166248,-4,-1,-35
1759485428.454625,-1,2,-36
1759485428.4926248,-9,-6,-23
1759485428.5316248,-5,-6,-42
1759485428.5676248,-3,-6,-37
1759485428.605625,1,3,-40
1759485428.6436248,-3,-4,-39
1759485428.6826248,0,-9,-39
1759485428.7206247,-3,-7,-33
1759485428.7566247,0,1,-35
1759485428.7946248,3,-1,-30
1759485428.832625,0,-2,-28
1759485428.8706248,-1,2,-43
1759485428.9076247,-3,-2,-42
1759485428.944625,-1,-1,-38
1759485428.9836247,-4,-1,-37
1759485429.0216248,7,-3,-41
1759485429.0576248,0,-1,-38
1759485429.0946248,7,0,-34
1759485429.1326249,0,2,-39
1759485429.171625,0,10,-46
1759485429.207625,-1,0,-47
1759485429.2446249,0,-1,-32
1759485429.283625,-7,-6,-31
1759485429.3186247,-8,-10,-35
1759485429.3576248,-4,-4,-32
1759485429.3956249,-5,0,-42
1759485429.4336247,-7,-3,-36
1759485429.4716249,-14,-7,-36
1759485429.5076249,-8,-17,-33
1759485429.5456247,3,-8,-35
1759485429.5836248,-3,-7,-36
1759485429.6226249,-1,-5,-45
1759485429.658625,-4,-1,-41
1759485429.6976247,-1,-4,-33
1759485429.7346249,0,1,-35
1759485429.7726247,-3,-3,-27
1759485429.8116248,-3,-1,-26
1759485429.8476248,0,0,-37
1759485429.885625,2,5,-41
1759485429.9246247,4,0,-44
1759485429.9686248,1,-2,-31
1759485430.0066247,4,0,-33
1759485430.0446248,-1,1,-40
1759485430.082625,-1,-1,-48
1759485430.1186247,-3,-6,-46
1759485430.1576247,-1,5,-28
1759485430.194625,1,2,-39
1759485430.2336247,-2,6,-26
1759485430.2716248,-2,-1,-45
1759485430.3076248,-3,0,-38
1759485430.3466249,-3,-4,-26
1759485430.3846247,0,1,-33
1759485430.4226248,2,6,-36
1759485430.4586248,2,-5,-30
1759485430.4956248,0,-3,-30
1759485430.533625,-6,-2,-39
1759485430.5726247,-2,-4,-35
1759485430.6086247,-3,1,-37
1759485430.6466248,-2,2,-33
1759485430.6856248,2,-2,-30
1759485430.7236247,0,0,-33
1759485430.7616248,0,1,-32
1759485430.7976248,5,-4,-23
1759485430.8356247,4,-1,-31
1759485430.8746247,-4,-7,-39
1759485430.9126248,-1,-9,-43
1759485430.9486248,1,0,-31
1759485430.9856248,-1,-1,-36
1759485431.0246248,-4,-1,-29
1759485431.0626247,-5,2,-41
1759485431.0986247,1,-6,-38
1759485431.1376247,-5,-5,-31
1759485431.1756248,-8,0,-32
1759485431.2136247,-2,-3,-28
1759485431.250625,1,-3,-38
1759485431.2876248,0,-3,-36
1759485431.3266249,-4,0,-46
1759485431.3636248,-5,1,-34
1759485431.4026248,-2,0,-34
1759485431.4386249,4,0,-40
1759485431.4756248,1,0,-48
1759485431.513625,0,-5,-46
1759485431.5526247,-2,-4,-43
1759485431.5886247,-4,0,-40
1759485431.625625,-2,1,-42
1759485431.6646247,1,-3,-42
1759485431.7026248,-2,1,-41
1759485431.7386248,3,2,-31
1759485431.776625,-3,0,-45
1759485431.8146248,4,4,-34
1759485431.852625,0,-3,-42
1759485431.888625,-2,-1,-42
1759485431.9266248,3,0,-43
1759485431.964625,-8,1,-39
1759485432.003625,1,1,-39
1759485432.0396247,5,0,-40
1759485432.0786247,-1,7,-28
1759485432.1166248,-2,3,-37
1759485432.1546247,1,0,-39
1759485432.1926248,-1,0,-41
1759485432.2286248,0,-1,-40
1759485432.2666247,0,4,-33
1759485432.3046248,-7,1,-31
1759485432.342625,-7,-7,-26
1759485432.378625,-2,-1,-35
1759485432.4166248,4,0,-42
1759485432.4556248,8,-1,-44
1759485432.4936247,9,1,-45
1759485432.5296247,11,1,-46
1759485432.5676248,1,-10,-43
1759485432.605625,2,-15,-38
1759485432.6436248,0,1,-30
1759485432.6796248,2,-5,-27
1759485432.7166247,6,-10,-25
1759485432.7556248,10,-1,-31
1759485432.7936249,-1,-12,-36
1759485432.829625,-8,-1,-45
1759485432.8686247,0,-6,-41
1759485432.9056249,-6,-9,-31
1759485432.944625,-2,-6,-31
1759485432.980625,-6,-4,-36
1759485433.0196247,0,3,-36
1759485433.056625,5,5,-38
1759485433.0946248,4,0,-42
1759485433.1336248,1,0,-50
1759485433.1696248,-7,-3,-50
1759485433.2086248,3,-4,-47
1759485433.2466247,1,-4,-38
1759485433.2846248,5,0,-40
1759485433.3216248,-1,-3,-43
1759485433.3586247,0,2,-41
1759485433.3966248,1,-3,-28
1759485433.4356248,0,-8,-35
1759485433.4736247,2,-1,-41
1759485433.5096247,-4,-3,-29
1759485433.5476248,3,-9,-27
1759485433.5866249,1,-1,-45
1759485433.6246247,1,-2,-37
1759485433.6606247,0,0,-36
1759485433.6986248,2,-5,-41
1759485433.7356248,0,-4,-39
1759485433.7746248,-4,-1,-39
1759485433.8106248,-3,3,-47
1759485433.8476248,-3,4,-35
1759485433.885625,-5,1,-37
1759485433.9246247,1,1,-39
1759485433.9606247,2,-5,-43
1759485433.9996247,3,-6,-40
1759485434.036625,0,-5,-39
1759485434.0756247,4,-5,-40
1759485434.1136248,2,-10,-33
1759485434.1496248,2,-5,-29
1759485434.1886249,-2,-4,-34
1759485434.2266247,3,-4,-42
1759485434.2646248,7,4,-52
1759485434.3006248,3,1,-43
1759485434.3386247,7,-2,-39
1759485434.375625,-1,1,-40
1759485434.4146247,13,0,-45
1759485434.4506247,1,4,-39
1759485434.487625,1,0,-37
1759485434.526625,-1,1,-37
1759485434.5646248,0,0,-28
1759485434.6006248,-2,-1,-43
1759485434.6396248,-5,5,-30
1759485434.6776247,2,0,-29
1759485434.7156248,-2,0,-32
1759485434.7516248,0,1,-31
1759485434.7896247,0,-2,-33
1759485434.8276248,1,-1,-34
1759485434.865625,0,-2,-38
1759485434.9046247,0,-2,-37
1759485434.9406247,-6,0,-35
1759485434.977625,1,2,-46
1759485435.0156248,-5,0,-42
1759485435.0546248,-2,0,-36
1759485435.0906248,3,1,-38
1759485435.128625,4,-4,-31
1759485435.1666248,-9,-2,-36
1759485435.204625,-5,4,-36
1759485435.240625,-5,8,-38
1759485435.2776248,-4,8,-26
1759485435.3166249,1,4,-26
1759485435.3546247,3,-5,-29
1759485435.3906248,6,-1,-29
1759485435.4286249,11,-1,-48
1759485435.4666247,6,3,-41
1759485435.5046248,8,0,-26
1759485435.5406249,0,0,-24
1759485435.5776248,2,0,-28
1759485435.6166248,0,0,-43
1759485435.6546247,0,3,-31
1759485435.6906247,0,3,-38
1759485435.727625,4,0,-36
1759485435.7666247,1,-1,-35
1759485435.8046248,-3,-5,-35
1759485435.8406248,-6,1,-41
1759485435.878625,0,0,-34
1759485435.9166248,-2,-4,-35
1759485435.9556248,-1,1,-27
1759485435.9916248,-3,-5,-35
1759485436.0296247,1,-2,-14
1759485436.0676248,3,3,-25
1759485436.1066248,-5,-1,-32
1759485436.1426249,0,-3,-37
1759485436.181625,-2,2,-39
1759485436.2196248,-1,-2,-41
1759485436.2576249,4,-2,-32
1759485436.2956247,4,-7,-33
1759485436.3316247,1,0,-36
1759485436.3696249,1,-2,-32
1759485436.4076247,-2,1,-50
1759485436.4456248,0,-3,-51
1759485436.4816248,-3,-1,-44
1759485436.5206249,-3,1,-39
1759485436.5586247,-5,4,-32
1759485436.5966249,-8,1,-35
1759485436.6326249,0,0,-39
1759485436.6706247,-7,0,-43
1759485436.707625,-5,-1,-40
1759485436.7466247,6,-5,-35
1759485436.7826247,0,4,-41
1759485436.8206248,7,-3,-43
1759485436.8576248,18,0,-40
1759485436.8966248,0,-3,-37
1759485436.9326248,-3,0,-28
1759485436.9696248,-4,3,-47
1759485437.0076249,-3,0,-42
1759485437.046625,4,2,-27
1759485437.082625,6,-2,-37
1759485437.1206248,0,0,-38
1759485437.158625,0,5,-31
1759485437.1966248,-2,0,-37
1759485437.2326248,1,-3,-31
1759485437.2696247,-1,-9,-29
1759485437.3086247,-8,-2,-41
1759485437.3466249,8,-3,-36
1759485437.3826249,3,-4,-39
1759485437.421625,-3,-2,-28
1759485437.4586248,0,1,-27
1759485437.4976249,9,-4,-32
1759485437.5356247,-4,2,-35
1759485437.5716248,-4,-1,-44
1759485437.6096249,0,-8,-29
1759485437.648625,0,-9,-37
1759485437.6866248,0,0,-38
1759485437.7226248,0,5,-43
1759485437.7596247,-4,2,-39
1759485437.7986248,5,-2,-47
1759485437.8366249,-1,0,-38
1759485437.8726249,-2,-6,-46
1759485437.911625,8,0,-44
1759485437.9496248,0,-3,-36
1759485437.987625,0,6,-42
1759485438.023625,0,-5,-37
1759485438.0616248,-3,-5,-33
1759485438.0996249,-7,-13,-36
1759485438.138625,0,-6,-34
1759485438.1766248,2,-1,-34
1759485438.2126248,1,-2,-31
1759485438.250625,3,-3,-39
1759485438.2886248,2,5,-38
1759485438.3276248,1,4,-36
1759485438.3636248,-3,0,-44
1759485438.401625,-6,0,-38
1759485438.4386249,3,3,-35
1759485438.477625,-3,8,-41
1759485438.513625,3,3,-42
1759485438.5516248,6,0,-28
1759485438.589625,7,0,-31
1759485438.628625,7,-2,-30
1759485438.6666248,10,-2,-41
1759485438.7026248,4,2,-39
1759485438.7396247,3,3,-39
1759485438.7786248,-1,-3,-36
1759485438.8166249,-2,-1,-37
1759485438.852625,-17,1,-25
1759485438.8906248,1,3,-27
1759485438.9286249,0,0,-34
1759485438.967625,1,3,-37
1759485439.003625,-5,0,-34
1759485439.0426247,-1,2,-34
1759485439.079625,6,3,-32
1759485439.1186247,7,4,-27
1759485439.1566248,0,4,-33
1759485439.1926248,-4,0,-46
1759485439.230625,-5,0,-49
1759485439.2686248,-6,7,-30
1759485439.306625,-2,-1,-38
1759485439.342625,1,1,-37
1759485439.3806248,0,-2,-30
1759485439.4186249,0,-7,-30
1759485439.4566247,0,3,-39
1759485439.4926248,-1,0,-45
1759485439.5306249,3,-5,-36
1759485439.5686247,0,-4,-27
1759485439.6066248,0,0,-35
1759485439.6426249,6,-2,-22
1759485439.6796248,6,-7,-35
1759485439.7186248,4,-3,-36
1759485439.7546248,0,0,-33
1759485439.7926247,5,0,-30
1759485439.8306248,4,-1,-43
1759485439.8686247,0,-5,-39
1759485439.9046247,0,-6,-38
1759485439.9436247,2,-5,-36
1759485439.9886248,2,1,-27
1759485440.0256248,1,7,-30
1759485440.0636249,0,1,-28
1759485440.1016247,-3,9,-34
1759485440.1396248,-4,-3,-42
1759485440.1776247,-5,0,-41
1759485440.2136247,-2,-1,-42
1759485440.2526248,-5,-6,-38
1759485440.2906249,1,-4,-41
1759485440.3286247,-7,-2,-41
1759485440.3646247,0,-5,-54
1759485440.401625,-1,5,-39
1759485440.4406247,0,4,-30
1759485440.4786248,1,-4,-35
1759485440.5146248,8,2,-42
1759485440.5526247,5,-1,-32
1759485440.5906248,-3,0,-35
1759485440.628625,-4,4,-29
1759485440.6646247,-6,4,-44
1759485440.7036247,-4,-1,-33
1759485440.7416248,0,-5,-38
1759485440.7796247,0,-4,-40
1759485440.8176248,0,-6,-50
1759485440.8536248,1,1,-46
1759485440.8906248,-3,1,-38
1759485440.9296248,-2,6,-35
1759485440.967625,0,3,-39
1759485441.003625,-5,4,-43
1759485441.0406249,-4,1,-35
1759485441.079625,-1,-1,-34
1759485441.1176248,-6,1,-38
1759485441.1536248,0,7,-42
1759485441.1906247,-2,8,-37
1759485441.2296247,0,2,-41
1759485441.2676249,0,-4,-47
1759485441.3036249,-3,-5,-35
1759485441.3416247,4,-1,-31
1759485441.3806248,1,-2,-32
1759485441.4186249,0,-2,-23
1759485441.454625,-7,0,-28
1759485441.4926248,-5,2,-34
1759485441.5306249,4,-3,-39
1759485441.569625,-4,-1,-36
1759485441.605625,0,-8,-37
1759485441.6446247,-1,-5,-29
1759485441.6826248,-3,-1,-40
1759485441.7196248,-8,2,-38
1759485441.7586248,-2,11,-36
1759485441.7946248,-2,2,-28
1759485441.832625,-5,-3,-38
1759485441.8716247,-3,-8,-31
1759485441.9096248,-3,0,-40
1759485441.9456248,0,0,-41
1759485441.9836247,-7,-1,-45
1759485442.0206249,-5,0,-47
1759485442.059625,-1,2,-35
1759485442.0956247,-3,5,-33
1759485442.1336248,0,-5,-37
1759485442.171625,5,-6,-34
1759485442.2106247,-3,-11,-35
1759485442.2486248,-3,-7,-35
1759485442.2856247,-2,-8,-39
1759485442.3236248,4,-5,-38
1759485442.3606248,1,-2,-43
1759485442.3996248,0,-4,-31
1759485442.4356248,3,0,-29
1759485442.4726248,-1,-4,-40
1759485442.510625,0,0,-34
1759485442.5496247,-2,-3,-36
1759485442.5856247,1,0,-36
1759485442.6226249,-2,0,-35
1759485442.6606247,-7,-10,-35
1759485442.6996248,-7,-5,-43
1759485442.7356248,-1,0,-44
1759485442.7726247,2,1,-40
1759485442.8116248,1,-1,-40
1759485442.8496249,8,0,-30
1759485442.885625,7,-7,-37
1759485442.9226248,0,4,-36
1759485442.9606247,-1,4,-36
1759485442.9996247,1,-1,-31
1759485443.0356247,1,1,-25
1759485443.0726247,2,-1,-34
1759485443.1106248,2,6,-41
1759485443.1496248,-1,-1,-47
1759485443.1856248,0,-2,-41
1759485443.2246249,-5,-6,-38
1759485443.2626247,-2,-2,-39
1759485443.3006248,0,-10,-43
1759485443.3366249,-2,-4,-45
1759485443.3746247,0,0,-31
1759485443.4136248,-1,0,-35
1759485443.4506247,-1,1,-25
1759485443.4896247,2,1,-24
1759485443.5256248,-1,-2,-37
1759485443.5636249,-6,0,-30
1759485443.6016247,-3,-8,-26
1759485443.6406248,-2,-2,-38
1759485443.6766248,-1,-4,-32
1759485443.714625,-2,0,-39
1759485443.7526248,0,1,-41
1759485443.7916248,0,0,-37
1759485443.829625,12,-1,-25
1759485443.865625,0,0,-39
1759485443.9026248,1,1,-42
1759485443.9416249,0,0,-48
1759485443.9796247,0,3,-41
1759485444.0156248,4,3,-36
1759485444.0526247,-1,2,-32
1759485444.0916247,0,-4,-25
1759485444.1296248,-1,3,-47
1759485444.1656249,6,2,-43
1759485444.204625,-1,-1,-42
1759485444.2426248,-6,-4,-39
1759485444.2806249,-3,1,-32
1759485444.3176248,-3,-2,-23
1759485444.3546247,0,-4,-28
1759485444.3936248,2,-4,-40
1759485444.431625,6,0,-46
1759485444.4696248,-1,-1,-44
1759485444.5056248,-2,0,-35
1759485444.5436249,0,0,-31
1759485444.5816247,-10,-2,-38
1759485444.6196249,-1,-3,-37
1759485444.6556249,-8,-4,-35
1759485444.6936247,-8,4,-41
1759485444.7316248,-1,2,-44
1759485444.7706249,-1,-1,-33
1759485444.806625,-1,6,-47
1759485444.8436248,-1,5,-39
1759485444.8816247,-7,0,-39
1759485444.9206247,0,-3,-27
1759485444.9566247,1,2,-34
1759485444.9946249,1,-2,-38
1759485445.0316248,-5,0,-27
1759485445.0706248,-1,5,-44
1759485445.1066248,0,5,-41
1759485445.1446247,-8,3,-37
1759485445.181625,-5,0,-26
1759485445.2206247,-3,1,-38
1759485445.2566247,-1,-3,-46
1759485445.2956247,0,0,-36
1759485445.332625,-6,4,-49
1759485445.3716247,-6,1,-39
1759485445.4076247,1,-1,-32
1759485445.444625,1,-1,-45
1759485445.4826248,5,-1,-37
1759485445.5216248,-3,-3,-38
1759485445.5576248,-1,0,-31
1759485445.5946248,-5,1,-32
1759485445.6326249,-4,2,-44
1759485445.671625,-1,-3,-27
1759485445.707625,0,5,-27
1759485445.7446249,0,2,-33
1759485445.7826247,-4,5,-31
1759485445.8216248,-2,6,-32
1759485445.8576248,1,0,-32
1759485445.8946247,7,-2,-36
1759485445.9326248,0,-3,-46
1759485445.9716249,-2,2,-42
1759485446.0076249,-6,5,-38
1759485446.0456247,1,2,-38
1759485446.0836248,0,-4,-27
1759485446.1216247,2,-7,-33
1759485446.1576247,0,3,-39
1759485446.1956248,-7,-1,-37
1759485446.2326248,-5,1,-35
1759485446.2716248,-3,-1,-48
1759485446.3076248,-3,3,-49
1759485446.3466249,-2,-3,-40
1759485446.3836248,4,-6,-40
1759485446.4226248,-1,-3,-51
1759485446.4606247,2,-7,-45
1759485446.4966247,-1,-6,-50
1759485446.5346248,-4,1,-36
1759485446.5736248,2,3,-27
1759485446.6116247,0,-2,-31
1759485446.648625,2,2,-36
1759485446.6856248,0,1,-36
1759485446.7236247,-8,0,-42
1759485446.7626247,-8,-3,-28
1759485446.7986248,-3,-7,-18
1759485446.8376248,-3,0,-16
1759485446.8746247,-8,2,-33
1759485446.9126248,-4,-3,-30
1759485446.9516249,-1,-5,-33
1759485446.987625,-10,-6,-40
1759485447.0256248,-5,3,-45
1759485447.0636249,0,0,-39
1759485447.102625,1,-1,-35
1759485447.138625,-2,2,-40
1759485447.1756248,-4,0,-33
1759485447.2136247,0,-2,-33
1759485447.2526248,-2,1,-48
1759485447.2886248,4,0,-46
1759485447.3276248,-1,4,-42
1759485447.3646247,-1,0,-38
1759485447.4036248,4,1,-32
1759485447.4416249,4,1,-27
1759485447.4786248,2,2,-42
1759485447.5166247,0,2,-35
1759485447.5546248,-2,1,-32
1759485447.592625,1,7,-35
1759485447.628625,0,5,-25
1759485447.6656249,-3,2,-26
1759485447.704625,-8,2,-28
1759485447.7426248,-5,3,-30
1759485447.7786248,-3,5,-39
1759485447.8176248,3,4,-38
1759485447.8546247,-1,-3,-35
1759485447.8936248,1,-2,-42
1759485447.931625,3,-9,-36
1759485447.967625,1,-8,-32
1759485448.0046248,9,-7,-33
1759485448.0436249,0,-8,-42
1759485448.0816247,0,1,-41
1759485448.1176248,1,0,-43
1759485448.1556249,-5,0,-43
1759485448.1936247,-7,6,-37
1759485448.2316248,-6,3,-31
1759485448.2676249,-5,0,-40
1759485448.3056247,-5,5,-39
1759485448.3436248,0,0,-38
1759485448.3796248,7,-2,-36
1759485448.4176247,-3,0,-41
1759485448.4556248,-6,0,-31
1759485448.4936247,0,-5,-43
1759485448.5326247,4,-5,-48
1759485448.5686247,0,-5,-45
1759485448.605625,3,-2,-25
1759485448.6436248,3,-9,-23
1759485448.6826248,3,2,-33
1759485448.7186248,-2,-2,-37
1759485448.7566247,-5,1,-37
1759485448.7946248,-1,1,-38
1759485448.8336248,3,2,-43
1759485448.8696249,0,0,-42
1759485448.9076247,2,6,-36
1759485448.9456248,0,0,-36
1759485448.9836247,-8,1,-43
1759485449.0196247,-5,3,-36
1759485449.0576248,0,-2,-43
1759485449.0946248,-3,2,-38
1759485449.1336248,-4,0,-33
1759485449.1696248,-3,0,-42
1759485449.207625,2,-1,-41
1759485449.2446249,4,-3,-37
1759485449.283625,-3,9,-34
1759485449.319625,5,5,-27
1759485449.3576248,-4,0,-28
1759485449.3946247,-3,0,-34
1759485449.4336247,-8,-2,-49
1759485449.4696248,-2,-1,-36
1759485449.5076249,0,-2,-38
1759485449.5456247,-1,0,-48
1759485449.5846248,0,3,-42
1759485449.6226249,-7,-1,-40
1759485449.6596248,-3,0,-32
1759485449.6976247,-10,0,-49
1759485449.7356248,-6,-3,-30
1759485449.773625,2,-5,-37
1759485449.809625,-3,-3,-33
1759485449.8486247,-6,-1,-23
1759485449.885625,-3,1,-35
1759485449.9246247,-1,0,-31
1759485449.9626248,6,-2,-26
1759485450.0076249,-2,-9,-27
1759485450.0456247,-2,-4,-22
1759485450.0836248,-7,-1,-32
1759485450.1196249,-2,2,-37
1759485450.1576247,-2,2,-30
1759485450.1956248,-1,0,-34
1759485450.2346249,5,1,-33
1759485450.2706249,-4,-4,-33
1759485450.3086247,0,-4,-31
1759485450.3466249,2,-7,-28
1759485450.385625,8,-2,-39
1759485450.4236248,0,-2,-38
1759485450.4596248,-9,0,-30
1759485450.4966247,-6,1,-32
1759485450.5346248,0,0,-34
1759485450.5736248,0,0,-42
1759485450.6096249,5,0,-49
1759485450.6466248,1,-4,-41
1759485450.684625,0,-7,-35
1759485450.7236247,-1,-1,-31
1759485450.7596247,3,0,-44
1759485450.7976248,0,-4,-49
1759485450.8356247,3,-1,-43
1759485450.8736248,4,0,-36
1759485450.9096248,0,0,-37
1759485450.9466248,-1,5,-36
1759485450.9856248,-5,-1,-38
1759485451.023625,-4,-2,-41
1759485451.059625,-3,-8,-39
1759485451.0986247,-5,-7,-32
1759485451.135625,1,-2,-30
1759485451.1746247,3,-4,-36
1759485451.2106247,-1,-4,-36
1759485451.2486248,3,-7,-35
1759485451.2876248,0,0,-24
1759485451.3256247,3,0,-41
1759485451.3636248,0,6,-41
1759485451.4006248,0,0,-38
1759485451.4376247,4,-1,-38
1759485451.4756248,3,2,-41
1759485451.5146248,0,-2,-37
1759485451.5506248,1,0,-38
1759485451.5876248,-1,1,-35
1759485451.625625,-5,-1,-43
1759485451.6646247,-2,3,-32
1759485451.7006247,-3,-4,-31
1759485451.7386248,-5,-3,-38
1759485451.776625,-6,0,-38
1759485451.8156247,-3,-5,-43
1759485451.8516247,-2,-5,-38
1759485451.8906248,-2,-2,-37
1759485451.9286249,2,-3,-43
1759485451.9666247,-1,-7,-50
1759485452.0046248,0,0,-48
1759485452.0406249,-4,-3,-56
1759485452.079625,1,-3,-43
1759485452.1176248,0,-3,-49
1759485452.1556249,0,-1,-29
1759485452.1916249,-5,2,-33
1759485452.230625,0,0,-40
1759485452.2676249,4,0,-50
1759485452.3056247,0,2,-43
1759485452.3446248,-2,1,-39
1759485452.3806248,1,-2,-32
1759485452.4186249,0,-2,-41
1759485452.4566247,4,0,-37
1759485452.4956248,-1,-3,-32
1759485452.5316248,-3,-1,-39
1759485452.569625,4,-5,-41
1759485452.6086247,1,-6,-35
1759485452.6466248,4,-5,-32
1759485452.684625,-2,0,-33
1759485452.7206247,3,0,-39
1759485452.7576249,2,2,-36
1759485452.796625,3,10,-36
1759485452.8346248,2,9,-39
1759485452.8706248,0,-1,-44
1759485452.9096248,0,1,-41
1759485452.9476247,-6,1,-38
1759485452.9856248,0,-2,-39
1759485453.0216248,7,0,-38
1759485453.059625,2,0,-41
1759485453.0966249,-1,3,-48
1759485453.135625,1,-5,-37
1759485453.171625,-2,-2,-30
1759485453.2096248,-12,2,-28
1759485453.2486248,-1,6,-38
1759485453.286625,-3,3,-29
1759485453.3246248,4,-1,-28
1759485453.3606248,5,1,-27
1759485453.3976247,-2,2,-20
1759485453.4366248,-2,-3,-33
1759485453.4746249,-3,-2,-33
1759485453.510625,5,-7,-38
1759485453.5476248,1,2,-32
1759485453.5866249,-4,-2,-34
1759485453.6226249,-5,1,-36
1759485453.6596248,0,6,-36
1759485453.6976247,0,-6,-32
1759485453.7366247,-8,-11,-38
1759485453.7726247,-3,-13,-45
1759485453.8106248,7,-5,-46
1759485453.8486247,7,-6,-40
1759485453.8866248,0,-2,-43
1759485453.9256248,0,-2,-40
1759485453.9626248,-2,3,-32
1759485453.9996247,-6,8,-43
1759485454.0386248,-2,4,-47
1759485454.0766249,0,2,-50
1759485454.112625,2,-4,-36
1759485454.1506248,1,-2,-31
1759485454.1896248,5,-5,-38
1759485454.227625,10,-5,-36
1759485454.2656248,0,1,-37
1759485454.3016248,-1,4,-31
1759485454.339625,-2,1,-34
1759485454.378625,2,-5,-30
1759485454.4166248,0,-3,-35
1759485454.4526248,1,-4,-39
1759485454.4896247,0,-5,-43
1759485454.5276248,0,-3,-45
1759485454.5666249,2,-5,-41
1759485454.602625,0,-2,-44
1759485454.6396248,-1,0,-39
1759485454.6776247,-2,0,-38
1759485454.7166247,-3,-7,-33
1759485454.7526248,-4,-9,-38
1759485454.7906249,1,-7,-41
1759485454.8286247,-3,4,-24
1759485454.8676248,-3,-5,-37
1759485454.9056249,0,-2,-41
1759485454.9416249,1,-4,-39
1759485454.9796247,-1,5,-36
1759485455.0186248,0,1,-35
1759485455.056625,0,0,-40
1759485455.092625,-5,-1,-43
1759485455.1316247,-3,-1,-34
1759485455.1686249,0,0,-33
1759485455.207625,1,0,-41
1759485455.2456248,-3,-3,-49
1759485455.2816248,-1,-3,-49
1759485455.3206248,3,0,-45
1759485455.3576248,-1,0,-43
1759485455.3966248,5,-3,-44
1759485455.4326248,0,2,-39
1759485455.4706247,0,-6,-34
1759485455.5086248,-3,-6,-35
1759485455.546625,3,6,-45
1759485455.582625,4,2,-43
1759485455.6206248,8,0,-47
1759485455.6576247,3,5,-38
1759485455.6966248,1,2,-34
1759485455.7326248,-6,2,-17
1759485455.7706249,-1,4,-26
1759485455.8086247,1,1,-34
1759485455.8466249,0,-3,-34
1759485455.8826249,-1,-3,-36
1759485455.9206247,-2,0,-40
1759485455.9586248,0,-2,-47
1759485455.9976249,1,2,-31
1759485456.033625,-3,7,-26
1759485456.0706248,0,2,-32
1759485456.1086247,0,5,-40
1759485456.1476247,0,6,-37
1759485456.1836247,-3,3,-30
1759485456.2216249,-2,5,-30
1759485456.2586248,-1,-7,-41
1759485456.2976248,-2,-2,-36
1759485456.3336248,1,-4,-31
1759485456.3716247,-2,3,-27
1759485456.408625,0,4,-30
1759485456.4476247,4,0,-40
1759485456.4836247,1,-1,-32
1759485456.5216248,-4,-1,-34
1759485456.5586247,-2,-4,-28
1759485456.5976248,0,-1,-40
1759485456.6336248,-1,-1,-34
1759485456.6726248,2,-4,-35
1759485456.7096248,5,-5,-35
1759485456.7486248,7,-4,-39
1759485456.786625,0,-8,-30
1759485456.8226247,4,-8,-29
1759485456.8596249,3,-4,-37
1759485456.898625,-4,4,-29
1759485456.9366248,-6,0,-29
1759485456.9726248,1,3,-29
1759485457.0096247,4,-7,-39
1759485457.0486248,-3,4,-33
1759485457.0846248,0,0,-36
1759485457.1226249,1,4,-34
1759485457.1596248,0,6,-37
1759485457.1986248,-1,1,-28
1759485457.2346249,2,2,-28
1759485457.2716248,0,9,-29
1759485457.309625,-1,2,-40
1759485457.3486247,0,1,-35
1759485457.3846247,4,5,-27
1759485457.421625,1,3,-35
1759485457.4596248,6,0,-32
1759485457.4986248,1,-3,-43
1759485457.5346248,-1,0,-47
1759485457.5716248,-1,0,-38
1759485457.6096249,-3,-3,-38
1759485457.648625,-3,-5,-37
1759485457.684625,5,-3,-35
1759485457.7226248,-3,1,-28
1759485457.760625,-4,-3,-32
1759485457.7986248,0,5,-50
1759485457.8346248,-5,-1,-45
1759485457.8726249,-1,-4,-49
1759485457.9106247,0,3,-41
1759485457.9496248,-3,4,-35
1759485457.987625,0,-1,-34
1759485458.023625,-7,1,-32
1759485458.0626247,-5,1,-39
1759485458.0996249,1,3,-34
1759485458.138625,-2,4,-37
1759485458.1746247,-3,2,-41
1759485458.2116249,-9,0,-39
1759485458.250625,-3,0,-34
1759485458.2886248,0,-4,-30
1759485458.3246248,2,4,-34
1759485458.3616247,3,0,-46
1759485458.4006248,1,0,-44
1759485458.4386249,3,2,-36
1759485458.4746249,3,-5,-40
1759485458.513625,5,-2,-30
1759485458.5506248,9,4,-39
1759485458.589625,5,3,-35
1759485458.6276248,-2,0,-44
1759485458.6636248,-2,2,-45
1759485458.7006247,-4,-4,-42
1759485458.7396247,-7,-2,-35
1759485458.7776248,-5,-3,-36
1759485458.8136249,-2,-1,-40
1759485458.8516247,1,-2,-41
1759485458.8906248,5,-11,-44
1759485458.9286249,5,-1,-41
1759485458.964625,6,1,-33
1759485459.0016248,-2,-2,-30
1759485459.0396247,0,0,-31
1759485459.0786247,-1,-6,-27
1759485459.1146247,1,0,-29
1759485459.151625,0,-1,-39
1759485459.1906247,0,-5,-43
1759485459.2286248,-5,-4,-50
1759485459.2646248,-5,-3,-50
1759485459.3026247,-4,-11,-51
1759485459.3406248,-1,-7,-45
1759485459.3796248,0,7,-31
1759485459.4156249,0,4,-35
1759485459.4526248,1,1,-39
1759485459.490625,-4,1,-35
1759485459.5296247,-3,0,-32
1759485459.5656247,0,3,-27
1759485459.6046247,0,-5,-45
1759485459.6416247,-4,2,-42
1759485459.6806247,0,2,-35
1759485459.7186248,0,0,-30
1759485459.7546248,7,0,-30
1759485459.7916248,0,4,-40
1759485459.8306248,-3,0,-38
1759485459.8686247,-1,2,-40
1759485459.9046247,-1,-3,-37
1759485459.9436247,0,-6,-32
1759485459.9816248,6,-14,-39
1759485460.0256248,4,-5,-38
1759485460.0636249,-1,-8,-37
1759485460.1016247,1,-4,-34
1759485460.1396248,-10,-1,-41
1759485460.1766248,-4,-3,-44
1759485460.214625,0,-8,-41
1759485460.2516248,2,0,-44
1759485460.2906249,-5,-4,-37
1759485460.3286247,-2,4,-37
1759485460.3646247,-5,-4,-42
1759485460.4026248,3,-3,-42
1759485460.4406247,2,-1,-35
1759485460.4796247,-4,0,-40
1759485460.5156248,-3,3,-42
1759485460.5536249,-7,-4,-39
1759485460.5916247,-8,0,-37
1759485460.6306248,-10,-2,-44
1759485460.6666248,-8,-3,-44
1759485460.704625,0,-13,-44
1759485460.7436247,4,0,-47
1759485460.7816248,0,4,-46
1759485460.819625,2,-2,-41
1759485460.855625,0,1,-43
1759485460.8926249,-3,-2,-40
1759485460.931625,1,-3,-31
1759485460.9696248,-3,-6,-31
1759485461.0056248,1,0,-32
1759485461.0426247,6,0,-31
1759485461.0806248,2,1,-37
1759485461.1196249,-5,0,-33
1759485461.1556249,-6,1,-23
1759485461.194625,0,2,-42
1759485461.2326248,4,0,-35
1759485461.2706249,4,0,-41
1759485461.306625,0,4,-39
1759485461.3446248,1,3,-39
1759485461.3826249,0,2,-39
1759485461.4206247,-8,-8,-37
1759485461.4566247,3,-4,-37
1759485461.4936247,-5,-10,-24
1759485461.5326247,-11,-5,-25
1759485461.5706248,-1,0,-30
1759485461.6066248,-8,0,-23
1759485461.6456249,1,-3,-22
1759485461.6826248,1,0,-35
1759485461.7216249,1,-1,-39
1759485461.7596247,2,0,-47
1759485461.7956247,1,-1,-46
1759485461.8336248,3,-1,-36
1759485461.8726249,-4,-5,-26
1759485461.9106247,-5,4,-35
1759485461.9466248,-4,1,-33
1759485461.9846249,4,1,-35
1759485462.023625,9,4,-42
1759485462.0616248,-2,2,-47
1759485462.0996249,-6,0,-41
1759485462.135625,-2,-4,-36
1759485462.1736248,1,-4,-41
1759485462.2126248,-4,-8,-30
1759485462.250625,-3,-3,-38
1759485462.286625,0,-1,-31
1759485462.3236248,0,-2,-28
1759485462.362625,5,0,-33
1759485462.4006248,4,1,-33
1759485462.4366248,3,7,-23
1759485462.4746249,-2,4,-25
1759485462.5126247,-6,-2,-35
1759485462.5506248,-7,3,-40
1759485462.5866249,-2,2,-35
1759485462.6236248,-4,-5,-49
1759485462.6626248,0,0,-44
1759485462.7006247,1,0,-42
1759485462.7366247,3,-2,-33
1759485462.7746248,0,1,-40
1759485462.8126247,-1,0,-49
1759485462.8506248,-5,-9,-48
1759485462.8866248,-2,-6,-48
1759485462.9256248,-11,-2,-39
1759485462.9626248,0,2,-43
1759485463.0016248,-7,5,-45
1759485463.0376248,-1,4,-36
1759485463.0756247,3,2,-29
1759485463.112625,4,1,-27
1759485463.151625,0,-5,-32
1759485463.1876247,-2,-7,-37
1759485463.2256248,0,-8,-29
1759485463.263625,0,1,-34
1759485463.3026247,1,1,-45
1759485463.3406248,-4,2,-37
1759485463.3766248,0,0,-40
1759485463.4136248,1,0,-41
1759485463.4526248,0,0,-47
1759485463.490625,0,0,-43
1759485463.526625,0,-2,-32
1759485463.5646248,0,-2,-30
1759485463.6036248,-1,-4,-36
1759485463.6416247,-3,-1,-33
1759485463.6776247,2,-12,-47
1759485463.7156248,6,-3,-47
1759485463.7546248,4,2,-48
1759485463.7926247,5,2,-44
1759485463.8306248,0,-1,-35
1759485463.8666248,-1,0,-46
1759485463.9056249,-3,-3,-50
1759485463.9426248,0,-1,-43
1759485463.9816248,4,2,-37
1759485464.0176249,1,-5,-30
1759485464.0556247,6,-4,-33
1759485464.0936248,-2,2,-33
1759485464.1326249,-1,-9,-37
1759485464.1686249,0,-2,-33
1759485464.2066247,-10,-3,-31
1759485464.2436247,-5,-1,-36
1759485464.2826247,1,-3,-41
1759485464.3186247,2,-7,-34
1759485464.3566248,-3,-2,-33
1759485464.3946247,0,-1,-40
1759485464.4336247,0,1,-48
1759485464.4716249,2,2,-43
1759485464.5076249,2,-2,-36
1759485464.546625,2,-4,-27
1759485464.5846248,-1,-3,-42
1759485464.6226249,0,-13,-40
1759485464.658625,-5,1,-30
1759485464.6966248,-5,-1,-27
1759485464.7346249,-1,-2,-18
1759485464.773625,0,0,-39
1759485464.8116248,0,-4,-37
1759485464.8476248,6,2,-44
1759485464.8846247,4,0,-40
1759485464.9236248,0,-1,-44
1759485464.9616249,-13,-1,-45
1759485464.9976249,1,5,-40
1759485465.0356247,2,-4,-43
1759485465.0736248,5,-6,-37
1759485465.1116247,-2,-4,-36
1759485465.1476247,2,-5,-39
1759485465.1856248,-2,0,-35
1759485465.2236247,-13,-9,-41
1759485465.2626247,-1,-3,-35
1759485465.2986248,2,-5,-35
1759485465.3376248,-7,1,-38
1759485465.375625,-11,0,-35
1759485465.4136248,-11,0,-27
1759485465.4516249,-5,-2,-32
1759485465.487625,-4,0,-35
1759485465.5256248,-2,-2,-36
1759485465.5636249,-6,-5,-47
1759485465.6016247,3,-1,-38
1759485465.6376247,1,1,-48
1759485465.6746247,1,-3,-43
1759485465.7136247,0,-1,-43
1759485465.7516248,1,-6,-36
1759485465.7886248,3,-7,-39
1759485465.8256247,5,0,-36
1759485465.8646247,0,-1,-38
1759485465.9026248,2,2,-37
1759485465.9386249,7,1,-47
1759485465.9756248,0,0,-51
1759485466.0146248,5,-1,-41
1759485466.0536249,5,0,-32
1759485466.089625,2,-6,-55
1759485466.1276248,0,-2,-47
1759485466.1646247,0,-7,-43
1759485466.2036247,3,-2,-50
1759485466.2396247,7,2,-36
1759485466.2776248,6,8,-40
1759485466.3146248,10,3,-26
1759485466.3536248,2,3,-41
1759485466.3896248,2,1,-41
1759485466.4276247,2,2,-37
1759485466.464625,-2,0,-27
1759485466.503625,-9,-1,-34
1759485466.5396247,-7,-1,-32
1759485466.5776248,-1,0,-36
1759485466.615625,-3,-2,-46
1759485466.6546247,1,-6,-30
1759485466.6926248,0,-7,-35
1759485466.7286248,-1,-7,-40
1759485466.7676249,-3,-10,-38
1759485466.8056247,4,-9,-41
1759485466.8436248,4,-1,-48
1759485466.8806248,2,0,-48
1759485466.9176247,0,-4,-36
1759485466.9556248,-1,-2,-38
1759485466.9946249,-5,5,-41
1759485467.0326247,3,-1,-43
1759485467.0686247,0,0,-37
1759485467.1066248,1,0,-36
1759485467.1446247,1,1,-33
1759485467.1826248,2,0,-34
1759485467.2186248,2,-1,-36
1759485467.2566247,-5,-2,-30
1759485467.2956247,-4,-1,-34
1759485467.3336248,-10,0,-47
1759485467.3696249,-16,7,-46
1759485467.4076247,-14,5,-38
1759485467.4456248,-6,1,-42
1759485467.4846249,-7,1,-38
1759485467.5226247,-8,5,-41
1759485467.5586247,-2,5,-40
1759485467.5956247,-2,-2,-51
1759485467.6346247,-7,1,-38
1759485467.6706247,-4,4,-42
1759485467.7086248,-3,-3,-41
1759485467.7466247,-7,0,-39
1759485467.7846248,0,-2,-35
1759485467.8236248,3,-3,-39
1759485467.8596249,4,-2,-33
1759485467.898625,-1,-9,-42
1759485467.9366248,2,4,-44
1759485467.9746249,-1,1,-43
1759485468.010625,2,0,-47
1759485468.0486248,-5,-1,-31
1759485468.0866249,-2,-2,-47
1759485468.1246247,-5,0,-36
1759485468.1636248,-4,0,-20
1759485468.1996248,1,0,-29
1759485468.2366247,3,-2,-37
1759485468.2756248,-7,5,-42
1759485468.3136249,-4,-1,-38
1759485468.3496249,1,-1,-41
1759485468.3876247,1,-6,-42
1759485468.4256248,0,-5,-46
1759485468.4636247,0,-2,-40
1759485468.4996247,7,1,-43
1759485468.536625,8,0,-36
1759485468.5756247,3,1,-39
1759485468.6136248,-2,-4,-40
1759485468.6496248,-2,-6,-36
1759485468.6886249,-8,1,-34
1759485468.7256248,-1,-1,-40
1759485468.7646248,-1,0,-25
1759485468.8006248,0,0,-27
1759485468.8376248,0,0,-38
1759485468.875625,0,-3,-41
1759485468.9146247,3,-2,-36
1759485468.9506247,4,-3,-30
1759485468.9896247,-5,-1,-27
1759485469.026625,0,2,-34
1759485469.0656247,3,8,-38
1759485469.1036248,8,4,-31
1759485469.1396248,4,-3,-36
1759485469.1766248,1,6,-41
1759485469.2156248,2,5,-35
1759485469.2516248,0,1,-32
1759485469.2896247,1,5,-39
1759485469.3286247,2,-1,-40
1759485469.3666248,1,-3,-39
1759485469.4046247,-2,-2,-42
1759485469.4406247,-2,-2,-39
1759485469.4796247,0,-6,-40
1759485469.5166247,1,-6,-31
1759485469.5556247,-1,-2,-36
1759485469.5916247,0,-3,-34
1759485469.6296248,-5,-9,-40
1759485469.6666248,-4,-1,-33
1759485469.7056248,-8,-2,-34
1759485469.7416248,-11,-4,-35
1759485469.7796247,-9,-4,-39
1759485469.8176248,0,2,-32
1759485469.855625,-2,10,-31
1759485469.8946247,0,0,-37
1759485469.9306247,4,-2,-40
1759485469.967625,5,-6,-36
1759485470.0066247,1,-6,-49
1759485470.0516248,-9,-5,-43
1759485470.0886247,-5,-2,-50
1759485470.1266248,-3,2,-31
1759485470.1656249,2,1,-35
1759485470.2016249,-7,2,-35
1759485470.2386248,0,8,-40
1759485470.276625,2,1,-38
1759485470.3156247,0,-1,-37
1759485470.3516247,0,0,-46
1759485470.3896248,-3,-2,-32
1759485470.4276247,2,2,-37
1759485470.4666247,0,-5,-44
1759485470.5046248,-1,5,-40
1759485470.5406249,-5,4,-33
1759485470.5776248,-4,0,-42
1759485470.6166248,2,-3,-39
1759485470.6546247,6,-1,-43
1759485470.6906247,3,6,-48
1759485470.727625,0,3,-25
1759485470.7666247,0,-4,-29
1759485470.8046248,4,1,-48
1759485470.8406248,2,1,-40
1759485470.8776248,-1,-2,-27
1759485470.9166248,0,-8,-39
1759485470.9526248,-3,-1,-32
1759485470.990625,-2,-3,-35
1759485471.0296247,-1,0,-31
1759485471.0676248,0,0,-28
1759485471.105625,0,0,-39
1759485471.1416247,4,0,-32
1759485471.1786249,-1,1,-25
1759485471.2166247,3,-4,-27
1759485471.2556248,2,0,-41
1759485471.2916248,5,-7,-39
1759485471.3286247,5,0,-36
1759485471.3666248,3,3,-38
1759485471.4056249,5,4,-32
1759485471.4416249,0,-5,-41
1759485471.4796247,0,-7,-38
1759485471.5176249,1,-10,-34
1759485471.5556247,1,-7,-36
1759485471.5916247,-4,-3,-40
1759485471.6296248,-2,0,-44
1759485471.6686249,-2,2,-41
1759485471.7066247,2,1,-35
1759485471.7426248,0,0,-29
1759485471.7796247,4,-1,-26
1759485471.8186247,-5,0,-39
1759485471.8566248,2,4,-42
1759485471.8926249,3,6,-40
1759485471.9306247,-2,2,-46
1759485471.9686248,-6,-2,-48
1759485472.0066247,-3,-3,-54
1759485472.0426247,-1,-2,-54
1759485472.0806248,-3,-1,-45
1759485472.1186247,-7,-4,-42
1759485472.1576247,-2,6,-35
1759485472.1956248,0,1,-33
1759485472.2316248,0,6,-20
1759485472.2696247,1,0,-38
1759485472.3076248,6,0,-40
1759485472.3456247,11,0,-38
1759485472.3816247,2,-3,-29
1759485472.4196248,4,2,-36
1759485472.457625,1,-2,-40
1759485472.4966247,4,0,-56
1759485472.5326247,4,6,-34
1759485472.569625,0,-1,-31
1759485472.6086247,3,4,-27
1759485472.6466248,-3,1,-48
1759485472.6826248,-3,-2,-42
1759485472.7206247,-9,-5,-34
1759485472.7596247,-2,-7,-23
1759485472.7976248,-9,0,-43
1759485472.8336248,-4,-4,-34
1759485472.8726249,-3,0,-40
1759485472.9106247,5,0,-37
1759485472.9476247,-1,-3,-39
1759485472.9866247,0,-3,-35
1759485473.0226247,-5,0,-25
1759485473.0606248,0,4,-27
1759485473.0996249,5,0,-32
1759485473.1376247,8,0,-32
1759485473.1736248,0,0,-32
1759485473.2116249,6,-2,-30
1759485473.2496247,10,0,-36
1759485473.2876248,2,0,-41
1759485473.3236248,2,-4,-33
1759485473.3616247,1,-2,-29
1759485473.3996248,1,4,-36
1759485473.4386249,-1,4,-33
1759485473.4766247,-8,2,-37
1759485473.5126247,-7,1,-37
1759485473.5496247,-3,-8,-40
1759485473.5886247,-2,0,-41
1759485473.6266248,-1,4,-27
1759485473.6626248,-4,3,-35
1759485473.7006247,-7,3,-37
1759485473.7386248,-8,4,-43
1759485473.776625,0,3,-35
1759485473.8126247,-2,1,-41
1759485473.8506248,0,2,-39
1759485473.888625,-13,2,-35
1759485473.9266248,-6,-4,-36
1759485473.9626248,4,-1,-39
1759485474.000625,7,-2,-42
1759485474.0386248,-6,11,-30
1759485474.0766249,-6,3,-40
1759485474.112625,-4,-3,-26
1759485474.1506248,4,-5,-46
1759485474.1886249,3,3,-38
1759485474.227625,2,5,-44
1759485474.263625,-5,-1,-45
1759485474.3016248,4,-1,-26
1759485474.339625,-3,-3,-35
1759485474.378625,0,-5,-45
1759485474.4166248,-8,8,-34
1759485474.4536247,-3,6,-29
1759485474.490625,1,1,-47
1759485474.5296247,-2,8,-39
1759485474.5676248,1,2,-36
1759485474.6036248,5,0,-45
1759485474.6416247,0,-1,-41
1759485474.6796248,0,-1,-28
1759485474.717625,-2,2,-32
1759485474.753625,-5,2,-40
1759485474.7926247,2,-1,-46
1759485474.829625,-1,-3,-40
1759485474.8686247,0,0,-35
1759485474.9046247,-1,-2,-48
1759485474.9436247,0,8,-39
1759485474.980625,3,-3,-39
1759485475.0186248,-1,-5,-23
1759485475.0576248,0,-2,-33
1759485475.0936248,-5,-1,-35
1759485475.1316247,1,5,-37
1759485475.1706247,3,11,-27
1759485475.2086248,1,6,-35
1759485475.2446249,0,5,-23
1759485475.2816248,-6,5,-32
1759485475.3206248,-1,2,-27
1759485475.3586247,0,6,-28
1759485475.3956249,0,1,-35
1759485475.4326248,0,1,-29
1759485475.4716249,-3,-1,-34
1759485475.5096247,-1,-4,-32
1759485475.5476248,5,-5,-35
1759485475.5836248,-2,-7,-38
1759485475.6226249,-2,-2,-39
1759485475.6606247,-9,4,-35
1759485475.6986248,0,-2,-39
1759485475.7356248,-1,0,-31
1759485475.7726247,1,2,-35
1759485475.8106248,-1,2,-30
1759485475.8496249,-4,0,-38
1759485475.8876247,-8,1,-34
1759485475.9236248,-4,-2,-26
1759485475.9616249,5,-3,-32
1759485475.9996247,-4,-5,-29
1759485476.0386248,-2,3,-18
1759485476.0746248,-3,-3,-30
1759485476.112625,1,-9,-38
1759485476.151625,0,-6,-41
1759485476.1896248,4,-9,-34
1759485476.2256248,0,-3,-32
1759485476.2626247,0,-2,-23
1759485476.3016248,8,-1,-31
1759485476.339625,1,1,-40
1759485476.375625,-3,0,-37
1759485476.4146247,-1,-7,-47
1759485476.4516249,0,-1,-42
1759485476.490625,0,0,-37
1759485476.5286248,1,-3,-39
1759485476.5646248,0,-2,-33
1759485476.602625,-4,-2,-34
1759485476.6406248,-6,0,-32
1759485476.6786249,-6,1,-33
1759485476.714625,-5,2,-47
1759485476.7516248,-5,2,-47
1759485476.7906249,-2,6,-56
1759485476.8286247,2,-13,-44
1759485476.8646247,0,-5,-43
1759485476.9036248,-2,-6,-40
1759485476.9406247,0,0,-45
1759485476.9796247,4,-1,-28
1759485477.0156248,3,3,-24
1759485477.0526247,-5,0,-44
1759485477.0916247,-2,-3,-32
1759485477.1296248,0,1,-41
1759485477.1656249,-1,1,-41
1759485477.2026248,-1,7,-45
1759485477.2416248,4,-2,-44
1759485477.2796247,0,0,-36
1759485477.3156247,-7,-2,-38
1759485477.3546247,-8,1,-42
1759485477.3916247,-16,5,-42
1759485477.4306247,-2,4,-40
1759485477.4686248,-5,0,-42
1759485477.5046248,-4,0,-43
1759485477.5426247,0,-6,-40
1759485477.5806248,-1,5,-42
1759485477.6196249,1,0,-51
1759485477.6556249,3,-1,-41
1759485477.6926248,-2,-2,-32
1759485477.730625,0,-4,-38
1759485477.7696247,2,2,-41
1759485477.8056247,4,2,-28
1759485477.842625,2,1,-27
1759485477.8806248,1,-1,-30
1759485477.9196248,-1,3,-41
1759485477.9556248,-4,0,-37
1759485477.9926248,-3,-4,-30
1759485478.0316248,-3,-1,-31
1759485478.069625,0,2,-33
1759485478.105625,-3,0,-39
1759485478.1426249,1,0,-33
1759485478.1806247,-3,-4,-30
1759485478.2196248,-3,1,-29
1759485478.2556248,9,-1,-34
1759485478.2936249,0,-4,-38
1759485478.3316247,-1,-3,-46
1759485478.3706248,2,-2,-33
1759485478.4066248,0,-5,-28
1759485478.444625,-1,-5,-33
1759485478.4816248,-1,-2,-43
1759485478.5206249,-5,-2,-43
1759485478.556625,1,3,-31
1759485478.5936248,0,2,-23
1759485478.6316247,-1,6,-43
1759485478.6706247,3,2,-48
1759485478.7066247,-3,1,-41
1759485478.7436247,0,-3,-37
1759485478.7816248,0,-1,-40
1759485478.819625,-2,-5,-36
1759485478.855625,-6,-3,-40
1759485478.8936248,-2,0,-40
1759485478.931625,-2,-1,-40
1759485478.9706247,-1,-3,-39
1759485479.0066247,-3,-1,-38
1759485479.0446248,-1,-6,-36
1759485479.082625,1,-5,-25
1759485479.1216247,0,0,-35
1759485479.1596248,-1,1,-27
1759485479.1956248,5,-2,-38
1759485479.2326248,5,-1,-31
1759485479.2716248,1,4,-36
1759485479.309625,4,2,-42
1759485479.3456247,4,-2,-32
1759485479.3846247,-5,4,-37
1759485479.421625,0,3,-38
1759485479.4606247,0,-4,-42
1759485479.4966247,0,0,-32
1759485479.533625,5,1,-37
1759485479.5726247,4,2,-43
1759485479.6106248,0,-1,-43
1759485479.6466248,2,-8,-43
1759485479.684625,9,0,-38
1759485479.7226248,-4,-2,-50
1759485479.7616248,0,0,-52
1759485479.7986248,0,-3,-49
1759485479.8356247,-3,0,-43
1759485479.8746247,-3,-2,-34
1759485479.911625,-4,0,-42
1759485479.9506247,-3,1,-31
1759485479.9866247,-5,-7,-44
1759485480.0256248,2,-6,-29
1759485480.0706248,-2,0,-34
1759485480.1076248,2,-3,-41
1759485480.1446247,1,0,-41
1759485480.1836247,2,0,-32
1759485480.2216249,0,-2,-38
1759485480.2576249,1,-2,-33
1759485480.2956247,0,5,-50
1759485480.3336248,-1,4,-41
1759485480.3726249,-4,-4,-36
1759485480.4106247,-6,-5,-34
1759485480.4466248,-3,4,-36
1759485480.4846249,-11,3,-29
1759485480.5226247,0,0,-20
1759485480.5606248,-2,-6,-30
1759485480.5966249,-6,3,-32
1759485480.6346247,-4,1,-49
1759485480.6726248,-8,4,-42
1759485480.7116249,-1,1,-37
1759485480.7476249,5,-7,-33
1759485480.7846248,1,-1,-39
1759485480.8226247,8,0,-49
1759485480.8616247,1,0,-33
1759485480.8976247,1,-5,-40
1759485480.9366248,-5,-3,-36
1759485480.9746249,0,1,-43
1759485481.0126247,-5,0,-37
1759485481.0506248,0,4,-37
1759485481.0866249,-9,5,-40
1759485481.1246247,-10,1,-37
1759485481.1626248,-2,-1,-35
1759485481.2006247,-2,0,-37
1759485481.2366247,0,-4,-28
1759485481.2746248,-8,-3,-39
1759485481.3126247,-4,0,-42
1759485481.3506248,-9,1,-30
1759485481.3866248,-6,-2,-43
1759485481.4246247,-8,-4,-25
1759485481.4636247,-7,1,-31
1759485481.5016248,-4,-3,-39
1759485481.5376248,-4,-1,-47
1759485481.5766249,-2,2,-42
1759485481.6136248,2,4,-30
1759485481.6526248,6,0,-37
1759485481.6886249,6,4,-32
1759485481.7266247,0,-2,-39
1759485481.763625,-2,-1,-34
1759485481.8026247,-5,3,-35
1759485481.8386247,-5,3,-38
1759485481.8766248,0,0,-43
1759485481.9146247,0,0,-42
1759485481.9526248,-3,0,-39
1759485481.9916248,-3,4,-31
1759485482.0276248,-1,3,-31
1759485482.0656247,-3,0,-32
1759485482.1036248,0,-2,-40
1759485482.1426249,-6,-2,-36
1759485482.1786249,-1,-5,-33
1759485482.2166247,-4,4,-35
1759485482.2556248,1,0,-35
1759485482.2936249,-3,0,-36
1759485482.3316247,-8,-3,-38
1759485482.3676248,-1,-5,-37
1759485482.4056249,-6,0,-30
1759485482.444625,-3,-3,-31
1759485482.4826248,-2,-3,-35
1759485482.5186248,-2,2,-32
1759485482.556625,0,-7,-46
1759485482.5956247,-3,0,-45
1759485482.6336248,-1,2,-44
1759485482.671625,-3,-1,-36
1759485482.707625,-3,-1,-40
1759485482.7466247,-7,2,-45
1759485482.783625,-6,4,-34
1759485482.8226247,-6,5,-39
1759485482.8586247,1,1,-39
1759485482.8966248,0,0,-44
1759485482.9356248,5,3,-49
1759485482.9736247,0,3,-46
1759485483.0116248,-2,0,-36
1759485483.0476248,-1,0,-31
1759485483.0866249,-5,2,-31
1759485483.1236248,-6,4,-33
1759485483.1626248,-3,2,-44
1759485483.1986248,-7,0,-31
1759485483.237625,-6,0,-35
1759485483.2746248,0,-1,-57
1759485483.3136249,-5,0,-47
1759485483.3496249,-3,1,-44
1759485483.3876247,0,0,-42
1759485483.4256248,1,-1,-43
1759485483.464625,0,-1,-38
1759485483.5026248,-3,-6,-49
1759485483.5386248,0,-3,-49
1759485483.5776248,0,3,-42
1759485483.6146247,0,4,-44
1759485483.6536248,-6,6,-36
1759485483.6896248,-6,0,-35
1759485483.727625,-6,-2,-39
1759485483.7656248,-3,-1,-43
1759485483.8036249,0,2,-41
1759485483.839625,1,-2,-51
1759485483.8766248,-3,0,-49
1759485483.9146247,4,1,-42
1759485483.9536247,2,0,-44
1759485483.9896247,1,-6,-43
1759485484.026625,6,2,-43
1759485484.0656247,1,6,-37
1759485484.1036248,-7,1,-39
1759485484.1396248,-12,0,-34
1759485484.1776247,0,-3,-34
1759485484.2166247,2,-5,-39
1759485484.2546248,-4,1,-38
1759485484.2926247,7,4,-31
1759485484.329625,5,1,-36
1759485484.3666248,-3,0,-19
1759485484.4046247,-7,5,-29
1759485484.4436247,-1,0,-38
1759485484.4796247,2,-1,-47
1759485484.5176249,3,0,-41
1759485484.5556247,0,-1,-43
1759485484.5946248,7,1,-30
1759485484.6326249,2,0,-41
1759485484.6686249,4,3,-35
1759485484.7066247,-1,5,-40
1759485484.7456248,2,0,-41
1759485484.783625,10,0,-45
1759485484.819625,4,5,-46
1759485484.8566248,6,0,-29
1759485484.8956249,2,-6,-36
1759485484.9336247,1,-4,-36
1759485484.9696248,0,6,-38
1759485485.0066247,-4,4,-39
1759485485.0446248,-4,0,-38
1759485485.0836248,-1,-1,-36
1759485485.1206248,3,2,-33
1759485485.158625,-1,3,-43
1759485485.1966248,-5,1,-36
1759485485.2346249,0,0,-46
1759485485.2706249,-6,-5,-40
1759485485.309625,-3,0,-34
1759485485.3476248,-3,-1,-47
1759485485.3846247,2,-11,-41
1759485485.4236248,1,0,-39
1759485485.4596248,1,-3,-32
1759485485.4976249,-7,0,-31
1759485485.5346248,1,4,-27
1759485485.5736248,-2,2,-37
1759485485.6096249,1,0,-42
1759485485.6476247,-2,0,-42
1759485485.6856248,-3,-7,-40
1759485485.7246249,-4,-8,-34
1759485485.760625,-5,2,-37
1759485485.7976248,-1,-2,-37
1759485485.8356247,3,0,-40
1759485485.8746247,7,-3,-38
1759485485.9106247,7,-6,-27
1759485485.9486248,3,-2,-20
1759485485.9856248,0,-4,-27
1759485486.0246248,2,0,-36
1759485486.0606248,1,2,-25
1759485486.0986247,-4,4,-34
1759485486.135625,-1,2,-36
1759485486.1746247,-2,6,-36
1759485486.2106247,-10,-3,-36
1759485486.2496247,-1,-3,-40
1759485486.286625,11,0,-46
1759485486.3256247,3,5,-45
1759485486.3636248,-3,0,-35
1759485486.3996248,-3,3,-36
1759485486.4366248,0,5,-33
1759485486.4756248,1,0,-38
1759485486.513625,0,-1,-38
1759485486.5496247,2,-2,-45
1759485486.5866249,8,-3,-39
1759485486.625625,-1,-6,-33
1759485486.6636248,0,-7,-41
1759485486.6996248,3,-1,-40
1759485486.737625,-1,-1,-46
1759485486.776625,-4,-4,-33
1759485486.8146248,0,1,-35
1759485486.8506248,-1,-1,-43
1759485486.888625,-3,-2,-35
1759485486.9276247,3,1,-39
1759485486.9656248,0,-5,-42
1759485487.0016248,5,-3,-41
1759485487.0406249,11,-6,-25
1759485487.0776248,2,3,-31
1759485487.115625,-4,3,-33
1759485487.1546247,-1,-6,-35
1759485487.1906247,1,-5,-37
1759485487.2286248,1,-2,-31
1759485487.2666247,-5,-2,-40
1759485487.3056247,0,0,-36
1759485487.3416247,-1,-3,-47
1759485487.3796248,-2,0,-30
1759485487.4176247,6,2,-39
1759485487.4566247,3,4,-40
1759485487.4946249,4,6,-44
1759485487.5306249,0,6,-39
1759485487.5686247,1,0,-37
1759485487.6076248,3,-2,-38
1759485487.6456249,5,0,-39
1759485487.681625,2,-3,-42
1759485487.7186248,-1,3,-47
1759485487.7576249,1,3,-42
1759485487.7956247,-3,-1,-35
1759485487.8316247,2,-3,-28
1759485487.8706248,1,3,-30
1759485487.9076247,-1,-6,-32
1759485487.9466248,0,-4,-32
1759485487.9846249,-4,-4,-39
1759485488.0206249,-1,-2,-32
1759485488.059625,0,6,-40
1759485488.0966249,9,0,-32
1759485488.135625,0,1,-44
1759485488.171625,0,0,-38
1759485488.2096248,-3,6,-36
1759485488.2476249,-4,11,-40
1759485488.286625,-7,4,-34
1759485488.3246248,4,3,-32
1759485488.3606248,3,4,-38
1759485488.3976247,1,5,-48
1759485488.4366248,3,-1,-38
1759485488.4736247,-4,-4,-39
1759485488.5116248,0,8,-39
1759485488.5486248,-1,1,-45
1759485488.5876248,-3,-1,-42
1759485488.625625,0,-2,-34
1759485488.661625,3,0,-42
1759485488.6996248,-1,-3,-35
1759485488.737625,2,-4,-29
1759485488.7756248,-7,-3,-42
1759485488.8116248,-12,-3,-39
1759485488.8496249,-5,-1,-32
1759485488.8896248,-1,2,-36
1759485488.9266248,1,-4,-35
1759485488.9656248,4,-6,-37
1759485489.0016248,0,-1,-29
1759485489.0386248,6,-1,-24
1759485489.0776248,7,-2,-27
1759485489.115625,7,0,-37
1759485489.151625,-1,5,-43
1759485489.1906247,-2,2,-46
1759485489.227625,-5,-2,-42
1759485489.2666247,-7,-4,-36
1759485489.3026247,-1,-10,-31
1759485489.3406248,4,-7,-35
1759485489.3796248,6,4,-33
1759485489.4176247,9,0,-36
1759485489.4556248,8,-1,-44
1759485489.4916248,0,-4,-39
1759485489.5296247,-8,-2,-39
1759485489.5686247,-2,-1,-39
1759485489.6066248,-4,-9,-45
1759485489.6426249,-3,-3,-48
1759485489.6806247,4,0,-38
1759485489.7196248,6,-3,-48
1759485489.7576249,0,2,-28
1759485489.7956247,2,4,-36
1759485489.8316247,0,-1,-40
1759485489.8686247,3,-9,-45
1759485489.9076247,-2,-3,-46
1759485489.9456248,0,-7,-41
1759485489.9816248,-1,-2,-31
1759485490.0206249,5,6,-23
1759485490.0586247,0,0,-32
1759485490.102625,5,-5,-49
1759485490.1396248,-1,-6,-46
1759485490.1776247,5,-1,-44
1759485490.2166247,5,1,-38
1759485490.2526248,3,1,-44
1759485490.2896247,-6,2,-33
1759485490.3286247,0,7,-36
1759485490.3666248,-8,3,-36
1759485490.4026248,-1,0,-34
1759485490.4406247,-2,-5,-35
1759485490.4786248,-7,-6,-38
1759485490.5176249,3,-7,-33
1759485490.5536249,2,-5,-41
1759485490.5906248,1,-5,-35
1759485490.6296248,1,-3,-46
1759485490.6676247,0,-3,-49
1759485490.7036247,-4,-3,-37
1759485490.7426248,-4,-7,-39
1759485490.7806249,1,-8,-40
1759485490.8176248,6,0,-42
1759485490.8566248,1,1,-38
1759485490.8926249,1,1,-34
1759485490.9306247,-4,5,-33
1759485490.9686248,4,0,-39
1759485491.0066247,-1,-6,-32
1759485491.0426247,1,-8,-32
1759485491.0806248,3,-1,-33
1759485491.1196249,5,0,-39
1759485491.1576247,1,3,-25
1759485491.1936247,-7,10,-32
1759485491.2316248,3,1,-31
1759485491.2696247,5,-8,-29
1759485491.3086247,6,-6,-23
1759485491.3466249,-2,-5,-34
1759485491.3826249,-2,-8,-35
1759485491.4206247,4,-4,-34
1759485491.4596248,1,-5,-27
1759485491.4976249,0,1,-40
1759485491.533625,-3,1,-42
1759485491.5706248,1,0,-37
1759485491.6086247,5,-2,-36
1759485491.6476247,7,-2,-27
1759485491.6836247,5,-7,-35
1759485491.7216249,0,-5,-42
1759485491.760625,0,-1,-49
1759485491.7986248,4,0,-51
1759485491.8366249,0,-3,-47
1759485491.8726249,0,-1,-34
1759485491.911625,1,0,-35
1759485491.9486248,-6,2,-42
1759485491.987625,-8,5,-32
1759485492.023625,-9,4,-33
1759485492.0616248,-2,0,-29
1759485492.0986247,4,3,-28
1759485492.1376247,5,2,-32
1759485492.1736248,1,1,-34
1759485492.2116249,3,3,-38
1759485492.2486248,-4,0,-28
1759485492.2876248,4,-1,-31
1759485492.3236248,-2,-9,-35
1759485492.362625,0,-2,-27
1759485492.3996248,1,-4,-38
1759485492.4386249,2,-1,-36
1759485492.4746249,0,-4,-39
1759485492.5126247,-8,0,-25
1759485492.5506248,-2,0,-25
1759485492.5886247,-6,0,-37
1759485492.6276248,0,-2,-43
1759485492.6636248,2,0,-25
1759485492.7006247,2,-6,-39
1759485492.7396247,3,-5,-43
1759485492.7776248,-2,-1,-45
1759485492.8136249,-4,1,-52
1759485492.8506248,-1,0,-29
1759485492.8896248,2,-2,-31
1759485492.9276247,0,2,-30
1759485492.9636247,4,1,-34
1759485493.000625,0,0,-35
1759485493.0396247,3,-1,-40
1759485493.0776248,3,6,-30
1759485493.1136248,1,-3,-34
1759485493.1506248,4,-4,-36
1759485493.1906247,4,-2,-39
1759485493.2286248,1,3,-41
1759485493.2656248,5,11,-40
1759485493.3036249,0,-6,-38
1759485493.3406248,0,-3,-31
1759485493.3796248,0,0,-39
1759485493.4176247,-7,-6,-30
1759485493.4536247,-3,-4,-34
1759485493.4926248,1,5,-42
1759485493.5296247,-1,-2,-43
1759485493.5686247,-5,-4,-38
1759485493.605625,-9,-3,-31
1759485493.6426249,-3,0,-38
1759485493.6806247,-4,0,-43
1759485493.7196248,-3,-3,-47
1759485493.7556248,4,-5,-46
1759485493.7936249,3,0,-34
1759485493.8316247,0,4,-35
1759485493.8696249,2,0,-31
1759485493.908625,-3,-3,-30
1759485493.944625,-3,-4,-34
1759485493.9836247,0,-9,-32
1759485494.0206249,-2,-6,-34
1759485494.059625,0,-5,-44
1759485494.0956247,-4,-7,-35
1759485494.1336248,-2,0,-30
1759485494.1726248,11,0,-35
1759485494.2106247,4,1,-38
1759485494.2486248,-2,0,-36
1759485494.2846248,-2,-4,-36
1759485494.3226247,0,-11,-39
1759485494.3606248,1,-4,-30
1759485494.3996248,0,1,-38
1759485494.4356248,-3,1,-30
1759485494.4726248,2,-4,-39
1759485494.510625,5,-8,-36
1759485494.5496247,-6,0,-48
1759485494.5856247,-8,-1,-38
1759485494.6246247,5,-4,-58
1759485494.6626248,-10,4,-42
1759485494.7006247,-6,3,-35
1759485494.7386248,-7,-1,-27
1759485494.7746248,-6,0,-30
1759485494.8126247,-8,1,-34
1759485494.8516247,0,-7,-47
1759485494.8896248,8,-2,-39
1759485494.9256248,6,-6,-39
1759485494.964625,0,-4,-35
1759485495.0016248,-5,5,-34
1759485495.0406249,-3,-7,-42
1759485495.0786247,0,-6,-33
1759485495.1146247,-2,-3,-38
1759485495.1526248,3,2,-40
1759485495.1906247,1,4,-38
1759485495.2296247,-6,1,-35
1759485495.2656248,0,-5,-44
1759485495.3026247,-1,-1,-32
1759485495.3416247,-3,1,-35
1759485495.3796248,-6,-3,-33
1759485495.4156249,-5,0,-45
1759485495.4526248,-6,4,-45
1759485495.490625,-2,-1,-39
1759485495.5296247,-4,5,-50
1759485495.5656247,1,0,-38
1759485495.602625,7,-1,-34
1759485495.6406248,7,-3,-46
1759485495.6796248,-4,0,-37
1759485495.7156248,-1,-1,-28
1759485495.753625,6,-6,-38
1759485495.7916248,7,-4,-29
1759485495.8306248,-2,1,-36
1759485495.8666248,-5,2,-46
1759485495.9046247,3,-2,-45
1759485495.9426248,3,1,-44
1759485495.9816248,7,-2,-28
1759485496.0196247,-4,1,-26
1759485496.0556247,0,-2,-32
1759485496.0946248,-2,-3,-31
1759485496.1326249,-8,-2,-32
1759485496.1706247,-5,-3,-31
1759485496.207625,-3,-5,-37
1759485496.2446249,-8,-2,-31
1759485496.2826247,-4,0,-35
1759485496.3216248,2,2,-36
1759485496.3596249,8,-4,-37
1759485496.3956249,6,-1,-35
1759485496.4326248,6,1,-27
1759485496.4716249,5,3,-43
1759485496.5096247,1,6,-37
1759485496.5456247,0,-1,-40
1759485496.5836248,-5,-2,-26
1759485496.6226249,-4,-5,-40
1759485496.6606247,0,-5,-46
1759485496.6976247,-5,-5,-31
1759485496.7356248,3,-2,-20
1759485496.773625,1,1,-30
1759485496.8116248,2,5,-33
1759485496.8496249,7,1,-46
1759485496.885625,0,5,-48
1759485496.9236248,-4,0,-37
1759485496.9616249,-2,-2,-37
1759485496.9996247,0,-5,-36
1759485497.0356247,1,-5,-41
1759485497.0746248,-5,-6,-34
1759485497.1116247,1,-2,-26
1759485497.1506248,-1,-4,-38
1759485497.1866248,0,5,-38
1759485497.2246249,-2,1,-25
1759485497.2616248,0,4,-29
1759485497.3006248,4,-2,-22
1759485497.3366249,6,-3,-20
1759485497.3736248,0,-8,-30
1759485497.411625,2,-1,-31
1759485497.4506247,1,2,-34
1759485497.4866247,0,4,-39
1759485497.523625,-7,1,-47
1759485497.5626247,0,2,-45
1759485497.6006248,0,-3,-25
1759485497.6366248,2,-4,-32
1759485497.6736248,-2,-8,-46
1759485497.7126248,3,6,-39
1759485497.750625,-2,-4,-44
1759485497.786625,2,-4,-39
1759485497.8236248,9,-9,-46
1759485497.862625,4,1,-40
1759485497.9006248,0,0,-38
1759485497.9366248,7,-3,-44
1759485497.9736247,0,3,-45
1759485498.0126247,0,-1,-41
1759485498.0506248,-2,0,-34
1759485498.0866249,-1,1,-38
1759485498.1236248,-2,2,-38
1759485498.1626248,-4,-4,-36
1759485498.2006247,-4,-3,-35
1759485498.2366247,-5,1,-39
1759485498.2746248,-4,-1,-33
1759485498.3126247,-7,-3,-49
1759485498.3506248,6,3,-36
1759485498.3866248,0,-2,-37
1759485498.4246247,9,-2,-32
1759485498.4626248,8,-1,-37
1759485498.500625,-2,0,-32
1759485498.536625,-4,-1,-46
1759485498.5756247,6,4,-38
1759485498.612625,0,3,-31
1759485498.651625,2,-2,-31
1759485498.6876247,0,0,-29
1759485498.7256248,0,3,-43
1759485498.7626247,-3,1,-41
1759485498.8016248,-2,-1,-26
1759485498.8376248,0,-2,-26
1759485498.875625,-1,-6,-36
1759485498.9126248,-7,-2,-40
1759485498.9516249,-1,2,-41
1759485498.987625,-1,2,-33
1759485499.0256248,-1,5,-37
1759485499.0626247,-4,7,-39
1759485499.1016247,7,4,-40
1759485499.1376247,10,0,-45
1759485499.1746247,0,3,-37
1759485499.2126248,-4,0,-45
1759485499.2516248,-3,-1,-43
1759485499.2876248,2,0,-46
1759485499.3246248,0,0,-52
1759485499.3636248,-7,0,-43
1759485499.401625,-10,1,-39
1759485499.4376247,-1,-3,-49
1759485499.4766247,6,-1,-40
1759485499.513625,3,-2,-45
1759485499.5526247,-2,2,-43
1759485499.5886247,-4,1,-42
1759485499.6266248,-8,3,-40
1759485499.6636248,-2,1,-36
1759485499.7026248,9,11,-38
1759485499.7386248,10,6,-31
1759485499.776625,-5,6,-35
1759485499.8146248,-8,7,-30
1759485499.8536248,-3,1,-35
1759485499.8916247,-10,-5,-33
1759485499.9276247,0,0,-33
1759485499.9656248,0,3,-35
1759485500.003625,1,2,-32
1759485500.0416248,-4,5,-29
1759485500.0776248,-1,10,-35
1759485500.1236248,-1,1,-36
1759485500.161625,-3,4,-34
1759485500.1976247,-1,-2,-41
1759485500.2356248,0,3,-39
1759485500.273625,-2,5,-38
1759485500.3126247,-4,3,-28
1759485500.3486247,-5,-5,-27
1759485500.3876247,-10,-1,-18
1759485500.4246247,-1,0,-27
1759485500.4636247,-4,5,-38
1759485500.5016248,0,7,-48
1759485500.5376248,2,4,-41
1759485500.5746248,2,8,-41
1759485500.6136248,5,5,-44
1759485500.6496248,2,-1,-30
1759485500.6876247,0,0,-39
1759485500.7266247,-4,5,-38
1759485500.7646248,-1,-4,-38
1759485500.8026247,4,0,-29
1759485500.8386247,5,1,-43
1759485500.8766248,0,-1,-30
1759485500.9136248,2,1,-43
1759485500.9526248,-1,3,-26
1759485500.9886248,-2,4,-32
1759485501.026625,6,-9,-39
1759485501.0636249,-1,-3,-38
1759485501.102625,0,-2,-29
1759485501.138625,-1,4,-36
1759485501.1766248,-7,2,-47
1759485501.2136247,-2,-1,-40
1759485501.2526248,-5,3,-37
1759485501.2886248,-1,-1,-32
1759485501.3266249,-7,-1,-35
1759485501.3646247,-7,-2,-30
1759485501.4036248,4,2,-23
1759485501.4396248,4,6,-24
1759485501.4766247,3,2,-40
1759485501.5146248,-2,0,-40
1759485501.5536249,2,-2,-42
1759485501.589625,5,-3,-46
1759485501.6276248,-2,-1,-50
1759485501.6656249,-2,-1,-41
1759485501.704625,-4,0,-42
1759485501.7426248,-3,2,-35
1759485501.7796247,4,0,-36
1759485501.8176248,9,0,-40
1759485501.8546247,0,0,-34
1759485501.8936248,0,0,-49
1759485501.9296248,-6,3,-41
1759485501.9666247,-3,0,-32
1759485502.0046248,-3,1,-32
1759485502.0436249,-4,-4,-42
1759485502.079625,-3,-3,-40
1759485502.1186247,-6,1,-32
1759485502.1556249,3,-3,-40
1759485502.194625,0,0,-34
1759485502.2326248,9,10,-53
1759485502.2686248,3,0,-38
1759485502.306625,2,0,-40
1759485502.3446248,-4,-7,-56
1759485502.3806248,-7,-7,-52
1759485502.4186249,-9,-1,-46
1759485502.4566247,-6,-2,-42
1759485502.4946249,-4,-6,-33
1759485502.533625,0,-8,-42
1759485502.569625,6,-4,-47
1759485502.6086247,-5,-5,-38
1759485502.6456249,11,-5,-36
1759485502.684625,2,3,-29
1759485502.7206247,1,0,-19
1759485502.7576249,0,3,-24
1759485502.796625,-2,-4,-41
1759485502.8346248,0,0,-32
1759485502.8706248,1,-2,-41
1759485502.9076247,3,-1,-32
1759485502.9456248,6,0,-28
1759485502.9846249,-3,1,-33
1759485503.0206249,-4,7,-37
1759485503.0586247,-4,5,-36
1759485503.0976248,0,3,-28
1759485503.135625,0,0,-35
1759485503.1736248,-6,2,-39
1759485503.2096248,1,1,-42
1759485503.2476249,-7,7,-29
1759485503.2856247,-3,1,-36
1759485503.3246248,-3,3,-37
1759485503.3606248,7,7,-44
1759485503.3976247,-1,1,-44
1759485503.4356248,-2,3,-36
1759485503.4746249,-1,6,-36
1759485503.510625,-2,4,-38
1759485503.5476248,-2,3,-39
1759485503.5856247,-4,-5,-36
1759485503.6246247,3,2,-38
1759485503.6606247,-1,2,-39
1759485503.6986248,-14,3,-29
1759485503.7366247,-6,-2,-33
1759485503.7746248,1,0,-34
1759485503.8106248,2,4,-38
1759485503.8476248,1,0,-37
1759485503.885625,8,0,-42
1759485503.9246247,4,3,-32
1759485503.9606247,4,1,-28
1759485503.9976249,10,0,-46
1759485504.0356247,3,0,-38
1759485504.0746248,1,-3,-40
1759485504.1106248,0,0,-35
1759485504.1476247,3,0,-36
1759485504.1856248,-1,2,-28
1759485504.2246249,-3,-2,-28
1759485504.260625,-5,4,-32
1759485504.2976248,-1,-2,-38
1759485504.3356247,0,-1,-48
1759485504.3746247,0,0,-44
1759485504.4106247,-2,-2,-42
1759485504.4496248,3,0,-42
1759485504.4866247,4,3,-30
1759485504.5256248,0,2,-30
1759485504.5616248,0,2,-26
1759485504.5986247,0,1,-38
1759485504.6366248,-5,0,-38
1759485504.6756248,0,0,-38
1759485504.7116249,-2,0,-37
1759485504.7486248,3,5,-40
1759485504.786625,1,1,-26
1759485504.8256247,5,-3,-37
1759485504.8646247,6,3,-38
1759485504.9006248,6,0,-33
1759485504.9376247,5,-4,-43
1759485504.9766247,2,-8,-38
1759485505.0146248,-2,-7,-28
1759485505.0506248,3,-2,-24
1759485505.0876248,2,-7,-26
1759485505.1266248,0,0,-27
1759485505.1646247,-2,3,-22
1759485505.2006247,0,0,-38
1759485505.2386248,4,5,-35
1759485505.276625,2,3,-32
1759485505.3146248,2,-7,-36
1759485505.3506248,3,0,-34
1759485505.3876247,-1,-1,-25
1759485505.4266248,0,-10,-38
1759485505.464625,-2,-4,-32
1759485505.500625,-3,6,-35
1759485505.5376248,-7,1,-33
1759485505.5766249,1,4,-35
1759485505.6146247,-2,0,-31
1759485505.6506248,-7,-5,-35
1759485505.6896248,-1,-2,-39
1759485505.727625,3,0,-42
1759485505.7656248,3,-2,-41
1759485505.8016248,0,-1,-43
1759485505.839625,1,0,-41
1759485505.8776248,7,-2,-29
1759485505.9166248,2,0,-29
1759485505.9526248,-1,0,-32
1759485505.9896247,-2,4,-33
1759485506.0276248,0,6,-45
1759485506.0666249,-3,3,-30
1759485506.102625,7,2,-37
1759485506.1396248,4,-3,-37
1759485506.1786249,1,-1,-37
1759485506.2166247,2,2,-25
1759485506.2526248,1,-3,-31
1759485506.2896247,4,-3,-30
1759485506.3276248,0,6,-36
1759485506.3666248,2,2,-50
1759485506.4026248,-5,-3,-44
1759485506.4406247,-1,-5,-35
1759485506.4786248,0,3,-35
1759485506.5176249,-6,0,-34
1759485506.5556247,1,-3,-30
1759485506.5916247,-1,0,-43
1759485506.628625,2,-6,-47
1759485506.6676247,-5,-2,-49
1759485506.7056248,-2,0,-50
1759485506.7416248,-3,0,-50
1759485506.7786248,-1,1,-43
1759485506.8176248,-1,1,-46
1759485506.855625,-8,-5,-38
1759485506.8916247,-1,-7,-42
1759485506.9296248,-3,3,-46
1759485506.967625,0,3,-50
1759485507.0066247,-1,1,-37
1759485507.0426247,-12,0,-39
1759485507.0816247,-9,-1,-41
1759485507.1186247,0,2,-36
1759485507.1576247,10,4,-41
1759485507.1956248,5,5,-41
1759485507.2316248,8,3,-36
1759485507.2696247,1,-2,-42
1759485507.3076248,2,0,-44
1759485507.3456247,0,0,-36
1759485507.3816247,-5,1,-33
1759485507.4196248,0,-5,-36
1759485507.457625,2,-3,-50
1759485507.4956248,-1,-1,-40
1759485507.5316248,-3,2,-28
1759485507.569625,-10,2,-19
1759485507.6076248,4,0,-35
1759485507.6436248,1,-5,-32
1759485507.681625,0,-1,-42
1759485507.7196248,0,1,-41
1759485507.7576249,-1,7,-37
1759485507.7936249,8,4,-42
1759485507.8316247,6,3,-39
1759485507.8696249,11,3,-30
1759485507.9076247,1,2,-39
1759485507.9436247,2,-2,-29
1759485507.980625,-2,-2,-33
1759485508.0196247,-3,-1,-39
1759485508.0576248,0,-3,-36
1759485508.0936248,0,3,-35
1759485508.1306248,10,-3,-31
1759485508.1696248,2,2,-35
1759485508.207625,11,1,-30
1759485508.2436247,2,-2,-36
1759485508.2816248,3,-4,-39
1759485508.319625,0,0,-39
1759485508.3586247,0,2,-26
1759485508.3966248,-4,-1,-39
1759485508.4326248,-4,2,-34
1759485508.4706247,-2,-1,-38
1759485508.5086248,-6,-3,-37
1759485508.546625,9,1,-37
1759485508.582625,3,-7,-30
1759485508.6196249,5,0,-24
1759485508.658625,0,-2,-26
1759485508.6966248,2,5,-33
1759485508.7326248,13,0,-32
1759485508.7696247,8,-4,-31
1759485508.8086247,6,0,-45
1759485508.8466249,3,3,-46
1759485508.8826249,3,2,-40
1759485508.9206247,10,-2,-49
1759485508.9586248,-1,-6,-52
1759485508.9966247,1,-12,-38
1759485509.0326247,-6,-5,-37
1759485509.0706248,0,-5,-39
1759485509.1086247,2,-4,-35
1759485509.1476247,-2,-3,-30
1759485509.1836247,-1,-3,-31
1759485509.2216249,9,0,-33
1759485509.260625,5,-6,-31
1759485509.2986248,0,-1,-36
1759485509.3346248,6,1,-38
1759485509.3726249,5,-2,-41
1759485509.4106247,-1,5,-47
1759485509.4486248,-1,1,-42
1759485509.4846249,-3,0,-41
1759485509.5216248,-5,0,-32
1759485509.5606248,-5,2,-43
1759485509.5986247,0,3,-35
1759485509.6346247,-2,-1,-45
1759485509.6736248,-1,0,-39
1759485509.7116249,-7,0,-45
1759485509.7486248,0,0,-38
1759485509.7876248,-2,3,-38
1759485509.8236248,0,0,-35
1759485509.8616247,-3,-4,-41
1759485509.898625,-5,-3,-44
1759485509.9376247,4,-4,-42
1759485509.9736247,0,0,-41
1759485510.0116248,-9,6,-39
1759485510.0496247,-5,-1,-36
1759485510.0876248,1,-2,-39
1759485510.1326249,-2,-2,-47
1759485510.1696248,-2,-6,-43
1759485510.2086248,0,-8,-30
1759485510.2446249,2,-5,-27
1759485510.2826247,7,-1,-28
1759485510.3216248,0,-9,-40
1759485510.3596249,0,-5,-35
1759485510.3976247,-4,-1,-33
1759485510.4336247,4,6,-38
1759485510.4726248,4,4,-39
1759485510.510625,-1,5,-24
1759485510.5486248,0,1,-37
1759485510.5846248,-5,0,-37
1759485510.6236248,-2,-1,-37
1759485510.661625,8,3,-36
1759485510.6996248,1,3,-42
1759485510.737625,0,0,-33
1759485510.773625,2,-4,-42
1759485510.8116248,9,-3,-55
1759485510.8496249,2,-2,-46
1759485510.8876247,-3,5,-36
1759485510.9236248,0,0,-31
1759485510.9616249,0,-2,-27
1759485510.9996247,-7,2,-36
1759485511.0376248,-2,4,-42
1759485511.0736248,5,4,-50
1759485511.1116247,-3,-4,-47
1759485511.1496248,-1,0,-46
1759485511.1856248,-4,2,-32
1759485511.2236247,-5,-3,-42
1759485511.2616248,3,0,-41
1759485511.2996247,-1,-1,-40
1759485511.3386247,-2,4,-33
1759485511.3746247,1,2,-28
1759485511.4126248,5,-4,-40
1759485511.4496248,-3,1,-38
1759485511.4886248,2,-2,-41
1759485511.5246248,6,-3,-41
1759485511.5616248,5,3,-39
1759485511.5996249,6,-2,-38
1759485511.638625,-2,1,-34
1759485511.6746247,0,0,-37
1759485511.7116249,0,2,-44
1759485511.7496247,10,1,-45
1759485511.7886248,8,0,-41
1759485511.8246248,5,-7,-43
1759485511.862625,3,4,-48
1759485511.9006248,5,1,-51
1759485511.9396248,2,0,-47
1759485511.9756248,0,0,-45
1759485512.0126247,0,-7,-40
1759485512.0506248,3,0,-30
1759485512.089625,4,-1,-32
1759485512.125625,2,-2,-44
1759485512.1636248,0,0,-37
1759485512.2016249,1,-2,-33
1759485512.240625,4,-4,-27
1759485512.2786248,4,2,-32
1759485512.3146248,-1,1,-44
1759485512.3516247,3,6,-32
1759485512.3906248,5,5,-34
1759485512.4286249,3,-3,-41
1759485512.464625,7,0,-43
1759485512.5016248,-1,1,-40
1759485512.5406249,1,4,-51
1759485512.5786247,1,-4,-44
1759485512.6146247,-1,-1,-36
1759485512.6536248,-2,0,-32
1759485512.6906247,-3,-1,-30
1759485512.7296247,0,3,-33
1759485512.7656248,0,6,-39
1759485512.8036249,5,-1,-36
1759485512.8406248,0,-2,-32
1759485512.8796248,-2,-4,-34
1759485512.9156249,3,0,-38
1759485512.9536247,8,1,-35
1759485512.990625,4,0,-22
1759485513.0296247,1,-2,-33
1759485513.0656247,5,3,-34
1759485513.1036248,1,1,-34
1759485513.1406248,0,-2,-43
1759485513.1796248,0,2,-43
1759485513.2156248,0,-2,-39
1759485513.253625,-5,2,-32
1759485513.2906249,-4,2,-37
1759485513.329625,-4,9,-44
1759485513.365625,2,5,-36
1759485513.4036248,-6,7,-36
1759485513.4406247,-6,0,-42
1759485513.4796247,0,0,-27
1759485513.5156248,0,0,-37
1759485513.5536249,6,3,-39
1759485513.5916247,2,0,-30
1759485513.6296248,0,1,-45
1759485513.6656249,-6,0,-39
1759485513.7036247,-3,3,-41
1759485513.7416248,-6,5,-39
1759485513.7806249,-9,4,-52
1759485513.8166249,-2,6,-42
1759485513.8546247,-2,-1,-42
1759485513.8916247,1,1,-34
1759485513.9306247,3,3,-34
1759485513.9666247,-2,1,-40
1759485514.003625,5,0,-38
1759485514.0416248,-3,0,-43
1759485514.0806248,-5,0,-27
1759485514.1166248,0,0,-35
1759485514.1536248,-3,-9,-29
1759485514.1916249,-6,-1,-44
1759485514.230625,0,-3,-39
1759485514.2666247,0,-4,-43
1759485514.3046248,-8,0,-41
1759485514.3416247,-4,0,-41
1759485514.3806248,0,-7,-43
1759485514.4166248,0,-8,-39
1759485514.454625,-4,-6,-36
1759485514.4916248,3,0,-37
1759485514.5306249,-5,9,-33
1759485514.5666249,-2,0,-43
1759485514.6036248,-4,3,-38
1759485514.6416247,2,-3,-39
1759485514.6806247,-2,-1,-35
1759485514.7166247,-5,1,-35
1759485514.753625,-3,-2,-41
1759485514.7926247,-7,-1,-52
1759485514.8306248,3,0,-37
1759485514.8666248,2,-1,-35
1759485514.9046247,-2,-9,-29
1759485514.9416249,1,0,-42
1759485514.980625,2,0,-43
1759485515.0166247,2,7,-43
1759485515.0536249,-6,4,-38
1759485515.0916247,-1,2,-29
1759485515.1306248,1,-2,-35
1759485515.1666248,-1,0,-35
1759485515.2036247,-2,0,-36
1759485515.2416248,0,-2,-30
1759485515.2806249,-6,3,-38
1759485515.3166249,5,0,-27
1759485515.3536248,-2,9,-32
1759485515.3926249,-9,0,-48
1759485515.4306247,-6,0,-47
1759485515.4666247,0,-3,-39
1759485515.5046248,0,-6,-43
1759485515.5426247,0,-6,-44
1759485515.5816247,6,-7,-33
1759485515.6176248,-1,-2,-29
1759485515.6556249,-3,3,-34
1759485515.694625,-5,4,-24
1759485515.7326248,-3,2,-36
1759485515.7706249,2,2,-35
1759485515.806625,-5,3,-36
1759485515.8436248,-9,1,-45
1759485515.8826249,-4,4,-44
1759485515.9206247,1,5,-34
1759485515.9566247,-5,3,-28
1759485515.9936247,1,1,-37
1759485516.0326247,-13,3,-48
1759485516.0706248,-4,0,-42
1759485516.1066248,-6,4,-34
1759485516.1436248,-1,2,-47
1759485516.1826248,-3,2,-52
1759485516.2206247,0,-6,-36
1759485516.2566247,2,-2,-43
1759485516.2936249,-2,-4,-38
1759485516.332625,-7,-1,-28
1759485516.3686247,-2,-2,-35
1759485516.4076247,6,0,-45
1759485516.4456248,-6,0,-36
1759485516.4836247,-5,4,-39
1759485516.5216248,0,-1,-49
1759485516.5576248,-3,3,-41
1759485516.5946248,-1,7,-45
1759485516.6336248,5,3,-52
1759485516.671625,1,1,-43
1759485516.707625,2,0,-37
1759485516.7456248,5,1,-31
1759485516.783625,-5,-1,-29
1759485516.8216248,-5,-5,-25
1759485516.8576248,-4,0,-35
1759485516.8956249,-9,-6,-45
1759485516.9336247,-3,-4,-43
1759485516.9716249,1,0,-42
1759485517.0076249,3,5,-47
1759485517.0456247,-7,5,-48
1759485517.0836248,-7,2,-50
1759485517.1216247,-3,-3,-48
1759485517.1576247,-4,-2,-42
1759485517.1966248,-8,-5,-34
1759485517.2336247,0,-6,-43
1759485517.2726247,-5,-5,-46
1759485517.3086247,-4,-4,-45
1759485517.3466249,-7,3,-31
1759485517.3846247,2,3,-34
1759485517.4236248,-5,-4,-31
1759485517.4616249,-3,3,-28
1759485517.4976249,-5,-3,-38
1759485517.536625,-2,1,-41
1759485517.5746248,2,0,-41
1759485517.612625,-5,0,-35
1759485517.648625,-4,-2,-42
1759485517.6876247,1,-2,-37
1759485517.7246249,2,0,-38
1759485517.763625,-3,3,-31
1759485517.8016248,0,-2,-46
1759485517.8376248,1,0,-48
1759485517.8746247,2,-3,-40
1759485517.9136248,4,0,-32
1759485517.9516249,4,0,-38
1759485517.987625,7,0,-32
1759485518.0246248,0,-2,-35
1759485518.0636249,-2,9,-43
1759485518.0996249,2,6,-28
1759485518.1376247,-1,2,-28
1759485518.1756248,-2,0,-31
1759485518.2136247,1,1,-37
1759485518.2496247,3,6,-38
1759485518.286625,3,-5,-30
1759485518.3256247,2,-1,-38
1759485518.3636248,-2,-2,-38
1759485518.3996248,-8,-4,-38
1759485518.4386249,-7,-6,-32
1759485518.4756248,2,0,-37
1759485518.513625,4,0,-34
1759485518.5526247,1,1,-42
1759485518.5886247,-3,0,-41
1759485518.6266248,-1,-1,-37
1759485518.6646247,0,-5,-34
1759485518.7036247,0,-3,-26
1759485518.7396247,2,-1,-25
1759485518.776625,-3,-6,-30
1759485518.8146248,-5,-1,-36
1759485518.8536248,1,-3,-37
1759485518.8896248,-1,0,-46
1759485518.9276247,-1,-6,-41
1759485518.9666247,5,-1,-43
1759485519.0046248,-4,0,-44
1759485519.0426247,5,3,-44
1759485519.0786247,-4,2,-36
1759485519.1176248,-5,-1,-53
1759485519.1556249,-7,0,-38
1759485519.1936247,7,1,-26
1759485519.230625,1,0,-33
1759485519.2676249,-1,-3,-37
1759485519.306625,-6,-2,-31
1759485519.3446248,-1,-4,-43
1759485519.3826249,0,-1,-22
1759485519.4186249,-3,1,-33
1759485519.4556248,2,3,-36
1759485519.4946249,2,2,-44
1759485519.5326247,0,0,-39
1759485519.5686247,-4,-1,-45
1759485519.6076248,1,0,-44
1759485519.6446247,-1,-1,-38
1759485519.6836247,-3,0,-27
1759485519.7196248,0,1,-34
1759485519.7576249,-3,0,-37
1759485519.7956247,2,-4,-50
1759485519.8346248,1,7,-37
1759485519.8706248,-5,-1,-31
1759485519.908625,0,2,-39
1759485519.9476247,-7,6,-39
1759485519.9846249,-1,-2,-45
1759485520.023625,-8,6,-42
1759485520.059625,1,6,-42
1759485520.0976248,-4,0,-52
1759485520.1416247,-4,-7,-36
1759485520.1796248,-3,-7,-38
1759485520.217625,-5,-5,-39
1759485520.2556248,0,3,-41
1759485520.2936249,3,0,-34
1759485520.329625,6,-2,-33
1759485520.3686247,2,-2,-32
1759485520.4056249,4,3,-27
1759485520.444625,7,-1,-31
1759485520.480625,3,0,-43
1759485520.5186248,-2,-1,-33
1759485520.5556247,1,0,-30
1759485520.5946248,-3,-4,-25
1759485520.6306248,0,-1,-30
1759485520.6686249,3,-5,-35
1759485520.7066247,5,-5,-40
1759485520.7456248,0,-4,-39
1759485520.783625,-3,1,-31
1759485520.819625,0,5,-34
1759485520.8586247,0,3,-37
1759485520.8966248,-1,-4,-26
1759485520.934625,0,4,-30
1759485520.9706247,0,-1,-38
1759485521.0086248,0,1,-46
1759485521.046625,-2,0,-37
1759485521.0856247,2,1,-38
1759485521.1236248,4,5,-34
1759485521.1596248,3,0,-33
1759485521.1966248,2,2,-34
1759485521.2356248,0,0,-41
1759485521.273625,7,0,-46
1759485521.309625,2,-2,-42
1759485521.3486247,0,1,-44
1759485521.385625,0,2,-38
1759485521.4246247,3,0,-49
1759485521.4606247,-1,-2,-50
1759485521.4986248,1,0,-43
1759485521.536625,5,-5,-55
1759485521.5756247,-4,-4,-43
1759485521.6116247,-11,0,-50
1759485521.6496248,0,0,-35
1759485521.6876247,2,1,-38
1759485521.7266247,5,0,-36
1759485521.7646248,1,4,-34
1759485521.8006248,8,3,-39
1759485521.8386247,4,-3,-43
1759485521.8766248,6,-5,-43
1759485521.9146247,3,-3,-40
1759485521.9506247,-1,-3,-38
1759485521.9896247,0,-9,-40
1759485522.026625,-4,-9,-49
1759485522.0656247,-5,4,-41
1759485522.1016247,-12,0,-37
1759485522.1396248,4,-3,-43
1759485522.1776247,4,4,-37
1759485522.2156248,1,4,-43
1759485522.2546248,9,-2,-43
1759485522.2906249,2,-1,-34
1759485522.3276248,1,1,-35
1759485522.3666248,3,-5,-34
1759485522.4046247,0,2,-28
1759485522.4406247,1,-3,-22
1759485522.477625,1,0,-34
1759485522.5166247,-1,-5,-47
1759485522.5546248,2,-6,-39
1759485522.5906248,0,-2,-36
1759485522.6276248,-3,-2,-43
1759485522.6666248,-6,-6,-34
1759485522.704625,-6,-3,-35
1759485522.740625,-5,1,-30
1759485522.7786248,-7,-2,-38
1759485522.8166249,0,0,-38
1759485522.855625,-1,1,-41
1759485522.8926249,0,-5,-39
1759485522.9296248,0,-1,-44
1759485522.967625,0,5,-45
1759485523.0066247,-4,0,-36
1759485523.0446248,3,0,-31
1759485523.0806248,3,-1,-35
1759485523.1196249,2,-1,-36
1759485523.1566248,0,-5,-36
1759485523.1956248,-3,-3,-40
1759485523.2326248,3,1,-23
1759485523.2696247,-5,0,-40
1759485523.3076248,0,0,-44
1759485523.3466249,0,0,-48
1759485523.3826249,1,3,-43
1759485523.4196248,-2,0,-37
1759485523.457625,-5,-2,-32
1759485523.4966247,-8,4,-29
1759485523.5326247,0,3,-40
1759485523.569625,-1,0,-35
1759485523.6086247,7,0,-36
1759485523.6466248,2,0,-37
1759485523.6826248,-2,-1,-42
1759485523.7206247,-1,-4,-32
1759485523.7586248,5,0,-45
1759485523.796625,0,2,-54
1759485523.8356247,-2,3,-37
1759485523.8716247,-1,7,-37
1759485523.9106247,5,7,-38
1759485523.9486248,0,1,-36
1759485523.9866247,-4,1,-41
1759485524.0226247,-4,7,-36
1759485524.0606248,5,-1,-31
1759485524.0996249,0,6,-51
1759485524.1376247,0,2,-43
1759485524.1756248,-1,2,-39
1759485524.2116249,0,-3,-33
1759485524.2496247,-2,5,-49
1759485524.2876248,3,2,-36
1759485524.3266249,-2,0,-33
1759485524.362625,0,1,-33
1759485524.3996248,0,0,-37
1759485524.4376247,-4,-2,-31
1759485524.4766247,-6,1,-39
1759485524.5126247,-1,-3,-47
1759485524.5516248,-1,-4,-48
1759485524.589625,7,4,-36
1759485524.6276248,1,2,-28
1759485524.6656249,-3,-2,-31
1759485524.7026248,-6,-4,-29
1759485524.7396247,-1,1,-25
1759485524.7776248,6,-3,-37
1759485524.8166249,4,-1,-39
1759485524.852625,5,-5,-35
1759485524.8896248,3,-5,-35
1759485524.9276247,-5,-7,-40
1759485524.9666247,-1,-4,-40
1759485525.0026248,-2,3,-48
1759485525.0406249,0,3,-28
1759485525.0776248,0,-3,-36
1759485525.1166248,-1,-5,-49
1759485525.1526248,-7,-1,-46
1759485525.1906247,0,3,-46
1759485525.2286248,5,-3,-38
1759485525.2676249,-1,0,-35
1759485525.3036249,2,1,-34
1759485525.3416247,-6,9,-43
1759485525.378625,0,8,-41
1759485525.4176247,0,1,-35
1759485525.4536247,3,0,-41
1759485525.490625,10,0,-43
1759485525.5286248,-3,2,-38
1759485525.5676248,-4,0,-40
1759485525.6036248,-5,0,-38
1759485525.6416247,-1,0,-36
1759485525.6786249,-4,1,-36
1759485525.717625,-1,2,-39
1759485525.753625,-1,-2,-50
1759485525.7916248,1,-5,-45
1759485525.829625,-5,0,-36
1759485525.8686247,0,-6,-34
1759485525.9066248,-6,-5,-41
1759485525.9426248,0,-4,-40
1759485525.980625,1,-5,-38
1759485526.0196247,-6,0,-43
1759485526.0576248,1,-8,-40
1759485526.0936248,0,-6,-33
1759485526.1306248,7,6,-39
1759485526.1696248,4,0,-33
1759485526.207625,0,1,-44
1759485526.2436247,6,3,-34
1759485526.2806249,9,-5,-41
1759485526.3186247,6,-9,-40
1759485526.3576248,7,-4,-43
1759485526.3936248,-2,0,-39
1759485526.431625,0,1,-34
1759485526.4706247,1,0,-44
1759485526.5086248,0,-2,-41
1759485526.546625,-3,0,-36
1759485526.5836248,2,0,-43
1759485526.6206248,-1,-2,-40
1759485526.658625,3,-5,-44
1759485526.6976247,-1,-3,-50
1759485526.7336247,1,-2,-48
1759485526.7726247,0,1,-48
1759485526.809625,-2,2,-42
1759485526.8486247,0,3,-41
1759485526.8846247,-2,2,-33
1759485526.9236248,0,4,-33
1759485526.9616249,-4,0,-32
1759485526.9986248,-4,0,-35
1759485527.0376248,-11,-4,-34
1759485527.0736248,-13,4,-38
1759485527.1116247,-6,6,-49
1759485527.1506248,-6,5,-34
1759485527.1886249,1,0,-45
1759485527.2246249,5,0,-47
1759485527.2616248,4,0,-48
1759485527.3006248,2,-2,-41
1759485527.3386247,-1,-3,-43
1759485527.3746247,-7,-2,-38
1759485527.4126248,-7,0,-30
1759485527.4506247,0,0,-37
1759485527.4896247,3,-2,-31
1759485527.5276248,7,-2,-37
1759485527.5636249,5,0,-31
1759485527.6016247,3,-5,-33
1759485527.6396248,0,-7,-42
1759485527.6776247,5,-4,-41
1759485527.7136247,-3,0,-34
1759485527.750625,0,-4,-31
1759485527.7896247,-6,-5,-39
1759485527.8276248,-7,0,-40
1759485527.8636248,3,-1,-41
1759485527.901625,6,2,-47
1759485527.9396248,3,0,-42
1759485527.977625,-4,0,-31
1759485528.013625,-11,-5,-46
1759485528.0516248,-5,0,-38
1759485528.089625,-6,0,-32
1759485528.128625,-1,4,-36
1759485528.1646247,-2,0,-43
1759485528.2026248,0,1,-45
1759485528.240625,-4,2,-39
1759485528.2796247,-6,4,-34
1759485528.3176248,2,4,-35
1759485528.3536248,3,2,-36
1759485528.3906248,1,-6,-44
1759485528.4296248,1,0,-42
1759485528.467625,0,-1,-35
1759485528.503625,0,-1,-26
1759485528.5406249,-2,-4,-36
1759485528.579625,-2,0,-45
1759485528.615625,-3,-5,-39
1759485528.6546247,-7,-4,-43
1759485528.6926248,5,0,-28
1759485528.730625,1,0,-42
1759485528.7686248,1,-1,-37
1759485528.8046248,6,-5,-33
1759485528.8416247,3,-2,-34
1759485528.8796248,-3,-2,-41
1759485528.9186249,1,-5,-33
1759485528.954625,1,2,-31
1759485528.9916248,-4,-3,-30
1759485529.0306249,-2,-5,-46
1759485529.0686247,0,0,-36
1759485529.1046247,2,0,-38
1759485529.1426249,5,1,-39
1759485529.1796248,0,-1,-40
1759485529.2186248,8,1,-39
1759485529.2546248,9,-2,-27
1759485529.2926247,0,-5,-37
1759485529.3306248,4,-7,-40
1759485529.3686247,4,-6,-38
1759485529.4046247,0,-7,-25
1759485529.4426248,4,-12,-33
1759485529.480625,1,-2,-46
1759485529.5186248,-4,5,-39
1759485529.5546248,-4,12,-32
1759485529.5936248,9,6,-36
1759485529.6306248,5,-3,-38
1759485529.6696248,9,1,-44
1759485529.7056248,1,1,-55
1759485529.7436247,2,2,-44
1759485529.7806249,14,4,-48
1759485529.819625,5,10,-40
1759485529.855625,4,5,-41
1759485529.8926249,7,3,-38
1759485529.9306247,-2,5,-35
1759485529.9696248,0,3,-30
1759485530.0056248,-3,3,-32
1759485530.0426247,-7,3,-28
1759485530.0806248,-4,2,-38
1759485530.1196249,0,-5,-42
1759485530.1646247,-1,3,-42
1759485530.2016249,3,-2,-48
1759485530.240625,0,-5,-40
1759485530.276625,0,0,-40
1759485530.3136249,0,4,-43
1759485530.3516247,0,-1,-42
1759485530.3906248,1,-2,-29
1759485530.4266248,-3,0,-36
1759485530.4656248,-3,-1,-48
1759485530.5026248,0,0,-51
1759485530.5416248,2,-4,-38
1759485530.579625,3,-1,-53
1759485530.615625,0,-2,-44
1759485530.6546247,2,-2,-33
1759485530.6926248,1,-5,-30
1759485530.730625,2,-6,-30
1759485530.7666247,-6,3,-31
1759485530.8056247,0,-4,-32
1759485530.8436248,-5,3,-32
1759485530.8806248,-3,1,-36
1759485530.9196248,0,-2,-32
1759485530.9556248,0,-3,-30
1759485530.9936247,-2,4,-38
1759485531.0316248,3,1,-40
1759485531.069625,1,-3,-37
1759485531.105625,0,0,-30
1759485531.1436248,0,3,-31
1759485531.181625,3,0,-40
1759485531.2196248,1,1,-43
1759485531.2556248,-5,4,-45
1759485531.2926247,-4,-1,-34
1759485531.3316247,-3,2,-26
1759485531.3696249,4,4,-22
1759485531.4056249,4,1,-25
1759485531.4436247,3,0,-28
1759485531.4816248,1,0,-35
1759485531.5196247,-7,0,-38
1759485531.5556247,-2,-1,-45
1759485531.5946248,3,-2,-40
1759485531.6316247,4,3,-37
1759485531.6706247,-4,0,-29
1759485531.7066247,2,3,-33
1759485531.7436247,-11,5,-39
1759485531.7816248,-10,-1,-36
1759485531.8206248,-8,-2,-39
1759485531.8566248,-2,0,-44
1759485531.8946247,4,1,-43
1759485531.931625,2,5,-40
1759485531.9706247,-5,-1,-46
1759485532.0066247,-3,-2,-38
1759485532.0446248,-1,4,-38
1759485532.082625,-1,0,-39
1759485532.1216247,6,-3,-44
1759485532.1576247,4,3,-44
1759485532.1956248,-1,0,-36
1759485532.2346249,-1,0,-36
1759485532.2726247,0,9,-30
1759485532.3106248,0,0,-29
1759485532.3466249,0,0,-35
1759485532.3846247,1,0,-45
1759485532.421625,3,0,-38
1759485532.4606247,6,-2,-39
1759485532.4966247,0,0,-46
1759485532.5346248,-2,0,-40
1759485532.5716248,1,0,-36
1759485532.6106248,3,4,-42
1759485532.6466248,0,-5,-41
1759485532.684625,0,2,-45
1759485532.7226248,-11,1,-46
1759485532.760625,-5,0,-39
1759485532.796625,-1,7,-36
1759485532.8346248,0,2,-36
1759485532.8736248,0,3,-33
1759485532.911625,1,0,-37
1759485532.9476247,-1,0,-44
1759485532.9846249,-3,-4,-31
1759485533.023625,-2,-3,-34
1759485533.0616248,0,-2,-32
1759485533.0976248,0,-1,-34
1759485533.1346247,-4,-4,-34
1759485533.1736248,0,-5,-30
1759485533.2116249,0,-1,-31
1759485533.2476249,-4,-3,-41
1759485533.286625,0,-3,-42
1759485533.3236248,2,2,-33
1759485533.362625,2,4,-44
1759485533.4006248,9,5,-28
1759485533.4366248,0,-4,-23
1759485533.4746249,0,-2,-26
1759485533.5126247,5,-2,-24
1759485533.5516248,-1,2,-24
1759485533.5876248,3,-2,-42
1759485533.6246247,3,6,-44
1759485533.6636248,1,-2,-44
1759485533.7016249,-2,-2,-40
1759485533.737625,0,2,-37
1759485533.7746248,-1,0,-34
1759485533.8126247,-5,-2,-40
1759485533.8516247,-5,1,-50
1759485533.8876247,-4,0,-35
1759485533.9266248,5,-8,-51
1759485533.964625,0,-6,-49
1759485534.0026248,1,0,-38
1759485534.0386248,-3,0,-26
1759485534.0776248,-4,0,-31
1759485534.1146247,0,1,-34
1759485534.1536248,-3,-4,-36
1759485534.1916249,-7,-5,-39
1759485534.227625,-6,-1,-33
1759485534.2656248,3,-1,-40
1759485534.3036249,2,-6,-35
1759485534.342625,2,-6,-25
1759485534.378625,0,-1,-36
1759485534.4156249,1,2,-30
1759485534.454625,-2,0,-38
1759485534.4926248,0,0,-36
1759485534.5286248,9,-1,-33
1759485534.5666249,2,4,-40
1759485534.6036248,4,-1,-42
1759485534.6426249,0,-5,-36
1759485534.6786249,-5,-3,-41
1759485534.7166247,0,0,-35
1759485534.7546248,2,5,-32
1759485534.7936249,2,4,-30
1759485534.8316247,1,-1,-27
1759485534.8676248,2,2,-35
1759485534.9056249,5,0,-26
1759485534.9436247,0,-5,-21
1759485534.9826248,-5,-5,-34
1759485535.0186248,-4,-2,-23
1759485535.0576248,2,1,-31
1759485535.0946248,0,0,-44
1759485535.1336248,-4,-1,-47
1759485535.171625,0,-3,-37
1759485535.207625,-5,-1,-31
1759485535.2456248,-5,-9,-37
1759485535.283625,3,-9,-48
1759485535.3226247,8,-1,-38
1759485535.3586247,0,2,-37
1759485535.3956249,1,0,-32
1759485535.4336247,1,2,-29
1759485535.4726248,4,2,-28
1759485535.5086248,1,6,-31
1759485535.5456247,0,4,-42
1759485535.5846248,-5,7,-39
1759485535.6226249,0,6,-39
1759485535.658625,4,-2,-33
1759485535.6956248,4,9,-35
1759485535.7336247,0,6,-37
1759485535.7726247,2,0,-37
1759485535.8086247,3,-7,-44
1759485535.8456247,-4,-4,-52
1759485535.8836248,2,3,-37
1759485535.9226248,-4,4,-38
1759485535.9586248,0,0,-41
1759485535.9966247,-14,-2,-45
1759485536.033625,-4,0,-43
1759485536.0726247,-4,2,-42
1759485536.1086247,-3,-2,-29
1759485536.1466248,6,0,-21
1759485536.184625,-2,-4,-29
1759485536.2236247,0,6,-41
1759485536.260625,3,-1,-43
1759485536.2986248,1,1,-41
1759485536.3366249,1,4,-37
1759485536.3746247,-3,-5,-27
1759485536.4126248,-5,-7,-32
1759485536.4486248,1,-7,-34
1759485536.4866247,0,-2,-26
1759485536.5246248,-1,-5,-29
1759485536.5626247,0,-5,-20
1759485536.5986247,-3,-2,-31
1759485536.6366248,0,2,-41
1759485536.6746247,-2,1,-50
1759485536.7136247,3,3,-39
1759485536.7496247,5,4,-34
1759485536.786625,0,1,-38
1759485536.8246248,4,-1,-39
1759485536.8636248,3,-2,-36
1759485536.8996248,3,0,-31
1759485536.9366248,2,-1,-42
1759485536.9756248,-1,3,-45
1759485537.013625,-2,13,-48
1759485537.0496247,3,1,-50
1759485537.0866249,7,0,-39
1759485537.125625,8,1,-31
1759485537.1636248,-2,-1,-43
1759485537.1996248,2,0,-40
1759485537.2366247,1,2,-45
1759485537.2756248,2,-2,-40
1759485537.3136249,2,-4,-44
1759485537.3496249,0,1,-34
1759485537.3866248,-2,0,-34
1759485537.4256248,4,-1,-37
1759485537.4636247,-2,-5,-32
1759485537.4996247,3,-8,-33
1759485537.536625,-7,1,-33
1759485537.5756247,2,10,-35
1759485537.6136248,-3,7,-33
1759485537.6496248,-1,4,-33
1759485537.6866248,-5,-1,-37
1759485537.7256248,0,-8,-40
1759485537.763625,0,-3,-36
1759485537.7996247,0,-7,-36
1759485537.8386247,6,-4,-41
1759485537.875625,2,0,-47
1759485537.9146247,-3,0,-41
1759485537.9506247,-2,-1,-35
1759485537.9886248,-3,-5,-34
1759485538.026625,0,-4,-37
1759485538.0656247,-1,0,-43
1759485538.1036248,4,0,-39
1759485538.1396248,3,0,-54
1759485538.1766248,0,3,-33
1759485538.2156248,4,2,-32
1759485538.253625,-2,-2,-45
1759485538.2896247,-5,0,-36
1759485538.3266249,-1,2,-28
1759485538.365625,-7,-5,-28
1759485538.4036248,-2,-1,-46
1759485538.4396248,-1,0,-49
1759485538.4766247,-2,1,-34
1759485538.5156248,-8,3,-40
1759485538.5536249,-6,11,-35
1759485538.589625,-2,4,-26
1759485538.6276248,0,4,-21
1759485538.6666248,1,5,-35
1759485538.704625,-5,8,-45
1759485538.7416248,4,5,-50
1759485538.7796247,2,0,-37
1759485538.8166249,-3,-7,-40
1759485538.855625,-2,-4,-33
1759485538.8936248,0,2,-25
1759485538.9296248,-3,0,-39
1759485538.967625,-1,1,-36
1759485539.0056248,4,7,-32
1759485539.0446248,1,7,-43
1759485539.0806248,0,-1,-28
1759485539.1176248,2,0,-33
1759485539.1556249,0,0,-43
1759485539.194625,-6,0,-40
1759485539.230625,-4,2,-47
1759485539.2696247,0,3,-48
1759485539.306625,3,4,-37
1759485539.3456247,1,-2,-42
1759485539.3816247,0,-3,-47
1759485539.4196248,2,-6,-37
1759485539.457625,-5,0,-44
1759485539.4956248,-2,1,-40
1759485539.5346248,-3,-5,-47
1759485539.5706248,1,-8,-44
1759485539.6076248,3,-3,-43
1759485539.6456249,-1,0,-39
1759485539.684625,0,-1,-26
1759485539.7206247,0,-3,-23
1759485539.7596247,8,-3,-47
1759485539.7976248,1,7,-44
1759485539.8356247,0,3,-47
1759485539.8716247,8,1,-47
1759485539.9096248,-4,0,-32
1759485539.9476247,-5,0,-36
1759485539.9856248,-7,-1,-35
1759485540.0216248,0,1,-33
1759485540.059625,-5,6,-41
1759485540.0976248,-6,1,-35
1759485540.135625,-3,-4,-26
1759485540.1796248,0,0,-29
1759485540.217625,-1,-2,-35
1759485540.2556248,-2,-2,-34
1759485540.2926247,-1,-5,-34
1759485540.329625,-7,-4,-38
1759485540.3676248,1,1,-44
1759485540.4066248,3,4,-29
1759485540.444625,1,-1,-53
1759485540.480625,-4,-2,-37
1759485540.5186248,0,-3,-27
1759485540.556625,-2,-5,-26
1759485540.5956247,-4,-3,-33
1759485540.6316247,1,-6,-37
1759485540.6686249,0,-1,-35
1759485540.707625,4,-4,-26
1759485540.7456248,5,2,-39
1759485540.7816248,3,0,-26
1759485540.819625,1,-3,-31
1759485540.8566248,-1,-7,-38
1759485540.8956249,-1,0,-38
1759485540.931625,0,-1,-31
1759485540.9696248,1,-4,-37
1759485541.0086248,1,-5,-39
1759485541.046625,-6,1,-30
1759485541.082625,0,0,-42
1759485541.1206248,3,-1,-41
1759485541.1576247,0,2,-32
1759485541.1966248,5,5,-42
1759485541.2326248,3,0,-35
1759485541.2706249,1,-2,-42
1759485541.3086247,-3,-3,-32
1759485541.3476248,-1,3,-36
1759485541.385625,4,3,-46
1759485541.421625,-6,3,-45
1759485541.4606247,3,0,-38
1759485541.4986248,8,-5,-37
1759485541.536625,4,1,-37
1759485541.5736248,6,0,-34
1759485541.6106248,0,0,-34
1759485541.648625,-3,4,-40
1759485541.6876247,-5,0,-44
1759485541.7256248,1,-3,-37
1759485541.7616248,0,0,-37
1759485541.7996247,2,-3,-34
1759485541.8376248,0,-2,-38
1759485541.8766248,-1,0,-35
1759485541.9126248,-3,-1,-40
1759485541.9506247,-4,0,-39
1759485541.9896247,0,-1,-20
1759485542.0276248,0,-8,-39
1759485542.0656247,3,-4,-39
1759485542.1016247,4,0,-42
1759485542.1396248,-2,0,-33
1759485542.1776247,9,-1,-36
1759485542.2156248,-4,-5,-38
1759485542.2516248,-4,0,-32
1759485542.2906249,5,1,-51
1759485542.3276248,5,0,-48
1759485542.3666248,2,-7,-47
1759485542.4026248,2,-5,-46
1759485542.4406247,5,-2,-44
1759485542.477625,0,-1,-33
1759485542.5166247,-2,2,-33
1759485542.5526247,-4,1,-35
1759485542.5916247,4,6,-37
1759485542.628625,0,-2,-44
1759485542.6676247,-8,-1,-45
1759485542.7036247,0,0,-42
1759485542.7416248,2,-2,-44
1759485542.7786248,-2,-1,-52
1759485542.8176248,-3,-3,-45
1759485542.8536248,-1,0,-39
1759485542.8916247,-6,5,-39
1759485542.9296248,-4,-7,-39
1759485542.967625,-6,-1,-46
1759485543.0066247,-6,1,-36
1759485543.0426247,-1,3,-42
1759485543.0806248,-2,0,-39
1759485543.1196249,0,-1,-50
1759485543.1576247,-5,-3,-49
1759485543.1936247,0,1,-49
1759485543.230625,-3,-3,-43
1759485543.2686248,-3,0,-46
1759485543.3076248,-4,-3,-30
1759485543.3436248,-3,-4,-37
1759485543.3826249,-3,-4,-38
1759485543.4196248,-7,2,-43
1759485543.4586248,5,5,-43
1759485543.4966247,-1,0,-29
1759485543.5326247,-2,0,-37
1759485543.5706248,3,-1,-39
1759485543.6086247,0,-4,-34
1759485543.6466248,1,-1,-27
1759485543.6826248,5,1,-38
1759485543.7196248,0,-2,-32
1759485543.7586248,2,-4,-34
1759485543.796625,0,3,-37
1759485543.832625,0,0,-38
1759485543.8696249,-1,5,-41
1759485543.908625,-6,5,-32
1759485543.9466248,2,3,-27
1759485543.9826248,2,6,-34
1759485544.0196247,3,-3,-49
1759485544.0586247,6,3,-39
1759485544.0966249,-2,-2,-36
1759485544.1326249,-2,-1,-44
1759485544.1706247,5,2,-44
1759485544.2086248,0,-6,-36
1759485544.2476249,3,-3,-38
1759485544.283625,-2,-2,-39
1759485544.3216248,4,1,-36
1759485544.3596249,4,6,-32
1759485544.398625,1,6,-37
1759485544.4356248,-1,-2,-47
1759485544.4726248,-4,-2,-45
1759485544.510625,-4,-1,-40
1759485544.5496247,-3,-2,-47
1759485544.5876248,0,-8,-42
1759485544.6236248,4,-5,-45
1759485544.6626248,1,0,-43
1759485544.7006247,0,2,-39
1759485544.7386248,0,1,-42
1759485544.7756248,-2,-2,-37
1759485544.8126247,-7,0,-43
1759485544.8506248,0,-9,-42
1759485544.888625,-3,1,-41
1759485544.9276247,-4,-2,-39
1759485544.9636247,0,-1,-42
1759485545.0026248,6,4,-38
1759485545.0396247,1,1,-29
1759485545.0786247,5,-3,-24
1759485545.115625,1,0,-35
1759485545.1536248,5,0,-26
1759485545.1906247,0,0,-32
1759485545.2296247,-5,-3,-42
1759485545.2676249,-3,1,-44
1759485545.3036249,-2,4,-35
1759485545.3406248,-2,-3,-32
1759485545.3796248,-3,2,-36
1759485545.4176247,-1,-1,-46
1759485545.4536247,0,2,-45
1759485545.4916248,-2,-8,-41
1759485545.5296247,4,1,-36
1759485545.5676248,-1,-1,-25
1759485545.6036248,3,-4,-30
1759485545.6416247,2,1,-43
1759485545.6796248,-6,0,-27
1759485545.717625,0,0,-28
1759485545.753625,2,-4,-29
1759485545.7916248,0,-3,-35
1759485545.829625,8,-7,-38
1759485545.8676248,3,-8,-40
1759485545.9036248,-1,-3,-44
1759485545.9426248,-7,-7,-44
1759485545.9796247,1,0,-37
1759485546.0186248,13,1,-40
1759485546.0546248,8,1,-36
1759485546.092625,-5,-5,-40
1759485546.1306248,-13,5,-32
1759485546.1686249,-5,6,-39
1759485546.204625,0,1,-47
1759485546.2426248,-1,0,-39
1759485546.2796247,-2,0,-47
1759485546.3186247,5,-3,-43
1759485546.3546247,3,-2,-38
1759485546.3926249,-3,4,-36
1759485546.4296248,1,0,-30
1759485546.4686248,-4,-3,-33
1759485546.5046248,-6,0,-40
1759485546.5426247,-3,3,-46
1759485546.579625,0,0,-45
1759485546.6186247,-6,0,-33
1759485546.6546247,-8,0,-44
1759485546.6916249,1,0,-46
1759485546.730625,-2,2,-39
1759485546.7686248,-3,0,-43
1759485546.8046248,-6,-2,-30
1759485546.8436248,-1,-8,-39
1759485546.8806248,6,-7,-51
1759485546.9196248,10,-7,-45
1759485546.9566247,3,-6,-52
1759485546.9936247,7,-10,-50
1759485547.0326247,2,-1,-33
1759485547.0706248,3,0,-45
1759485547.1086247,-3,-5,-38
1759485547.1446247,1,-3,-43
1759485547.1826248,-5,-3,-49
1759485547.2216249,-1,0,-37
1759485547.2596247,3,-2,-44
1759485547.2956247,0,-5,-48
1759485547.332625,3,0,-46
1759485547.3716247,-3,1,-50
1759485547.4096248,0,-3,-39
1759485547.4456248,-5,2,-33
1759485547.4826248,-2,-1,-32
1759485547.5216248,2,0,-31
1759485547.559625,0,-4,-36
1759485547.5956247,1,3,-45
1759485547.6326249,-8,2,-49
1759485547.671625,-3,10,-37
1759485547.7096248,-8,3,-39
1759485547.7456248,-10,4,-35
1759485547.7846248,-7,-3,-24
1759485547.8216248,-2,-5,-21
1759485547.8606248,0,3,-26
1759485547.8966248,-4,1,-29
1759485547.934625,-5,0,-27
1759485547.9726248,-4,2,-40
1759485548.010625,2,6,-51
1759485548.046625,0,0,-45
1759485548.0846248,5,-3,-34
1759485548.1216247,3,3,-41
1759485548.1606247,1,-3,-48
1759485548.1966248,5,0,-41
1759485548.2336247,8,-1,-41
1759485548.2716248,-5,-1,-33
1759485548.3106248,2,-4,-39
1759485548.3466249,-2,1,-37
1759485548.385625,-1,-5,-48
1759485548.4226248,-7,-8,-35
1759485548.4616249,-2,-6,-29
1759485548.4996247,0,-2,-31
1759485548.5356247,6,-6,-37
1759485548.5726247,3,-2,-35
1759485548.6116247,4,-4,-36
1759485548.6496248,3,2,-28
1759485548.6856248,-1,1,-46
1759485548.7226248,-4,1,-38
1759485548.7616248,-3,-5,-37
1759485548.7996247,-1,-3,-36
1759485548.8356247,0,-9,-43
1759485548.8726249,-2,-2,-39
1759485548.911625,-3,-8,-45
1759485548.9496248,-5,0,-39
1759485548.9856248,3,-3,-30
1759485549.0226247,1,0,-30
1759485549.0616248,9,-6,-35
1759485549.0996249,8,-1,-32
1759485549.135625,0,-5,-30
1759485549.1726248,-7,-5,-31
1759485549.2116249,1,-2,-40
1759485549.2496247,4,0,-48
1759485549.2856247,3,-2,-45
1759485549.3226247,-3,1,-36
1759485549.3616247,0,10,-36
1759485549.3996248,4,-5,-43
1759485549.4376247,7,-1,-44
1759485549.4746249,-1,0,-34
1759485549.513625,0,0,-40
1759485549.5516248,0,-3,-42
1759485549.5876248,-1,-8,-32
1759485549.6266248,0,-1,-32
1759485549.6646247,1,0,-31
1759485549.7026248,-3,-3,-32
1759485549.740625,1,-4,-27
1759485549.776625,-3,1,-35
1759485549.8156247,3,6,-40
1759485549.8536248,-6,2,-37
1759485549.8916247,0,-2,-36
1759485549.9276247,-7,-8,-35
1759485549.9656248,-4,-6,-38
1759485550.003625,-3,2,-37
1759485550.0416248,-7,1,-35
1759485550.0806248,-2,0,-41
1759485550.1166248,-3,-2,-41
1759485550.1546247,-3,5,-39
1759485550.2006247,-2,4,-42
1759485550.2366247,0,0,-38
1759485550.273625,-5,1,-38
1759485550.3126247,-2,2,-27
1759485550.3506248,0,2,-38
1759485550.3866248,2,6,-47
1759485550.4236248,-4,-4,-40
1759485550.4626248,0,-4,-42
1759485550.500625,-6,-1,-49
1759485550.536625,-2,-2,-41
1759485550.5746248,-5,4,-45
1759485550.612625,-4,-1,-45
1759485550.651625,0,-3,-37
1759485550.6876247,-1,0,-41
1759485550.7256248,-7,2,-36
1759485550.763625,-1,0,-33
1759485550.8026247,-4,-1,-37
1759485550.8406248,2,0,-38
1759485550.8766248,-3,7,-32
1759485550.9156249,6,3,-50
1759485550.9526248,0,7,-33
1759485550.9916248,0,0,-38
1759485551.0276248,0,3,-35
1759485551.0656247,0,0,-43
1759485551.1036248,0,1,-38
1759485551.1426249,-1,-3,-36
1759485551.1786249,0,4,-39
1759485551.2156248,-4,4,-38
1759485551.2546248,3,-3,-39
1759485551.2926247,4,-6,-28
1759485551.3286247,2,-1,-30
1759485551.3676248,7,-5,-33
1759485551.4046247,-2,0,-33
1759485551.4426248,-7,-5,-32
1759485551.4816248,-2,0,-33
1759485551.5176249,-2,1,-41
1759485551.556625,-9,1,-45
1759485551.5946248,-1,4,-33
1759485551.6326249,5,2,-30
1759485551.6686249,3,2,-25
1759485551.7056248,0,-2,-38
1759485551.7436247,0,0,-35
1759485551.7826247,1,-1,-33
1759485551.8186247,1,-4,-36
1759485551.8566248,1,0,-42
1759485551.8946247,-2,2,-41
1759485551.9326248,1,2,-52
1759485551.9686248,0,0,-42
1759485552.0056248,3,0,-36
1759485552.0446248,4,-2,-39
1759485552.082625,-7,-1,-31
1759485552.1186247,-5,0,-32
1759485552.1556249,-3,4,-36
1759485552.194625,0,-1,-27
1759485552.2326248,-9,-1,-17
1759485552.2686248,-2,-4,-34
1759485552.3076248,0,0,-35
1759485552.3456247,-2,-2,-36
1759485552.3836248,2,1,-26
1759485552.421625,0,0,-31
1759485552.457625,0,-1,-34
1759485552.4946249,3,-1,-36
1759485552.533625,4,6,-33
1759485552.5716248,-2,0,-24
1759485552.6076248,-7,-2,-34
1759485552.6456249,2,-2,-28
1759485552.684625,3,0,-22
1759485552.7226248,-4,-1,-38
1759485552.7586248,-1,2,-45
1759485552.796625,-4,-2,-47
1759485552.8336248,-1,-2,-41
1759485552.8726249,3,-4,-39
1759485552.908625,2,-3,-37
1759485552.9466248,-4,5,-42
1759485552.9836247,8,2,-41
1759485553.0226247,0,5,-35
1759485553.0586247,0,0,-40
1759485553.0966249,-1,3,-49
1759485553.1336248,2,5,-54
1759485553.1726248,2,0,-37
1759485553.2086248,-3,0,-46
1759485553.2466247,6,0,-45
1759485553.283625,0,3,-28
1759485553.3226247,3,0,-43
1759485553.3586247,2,3,-46
1759485553.3966248,8,-4,-54
1759485553.4336247,-2,-2,-38
1759485553.4726248,1,-2,-39
1759485553.5086248,0,-5,-34
1759485553.546625,1,-2,-28
1759485553.5836248,0,2,-31
1759485553.6226249,-3,2,-40
1759485553.658625,3,-1,-43
1759485553.6966248,-3,-1,-40
1759485553.7346249,3,-4,-38
1759485553.7726247,0,2,-38
1759485553.8086247,8,-1,-41
1759485553.8466249,-4,-4,-43
1759485553.8846247,-1,3,-54
1759485553.9236248,-9,0,-39
1759485553.9596248,1,5,-28
1759485553.9966247,2,2,-39
1759485554.0346248,-7,5,-29
1759485554.0736248,-4,-3,-40
1759485554.1096249,-2,0,-27
1759485554.1466248,-3,2,-44
1759485554.184625,0,-1,-40
1759485554.2236247,0,0,-35
1759485554.2596247,3,5,-35
1759485554.2976248,4,3,-36
1759485554.3346248,1,7,-33
1759485554.3736248,-8,3,-33
1759485554.4096248,-2,0,-40
1759485554.4466248,-8,-5,-36
1759485554.4846249,4,-1,-45
1759485554.523625,4,-5,-46
1759485554.559625,2,4,-40
1759485554.5976248,1,0,-38
1759485554.6346247,4,-2,-35
1759485554.6736248,1,-1,-38
1759485554.7096248,1,-1,-36
1759485554.7476249,0,-4,-43
1759485554.7846248,0,-7,-49
1759485554.8236248,2,3,-48
1759485554.8596249,0,0,-42
1759485554.8976247,3,1,-29
1759485554.9356248,0,6,-35
1759485554.9736247,-7,0,-38
1759485555.0096247,2,0,-36
1759485555.0476248,-3,9,-48
1759485555.0846248,5,3,-33
1759485555.1236248,8,4,-30
1759485555.1596248,1,10,-42
1759485555.1976247,3,0,-41
1759485555.2346249,7,2,-37
1759485555.273625,2,-4,-46
1759485555.309625,8,-6,-43
1759485555.3476248,4,0,-34
1759485555.385625,8,0,-38
1759485555.4236248,6,-3,-35
1759485555.4596248,8,0,-51
1759485555.4976249,2,-6,-39
1759485555.5356247,0,-3,-37
1759485555.5736248,6,0,-35
1759485555.6096249,-2,0,-48
1759485555.6476247,0,-3,-46
1759485555.6856248,3,0,-45
1759485555.7236247,2,-3,-44
1759485555.7596247,0,0,-39
1759485555.7976248,2,-2,-33
1759485555.8356247,0,2,-32
1759485555.8736248,-1,0,-30
1759485555.9096248,0,-4,-26
1759485555.9466248,-1,-1,-46
1759485555.9856248,0,-1,-33
1759485556.023625,-3,0,-32
1759485556.059625,-5,-4,-33
1759485556.0986247,2,-2,-36
1759485556.135625,-5,-7,-35
1759485556.1746247,-1,-3,-36
1759485556.2106247,0,-2,-34
1759485556.2486248,5,0,-43
1759485556.2856247,7,0,-47
1759485556.3246248,0,-3,-28
1759485556.3606248,-2,0,-26
1759485556.398625,3,0,-36
1759485556.4356248,0,-2,-44
1759485556.4746249,1,-3,-39
1759485556.510625,-2,-8,-39
1759485556.5496247,-4,-7,-23
1759485556.5866249,0,-3,-44
1759485556.625625,-1,-1,-38
1759485556.661625,1,-3,-48
1759485556.6996248,0,-7,-35
1759485556.7366247,-1,-5,-35
1759485556.7756248,-1,-4,-34
1759485556.8116248,-2,2,-40
1759485556.8486247,-4,0,-46
1759485556.8876247,-4,4,-37
1759485556.9256248,-2,4,-35
1759485556.9616249,0,3,-44
1759485556.9986248,-4,0,-34
1759485557.036625,-7,1,-40
1759485557.0756247,0,4,-35
1759485557.1116247,0,-1,-48
1759485557.1496248,1,-2,-43
1759485557.1876247,2,0,-35
1759485557.2266247,0,0,-31
1759485557.2646248,2,0,-32
1759485557.3016248,5,3,-34
1759485557.339625,0,1,-40
1759485557.3776248,0,4,-42
1759485557.4156249,0,2,-40
1759485557.4516249,-1,-2,-32
1759485557.490625,0,-2,-38
1759485557.5276248,0,-1,-48
1759485557.5666249,0,3,-34
1759485557.6046247,0,0,-21
1759485557.6406248,0,0,-16
1759485557.6776247,0,0,-34
1759485557.7166247,-3,-3,-36
1759485557.7546248,0,-5,-49
1759485557.7906249,0,-4,-42
1759485557.8276248,-3,0,-40
1759485557.8666248,-2,-2,-33
1759485557.9046247,-4,-2,-38
1759485557.9406247,-1,3,-40
1759485557.977625,2,0,-45
1759485558.0166247,1,-1,-39
1759485558.0546248,5,0,-44
1759485558.0906248,9,0,-40
1759485558.1276248,-5,-8,-39
1759485558.1666248,1,-4,-40
1759485558.2026248,-6,-1,-42
1759485558.2416248,-3,-4,-43
1759485558.2786248,-2,-9,-39
1759485558.3176248,0,3,-37
1759485558.355625,2,-2,-39
1759485558.3916247,0,0,-35
1759485558.4286249,-4,-2,-36
1759485558.4666247,-7,-2,-37
1759485558.5056248,0,0,-40
1759485558.5416248,1,3,-40
1759485558.5786247,6,4,-43
1759485558.6166248,-2,6,-34
1759485558.6556249,3,2,-32
1759485558.6916249,-1,3,-25
1759485558.7286248,11,7,-37
1759485558.7666247,5,4,-29
1759485558.8056247,2,-6,-35
1759485558.8416247,-1,-2,-48
1759485558.8796248,-8,-6,-42
1759485558.9176247,0,0,-39
1759485558.9566247,-1,-2,-50
1759485558.9936247,-7,-4,-47
1759485559.0316248,3,-1,-31
1759485559.0686247,4,0,-40
1759485559.1076248,-3,0,-43
1759485559.1456249,-2,0,-39
1759485559.181625,-6,-3,-45
1759485559.2206247,-4,0,-39
1759485559.2586248,0,-3,-46
1759485559.296625,3,3,-46
1759485559.332625,-1,3,-43
1759485559.3706248,-5,0,-39
1759485559.408625,3,-2,-45
1759485559.4476247,9,4,-33
1759485559.4856248,0,0,-30
1759485559.5216248,-7,0,-30
1759485559.5586247,-9,2,-38
1759485559.5976248,-2,4,-34
1759485559.635625,2,-1,-30
1759485559.671625,3,3,-21
1759485559.7086248,0,3,-29
1759485559.7476249,2,-1,-38
1759485559.7856247,-4,2,-36
1759485559.8216248,-5,1,-40
1759485559.8586247,-1,2,-46
1759485559.8976247,1,-5,-40
1759485559.9356248,-1,0,-37
1759485559.9716249,2,1,-35
1759485560.0086248,5,0,-36
1759485560.0476248,4,5,-32
1759485560.0846248,-3,5,-26
1759485560.1216247,3,9,-33
1759485560.1606247,8,-1,-36
1759485560.204625,2,0,-37
1759485560.2426248,0,0,-46
1759485560.2806249,-1,1,-38
1759485560.3176248,-3,2,-38
1759485560.3566248,-5,-6,-35
1759485560.3926249,1,-5,-34
1759485560.4296248,-2,0,-37
1759485560.4686248,2,-3,-41
1759485560.5066247,3,-8,-42
1759485560.5426247,4,0,-28
1759485560.579625,-5,4,-33
1759485560.6186247,0,0,-38
1759485560.6566248,-2,4,-38
1759485560.6926248,-4,0,-38
1759485560.730625,-6,0,-29
1759485560.7686248,-3,-8,-42
1759485560.8076248,0,3,-39
1759485560.8436248,3,5,-39
1759485560.8816247,1,10,-51
1759485560.9196248,-4,-4,-45
1759485560.957625,-2,-9,-35
1759485560.9936247,-5,-2,-27
1759485561.0316248,6,2,-44
1759485561.0706248,-4,5,-34
1759485561.1086247,0,-4,-34
1759485561.1466248,-5,-1,-37
1759485561.1826248,-3,1,-31
1759485561.2206247,6,0,-41
1759485561.2586248,4,-4,-32
1759485561.2976248,0,-6,-32
1759485561.3336248,6,1,-40
1759485561.3716247,1,8,-35
1759485561.4096248,-6,-3,-40
1759485561.4476247,-3,-2,-38
1759485561.4836247,-1,-5,-45
1759485561.5226247,-1,-5,-30
1759485561.5606248,1,-1,-39
1759485561.5986247,2,0,-41
1759485561.635625,2,-6,-31
1759485561.6726248,5,0,-34
1759485561.7106247,0,-1,-37
1759485561.7486248,-4,1,-30
1759485561.7876248,-2,3,-33
1759485561.8236248,-8,1,-37
1759485561.8606248,-3,2,-30
1759485561.8996248,-4,1,-32
1759485561.9376247,-3,-5,-29
1759485561.9736247,-1,-3,-26
1759485562.0126247,3,-4,-33
1759485562.0496247,-2,0,-38
1759485562.0886247,-6,4,-31
1759485562.1246247,-3,-3,-35
1759485562.1626248,-7,-2,-47
1759485562.2016249,-4,-4,-39
1759485562.2396247,2,0,-43
1759485562.2776248,-7,0,-33
1759485562.3136249,-5,5,-44
1759485562.3516247,0,10,-33
1759485562.3896248,2,3,-28
1759485562.4286249,4,-1,-41
1759485562.464625,1,-7,-28
1759485562.5016248,0,-7,-50
1759485562.5406249,0,-3,-42
1759485562.5786247,-7,0,-34
1759485562.6146247,-1,0,-32
1759485562.6536248,3,1,-30
1759485562.6906247,0,-1,-35
1759485562.7296247,-1,2,-41
1759485562.7676249,0,2,-35
1759485562.8036249,2,1,-33
1759485562.8406248,0,4,-43
1759485562.8796248,-5,0,-37
1759485562.9176247,-5,3,-37
1759485562.9536247,0,-2,-42
1759485562.990625,-1,-7,-31
1759485563.0296247,2,0,-33
1759485563.0676248,5,-3,-37
1759485563.1036248,-2,0,-40
1759485563.1416247,-2,0,-44
1759485563.1806247,0,0,-40
1759485563.2186248,0,-4,-38
1759485563.2546248,1,1,-33
1759485563.2916248,6,3,-31
1759485563.3306248,4,-1,-36
1759485563.3686247,3,-2,-29
1759485563.4046247,2,0,-27
1759485563.4436247,4,0,-41
1759485563.480625,0,-6,-30
1759485563.5196247,-4,-8,-31
1759485563.5556247,-1,-2,-27
1759485563.5946248,5,-7,-36
1759485563.6326249,11,-6,-32
1759485563.6706247,-2,-8,-31
1759485563.7086248,0,2,-41
1759485563.7456248,0,5,-40
1759485563.7826247,3,0,-39
1759485563.8206248,-3,1,-39
1759485563.8596249,-11,2,-41
1759485563.8956249,-6,3,-54
1759485563.9336247,-2,2,-38
1759485563.9716249,0,0,-25
1759485564.010625,3,-4,-21
1759485564.0486248,0,-2,-35
1759485564.0846248,-4,0,-48
1759485564.1216247,-4,4,-46
1759485564.1606247,5,-3,-45
1759485564.1986248,6,-3,-28
1759485564.2346249,6,0,-26
1759485564.2716248,1,0,-43
1759485564.3106248,-2,0,-36
1759485564.3486247,-7,-2,-36
1759485564.3846247,0,-4,-35
1759485564.421625,-10,-7,-40
1759485564.4606247,-8,-6,-40
1759485564.4986248,-4,-11,-26
1759485564.5346248,6,-5,-32
1759485564.5726247,3,-9,-43
1759485564.6116247,-2,-6,-48
1759485564.6496248,3,-4,-44
1759485564.6856248,-4,-3,-42
1759485564.7236247,1,-4,-32
1759485564.7626247,3,-3,-35
1759485564.8006248,0,0,-36
1759485564.8386247,-2,-7,-33
1759485564.8746247,1,-4,-32
1759485564.9126248,4,-1,-35
1759485564.9506247,1,2,-40
1759485564.9896247,0,3,-40
1759485565.0256248,-1,-2,-48
1759485565.0636249,-3,1,-43
1759485565.1016247,0,1,-33
1759485565.1406248,-1,4,-38
1759485565.1766248,-1,2,-44
1759485565.214625,-3,2,-48
1759485565.2526248,1,0,-39
1759485565.2916248,-9,-5,-33
1759485565.329625,1,-8,-29
1759485565.365625,-2,-1,-40
1759485565.4036248,-7,0,-41
1759485565.4426248,-1,5,-30
1759485565.480625,5,0,-36
1759485565.5166247,0,0,-25
1759485565.5546248,-1,-1,-44
1759485565.592625,3,5,-39
1759485565.6306248,-2,3,-40
1759485565.6666248,-3,-1,-38
1759485565.7056248,2,0,-44
1759485565.7426248,2,1,-37
1759485565.7806249,1,-2,-34
1759485565.819625,5,-7,-43
1759485565.855625,2,-1,-43
1759485565.8946247,0,-7,-31
1759485565.931625,-3,-5,-48
1759485565.9706247,-6,-5,-43
1759485566.0066247,-7,-5,-34
1759485566.0446248,-1,-8,-34
1759485566.082625,0,-8,-31
1759485566.1216247,-1,2,-36
1759485566.1596248,2,-4,-32
1759485566.1956248,0,0,-32
1759485566.2326248,-3,-1,-24
1759485566.2716248,1,-2,-31
1759485566.309625,1,10,-41
1759485566.3456247,0,4,-38
1759485566.3836248,3,2,-41
1759485566.421625,0,2,-40
1759485566.4596248,3,1,-31
1759485566.4956248,8,-1,-32
1759485566.533625,-1,2,-31
1759485566.5716248,5,1,-34
1759485566.6096249,7,4,-48
1759485566.6466248,4,2,-47
1759485566.684625,2,-1,-49
1759485566.7216249,-4,-7,-47
1759485566.760625,-11,-4,-48
1759485566.7976248,0,-7,-45
1759485566.8346248,-2,-2,-30
1759485566.8736248,1,-2,-41
1759485566.911625,-1,0,-48
1759485566.9476247,-2,6,-26
1759485566.9856248,-5,1,-37
1759485567.0246248,1,0,-43
1759485567.0616248,2,-7,-36
1759485567.1006248,1,-5,-40
1759485567.1366248,-3,6,-51
1759485567.1746247,1,-1,-42
1759485567.2136247,3,0,-47
1759485567.2516248,0,-1,-44
1759485567.2876248,-1,-3,-47
1759485567.3256247,0,0,-50
1759485567.3636248,-5,-2,-33
1759485567.4026248,-6,-2,-38
1759485567.4406247,2,1,-34
1759485567.4766247,-3,0,-25
1759485567.5146248,-4,2,-30
1759485567.5516248,2,3,-39
1759485567.5906248,2,-7,-31
1759485567.6266248,2,0,-51
1759485567.6636248,-1,-6,-39
1759485567.7026248,2,3,-25
1759485567.740625,3,-5,-26
1759485567.776625,11,-7,-23
1759485567.8156247,11,-1,-26
1759485567.852625,7,1,-31
1759485567.8916247,0,-7,-38
1759485567.9276247,-4,-9,-34
1759485567.9656248,-7,-9,-36
1759485568.003625,-9,5,-45
1759485568.0426247,0,-7,-31
1759485568.0806248,4,-2,-28
1759485568.1166248,-5,0,-31
1759485568.1546247,1,2,-32
1759485568.1926248,1,2,-31
1759485568.230625,0,2,-27
1759485568.2666247,0,-2,-27
1759485568.3046248,8,-4,-33
1759485568.342625,4,-2,-39
1759485568.3816247,1,-5,-42
1759485568.4186249,0,-6,-50
1759485568.4556248,-3,-8,-51
1759485568.4936247,-1,0,-46
1759485568.5326247,-1,1,-43
1759485568.5706248,0,0,-39
1759485568.6066248,1,7,-32
1759485568.6446247,7,2,-30
1759485568.6826248,-3,3,-35
1759485568.7186248,-9,-2,-43
1759485568.7576249,0,-2,-38
1759485568.7946248,-1,-8,-28
1759485568.832625,-4,-6,-27
1759485568.8686247,4,-4,-33
1759485568.9066248,0,-6,-26
1759485568.9456248,5,-7,-21
1759485568.9836247,10,-7,-27
1759485569.0216248,-5,2,-37
1759485569.0586247,2,0,-37
1759485569.0956247,0,2,-41
1759485569.1336248,0,1,-32
1759485569.1726248,0,0,-31
1759485569.2086248,1,1,-37
1759485569.2456248,-1,6,-41
1759485569.283625,-7,-1,-40
1759485569.3226247,-1,-4,-36
1759485569.3586247,4,-9,-23
1759485569.3966248,4,-1,-25
1759485569.4336247,0,-2,-41
1759485569.4726248,-6,-4,-41
1759485569.5086248,0,-2,-33
1759485569.546625,-1,3,-34
1759485569.5856247,0,0,-36
1759485569.6236248,1,0,-36
1759485569.661625,-3,5,-38
1759485569.6976247,0,-1,-41
1759485569.7356248,5,6,-42
1759485569.7746248,4,3,-36
1759485569.8126247,-5,3,-30
1759485569.8486247,-3,-3,-36
1759485569.8876247,6,6,-27
1759485569.9246247,2,-6,-39
1759485569.9636247,-4,-3,-53
1759485570.0016248,2,-3,-37
1759485570.0376248,-2,-3,-35
1759485570.0766249,-4,2,-38
1759485570.1136248,-2,2,-26
1759485570.1526248,-1,-2,-34
1759485570.1886249,0,-10,-33
1759485570.2346249,8,4,-38
1759485570.2726247,1,-1,-41
1759485570.309625,-5,-5,-44
1759485570.3466249,0,-4,-40
1759485570.3846247,1,-1,-39
1759485570.4236248,1,-8,-23
1759485570.4596248,0,-9,-26
1759485570.4966247,9,-3,-30
1759485570.5346248,-3,-4,-37
1759485570.5736248,-3,-9,-40
1759485570.6096249,-6,-5,-34
1759485570.6476247,-1,1,-43
1759485570.6866248,6,-7,-43
1759485570.7236247,8,0,-38
1759485570.7626247,8,1,-34
1759485570.7986248,4,-5,-38
1759485570.8366249,-4,-8,-33
1759485570.875625,-3,-5,-41
1759485570.9136248,-4,-7,-40
1759485570.9496248,0,-6,-37
1759485570.9866247,-4,-2,-49
1759485571.0256248,-5,2,-39
1759485571.0636249,0,2,-32
1759485571.0996249,0,1,-46
1759485571.1366248,0,-2,-46
1759485571.1756248,1,-7,-26
1759485571.2136247,0,-4,-25
1759485571.2496247,-2,-8,-33
1759485571.2886248,-2,2,-28
1759485571.3256247,-4,0,-30
1759485571.3646247,2,-10,-43
1759485571.4026248,-4,-3,-34
1759485571.4386249,0,-2,-41
1759485571.4756248,2,-2,-32
1759485571.5146248,2,-4,-32
1759485571.5526247,6,-2,-39
1759485571.5886247,3,-6,-41
1759485571.6266248,-2,-5,-29
1759485571.6646247,-2,-7,-33
1759485571.7026248,3,1,-40
1759485571.7386248,3,-7,-45
1759485571.7756248,-5,-4,-42
1759485571.8146248,-6,-3,-45
1759485571.852625,1,-9,-45
1759485571.888625,1,-7,-38
1759485571.9266248,3,-2,-40
1759485571.964625,-1,-7,-39
1759485572.0026248,0,-1,-50
1759485572.0386248,1,1,-48
1759485572.0766249,2,4,-50
1759485572.1146247,7,0,-42
1759485572.1506248,4,0,-40
1759485572.1886249,0,-1,-31
1759485572.2266247,-4,0,-49
1759485572.2646248,-4,5,-30
1759485572.3006248,-7,-5,-30
1759485572.339625,3,-7,-35
1759485572.3766248,-1,1,-31
1759485572.4156249,-7,5,-44
1759485572.4536247,-6,3,-47
1759485572.4896247,0,-5,-53
1759485572.526625,0,-6,-34
1759485572.5656247,-4,-2,-45
1759485572.6036248,-9,0,-44
1759485572.6396248,-3,-7,-34
1759485572.6786249,-7,0,-37
1759485572.7156248,-4,-8,-40
1759485572.7546248,3,-5,-30
1759485572.7906249,3,5,-36
1759485572.8286247,-4,-4,-31
1759485572.865625,-6,-4,-32
1759485572.9046247,-9,-4,-48
1759485572.9406247,-3,-7,-51
1759485572.9796247,5,4,-48
1759485573.0166247,0,4,-41
1759485573.0556247,0,1,-47
1759485573.0936248,0,-2,-34
1759485573.1296248,-5,-6,-30
1759485573.1676247,-2,-7,-37
1759485573.2066247,-1,-2,-28
1759485573.2446249,-3,-7,-41
1759485573.2806249,-5,-12,-46
1759485573.319625,-2,0,-43
1759485573.3566248,-2,0,-42
1759485573.3956249,0,3,-47
1759485573.4336247,0,1,-47
1759485573.4696248,0,-3,-47
1759485573.5076249,-1,-3,-35
1759485573.5456247,-4,0,-32
1759485573.5846248,-3,2,-25
1759485573.6206248,-7,2,-47
1759485573.658625,-6,0,-47
1759485573.6966248,-1,2,-42
1759485573.7356248,4,-1,-34
1759485573.773625,2,-4,-39
1759485573.809625,1,-1,-34
1759485573.8486247,-2,-6,-28
1759485573.8866248,0,-1,-46
1759485573.9246247,-7,-5,-47
1759485573.9606247,-8,-1,-46
1759485573.9996247,2,-7,-41
1759485574.0376248,-1,-3,-44
1759485574.0756247,0,-2,-43
1759485574.112625,-3,-3,-46
1759485574.1496248,-9,0,-37
1759485574.1886249,-6,-4,-38
1759485574.2256248,1,0,-35
1759485574.2646248,1,-4,-34
1759485574.3006248,6,3,-36
1759485574.3376248,0,-7,-48
1759485574.3766248,2,-2,-33
1759485574.4146247,7,-5,-39
1759485574.4506247,6,-2,-42
1759485574.487625,3,0,-33
1759485574.526625,5,1,-46
1759485574.5646248,3,0,-38
1759485574.6006248,-4,0,-33
1759485574.638625,-4,-4,-46
1759485574.6766248,1,-2,-40
1759485574.7156248,3,5,-40
1759485574.7516248,-1,1,-45
1759485574.7906249,-9,-2,-38
1759485574.8286247,-2,-3,-48
1759485574.8666248,2,5,-31
1759485574.9046247,-1,2,-36
1759485574.9406247,-9,0,-35
1759485574.9786248,-2,4,-32
1759485575.0166247,-1,0,-31
1759485575.0546248,-5,2,-34
1759485575.0906248,0,8,-34
1759485575.128625,1,3,-32
1759485575.1666248,-3,-5,-43
1759485575.204625,0,5,-34
1759485575.240625,0,-1,-34
1759485575.2776248,0,-3,-44
1759485575.3166249,3,0,-30
1759485575.3546247,6,-2,-29
1759485575.3906248,-3,1,-35
1759485575.4276247,1,-2,-36
1759485575.4666247,-2,-5,-31
1759485575.5046248,4,-8,-50
1759485575.5406249,1,-3,-41
1759485575.5776248,5,-4,-49
1759485575.6166248,0,3,-38
1759485575.6536248,1,-4,-37
1759485575.6916249,7,-2,-46
1759485575.7296247,2,-3,-47
1759485575.7676249,4,-1,-45
1759485575.8056247,-5,3,-24
1759485575.8416247,-2,4,-35
1759485575.878625,3,-2,-38
1759485575.9176247,5,1,-34
1759485575.9556248,1,-4,-33
1759485575.9916248,-8,-6,-41
1759485576.0306249,-1,-9,-35
1759485576.0676248,2,0,-33
1759485576.1066248,6,6,-26
1759485576.1426249,7,2,-28
1759485576.1806247,0,-2,-27
1759485576.217625,11,0,-32
1759485576.2566247,6,-5,-38
1759485576.2926247,2,-6,-37
1759485576.329625,6,5,-32
1759485576.3676248,-3,0,-48
1759485576.4066248,1,-1,-41
1759485576.4426248,0,-1,-38
1759485576.4796247,-6,3,-35
1759485576.5186248,0,3,-40
1759485576.556625,-1,-3,-40
1759485576.592625,-3,-2,-47
1759485576.6316247,1,-2,-37
1759485576.6686249,3,0,-37
1759485576.707625,-5,6,-44
1759485576.7456248,-4,-1,-46
1759485576.7816248,-3,-6,-54
1759485576.819625,-1,-8,-49
1759485576.8586247,-5,-9,-39
1759485576.8966248,-3,-1,-41
1759485576.9326248,5,-3,-35
1759485576.9696248,7,2,-34
1759485577.0076249,4,-3,-32
1759485577.046625,-3,3,-28
1759485577.082625,-3,3,-24
1759485577.1196249,-8,2,-38
1759485577.158625,0,3,-34
1759485577.1966248,6,1,-34
1759485577.2326248,5,-8,-36
1759485577.2696247,4,-4,-34
1759485577.3076248,-6,-5,-31
1759485577.3466249,-2,1,-34
1759485577.3826249,-3,-6,-32
1759485577.4206247,-4,-6,-36
1759485577.4586248,0,-4,-36
1759485577.4976249,4,-3,-30
1759485577.533625,1,-8,-37
1759485577.5726247,-1,-2,-44
1759485577.6106248,2,4,-34
1759485577.648625,-3,3,-32
1759485577.6866248,0,-6,-38
1759485577.7236247,2,-2,-35
1759485577.760625,0,0,-45
1759485577.7986248,2,0,-35
1759485577.8376248,-2,-2,-40
1759485577.8736248,-2,2,-36
1759485577.911625,0,7,-25
1759485577.9496248,4,3,-28
1759485577.987625,5,-1,-32
1759485578.026625,3,-6,-33
1759485578.0626247,-2,-9,-44
1759485578.1006248,-8,-4,-39
1759485578.138625,1,1,-37
1759485578.1776247,-3,0,-33
1759485578.2136247,0,3,-33
1759485578.2526248,-3,6,-37
1759485578.2906249,-5,3,-34
1759485578.3286247,0,-4,-29
1759485578.3666248,0,-2,-40
1759485578.4026248,3,-2,-39
1759485578.4406247,0,1,-46
1759485578.4786248,0,2,-41
1759485578.5166247,3,6,-37
1759485578.5526247,4,0,-30
1759485578.5906248,0,-4,-39
1759485578.628625,0,-6,-33
1759485578.6666248,-1,3,-32
1759485578.7026248,-8,3,-37
1759485578.740625,-7,-2,-39
1759485578.7786248,-5,5,-39
1759485578.8166249,2,-2,-45
1759485578.852625,4,-1,-48
1759485578.8906248,3,5,-41
1759485578.9286249,1,0,-47
1759485578.967625,-1,-2,-40
1759485579.003625,3,0,-44
1759485579.0416248,0,3,-36
1759485579.0786247,-5,1,-32
1759485579.1176248,-7,0,-34
1759485579.1536248,-5,-4,-20
1759485579.1926248,7,0,-31
1759485579.2296247,0,0,-34
1759485579.2686248,-7,10,-37
1759485579.3046248,-2,4,-27
1759485579.342625,-6,8,-31
1759485579.3806248,-2,6,-32
1759485579.4196248,-2,-2,-33
1759485579.457625,-1,0,-39
1759485579.4936247,-7,7,-30
1759485579.5306249,0,0,-33
1759485579.5686247,4,-3,-32
1759485579.6076248,-11,0,-44
1759485579.6436248,-6,4,-42
1759485579.6826248,3,4,-40
1759485579.7206247,2,1,-34
1759485579.7586248,0,0,-41
1759485579.7946248,0,0,-30
1759485579.832625,-1,-4,-29
1759485579.8696249,-3,1,-31
1759485579.908625,0,-1,-37
1759485579.944625,-1,2,-39
1759485579.9816248,3,1,-33
1759485580.0196247,-6,-2,-46
1759485580.0586247,-8,1,-37
1759485580.0946248,-4,0,-39
1759485580.1326249,-6,0,-40
1759485580.1696248,-4,1,-36
1759485580.2086248,3,7,-36
1759485580.2526248,0,2,-43
1759485580.2896247,2,-3,-38
1759485580.3286247,3,0,-42
1759485580.3646247,1,-1,-30
1759485580.4026248,3,1,-40
1759485580.4416249,2,2,-40
1759485580.4796247,0,6,-36
1759485580.5176249,7,2,-27
1759485580.5536249,5,1,-43
1759485580.5906248,0,3,-44
1759485580.6296248,5,3,-47
1759485580.6676247,8,-7,-42
1759485580.7036247,0,-1,-38
1759485580.7426248,0,2,-43
1759485580.7796247,-3,0,-33
1759485580.8186247,-2,4,-34
1759485580.8546247,2,-2,-37
1759485580.8926249,0,1,-41
1759485580.9296248,1,-8,-35
1759485580.9686248,-1,0,-24
1759485581.0046248,0,1,-29
1759485581.0426247,0,0,-38
1759485581.079625,-1,-7,-42
1759485581.1186247,0,0,-36
1759485581.1546247,5,-2,-33
1759485581.1936247,7,-1,-26
1759485581.230625,5,0,-31
1759485581.2696247,2,2,-42
1759485581.3056247,0,0,-45
1759485581.342625,-3,0,-37
1759485581.3806248,5,-3,-35
1759485581.4196248,2,2,-33
1759485581.4556248,-1,7,-35
1759485581.4936247,5,0,-44
1759485581.5316248,2,0,-41
1759485581.5706248,5,-14,-38
1759485581.6086247,-1,-4,-40
1759485581.6446247,0,-6,-33
1759485581.681625,8,-2,-33
1759485581.7206247,0,-6,-37
1759485581.7586248,-2,2,-37
1759485581.7946248,0,-1,-35
1759485581.8316247,-1,-1,-32
1759485581.8706248,1,4,-33
1759485581.908625,0,0,-39
1759485581.944625,5,-2,-36
1759485581.9816248,-7,1,-34
1759485582.0206249,0,0,-39
1759485582.0586247,3,0,-44
1759485582.0946248,-2,-1,-47
1759485582.1326249,-5,-7,-40
1759485582.1706247,4,-4,-26
1759485582.2096248,-7,-1,-27
1759485582.2456248,-2,0,-37
1759485582.283625,-11,-1,-27
1759485582.3226247,-1,3,-20
1759485582.3606248,3,0,-33
1759485582.398625,6,-1,-35
1759485582.434625,-1,0,-35
1759485582.4736247,-3,2,-47
1759485582.510625,2,-6,-38
1759485582.5496247,0,-6,-31
1759485582.5866249,0,-4,-38
1759485582.6246247,2,-2,-37
1759485582.661625,0,3,-33
1759485582.7006247,3,0,-40
1759485582.7366247,-1,7,-40
1759485582.7746248,2,1,-30
1759485582.8126247,0,-3,-22
1759485582.8506248,0,-1,-34
1759485582.8896248,1,0,-30
1759485582.9256248,-2,-5,-30
1759485582.9636247,1,-2,-34
1759485583.0026248,6,-1,-29
1759485583.0406249,-1,0,-26
1759485583.0766249,0,-2,-34
1759485583.1136248,1,2,-43
1759485583.1526248,-4,4,-41
1759485583.1906247,-1,1,-36
1759485583.2266247,2,1,-34
1759485583.2656248,3,3,-34
1759485583.3036249,0,6,-56
1759485583.3416247,0,4,-52
1759485583.3796248,6,0,-39
1759485583.4156249,1,-2,-39
1759485583.4526248,2,1,-35
1759485583.4916248,-4,1,-38
1759485583.5296247,2,1,-32
1759485583.5656247,-4,1,-39
1759485583.6036248,-2,-3,-23
1759485583.6416247,-7,-3,-40
1759485583.6796248,-7,-2,-40
1759485583.7156248,-2,1,-45
1759485583.7546248,-5,1,-45
1759485583.7916248,4,-2,-32
1759485583.8306248,5,0,-37
1759485583.8666248,2,1,-25
1759485583.9046247,0,-3,-42
1759485583.9416249,4,-6,-46
1759485583.980625,-6,-4,-30
1759485584.0166247,-10,-3,-37
1759485584.0546248,-10,0,-42
1759485584.092625,-4,3,-39
1759485584.1316247,-5,8,-40
1759485584.1696248,2,0,-35
1759485584.2056248,5,-5,-33
1759485584.2426248,0,0,-34
1759485584.2816248,-3,-3,-47
1759485584.3176248,-1,-6,-45
1759485584.355625,-4,-3,-43
1759485584.3936248,-1,0,-41
1759485584.4326248,0,-1,-37
1759485584.4706247,3,-5,-32
1759485584.5066247,1,-3,-44
1759485584.5456247,8,-2,-39
1759485584.5836248,3,0,-42
1759485584.6216247,1,-6,-44
1759485584.6576247,-4,-3,-32
1759485584.6966248,-9,2,-45
1759485584.7346249,-2,3,-48
1759485584.7726247,2,-1,-49
1759485584.8106248,1,-3,-49
1759485584.8466249,-2,4,-43
1759485584.8846247,-8,4,-39
1759485584.9236248,-8,-4,-55
1759485584.9616249,3,0,-34
1759485584.9976249,0,-1,-32
1759485585.0346248,0,0,-27
1759485585.0726247,-3,-1,-36
1759485585.1116247,-1,0,-24
1759485585.1476247,-6,-6,-36
1759485585.1856248,-3,-2,-26
1759485585.2236247,-2,-2,-30
1759485585.2626247,5,5,-39
1759485585.3006248,1,4,-46
1759485585.3366249,0,-4,-37
1759485585.375625,5,-4,-27
1759485585.4126248,2,-10,-34
1759485585.4516249,-4,-6,-32
1759485585.487625,-2,0,-26
1759485585.526625,-3,6,-43
1759485585.5646248,-3,5,-34
1759485585.602625,-10,0,-39
1759485585.6406248,-5,-1,-40
1759485585.6766248,-1,-3,-38
1759485585.714625,-5,-4,-44
1759485585.7526248,-3,-3,-45
1759485585.7916248,4,6,-52
1759485585.8276248,4,5,-36
1759485585.865625,-3,0,-28
1759485585.9026248,-6,-5,-31
1759485585.9416249,-6,3,-24
1759485585.977625,-2,0,-29
1759485586.0146248,-6,-3,-29
1759485586.0526247,0,-1,-46
1759485586.0916247,4,0,-41
1759485586.1276248,1,-3,-37
1759485586.1666248,3,0,-39
1759485586.2036247,-1,1,-38
1759485586.2426248,-2,-4,-40
1759485586.2786248,0,0,-45
1759485586.3166249,-3,0,-49
1759485586.3546247,-2,1,-55
1759485586.3926249,-4,-2,-37
1759485586.431625,-6,2,-26
1759485586.467625,0,6,-46
1759485586.5046248,3,-7,-37
1759485586.5426247,-3,-2,-47
1759485586.5816247,-2,0,-35
1759485586.6176248,0,-3,-39
1759485586.6546247,-5,-2,-25
1759485586.6936247,-3,2,-34
1759485586.7316248,-9,0,-34
1759485586.7676249,-1,1,-37
1759485586.8056247,1,-2,-39
1759485586.8446248,5,0,-39
1759485586.8826249,2,1,-33
1759485586.9186249,-7,2,-26
1759485586.9566247,-2,7,-35
1759485586.9946249,-4,-3,-33
1759485587.0326247,0,-2,-39
1759485587.0686247,-9,7,-22
1759485587.1066248,0,-5,-37
1759485587.1446247,2,-3,-35
1759485587.1826248,2,-4,-40
1759485587.2186248,-2,-5,-38
1759485587.2566247,-3,0,-48
1759485587.2956247,-3,-2,-49
1759485587.3336248,2,-5,-38
1759485587.3716247,3,-11,-42
1759485587.4076247,4,-4,-33
1759485587.4456248,-2,-3,-44
1759485587.4836247,4,0,-38
1759485587.5226247,0,1,-29
1759485587.5586247,1,4,-34
1759485587.5956247,0,6,-41
1759485587.6336248,3,1,-35
1759485587.6726248,-5,-1,-49
1759485587.7086248,5,-4,-46
1759485587.7466247,0,2,-32
1759485587.7846248,7,1,-39
1759485587.8236248,-4,-4,-37
1759485587.8596249,-5,-3,-42
1759485587.898625,0,0,-40
1759485587.9366248,-1,0,-40
1759485587.9736247,1,-4,-43
1759485588.0126247,3,-3,-48
1759485588.0486248,4,-3,-47
1759485588.0866249,-1,-7,-43
1759485588.125625,-2,-1,-32
1759485588.1636248,-4,0,-35
1759485588.1996248,0,-2,-42
1759485588.2366247,-4,-7,-33
1759485588.2756248,-3,-1,-35
1759485588.3136249,2,0,-32
1759485588.3496249,1,-3,-36
1759485588.3876247,0,-6,-35
1759485588.4266248,-1,3,-38
1759485588.4636247,3,0,-35
1759485588.5026248,-4,0,-38
1759485588.5386248,-9,-2,-32
1759485588.5776248,-8,-6,-39
1759485588.615625,-6,2,-30
1759485588.6536248,-2,2,-36
1759485588.6896248,0,0,-37
1759485588.7286248,2,3,-40
1759485588.7666247,-5,0,-39
1759485588.8046248,4,0,-38
1759485588.842625,0,3,-34
1759485588.878625,-7,7,-25
1759485588.9156249,0,6,-26
1759485588.954625,3,4,-29
1759485588.9926248,-1,0,-42
1759485589.0286248,0,1,-39
1759485589.0656247,4,-1,-44
1759485589.1046247,2,2,-29
1759485589.1426249,7,7,-33
1759485589.1786249,4,2,-38
1759485589.2156248,-3,-1,-30
1759485589.2546248,0,2,-30
1759485589.2926247,-6,2,-37
1759485589.3286247,0,-1,-33
1759485589.3676248,-8,0,-38
1759485589.4046247,-4,1,-30
1759485589.4436247,-5,-3,-28
1759485589.4796247,-5,-3,-24
1759485589.5176249,4,1,-40
1759485589.556625,-3,-3,-32
1759485589.5946248,-1,-2,-34
1759485589.6306248,-1,1,-40
1759485589.6676247,6,-3,-46
1759485589.7056248,5,0,-39
1759485589.7446249,7,3,-32
1759485589.7806249,7,0,-32
1759485589.8176248,-1,1,-32
1759485589.8566248,4,-2,-35
1759485589.8946247,0,8,-40
1759485589.9306247,5,2,-43
1759485589.967625,3,6,-38
1759485590.0056248,-6,-2,-43
1759485590.0446248,-3,0,-46
1759485590.0806248,-3,-3,-35
1759485590.1196249,3,-3,-35
1759485590.1566248,-2,-3,-25
1759485590.1956248,-2,1,-30
1759485590.2336247,-2,-2,-45
1759485590.2786248,0,-1,-34
1759485590.3156247,6,10,-32
1759485590.3546247,0,8,-41
1759485590.3906248,-4,2,-40
1759485590.4296248,-6,3,-33
1759485590.4676247,0,0,-34
1759485590.5056248,3,3,-36
1759485590.5436249,0,0,-39
1759485590.579625,-1,0,-38
1759485590.6186247,4,1,-37
1759485590.6556249,-8,1,-42
1759485590.6946247,2,3,-37
1759485590.7306247,1,-1,-44
1759485590.7686248,4,2,-42
1759485590.806625,12,-4,-31
1759485590.8456247,1,-4,-31
1759485590.8836248,2,-4,-30
1759485590.9196248,2,-2,-40
1759485590.9576247,-2,-1,-42
1759485590.9966247,6,4,-20
1759485591.0346248,5,0,-39
1759485591.0706248,0,0,-39
1759485591.1086247,1,-1,-26
1759485591.1456249,-1,-1,-40
1759485591.1846247,3,2,-34
1759485591.2206247,2,2,-28
1759485591.2576249,8,-3,-27
1759485591.2956247,8,4,-35
1759485591.3346248,3,0,-41
1759485591.3706248,3,0,-35
1759485591.4076247,4,-1,-26
1759485591.4456248,4,-1,-34
1759485591.4846249,-5,-5,-38
1759485591.5216248,1,-8,-35
1759485591.5586247,5,0,-30
1759485591.5976248,3,3,-38
1759485591.635625,-1,0,-30
1759485591.6716247,1,3,-34
1759485591.7086248,3,0,-39
1759485591.7466247,7,8,-42
1759485591.7856247,-2,8,-27
1759485591.8216248,-3,0,-36
1759485591.8586247,-3,0,-28
1759485591.8966248,0,6,-27
1759485591.9356248,3,0,-29
1759485591.9716249,8,-3,-41
1759485592.0086248,4,-1,-39
1759485592.0466247,3,-1,-42
1759485592.0856247,-4,4,-28
1759485592.1216247,4,0,-34
1759485592.158625,6,2,-37
1759485592.1976247,2,-1,-41
1759485592.2356248,-2,3,-38
1759485592.2716248,-3,-3,-45
1759485592.3106248,0,2,-41
1759485592.3486247,0,0,-29
1759485592.3866248,0,1,-34
1759485592.4246247,4,0,-37
1759485592.4606247,1,-5,-41
1759485592.4986248,-2,-7,-39
1759485592.5366247,0,2,-47
1759485592.5756247,3,-2,-37
1759485592.6116247,0,3,-42
1759485592.6486247,4,-1,-42
1759485592.6866248,-1,-6,-33
1759485592.7256248,0,1,-36
1759485592.7616248,0,0,-41
1759485592.7996247,0,-3,-50
1759485592.8366249,0,-8,-28
1759485592.8756247,-5,-2,-26
1759485592.9116247,-5,-4,-38
1759485592.9496248,-8,0,-30
1759485592.987625,-4,4,-39
1759485593.0266247,-4,-5,-31
1759485593.0626247,-5,-4,-34
1759485593.1006248,-6,3,-29
1759485593.1396248,-4,-1,-39
1759485593.1776247,0,2,-47
1759485593.2156248,0,2,-28
1759485593.2516248,-1,-1,-39
1759485593.2906249,-7,-3,-46
1759485593.3276248,-9,-1,-35
1759485593.3666248,5,1,-32
1759485593.4026248,1,-6,-36
1759485593.4416249,3,2,-38
1759485593.4796247,-1,1,-36
1759485593.5166247,-1,-1,-30
1759485593.5556247,7,3,-40
1759485593.5916247,-2,-2,-39
1759485593.6306248,0,3,-45
1759485593.6676247,1,-2,-41
1759485593.7066247,-6,2,-37
1759485593.7426248,2,-9,-29
1759485593.7796247,1,-2,-23
1759485593.8176248,-9,-2,-40
1759485593.8566248,0,3,-29
1759485593.8926249,1,2,-32
1759485593.9296248,0,-1,-38
1759485593.9676247,0,0,-45
1759485594.0066247,-3,-2,-43
1759485594.0426247,0,-1,-42
1759485594.079625,5,-2,-32
1759485594.1176248,2,2,-40
1759485594.1566248,0,3,-40
1759485594.1926248,2,1,-33
1759485594.2296247,5,0,-41
1759485594.2686248,1,-1,-47
1759485594.306625,-3,-5,-52
1759485594.3426247,1,-5,-49
1759485594.3796248,0,-4,-45
1759485594.4176247,-3,1,-37
1759485594.4566247,0,-3,-34
1759485594.4926248,-2,2,-36
1759485594.5306249,0,-5,-34
1759485594.5686247,0,-8,-48
1759485594.6066248,4,-4,-47
1759485594.6426249,-3,-2,-43
1759485594.681625,-7,2,-45
1759485594.7186248,-4,3,-35
1759485594.7576249,-9,-1,-35
1759485594.7936249,-3,2,-31
1759485594.8306248,3,3,-30
1759485594.8686247,0,5,-40
1759485594.9076247,-1,6,-30
1759485594.9436247,2,-1,-35
1759485594.9816248,1,-2,-27
1759485595.0186248,-3,0,-28
1759485595.0576248,-7,0,-32
1759485595.0936248,-1,-5,-28
1759485595.1316247,9,0,-25
1759485595.1706247,7,-1,-34
1759485595.2086248,-1,-8,-39
1759485595.2466247,1,0,-52
1759485595.283625,-3,2,-51
1759485595.3216248,-5,-3,-40
1759485595.3586247,4,-1,-39
1759485595.3976247,7,-1,-39
1759485595.4336247,6,-3,-43
1759485595.4716249,5,3,-42
1759485595.5086248,0,1,-48
1759485595.5476248,5,0,-39
1759485595.5836248,1,0,-34
1759485595.6216247,1,-2,-38
1759485595.6596248,-3,0,-36
1759485595.6976247,2,0,-42
1759485595.7336247,3,3,-34
1759485595.7716248,2,9,-40
1759485595.8096247,7,3,-43
1759485595.8476248,10,5,-40
1759485595.8836248,3,-5,-45
1759485595.9206247,3,-1,-42
1759485595.9586248,-3,0,-31
1759485595.9976249,-6,-1,-34
1759485596.033625,-4,0,-41
1759485596.0716248,0,4,-45
1759485596.1096249,-2,0,-42
1759485596.1476247,1,-2,-41
1759485596.1836247,1,-5,-27
1759485596.2216249,1,-7,-29
1759485596.2596247,6,0,-37
1759485596.2976248,8,2,-35
1759485596.3336248,-1,2,-37
1759485596.3726249,0,-2,-34
1759485596.4106247,1,3,-35
1759485596.4486248,5,-1,-30
1759485596.4846249,-2,3,-33
1759485596.5226247,0,3,-44
1759485596.5596247,0,4,-28
1759485596.5986247,4,0,-41
1759485596.6346247,-7,-6,-28
1759485596.6726248,-5,-4,-37
1759485596.7106247,-2,0,-44
1759485596.7496247,-4,3,-47
1759485596.7876248,-5,-2,-39
1759485596.8236248,-3,-6,-46
1759485596.8616247,-8,0,-32
1759485596.8996248,-7,-5,-37
1759485596.9386249,0,0,-27
1759485596.9756248,-4,-1,-24
1759485597.0126247,-4,-2,-32
1759485597.0506248,-1,-6,-44
1759485597.089625,-3,-5,-35
1759485597.1276248,2,-7,-36
1759485597.1636248,-7,1,-37
1759485597.2016249,-4,0,-36
1759485597.2396247,-5,-8,-44
1759485597.2776248,3,-5,-33
1759485597.3136249,0,1,-34
1759485597.3506248,5,1,-35
1759485597.3896248,3,-4,-36
1759485597.4276247,-1,1,-31
1759485597.4636247,5,-2,-36
1759485597.5026248,8,2,-29
1759485597.5396247,5,4,-36
1759485597.5786247,5,2,-35
1759485597.6156247,6,-2,-47
1759485597.6526248,2,2,-38
1759485597.6906247,-5,8,-30
1759485597.7296247,0,6,-29
1759485597.7676249,-1,0,-40
1759485597.8036249,0,-4,-36
1759485597.8406248,-4,0,-44
1759485597.8796248,5,0,-28
1759485597.9176247,0,-2,-38
1759485597.9536247,-3,-4,-29
1759485597.9916248,-3,2,-38
1759485598.0296247,-5,8,-34
1759485598.0686247,3,0,-33
1759485598.1046247,5,0,-31
1759485598.1426249,6,0,-41
1759485598.181625,1,0,-38
1759485598.2196248,-2,1,-33
1759485598.2556248,-6,-4,-34
1759485598.2936249,-4,-3,-41
1759485598.3326247,-5,-5,-37
1759485598.3696249,-1,0,-33
1759485598.408625,2,-2,-31
1759485598.4446247,6,2,-34
1759485598.4816248,4,4,-37
1759485598.5206249,-4,7,-38
1759485598.5586247,-2,0,-39
1759485598.5946248,1,-2,-35
1759485598.6336248,0,-4,-33
1759485598.6716247,-1,-8,-32
1759485598.7096248,-1,-6,-32
1759485598.7456248,-5,-4,-36
1759485598.783625,-2,6,-38
1759485598.8216248,0,1,-45
1759485598.8596249,3,-2,-37
1759485598.8986247,5,-5,-35
1759485598.9346247,0,2,-37
1759485598.9736247,-3,5,-43
1759485599.0116248,4,0,-30
1759485599.0496247,-1,-7,-37
1759485599.0856247,-5,0,-32
1759485599.1246247,-1,4,-35
1759485599.1616247,-9,-1,-24
1759485599.2006247,-9,-3,-34
1759485599.2386248,0,0,-39
1759485599.2746248,-4,0,-42
1759485599.3126247,-8,-4,-44
1759485599.3516247,0,0,-37
1759485599.3896248,1,0,-28
1759485599.4256248,-7,4,-43
1759485599.4636247,-4,2,-44
1759485599.5026248,-6,8,-45
1759485599.5406249,0,-4,-50
1759485599.5786247,-7,2,-48
1759485599.6146247,-1,-1,-40
1759485599.6526248,1,0,-36
1759485599.6916249,3,3,-34
1759485599.7296247,2,0,-46
1759485599.7656248,2,7,-44
1759485599.8026247,-4,-3,-37
1759485599.8406248,-4,4,-32
1759485599.8796248,0,-2,-41
1759485599.9156249,5,-1,-32
1759485599.954625,3,0,-30
1759485599.9926248,1,-2,-25
